>CATCTTGTTT	1-CATCTTGTTT	9.750484	-21.646445	0	T:30.0(30.61%),B:3430.6(8.54%),P:1e-9	Tpos:547.5,Tstd:263.7,Bpos:522.2,Bstd:306.3,StrandBias:1.6,Multiplicity:1.07
0.017	0.912	0.043	0.028
0.930	0.047	0.001	0.022
0.065	0.001	0.053	0.881
0.001	0.772	0.074	0.153
0.034	0.001	0.001	0.964
0.047	0.001	0.001	0.951
0.038	0.001	0.822	0.139
0.046	0.001	0.001	0.952
0.083	0.001	0.001	0.915
0.063	0.001	0.001	0.935
>CRTTTTTGTG	2-CRTTTTTGTG	9.419556	-20.580381	0	T:28.0(28.57%),B:3135.4(7.81%),P:1e-8	Tpos:529.5,Tstd:277.5,Bpos:499.8,Bstd:296.6,StrandBias:0.1,Multiplicity:1.18
0.015	0.983	0.001	0.001
0.513	0.001	0.485	0.001
0.060	0.001	0.001	0.938
0.131	0.064	0.101	0.704
0.100	0.001	0.118	0.781
0.041	0.067	0.025	0.867
0.029	0.084	0.133	0.754
0.001	0.402	0.596	0.001
0.001	0.024	0.001	0.974
0.001	0.001	0.984	0.014
>CCAGACAAGA	3-CCAGACAAGA	11.239258	-19.375226	0	T:8.0(8.16%),B:143.5(0.36%),P:1e-8	Tpos:525.6,Tstd:234.9,Bpos:458.0,Bstd:326.8,StrandBias:0.7,Multiplicity:1.00
0.001	0.997	0.001	0.001
0.001	0.997	0.001	0.001
0.859	0.139	0.001	0.001
0.001	0.119	0.879	0.001
0.849	0.001	0.149	0.001
0.001	0.997	0.001	0.001
0.997	0.001	0.001	0.001
0.851	0.147	0.001	0.001
0.001	0.001	0.997	0.001
0.997	0.001	0.001	0.001
>CATTATTTAG	4-CATTATTTAG	9.978639	-19.347781	0	T:19.0(19.39%),B:1496.2(3.73%),P:1e-8	Tpos:500.0,Tstd:293.8,Bpos:496.8,Bstd:307.8,StrandBias:0.2,Multiplicity:1.00
0.054	0.904	0.001	0.041
0.997	0.001	0.001	0.001
0.001	0.069	0.082	0.848
0.001	0.001	0.092	0.906
0.958	0.001	0.001	0.040
0.001	0.001	0.001	0.997
0.001	0.001	0.001	0.997
0.087	0.001	0.053	0.859
0.676	0.001	0.001	0.322
0.028	0.056	0.899	0.017
>TCGGGAATTC	5-TCGGGAATTC	9.751315	-19.115874	0	T:16.0(16.33%),B:1030.4(2.57%),P:1e-8	Tpos:461.7,Tstd:287.9,Bpos:475.1,Bstd:288.4,StrandBias:0.2,Multiplicity:1.06
0.088	0.001	0.063	0.848
0.081	0.917	0.001	0.001
0.059	0.001	0.898	0.042
0.001	0.001	0.997	0.001
0.171	0.068	0.673	0.088
0.997	0.001	0.001	0.001
0.872	0.001	0.126	0.001
0.001	0.001	0.001	0.997
0.001	0.001	0.001	0.997
0.001	0.865	0.084	0.050
>CTGAATCGTC	6-CTGAATCGTC	9.710606	-18.154983	0	T:13.0(13.27%),B:673.9(1.68%),P:1e-7	Tpos:531.8,Tstd:318.8,Bpos:476.7,Bstd:308.5,StrandBias:-0.2,Multiplicity:1.00
0.001	0.923	0.001	0.075
0.088	0.101	0.099	0.712
0.001	0.001	0.997	0.001
0.872	0.001	0.126	0.001
0.898	0.001	0.001	0.100
0.001	0.001	0.001	0.997
0.001	0.814	0.115	0.070
0.001	0.078	0.883	0.038
0.001	0.001	0.001	0.997
0.001	0.997	0.001	0.001
>AGCATGTCAT	7-AGCATGTCAT	10.363296	-17.652107	0	T:11.0(11.22%),B:458.8(1.14%),P:1e-7	Tpos:417.5,Tstd:278.7,Bpos:492.3,Bstd:301.7,StrandBias:1.4,Multiplicity:1.00
0.997	0.001	0.001	0.001
0.001	0.026	0.952	0.021
0.001	0.997	0.001	0.001
0.756	0.001	0.001	0.242
0.191	0.001	0.001	0.807
0.184	0.243	0.572	0.001
0.001	0.243	0.001	0.755
0.001	0.997	0.001	0.001
0.997	0.001	0.001	0.001
0.202	0.001	0.282	0.515
>CAAGAAAGCT	8-CAAGAAAGCT	9.612703	-17.252811	0	T:17.0(17.35%),B:1348.3(3.36%),P:1e-7	Tpos:427.3,Tstd:309.1,Bpos:488.3,Bstd:294.5,StrandBias:-0.3,Multiplicity:1.18
0.001	0.997	0.001	0.001
0.891	0.001	0.107	0.001
0.997	0.001	0.001	0.001
0.078	0.001	0.920	0.001
0.997	0.001	0.001	0.001
0.852	0.146	0.001	0.001
0.886	0.001	0.112	0.001
0.001	0.036	0.840	0.123
0.001	0.713	0.096	0.190
0.001	0.001	0.092	0.906
>TCACTTCCAT	9-TCACTTCCAT	9.442547	-13.926551	0	T:18.0(18.37%),B:1915.5(4.77%),P:1e-6	Tpos:511.1,Tstd:277.3,Bpos:512.9,Bstd:319.0,StrandBias:0.3,Multiplicity:1.11
0.001	0.001	0.001	0.997
0.001	0.580	0.001	0.418
0.590	0.173	0.001	0.236
0.102	0.860	0.037	0.001
0.001	0.001	0.001	0.997
0.001	0.173	0.001	0.825
0.001	0.997	0.001	0.001
0.001	0.807	0.108	0.084
0.640	0.001	0.259	0.100
0.001	0.001	0.242	0.756
>AATGCACTCA	10-AATGCACTCA	7.697931	-12.628662	0	T:22.0(22.45%),B:3028.1(7.54%),P:1e-5	Tpos:509.3,Tstd:265.9,Bpos:495.4,Bstd:309.2,StrandBias:0.6,Multiplicity:1.14
0.809	0.065	0.046	0.080
0.748	0.155	0.014	0.083
0.100	0.045	0.018	0.837
0.054	0.078	0.790	0.078
0.091	0.785	0.050	0.074
0.756	0.062	0.075	0.107
0.063	0.813	0.048	0.076
0.072	0.043	0.001	0.884
0.050	0.793	0.059	0.098
0.795	0.135	0.001	0.069
>GAGDGAAHGA	11-GAGDGAAHGA	7.455736	-11.474467	0	T:31.0(31.63%),B:5741.9(14.30%),P:1e-4	Tpos:550.0,Tstd:272.1,Bpos:528.4,Bstd:318.7,StrandBias:-0.6,Multiplicity:1.35
0.032	0.048	0.643	0.277
0.840	0.040	0.015	0.105
0.074	0.013	0.852	0.061
0.345	0.001	0.345	0.309
0.061	0.078	0.830	0.031
0.698	0.144	0.056	0.102
0.956	0.026	0.008	0.010
0.237	0.357	0.166	0.241
0.012	0.050	0.924	0.014
0.864	0.044	0.023	0.069
>GGCCGAGTTT	12-GGCCGAGTTT	11.157642	-5.868470	0	T:5.0(5.10%),B:389.2(0.97%),P:1e-2	Tpos:567.0,Tstd:247.5,Bpos:507.7,Bstd:266.2,StrandBias:-1.1,Multiplicity:3.20
0.001	0.001	0.997	0.001
0.070	0.001	0.928	0.001
0.001	0.997	0.001	0.001
0.001	0.997	0.001	0.001
0.001	0.088	0.793	0.118
0.997	0.001	0.001	0.001
0.162	0.001	0.836	0.001
0.001	0.001	0.001	0.997
0.001	0.001	0.001	0.997
0.001	0.001	0.001	0.997
