>TCACTTCC	1-TCACTTCC	9.252988	-13.048978	0	T:21.0(21.43%),B:2713.4(6.76%),P:1e-5	Tpos:514.6,Tstd:274.2,Bpos:502.0,Bstd:312.3,StrandBias:0.4,Multiplicity:1.00
0.001	0.001	0.001	0.997
0.001	0.997	0.001	0.001
0.706	0.001	0.292	0.001
0.001	0.997	0.001	0.001
0.391	0.001	0.001	0.607
0.001	0.001	0.001	0.997
0.001	0.997	0.001	0.001
0.086	0.912	0.001	0.001
>AATAATAG	2-AATAATAG	9.090186	-12.006072	0	T:32.0(32.65%),B:5888.3(14.66%),P:1e-5	Tpos:534.1,Tstd:333.0,Bpos:511.5,Bstd:309.8,StrandBias:-0.2,Multiplicity:1.12
0.816	0.001	0.001	0.182
0.997	0.001	0.001	0.001
0.001	0.001	0.001	0.997
0.997	0.001	0.001	0.001
0.997	0.001	0.001	0.001
0.001	0.001	0.001	0.997
0.757	0.001	0.241	0.001
0.001	0.001	0.997	0.001
>AAGGAACG	3-AAGGAACG	8.103333	-11.524774	0	T:13.0(13.27%),B:1225.8(3.05%),P:1e-5	Tpos:406.7,Tstd:262.2,Bpos:490.7,Bstd:314.0,StrandBias:-0.2,Multiplicity:1.15
0.667	0.255	0.001	0.077
0.629	0.103	0.267	0.001
0.001	0.001	0.806	0.192
0.135	0.001	0.863	0.001
0.931	0.001	0.001	0.067
0.786	0.196	0.017	0.001
0.001	0.785	0.001	0.213
0.156	0.056	0.787	0.001
>GKCCRAGT	4-GKCCRAGT	6.932844	-10.432431	0	T:28.0(28.57%),B:5154.4(12.84%),P:1e-4	Tpos:532.0,Tstd:296.3,Bpos:492.3,Bstd:301.4,StrandBias:-0.5,Multiplicity:1.54
0.001	0.201	0.797	0.001
0.089	0.001	0.446	0.464
0.001	0.997	0.001	0.001
0.001	0.608	0.390	0.001
0.332	0.016	0.426	0.226
0.667	0.331	0.001	0.001
0.336	0.055	0.608	0.001
0.001	0.001	0.151	0.847
>TGTGTATA	5-TGTGTATA	8.236954	-9.764738	0	T:13.0(13.27%),B:1454.6(3.62%),P:1e-4	Tpos:545.3,Tstd:302.6,Bpos:529.8,Bstd:312.0,StrandBias:0.2,Multiplicity:1.00
0.100	0.100	0.100	0.700
0.100	0.100	0.700	0.100
0.100	0.100	0.100	0.700
0.100	0.100	0.700	0.100
0.100	0.100	0.100	0.700
0.700	0.100	0.100	0.100
0.100	0.100	0.100	0.700
0.700	0.100	0.100	0.100
