>CATCTTGTTT	1-CATCTTGTTT	9.750484	-21.646445	0	T:30.0(30.61%),B:3430.6(8.54%),P:1e-9	Tpos:547.5,Tstd:263.7,Bpos:522.2,Bstd:306.3,StrandBias:1.6,Multiplicity:1.07
0.017	0.912	0.043	0.028
0.930	0.047	0.001	0.022
0.065	0.001	0.053	0.881
0.001	0.772	0.074	0.153
0.034	0.001	0.001	0.964
0.047	0.001	0.001	0.951
0.038	0.001	0.822	0.139
0.046	0.001	0.001	0.952
0.083	0.001	0.001	0.915
0.063	0.001	0.001	0.935
>CRTTTTTGTG	2-CRTTTTTGTG	9.419556	-20.580381	0	T:28.0(28.57%),B:3135.4(7.81%),P:1e-8	Tpos:529.5,Tstd:277.5,Bpos:499.8,Bstd:296.6,StrandBias:0.1,Multiplicity:1.18
0.015	0.983	0.001	0.001
0.513	0.001	0.485	0.001
0.060	0.001	0.001	0.938
0.131	0.064	0.101	0.704
0.100	0.001	0.118	0.781
0.041	0.067	0.025	0.867
0.029	0.084	0.133	0.754
0.001	0.402	0.596	0.001
0.001	0.024	0.001	0.974
0.001	0.001	0.984	0.014
>CCAGACAAGA	3-CCAGACAAGA	11.239258	-19.375226	0	T:8.0(8.16%),B:143.5(0.36%),P:1e-8	Tpos:525.6,Tstd:234.9,Bpos:458.0,Bstd:326.8,StrandBias:0.7,Multiplicity:1.00
0.001	0.997	0.001	0.001
0.001	0.997	0.001	0.001
0.859	0.139	0.001	0.001
0.001	0.119	0.879	0.001
0.849	0.001	0.149	0.001
0.001	0.997	0.001	0.001
0.997	0.001	0.001	0.001
0.851	0.147	0.001	0.001
0.001	0.001	0.997	0.001
0.997	0.001	0.001	0.001
>CATTATTTAG	4-CATTATTTAG	9.978639	-19.347781	0	T:19.0(19.39%),B:1496.2(3.73%),P:1e-8	Tpos:500.0,Tstd:293.8,Bpos:496.8,Bstd:307.8,StrandBias:0.2,Multiplicity:1.00
0.054	0.904	0.001	0.041
0.997	0.001	0.001	0.001
0.001	0.069	0.082	0.848
0.001	0.001	0.092	0.906
0.958	0.001	0.001	0.040
0.001	0.001	0.001	0.997
0.001	0.001	0.001	0.997
0.087	0.001	0.053	0.859
0.676	0.001	0.001	0.322
0.028	0.056	0.899	0.017
>TCGGGAATTC	5-TCGGGAATTC	9.751315	-19.115874	0	T:16.0(16.33%),B:1030.4(2.57%),P:1e-8	Tpos:461.7,Tstd:287.9,Bpos:475.1,Bstd:288.4,StrandBias:0.2,Multiplicity:1.06
0.088	0.001	0.063	0.848
0.081	0.917	0.001	0.001
0.059	0.001	0.898	0.042
0.001	0.001	0.997	0.001
0.171	0.068	0.673	0.088
0.997	0.001	0.001	0.001
0.872	0.001	0.126	0.001
0.001	0.001	0.001	0.997
0.001	0.001	0.001	0.997
0.001	0.865	0.084	0.050
>CTGAATCGTC	6-CTGAATCGTC	9.710606	-18.154983	0	T:13.0(13.27%),B:673.9(1.68%),P:1e-7	Tpos:531.8,Tstd:318.8,Bpos:476.7,Bstd:308.5,StrandBias:-0.2,Multiplicity:1.00
0.001	0.923	0.001	0.075
0.088	0.101	0.099	0.712
0.001	0.001	0.997	0.001
0.872	0.001	0.126	0.001
0.898	0.001	0.001	0.100
0.001	0.001	0.001	0.997
0.001	0.814	0.115	0.070
0.001	0.078	0.883	0.038
0.001	0.001	0.001	0.997
0.001	0.997	0.001	0.001
>AGCATGTCAT	7-AGCATGTCAT	10.363296	-17.652107	0	T:11.0(11.22%),B:458.8(1.14%),P:1e-7	Tpos:417.5,Tstd:278.7,Bpos:492.3,Bstd:301.7,StrandBias:1.4,Multiplicity:1.00
0.997	0.001	0.001	0.001
0.001	0.026	0.952	0.021
0.001	0.997	0.001	0.001
0.756	0.001	0.001	0.242
0.191	0.001	0.001	0.807
0.184	0.243	0.572	0.001
0.001	0.243	0.001	0.755
0.001	0.997	0.001	0.001
0.997	0.001	0.001	0.001
0.202	0.001	0.282	0.515
>CAAGAAAGCT	8-CAAGAAAGCT	9.612703	-17.252811	0	T:17.0(17.35%),B:1348.3(3.36%),P:1e-7	Tpos:427.3,Tstd:309.1,Bpos:488.3,Bstd:294.5,StrandBias:-0.3,Multiplicity:1.18
0.001	0.997	0.001	0.001
0.891	0.001	0.107	0.001
0.997	0.001	0.001	0.001
0.078	0.001	0.920	0.001
0.997	0.001	0.001	0.001
0.852	0.146	0.001	0.001
0.886	0.001	0.112	0.001
0.001	0.036	0.840	0.123
0.001	0.713	0.096	0.190
0.001	0.001	0.092	0.906
>TCACTTCCAT	9-TCACTTCCAT	9.442547	-13.926551	0	T:18.0(18.37%),B:1915.5(4.77%),P:1e-6	Tpos:511.1,Tstd:277.3,Bpos:512.9,Bstd:319.0,StrandBias:0.3,Multiplicity:1.11
0.001	0.001	0.001	0.997
0.001	0.580	0.001	0.418
0.590	0.173	0.001	0.236
0.102	0.860	0.037	0.001
0.001	0.001	0.001	0.997
0.001	0.173	0.001	0.825
0.001	0.997	0.001	0.001
0.001	0.807	0.108	0.084
0.640	0.001	0.259	0.100
0.001	0.001	0.242	0.756
>AATGCACTCA	10-AATGCACTCA	7.697931	-12.628662	0	T:22.0(22.45%),B:3028.1(7.54%),P:1e-5	Tpos:509.3,Tstd:265.9,Bpos:495.4,Bstd:309.2,StrandBias:0.6,Multiplicity:1.14
0.809	0.065	0.046	0.080
0.748	0.155	0.014	0.083
0.100	0.045	0.018	0.837
0.054	0.078	0.790	0.078
0.091	0.785	0.050	0.074
0.756	0.062	0.075	0.107
0.063	0.813	0.048	0.076
0.072	0.043	0.001	0.884
0.050	0.793	0.059	0.098
0.795	0.135	0.001	0.069
>GAGDGAAHGA	11-GAGDGAAHGA	7.455736	-11.474467	0	T:31.0(31.63%),B:5741.9(14.30%),P:1e-4	Tpos:550.0,Tstd:272.1,Bpos:528.4,Bstd:318.7,StrandBias:-0.6,Multiplicity:1.35
0.032	0.048	0.643	0.277
0.840	0.040	0.015	0.105
0.074	0.013	0.852	0.061
0.345	0.001	0.345	0.309
0.061	0.078	0.830	0.031
0.698	0.144	0.056	0.102
0.956	0.026	0.008	0.010
0.237	0.357	0.166	0.241
0.012	0.050	0.924	0.014
0.864	0.044	0.023	0.069
>GGCCGAGTTT	12-GGCCGAGTTT	11.157642	-5.868470	0	T:5.0(5.10%),B:389.2(0.97%),P:1e-2	Tpos:567.0,Tstd:247.5,Bpos:507.7,Bstd:266.2,StrandBias:-1.1,Multiplicity:3.20
0.001	0.001	0.997	0.001
0.070	0.001	0.928	0.001
0.001	0.997	0.001	0.001
0.001	0.997	0.001	0.001
0.001	0.088	0.793	0.118
0.997	0.001	0.001	0.001
0.162	0.001	0.836	0.001
0.001	0.001	0.001	0.997
0.001	0.001	0.001	0.997
0.001	0.001	0.001	0.997
>CTTCMCGGTACT	1-CTTCMCGGTACT	14.535884	-25.364308	0	T:5.0(5.10%),B:4.9(0.01%),P:1e-11	Tpos:343.0,Tstd:279.7,Bpos:521.0,Bstd:86.5,StrandBias:0.6,Multiplicity:1.00
0.001	0.997	0.001	0.001
0.001	0.001	0.001	0.997
0.001	0.001	0.001	0.997
0.001	0.997	0.001	0.001
0.395	0.395	0.001	0.209
0.001	0.604	0.001	0.394
0.001	0.001	0.997	0.001
0.001	0.001	0.997	0.001
0.001	0.001	0.001	0.997
0.997	0.001	0.001	0.001
0.001	0.997	0.001	0.001
0.001	0.001	0.001	0.997
>ATCTCTTGCCCA	2-ATCTCTTGCCCA	11.398529	-25.020230	0	T:8.0(8.16%),B:67.5(0.17%),P:1e-10	Tpos:585.9,Tstd:314.2,Bpos:467.8,Bstd:294.1,StrandBias:-0.7,Multiplicity:1.00
0.735	0.001	0.140	0.124
0.139	0.001	0.001	0.859
0.264	0.734	0.001	0.001
0.001	0.001	0.001	0.997
0.001	0.997	0.001	0.001
0.001	0.139	0.001	0.859
0.001	0.001	0.001	0.997
0.001	0.001	0.997	0.001
0.001	0.997	0.001	0.001
0.001	0.610	0.388	0.001
0.001	0.997	0.001	0.001
0.615	0.001	0.001	0.383
>CCGTTTTTATTA	3-CCGTTTTTATTA	10.839481	-24.719005	0	T:21.0(21.43%),B:1373.7(3.42%),P:1e-10	Tpos:532.8,Tstd:254.3,Bpos:519.3,Bstd:307.8,StrandBias:0.1,Multiplicity:1.10
0.228	0.602	0.067	0.103
0.050	0.851	0.043	0.056
0.186	0.036	0.777	0.001
0.060	0.001	0.115	0.824
0.001	0.053	0.001	0.945
0.001	0.001	0.043	0.955
0.001	0.065	0.070	0.864
0.044	0.058	0.001	0.897
0.764	0.036	0.046	0.154
0.073	0.001	0.001	0.925
0.038	0.083	0.001	0.878
0.730	0.020	0.153	0.097
>CTAAWAATAGTC	4-CTAAWAATAGTC	11.565949	-23.687653	0	T:15.0(15.31%),B:628.3(1.56%),P:1e-10	Tpos:488.9,Tstd:283.8,Bpos:525.9,Bstd:289.1,StrandBias:-0.4,Multiplicity:1.07
0.135	0.582	0.282	0.001
0.001	0.170	0.001	0.828
0.997	0.001	0.001	0.001
0.997	0.001	0.001	0.001
0.547	0.001	0.001	0.451
0.997	0.001	0.001	0.001
0.997	0.001	0.001	0.001
0.001	0.001	0.001	0.997
0.864	0.001	0.001	0.134
0.001	0.135	0.728	0.136
0.233	0.001	0.001	0.765
0.001	0.712	0.126	0.161
>TCATTTTTGTGA	5-TCATTTTTGTGA	12.465517	-22.993348	0	T:15.0(15.31%),B:661.3(1.65%),P:1e-9	Tpos:352.1,Tstd:188.9,Bpos:541.5,Bstd:294.5,StrandBias:0.0,Multiplicity:1.07
0.055	0.089	0.001	0.855
0.001	0.944	0.001	0.054
0.879	0.001	0.119	0.001
0.001	0.001	0.001	0.997
0.001	0.001	0.001	0.997
0.001	0.001	0.130	0.868
0.001	0.001	0.001	0.997
0.001	0.001	0.001	0.997
0.001	0.041	0.957	0.001
0.001	0.001	0.106	0.892
0.065	0.066	0.868	0.001
0.800	0.088	0.111	0.001
>CGTYTCCMKTMG	6-CGTYTCCMKTMG	10.140706	-21.839640	0	T:6.0(6.12%),B:30.1(0.07%),P:1e-9	Tpos:476.5,Tstd:199.1,Bpos:490.7,Bstd:319.1,StrandBias:-2.3,Multiplicity:1.00
0.001	0.979	0.001	0.019
0.001	0.001	0.979	0.019
0.001	0.001	0.001	0.997
0.001	0.568	0.001	0.430
0.001	0.001	0.001	0.997
0.001	0.997	0.001	0.001
0.001	0.979	0.001	0.019
0.568	0.430	0.001	0.001
0.001	0.001	0.511	0.487
0.001	0.001	0.001	0.997
0.487	0.511	0.001	0.001
0.001	0.001	0.997	0.001
>ATATTCTTCCTT	7-ATATTCTTCCTT	13.086546	-20.905647	0	T:9.0(9.18%),B:176.9(0.44%),P:1e-9	Tpos:407.6,Tstd:287.2,Bpos:438.7,Bstd:283.1,StrandBias:0.3,Multiplicity:1.00
0.891	0.001	0.001	0.107
0.001	0.001	0.001	0.997
0.869	0.001	0.129	0.001
0.123	0.001	0.001	0.875
0.001	0.190	0.001	0.808
0.001	0.997	0.001	0.001
0.190	0.001	0.001	0.808
0.001	0.001	0.001	0.997
0.001	0.904	0.001	0.094
0.001	0.925	0.001	0.073
0.001	0.001	0.001	0.997
0.001	0.001	0.001	0.997
>TCATATTGTTTC	8-TCATATTGTTTC	13.226367	-20.566959	0	T:10.0(10.20%),B:257.6(0.64%),P:1e-8	Tpos:529.0,Tstd:181.9,Bpos:545.9,Bstd:298.1,StrandBias:1.2,Multiplicity:1.00
0.001	0.001	0.001	0.997
0.001	0.911	0.001	0.087
0.895	0.001	0.001	0.103
0.075	0.001	0.100	0.824
0.881	0.001	0.117	0.001
0.001	0.001	0.129	0.869
0.001	0.001	0.001	0.997
0.001	0.001	0.941	0.057
0.110	0.127	0.001	0.762
0.001	0.001	0.001	0.997
0.001	0.001	0.001	0.997
0.001	0.997	0.001	0.001
>AGAAGGCGTSGT	9-AGAAGGCGTSGT	8.315962	-19.294400	0	T:19.0(19.39%),B:1501.8(3.74%),P:1e-8	Tpos:494.9,Tstd:313.6,Bpos:539.5,Bstd:315.0,StrandBias:0.4,Multiplicity:1.11
0.880	0.001	0.001	0.118
0.001	0.072	0.763	0.164
0.997	0.001	0.001	0.001
0.784	0.060	0.155	0.001
0.001	0.082	0.728	0.189
0.001	0.001	0.997	0.001
0.113	0.558	0.317	0.012
0.113	0.067	0.677	0.143
0.001	0.134	0.270	0.595
0.110	0.349	0.459	0.082
0.303	0.001	0.624	0.072
0.056	0.060	0.001	0.883
>AACTCTTGTGTA	10-AACTCTTGTGTA	10.479754	-19.256147	0	T:13.0(13.27%),B:612.1(1.52%),P:1e-8	Tpos:591.1,Tstd:252.4,Bpos:493.8,Bstd:316.1,StrandBias:-0.8,Multiplicity:1.08
0.769	0.107	0.001	0.123
0.859	0.139	0.001	0.001
0.001	0.875	0.001	0.123
0.001	0.001	0.001	0.997
0.234	0.575	0.124	0.067
0.001	0.004	0.001	0.994
0.001	0.123	0.091	0.785
0.001	0.077	0.853	0.069
0.001	0.001	0.139	0.859
0.001	0.067	0.928	0.004
0.164	0.123	0.001	0.712
0.815	0.001	0.123	0.061
>CTTCCGCTTTAG	11-CTTCCGCTTTAG	10.982449	-17.667198	0	T:10.0(10.20%),B:352.6(0.88%),P:1e-7	Tpos:580.0,Tstd:292.5,Bpos:532.8,Bstd:314.6,StrandBias:0.3,Multiplicity:1.10
0.035	0.759	0.001	0.205
0.001	0.001	0.001	0.997
0.001	0.001	0.001	0.997
0.035	0.557	0.001	0.407
0.001	0.796	0.023	0.180
0.051	0.379	0.569	0.001
0.405	0.593	0.001	0.001
0.177	0.001	0.001	0.821
0.387	0.001	0.001	0.611
0.001	0.001	0.001	0.997
0.758	0.001	0.001	0.240
0.001	0.023	0.597	0.379
>ACGCGAATCTTG	12-ACGCGAATCTTG	14.000736	-15.269374	0	T:4.0(4.08%),B:18.6(0.05%),P:1e-6	Tpos:367.2,Tstd:181.2,Bpos:350.0,Bstd:239.0,StrandBias:0.6,Multiplicity:1.25
0.783	0.001	0.001	0.215
0.215	0.783	0.001	0.001
0.001	0.001	0.997	0.001
0.001	0.997	0.001	0.001
0.001	0.001	0.997	0.001
0.997	0.001	0.001	0.001
0.997	0.001	0.001	0.001
0.001	0.001	0.001	0.997
0.001	0.848	0.001	0.150
0.001	0.001	0.001	0.997
0.001	0.001	0.001	0.997
0.001	0.001	0.799	0.199
>ATTCAGTTTGGT	13-ATTCAGTTTGGT	10.551073	-13.977932	0	T:11.0(11.22%),B:667.5(1.66%),P:1e-6	Tpos:524.1,Tstd:307.8,Bpos:519.4,Bstd:315.2,StrandBias:0.0,Multiplicity:1.09
0.854	0.001	0.097	0.048
0.001	0.001	0.001	0.997
0.160	0.097	0.001	0.742
0.097	0.842	0.001	0.060
0.588	0.151	0.260	0.001
0.066	0.001	0.760	0.173
0.173	0.001	0.001	0.825
0.001	0.001	0.073	0.925
0.001	0.073	0.001	0.925
0.005	0.001	0.920	0.074
0.066	0.090	0.770	0.074
0.001	0.122	0.001	0.876
>TCAATTTAAATT	14-TCAATTTAAATT	13.178763	-13.946819	0	T:12.0(12.24%),B:818.0(2.04%),P:1e-6	Tpos:737.4,Tstd:237.2,Bpos:516.5,Bstd:314.0,StrandBias:0.7,Multiplicity:1.00
0.001	0.001	0.001	0.997
0.088	0.910	0.001	0.001
0.997	0.001	0.001	0.001
0.997	0.001	0.001	0.001
0.296	0.001	0.001	0.702
0.001	0.001	0.001	0.997
0.105	0.001	0.001	0.893
0.588	0.001	0.001	0.410
0.997	0.001	0.001	0.001
0.997	0.001	0.001	0.001
0.096	0.001	0.001	0.902
0.001	0.001	0.001	0.997
>CAAAATGCATTT	15-CAAAATGCATTT	12.762944	-13.815435	0	T:8.0(8.16%),B:303.7(0.76%),P:1e-5	Tpos:411.1,Tstd:303.2,Bpos:501.0,Bstd:295.6,StrandBias:0.8,Multiplicity:1.12
0.035	0.807	0.001	0.157
0.746	0.001	0.112	0.141
0.997	0.001	0.001	0.001
0.997	0.001	0.001	0.001
0.877	0.001	0.121	0.001
0.001	0.001	0.001	0.997
0.056	0.001	0.942	0.001
0.001	0.997	0.001	0.001
0.997	0.001	0.001	0.001
0.082	0.112	0.001	0.805
0.108	0.001	0.001	0.890
0.001	0.001	0.001	0.997
>AATATTTCTACA	16-AATATTTCTACA	12.735079	-12.379684	0	T:9.0(9.18%),B:496.2(1.24%),P:1e-5	Tpos:619.3,Tstd:295.9,Bpos:519.6,Bstd:303.3,StrandBias:-0.3,Multiplicity:1.22
0.997	0.001	0.001	0.001
0.997	0.001	0.001	0.001
0.046	0.056	0.001	0.897
0.937	0.001	0.001	0.061
0.087	0.001	0.001	0.911
0.116	0.001	0.001	0.882
0.001	0.001	0.001	0.997
0.122	0.582	0.139	0.157
0.056	0.001	0.001	0.942
0.707	0.001	0.225	0.067
0.118	0.833	0.048	0.001
0.988	0.010	0.001	0.001
>ATGGCCGAGTTT	17-ATGGCCGAGTTT	11.019009	-9.856245	0	T:8.0(8.16%),B:529.8(1.32%),P:1e-4	Tpos:534.7,Tstd:284.7,Bpos:498.1,Bstd:274.4,StrandBias:-1.0,Multiplicity:2.62
0.607	0.001	0.261	0.131
0.001	0.181	0.001	0.817
0.001	0.001	0.822	0.176
0.121	0.001	0.760	0.118
0.001	0.997	0.001	0.001
0.117	0.881	0.001	0.001
0.001	0.118	0.633	0.248
0.997	0.001	0.001	0.001
0.309	0.001	0.689	0.001
0.001	0.001	0.176	0.822
0.001	0.001	0.001	0.997
0.001	0.001	0.001	0.997
>ACACACACACAC	18-ACACACACACAC	8.435039	-7.523132	0	T:13.0(13.27%),B:1833.4(4.57%),P:1e-3	Tpos:635.7,Tstd:306.5,Bpos:523.7,Bstd:323.1,StrandBias:0.2,Multiplicity:1.00
0.777	0.221	0.001	0.001
0.008	0.807	0.184	0.001
0.997	0.001	0.001	0.001
0.184	0.516	0.222	0.078
0.997	0.001	0.001	0.001
0.001	0.997	0.001	0.001
0.526	0.001	0.251	0.222
0.001	0.741	0.001	0.257
0.997	0.001	0.001	0.001
0.009	0.983	0.001	0.007
0.777	0.221	0.001	0.001
0.001	0.916	0.001	0.082
>TCACTTCC	1-TCACTTCC	9.252988	-13.048978	0	T:21.0(21.43%),B:2713.4(6.76%),P:1e-5	Tpos:514.6,Tstd:274.2,Bpos:502.0,Bstd:312.3,StrandBias:0.4,Multiplicity:1.00
0.001	0.001	0.001	0.997
0.001	0.997	0.001	0.001
0.706	0.001	0.292	0.001
0.001	0.997	0.001	0.001
0.391	0.001	0.001	0.607
0.001	0.001	0.001	0.997
0.001	0.997	0.001	0.001
0.086	0.912	0.001	0.001
>AATAATAG	2-AATAATAG	9.090186	-12.006072	0	T:32.0(32.65%),B:5888.3(14.66%),P:1e-5	Tpos:534.1,Tstd:333.0,Bpos:511.5,Bstd:309.8,StrandBias:-0.2,Multiplicity:1.12
0.816	0.001	0.001	0.182
0.997	0.001	0.001	0.001
0.001	0.001	0.001	0.997
0.997	0.001	0.001	0.001
0.997	0.001	0.001	0.001
0.001	0.001	0.001	0.997
0.757	0.001	0.241	0.001
0.001	0.001	0.997	0.001
>AAGGAACG	3-AAGGAACG	8.103333	-11.524774	0	T:13.0(13.27%),B:1225.8(3.05%),P:1e-5	Tpos:406.7,Tstd:262.2,Bpos:490.7,Bstd:314.0,StrandBias:-0.2,Multiplicity:1.15
0.667	0.255	0.001	0.077
0.629	0.103	0.267	0.001
0.001	0.001	0.806	0.192
0.135	0.001	0.863	0.001
0.931	0.001	0.001	0.067
0.786	0.196	0.017	0.001
0.001	0.785	0.001	0.213
0.156	0.056	0.787	0.001
>GKCCRAGT	4-GKCCRAGT	6.932844	-10.432431	0	T:28.0(28.57%),B:5154.4(12.84%),P:1e-4	Tpos:532.0,Tstd:296.3,Bpos:492.3,Bstd:301.4,StrandBias:-0.5,Multiplicity:1.54
0.001	0.201	0.797	0.001
0.089	0.001	0.446	0.464
0.001	0.997	0.001	0.001
0.001	0.608	0.390	0.001
0.332	0.016	0.426	0.226
0.667	0.331	0.001	0.001
0.336	0.055	0.608	0.001
0.001	0.001	0.151	0.847
>TGTGTATA	5-TGTGTATA	8.236954	-9.764738	0	T:13.0(13.27%),B:1454.6(3.62%),P:1e-4	Tpos:545.3,Tstd:302.6,Bpos:529.8,Bstd:312.0,StrandBias:0.2,Multiplicity:1.00
0.100	0.100	0.100	0.700
0.100	0.100	0.700	0.100
0.100	0.100	0.100	0.700
0.100	0.100	0.700	0.100
0.100	0.100	0.100	0.700
0.700	0.100	0.100	0.100
0.100	0.100	0.100	0.700
0.700	0.100	0.100	0.100
