>CTTCMCGGTACT	1-CTTCMCGGTACT	14.535884	-25.364308	0	T:5.0(5.10%),B:4.9(0.01%),P:1e-11	Tpos:343.0,Tstd:279.7,Bpos:521.0,Bstd:86.5,StrandBias:0.6,Multiplicity:1.00
0.001	0.997	0.001	0.001
0.001	0.001	0.001	0.997
0.001	0.001	0.001	0.997
0.001	0.997	0.001	0.001
0.395	0.395	0.001	0.209
0.001	0.604	0.001	0.394
0.001	0.001	0.997	0.001
0.001	0.001	0.997	0.001
0.001	0.001	0.001	0.997
0.997	0.001	0.001	0.001
0.001	0.997	0.001	0.001
0.001	0.001	0.001	0.997
>ATCTCTTGCCCA	2-ATCTCTTGCCCA	11.398529	-25.020230	0	T:8.0(8.16%),B:67.5(0.17%),P:1e-10	Tpos:585.9,Tstd:314.2,Bpos:467.8,Bstd:294.1,StrandBias:-0.7,Multiplicity:1.00
0.735	0.001	0.140	0.124
0.139	0.001	0.001	0.859
0.264	0.734	0.001	0.001
0.001	0.001	0.001	0.997
0.001	0.997	0.001	0.001
0.001	0.139	0.001	0.859
0.001	0.001	0.001	0.997
0.001	0.001	0.997	0.001
0.001	0.997	0.001	0.001
0.001	0.610	0.388	0.001
0.001	0.997	0.001	0.001
0.615	0.001	0.001	0.383
>CCGTTTTTATTA	3-CCGTTTTTATTA	10.839481	-24.719005	0	T:21.0(21.43%),B:1373.7(3.42%),P:1e-10	Tpos:532.8,Tstd:254.3,Bpos:519.3,Bstd:307.8,StrandBias:0.1,Multiplicity:1.10
0.228	0.602	0.067	0.103
0.050	0.851	0.043	0.056
0.186	0.036	0.777	0.001
0.060	0.001	0.115	0.824
0.001	0.053	0.001	0.945
0.001	0.001	0.043	0.955
0.001	0.065	0.070	0.864
0.044	0.058	0.001	0.897
0.764	0.036	0.046	0.154
0.073	0.001	0.001	0.925
0.038	0.083	0.001	0.878
0.730	0.020	0.153	0.097
>CTAAWAATAGTC	4-CTAAWAATAGTC	11.565949	-23.687653	0	T:15.0(15.31%),B:628.3(1.56%),P:1e-10	Tpos:488.9,Tstd:283.8,Bpos:525.9,Bstd:289.1,StrandBias:-0.4,Multiplicity:1.07
0.135	0.582	0.282	0.001
0.001	0.170	0.001	0.828
0.997	0.001	0.001	0.001
0.997	0.001	0.001	0.001
0.547	0.001	0.001	0.451
0.997	0.001	0.001	0.001
0.997	0.001	0.001	0.001
0.001	0.001	0.001	0.997
0.864	0.001	0.001	0.134
0.001	0.135	0.728	0.136
0.233	0.001	0.001	0.765
0.001	0.712	0.126	0.161
>TCATTTTTGTGA	5-TCATTTTTGTGA	12.465517	-22.993348	0	T:15.0(15.31%),B:661.3(1.65%),P:1e-9	Tpos:352.1,Tstd:188.9,Bpos:541.5,Bstd:294.5,StrandBias:0.0,Multiplicity:1.07
0.055	0.089	0.001	0.855
0.001	0.944	0.001	0.054
0.879	0.001	0.119	0.001
0.001	0.001	0.001	0.997
0.001	0.001	0.001	0.997
0.001	0.001	0.130	0.868
0.001	0.001	0.001	0.997
0.001	0.001	0.001	0.997
0.001	0.041	0.957	0.001
0.001	0.001	0.106	0.892
0.065	0.066	0.868	0.001
0.800	0.088	0.111	0.001
>CGTYTCCMKTMG	6-CGTYTCCMKTMG	10.140706	-21.839640	0	T:6.0(6.12%),B:30.1(0.07%),P:1e-9	Tpos:476.5,Tstd:199.1,Bpos:490.7,Bstd:319.1,StrandBias:-2.3,Multiplicity:1.00
0.001	0.979	0.001	0.019
0.001	0.001	0.979	0.019
0.001	0.001	0.001	0.997
0.001	0.568	0.001	0.430
0.001	0.001	0.001	0.997
0.001	0.997	0.001	0.001
0.001	0.979	0.001	0.019
0.568	0.430	0.001	0.001
0.001	0.001	0.511	0.487
0.001	0.001	0.001	0.997
0.487	0.511	0.001	0.001
0.001	0.001	0.997	0.001
>ATATTCTTCCTT	7-ATATTCTTCCTT	13.086546	-20.905647	0	T:9.0(9.18%),B:176.9(0.44%),P:1e-9	Tpos:407.6,Tstd:287.2,Bpos:438.7,Bstd:283.1,StrandBias:0.3,Multiplicity:1.00
0.891	0.001	0.001	0.107
0.001	0.001	0.001	0.997
0.869	0.001	0.129	0.001
0.123	0.001	0.001	0.875
0.001	0.190	0.001	0.808
0.001	0.997	0.001	0.001
0.190	0.001	0.001	0.808
0.001	0.001	0.001	0.997
0.001	0.904	0.001	0.094
0.001	0.925	0.001	0.073
0.001	0.001	0.001	0.997
0.001	0.001	0.001	0.997
>TCATATTGTTTC	8-TCATATTGTTTC	13.226367	-20.566959	0	T:10.0(10.20%),B:257.6(0.64%),P:1e-8	Tpos:529.0,Tstd:181.9,Bpos:545.9,Bstd:298.1,StrandBias:1.2,Multiplicity:1.00
0.001	0.001	0.001	0.997
0.001	0.911	0.001	0.087
0.895	0.001	0.001	0.103
0.075	0.001	0.100	0.824
0.881	0.001	0.117	0.001
0.001	0.001	0.129	0.869
0.001	0.001	0.001	0.997
0.001	0.001	0.941	0.057
0.110	0.127	0.001	0.762
0.001	0.001	0.001	0.997
0.001	0.001	0.001	0.997
0.001	0.997	0.001	0.001
>AGAAGGCGTSGT	9-AGAAGGCGTSGT	8.315962	-19.294400	0	T:19.0(19.39%),B:1501.8(3.74%),P:1e-8	Tpos:494.9,Tstd:313.6,Bpos:539.5,Bstd:315.0,StrandBias:0.4,Multiplicity:1.11
0.880	0.001	0.001	0.118
0.001	0.072	0.763	0.164
0.997	0.001	0.001	0.001
0.784	0.060	0.155	0.001
0.001	0.082	0.728	0.189
0.001	0.001	0.997	0.001
0.113	0.558	0.317	0.012
0.113	0.067	0.677	0.143
0.001	0.134	0.270	0.595
0.110	0.349	0.459	0.082
0.303	0.001	0.624	0.072
0.056	0.060	0.001	0.883
>AACTCTTGTGTA	10-AACTCTTGTGTA	10.479754	-19.256147	0	T:13.0(13.27%),B:612.1(1.52%),P:1e-8	Tpos:591.1,Tstd:252.4,Bpos:493.8,Bstd:316.1,StrandBias:-0.8,Multiplicity:1.08
0.769	0.107	0.001	0.123
0.859	0.139	0.001	0.001
0.001	0.875	0.001	0.123
0.001	0.001	0.001	0.997
0.234	0.575	0.124	0.067
0.001	0.004	0.001	0.994
0.001	0.123	0.091	0.785
0.001	0.077	0.853	0.069
0.001	0.001	0.139	0.859
0.001	0.067	0.928	0.004
0.164	0.123	0.001	0.712
0.815	0.001	0.123	0.061
>CTTCCGCTTTAG	11-CTTCCGCTTTAG	10.982449	-17.667198	0	T:10.0(10.20%),B:352.6(0.88%),P:1e-7	Tpos:580.0,Tstd:292.5,Bpos:532.8,Bstd:314.6,StrandBias:0.3,Multiplicity:1.10
0.035	0.759	0.001	0.205
0.001	0.001	0.001	0.997
0.001	0.001	0.001	0.997
0.035	0.557	0.001	0.407
0.001	0.796	0.023	0.180
0.051	0.379	0.569	0.001
0.405	0.593	0.001	0.001
0.177	0.001	0.001	0.821
0.387	0.001	0.001	0.611
0.001	0.001	0.001	0.997
0.758	0.001	0.001	0.240
0.001	0.023	0.597	0.379
>ACGCGAATCTTG	12-ACGCGAATCTTG	14.000736	-15.269374	0	T:4.0(4.08%),B:18.6(0.05%),P:1e-6	Tpos:367.2,Tstd:181.2,Bpos:350.0,Bstd:239.0,StrandBias:0.6,Multiplicity:1.25
0.783	0.001	0.001	0.215
0.215	0.783	0.001	0.001
0.001	0.001	0.997	0.001
0.001	0.997	0.001	0.001
0.001	0.001	0.997	0.001
0.997	0.001	0.001	0.001
0.997	0.001	0.001	0.001
0.001	0.001	0.001	0.997
0.001	0.848	0.001	0.150
0.001	0.001	0.001	0.997
0.001	0.001	0.001	0.997
0.001	0.001	0.799	0.199
>ATTCAGTTTGGT	13-ATTCAGTTTGGT	10.551073	-13.977932	0	T:11.0(11.22%),B:667.5(1.66%),P:1e-6	Tpos:524.1,Tstd:307.8,Bpos:519.4,Bstd:315.2,StrandBias:0.0,Multiplicity:1.09
0.854	0.001	0.097	0.048
0.001	0.001	0.001	0.997
0.160	0.097	0.001	0.742
0.097	0.842	0.001	0.060
0.588	0.151	0.260	0.001
0.066	0.001	0.760	0.173
0.173	0.001	0.001	0.825
0.001	0.001	0.073	0.925
0.001	0.073	0.001	0.925
0.005	0.001	0.920	0.074
0.066	0.090	0.770	0.074
0.001	0.122	0.001	0.876
>TCAATTTAAATT	14-TCAATTTAAATT	13.178763	-13.946819	0	T:12.0(12.24%),B:818.0(2.04%),P:1e-6	Tpos:737.4,Tstd:237.2,Bpos:516.5,Bstd:314.0,StrandBias:0.7,Multiplicity:1.00
0.001	0.001	0.001	0.997
0.088	0.910	0.001	0.001
0.997	0.001	0.001	0.001
0.997	0.001	0.001	0.001
0.296	0.001	0.001	0.702
0.001	0.001	0.001	0.997
0.105	0.001	0.001	0.893
0.588	0.001	0.001	0.410
0.997	0.001	0.001	0.001
0.997	0.001	0.001	0.001
0.096	0.001	0.001	0.902
0.001	0.001	0.001	0.997
>CAAAATGCATTT	15-CAAAATGCATTT	12.762944	-13.815435	0	T:8.0(8.16%),B:303.7(0.76%),P:1e-5	Tpos:411.1,Tstd:303.2,Bpos:501.0,Bstd:295.6,StrandBias:0.8,Multiplicity:1.12
0.035	0.807	0.001	0.157
0.746	0.001	0.112	0.141
0.997	0.001	0.001	0.001
0.997	0.001	0.001	0.001
0.877	0.001	0.121	0.001
0.001	0.001	0.001	0.997
0.056	0.001	0.942	0.001
0.001	0.997	0.001	0.001
0.997	0.001	0.001	0.001
0.082	0.112	0.001	0.805
0.108	0.001	0.001	0.890
0.001	0.001	0.001	0.997
>AATATTTCTACA	16-AATATTTCTACA	12.735079	-12.379684	0	T:9.0(9.18%),B:496.2(1.24%),P:1e-5	Tpos:619.3,Tstd:295.9,Bpos:519.6,Bstd:303.3,StrandBias:-0.3,Multiplicity:1.22
0.997	0.001	0.001	0.001
0.997	0.001	0.001	0.001
0.046	0.056	0.001	0.897
0.937	0.001	0.001	0.061
0.087	0.001	0.001	0.911
0.116	0.001	0.001	0.882
0.001	0.001	0.001	0.997
0.122	0.582	0.139	0.157
0.056	0.001	0.001	0.942
0.707	0.001	0.225	0.067
0.118	0.833	0.048	0.001
0.988	0.010	0.001	0.001
>ATGGCCGAGTTT	17-ATGGCCGAGTTT	11.019009	-9.856245	0	T:8.0(8.16%),B:529.8(1.32%),P:1e-4	Tpos:534.7,Tstd:284.7,Bpos:498.1,Bstd:274.4,StrandBias:-1.0,Multiplicity:2.62
0.607	0.001	0.261	0.131
0.001	0.181	0.001	0.817
0.001	0.001	0.822	0.176
0.121	0.001	0.760	0.118
0.001	0.997	0.001	0.001
0.117	0.881	0.001	0.001
0.001	0.118	0.633	0.248
0.997	0.001	0.001	0.001
0.309	0.001	0.689	0.001
0.001	0.001	0.176	0.822
0.001	0.001	0.001	0.997
0.001	0.001	0.001	0.997
>ACACACACACAC	18-ACACACACACAC	8.435039	-7.523132	0	T:13.0(13.27%),B:1833.4(4.57%),P:1e-3	Tpos:635.7,Tstd:306.5,Bpos:523.7,Bstd:323.1,StrandBias:0.2,Multiplicity:1.00
0.777	0.221	0.001	0.001
0.008	0.807	0.184	0.001
0.997	0.001	0.001	0.001
0.184	0.516	0.222	0.078
0.997	0.001	0.001	0.001
0.001	0.997	0.001	0.001
0.526	0.001	0.251	0.222
0.001	0.741	0.001	0.257
0.997	0.001	0.001	0.001
0.009	0.983	0.001	0.007
0.777	0.221	0.001	0.001
0.001	0.916	0.001	0.082
