>AGTTCACG	1-AGTTCACG	8.430808	-39.297387	0	T:30.0(27.52%),B:1480.1(3.78%),P:1e-17	Tpos:811.5,Tstd:121.1,Bpos:561.5,Bstd:326.4,StrandBias:-2.0,Multiplicity:1.00
0.997	0.001	0.001	0.001
0.001	0.001	0.997	0.001
0.001	0.001	0.179	0.819
0.001	0.087	0.001	0.911
0.001	0.997	0.001	0.001
0.997	0.001	0.001	0.001
0.001	0.997	0.001	0.001
0.001	0.001	0.997	0.001
>TTCRCGTG	2-TTCRCGTG	6.639783	-26.954509	0	T:43.0(39.45%),B:4951.2(12.64%),P:1e-11	Tpos:707.5,Tstd:253.3,Bpos:526.3,Bstd:334.6,StrandBias:-0.4,Multiplicity:1.09
0.088	0.166	0.069	0.677
0.129	0.057	0.240	0.574
0.067	0.627	0.305	0.001
0.467	0.170	0.331	0.033
0.003	0.989	0.001	0.007
0.001	0.163	0.835	0.001
0.194	0.018	0.281	0.507
0.115	0.017	0.623	0.245
>CACGTAGA	3-CACGTAGA	5.506435	-23.539699	0	T:42.0(38.53%),B:5256.9(13.42%),P:1e-10	Tpos:602.5,Tstd:314.2,Bpos:498.4,Bstd:323.6,StrandBias:-0.1,Multiplicity:1.21
0.001	0.980	0.018	0.001
0.997	0.001	0.001	0.001
0.001	0.997	0.001	0.001
0.001	0.001	0.997	0.001
0.001	0.001	0.001	0.997
0.709	0.001	0.289	0.001
0.014	0.001	0.984	0.001
0.743	0.255	0.001	0.001
>ACCAGCAC	4-ACCAGCAC	7.366537	-16.973071	0	T:30.0(27.52%),B:3636.2(9.28%),P:1e-7	Tpos:568.4,Tstd:295.4,Bpos:480.7,Bstd:310.3,StrandBias:0.4,Multiplicity:1.17
0.951	0.001	0.022	0.026
0.001	0.912	0.086	0.001
0.186	0.790	0.001	0.023
0.951	0.033	0.001	0.015
0.096	0.001	0.902	0.001
0.001	0.923	0.056	0.020
0.867	0.099	0.033	0.001
0.117	0.846	0.036	0.001
>TGCCTACC	5-TGCCTACC	9.233927	-10.741862	0	T:17.0(15.60%),B:1901.3(4.85%),P:1e-4	Tpos:491.0,Tstd:215.2,Bpos:498.5,Bstd:275.4,StrandBias:1.3,Multiplicity:2.24
0.001	0.001	0.013	0.985
0.040	0.001	0.958	0.001
0.024	0.974	0.001	0.001
0.001	0.997	0.001	0.001
0.001	0.001	0.001	0.997
0.732	0.001	0.266	0.001
0.001	0.983	0.015	0.001
0.174	0.654	0.001	0.171
>ATGCCTAC	6-ATGCCTAC	8.445195	-10.372927	0	T:20.0(18.35%),B:2594.3(6.62%),P:1e-4	Tpos:440.6,Tstd:223.6,Bpos:490.1,Bstd:290.5,StrandBias:0.1,Multiplicity:1.53
0.723	0.125	0.151	0.001
0.001	0.054	0.017	0.928
0.001	0.021	0.977	0.001
0.041	0.931	0.014	0.014
0.040	0.911	0.001	0.048
0.001	0.018	0.018	0.963
0.997	0.001	0.001	0.001
0.001	0.805	0.133	0.061
>ATCGATTT	7-ATCGATTT	7.684547	-5.809858	0	T:59.0(54.13%),B:15903.8(40.60%),P:1e-2	Tpos:557.2,Tstd:305.3,Bpos:531.4,Bstd:341.0,StrandBias:-0.7,Multiplicity:1.92
0.997	0.001	0.001	0.001
0.001	0.001	0.001	0.997
0.001	0.638	0.001	0.360
0.001	0.076	0.922	0.001
0.934	0.001	0.064	0.001
0.001	0.001	0.001	0.997
0.106	0.001	0.001	0.892
0.001	0.001	0.001	0.997
>AATAGATT	8-AATAGATT	6.291044	-5.525232	0	T:100.0(91.74%),B:32215.3(82.24%),P:1e-2	Tpos:532.2,Tstd:298.6,Bpos:512.5,Bstd:307.5,StrandBias:-0.4,Multiplicity:2.63
0.700	0.100	0.100	0.100
0.700	0.100	0.100	0.100
0.100	0.100	0.100	0.700
0.700	0.100	0.100	0.100
0.100	0.100	0.700	0.100
0.700	0.100	0.100	0.100
0.100	0.100	0.100	0.700
0.100	0.100	0.100	0.700
>CCCCCCCC	9-CCCCCCCC	7.370037	-3.882278	0	T:16.0(14.68%),B:3298.4(8.42%),P:1e-1	Tpos:600.1,Tstd:356.0,Bpos:531.2,Bstd:328.4,StrandBias:-0.8,Multiplicity:1.25
0.016	0.949	0.026	0.009
0.001	0.921	0.001	0.077
0.001	0.912	0.049	0.038
0.001	0.921	0.001	0.077
0.040	0.870	0.001	0.089
0.001	0.919	0.017	0.063
0.001	0.955	0.001	0.043
0.001	0.940	0.001	0.058
>GTTACACG	10-GTTACACG	6.291044	-0.963870	0	T:30.0(27.52%),B:10130.3(25.86%),P:1e0	Tpos:515.2,Tstd:265.5,Bpos:509.5,Bstd:308.3,StrandBias:-1.8,Multiplicity:2.20
0.100	0.100	0.700	0.100
0.100	0.100	0.100	0.700
0.100	0.100	0.100	0.700
0.700	0.100	0.100	0.100
0.100	0.700	0.100	0.100
0.700	0.100	0.100	0.100
0.100	0.700	0.100	0.100
0.100	0.100	0.700	0.100
