>CATTTTCCARTA	3-CATTTTCCARTA,BestGuess:cebp-1/MA1444.1/Jaspar(0.580)	11.270435	-21.752039	0	T:17.0(16.19%),B:945.2(2.29%),P:1e-9
0.072	0.637	0.001	0.290
0.896	0.036	0.001	0.067
0.062	0.027	0.027	0.884
0.001	0.001	0.048	0.950
0.001	0.041	0.001	0.957
0.081	0.038	0.213	0.668
0.148	0.527	0.033	0.292
0.340	0.564	0.065	0.031
0.663	0.021	0.017	0.299
0.382	0.001	0.471	0.146
0.272	0.056	0.001	0.671
0.893	0.001	0.001	0.105
