>CAACAAGAGACA	1-CAACAAGAGACA	11.075145	-22.922093	0	T:13.0(9.49%),B:313.7(0.78%),P:1e-9	Tpos:487.9,Tstd:316.9,Bpos:547.1,Bstd:303.9,StrandBias:-0.2,Multiplicity:1.00
0.001	0.606	0.392	0.001
0.899	0.001	0.099	0.001
0.538	0.001	0.133	0.328
0.001	0.884	0.114	0.001
0.997	0.001	0.001	0.001
0.879	0.001	0.001	0.119
0.001	0.001	0.899	0.099
0.997	0.001	0.001	0.001
0.001	0.001	0.835	0.163
0.729	0.170	0.001	0.100
0.126	0.872	0.001	0.001
0.997	0.001	0.001	0.001
>ATTTTCCCCAAT	2-ATTTTCCCCAAT	12.883240	-20.024617	0	T:11.0(8.03%),B:253.9(0.63%),P:1e-8	Tpos:361.6,Tstd:264.3,Bpos:530.4,Bstd:291.8,StrandBias:1.6,Multiplicity:1.09
0.848	0.096	0.001	0.055
0.080	0.172	0.001	0.747
0.001	0.001	0.001	0.997
0.001	0.001	0.001	0.997
0.001	0.093	0.001	0.905
0.001	0.997	0.001	0.001
0.052	0.946	0.001	0.001
0.001	0.997	0.001	0.001
0.143	0.855	0.001	0.001
0.899	0.001	0.001	0.099
0.881	0.117	0.001	0.001
0.001	0.001	0.001	0.997
>AAGCAGTTTTCA	3-AAGCAGTTTTCA	12.811515	-19.906547	0	T:11.0(8.03%),B:256.3(0.64%),P:1e-8	Tpos:579.9,Tstd:299.5,Bpos:525.3,Bstd:290.3,StrandBias:-0.3,Multiplicity:1.00
0.997	0.001	0.001	0.001
0.832	0.001	0.092	0.075
0.001	0.001	0.941	0.057
0.060	0.938	0.001	0.001
0.896	0.001	0.001	0.102
0.001	0.001	0.947	0.051
0.001	0.125	0.001	0.873
0.001	0.001	0.001	0.997
0.001	0.001	0.001	0.997
0.121	0.131	0.001	0.747
0.001	0.898	0.100	0.001
0.997	0.001	0.001	0.001
>AGTAACAAAGCT	4-AGTAACAAAGCT	13.894720	-19.466154	0	T:5.0(3.65%),B:13.9(0.03%),P:1e-8	Tpos:496.6,Tstd:342.2,Bpos:561.5,Bstd:219.0,StrandBias:0.6,Multiplicity:1.00
0.997	0.001	0.001	0.001
0.001	0.001	0.997	0.001
0.001	0.165	0.001	0.833
0.997	0.001	0.001	0.001
0.997	0.001	0.001	0.001
0.001	0.997	0.001	0.001
0.997	0.001	0.001	0.001
0.997	0.001	0.001	0.001
0.851	0.001	0.001	0.147
0.001	0.001	0.997	0.001
0.119	0.879	0.001	0.001
0.180	0.001	0.205	0.614
>CAAATCTMTCAA	5-CAAATCTMTCAA	13.404847	-18.564929	0	T:9.0(6.57%),B:163.2(0.41%),P:1e-8	Tpos:490.2,Tstd:310.0,Bpos:493.4,Bstd:268.3,StrandBias:1.6,Multiplicity:1.33
0.163	0.835	0.001	0.001
0.816	0.182	0.001	0.001
0.997	0.001	0.001	0.001
0.823	0.001	0.001	0.175
0.001	0.001	0.001	0.997
0.001	0.997	0.001	0.001
0.001	0.001	0.001	0.997
0.556	0.442	0.001	0.001
0.001	0.001	0.001	0.997
0.001	0.997	0.001	0.001
0.766	0.001	0.001	0.232
0.997	0.001	0.001	0.001
>TAACTAATTGAC	6-TAACTAATTGAC	12.386655	-18.021763	0	T:8.0(5.84%),B:121.0(0.30%),P:1e-7	Tpos:430.3,Tstd:203.4,Bpos:516.9,Bstd:279.9,StrandBias:0.0,Multiplicity:1.25
0.001	0.001	0.001	0.997
0.997	0.001	0.001	0.001
0.997	0.001	0.001	0.001
0.147	0.685	0.167	0.001
0.001	0.166	0.001	0.832
0.997	0.001	0.001	0.001
0.997	0.001	0.001	0.001
0.166	0.001	0.001	0.832
0.147	0.314	0.001	0.538
0.001	0.404	0.594	0.001
0.997	0.001	0.001	0.001
0.174	0.824	0.001	0.001
>CTCAGCCAATCA	7-CTCAGCCAATCA	13.952783	-17.069642	0	T:3.0(2.19%),B:1.0(0.00%),P:1e-7	Tpos:318.2,Tstd:211.3,Bpos:634.0,Bstd:0.0,StrandBias:10.0,Multiplicity:4.00
0.001	0.997	0.001	0.001
0.001	0.001	0.001	0.997
0.001	0.997	0.001	0.001
0.997	0.001	0.001	0.001
0.001	0.001	0.915	0.083
0.001	0.997	0.001	0.001
0.001	0.997	0.001	0.001
0.997	0.001	0.001	0.001
0.915	0.001	0.001	0.083
0.001	0.001	0.001	0.997
0.001	0.997	0.001	0.001
0.925	0.001	0.073	0.001
>TTTTTTTGTGCC	8-TTTTTTTGTGCC	12.879023	-16.313290	0	T:11.0(8.03%),B:368.3(0.92%),P:1e-7	Tpos:358.3,Tstd:191.6,Bpos:477.5,Bstd:300.3,StrandBias:1.0,Multiplicity:1.50
0.001	0.001	0.001	0.997
0.001	0.001	0.001	0.997
0.001	0.001	0.001	0.997
0.001	0.001	0.001	0.997
0.001	0.001	0.001	0.997
0.170	0.083	0.001	0.746
0.171	0.001	0.001	0.827
0.001	0.001	0.777	0.221
0.001	0.001	0.001	0.997
0.078	0.001	0.920	0.001
0.001	0.997	0.001	0.001
0.001	0.920	0.078	0.001
>CATATAGCTGTT	9-CATATAGCTGTT	9.836510	-15.584476	0	T:4.0(2.92%),B:11.2(0.03%),P:1e-6	Tpos:521.0,Tstd:289.8,Bpos:454.1,Bstd:207.4,StrandBias:1.6,Multiplicity:2.00
0.001	0.997	0.001	0.001
0.997	0.001	0.001	0.001
0.001	0.001	0.001	0.997
0.997	0.001	0.001	0.001
0.001	0.001	0.001	0.997
0.997	0.001	0.001	0.001
0.049	0.099	0.851	0.001
0.001	0.997	0.001	0.001
0.001	0.001	0.024	0.974
0.001	0.024	0.974	0.001
0.001	0.001	0.001	0.997
0.001	0.001	0.001	0.997
>AAAAACTAATTC	10-AAAAACTAATTC	13.246589	-14.929067	0	T:9.0(6.57%),B:254.0(0.63%),P:1e-6	Tpos:378.1,Tstd:208.8,Bpos:495.9,Bstd:289.2,StrandBias:0.3,Multiplicity:1.00
0.663	0.001	0.056	0.280
0.847	0.001	0.151	0.001
0.831	0.001	0.167	0.001
0.997	0.001	0.001	0.001
0.997	0.001	0.001	0.001
0.001	0.840	0.105	0.054
0.001	0.001	0.001	0.997
0.881	0.117	0.001	0.001
0.698	0.001	0.001	0.300
0.001	0.001	0.001	0.997
0.001	0.235	0.001	0.763
0.074	0.924	0.001	0.001
>ATTGTAATTACT	11-ATTGTAATTACT	12.355432	-14.081411	0	T:3.0(2.19%),B:3.8(0.01%),P:1e-6	Tpos:432.3,Tstd:250.0,Bpos:607.9,Bstd:234.4,StrandBias:-1.0,Multiplicity:1.00
0.700	0.100	0.100	0.100
0.100	0.100	0.100	0.700
0.100	0.100	0.100	0.700
0.100	0.100	0.700	0.100
0.100	0.100	0.100	0.700
0.700	0.100	0.100	0.100
0.700	0.100	0.100	0.100
0.100	0.100	0.100	0.700
0.100	0.100	0.100	0.700
0.700	0.100	0.100	0.100
0.100	0.700	0.100	0.100
0.100	0.100	0.100	0.700
>RCTTGTAGTTTG	12-RCTTGTAGTTTG	12.983727	-14.066062	0	T:7.0(5.11%),B:140.4(0.35%),P:1e-6	Tpos:330.5,Tstd:289.8,Bpos:476.0,Bstd:321.9,StrandBias:-1.3,Multiplicity:2.43
0.490	0.001	0.411	0.098
0.001	0.997	0.001	0.001
0.001	0.001	0.001	0.997
0.001	0.001	0.001	0.997
0.001	0.118	0.763	0.118
0.001	0.001	0.001	0.997
0.997	0.001	0.001	0.001
0.085	0.001	0.913	0.001
0.001	0.001	0.001	0.997
0.001	0.001	0.001	0.997
0.001	0.001	0.001	0.997
0.001	0.001	0.997	0.001
>TAGGTCACAGAA	13-TAGGTCACAGAA	9.983330	-13.780477	0	T:12.0(8.76%),B:584.3(1.46%),P:1e-5	Tpos:503.4,Tstd:301.5,Bpos:537.0,Bstd:299.3,StrandBias:-0.2,Multiplicity:1.42
0.001	0.164	0.088	0.747
0.930	0.001	0.001	0.068
0.071	0.001	0.927	0.001
0.072	0.001	0.839	0.088
0.072	0.257	0.001	0.670
0.160	0.679	0.160	0.001
0.911	0.001	0.087	0.001
0.099	0.899	0.001	0.001
0.918	0.001	0.001	0.080
0.148	0.088	0.763	0.001
0.842	0.001	0.069	0.088
0.899	0.099	0.001	0.001
>AATATTTTTGGT	14-AATATTTTTGGT	12.825402	-13.483360	0	T:9.0(6.57%),B:304.2(0.76%),P:1e-5	Tpos:498.9,Tstd:256.5,Bpos:483.3,Bstd:296.4,StrandBias:-1.2,Multiplicity:1.44
0.597	0.001	0.218	0.184
0.997	0.001	0.001	0.001
0.001	0.001	0.001	0.997
0.997	0.001	0.001	0.001
0.001	0.001	0.001	0.997
0.001	0.001	0.001	0.997
0.078	0.001	0.001	0.920
0.319	0.001	0.001	0.679
0.001	0.001	0.001	0.997
0.001	0.001	0.997	0.001
0.065	0.001	0.933	0.001
0.001	0.178	0.001	0.820
>CCTGTAAAGCGT	15-CCTGTAAAGCGT	12.770841	-11.372424	0	T:2.0(1.46%),B:0.5(0.00%),P:1e-4	Tpos:407.5,Tstd:218.7,Bpos:189.0,Bstd:0.0,StrandBias:10.0,Multiplicity:3.00
0.001	0.997	0.001	0.001
0.001	0.997	0.001	0.001
0.001	0.001	0.001	0.997
0.001	0.001	0.997	0.001
0.001	0.001	0.001	0.997
0.997	0.001	0.001	0.001
0.851	0.001	0.147	0.001
0.851	0.147	0.001	0.001
0.001	0.001	0.997	0.001
0.001	0.997	0.001	0.001
0.001	0.001	0.997	0.001
0.001	0.001	0.001	0.997
>TTCATCGATTTT	16-TTCATCGATTTT	12.077576	-11.124158	0	T:17.0(12.41%),B:1484.1(3.70%),P:1e-4	Tpos:561.2,Tstd:254.4,Bpos:541.6,Bstd:304.7,StrandBias:-1.1,Multiplicity:1.47
0.079	0.001	0.001	0.919
0.001	0.085	0.001	0.913
0.049	0.703	0.068	0.180
0.997	0.001	0.001	0.001
0.001	0.001	0.062	0.936
0.050	0.921	0.001	0.028
0.044	0.001	0.954	0.001
0.932	0.001	0.001	0.066
0.001	0.001	0.001	0.997
0.001	0.140	0.001	0.858
0.001	0.001	0.001	0.997
0.001	0.001	0.101	0.897
>GGGATTCAAGGC	17-GGGATTCAAGGC	12.749639	-10.233349	0	T:3.0(2.19%),B:16.9(0.04%),P:1e-4	Tpos:443.7,Tstd:212.2,Bpos:348.0,Bstd:300.0,StrandBias:1.3,Multiplicity:2.33
0.001	0.001	0.997	0.001
0.001	0.001	0.997	0.001
0.164	0.001	0.834	0.001
0.997	0.001	0.001	0.001
0.001	0.001	0.001	0.997
0.001	0.001	0.001	0.997
0.001	0.997	0.001	0.001
0.997	0.001	0.001	0.001
0.997	0.001	0.001	0.001
0.001	0.031	0.967	0.001
0.133	0.001	0.865	0.001
0.001	0.997	0.001	0.001
>TATATAATCAGT	18-TATATAATCAGT	10.413700	-9.392756	0	T:12.0(8.76%),B:915.6(2.28%),P:1e-4	Tpos:501.1,Tstd:296.9,Bpos:504.6,Bstd:310.4,StrandBias:-0.8,Multiplicity:1.17
0.072	0.100	0.002	0.826
0.605	0.001	0.314	0.080
0.100	0.124	0.001	0.775
0.819	0.106	0.001	0.074
0.136	0.001	0.001	0.862
0.919	0.078	0.001	0.002
0.722	0.001	0.097	0.180
0.026	0.001	0.001	0.972
0.005	0.917	0.002	0.076
0.649	0.137	0.001	0.213
0.081	0.001	0.917	0.001
0.005	0.004	0.002	0.989
>KTTTTCCCTTTN	19-KTTTTCCCTTTN	7.567578	-8.837126	0	T:51.0(37.23%),B:9266.4(23.11%),P:1e-3	Tpos:597.4,Tstd:293.7,Bpos:529.3,Bstd:306.3,StrandBias:1.7,Multiplicity:1.25
0.202	0.196	0.243	0.358
0.115	0.112	0.113	0.660
0.152	0.068	0.073	0.707
0.140	0.145	0.081	0.634
0.149	0.127	0.119	0.605
0.123	0.631	0.101	0.145
0.136	0.601	0.118	0.145
0.170	0.584	0.079	0.167
0.148	0.103	0.113	0.636
0.164	0.091	0.114	0.631
0.148	0.108	0.076	0.668
0.263	0.221	0.232	0.284
>CGTTTAGCTCCG	20-CGTTTAGCTCCG	13.926576	-7.385224	0	T:2.0(1.46%),B:9.7(0.02%),P:1e-3	Tpos:256.4,Tstd:132.8,Bpos:518.8,Bstd:319.0,StrandBias:3.6,Multiplicity:6.50
0.001	0.997	0.001	0.001
0.001	0.001	0.997	0.001
0.001	0.001	0.001	0.997
0.001	0.001	0.001	0.997
0.001	0.001	0.001	0.997
0.997	0.001	0.001	0.001
0.085	0.001	0.821	0.093
0.092	0.906	0.001	0.001
0.001	0.001	0.001	0.997
0.001	0.997	0.001	0.001
0.001	0.906	0.001	0.092
0.001	0.001	0.997	0.001
>GTCTTAGCAGCG	21-GTCTTAGCAGCG	12.561930	-7.205136	0	T:2.0(1.46%),B:10.4(0.03%),P:1e-3	Tpos:218.9,Tstd:137.2,Bpos:272.4,Bstd:238.4,StrandBias:-10.0,Multiplicity:6.50
0.001	0.001	0.997	0.001
0.001	0.001	0.001	0.997
0.001	0.997	0.001	0.001
0.001	0.001	0.001	0.997
0.167	0.001	0.085	0.747
0.997	0.001	0.001	0.001
0.001	0.001	0.997	0.001
0.001	0.997	0.001	0.001
0.893	0.001	0.001	0.105
0.001	0.001	0.997	0.001
0.001	0.997	0.001	0.001
0.001	0.001	0.997	0.001
>TAAAATGGTTAT	22-TAAAATGGTTAT	12.355432	-5.801153	0	T:2.0(1.46%),B:22.5(0.06%),P:1e-2	Tpos:467.0,Tstd:350.8,Bpos:558.2,Bstd:287.3,StrandBias:-10.0,Multiplicity:2.00
0.100	0.100	0.100	0.700
0.700	0.100	0.100	0.100
0.700	0.100	0.100	0.100
0.700	0.100	0.100	0.100
0.700	0.100	0.100	0.100
0.100	0.100	0.100	0.700
0.100	0.100	0.700	0.100
0.100	0.100	0.700	0.100
0.100	0.100	0.100	0.700
0.100	0.100	0.100	0.700
0.700	0.100	0.100	0.100
0.100	0.100	0.100	0.700
>GGATATCTAGGT	23-GGATATCTAGGT	12.355432	-5.682561	0	T:1.0(0.73%),B:0.8(0.00%),P:1e-2	Tpos:440.0,Tstd:237.6,Bpos:282.0,Bstd:0.0,StrandBias:10.0,Multiplicity:5.00
0.100	0.100	0.700	0.100
0.100	0.100	0.700	0.100
0.700	0.100	0.100	0.100
0.100	0.100	0.100	0.700
0.700	0.100	0.100	0.100
0.100	0.100	0.100	0.700
0.100	0.700	0.100	0.100
0.100	0.100	0.100	0.700
0.700	0.100	0.100	0.100
0.100	0.100	0.700	0.100
0.100	0.100	0.700	0.100
0.100	0.100	0.100	0.700
>AGCGCCATAGTC	24-AGCGCCATAGTC	15.741442	-5.682561	0	T:1.0(0.73%),B:0.9(0.00%),P:1e-2	Tpos:484.0,Tstd:0.0,Bpos:295.0,Bstd:0.0,StrandBias:10.0,Multiplicity:1.00
0.749	0.001	0.249	0.001
0.001	0.001	0.997	0.001
0.001	0.997	0.001	0.001
0.001	0.001	0.997	0.001
0.001	0.997	0.001	0.001
0.249	0.749	0.001	0.001
0.997	0.001	0.001	0.001
0.001	0.249	0.001	0.749
0.997	0.001	0.001	0.001
0.001	0.001	0.997	0.001
0.001	0.001	0.001	0.997
0.001	0.997	0.001	0.001
>ATTCTAGATTGT	25-ATTCTAGATTGT	12.355432	-4.079884	0	T:1.0(0.73%),B:4.7(0.01%),P:1e-1	Tpos:478.0,Tstd:237.6,Bpos:639.4,Bstd:159.0,StrandBias:-10.0,Multiplicity:5.00
0.700	0.100	0.100	0.100
0.100	0.100	0.100	0.700
0.100	0.100	0.100	0.700
0.100	0.700	0.100	0.100
0.100	0.100	0.100	0.700
0.700	0.100	0.100	0.100
0.100	0.100	0.700	0.100
0.700	0.100	0.100	0.100
0.100	0.100	0.100	0.700
0.100	0.100	0.100	0.700
0.100	0.100	0.700	0.100
0.100	0.100	0.100	0.700
