>CTCTTTTTTCAT	21-CTCTTTTTTCAT,BestGuess:blmp-1/MA0537.1/Jaspar(0.639)	10.656179	-16.175311	0	T:15.0(11.72%),B:822.0(2.08%),P:1e-7
0.017	0.602	0.015	0.366
0.270	0.074	0.043	0.613
0.224	0.471	0.022	0.283
0.074	0.059	0.046	0.821
0.037	0.266	0.018	0.679
0.048	0.229	0.048	0.675
0.038	0.056	0.024	0.882
0.024	0.126	0.039	0.811
0.041	0.058	0.024	0.877
0.048	0.553	0.338	0.061
0.485	0.212	0.066	0.238
0.315	0.070	0.028	0.587
