>ATGTACCTTA	1-ATGTACCTTA	10.103861	-19.112054	0	T:17.0(11.04%),B:738.3(1.82%),P:1e-8	Tpos:516.6,Tstd:218.2,Bpos:501.5,Bstd:301.8,StrandBias:-1.3,Multiplicity:1.00
0.997	0.001	0.001	0.001
0.094	0.001	0.001	0.904
0.001	0.001	0.939	0.059
0.001	0.001	0.001	0.997
0.997	0.001	0.001	0.001
0.001	0.932	0.001	0.066
0.001	0.795	0.001	0.203
0.001	0.001	0.001	0.997
0.069	0.105	0.079	0.747
0.799	0.096	0.001	0.104
>CCCAAGCCTT	2-CCCAAGCCTT	10.278267	-18.978640	0	T:10.0(6.49%),B:191.7(0.47%),P:1e-8	Tpos:384.5,Tstd:253.8,Bpos:504.3,Bstd:294.2,StrandBias:-0.3,Multiplicity:1.10
0.001	0.773	0.121	0.105
0.001	0.886	0.112	0.001
0.001	0.997	0.001	0.001
0.997	0.001	0.001	0.001
0.997	0.001	0.001	0.001
0.001	0.001	0.997	0.001
0.001	0.907	0.091	0.001
0.001	0.927	0.001	0.071
0.128	0.001	0.140	0.731
0.001	0.127	0.001	0.871
>CACTGATAAG	3-CACTGATAAG	10.324448	-18.579552	0	T:15.0(9.74%),B:575.7(1.42%),P:1e-8	Tpos:500.0,Tstd:328.9,Bpos:569.3,Bstd:311.0,StrandBias:-0.2,Multiplicity:1.00
0.046	0.897	0.036	0.021
0.788	0.089	0.069	0.054
0.041	0.920	0.038	0.001
0.001	0.001	0.001	0.997
0.076	0.001	0.854	0.069
0.997	0.001	0.001	0.001
0.001	0.001	0.001	0.997
0.940	0.058	0.001	0.001
0.851	0.001	0.001	0.147
0.022	0.066	0.911	0.001
>CCCTCCAAGG	4-CCCTCCAAGG	8.373307	-16.965142	0	T:14.0(9.09%),B:557.3(1.37%),P:1e-7	Tpos:540.7,Tstd:229.1,Bpos:494.2,Bstd:306.3,StrandBias:1.0,Multiplicity:1.08
0.009	0.989	0.001	0.001
0.001	0.917	0.081	0.001
0.001	0.702	0.196	0.101
0.083	0.001	0.001	0.915
0.001	0.621	0.288	0.090
0.311	0.603	0.085	0.001
0.723	0.175	0.001	0.101
0.792	0.001	0.001	0.206
0.001	0.101	0.897	0.001
0.132	0.001	0.866	0.001
>GCAGTGKAWA	5-GCAGTGKAWA	9.365119	-14.581089	0	T:22.0(14.29%),B:1671.4(4.12%),P:1e-6	Tpos:525.0,Tstd:322.9,Bpos:512.4,Bstd:312.4,StrandBias:0.1,Multiplicity:1.23
0.422	0.001	0.576	0.001
0.001	0.997	0.001	0.001
0.997	0.001	0.001	0.001
0.001	0.001	0.997	0.001
0.081	0.001	0.226	0.692
0.001	0.219	0.779	0.001
0.001	0.001	0.436	0.562
0.686	0.191	0.122	0.001
0.541	0.001	0.001	0.457
0.997	0.001	0.001	0.001
>GCTAGCTGTA	6-GCTAGCTGTA	10.900690	-14.156141	0	T:8.0(5.19%),B:183.0(0.45%),P:1e-6	Tpos:502.2,Tstd:357.5,Bpos:464.8,Bstd:321.5,StrandBias:-0.3,Multiplicity:1.12
0.121	0.001	0.769	0.109
0.001	0.865	0.001	0.133
0.001	0.001	0.001	0.997
0.997	0.001	0.001	0.001
0.001	0.152	0.846	0.001
0.001	0.997	0.001	0.001
0.001	0.001	0.001	0.997
0.001	0.001	0.865	0.133
0.087	0.001	0.001	0.911
0.880	0.001	0.001	0.118
>CAACAGGAAC	7-CAACAGGAAC	9.347493	-14.045262	0	T:18.0(11.69%),B:1186.1(2.93%),P:1e-6	Tpos:466.3,Tstd:275.2,Bpos:484.7,Bstd:309.4,StrandBias:0.3,Multiplicity:1.22
0.120	0.799	0.080	0.001
0.997	0.001	0.001	0.001
0.901	0.001	0.001	0.097
0.057	0.941	0.001	0.001
0.902	0.001	0.096	0.001
0.046	0.001	0.882	0.071
0.044	0.063	0.814	0.079
0.865	0.133	0.001	0.001
0.997	0.001	0.001	0.001
0.029	0.969	0.001	0.001
>GGGTAAAAAG	8-GGGTAAAAAG	9.584401	-13.506558	0	T:19.0(12.34%),B:1365.4(3.37%),P:1e-5	Tpos:497.5,Tstd:283.2,Bpos:539.3,Bstd:321.0,StrandBias:-2.8,Multiplicity:1.26
0.036	0.057	0.906	0.001
0.001	0.001	0.997	0.001
0.001	0.042	0.956	0.001
0.046	0.093	0.018	0.843
0.954	0.044	0.001	0.001
0.825	0.001	0.077	0.097
0.869	0.001	0.053	0.077
0.926	0.001	0.072	0.001
0.997	0.001	0.001	0.001
0.016	0.001	0.759	0.224
>GTATACCCAA	9-GTATACCCAA	10.072430	-13.280490	0	T:12.0(7.79%),B:549.3(1.36%),P:1e-5	Tpos:377.5,Tstd:278.2,Bpos:497.8,Bstd:303.3,StrandBias:0.7,Multiplicity:1.33
0.078	0.001	0.920	0.001
0.001	0.150	0.001	0.848
0.844	0.001	0.094	0.061
0.001	0.078	0.001	0.920
0.858	0.001	0.087	0.054
0.001	0.933	0.001	0.065
0.053	0.878	0.001	0.068
0.001	0.997	0.001	0.001
0.997	0.001	0.001	0.001
0.884	0.114	0.001	0.001
>GTTCGACCCC	10-GTTCGACCCC	10.640890	-12.323557	0	T:8.0(5.19%),B:235.4(0.58%),P:1e-5	Tpos:490.8,Tstd:330.1,Bpos:500.7,Bstd:303.0,StrandBias:0.8,Multiplicity:1.38
0.001	0.001	0.997	0.001
0.001	0.001	0.001	0.997
0.001	0.001	0.001	0.997
0.001	0.997	0.001	0.001
0.127	0.001	0.871	0.001
0.859	0.001	0.139	0.001
0.001	0.801	0.134	0.064
0.001	0.811	0.110	0.078
0.001	0.903	0.001	0.095
0.124	0.874	0.001	0.001
>CAGCGGCCGC	11-CAGCGGCCGC	7.746624	-12.221984	0	T:17.0(11.04%),B:1218.9(3.01%),P:1e-5	Tpos:591.8,Tstd:295.5,Bpos:488.9,Bstd:331.1,StrandBias:0.8,Multiplicity:1.29
0.038	0.781	0.113	0.068
0.649	0.023	0.130	0.198
0.034	0.041	0.924	0.001
0.045	0.719	0.001	0.235
0.032	0.022	0.917	0.029
0.039	0.206	0.754	0.001
0.032	0.608	0.049	0.311
0.033	0.808	0.073	0.086
0.240	0.001	0.702	0.057
0.001	0.997	0.001	0.001
>GGCAAAGCAT	12-GGCAAAGCAT	7.139936	-11.404943	0	T:34.0(22.08%),B:4106.2(10.13%),P:1e-4	Tpos:478.3,Tstd:297.6,Bpos:495.1,Bstd:306.7,StrandBias:-0.7,Multiplicity:1.24
0.035	0.106	0.784	0.075
0.034	0.030	0.853	0.083
0.038	0.738	0.103	0.121
0.756	0.034	0.145	0.065
0.716	0.073	0.135	0.076
0.876	0.033	0.062	0.029
0.030	0.130	0.807	0.033
0.018	0.883	0.030	0.069
0.741	0.048	0.067	0.144
0.057	0.001	0.072	0.870
>TCAGTGCAAA	13-TCAGTGCAAA	10.555885	-10.678732	0	T:12.0(7.79%),B:715.5(1.77%),P:1e-4	Tpos:587.0,Tstd:209.7,Bpos:494.2,Bstd:301.1,StrandBias:-0.9,Multiplicity:1.42
0.001	0.074	0.054	0.871
0.065	0.933	0.001	0.001
0.997	0.001	0.001	0.001
0.001	0.001	0.997	0.001
0.001	0.067	0.001	0.931
0.203	0.001	0.795	0.001
0.001	0.997	0.001	0.001
0.997	0.001	0.001	0.001
0.997	0.001	0.001	0.001
0.997	0.001	0.001	0.001
>CAGTTCTGCT	14-CAGTTCTGCT	10.296193	-10.645300	0	T:4.0(2.60%),B:40.9(0.10%),P:1e-4	Tpos:376.2,Tstd:229.4,Bpos:518.1,Bstd:304.5,StrandBias:-2.8,Multiplicity:2.00
0.100	0.700	0.100	0.100
0.700	0.100	0.100	0.100
0.100	0.100	0.700	0.100
0.100	0.100	0.100	0.700
0.100	0.100	0.100	0.700
0.100	0.700	0.100	0.100
0.100	0.100	0.100	0.700
0.100	0.100	0.700	0.100
0.100	0.700	0.100	0.100
0.100	0.100	0.100	0.700
>TGAAGGTGAC	15-TGAAGGTGAC	8.350283	-9.208488	0	T:18.0(11.69%),B:1708.3(4.21%),P:1e-3	Tpos:501.3,Tstd:218.9,Bpos:479.7,Bstd:307.7,StrandBias:-1.0,Multiplicity:1.00
0.100	0.100	0.100	0.700
0.100	0.100	0.700	0.100
0.700	0.100	0.100	0.100
0.700	0.100	0.100	0.100
0.100	0.100	0.700	0.100
0.100	0.100	0.700	0.100
0.100	0.100	0.100	0.700
0.100	0.100	0.700	0.100
0.700	0.100	0.100	0.100
0.100	0.700	0.100	0.100
>CCAATCCTTT	16-CCAATCCTTT	11.190132	-6.611962	0	T:6.0(3.90%),B:310.0(0.76%),P:1e-2	Tpos:552.1,Tstd:238.7,Bpos:491.2,Bstd:314.1,StrandBias:-2.2,Multiplicity:1.83
0.001	0.893	0.105	0.001
0.001	0.997	0.001	0.001
0.890	0.001	0.001	0.108
0.997	0.001	0.001	0.001
0.001	0.001	0.001	0.997
0.119	0.879	0.001	0.001
0.001	0.997	0.001	0.001
0.001	0.001	0.001	0.997
0.001	0.001	0.142	0.856
0.001	0.001	0.001	0.997
>TGGATTTACG	17-TGGATTTACG	10.923503	-5.303317	0	T:6.0(3.90%),B:406.1(1.00%),P:1e-2	Tpos:393.7,Tstd:192.9,Bpos:560.0,Bstd:324.9,StrandBias:-3.8,Multiplicity:2.50
0.001	0.001	0.098	0.900
0.269	0.001	0.729	0.001
0.001	0.001	0.997	0.001
0.997	0.001	0.001	0.001
0.065	0.001	0.001	0.933
0.001	0.001	0.001	0.997
0.102	0.001	0.089	0.808
0.997	0.001	0.001	0.001
0.001	0.997	0.001	0.001
0.001	0.001	0.997	0.001
>TAAAATTCCC	18-TAAAATTCCC	10.587242	-2.621877	0	T:5.0(3.25%),B:581.2(1.43%),P:1e-1	Tpos:346.2,Tstd:197.6,Bpos:491.8,Bstd:317.5,StrandBias:3.1,Multiplicity:3.80
0.001	0.125	0.001	0.873
0.997	0.001	0.001	0.001
0.997	0.001	0.001	0.001
0.950	0.001	0.001	0.048
0.921	0.001	0.077	0.001
0.001	0.001	0.001	0.997
0.001	0.001	0.001	0.997
0.001	0.997	0.001	0.001
0.001	0.997	0.001	0.001
0.001	0.997	0.001	0.001
