>TTAAAAGTATAA	1-TTAAAAGTATAA	11.556197	-25.112258	0	T:15.0(12.10%),B:404.0(1.09%),P:1e-10	Tpos:634.5,Tstd:238.5,Bpos:521.2,Bstd:312.1,StrandBias:-0.2,Multiplicity:1.00
0.032	0.001	0.001	0.966
0.089	0.112	0.001	0.798
0.885	0.001	0.001	0.113
0.858	0.001	0.140	0.001
0.824	0.001	0.174	0.001
0.997	0.001	0.001	0.001
0.001	0.001	0.997	0.001
0.001	0.001	0.001	0.997
0.902	0.001	0.096	0.001
0.001	0.098	0.001	0.900
0.872	0.001	0.126	0.001
0.997	0.001	0.001	0.001
>TTAAAGCTCATT	2-TTAAAGCTCATT	13.390784	-23.967344	0	T:9.0(7.26%),B:87.8(0.24%),P:1e-10	Tpos:448.2,Tstd:321.2,Bpos:467.5,Bstd:293.7,StrandBias:-0.3,Multiplicity:1.00
0.001	0.001	0.001	0.997
0.001	0.113	0.101	0.785
0.997	0.001	0.001	0.001
0.997	0.001	0.001	0.001
0.997	0.001	0.001	0.001
0.001	0.001	0.997	0.001
0.001	0.997	0.001	0.001
0.001	0.001	0.001	0.997
0.001	0.797	0.107	0.095
0.997	0.001	0.001	0.001
0.137	0.151	0.175	0.537
0.001	0.001	0.001	0.997
>AATTTAATACGW	3-AATTTAATACGW	13.199422	-21.161727	0	T:9.0(7.26%),B:122.5(0.33%),P:1e-9	Tpos:589.9,Tstd:135.0,Bpos:522.6,Bstd:298.7,StrandBias:0.3,Multiplicity:1.00
0.997	0.001	0.001	0.001
0.997	0.001	0.001	0.001
0.001	0.001	0.001	0.997
0.001	0.001	0.001	0.997
0.001	0.001	0.001	0.997
0.636	0.001	0.001	0.362
0.997	0.001	0.001	0.001
0.001	0.001	0.001	0.997
0.894	0.001	0.001	0.104
0.001	0.997	0.001	0.001
0.001	0.001	0.997	0.001
0.500	0.001	0.001	0.498
>TTATCATCATTT	4-TTATCATCATTT	12.865298	-20.535169	0	T:13.0(10.48%),B:393.1(1.06%),P:1e-8	Tpos:717.7,Tstd:260.7,Bpos:538.3,Bstd:320.0,StrandBias:0.7,Multiplicity:1.00
0.001	0.001	0.109	0.889
0.001	0.001	0.001	0.997
0.837	0.126	0.036	0.001
0.001	0.001	0.001	0.997
0.001	0.997	0.001	0.001
0.912	0.001	0.001	0.086
0.001	0.001	0.001	0.997
0.050	0.806	0.091	0.053
0.813	0.001	0.112	0.074
0.001	0.001	0.001	0.997
0.001	0.098	0.001	0.900
0.109	0.001	0.001	0.889
>TTAAATGCTGTC	5-TTAAATGCTGTC	13.854316	-20.491015	0	T:6.0(4.84%),B:27.4(0.07%),P:1e-8	Tpos:521.0,Tstd:267.6,Bpos:404.6,Bstd:249.6,StrandBias:-2.3,Multiplicity:1.00
0.001	0.001	0.001	0.997
0.001	0.001	0.001	0.997
0.858	0.001	0.140	0.001
0.997	0.001	0.001	0.001
0.997	0.001	0.001	0.001
0.001	0.001	0.001	0.997
0.001	0.001	0.997	0.001
0.001	0.690	0.173	0.136
0.001	0.213	0.001	0.785
0.001	0.001	0.997	0.001
0.001	0.001	0.001	0.997
0.001	0.837	0.001	0.161
>ACCMWTCSGAAT	6-ACCMWTCSGAAT	9.896296	-19.898545	0	T:17.0(13.71%),B:803.0(2.17%),P:1e-8	Tpos:456.1,Tstd:315.9,Bpos:475.8,Bstd:330.1,StrandBias:0.6,Multiplicity:1.12
0.997	0.001	0.001	0.001
0.311	0.467	0.071	0.151
0.105	0.856	0.001	0.038
0.462	0.449	0.001	0.089
0.400	0.142	0.001	0.457
0.001	0.001	0.001	0.997
0.086	0.625	0.232	0.057
0.071	0.412	0.516	0.001
0.207	0.148	0.644	0.001
0.832	0.166	0.001	0.001
0.928	0.001	0.001	0.070
0.051	0.047	0.001	0.901
>TGCCTGATCTCA	7-TGCCTGATCTCA	14.298975	-19.268195	0	T:5.0(4.03%),B:14.7(0.04%),P:1e-8	Tpos:438.6,Tstd:313.2,Bpos:526.5,Bstd:265.3,StrandBias:0.6,Multiplicity:1.00
0.001	0.001	0.001	0.997
0.001	0.001	0.997	0.001
0.001	0.631	0.190	0.178
0.001	0.997	0.001	0.001
0.001	0.001	0.234	0.764
0.001	0.001	0.997	0.001
0.997	0.001	0.001	0.001
0.206	0.001	0.001	0.792
0.001	0.997	0.001	0.001
0.001	0.001	0.001	0.997
0.001	0.997	0.001	0.001
0.997	0.001	0.001	0.001
>CTCMATDTTCGT	8-CTCMATDTTCGT	10.232407	-18.872476	0	T:15.0(12.10%),B:645.2(1.74%),P:1e-8	Tpos:400.3,Tstd:299.4,Bpos:514.6,Bstd:348.7,StrandBias:2.1,Multiplicity:1.07
0.151	0.755	0.093	0.001
0.159	0.001	0.124	0.716
0.001	0.818	0.001	0.180
0.505	0.493	0.001	0.001
0.875	0.001	0.123	0.001
0.078	0.181	0.001	0.740
0.379	0.001	0.374	0.246
0.001	0.179	0.001	0.819
0.001	0.001	0.001	0.997
0.001	0.997	0.001	0.001
0.001	0.001	0.997	0.001
0.001	0.001	0.001	0.997
>TTTCCCTATTCT	9-TTTCCCTATTCT	11.744911	-18.852145	0	T:12.0(9.68%),B:369.4(1.00%),P:1e-8	Tpos:526.8,Tstd:269.7,Bpos:532.1,Bstd:344.7,StrandBias:0.7,Multiplicity:1.08
0.001	0.001	0.001	0.997
0.001	0.001	0.001	0.997
0.001	0.001	0.001	0.997
0.122	0.781	0.001	0.096
0.091	0.826	0.001	0.082
0.092	0.906	0.001	0.001
0.001	0.001	0.001	0.997
0.921	0.001	0.001	0.077
0.001	0.152	0.001	0.846
0.001	0.001	0.001	0.997
0.001	0.949	0.001	0.049
0.106	0.001	0.001	0.892
>ATTACATCATTT	10-ATTACATCATTT	12.397684	-18.795580	0	T:11.0(8.87%),B:293.6(0.79%),P:1e-8	Tpos:602.8,Tstd:280.6,Bpos:525.3,Bstd:332.5,StrandBias:0.3,Multiplicity:1.00
0.997	0.001	0.001	0.001
0.001	0.001	0.141	0.857
0.071	0.001	0.001	0.927
0.961	0.001	0.001	0.037
0.001	0.869	0.129	0.001
0.997	0.001	0.001	0.001
0.001	0.001	0.117	0.881
0.071	0.927	0.001	0.001
0.913	0.001	0.001	0.085
0.001	0.001	0.001	0.997
0.001	0.001	0.149	0.849
0.001	0.097	0.001	0.901
>CAGCAGAACGGA	11-CAGCAGAACGGA	14.176492	-18.458766	0	T:5.0(4.03%),B:17.5(0.05%),P:1e-8	Tpos:425.6,Tstd:313.5,Bpos:433.4,Bstd:438.5,StrandBias:-0.6,Multiplicity:1.00
0.001	0.997	0.001	0.001
0.997	0.001	0.001	0.001
0.001	0.001	0.813	0.185
0.214	0.784	0.001	0.001
0.754	0.001	0.001	0.244
0.001	0.001	0.997	0.001
0.997	0.001	0.001	0.001
0.997	0.001	0.001	0.001
0.001	0.997	0.001	0.001
0.001	0.197	0.801	0.001
0.001	0.001	0.997	0.001
0.997	0.001	0.001	0.001
>CTGCATTTTTGC	12-CTGCATTTTTGC	13.048920	-17.338653	0	T:10.0(8.06%),B:262.5(0.71%),P:1e-7	Tpos:428.7,Tstd:276.1,Bpos:536.6,Bstd:374.9,StrandBias:2.0,Multiplicity:1.00
0.001	0.931	0.067	0.001
0.001	0.001	0.001	0.997
0.128	0.070	0.801	0.001
0.071	0.927	0.001	0.001
0.997	0.001	0.001	0.001
0.001	0.001	0.001	0.997
0.001	0.001	0.001	0.997
0.001	0.001	0.001	0.997
0.001	0.135	0.001	0.863
0.001	0.001	0.001	0.997
0.001	0.115	0.813	0.071
0.001	0.759	0.120	0.120
>TTATCGATTCTC	13-TTATCGATTCTC	10.632237	-17.242145	0	T:48.0(38.71%),B:6565.8(17.74%),P:1e-7	Tpos:564.3,Tstd:319.9,Bpos:529.7,Bstd:358.9,StrandBias:0.8,Multiplicity:1.33
0.001	0.107	0.001	0.891
0.081	0.001	0.001	0.917
0.671	0.156	0.001	0.172
0.001	0.001	0.001	0.997
0.001	0.880	0.001	0.118
0.184	0.001	0.718	0.097
0.760	0.001	0.238	0.001
0.001	0.001	0.001	0.997
0.001	0.001	0.001	0.997
0.001	0.653	0.001	0.345
0.001	0.001	0.119	0.879
0.001	0.607	0.003	0.389
>TCGGGAGCAAAT	14-TCGGGAGCAAAT	14.192634	-17.076168	0	T:4.0(3.23%),B:7.4(0.02%),P:1e-7	Tpos:492.2,Tstd:113.9,Bpos:648.8,Bstd:398.7,StrandBias:10.0,Multiplicity:1.00
0.001	0.001	0.001	0.997
0.001	0.997	0.001	0.001
0.001	0.122	0.876	0.001
0.001	0.001	0.997	0.001
0.001	0.001	0.788	0.210
0.997	0.001	0.001	0.001
0.001	0.001	0.997	0.001
0.116	0.882	0.001	0.001
0.813	0.001	0.185	0.001
0.788	0.210	0.001	0.001
0.997	0.001	0.001	0.001
0.001	0.001	0.001	0.997
>CATCGATTTTGC	15-CATCGATTTTGC	14.149608	-16.960587	0	T:6.0(4.84%),B:52.2(0.14%),P:1e-7	Tpos:578.5,Tstd:270.0,Bpos:560.7,Bstd:286.6,StrandBias:0.0,Multiplicity:1.00
0.001	0.876	0.001	0.122
0.997	0.001	0.001	0.001
0.001	0.001	0.001	0.997
0.001	0.997	0.001	0.001
0.001	0.193	0.805	0.001
0.997	0.001	0.001	0.001
0.001	0.001	0.001	0.997
0.001	0.001	0.001	0.997
0.001	0.001	0.001	0.997
0.001	0.001	0.001	0.997
0.001	0.001	0.941	0.057
0.323	0.536	0.001	0.140
>ATCCCCCCAGTT	16-ATCCCCCCAGTT	10.235899	-15.817082	0	T:12.0(9.68%),B:491.3(1.33%),P:1e-6	Tpos:518.3,Tstd:249.3,Bpos:464.6,Bstd:321.0,StrandBias:0.6,Multiplicity:1.67
0.889	0.001	0.001	0.109
0.001	0.001	0.001	0.997
0.082	0.771	0.001	0.146
0.001	0.898	0.100	0.001
0.110	0.779	0.110	0.001
0.001	0.795	0.079	0.125
0.067	0.822	0.110	0.001
0.279	0.579	0.141	0.001
0.889	0.001	0.001	0.109
0.085	0.001	0.723	0.191
0.001	0.001	0.001	0.997
0.001	0.001	0.124	0.874
>GTTTAAACGATA	17-GTTTAAACGATA	11.682560	-15.543208	0	T:8.0(6.45%),B:172.6(0.47%),P:1e-6	Tpos:604.9,Tstd:286.4,Bpos:491.6,Bstd:311.9,StrandBias:-1.2,Multiplicity:1.00
0.001	0.001	0.997	0.001
0.001	0.001	0.001	0.997
0.001	0.001	0.001	0.997
0.001	0.001	0.001	0.997
0.878	0.001	0.120	0.001
0.821	0.001	0.177	0.001
0.997	0.001	0.001	0.001
0.001	0.878	0.001	0.120
0.138	0.001	0.860	0.001
0.997	0.001	0.001	0.001
0.001	0.152	0.001	0.846
0.836	0.162	0.001	0.001
>GATTTATTTTCA	18-GATTTATTTTCA	12.355432	-15.015710	0	T:6.0(4.84%),B:74.8(0.20%),P:1e-6	Tpos:404.5,Tstd:227.6,Bpos:487.9,Bstd:323.1,StrandBias:0.0,Multiplicity:1.00
0.100	0.100	0.700	0.100
0.700	0.100	0.100	0.100
0.100	0.100	0.100	0.700
0.100	0.100	0.100	0.700
0.100	0.100	0.100	0.700
0.700	0.100	0.100	0.100
0.100	0.100	0.100	0.700
0.100	0.100	0.100	0.700
0.100	0.100	0.100	0.700
0.100	0.100	0.100	0.700
0.100	0.700	0.100	0.100
0.700	0.100	0.100	0.100
>TGAATATTTAAT	19-TGAATATTTAAT	13.650204	-14.788621	0	T:12.0(9.68%),B:542.2(1.46%),P:1e-6	Tpos:558.0,Tstd:301.6,Bpos:539.8,Bstd:308.9,StrandBias:0.0,Multiplicity:1.00
0.001	0.001	0.001	0.997
0.191	0.213	0.595	0.001
0.997	0.001	0.001	0.001
0.997	0.001	0.001	0.001
0.224	0.001	0.001	0.774
0.997	0.001	0.001	0.001
0.001	0.001	0.001	0.997
0.001	0.001	0.001	0.997
0.001	0.001	0.001	0.997
0.775	0.001	0.223	0.001
0.997	0.001	0.001	0.001
0.145	0.001	0.001	0.853
>TTTCACGGTCAC	20-TTTCACGGTCAC	15.047924	-13.817552	0	T:4.0(3.23%),B:19.6(0.05%),P:1e-6	Tpos:623.0,Tstd:253.6,Bpos:468.7,Bstd:348.1,StrandBias:0.0,Multiplicity:1.50
0.001	0.001	0.001	0.997
0.001	0.001	0.001	0.997
0.001	0.001	0.001	0.997
0.001	0.997	0.001	0.001
0.997	0.001	0.001	0.001
0.001	0.685	0.313	0.001
0.325	0.001	0.673	0.001
0.001	0.001	0.997	0.001
0.001	0.001	0.001	0.997
0.001	0.997	0.001	0.001
0.997	0.001	0.001	0.001
0.001	0.997	0.001	0.001
