>AAAKTTCCCGAA	21-TTCGGGAAMTTT	11.063434	-13.128270	0	T:12.0(11.11%),B:800.2(1.99%),P:1e-5
0.708	0.001	0.025	0.266
0.882	0.030	0.050	0.038
0.583	0.001	0.001	0.415
0.193	0.001	0.332	0.474
0.054	0.001	0.001	0.944
0.067	0.059	0.001	0.873
0.001	0.773	0.023	0.203
0.028	0.686	0.098	0.188
0.070	0.884	0.023	0.023
0.152	0.217	0.515	0.116
0.825	0.055	0.065	0.055
0.639	0.052	0.001	0.308
