>TCTATAATATTC	12-GAATATTATAGA	10.371384	-18.762929	0	T:21.0(19.44%),B:1726.4(4.30%),P:1e-8
0.001	0.124	0.132	0.743
0.021	0.871	0.001	0.107
0.037	0.035	0.088	0.840
0.919	0.002	0.060	0.019
0.112	0.002	0.110	0.776
0.916	0.001	0.001	0.082
0.852	0.001	0.001	0.146
0.063	0.052	0.001	0.884
0.630	0.051	0.084	0.235
0.001	0.048	0.070	0.881
0.057	0.001	0.001	0.941
0.088	0.759	0.117	0.036
