>AAGTTCACGT	1-AAGTTCACGT	7.505205	-59.124911	0	T:97.0(40.25%),B:5274.4(12.77%),P:1e-25	Tpos:665.1,Tstd:290.8,Bpos:526.5,Bstd:323.6,StrandBias:-0.6,Multiplicity:1.27
0.610	0.108	0.083	0.199
0.477	0.207	0.131	0.185
0.005	0.150	0.720	0.125
0.088	0.062	0.122	0.728
0.001	0.098	0.001	0.900
0.001	0.764	0.108	0.127
0.997	0.001	0.001	0.001
0.001	0.902	0.096	0.001
0.001	0.001	0.997	0.001
0.075	0.147	0.001	0.777
>YCACGTRHAT	2-YCACGTRHAT	7.987893	-36.168472	0	T:55.0(22.82%),B:2650.6(6.42%),P:1e-15	Tpos:600.8,Tstd:278.8,Bpos:500.3,Bstd:322.2,StrandBias:-0.1,Multiplicity:1.16
0.001	0.489	0.105	0.405
0.001	0.923	0.041	0.035
0.778	0.136	0.001	0.085
0.001	0.997	0.001	0.001
0.001	0.053	0.904	0.042
0.001	0.001	0.181	0.817
0.496	0.001	0.502	0.001
0.267	0.299	0.062	0.372
0.744	0.254	0.001	0.001
0.001	0.001	0.001	0.997
>TAGGGTTACT	3-TAGGGTTACT	9.251256	-23.817956	0	T:21.0(8.71%),B:565.7(1.37%),P:1e-10	Tpos:520.0,Tstd:280.1,Bpos:489.5,Bstd:295.2,StrandBias:-0.5,Multiplicity:1.05
0.082	0.001	0.001	0.916
0.813	0.001	0.080	0.106
0.001	0.001	0.921	0.077
0.001	0.001	0.919	0.079
0.109	0.106	0.784	0.001
0.001	0.001	0.166	0.832
0.001	0.001	0.001	0.997
0.997	0.001	0.001	0.001
0.001	0.997	0.001	0.001
0.119	0.001	0.001	0.879
>TTDWYACGTK	4-TTDWYACGTK	7.175961	-23.329639	0	T:47.0(19.50%),B:2807.1(6.79%),P:1e-10	Tpos:616.6,Tstd:321.8,Bpos:532.6,Bstd:316.0,StrandBias:0.1,Multiplicity:1.15
0.001	0.190	0.001	0.808
0.199	0.189	0.229	0.384
0.355	0.143	0.264	0.238
0.374	0.191	0.180	0.255
0.185	0.394	0.135	0.286
0.561	0.132	0.001	0.306
0.162	0.836	0.001	0.001
0.001	0.001	0.997	0.001
0.001	0.001	0.001	0.997
0.001	0.240	0.426	0.333
>TATACGTATC	5-TATACGTATC	8.966116	-21.218552	0	T:16.0(6.64%),B:351.0(0.85%),P:1e-9	Tpos:577.6,Tstd:235.8,Bpos:537.9,Bstd:305.1,StrandBias:-1.6,Multiplicity:1.00
0.033	0.027	0.036	0.904
0.889	0.047	0.033	0.031
0.018	0.352	0.023	0.607
0.687	0.191	0.036	0.086
0.174	0.424	0.169	0.233
0.140	0.023	0.805	0.032
0.171	0.001	0.232	0.596
0.494	0.276	0.158	0.071
0.023	0.029	0.027	0.921
0.026	0.753	0.031	0.190
>TACTCCTCGT	6-TACTCCTCGT	9.605825	-21.082330	0	T:17.0(7.05%),B:410.9(0.99%),P:1e-9	Tpos:449.3,Tstd:329.6,Bpos:479.7,Bstd:330.5,StrandBias:-1.0,Multiplicity:1.06
0.001	0.067	0.090	0.842
0.995	0.001	0.003	0.001
0.386	0.590	0.023	0.001
0.001	0.001	0.084	0.914
0.001	0.762	0.236	0.001
0.066	0.807	0.001	0.126
0.001	0.001	0.211	0.787
0.001	0.844	0.154	0.001
0.001	0.005	0.993	0.001
0.043	0.115	0.001	0.841
>ATCAGATCTT	7-ATCAGATCTT	9.043785	-20.425366	0	T:37.0(15.35%),B:2043.0(4.94%),P:1e-8	Tpos:595.6,Tstd:255.4,Bpos:493.1,Bstd:303.8,StrandBias:0.3,Multiplicity:1.16
0.968	0.001	0.001	0.030
0.031	0.037	0.001	0.931
0.020	0.978	0.001	0.001
0.770	0.037	0.001	0.192
0.001	0.022	0.976	0.001
0.920	0.001	0.041	0.038
0.040	0.001	0.148	0.811
0.001	0.897	0.021	0.081
0.001	0.180	0.001	0.818
0.001	0.001	0.047	0.951
>CGATATGCAC	8-CGATATGCAC	7.715392	-19.837964	0	T:38.0(15.77%),B:2187.9(5.30%),P:1e-8	Tpos:404.5,Tstd:276.7,Bpos:481.2,Bstd:310.7,StrandBias:0.2,Multiplicity:1.03
0.002	0.767	0.102	0.129
0.002	0.001	0.818	0.179
0.800	0.174	0.001	0.025
0.038	0.150	0.023	0.789
0.768	0.001	0.229	0.002
0.074	0.110	0.149	0.667
0.001	0.003	0.994	0.002
0.066	0.660	0.190	0.084
0.997	0.001	0.001	0.001
0.002	0.753	0.169	0.076
>AGACTTGGAA	9-AGACTTGGAA	9.651972	-19.807593	0	T:34.0(14.11%),B:1801.3(4.36%),P:1e-8	Tpos:490.4,Tstd:266.7,Bpos:525.2,Bstd:305.0,StrandBias:-0.4,Multiplicity:1.03
0.997	0.001	0.001	0.001
0.156	0.020	0.762	0.062
0.935	0.038	0.001	0.026
0.055	0.943	0.001	0.001
0.022	0.001	0.029	0.948
0.001	0.036	0.001	0.962
0.048	0.001	0.941	0.010
0.031	0.035	0.901	0.033
0.960	0.038	0.001	0.001
0.867	0.001	0.001	0.131
>TTATGATCTT	10-TTATGATCTT	9.924535	-19.110943	0	T:37.0(15.35%),B:2147.8(5.20%),P:1e-8	Tpos:533.3,Tstd:268.6,Bpos:505.4,Bstd:292.4,StrandBias:0.2,Multiplicity:1.00
0.001	0.001	0.001	0.997
0.048	0.001	0.137	0.814
0.891	0.107	0.001	0.001
0.001	0.142	0.001	0.856
0.001	0.001	0.958	0.040
0.997	0.001	0.001	0.001
0.187	0.064	0.001	0.748
0.001	0.833	0.001	0.165
0.001	0.058	0.001	0.940
0.044	0.001	0.001	0.954
>GTGACCGCTT	11-GTGACCGCTT	8.252487	-16.747282	0	T:22.0(9.13%),B:935.4(2.26%),P:1e-7	Tpos:361.1,Tstd:250.6,Bpos:512.1,Bstd:308.1,StrandBias:-2.1,Multiplicity:1.23
0.157	0.223	0.619	0.001
0.059	0.065	0.001	0.875
0.081	0.064	0.788	0.067
0.832	0.001	0.048	0.119
0.045	0.922	0.001	0.032
0.089	0.827	0.001	0.083
0.052	0.069	0.823	0.056
0.105	0.780	0.064	0.051
0.245	0.059	0.001	0.695
0.051	0.112	0.001	0.836
>GAAATSATTT	12-GAAATSATTT	6.614351	-16.529188	0	T:92.0(38.17%),B:9422.4(22.81%),P:1e-7	Tpos:632.5,Tstd:312.1,Bpos:517.5,Bstd:309.2,StrandBias:-0.6,Multiplicity:1.34
0.130	0.227	0.450	0.193
0.523	0.162	0.155	0.160
0.590	0.053	0.123	0.234
0.644	0.020	0.170	0.166
0.198	0.026	0.141	0.635
0.200	0.378	0.298	0.124
0.772	0.092	0.079	0.057
0.293	0.095	0.114	0.499
0.143	0.229	0.001	0.627
0.174	0.146	0.208	0.472
>TRTAGGCGCC	13-TRTAGGCGCC	9.131478	-14.756226	0	T:19.0(7.88%),B:800.3(1.94%),P:1e-6	Tpos:505.0,Tstd:290.0,Bpos:524.4,Bstd:329.6,StrandBias:-0.4,Multiplicity:1.24
0.025	0.001	0.001	0.973
0.376	0.236	0.387	0.001
0.001	0.001	0.001	0.997
0.997	0.001	0.001	0.001
0.300	0.001	0.698	0.001
0.410	0.001	0.588	0.001
0.359	0.639	0.001	0.001
0.001	0.001	0.796	0.202
0.279	0.719	0.001	0.001
0.039	0.959	0.001	0.001
>GATTGTGCAT	14-GATTGTGCAT	8.916333	-14.355092	0	T:15.0(6.22%),B:514.5(1.25%),P:1e-6	Tpos:391.4,Tstd:314.0,Bpos:499.9,Bstd:307.1,StrandBias:-0.2,Multiplicity:1.13
0.001	0.001	0.960	0.038
0.670	0.001	0.328	0.001
0.001	0.001	0.001	0.997
0.001	0.001	0.001	0.997
0.001	0.001	0.997	0.001
0.162	0.001	0.001	0.836
0.001	0.001	0.997	0.001
0.001	0.997	0.001	0.001
0.658	0.001	0.340	0.001
0.001	0.001	0.001	0.997
>CTGCTTGTCC	15-CTGCTTGTCC	7.239793	-12.764541	0	T:38.0(15.77%),B:2901.7(7.02%),P:1e-5	Tpos:495.7,Tstd:312.2,Bpos:468.3,Bstd:317.7,StrandBias:-0.2,Multiplicity:1.17
0.088	0.846	0.033	0.033
0.047	0.001	0.072	0.880
0.053	0.024	0.851	0.072
0.032	0.727	0.217	0.024
0.094	0.001	0.140	0.765
0.123	0.032	0.069	0.776
0.012	0.001	0.986	0.001
0.115	0.058	0.165	0.662
0.193	0.652	0.094	0.061
0.051	0.839	0.082	0.028
>TAGGCAGGCA	16-TAGGCAGGCA	6.522448	-12.489750	0	T:76.0(31.54%),B:7936.1(19.21%),P:1e-5	Tpos:489.4,Tstd:269.9,Bpos:495.4,Bstd:290.4,StrandBias:0.2,Multiplicity:1.68
0.005	0.290	0.010	0.695
0.693	0.146	0.071	0.090
0.258	0.001	0.703	0.038
0.222	0.032	0.651	0.095
0.140	0.625	0.061	0.174
0.746	0.221	0.014	0.019
0.066	0.005	0.802	0.127
0.191	0.008	0.652	0.149
0.007	0.662	0.014	0.317
0.816	0.033	0.121	0.030
>AAAATCAATA	17-AAAATCAATA	8.488716	-12.433613	0	T:67.0(27.80%),B:6682.0(16.17%),P:1e-5	Tpos:621.7,Tstd:276.6,Bpos:536.9,Bstd:332.4,StrandBias:0.3,Multiplicity:1.73
0.763	0.235	0.001	0.001
0.997	0.001	0.001	0.001
0.810	0.188	0.001	0.001
0.872	0.126	0.001	0.001
0.001	0.001	0.001	0.997
0.001	0.997	0.001	0.001
0.951	0.001	0.047	0.001
0.712	0.001	0.286	0.001
0.001	0.001	0.001	0.997
0.966	0.032	0.001	0.001
>AGCACCAGGA	18-AGCACCAGGA	9.180102	-12.288698	0	T:16.0(6.64%),B:692.7(1.68%),P:1e-5	Tpos:522.2,Tstd:232.1,Bpos:416.3,Bstd:296.5,StrandBias:1.6,Multiplicity:1.75
0.885	0.007	0.001	0.107
0.094	0.088	0.810	0.008
0.034	0.837	0.029	0.100
0.638	0.260	0.001	0.101
0.001	0.997	0.001	0.001
0.001	0.997	0.001	0.001
0.899	0.001	0.001	0.099
0.001	0.016	0.851	0.132
0.060	0.001	0.938	0.001
0.978	0.009	0.001	0.012
>GTCAAGGCGC	19-GTCAAGGCGC	10.296193	-9.000420	0	T:3.0(1.24%),B:14.7(0.04%),P:1e-3	Tpos:253.8,Tstd:273.5,Bpos:496.4,Bstd:223.1,StrandBias:10.0,Multiplicity:1.33
0.100	0.100	0.700	0.100
0.100	0.100	0.100	0.700
0.100	0.700	0.100	0.100
0.700	0.100	0.100	0.100
0.700	0.100	0.100	0.100
0.100	0.100	0.700	0.100
0.100	0.100	0.700	0.100
0.100	0.700	0.100	0.100
0.100	0.100	0.700	0.100
0.100	0.700	0.100	0.100
>GKTCACGACC	20-GKTCACGACC	9.680561	-7.628545	0	T:7.0(2.90%),B:229.2(0.55%),P:1e-3	Tpos:429.6,Tstd:229.9,Bpos:457.4,Bstd:282.1,StrandBias:-1.3,Multiplicity:1.86
0.001	0.285	0.701	0.013
0.001	0.001	0.429	0.569
0.001	0.001	0.283	0.715
0.253	0.732	0.001	0.014
0.997	0.001	0.001	0.001
0.001	0.603	0.001	0.395
0.001	0.001	0.861	0.137
0.868	0.001	0.130	0.001
0.001	0.813	0.001	0.185
0.001	0.884	0.114	0.001
>GCTCATACTT	21-GCTCATACTT	10.296193	-7.370322	0	T:3.0(1.24%),B:26.2(0.06%),P:1e-3	Tpos:251.6,Tstd:172.9,Bpos:495.8,Bstd:269.3,StrandBias:2.6,Multiplicity:2.33
0.100	0.100	0.700	0.100
0.100	0.700	0.100	0.100
0.100	0.100	0.100	0.700
0.100	0.700	0.100	0.100
0.700	0.100	0.100	0.100
0.100	0.100	0.100	0.700
0.700	0.100	0.100	0.100
0.100	0.700	0.100	0.100
0.100	0.100	0.100	0.700
0.100	0.100	0.100	0.700
>GCGACCGCGA	22-GCGACCGCGA	11.481073	-6.987162	0	T:4.0(1.66%),B:71.0(0.17%),P:1e-3	Tpos:462.4,Tstd:193.9,Bpos:469.5,Bstd:339.9,StrandBias:-2.8,Multiplicity:2.00
0.001	0.001	0.997	0.001
0.001	0.997	0.001	0.001
0.001	0.001	0.997	0.001
0.997	0.001	0.001	0.001
0.001	0.997	0.001	0.001
0.001	0.873	0.001	0.125
0.001	0.001	0.997	0.001
0.001	0.997	0.001	0.001
0.001	0.001	0.997	0.001
0.757	0.001	0.241	0.001
>GATTACCCAT	23-GATTACCCAT	10.834879	-5.806781	0	T:4.0(1.66%),B:98.4(0.24%),P:1e-2	Tpos:448.3,Tstd:269.9,Bpos:507.9,Bstd:262.8,StrandBias:3.2,Multiplicity:2.50
0.001	0.001	0.997	0.001
0.934	0.001	0.001	0.064
0.001	0.106	0.001	0.892
0.001	0.001	0.001	0.997
0.997	0.001	0.001	0.001
0.001	0.997	0.001	0.001
0.001	0.997	0.001	0.001
0.001	0.997	0.001	0.001
0.997	0.001	0.001	0.001
0.001	0.132	0.001	0.866
>GTAACTTTGG	24-GTAACTTTGG	11.277965	-5.514979	0	T:5.0(2.07%),B:174.9(0.42%),P:1e-2	Tpos:462.8,Tstd:232.9,Bpos:441.8,Bstd:291.4,StrandBias:-2.2,Multiplicity:2.20
0.001	0.001	0.997	0.001
0.001	0.001	0.145	0.853
0.997	0.001	0.001	0.001
0.997	0.001	0.001	0.001
0.001	0.997	0.001	0.001
0.001	0.113	0.001	0.885
0.001	0.001	0.102	0.896
0.001	0.001	0.001	0.997
0.001	0.001	0.997	0.001
0.001	0.001	0.997	0.001
>CCGTGTAGCT	25-CCGTGTAGCT	10.296193	-2.873320	0	T:1.0(0.41%),B:9.6(0.02%),P:1e-1	Tpos:313.0,Tstd:184.4,Bpos:489.3,Bstd:259.6,StrandBias:10.0,Multiplicity:6.00
0.100	0.700	0.100	0.100
0.100	0.700	0.100	0.100
0.100	0.100	0.700	0.100
0.100	0.100	0.100	0.700
0.100	0.100	0.700	0.100
0.100	0.100	0.100	0.700
0.700	0.100	0.100	0.100
0.100	0.100	0.700	0.100
0.100	0.700	0.100	0.100
0.100	0.100	0.100	0.700
