>KAWAGGTCACGW	1-KAWAGGTCACGW	8.627735	-45.548170	0	T:49.0(20.33%),B:1669.2(4.04%),P:1e-19	Tpos:701.9,Tstd:267.1,Bpos:535.8,Bstd:316.6,StrandBias:-1.9,Multiplicity:1.16
0.104	0.061	0.355	0.480
0.562	0.194	0.142	0.102
0.466	0.004	0.196	0.334
0.449	0.098	0.196	0.256
0.001	0.001	0.952	0.046
0.001	0.002	0.630	0.367
0.001	0.001	0.097	0.901
0.001	0.997	0.001	0.001
0.903	0.001	0.001	0.095
0.001	0.935	0.001	0.063
0.001	0.001	0.997	0.001
0.526	0.001	0.001	0.472
>TATTTACGTGAA	2-TATTTACGTGAA	10.466498	-26.449387	0	T:28.0(11.62%),B:934.3(2.26%),P:1e-11	Tpos:690.8,Tstd:229.4,Bpos:512.0,Bstd:306.5,StrandBias:0.2,Multiplicity:1.14
0.134	0.001	0.172	0.693
0.890	0.001	0.001	0.108
0.110	0.001	0.001	0.888
0.001	0.069	0.001	0.929
0.001	0.070	0.275	0.654
0.603	0.395	0.001	0.001
0.175	0.609	0.001	0.215
0.105	0.101	0.714	0.080
0.001	0.001	0.001	0.997
0.001	0.029	0.969	0.001
0.573	0.001	0.381	0.045
0.780	0.001	0.001	0.218
>CGTGGAACACGT	3-CGTGGAACACGT	9.083612	-24.457648	0	T:55.0(22.82%),B:3553.6(8.60%),P:1e-10	Tpos:514.3,Tstd:303.2,Bpos:507.6,Bstd:300.4,StrandBias:-0.1,Multiplicity:1.06
0.038	0.760	0.076	0.126
0.066	0.001	0.665	0.268
0.001	0.001	0.044	0.954
0.001	0.049	0.949	0.001
0.133	0.001	0.865	0.001
0.819	0.179	0.001	0.001
0.956	0.042	0.001	0.001
0.258	0.527	0.060	0.155
0.882	0.043	0.001	0.074
0.085	0.582	0.001	0.332
0.252	0.001	0.530	0.217
0.001	0.001	0.001	0.997
>ATCAATAATCAA	4-ATCAATAATCAA	12.424528	-23.058863	0	T:18.0(7.47%),B:412.2(1.00%),P:1e-10	Tpos:632.4,Tstd:312.0,Bpos:548.6,Bstd:331.7,StrandBias:1.2,Multiplicity:1.18
0.997	0.001	0.001	0.001
0.053	0.001	0.001	0.945
0.001	0.894	0.051	0.054
0.597	0.001	0.317	0.085
0.997	0.001	0.001	0.001
0.001	0.070	0.001	0.928
0.877	0.074	0.001	0.048
0.955	0.001	0.001	0.043
0.001	0.001	0.001	0.997
0.001	0.997	0.001	0.001
0.853	0.001	0.069	0.077
0.997	0.001	0.001	0.001
>GATTASYCACAA	5-GATTASYCACAA	12.137333	-20.537312	0	T:10.0(4.15%),B:102.8(0.25%),P:1e-8	Tpos:356.0,Tstd:251.1,Bpos:499.6,Bstd:301.4,StrandBias:1.0,Multiplicity:1.20
0.001	0.001	0.997	0.001
0.710	0.001	0.001	0.288
0.001	0.001	0.165	0.833
0.001	0.001	0.001	0.997
0.667	0.001	0.331	0.001
0.001	0.485	0.513	0.001
0.001	0.529	0.001	0.469
0.001	0.997	0.001	0.001
0.997	0.001	0.001	0.001
0.001	0.973	0.001	0.025
0.997	0.001	0.001	0.001
0.679	0.001	0.319	0.001
>GAAATAAAWTAT	6-GAAATAAAWTAT	11.740135	-19.237702	0	T:46.0(19.09%),B:3080.2(7.46%),P:1e-8	Tpos:713.9,Tstd:289.4,Bpos:541.6,Bstd:307.0,StrandBias:-0.5,Multiplicity:1.15
0.285	0.001	0.470	0.245
0.617	0.254	0.128	0.001
0.997	0.001	0.001	0.001
0.997	0.001	0.001	0.001
0.001	0.001	0.001	0.997
0.730	0.001	0.268	0.001
0.997	0.001	0.001	0.001
0.589	0.001	0.001	0.409
0.572	0.001	0.001	0.426
0.001	0.001	0.386	0.612
0.704	0.001	0.001	0.294
0.025	0.001	0.001	0.973
>AACCAATCAGTT	7-AACCAATCAGTT	13.136142	-16.988460	0	T:11.0(4.56%),B:196.4(0.48%),P:1e-7	Tpos:707.9,Tstd:194.5,Bpos:553.2,Bstd:318.2,StrandBias:0.0,Multiplicity:1.27
0.997	0.001	0.001	0.001
0.997	0.001	0.001	0.001
0.063	0.697	0.001	0.239
0.087	0.911	0.001	0.001
0.997	0.001	0.001	0.001
0.997	0.001	0.001	0.001
0.001	0.001	0.001	0.997
0.001	0.997	0.001	0.001
0.997	0.001	0.001	0.001
0.077	0.092	0.749	0.082
0.182	0.001	0.097	0.720
0.001	0.001	0.001	0.997
>CYGTTTTAGAGT	8-CYGTTTTAGAGT	13.263435	-16.745935	0	T:7.0(2.90%),B:52.7(0.13%),P:1e-7	Tpos:583.3,Tstd:156.8,Bpos:506.8,Bstd:296.6,StrandBias:1.3,Multiplicity:1.00
0.111	0.887	0.001	0.001
0.001	0.504	0.001	0.494
0.001	0.001	0.997	0.001
0.001	0.001	0.001	0.997
0.001	0.001	0.001	0.997
0.001	0.001	0.001	0.997
0.001	0.001	0.001	0.997
0.997	0.001	0.001	0.001
0.355	0.001	0.643	0.001
0.997	0.001	0.001	0.001
0.001	0.001	0.997	0.001
0.001	0.001	0.001	0.997
>TATCAAATGGAC	9-TATCAAATGGAC	12.864895	-16.626807	0	T:7.0(2.90%),B:54.0(0.13%),P:1e-7	Tpos:467.6,Tstd:322.4,Bpos:566.9,Bstd:322.7,StrandBias:-0.3,Multiplicity:1.29
0.001	0.001	0.001	0.997
0.997	0.001	0.001	0.001
0.001	0.013	0.001	0.985
0.001	0.782	0.001	0.216
0.685	0.001	0.001	0.313
0.769	0.001	0.229	0.001
0.973	0.001	0.010	0.016
0.001	0.001	0.001	0.997
0.214	0.309	0.475	0.001
0.001	0.269	0.729	0.001
0.988	0.010	0.001	0.001
0.001	0.579	0.001	0.419
>AAAAGCTCGAAT	10-AAAAGCTCGAAT	15.110827	-16.496596	0	T:5.0(2.07%),B:14.7(0.04%),P:1e-7	Tpos:425.0,Tstd:170.6,Bpos:498.3,Bstd:309.4,StrandBias:0.6,Multiplicity:1.00
0.997	0.001	0.001	0.001
0.997	0.001	0.001	0.001
0.997	0.001	0.001	0.001
0.997	0.001	0.001	0.001
0.001	0.001	0.997	0.001
0.001	0.997	0.001	0.001
0.001	0.001	0.001	0.997
0.225	0.773	0.001	0.001
0.001	0.001	0.997	0.001
0.997	0.001	0.001	0.001
0.997	0.001	0.001	0.001
0.001	0.001	0.001	0.997
>TATTGATTTTCT	11-TATTGATTTTCT	11.280865	-16.389424	0	T:22.0(9.13%),B:955.2(2.31%),P:1e-7	Tpos:631.6,Tstd:259.9,Bpos:537.9,Bstd:325.2,StrandBias:-0.6,Multiplicity:1.36
0.113	0.094	0.103	0.690
0.707	0.094	0.099	0.100
0.083	0.083	0.064	0.770
0.078	0.107	0.076	0.739
0.089	0.070	0.744	0.097
0.803	0.071	0.065	0.061
0.109	0.062	0.079	0.750
0.094	0.060	0.049	0.797
0.072	0.068	0.077	0.783
0.087	0.064	0.065	0.784
0.092	0.680	0.125	0.103
0.074	0.103	0.069	0.754
>TCAGATTTTCAC	12-TCAGATTTTCAC	13.095023	-16.081679	0	T:10.0(4.15%),B:168.6(0.41%),P:1e-6	Tpos:477.4,Tstd:298.5,Bpos:496.4,Bstd:311.6,StrandBias:-1.3,Multiplicity:1.70
0.001	0.001	0.001	0.997
0.001	0.950	0.048	0.001
0.888	0.054	0.001	0.057
0.001	0.081	0.917	0.001
0.926	0.072	0.001	0.001
0.001	0.001	0.001	0.997
0.001	0.001	0.103	0.895
0.001	0.001	0.001	0.997
0.001	0.001	0.072	0.926
0.001	0.962	0.001	0.036
0.904	0.001	0.001	0.094
0.017	0.932	0.050	0.001
>TTCTAATCGAAC	13-TTCTAATCGAAC	12.355432	-15.811356	0	T:4.0(1.66%),B:5.2(0.01%),P:1e-6	Tpos:730.2,Tstd:133.7,Bpos:388.0,Bstd:309.5,StrandBias:0.0,Multiplicity:1.00
0.100	0.100	0.100	0.700
0.100	0.100	0.100	0.700
0.100	0.700	0.100	0.100
0.100	0.100	0.100	0.700
0.700	0.100	0.100	0.100
0.700	0.100	0.100	0.100
0.100	0.100	0.100	0.700
0.100	0.700	0.100	0.100
0.100	0.100	0.700	0.100
0.700	0.100	0.100	0.100
0.700	0.100	0.100	0.100
0.100	0.700	0.100	0.100
>TCGATAATTTCT	14-TCGATAATTTCT	12.579254	-14.989139	0	T:13.0(5.39%),B:357.8(0.87%),P:1e-6	Tpos:665.7,Tstd:217.9,Bpos:513.2,Bstd:348.3,StrandBias:0.9,Multiplicity:1.54
0.001	0.001	0.104	0.894
0.001	0.888	0.086	0.025
0.001	0.001	0.997	0.001
0.997	0.001	0.001	0.001
0.001	0.001	0.001	0.997
0.945	0.001	0.001	0.053
0.966	0.001	0.001	0.032
0.055	0.001	0.001	0.943
0.104	0.001	0.001	0.894
0.001	0.058	0.001	0.940
0.046	0.676	0.001	0.277
0.028	0.038	0.045	0.889
>CAGCCGTGNAGC	15-CAGCCGTGNAGC	12.757060	-14.093629	0	T:4.0(1.66%),B:9.2(0.02%),P:1e-6	Tpos:359.4,Tstd:177.1,Bpos:639.0,Bstd:415.6,StrandBias:3.0,Multiplicity:2.25
0.245	0.753	0.001	0.001
0.753	0.245	0.001	0.001
0.001	0.001	0.997	0.001
0.001	0.997	0.001	0.001
0.001	0.785	0.213	0.001
0.001	0.245	0.753	0.001
0.001	0.001	0.001	0.997
0.001	0.001	0.997	0.001
0.246	0.246	0.246	0.261
0.997	0.001	0.001	0.001
0.001	0.001	0.997	0.001
0.001	0.785	0.213	0.001
>CGCCGCBGTCGC	16-CGCCGCBGTCGC	10.453174	-13.223912	0	T:9.0(3.73%),B:180.7(0.44%),P:1e-5	Tpos:530.9,Tstd:241.7,Bpos:483.8,Bstd:339.3,StrandBias:2.0,Multiplicity:1.67
0.001	0.997	0.001	0.001
0.001	0.001	0.977	0.021
0.001	0.960	0.001	0.038
0.001	0.997	0.001	0.001
0.001	0.001	0.997	0.001
0.001	0.858	0.001	0.140
0.022	0.314	0.389	0.275
0.001	0.001	0.997	0.001
0.001	0.001	0.369	0.629
0.185	0.666	0.001	0.148
0.341	0.001	0.657	0.001
0.013	0.829	0.157	0.001
>GAGCACCAGGAG	17-GAGCACCAGGAG	10.221212	-12.575023	0	T:13.0(5.39%),B:447.1(1.08%),P:1e-5	Tpos:600.7,Tstd:218.7,Bpos:451.6,Bstd:318.0,StrandBias:2.3,Multiplicity:1.85
0.143	0.069	0.784	0.004
0.918	0.080	0.001	0.001
0.095	0.049	0.775	0.081
0.116	0.621	0.182	0.081
0.838	0.048	0.001	0.113
0.069	0.830	0.100	0.001
0.001	0.941	0.057	0.001
0.996	0.001	0.001	0.002
0.001	0.069	0.850	0.080
0.001	0.128	0.870	0.001
0.997	0.001	0.001	0.001
0.358	0.047	0.594	0.001
>TTACCCATACAT	18-TTACCCATACAT	11.602968	-12.212157	0	T:4.0(1.66%),B:16.1(0.04%),P:1e-5	Tpos:417.9,Tstd:268.6,Bpos:486.7,Bstd:330.4,StrandBias:3.0,Multiplicity:2.25
0.001	0.001	0.001	0.997
0.001	0.001	0.001	0.997
0.997	0.001	0.001	0.001
0.001	0.997	0.001	0.001
0.001	0.997	0.001	0.001
0.001	0.997	0.001	0.001
0.997	0.001	0.001	0.001
0.001	0.001	0.001	0.997
0.997	0.001	0.001	0.001
0.001	0.794	0.158	0.047
0.794	0.143	0.001	0.062
0.001	0.001	0.001	0.997
>GTCTATATAAAG	19-GTCTATATAAAG	11.845081	-11.616101	0	T:7.0(2.90%),B:118.7(0.29%),P:1e-5	Tpos:436.6,Tstd:288.5,Bpos:488.3,Bstd:300.4,StrandBias:0.6,Multiplicity:1.43
0.001	0.001	0.997	0.001
0.001	0.001	0.001	0.997
0.001	0.997	0.001	0.001
0.001	0.150	0.001	0.848
0.503	0.306	0.001	0.190
0.150	0.001	0.165	0.684
0.683	0.315	0.001	0.001
0.001	0.001	0.001	0.997
0.808	0.001	0.001	0.190
0.833	0.165	0.001	0.001
0.997	0.001	0.001	0.001
0.290	0.001	0.708	0.001
>AAAAACTTTACG	20-AAAAACTTTACG	14.464561	-10.965748	0	T:5.0(2.07%),B:50.1(0.12%),P:1e-4	Tpos:469.9,Tstd:434.5,Bpos:508.4,Bstd:331.3,StrandBias:0.4,Multiplicity:1.40
0.858	0.001	0.001	0.140
0.997	0.001	0.001	0.001
0.997	0.001	0.001	0.001
0.997	0.001	0.001	0.001
0.997	0.001	0.001	0.001
0.001	0.997	0.001	0.001
0.137	0.001	0.001	0.861
0.001	0.001	0.001	0.997
0.001	0.001	0.001	0.997
0.997	0.001	0.001	0.001
0.001	0.997	0.001	0.001
0.001	0.001	0.997	0.001
>CMTGCCTGCCTA	21-CMTGCCTGCCTA	6.210196	-10.373930	0	T:73.0(30.29%),B:7975.0(19.30%),P:1e-4	Tpos:498.4,Tstd:264.5,Bpos:488.9,Bstd:292.4,StrandBias:-0.1,Multiplicity:1.81
0.278	0.622	0.001	0.099
0.364	0.450	0.098	0.088
0.013	0.116	0.001	0.870
0.189	0.124	0.546	0.141
0.093	0.823	0.048	0.036
0.101	0.758	0.096	0.045
0.037	0.001	0.171	0.791
0.163	0.088	0.706	0.043
0.079	0.826	0.018	0.077
0.131	0.592	0.001	0.276
0.014	0.016	0.089	0.881
0.511	0.152	0.329	0.008
>AGCTCATACTTG	22-AGCTCATACTTG	14.988031	-10.304086	0	T:2.0(0.83%),B:0.0(0.00%),P:1e-4	Tpos:265.8,Tstd:182.9,Bpos:0.0,Bstd:0.0,StrandBias:10.0,Multiplicity:3.00
0.799	0.001	0.001	0.199
0.001	0.001	0.997	0.001
0.001	0.997	0.001	0.001
0.001	0.001	0.001	0.997
0.001	0.997	0.001	0.001
0.997	0.001	0.001	0.001
0.001	0.001	0.001	0.997
0.997	0.001	0.001	0.001
0.001	0.997	0.001	0.001
0.001	0.001	0.001	0.997
0.001	0.001	0.001	0.997
0.001	0.001	0.997	0.001
>GGRATCTGATCT	23-GGRATCTGATCT	9.618534	-9.314711	0	T:7.0(2.90%),B:172.9(0.42%),P:1e-4	Tpos:623.1,Tstd:215.0,Bpos:479.6,Bstd:287.0,StrandBias:-3.7,Multiplicity:2.00
0.107	0.001	0.891	0.001
0.007	0.001	0.991	0.001
0.453	0.001	0.545	0.001
0.930	0.001	0.001	0.068
0.002	0.001	0.001	0.996
0.001	0.997	0.001	0.001
0.001	0.333	0.069	0.597
0.001	0.001	0.997	0.001
0.994	0.001	0.001	0.004
0.072	0.001	0.001	0.926
0.001	0.961	0.001	0.037
0.001	0.001	0.001	0.997
>GTGGAAATTTAG	24-GTGGAAATTTAG	14.925835	-7.816126	0	T:3.0(1.24%),B:22.3(0.05%),P:1e-3	Tpos:466.2,Tstd:438.5,Bpos:476.4,Bstd:358.5,StrandBias:0.6,Multiplicity:1.67
0.187	0.001	0.811	0.001
0.001	0.001	0.001	0.997
0.001	0.001	0.997	0.001
0.001	0.001	0.997	0.001
0.997	0.001	0.001	0.001
0.997	0.001	0.001	0.001
0.997	0.001	0.001	0.001
0.001	0.001	0.001	0.997
0.001	0.001	0.001	0.997
0.001	0.001	0.001	0.997
0.997	0.001	0.001	0.001
0.001	0.001	0.997	0.001
>CCCAGATTATAT	25-CCCAGATTATAT	13.268618	-6.650037	0	T:3.0(1.24%),B:34.6(0.08%),P:1e-2	Tpos:392.1,Tstd:222.0,Bpos:522.4,Bstd:273.8,StrandBias:-10.0,Multiplicity:2.33
0.001	0.997	0.001	0.001
0.001	0.997	0.001	0.001
0.001	0.997	0.001	0.001
0.997	0.001	0.001	0.001
0.215	0.001	0.783	0.001
0.964	0.001	0.034	0.001
0.001	0.001	0.001	0.997
0.001	0.001	0.001	0.997
0.997	0.001	0.001	0.001
0.001	0.001	0.001	0.997
0.827	0.001	0.001	0.171
0.001	0.001	0.001	0.997
