>TTTGCATCAT	1-TTTGCATCAT	8.634803	-86.157437	0	T:59.0(25.21%),B:1112.7(2.75%),P:1e-37	Tpos:718.5,Tstd:231.7,Bpos:497.6,Bstd:303.0,StrandBias:0.5,Multiplicity:1.14
0.133	0.056	0.014	0.797
0.001	0.001	0.001	0.997
0.001	0.001	0.001	0.997
0.059	0.001	0.939	0.001
0.001	0.997	0.001	0.001
0.950	0.001	0.048	0.001
0.001	0.001	0.001	0.997
0.001	0.997	0.001	0.001
0.997	0.001	0.001	0.001
0.001	0.087	0.001	0.911
>AGACTTGATC	2-AGACTTGATC	7.082483	-22.627738	0	T:75.0(32.05%),B:6188.5(15.32%),P:1e-9	Tpos:450.7,Tstd:299.5,Bpos:500.7,Bstd:308.7,StrandBias:0.1,Multiplicity:1.18
0.754	0.045	0.086	0.115
0.055	0.077	0.784	0.084
0.828	0.043	0.073	0.056
0.060	0.758	0.137	0.045
0.075	0.047	0.075	0.803
0.110	0.049	0.031	0.810
0.073	0.077	0.767	0.083
0.804	0.077	0.020	0.099
0.056	0.043	0.007	0.894
0.100	0.807	0.063	0.030
>GTGTGACTTA	3-GTGTGACTTA	8.966253	-22.324130	0	T:21.0(8.97%),B:620.5(1.54%),P:1e-9	Tpos:570.8,Tstd:292.3,Bpos:524.0,Bstd:309.2,StrandBias:-1.0,Multiplicity:1.00
0.021	0.063	0.767	0.149
0.045	0.061	0.067	0.827
0.088	0.023	0.880	0.009
0.140	0.233	0.027	0.600
0.019	0.001	0.856	0.124
0.642	0.123	0.156	0.079
0.066	0.733	0.030	0.171
0.128	0.129	0.082	0.661
0.067	0.007	0.143	0.783
0.653	0.201	0.039	0.107
>GTGGTTTGTG	4-GTGGTTTGTG	8.712778	-22.130482	0	T:42.0(17.95%),B:2421.2(5.99%),P:1e-9	Tpos:601.3,Tstd:280.6,Bpos:513.7,Bstd:307.8,StrandBias:-0.4,Multiplicity:1.12
0.233	0.001	0.725	0.041
0.001	0.318	0.058	0.623
0.081	0.001	0.687	0.231
0.042	0.096	0.861	0.001
0.001	0.001	0.141	0.857
0.001	0.001	0.001	0.997
0.152	0.001	0.001	0.846
0.259	0.001	0.739	0.001
0.001	0.059	0.001	0.939
0.111	0.001	0.887	0.001
>CTTTCGTCAT	5-CTTTCGTCAT	10.331292	-22.078330	0	T:17.0(7.26%),B:386.7(0.96%),P:1e-9	Tpos:592.4,Tstd:308.1,Bpos:533.7,Bstd:304.7,StrandBias:0.3,Multiplicity:1.06
0.083	0.915	0.001	0.001
0.001	0.001	0.001	0.997
0.001	0.001	0.001	0.997
0.001	0.001	0.204	0.794
0.172	0.684	0.143	0.001
0.001	0.001	0.997	0.001
0.001	0.208	0.001	0.790
0.001	0.834	0.164	0.001
0.997	0.001	0.001	0.001
0.001	0.001	0.001	0.997
>TATGGTGTAG	6-TATGGTGTAG	9.978222	-20.996971	0	T:19.0(8.12%),B:537.5(1.33%),P:1e-9	Tpos:615.6,Tstd:253.5,Bpos:491.8,Bstd:318.8,StrandBias:-1.1,Multiplicity:1.00
0.054	0.001	0.064	0.881
0.917	0.081	0.001	0.001
0.089	0.001	0.001	0.909
0.074	0.065	0.860	0.001
0.050	0.001	0.752	0.197
0.001	0.001	0.001	0.997
0.001	0.001	0.943	0.055
0.054	0.001	0.001	0.944
0.855	0.085	0.001	0.059
0.001	0.001	0.997	0.001
>CTCTCCGCTG	7-CTCTCCGCTG	9.951895	-20.849235	0	T:15.0(6.41%),B:310.1(0.77%),P:1e-9	Tpos:569.1,Tstd:288.7,Bpos:510.7,Bstd:299.4,StrandBias:1.1,Multiplicity:1.07
0.103	0.801	0.095	0.001
0.001	0.125	0.001	0.873
0.001	0.997	0.001	0.001
0.001	0.001	0.089	0.909
0.001	0.997	0.001	0.001
0.055	0.943	0.001	0.001
0.001	0.001	0.997	0.001
0.001	0.950	0.001	0.048
0.084	0.001	0.090	0.825
0.071	0.043	0.767	0.119
>AGACGCAGGG	8-AGACGCAGGG	7.861017	-20.810252	0	T:39.0(16.67%),B:2227.2(5.51%),P:1e-9	Tpos:615.8,Tstd:280.0,Bpos:534.3,Bstd:301.9,StrandBias:-1.4,Multiplicity:1.13
0.859	0.068	0.072	0.001
0.086	0.056	0.786	0.072
0.906	0.001	0.049	0.044
0.073	0.667	0.102	0.158
0.070	0.021	0.820	0.089
0.033	0.869	0.040	0.058
0.803	0.047	0.064	0.086
0.027	0.032	0.902	0.039
0.085	0.071	0.792	0.052
0.220	0.080	0.603	0.097
>TTGTCATCAT	9-TTGTCATCAT	8.345083	-20.760540	0	T:39.0(16.67%),B:2231.3(5.52%),P:1e-9	Tpos:602.9,Tstd:286.7,Bpos:522.1,Bstd:312.0,StrandBias:1.5,Multiplicity:1.10
0.198	0.001	0.001	0.800
0.169	0.187	0.047	0.597
0.070	0.005	0.850	0.075
0.130	0.106	0.194	0.570
0.173	0.773	0.022	0.032
0.701	0.001	0.271	0.027
0.112	0.123	0.036	0.729
0.178	0.690	0.001	0.131
0.763	0.001	0.180	0.056
0.013	0.148	0.205	0.634
>ACCCCGAGAA	10-ACCCCGAGAA	9.409107	-20.468734	0	T:21.0(8.97%),B:690.9(1.71%),P:1e-8	Tpos:505.8,Tstd:219.7,Bpos:509.0,Bstd:301.6,StrandBias:0.7,Multiplicity:1.00
0.904	0.001	0.001	0.094
0.059	0.939	0.001	0.001
0.054	0.876	0.069	0.001
0.185	0.725	0.089	0.001
0.079	0.823	0.097	0.001
0.001	0.001	0.997	0.001
0.997	0.001	0.001	0.001
0.038	0.104	0.857	0.001
0.997	0.001	0.001	0.001
0.997	0.001	0.001	0.001
>GCCTAGTTCG	11-GCCTAGTTCG	10.440538	-20.213320	0	T:11.0(4.70%),B:142.0(0.35%),P:1e-8	Tpos:380.7,Tstd:254.6,Bpos:489.0,Bstd:315.4,StrandBias:-0.8,Multiplicity:1.27
0.001	0.001	0.997	0.001
0.001	0.785	0.001	0.213
0.001	0.884	0.114	0.001
0.001	0.001	0.078	0.920
0.798	0.001	0.001	0.200
0.001	0.001	0.865	0.133
0.114	0.001	0.001	0.884
0.001	0.001	0.001	0.997
0.001	0.997	0.001	0.001
0.001	0.001	0.997	0.001
>TGCTAGAGAC	12-TGCTAGAGAC	10.181540	-18.831897	0	T:13.0(5.56%),B:255.5(0.63%),P:1e-8	Tpos:617.2,Tstd:265.8,Bpos:509.5,Bstd:305.2,StrandBias:-0.2,Multiplicity:1.00
0.001	0.109	0.001	0.889
0.049	0.084	0.824	0.043
0.042	0.831	0.067	0.060
0.001	0.001	0.066	0.932
0.922	0.001	0.076	0.001
0.001	0.001	0.997	0.001
0.997	0.001	0.001	0.001
0.033	0.001	0.965	0.001
0.997	0.001	0.001	0.001
0.035	0.711	0.062	0.192
>CCGCGACTAA	13-CCGCGACTAA	10.732318	-18.147221	0	T:9.0(3.85%),B:98.0(0.24%),P:1e-7	Tpos:551.3,Tstd:248.1,Bpos:469.7,Bstd:279.1,StrandBias:-0.8,Multiplicity:1.22
0.001	0.894	0.001	0.104
0.001	0.997	0.001	0.001
0.001	0.121	0.877	0.001
0.001	0.888	0.001	0.110
0.099	0.085	0.815	0.001
0.833	0.165	0.001	0.001
0.001	0.997	0.001	0.001
0.001	0.001	0.001	0.997
0.897	0.001	0.101	0.001
0.997	0.001	0.001	0.001
>CTMGGTGAGA	14-CTMGGTGAGA	10.410176	-17.214622	0	T:9.0(3.85%),B:110.7(0.27%),P:1e-7	Tpos:443.6,Tstd:333.6,Bpos:474.0,Bstd:316.1,StrandBias:-0.3,Multiplicity:1.00
0.001	0.997	0.001	0.001
0.033	0.001	0.001	0.965
0.440	0.558	0.001	0.001
0.001	0.098	0.900	0.001
0.074	0.001	0.924	0.001
0.100	0.001	0.105	0.794
0.142	0.001	0.856	0.001
0.680	0.193	0.126	0.001
0.001	0.001	0.895	0.103
0.604	0.001	0.001	0.394
>CACTGATAAG	15-CACTGATAAG	6.906149	-16.782575	0	T:91.0(38.89%),B:9324.5(23.09%),P:1e-7	Tpos:557.0,Tstd:306.7,Bpos:522.5,Bstd:318.6,StrandBias:-0.5,Multiplicity:1.33
0.061	0.781	0.099	0.059
0.841	0.040	0.049	0.070
0.113	0.719	0.077	0.091
0.068	0.083	0.033	0.816
0.039	0.097	0.830	0.034
0.819	0.053	0.044	0.084
0.085	0.065	0.061	0.789
0.725	0.126	0.062	0.087
0.798	0.076	0.071	0.055
0.035	0.043	0.888	0.034
>AGTATTTAAG	16-AGTATTTAAG	7.826662	-15.916937	0	T:49.0(20.94%),B:3833.4(9.49%),P:1e-6	Tpos:562.3,Tstd:267.9,Bpos:509.7,Bstd:312.2,StrandBias:0.3,Multiplicity:1.10
0.785	0.051	0.082	0.082
0.047	0.047	0.850	0.056
0.053	0.057	0.065	0.825
0.798	0.077	0.089	0.036
0.058	0.067	0.047	0.828
0.123	0.034	0.079	0.764
0.058	0.075	0.085	0.782
0.732	0.045	0.101	0.122
0.825	0.012	0.090	0.073
0.052	0.066	0.820	0.062
>TTGGCCTTTT	17-TTGGCCTTTT	9.442980	-14.677435	0	T:35.0(14.96%),B:2366.3(5.86%),P:1e-6	Tpos:549.8,Tstd:254.4,Bpos:497.9,Bstd:294.5,StrandBias:0.5,Multiplicity:1.15
0.001	0.001	0.041	0.957
0.001	0.001	0.001	0.997
0.034	0.001	0.964	0.001
0.042	0.001	0.856	0.101
0.110	0.774	0.028	0.088
0.110	0.795	0.094	0.001
0.001	0.064	0.001	0.934
0.001	0.001	0.001	0.997
0.080	0.060	0.063	0.797
0.001	0.049	0.001	0.949
>TTGGCCAACG	18-TTGGCCAACG	7.556268	-13.909423	0	T:28.0(11.97%),B:1700.3(4.21%),P:1e-6	Tpos:442.4,Tstd:313.1,Bpos:484.8,Bstd:309.7,StrandBias:0.3,Multiplicity:1.18
0.064	0.036	0.104	0.796
0.043	0.024	0.101	0.832
0.083	0.031	0.782	0.104
0.049	0.084	0.799	0.068
0.071	0.834	0.050	0.045
0.090	0.806	0.076	0.028
0.812	0.096	0.016	0.076
0.847	0.043	0.025	0.085
0.105	0.710	0.057	0.128
0.084	0.064	0.790	0.062
>GCACGATCTG	19-GCACGATCTG	11.420237	-13.151429	0	T:6.0(2.56%),B:58.9(0.15%),P:1e-5	Tpos:371.5,Tstd:175.8,Bpos:470.7,Bstd:313.9,StrandBias:0.7,Multiplicity:1.33
0.001	0.001	0.997	0.001
0.001	0.997	0.001	0.001
0.997	0.001	0.001	0.001
0.001	0.997	0.001	0.001
0.001	0.106	0.892	0.001
0.840	0.158	0.001	0.001
0.001	0.001	0.001	0.997
0.001	0.997	0.001	0.001
0.001	0.001	0.001	0.997
0.001	0.001	0.997	0.001
>GCGTAAGAAA	20-GCGTAAGAAA	10.296193	-12.346832	0	T:5.0(2.14%),B:37.9(0.09%),P:1e-5	Tpos:406.2,Tstd:264.0,Bpos:531.2,Bstd:268.4,StrandBias:0.6,Multiplicity:1.00
0.100	0.100	0.700	0.100
0.100	0.700	0.100	0.100
0.100	0.100	0.700	0.100
0.100	0.100	0.100	0.700
0.700	0.100	0.100	0.100
0.700	0.100	0.100	0.100
0.100	0.100	0.700	0.100
0.700	0.100	0.100	0.100
0.700	0.100	0.100	0.100
0.700	0.100	0.100	0.100
>GTGCAYGATT	21-GTGCAYGATT	9.249687	-11.653170	0	T:12.0(5.13%),B:418.3(1.04%),P:1e-5	Tpos:422.7,Tstd:294.0,Bpos:508.3,Bstd:312.8,StrandBias:-1.4,Multiplicity:1.83
0.001	0.001	0.997	0.001
0.001	0.083	0.383	0.533
0.230	0.001	0.768	0.001
0.153	0.747	0.001	0.099
0.717	0.132	0.150	0.001
0.001	0.494	0.150	0.354
0.203	0.052	0.744	0.001
0.911	0.087	0.001	0.001
0.001	0.001	0.001	0.997
0.109	0.001	0.264	0.626
>CTCCATAATT	22-CTCCATAATT	10.510623	-10.047927	0	T:15.0(6.41%),B:750.5(1.86%),P:1e-4	Tpos:519.3,Tstd:299.5,Bpos:525.0,Bstd:299.8,StrandBias:-0.7,Multiplicity:1.40
0.001	0.997	0.001	0.001
0.097	0.116	0.001	0.786
0.001	0.997	0.001	0.001
0.106	0.892	0.001	0.001
0.792	0.206	0.001	0.001
0.001	0.001	0.001	0.997
0.971	0.001	0.027	0.001
0.860	0.001	0.138	0.001
0.001	0.122	0.210	0.667
0.037	0.001	0.001	0.961
>TTACVCTGAG	23-TTACVCTGAG	10.287217	-7.314743	0	T:6.0(2.56%),B:175.5(0.43%),P:1e-3	Tpos:443.2,Tstd:257.7,Bpos:464.2,Bstd:279.2,StrandBias:3.7,Multiplicity:2.33
0.001	0.001	0.001	0.997
0.001	0.001	0.001	0.997
0.997	0.001	0.001	0.001
0.104	0.894	0.001	0.001
0.369	0.315	0.315	0.001
0.001	0.997	0.001	0.001
0.001	0.253	0.001	0.745
0.001	0.001	0.997	0.001
0.997	0.001	0.001	0.001
0.001	0.001	0.997	0.001
>ATTGTTACAC	24-ATTGTTACAC	10.778294	-3.045973	0	T:3.0(1.28%),B:137.8(0.34%),P:1e-1	Tpos:445.5,Tstd:148.0,Bpos:435.6,Bstd:257.8,StrandBias:10.0,Multiplicity:7.33
0.997	0.001	0.001	0.001
0.001	0.001	0.001	0.997
0.001	0.001	0.001	0.997
0.001	0.001	0.997	0.001
0.001	0.047	0.001	0.951
0.001	0.001	0.001	0.997
0.997	0.001	0.001	0.001
0.001	0.997	0.001	0.001
0.997	0.001	0.001	0.001
0.001	0.997	0.001	0.001
>GAAACTCCAT	25-GAAACTCCAT	11.646646	-1.571030	0	T:2.0(0.85%),B:145.2(0.36%),P:1e0	Tpos:260.9,Tstd:153.0,Bpos:475.7,Bstd:309.7,StrandBias:-10.0,Multiplicity:5.00
0.001	0.001	0.997	0.001
0.997	0.001	0.001	0.001
0.997	0.001	0.001	0.001
0.997	0.001	0.001	0.001
0.001	0.997	0.001	0.001
0.001	0.001	0.001	0.997
0.001	0.997	0.001	0.001
0.001	0.997	0.001	0.001
0.886	0.112	0.001	0.001
0.001	0.001	0.001	0.997
>WAATGATGCAAW	1-WAATGATGCAAW	10.727718	-83.887787	0	T:46.0(19.66%),B:568.8(1.41%),P:1e-36	Tpos:737.7,Tstd:215.6,Bpos:500.2,Bstd:308.0,StrandBias:-0.8,Multiplicity:1.11
0.369	0.075	0.114	0.443
0.750	0.108	0.056	0.086
0.832	0.001	0.166	0.001
0.001	0.001	0.001	0.997
0.001	0.001	0.997	0.001
0.997	0.001	0.001	0.001
0.001	0.197	0.001	0.801
0.022	0.001	0.976	0.001
0.021	0.894	0.001	0.084
0.997	0.001	0.001	0.001
0.997	0.001	0.001	0.001
0.484	0.050	0.123	0.343
>ATTGTCATCATT	2-ATTGTCATCATT	11.229078	-26.256467	0	T:21.0(8.97%),B:497.8(1.23%),P:1e-11	Tpos:692.1,Tstd:219.8,Bpos:518.2,Bstd:315.2,StrandBias:1.0,Multiplicity:1.00
0.883	0.083	0.001	0.033
0.001	0.001	0.001	0.997
0.001	0.087	0.001	0.911
0.057	0.055	0.860	0.028
0.087	0.001	0.001	0.911
0.062	0.936	0.001	0.001
0.997	0.001	0.001	0.001
0.001	0.001	0.001	0.997
0.060	0.938	0.001	0.001
0.851	0.001	0.073	0.075
0.001	0.001	0.001	0.997
0.101	0.071	0.088	0.740
>TCATCATATTTT	3-TCATCATATTTT	12.602403	-25.861221	0	T:23.0(9.83%),B:628.1(1.56%),P:1e-11	Tpos:589.3,Tstd:324.5,Bpos:529.0,Bstd:302.6,StrandBias:0.7,Multiplicity:1.04
0.001	0.064	0.001	0.934
0.032	0.921	0.046	0.001
0.733	0.001	0.070	0.196
0.001	0.001	0.001	0.997
0.117	0.849	0.033	0.001
0.997	0.001	0.001	0.001
0.001	0.001	0.046	0.952
0.910	0.001	0.001	0.088
0.046	0.001	0.001	0.952
0.001	0.076	0.001	0.922
0.089	0.001	0.001	0.909
0.001	0.001	0.001	0.997
>CAGTTTGTGGTC	4-CAGTTTGTGGTC	9.631735	-24.830856	0	T:24.0(10.26%),B:728.7(1.80%),P:1e-10	Tpos:389.7,Tstd:264.4,Bpos:494.2,Bstd:312.0,StrandBias:0.2,Multiplicity:1.08
0.070	0.835	0.048	0.047
0.778	0.001	0.059	0.162
0.001	0.125	0.871	0.003
0.069	0.150	0.001	0.780
0.001	0.001	0.069	0.929
0.069	0.136	0.001	0.794
0.001	0.058	0.940	0.001
0.079	0.001	0.001	0.919
0.001	0.181	0.763	0.055
0.111	0.001	0.783	0.105
0.055	0.001	0.001	0.943
0.001	0.685	0.196	0.118
>TCGWCACKTGKK	5-TCGWCACKTGKK	9.257511	-24.647021	0	T:22.0(9.40%),B:605.8(1.50%),P:1e-10	Tpos:589.0,Tstd:249.7,Bpos:512.5,Bstd:319.8,StrandBias:-0.3,Multiplicity:1.00
0.103	0.001	0.081	0.815
0.224	0.519	0.252	0.005
0.001	0.001	0.997	0.001
0.398	0.100	0.001	0.501
0.006	0.770	0.143	0.081
0.730	0.001	0.188	0.081
0.074	0.864	0.001	0.061
0.001	0.001	0.430	0.568
0.001	0.001	0.296	0.702
0.001	0.001	0.997	0.001
0.074	0.001	0.488	0.438
0.001	0.001	0.484	0.514
>ACCAGCAAAGTT	6-ACCAGCAAAGTT	12.754863	-23.486854	0	T:10.0(4.27%),B:74.4(0.18%),P:1e-10	Tpos:589.7,Tstd:297.8,Bpos:512.7,Bstd:293.0,StrandBias:-0.6,Multiplicity:1.00
0.844	0.001	0.124	0.031
0.001	0.880	0.001	0.118
0.118	0.872	0.009	0.001
0.997	0.001	0.001	0.001
0.001	0.135	0.863	0.001
0.240	0.581	0.001	0.178
0.997	0.001	0.001	0.001
0.868	0.001	0.001	0.130
0.803	0.001	0.001	0.195
0.078	0.179	0.739	0.004
0.001	0.001	0.078	0.920
0.001	0.001	0.001	0.997
>TTTTAACCTACA	7-TTTTAACCTACA	12.952110	-23.433654	0	T:13.0(5.56%),B:171.1(0.42%),P:1e-10	Tpos:401.2,Tstd:236.6,Bpos:510.5,Bstd:295.2,StrandBias:-0.7,Multiplicity:1.00
0.001	0.001	0.164	0.834
0.001	0.001	0.001	0.997
0.001	0.001	0.001	0.997
0.001	0.001	0.001	0.997
0.997	0.001	0.001	0.001
0.997	0.001	0.001	0.001
0.071	0.927	0.001	0.001
0.001	0.822	0.114	0.063
0.110	0.001	0.001	0.888
0.892	0.001	0.001	0.106
0.058	0.851	0.090	0.001
0.874	0.124	0.001	0.001
>AACCTTTTTTGC	8-AACCTTTTTTGC	10.489409	-22.713149	0	T:35.0(14.96%),B:1708.3(4.23%),P:1e-9	Tpos:482.4,Tstd:278.1,Bpos:517.0,Bstd:303.9,StrandBias:1.6,Multiplicity:1.03
0.795	0.059	0.033	0.113
0.713	0.001	0.142	0.144
0.075	0.754	0.037	0.134
0.065	0.765	0.080	0.090
0.020	0.045	0.094	0.841
0.064	0.044	0.001	0.891
0.044	0.024	0.032	0.900
0.071	0.001	0.021	0.907
0.001	0.020	0.019	0.960
0.032	0.032	0.045	0.891
0.087	0.104	0.767	0.042
0.087	0.824	0.041	0.048
>AGAACAGTTGAT	9-AGAACAGTTGAT	11.741611	-20.935687	0	T:12.0(5.13%),B:170.6(0.42%),P:1e-9	Tpos:511.2,Tstd:289.8,Bpos:534.3,Bstd:314.7,StrandBias:-2.3,Multiplicity:1.00
0.856	0.142	0.001	0.001
0.069	0.119	0.811	0.001
0.997	0.001	0.001	0.001
0.997	0.001	0.001	0.001
0.001	0.997	0.001	0.001
0.997	0.001	0.001	0.001
0.001	0.001	0.997	0.001
0.001	0.001	0.099	0.899
0.001	0.001	0.001	0.997
0.001	0.001	0.894	0.104
0.772	0.001	0.108	0.119
0.091	0.021	0.105	0.783
>CTCACACCACTA	10-CTCACACCACTA	11.656063	-20.638143	0	T:9.0(3.85%),B:72.6(0.18%),P:1e-8	Tpos:510.4,Tstd:315.6,Bpos:516.4,Bstd:328.9,StrandBias:1.0,Multiplicity:1.00
0.186	0.606	0.207	0.001
0.203	0.001	0.001	0.795
0.214	0.784	0.001	0.001
0.627	0.001	0.001	0.371
0.001	0.997	0.001	0.001
0.997	0.001	0.001	0.001
0.001	0.776	0.001	0.222
0.001	0.813	0.001	0.185
0.997	0.001	0.001	0.001
0.001	0.774	0.214	0.011
0.018	0.001	0.157	0.824
0.997	0.001	0.001	0.001
>TGATCTTTTGAT	11-TGATCTTTTGAT	13.380242	-19.023037	0	T:14.0(5.98%),B:302.8(0.75%),P:1e-8	Tpos:507.9,Tstd:326.9,Bpos:505.7,Bstd:311.3,StrandBias:0.6,Multiplicity:1.07
0.001	0.001	0.001	0.997
0.116	0.001	0.882	0.001
0.997	0.001	0.001	0.001
0.105	0.001	0.001	0.893
0.001	0.951	0.001	0.047
0.001	0.001	0.001	0.997
0.123	0.001	0.001	0.875
0.001	0.001	0.001	0.997
0.001	0.001	0.001	0.997
0.001	0.091	0.815	0.093
0.898	0.001	0.001	0.100
0.158	0.001	0.108	0.733
>TTCACTGATAAG	12-TTCACTGATAAG	9.693505	-18.369450	0	T:35.0(14.96%),B:2026.2(5.02%),P:1e-7	Tpos:582.3,Tstd:307.8,Bpos:527.1,Bstd:317.2,StrandBias:-0.4,Multiplicity:1.14
0.149	0.066	0.116	0.669
0.093	0.001	0.101	0.805
0.045	0.815	0.022	0.118
0.869	0.001	0.081	0.049
0.153	0.602	0.098	0.147
0.092	0.033	0.001	0.874
0.032	0.099	0.868	0.001
0.997	0.001	0.001	0.001
0.139	0.032	0.040	0.789
0.887	0.027	0.062	0.024
0.997	0.001	0.001	0.001
0.043	0.080	0.831	0.046
>GTTGGAAAAGAG	13-GTTGGAAAAGAG	14.576890	-17.696201	0	T:7.0(2.99%),B:45.6(0.11%),P:1e-7	Tpos:566.6,Tstd:356.7,Bpos:461.4,Bstd:309.1,StrandBias:0.4,Multiplicity:1.00
0.001	0.001	0.997	0.001
0.001	0.001	0.160	0.838
0.001	0.001	0.001	0.997
0.001	0.001	0.997	0.001
0.001	0.001	0.997	0.001
0.997	0.001	0.001	0.001
0.997	0.001	0.001	0.001
0.822	0.001	0.176	0.001
0.997	0.001	0.001	0.001
0.001	0.001	0.997	0.001
0.997	0.001	0.001	0.001
0.001	0.001	0.997	0.001
>AACTTTGTCTGA	14-AACTTTGTCTGA	12.931862	-17.323220	0	T:12.0(5.13%),B:239.2(0.59%),P:1e-7	Tpos:379.0,Tstd:305.9,Bpos:493.5,Bstd:306.3,StrandBias:-0.8,Multiplicity:1.17
0.997	0.001	0.001	0.001
0.997	0.001	0.001	0.001
0.001	0.850	0.092	0.057
0.084	0.001	0.001	0.914
0.001	0.125	0.001	0.873
0.147	0.001	0.001	0.851
0.001	0.071	0.809	0.119
0.001	0.001	0.001	0.997
0.126	0.801	0.001	0.072
0.001	0.001	0.001	0.997
0.001	0.001	0.997	0.001
0.997	0.001	0.001	0.001
>TATTGAACTTCA	15-TATTGAACTTCA	11.076927	-16.905146	0	T:17.0(7.26%),B:554.5(1.37%),P:1e-7	Tpos:451.1,Tstd:272.9,Bpos:494.9,Bstd:305.8,StrandBias:-0.1,Multiplicity:1.06
0.108	0.341	0.048	0.503
0.785	0.149	0.001	0.065
0.001	0.052	0.181	0.766
0.070	0.096	0.055	0.779
0.092	0.231	0.676	0.001
0.907	0.001	0.047	0.045
0.756	0.083	0.001	0.160
0.001	0.908	0.090	0.001
0.051	0.001	0.001	0.947
0.001	0.001	0.069	0.929
0.001	0.880	0.062	0.057
0.997	0.001	0.001	0.001
>TGCAGGCTCATG	16-TGCAGGCTCATG	10.683979	-16.185411	0	T:9.0(3.85%),B:125.2(0.31%),P:1e-7	Tpos:487.3,Tstd:286.9,Bpos:497.2,Bstd:304.6,StrandBias:3.0,Multiplicity:1.00
0.001	0.136	0.001	0.862
0.001	0.001	0.997	0.001
0.085	0.913	0.001	0.001
0.727	0.136	0.001	0.136
0.119	0.137	0.607	0.137
0.085	0.001	0.913	0.001
0.001	0.778	0.085	0.136
0.001	0.001	0.001	0.997
0.001	0.913	0.085	0.001
0.862	0.136	0.001	0.001
0.001	0.118	0.136	0.745
0.136	0.136	0.727	0.001
>AGCAGACGATCT	17-AGCAGACGATCT	12.741601	-15.258760	0	T:5.0(2.14%),B:19.7(0.05%),P:1e-6	Tpos:556.7,Tstd:350.9,Bpos:319.4,Bstd:189.7,StrandBias:-1.3,Multiplicity:1.40
0.997	0.001	0.001	0.001
0.001	0.001	0.997	0.001
0.149	0.701	0.149	0.001
0.823	0.001	0.001	0.175
0.001	0.001	0.997	0.001
0.997	0.001	0.001	0.001
0.001	0.997	0.001	0.001
0.001	0.160	0.838	0.001
0.795	0.001	0.203	0.001
0.001	0.001	0.001	0.997
0.001	0.997	0.001	0.001
0.001	0.001	0.001	0.997
>TTTAATGTTAAA	18-TTTAATGTTAAA	10.903589	-14.870959	0	T:19.0(8.12%),B:800.3(1.98%),P:1e-6	Tpos:446.0,Tstd:252.9,Bpos:487.6,Bstd:293.9,StrandBias:-0.3,Multiplicity:1.16
0.067	0.055	0.004	0.874
0.074	0.043	0.077	0.806
0.171	0.157	0.163	0.509
0.795	0.015	0.031	0.159
0.580	0.378	0.011	0.031
0.195	0.037	0.049	0.719
0.208	0.021	0.539	0.232
0.062	0.240	0.037	0.661
0.213	0.040	0.164	0.583
0.861	0.057	0.021	0.061
0.740	0.037	0.190	0.033
0.734	0.206	0.025	0.035
>CCGAACTAGGCC	19-CCGAACTAGGCC	10.741353	-11.987239	0	T:6.0(2.56%),B:72.6(0.18%),P:1e-5	Tpos:378.8,Tstd:242.3,Bpos:458.9,Bstd:297.7,StrandBias:0.6,Multiplicity:1.67
0.001	0.601	0.102	0.296
0.001	0.851	0.147	0.001
0.001	0.001	0.997	0.001
0.997	0.001	0.001	0.001
0.997	0.001	0.001	0.001
0.238	0.613	0.148	0.001
0.007	0.001	0.148	0.844
0.992	0.006	0.001	0.001
0.001	0.001	0.851	0.147
0.148	0.148	0.576	0.128
0.001	0.851	0.147	0.001
0.147	0.851	0.001	0.001
>ATAGTCAGTTTA	20-ATAGTCAGTTTA	12.287812	-11.362675	0	T:8.0(3.42%),B:174.0(0.43%),P:1e-4	Tpos:389.2,Tstd:212.8,Bpos:487.5,Bstd:303.4,StrandBias:-1.3,Multiplicity:2.12
0.675	0.001	0.323	0.001
0.104	0.001	0.001	0.894
0.672	0.001	0.001	0.326
0.001	0.408	0.590	0.001
0.160	0.001	0.001	0.838
0.001	0.997	0.001	0.001
0.997	0.001	0.001	0.001
0.135	0.135	0.635	0.095
0.001	0.001	0.001	0.997
0.001	0.001	0.001	0.997
0.001	0.001	0.001	0.997
0.997	0.001	0.001	0.001
>CGGCCTGAAAAT	21-CGGCCTGAAAAT	9.730563	-10.491733	0	T:19.0(8.12%),B:1093.2(2.71%),P:1e-4	Tpos:476.6,Tstd:290.5,Bpos:495.7,Bstd:300.7,StrandBias:-0.1,Multiplicity:1.11
0.001	0.874	0.003	0.122
0.268	0.001	0.691	0.040
0.002	0.084	0.850	0.064
0.063	0.935	0.001	0.001
0.076	0.922	0.001	0.001
0.097	0.077	0.084	0.742
0.135	0.133	0.613	0.119
0.823	0.063	0.113	0.001
0.902	0.096	0.001	0.001
0.852	0.076	0.001	0.071
0.928	0.001	0.001	0.070
0.047	0.001	0.061	0.891
>ATTTTTCGTGTA	22-ATTTTTCGTGTA	11.016202	-9.941450	0	T:8.0(3.42%),B:214.9(0.53%),P:1e-4	Tpos:467.9,Tstd:191.0,Bpos:460.4,Bstd:280.0,StrandBias:-1.9,Multiplicity:3.50
0.997	0.001	0.001	0.001
0.001	0.001	0.056	0.942
0.001	0.001	0.001	0.997
0.001	0.001	0.001	0.997
0.001	0.001	0.001	0.997
0.001	0.001	0.001	0.997
0.134	0.864	0.001	0.001
0.001	0.001	0.972	0.026
0.001	0.001	0.001	0.997
0.001	0.001	0.997	0.001
0.001	0.079	0.001	0.919
0.997	0.001	0.001	0.001
>CCTTCCACCTTC	23-CCTTCCACCTTC	12.355432	-8.026698	0	T:2.0(0.85%),B:3.2(0.01%),P:1e-3	Tpos:445.0,Tstd:192.5,Bpos:745.3,Bstd:77.0,StrandBias:0.0,Multiplicity:2.00
0.100	0.700	0.100	0.100
0.100	0.700	0.100	0.100
0.100	0.100	0.100	0.700
0.100	0.100	0.100	0.700
0.100	0.700	0.100	0.100
0.100	0.700	0.100	0.100
0.700	0.100	0.100	0.100
0.100	0.700	0.100	0.100
0.100	0.700	0.100	0.100
0.100	0.100	0.100	0.700
0.100	0.100	0.100	0.700
0.100	0.700	0.100	0.100
>TTGTGCACTGGT	24-TTGTGCACTGGT	16.507072	-4.466518	0	T:1.0(0.43%),B:1.7(0.00%),P:1e-1	Tpos:274.0,Tstd:182.6,Bpos:270.8,Bstd:174.8,StrandBias:10.0,Multiplicity:8.00
0.001	0.001	0.001	0.997
0.001	0.001	0.001	0.997
0.001	0.001	0.997	0.001
0.001	0.001	0.001	0.997
0.001	0.001	0.997	0.001
0.001	0.997	0.001	0.001
0.997	0.001	0.001	0.001
0.001	0.997	0.001	0.001
0.089	0.001	0.001	0.909
0.001	0.001	0.997	0.001
0.001	0.001	0.997	0.001
0.001	0.001	0.001	0.997
>TTGAAACTCCAT	25-TTGAAACTCCAT	16.473511	-2.982468	0	T:1.0(0.43%),B:8.6(0.02%),P:1e-1	Tpos:246.3,Tstd:153.6,Bpos:595.0,Bstd:192.3,StrandBias:-10.0,Multiplicity:9.00
0.001	0.001	0.001	0.997
0.001	0.001	0.001	0.997
0.001	0.119	0.879	0.001
0.997	0.001	0.001	0.001
0.997	0.001	0.001	0.001
0.997	0.001	0.001	0.001
0.001	0.997	0.001	0.001
0.001	0.001	0.001	0.997
0.001	0.997	0.001	0.001
0.001	0.997	0.001	0.001
0.997	0.001	0.001	0.001
0.001	0.001	0.001	0.997
>TTGCATCA	1-TTGCATCA	10.873307	-56.511000	0	T:54.0(23.08%),B:1624.2(4.02%),P:1e-24	Tpos:680.5,Tstd:239.5,Bpos:486.2,Bstd:306.4,StrandBias:0.6,Multiplicity:1.13
0.001	0.001	0.001	0.997
0.001	0.001	0.001	0.997
0.176	0.001	0.822	0.001
0.001	0.997	0.001	0.001
0.997	0.001	0.001	0.001
0.001	0.001	0.001	0.997
0.001	0.997	0.001	0.001
0.997	0.001	0.001	0.001
>TGATCACA	2-TGATCACA	7.821460	-17.737140	0	T:88.0(37.61%),B:8714.3(21.58%),P:1e-7	Tpos:561.2,Tstd:286.1,Bpos:515.2,Bstd:312.2,StrandBias:-0.6,Multiplicity:1.18
0.001	0.042	0.001	0.956
0.001	0.001	0.997	0.001
0.997	0.001	0.001	0.001
0.071	0.083	0.001	0.845
0.104	0.706	0.189	0.001
0.902	0.069	0.001	0.028
0.112	0.886	0.001	0.001
0.855	0.074	0.001	0.070
>TGATGTAA	3-TGATGTAA	9.051456	-17.206151	0	T:62.0(26.50%),B:5272.0(13.05%),P:1e-7	Tpos:560.2,Tstd:273.5,Bpos:502.9,Bstd:313.8,StrandBias:-0.2,Multiplicity:1.16
0.001	0.001	0.001	0.997
0.001	0.001	0.997	0.001
0.997	0.001	0.001	0.001
0.001	0.001	0.001	0.997
0.188	0.001	0.810	0.001
0.001	0.001	0.001	0.997
0.705	0.293	0.001	0.001
0.997	0.001	0.001	0.001
>TTCGTTAT	4-TTCGTTAT	7.781278	-16.156275	0	T:54.0(23.08%),B:4412.4(10.92%),P:1e-7	Tpos:593.0,Tstd:275.6,Bpos:520.1,Bstd:308.0,StrandBias:-0.1,Multiplicity:1.20
0.001	0.065	0.064	0.870
0.001	0.001	0.217	0.781
0.001	0.997	0.001	0.001
0.001	0.001	0.997	0.001
0.001	0.001	0.001	0.997
0.001	0.246	0.001	0.752
0.969	0.029	0.001	0.001
0.001	0.001	0.001	0.997
>TGTGACTT	5-TGTGACTT	7.108367	-15.460259	0	T:70.0(29.91%),B:6603.5(16.35%),P:1e-6	Tpos:579.6,Tstd:280.2,Bpos:504.4,Bstd:311.9,StrandBias:-0.1,Multiplicity:1.30
0.001	0.001	0.001	0.997
0.153	0.001	0.845	0.001
0.001	0.053	0.001	0.945
0.001	0.001	0.997	0.001
0.866	0.132	0.001	0.001
0.001	0.997	0.001	0.001
0.001	0.076	0.001	0.922
0.065	0.001	0.163	0.771
>GATAAGAC	6-GATAAGAC	7.686169	-14.094699	0	T:72.0(30.77%),B:7123.8(17.64%),P:1e-6	Tpos:524.2,Tstd:289.8,Bpos:527.7,Bstd:317.5,StrandBias:-0.5,Multiplicity:1.24
0.001	0.001	0.997	0.001
0.660	0.338	0.001	0.001
0.001	0.001	0.138	0.860
0.442	0.219	0.219	0.120
0.961	0.001	0.037	0.001
0.001	0.001	0.753	0.245
0.946	0.001	0.052	0.001
0.379	0.606	0.007	0.008
>CTGCGTCT	7-CTGCGTCT	10.694391	-13.796646	0	T:33.0(14.10%),B:2239.2(5.54%),P:1e-5	Tpos:701.5,Tstd:248.5,Bpos:548.6,Bstd:303.4,StrandBias:1.7,Multiplicity:1.15
0.052	0.946	0.001	0.001
0.001	0.001	0.059	0.939
0.068	0.001	0.930	0.001
0.001	0.997	0.001	0.001
0.001	0.001	0.997	0.001
0.067	0.001	0.001	0.931
0.001	0.883	0.001	0.115
0.001	0.001	0.001	0.997
>TTAAACTG	8-TTAAACTG	8.236954	-7.865204	0	T:26.0(11.11%),B:2156.9(5.34%),P:1e-3	Tpos:544.5,Tstd:269.5,Bpos:505.5,Bstd:304.4,StrandBias:0.8,Multiplicity:1.38
0.100	0.100	0.100	0.700
0.100	0.100	0.100	0.700
0.700	0.100	0.100	0.100
0.700	0.100	0.100	0.100
0.700	0.100	0.100	0.100
0.100	0.700	0.100	0.100
0.100	0.100	0.100	0.700
0.100	0.100	0.700	0.100
>AACCAGTG	9-AACCAGTG	8.236954	-4.691368	0	T:11.0(4.70%),B:819.7(2.03%),P:1e-2	Tpos:396.2,Tstd:245.6,Bpos:514.2,Bstd:308.8,StrandBias:-1.9,Multiplicity:1.73
0.700	0.100	0.100	0.100
0.700	0.100	0.100	0.100
0.100	0.700	0.100	0.100
0.100	0.700	0.100	0.100
0.700	0.100	0.100	0.100
0.100	0.100	0.700	0.100
0.100	0.100	0.100	0.700
0.100	0.100	0.700	0.100
>GTTACRCC	10-GTTACRCC	8.392776	-4.228223	0	T:17.0(7.26%),B:1622.6(4.02%),P:1e-1	Tpos:514.1,Tstd:205.2,Bpos:487.2,Bstd:310.6,StrandBias:1.5,Multiplicity:2.24
0.294	0.001	0.704	0.001
0.001	0.001	0.185	0.813
0.057	0.001	0.186	0.756
0.997	0.001	0.001	0.001
0.001	0.997	0.001	0.001
0.546	0.001	0.452	0.001
0.001	0.997	0.001	0.001
0.001	0.689	0.309	0.001
>AAATAGAT	11-AAATAGAT	8.236954	-2.530074	0	T:27.0(11.54%),B:3503.7(8.67%),P:1e-1	Tpos:441.7,Tstd:249.8,Bpos:505.1,Bstd:308.1,StrandBias:1.0,Multiplicity:1.69
0.700	0.100	0.100	0.100
0.700	0.100	0.100	0.100
0.700	0.100	0.100	0.100
0.100	0.100	0.100	0.700
0.700	0.100	0.100	0.100
0.100	0.100	0.700	0.100
0.700	0.100	0.100	0.100
0.100	0.100	0.100	0.700
