>TTGCATCA	1-TTGCATCA	10.873307	-56.511000	0	T:54.0(23.08%),B:1624.2(4.02%),P:1e-24	Tpos:680.5,Tstd:239.5,Bpos:486.2,Bstd:306.4,StrandBias:0.6,Multiplicity:1.13
0.001	0.001	0.001	0.997
0.001	0.001	0.001	0.997
0.176	0.001	0.822	0.001
0.001	0.997	0.001	0.001
0.997	0.001	0.001	0.001
0.001	0.001	0.001	0.997
0.001	0.997	0.001	0.001
0.997	0.001	0.001	0.001
>TGATCACA	2-TGATCACA	7.821460	-17.737140	0	T:88.0(37.61%),B:8714.3(21.58%),P:1e-7	Tpos:561.2,Tstd:286.1,Bpos:515.2,Bstd:312.2,StrandBias:-0.6,Multiplicity:1.18
0.001	0.042	0.001	0.956
0.001	0.001	0.997	0.001
0.997	0.001	0.001	0.001
0.071	0.083	0.001	0.845
0.104	0.706	0.189	0.001
0.902	0.069	0.001	0.028
0.112	0.886	0.001	0.001
0.855	0.074	0.001	0.070
>TGATGTAA	3-TGATGTAA	9.051456	-17.206151	0	T:62.0(26.50%),B:5272.0(13.05%),P:1e-7	Tpos:560.2,Tstd:273.5,Bpos:502.9,Bstd:313.8,StrandBias:-0.2,Multiplicity:1.16
0.001	0.001	0.001	0.997
0.001	0.001	0.997	0.001
0.997	0.001	0.001	0.001
0.001	0.001	0.001	0.997
0.188	0.001	0.810	0.001
0.001	0.001	0.001	0.997
0.705	0.293	0.001	0.001
0.997	0.001	0.001	0.001
>TTCGTTAT	4-TTCGTTAT	7.781278	-16.156275	0	T:54.0(23.08%),B:4412.4(10.92%),P:1e-7	Tpos:593.0,Tstd:275.6,Bpos:520.1,Bstd:308.0,StrandBias:-0.1,Multiplicity:1.20
0.001	0.065	0.064	0.870
0.001	0.001	0.217	0.781
0.001	0.997	0.001	0.001
0.001	0.001	0.997	0.001
0.001	0.001	0.001	0.997
0.001	0.246	0.001	0.752
0.969	0.029	0.001	0.001
0.001	0.001	0.001	0.997
>TGTGACTT	5-TGTGACTT	7.108367	-15.460259	0	T:70.0(29.91%),B:6603.5(16.35%),P:1e-6	Tpos:579.6,Tstd:280.2,Bpos:504.4,Bstd:311.9,StrandBias:-0.1,Multiplicity:1.30
0.001	0.001	0.001	0.997
0.153	0.001	0.845	0.001
0.001	0.053	0.001	0.945
0.001	0.001	0.997	0.001
0.866	0.132	0.001	0.001
0.001	0.997	0.001	0.001
0.001	0.076	0.001	0.922
0.065	0.001	0.163	0.771
>GATAAGAC	6-GATAAGAC	7.686169	-14.094699	0	T:72.0(30.77%),B:7123.8(17.64%),P:1e-6	Tpos:524.2,Tstd:289.8,Bpos:527.7,Bstd:317.5,StrandBias:-0.5,Multiplicity:1.24
0.001	0.001	0.997	0.001
0.660	0.338	0.001	0.001
0.001	0.001	0.138	0.860
0.442	0.219	0.219	0.120
0.961	0.001	0.037	0.001
0.001	0.001	0.753	0.245
0.946	0.001	0.052	0.001
0.379	0.606	0.007	0.008
>CTGCGTCT	7-CTGCGTCT	10.694391	-13.796646	0	T:33.0(14.10%),B:2239.2(5.54%),P:1e-5	Tpos:701.5,Tstd:248.5,Bpos:548.6,Bstd:303.4,StrandBias:1.7,Multiplicity:1.15
0.052	0.946	0.001	0.001
0.001	0.001	0.059	0.939
0.068	0.001	0.930	0.001
0.001	0.997	0.001	0.001
0.001	0.001	0.997	0.001
0.067	0.001	0.001	0.931
0.001	0.883	0.001	0.115
0.001	0.001	0.001	0.997
>TTAAACTG	8-TTAAACTG	8.236954	-7.865204	0	T:26.0(11.11%),B:2156.9(5.34%),P:1e-3	Tpos:544.5,Tstd:269.5,Bpos:505.5,Bstd:304.4,StrandBias:0.8,Multiplicity:1.38
0.100	0.100	0.100	0.700
0.100	0.100	0.100	0.700
0.700	0.100	0.100	0.100
0.700	0.100	0.100	0.100
0.700	0.100	0.100	0.100
0.100	0.700	0.100	0.100
0.100	0.100	0.100	0.700
0.100	0.100	0.700	0.100
>AACCAGTG	9-AACCAGTG	8.236954	-4.691368	0	T:11.0(4.70%),B:819.7(2.03%),P:1e-2	Tpos:396.2,Tstd:245.6,Bpos:514.2,Bstd:308.8,StrandBias:-1.9,Multiplicity:1.73
0.700	0.100	0.100	0.100
0.700	0.100	0.100	0.100
0.100	0.700	0.100	0.100
0.100	0.700	0.100	0.100
0.700	0.100	0.100	0.100
0.100	0.100	0.700	0.100
0.100	0.100	0.100	0.700
0.100	0.100	0.700	0.100
>GTTACRCC	10-GTTACRCC	8.392776	-4.228223	0	T:17.0(7.26%),B:1622.6(4.02%),P:1e-1	Tpos:514.1,Tstd:205.2,Bpos:487.2,Bstd:310.6,StrandBias:1.5,Multiplicity:2.24
0.294	0.001	0.704	0.001
0.001	0.001	0.185	0.813
0.057	0.001	0.186	0.756
0.997	0.001	0.001	0.001
0.001	0.997	0.001	0.001
0.546	0.001	0.452	0.001
0.001	0.997	0.001	0.001
0.001	0.689	0.309	0.001
>AAATAGAT	11-AAATAGAT	8.236954	-2.530074	0	T:27.0(11.54%),B:3503.7(8.67%),P:1e-1	Tpos:441.7,Tstd:249.8,Bpos:505.1,Bstd:308.1,StrandBias:1.0,Multiplicity:1.69
0.700	0.100	0.100	0.100
0.700	0.100	0.100	0.100
0.700	0.100	0.100	0.100
0.100	0.100	0.100	0.700
0.700	0.100	0.100	0.100
0.100	0.100	0.700	0.100
0.700	0.100	0.100	0.100
0.100	0.100	0.100	0.700
