>TAATAATAATAA	6-TTATTATTATTA	10.307622	-14.540215	0	T:14.0(14.00%),B:1035.9(2.66%),P:1e-6
0.238	0.196	0.024	0.542
0.642	0.226	0.046	0.086
0.605	0.005	0.204	0.186
0.304	0.181	0.016	0.499
0.661	0.033	0.033	0.273
0.606	0.036	0.039	0.319
0.314	0.035	0.027	0.624
0.653	0.012	0.035	0.300
0.850	0.032	0.041	0.077
0.048	0.070	0.245	0.637
0.852	0.055	0.034	0.059
0.704	0.036	0.210	0.050
