>GTAAATCCACAC	14-GTGTGGATTTAC	9.001493	-12.082649	0	T:20.0(19.80%),B:2539.2(6.38%),P:1e-5
0.001	0.181	0.817	0.001
0.114	0.224	0.001	0.661
0.835	0.001	0.077	0.087
0.819	0.139	0.001	0.041
0.946	0.001	0.001	0.052
0.190	0.001	0.001	0.808
0.064	0.580	0.037	0.319
0.044	0.573	0.001	0.382
0.897	0.001	0.001	0.101
0.201	0.646	0.001	0.152
0.919	0.003	0.077	0.001
0.024	0.880	0.056	0.040
