>TTATTATTCTTG	1-TTATTATTCTTG	13.427337	-23.536139	0	T:10.0(6.25%),B:111.9(0.28%),P:1e-10	Tpos:446.5,Tstd:283.9,Bpos:507.4,Bstd:265.9,StrandBias:0.6,Multiplicity:1.00
0.001	0.001	0.001	0.997
0.001	0.123	0.001	0.875
0.884	0.001	0.114	0.001
0.001	0.001	0.001	0.997
0.001	0.103	0.001	0.895
0.997	0.001	0.001	0.001
0.001	0.001	0.001	0.997
0.127	0.001	0.001	0.871
0.001	0.997	0.001	0.001
0.001	0.001	0.001	0.997
0.001	0.001	0.001	0.997
0.001	0.001	0.595	0.403
>AAKAGACTATAT	2-AAKAGACTATAT	12.048443	-22.731053	0	T:9.0(5.62%),B:84.1(0.21%),P:1e-9	Tpos:428.3,Tstd:252.8,Bpos:534.2,Bstd:322.2,StrandBias:-0.3,Multiplicity:1.00
0.950	0.001	0.007	0.042
0.609	0.001	0.001	0.389
0.258	0.001	0.330	0.411
0.997	0.001	0.001	0.001
0.411	0.001	0.585	0.003
0.997	0.001	0.001	0.001
0.085	0.679	0.235	0.001
0.108	0.001	0.129	0.762
0.562	0.355	0.003	0.080
0.003	0.105	0.001	0.891
0.884	0.001	0.001	0.114
0.075	0.348	0.007	0.570
>TCAAGACTCTCC	3-TCAAGACTCTCC	12.913256	-22.627656	0	T:7.0(4.38%),B:31.6(0.08%),P:1e-9	Tpos:408.7,Tstd:301.4,Bpos:478.0,Bstd:272.7,StrandBias:-0.4,Multiplicity:1.00
0.409	0.001	0.001	0.589
0.001	0.997	0.001	0.001
0.866	0.132	0.001	0.001
0.997	0.001	0.001	0.001
0.001	0.144	0.854	0.001
0.997	0.001	0.001	0.001
0.098	0.735	0.001	0.166
0.001	0.001	0.001	0.997
0.001	0.997	0.001	0.001
0.165	0.001	0.001	0.833
0.001	0.997	0.001	0.001
0.001	0.997	0.001	0.001
>TGCCGAGATACA	4-TGCCGAGATACA	14.172236	-21.620291	0	T:5.0(3.12%),B:6.8(0.02%),P:1e-9	Tpos:337.0,Tstd:185.5,Bpos:332.0,Bstd:202.9,StrandBias:0.6,Multiplicity:1.00
0.219	0.192	0.001	0.588
0.001	0.001	0.997	0.001
0.001	0.997	0.001	0.001
0.001	0.779	0.219	0.001
0.001	0.001	0.997	0.001
0.997	0.001	0.001	0.001
0.001	0.001	0.997	0.001
0.997	0.001	0.001	0.001
0.001	0.001	0.001	0.997
0.997	0.001	0.001	0.001
0.001	0.997	0.001	0.001
0.807	0.001	0.191	0.001
>CGCTTTCAAAAC	5-CGCTTTCAAAAC	13.514929	-20.778597	0	T:10.0(6.25%),B:150.2(0.37%),P:1e-9	Tpos:467.3,Tstd:220.0,Bpos:544.6,Bstd:290.0,StrandBias:-1.2,Multiplicity:1.00
0.001	0.997	0.001	0.001
0.001	0.001	0.997	0.001
0.001	0.797	0.107	0.095
0.001	0.001	0.001	0.997
0.001	0.001	0.001	0.997
0.001	0.001	0.232	0.766
0.001	0.858	0.140	0.001
0.997	0.001	0.001	0.001
0.997	0.001	0.001	0.001
0.997	0.001	0.001	0.001
0.997	0.001	0.001	0.001
0.274	0.724	0.001	0.001
>GAAAAAATAGGA	6-GAAAAAATAGGA	10.577500	-20.473422	0	T:22.0(13.75%),B:1137.4(2.82%),P:1e-8	Tpos:436.9,Tstd:271.1,Bpos:535.3,Bstd:317.7,StrandBias:0.0,Multiplicity:1.18
0.179	0.061	0.594	0.166
0.759	0.033	0.034	0.174
0.752	0.048	0.178	0.022
0.737	0.031	0.073	0.159
0.835	0.017	0.026	0.122
0.918	0.012	0.033	0.037
0.558	0.189	0.053	0.200
0.032	0.074	0.035	0.859
0.584	0.186	0.022	0.208
0.020	0.136	0.685	0.159
0.242	0.019	0.704	0.035
0.644	0.048	0.254	0.054
>GGAAGTCCTAAA	7-GGAAGTCCTAAA	11.566324	-19.319580	0	T:10.0(6.25%),B:176.1(0.44%),P:1e-8	Tpos:511.0,Tstd:285.5,Bpos:452.9,Bstd:285.9,StrandBias:1.0,Multiplicity:1.20
0.001	0.001	0.823	0.175
0.131	0.001	0.867	0.001
0.997	0.001	0.001	0.001
0.997	0.001	0.001	0.001
0.001	0.102	0.808	0.089
0.001	0.396	0.001	0.602
0.208	0.790	0.001	0.001
0.236	0.762	0.001	0.001
0.131	0.001	0.001	0.867
0.678	0.001	0.320	0.001
0.997	0.001	0.001	0.001
0.867	0.001	0.131	0.001
>GCTCAAAAATTC	8-GCTCAAAAATTC	11.501664	-19.192304	0	T:16.0(10.00%),B:611.8(1.52%),P:1e-8	Tpos:448.5,Tstd:277.4,Bpos:488.2,Bstd:322.9,StrandBias:-0.5,Multiplicity:1.06
0.065	0.099	0.835	0.001
0.094	0.822	0.001	0.083
0.001	0.133	0.001	0.865
0.001	0.997	0.001	0.001
0.859	0.001	0.139	0.001
0.997	0.001	0.001	0.001
0.981	0.001	0.017	0.001
0.976	0.001	0.022	0.001
0.928	0.001	0.001	0.070
0.076	0.001	0.001	0.922
0.001	0.001	0.102	0.896
0.084	0.914	0.001	0.001
>ATCTCACATAAT	9-ATCTCACATAAT	13.316969	-19.044197	0	T:7.0(4.38%),B:55.0(0.14%),P:1e-8	Tpos:559.6,Tstd:299.6,Bpos:572.5,Bstd:278.0,StrandBias:0.7,Multiplicity:1.14
0.912	0.001	0.001	0.086
0.001	0.001	0.001	0.997
0.001	0.887	0.111	0.001
0.001	0.001	0.001	0.997
0.001	0.843	0.001	0.155
0.865	0.133	0.001	0.001
0.001	0.997	0.001	0.001
0.997	0.001	0.001	0.001
0.001	0.001	0.126	0.872
0.997	0.001	0.001	0.001
0.760	0.127	0.001	0.112
0.001	0.001	0.001	0.997
>AAACTTATTCCT	10-AAACTTATTCCT	13.144203	-18.865796	0	T:10.0(6.25%),B:186.0(0.46%),P:1e-8	Tpos:562.5,Tstd:290.5,Bpos:500.9,Bstd:292.1,StrandBias:0.8,Multiplicity:1.10
0.997	0.001	0.001	0.001
0.997	0.001	0.001	0.001
0.997	0.001	0.001	0.001
0.146	0.852	0.001	0.001
0.101	0.001	0.001	0.897
0.001	0.158	0.113	0.728
0.997	0.001	0.001	0.001
0.001	0.001	0.001	0.997
0.001	0.001	0.091	0.907
0.001	0.924	0.001	0.074
0.095	0.903	0.001	0.001
0.081	0.001	0.001	0.917
>TTTGCCCTAAAA	11-TTTGCCCTAAAA	13.095768	-18.383667	0	T:13.0(8.12%),B:395.5(0.98%),P:1e-7	Tpos:521.5,Tstd:316.3,Bpos:450.8,Bstd:321.9,StrandBias:0.7,Multiplicity:1.00
0.001	0.001	0.001	0.997
0.001	0.001	0.001	0.997
0.001	0.001	0.001	0.997
0.001	0.097	0.636	0.266
0.077	0.921	0.001	0.001
0.096	0.824	0.001	0.079
0.001	0.997	0.001	0.001
0.064	0.001	0.080	0.855
0.859	0.001	0.139	0.001
0.997	0.001	0.001	0.001
0.997	0.001	0.001	0.001
0.997	0.001	0.001	0.001
>AGATTTTTCCCC	12-AGATTTTTCCCC	12.976905	-17.673665	0	T:10.0(6.25%),B:211.7(0.52%),P:1e-7	Tpos:551.6,Tstd:368.2,Bpos:540.4,Bstd:292.2,StrandBias:1.4,Multiplicity:1.10
0.859	0.081	0.001	0.059
0.072	0.072	0.793	0.063
0.997	0.001	0.001	0.001
0.001	0.001	0.146	0.852
0.001	0.001	0.001	0.997
0.001	0.001	0.001	0.997
0.146	0.001	0.001	0.852
0.001	0.001	0.001	0.997
0.001	0.926	0.001	0.072
0.001	0.997	0.001	0.001
0.001	0.914	0.001	0.084
0.001	0.910	0.088	0.001
>CGTGGCAGATGA	13-CGTGGCAGATGA	10.122982	-17.401963	0	T:12.0(7.50%),B:353.8(0.88%),P:1e-7	Tpos:642.6,Tstd:263.8,Bpos:485.9,Bstd:296.9,StrandBias:-0.4,Multiplicity:1.17
0.081	0.796	0.122	0.001
0.081	0.134	0.784	0.001
0.134	0.001	0.134	0.731
0.001	0.001	0.855	0.143
0.001	0.001	0.997	0.001
0.001	0.884	0.114	0.001
0.884	0.114	0.001	0.001
0.099	0.001	0.899	0.001
0.997	0.001	0.001	0.001
0.152	0.001	0.001	0.846
0.099	0.001	0.766	0.134
0.591	0.001	0.152	0.256
>ATCGWWYMYSWT	14-ATCGWWYMYSWT	9.255644	-16.998490	0	T:17.0(10.62%),B:819.5(2.03%),P:1e-7	Tpos:641.1,Tstd:238.1,Bpos:514.8,Bstd:291.1,StrandBias:1.0,Multiplicity:1.06
0.499	0.305	0.001	0.195
0.001	0.001	0.001	0.997
0.001	0.783	0.215	0.001
0.001	0.001	0.997	0.001
0.483	0.001	0.001	0.515
0.442	0.001	0.001	0.556
0.001	0.471	0.141	0.387
0.401	0.399	0.198	0.001
0.001	0.496	0.147	0.356
0.001	0.444	0.427	0.128
0.492	0.001	0.001	0.506
0.144	0.001	0.099	0.756
>ACCGACCATCCT	15-ACCGACCATCCT	14.623834	-15.239705	0	T:3.0(1.88%),B:1.5(0.00%),P:1e-6	Tpos:631.3,Tstd:386.0,Bpos:646.0,Bstd:0.0,StrandBias:10.0,Multiplicity:1.00
0.792	0.206	0.001	0.001
0.001	0.997	0.001	0.001
0.275	0.723	0.001	0.001
0.240	0.001	0.758	0.001
0.997	0.001	0.001	0.001
0.001	0.997	0.001	0.001
0.001	0.997	0.001	0.001
0.997	0.001	0.001	0.001
0.001	0.001	0.001	0.997
0.001	0.997	0.001	0.001
0.001	0.997	0.001	0.001
0.001	0.001	0.001	0.997
>TAATTGCTGCGG	16-TAATTGCTGCGG	10.396448	-14.504092	0	T:8.0(5.00%),B:166.9(0.41%),P:1e-6	Tpos:451.0,Tstd:198.8,Bpos:484.7,Bstd:290.4,StrandBias:0.3,Multiplicity:1.38
0.001	0.001	0.314	0.684
0.825	0.001	0.001	0.173
0.997	0.001	0.001	0.001
0.173	0.001	0.001	0.825
0.173	0.001	0.001	0.825
0.001	0.001	0.997	0.001
0.001	0.997	0.001	0.001
0.152	0.140	0.001	0.707
0.173	0.001	0.825	0.001
0.001	0.846	0.152	0.001
0.001	0.326	0.672	0.001
0.001	0.001	0.846	0.152
>GTCTGGTCGTCA	17-GTCTGGTCGTCA	12.749810	-14.441924	0	T:4.0(2.50%),B:13.3(0.03%),P:1e-6	Tpos:383.2,Tstd:234.4,Bpos:493.3,Bstd:252.7,StrandBias:1.0,Multiplicity:1.50
0.001	0.001	0.997	0.001
0.001	0.001	0.001	0.997
0.001	0.997	0.001	0.001
0.001	0.001	0.217	0.781
0.001	0.001	0.808	0.190
0.001	0.001	0.997	0.001
0.001	0.001	0.001	0.997
0.001	0.997	0.001	0.001
0.001	0.001	0.997	0.001
0.001	0.001	0.217	0.781
0.001	0.653	0.001	0.345
0.844	0.001	0.001	0.154
>CTTCCAGCTACG	18-CTTCCAGCTACG	13.017609	-13.532083	0	T:4.0(2.50%),B:17.2(0.04%),P:1e-5	Tpos:393.9,Tstd:264.1,Bpos:544.5,Bstd:304.6,StrandBias:3.4,Multiplicity:5.75
0.001	0.952	0.001	0.046
0.001	0.001	0.053	0.945
0.001	0.001	0.001	0.997
0.001	0.902	0.054	0.043
0.001	0.945	0.001	0.053
0.997	0.001	0.001	0.001
0.044	0.039	0.863	0.054
0.001	0.997	0.001	0.001
0.001	0.001	0.001	0.997
0.945	0.001	0.001	0.053
0.001	0.997	0.001	0.001
0.034	0.001	0.964	0.001
>GAAGATAGCTAT	19-GAAGATAGCTAT	13.775855	-13.146513	0	T:4.0(2.50%),B:19.2(0.05%),P:1e-5	Tpos:359.7,Tstd:246.9,Bpos:513.4,Bstd:256.5,StrandBias:0.0,Multiplicity:1.00
0.176	0.001	0.822	0.001
0.822	0.176	0.001	0.001
0.997	0.001	0.001	0.001
0.001	0.001	0.836	0.162
0.997	0.001	0.001	0.001
0.001	0.001	0.001	0.997
0.997	0.001	0.001	0.001
0.126	0.001	0.872	0.001
0.001	0.997	0.001	0.001
0.001	0.001	0.001	0.997
0.822	0.001	0.176	0.001
0.001	0.001	0.001	0.997
>TTGCTKCAAGAT	20-TTGCTKCAAGAT	10.182117	-11.370830	0	T:14.0(8.75%),B:866.1(2.15%),P:1e-4	Tpos:510.2,Tstd:253.2,Bpos:500.3,Bstd:297.2,StrandBias:-1.6,Multiplicity:1.14
0.076	0.001	0.001	0.922
0.302	0.118	0.123	0.457
0.001	0.001	0.997	0.001
0.158	0.840	0.001	0.001
0.321	0.001	0.001	0.677
0.001	0.215	0.348	0.436
0.003	0.969	0.027	0.001
0.682	0.158	0.001	0.159
0.863	0.001	0.001	0.135
0.103	0.001	0.895	0.001
0.769	0.001	0.001	0.229
0.121	0.001	0.092	0.786
>ATACTTTTACTT	21-ATACTTTTACTT	16.246019	-11.255628	0	T:3.0(1.88%),B:9.8(0.02%),P:1e-4	Tpos:380.5,Tstd:233.0,Bpos:378.7,Bstd:186.2,StrandBias:0.0,Multiplicity:1.33
0.997	0.001	0.001	0.001
0.001	0.001	0.001	0.997
0.997	0.001	0.001	0.001
0.001	0.997	0.001	0.001
0.001	0.001	0.001	0.997
0.001	0.001	0.001	0.997
0.001	0.001	0.001	0.997
0.001	0.001	0.001	0.997
0.997	0.001	0.001	0.001
0.001	0.832	0.166	0.001
0.001	0.001	0.001	0.997
0.001	0.001	0.159	0.839
>GGTGGCCGAATT	22-GGTGGCCGAATT	9.255389	-11.232071	0	T:13.0(8.12%),B:759.4(1.88%),P:1e-4	Tpos:508.7,Tstd:229.1,Bpos:506.4,Bstd:299.2,StrandBias:0.7,Multiplicity:1.38
0.125	0.175	0.699	0.001
0.001	0.114	0.879	0.006
0.174	0.001	0.001	0.824
0.001	0.199	0.799	0.001
0.001	0.001	0.991	0.007
0.001	0.997	0.001	0.001
0.175	0.819	0.001	0.005
0.174	0.001	0.824	0.001
0.624	0.374	0.001	0.001
0.877	0.001	0.121	0.001
0.175	0.126	0.005	0.694
0.001	0.001	0.001	0.997
>AAGATCAGAWGA	23-AAGATCAGAWGA	11.955490	-10.687966	0	T:8.0(5.00%),B:284.4(0.70%),P:1e-4	Tpos:590.9,Tstd:291.6,Bpos:505.1,Bstd:307.0,StrandBias:-0.5,Multiplicity:1.50
0.997	0.001	0.001	0.001
0.756	0.126	0.001	0.117
0.001	0.001	0.997	0.001
0.997	0.001	0.001	0.001
0.219	0.001	0.001	0.779
0.001	0.920	0.078	0.001
0.710	0.001	0.149	0.140
0.173	0.109	0.717	0.001
0.997	0.001	0.001	0.001
0.353	0.242	0.001	0.404
0.001	0.001	0.997	0.001
0.997	0.001	0.001	0.001
>ATTTTTCGTGTA	24-ATTTTTCGTGTA	12.901307	-9.135332	0	T:6.0(3.75%),B:182.3(0.45%),P:1e-3	Tpos:431.5,Tstd:194.6,Bpos:460.1,Bstd:284.1,StrandBias:-2.4,Multiplicity:4.17
0.997	0.001	0.001	0.001
0.001	0.001	0.001	0.997
0.001	0.001	0.001	0.997
0.001	0.001	0.001	0.997
0.001	0.001	0.001	0.997
0.001	0.001	0.001	0.997
0.001	0.948	0.050	0.001
0.001	0.001	0.997	0.001
0.001	0.001	0.001	0.997
0.039	0.001	0.959	0.001
0.027	0.001	0.001	0.971
0.997	0.001	0.001	0.001
>ATCGGATCTTCC	25-ATCGGATCTTCC	12.355432	-4.440085	0	T:1.0(0.62%),B:2.1(0.01%),P:1e-1	Tpos:484.8,Tstd:164.1,Bpos:594.1,Bstd:226.8,StrandBias:10.0,Multiplicity:5.00
0.700	0.100	0.100	0.100
0.100	0.100	0.100	0.700
0.100	0.700	0.100	0.100
0.100	0.100	0.700	0.100
0.100	0.100	0.700	0.100
0.700	0.100	0.100	0.100
0.100	0.100	0.100	0.700
0.100	0.700	0.100	0.100
0.100	0.100	0.100	0.700
0.100	0.100	0.100	0.700
0.100	0.700	0.100	0.100
0.100	0.700	0.100	0.100
