>ATGACTTCCC	1-ATGACTTCCC	9.814102	-22.880934	0	T:17.0(10.62%),B:546.5(1.35%),P:1e-9	Tpos:458.9,Tstd:290.2,Bpos:519.0,Bstd:287.6,StrandBias:-0.8,Multiplicity:1.12
0.863	0.001	0.080	0.056
0.001	0.001	0.092	0.906
0.047	0.001	0.951	0.001
0.997	0.001	0.001	0.001
0.042	0.887	0.070	0.001
0.001	0.074	0.079	0.846
0.067	0.001	0.001	0.931
0.065	0.875	0.001	0.059
0.058	0.862	0.079	0.001
0.001	0.943	0.001	0.055
>GTATGGACAC	2-GTATGGACAC	10.069118	-21.884193	0	T:13.0(8.12%),B:292.7(0.73%),P:1e-9	Tpos:481.6,Tstd:239.1,Bpos:494.7,Bstd:291.0,StrandBias:0.7,Multiplicity:1.00
0.001	0.097	0.901	0.001
0.001	0.090	0.001	0.908
0.924	0.001	0.074	0.001
0.001	0.001	0.001	0.997
0.001	0.001	0.997	0.001
0.001	0.055	0.943	0.001
0.851	0.001	0.147	0.001
0.057	0.864	0.001	0.078
0.997	0.001	0.001	0.001
0.154	0.743	0.102	0.001
>ACTTACTCCT	3-ACTTACTCCT	10.301089	-20.550770	0	T:15.0(9.38%),B:473.2(1.17%),P:1e-8	Tpos:602.8,Tstd:278.9,Bpos:512.2,Bstd:290.6,StrandBias:1.0,Multiplicity:1.00
0.997	0.001	0.001	0.001
0.001	0.997	0.001	0.001
0.001	0.001	0.001	0.997
0.001	0.001	0.001	0.997
0.934	0.064	0.001	0.001
0.102	0.717	0.001	0.180
0.102	0.001	0.001	0.896
0.102	0.837	0.001	0.060
0.137	0.799	0.001	0.063
0.090	0.001	0.001	0.908
>GCMGAGATAC	4-GCMGAGATAC	7.761270	-18.927660	0	T:37.0(23.12%),B:3282.7(8.13%),P:1e-8	Tpos:446.5,Tstd:259.5,Bpos:500.8,Bstd:298.5,StrandBias:0.0,Multiplicity:1.24
0.035	0.001	0.929	0.035
0.001	0.785	0.166	0.048
0.530	0.400	0.069	0.001
0.373	0.020	0.537	0.070
0.880	0.001	0.084	0.035
0.097	0.094	0.769	0.040
0.600	0.022	0.001	0.377
0.026	0.062	0.056	0.856
0.897	0.078	0.024	0.001
0.001	0.609	0.001	0.389
>ATTTTTCCCC	5-ATTTTTCCCC	11.321210	-15.828461	0	T:20.0(12.50%),B:1235.9(3.06%),P:1e-6	Tpos:552.1,Tstd:310.4,Bpos:532.4,Bstd:317.6,StrandBias:0.6,Multiplicity:1.00
0.691	0.001	0.166	0.142
0.001	0.001	0.182	0.816
0.001	0.001	0.063	0.935
0.001	0.001	0.001	0.997
0.001	0.001	0.001	0.997
0.001	0.001	0.001	0.997
0.001	0.908	0.001	0.090
0.001	0.997	0.001	0.001
0.001	0.902	0.001	0.096
0.100	0.898	0.001	0.001
>ACTATAATAA	6-ACTATAATAA	9.355355	-15.804464	0	T:36.0(22.50%),B:3543.9(8.78%),P:1e-6	Tpos:475.5,Tstd:274.5,Bpos:507.5,Bstd:291.5,StrandBias:-0.6,Multiplicity:1.11
0.888	0.043	0.045	0.024
0.069	0.826	0.020	0.085
0.001	0.001	0.001	0.997
0.962	0.036	0.001	0.001
0.085	0.028	0.026	0.861
0.975	0.001	0.001	0.023
0.963	0.001	0.001	0.035
0.146	0.035	0.030	0.789
0.812	0.046	0.116	0.026
0.945	0.001	0.001	0.053
>GACAAGAGGG	7-GACAAGAGGG	9.977214	-15.569461	0	T:16.0(10.00%),B:800.3(1.98%),P:1e-6	Tpos:492.6,Tstd:306.4,Bpos:553.0,Bstd:292.3,StrandBias:-1.7,Multiplicity:1.06
0.066	0.001	0.932	0.001
0.905	0.001	0.001	0.093
0.081	0.760	0.093	0.066
0.893	0.001	0.105	0.001
0.997	0.001	0.001	0.001
0.057	0.001	0.941	0.001
0.997	0.001	0.001	0.001
0.001	0.086	0.912	0.001
0.048	0.094	0.857	0.001
0.056	0.001	0.876	0.067
>CGTGGCAGAT	8-CGTGGCAGAT	10.298086	-15.034031	0	T:13.0(8.12%),B:532.8(1.32%),P:1e-6	Tpos:621.4,Tstd:281.0,Bpos:493.9,Bstd:305.9,StrandBias:-0.2,Multiplicity:1.15
0.001	0.842	0.078	0.079
0.001	0.118	0.824	0.057
0.131	0.001	0.001	0.867
0.001	0.001	0.918	0.080
0.001	0.001	0.997	0.001
0.001	0.997	0.001	0.001
0.997	0.001	0.001	0.001
0.107	0.001	0.891	0.001
0.917	0.001	0.001	0.081
0.083	0.001	0.001	0.915
>CCGGAGCACT	9-CCGGAGCACT	6.525184	-13.971922	0	T:9.0(5.62%),B:245.6(0.61%),P:1e-6	Tpos:613.5,Tstd:208.0,Bpos:482.0,Bstd:298.2,StrandBias:-0.8,Multiplicity:1.22
0.001	0.997	0.001	0.001
0.001	0.997	0.001	0.001
0.001	0.001	0.997	0.001
0.001	0.079	0.709	0.211
0.756	0.001	0.242	0.001
0.001	0.001	0.997	0.001
0.001	0.997	0.001	0.001
0.997	0.001	0.001	0.001
0.061	0.937	0.001	0.001
0.001	0.001	0.001	0.997
>TTMATATATA	10-TTMATATATA	7.926221	-13.848373	0	T:34.0(21.25%),B:3508.1(8.69%),P:1e-6	Tpos:479.4,Tstd:299.3,Bpos:509.5,Bstd:296.4,StrandBias:0.1,Multiplicity:1.29
0.242	0.012	0.040	0.706
0.016	0.229	0.051	0.704
0.262	0.368	0.208	0.163
0.747	0.027	0.053	0.173
0.022	0.042	0.058	0.878
0.820	0.079	0.047	0.054
0.023	0.191	0.062	0.724
0.525	0.232	0.143	0.100
0.166	0.187	0.131	0.516
0.591	0.176	0.212	0.021
>TGTAGAAGGC	11-TGTAGAAGGC	8.350283	-11.711196	0	T:17.0(10.62%),B:1213.7(3.01%),P:1e-5	Tpos:532.8,Tstd:223.2,Bpos:488.5,Bstd:297.9,StrandBias:-0.7,Multiplicity:1.06
0.100	0.100	0.100	0.700
0.100	0.100	0.700	0.100
0.100	0.100	0.100	0.700
0.700	0.100	0.100	0.100
0.100	0.100	0.700	0.100
0.700	0.100	0.100	0.100
0.700	0.100	0.100	0.100
0.100	0.100	0.700	0.100
0.100	0.100	0.700	0.100
0.100	0.700	0.100	0.100
>ATTGGACAGT	12-ATTGGACAGT	9.035451	-11.577061	0	T:20.0(12.50%),B:1638.0(4.06%),P:1e-5	Tpos:521.2,Tstd:286.8,Bpos:491.5,Bstd:288.0,StrandBias:-1.1,Multiplicity:1.10
0.650	0.348	0.001	0.001
0.001	0.360	0.001	0.638
0.201	0.232	0.001	0.566
0.001	0.001	0.997	0.001
0.222	0.229	0.382	0.167
0.633	0.194	0.001	0.172
0.001	0.997	0.001	0.001
0.997	0.001	0.001	0.001
0.005	0.384	0.610	0.001
0.001	0.001	0.001	0.997
>TTGTTACCCG	13-TTGTTACCCG	9.892550	-9.763109	0	T:7.0(4.38%),B:238.9(0.59%),P:1e-4	Tpos:401.0,Tstd:179.6,Bpos:456.4,Bstd:263.6,StrandBias:2.1,Multiplicity:3.71
0.149	0.001	0.001	0.849
0.231	0.001	0.001	0.767
0.001	0.001	0.997	0.001
0.001	0.421	0.001	0.577
0.001	0.001	0.172	0.826
0.857	0.141	0.001	0.001
0.127	0.871	0.001	0.001
0.337	0.532	0.130	0.001
0.001	0.844	0.154	0.001
0.001	0.001	0.997	0.001
>GCTGGAAGAT	14-GCTGGAAGAT	10.537520	-9.636349	0	T:7.0(4.38%),B:243.2(0.60%),P:1e-4	Tpos:544.8,Tstd:230.1,Bpos:465.7,Bstd:295.4,StrandBias:-1.6,Multiplicity:1.71
0.051	0.001	0.912	0.036
0.052	0.909	0.001	0.038
0.067	0.079	0.001	0.853
0.085	0.001	0.913	0.001
0.001	0.181	0.817	0.001
0.806	0.001	0.109	0.084
0.997	0.001	0.001	0.001
0.001	0.001	0.957	0.041
0.997	0.001	0.001	0.001
0.038	0.001	0.001	0.960
>AMGACCAGAC	15-AMGACCAGAC	10.945084	-6.074199	0	T:3.0(1.88%),B:63.9(0.16%),P:1e-2	Tpos:271.0,Tstd:199.7,Bpos:480.8,Bstd:269.4,StrandBias:-2.0,Multiplicity:1.67
0.511	0.336	0.001	0.152
0.480	0.518	0.001	0.001
0.001	0.001	0.997	0.001
0.997	0.001	0.001	0.001
0.001	0.667	0.001	0.331
0.001	0.812	0.001	0.186
0.997	0.001	0.001	0.001
0.001	0.127	0.871	0.001
0.719	0.001	0.001	0.279
0.001	0.997	0.001	0.001
>GACGTAGCTG	16-GACGTAGCTG	10.873044	-5.279812	0	T:2.0(1.25%),B:25.5(0.06%),P:1e-2	Tpos:385.8,Tstd:289.8,Bpos:436.7,Bstd:271.1,StrandBias:-10.0,Multiplicity:8.00
0.001	0.054	0.944	0.001
0.954	0.001	0.044	0.001
0.001	0.997	0.001	0.001
0.001	0.001	0.997	0.001
0.001	0.001	0.001	0.997
0.997	0.001	0.001	0.001
0.001	0.001	0.997	0.001
0.001	0.997	0.001	0.001
0.001	0.001	0.001	0.997
0.001	0.001	0.997	0.001
>ATCGGATCTT	17-ATCGGATCTT	10.296193	-4.514805	0	T:2.0(1.25%),B:38.4(0.10%),P:1e-1	Tpos:482.0,Tstd:216.5,Bpos:476.4,Bstd:266.1,StrandBias:2.8,Multiplicity:4.00
0.700	0.100	0.100	0.100
0.100	0.100	0.100	0.700
0.100	0.700	0.100	0.100
0.100	0.100	0.700	0.100
0.100	0.100	0.700	0.100
0.700	0.100	0.100	0.100
0.100	0.100	0.100	0.700
0.100	0.700	0.100	0.100
0.100	0.100	0.100	0.700
0.100	0.100	0.100	0.700
