>CAACCCCA	1-CAACCCCA	8.149229	-21.383290	0	T:21.0(46.67%),B:4092.8(10.21%),P:1e-9	Tpos:578.0,Tstd:308.1,Bpos:488.6,Bstd:309.6,StrandBias:0.5,Multiplicity:1.14
0.173	0.669	0.001	0.157
0.852	0.146	0.001	0.001
0.855	0.001	0.001	0.143
0.001	0.997	0.001	0.001
0.001	0.770	0.001	0.228
0.001	0.997	0.001	0.001
0.001	0.849	0.149	0.001
0.997	0.001	0.001	0.001
>ASTTAGAG	2-ASTTAGAG	6.679246	-12.864092	0	T:24.0(53.33%),B:8566.5(21.36%),P:1e-5	Tpos:571.0,Tstd:292.8,Bpos:506.9,Bstd:317.3,StrandBias:-0.9,Multiplicity:1.33
0.700	0.215	0.084	0.001
0.057	0.427	0.508	0.008
0.001	0.059	0.130	0.810
0.036	0.001	0.001	0.962
0.997	0.001	0.001	0.001
0.001	0.211	0.787	0.001
0.769	0.001	0.229	0.001
0.001	0.001	0.997	0.001
>ATAAACAA	3-ATAAACAA	8.236954	-9.524436	0	T:15.0(33.33%),B:4505.1(11.23%),P:1e-4	Tpos:577.5,Tstd:331.8,Bpos:534.1,Bstd:313.2,StrandBias:1.1,Multiplicity:1.27
0.700	0.100	0.100	0.100
0.100	0.100	0.100	0.700
0.700	0.100	0.100	0.100
0.700	0.100	0.100	0.100
0.700	0.100	0.100	0.100
0.100	0.700	0.100	0.100
0.700	0.100	0.100	0.100
0.700	0.100	0.100	0.100
>TTGGCGCC	4-TTGGCGCC	9.051916	-4.781608	0	T:4.0(8.89%),B:713.0(1.78%),P:1e-2	Tpos:609.1,Tstd:176.0,Bpos:468.2,Bstd:282.5,StrandBias:0.1,Multiplicity:3.00
0.001	0.001	0.001	0.997
0.001	0.133	0.001	0.865
0.001	0.001	0.997	0.001
0.001	0.001	0.997	0.001
0.001	0.997	0.001	0.001
0.001	0.001	0.997	0.001
0.001	0.997	0.001	0.001
0.001	0.997	0.001	0.001
>GCCTACCT	5-GCCTACCT	7.661692	-4.236521	0	T:8.0(17.78%),B:2898.6(7.23%),P:1e-1	Tpos:403.4,Tstd:242.8,Bpos:488.5,Bstd:293.1,StrandBias:-0.1,Multiplicity:3.12
0.066	0.001	0.932	0.001
0.001	0.997	0.001	0.001
0.001	0.929	0.069	0.001
0.001	0.001	0.001	0.997
0.635	0.001	0.325	0.039
0.001	0.997	0.001	0.001
0.061	0.937	0.001	0.001
0.101	0.001	0.001	0.897
