>AAATGGTCAT	1-AAATGGTCAT	9.697483	-16.366253	0	T:13.0(28.89%),B:1845.7(4.60%),P:1e-7	Tpos:525.5,Tstd:276.2,Bpos:508.1,Bstd:307.9,StrandBias:-0.6,Multiplicity:1.15
0.997	0.001	0.001	0.001
0.997	0.001	0.001	0.001
0.800	0.001	0.198	0.001
0.001	0.001	0.205	0.793
0.059	0.001	0.939	0.001
0.003	0.066	0.930	0.001
0.129	0.182	0.001	0.688
0.100	0.785	0.001	0.114
0.942	0.001	0.001	0.056
0.066	0.001	0.001	0.932
>CAGGTATCAA	2-CAGGTATCAA	10.633026	-15.179317	0	T:9.0(20.00%),B:805.3(2.01%),P:1e-6	Tpos:664.0,Tstd:240.4,Bpos:511.0,Bstd:314.3,StrandBias:0.0,Multiplicity:1.33
0.001	0.841	0.157	0.001
0.997	0.001	0.001	0.001
0.097	0.001	0.901	0.001
0.255	0.001	0.648	0.096
0.001	0.001	0.001	0.997
0.898	0.001	0.001	0.100
0.001	0.001	0.001	0.997
0.001	0.846	0.001	0.152
0.997	0.001	0.001	0.001
0.997	0.001	0.001	0.001
>CTACACTACA	3-CTACACTACA	8.499326	-13.998196	0	T:13.0(28.89%),B:2272.0(5.67%),P:1e-6	Tpos:276.1,Tstd:282.9,Bpos:516.8,Bstd:323.1,StrandBias:1.2,Multiplicity:1.54
0.001	0.912	0.001	0.086
0.001	0.001	0.001	0.997
0.564	0.120	0.033	0.283
0.001	0.755	0.001	0.243
0.811	0.001	0.001	0.187
0.007	0.697	0.113	0.183
0.001	0.001	0.126	0.872
0.805	0.001	0.105	0.089
0.001	0.586	0.001	0.412
0.924	0.001	0.001	0.074
>CTAGCGGGYC	4-CTAGCGGGYC	8.618231	-9.916822	0	T:5.0(11.11%),B:352.8(0.88%),P:1e-4	Tpos:449.0,Tstd:200.8,Bpos:494.0,Bstd:299.0,StrandBias:-1.6,Multiplicity:1.60
0.001	0.997	0.001	0.001
0.001	0.001	0.001	0.997
0.616	0.113	0.263	0.008
0.001	0.123	0.875	0.001
0.001	0.840	0.001	0.158
0.001	0.001	0.857	0.141
0.146	0.001	0.852	0.001
0.001	0.001	0.852	0.146
0.001	0.447	0.147	0.405
0.113	0.748	0.138	0.001
>AGTTGAGAKR	5-AGTTGAGAKR	5.917130	-9.193714	0	T:9.0(20.00%),B:1705.6(4.25%),P:1e-3	Tpos:441.4,Tstd:306.3,Bpos:518.7,Bstd:316.1,StrandBias:0.0,Multiplicity:1.11
0.997	0.001	0.001	0.001
0.001	0.001	0.997	0.001
0.327	0.001	0.001	0.671
0.001	0.001	0.001	0.997
0.001	0.001	0.997	0.001
0.997	0.001	0.001	0.001
0.001	0.001	0.997	0.001
0.997	0.001	0.001	0.001
0.001	0.001	0.539	0.459
0.539	0.001	0.459	0.001
>CTTGGCGCCA	6-CTTGGCGCCA	9.715721	-8.075401	0	T:5.0(11.11%),B:525.2(1.31%),P:1e-3	Tpos:585.4,Tstd:220.9,Bpos:458.9,Bstd:283.0,StrandBias:0.4,Multiplicity:2.80
0.231	0.498	0.001	0.269
0.001	0.001	0.001	0.997
0.001	0.217	0.001	0.781
0.267	0.001	0.731	0.001
0.001	0.001	0.997	0.001
0.001	0.997	0.001	0.001
0.008	0.001	0.990	0.001
0.001	0.988	0.010	0.001
0.001	0.759	0.001	0.239
0.531	0.001	0.228	0.240
>GAAGTGTCTA	7-GAAGTGTCTA	10.296193	-5.954709	0	T:2.0(4.44%),B:65.9(0.16%),P:1e-2	Tpos:396.8,Tstd:81.1,Bpos:511.6,Bstd:287.8,StrandBias:0.0,Multiplicity:2.00
0.100	0.100	0.700	0.100
0.700	0.100	0.100	0.100
0.700	0.100	0.100	0.100
0.100	0.100	0.700	0.100
0.100	0.100	0.100	0.700
0.100	0.100	0.700	0.100
0.100	0.100	0.100	0.700
0.100	0.700	0.100	0.100
0.100	0.100	0.100	0.700
0.700	0.100	0.100	0.100
>CCTGCCTACC	8-CCTGCCTACC	10.087720	-5.026183	0	T:4.0(8.89%),B:663.2(1.65%),P:1e-2	Tpos:390.8,Tstd:269.9,Bpos:495.3,Bstd:280.8,StrandBias:-1.0,Multiplicity:1.50
0.043	0.800	0.001	0.156
0.073	0.676	0.156	0.095
0.070	0.058	0.161	0.711
0.069	0.001	0.929	0.001
0.001	0.931	0.001	0.067
0.001	0.867	0.001	0.131
0.112	0.001	0.001	0.886
0.605	0.001	0.351	0.043
0.133	0.752	0.072	0.043
0.074	0.855	0.070	0.001
>GATGATCAAAAT	1-GATGATCAAAAT	13.632727	-21.850958	0	T:7.0(15.56%),B:141.4(0.35%),P:1e-9	Tpos:602.7,Tstd:270.0,Bpos:491.4,Bstd:321.1,StrandBias:-0.4,Multiplicity:1.00
0.001	0.001	0.997	0.001
0.997	0.001	0.001	0.001
0.152	0.001	0.001	0.846
0.129	0.150	0.720	0.001
0.877	0.001	0.001	0.121
0.001	0.001	0.001	0.997
0.001	0.997	0.001	0.001
0.997	0.001	0.001	0.001
0.997	0.001	0.001	0.001
0.997	0.001	0.001	0.001
0.690	0.161	0.001	0.148
0.001	0.001	0.001	0.997
>GTCATATACCAA	2-GTCATATACCAA	14.488390	-20.410461	0	T:4.0(8.89%),B:10.7(0.03%),P:1e-8	Tpos:571.2,Tstd:312.7,Bpos:703.5,Bstd:281.3,StrandBias:1.6,Multiplicity:1.00
0.001	0.001	0.997	0.001
0.001	0.001	0.001	0.997
0.001	0.997	0.001	0.001
0.997	0.001	0.001	0.001
0.001	0.253	0.001	0.745
0.997	0.001	0.001	0.001
0.001	0.001	0.001	0.997
0.997	0.001	0.001	0.001
0.001	0.997	0.001	0.001
0.225	0.773	0.001	0.001
0.716	0.001	0.001	0.282
0.997	0.001	0.001	0.001
>GTATCAAATTTC	3-GTATCAAATTTC	13.403903	-19.664971	0	T:8.0(17.78%),B:318.0(0.79%),P:1e-8	Tpos:697.6,Tstd:297.2,Bpos:518.5,Bstd:307.5,StrandBias:1.0,Multiplicity:1.12
0.094	0.001	0.904	0.001
0.114	0.001	0.001	0.884
0.876	0.001	0.122	0.001
0.001	0.001	0.001	0.997
0.001	0.997	0.001	0.001
0.997	0.001	0.001	0.001
0.827	0.171	0.001	0.001
0.884	0.001	0.001	0.114
0.001	0.001	0.001	0.997
0.160	0.001	0.001	0.838
0.001	0.001	0.001	0.997
0.001	0.899	0.001	0.099
>TATTCTGTGAAR	4-TATTCTGTGAAR	10.449094	-18.826496	0	T:8.0(17.78%),B:355.2(0.89%),P:1e-8	Tpos:426.0,Tstd:393.9,Bpos:489.7,Bstd:316.6,StrandBias:-0.3,Multiplicity:1.12
0.001	0.001	0.001	0.997
0.997	0.001	0.001	0.001
0.001	0.001	0.001	0.997
0.001	0.001	0.415	0.583
0.001	0.997	0.001	0.001
0.415	0.001	0.001	0.583
0.001	0.001	0.997	0.001
0.018	0.001	0.254	0.727
0.001	0.001	0.742	0.256
0.974	0.001	0.024	0.001
0.997	0.001	0.001	0.001
0.522	0.001	0.476	0.001
>TTAAGAAAATTT	5-TTAAGAAAATTT	11.262044	-18.514976	0	T:15.0(33.33%),B:2200.9(5.49%),P:1e-8	Tpos:503.2,Tstd:275.5,Bpos:505.7,Bstd:317.7,StrandBias:-0.5,Multiplicity:1.20
0.166	0.001	0.001	0.832
0.001	0.076	0.001	0.922
0.955	0.001	0.001	0.043
0.908	0.090	0.001	0.001
0.065	0.001	0.866	0.068
0.888	0.110	0.001	0.001
0.890	0.001	0.001	0.108
0.997	0.001	0.001	0.001
0.997	0.001	0.001	0.001
0.001	0.001	0.001	0.997
0.092	0.001	0.001	0.906
0.001	0.096	0.001	0.902
>TATTTCCTGATT	6-TATTTCCTGATT	9.376990	-17.329918	0	T:17.0(37.78%),B:3216.2(8.02%),P:1e-7	Tpos:524.6,Tstd:291.7,Bpos:512.1,Bstd:317.0,StrandBias:0.3,Multiplicity:1.18
0.008	0.001	0.001	0.990
0.956	0.001	0.001	0.042
0.203	0.001	0.001	0.795
0.001	0.203	0.001	0.795
0.270	0.191	0.001	0.538
0.005	0.708	0.189	0.098
0.204	0.780	0.001	0.015
0.018	0.001	0.270	0.711
0.098	0.001	0.876	0.025
0.997	0.001	0.001	0.001
0.214	0.001	0.001	0.784
0.026	0.001	0.001	0.972
>CTACASTATACG	7-CTACASTATACG	10.382103	-14.965403	0	T:6.0(13.33%),B:238.0(0.59%),P:1e-6	Tpos:208.4,Tstd:282.6,Bpos:527.6,Bstd:307.8,StrandBias:0.7,Multiplicity:1.17
0.001	0.996	0.001	0.002
0.001	0.001	0.001	0.997
0.603	0.001	0.211	0.185
0.001	0.620	0.001	0.378
0.997	0.001	0.001	0.001
0.001	0.554	0.444	0.001
0.001	0.001	0.001	0.997
0.608	0.001	0.185	0.206
0.001	0.415	0.001	0.583
0.769	0.116	0.001	0.114
0.164	0.621	0.214	0.001
0.001	0.001	0.646	0.352
>AAATTTTAAATT	8-AAATTTTAAATT	12.788734	-14.734168	0	T:17.0(37.78%),B:3849.2(9.60%),P:1e-6	Tpos:424.0,Tstd:284.9,Bpos:494.9,Bstd:307.2,StrandBias:0.1,Multiplicity:1.35
0.997	0.001	0.001	0.001
0.997	0.001	0.001	0.001
0.680	0.197	0.001	0.122
0.064	0.172	0.001	0.763
0.001	0.001	0.001	0.997
0.001	0.001	0.001	0.997
0.221	0.001	0.001	0.777
0.783	0.112	0.104	0.001
0.997	0.001	0.001	0.001
0.997	0.001	0.001	0.001
0.283	0.001	0.196	0.520
0.001	0.001	0.001	0.997
>CCGASKWSTMKC	9-CCGASKWSTMKC	10.257355	-13.000182	0	T:4.0(8.89%),B:78.9(0.20%),P:1e-5	Tpos:446.9,Tstd:191.5,Bpos:508.7,Bstd:274.4,StrandBias:-2.6,Multiplicity:1.75
0.001	0.931	0.001	0.067
0.001	0.990	0.008	0.001
0.001	0.001	0.997	0.001
0.941	0.001	0.001	0.057
0.001	0.533	0.465	0.001
0.067	0.001	0.466	0.466
0.476	0.057	0.001	0.466
0.067	0.466	0.466	0.001
0.001	0.001	0.001	0.997
0.524	0.466	0.001	0.009
0.001	0.001	0.476	0.522
0.001	0.997	0.001	0.001
>ATCTTCGGAAGA	10-ATCTTCGGAAGA	14.660855	-12.725158	0	T:3.0(6.67%),B:22.9(0.06%),P:1e-5	Tpos:728.0,Tstd:190.6,Bpos:503.7,Bstd:287.0,StrandBias:1.0,Multiplicity:1.00
0.489	0.001	0.318	0.192
0.001	0.001	0.001	0.997
0.001	0.997	0.001	0.001
0.001	0.001	0.001	0.997
0.001	0.001	0.001	0.997
0.001	0.997	0.001	0.001
0.001	0.253	0.745	0.001
0.001	0.001	0.997	0.001
0.997	0.001	0.001	0.001
0.997	0.001	0.001	0.001
0.001	0.001	0.997	0.001
0.997	0.001	0.001	0.001
>TTGGCGCCAAAT	11-TTGGCGCCAAAT	10.790750	-10.944542	0	T:6.0(13.33%),B:485.3(1.21%),P:1e-4	Tpos:557.0,Tstd:230.7,Bpos:483.0,Bstd:320.2,StrandBias:-0.5,Multiplicity:2.83
0.001	0.140	0.001	0.858
0.001	0.128	0.001	0.870
0.267	0.001	0.731	0.001
0.079	0.128	0.792	0.001
0.001	0.997	0.001	0.001
0.001	0.001	0.907	0.091
0.175	0.625	0.199	0.001
0.001	0.777	0.221	0.001
0.788	0.001	0.210	0.001
0.997	0.001	0.001	0.001
0.869	0.001	0.002	0.128
0.089	0.110	0.001	0.800
>GKWGAWRTGTCT	12-GKWGAWRTGTCT	13.875192	-9.260726	0	T:2.0(4.44%),B:11.8(0.03%),P:1e-4	Tpos:389.0,Tstd:103.3,Bpos:399.4,Bstd:319.9,StrandBias:-1.0,Multiplicity:1.50
0.001	0.001	0.984	0.014
0.001	0.001	0.459	0.539
0.559	0.001	0.001	0.439
0.001	0.001	0.997	0.001
0.997	0.001	0.001	0.001
0.510	0.001	0.001	0.488
0.488	0.001	0.510	0.001
0.001	0.001	0.001	0.997
0.001	0.001	0.981	0.017
0.001	0.001	0.001	0.997
0.001	0.997	0.001	0.001
0.001	0.001	0.001	0.997
>AAAATAATCATA	13-AAAATAATCATA	10.409522	-7.903877	0	T:9.0(20.00%),B:2028.5(5.06%),P:1e-3	Tpos:497.0,Tstd:334.6,Bpos:505.9,Bstd:324.4,StrandBias:-1.2,Multiplicity:1.11
0.700	0.100	0.100	0.100
0.700	0.100	0.100	0.100
0.700	0.100	0.100	0.100
0.700	0.100	0.100	0.100
0.100	0.100	0.100	0.700
0.700	0.100	0.100	0.100
0.700	0.100	0.100	0.100
0.100	0.100	0.100	0.700
0.100	0.700	0.100	0.100
0.700	0.100	0.100	0.100
0.100	0.100	0.100	0.700
0.700	0.100	0.100	0.100
>WGTTTTTTTTTT	14-WGTTTTTTTTTT	10.552745	-5.393572	0	T:20.0(44.44%),B:10237.3(25.53%),P:1e-2	Tpos:543.8,Tstd:273.2,Bpos:517.6,Bstd:313.0,StrandBias:0.3,Multiplicity:1.60
0.572	0.001	0.001	0.426
0.004	0.001	0.936	0.059
0.001	0.001	0.001	0.997
0.010	0.011	0.056	0.923
0.001	0.135	0.001	0.863
0.001	0.120	0.008	0.871
0.088	0.074	0.083	0.755
0.074	0.090	0.001	0.835
0.001	0.001	0.007	0.991
0.009	0.124	0.001	0.866
0.001	0.001	0.001	0.997
0.001	0.098	0.001	0.900
>GCCTGCCTGCCT	15-GCCTGCCTGCCT	6.903908	-4.078231	0	T:10.0(22.22%),B:4222.8(10.53%),P:1e-1	Tpos:435.7,Tstd:225.2,Bpos:493.3,Bstd:298.3,StrandBias:-0.1,Multiplicity:2.50
0.215	0.046	0.652	0.087
0.097	0.848	0.001	0.054
0.046	0.677	0.139	0.138
0.001	0.001	0.001	0.997
0.238	0.001	0.611	0.150
0.003	0.995	0.001	0.001
0.045	0.712	0.104	0.139
0.051	0.001	0.109	0.839
0.123	0.106	0.668	0.103
0.001	0.800	0.163	0.036
0.183	0.710	0.001	0.106
0.084	0.001	0.048	0.867
>CAACCCCA	1-CAACCCCA	8.149229	-21.383290	0	T:21.0(46.67%),B:4092.8(10.21%),P:1e-9	Tpos:578.0,Tstd:308.1,Bpos:488.6,Bstd:309.6,StrandBias:0.5,Multiplicity:1.14
0.173	0.669	0.001	0.157
0.852	0.146	0.001	0.001
0.855	0.001	0.001	0.143
0.001	0.997	0.001	0.001
0.001	0.770	0.001	0.228
0.001	0.997	0.001	0.001
0.001	0.849	0.149	0.001
0.997	0.001	0.001	0.001
>ASTTAGAG	2-ASTTAGAG	6.679246	-12.864092	0	T:24.0(53.33%),B:8566.5(21.36%),P:1e-5	Tpos:571.0,Tstd:292.8,Bpos:506.9,Bstd:317.3,StrandBias:-0.9,Multiplicity:1.33
0.700	0.215	0.084	0.001
0.057	0.427	0.508	0.008
0.001	0.059	0.130	0.810
0.036	0.001	0.001	0.962
0.997	0.001	0.001	0.001
0.001	0.211	0.787	0.001
0.769	0.001	0.229	0.001
0.001	0.001	0.997	0.001
>ATAAACAA	3-ATAAACAA	8.236954	-9.524436	0	T:15.0(33.33%),B:4505.1(11.23%),P:1e-4	Tpos:577.5,Tstd:331.8,Bpos:534.1,Bstd:313.2,StrandBias:1.1,Multiplicity:1.27
0.700	0.100	0.100	0.100
0.100	0.100	0.100	0.700
0.700	0.100	0.100	0.100
0.700	0.100	0.100	0.100
0.700	0.100	0.100	0.100
0.100	0.700	0.100	0.100
0.700	0.100	0.100	0.100
0.700	0.100	0.100	0.100
>TTGGCGCC	4-TTGGCGCC	9.051916	-4.781608	0	T:4.0(8.89%),B:713.0(1.78%),P:1e-2	Tpos:609.1,Tstd:176.0,Bpos:468.2,Bstd:282.5,StrandBias:0.1,Multiplicity:3.00
0.001	0.001	0.001	0.997
0.001	0.133	0.001	0.865
0.001	0.001	0.997	0.001
0.001	0.001	0.997	0.001
0.001	0.997	0.001	0.001
0.001	0.001	0.997	0.001
0.001	0.997	0.001	0.001
0.001	0.997	0.001	0.001
>GCCTACCT	5-GCCTACCT	7.661692	-4.236521	0	T:8.0(17.78%),B:2898.6(7.23%),P:1e-1	Tpos:403.4,Tstd:242.8,Bpos:488.5,Bstd:293.1,StrandBias:-0.1,Multiplicity:3.12
0.066	0.001	0.932	0.001
0.001	0.997	0.001	0.001
0.001	0.929	0.069	0.001
0.001	0.001	0.001	0.997
0.635	0.001	0.325	0.039
0.001	0.997	0.001	0.001
0.061	0.937	0.001	0.001
0.101	0.001	0.001	0.897
