>AAATGGTCAT	1-AAATGGTCAT	9.697483	-16.366253	0	T:13.0(28.89%),B:1845.7(4.60%),P:1e-7	Tpos:525.5,Tstd:276.2,Bpos:508.1,Bstd:307.9,StrandBias:-0.6,Multiplicity:1.15
0.997	0.001	0.001	0.001
0.997	0.001	0.001	0.001
0.800	0.001	0.198	0.001
0.001	0.001	0.205	0.793
0.059	0.001	0.939	0.001
0.003	0.066	0.930	0.001
0.129	0.182	0.001	0.688
0.100	0.785	0.001	0.114
0.942	0.001	0.001	0.056
0.066	0.001	0.001	0.932
>CAGGTATCAA	2-CAGGTATCAA	10.633026	-15.179317	0	T:9.0(20.00%),B:805.3(2.01%),P:1e-6	Tpos:664.0,Tstd:240.4,Bpos:511.0,Bstd:314.3,StrandBias:0.0,Multiplicity:1.33
0.001	0.841	0.157	0.001
0.997	0.001	0.001	0.001
0.097	0.001	0.901	0.001
0.255	0.001	0.648	0.096
0.001	0.001	0.001	0.997
0.898	0.001	0.001	0.100
0.001	0.001	0.001	0.997
0.001	0.846	0.001	0.152
0.997	0.001	0.001	0.001
0.997	0.001	0.001	0.001
>CTACACTACA	3-CTACACTACA	8.499326	-13.998196	0	T:13.0(28.89%),B:2272.0(5.67%),P:1e-6	Tpos:276.1,Tstd:282.9,Bpos:516.8,Bstd:323.1,StrandBias:1.2,Multiplicity:1.54
0.001	0.912	0.001	0.086
0.001	0.001	0.001	0.997
0.564	0.120	0.033	0.283
0.001	0.755	0.001	0.243
0.811	0.001	0.001	0.187
0.007	0.697	0.113	0.183
0.001	0.001	0.126	0.872
0.805	0.001	0.105	0.089
0.001	0.586	0.001	0.412
0.924	0.001	0.001	0.074
>CTAGCGGGYC	4-CTAGCGGGYC	8.618231	-9.916822	0	T:5.0(11.11%),B:352.8(0.88%),P:1e-4	Tpos:449.0,Tstd:200.8,Bpos:494.0,Bstd:299.0,StrandBias:-1.6,Multiplicity:1.60
0.001	0.997	0.001	0.001
0.001	0.001	0.001	0.997
0.616	0.113	0.263	0.008
0.001	0.123	0.875	0.001
0.001	0.840	0.001	0.158
0.001	0.001	0.857	0.141
0.146	0.001	0.852	0.001
0.001	0.001	0.852	0.146
0.001	0.447	0.147	0.405
0.113	0.748	0.138	0.001
>AGTTGAGAKR	5-AGTTGAGAKR	5.917130	-9.193714	0	T:9.0(20.00%),B:1705.6(4.25%),P:1e-3	Tpos:441.4,Tstd:306.3,Bpos:518.7,Bstd:316.1,StrandBias:0.0,Multiplicity:1.11
0.997	0.001	0.001	0.001
0.001	0.001	0.997	0.001
0.327	0.001	0.001	0.671
0.001	0.001	0.001	0.997
0.001	0.001	0.997	0.001
0.997	0.001	0.001	0.001
0.001	0.001	0.997	0.001
0.997	0.001	0.001	0.001
0.001	0.001	0.539	0.459
0.539	0.001	0.459	0.001
>CTTGGCGCCA	6-CTTGGCGCCA	9.715721	-8.075401	0	T:5.0(11.11%),B:525.2(1.31%),P:1e-3	Tpos:585.4,Tstd:220.9,Bpos:458.9,Bstd:283.0,StrandBias:0.4,Multiplicity:2.80
0.231	0.498	0.001	0.269
0.001	0.001	0.001	0.997
0.001	0.217	0.001	0.781
0.267	0.001	0.731	0.001
0.001	0.001	0.997	0.001
0.001	0.997	0.001	0.001
0.008	0.001	0.990	0.001
0.001	0.988	0.010	0.001
0.001	0.759	0.001	0.239
0.531	0.001	0.228	0.240
>GAAGTGTCTA	7-GAAGTGTCTA	10.296193	-5.954709	0	T:2.0(4.44%),B:65.9(0.16%),P:1e-2	Tpos:396.8,Tstd:81.1,Bpos:511.6,Bstd:287.8,StrandBias:0.0,Multiplicity:2.00
0.100	0.100	0.700	0.100
0.700	0.100	0.100	0.100
0.700	0.100	0.100	0.100
0.100	0.100	0.700	0.100
0.100	0.100	0.100	0.700
0.100	0.100	0.700	0.100
0.100	0.100	0.100	0.700
0.100	0.700	0.100	0.100
0.100	0.100	0.100	0.700
0.700	0.100	0.100	0.100
>CCTGCCTACC	8-CCTGCCTACC	10.087720	-5.026183	0	T:4.0(8.89%),B:663.2(1.65%),P:1e-2	Tpos:390.8,Tstd:269.9,Bpos:495.3,Bstd:280.8,StrandBias:-1.0,Multiplicity:1.50
0.043	0.800	0.001	0.156
0.073	0.676	0.156	0.095
0.070	0.058	0.161	0.711
0.069	0.001	0.929	0.001
0.001	0.931	0.001	0.067
0.001	0.867	0.001	0.131
0.112	0.001	0.001	0.886
0.605	0.001	0.351	0.043
0.133	0.752	0.072	0.043
0.074	0.855	0.070	0.001
