>TATTCCTTATCA	14-TATTCCTTATCA	9.516014	-20.952291	0	T:38.0(17.04%),B:2245.4(5.52%),P:1e-9
0.123	0.050	0.080	0.747
0.629	0.189	0.059	0.123
0.119	0.050	0.050	0.781
0.038	0.071	0.034	0.857
0.001	0.870	0.001	0.128
0.136	0.849	0.001	0.014
0.028	0.038	0.046	0.888
0.104	0.001	0.039	0.856
0.932	0.001	0.026	0.041
0.046	0.030	0.028	0.896
0.086	0.766	0.147	0.001
0.940	0.001	0.058	0.001
