>AGAGAAATAGAC	6-GTCTATTTCTCT	10.955164	-19.065715	0	T:14.0(15.38%),B:847.4(2.02%),P:1e-8
0.813	0.001	0.001	0.185
0.202	0.055	0.742	0.001
0.920	0.001	0.001	0.078
0.151	0.081	0.628	0.140
0.940	0.001	0.058	0.001
0.931	0.001	0.003	0.065
0.772	0.001	0.097	0.130
0.050	0.176	0.161	0.613
0.944	0.054	0.001	0.001
0.001	0.047	0.951	0.001
0.826	0.001	0.001	0.172
0.001	0.932	0.001	0.066
