>GTCGAGTTCT	1-GTCGAGTTCT	9.646526	-20.184694	0	T:8.0(25.81%),B:447.5(1.12%),P:1e-8	Tpos:475.3,Tstd:205.5,Bpos:508.0,Bstd:308.8,StrandBias:-1.2,Multiplicity:1.25
0.001	0.001	0.997	0.001
0.223	0.001	0.256	0.520
0.001	0.990	0.008	0.001
0.001	0.001	0.997	0.001
0.776	0.001	0.001	0.222
0.001	0.001	0.997	0.001
0.001	0.001	0.001	0.997
0.001	0.001	0.001	0.997
0.001	0.949	0.001	0.049
0.001	0.001	0.233	0.765
>TACTTTAAGC	2-TACTTTAAGC	10.748864	-14.388274	0	T:5.0(16.13%),B:203.2(0.51%),P:1e-6	Tpos:458.0,Tstd:284.3,Bpos:461.3,Bstd:304.7,StrandBias:-0.6,Multiplicity:1.00
0.001	0.001	0.001	0.997
0.997	0.001	0.001	0.001
0.001	0.997	0.001	0.001
0.001	0.001	0.001	0.997
0.001	0.001	0.182	0.816
0.001	0.001	0.001	0.997
0.748	0.001	0.001	0.250
0.997	0.001	0.001	0.001
0.001	0.001	0.997	0.001
0.001	0.997	0.001	0.001
>ATCACAAACT	3-ATCACAAACT	9.376089	-14.300502	0	T:10.0(32.26%),B:1781.8(4.48%),P:1e-6	Tpos:535.9,Tstd:316.0,Bpos:507.1,Bstd:315.8,StrandBias:3.3,Multiplicity:1.10
0.997	0.001	0.001	0.001
0.001	0.001	0.143	0.855
0.001	0.765	0.124	0.110
0.883	0.001	0.001	0.115
0.001	0.997	0.001	0.001
0.997	0.001	0.001	0.001
0.997	0.001	0.001	0.001
0.997	0.001	0.001	0.001
0.058	0.940	0.001	0.001
0.001	0.001	0.001	0.997
>TTATATAATT	4-TTATATAATT	13.438707	-13.086341	0	T:6.0(19.35%),B:491.5(1.24%),P:1e-5	Tpos:379.4,Tstd:265.5,Bpos:523.9,Bstd:329.4,StrandBias:-0.4,Multiplicity:1.17
0.001	0.001	0.001	0.997
0.001	0.001	0.001	0.997
0.997	0.001	0.001	0.001
0.001	0.001	0.001	0.997
0.997	0.001	0.001	0.001
0.001	0.001	0.001	0.997
0.902	0.001	0.096	0.001
0.997	0.001	0.001	0.001
0.149	0.107	0.001	0.743
0.001	0.001	0.001	0.997
>ACAATATCAG	5-ACAATATCAG	10.682380	-11.040394	0	T:7.0(22.58%),B:1076.8(2.71%),P:1e-4	Tpos:417.2,Tstd:145.5,Bpos:549.8,Bstd:330.2,StrandBias:-3.0,Multiplicity:1.29
0.863	0.001	0.135	0.001
0.044	0.954	0.001	0.001
0.997	0.001	0.001	0.001
0.861	0.137	0.001	0.001
0.069	0.001	0.001	0.929
0.900	0.001	0.001	0.098
0.099	0.001	0.001	0.899
0.113	0.885	0.001	0.001
0.873	0.125	0.001	0.001
0.068	0.001	0.930	0.001
>CTATATAATTTT	1-CTATATAATTTT	10.178535	-21.707774	0	T:14.0(45.16%),B:2249.4(5.65%),P:1e-9	Tpos:487.3,Tstd:346.0,Bpos:535.7,Bstd:310.1,StrandBias:1.5,Multiplicity:1.07
0.001	0.981	0.001	0.017
0.048	0.129	0.074	0.749
0.650	0.092	0.091	0.167
0.055	0.001	0.068	0.876
0.957	0.001	0.001	0.041
0.001	0.055	0.001	0.943
0.546	0.140	0.204	0.110
0.911	0.001	0.001	0.087
0.004	0.089	0.086	0.821
0.001	0.003	0.112	0.884
0.120	0.001	0.094	0.785
0.001	0.002	0.122	0.875
>TGHTCAAAAACT	2-TGHTCAAAAACT	11.842390	-19.912887	0	T:10.0(32.26%),B:974.9(2.45%),P:1e-8	Tpos:423.1,Tstd:255.0,Bpos:520.5,Bstd:301.9,StrandBias:0.8,Multiplicity:1.10
0.001	0.001	0.001	0.997
0.157	0.001	0.841	0.001
0.341	0.335	0.001	0.323
0.171	0.001	0.001	0.827
0.001	0.818	0.009	0.172
0.854	0.001	0.001	0.144
0.813	0.185	0.001	0.001
0.997	0.001	0.001	0.001
0.997	0.001	0.001	0.001
0.997	0.001	0.001	0.001
0.001	0.701	0.297	0.001
0.001	0.001	0.001	0.997
>TATGGAGAATAC	3-TATGGAGAATAC	14.042620	-18.919426	0	T:4.0(12.90%),B:24.1(0.06%),P:1e-8	Tpos:481.8,Tstd:220.2,Bpos:463.7,Bstd:259.2,StrandBias:0.0,Multiplicity:1.00
0.159	0.001	0.001	0.839
0.849	0.001	0.001	0.149
0.001	0.001	0.001	0.997
0.001	0.001	0.997	0.001
0.001	0.001	0.997	0.001
0.997	0.001	0.001	0.001
0.001	0.001	0.997	0.001
0.997	0.001	0.001	0.001
0.997	0.001	0.001	0.001
0.001	0.001	0.257	0.741
0.997	0.001	0.001	0.001
0.001	0.766	0.232	0.001
>TAGCAAAAATTA	4-TAGCAAAAATTA	13.662694	-18.637142	0	T:7.0(22.58%),B:341.5(0.86%),P:1e-8	Tpos:495.4,Tstd:341.9,Bpos:506.3,Bstd:312.4,StrandBias:0.4,Multiplicity:1.00
0.161	0.001	0.001	0.837
0.997	0.001	0.001	0.001
0.001	0.001	0.882	0.116
0.001	0.655	0.176	0.168
0.997	0.001	0.001	0.001
0.997	0.001	0.001	0.001
0.997	0.001	0.001	0.001
0.997	0.001	0.001	0.001
0.997	0.001	0.001	0.001
0.001	0.001	0.001	0.997
0.001	0.001	0.001	0.997
0.824	0.001	0.174	0.001
>GAAGACACGAAA	5-GAAGACACGAAA	13.822785	-17.703159	0	T:5.0(16.13%),B:102.9(0.26%),P:1e-7	Tpos:613.4,Tstd:263.9,Bpos:544.8,Bstd:335.8,StrandBias:-0.6,Multiplicity:1.00
0.001	0.001	0.705	0.293
0.997	0.001	0.001	0.001
0.997	0.001	0.001	0.001
0.137	0.001	0.861	0.001
0.997	0.001	0.001	0.001
0.149	0.849	0.001	0.001
0.997	0.001	0.001	0.001
0.001	0.997	0.001	0.001
0.001	0.001	0.997	0.001
0.997	0.001	0.001	0.001
0.997	0.001	0.001	0.001
0.750	0.001	0.001	0.248
>GKTGGAGTTTTC	6-GKTGGAGTTTTC	10.126899	-16.992329	0	T:9.0(29.03%),B:977.3(2.46%),P:1e-7	Tpos:619.9,Tstd:168.3,Bpos:510.1,Bstd:322.1,StrandBias:0.0,Multiplicity:1.33
0.005	0.001	0.917	0.077
0.232	0.001	0.400	0.367
0.124	0.001	0.001	0.874
0.001	0.325	0.673	0.001
0.001	0.001	0.899	0.099
0.641	0.162	0.009	0.188
0.088	0.001	0.910	0.001
0.001	0.001	0.103	0.895
0.001	0.001	0.161	0.837
0.001	0.124	0.001	0.874
0.001	0.001	0.132	0.866
0.230	0.573	0.092	0.105
>CAACCATTCAAA	7-CAACCATTCAAA	13.875878	-16.881775	0	T:5.0(16.13%),B:121.4(0.31%),P:1e-7	Tpos:539.3,Tstd:187.9,Bpos:505.4,Bstd:320.5,StrandBias:-1.0,Multiplicity:1.20
0.001	0.795	0.001	0.203
0.997	0.001	0.001	0.001
0.997	0.001	0.001	0.001
0.137	0.861	0.001	0.001
0.001	0.997	0.001	0.001
0.997	0.001	0.001	0.001
0.001	0.001	0.001	0.997
0.001	0.001	0.001	0.997
0.001	0.749	0.001	0.249
0.795	0.203	0.001	0.001
0.997	0.001	0.001	0.001
0.997	0.001	0.001	0.001
>TGTCTTAATTTC	8-TGTCTTAATTTC	13.828465	-15.186877	0	T:5.0(16.13%),B:172.9(0.43%),P:1e-6	Tpos:560.8,Tstd:211.9,Bpos:592.0,Bstd:325.8,StrandBias:-0.6,Multiplicity:1.00
0.001	0.001	0.001	0.997
0.001	0.167	0.718	0.114
0.242	0.001	0.001	0.756
0.001	0.886	0.001	0.112
0.001	0.001	0.001	0.997
0.001	0.001	0.001	0.997
0.810	0.001	0.188	0.001
0.997	0.001	0.001	0.001
0.001	0.001	0.001	0.997
0.001	0.001	0.001	0.997
0.001	0.001	0.001	0.997
0.001	0.997	0.001	0.001
>TTKATTTTTCAG	9-TTKATTTTTCAG	10.751422	-6.923845	0	T:7.0(22.58%),B:2100.0(5.28%),P:1e-3	Tpos:479.2,Tstd:238.3,Bpos:540.4,Bstd:315.8,StrandBias:1.7,Multiplicity:1.86
0.001	0.001	0.001	0.997
0.001	0.001	0.001	0.997
0.049	0.005	0.545	0.401
0.477	0.270	0.252	0.001
0.001	0.001	0.001	0.997
0.001	0.001	0.001	0.997
0.001	0.001	0.001	0.997
0.001	0.001	0.001	0.997
0.001	0.001	0.001	0.997
0.001	0.997	0.001	0.001
0.580	0.011	0.237	0.172
0.001	0.001	0.997	0.001
>AACTCGAC	1-AACTCGAC	8.089600	-11.726619	0	T:11.0(35.48%),B:2957.5(7.43%),P:1e-5	Tpos:421.9,Tstd:284.9,Bpos:479.2,Bstd:329.6,StrandBias:0.6,Multiplicity:1.36
0.918	0.001	0.001	0.080
0.997	0.001	0.001	0.001
0.001	0.997	0.001	0.001
0.001	0.001	0.001	0.997
0.001	0.997	0.001	0.001
0.001	0.279	0.719	0.001
0.878	0.001	0.001	0.120
0.001	0.997	0.001	0.001
>GTTTTACG	2-GTTTTACG	10.916171	-8.561675	0	T:6.0(19.35%),B:1108.8(2.79%),P:1e-3	Tpos:391.0,Tstd:272.9,Bpos:521.4,Bstd:307.4,StrandBias:1.3,Multiplicity:1.17
0.001	0.001	0.997	0.001
0.001	0.001	0.001	0.997
0.140	0.001	0.001	0.858
0.001	0.001	0.001	0.997
0.001	0.001	0.001	0.997
0.997	0.001	0.001	0.001
0.001	0.997	0.001	0.001
0.001	0.001	0.997	0.001
>TTATATAA	3-TTATATAA	9.264712	-8.544511	0	T:15.0(48.39%),B:7528.0(18.92%),P:1e-3	Tpos:507.8,Tstd:315.8,Bpos:534.4,Bstd:324.1,StrandBias:-0.2,Multiplicity:1.33
0.001	0.001	0.001	0.997
0.001	0.001	0.001	0.997
0.997	0.001	0.001	0.001
0.001	0.001	0.001	0.997
0.997	0.001	0.001	0.001
0.001	0.001	0.001	0.997
0.763	0.001	0.001	0.235
0.783	0.001	0.001	0.215
>CCATTCAA	4-CCATTCAA	8.236954	-5.850444	0	T:6.0(19.35%),B:1868.5(4.70%),P:1e-2	Tpos:608.4,Tstd:309.8,Bpos:485.0,Bstd:319.9,StrandBias:-0.7,Multiplicity:1.33
0.100	0.700	0.100	0.100
0.100	0.700	0.100	0.100
0.700	0.100	0.100	0.100
0.100	0.100	0.100	0.700
0.100	0.100	0.100	0.700
0.100	0.700	0.100	0.100
0.700	0.100	0.100	0.100
0.700	0.100	0.100	0.100
>AAAGATCT	5-AAAGATCT	8.236954	-4.514018	0	T:5.0(16.13%),B:1756.3(4.41%),P:1e-1	Tpos:548.8,Tstd:339.9,Bpos:490.9,Bstd:334.3,StrandBias:0.0,Multiplicity:1.40
0.700	0.100	0.100	0.100
0.700	0.100	0.100	0.100
0.700	0.100	0.100	0.100
0.100	0.100	0.700	0.100
0.700	0.100	0.100	0.100
0.100	0.100	0.100	0.700
0.100	0.700	0.100	0.100
0.100	0.100	0.100	0.700
