>TGTAGCCT	1-TGTAGCCT	7.568561	-65.984729	0	T:77.0(41.62%),B:4012.3(9.89%),P:1e-28	Tpos:653.0,Tstd:262.5,Bpos:496.2,Bstd:320.9,StrandBias:0.1,Multiplicity:1.38
0.001	0.132	0.014	0.853
0.021	0.025	0.953	0.001
0.001	0.001	0.001	0.997
0.988	0.001	0.010	0.001
0.001	0.017	0.981	0.001
0.031	0.591	0.086	0.292
0.001	0.977	0.001	0.021
0.146	0.001	0.001	0.852
>AGTGTAGC	2-AGTGTAGC	7.460581	-47.993007	0	T:65.0(35.14%),B:3805.6(9.38%),P:1e-20	Tpos:550.5,Tstd:301.8,Bpos:506.7,Bstd:320.7,StrandBias:-0.6,Multiplicity:1.06
0.940	0.015	0.014	0.031
0.001	0.001	0.882	0.116
0.015	0.001	0.018	0.966
0.001	0.073	0.897	0.029
0.040	0.001	0.001	0.958
0.942	0.001	0.056	0.001
0.022	0.014	0.963	0.001
0.140	0.522	0.070	0.268
>CTGCGTCT	3-CTGCGTCT	8.997849	-27.303751	0	T:41.0(22.16%),B:2539.0(6.26%),P:1e-11	Tpos:723.8,Tstd:220.4,Bpos:542.4,Bstd:306.5,StrandBias:1.1,Multiplicity:1.10
0.001	0.997	0.001	0.001
0.001	0.001	0.001	0.997
0.001	0.001	0.997	0.001
0.001	0.997	0.001	0.001
0.001	0.001	0.997	0.001
0.001	0.001	0.001	0.997
0.126	0.872	0.001	0.001
0.001	0.001	0.001	0.997
>ACTGATAA	4-ACTGATAA	9.532205	-26.316544	0	T:86.0(46.49%),B:9412.0(23.19%),P:1e-11	Tpos:593.8,Tstd:307.5,Bpos:531.9,Bstd:322.0,StrandBias:-0.0,Multiplicity:1.31
0.997	0.001	0.001	0.001
0.217	0.567	0.215	0.001
0.001	0.001	0.001	0.997
0.001	0.001	0.997	0.001
0.997	0.001	0.001	0.001
0.001	0.001	0.001	0.997
0.997	0.001	0.001	0.001
0.997	0.001	0.001	0.001
>GAGTCGCA	5-GAGTCGCA	7.958847	-24.248389	0	T:51.0(27.57%),B:4128.6(10.17%),P:1e-10	Tpos:431.9,Tstd:289.0,Bpos:512.0,Bstd:314.7,StrandBias:0.5,Multiplicity:1.14
0.025	0.001	0.823	0.151
0.976	0.014	0.009	0.001
0.294	0.001	0.704	0.001
0.192	0.001	0.055	0.752
0.001	0.997	0.001	0.001
0.162	0.001	0.836	0.001
0.252	0.721	0.026	0.001
0.931	0.001	0.067	0.001
>GTACGTTG	6-GTACGTTG	7.610211	-21.457184	0	T:44.0(23.78%),B:3478.2(8.57%),P:1e-9	Tpos:588.3,Tstd:268.3,Bpos:492.8,Bstd:311.9,StrandBias:0.7,Multiplicity:1.09
0.036	0.025	0.895	0.044
0.058	0.124	0.072	0.746
0.997	0.001	0.001	0.001
0.001	0.855	0.143	0.001
0.001	0.115	0.692	0.192
0.139	0.001	0.034	0.826
0.001	0.001	0.014	0.984
0.001	0.001	0.997	0.001
>CTTATCAA	7-CTTATCAA	8.443236	-20.080544	0	T:67.0(36.22%),B:7192.6(17.72%),P:1e-8	Tpos:548.8,Tstd:311.5,Bpos:521.6,Bstd:322.3,StrandBias:0.1,Multiplicity:1.14
0.001	0.997	0.001	0.001
0.001	0.001	0.001	0.997
0.174	0.001	0.157	0.668
0.997	0.001	0.001	0.001
0.001	0.001	0.001	0.997
0.001	0.997	0.001	0.001
0.997	0.001	0.001	0.001
0.890	0.108	0.001	0.001
>MWTGACCA	8-MWTGACCA	8.427797	-18.096102	0	T:35.0(18.92%),B:2645.3(6.52%),P:1e-7	Tpos:619.1,Tstd:293.6,Bpos:498.8,Bstd:311.8,StrandBias:-0.6,Multiplicity:1.09
0.439	0.539	0.001	0.021
0.478	0.048	0.056	0.418
0.001	0.203	0.001	0.795
0.194	0.001	0.804	0.001
0.964	0.015	0.020	0.001
0.001	0.938	0.001	0.060
0.001	0.997	0.001	0.001
0.577	0.021	0.401	0.001
>CAATGTAG	9-CAATGTAG	6.492466	-14.340957	0	T:86.0(46.49%),B:11874.6(29.26%),P:1e-6	Tpos:513.8,Tstd:300.5,Bpos:498.7,Bstd:314.2,StrandBias:0.2,Multiplicity:1.50
0.031	0.967	0.001	0.001
0.548	0.172	0.014	0.266
0.658	0.340	0.001	0.001
0.001	0.058	0.001	0.940
0.024	0.121	0.721	0.134
0.001	0.144	0.022	0.833
0.817	0.034	0.148	0.001
0.001	0.337	0.661	0.001
>CGATCTGA	10-CGATCTGA	10.755483	-9.945078	0	T:12.0(6.49%),B:640.3(1.58%),P:1e-4	Tpos:496.7,Tstd:312.1,Bpos:523.7,Bstd:317.4,StrandBias:-0.5,Multiplicity:1.00
0.001	0.997	0.001	0.001
0.001	0.001	0.997	0.001
0.884	0.001	0.114	0.001
0.001	0.001	0.001	0.997
0.001	0.997	0.001	0.001
0.001	0.001	0.001	0.997
0.105	0.001	0.893	0.001
0.920	0.078	0.001	0.001
>CCCCCCCC	11-CCCCCCCC	7.366268	-5.312757	0	T:27.0(14.59%),B:3491.1(8.60%),P:1e-2	Tpos:405.4,Tstd:301.0,Bpos:529.8,Bstd:310.9,StrandBias:1.0,Multiplicity:1.15
0.001	0.955	0.021	0.023
0.017	0.940	0.030	0.013
0.001	0.985	0.013	0.001
0.049	0.848	0.056	0.047
0.104	0.840	0.001	0.055
0.117	0.826	0.001	0.056
0.052	0.930	0.017	0.001
0.066	0.900	0.033	0.001
