>GACTACACTG	1-GACTACACTG	7.973594	-67.571356	0	T:48.0(25.95%),B:1242.4(3.06%),P:1e-29	Tpos:698.3,Tstd:253.9,Bpos:497.3,Bstd:336.9,StrandBias:0.3,Multiplicity:1.15
0.009	0.122	0.837	0.032
0.678	0.056	0.169	0.097
0.018	0.881	0.044	0.057
0.032	0.123	0.037	0.808
0.923	0.010	0.010	0.057
0.067	0.770	0.076	0.087
0.912	0.001	0.032	0.055
0.102	0.681	0.128	0.089
0.034	0.089	0.075	0.802
0.133	0.091	0.720	0.056
>TGTAGCCTAC	2-TGTAGCCTAC	7.258274	-50.289526	0	T:55.0(29.73%),B:2547.7(6.28%),P:1e-21	Tpos:587.4,Tstd:269.5,Bpos:498.5,Bstd:323.3,StrandBias:0.4,Multiplicity:1.18
0.039	0.142	0.053	0.766
0.060	0.038	0.852	0.050
0.035	0.027	0.024	0.914
0.754	0.023	0.103	0.120
0.059	0.037	0.872	0.032
0.076	0.741	0.092	0.091
0.024	0.898	0.019	0.059
0.128	0.054	0.065	0.753
0.709	0.097	0.074	0.120
0.053	0.747	0.062	0.138
>CCACACTATA	3-CCACACTATA	8.980368	-36.109688	0	T:25.0(13.51%),B:608.4(1.50%),P:1e-15	Tpos:542.0,Tstd:246.7,Bpos:490.3,Bstd:316.8,StrandBias:1.7,Multiplicity:1.00
0.001	0.857	0.092	0.050
0.001	0.796	0.095	0.108
0.852	0.001	0.146	0.001
0.036	0.962	0.001	0.001
0.997	0.001	0.001	0.001
0.067	0.861	0.001	0.071
0.001	0.115	0.001	0.883
0.949	0.001	0.001	0.049
0.001	0.074	0.001	0.924
0.997	0.001	0.001	0.001
>YSTTATCAGT	4-YSTTATCAGT	7.854387	-34.790999	0	T:72.0(38.92%),B:5952.5(14.67%),P:1e-15	Tpos:617.4,Tstd:291.9,Bpos:548.8,Bstd:322.5,StrandBias:0.3,Multiplicity:1.21
0.133	0.367	0.060	0.440
0.168	0.273	0.373	0.186
0.066	0.081	0.011	0.842
0.022	0.024	0.061	0.893
0.632	0.186	0.164	0.018
0.030	0.160	0.075	0.735
0.135	0.766	0.074	0.025
0.671	0.030	0.046	0.253
0.136	0.222	0.478	0.163
0.042	0.099	0.021	0.838
>CGAGACGCAG	5-CGAGACGCAG	9.586514	-32.832216	0	T:41.0(22.16%),B:2137.4(5.27%),P:1e-14	Tpos:758.8,Tstd:202.1,Bpos:544.6,Bstd:306.9,StrandBias:-0.8,Multiplicity:1.07
0.381	0.544	0.074	0.001
0.123	0.081	0.738	0.058
0.997	0.001	0.001	0.001
0.001	0.001	0.997	0.001
0.997	0.001	0.001	0.001
0.001	0.923	0.075	0.001
0.001	0.001	0.997	0.001
0.044	0.896	0.059	0.001
0.921	0.077	0.001	0.001
0.001	0.001	0.997	0.001
>GTTGAGTGTA	6-GTTGAGTGTA	8.065087	-28.709881	0	T:28.0(15.14%),B:1104.5(2.72%),P:1e-12	Tpos:592.4,Tstd:273.7,Bpos:535.1,Bstd:324.4,StrandBias:-0.1,Multiplicity:1.00
0.038	0.001	0.910	0.051
0.056	0.001	0.096	0.847
0.048	0.001	0.065	0.886
0.061	0.056	0.840	0.043
0.883	0.001	0.078	0.038
0.001	0.050	0.948	0.001
0.001	0.001	0.076	0.922
0.044	0.001	0.921	0.034
0.001	0.045	0.001	0.953
0.939	0.001	0.059	0.001
>CTCTAGCCAA	7-CTCTAGCCAA	9.451895	-28.627349	0	T:22.0(11.89%),B:632.5(1.56%),P:1e-12	Tpos:560.5,Tstd:275.0,Bpos:487.0,Bstd:304.2,StrandBias:0.0,Multiplicity:1.00
0.136	0.600	0.263	0.001
0.001	0.001	0.001	0.997
0.263	0.735	0.001	0.001
0.001	0.269	0.001	0.729
0.633	0.001	0.112	0.254
0.001	0.001	0.997	0.001
0.001	0.724	0.001	0.274
0.001	0.834	0.164	0.001
0.813	0.001	0.001	0.185
0.756	0.001	0.001	0.242
>NACYTTGTMC	8-NACYTTGTMC	8.217152	-26.912435	0	T:45.0(24.32%),B:3058.3(7.54%),P:1e-11	Tpos:570.7,Tstd:285.1,Bpos:497.4,Bstd:308.0,StrandBias:-0.1,Multiplicity:1.14
0.164	0.282	0.244	0.309
0.597	0.103	0.001	0.299
0.001	0.777	0.221	0.001
0.001	0.370	0.182	0.447
0.001	0.001	0.001	0.997
0.001	0.071	0.108	0.820
0.001	0.001	0.997	0.001
0.222	0.001	0.254	0.523
0.510	0.488	0.001	0.001
0.001	0.997	0.001	0.001
>GTGGTCATTT	9-GTGGTCATTT	10.916759	-26.114224	0	T:14.0(7.57%),B:221.0(0.54%),P:1e-11	Tpos:659.6,Tstd:252.0,Bpos:528.2,Bstd:340.8,StrandBias:1.3,Multiplicity:1.00
0.001	0.001	0.997	0.001
0.001	0.240	0.001	0.758
0.001	0.001	0.997	0.001
0.001	0.001	0.997	0.001
0.001	0.001	0.001	0.997
0.001	0.997	0.001	0.001
0.927	0.001	0.071	0.001
0.001	0.001	0.001	0.997
0.001	0.001	0.001	0.997
0.001	0.001	0.001	0.997
>TBATCATTTG	10-TBATCATTTG	9.075897	-22.659835	0	T:56.0(30.27%),B:5050.1(12.44%),P:1e-9	Tpos:516.9,Tstd:285.0,Bpos:509.0,Bstd:316.9,StrandBias:0.7,Multiplicity:1.13
0.269	0.036	0.117	0.578
0.045	0.266	0.313	0.375
0.543	0.197	0.001	0.259
0.001	0.059	0.001	0.939
0.001	0.815	0.001	0.183
0.947	0.001	0.051	0.001
0.266	0.004	0.016	0.714
0.001	0.056	0.032	0.911
0.059	0.022	0.001	0.918
0.001	0.185	0.729	0.085
>ATRAGAGATG	11-ATRAGAGATG	8.359934	-22.318980	0	T:40.0(21.62%),B:2859.3(7.05%),P:1e-9	Tpos:573.3,Tstd:279.7,Bpos:530.8,Bstd:314.9,StrandBias:-1.4,Multiplicity:1.08
0.833	0.001	0.123	0.043
0.001	0.250	0.002	0.747
0.448	0.175	0.343	0.034
0.918	0.002	0.045	0.035
0.021	0.106	0.767	0.106
0.890	0.068	0.001	0.041
0.001	0.083	0.915	0.001
0.822	0.040	0.099	0.039
0.002	0.068	0.002	0.928
0.344	0.036	0.619	0.001
>GGCTATAAAT	12-GGCTATAAAT	9.862718	-21.861327	0	T:24.0(12.97%),B:1091.3(2.69%),P:1e-9	Tpos:437.0,Tstd:265.7,Bpos:524.0,Bstd:326.2,StrandBias:0.1,Multiplicity:1.00
0.001	0.152	0.741	0.106
0.078	0.042	0.806	0.074
0.081	0.883	0.001	0.035
0.001	0.068	0.066	0.865
0.948	0.050	0.001	0.001
0.001	0.064	0.001	0.934
0.997	0.001	0.001	0.001
0.907	0.001	0.001	0.091
0.997	0.001	0.001	0.001
0.033	0.001	0.001	0.965
>TATGTAGCCA	13-TATGTAGCCA	9.945851	-19.904556	0	T:12.0(6.49%),B:241.6(0.60%),P:1e-8	Tpos:503.2,Tstd:268.9,Bpos:510.1,Bstd:318.9,StrandBias:-2.7,Multiplicity:1.36
0.001	0.001	0.001	0.997
0.818	0.076	0.072	0.034
0.062	0.076	0.001	0.861
0.040	0.001	0.926	0.033
0.037	0.053	0.001	0.909
0.997	0.001	0.001	0.001
0.034	0.001	0.928	0.037
0.001	0.644	0.322	0.033
0.026	0.972	0.001	0.001
0.997	0.001	0.001	0.001
>ACCTTTTTCT	14-ACCTTTTTCT	7.902935	-19.262229	0	T:57.0(30.81%),B:5694.9(14.03%),P:1e-8	Tpos:545.6,Tstd:302.5,Bpos:514.5,Bstd:309.6,StrandBias:0.8,Multiplicity:1.14
0.528	0.030	0.219	0.223
0.193	0.562	0.027	0.218
0.240	0.566	0.164	0.030
0.274	0.050	0.017	0.659
0.184	0.074	0.064	0.678
0.047	0.044	0.186	0.723
0.038	0.028	0.277	0.657
0.046	0.198	0.057	0.699
0.013	0.516	0.277	0.194
0.027	0.030	0.163	0.780
>AGAGTATTAG	15-AGAGTATTAG	9.273223	-18.737453	0	T:19.0(10.27%),B:797.5(1.96%),P:1e-8	Tpos:624.7,Tstd:305.2,Bpos:498.6,Bstd:331.9,StrandBias:-1.1,Multiplicity:1.00
0.820	0.001	0.080	0.099
0.001	0.001	0.930	0.068
0.882	0.116	0.001	0.001
0.032	0.050	0.867	0.051
0.281	0.001	0.013	0.705
0.920	0.078	0.001	0.001
0.062	0.001	0.053	0.884
0.054	0.067	0.066	0.813
0.579	0.404	0.016	0.001
0.001	0.078	0.920	0.001
>TTTAAGCGCT	16-TTTAAGCGCT	12.009551	-17.527760	0	T:7.0(3.78%),B:60.3(0.15%),P:1e-7	Tpos:495.3,Tstd:239.3,Bpos:381.9,Bstd:307.6,StrandBias:1.3,Multiplicity:1.00
0.001	0.001	0.001	0.997
0.001	0.001	0.001	0.997
0.001	0.001	0.001	0.997
0.997	0.001	0.001	0.001
0.997	0.001	0.001	0.001
0.001	0.001	0.997	0.001
0.001	0.837	0.161	0.001
0.001	0.001	0.997	0.001
0.001	0.997	0.001	0.001
0.001	0.001	0.001	0.997
>CAGGTTTTAG	17-CAGGTTTTAG	10.154334	-16.371858	0	T:16.0(8.65%),B:650.6(1.60%),P:1e-7	Tpos:563.1,Tstd:310.5,Bpos:528.4,Bstd:315.4,StrandBias:0.9,Multiplicity:1.06
0.001	0.997	0.001	0.001
0.772	0.001	0.226	0.001
0.001	0.001	0.889	0.109
0.001	0.107	0.891	0.001
0.128	0.001	0.001	0.870
0.001	0.001	0.130	0.868
0.411	0.001	0.001	0.587
0.001	0.399	0.001	0.599
0.997	0.001	0.001	0.001
0.001	0.231	0.540	0.228
>CGTATAAATA	18-CGTATAAATA	9.596936	-16.224804	0	T:29.0(15.68%),B:2070.8(5.10%),P:1e-7	Tpos:559.4,Tstd:328.4,Bpos:534.7,Bstd:330.0,StrandBias:1.6,Multiplicity:1.10
0.064	0.736	0.025	0.175
0.044	0.035	0.866	0.055
0.001	0.049	0.001	0.949
0.932	0.040	0.001	0.027
0.001	0.001	0.029	0.969
0.832	0.001	0.001	0.166
0.938	0.001	0.001	0.060
0.899	0.099	0.001	0.001
0.089	0.001	0.001	0.909
0.997	0.001	0.001	0.001
>CCCCTGTAGC	19-CCCCTGTAGC	11.279708	-13.762966	0	T:5.0(2.70%),B:35.1(0.09%),P:1e-5	Tpos:452.9,Tstd:262.9,Bpos:390.9,Bstd:289.2,StrandBias:3.0,Multiplicity:1.80
0.001	0.895	0.001	0.103
0.001	0.997	0.001	0.001
0.001	0.997	0.001	0.001
0.118	0.880	0.001	0.001
0.001	0.147	0.001	0.851
0.001	0.001	0.997	0.001
0.001	0.001	0.001	0.997
0.997	0.001	0.001	0.001
0.001	0.001	0.997	0.001
0.001	0.997	0.001	0.001
>WKGTACCTAG	20-WKGTACCTAG	8.115632	-13.604319	0	T:39.0(21.08%),B:3790.8(9.34%),P:1e-5	Tpos:467.6,Tstd:269.1,Bpos:504.4,Bstd:321.5,StrandBias:0.1,Multiplicity:1.28
0.535	0.001	0.001	0.463
0.001	0.001	0.449	0.549
0.001	0.196	0.775	0.028
0.089	0.160	0.001	0.750
0.790	0.001	0.038	0.171
0.001	0.708	0.001	0.290
0.392	0.576	0.031	0.001
0.001	0.001	0.001	0.997
0.997	0.001	0.001	0.001
0.064	0.098	0.689	0.149
>GCACGATCTG	21-GCACGATCTG	11.505847	-12.530822	0	T:5.0(2.70%),B:46.7(0.11%),P:1e-5	Tpos:461.9,Tstd:216.5,Bpos:519.2,Bstd:270.6,StrandBias:1.3,Multiplicity:1.40
0.001	0.001	0.997	0.001
0.001	0.861	0.137	0.001
0.997	0.001	0.001	0.001
0.001	0.997	0.001	0.001
0.001	0.001	0.997	0.001
0.997	0.001	0.001	0.001
0.001	0.001	0.001	0.997
0.001	0.864	0.134	0.001
0.001	0.130	0.001	0.868
0.001	0.001	0.997	0.001
>GCSTTTGAAA	22-GCSTTTGAAA	9.885198	-12.050684	0	T:14.0(7.57%),B:704.5(1.74%),P:1e-5	Tpos:529.6,Tstd:308.2,Bpos:508.9,Bstd:332.8,StrandBias:-0.3,Multiplicity:1.29
0.001	0.001	0.997	0.001
0.001	0.997	0.001	0.001
0.001	0.461	0.537	0.001
0.001	0.001	0.165	0.833
0.001	0.116	0.001	0.882
0.001	0.001	0.001	0.997
0.001	0.001	0.997	0.001
0.997	0.001	0.001	0.001
0.754	0.001	0.001	0.244
0.997	0.001	0.001	0.001
>CTGCCTATGG	23-CTGCCTATGG	11.817824	-9.760381	0	T:4.0(2.16%),B:42.1(0.10%),P:1e-4	Tpos:380.2,Tstd:348.7,Bpos:448.1,Bstd:201.2,StrandBias:2.3,Multiplicity:1.50
0.001	0.997	0.001	0.001
0.001	0.001	0.001	0.997
0.001	0.001	0.997	0.001
0.001	0.834	0.001	0.164
0.001	0.997	0.001	0.001
0.001	0.001	0.001	0.997
0.808	0.190	0.001	0.001
0.001	0.001	0.001	0.997
0.001	0.001	0.997	0.001
0.001	0.001	0.997	0.001
>CGAAAAGGGG	24-CGAAAAGGGG	10.366102	-7.388850	0	T:9.0(4.86%),B:506.2(1.25%),P:1e-3	Tpos:460.4,Tstd:244.7,Bpos:498.8,Bstd:262.2,StrandBias:0.0,Multiplicity:2.22
0.001	0.997	0.001	0.001
0.115	0.001	0.883	0.001
0.997	0.001	0.001	0.001
0.997	0.001	0.001	0.001
0.997	0.001	0.001	0.001
0.997	0.001	0.001	0.001
0.038	0.086	0.835	0.041
0.001	0.001	0.997	0.001
0.001	0.001	0.997	0.001
0.001	0.001	0.922	0.076
>CCCCCCCCCC	25-CCCCCCCCCC	6.792907	-5.501251	0	T:22.0(11.89%),B:2603.6(6.41%),P:1e-2	Tpos:368.4,Tstd:286.3,Bpos:528.3,Bstd:307.8,StrandBias:0.7,Multiplicity:1.05
0.108	0.758	0.087	0.047
0.023	0.831	0.092	0.054
0.035	0.799	0.066	0.100
0.037	0.867	0.041	0.055
0.070	0.795	0.067	0.068
0.071	0.800	0.089	0.040
0.046	0.820	0.058	0.076
0.041	0.840	0.060	0.059
0.048	0.771	0.109	0.072
0.071	0.726	0.138	0.065
>CTACRGTGTAGT	1-CTACRGTGTAGT	10.119910	-92.666811	0	T:32.0(17.30%),B:157.1(0.39%),P:1e-40	Tpos:693.6,Tstd:221.3,Bpos:490.9,Bstd:309.1,StrandBias:-0.3,Multiplicity:1.00
0.001	0.997	0.001	0.001
0.056	0.214	0.001	0.729
0.928	0.001	0.070	0.001
0.001	0.931	0.066	0.002
0.542	0.001	0.456	0.001
0.078	0.216	0.485	0.221
0.001	0.380	0.001	0.618
0.149	0.001	0.849	0.001
0.001	0.001	0.001	0.997
0.859	0.001	0.081	0.059
0.001	0.069	0.929	0.001
0.001	0.222	0.001	0.776
>ACAVTGTAGTCT	2-ACAVTGTAGTCT	11.592105	-76.823888	0	T:25.0(13.51%),B:100.5(0.25%),P:1e-33	Tpos:685.3,Tstd:256.2,Bpos:432.4,Bstd:336.7,StrandBias:-0.2,Multiplicity:1.36
0.938	0.001	0.001	0.060
0.001	0.856	0.001	0.142
0.997	0.001	0.001	0.001
0.269	0.310	0.295	0.126
0.001	0.001	0.001	0.997
0.187	0.001	0.811	0.001
0.001	0.001	0.001	0.997
0.997	0.001	0.001	0.001
0.001	0.001	0.997	0.001
0.001	0.297	0.071	0.631
0.001	0.927	0.071	0.001
0.074	0.164	0.001	0.761
>TGTACTTTGMCC	3-TGTACTTTGMCC	10.365499	-32.240847	0	T:20.0(10.81%),B:406.3(1.00%),P:1e-14	Tpos:607.3,Tstd:302.4,Bpos:491.2,Bstd:303.0,StrandBias:-0.1,Multiplicity:1.05
0.121	0.121	0.001	0.757
0.212	0.001	0.666	0.121
0.081	0.218	0.256	0.446
0.913	0.001	0.001	0.085
0.001	0.997	0.001	0.001
0.201	0.001	0.001	0.797
0.001	0.001	0.001	0.997
0.001	0.001	0.001	0.997
0.001	0.001	0.909	0.089
0.505	0.383	0.111	0.001
0.116	0.882	0.001	0.001
0.001	0.997	0.001	0.001
>YTVTTTGTAGYC	4-YTVTTTGTAGYC	9.672288	-31.881330	0	T:30.0(16.22%),B:1131.1(2.79%),P:1e-13	Tpos:650.2,Tstd:316.8,Bpos:506.4,Bstd:321.8,StrandBias:0.2,Multiplicity:1.13
0.110	0.496	0.001	0.393
0.040	0.110	0.001	0.849
0.354	0.207	0.247	0.192
0.170	0.001	0.256	0.573
0.001	0.001	0.348	0.650
0.001	0.001	0.001	0.997
0.278	0.001	0.720	0.001
0.001	0.001	0.001	0.997
0.997	0.001	0.001	0.001
0.001	0.264	0.734	0.001
0.001	0.472	0.001	0.526
0.001	0.997	0.001	0.001
>TCGTTGTCTTAT	5-TCGTTGTCTTAT	10.519628	-29.552235	0	T:25.0(13.51%),B:821.9(2.03%),P:1e-12	Tpos:626.4,Tstd:274.3,Bpos:528.8,Bstd:320.2,StrandBias:0.4,Multiplicity:1.04
0.102	0.001	0.001	0.896
0.126	0.746	0.049	0.079
0.080	0.211	0.592	0.117
0.001	0.001	0.001	0.997
0.085	0.089	0.001	0.825
0.123	0.134	0.684	0.059
0.089	0.001	0.001	0.909
0.023	0.857	0.025	0.095
0.134	0.001	0.001	0.864
0.001	0.001	0.001	0.997
0.671	0.122	0.078	0.129
0.031	0.001	0.001	0.967
>TTATCAGTTGTA	6-TTATCAGTTGTA	9.883510	-28.318194	0	T:40.0(21.62%),B:2343.8(5.77%),P:1e-12	Tpos:551.1,Tstd:319.8,Bpos:527.8,Bstd:312.2,StrandBias:0.1,Multiplicity:1.02
0.126	0.001	0.001	0.872
0.001	0.034	0.001	0.964
0.860	0.077	0.049	0.014
0.031	0.001	0.001	0.967
0.056	0.929	0.001	0.014
0.784	0.150	0.036	0.030
0.072	0.041	0.684	0.203
0.001	0.042	0.001	0.956
0.092	0.056	0.050	0.802
0.096	0.087	0.704	0.113
0.194	0.120	0.065	0.621
0.868	0.033	0.081	0.018
>ATTTTCCTAGTT	7-ATTTTCCTAGTT	11.626498	-26.861179	0	T:20.0(10.81%),B:550.6(1.36%),P:1e-11	Tpos:484.8,Tstd:280.3,Bpos:486.0,Bstd:308.1,StrandBias:0.6,Multiplicity:1.00
0.777	0.090	0.001	0.132
0.001	0.001	0.001	0.997
0.001	0.001	0.001	0.997
0.001	0.001	0.001	0.997
0.089	0.001	0.001	0.909
0.058	0.884	0.057	0.001
0.048	0.898	0.053	0.001
0.034	0.001	0.063	0.902
0.997	0.001	0.001	0.001
0.034	0.056	0.909	0.001
0.001	0.001	0.115	0.883
0.098	0.001	0.001	0.900
>AAATGWCCAVCG	8-AAATGWCCAVCG	12.719892	-25.721514	0	T:10.0(5.41%),B:75.7(0.19%),P:1e-11	Tpos:490.6,Tstd:234.2,Bpos:543.9,Bstd:313.1,StrandBias:0.0,Multiplicity:1.00
0.997	0.001	0.001	0.001
0.997	0.001	0.001	0.001
0.997	0.001	0.001	0.001
0.001	0.001	0.001	0.997
0.001	0.001	0.997	0.001
0.507	0.001	0.001	0.491
0.001	0.672	0.001	0.326
0.001	0.997	0.001	0.001
0.809	0.189	0.001	0.001
0.266	0.416	0.317	0.001
0.001	0.997	0.001	0.001
0.001	0.001	0.997	0.001
>CTAGACTCTACC	9-CTAGACTCTACC	10.042718	-24.771971	0	T:15.0(8.11%),B:297.4(0.73%),P:1e-10	Tpos:724.1,Tstd:186.3,Bpos:539.8,Bstd:332.0,StrandBias:1.8,Multiplicity:1.07
0.001	0.825	0.079	0.095
0.001	0.001	0.001	0.997
0.903	0.095	0.001	0.001
0.059	0.182	0.580	0.179
0.997	0.001	0.001	0.001
0.001	0.581	0.267	0.151
0.083	0.001	0.001	0.915
0.002	0.996	0.001	0.001
0.001	0.053	0.001	0.945
0.715	0.064	0.054	0.167
0.095	0.710	0.194	0.001
0.154	0.844	0.001	0.001
>TACTTATCAATT	10-TACTTATCAATT	13.151036	-23.389713	0	T:14.0(7.57%),B:273.9(0.67%),P:1e-10	Tpos:559.9,Tstd:318.8,Bpos:605.4,Bstd:310.3,StrandBias:-0.4,Multiplicity:1.00
0.079	0.001	0.001	0.919
0.617	0.297	0.001	0.085
0.001	0.882	0.116	0.001
0.001	0.001	0.001	0.997
0.001	0.095	0.001	0.903
0.912	0.086	0.001	0.001
0.001	0.001	0.001	0.997
0.001	0.997	0.001	0.001
0.997	0.001	0.001	0.001
0.882	0.001	0.001	0.116
0.001	0.001	0.001	0.997
0.001	0.001	0.001	0.997
>CTATTATTATTC	11-CTATTATTATTC	12.775020	-23.356690	0	T:13.0(7.03%),B:222.3(0.55%),P:1e-10	Tpos:398.8,Tstd:304.7,Bpos:554.6,Bstd:313.9,StrandBias:0.2,Multiplicity:1.00
0.001	0.945	0.001	0.053
0.076	0.001	0.164	0.759
0.997	0.001	0.001	0.001
0.001	0.001	0.001	0.997
0.122	0.001	0.001	0.876
0.838	0.001	0.001	0.160
0.001	0.001	0.106	0.892
0.001	0.001	0.001	0.997
0.997	0.001	0.001	0.001
0.131	0.001	0.001	0.867
0.001	0.001	0.001	0.997
0.062	0.936	0.001	0.001
>CTGCGTCTCTTC	12-CTGCGTCTCTTC	11.711256	-22.966472	0	T:21.0(11.35%),B:770.4(1.90%),P:1e-9	Tpos:784.7,Tstd:191.9,Bpos:564.5,Bstd:300.8,StrandBias:1.1,Multiplicity:1.05
0.001	0.910	0.001	0.088
0.001	0.001	0.139	0.859
0.001	0.062	0.858	0.079
0.001	0.997	0.001	0.001
0.001	0.001	0.997	0.001
0.001	0.001	0.001	0.997
0.097	0.901	0.001	0.001
0.001	0.001	0.001	0.997
0.001	0.997	0.001	0.001
0.001	0.001	0.085	0.913
0.050	0.038	0.067	0.845
0.055	0.750	0.048	0.147
>TGTCCAAAATGA	13-TGTCCAAAATGA	12.578572	-21.756157	0	T:12.0(6.49%),B:203.7(0.50%),P:1e-9	Tpos:428.8,Tstd:285.5,Bpos:483.9,Bstd:309.6,StrandBias:3.5,Multiplicity:1.00
0.001	0.001	0.001	0.997
0.001	0.101	0.897	0.001
0.129	0.001	0.001	0.869
0.105	0.811	0.001	0.083
0.061	0.937	0.001	0.001
0.662	0.001	0.336	0.001
0.997	0.001	0.001	0.001
0.997	0.001	0.001	0.001
0.800	0.001	0.001	0.198
0.001	0.001	0.001	0.997
0.138	0.001	0.860	0.001
0.997	0.001	0.001	0.001
>TTCTTGATAAGA	14-TTCTTGATAAGA	11.991800	-20.300469	0	T:17.0(9.19%),B:561.4(1.38%),P:1e-8	Tpos:630.2,Tstd:275.8,Bpos:501.2,Bstd:318.9,StrandBias:-0.5,Multiplicity:1.00
0.094	0.001	0.001	0.904
0.001	0.001	0.001	0.997
0.101	0.618	0.074	0.207
0.144	0.001	0.001	0.854
0.001	0.144	0.001	0.854
0.001	0.001	0.997	0.001
0.997	0.001	0.001	0.001
0.001	0.001	0.001	0.997
0.997	0.001	0.001	0.001
0.997	0.001	0.001	0.001
0.053	0.001	0.874	0.072
0.997	0.001	0.001	0.001
>CCTCTAGCGCGT	15-CCTCTAGCGCGT	12.686497	-15.839779	0	T:4.0(2.16%),B:7.7(0.02%),P:1e-6	Tpos:456.2,Tstd:248.4,Bpos:448.7,Bstd:232.2,StrandBias:0.7,Multiplicity:2.00
0.001	0.997	0.001	0.001
0.001	0.997	0.001	0.001
0.001	0.001	0.001	0.997
0.001	0.612	0.386	0.001
0.001	0.001	0.001	0.997
0.672	0.001	0.326	0.001
0.284	0.001	0.714	0.001
0.001	0.997	0.001	0.001
0.001	0.326	0.672	0.001
0.326	0.672	0.001	0.001
0.001	0.001	0.997	0.001
0.001	0.001	0.001	0.997
>ATTCCAGASGGT	16-ATTCCAGASGGT	8.088419	-14.813972	0	T:10.0(5.41%),B:251.8(0.62%),P:1e-6	Tpos:426.5,Tstd:232.7,Bpos:506.7,Bstd:325.7,StrandBias:-0.4,Multiplicity:1.40
0.997	0.001	0.001	0.001
0.001	0.001	0.001	0.997
0.001	0.001	0.001	0.997
0.001	0.997	0.001	0.001
0.001	0.934	0.001	0.064
0.997	0.001	0.001	0.001
0.001	0.001	0.997	0.001
0.585	0.413	0.001	0.001
0.001	0.400	0.495	0.104
0.001	0.001	0.907	0.091
0.001	0.001	0.997	0.001
0.001	0.001	0.001	0.997
>TGATAGATTTGG	17-TGATAGATTTGG	10.107445	-14.204409	0	T:20.0(10.81%),B:1184.5(2.92%),P:1e-6	Tpos:535.1,Tstd:294.6,Bpos:497.4,Bstd:312.4,StrandBias:-1.8,Multiplicity:1.15
0.067	0.055	0.001	0.877
0.001	0.151	0.634	0.214
0.876	0.059	0.001	0.064
0.214	0.001	0.233	0.552
0.503	0.326	0.001	0.170
0.064	0.001	0.849	0.086
0.862	0.002	0.001	0.135
0.273	0.001	0.001	0.725
0.004	0.001	0.001	0.994
0.063	0.001	0.001	0.935
0.047	0.001	0.917	0.035
0.058	0.002	0.903	0.037
>TGTGACGTCATC	18-TGTGACGTCATC	14.806497	-13.892822	0	T:5.0(2.70%),B:34.3(0.08%),P:1e-6	Tpos:540.6,Tstd:349.2,Bpos:412.0,Bstd:322.9,StrandBias:-0.4,Multiplicity:1.40
0.001	0.001	0.001	0.997
0.001	0.001	0.997	0.001
0.256	0.001	0.001	0.742
0.001	0.001	0.997	0.001
0.775	0.223	0.001	0.001
0.001	0.997	0.001	0.001
0.001	0.001	0.997	0.001
0.001	0.001	0.001	0.997
0.001	0.997	0.001	0.001
0.997	0.001	0.001	0.001
0.001	0.001	0.001	0.997
0.001	0.997	0.001	0.001
>CATATMCCKGYT	19-CATATMCCKGYT	9.842983	-12.835980	0	T:5.0(2.70%),B:43.8(0.11%),P:1e-5	Tpos:356.1,Tstd:208.7,Bpos:516.5,Bstd:288.8,StrandBias:1.8,Multiplicity:1.80
0.001	0.997	0.001	0.001
0.997	0.001	0.001	0.001
0.001	0.001	0.402	0.596
0.997	0.001	0.001	0.001
0.001	0.001	0.001	0.997
0.481	0.517	0.001	0.001
0.001	0.997	0.001	0.001
0.001	0.596	0.402	0.001
0.013	0.001	0.518	0.468
0.001	0.001	0.997	0.001
0.001	0.518	0.001	0.480
0.001	0.001	0.001	0.997
>CMTCCCACCTTC	20-CMTCCCACCTTC	10.485880	-12.532439	0	T:9.0(4.86%),B:254.5(0.63%),P:1e-5	Tpos:406.4,Tstd:257.6,Bpos:556.0,Bstd:306.6,StrandBias:0.4,Multiplicity:1.56
0.001	0.849	0.001	0.149
0.293	0.436	0.165	0.106
0.001	0.148	0.127	0.724
0.001	0.969	0.001	0.029
0.001	0.997	0.001	0.001
0.144	0.707	0.005	0.144
0.991	0.004	0.004	0.001
0.001	0.997	0.001	0.001
0.008	0.990	0.001	0.001
0.001	0.001	0.143	0.855
0.144	0.128	0.165	0.563
0.001	0.885	0.008	0.106
>TAAYCAATAATA	21-TAAYCAATAATA	11.428021	-12.231986	0	T:10.0(5.41%),B:338.3(0.83%),P:1e-5	Tpos:744.5,Tstd:129.7,Bpos:505.6,Bstd:302.7,StrandBias:-0.6,Multiplicity:1.00
0.236	0.016	0.029	0.719
0.719	0.001	0.120	0.160
0.840	0.122	0.001	0.037
0.059	0.492	0.071	0.378
0.216	0.738	0.027	0.019
0.967	0.001	0.031	0.001
0.802	0.062	0.046	0.090
0.326	0.001	0.023	0.650
0.554	0.395	0.001	0.050
0.935	0.001	0.019	0.045
0.218	0.092	0.013	0.677
0.715	0.220	0.001	0.064
>RACCTAGTCKAC	22-RACCTAGTCKAC	10.370547	-12.152845	0	T:5.0(2.70%),B:51.0(0.13%),P:1e-5	Tpos:264.9,Tstd:317.7,Bpos:524.3,Bstd:304.2,StrandBias:-2.6,Multiplicity:1.40
0.504	0.001	0.494	0.001
0.974	0.001	0.024	0.001
0.001	0.997	0.001	0.001
0.402	0.596	0.001	0.001
0.001	0.001	0.001	0.997
0.596	0.001	0.001	0.402
0.001	0.028	0.970	0.001
0.001	0.001	0.001	0.997
0.001	0.997	0.001	0.001
0.001	0.021	0.504	0.474
0.997	0.001	0.001	0.001
0.001	0.997	0.001	0.001
>RCAAAAAGGGGA	23-RCAAAAAGGGGA	12.108146	-10.044522	0	T:9.0(4.86%),B:351.7(0.87%),P:1e-4	Tpos:436.6,Tstd:184.1,Bpos:510.8,Bstd:267.5,StrandBias:-0.3,Multiplicity:2.22
0.424	0.169	0.406	0.001
0.001	0.997	0.001	0.001
0.644	0.001	0.354	0.001
0.997	0.001	0.001	0.001
0.997	0.001	0.001	0.001
0.868	0.001	0.001	0.130
0.997	0.001	0.001	0.001
0.076	0.001	0.765	0.158
0.089	0.001	0.909	0.001
0.095	0.001	0.903	0.001
0.098	0.148	0.753	0.001
0.997	0.001	0.001	0.001
>GGMTATCTAGKT	24-GGMTATCTAGKT	14.168939	-9.700521	0	T:2.0(1.08%),B:1.2(0.00%),P:1e-4	Tpos:460.7,Tstd:221.8,Bpos:282.0,Bstd:0.0,StrandBias:2.3,Multiplicity:3.00
0.001	0.385	0.613	0.001
0.001	0.001	0.997	0.001
0.481	0.517	0.001	0.001
0.385	0.001	0.001	0.613
0.997	0.001	0.001	0.001
0.001	0.001	0.001	0.997
0.001	0.997	0.001	0.001
0.001	0.001	0.001	0.997
0.997	0.001	0.001	0.001
0.001	0.001	0.997	0.001
0.001	0.001	0.481	0.517
0.001	0.001	0.001	0.997
>GGAATTTAAAAC	25-GGAATTTAAAAC	13.994404	-5.904699	0	T:3.0(1.62%),B:58.4(0.14%),P:1e-2	Tpos:383.4,Tstd:223.6,Bpos:464.4,Bstd:308.0,StrandBias:10.0,Multiplicity:2.33
0.001	0.001	0.997	0.001
0.001	0.001	0.997	0.001
0.997	0.001	0.001	0.001
0.997	0.001	0.001	0.001
0.001	0.001	0.001	0.997
0.001	0.001	0.001	0.997
0.001	0.295	0.001	0.703
0.997	0.001	0.001	0.001
0.997	0.001	0.001	0.001
0.749	0.001	0.249	0.001
0.997	0.001	0.001	0.001
0.001	0.997	0.001	0.001
>TGTAGCCT	1-TGTAGCCT	7.568561	-65.984729	0	T:77.0(41.62%),B:4012.3(9.89%),P:1e-28	Tpos:653.0,Tstd:262.5,Bpos:496.2,Bstd:320.9,StrandBias:0.1,Multiplicity:1.38
0.001	0.132	0.014	0.853
0.021	0.025	0.953	0.001
0.001	0.001	0.001	0.997
0.988	0.001	0.010	0.001
0.001	0.017	0.981	0.001
0.031	0.591	0.086	0.292
0.001	0.977	0.001	0.021
0.146	0.001	0.001	0.852
>AGTGTAGC	2-AGTGTAGC	7.460581	-47.993007	0	T:65.0(35.14%),B:3805.6(9.38%),P:1e-20	Tpos:550.5,Tstd:301.8,Bpos:506.7,Bstd:320.7,StrandBias:-0.6,Multiplicity:1.06
0.940	0.015	0.014	0.031
0.001	0.001	0.882	0.116
0.015	0.001	0.018	0.966
0.001	0.073	0.897	0.029
0.040	0.001	0.001	0.958
0.942	0.001	0.056	0.001
0.022	0.014	0.963	0.001
0.140	0.522	0.070	0.268
>CTGCGTCT	3-CTGCGTCT	8.997849	-27.303751	0	T:41.0(22.16%),B:2539.0(6.26%),P:1e-11	Tpos:723.8,Tstd:220.4,Bpos:542.4,Bstd:306.5,StrandBias:1.1,Multiplicity:1.10
0.001	0.997	0.001	0.001
0.001	0.001	0.001	0.997
0.001	0.001	0.997	0.001
0.001	0.997	0.001	0.001
0.001	0.001	0.997	0.001
0.001	0.001	0.001	0.997
0.126	0.872	0.001	0.001
0.001	0.001	0.001	0.997
>ACTGATAA	4-ACTGATAA	9.532205	-26.316544	0	T:86.0(46.49%),B:9412.0(23.19%),P:1e-11	Tpos:593.8,Tstd:307.5,Bpos:531.9,Bstd:322.0,StrandBias:-0.0,Multiplicity:1.31
0.997	0.001	0.001	0.001
0.217	0.567	0.215	0.001
0.001	0.001	0.001	0.997
0.001	0.001	0.997	0.001
0.997	0.001	0.001	0.001
0.001	0.001	0.001	0.997
0.997	0.001	0.001	0.001
0.997	0.001	0.001	0.001
>GAGTCGCA	5-GAGTCGCA	7.958847	-24.248389	0	T:51.0(27.57%),B:4128.6(10.17%),P:1e-10	Tpos:431.9,Tstd:289.0,Bpos:512.0,Bstd:314.7,StrandBias:0.5,Multiplicity:1.14
0.025	0.001	0.823	0.151
0.976	0.014	0.009	0.001
0.294	0.001	0.704	0.001
0.192	0.001	0.055	0.752
0.001	0.997	0.001	0.001
0.162	0.001	0.836	0.001
0.252	0.721	0.026	0.001
0.931	0.001	0.067	0.001
>GTACGTTG	6-GTACGTTG	7.610211	-21.457184	0	T:44.0(23.78%),B:3478.2(8.57%),P:1e-9	Tpos:588.3,Tstd:268.3,Bpos:492.8,Bstd:311.9,StrandBias:0.7,Multiplicity:1.09
0.036	0.025	0.895	0.044
0.058	0.124	0.072	0.746
0.997	0.001	0.001	0.001
0.001	0.855	0.143	0.001
0.001	0.115	0.692	0.192
0.139	0.001	0.034	0.826
0.001	0.001	0.014	0.984
0.001	0.001	0.997	0.001
>CTTATCAA	7-CTTATCAA	8.443236	-20.080544	0	T:67.0(36.22%),B:7192.6(17.72%),P:1e-8	Tpos:548.8,Tstd:311.5,Bpos:521.6,Bstd:322.3,StrandBias:0.1,Multiplicity:1.14
0.001	0.997	0.001	0.001
0.001	0.001	0.001	0.997
0.174	0.001	0.157	0.668
0.997	0.001	0.001	0.001
0.001	0.001	0.001	0.997
0.001	0.997	0.001	0.001
0.997	0.001	0.001	0.001
0.890	0.108	0.001	0.001
>MWTGACCA	8-MWTGACCA	8.427797	-18.096102	0	T:35.0(18.92%),B:2645.3(6.52%),P:1e-7	Tpos:619.1,Tstd:293.6,Bpos:498.8,Bstd:311.8,StrandBias:-0.6,Multiplicity:1.09
0.439	0.539	0.001	0.021
0.478	0.048	0.056	0.418
0.001	0.203	0.001	0.795
0.194	0.001	0.804	0.001
0.964	0.015	0.020	0.001
0.001	0.938	0.001	0.060
0.001	0.997	0.001	0.001
0.577	0.021	0.401	0.001
>CAATGTAG	9-CAATGTAG	6.492466	-14.340957	0	T:86.0(46.49%),B:11874.6(29.26%),P:1e-6	Tpos:513.8,Tstd:300.5,Bpos:498.7,Bstd:314.2,StrandBias:0.2,Multiplicity:1.50
0.031	0.967	0.001	0.001
0.548	0.172	0.014	0.266
0.658	0.340	0.001	0.001
0.001	0.058	0.001	0.940
0.024	0.121	0.721	0.134
0.001	0.144	0.022	0.833
0.817	0.034	0.148	0.001
0.001	0.337	0.661	0.001
>CGATCTGA	10-CGATCTGA	10.755483	-9.945078	0	T:12.0(6.49%),B:640.3(1.58%),P:1e-4	Tpos:496.7,Tstd:312.1,Bpos:523.7,Bstd:317.4,StrandBias:-0.5,Multiplicity:1.00
0.001	0.997	0.001	0.001
0.001	0.001	0.997	0.001
0.884	0.001	0.114	0.001
0.001	0.001	0.001	0.997
0.001	0.997	0.001	0.001
0.001	0.001	0.001	0.997
0.105	0.001	0.893	0.001
0.920	0.078	0.001	0.001
>CCCCCCCC	11-CCCCCCCC	7.366268	-5.312757	0	T:27.0(14.59%),B:3491.1(8.60%),P:1e-2	Tpos:405.4,Tstd:301.0,Bpos:529.8,Bstd:310.9,StrandBias:1.0,Multiplicity:1.15
0.001	0.955	0.021	0.023
0.017	0.940	0.030	0.013
0.001	0.985	0.013	0.001
0.049	0.848	0.056	0.047
0.104	0.840	0.001	0.055
0.117	0.826	0.001	0.056
0.052	0.930	0.017	0.001
0.066	0.900	0.033	0.001
