>CGGGACCACTAA	1-CGGGACCACTAA	10.039942	-29.108796	0	T:11.0(3.96%),B:45.3(0.12%),P:1e-12	Tpos:368.7,Tstd:266.3,Bpos:488.4,Bstd:452.0,StrandBias:-1.4,Multiplicity:1.00
0.001	0.997	0.001	0.001
0.012	0.001	0.986	0.001
0.001	0.001	0.997	0.001
0.001	0.001	0.997	0.001
0.997	0.001	0.001	0.001
0.001	0.641	0.357	0.001
0.001	0.997	0.001	0.001
0.623	0.375	0.001	0.001
0.001	0.773	0.001	0.225
0.001	0.001	0.399	0.599
0.997	0.001	0.001	0.001
0.627	0.346	0.026	0.001
>CTCTCTCTCTCT	2-CTCTCTCTCTCT	8.015627	-28.276627	0	T:135.0(48.56%),B:10853.0(28.10%),P:1e-12	Tpos:580.6,Tstd:270.7,Bpos:570.7,Bstd:378.9,StrandBias:1.3,Multiplicity:1.33
0.098	0.748	0.023	0.131
0.001	0.058	0.001	0.940
0.115	0.759	0.079	0.047
0.001	0.001	0.001	0.997
0.058	0.597	0.137	0.208
0.023	0.002	0.001	0.974
0.018	0.811	0.001	0.170
0.022	0.029	0.051	0.898
0.001	0.796	0.001	0.202
0.083	0.022	0.097	0.798
0.021	0.902	0.019	0.058
0.084	0.092	0.026	0.798
>TATCTATCTCTT	3-TATCTATCTCTT	13.407772	-27.371945	0	T:11.0(3.96%),B:54.9(0.14%),P:1e-11	Tpos:517.9,Tstd:311.2,Bpos:530.5,Bstd:312.6,StrandBias:0.0,Multiplicity:1.00
0.001	0.001	0.001	0.997
0.997	0.001	0.001	0.001
0.001	0.001	0.001	0.997
0.001	0.997	0.001	0.001
0.001	0.001	0.102	0.896
0.997	0.001	0.001	0.001
0.001	0.001	0.001	0.997
0.001	0.883	0.115	0.001
0.001	0.138	0.138	0.723
0.116	0.723	0.001	0.160
0.001	0.138	0.001	0.860
0.001	0.001	0.001	0.997
>ATTTTACGACTT	4-ATTTTACGACTT	10.087538	-24.519974	0	T:34.0(12.23%),B:1201.6(3.11%),P:1e-10	Tpos:487.5,Tstd:234.9,Bpos:495.5,Bstd:323.8,StrandBias:0.9,Multiplicity:1.03
0.776	0.054	0.104	0.066
0.087	0.058	0.001	0.854
0.116	0.001	0.001	0.882
0.054	0.022	0.017	0.907
0.040	0.022	0.085	0.853
0.817	0.098	0.048	0.037
0.076	0.751	0.030	0.143
0.080	0.057	0.750	0.113
0.779	0.033	0.106	0.082
0.009	0.907	0.061	0.023
0.034	0.093	0.056	0.817
0.001	0.062	0.023	0.914
>MTNTKTATGTGT	5-MTNTKTATGTGT	8.841216	-23.012138	0	T:51.0(18.35%),B:2609.5(6.76%),P:1e-9	Tpos:501.4,Tstd:253.6,Bpos:512.7,Bstd:351.3,StrandBias:0.2,Multiplicity:1.14
0.325	0.368	0.205	0.102
0.283	0.001	0.172	0.544
0.241	0.228	0.335	0.196
0.035	0.087	0.113	0.765
0.218	0.030	0.438	0.314
0.001	0.029	0.115	0.855
0.515	0.117	0.090	0.278
0.047	0.077	0.022	0.854
0.242	0.080	0.585	0.093
0.075	0.001	0.001	0.923
0.079	0.057	0.579	0.285
0.040	0.160	0.015	0.785
>TGCTGCTTGTTG	6-TGCTGCTTGTTG	10.336668	-21.753150	0	T:23.0(8.27%),B:621.7(1.61%),P:1e-9	Tpos:454.0,Tstd:268.7,Bpos:496.7,Bstd:347.4,StrandBias:2.3,Multiplicity:1.04
0.001	0.001	0.001	0.997
0.049	0.002	0.853	0.096
0.046	0.737	0.047	0.170
0.001	0.086	0.001	0.912
0.032	0.121	0.697	0.150
0.119	0.760	0.044	0.077
0.046	0.001	0.001	0.952
0.049	0.069	0.107	0.775
0.044	0.057	0.786	0.113
0.002	0.001	0.121	0.876
0.001	0.056	0.034	0.909
0.063	0.057	0.759	0.121
>AGGAAAAAAAGG	7-AGGAAAAAAAGG	11.875544	-21.415378	0	T:30.0(10.79%),B:1074.7(2.78%),P:1e-9	Tpos:497.3,Tstd:290.4,Bpos:526.2,Bstd:332.7,StrandBias:-1.3,Multiplicity:1.07
0.936	0.001	0.001	0.062
0.001	0.001	0.932	0.066
0.098	0.146	0.670	0.086
0.997	0.001	0.001	0.001
0.997	0.001	0.001	0.001
0.842	0.001	0.001	0.156
0.997	0.001	0.001	0.001
0.997	0.001	0.001	0.001
0.911	0.001	0.001	0.087
0.997	0.001	0.001	0.001
0.001	0.001	0.835	0.163
0.036	0.001	0.927	0.036
>AAGTTTTTKMAT	8-AAGTTTTTKMAT	12.408489	-21.411734	0	T:13.0(4.68%),B:162.8(0.42%),P:1e-9	Tpos:432.8,Tstd:321.0,Bpos:529.8,Bstd:295.1,StrandBias:0.7,Multiplicity:1.00
0.780	0.011	0.013	0.196
0.801	0.081	0.055	0.063
0.025	0.088	0.857	0.030
0.024	0.074	0.063	0.839
0.182	0.001	0.023	0.794
0.034	0.028	0.014	0.924
0.017	0.021	0.159	0.803
0.029	0.092	0.011	0.868
0.033	0.007	0.541	0.419
0.425	0.511	0.022	0.042
0.583	0.083	0.317	0.017
0.306	0.001	0.184	0.509
>TTDTYACTCCGT	9-TTDTYACTCCGT	10.576628	-21.028827	0	T:12.0(4.32%),B:134.7(0.35%),P:1e-9	Tpos:570.1,Tstd:218.6,Bpos:534.4,Bstd:340.4,StrandBias:-0.2,Multiplicity:1.08
0.117	0.027	0.097	0.759
0.016	0.001	0.073	0.910
0.298	0.001	0.322	0.379
0.087	0.041	0.014	0.858
0.035	0.524	0.021	0.420
0.555	0.372	0.016	0.057
0.033	0.594	0.059	0.314
0.025	0.090	0.170	0.715
0.270	0.436	0.204	0.089
0.043	0.591	0.053	0.313
0.071	0.059	0.823	0.047
0.038	0.053	0.060	0.849
>TTCTTAATCTTC	10-TTCTTAATCTTC	12.586357	-20.544354	0	T:17.0(6.12%),B:342.3(0.89%),P:1e-8	Tpos:534.9,Tstd:239.6,Bpos:570.8,Bstd:327.4,StrandBias:2.3,Multiplicity:1.06
0.001	0.001	0.001	0.997
0.001	0.001	0.001	0.997
0.001	0.964	0.001	0.034
0.001	0.001	0.001	0.997
0.055	0.055	0.034	0.856
0.875	0.081	0.043	0.001
0.858	0.001	0.094	0.047
0.001	0.001	0.001	0.997
0.001	0.806	0.192	0.001
0.001	0.001	0.001	0.997
0.120	0.001	0.100	0.779
0.072	0.926	0.001	0.001
>CCTCTCCGCCTC	11-CCTCTCCGCCTC	11.198889	-20.418737	0	T:17.0(6.12%),B:345.2(0.89%),P:1e-8	Tpos:451.8,Tstd:277.1,Bpos:564.1,Bstd:395.2,StrandBias:1.5,Multiplicity:1.12
0.057	0.733	0.001	0.209
0.001	0.597	0.109	0.293
0.001	0.001	0.156	0.842
0.001	0.927	0.001	0.071
0.001	0.001	0.001	0.997
0.128	0.820	0.001	0.051
0.204	0.535	0.168	0.093
0.001	0.029	0.779	0.191
0.084	0.912	0.001	0.003
0.001	0.997	0.001	0.001
0.001	0.035	0.001	0.963
0.038	0.960	0.001	0.001
>CCTTCCCTTTTT	12-CCTTCCCTTTTT	9.537313	-19.681715	0	T:98.0(35.25%),B:7730.4(20.02%),P:1e-8	Tpos:555.0,Tstd:280.6,Bpos:529.0,Bstd:356.1,StrandBias:2.0,Multiplicity:1.15
0.010	0.807	0.024	0.159
0.282	0.523	0.045	0.150
0.059	0.169	0.171	0.601
0.033	0.022	0.046	0.899
0.055	0.662	0.038	0.245
0.171	0.492	0.087	0.249
0.187	0.622	0.001	0.190
0.026	0.058	0.034	0.882
0.001	0.022	0.218	0.759
0.001	0.001	0.001	0.997
0.001	0.033	0.001	0.965
0.036	0.011	0.042	0.911
>CGRCMCCGACCC	13-CGRCMCCGACCC	9.660347	-19.323363	0	T:16.0(5.76%),B:324.6(0.84%),P:1e-8	Tpos:524.7,Tstd:273.6,Bpos:583.9,Bstd:418.9,StrandBias:-0.7,Multiplicity:1.31
0.001	0.662	0.001	0.336
0.001	0.251	0.747	0.001
0.364	0.001	0.467	0.168
0.001	0.831	0.167	0.001
0.473	0.523	0.003	0.001
0.087	0.911	0.001	0.001
0.001	0.997	0.001	0.001
0.001	0.001	0.997	0.001
0.519	0.343	0.137	0.001
0.001	0.993	0.001	0.005
0.001	0.825	0.001	0.173
0.001	0.850	0.001	0.148
>CCTATATATTTC	14-CCTATATATTTC	12.940538	-18.958402	0	T:13.0(4.68%),B:201.3(0.52%),P:1e-8	Tpos:581.5,Tstd:274.9,Bpos:599.3,Bstd:330.5,StrandBias:0.2,Multiplicity:1.00
0.101	0.811	0.001	0.087
0.001	0.934	0.001	0.064
0.001	0.094	0.001	0.904
0.914	0.001	0.001	0.084
0.001	0.001	0.001	0.997
0.776	0.122	0.101	0.001
0.001	0.111	0.001	0.887
0.923	0.001	0.001	0.075
0.001	0.001	0.001	0.997
0.001	0.001	0.001	0.997
0.001	0.001	0.001	0.997
0.001	0.923	0.001	0.075
>ATGCAAAAATWW	15-ATGCAAAAATWW	10.674337	-18.785502	0	T:69.0(24.82%),B:4712.4(12.20%),P:1e-8	Tpos:506.6,Tstd:263.7,Bpos:485.0,Bstd:318.8,StrandBias:-0.6,Multiplicity:1.19
0.732	0.079	0.188	0.001
0.107	0.001	0.001	0.891
0.001	0.001	0.575	0.423
0.214	0.433	0.138	0.214
0.857	0.001	0.107	0.035
0.938	0.001	0.001	0.060
0.525	0.001	0.304	0.170
0.997	0.001	0.001	0.001
0.941	0.001	0.001	0.057
0.184	0.001	0.028	0.787
0.424	0.001	0.037	0.538
0.386	0.112	0.001	0.501
>GYGYAATTGAGA	16-GYGYAATTGAGA	11.088068	-18.569189	0	T:15.0(5.40%),B:295.1(0.76%),P:1e-8	Tpos:504.8,Tstd:264.2,Bpos:518.4,Bstd:347.2,StrandBias:-2.0,Multiplicity:1.00
0.327	0.001	0.671	0.001
0.220	0.435	0.001	0.345
0.110	0.127	0.760	0.003
0.056	0.390	0.202	0.353
0.826	0.006	0.099	0.069
0.815	0.001	0.183	0.001
0.001	0.001	0.001	0.997
0.155	0.299	0.001	0.545
0.001	0.001	0.997	0.001
0.997	0.001	0.001	0.001
0.068	0.004	0.927	0.001
0.930	0.005	0.001	0.064
>CTGTATACAGAC	17-CTGTATACAGAC	14.172533	-18.108036	0	T:5.0(1.80%),B:7.8(0.02%),P:1e-7	Tpos:590.9,Tstd:196.4,Bpos:369.1,Bstd:186.3,StrandBias:0.4,Multiplicity:1.00
0.001	0.997	0.001	0.001
0.001	0.001	0.001	0.997
0.001	0.001	0.997	0.001
0.001	0.001	0.001	0.997
0.997	0.001	0.001	0.001
0.001	0.001	0.172	0.826
0.808	0.001	0.001	0.190
0.001	0.997	0.001	0.001
0.997	0.001	0.001	0.001
0.001	0.001	0.997	0.001
0.777	0.001	0.001	0.221
0.190	0.808	0.001	0.001
>TGGGCGGAGCCT	18-TGGGCGGAGCCT	12.149828	-17.740812	0	T:14.0(5.04%),B:268.4(0.69%),P:1e-7	Tpos:526.4,Tstd:279.6,Bpos:543.7,Bstd:394.9,StrandBias:-1.0,Multiplicity:1.15
0.061	0.001	0.001	0.937
0.139	0.001	0.859	0.001
0.001	0.001	0.997	0.001
0.134	0.001	0.864	0.001
0.001	0.771	0.173	0.055
0.001	0.001	0.997	0.001
0.001	0.001	0.997	0.001
0.641	0.125	0.061	0.173
0.001	0.001	0.997	0.001
0.001	0.973	0.001	0.025
0.001	0.983	0.001	0.015
0.001	0.001	0.001	0.997
>CCCCCCCCCCCC	19-CCCCCCCCCCCC	7.854102	-16.889504	0	T:43.0(15.47%),B:2404.5(6.23%),P:1e-7	Tpos:502.9,Tstd:309.6,Bpos:568.5,Bstd:419.7,StrandBias:1.9,Multiplicity:1.21
0.139	0.615	0.129	0.117
0.059	0.508	0.109	0.324
0.037	0.673	0.065	0.225
0.173	0.590	0.044	0.193
0.203	0.605	0.001	0.191
0.198	0.674	0.034	0.094
0.127	0.699	0.086	0.088
0.161	0.632	0.035	0.172
0.083	0.751	0.001	0.165
0.120	0.582	0.120	0.178
0.122	0.712	0.047	0.119
0.105	0.579	0.111	0.205
>CTACCAGTTTTC	20-CTACCAGTTTTC	13.077432	-16.651581	0	T:13.0(4.68%),B:247.5(0.64%),P:1e-7	Tpos:609.9,Tstd:262.1,Bpos:462.4,Bstd:350.6,StrandBias:1.9,Multiplicity:1.08
0.001	0.779	0.153	0.067
0.001	0.100	0.001	0.898
0.778	0.071	0.087	0.064
0.124	0.798	0.001	0.077
0.001	0.997	0.001	0.001
0.997	0.001	0.001	0.001
0.001	0.067	0.859	0.073
0.001	0.001	0.001	0.997
0.001	0.001	0.001	0.997
0.001	0.001	0.001	0.997
0.001	0.001	0.001	0.997
0.001	0.997	0.001	0.001
>CTTCCGTTTATT	21-CTTCCGTTTATT	14.340762	-15.560137	0	T:4.0(1.44%),B:4.8(0.01%),P:1e-6	Tpos:310.2,Tstd:212.6,Bpos:612.1,Bstd:288.1,StrandBias:10.0,Multiplicity:1.00
0.001	0.799	0.117	0.083
0.001	0.077	0.180	0.742
0.114	0.143	0.001	0.742
0.277	0.721	0.001	0.001
0.047	0.891	0.001	0.061
0.001	0.001	0.997	0.001
0.001	0.001	0.001	0.997
0.001	0.001	0.001	0.997
0.001	0.196	0.069	0.734
0.627	0.303	0.069	0.001
0.001	0.066	0.001	0.932
0.159	0.001	0.001	0.839
>CTCACTCACTCA	22-CTCACTCACTCA	9.302338	-15.042176	0	T:34.0(12.23%),B:1772.8(4.59%),P:1e-6	Tpos:548.8,Tstd:274.3,Bpos:583.6,Bstd:398.2,StrandBias:1.5,Multiplicity:1.21
0.030	0.822	0.096	0.052
0.108	0.001	0.033	0.858
0.028	0.896	0.040	0.036
0.789	0.042	0.101	0.068
0.020	0.853	0.029	0.098
0.043	0.083	0.033	0.841
0.036	0.765	0.098	0.101
0.845	0.059	0.001	0.095
0.036	0.888	0.075	0.001
0.119	0.021	0.060	0.800
0.028	0.890	0.001	0.081
0.761	0.030	0.078	0.131
>GCDAAADATTTA	23-GCDAAADATTTA	11.026925	-14.481999	0	T:14.0(5.04%),B:354.6(0.92%),P:1e-6	Tpos:410.8,Tstd:298.9,Bpos:470.9,Bstd:333.9,StrandBias:0.6,Multiplicity:1.21
0.131	0.050	0.751	0.068
0.001	0.859	0.079	0.061
0.304	0.154	0.286	0.256
0.895	0.040	0.021	0.044
0.997	0.001	0.001	0.001
0.515	0.255	0.034	0.196
0.236	0.149	0.279	0.336
0.835	0.040	0.046	0.079
0.037	0.086	0.001	0.876
0.019	0.034	0.267	0.680
0.018	0.072	0.079	0.831
0.746	0.001	0.252	0.001
>ACGTCACTTCTC	24-ACGTCACTTCTC	13.109547	-10.061087	0	T:5.0(1.80%),B:49.0(0.13%),P:1e-4	Tpos:533.5,Tstd:175.9,Bpos:502.7,Bstd:313.7,StrandBias:-3.2,Multiplicity:2.00
0.864	0.134	0.001	0.001
0.001	0.997	0.001	0.001
0.001	0.001	0.997	0.001
0.112	0.001	0.001	0.886
0.001	0.997	0.001	0.001
0.997	0.001	0.001	0.001
0.001	0.917	0.001	0.081
0.001	0.001	0.001	0.997
0.106	0.293	0.001	0.600
0.001	0.932	0.001	0.066
0.001	0.134	0.001	0.864
0.001	0.997	0.001	0.001
>CYAGTTGTGGGC	25-CYAGTTGTGGGC	11.939971	-8.575171	0	T:3.0(1.08%),B:13.9(0.04%),P:1e-3	Tpos:329.6,Tstd:143.6,Bpos:522.5,Bstd:279.1,StrandBias:2.0,Multiplicity:1.67
0.001	0.909	0.089	0.001
0.121	0.310	0.164	0.405
0.997	0.001	0.001	0.001
0.001	0.100	0.783	0.116
0.418	0.001	0.001	0.580
0.235	0.001	0.001	0.763
0.001	0.151	0.847	0.001
0.001	0.001	0.078	0.920
0.001	0.396	0.602	0.001
0.248	0.001	0.736	0.015
0.090	0.001	0.793	0.116
0.099	0.899	0.001	0.001
