>TCCKTKGATC	1-TCCKTKGATC	8.103140	-22.540851	0	T:23.0(21.50%),B:1759.4(4.29%),P:1e-9	Tpos:551.2,Tstd:325.8,Bpos:487.2,Bstd:287.4,StrandBias:-0.1,Multiplicity:1.09
0.001	0.043	0.109	0.847
0.001	0.602	0.331	0.066
0.003	0.612	0.002	0.383
0.045	0.046	0.446	0.463
0.144	0.001	0.050	0.805
0.003	0.205	0.378	0.415
0.064	0.065	0.845	0.026
0.897	0.038	0.001	0.064
0.023	0.041	0.039	0.897
0.035	0.876	0.061	0.028
>CATGGAGAAG	2-CATGGAGAAG	9.974627	-21.929970	0	T:16.0(14.95%),B:784.8(1.91%),P:1e-9	Tpos:418.1,Tstd:301.7,Bpos:480.5,Bstd:279.5,StrandBias:-1.1,Multiplicity:1.00
0.070	0.928	0.001	0.001
0.852	0.090	0.001	0.057
0.110	0.001	0.001	0.888
0.001	0.001	0.959	0.039
0.001	0.001	0.997	0.001
0.692	0.099	0.113	0.096
0.041	0.001	0.957	0.001
0.997	0.001	0.001	0.001
0.906	0.001	0.092	0.001
0.001	0.076	0.872	0.051
>ACGAATAGGT	3-ACGAATAGGT	10.103750	-19.820209	0	T:13.0(12.15%),B:543.3(1.32%),P:1e-8	Tpos:627.3,Tstd:308.3,Bpos:535.3,Bstd:294.7,StrandBias:-0.7,Multiplicity:1.00
0.997	0.001	0.001	0.001
0.001	0.997	0.001	0.001
0.060	0.092	0.753	0.095
0.905	0.001	0.093	0.001
0.867	0.131	0.001	0.001
0.061	0.001	0.079	0.859
0.997	0.001	0.001	0.001
0.055	0.074	0.870	0.001
0.001	0.001	0.937	0.061
0.001	0.001	0.099	0.899
>GKATADGACT	4-GKATADGACT	8.330447	-18.735919	0	T:21.0(19.63%),B:1786.8(4.35%),P:1e-8	Tpos:587.6,Tstd:284.0,Bpos:485.4,Bstd:286.7,StrandBias:0.4,Multiplicity:1.10
0.129	0.001	0.869	0.001
0.083	0.014	0.397	0.506
0.997	0.001	0.001	0.001
0.001	0.127	0.001	0.871
0.844	0.070	0.085	0.001
0.348	0.095	0.258	0.299
0.001	0.083	0.749	0.167
0.997	0.001	0.001	0.001
0.001	0.890	0.001	0.108
0.001	0.001	0.126	0.872
>TCCTCAAAGT	5-TCCTCAAAGT	9.280647	-18.673558	0	T:15.0(14.02%),B:851.1(2.07%),P:1e-8	Tpos:589.6,Tstd:248.6,Bpos:496.8,Bstd:286.0,StrandBias:-0.6,Multiplicity:1.00
0.110	0.001	0.052	0.837
0.087	0.911	0.001	0.001
0.030	0.873	0.096	0.001
0.031	0.024	0.120	0.825
0.001	0.925	0.073	0.001
0.997	0.001	0.001	0.001
0.661	0.148	0.190	0.001
0.997	0.001	0.001	0.001
0.021	0.001	0.977	0.001
0.049	0.115	0.001	0.835
>GGTTTCTACA	6-GGTTTCTACA	9.901875	-18.627629	0	T:15.0(14.02%),B:854.3(2.08%),P:1e-8	Tpos:455.2,Tstd:268.0,Bpos:526.8,Bstd:291.3,StrandBias:0.6,Multiplicity:1.00
0.036	0.059	0.904	0.001
0.001	0.001	0.997	0.001
0.001	0.001	0.001	0.997
0.001	0.092	0.084	0.823
0.001	0.001	0.110	0.888
0.001	0.760	0.081	0.158
0.001	0.069	0.001	0.929
0.810	0.070	0.077	0.043
0.040	0.958	0.001	0.001
0.997	0.001	0.001	0.001
>CGTATTTATC	7-CGTATTTATC	9.619786	-17.461740	0	T:18.0(16.82%),B:1398.9(3.41%),P:1e-7	Tpos:609.6,Tstd:288.6,Bpos:516.6,Bstd:299.4,StrandBias:0.2,Multiplicity:1.06
0.064	0.825	0.001	0.110
0.042	0.001	0.815	0.142
0.001	0.001	0.001	0.997
0.960	0.001	0.001	0.038
0.001	0.001	0.001	0.997
0.001	0.001	0.001	0.997
0.097	0.001	0.104	0.798
0.938	0.060	0.001	0.001
0.001	0.130	0.001	0.868
0.001	0.873	0.090	0.036
>TCGAGACTGT	8-TCGAGACTGT	10.214545	-14.648070	0	T:11.0(10.28%),B:580.7(1.41%),P:1e-6	Tpos:403.2,Tstd:243.2,Bpos:505.9,Bstd:292.9,StrandBias:0.3,Multiplicity:1.00
0.001	0.122	0.001	0.876
0.101	0.839	0.001	0.059
0.066	0.001	0.828	0.105
0.839	0.159	0.001	0.001
0.100	0.001	0.821	0.078
0.997	0.001	0.001	0.001
0.001	0.944	0.001	0.054
0.001	0.001	0.001	0.997
0.001	0.001	0.944	0.054
0.001	0.001	0.001	0.997
>ATCACCTTAA	9-ATCACCTTAA	9.821105	-14.552639	0	T:12.0(11.21%),B:719.7(1.75%),P:1e-6	Tpos:506.6,Tstd:258.1,Bpos:533.1,Bstd:298.0,StrandBias:0.7,Multiplicity:1.33
0.909	0.089	0.001	0.001
0.001	0.001	0.001	0.997
0.001	0.941	0.001	0.057
0.997	0.001	0.001	0.001
0.057	0.894	0.001	0.048
0.045	0.920	0.001	0.034
0.001	0.001	0.001	0.997
0.261	0.001	0.208	0.530
0.997	0.001	0.001	0.001
0.888	0.001	0.110	0.001
>CCAGAAGCCG	10-CCAGAAGCCG	10.586517	-14.204596	0	T:8.0(7.48%),B:268.4(0.65%),P:1e-6	Tpos:452.2,Tstd:291.8,Bpos:455.5,Bstd:299.4,StrandBias:0.3,Multiplicity:1.12
0.001	0.880	0.061	0.058
0.083	0.731	0.083	0.103
0.997	0.001	0.001	0.001
0.001	0.001	0.997	0.001
0.887	0.001	0.111	0.001
0.863	0.001	0.135	0.001
0.074	0.001	0.924	0.001
0.001	0.997	0.001	0.001
0.084	0.776	0.139	0.001
0.001	0.001	0.997	0.001
>KTAATTAATK	11-KTAATTAATK	9.187677	-13.917644	0	T:40.0(37.38%),B:7197.6(17.53%),P:1e-6	Tpos:562.7,Tstd:288.5,Bpos:510.0,Bstd:295.4,StrandBias:0.0,Multiplicity:1.25
0.108	0.001	0.478	0.413
0.001	0.149	0.001	0.849
0.785	0.001	0.213	0.001
0.997	0.001	0.001	0.001
0.238	0.001	0.001	0.760
0.001	0.001	0.285	0.713
0.804	0.194	0.001	0.001
0.997	0.001	0.001	0.001
0.001	0.001	0.001	0.997
0.001	0.084	0.468	0.447
>TGCGCAATAW	12-TGCGCAATAW	8.830549	-9.735127	0	T:13.0(12.15%),B:1360.1(3.31%),P:1e-4	Tpos:454.6,Tstd:292.5,Bpos:501.2,Bstd:290.3,StrandBias:0.4,Multiplicity:1.08
0.003	0.053	0.220	0.724
0.075	0.001	0.627	0.297
0.027	0.860	0.081	0.032
0.033	0.093	0.854	0.020
0.037	0.855	0.107	0.001
0.831	0.001	0.114	0.054
0.902	0.036	0.061	0.001
0.063	0.134	0.006	0.797
0.888	0.001	0.001	0.110
0.458	0.001	0.111	0.430
>CACAGGTCAA	13-CACAGGTCAA	11.598338	-8.954652	0	T:4.0(3.74%),B:94.8(0.23%),P:1e-3	Tpos:692.2,Tstd:114.3,Bpos:534.9,Bstd:271.4,StrandBias:0.0,Multiplicity:1.50
0.001	0.997	0.001	0.001
0.997	0.001	0.001	0.001
0.001	0.860	0.138	0.001
0.997	0.001	0.001	0.001
0.001	0.001	0.997	0.001
0.001	0.001	0.997	0.001
0.001	0.001	0.001	0.997
0.001	0.997	0.001	0.001
0.771	0.001	0.227	0.001
0.997	0.001	0.001	0.001
>TCCCGGAAAA	14-TCCCGGAAAA	9.804432	-7.682291	0	T:11.0(10.28%),B:1253.6(3.05%),P:1e-3	Tpos:462.4,Tstd:270.5,Bpos:495.9,Bstd:309.1,StrandBias:-0.5,Multiplicity:1.36
0.001	0.001	0.001	0.997
0.043	0.875	0.037	0.045
0.001	0.973	0.001	0.025
0.027	0.563	0.339	0.071
0.033	0.045	0.921	0.001
0.054	0.048	0.897	0.001
0.997	0.001	0.001	0.001
0.901	0.001	0.097	0.001
0.997	0.001	0.001	0.001
0.913	0.085	0.001	0.001
>CAATAGATTG	15-CAATAGATTG	11.050605	-7.135186	0	T:6.0(5.61%),B:411.0(1.00%),P:1e-3	Tpos:397.8,Tstd:247.5,Bpos:471.3,Bstd:270.7,StrandBias:1.1,Multiplicity:5.00
0.386	0.612	0.001	0.001
0.750	0.001	0.248	0.001
0.997	0.001	0.001	0.001
0.001	0.248	0.001	0.750
0.728	0.270	0.001	0.001
0.001	0.001	0.997	0.001
0.997	0.001	0.001	0.001
0.001	0.001	0.342	0.656
0.001	0.001	0.001	0.997
0.001	0.001	0.997	0.001
>TCTAGGTCAC	16-TCTAGGTCAC	6.862402	-4.841194	0	T:37.0(34.58%),B:9777.1(23.81%),P:1e-2	Tpos:516.2,Tstd:284.4,Bpos:518.6,Bstd:296.0,StrandBias:0.4,Multiplicity:1.43
0.021	0.001	0.075	0.903
0.001	0.505	0.167	0.327
0.109	0.046	0.044	0.801
0.572	0.277	0.001	0.150
0.067	0.082	0.613	0.238
0.094	0.001	0.745	0.160
0.145	0.162	0.001	0.692
0.001	0.800	0.050	0.149
0.687	0.039	0.041	0.233
0.100	0.712	0.033	0.155
>AGCCCATACT	17-AGCCCATACT	11.756661	-4.666334	0	T:2.0(1.87%),B:54.4(0.13%),P:1e-2	Tpos:479.3,Tstd:187.1,Bpos:462.5,Bstd:293.6,StrandBias:10.0,Multiplicity:3.00
0.997	0.001	0.001	0.001
0.001	0.001	0.831	0.167
0.001	0.997	0.001	0.001
0.001	0.997	0.001	0.001
0.001	0.997	0.001	0.001
0.997	0.001	0.001	0.001
0.001	0.001	0.001	0.997
0.848	0.150	0.001	0.001
0.001	0.997	0.001	0.001
0.001	0.001	0.001	0.997
>ATTTTTCGTSTA	1-ATTTTTCGTSTA	12.084543	-19.391584	0	T:12.0(11.21%),B:456.1(1.11%),P:1e-8	Tpos:471.9,Tstd:207.3,Bpos:473.6,Bstd:283.2,StrandBias:-2.4,Multiplicity:2.58
0.616	0.001	0.382	0.001
0.001	0.001	0.001	0.997
0.001	0.001	0.001	0.997
0.001	0.001	0.001	0.997
0.001	0.001	0.226	0.772
0.001	0.269	0.001	0.729
0.001	0.868	0.130	0.001
0.001	0.104	0.864	0.031
0.102	0.001	0.102	0.795
0.001	0.504	0.394	0.101
0.001	0.001	0.001	0.997
0.876	0.001	0.001	0.122
>AATGTTGTGACA	2-AATGTTGTGACA	10.752750	-17.391980	0	T:17.0(15.89%),B:1242.1(3.03%),P:1e-7	Tpos:448.1,Tstd:269.5,Bpos:513.7,Bstd:289.1,StrandBias:0.7,Multiplicity:1.06
0.906	0.001	0.092	0.001
0.864	0.134	0.001	0.001
0.001	0.001	0.001	0.997
0.078	0.135	0.616	0.171
0.001	0.001	0.001	0.997
0.001	0.001	0.001	0.997
0.135	0.135	0.645	0.085
0.190	0.001	0.001	0.808
0.004	0.001	0.806	0.189
0.824	0.174	0.001	0.001
0.084	0.914	0.001	0.001
0.654	0.001	0.001	0.344
>CAAAGTTATAGG	3-CAAAGTTATAGG	10.930762	-16.512144	0	T:11.0(10.28%),B:479.0(1.17%),P:1e-7	Tpos:469.3,Tstd:273.0,Bpos:476.9,Bstd:289.6,StrandBias:0.0,Multiplicity:1.27
0.070	0.928	0.001	0.001
0.997	0.001	0.001	0.001
0.997	0.001	0.001	0.001
0.854	0.001	0.144	0.001
0.001	0.001	0.997	0.001
0.001	0.001	0.001	0.997
0.157	0.001	0.001	0.841
0.588	0.263	0.145	0.004
0.001	0.001	0.001	0.997
0.641	0.157	0.001	0.201
0.120	0.315	0.499	0.066
0.085	0.086	0.687	0.142
>AACATGTAATTC	4-AACATGTAATTC	12.280674	-15.707462	0	T:11.0(10.28%),B:520.5(1.27%),P:1e-6	Tpos:421.7,Tstd:223.1,Bpos:495.0,Bstd:285.4,StrandBias:0.2,Multiplicity:1.36
0.997	0.001	0.001	0.001
0.997	0.001	0.001	0.001
0.232	0.766	0.001	0.001
0.679	0.001	0.319	0.001
0.001	0.001	0.001	0.997
0.001	0.001	0.997	0.001
0.144	0.001	0.265	0.590
0.997	0.001	0.001	0.001
0.997	0.001	0.001	0.001
0.418	0.001	0.001	0.580
0.001	0.001	0.001	0.997
0.001	0.997	0.001	0.001
>AAACTGTTCATT	5-AAACTGTTCATT	13.148836	-14.831075	0	T:8.0(7.48%),B:246.9(0.60%),P:1e-6	Tpos:723.8,Tstd:233.4,Bpos:513.0,Bstd:287.0,StrandBias:0.0,Multiplicity:1.25
0.997	0.001	0.001	0.001
0.997	0.001	0.001	0.001
0.997	0.001	0.001	0.001
0.047	0.951	0.001	0.001
0.001	0.001	0.001	0.997
0.001	0.110	0.888	0.001
0.108	0.001	0.001	0.890
0.001	0.001	0.001	0.997
0.001	0.923	0.001	0.075
0.835	0.163	0.001	0.001
0.235	0.001	0.001	0.763
0.001	0.001	0.133	0.865
>AAGAGCTGCAAC	6-AAGAGCTGCAAC	13.885602	-14.542537	0	T:5.0(4.67%),B:54.3(0.13%),P:1e-6	Tpos:506.0,Tstd:346.6,Bpos:396.4,Bstd:270.6,StrandBias:2.3,Multiplicity:1.20
0.997	0.001	0.001	0.001
0.997	0.001	0.001	0.001
0.001	0.001	0.997	0.001
0.997	0.001	0.001	0.001
0.001	0.001	0.997	0.001
0.001	0.997	0.001	0.001
0.001	0.001	0.001	0.997
0.001	0.001	0.731	0.267
0.144	0.854	0.001	0.001
0.997	0.001	0.001	0.001
0.997	0.001	0.001	0.001
0.163	0.624	0.001	0.212
>TAATCACSTAAA	7-TAATCACSTAAA	10.887295	-14.427706	0	T:10.0(9.35%),B:470.7(1.15%),P:1e-6	Tpos:510.6,Tstd:285.2,Bpos:525.5,Bstd:301.8,StrandBias:-0.4,Multiplicity:1.40
0.003	0.001	0.119	0.877
0.808	0.001	0.001	0.190
0.997	0.001	0.001	0.001
0.001	0.001	0.001	0.997
0.001	0.854	0.001	0.144
0.997	0.001	0.001	0.001
0.140	0.858	0.001	0.001
0.001	0.475	0.412	0.112
0.001	0.001	0.001	0.997
0.675	0.001	0.212	0.112
0.734	0.119	0.001	0.146
0.741	0.001	0.146	0.112
>TTCAGACTTTTA	8-TTCAGACTTTTA	12.893615	-12.895939	0	T:8.0(7.48%),B:321.5(0.78%),P:1e-5	Tpos:708.2,Tstd:234.2,Bpos:521.6,Bstd:299.0,StrandBias:-0.3,Multiplicity:1.12
0.001	0.001	0.001	0.997
0.001	0.210	0.001	0.788
0.133	0.765	0.101	0.001
0.997	0.001	0.001	0.001
0.044	0.001	0.860	0.095
0.997	0.001	0.001	0.001
0.043	0.834	0.080	0.043
0.001	0.001	0.001	0.997
0.001	0.001	0.001	0.997
0.001	0.001	0.001	0.997
0.001	0.001	0.001	0.997
0.842	0.001	0.101	0.056
>CCGAAGATATAG	9-CCGAAGATATAG	14.511334	-11.914444	0	T:2.0(1.87%),B:0.0(0.00%),P:1e-5	Tpos:768.5,Tstd:8.5,Bpos:0.0,Bstd:0.0,StrandBias:10.0,Multiplicity:1.00
0.001	0.975	0.023	0.001
0.001	0.997	0.001	0.001
0.111	0.001	0.887	0.001
0.997	0.001	0.001	0.001
0.997	0.001	0.001	0.001
0.001	0.001	0.997	0.001
0.856	0.001	0.001	0.142
0.001	0.001	0.001	0.997
0.997	0.001	0.001	0.001
0.001	0.001	0.001	0.997
0.997	0.001	0.001	0.001
0.001	0.001	0.997	0.001
>AGTATGGGCTTT	10-AGTATGGGCTTT	10.825772	-11.130085	0	T:6.0(5.61%),B:194.8(0.47%),P:1e-4	Tpos:576.7,Tstd:271.9,Bpos:470.0,Bstd:301.3,StrandBias:-2.0,Multiplicity:1.67
0.891	0.001	0.001	0.107
0.114	0.001	0.884	0.001
0.098	0.108	0.001	0.793
0.910	0.001	0.001	0.088
0.001	0.001	0.139	0.859
0.001	0.222	0.669	0.108
0.086	0.001	0.773	0.140
0.001	0.001	0.910	0.088
0.124	0.584	0.206	0.086
0.001	0.001	0.001	0.997
0.001	0.001	0.001	0.997
0.001	0.124	0.108	0.767
>ATTAATTAATTA	11-ATTAATTAATTA	11.000055	-8.899206	0	T:18.0(16.82%),B:2599.9(6.33%),P:1e-3	Tpos:618.0,Tstd:264.2,Bpos:521.4,Bstd:296.3,StrandBias:-0.4,Multiplicity:1.28
0.772	0.001	0.001	0.226
0.001	0.001	0.001	0.997
0.085	0.093	0.152	0.670
0.909	0.001	0.001	0.089
0.997	0.001	0.001	0.001
0.140	0.001	0.001	0.858
0.166	0.200	0.001	0.633
0.729	0.213	0.057	0.001
0.997	0.001	0.001	0.001
0.078	0.001	0.001	0.920
0.120	0.001	0.001	0.878
0.534	0.062	0.124	0.280
>TTTTTCCGGGAA	12-TTTTTCCGGGAA	12.184407	-7.874405	0	T:9.0(8.41%),B:839.8(2.05%),P:1e-3	Tpos:346.5,Tstd:214.0,Bpos:493.9,Bstd:296.3,StrandBias:0.9,Multiplicity:1.56
0.288	0.001	0.001	0.710
0.001	0.001	0.001	0.997
0.001	0.001	0.001	0.997
0.001	0.001	0.001	0.997
0.001	0.001	0.001	0.997
0.307	0.534	0.158	0.001
0.001	0.900	0.098	0.001
0.078	0.306	0.615	0.001
0.001	0.001	0.884	0.114
0.143	0.268	0.588	0.001
0.997	0.001	0.001	0.001
0.997	0.001	0.001	0.001
>ATTTTTYGGTMT	13-ATTTTTYGGTMT	11.325290	-6.831481	0	T:13.0(12.15%),B:1845.7(4.50%),P:1e-2	Tpos:330.2,Tstd:263.6,Bpos:513.4,Bstd:293.7,StrandBias:2.2,Multiplicity:1.77
0.997	0.001	0.001	0.001
0.001	0.001	0.001	0.997
0.001	0.001	0.001	0.997
0.403	0.001	0.001	0.595
0.001	0.001	0.001	0.997
0.001	0.001	0.001	0.997
0.001	0.517	0.001	0.481
0.001	0.095	0.820	0.084
0.143	0.001	0.834	0.022
0.001	0.117	0.108	0.774
0.310	0.372	0.159	0.159
0.001	0.001	0.089	0.909
>AGTTCGTGACCT	14-AGTTCGTGACCT	15.751612	-5.952539	0	T:1.0(0.93%),B:0.0(0.00%),P:1e-2	Tpos:547.0,Tstd:54.0,Bpos:0.0,Bstd:0.0,StrandBias:10.0,Multiplicity:2.00
0.997	0.001	0.001	0.001
0.001	0.001	0.997	0.001
0.001	0.001	0.001	0.997
0.001	0.001	0.001	0.997
0.001	0.771	0.001	0.227
0.256	0.001	0.742	0.001
0.001	0.001	0.001	0.997
0.256	0.001	0.742	0.001
0.997	0.001	0.001	0.001
0.001	0.997	0.001	0.001
0.001	0.997	0.001	0.001
0.001	0.001	0.001	0.997
>SSGCTTCT	1-SSGCTTCT	7.586540	-13.654890	0	T:28.0(26.17%),B:4039.7(9.84%),P:1e-5	Tpos:538.3,Tstd:283.5,Bpos:507.9,Bstd:306.0,StrandBias:-0.2,Multiplicity:1.14
0.036	0.496	0.467	0.001
0.001	0.512	0.486	0.001
0.001	0.001	0.710	0.288
0.001	0.833	0.001	0.165
0.001	0.001	0.166	0.832
0.001	0.125	0.001	0.873
0.129	0.752	0.001	0.118
0.001	0.001	0.094	0.904
>CTACTAGT	2-CTACTAGT	7.020678	-12.656905	0	T:28.0(26.17%),B:4251.0(10.35%),P:1e-5	Tpos:620.3,Tstd:271.4,Bpos:504.4,Bstd:296.4,StrandBias:0.4,Multiplicity:1.04
0.020	0.697	0.001	0.282
0.018	0.046	0.161	0.775
0.700	0.128	0.100	0.072
0.001	0.691	0.307	0.001
0.001	0.001	0.001	0.997
0.670	0.218	0.001	0.111
0.212	0.001	0.786	0.001
0.001	0.188	0.130	0.681
>TGTTCTGT	3-TGTTCTGT	9.195970	-11.438467	0	T:28.0(26.17%),B:4533.3(11.04%),P:1e-4	Tpos:537.1,Tstd:332.2,Bpos:502.7,Bstd:293.5,StrandBias:-0.3,Multiplicity:1.21
0.001	0.001	0.279	0.719
0.001	0.001	0.997	0.001
0.001	0.001	0.001	0.997
0.001	0.001	0.001	0.997
0.001	0.997	0.001	0.001
0.001	0.001	0.001	0.997
0.001	0.001	0.997	0.001
0.213	0.001	0.001	0.785
>GTGATTAT	4-GTGATTAT	9.929888	-9.329216	0	T:18.0(16.82%),B:2511.6(6.12%),P:1e-4	Tpos:487.6,Tstd:269.1,Bpos:504.6,Bstd:299.6,StrandBias:0.0,Multiplicity:1.22
0.001	0.001	0.997	0.001
0.001	0.001	0.001	0.997
0.001	0.001	0.997	0.001
0.997	0.001	0.001	0.001
0.001	0.001	0.001	0.997
0.001	0.001	0.001	0.997
0.997	0.001	0.001	0.001
0.320	0.001	0.001	0.678
>GTTACACG	5-GTTACACG	8.011715	-4.963667	0	T:6.0(5.61%),B:642.0(1.56%),P:1e-2	Tpos:434.8,Tstd:209.9,Bpos:469.8,Bstd:277.9,StrandBias:2.9,Multiplicity:4.17
0.001	0.001	0.997	0.001
0.001	0.001	0.001	0.997
0.001	0.001	0.001	0.997
0.997	0.001	0.001	0.001
0.001	0.951	0.047	0.001
0.997	0.001	0.001	0.001
0.001	0.997	0.001	0.001
0.001	0.001	0.997	0.001
>AAATAGAT	6-AAATAGAT	8.236954	-1.498080	0	T:12.0(11.21%),B:3584.8(8.73%),P:1e0	Tpos:374.9,Tstd:222.5,Bpos:504.1,Bstd:291.4,StrandBias:0.7,Multiplicity:3.08
0.700	0.100	0.100	0.100
0.700	0.100	0.100	0.100
0.700	0.100	0.100	0.100
0.100	0.100	0.100	0.700
0.700	0.100	0.100	0.100
0.100	0.100	0.700	0.100
0.700	0.100	0.100	0.100
0.100	0.100	0.100	0.700
