>SSGCTTCT	1-SSGCTTCT	7.586540	-13.654890	0	T:28.0(26.17%),B:4039.7(9.84%),P:1e-5	Tpos:538.3,Tstd:283.5,Bpos:507.9,Bstd:306.0,StrandBias:-0.2,Multiplicity:1.14
0.036	0.496	0.467	0.001
0.001	0.512	0.486	0.001
0.001	0.001	0.710	0.288
0.001	0.833	0.001	0.165
0.001	0.001	0.166	0.832
0.001	0.125	0.001	0.873
0.129	0.752	0.001	0.118
0.001	0.001	0.094	0.904
>CTACTAGT	2-CTACTAGT	7.020678	-12.656905	0	T:28.0(26.17%),B:4251.0(10.35%),P:1e-5	Tpos:620.3,Tstd:271.4,Bpos:504.4,Bstd:296.4,StrandBias:0.4,Multiplicity:1.04
0.020	0.697	0.001	0.282
0.018	0.046	0.161	0.775
0.700	0.128	0.100	0.072
0.001	0.691	0.307	0.001
0.001	0.001	0.001	0.997
0.670	0.218	0.001	0.111
0.212	0.001	0.786	0.001
0.001	0.188	0.130	0.681
>TGTTCTGT	3-TGTTCTGT	9.195970	-11.438467	0	T:28.0(26.17%),B:4533.3(11.04%),P:1e-4	Tpos:537.1,Tstd:332.2,Bpos:502.7,Bstd:293.5,StrandBias:-0.3,Multiplicity:1.21
0.001	0.001	0.279	0.719
0.001	0.001	0.997	0.001
0.001	0.001	0.001	0.997
0.001	0.001	0.001	0.997
0.001	0.997	0.001	0.001
0.001	0.001	0.001	0.997
0.001	0.001	0.997	0.001
0.213	0.001	0.001	0.785
>GTGATTAT	4-GTGATTAT	9.929888	-9.329216	0	T:18.0(16.82%),B:2511.6(6.12%),P:1e-4	Tpos:487.6,Tstd:269.1,Bpos:504.6,Bstd:299.6,StrandBias:0.0,Multiplicity:1.22
0.001	0.001	0.997	0.001
0.001	0.001	0.001	0.997
0.001	0.001	0.997	0.001
0.997	0.001	0.001	0.001
0.001	0.001	0.001	0.997
0.001	0.001	0.001	0.997
0.997	0.001	0.001	0.001
0.320	0.001	0.001	0.678
>GTTACACG	5-GTTACACG	8.011715	-4.963667	0	T:6.0(5.61%),B:642.0(1.56%),P:1e-2	Tpos:434.8,Tstd:209.9,Bpos:469.8,Bstd:277.9,StrandBias:2.9,Multiplicity:4.17
0.001	0.001	0.997	0.001
0.001	0.001	0.001	0.997
0.001	0.001	0.001	0.997
0.997	0.001	0.001	0.001
0.001	0.951	0.047	0.001
0.997	0.001	0.001	0.001
0.001	0.997	0.001	0.001
0.001	0.001	0.997	0.001
>AAATAGAT	6-AAATAGAT	8.236954	-1.498080	0	T:12.0(11.21%),B:3584.8(8.73%),P:1e0	Tpos:374.9,Tstd:222.5,Bpos:504.1,Bstd:291.4,StrandBias:0.7,Multiplicity:3.08
0.700	0.100	0.100	0.100
0.700	0.100	0.100	0.100
0.700	0.100	0.100	0.100
0.100	0.100	0.100	0.700
0.700	0.100	0.100	0.100
0.100	0.100	0.700	0.100
0.700	0.100	0.100	0.100
0.100	0.100	0.100	0.700
