>CTATATAATTTT	1-CTATATAATTTT,BestGuess:MF0010.1_Homeobox_class/Jaspar(0.612)	10.178535	-21.707774	0	T:14.0(45.16%),B:2249.4(5.65%),P:1e-9
0.001	0.981	0.001	0.017
0.048	0.129	0.074	0.749
0.650	0.092	0.091	0.167
0.055	0.001	0.068	0.876
0.957	0.001	0.001	0.041
0.001	0.055	0.001	0.943
0.546	0.140	0.204	0.110
0.911	0.001	0.001	0.087
0.004	0.089	0.086	0.821
0.001	0.003	0.112	0.884
0.120	0.001	0.094	0.785
0.001	0.002	0.122	0.875
