>GTWTTCRACAAG	1-GTWTTCRACAAG	12.299066	-18.884270	0	T:7.0(22.58%),B:313.3(0.83%),P:1e-8	Tpos:326.0,Tstd:276.3,Bpos:491.6,Bstd:308.1,StrandBias:-10.0,Multiplicity:1.14
0.001	0.001	0.997	0.001
0.001	0.001	0.001	0.997
0.491	0.001	0.001	0.507
0.001	0.001	0.225	0.773
0.001	0.266	0.001	0.732
0.001	0.997	0.001	0.001
0.507	0.001	0.491	0.001
0.997	0.001	0.001	0.001
0.001	0.854	0.144	0.001
0.997	0.001	0.001	0.001
0.997	0.001	0.001	0.001
0.362	0.001	0.636	0.001
>ATTTGCTCCAAA	2-ATTTGCTCCAAA	10.533690	-17.862573	0	T:13.0(41.94%),B:2385.3(6.29%),P:1e-7	Tpos:466.5,Tstd:270.9,Bpos:493.3,Bstd:298.6,StrandBias:1.5,Multiplicity:1.15
0.754	0.197	0.001	0.048
0.001	0.001	0.001	0.997
0.001	0.001	0.001	0.997
0.001	0.001	0.001	0.997
0.001	0.150	0.784	0.065
0.058	0.746	0.102	0.094
0.001	0.001	0.001	0.997
0.208	0.560	0.140	0.092
0.249	0.581	0.068	0.102
0.934	0.064	0.001	0.001
0.886	0.112	0.001	0.001
0.795	0.001	0.113	0.091
>TGRAAGCAAGAC	3-TGRAAGCAAGAC	14.018165	-17.000914	0	T:3.0(9.68%),B:6.9(0.02%),P:1e-7	Tpos:590.6,Tstd:158.2,Bpos:425.7,Bstd:330.5,StrandBias:2.0,Multiplicity:1.67
0.001	0.001	0.001	0.997
0.001	0.001	0.997	0.001
0.445	0.001	0.553	0.001
0.997	0.001	0.001	0.001
0.997	0.001	0.001	0.001
0.367	0.001	0.631	0.001
0.001	0.631	0.367	0.001
0.997	0.001	0.001	0.001
0.997	0.001	0.001	0.001
0.001	0.001	0.997	0.001
0.576	0.422	0.001	0.001
0.001	0.997	0.001	0.001
>ATTAATTTGCAA	4-ATTAATTTGCAA	14.235394	-14.977630	0	T:5.0(16.13%),B:171.6(0.45%),P:1e-6	Tpos:415.1,Tstd:84.6,Bpos:512.3,Bstd:291.1,StrandBias:-1.3,Multiplicity:1.40
0.997	0.001	0.001	0.001
0.001	0.001	0.001	0.997
0.001	0.001	0.001	0.997
0.997	0.001	0.001	0.001
0.997	0.001	0.001	0.001
0.189	0.001	0.001	0.809
0.001	0.001	0.001	0.997
0.001	0.001	0.001	0.997
0.001	0.001	0.997	0.001
0.001	0.807	0.191	0.001
0.777	0.221	0.001	0.001
0.784	0.001	0.001	0.214
>CAAAATTGGCAA	5-CAAAATTGGCAA	13.710845	-13.387172	0	T:5.0(16.13%),B:238.7(0.63%),P:1e-5	Tpos:332.2,Tstd:300.1,Bpos:520.3,Bstd:328.5,StrandBias:-1.0,Multiplicity:1.20
0.109	0.889	0.001	0.001
0.997	0.001	0.001	0.001
0.997	0.001	0.001	0.001
0.997	0.001	0.001	0.001
0.997	0.001	0.001	0.001
0.001	0.001	0.219	0.779
0.001	0.001	0.001	0.997
0.001	0.001	0.997	0.001
0.157	0.001	0.841	0.001
0.119	0.879	0.001	0.001
0.997	0.001	0.001	0.001
0.791	0.001	0.001	0.207
>TTAACAATTGTT	6-TTAACAATTGTT	10.955676	-12.882453	0	T:11.0(35.48%),B:2498.5(6.59%),P:1e-5	Tpos:451.3,Tstd:234.0,Bpos:504.5,Bstd:308.9,StrandBias:0.0,Multiplicity:1.27
0.179	0.089	0.109	0.623
0.150	0.119	0.182	0.549
0.849	0.001	0.149	0.001
0.802	0.001	0.001	0.196
0.160	0.656	0.103	0.081
0.997	0.001	0.001	0.001
0.821	0.001	0.177	0.001
0.001	0.001	0.001	0.997
0.100	0.001	0.001	0.898
0.005	0.093	0.831	0.071
0.001	0.001	0.001	0.997
0.001	0.001	0.001	0.997
>CATRCACCGAAW	7-CATRCACCGAAW	10.122482	-11.594738	0	T:4.0(12.90%),B:158.4(0.42%),P:1e-5	Tpos:642.3,Tstd:168.0,Bpos:506.8,Bstd:319.3,StrandBias:-1.0,Multiplicity:1.50
0.001	0.967	0.031	0.001
0.997	0.001	0.001	0.001
0.019	0.001	0.001	0.979
0.474	0.001	0.524	0.001
0.001	0.605	0.001	0.393
0.997	0.001	0.001	0.001
0.001	0.605	0.001	0.393
0.001	0.997	0.001	0.001
0.001	0.001	0.997	0.001
0.997	0.001	0.001	0.001
0.997	0.001	0.001	0.001
0.524	0.001	0.001	0.474
>AGGAGGAGGAAG	8-AGGAGGAGGAAG	11.817876	-10.059356	0	T:5.0(16.13%),B:479.2(1.26%),P:1e-4	Tpos:476.0,Tstd:252.8,Bpos:529.0,Bstd:319.7,StrandBias:-10.0,Multiplicity:1.20
0.860	0.001	0.138	0.001
0.344	0.001	0.654	0.001
0.001	0.327	0.671	0.001
0.997	0.001	0.001	0.001
0.001	0.001	0.997	0.001
0.001	0.001	0.997	0.001
0.997	0.001	0.001	0.001
0.159	0.001	0.727	0.113
0.112	0.185	0.702	0.001
0.829	0.011	0.159	0.001
0.846	0.001	0.152	0.001
0.119	0.001	0.741	0.139
>ATAATGATGATG	9-ATAATGATGATG	11.353877	-8.157499	0	T:5.0(16.13%),B:722.3(1.91%),P:1e-3	Tpos:553.0,Tstd:328.8,Bpos:482.9,Bstd:315.9,StrandBias:-3.3,Multiplicity:1.40
0.661	0.001	0.337	0.001
0.001	0.155	0.001	0.843
0.811	0.001	0.187	0.001
0.824	0.174	0.001	0.001
0.188	0.001	0.001	0.810
0.141	0.001	0.696	0.162
0.850	0.001	0.001	0.148
0.006	0.001	0.001	0.992
0.001	0.001	0.997	0.001
0.837	0.001	0.161	0.001
0.289	0.001	0.001	0.709
0.001	0.001	0.997	0.001
>NGAAAATTAACT	10-NGAAAATTAACT	8.481216	-7.305291	0	T:7.0(22.58%),B:1875.8(4.95%),P:1e-3	Tpos:566.3,Tstd:295.6,Bpos:515.1,Bstd:304.3,StrandBias:0.3,Multiplicity:1.57
0.182	0.252	0.309	0.258
0.189	0.033	0.669	0.109
0.469	0.092	0.296	0.144
0.664	0.137	0.047	0.152
0.769	0.001	0.137	0.093
0.656	0.138	0.114	0.092
0.085	0.114	0.194	0.607
0.064	0.227	0.046	0.663
0.681	0.092	0.116	0.111
0.624	0.092	0.254	0.030
0.182	0.493	0.070	0.255
0.203	0.137	0.207	0.454
