>TTTGATYTTTTG	8-TTTGATYTTTTG,BestGuess:nhr-6/MA1451.1/Jaspar(0.714)	11.004444	-21.012668	0	T:24.0(14.72%),B:1315.5(3.22%),P:1e-9
0.098	0.089	0.184	0.629
0.071	0.135	0.063	0.731
0.001	0.102	0.019	0.878
0.049	0.078	0.788	0.085
0.570	0.164	0.001	0.265
0.110	0.074	0.223	0.593
0.204	0.415	0.080	0.301
0.059	0.035	0.001	0.905
0.021	0.081	0.039	0.859
0.009	0.046	0.008	0.937
0.041	0.104	0.096	0.759
0.065	0.232	0.505	0.198
