>GAGGAGGG	1-GAGGAGGG	7.384657	-18.531192	0	T:35.0(38.04%),B:5634.3(13.94%),P:1e-8	Tpos:621.7,Tstd:286.6,Bpos:565.4,Bstd:385.9,StrandBias:-2.5,Multiplicity:1.29
0.001	0.001	0.997	0.001
0.844	0.054	0.001	0.101
0.001	0.001	0.889	0.109
0.175	0.001	0.823	0.001
0.747	0.074	0.001	0.178
0.001	0.001	0.971	0.027
0.001	0.001	0.997	0.001
0.001	0.135	0.863	0.001
>TCTCTTTC	2-TCTCTTTC	7.495882	-17.393304	0	T:63.0(68.48%),B:16113.8(39.86%),P:1e-7	Tpos:614.2,Tstd:276.9,Bpos:547.4,Bstd:360.3,StrandBias:1.8,Multiplicity:1.68
0.001	0.135	0.001	0.863
0.001	0.886	0.001	0.112
0.001	0.001	0.001	0.997
0.001	0.997	0.001	0.001
0.104	0.001	0.053	0.842
0.001	0.001	0.001	0.997
0.146	0.001	0.111	0.742
0.001	0.922	0.076	0.001
>GTGTGCAC	3-GTGTGCAC	3.812330	-16.158746	0	T:45.0(48.91%),B:9480.3(23.45%),P:1e-7	Tpos:499.2,Tstd:303.5,Bpos:528.3,Bstd:366.3,StrandBias:0.0,Multiplicity:1.22
0.001	0.085	0.913	0.001
0.001	0.001	0.001	0.997
0.001	0.001	0.824	0.174
0.001	0.001	0.001	0.997
0.001	0.001	0.997	0.001
0.001	0.929	0.069	0.001
0.814	0.001	0.184	0.001
0.001	0.997	0.001	0.001
>GCCCCCCC	4-GCCCCCCC	6.534801	-11.177936	0	T:29.0(31.52%),B:5656.4(13.99%),P:1e-4	Tpos:523.1,Tstd:255.1,Bpos:552.5,Bstd:394.8,StrandBias:3.7,Multiplicity:1.32
0.001	0.047	0.951	0.001
0.001	0.997	0.001	0.001
0.001	0.997	0.001	0.001
0.035	0.963	0.001	0.001
0.333	0.665	0.001	0.001
0.001	0.559	0.188	0.252
0.001	0.857	0.001	0.141
0.001	0.997	0.001	0.001
>GAATTAGT	5-GAATTAGT	8.084593	-8.417537	0	T:36.0(39.13%),B:9039.9(22.36%),P:1e-3	Tpos:449.2,Tstd:246.3,Bpos:498.3,Bstd:334.9,StrandBias:-0.9,Multiplicity:1.33
0.248	0.001	0.750	0.001
0.997	0.001	0.001	0.001
0.630	0.001	0.368	0.001
0.001	0.052	0.235	0.712
0.001	0.001	0.227	0.771
0.997	0.001	0.001	0.001
0.001	0.001	0.997	0.001
0.001	0.001	0.001	0.997
