>AGAAAAGGAGAK	11-MTCTCCTTTTCT	10.285972	-20.019849	0	T:26.0(15.12%),B:1498.7(3.75%),P:1e-8
0.847	0.001	0.076	0.076
0.017	0.396	0.586	0.001
0.895	0.001	0.103	0.001
0.861	0.001	0.137	0.001
0.730	0.073	0.196	0.001
0.845	0.050	0.029	0.076
0.001	0.090	0.866	0.043
0.051	0.001	0.610	0.338
0.894	0.033	0.010	0.063
0.043	0.011	0.945	0.001
0.953	0.001	0.045	0.001
0.020	0.032	0.446	0.502
