>CGGGTCTCGCCA	1-CGGGTCTCGCCA	8.179192	-26.399678	0	T:20.0(32.79%),B:1462.3(4.74%),P:1e-11	Tpos:432.6,Tstd:265.7,Bpos:546.4,Bstd:321.8,StrandBias:0.1,Multiplicity:1.05
0.001	0.876	0.105	0.018
0.192	0.103	0.704	0.001
0.059	0.093	0.690	0.158
0.002	0.160	0.687	0.151
0.048	0.001	0.200	0.751
0.112	0.667	0.049	0.172
0.002	0.151	0.159	0.688
0.177	0.740	0.001	0.082
0.238	0.093	0.570	0.099
0.059	0.814	0.038	0.089
0.019	0.979	0.001	0.001
0.840	0.049	0.070	0.041
>AACTGATATTTA	2-AACTGATATTTA	13.816172	-25.396265	0	T:9.0(14.75%),B:132.4(0.43%),P:1e-11	Tpos:453.0,Tstd:251.0,Bpos:502.8,Bstd:289.3,StrandBias:0.3,Multiplicity:1.00
0.997	0.001	0.001	0.001
0.997	0.001	0.001	0.001
0.001	0.739	0.139	0.121
0.001	0.001	0.001	0.997
0.001	0.194	0.804	0.001
0.997	0.001	0.001	0.001
0.001	0.001	0.234	0.764
0.997	0.001	0.001	0.001
0.001	0.001	0.001	0.997
0.001	0.001	0.001	0.997
0.001	0.176	0.001	0.822
0.997	0.001	0.001	0.001
>TAGATSACCGYA	3-TAGATSACCGYA	9.955329	-22.097764	0	T:7.0(11.48%),B:74.1(0.24%),P:1e-9	Tpos:750.3,Tstd:214.6,Bpos:501.9,Bstd:406.0,StrandBias:1.3,Multiplicity:1.00
0.001	0.001	0.001	0.997
0.975	0.001	0.001	0.023
0.001	0.001	0.997	0.001
0.619	0.001	0.001	0.379
0.001	0.001	0.001	0.997
0.017	0.534	0.448	0.001
0.997	0.001	0.001	0.001
0.001	0.997	0.001	0.001
0.001	0.997	0.001	0.001
0.001	0.001	0.997	0.001
0.001	0.534	0.020	0.445
0.619	0.001	0.001	0.379
>ACGTTCACCATT	4-ACGTTCACCATT	14.218494	-21.412278	0	T:5.0(8.20%),B:16.7(0.05%),P:1e-9	Tpos:535.2,Tstd:208.2,Bpos:373.3,Bstd:254.2,StrandBias:2.0,Multiplicity:1.00
0.997	0.001	0.001	0.001
0.001	0.997	0.001	0.001
0.001	0.001	0.997	0.001
0.001	0.001	0.001	0.997
0.001	0.001	0.001	0.997
0.001	0.997	0.001	0.001
0.997	0.001	0.001	0.001
0.001	0.811	0.001	0.187
0.001	0.700	0.298	0.001
0.997	0.001	0.001	0.001
0.001	0.001	0.001	0.997
0.001	0.298	0.001	0.700
>TACACTMRTGTG	5-TACACTMRTGTG	11.427281	-21.190569	0	T:7.0(11.48%),B:85.8(0.28%),P:1e-9	Tpos:511.6,Tstd:234.8,Bpos:550.1,Bstd:322.2,StrandBias:1.3,Multiplicity:1.00
0.411	0.001	0.001	0.587
0.858	0.001	0.140	0.001
0.001	0.997	0.001	0.001
0.668	0.330	0.001	0.001
0.001	0.791	0.207	0.001
0.365	0.001	0.001	0.633
0.484	0.334	0.001	0.181
0.480	0.001	0.334	0.186
0.001	0.001	0.001	0.997
0.001	0.001	0.818	0.180
0.001	0.001	0.001	0.997
0.001	0.001	0.727	0.271
>AGCCTACGATGC	6-AGCCTACGATGC	14.628748	-20.770391	0	T:4.0(6.56%),B:4.5(0.01%),P:1e-9	Tpos:297.2,Tstd:194.8,Bpos:635.7,Bstd:268.3,StrandBias:-1.6,Multiplicity:1.00
0.757	0.001	0.001	0.241
0.001	0.001	0.997	0.001
0.241	0.757	0.001	0.001
0.001	0.997	0.001	0.001
0.001	0.001	0.001	0.997
0.757	0.001	0.241	0.001
0.001	0.997	0.001	0.001
0.001	0.001	0.997	0.001
0.997	0.001	0.001	0.001
0.001	0.001	0.001	0.997
0.001	0.001	0.997	0.001
0.001	0.997	0.001	0.001
>GAAAAACTCGGT	7-GAAAAACTCGGT	10.583359	-20.519370	0	T:22.0(36.07%),B:2527.7(8.19%),P:1e-8	Tpos:567.7,Tstd:282.1,Bpos:523.9,Bstd:356.5,StrandBias:0.0,Multiplicity:1.09
0.047	0.001	0.803	0.149
0.997	0.001	0.001	0.001
0.997	0.001	0.001	0.001
0.997	0.001	0.001	0.001
0.885	0.001	0.001	0.113
0.997	0.001	0.001	0.001
0.208	0.521	0.061	0.210
0.066	0.001	0.001	0.932
0.058	0.660	0.116	0.166
0.076	0.001	0.870	0.053
0.319	0.004	0.619	0.058
0.001	0.064	0.203	0.732
>GAACAGACCGMS	8-GAACAGACCGMS	10.413328	-20.514804	0	T:6.0(9.84%),B:49.5(0.16%),P:1e-8	Tpos:544.3,Tstd:269.0,Bpos:503.0,Bstd:286.8,StrandBias:-2.3,Multiplicity:1.00
0.001	0.001	0.997	0.001
0.997	0.001	0.001	0.001
0.997	0.001	0.001	0.001
0.001	0.969	0.029	0.001
0.997	0.001	0.001	0.001
0.001	0.025	0.973	0.001
0.997	0.001	0.001	0.001
0.001	0.997	0.001	0.001
0.400	0.598	0.001	0.001
0.001	0.001	0.598	0.400
0.483	0.515	0.001	0.001
0.001	0.515	0.483	0.001
>CGGTTTTTCGAA	9-CGGTTTTTCGAA	10.716145	-20.257711	0	T:15.0(24.59%),B:1047.6(3.39%),P:1e-8	Tpos:582.9,Tstd:294.2,Bpos:509.6,Bstd:364.9,StrandBias:1.4,Multiplicity:1.20
0.001	0.997	0.001	0.001
0.050	0.070	0.839	0.041
0.123	0.067	0.809	0.001
0.170	0.001	0.070	0.759
0.049	0.001	0.001	0.949
0.062	0.001	0.094	0.843
0.001	0.001	0.001	0.997
0.001	0.001	0.001	0.997
0.064	0.757	0.057	0.122
0.062	0.159	0.778	0.001
0.554	0.165	0.126	0.155
0.734	0.001	0.264	0.001
>MACAGWGATCCA	10-MACAGWGATCCA	10.354466	-19.677348	0	T:7.0(11.48%),B:107.3(0.35%),P:1e-8	Tpos:443.3,Tstd:261.8,Bpos:522.1,Bstd:322.5,StrandBias:0.4,Multiplicity:1.00
0.528	0.470	0.001	0.001
0.997	0.001	0.001	0.001
0.001	0.997	0.001	0.001
0.997	0.001	0.001	0.001
0.001	0.001	0.965	0.033
0.528	0.001	0.001	0.470
0.374	0.001	0.624	0.001
0.997	0.001	0.001	0.001
0.001	0.001	0.001	0.997
0.001	0.997	0.001	0.001
0.001	0.997	0.001	0.001
0.624	0.001	0.001	0.374
>CAAGACGTGAAA	11-CAAGACGTGAAA	11.042720	-19.540365	0	T:10.0(16.39%),B:366.6(1.19%),P:1e-8	Tpos:613.5,Tstd:259.5,Bpos:501.3,Bstd:318.2,StrandBias:-0.3,Multiplicity:1.10
0.136	0.716	0.067	0.081
0.926	0.001	0.004	0.069
0.997	0.001	0.001	0.001
0.088	0.084	0.823	0.005
0.901	0.001	0.001	0.097
0.037	0.717	0.165	0.081
0.049	0.151	0.602	0.198
0.127	0.262	0.086	0.525
0.074	0.001	0.924	0.001
0.887	0.111	0.001	0.001
0.997	0.001	0.001	0.001
0.997	0.001	0.001	0.001
>TGATTCATTTTC	12-TGATTCATTTTC	11.109573	-19.319294	0	T:17.0(27.87%),B:1516.6(4.91%),P:1e-8	Tpos:404.1,Tstd:286.8,Bpos:519.9,Bstd:331.2,StrandBias:0.3,Multiplicity:1.18
0.039	0.034	0.001	0.926
0.136	0.201	0.662	0.001
0.630	0.182	0.105	0.083
0.138	0.061	0.002	0.799
0.001	0.131	0.001	0.867
0.064	0.782	0.031	0.123
0.738	0.001	0.214	0.047
0.199	0.001	0.001	0.799
0.001	0.001	0.001	0.997
0.001	0.001	0.001	0.997
0.001	0.065	0.001	0.933
0.045	0.878	0.045	0.032
>AACGGCCGCCCG	13-AACGGCCGCCCG	10.220088	-19.317911	0	T:7.0(11.48%),B:113.8(0.37%),P:1e-8	Tpos:587.5,Tstd:255.8,Bpos:581.4,Bstd:306.4,StrandBias:0.0,Multiplicity:1.00
0.831	0.001	0.167	0.001
0.765	0.233	0.001	0.001
0.001	0.997	0.001	0.001
0.001	0.001	0.838	0.160
0.001	0.001	0.997	0.001
0.001	0.731	0.267	0.001
0.001	0.838	0.001	0.160
0.234	0.030	0.735	0.001
0.001	0.571	0.194	0.234
0.001	0.765	0.001	0.233
0.173	0.666	0.001	0.160
0.160	0.001	0.666	0.173
>TTTCCAATCTAC	14-TTTCCAATCTAC	13.776971	-18.446858	0	T:6.0(9.84%),B:71.8(0.23%),P:1e-8	Tpos:459.7,Tstd:303.5,Bpos:529.8,Bstd:294.4,StrandBias:1.3,Multiplicity:1.17
0.001	0.137	0.001	0.861
0.001	0.175	0.001	0.823
0.001	0.001	0.001	0.997
0.001	0.704	0.175	0.120
0.001	0.857	0.001	0.141
0.997	0.001	0.001	0.001
0.997	0.001	0.001	0.001
0.001	0.001	0.001	0.997
0.001	0.997	0.001	0.001
0.001	0.001	0.001	0.997
0.861	0.137	0.001	0.001
0.001	0.997	0.001	0.001
>TATGAGMCATGT	15-TATGAGMCATGT	11.964056	-17.320175	0	T:7.0(11.48%),B:153.0(0.50%),P:1e-7	Tpos:347.5,Tstd:306.0,Bpos:498.4,Bstd:297.2,StrandBias:0.0,Multiplicity:1.14
0.001	0.001	0.001	0.997
0.480	0.307	0.001	0.212
0.001	0.001	0.001	0.997
0.001	0.001	0.997	0.001
0.997	0.001	0.001	0.001
0.001	0.001	0.997	0.001
0.424	0.574	0.001	0.001
0.195	0.574	0.230	0.001
0.997	0.001	0.001	0.001
0.001	0.211	0.001	0.787
0.001	0.001	0.997	0.001
0.001	0.001	0.306	0.692
>GCGTCGCGTVCG	16-GCGTCGCGTVCG	9.436977	-16.549474	0	T:7.0(11.48%),B:172.1(0.56%),P:1e-7	Tpos:519.4,Tstd:239.4,Bpos:532.9,Bstd:384.8,StrandBias:-0.6,Multiplicity:1.29
0.001	0.001	0.997	0.001
0.001	0.985	0.013	0.001
0.001	0.001	0.997	0.001
0.339	0.001	0.001	0.659
0.010	0.988	0.001	0.001
0.001	0.001	0.997	0.001
0.001	0.997	0.001	0.001
0.301	0.001	0.697	0.001
0.001	0.315	0.001	0.683
0.302	0.340	0.357	0.001
0.001	0.997	0.001	0.001
0.009	0.302	0.688	0.001
>CATTTTTATTTT	17-CATTTTTATTTT	10.435487	-15.925444	0	T:23.0(37.70%),B:3554.8(11.52%),P:1e-6	Tpos:544.4,Tstd:234.8,Bpos:522.2,Bstd:314.5,StrandBias:0.3,Multiplicity:1.17
0.001	0.955	0.043	0.001
0.760	0.001	0.001	0.238
0.042	0.063	0.001	0.894
0.094	0.001	0.001	0.904
0.093	0.225	0.081	0.601
0.001	0.001	0.001	0.997
0.088	0.001	0.044	0.867
0.997	0.001	0.001	0.001
0.001	0.069	0.001	0.929
0.058	0.001	0.001	0.940
0.072	0.080	0.181	0.667
0.001	0.056	0.001	0.942
>GCAAAGAAGAAA	18-GCAAAGAAGAAA	11.493101	-15.164438	0	T:13.0(21.31%),B:1121.7(3.63%),P:1e-6	Tpos:370.1,Tstd:243.2,Bpos:526.3,Bstd:312.3,StrandBias:0.6,Multiplicity:1.15
0.131	0.001	0.784	0.084
0.048	0.804	0.078	0.070
0.624	0.374	0.001	0.001
0.788	0.001	0.205	0.006
0.921	0.077	0.001	0.001
0.271	0.001	0.727	0.001
0.868	0.001	0.130	0.001
0.997	0.001	0.001	0.001
0.090	0.161	0.603	0.146
0.997	0.001	0.001	0.001
0.912	0.086	0.001	0.001
0.994	0.001	0.001	0.004
>STTGATTTTCAG	19-STTGATTTTCAG	11.546839	-14.144762	0	T:13.0(21.31%),B:1228.4(3.98%),P:1e-6	Tpos:656.7,Tstd:239.7,Bpos:516.3,Bstd:360.3,StrandBias:2.7,Multiplicity:1.15
0.004	0.437	0.435	0.123
0.073	0.289	0.073	0.565
0.001	0.035	0.001	0.963
0.266	0.001	0.611	0.122
0.997	0.001	0.001	0.001
0.001	0.001	0.001	0.997
0.001	0.001	0.001	0.997
0.001	0.001	0.273	0.725
0.001	0.001	0.001	0.997
0.001	0.890	0.001	0.108
0.788	0.001	0.001	0.210
0.050	0.001	0.831	0.118
