>GCTTGATAGA	1-GCTTGATAGA	9.380219	-20.463452	0	T:14.0(28.00%),B:1342.5(3.51%),P:1e-8	Tpos:564.2,Tstd:299.7,Bpos:532.5,Bstd:309.0,StrandBias:-2.0,Multiplicity:1.07
0.001	0.001	0.902	0.096
0.081	0.681	0.001	0.237
0.001	0.001	0.001	0.997
0.138	0.001	0.113	0.748
0.001	0.001	0.591	0.407
0.897	0.101	0.001	0.001
0.001	0.001	0.224	0.774
0.851	0.147	0.001	0.001
0.084	0.001	0.914	0.001
0.997	0.001	0.001	0.001
>TTCCACCCAG	2-TTCCACCCAG	9.344719	-18.172376	0	T:10.0(20.00%),B:655.5(1.71%),P:1e-7	Tpos:493.6,Tstd:287.3,Bpos:518.2,Bstd:321.1,StrandBias:-0.6,Multiplicity:1.00
0.001	0.001	0.001	0.997
0.001	0.001	0.001	0.997
0.001	0.894	0.001	0.104
0.001	0.842	0.001	0.156
0.997	0.001	0.001	0.001
0.001	0.997	0.001	0.001
0.127	0.871	0.001	0.001
0.001	0.860	0.138	0.001
0.997	0.001	0.001	0.001
0.095	0.117	0.682	0.106
>GATGGCYTGG	3-GATGGCYTGG	8.066076	-17.577533	0	T:13.0(26.00%),B:1406.0(3.68%),P:1e-7	Tpos:462.0,Tstd:326.9,Bpos:456.5,Bstd:305.5,StrandBias:-0.7,Multiplicity:1.00
0.001	0.001	0.997	0.001
0.813	0.001	0.185	0.001
0.001	0.126	0.100	0.773
0.188	0.001	0.719	0.092
0.001	0.001	0.773	0.225
0.001	0.902	0.096	0.001
0.001	0.437	0.054	0.508
0.288	0.267	0.001	0.444
0.048	0.001	0.577	0.374
0.001	0.001	0.886	0.112
>AGATGGCATC	4-AGATGGCATC	10.840915	-16.458498	0	T:6.0(12.00%),B:156.8(0.41%),P:1e-7	Tpos:497.5,Tstd:300.3,Bpos:482.1,Bstd:302.7,StrandBias:0.0,Multiplicity:1.00
0.883	0.115	0.001	0.001
0.001	0.001	0.997	0.001
0.794	0.115	0.001	0.090
0.001	0.001	0.134	0.864
0.001	0.001	0.997	0.001
0.001	0.094	0.904	0.001
0.001	0.997	0.001	0.001
0.870	0.001	0.128	0.001
0.001	0.001	0.116	0.882
0.100	0.898	0.001	0.001
>ACCTGTGTTT	5-ACCTGTGTTT	10.274049	-15.845403	0	T:12.0(24.00%),B:1346.9(3.52%),P:1e-6	Tpos:730.7,Tstd:208.5,Bpos:533.6,Bstd:292.2,StrandBias:0.0,Multiplicity:1.17
0.888	0.001	0.001	0.110
0.066	0.846	0.001	0.087
0.070	0.811	0.118	0.001
0.001	0.001	0.173	0.825
0.001	0.001	0.912	0.086
0.001	0.001	0.001	0.997
0.111	0.001	0.827	0.061
0.001	0.001	0.001	0.997
0.001	0.001	0.001	0.997
0.001	0.001	0.001	0.997
>TGATAGGACA	6-TGATAGGACA	10.745409	-12.866645	0	T:8.0(16.00%),B:670.1(1.75%),P:1e-5	Tpos:671.2,Tstd:249.8,Bpos:541.7,Bstd:314.4,StrandBias:-0.3,Multiplicity:1.12
0.001	0.001	0.001	0.997
0.020	0.001	0.978	0.001
0.694	0.001	0.001	0.304
0.125	0.001	0.001	0.873
0.768	0.001	0.230	0.001
0.401	0.001	0.597	0.001
0.011	0.001	0.987	0.001
0.997	0.001	0.001	0.001
0.009	0.742	0.001	0.248
0.997	0.001	0.001	0.001
>CTCAAATTGA	7-CTCAAATTGA	9.612192	-12.806308	0	T:16.0(32.00%),B:3302.4(8.64%),P:1e-5	Tpos:522.2,Tstd:304.8,Bpos:509.3,Bstd:302.0,StrandBias:0.0,Multiplicity:1.12
0.050	0.603	0.001	0.346
0.077	0.001	0.001	0.921
0.057	0.941	0.001	0.001
0.997	0.001	0.001	0.001
0.997	0.001	0.001	0.001
0.668	0.001	0.001	0.330
0.001	0.001	0.001	0.997
0.001	0.001	0.001	0.997
0.001	0.071	0.864	0.064
0.997	0.001	0.001	0.001
>GTTACCGGAA	8-GTTACCGGAA	11.017732	-12.515811	0	T:5.0(10.00%),B:173.8(0.45%),P:1e-5	Tpos:408.1,Tstd:118.6,Bpos:448.0,Bstd:266.7,StrandBias:2.8,Multiplicity:4.80
0.001	0.001	0.997	0.001
0.001	0.001	0.001	0.997
0.001	0.001	0.001	0.997
0.997	0.001	0.001	0.001
0.001	0.997	0.001	0.001
0.244	0.754	0.001	0.001
0.001	0.244	0.754	0.001
0.001	0.001	0.997	0.001
0.997	0.001	0.001	0.001
0.997	0.001	0.001	0.001
>TATTYGGTCT	9-TATTYGGTCT	10.242140	-12.211564	0	T:9.0(18.00%),B:985.5(2.58%),P:1e-5	Tpos:589.6,Tstd:291.6,Bpos:509.9,Bstd:314.0,StrandBias:-0.6,Multiplicity:1.11
0.139	0.001	0.319	0.541
0.997	0.001	0.001	0.001
0.001	0.001	0.001	0.997
0.001	0.001	0.001	0.997
0.001	0.562	0.001	0.436
0.319	0.001	0.566	0.114
0.355	0.001	0.643	0.001
0.001	0.001	0.001	0.997
0.001	0.789	0.071	0.139
0.001	0.001	0.001	0.997
>TAAATATAAA	10-TAAATATAAA	8.387944	-11.138135	0	T:14.0(28.00%),B:2902.8(7.59%),P:1e-4	Tpos:460.5,Tstd:355.9,Bpos:524.4,Bstd:306.3,StrandBias:0.9,Multiplicity:1.21
0.001	0.001	0.001	0.997
0.900	0.001	0.048	0.051
0.997	0.001	0.001	0.001
0.886	0.001	0.112	0.001
0.001	0.001	0.001	0.997
0.997	0.001	0.001	0.001
0.001	0.001	0.001	0.997
0.997	0.001	0.001	0.001
0.997	0.001	0.001	0.001
0.796	0.082	0.121	0.001
>GGGGTGGGGG	11-GGGGTGGGGG	10.296193	-2.820188	0	T:1.0(2.00%),B:46.2(0.12%),P:1e-1	Tpos:58.0,Tstd:0.0,Bpos:636.4,Bstd:290.5,StrandBias:-10.0,Multiplicity:1.00
0.100	0.100	0.700	0.100
0.100	0.100	0.700	0.100
0.100	0.100	0.700	0.100
0.100	0.100	0.700	0.100
0.100	0.100	0.100	0.700
0.100	0.100	0.700	0.100
0.100	0.100	0.700	0.100
0.100	0.100	0.700	0.100
0.100	0.100	0.700	0.100
0.100	0.100	0.700	0.100
