>GTTATTTATCAA	6-GTTATTTATCAA,BestGuess:LIN-39(Homeobox)/cElegans.L3-LIN39-ChIP-Seq(modEncode)/Homer(0.641)	11.299430	-19.957971	0	T:9.0(8.74%),B:179.0(0.47%),P:1e-8
0.037	0.271	0.493	0.199
0.174	0.001	0.001	0.824
0.091	0.020	0.069	0.820
0.749	0.022	0.093	0.136
0.060	0.077	0.046	0.817
0.066	0.326	0.001	0.607
0.055	0.230	0.077	0.638
0.520	0.019	0.319	0.142
0.041	0.060	0.059	0.840
0.225	0.571	0.104	0.100
0.786	0.079	0.096	0.039
0.863	0.001	0.039	0.097
