>ATCTTTTTCTTA	19-TAAGAAAAAGAT	14.366946	-13.001386	0	T:3.0(2.78%),B:7.3(0.02%),P:1e-5
0.937	0.001	0.001	0.061
0.001	0.068	0.005	0.926
0.043	0.902	0.001	0.054
0.035	0.001	0.164	0.800
0.001	0.126	0.001	0.872
0.001	0.071	0.001	0.927
0.001	0.149	0.062	0.788
0.067	0.001	0.001	0.931
0.174	0.757	0.068	0.001
0.001	0.001	0.140	0.858
0.070	0.234	0.133	0.563
0.762	0.070	0.167	0.001
