>TGGGGTTTCCCC	3-TGGGGTTTCCCC,BestGuess:MF0003.1_REL_class/Jaspar(0.760)	8.869014	-20.919484	0	T:13.0(12.04%),B:476.2(1.19%),P:1e-9
0.195	0.001	0.089	0.715
0.162	0.082	0.755	0.001
0.073	0.090	0.736	0.101
0.016	0.100	0.883	0.001
0.169	0.001	0.497	0.334
0.382	0.001	0.001	0.616
0.001	0.001	0.076	0.922
0.100	0.364	0.001	0.535
0.195	0.452	0.270	0.082
0.088	0.910	0.001	0.001
0.100	0.817	0.001	0.082
0.097	0.901	0.001	0.001
