>AGTAGGCTGCCT	22-AGTAGGCTGCCT,BestGuess:snpc-4/MA0544.1/Jaspar(0.611)	7.274181	-9.569111	0	T:18.0(16.67%),B:2373.5(5.94%),P:1e-4
0.674	0.001	0.097	0.228
0.091	0.116	0.634	0.159
0.048	0.068	0.034	0.850
0.782	0.125	0.035	0.058
0.061	0.001	0.791	0.147
0.110	0.048	0.721	0.121
0.001	0.878	0.060	0.061
0.150	0.064	0.034	0.752
0.094	0.098	0.711	0.097
0.080	0.711	0.052	0.157
0.034	0.711	0.124	0.131
0.112	0.068	0.028	0.792
