>CCCTTCTCAGAG	11-CCCTTCTCAGAG,BestGuess:elt-2/MA1701.1/Jaspar(0.646)	8.416182	-18.429697	0	T:36.0(33.33%),B:4885.5(12.23%),P:1e-8
0.135	0.644	0.054	0.167
0.137	0.716	0.064	0.083
0.221	0.634	0.066	0.079
0.001	0.001	0.032	0.966
0.001	0.059	0.001	0.939
0.031	0.587	0.028	0.354
0.097	0.031	0.033	0.839
0.162	0.836	0.001	0.001
0.759	0.052	0.060	0.129
0.330	0.039	0.584	0.047
0.835	0.094	0.025	0.046
0.157	0.065	0.667	0.111
