>AGGCAGCCTACT	22-AGTAGGCTGCCT	7.274181	-9.569111	0	T:18.0(16.67%),B:2373.5(5.94%),P:1e-4
0.792	0.028	0.068	0.112
0.131	0.124	0.711	0.034
0.157	0.052	0.711	0.080
0.097	0.711	0.098	0.094
0.752	0.034	0.064	0.150
0.061	0.060	0.878	0.001
0.121	0.721	0.048	0.110
0.147	0.791	0.001	0.061
0.058	0.035	0.125	0.782
0.850	0.034	0.068	0.048
0.159	0.634	0.116	0.091
0.228	0.097	0.001	0.674
