>CTTGCTAA	1-CTTGCTAA	6.202393	-15.733525	0	T:17.0(89.47%),B:11707.4(30.47%),P:1e-6	Tpos:445.9,Tstd:255.0,Bpos:499.7,Bstd:330.1,StrandBias:1.0,Multiplicity:1.59
0.001	0.997	0.001	0.001
0.001	0.026	0.160	0.813
0.001	0.124	0.117	0.758
0.077	0.001	0.918	0.004
0.310	0.688	0.001	0.001
0.001	0.001	0.076	0.922
0.875	0.001	0.008	0.116
0.637	0.098	0.248	0.017
>CGTGACGG	2-CGTGACGG	8.094852	-13.017737	0	T:7.0(36.84%),B:1340.2(3.49%),P:1e-5	Tpos:679.7,Tstd:272.4,Bpos:496.6,Bstd:371.6,StrandBias:0.6,Multiplicity:1.00
0.001	0.997	0.001	0.001
0.001	0.001	0.997	0.001
0.001	0.001	0.012	0.986
0.001	0.423	0.575	0.001
0.997	0.001	0.001	0.001
0.087	0.911	0.001	0.001
0.001	0.001	0.997	0.001
0.341	0.098	0.560	0.001
>NACGAAGB	3-NACGAAGB	5.245813	-9.351882	0	T:5.0(26.32%),B:963.8(2.51%),P:1e-4	Tpos:563.8,Tstd:228.2,Bpos:513.6,Bstd:403.0,StrandBias:1.0,Multiplicity:1.20
0.218	0.300	0.284	0.198
0.503	0.140	0.214	0.143
0.085	0.671	0.117	0.127
0.104	0.163	0.611	0.122
0.518	0.174	0.199	0.109
0.463	0.170	0.232	0.136
0.125	0.162	0.584	0.129
0.175	0.353	0.261	0.212
>TTTAGGCC	4-TTTAGGCC	9.690737	-8.055723	0	T:6.0(31.58%),B:2019.5(5.26%),P:1e-3	Tpos:667.0,Tstd:241.2,Bpos:522.0,Bstd:344.3,StrandBias:-0.4,Multiplicity:1.17
0.001	0.001	0.001	0.997
0.001	0.001	0.001	0.997
0.001	0.001	0.001	0.997
0.997	0.001	0.001	0.001
0.001	0.001	0.874	0.124
0.001	0.184	0.814	0.001
0.001	0.997	0.001	0.001
0.001	0.646	0.001	0.352
>GTCAAGAA	5-GTCAAGAA	7.890939	-2.619122	0	T:8.0(42.11%),B:9489.7(24.70%),P:1e-1	Tpos:435.6,Tstd:245.7,Bpos:516.5,Bstd:328.6,StrandBias:0.0,Multiplicity:2.57
0.358	0.001	0.640	0.001
0.001	0.001	0.001	0.997
0.116	0.882	0.001	0.001
0.997	0.001	0.001	0.001
0.997	0.001	0.001	0.001
0.001	0.001	0.997	0.001
0.997	0.001	0.001	0.001
0.997	0.001	0.001	0.001
