>GGTCTCGCCGCG	1-GGTCTCGCCGCG	9.883098	-59.018726	0	T:46.0(29.30%),B:1458.9(4.06%),P:1e-25	Tpos:674.5,Tstd:110.8,Bpos:544.0,Bstd:371.9,StrandBias:1.2,Multiplicity:1.00
0.117	0.248	0.477	0.159
0.158	0.001	0.725	0.116
0.001	0.001	0.001	0.997
0.001	0.871	0.001	0.127
0.001	0.042	0.001	0.956
0.001	0.997	0.001	0.001
0.062	0.001	0.825	0.112
0.001	0.946	0.052	0.001
0.013	0.828	0.158	0.001
0.301	0.001	0.570	0.128
0.001	0.840	0.158	0.001
0.001	0.001	0.997	0.001
>CGGTAACACTCG	2-CGGTAACACTCG	12.666811	-52.295720	0	T:18.0(11.46%),B:93.6(0.26%),P:1e-22	Tpos:688.6,Tstd:119.2,Bpos:597.0,Bstd:323.3,StrandBias:-1.8,Multiplicity:1.00
0.001	0.997	0.001	0.001
0.001	0.001	0.997	0.001
0.001	0.001	0.997	0.001
0.001	0.001	0.001	0.997
0.625	0.124	0.069	0.182
0.997	0.001	0.001	0.001
0.001	0.997	0.001	0.001
0.997	0.001	0.001	0.001
0.001	0.997	0.001	0.001
0.001	0.001	0.001	0.997
0.001	0.891	0.001	0.107
0.001	0.001	0.997	0.001
>YTGGCCTAAAAT	3-YTGGCCTAAAAT	9.990341	-47.724960	0	T:36.0(22.93%),B:1066.2(2.97%),P:1e-20	Tpos:732.6,Tstd:159.9,Bpos:524.4,Bstd:376.4,StrandBias:1.5,Multiplicity:1.06
0.001	0.493	0.161	0.345
0.134	0.083	0.033	0.750
0.181	0.001	0.750	0.068
0.081	0.001	0.820	0.098
0.001	0.997	0.001	0.001
0.001	0.997	0.001	0.001
0.072	0.163	0.049	0.716
0.997	0.001	0.001	0.001
0.997	0.001	0.001	0.001
0.997	0.001	0.001	0.001
0.544	0.369	0.001	0.086
0.066	0.001	0.211	0.722
>GTCCTAAAATTT	4-GTCCTAAAATTT	12.107469	-46.378914	0	T:24.0(15.29%),B:359.8(1.00%),P:1e-20	Tpos:696.7,Tstd:202.4,Bpos:528.2,Bstd:323.4,StrandBias:-0.5,Multiplicity:1.00
0.275	0.001	0.690	0.034
0.001	0.001	0.074	0.924
0.001	0.997	0.001	0.001
0.067	0.931	0.001	0.001
0.001	0.001	0.001	0.997
0.997	0.001	0.001	0.001
0.997	0.001	0.001	0.001
0.911	0.087	0.001	0.001
0.741	0.001	0.001	0.257
0.102	0.092	0.102	0.704
0.305	0.001	0.001	0.693
0.077	0.045	0.001	0.877
>TTCSCTGCGTAB	5-TTCSCTGCGTAB	11.207207	-44.207106	0	T:18.0(11.46%),B:154.0(0.43%),P:1e-19	Tpos:681.3,Tstd:114.3,Bpos:477.6,Bstd:418.9,StrandBias:0.1,Multiplicity:1.28
0.001	0.001	0.001	0.997
0.001	0.001	0.001	0.997
0.001	0.667	0.331	0.001
0.133	0.494	0.372	0.001
0.001	0.834	0.164	0.001
0.001	0.001	0.001	0.997
0.001	0.132	0.866	0.001
0.167	0.831	0.001	0.001
0.001	0.001	0.997	0.001
0.001	0.001	0.001	0.997
0.997	0.001	0.001	0.001
0.165	0.197	0.338	0.301
>GATTACCTGAAA	6-GATTACCTGAAA	13.291103	-37.588185	0	T:15.0(9.55%),B:122.1(0.34%),P:1e-16	Tpos:863.8,Tstd:266.0,Bpos:556.1,Bstd:340.6,StrandBias:-3.9,Multiplicity:1.07
0.001	0.001	0.997	0.001
0.859	0.068	0.072	0.001
0.001	0.001	0.001	0.997
0.001	0.001	0.001	0.997
0.928	0.070	0.001	0.001
0.001	0.997	0.001	0.001
0.001	0.997	0.001	0.001
0.001	0.001	0.086	0.912
0.001	0.001	0.997	0.001
0.942	0.001	0.056	0.001
0.997	0.001	0.001	0.001
0.885	0.001	0.113	0.001
>TACCCTGAAAAA	7-TACCCTGAAAAA	13.123656	-34.578261	0	T:17.0(10.83%),B:230.7(0.64%),P:1e-15	Tpos:899.4,Tstd:204.8,Bpos:634.9,Bstd:383.3,StrandBias:-2.9,Multiplicity:1.00
0.184	0.001	0.141	0.674
0.997	0.001	0.001	0.001
0.001	0.997	0.001	0.001
0.101	0.897	0.001	0.001
0.001	0.997	0.001	0.001
0.001	0.001	0.001	0.997
0.001	0.001	0.997	0.001
0.900	0.098	0.001	0.001
0.997	0.001	0.001	0.001
0.822	0.176	0.001	0.001
0.924	0.001	0.001	0.074
0.918	0.080	0.001	0.001
>GTGTGCMTYTAM	8-GTGTGCMTYTAM	10.712617	-30.132758	0	T:25.0(15.92%),B:843.7(2.35%),P:1e-13	Tpos:604.6,Tstd:173.4,Bpos:520.0,Bstd:371.4,StrandBias:-0.5,Multiplicity:1.08
0.001	0.083	0.915	0.001
0.005	0.001	0.001	0.993
0.097	0.001	0.829	0.073
0.001	0.245	0.001	0.753
0.001	0.328	0.587	0.084
0.070	0.504	0.350	0.076
0.507	0.417	0.075	0.001
0.275	0.001	0.001	0.723
0.001	0.397	0.097	0.505
0.001	0.001	0.001	0.997
0.757	0.114	0.115	0.014
0.550	0.448	0.001	0.001
>AAAACCCTGAAA	9-AAAACCCTGAAA	11.748306	-24.676806	0	T:36.0(22.93%),B:2292.5(6.38%),P:1e-10	Tpos:597.1,Tstd:215.5,Bpos:526.3,Bstd:339.2,StrandBias:-0.4,Multiplicity:1.14
0.997	0.001	0.001	0.001
0.997	0.001	0.001	0.001
0.997	0.001	0.001	0.001
0.997	0.001	0.001	0.001
0.182	0.614	0.001	0.203
0.269	0.729	0.001	0.001
0.254	0.555	0.190	0.001
0.173	0.001	0.001	0.825
0.146	0.001	0.515	0.338
0.997	0.001	0.001	0.001
0.997	0.001	0.001	0.001
0.624	0.001	0.001	0.374
>AAAAAGCGAAAA	10-AAAAAGCGAAAA	12.234718	-23.985574	0	T:37.0(23.57%),B:2475.2(6.89%),P:1e-10	Tpos:614.3,Tstd:219.5,Bpos:504.0,Bstd:362.0,StrandBias:-1.4,Multiplicity:1.16
0.997	0.001	0.001	0.001
0.997	0.001	0.001	0.001
0.902	0.049	0.048	0.001
0.922	0.027	0.050	0.001
0.960	0.001	0.038	0.001
0.077	0.019	0.599	0.305
0.047	0.921	0.001	0.031
0.001	0.067	0.910	0.022
0.876	0.001	0.067	0.056
0.997	0.001	0.001	0.001
0.997	0.001	0.001	0.001
0.908	0.057	0.001	0.034
>TTACTTGTTTCT	11-TTACTTGTTTCT	13.076611	-23.774029	0	T:12.0(7.64%),B:177.1(0.49%),P:1e-10	Tpos:594.2,Tstd:246.4,Bpos:534.7,Bstd:322.7,StrandBias:0.7,Multiplicity:1.08
0.001	0.001	0.001	0.997
0.001	0.073	0.001	0.925
0.834	0.069	0.001	0.096
0.001	0.997	0.001	0.001
0.001	0.001	0.001	0.997
0.001	0.001	0.001	0.997
0.110	0.001	0.888	0.001
0.001	0.120	0.143	0.736
0.001	0.001	0.001	0.997
0.001	0.001	0.001	0.997
0.001	0.997	0.001	0.001
0.092	0.210	0.001	0.697
>CATTGTGGAGCG	12-CATTGTGGAGCG	10.341831	-22.156829	0	T:11.0(7.01%),B:158.1(0.44%),P:1e-9	Tpos:661.0,Tstd:193.7,Bpos:465.7,Bstd:373.4,StrandBias:0.8,Multiplicity:1.00
0.116	0.684	0.104	0.096
0.632	0.001	0.087	0.280
0.109	0.116	0.001	0.774
0.124	0.001	0.156	0.719
0.001	0.001	0.909	0.089
0.182	0.001	0.001	0.816
0.001	0.001	0.909	0.089
0.086	0.001	0.912	0.001
0.895	0.001	0.001	0.103
0.086	0.001	0.912	0.001
0.001	0.997	0.001	0.001
0.001	0.109	0.889	0.001
>AAAATAGAAGTA	13-AAAATAGAAGTA	12.926552	-21.455937	0	T:15.0(9.55%),B:400.5(1.12%),P:1e-9	Tpos:624.5,Tstd:299.3,Bpos:532.3,Bstd:327.8,StrandBias:-1.0,Multiplicity:1.00
0.997	0.001	0.001	0.001
0.862	0.001	0.136	0.001
0.997	0.001	0.001	0.001
0.997	0.001	0.001	0.001
0.001	0.108	0.103	0.788
0.997	0.001	0.001	0.001
0.034	0.083	0.804	0.079
0.997	0.001	0.001	0.001
0.997	0.001	0.001	0.001
0.096	0.001	0.845	0.058
0.208	0.001	0.001	0.790
0.997	0.001	0.001	0.001
>ATTTCTTCGATA	14-ATTTCTTCGATA	13.388085	-21.406921	0	T:12.0(7.64%),B:220.5(0.61%),P:1e-9	Tpos:634.4,Tstd:221.7,Bpos:508.7,Bstd:354.7,StrandBias:-0.5,Multiplicity:1.00
0.902	0.001	0.001	0.096
0.001	0.184	0.001	0.814
0.001	0.001	0.001	0.997
0.001	0.001	0.001	0.997
0.001	0.834	0.001	0.164
0.001	0.001	0.001	0.997
0.001	0.001	0.001	0.997
0.001	0.997	0.001	0.001
0.001	0.001	0.997	0.001
0.997	0.001	0.001	0.001
0.214	0.001	0.130	0.655
0.930	0.001	0.001	0.068
>TAATCAACTATT	15-TAATCAACTATT	13.158623	-20.287395	0	T:12.0(7.64%),B:245.0(0.68%),P:1e-8	Tpos:487.2,Tstd:228.4,Bpos:530.1,Bstd:324.6,StrandBias:0.5,Multiplicity:1.00
0.101	0.001	0.001	0.897
0.997	0.001	0.001	0.001
0.898	0.001	0.001	0.100
0.001	0.001	0.001	0.997
0.075	0.923	0.001	0.001
0.997	0.001	0.001	0.001
0.997	0.001	0.001	0.001
0.001	0.801	0.001	0.197
0.099	0.194	0.001	0.706
0.921	0.001	0.001	0.077
0.001	0.001	0.001	0.997
0.001	0.001	0.001	0.997
>GTTACCTGAAAA	16-GTTACCTGAAAA	12.916851	-19.465818	0	T:14.0(8.92%),B:393.4(1.10%),P:1e-8	Tpos:736.3,Tstd:326.9,Bpos:588.1,Bstd:424.8,StrandBias:-2.7,Multiplicity:1.07
0.039	0.001	0.635	0.325
0.097	0.001	0.123	0.779
0.001	0.001	0.001	0.997
0.912	0.001	0.086	0.001
0.084	0.853	0.001	0.062
0.001	0.997	0.001	0.001
0.001	0.001	0.001	0.997
0.112	0.001	0.886	0.001
0.997	0.001	0.001	0.001
0.997	0.001	0.001	0.001
0.997	0.001	0.001	0.001
0.997	0.001	0.001	0.001
>CGATTTTCTCTT	17-CGATTTTCTCTT	13.428542	-19.238605	0	T:13.0(8.28%),B:332.1(0.92%),P:1e-8	Tpos:629.6,Tstd:194.5,Bpos:511.6,Bstd:378.1,StrandBias:1.5,Multiplicity:1.15
0.001	0.997	0.001	0.001
0.082	0.216	0.701	0.001
0.997	0.001	0.001	0.001
0.001	0.001	0.001	0.997
0.001	0.001	0.001	0.997
0.001	0.001	0.001	0.997
0.001	0.001	0.001	0.997
0.001	0.745	0.001	0.253
0.001	0.001	0.001	0.997
0.001	0.840	0.001	0.158
0.080	0.111	0.001	0.808
0.001	0.001	0.001	0.997
>CGAGTTTTGAAG	18-CGAGTTTTGAAG	12.288633	-19.159300	0	T:12.0(7.64%),B:271.9(0.76%),P:1e-8	Tpos:499.5,Tstd:274.0,Bpos:543.6,Bstd:327.7,StrandBias:-0.7,Multiplicity:1.08
0.001	0.848	0.150	0.001
0.113	0.001	0.885	0.001
0.997	0.001	0.001	0.001
0.150	0.001	0.797	0.052
0.001	0.001	0.001	0.997
0.001	0.001	0.116	0.882
0.001	0.001	0.001	0.997
0.001	0.001	0.116	0.882
0.001	0.001	0.997	0.001
0.997	0.001	0.001	0.001
0.694	0.145	0.001	0.160
0.060	0.001	0.938	0.001
>AACAATGTCCGG	19-AACAATGTCCGG	14.259252	-18.858113	0	T:7.0(4.46%),B:51.8(0.14%),P:1e-8	Tpos:547.3,Tstd:338.8,Bpos:510.4,Bstd:317.1,StrandBias:-1.3,Multiplicity:1.00
0.997	0.001	0.001	0.001
0.997	0.001	0.001	0.001
0.250	0.748	0.001	0.001
0.997	0.001	0.001	0.001
0.997	0.001	0.001	0.001
0.001	0.001	0.001	0.997
0.001	0.001	0.802	0.196
0.001	0.001	0.001	0.997
0.001	0.997	0.001	0.001
0.001	0.997	0.001	0.001
0.001	0.001	0.651	0.347
0.001	0.001	0.997	0.001
>CKTATTTCGTAA	20-CKTATTTCGTAA	11.901706	-18.680805	0	T:11.0(7.01%),B:224.4(0.62%),P:1e-8	Tpos:538.1,Tstd:233.8,Bpos:513.4,Bstd:355.0,StrandBias:-0.3,Multiplicity:1.00
0.001	0.997	0.001	0.001
0.001	0.270	0.422	0.307
0.127	0.001	0.001	0.871
0.997	0.001	0.001	0.001
0.001	0.001	0.001	0.997
0.001	0.001	0.001	0.997
0.001	0.001	0.001	0.997
0.001	0.871	0.001	0.127
0.001	0.001	0.856	0.142
0.001	0.230	0.179	0.590
0.625	0.001	0.222	0.152
0.997	0.001	0.001	0.001
>TTTCATGATGAA	21-TTTCATGATGAA	11.899945	-18.508601	0	T:14.0(8.92%),B:425.8(1.19%),P:1e-8	Tpos:430.4,Tstd:273.3,Bpos:506.1,Bstd:334.6,StrandBias:-0.2,Multiplicity:1.00
0.172	0.001	0.001	0.826
0.001	0.001	0.001	0.997
0.001	0.001	0.001	0.997
0.124	0.733	0.001	0.142
0.864	0.001	0.001	0.134
0.220	0.200	0.063	0.517
0.057	0.238	0.536	0.169
0.808	0.001	0.190	0.001
0.087	0.001	0.001	0.911
0.001	0.001	0.832	0.166
0.997	0.001	0.001	0.001
0.997	0.001	0.001	0.001
>GTCCTCAATGTC	22-GTCCTCAATGTC	9.950041	-17.679553	0	T:18.0(11.46%),B:800.6(2.23%),P:1e-7	Tpos:532.5,Tstd:328.7,Bpos:519.8,Bstd:349.2,StrandBias:1.1,Multiplicity:1.06
0.077	0.001	0.680	0.242
0.001	0.001	0.001	0.997
0.083	0.752	0.001	0.164
0.001	0.852	0.001	0.146
0.001	0.001	0.140	0.858
0.003	0.995	0.001	0.001
0.923	0.003	0.001	0.073
0.745	0.150	0.001	0.104
0.001	0.001	0.001	0.997
0.056	0.055	0.776	0.113
0.104	0.171	0.077	0.648
0.001	0.790	0.066	0.143
>ATYATATAATTT	23-ATYATATAATTT	12.759750	-16.668737	0	T:14.0(8.92%),B:496.0(1.38%),P:1e-7	Tpos:720.4,Tstd:334.9,Bpos:502.0,Bstd:302.4,StrandBias:-0.2,Multiplicity:1.08
0.635	0.363	0.001	0.001
0.114	0.001	0.001	0.884
0.137	0.478	0.008	0.378
0.810	0.001	0.001	0.188
0.182	0.001	0.001	0.816
0.762	0.001	0.236	0.001
0.226	0.001	0.001	0.772
0.997	0.001	0.001	0.001
0.902	0.001	0.001	0.096
0.001	0.001	0.001	0.997
0.001	0.001	0.001	0.997
0.001	0.001	0.001	0.997
>ACCAAAGTTAGG	24-ACCAAAGTTAGG	15.861437	-5.436971	0	T:1.0(0.64%),B:0.2(0.00%),P:1e-2	Tpos:88.7,Tstd:95.8,Bpos:537.0,Bstd:0.0,StrandBias:10.0,Multiplicity:3.00
0.858	0.001	0.140	0.001
0.001	0.997	0.001	0.001
0.001	0.997	0.001	0.001
0.997	0.001	0.001	0.001
0.837	0.161	0.001	0.001
0.997	0.001	0.001	0.001
0.128	0.001	0.870	0.001
0.001	0.001	0.001	0.997
0.001	0.001	0.001	0.997
0.756	0.001	0.242	0.001
0.001	0.001	0.997	0.001
0.001	0.001	0.997	0.001
>GCTAAATATTTA	25-GCTAAATATTTA	13.540616	-5.402005	0	T:3.0(1.91%),B:73.1(0.20%),P:1e-2	Tpos:192.5,Tstd:122.1,Bpos:437.0,Bstd:381.3,StrandBias:0.2,Multiplicity:3.33
0.048	0.067	0.884	0.001
0.043	0.955	0.001	0.001
0.001	0.001	0.001	0.997
0.933	0.065	0.001	0.001
0.911	0.001	0.001	0.087
0.997	0.001	0.001	0.001
0.001	0.001	0.001	0.997
0.997	0.001	0.001	0.001
0.001	0.001	0.001	0.997
0.001	0.001	0.001	0.997
0.073	0.001	0.001	0.925
0.997	0.001	0.001	0.001
