>TTGGTCAGTGCA	16-TTGGTCAGTGCA,BestGuess:SD0001.1_at_AC_acceptor/Jaspar(0.515)	9.960809	-15.467289	0	T:23.0(6.27%),B:717.6(1.72%),P:1e-6
0.069	0.001	0.089	0.841
0.073	0.037	0.035	0.855
0.029	0.067	0.790	0.114
0.140	0.064	0.665	0.131
0.001	0.001	0.089	0.909
0.099	0.676	0.032	0.193
0.824	0.048	0.001	0.127
0.052	0.001	0.921	0.026
0.069	0.041	0.001	0.889
0.001	0.001	0.920	0.078
0.107	0.832	0.027	0.034
0.886	0.001	0.001	0.112
