>TGGCAAATATAT	15-ATATATTTGCCA	10.212624	-16.120613	0	T:35.0(9.54%),B:1438.0(3.44%),P:1e-7
0.068	0.001	0.026	0.905
0.083	0.026	0.866	0.025
0.100	0.054	0.629	0.217
0.046	0.791	0.081	0.082
0.848	0.028	0.028	0.096
0.873	0.070	0.038	0.019
0.857	0.030	0.033	0.080
0.085	0.030	0.032	0.853
0.881	0.043	0.039	0.037
0.141	0.001	0.022	0.836
0.797	0.080	0.064	0.059
0.001	0.032	0.094	0.873
