>TTCGSCGAAC	1-TTCGSCGAAC	7.558431	-52.576439	0	T:60.0(30.46%),B:2714.2(6.73%),P:1e-22	Tpos:614.3,Tstd:291.4,Bpos:508.1,Bstd:306.1,StrandBias:-0.2,Multiplicity:1.15
0.065	0.070	0.082	0.783
0.025	0.105	0.113	0.757
0.001	0.753	0.058	0.188
0.104	0.093	0.794	0.009
0.151	0.442	0.304	0.104
0.072	0.728	0.021	0.179
0.242	0.061	0.690	0.007
0.870	0.012	0.084	0.034
0.749	0.098	0.053	0.100
0.048	0.495	0.218	0.238
>ATGATGTCAT	2-ATGATGTCAT	10.495234	-30.180478	0	T:27.0(13.71%),B:887.2(2.20%),P:1e-13	Tpos:622.5,Tstd:318.7,Bpos:494.1,Bstd:313.2,StrandBias:-0.6,Multiplicity:1.11
0.997	0.001	0.001	0.001
0.001	0.001	0.001	0.997
0.001	0.001	0.997	0.001
0.997	0.001	0.001	0.001
0.001	0.088	0.001	0.910
0.048	0.001	0.950	0.001
0.084	0.001	0.001	0.914
0.001	0.997	0.001	0.001
0.961	0.037	0.001	0.001
0.086	0.001	0.001	0.912
>ACGCCCAGAT	3-ACGCCCAGAT	9.183843	-26.397620	0	T:14.0(7.11%),B:200.4(0.50%),P:1e-11	Tpos:513.7,Tstd:308.1,Bpos:551.0,Bstd:312.9,StrandBias:0.0,Multiplicity:1.14
0.756	0.097	0.025	0.122
0.001	0.997	0.001	0.001
0.001	0.142	0.856	0.001
0.098	0.900	0.001	0.001
0.001	0.997	0.001	0.001
0.001	0.887	0.001	0.111
0.997	0.001	0.001	0.001
0.001	0.001	0.997	0.001
0.767	0.128	0.001	0.104
0.001	0.147	0.001	0.851
>GGTAAACACC	4-GGTAAACACC	10.333024	-24.398523	0	T:12.0(6.09%),B:148.5(0.37%),P:1e-10	Tpos:457.5,Tstd:316.3,Bpos:532.2,Bstd:303.9,StrandBias:-0.7,Multiplicity:1.08
0.001	0.001	0.997	0.001
0.001	0.101	0.897	0.001
0.042	0.001	0.001	0.956
0.926	0.001	0.072	0.001
0.887	0.001	0.111	0.001
0.799	0.115	0.085	0.001
0.046	0.952	0.001	0.001
0.908	0.001	0.090	0.001
0.001	0.942	0.001	0.056
0.001	0.825	0.173	0.001
>AATGACTCAT	5-AATGACTCAT	8.575248	-24.142430	0	T:38.0(19.29%),B:2270.3(5.63%),P:1e-10	Tpos:603.4,Tstd:248.8,Bpos:512.6,Bstd:329.2,StrandBias:-0.2,Multiplicity:1.05
0.717	0.190	0.066	0.027
0.789	0.024	0.122	0.065
0.001	0.001	0.001	0.997
0.001	0.001	0.997	0.001
0.943	0.055	0.001	0.001
0.042	0.737	0.220	0.001
0.045	0.001	0.001	0.953
0.001	0.977	0.021	0.001
0.966	0.001	0.001	0.032
0.018	0.029	0.001	0.952
>GYGTCTMTCA	6-GYGTCTMTCA	9.048531	-23.773682	0	T:29.0(14.72%),B:1366.8(3.39%),P:1e-10	Tpos:555.2,Tstd:322.1,Bpos:521.2,Bstd:324.0,StrandBias:0.9,Multiplicity:1.00
0.001	0.054	0.861	0.084
0.211	0.382	0.045	0.362
0.033	0.002	0.675	0.290
0.001	0.001	0.051	0.947
0.167	0.541	0.084	0.208
0.047	0.001	0.068	0.884
0.437	0.458	0.104	0.001
0.099	0.001	0.025	0.875
0.113	0.805	0.004	0.078
0.896	0.002	0.062	0.040
>CTATGTCTAC	7-CTATGTCTAC	9.718934	-23.303473	0	T:23.0(11.68%),B:860.2(2.13%),P:1e-10	Tpos:455.1,Tstd:316.4,Bpos:513.8,Bstd:310.8,StrandBias:1.2,Multiplicity:1.00
0.040	0.911	0.001	0.048
0.001	0.060	0.062	0.877
0.894	0.001	0.062	0.043
0.001	0.001	0.001	0.997
0.052	0.001	0.833	0.114
0.001	0.047	0.083	0.869
0.001	0.997	0.001	0.001
0.062	0.001	0.001	0.936
0.838	0.057	0.059	0.046
0.055	0.896	0.001	0.048
>TTTGACCCCT	8-TTTGACCCCT	10.611559	-22.977842	0	T:17.0(8.63%),B:435.2(1.08%),P:1e-9	Tpos:613.2,Tstd:211.2,Bpos:542.1,Bstd:325.0,StrandBias:0.0,Multiplicity:1.06
0.001	0.001	0.001	0.997
0.121	0.001	0.001	0.877
0.001	0.001	0.001	0.997
0.001	0.001	0.710	0.288
0.764	0.083	0.001	0.152
0.001	0.997	0.001	0.001
0.001	0.899	0.099	0.001
0.001	0.997	0.001	0.001
0.001	0.846	0.001	0.152
0.001	0.001	0.001	0.997
>TGATCAGTTC	9-TGATCAGTTC	9.144186	-21.912841	0	T:29.0(14.72%),B:1482.7(3.67%),P:1e-9	Tpos:524.1,Tstd:314.5,Bpos:509.1,Bstd:330.9,StrandBias:-0.1,Multiplicity:1.34
0.041	0.045	0.041	0.873
0.025	0.001	0.973	0.001
0.957	0.001	0.041	0.001
0.064	0.001	0.044	0.891
0.070	0.928	0.001	0.001
0.916	0.001	0.046	0.037
0.001	0.027	0.959	0.013
0.244	0.001	0.001	0.754
0.001	0.001	0.044	0.954
0.030	0.861	0.108	0.001
>TGATCTATTA	10-TGATCTATTA	9.255595	-21.124616	0	T:38.0(19.29%),B:2528.3(6.26%),P:1e-9	Tpos:571.3,Tstd:278.1,Bpos:516.8,Bstd:323.3,StrandBias:0.0,Multiplicity:1.05
0.001	0.001	0.001	0.997
0.044	0.001	0.908	0.047
0.997	0.001	0.001	0.001
0.001	0.001	0.182	0.816
0.086	0.630	0.208	0.076
0.001	0.001	0.001	0.997
0.809	0.001	0.001	0.189
0.001	0.001	0.001	0.997
0.001	0.001	0.044	0.954
0.879	0.001	0.119	0.001
>TCTGTTATAG	11-TCTGTTATAG	9.508960	-20.934855	0	T:23.0(11.68%),B:975.8(2.42%),P:1e-9	Tpos:504.6,Tstd:380.2,Bpos:518.3,Bstd:342.1,StrandBias:0.2,Multiplicity:1.04
0.001	0.001	0.001	0.997
0.036	0.962	0.001	0.001
0.038	0.001	0.110	0.851
0.046	0.001	0.656	0.297
0.001	0.001	0.001	0.997
0.050	0.001	0.132	0.817
0.935	0.063	0.001	0.001
0.001	0.001	0.001	0.997
0.909	0.056	0.001	0.034
0.068	0.001	0.930	0.001
>ATCATTTCGG	12-ATCATTTCGG	9.850286	-20.363701	0	T:22.0(11.17%),B:917.4(2.27%),P:1e-8	Tpos:651.5,Tstd:286.2,Bpos:481.5,Bstd:336.9,StrandBias:0.3,Multiplicity:1.00
0.997	0.001	0.001	0.001
0.025	0.001	0.001	0.973
0.001	0.997	0.001	0.001
0.895	0.001	0.073	0.031
0.044	0.069	0.066	0.821
0.064	0.001	0.069	0.866
0.071	0.001	0.001	0.927
0.001	0.912	0.045	0.042
0.042	0.116	0.677	0.165
0.040	0.001	0.958	0.001
>ATCAAGTTGA	13-ATCAAGTTGA	9.561459	-18.779536	0	T:36.0(18.27%),B:2512.5(6.23%),P:1e-8	Tpos:571.3,Tstd:276.6,Bpos:498.6,Bstd:325.9,StrandBias:0.7,Multiplicity:1.03
0.851	0.001	0.030	0.118
0.043	0.036	0.020	0.901
0.006	0.968	0.001	0.025
0.972	0.001	0.001	0.026
0.929	0.020	0.050	0.001
0.145	0.060	0.766	0.029
0.018	0.036	0.049	0.897
0.074	0.031	0.033	0.862
0.019	0.001	0.954	0.026
0.945	0.001	0.001	0.053
>GGTCTTCTGA	14-GGTCTTCTGA	10.201327	-18.277310	0	T:22.0(11.17%),B:1032.9(2.56%),P:1e-7	Tpos:611.2,Tstd:309.4,Bpos:515.7,Bstd:330.4,StrandBias:-0.7,Multiplicity:1.09
0.039	0.102	0.776	0.083
0.033	0.001	0.831	0.135
0.091	0.001	0.001	0.907
0.123	0.785	0.001	0.091
0.001	0.001	0.001	0.997
0.001	0.001	0.001	0.997
0.077	0.921	0.001	0.001
0.083	0.001	0.001	0.915
0.001	0.001	0.997	0.001
0.931	0.001	0.001	0.067
>AACCGGTTYT	15-AACCGGTTYT	8.687625	-18.220060	0	T:36.0(18.27%),B:2568.8(6.37%),P:1e-7	Tpos:559.7,Tstd:254.7,Bpos:510.3,Bstd:313.6,StrandBias:0.5,Multiplicity:1.11
0.956	0.001	0.001	0.042
0.833	0.001	0.001	0.165
0.001	0.997	0.001	0.001
0.092	0.814	0.001	0.093
0.162	0.001	0.679	0.158
0.001	0.143	0.832	0.024
0.001	0.001	0.001	0.997
0.001	0.190	0.001	0.808
0.001	0.417	0.098	0.484
0.290	0.001	0.001	0.708
>CCGCCCATTA	16-CCGCCCATTA	9.149729	-18.159612	0	T:22.0(11.17%),B:1039.1(2.57%),P:1e-7	Tpos:715.0,Tstd:308.8,Bpos:587.4,Bstd:302.9,StrandBias:0.6,Multiplicity:1.05
0.108	0.890	0.001	0.001
0.001	0.997	0.001	0.001
0.001	0.001	0.997	0.001
0.001	0.997	0.001	0.001
0.001	0.997	0.001	0.001
0.079	0.919	0.001	0.001
0.853	0.001	0.001	0.145
0.001	0.001	0.174	0.824
0.001	0.168	0.001	0.830
0.755	0.055	0.078	0.112
>CCCTAAGAAC	17-CCCTAAGAAC	7.201964	-16.908933	0	T:35.0(17.77%),B:2581.7(6.40%),P:1e-7	Tpos:454.1,Tstd:236.9,Bpos:494.9,Bstd:318.6,StrandBias:0.1,Multiplicity:1.23
0.256	0.666	0.001	0.077
0.021	0.884	0.001	0.094
0.001	0.727	0.086	0.186
0.041	0.001	0.021	0.937
0.962	0.001	0.001	0.036
0.871	0.038	0.045	0.046
0.077	0.073	0.786	0.064
0.734	0.227	0.038	0.001
0.661	0.188	0.109	0.042
0.091	0.794	0.076	0.039
>TCTTCACTTT	18-TCTTCACTTT	9.157996	-16.644132	0	T:57.0(28.93%),B:5686.5(14.09%),P:1e-7	Tpos:552.7,Tstd:279.3,Bpos:524.2,Bstd:330.2,StrandBias:1.1,Multiplicity:1.14
0.001	0.001	0.019	0.979
0.082	0.780	0.082	0.056
0.001	0.058	0.068	0.873
0.147	0.001	0.012	0.840
0.001	0.946	0.018	0.035
0.936	0.016	0.025	0.023
0.001	0.856	0.042	0.101
0.001	0.025	0.001	0.973
0.001	0.019	0.027	0.953
0.001	0.076	0.028	0.895
>GTCTTCTAGT	19-GTCTTCTAGT	9.826958	-16.523191	0	T:20.0(10.15%),B:949.9(2.35%),P:1e-7	Tpos:483.5,Tstd:308.6,Bpos:510.0,Bstd:323.0,StrandBias:0.3,Multiplicity:1.10
0.001	0.001	0.997	0.001
0.093	0.001	0.081	0.825
0.053	0.839	0.050	0.058
0.001	0.001	0.001	0.997
0.001	0.001	0.001	0.997
0.094	0.844	0.061	0.001
0.001	0.001	0.001	0.997
0.892	0.044	0.063	0.001
0.044	0.048	0.907	0.001
0.141	0.091	0.001	0.767
>ACATCTCCAC	20-ACATCTCCAC	10.766876	-16.438605	0	T:15.0(7.61%),B:524.0(1.30%),P:1e-7	Tpos:427.2,Tstd:271.4,Bpos:461.2,Bstd:296.8,StrandBias:0.2,Multiplicity:1.00
0.997	0.001	0.001	0.001
0.240	0.758	0.001	0.001
0.997	0.001	0.001	0.001
0.001	0.001	0.001	0.997
0.109	0.889	0.001	0.001
0.001	0.001	0.001	0.997
0.113	0.816	0.001	0.070
0.079	0.919	0.001	0.001
0.997	0.001	0.001	0.001
0.257	0.741	0.001	0.001
>GATGATAAGG	21-GATGATAAGG	11.576992	-16.412730	0	T:13.0(6.60%),B:378.5(0.94%),P:1e-7	Tpos:621.2,Tstd:252.6,Bpos:513.2,Bstd:357.3,StrandBias:-0.2,Multiplicity:1.00
0.256	0.001	0.573	0.170
0.865	0.001	0.065	0.069
0.001	0.001	0.001	0.997
0.001	0.001	0.745	0.253
0.997	0.001	0.001	0.001
0.001	0.001	0.001	0.997
0.997	0.001	0.001	0.001
0.997	0.001	0.001	0.001
0.053	0.001	0.945	0.001
0.001	0.001	0.997	0.001
>TGATTCACCT	22-TGATTCACCT	9.094600	-15.957643	0	T:24.0(12.18%),B:1390.5(3.45%),P:1e-6	Tpos:518.0,Tstd:309.1,Bpos:511.6,Bstd:339.8,StrandBias:0.0,Multiplicity:1.12
0.057	0.001	0.066	0.876
0.001	0.033	0.933	0.033
0.922	0.001	0.065	0.012
0.042	0.001	0.001	0.956
0.060	0.001	0.090	0.849
0.001	0.911	0.049	0.039
0.997	0.001	0.001	0.001
0.063	0.870	0.045	0.022
0.001	0.829	0.001	0.169
0.104	0.001	0.001	0.894
>CTGTTGTTGT	23-CTGTTGTTGT	8.979971	-15.733190	0	T:33.0(16.75%),B:2458.7(6.09%),P:1e-6	Tpos:550.2,Tstd:308.5,Bpos:512.5,Bstd:321.0,StrandBias:-0.5,Multiplicity:1.09
0.014	0.964	0.021	0.001
0.103	0.001	0.055	0.841
0.028	0.027	0.932	0.013
0.049	0.115	0.001	0.835
0.036	0.001	0.001	0.962
0.001	0.036	0.882	0.081
0.049	0.044	0.065	0.842
0.001	0.078	0.001	0.920
0.101	0.035	0.841	0.023
0.001	0.001	0.001	0.997
>TAACCTTGAA	24-TAACCTTGAA	9.871579	-14.479398	0	T:24.0(12.18%),B:1511.9(3.75%),P:1e-6	Tpos:492.0,Tstd:290.0,Bpos:520.9,Bstd:318.6,StrandBias:-0.2,Multiplicity:1.08
0.022	0.001	0.001	0.976
0.711	0.001	0.125	0.163
0.806	0.192	0.001	0.001
0.001	0.822	0.176	0.001
0.001	0.819	0.001	0.179
0.001	0.001	0.001	0.997
0.018	0.001	0.001	0.980
0.163	0.228	0.608	0.001
0.997	0.001	0.001	0.001
0.689	0.309	0.001	0.001
>AGTCAGGTTA	25-AGTCAGGTTA	10.296193	-5.680176	0	T:2.0(1.02%),B:16.2(0.04%),P:1e-2	Tpos:543.5,Tstd:115.3,Bpos:577.0,Bstd:315.4,StrandBias:3.6,Multiplicity:6.50
0.700	0.100	0.100	0.100
0.100	0.100	0.700	0.100
0.100	0.100	0.100	0.700
0.100	0.700	0.100	0.100
0.700	0.100	0.100	0.100
0.100	0.100	0.700	0.100
0.100	0.100	0.700	0.100
0.100	0.100	0.100	0.700
0.100	0.100	0.100	0.700
0.700	0.100	0.100	0.100
>MATGACATCATC	1-MATGACATCATC	11.278106	-48.583330	0	T:29.0(14.72%),B:505.0(1.25%),P:1e-21	Tpos:665.4,Tstd:266.6,Bpos:509.1,Bstd:328.4,StrandBias:-0.1,Multiplicity:1.00
0.470	0.330	0.071	0.128
0.700	0.001	0.175	0.124
0.001	0.001	0.001	0.997
0.367	0.060	0.572	0.001
0.897	0.001	0.001	0.101
0.001	0.864	0.084	0.051
0.895	0.001	0.103	0.001
0.001	0.001	0.001	0.997
0.001	0.997	0.001	0.001
0.888	0.001	0.110	0.001
0.001	0.001	0.001	0.997
0.001	0.853	0.002	0.144
>CAATTCGCCAAA	2-CAATTCGCCAAA	9.886623	-41.544823	0	T:34.0(17.26%),B:989.7(2.45%),P:1e-18	Tpos:622.9,Tstd:293.9,Bpos:490.0,Bstd:301.1,StrandBias:0.4,Multiplicity:1.03
0.049	0.794	0.093	0.064
0.805	0.125	0.069	0.001
0.767	0.081	0.055	0.097
0.032	0.046	0.001	0.921
0.027	0.032	0.024	0.917
0.001	0.890	0.040	0.069
0.048	0.077	0.817	0.058
0.074	0.719	0.107	0.100
0.090	0.742	0.065	0.103
0.802	0.077	0.120	0.001
0.919	0.037	0.043	0.001
0.911	0.053	0.001	0.035
>ATTCAGCGAATT	3-ATTCAGCGAATT	9.971065	-30.790471	0	T:30.0(15.23%),B:1097.7(2.72%),P:1e-13	Tpos:537.9,Tstd:284.4,Bpos:496.3,Bstd:302.6,StrandBias:0.2,Multiplicity:1.00
0.837	0.043	0.103	0.017
0.079	0.001	0.056	0.864
0.001	0.001	0.001	0.997
0.001	0.777	0.147	0.075
0.644	0.051	0.209	0.096
0.029	0.027	0.896	0.048
0.102	0.820	0.046	0.032
0.071	0.059	0.757	0.113
0.943	0.001	0.001	0.055
0.835	0.099	0.065	0.001
0.068	0.038	0.065	0.829
0.137	0.001	0.051	0.811
>TTCATTTTCTTC	4-TTCATTTTCTTC	12.315933	-30.197247	0	T:29.0(14.72%),B:1042.2(2.58%),P:1e-13	Tpos:522.5,Tstd:302.6,Bpos:537.4,Bstd:333.5,StrandBias:1.5,Multiplicity:1.03
0.001	0.001	0.001	0.997
0.063	0.043	0.001	0.893
0.034	0.689	0.095	0.182
0.885	0.001	0.001	0.113
0.026	0.001	0.001	0.972
0.001	0.001	0.001	0.997
0.001	0.001	0.001	0.997
0.001	0.054	0.001	0.944
0.077	0.802	0.120	0.001
0.001	0.056	0.001	0.942
0.001	0.001	0.062	0.936
0.001	0.960	0.038	0.001
>CTATAACAATGC	5-CTATAACAATGC	10.057058	-27.862489	0	T:20.0(10.15%),B:483.9(1.20%),P:1e-12	Tpos:396.1,Tstd:263.4,Bpos:550.2,Bstd:312.5,StrandBias:0.9,Multiplicity:1.00
0.062	0.936	0.001	0.001
0.225	0.145	0.001	0.629
0.862	0.136	0.001	0.001
0.140	0.001	0.001	0.858
0.938	0.001	0.001	0.060
0.754	0.001	0.001	0.244
0.001	0.853	0.145	0.001
0.900	0.001	0.001	0.098
0.896	0.099	0.001	0.004
0.230	0.099	0.164	0.507
0.069	0.001	0.872	0.058
0.001	0.717	0.127	0.155
>CAAGTTGAAAGA	6-CAAGTTGAAAGA	13.073509	-27.628096	0	T:12.0(6.09%),B:110.7(0.27%),P:1e-11	Tpos:530.7,Tstd:272.7,Bpos:554.8,Bstd:326.7,StrandBias:-0.5,Multiplicity:1.00
0.047	0.868	0.084	0.001
0.997	0.001	0.001	0.001
0.997	0.001	0.001	0.001
0.076	0.001	0.922	0.001
0.001	0.001	0.001	0.997
0.001	0.001	0.001	0.997
0.001	0.227	0.771	0.001
0.901	0.001	0.097	0.001
0.661	0.121	0.107	0.111
0.997	0.001	0.001	0.001
0.044	0.001	0.954	0.001
0.997	0.001	0.001	0.001
>GTTTGACGAACA	7-GTTTGACGAACA	10.376660	-25.635771	0	T:22.0(11.17%),B:688.2(1.71%),P:1e-11	Tpos:562.8,Tstd:268.1,Bpos:495.1,Bstd:315.7,StrandBias:-1.1,Multiplicity:1.05
0.409	0.001	0.589	0.001
0.001	0.048	0.001	0.950
0.001	0.001	0.001	0.997
0.001	0.157	0.001	0.841
0.045	0.001	0.899	0.055
0.596	0.001	0.278	0.125
0.051	0.799	0.089	0.061
0.001	0.001	0.884	0.114
0.808	0.089	0.001	0.102
0.917	0.081	0.001	0.001
0.220	0.778	0.001	0.001
0.756	0.082	0.103	0.059
>CCGAAGGTTTTA	8-CCGAAGGTTTTA	12.707931	-25.179721	0	T:8.0(4.06%),B:30.9(0.08%),P:1e-10	Tpos:614.4,Tstd:312.5,Bpos:489.5,Bstd:267.6,StrandBias:1.6,Multiplicity:1.00
0.001	0.997	0.001	0.001
0.001	0.815	0.183	0.001
0.001	0.183	0.815	0.001
0.815	0.183	0.001	0.001
0.874	0.001	0.001	0.124
0.155	0.001	0.843	0.001
0.001	0.001	0.997	0.001
0.001	0.001	0.001	0.997
0.001	0.001	0.001	0.997
0.001	0.001	0.001	0.997
0.001	0.001	0.001	0.997
0.997	0.001	0.001	0.001
>VACCTTGAASGT	9-VACCTTGAASGT	10.875284	-24.637891	0	T:15.0(7.61%),B:279.2(0.69%),P:1e-10	Tpos:493.7,Tstd:280.8,Bpos:507.3,Bstd:295.4,StrandBias:0.2,Multiplicity:1.00
0.360	0.269	0.369	0.001
0.953	0.004	0.001	0.042
0.001	0.723	0.001	0.275
0.001	0.881	0.042	0.076
0.001	0.001	0.001	0.997
0.001	0.001	0.348	0.650
0.001	0.138	0.860	0.001
0.997	0.001	0.001	0.001
0.461	0.269	0.269	0.001
0.001	0.411	0.492	0.096
0.096	0.001	0.588	0.315
0.001	0.001	0.001	0.997
>CTTTCATCATTC	10-CTTTCATCATTC	12.956164	-23.151431	0	T:12.0(6.09%),B:166.4(0.41%),P:1e-10	Tpos:661.8,Tstd:243.8,Bpos:505.3,Bstd:338.6,StrandBias:2.3,Multiplicity:1.00
0.076	0.922	0.001	0.001
0.001	0.001	0.124	0.874
0.001	0.112	0.103	0.784
0.001	0.001	0.001	0.997
0.001	0.997	0.001	0.001
0.828	0.103	0.001	0.068
0.093	0.001	0.001	0.905
0.001	0.997	0.001	0.001
0.902	0.096	0.001	0.001
0.001	0.001	0.001	0.997
0.001	0.001	0.001	0.997
0.001	0.855	0.084	0.060
>GCMGAATGTYTT	11-GCMGAATGTYTT	10.122737	-22.195708	0	T:20.0(10.15%),B:671.8(1.66%),P:1e-9	Tpos:434.1,Tstd:319.8,Bpos:495.9,Bstd:301.9,StrandBias:0.9,Multiplicity:1.00
0.001	0.001	0.930	0.068
0.001	0.897	0.001	0.101
0.442	0.478	0.001	0.079
0.005	0.001	0.993	0.001
0.997	0.001	0.001	0.001
0.913	0.001	0.001	0.085
0.111	0.001	0.166	0.722
0.001	0.240	0.754	0.005
0.111	0.001	0.102	0.786
0.001	0.421	0.095	0.483
0.111	0.128	0.001	0.760
0.308	0.001	0.001	0.690
>AGCAAATTGCTT	12-AGCAAATTGCTT	13.139781	-21.830118	0	T:10.0(5.08%),B:107.5(0.27%),P:1e-9	Tpos:418.4,Tstd:330.1,Bpos:497.7,Bstd:293.4,StrandBias:-1.2,Multiplicity:1.00
0.997	0.001	0.001	0.001
0.001	0.001	0.997	0.001
0.072	0.926	0.001	0.001
0.997	0.001	0.001	0.001
0.896	0.102	0.001	0.001
0.997	0.001	0.001	0.001
0.001	0.001	0.001	0.997
0.001	0.001	0.136	0.862
0.001	0.117	0.881	0.001
0.086	0.837	0.001	0.076
0.129	0.117	0.001	0.753
0.001	0.001	0.001	0.997
>AAGATACGGGGA	13-AAGATACGGGGA	13.618606	-21.578987	0	T:7.0(3.55%),B:29.3(0.07%),P:1e-9	Tpos:503.0,Tstd:404.8,Bpos:520.5,Bstd:304.8,StrandBias:2.6,Multiplicity:1.00
0.997	0.001	0.001	0.001
0.997	0.001	0.001	0.001
0.001	0.001	0.997	0.001
0.997	0.001	0.001	0.001
0.137	0.001	0.001	0.861
0.837	0.001	0.161	0.001
0.001	0.885	0.001	0.113
0.001	0.001	0.997	0.001
0.001	0.001	0.997	0.001
0.137	0.001	0.861	0.001
0.162	0.001	0.713	0.124
0.997	0.001	0.001	0.001
>TTTGATTCACCT	14-TTTGATTCACCT	13.033225	-21.403540	0	T:11.0(5.58%),B:151.2(0.37%),P:1e-9	Tpos:488.5,Tstd:357.7,Bpos:518.5,Bstd:319.9,StrandBias:-0.8,Multiplicity:1.00
0.001	0.001	0.001	0.997
0.001	0.001	0.001	0.997
0.001	0.001	0.001	0.997
0.001	0.001	0.909	0.089
0.902	0.001	0.001	0.096
0.001	0.001	0.001	0.997
0.001	0.001	0.125	0.873
0.001	0.797	0.110	0.092
0.997	0.001	0.001	0.001
0.061	0.861	0.001	0.077
0.001	0.929	0.001	0.069
0.142	0.001	0.001	0.856
>CAATCACATGAT	15-CAATCACATGAT	14.017749	-21.043139	0	T:8.0(4.06%),B:54.5(0.13%),P:1e-9	Tpos:427.7,Tstd:272.9,Bpos:555.0,Bstd:321.8,StrandBias:0.3,Multiplicity:1.12
0.001	0.997	0.001	0.001
0.997	0.001	0.001	0.001
0.997	0.001	0.001	0.001
0.001	0.001	0.001	0.997
0.001	0.997	0.001	0.001
0.997	0.001	0.001	0.001
0.146	0.653	0.200	0.001
0.997	0.001	0.001	0.001
0.001	0.001	0.001	0.997
0.001	0.001	0.997	0.001
0.997	0.001	0.001	0.001
0.200	0.284	0.001	0.515
>CCCCTAAGAACA	16-CCCCTAAGAACA	10.960699	-20.566723	0	T:10.0(5.08%),B:123.3(0.31%),P:1e-8	Tpos:443.2,Tstd:289.1,Bpos:490.6,Bstd:302.6,StrandBias:0.3,Multiplicity:1.10
0.001	0.745	0.127	0.127
0.145	0.853	0.001	0.001
0.001	0.756	0.001	0.242
0.001	0.872	0.126	0.001
0.292	0.001	0.001	0.706
0.853	0.001	0.001	0.145
0.737	0.001	0.261	0.001
0.068	0.001	0.786	0.145
0.997	0.001	0.001	0.001
0.997	0.001	0.001	0.001
0.001	0.853	0.001	0.145
0.883	0.001	0.001	0.115
>TGATCAGATCCA	17-TGATCAGATCCA	14.140163	-20.302211	0	T:6.0(3.05%),B:18.9(0.05%),P:1e-8	Tpos:369.7,Tstd:304.3,Bpos:515.3,Bstd:336.9,StrandBias:-2.3,Multiplicity:1.00
0.001	0.001	0.001	0.997
0.001	0.001	0.997	0.001
0.997	0.001	0.001	0.001
0.001	0.001	0.001	0.997
0.001	0.997	0.001	0.001
0.822	0.001	0.001	0.176
0.001	0.001	0.997	0.001
0.892	0.001	0.001	0.106
0.001	0.001	0.001	0.997
0.001	0.751	0.001	0.247
0.001	0.869	0.001	0.129
0.822	0.176	0.001	0.001
>GCAATGAGTCAT	18-GCAATGAGTCAT	14.480683	-19.558263	0	T:5.0(2.54%),B:8.2(0.02%),P:1e-8	Tpos:608.8,Tstd:241.5,Bpos:562.6,Bstd:393.6,StrandBias:-2.0,Multiplicity:1.00
0.001	0.001	0.857	0.141
0.086	0.766	0.001	0.147
0.997	0.001	0.001	0.001
0.997	0.001	0.001	0.001
0.001	0.001	0.001	0.997
0.001	0.001	0.997	0.001
0.760	0.238	0.001	0.001
0.001	0.001	0.997	0.001
0.001	0.001	0.001	0.997
0.001	0.997	0.001	0.001
0.997	0.001	0.001	0.001
0.001	0.238	0.001	0.760
>TTGGAACTGATC	19-TTGGAACTGATC	11.007478	-19.336431	0	T:13.0(6.60%),B:292.1(0.72%),P:1e-8	Tpos:579.2,Tstd:272.2,Bpos:524.0,Bstd:304.1,StrandBias:0.2,Multiplicity:1.15
0.061	0.001	0.001	0.937
0.062	0.001	0.036	0.901
0.046	0.059	0.801	0.094
0.080	0.159	0.552	0.209
0.889	0.109	0.001	0.001
0.878	0.001	0.071	0.050
0.052	0.781	0.107	0.060
0.002	0.056	0.001	0.941
0.027	0.001	0.939	0.033
0.774	0.057	0.071	0.098
0.120	0.001	0.053	0.826
0.190	0.792	0.001	0.017
>ATCCTTCTTTAC	20-ATCCTTCTTTAC	13.562068	-18.673498	0	T:8.0(4.06%),B:75.2(0.19%),P:1e-8	Tpos:536.6,Tstd:282.4,Bpos:495.1,Bstd:313.7,StrandBias:1.0,Multiplicity:1.12
0.895	0.001	0.001	0.103
0.001	0.001	0.001	0.997
0.001	0.836	0.001	0.162
0.163	0.711	0.001	0.125
0.001	0.001	0.001	0.997
0.001	0.001	0.001	0.997
0.001	0.869	0.001	0.129
0.001	0.001	0.001	0.997
0.001	0.001	0.001	0.997
0.001	0.001	0.001	0.997
0.888	0.110	0.001	0.001
0.001	0.997	0.001	0.001
>ATATAAACAGTC	21-ATATAAACAGTC	14.307258	-15.996703	0	T:3.0(1.52%),B:0.0(0.00%),P:1e-6	Tpos:364.7,Tstd:423.3,Bpos:0.0,Bstd:0.0,StrandBias:1.0,Multiplicity:1.00
0.839	0.001	0.001	0.159
0.172	0.144	0.188	0.496
0.811	0.001	0.001	0.187
0.001	0.001	0.001	0.997
0.848	0.150	0.001	0.001
0.695	0.001	0.001	0.303
0.997	0.001	0.001	0.001
0.001	0.848	0.150	0.001
0.684	0.171	0.001	0.144
0.001	0.001	0.997	0.001
0.001	0.143	0.001	0.855
0.001	0.997	0.001	0.001
>TGATATCATTTC	22-TGATATCATTTC	12.017559	-15.877005	0	T:11.0(5.58%),B:265.2(0.66%),P:1e-6	Tpos:539.9,Tstd:267.9,Bpos:495.3,Bstd:309.9,StrandBias:0.6,Multiplicity:1.18
0.001	0.001	0.001	0.997
0.113	0.001	0.778	0.108
0.997	0.001	0.001	0.001
0.096	0.137	0.001	0.766
0.917	0.001	0.001	0.081
0.080	0.001	0.001	0.918
0.001	0.969	0.001	0.029
0.834	0.001	0.164	0.001
0.001	0.172	0.001	0.826
0.001	0.001	0.001	0.997
0.001	0.001	0.001	0.997
0.001	0.997	0.001	0.001
>TGTAAAAACAAA	23-TGTAAAAACAAA	12.954104	-13.098213	0	T:12.0(6.09%),B:431.7(1.07%),P:1e-5	Tpos:517.0,Tstd:291.9,Bpos:481.5,Bstd:320.2,StrandBias:0.4,Multiplicity:1.17
0.001	0.001	0.001	0.997
0.082	0.001	0.916	0.001
0.133	0.001	0.001	0.865
0.997	0.001	0.001	0.001
0.997	0.001	0.001	0.001
0.997	0.001	0.001	0.001
0.531	0.001	0.292	0.176
0.997	0.001	0.001	0.001
0.001	0.997	0.001	0.001
0.997	0.001	0.001	0.001
0.685	0.173	0.001	0.141
0.997	0.001	0.001	0.001
>WTTTTTGGTCWG	24-WTTTTTGGTCWG	11.541768	-12.229396	0	T:11.0(5.58%),B:390.3(0.97%),P:1e-5	Tpos:527.2,Tstd:260.1,Bpos:488.6,Bstd:319.7,StrandBias:1.3,Multiplicity:1.55
0.438	0.001	0.160	0.402
0.001	0.083	0.097	0.819
0.001	0.103	0.001	0.895
0.072	0.091	0.001	0.836
0.001	0.221	0.001	0.777
0.001	0.001	0.001	0.997
0.001	0.001	0.997	0.001
0.001	0.001	0.961	0.037
0.127	0.001	0.001	0.871
0.001	0.997	0.001	0.001
0.516	0.001	0.070	0.413
0.001	0.001	0.997	0.001
>GCAGTCAGGTTA	25-GCAGTCAGGTTA	16.525601	-5.327161	0	T:1.0(0.51%),B:0.0(0.00%),P:1e-2	Tpos:513.5,Tstd:58.7,Bpos:0.0,Bstd:0.0,StrandBias:10.0,Multiplicity:12.00
0.001	0.001	0.997	0.001
0.001	0.997	0.001	0.001
0.997	0.001	0.001	0.001
0.001	0.001	0.997	0.001
0.001	0.001	0.001	0.997
0.001	0.997	0.001	0.001
0.997	0.001	0.001	0.001
0.001	0.001	0.926	0.072
0.001	0.001	0.997	0.001
0.001	0.001	0.001	0.997
0.001	0.001	0.001	0.997
0.997	0.001	0.001	0.001
>TCGCCGAA	1-TCGCCGAA	7.768376	-36.240407	0	T:58.0(29.44%),B:3583.2(8.88%),P:1e-15	Tpos:602.7,Tstd:308.9,Bpos:498.5,Bstd:302.3,StrandBias:0.1,Multiplicity:1.16
0.008	0.013	0.001	0.978
0.001	0.997	0.001	0.001
0.019	0.047	0.933	0.001
0.001	0.802	0.148	0.049
0.001	0.811	0.013	0.175
0.161	0.001	0.829	0.009
0.994	0.004	0.001	0.001
0.836	0.074	0.016	0.074
>AGATCACT	2-AGATCACT	7.242176	-24.805221	0	T:96.0(48.73%),B:10619.1(26.31%),P:1e-10	Tpos:579.8,Tstd:293.8,Bpos:503.7,Bstd:327.7,StrandBias:0.2,Multiplicity:1.33
0.784	0.001	0.001	0.214
0.001	0.088	0.835	0.076
0.997	0.001	0.001	0.001
0.001	0.001	0.001	0.997
0.070	0.928	0.001	0.001
0.857	0.001	0.141	0.001
0.132	0.698	0.169	0.001
0.105	0.001	0.001	0.893
>TGACATCA	3-TGACATCA	6.229904	-22.766593	0	T:88.0(44.67%),B:9609.3(23.81%),P:1e-9	Tpos:530.9,Tstd:307.9,Bpos:507.4,Bstd:324.8,StrandBias:0.1,Multiplicity:1.27
0.244	0.001	0.001	0.754
0.001	0.001	0.997	0.001
0.635	0.001	0.001	0.363
0.001	0.975	0.001	0.023
0.712	0.001	0.286	0.001
0.001	0.001	0.001	0.997
0.001	0.997	0.001	0.001
0.997	0.001	0.001	0.001
>GGTCTTCT	4-GGTCTTCT	7.200608	-19.998465	0	T:99.0(50.25%),B:12073.6(29.92%),P:1e-8	Tpos:531.5,Tstd:305.8,Bpos:509.2,Bstd:329.3,StrandBias:0.0,Multiplicity:1.37
0.068	0.229	0.484	0.220
0.083	0.001	0.827	0.089
0.001	0.001	0.001	0.997
0.056	0.830	0.001	0.113
0.001	0.001	0.043	0.955
0.001	0.034	0.001	0.964
0.001	0.997	0.001	0.001
0.001	0.001	0.001	0.997
>GTGATWAG	5-GTGATWAG	4.013749	-18.118355	0	T:64.0(32.49%),B:6518.2(16.15%),P:1e-7	Tpos:556.4,Tstd:300.4,Bpos:524.2,Bstd:335.5,StrandBias:-0.9,Multiplicity:1.19
0.138	0.001	0.860	0.001
0.001	0.001	0.001	0.997
0.001	0.001	0.997	0.001
0.997	0.001	0.001	0.001
0.001	0.001	0.001	0.997
0.458	0.001	0.001	0.540
0.997	0.001	0.001	0.001
0.001	0.001	0.997	0.001
>CGCCCCTT	6-CGCCCCTT	7.685868	-16.173005	0	T:40.0(20.30%),B:3315.0(8.21%),P:1e-7	Tpos:631.9,Tstd:296.1,Bpos:529.3,Bstd:308.9,StrandBias:0.7,Multiplicity:1.12
0.050	0.925	0.024	0.001
0.001	0.037	0.961	0.001
0.001	0.997	0.001	0.001
0.037	0.935	0.001	0.027
0.164	0.784	0.001	0.051
0.265	0.523	0.001	0.211
0.001	0.018	0.024	0.957
0.034	0.001	0.001	0.964
>TCAATTCG	7-TCAATTCG	8.414058	-15.814307	0	T:45.0(22.84%),B:4051.7(10.04%),P:1e-6	Tpos:552.9,Tstd:318.6,Bpos:501.0,Bstd:311.8,StrandBias:1.3,Multiplicity:1.10
0.001	0.001	0.001	0.997
0.001	0.673	0.325	0.001
0.768	0.001	0.230	0.001
0.593	0.405	0.001	0.001
0.001	0.001	0.001	0.997
0.172	0.138	0.001	0.689
0.001	0.997	0.001	0.001
0.001	0.001	0.997	0.001
>CTGTTCGG	8-CTGTTCGG	6.864944	-15.303860	0	T:51.0(25.89%),B:5001.7(12.39%),P:1e-6	Tpos:495.7,Tstd:303.8,Bpos:501.7,Bstd:312.5,StrandBias:0.1,Multiplicity:1.18
0.119	0.733	0.001	0.147
0.024	0.041	0.017	0.918
0.014	0.085	0.900	0.001
0.148	0.001	0.050	0.801
0.017	0.001	0.001	0.981
0.001	0.986	0.012	0.001
0.092	0.001	0.906	0.001
0.001	0.137	0.770	0.092
>AGGCTACG	9-AGGCTACG	7.079144	-13.473154	0	T:33.0(16.75%),B:2723.3(6.75%),P:1e-5	Tpos:527.1,Tstd:284.8,Bpos:498.9,Bstd:317.7,StrandBias:0.5,Multiplicity:1.16
0.797	0.048	0.052	0.103
0.001	0.037	0.961	0.001
0.092	0.001	0.906	0.001
0.001	0.858	0.041	0.100
0.001	0.001	0.001	0.997
0.882	0.072	0.045	0.001
0.001	0.970	0.028	0.001
0.263	0.001	0.699	0.037
>AWCACTGT	10-AWCACTGT	6.300351	-13.079155	0	T:82.0(41.62%),B:10586.4(26.23%),P:1e-5	Tpos:519.9,Tstd:289.9,Bpos:501.5,Bstd:327.7,StrandBias:-0.1,Multiplicity:1.26
0.690	0.008	0.266	0.036
0.424	0.050	0.003	0.523
0.042	0.710	0.188	0.060
0.798	0.031	0.140	0.031
0.003	0.855	0.062	0.080
0.168	0.178	0.217	0.436
0.025	0.107	0.867	0.001
0.096	0.039	0.148	0.717
>TAGGGGAC	11-TAGGGGAC	6.619792	-13.078091	0	T:38.0(19.29%),B:3460.1(8.57%),P:1e-5	Tpos:542.3,Tstd:297.1,Bpos:513.7,Bstd:326.3,StrandBias:-0.2,Multiplicity:1.32
0.001	0.126	0.001	0.872
0.997	0.001	0.001	0.001
0.001	0.001	0.997	0.001
0.030	0.001	0.943	0.026
0.101	0.047	0.771	0.081
0.001	0.064	0.853	0.082
0.829	0.001	0.099	0.071
0.063	0.807	0.047	0.083
>GCTACAGT	12-GCTACAGT	6.685811	-5.035684	0	T:24.0(12.18%),B:2842.9(7.04%),P:1e-2	Tpos:502.1,Tstd:188.2,Bpos:497.9,Bstd:316.1,StrandBias:-1.0,Multiplicity:1.43
0.001	0.001	0.997	0.001
0.198	0.800	0.001	0.001
0.001	0.001	0.001	0.997
0.997	0.001	0.001	0.001
0.001	0.933	0.065	0.001
0.997	0.001	0.001	0.001
0.001	0.001	0.997	0.001
0.001	0.034	0.001	0.964
>AGTCAGGT	13-AGTCAGGT	8.236954	-3.422216	0	T:6.0(3.05%),B:482.6(1.20%),P:1e-1	Tpos:504.8,Tstd:168.8,Bpos:538.9,Bstd:329.8,StrandBias:2.2,Multiplicity:2.83
0.700	0.100	0.100	0.100
0.100	0.100	0.700	0.100
0.100	0.100	0.100	0.700
0.100	0.700	0.100	0.100
0.700	0.100	0.100	0.100
0.100	0.100	0.700	0.100
0.100	0.100	0.700	0.100
0.100	0.100	0.100	0.700
