>TTCGSCGAAC	1-TTCGSCGAAC	7.558431	-52.576439	0	T:60.0(30.46%),B:2714.2(6.73%),P:1e-22	Tpos:614.3,Tstd:291.4,Bpos:508.1,Bstd:306.1,StrandBias:-0.2,Multiplicity:1.15
0.065	0.070	0.082	0.783
0.025	0.105	0.113	0.757
0.001	0.753	0.058	0.188
0.104	0.093	0.794	0.009
0.151	0.442	0.304	0.104
0.072	0.728	0.021	0.179
0.242	0.061	0.690	0.007
0.870	0.012	0.084	0.034
0.749	0.098	0.053	0.100
0.048	0.495	0.218	0.238
>ATGATGTCAT	2-ATGATGTCAT	10.495234	-30.180478	0	T:27.0(13.71%),B:887.2(2.20%),P:1e-13	Tpos:622.5,Tstd:318.7,Bpos:494.1,Bstd:313.2,StrandBias:-0.6,Multiplicity:1.11
0.997	0.001	0.001	0.001
0.001	0.001	0.001	0.997
0.001	0.001	0.997	0.001
0.997	0.001	0.001	0.001
0.001	0.088	0.001	0.910
0.048	0.001	0.950	0.001
0.084	0.001	0.001	0.914
0.001	0.997	0.001	0.001
0.961	0.037	0.001	0.001
0.086	0.001	0.001	0.912
>ACGCCCAGAT	3-ACGCCCAGAT	9.183843	-26.397620	0	T:14.0(7.11%),B:200.4(0.50%),P:1e-11	Tpos:513.7,Tstd:308.1,Bpos:551.0,Bstd:312.9,StrandBias:0.0,Multiplicity:1.14
0.756	0.097	0.025	0.122
0.001	0.997	0.001	0.001
0.001	0.142	0.856	0.001
0.098	0.900	0.001	0.001
0.001	0.997	0.001	0.001
0.001	0.887	0.001	0.111
0.997	0.001	0.001	0.001
0.001	0.001	0.997	0.001
0.767	0.128	0.001	0.104
0.001	0.147	0.001	0.851
>GGTAAACACC	4-GGTAAACACC	10.333024	-24.398523	0	T:12.0(6.09%),B:148.5(0.37%),P:1e-10	Tpos:457.5,Tstd:316.3,Bpos:532.2,Bstd:303.9,StrandBias:-0.7,Multiplicity:1.08
0.001	0.001	0.997	0.001
0.001	0.101	0.897	0.001
0.042	0.001	0.001	0.956
0.926	0.001	0.072	0.001
0.887	0.001	0.111	0.001
0.799	0.115	0.085	0.001
0.046	0.952	0.001	0.001
0.908	0.001	0.090	0.001
0.001	0.942	0.001	0.056
0.001	0.825	0.173	0.001
>AATGACTCAT	5-AATGACTCAT	8.575248	-24.142430	0	T:38.0(19.29%),B:2270.3(5.63%),P:1e-10	Tpos:603.4,Tstd:248.8,Bpos:512.6,Bstd:329.2,StrandBias:-0.2,Multiplicity:1.05
0.717	0.190	0.066	0.027
0.789	0.024	0.122	0.065
0.001	0.001	0.001	0.997
0.001	0.001	0.997	0.001
0.943	0.055	0.001	0.001
0.042	0.737	0.220	0.001
0.045	0.001	0.001	0.953
0.001	0.977	0.021	0.001
0.966	0.001	0.001	0.032
0.018	0.029	0.001	0.952
>GYGTCTMTCA	6-GYGTCTMTCA	9.048531	-23.773682	0	T:29.0(14.72%),B:1366.8(3.39%),P:1e-10	Tpos:555.2,Tstd:322.1,Bpos:521.2,Bstd:324.0,StrandBias:0.9,Multiplicity:1.00
0.001	0.054	0.861	0.084
0.211	0.382	0.045	0.362
0.033	0.002	0.675	0.290
0.001	0.001	0.051	0.947
0.167	0.541	0.084	0.208
0.047	0.001	0.068	0.884
0.437	0.458	0.104	0.001
0.099	0.001	0.025	0.875
0.113	0.805	0.004	0.078
0.896	0.002	0.062	0.040
>CTATGTCTAC	7-CTATGTCTAC	9.718934	-23.303473	0	T:23.0(11.68%),B:860.2(2.13%),P:1e-10	Tpos:455.1,Tstd:316.4,Bpos:513.8,Bstd:310.8,StrandBias:1.2,Multiplicity:1.00
0.040	0.911	0.001	0.048
0.001	0.060	0.062	0.877
0.894	0.001	0.062	0.043
0.001	0.001	0.001	0.997
0.052	0.001	0.833	0.114
0.001	0.047	0.083	0.869
0.001	0.997	0.001	0.001
0.062	0.001	0.001	0.936
0.838	0.057	0.059	0.046
0.055	0.896	0.001	0.048
>TTTGACCCCT	8-TTTGACCCCT	10.611559	-22.977842	0	T:17.0(8.63%),B:435.2(1.08%),P:1e-9	Tpos:613.2,Tstd:211.2,Bpos:542.1,Bstd:325.0,StrandBias:0.0,Multiplicity:1.06
0.001	0.001	0.001	0.997
0.121	0.001	0.001	0.877
0.001	0.001	0.001	0.997
0.001	0.001	0.710	0.288
0.764	0.083	0.001	0.152
0.001	0.997	0.001	0.001
0.001	0.899	0.099	0.001
0.001	0.997	0.001	0.001
0.001	0.846	0.001	0.152
0.001	0.001	0.001	0.997
>TGATCAGTTC	9-TGATCAGTTC	9.144186	-21.912841	0	T:29.0(14.72%),B:1482.7(3.67%),P:1e-9	Tpos:524.1,Tstd:314.5,Bpos:509.1,Bstd:330.9,StrandBias:-0.1,Multiplicity:1.34
0.041	0.045	0.041	0.873
0.025	0.001	0.973	0.001
0.957	0.001	0.041	0.001
0.064	0.001	0.044	0.891
0.070	0.928	0.001	0.001
0.916	0.001	0.046	0.037
0.001	0.027	0.959	0.013
0.244	0.001	0.001	0.754
0.001	0.001	0.044	0.954
0.030	0.861	0.108	0.001
>TGATCTATTA	10-TGATCTATTA	9.255595	-21.124616	0	T:38.0(19.29%),B:2528.3(6.26%),P:1e-9	Tpos:571.3,Tstd:278.1,Bpos:516.8,Bstd:323.3,StrandBias:0.0,Multiplicity:1.05
0.001	0.001	0.001	0.997
0.044	0.001	0.908	0.047
0.997	0.001	0.001	0.001
0.001	0.001	0.182	0.816
0.086	0.630	0.208	0.076
0.001	0.001	0.001	0.997
0.809	0.001	0.001	0.189
0.001	0.001	0.001	0.997
0.001	0.001	0.044	0.954
0.879	0.001	0.119	0.001
>TCTGTTATAG	11-TCTGTTATAG	9.508960	-20.934855	0	T:23.0(11.68%),B:975.8(2.42%),P:1e-9	Tpos:504.6,Tstd:380.2,Bpos:518.3,Bstd:342.1,StrandBias:0.2,Multiplicity:1.04
0.001	0.001	0.001	0.997
0.036	0.962	0.001	0.001
0.038	0.001	0.110	0.851
0.046	0.001	0.656	0.297
0.001	0.001	0.001	0.997
0.050	0.001	0.132	0.817
0.935	0.063	0.001	0.001
0.001	0.001	0.001	0.997
0.909	0.056	0.001	0.034
0.068	0.001	0.930	0.001
>ATCATTTCGG	12-ATCATTTCGG	9.850286	-20.363701	0	T:22.0(11.17%),B:917.4(2.27%),P:1e-8	Tpos:651.5,Tstd:286.2,Bpos:481.5,Bstd:336.9,StrandBias:0.3,Multiplicity:1.00
0.997	0.001	0.001	0.001
0.025	0.001	0.001	0.973
0.001	0.997	0.001	0.001
0.895	0.001	0.073	0.031
0.044	0.069	0.066	0.821
0.064	0.001	0.069	0.866
0.071	0.001	0.001	0.927
0.001	0.912	0.045	0.042
0.042	0.116	0.677	0.165
0.040	0.001	0.958	0.001
>ATCAAGTTGA	13-ATCAAGTTGA	9.561459	-18.779536	0	T:36.0(18.27%),B:2512.5(6.23%),P:1e-8	Tpos:571.3,Tstd:276.6,Bpos:498.6,Bstd:325.9,StrandBias:0.7,Multiplicity:1.03
0.851	0.001	0.030	0.118
0.043	0.036	0.020	0.901
0.006	0.968	0.001	0.025
0.972	0.001	0.001	0.026
0.929	0.020	0.050	0.001
0.145	0.060	0.766	0.029
0.018	0.036	0.049	0.897
0.074	0.031	0.033	0.862
0.019	0.001	0.954	0.026
0.945	0.001	0.001	0.053
>GGTCTTCTGA	14-GGTCTTCTGA	10.201327	-18.277310	0	T:22.0(11.17%),B:1032.9(2.56%),P:1e-7	Tpos:611.2,Tstd:309.4,Bpos:515.7,Bstd:330.4,StrandBias:-0.7,Multiplicity:1.09
0.039	0.102	0.776	0.083
0.033	0.001	0.831	0.135
0.091	0.001	0.001	0.907
0.123	0.785	0.001	0.091
0.001	0.001	0.001	0.997
0.001	0.001	0.001	0.997
0.077	0.921	0.001	0.001
0.083	0.001	0.001	0.915
0.001	0.001	0.997	0.001
0.931	0.001	0.001	0.067
>AACCGGTTYT	15-AACCGGTTYT	8.687625	-18.220060	0	T:36.0(18.27%),B:2568.8(6.37%),P:1e-7	Tpos:559.7,Tstd:254.7,Bpos:510.3,Bstd:313.6,StrandBias:0.5,Multiplicity:1.11
0.956	0.001	0.001	0.042
0.833	0.001	0.001	0.165
0.001	0.997	0.001	0.001
0.092	0.814	0.001	0.093
0.162	0.001	0.679	0.158
0.001	0.143	0.832	0.024
0.001	0.001	0.001	0.997
0.001	0.190	0.001	0.808
0.001	0.417	0.098	0.484
0.290	0.001	0.001	0.708
>CCGCCCATTA	16-CCGCCCATTA	9.149729	-18.159612	0	T:22.0(11.17%),B:1039.1(2.57%),P:1e-7	Tpos:715.0,Tstd:308.8,Bpos:587.4,Bstd:302.9,StrandBias:0.6,Multiplicity:1.05
0.108	0.890	0.001	0.001
0.001	0.997	0.001	0.001
0.001	0.001	0.997	0.001
0.001	0.997	0.001	0.001
0.001	0.997	0.001	0.001
0.079	0.919	0.001	0.001
0.853	0.001	0.001	0.145
0.001	0.001	0.174	0.824
0.001	0.168	0.001	0.830
0.755	0.055	0.078	0.112
>CCCTAAGAAC	17-CCCTAAGAAC	7.201964	-16.908933	0	T:35.0(17.77%),B:2581.7(6.40%),P:1e-7	Tpos:454.1,Tstd:236.9,Bpos:494.9,Bstd:318.6,StrandBias:0.1,Multiplicity:1.23
0.256	0.666	0.001	0.077
0.021	0.884	0.001	0.094
0.001	0.727	0.086	0.186
0.041	0.001	0.021	0.937
0.962	0.001	0.001	0.036
0.871	0.038	0.045	0.046
0.077	0.073	0.786	0.064
0.734	0.227	0.038	0.001
0.661	0.188	0.109	0.042
0.091	0.794	0.076	0.039
>TCTTCACTTT	18-TCTTCACTTT	9.157996	-16.644132	0	T:57.0(28.93%),B:5686.5(14.09%),P:1e-7	Tpos:552.7,Tstd:279.3,Bpos:524.2,Bstd:330.2,StrandBias:1.1,Multiplicity:1.14
0.001	0.001	0.019	0.979
0.082	0.780	0.082	0.056
0.001	0.058	0.068	0.873
0.147	0.001	0.012	0.840
0.001	0.946	0.018	0.035
0.936	0.016	0.025	0.023
0.001	0.856	0.042	0.101
0.001	0.025	0.001	0.973
0.001	0.019	0.027	0.953
0.001	0.076	0.028	0.895
>GTCTTCTAGT	19-GTCTTCTAGT	9.826958	-16.523191	0	T:20.0(10.15%),B:949.9(2.35%),P:1e-7	Tpos:483.5,Tstd:308.6,Bpos:510.0,Bstd:323.0,StrandBias:0.3,Multiplicity:1.10
0.001	0.001	0.997	0.001
0.093	0.001	0.081	0.825
0.053	0.839	0.050	0.058
0.001	0.001	0.001	0.997
0.001	0.001	0.001	0.997
0.094	0.844	0.061	0.001
0.001	0.001	0.001	0.997
0.892	0.044	0.063	0.001
0.044	0.048	0.907	0.001
0.141	0.091	0.001	0.767
>ACATCTCCAC	20-ACATCTCCAC	10.766876	-16.438605	0	T:15.0(7.61%),B:524.0(1.30%),P:1e-7	Tpos:427.2,Tstd:271.4,Bpos:461.2,Bstd:296.8,StrandBias:0.2,Multiplicity:1.00
0.997	0.001	0.001	0.001
0.240	0.758	0.001	0.001
0.997	0.001	0.001	0.001
0.001	0.001	0.001	0.997
0.109	0.889	0.001	0.001
0.001	0.001	0.001	0.997
0.113	0.816	0.001	0.070
0.079	0.919	0.001	0.001
0.997	0.001	0.001	0.001
0.257	0.741	0.001	0.001
>GATGATAAGG	21-GATGATAAGG	11.576992	-16.412730	0	T:13.0(6.60%),B:378.5(0.94%),P:1e-7	Tpos:621.2,Tstd:252.6,Bpos:513.2,Bstd:357.3,StrandBias:-0.2,Multiplicity:1.00
0.256	0.001	0.573	0.170
0.865	0.001	0.065	0.069
0.001	0.001	0.001	0.997
0.001	0.001	0.745	0.253
0.997	0.001	0.001	0.001
0.001	0.001	0.001	0.997
0.997	0.001	0.001	0.001
0.997	0.001	0.001	0.001
0.053	0.001	0.945	0.001
0.001	0.001	0.997	0.001
>TGATTCACCT	22-TGATTCACCT	9.094600	-15.957643	0	T:24.0(12.18%),B:1390.5(3.45%),P:1e-6	Tpos:518.0,Tstd:309.1,Bpos:511.6,Bstd:339.8,StrandBias:0.0,Multiplicity:1.12
0.057	0.001	0.066	0.876
0.001	0.033	0.933	0.033
0.922	0.001	0.065	0.012
0.042	0.001	0.001	0.956
0.060	0.001	0.090	0.849
0.001	0.911	0.049	0.039
0.997	0.001	0.001	0.001
0.063	0.870	0.045	0.022
0.001	0.829	0.001	0.169
0.104	0.001	0.001	0.894
>CTGTTGTTGT	23-CTGTTGTTGT	8.979971	-15.733190	0	T:33.0(16.75%),B:2458.7(6.09%),P:1e-6	Tpos:550.2,Tstd:308.5,Bpos:512.5,Bstd:321.0,StrandBias:-0.5,Multiplicity:1.09
0.014	0.964	0.021	0.001
0.103	0.001	0.055	0.841
0.028	0.027	0.932	0.013
0.049	0.115	0.001	0.835
0.036	0.001	0.001	0.962
0.001	0.036	0.882	0.081
0.049	0.044	0.065	0.842
0.001	0.078	0.001	0.920
0.101	0.035	0.841	0.023
0.001	0.001	0.001	0.997
>TAACCTTGAA	24-TAACCTTGAA	9.871579	-14.479398	0	T:24.0(12.18%),B:1511.9(3.75%),P:1e-6	Tpos:492.0,Tstd:290.0,Bpos:520.9,Bstd:318.6,StrandBias:-0.2,Multiplicity:1.08
0.022	0.001	0.001	0.976
0.711	0.001	0.125	0.163
0.806	0.192	0.001	0.001
0.001	0.822	0.176	0.001
0.001	0.819	0.001	0.179
0.001	0.001	0.001	0.997
0.018	0.001	0.001	0.980
0.163	0.228	0.608	0.001
0.997	0.001	0.001	0.001
0.689	0.309	0.001	0.001
>AGTCAGGTTA	25-AGTCAGGTTA	10.296193	-5.680176	0	T:2.0(1.02%),B:16.2(0.04%),P:1e-2	Tpos:543.5,Tstd:115.3,Bpos:577.0,Bstd:315.4,StrandBias:3.6,Multiplicity:6.50
0.700	0.100	0.100	0.100
0.100	0.100	0.700	0.100
0.100	0.100	0.100	0.700
0.100	0.700	0.100	0.100
0.700	0.100	0.100	0.100
0.100	0.100	0.700	0.100
0.100	0.100	0.700	0.100
0.100	0.100	0.100	0.700
0.100	0.100	0.100	0.700
0.700	0.100	0.100	0.100
