>MATGACATCATC	1-MATGACATCATC	11.278106	-48.583330	0	T:29.0(14.72%),B:505.0(1.25%),P:1e-21	Tpos:665.4,Tstd:266.6,Bpos:509.1,Bstd:328.4,StrandBias:-0.1,Multiplicity:1.00
0.470	0.330	0.071	0.128
0.700	0.001	0.175	0.124
0.001	0.001	0.001	0.997
0.367	0.060	0.572	0.001
0.897	0.001	0.001	0.101
0.001	0.864	0.084	0.051
0.895	0.001	0.103	0.001
0.001	0.001	0.001	0.997
0.001	0.997	0.001	0.001
0.888	0.001	0.110	0.001
0.001	0.001	0.001	0.997
0.001	0.853	0.002	0.144
>CAATTCGCCAAA	2-CAATTCGCCAAA	9.886623	-41.544823	0	T:34.0(17.26%),B:989.7(2.45%),P:1e-18	Tpos:622.9,Tstd:293.9,Bpos:490.0,Bstd:301.1,StrandBias:0.4,Multiplicity:1.03
0.049	0.794	0.093	0.064
0.805	0.125	0.069	0.001
0.767	0.081	0.055	0.097
0.032	0.046	0.001	0.921
0.027	0.032	0.024	0.917
0.001	0.890	0.040	0.069
0.048	0.077	0.817	0.058
0.074	0.719	0.107	0.100
0.090	0.742	0.065	0.103
0.802	0.077	0.120	0.001
0.919	0.037	0.043	0.001
0.911	0.053	0.001	0.035
>ATTCAGCGAATT	3-ATTCAGCGAATT	9.971065	-30.790471	0	T:30.0(15.23%),B:1097.7(2.72%),P:1e-13	Tpos:537.9,Tstd:284.4,Bpos:496.3,Bstd:302.6,StrandBias:0.2,Multiplicity:1.00
0.837	0.043	0.103	0.017
0.079	0.001	0.056	0.864
0.001	0.001	0.001	0.997
0.001	0.777	0.147	0.075
0.644	0.051	0.209	0.096
0.029	0.027	0.896	0.048
0.102	0.820	0.046	0.032
0.071	0.059	0.757	0.113
0.943	0.001	0.001	0.055
0.835	0.099	0.065	0.001
0.068	0.038	0.065	0.829
0.137	0.001	0.051	0.811
>TTCATTTTCTTC	4-TTCATTTTCTTC	12.315933	-30.197247	0	T:29.0(14.72%),B:1042.2(2.58%),P:1e-13	Tpos:522.5,Tstd:302.6,Bpos:537.4,Bstd:333.5,StrandBias:1.5,Multiplicity:1.03
0.001	0.001	0.001	0.997
0.063	0.043	0.001	0.893
0.034	0.689	0.095	0.182
0.885	0.001	0.001	0.113
0.026	0.001	0.001	0.972
0.001	0.001	0.001	0.997
0.001	0.001	0.001	0.997
0.001	0.054	0.001	0.944
0.077	0.802	0.120	0.001
0.001	0.056	0.001	0.942
0.001	0.001	0.062	0.936
0.001	0.960	0.038	0.001
>CTATAACAATGC	5-CTATAACAATGC	10.057058	-27.862489	0	T:20.0(10.15%),B:483.9(1.20%),P:1e-12	Tpos:396.1,Tstd:263.4,Bpos:550.2,Bstd:312.5,StrandBias:0.9,Multiplicity:1.00
0.062	0.936	0.001	0.001
0.225	0.145	0.001	0.629
0.862	0.136	0.001	0.001
0.140	0.001	0.001	0.858
0.938	0.001	0.001	0.060
0.754	0.001	0.001	0.244
0.001	0.853	0.145	0.001
0.900	0.001	0.001	0.098
0.896	0.099	0.001	0.004
0.230	0.099	0.164	0.507
0.069	0.001	0.872	0.058
0.001	0.717	0.127	0.155
>CAAGTTGAAAGA	6-CAAGTTGAAAGA	13.073509	-27.628096	0	T:12.0(6.09%),B:110.7(0.27%),P:1e-11	Tpos:530.7,Tstd:272.7,Bpos:554.8,Bstd:326.7,StrandBias:-0.5,Multiplicity:1.00
0.047	0.868	0.084	0.001
0.997	0.001	0.001	0.001
0.997	0.001	0.001	0.001
0.076	0.001	0.922	0.001
0.001	0.001	0.001	0.997
0.001	0.001	0.001	0.997
0.001	0.227	0.771	0.001
0.901	0.001	0.097	0.001
0.661	0.121	0.107	0.111
0.997	0.001	0.001	0.001
0.044	0.001	0.954	0.001
0.997	0.001	0.001	0.001
>GTTTGACGAACA	7-GTTTGACGAACA	10.376660	-25.635771	0	T:22.0(11.17%),B:688.2(1.71%),P:1e-11	Tpos:562.8,Tstd:268.1,Bpos:495.1,Bstd:315.7,StrandBias:-1.1,Multiplicity:1.05
0.409	0.001	0.589	0.001
0.001	0.048	0.001	0.950
0.001	0.001	0.001	0.997
0.001	0.157	0.001	0.841
0.045	0.001	0.899	0.055
0.596	0.001	0.278	0.125
0.051	0.799	0.089	0.061
0.001	0.001	0.884	0.114
0.808	0.089	0.001	0.102
0.917	0.081	0.001	0.001
0.220	0.778	0.001	0.001
0.756	0.082	0.103	0.059
>CCGAAGGTTTTA	8-CCGAAGGTTTTA	12.707931	-25.179721	0	T:8.0(4.06%),B:30.9(0.08%),P:1e-10	Tpos:614.4,Tstd:312.5,Bpos:489.5,Bstd:267.6,StrandBias:1.6,Multiplicity:1.00
0.001	0.997	0.001	0.001
0.001	0.815	0.183	0.001
0.001	0.183	0.815	0.001
0.815	0.183	0.001	0.001
0.874	0.001	0.001	0.124
0.155	0.001	0.843	0.001
0.001	0.001	0.997	0.001
0.001	0.001	0.001	0.997
0.001	0.001	0.001	0.997
0.001	0.001	0.001	0.997
0.001	0.001	0.001	0.997
0.997	0.001	0.001	0.001
>VACCTTGAASGT	9-VACCTTGAASGT	10.875284	-24.637891	0	T:15.0(7.61%),B:279.2(0.69%),P:1e-10	Tpos:493.7,Tstd:280.8,Bpos:507.3,Bstd:295.4,StrandBias:0.2,Multiplicity:1.00
0.360	0.269	0.369	0.001
0.953	0.004	0.001	0.042
0.001	0.723	0.001	0.275
0.001	0.881	0.042	0.076
0.001	0.001	0.001	0.997
0.001	0.001	0.348	0.650
0.001	0.138	0.860	0.001
0.997	0.001	0.001	0.001
0.461	0.269	0.269	0.001
0.001	0.411	0.492	0.096
0.096	0.001	0.588	0.315
0.001	0.001	0.001	0.997
>CTTTCATCATTC	10-CTTTCATCATTC	12.956164	-23.151431	0	T:12.0(6.09%),B:166.4(0.41%),P:1e-10	Tpos:661.8,Tstd:243.8,Bpos:505.3,Bstd:338.6,StrandBias:2.3,Multiplicity:1.00
0.076	0.922	0.001	0.001
0.001	0.001	0.124	0.874
0.001	0.112	0.103	0.784
0.001	0.001	0.001	0.997
0.001	0.997	0.001	0.001
0.828	0.103	0.001	0.068
0.093	0.001	0.001	0.905
0.001	0.997	0.001	0.001
0.902	0.096	0.001	0.001
0.001	0.001	0.001	0.997
0.001	0.001	0.001	0.997
0.001	0.855	0.084	0.060
>GCMGAATGTYTT	11-GCMGAATGTYTT	10.122737	-22.195708	0	T:20.0(10.15%),B:671.8(1.66%),P:1e-9	Tpos:434.1,Tstd:319.8,Bpos:495.9,Bstd:301.9,StrandBias:0.9,Multiplicity:1.00
0.001	0.001	0.930	0.068
0.001	0.897	0.001	0.101
0.442	0.478	0.001	0.079
0.005	0.001	0.993	0.001
0.997	0.001	0.001	0.001
0.913	0.001	0.001	0.085
0.111	0.001	0.166	0.722
0.001	0.240	0.754	0.005
0.111	0.001	0.102	0.786
0.001	0.421	0.095	0.483
0.111	0.128	0.001	0.760
0.308	0.001	0.001	0.690
>AGCAAATTGCTT	12-AGCAAATTGCTT	13.139781	-21.830118	0	T:10.0(5.08%),B:107.5(0.27%),P:1e-9	Tpos:418.4,Tstd:330.1,Bpos:497.7,Bstd:293.4,StrandBias:-1.2,Multiplicity:1.00
0.997	0.001	0.001	0.001
0.001	0.001	0.997	0.001
0.072	0.926	0.001	0.001
0.997	0.001	0.001	0.001
0.896	0.102	0.001	0.001
0.997	0.001	0.001	0.001
0.001	0.001	0.001	0.997
0.001	0.001	0.136	0.862
0.001	0.117	0.881	0.001
0.086	0.837	0.001	0.076
0.129	0.117	0.001	0.753
0.001	0.001	0.001	0.997
>AAGATACGGGGA	13-AAGATACGGGGA	13.618606	-21.578987	0	T:7.0(3.55%),B:29.3(0.07%),P:1e-9	Tpos:503.0,Tstd:404.8,Bpos:520.5,Bstd:304.8,StrandBias:2.6,Multiplicity:1.00
0.997	0.001	0.001	0.001
0.997	0.001	0.001	0.001
0.001	0.001	0.997	0.001
0.997	0.001	0.001	0.001
0.137	0.001	0.001	0.861
0.837	0.001	0.161	0.001
0.001	0.885	0.001	0.113
0.001	0.001	0.997	0.001
0.001	0.001	0.997	0.001
0.137	0.001	0.861	0.001
0.162	0.001	0.713	0.124
0.997	0.001	0.001	0.001
>TTTGATTCACCT	14-TTTGATTCACCT	13.033225	-21.403540	0	T:11.0(5.58%),B:151.2(0.37%),P:1e-9	Tpos:488.5,Tstd:357.7,Bpos:518.5,Bstd:319.9,StrandBias:-0.8,Multiplicity:1.00
0.001	0.001	0.001	0.997
0.001	0.001	0.001	0.997
0.001	0.001	0.001	0.997
0.001	0.001	0.909	0.089
0.902	0.001	0.001	0.096
0.001	0.001	0.001	0.997
0.001	0.001	0.125	0.873
0.001	0.797	0.110	0.092
0.997	0.001	0.001	0.001
0.061	0.861	0.001	0.077
0.001	0.929	0.001	0.069
0.142	0.001	0.001	0.856
>CAATCACATGAT	15-CAATCACATGAT	14.017749	-21.043139	0	T:8.0(4.06%),B:54.5(0.13%),P:1e-9	Tpos:427.7,Tstd:272.9,Bpos:555.0,Bstd:321.8,StrandBias:0.3,Multiplicity:1.12
0.001	0.997	0.001	0.001
0.997	0.001	0.001	0.001
0.997	0.001	0.001	0.001
0.001	0.001	0.001	0.997
0.001	0.997	0.001	0.001
0.997	0.001	0.001	0.001
0.146	0.653	0.200	0.001
0.997	0.001	0.001	0.001
0.001	0.001	0.001	0.997
0.001	0.001	0.997	0.001
0.997	0.001	0.001	0.001
0.200	0.284	0.001	0.515
>CCCCTAAGAACA	16-CCCCTAAGAACA	10.960699	-20.566723	0	T:10.0(5.08%),B:123.3(0.31%),P:1e-8	Tpos:443.2,Tstd:289.1,Bpos:490.6,Bstd:302.6,StrandBias:0.3,Multiplicity:1.10
0.001	0.745	0.127	0.127
0.145	0.853	0.001	0.001
0.001	0.756	0.001	0.242
0.001	0.872	0.126	0.001
0.292	0.001	0.001	0.706
0.853	0.001	0.001	0.145
0.737	0.001	0.261	0.001
0.068	0.001	0.786	0.145
0.997	0.001	0.001	0.001
0.997	0.001	0.001	0.001
0.001	0.853	0.001	0.145
0.883	0.001	0.001	0.115
>TGATCAGATCCA	17-TGATCAGATCCA	14.140163	-20.302211	0	T:6.0(3.05%),B:18.9(0.05%),P:1e-8	Tpos:369.7,Tstd:304.3,Bpos:515.3,Bstd:336.9,StrandBias:-2.3,Multiplicity:1.00
0.001	0.001	0.001	0.997
0.001	0.001	0.997	0.001
0.997	0.001	0.001	0.001
0.001	0.001	0.001	0.997
0.001	0.997	0.001	0.001
0.822	0.001	0.001	0.176
0.001	0.001	0.997	0.001
0.892	0.001	0.001	0.106
0.001	0.001	0.001	0.997
0.001	0.751	0.001	0.247
0.001	0.869	0.001	0.129
0.822	0.176	0.001	0.001
>GCAATGAGTCAT	18-GCAATGAGTCAT	14.480683	-19.558263	0	T:5.0(2.54%),B:8.2(0.02%),P:1e-8	Tpos:608.8,Tstd:241.5,Bpos:562.6,Bstd:393.6,StrandBias:-2.0,Multiplicity:1.00
0.001	0.001	0.857	0.141
0.086	0.766	0.001	0.147
0.997	0.001	0.001	0.001
0.997	0.001	0.001	0.001
0.001	0.001	0.001	0.997
0.001	0.001	0.997	0.001
0.760	0.238	0.001	0.001
0.001	0.001	0.997	0.001
0.001	0.001	0.001	0.997
0.001	0.997	0.001	0.001
0.997	0.001	0.001	0.001
0.001	0.238	0.001	0.760
>TTGGAACTGATC	19-TTGGAACTGATC	11.007478	-19.336431	0	T:13.0(6.60%),B:292.1(0.72%),P:1e-8	Tpos:579.2,Tstd:272.2,Bpos:524.0,Bstd:304.1,StrandBias:0.2,Multiplicity:1.15
0.061	0.001	0.001	0.937
0.062	0.001	0.036	0.901
0.046	0.059	0.801	0.094
0.080	0.159	0.552	0.209
0.889	0.109	0.001	0.001
0.878	0.001	0.071	0.050
0.052	0.781	0.107	0.060
0.002	0.056	0.001	0.941
0.027	0.001	0.939	0.033
0.774	0.057	0.071	0.098
0.120	0.001	0.053	0.826
0.190	0.792	0.001	0.017
>ATCCTTCTTTAC	20-ATCCTTCTTTAC	13.562068	-18.673498	0	T:8.0(4.06%),B:75.2(0.19%),P:1e-8	Tpos:536.6,Tstd:282.4,Bpos:495.1,Bstd:313.7,StrandBias:1.0,Multiplicity:1.12
0.895	0.001	0.001	0.103
0.001	0.001	0.001	0.997
0.001	0.836	0.001	0.162
0.163	0.711	0.001	0.125
0.001	0.001	0.001	0.997
0.001	0.001	0.001	0.997
0.001	0.869	0.001	0.129
0.001	0.001	0.001	0.997
0.001	0.001	0.001	0.997
0.001	0.001	0.001	0.997
0.888	0.110	0.001	0.001
0.001	0.997	0.001	0.001
>ATATAAACAGTC	21-ATATAAACAGTC	14.307258	-15.996703	0	T:3.0(1.52%),B:0.0(0.00%),P:1e-6	Tpos:364.7,Tstd:423.3,Bpos:0.0,Bstd:0.0,StrandBias:1.0,Multiplicity:1.00
0.839	0.001	0.001	0.159
0.172	0.144	0.188	0.496
0.811	0.001	0.001	0.187
0.001	0.001	0.001	0.997
0.848	0.150	0.001	0.001
0.695	0.001	0.001	0.303
0.997	0.001	0.001	0.001
0.001	0.848	0.150	0.001
0.684	0.171	0.001	0.144
0.001	0.001	0.997	0.001
0.001	0.143	0.001	0.855
0.001	0.997	0.001	0.001
>TGATATCATTTC	22-TGATATCATTTC	12.017559	-15.877005	0	T:11.0(5.58%),B:265.2(0.66%),P:1e-6	Tpos:539.9,Tstd:267.9,Bpos:495.3,Bstd:309.9,StrandBias:0.6,Multiplicity:1.18
0.001	0.001	0.001	0.997
0.113	0.001	0.778	0.108
0.997	0.001	0.001	0.001
0.096	0.137	0.001	0.766
0.917	0.001	0.001	0.081
0.080	0.001	0.001	0.918
0.001	0.969	0.001	0.029
0.834	0.001	0.164	0.001
0.001	0.172	0.001	0.826
0.001	0.001	0.001	0.997
0.001	0.001	0.001	0.997
0.001	0.997	0.001	0.001
>TGTAAAAACAAA	23-TGTAAAAACAAA	12.954104	-13.098213	0	T:12.0(6.09%),B:431.7(1.07%),P:1e-5	Tpos:517.0,Tstd:291.9,Bpos:481.5,Bstd:320.2,StrandBias:0.4,Multiplicity:1.17
0.001	0.001	0.001	0.997
0.082	0.001	0.916	0.001
0.133	0.001	0.001	0.865
0.997	0.001	0.001	0.001
0.997	0.001	0.001	0.001
0.997	0.001	0.001	0.001
0.531	0.001	0.292	0.176
0.997	0.001	0.001	0.001
0.001	0.997	0.001	0.001
0.997	0.001	0.001	0.001
0.685	0.173	0.001	0.141
0.997	0.001	0.001	0.001
>WTTTTTGGTCWG	24-WTTTTTGGTCWG	11.541768	-12.229396	0	T:11.0(5.58%),B:390.3(0.97%),P:1e-5	Tpos:527.2,Tstd:260.1,Bpos:488.6,Bstd:319.7,StrandBias:1.3,Multiplicity:1.55
0.438	0.001	0.160	0.402
0.001	0.083	0.097	0.819
0.001	0.103	0.001	0.895
0.072	0.091	0.001	0.836
0.001	0.221	0.001	0.777
0.001	0.001	0.001	0.997
0.001	0.001	0.997	0.001
0.001	0.001	0.961	0.037
0.127	0.001	0.001	0.871
0.001	0.997	0.001	0.001
0.516	0.001	0.070	0.413
0.001	0.001	0.997	0.001
>GCAGTCAGGTTA	25-GCAGTCAGGTTA	16.525601	-5.327161	0	T:1.0(0.51%),B:0.0(0.00%),P:1e-2	Tpos:513.5,Tstd:58.7,Bpos:0.0,Bstd:0.0,StrandBias:10.0,Multiplicity:12.00
0.001	0.001	0.997	0.001
0.001	0.997	0.001	0.001
0.997	0.001	0.001	0.001
0.001	0.001	0.997	0.001
0.001	0.001	0.001	0.997
0.001	0.997	0.001	0.001
0.997	0.001	0.001	0.001
0.001	0.001	0.926	0.072
0.001	0.001	0.997	0.001
0.001	0.001	0.001	0.997
0.001	0.001	0.001	0.997
0.997	0.001	0.001	0.001
