>TCGCCGAA	1-TCGCCGAA	7.768376	-36.240407	0	T:58.0(29.44%),B:3583.2(8.88%),P:1e-15	Tpos:602.7,Tstd:308.9,Bpos:498.5,Bstd:302.3,StrandBias:0.1,Multiplicity:1.16
0.008	0.013	0.001	0.978
0.001	0.997	0.001	0.001
0.019	0.047	0.933	0.001
0.001	0.802	0.148	0.049
0.001	0.811	0.013	0.175
0.161	0.001	0.829	0.009
0.994	0.004	0.001	0.001
0.836	0.074	0.016	0.074
>AGATCACT	2-AGATCACT	7.242176	-24.805221	0	T:96.0(48.73%),B:10619.1(26.31%),P:1e-10	Tpos:579.8,Tstd:293.8,Bpos:503.7,Bstd:327.7,StrandBias:0.2,Multiplicity:1.33
0.784	0.001	0.001	0.214
0.001	0.088	0.835	0.076
0.997	0.001	0.001	0.001
0.001	0.001	0.001	0.997
0.070	0.928	0.001	0.001
0.857	0.001	0.141	0.001
0.132	0.698	0.169	0.001
0.105	0.001	0.001	0.893
>TGACATCA	3-TGACATCA	6.229904	-22.766593	0	T:88.0(44.67%),B:9609.3(23.81%),P:1e-9	Tpos:530.9,Tstd:307.9,Bpos:507.4,Bstd:324.8,StrandBias:0.1,Multiplicity:1.27
0.244	0.001	0.001	0.754
0.001	0.001	0.997	0.001
0.635	0.001	0.001	0.363
0.001	0.975	0.001	0.023
0.712	0.001	0.286	0.001
0.001	0.001	0.001	0.997
0.001	0.997	0.001	0.001
0.997	0.001	0.001	0.001
>GGTCTTCT	4-GGTCTTCT	7.200608	-19.998465	0	T:99.0(50.25%),B:12073.6(29.92%),P:1e-8	Tpos:531.5,Tstd:305.8,Bpos:509.2,Bstd:329.3,StrandBias:0.0,Multiplicity:1.37
0.068	0.229	0.484	0.220
0.083	0.001	0.827	0.089
0.001	0.001	0.001	0.997
0.056	0.830	0.001	0.113
0.001	0.001	0.043	0.955
0.001	0.034	0.001	0.964
0.001	0.997	0.001	0.001
0.001	0.001	0.001	0.997
>GTGATWAG	5-GTGATWAG	4.013749	-18.118355	0	T:64.0(32.49%),B:6518.2(16.15%),P:1e-7	Tpos:556.4,Tstd:300.4,Bpos:524.2,Bstd:335.5,StrandBias:-0.9,Multiplicity:1.19
0.138	0.001	0.860	0.001
0.001	0.001	0.001	0.997
0.001	0.001	0.997	0.001
0.997	0.001	0.001	0.001
0.001	0.001	0.001	0.997
0.458	0.001	0.001	0.540
0.997	0.001	0.001	0.001
0.001	0.001	0.997	0.001
>CGCCCCTT	6-CGCCCCTT	7.685868	-16.173005	0	T:40.0(20.30%),B:3315.0(8.21%),P:1e-7	Tpos:631.9,Tstd:296.1,Bpos:529.3,Bstd:308.9,StrandBias:0.7,Multiplicity:1.12
0.050	0.925	0.024	0.001
0.001	0.037	0.961	0.001
0.001	0.997	0.001	0.001
0.037	0.935	0.001	0.027
0.164	0.784	0.001	0.051
0.265	0.523	0.001	0.211
0.001	0.018	0.024	0.957
0.034	0.001	0.001	0.964
>TCAATTCG	7-TCAATTCG	8.414058	-15.814307	0	T:45.0(22.84%),B:4051.7(10.04%),P:1e-6	Tpos:552.9,Tstd:318.6,Bpos:501.0,Bstd:311.8,StrandBias:1.3,Multiplicity:1.10
0.001	0.001	0.001	0.997
0.001	0.673	0.325	0.001
0.768	0.001	0.230	0.001
0.593	0.405	0.001	0.001
0.001	0.001	0.001	0.997
0.172	0.138	0.001	0.689
0.001	0.997	0.001	0.001
0.001	0.001	0.997	0.001
>CTGTTCGG	8-CTGTTCGG	6.864944	-15.303860	0	T:51.0(25.89%),B:5001.7(12.39%),P:1e-6	Tpos:495.7,Tstd:303.8,Bpos:501.7,Bstd:312.5,StrandBias:0.1,Multiplicity:1.18
0.119	0.733	0.001	0.147
0.024	0.041	0.017	0.918
0.014	0.085	0.900	0.001
0.148	0.001	0.050	0.801
0.017	0.001	0.001	0.981
0.001	0.986	0.012	0.001
0.092	0.001	0.906	0.001
0.001	0.137	0.770	0.092
>AGGCTACG	9-AGGCTACG	7.079144	-13.473154	0	T:33.0(16.75%),B:2723.3(6.75%),P:1e-5	Tpos:527.1,Tstd:284.8,Bpos:498.9,Bstd:317.7,StrandBias:0.5,Multiplicity:1.16
0.797	0.048	0.052	0.103
0.001	0.037	0.961	0.001
0.092	0.001	0.906	0.001
0.001	0.858	0.041	0.100
0.001	0.001	0.001	0.997
0.882	0.072	0.045	0.001
0.001	0.970	0.028	0.001
0.263	0.001	0.699	0.037
>AWCACTGT	10-AWCACTGT	6.300351	-13.079155	0	T:82.0(41.62%),B:10586.4(26.23%),P:1e-5	Tpos:519.9,Tstd:289.9,Bpos:501.5,Bstd:327.7,StrandBias:-0.1,Multiplicity:1.26
0.690	0.008	0.266	0.036
0.424	0.050	0.003	0.523
0.042	0.710	0.188	0.060
0.798	0.031	0.140	0.031
0.003	0.855	0.062	0.080
0.168	0.178	0.217	0.436
0.025	0.107	0.867	0.001
0.096	0.039	0.148	0.717
>TAGGGGAC	11-TAGGGGAC	6.619792	-13.078091	0	T:38.0(19.29%),B:3460.1(8.57%),P:1e-5	Tpos:542.3,Tstd:297.1,Bpos:513.7,Bstd:326.3,StrandBias:-0.2,Multiplicity:1.32
0.001	0.126	0.001	0.872
0.997	0.001	0.001	0.001
0.001	0.001	0.997	0.001
0.030	0.001	0.943	0.026
0.101	0.047	0.771	0.081
0.001	0.064	0.853	0.082
0.829	0.001	0.099	0.071
0.063	0.807	0.047	0.083
>GCTACAGT	12-GCTACAGT	6.685811	-5.035684	0	T:24.0(12.18%),B:2842.9(7.04%),P:1e-2	Tpos:502.1,Tstd:188.2,Bpos:497.9,Bstd:316.1,StrandBias:-1.0,Multiplicity:1.43
0.001	0.001	0.997	0.001
0.198	0.800	0.001	0.001
0.001	0.001	0.001	0.997
0.997	0.001	0.001	0.001
0.001	0.933	0.065	0.001
0.997	0.001	0.001	0.001
0.001	0.001	0.997	0.001
0.001	0.034	0.001	0.964
>AGTCAGGT	13-AGTCAGGT	8.236954	-3.422216	0	T:6.0(3.05%),B:482.6(1.20%),P:1e-1	Tpos:504.8,Tstd:168.8,Bpos:538.9,Bstd:329.8,StrandBias:2.2,Multiplicity:2.83
0.700	0.100	0.100	0.100
0.100	0.100	0.700	0.100
0.100	0.100	0.100	0.700
0.100	0.700	0.100	0.100
0.700	0.100	0.100	0.100
0.100	0.100	0.700	0.100
0.100	0.100	0.700	0.100
0.100	0.100	0.100	0.700
