>TATCGATTTTAS	1-TATCGATTTTAS	11.860633	-23.160717	0	T:22.0(13.02%),B:919.9(2.29%),P:1e-10	Tpos:715.0,Tstd:219.2,Bpos:541.5,Bstd:338.3,StrandBias:1.1,Multiplicity:1.14
0.001	0.001	0.001	0.997
0.838	0.001	0.160	0.001
0.139	0.001	0.250	0.610
0.001	0.997	0.001	0.001
0.001	0.001	0.997	0.001
0.847	0.001	0.001	0.151
0.001	0.001	0.001	0.997
0.001	0.001	0.001	0.997
0.001	0.171	0.001	0.827
0.001	0.001	0.165	0.833
0.687	0.052	0.101	0.160
0.001	0.519	0.438	0.042
>GATTATTGGAAT	2-GATTATTGGAAT	12.776233	-21.571429	0	T:13.0(7.69%),B:281.1(0.70%),P:1e-9	Tpos:558.2,Tstd:295.5,Bpos:503.2,Bstd:291.4,StrandBias:0.0,Multiplicity:1.00
0.001	0.001	0.997	0.001
0.997	0.001	0.001	0.001
0.098	0.001	0.136	0.765
0.001	0.140	0.001	0.858
0.945	0.001	0.001	0.053
0.154	0.001	0.001	0.844
0.001	0.001	0.001	0.997
0.001	0.001	0.907	0.091
0.095	0.001	0.903	0.001
0.997	0.001	0.001	0.001
0.890	0.001	0.001	0.108
0.001	0.001	0.001	0.997
>CCAATAATCAAT	3-CCAATAATCAAT	13.041154	-17.943177	0	T:11.0(6.51%),B:250.2(0.62%),P:1e-7	Tpos:521.4,Tstd:281.2,Bpos:539.7,Bstd:310.4,StrandBias:-0.5,Multiplicity:1.09
0.001	0.920	0.001	0.078
0.072	0.803	0.001	0.124
0.997	0.001	0.001	0.001
0.825	0.001	0.173	0.001
0.091	0.001	0.149	0.759
0.997	0.001	0.001	0.001
0.997	0.001	0.001	0.001
0.001	0.134	0.001	0.864
0.001	0.997	0.001	0.001
0.997	0.001	0.001	0.001
0.997	0.001	0.001	0.001
0.070	0.001	0.001	0.928
>ACAAGAGCTGAT	4-ACAAGAGCTGAT	13.839834	-17.290681	0	T:6.0(3.55%),B:38.3(0.10%),P:1e-7	Tpos:259.3,Tstd:221.6,Bpos:398.7,Bstd:267.4,StrandBias:2.3,Multiplicity:1.00
0.810	0.001	0.001	0.188
0.116	0.730	0.153	0.001
0.997	0.001	0.001	0.001
0.997	0.001	0.001	0.001
0.140	0.001	0.719	0.140
0.997	0.001	0.001	0.001
0.001	0.001	0.997	0.001
0.072	0.926	0.001	0.001
0.001	0.001	0.001	0.997
0.001	0.001	0.997	0.001
0.997	0.001	0.001	0.001
0.001	0.001	0.001	0.997
>GCTGTTTTTAAA	5-GCTGTTTTTAAA	14.364325	-17.083604	0	T:7.0(4.14%),B:70.9(0.18%),P:1e-7	Tpos:422.4,Tstd:321.4,Bpos:516.5,Bstd:322.7,StrandBias:0.4,Multiplicity:1.00
0.001	0.001	0.997	0.001
0.001	0.997	0.001	0.001
0.001	0.001	0.001	0.997
0.139	0.001	0.859	0.001
0.001	0.001	0.001	0.997
0.233	0.001	0.001	0.765
0.001	0.001	0.001	0.997
0.001	0.001	0.001	0.997
0.001	0.001	0.001	0.997
0.997	0.001	0.001	0.001
0.997	0.001	0.001	0.001
0.997	0.001	0.001	0.001
>AAACGCTGCGTT	6-AAACGCTGCGTT	9.015354	-16.247622	0	T:20.0(11.83%),B:1127.6(2.81%),P:1e-7	Tpos:578.9,Tstd:253.4,Bpos:533.6,Bstd:304.5,StrandBias:0.0,Multiplicity:1.00
0.753	0.132	0.042	0.073
0.801	0.001	0.072	0.126
0.951	0.001	0.001	0.047
0.066	0.742	0.040	0.152
0.007	0.030	0.619	0.344
0.001	0.908	0.001	0.090
0.294	0.097	0.080	0.529
0.136	0.001	0.840	0.023
0.208	0.604	0.090	0.098
0.066	0.048	0.798	0.088
0.066	0.001	0.001	0.932
0.090	0.153	0.082	0.675
>AGGCTGTACCAA	7-AGGCTGTACCAA	14.280289	-15.750069	0	T:4.0(2.37%),B:8.4(0.02%),P:1e-6	Tpos:589.8,Tstd:173.2,Bpos:397.5,Bstd:379.2,StrandBias:2.0,Multiplicity:1.25
0.997	0.001	0.001	0.001
0.001	0.001	0.997	0.001
0.193	0.001	0.805	0.001
0.193	0.805	0.001	0.001
0.001	0.001	0.001	0.997
0.001	0.001	0.997	0.001
0.001	0.001	0.001	0.997
0.777	0.221	0.001	0.001
0.001	0.997	0.001	0.001
0.001	0.805	0.001	0.193
0.997	0.001	0.001	0.001
0.997	0.001	0.001	0.001
>TTTCTCCCGTTT	8-TTTCTCCCGTTT	11.006330	-15.141465	0	T:36.0(21.30%),B:3409.0(8.50%),P:1e-6	Tpos:547.0,Tstd:276.9,Bpos:547.7,Bstd:311.7,StrandBias:1.2,Multiplicity:1.31
0.005	0.166	0.001	0.828
0.001	0.001	0.001	0.997
0.001	0.051	0.001	0.947
0.001	0.671	0.001	0.327
0.001	0.149	0.049	0.801
0.001	0.806	0.026	0.167
0.098	0.742	0.001	0.159
0.186	0.755	0.001	0.058
0.142	0.159	0.673	0.026
0.031	0.001	0.001	0.967
0.001	0.001	0.001	0.997
0.001	0.063	0.001	0.935
>ACCGCCATCGCT	9-ACCGCCATCGCT	12.516984	-14.987629	0	T:5.0(2.96%),B:29.0(0.07%),P:1e-6	Tpos:540.3,Tstd:203.8,Bpos:504.2,Bstd:318.1,StrandBias:1.0,Multiplicity:1.20
0.997	0.001	0.001	0.001
0.001	0.997	0.001	0.001
0.001	0.997	0.001	0.001
0.001	0.001	0.672	0.326
0.326	0.672	0.001	0.001
0.326	0.672	0.001	0.001
0.713	0.001	0.001	0.285
0.001	0.001	0.001	0.997
0.001	0.713	0.001	0.285
0.001	0.326	0.672	0.001
0.001	0.997	0.001	0.001
0.001	0.001	0.001	0.997
>GTTAGACCAGTA	10-GTTAGACCAGTA	11.648765	-13.450894	0	T:3.0(1.78%),B:3.2(0.01%),P:1e-5	Tpos:214.8,Tstd:205.8,Bpos:478.1,Bstd:129.1,StrandBias:-2.2,Multiplicity:3.67
0.079	0.001	0.919	0.001
0.001	0.001	0.001	0.997
0.001	0.001	0.001	0.997
0.997	0.001	0.001	0.001
0.001	0.001	0.997	0.001
0.997	0.001	0.001	0.001
0.091	0.817	0.001	0.091
0.001	0.919	0.079	0.001
0.997	0.001	0.001	0.001
0.001	0.001	0.997	0.001
0.001	0.001	0.001	0.997
0.907	0.001	0.091	0.001
>AAAAACCCCAAT	11-AAAAACCCCAAT	12.821526	-12.458889	0	T:10.0(5.92%),B:357.3(0.89%),P:1e-5	Tpos:452.8,Tstd:194.8,Bpos:493.6,Bstd:322.2,StrandBias:1.4,Multiplicity:1.80
0.997	0.001	0.001	0.001
0.997	0.001	0.001	0.001
0.997	0.001	0.001	0.001
0.997	0.001	0.001	0.001
0.997	0.001	0.001	0.001
0.040	0.823	0.104	0.033
0.108	0.890	0.001	0.001
0.044	0.893	0.062	0.001
0.044	0.890	0.001	0.065
0.842	0.067	0.090	0.001
0.930	0.001	0.001	0.068
0.001	0.001	0.001	0.997
>GATCAATTCACA	12-GATCAATTCACA	11.173432	-11.903777	0	T:10.0(5.92%),B:381.5(0.95%),P:1e-5	Tpos:265.0,Tstd:226.8,Bpos:489.5,Bstd:311.6,StrandBias:-2.3,Multiplicity:1.80
0.001	0.001	0.661	0.337
0.997	0.001	0.001	0.001
0.083	0.001	0.001	0.915
0.001	0.648	0.350	0.001
0.696	0.001	0.001	0.302
0.997	0.001	0.001	0.001
0.001	0.001	0.001	0.997
0.001	0.001	0.001	0.997
0.001	0.658	0.001	0.340
0.608	0.390	0.001	0.001
0.001	0.997	0.001	0.001
0.997	0.001	0.001	0.001
>TAGTGTAACACT	13-TAGTGTAACACT	14.130817	-9.610561	0	T:3.0(1.78%),B:16.9(0.04%),P:1e-4	Tpos:382.8,Tstd:171.6,Bpos:455.9,Bstd:267.2,StrandBias:-1.0,Multiplicity:1.33
0.213	0.001	0.001	0.785
0.997	0.001	0.001	0.001
0.001	0.173	0.825	0.001
0.001	0.001	0.001	0.997
0.001	0.001	0.997	0.001
0.001	0.213	0.001	0.785
0.785	0.001	0.001	0.213
0.997	0.001	0.001	0.001
0.001	0.997	0.001	0.001
0.997	0.001	0.001	0.001
0.001	0.997	0.001	0.001
0.001	0.001	0.001	0.997
>CCCATTTTTTAC	14-CCCATTTTTTAC	13.220761	-8.707788	0	T:7.0(4.14%),B:266.9(0.67%),P:1e-3	Tpos:418.5,Tstd:278.6,Bpos:546.5,Bstd:323.8,StrandBias:2.2,Multiplicity:1.57
0.001	0.997	0.001	0.001
0.001	0.997	0.001	0.001
0.221	0.777	0.001	0.001
0.997	0.001	0.001	0.001
0.115	0.001	0.001	0.883
0.001	0.001	0.001	0.997
0.001	0.001	0.001	0.997
0.001	0.001	0.001	0.997
0.145	0.001	0.001	0.853
0.001	0.093	0.001	0.905
0.854	0.077	0.001	0.068
0.084	0.821	0.001	0.094
>AGTTGGCCTATG	15-AGTTGGCCTATG	14.189919	-7.636688	0	T:2.0(1.18%),B:6.5(0.02%),P:1e-3	Tpos:349.3,Tstd:90.3,Bpos:417.9,Bstd:237.9,StrandBias:10.0,Multiplicity:3.50
0.997	0.001	0.001	0.001
0.001	0.001	0.997	0.001
0.001	0.001	0.001	0.997
0.191	0.001	0.001	0.807
0.001	0.001	0.997	0.001
0.001	0.001	0.997	0.001
0.001	0.807	0.001	0.191
0.175	0.823	0.001	0.001
0.001	0.001	0.001	0.997
0.997	0.001	0.001	0.001
0.001	0.001	0.001	0.997
0.219	0.001	0.779	0.001
>TTGTTAACAAAA	16-TTGTTAACAAAA	10.409522	-7.269901	0	T:14.0(8.28%),B:1210.6(3.02%),P:1e-3	Tpos:619.9,Tstd:287.5,Bpos:525.1,Bstd:294.8,StrandBias:-0.5,Multiplicity:1.00
0.100	0.100	0.100	0.700
0.100	0.100	0.100	0.700
0.100	0.100	0.700	0.100
0.100	0.100	0.100	0.700
0.100	0.100	0.100	0.700
0.700	0.100	0.100	0.100
0.700	0.100	0.100	0.100
0.100	0.700	0.100	0.100
0.700	0.100	0.100	0.100
0.700	0.100	0.100	0.100
0.700	0.100	0.100	0.100
0.700	0.100	0.100	0.100
>GGGAATTTTAGG	17-GGGAATTTTAGG	14.552632	-4.768619	0	T:2.0(1.18%),B:31.9(0.08%),P:1e-2	Tpos:325.0,Tstd:171.3,Bpos:477.5,Bstd:331.6,StrandBias:-10.0,Multiplicity:5.00
0.001	0.001	0.997	0.001
0.001	0.001	0.997	0.001
0.001	0.001	0.997	0.001
0.997	0.001	0.001	0.001
0.997	0.001	0.001	0.001
0.001	0.001	0.001	0.997
0.001	0.001	0.001	0.997
0.001	0.001	0.001	0.997
0.001	0.001	0.001	0.997
0.904	0.001	0.094	0.001
0.142	0.001	0.792	0.065
0.001	0.001	0.997	0.001
