>TATCGATC	1-TATCGATC	8.246540	-24.773892	0	T:56.0(33.14%),B:5229.1(13.04%),P:1e-10	Tpos:655.5,Tstd:289.8,Bpos:544.9,Bstd:330.3,StrandBias:0.4,Multiplicity:1.34
0.001	0.102	0.001	0.896
0.997	0.001	0.001	0.001
0.001	0.001	0.001	0.997
0.001	0.997	0.001	0.001
0.001	0.001	0.997	0.001
0.997	0.001	0.001	0.001
0.001	0.001	0.001	0.997
0.001	0.581	0.001	0.417
>TTACCCTT	2-TTACCCTT	7.124609	-12.957737	0	T:38.0(22.49%),B:4070.4(10.15%),P:1e-5	Tpos:562.6,Tstd:306.1,Bpos:522.6,Bstd:307.8,StrandBias:2.3,Multiplicity:1.24
0.001	0.080	0.001	0.918
0.001	0.001	0.058	0.940
0.997	0.001	0.001	0.001
0.001	0.997	0.001	0.001
0.001	0.724	0.001	0.274
0.001	0.997	0.001	0.001
0.001	0.001	0.001	0.997
0.067	0.001	0.001	0.931
>CCCAGAGT	3-CCCAGAGT	6.422927	-11.997921	0	T:47.0(27.81%),B:5823.7(14.53%),P:1e-5	Tpos:452.5,Tstd:279.4,Bpos:494.5,Bstd:310.4,StrandBias:-0.3,Multiplicity:1.38
0.118	0.791	0.090	0.001
0.036	0.719	0.088	0.157
0.005	0.972	0.021	0.002
0.677	0.048	0.004	0.271
0.179	0.027	0.790	0.004
0.641	0.354	0.004	0.001
0.072	0.038	0.869	0.021
0.002	0.089	0.001	0.908
>ACGATGCA	4-ACGATGCA	7.145528	-11.870011	0	T:53.0(31.36%),B:6965.7(17.37%),P:1e-5	Tpos:460.3,Tstd:293.1,Bpos:489.5,Bstd:308.2,StrandBias:-0.2,Multiplicity:1.13
0.534	0.001	0.103	0.362
0.001	0.997	0.001	0.001
0.102	0.019	0.878	0.001
0.997	0.001	0.001	0.001
0.131	0.281	0.001	0.587
0.001	0.001	0.997	0.001
0.001	0.988	0.001	0.010
0.912	0.044	0.043	0.001
>CATCTTTA	5-CATCTTTA	8.236954	-9.651647	0	T:17.0(10.06%),B:1343.4(3.35%),P:1e-4	Tpos:542.0,Tstd:286.5,Bpos:488.3,Bstd:303.5,StrandBias:1.3,Multiplicity:1.00
0.100	0.700	0.100	0.100
0.700	0.100	0.100	0.100
0.100	0.100	0.100	0.700
0.100	0.700	0.100	0.100
0.100	0.100	0.100	0.700
0.100	0.100	0.100	0.700
0.100	0.100	0.100	0.700
0.700	0.100	0.100	0.100
>CAATGCCC	6-CAATGCCC	9.327688	-5.710537	0	T:20.0(11.83%),B:2424.7(6.05%),P:1e-2	Tpos:480.4,Tstd:288.8,Bpos:508.2,Bstd:306.8,StrandBias:0.8,Multiplicity:1.10
0.323	0.633	0.001	0.043
0.997	0.001	0.001	0.001
0.997	0.001	0.001	0.001
0.001	0.001	0.001	0.997
0.001	0.001	0.722	0.276
0.001	0.997	0.001	0.001
0.001	0.997	0.001	0.001
0.001	0.997	0.001	0.001
>TACTGGTC	7-TACTGGTC	8.236954	-4.175177	0	T:5.0(2.96%),B:339.9(0.85%),P:1e-1	Tpos:218.6,Tstd:197.4,Bpos:489.7,Bstd:315.6,StrandBias:10.0,Multiplicity:2.60
0.100	0.100	0.100	0.700
0.700	0.100	0.100	0.100
0.100	0.700	0.100	0.100
0.100	0.100	0.100	0.700
0.100	0.100	0.700	0.100
0.100	0.100	0.700	0.100
0.100	0.100	0.100	0.700
0.100	0.700	0.100	0.100
