>TATCGATCAT	1-TATCGATCAT	7.266603	-25.814077	0	T:80.0(47.34%),B:9289.6(23.17%),P:1e-11	Tpos:602.4,Tstd:305.3,Bpos:527.1,Bstd:323.7,StrandBias:0.2,Multiplicity:1.35
0.155	0.086	0.014	0.745
0.951	0.017	0.001	0.031
0.060	0.001	0.001	0.938
0.045	0.848	0.106	0.001
0.001	0.014	0.913	0.072
0.997	0.001	0.001	0.001
0.086	0.001	0.104	0.809
0.217	0.636	0.001	0.146
0.529	0.138	0.207	0.126
0.124	0.134	0.085	0.657
>CATTATAACT	2-CATTATAACT	8.563972	-25.229089	0	T:31.0(18.34%),B:1723.6(4.30%),P:1e-10	Tpos:534.1,Tstd:273.1,Bpos:500.2,Bstd:300.8,StrandBias:-0.6,Multiplicity:1.06
0.043	0.897	0.039	0.021
0.655	0.306	0.001	0.038
0.013	0.019	0.068	0.900
0.316	0.044	0.115	0.525
0.810	0.079	0.097	0.014
0.123	0.183	0.024	0.670
0.477	0.274	0.082	0.168
0.744	0.034	0.041	0.181
0.156	0.677	0.166	0.001
0.046	0.150	0.001	0.803
>GCTATCACCT	3-GCTATCACCT	10.106612	-23.335105	0	T:14.0(8.28%),B:298.2(0.74%),P:1e-10	Tpos:478.6,Tstd:284.2,Bpos:495.1,Bstd:319.5,StrandBias:0.0,Multiplicity:1.00
0.001	0.001	0.934	0.064
0.001	0.997	0.001	0.001
0.065	0.086	0.001	0.848
0.939	0.001	0.001	0.059
0.108	0.104	0.001	0.787
0.001	0.997	0.001	0.001
0.872	0.001	0.001	0.126
0.001	0.932	0.066	0.001
0.064	0.874	0.001	0.061
0.001	0.001	0.098	0.900
>ATGAACGAGC	4-ATGAACGAGC	10.256342	-20.937161	0	T:14.0(8.28%),B:361.6(0.90%),P:1e-9	Tpos:680.4,Tstd:224.8,Bpos:467.3,Bstd:320.3,StrandBias:0.4,Multiplicity:1.00
0.997	0.001	0.001	0.001
0.057	0.001	0.080	0.862
0.152	0.063	0.682	0.103
0.913	0.001	0.085	0.001
0.997	0.001	0.001	0.001
0.001	0.900	0.060	0.039
0.040	0.001	0.875	0.084
0.997	0.001	0.001	0.001
0.001	0.001	0.926	0.072
0.098	0.900	0.001	0.001
>GGACGGTGTG	5-GGACGGTGTG	9.358884	-20.926190	0	T:13.0(7.69%),B:297.0(0.74%),P:1e-9	Tpos:528.5,Tstd:298.6,Bpos:536.0,Bstd:300.4,StrandBias:0.2,Multiplicity:1.00
0.001	0.001	0.886	0.112
0.125	0.134	0.740	0.001
0.890	0.001	0.001	0.108
0.001	0.793	0.098	0.108
0.001	0.001	0.997	0.001
0.083	0.001	0.915	0.001
0.001	0.174	0.001	0.824
0.032	0.001	0.966	0.001
0.001	0.001	0.001	0.997
0.001	0.001	0.997	0.001
>TGCAATACGC	6-TGCAATACGC	7.764280	-20.045549	0	T:26.0(15.38%),B:1528.2(3.81%),P:1e-8	Tpos:420.8,Tstd:243.2,Bpos:501.7,Bstd:304.5,StrandBias:-0.4,Multiplicity:1.23
0.034	0.001	0.039	0.926
0.099	0.061	0.789	0.051
0.063	0.694	0.143	0.100
0.781	0.124	0.052	0.043
0.804	0.112	0.019	0.065
0.069	0.056	0.019	0.856
0.789	0.036	0.055	0.120
0.042	0.825	0.038	0.095
0.045	0.125	0.773	0.057
0.104	0.773	0.072	0.051
>CACTCAGAGA	7-CACTCAGAGA	9.953295	-19.126900	0	T:13.0(7.69%),B:348.0(0.87%),P:1e-8	Tpos:656.1,Tstd:232.8,Bpos:515.5,Bstd:320.1,StrandBias:-0.4,Multiplicity:1.08
0.001	0.923	0.075	0.001
0.997	0.001	0.001	0.001
0.043	0.955	0.001	0.001
0.039	0.001	0.001	0.959
0.001	0.849	0.149	0.001
0.822	0.098	0.001	0.079
0.051	0.001	0.947	0.001
0.997	0.001	0.001	0.001
0.001	0.001	0.901	0.097
0.744	0.001	0.111	0.144
>TACCAGTGGA	8-TACCAGTGGA	10.170008	-17.891019	0	T:15.0(8.88%),B:544.0(1.36%),P:1e-7	Tpos:539.7,Tstd:270.1,Bpos:513.5,Bstd:295.2,StrandBias:-2.1,Multiplicity:1.07
0.064	0.001	0.001	0.934
0.846	0.001	0.091	0.062
0.001	0.790	0.074	0.135
0.001	0.896	0.102	0.001
0.887	0.001	0.001	0.111
0.001	0.113	0.885	0.001
0.093	0.001	0.001	0.905
0.001	0.001	0.997	0.001
0.078	0.001	0.920	0.001
0.997	0.001	0.001	0.001
>GAGGCAAGGG	9-GAGGCAAGGG	10.206642	-17.787010	0	T:11.0(6.51%),B:254.5(0.63%),P:1e-7	Tpos:345.8,Tstd:257.0,Bpos:565.7,Bstd:309.4,StrandBias:-0.8,Multiplicity:1.00
0.093	0.001	0.905	0.001
0.910	0.001	0.088	0.001
0.067	0.001	0.931	0.001
0.056	0.090	0.748	0.106
0.041	0.843	0.001	0.115
0.997	0.001	0.001	0.001
0.997	0.001	0.001	0.001
0.053	0.094	0.852	0.001
0.039	0.001	0.959	0.001
0.001	0.084	0.914	0.001
>TGTGCGATTA	10-TGTGCGATTA	10.029753	-17.762553	0	T:13.0(7.69%),B:392.0(0.98%),P:1e-7	Tpos:476.4,Tstd:300.7,Bpos:558.7,Bstd:285.9,StrandBias:1.0,Multiplicity:1.00
0.001	0.001	0.001	0.997
0.001	0.093	0.857	0.049
0.001	0.001	0.001	0.997
0.077	0.001	0.857	0.065
0.042	0.905	0.001	0.052
0.041	0.065	0.821	0.073
0.914	0.001	0.001	0.084
0.001	0.103	0.001	0.895
0.001	0.112	0.001	0.886
0.958	0.001	0.001	0.040
>ACGCWGMGTT	11-ACGCWGMGTT	8.188736	-17.671790	0	T:22.0(13.02%),B:1248.6(3.11%),P:1e-7	Tpos:551.8,Tstd:243.5,Bpos:528.4,Bstd:314.2,StrandBias:0.0,Multiplicity:1.05
0.997	0.001	0.001	0.001
0.001	0.911	0.001	0.087
0.001	0.209	0.589	0.201
0.001	0.899	0.001	0.099
0.429	0.001	0.091	0.479
0.001	0.001	0.997	0.001
0.371	0.404	0.224	0.001
0.007	0.083	0.834	0.076
0.001	0.001	0.001	0.997
0.142	0.001	0.001	0.856
>AGGTTTTAGA	12-AGGTTTTAGA	9.441663	-17.331447	0	T:26.0(15.38%),B:1750.5(4.37%),P:1e-7	Tpos:488.7,Tstd:280.1,Bpos:501.6,Bstd:296.3,StrandBias:-0.8,Multiplicity:1.15
0.929	0.001	0.045	0.025
0.001	0.036	0.932	0.031
0.009	0.001	0.820	0.170
0.088	0.001	0.059	0.852
0.055	0.001	0.056	0.888
0.060	0.001	0.064	0.875
0.001	0.001	0.001	0.997
0.951	0.025	0.023	0.001
0.088	0.030	0.881	0.001
0.899	0.001	0.001	0.099
>GCKGTTWTTA	13-GCKGTTWTTA	9.105758	-15.816818	0	T:22.0(13.02%),B:1391.1(3.47%),P:1e-6	Tpos:485.2,Tstd:246.0,Bpos:507.7,Bstd:316.7,StrandBias:0.6,Multiplicity:1.27
0.001	0.001	0.997	0.001
0.158	0.646	0.195	0.001
0.001	0.001	0.564	0.434
0.006	0.001	0.992	0.001
0.001	0.001	0.159	0.839
0.297	0.001	0.087	0.615
0.480	0.001	0.001	0.518
0.001	0.001	0.389	0.609
0.001	0.120	0.001	0.878
0.571	0.248	0.180	0.001
>TTCCCATTGT	14-TTCCCATTGT	9.925278	-15.571279	0	T:27.0(15.98%),B:2050.2(5.11%),P:1e-6	Tpos:585.9,Tstd:296.8,Bpos:512.8,Bstd:318.6,StrandBias:1.9,Multiplicity:1.12
0.001	0.001	0.001	0.997
0.001	0.001	0.001	0.997
0.067	0.735	0.044	0.154
0.001	0.801	0.046	0.152
0.001	0.929	0.036	0.034
0.867	0.076	0.001	0.056
0.001	0.001	0.001	0.997
0.082	0.001	0.001	0.916
0.001	0.027	0.847	0.125
0.001	0.001	0.067	0.931
>ATGCTATAGA	15-ATGCTATAGA	10.124615	-13.205111	0	T:9.0(5.33%),B:253.0(0.63%),P:1e-5	Tpos:403.4,Tstd:292.9,Bpos:472.1,Bstd:296.1,StrandBias:-1.2,Multiplicity:1.11
0.809	0.001	0.189	0.001
0.001	0.001	0.001	0.997
0.001	0.001	0.997	0.001
0.001	0.812	0.186	0.001
0.001	0.195	0.001	0.803
0.868	0.001	0.001	0.130
0.001	0.001	0.001	0.997
0.917	0.015	0.001	0.067
0.001	0.001	0.997	0.001
0.785	0.001	0.213	0.001
>AGAGACGCAG	16-AGAGACGCAG	9.176305	-12.128796	0	T:26.0(15.38%),B:2314.0(5.77%),P:1e-5	Tpos:623.7,Tstd:272.8,Bpos:551.5,Bstd:328.7,StrandBias:-0.6,Multiplicity:1.35
0.773	0.225	0.001	0.001
0.001	0.001	0.997	0.001
0.997	0.001	0.001	0.001
0.001	0.188	0.682	0.129
0.997	0.001	0.001	0.001
0.348	0.650	0.001	0.001
0.031	0.001	0.967	0.001
0.001	0.997	0.001	0.001
0.958	0.001	0.040	0.001
0.001	0.001	0.997	0.001
>CAGTCATGCA	17-CAGTCATGCA	9.878364	-11.640993	0	T:10.0(5.92%),B:393.8(0.98%),P:1e-5	Tpos:463.9,Tstd:295.9,Bpos:492.4,Bstd:298.0,StrandBias:-1.4,Multiplicity:1.10
0.001	0.978	0.001	0.020
0.826	0.172	0.001	0.001
0.070	0.001	0.928	0.001
0.001	0.001	0.001	0.997
0.001	0.751	0.145	0.103
0.908	0.001	0.001	0.090
0.001	0.001	0.130	0.868
0.343	0.001	0.655	0.001
0.001	0.719	0.121	0.159
0.883	0.001	0.001	0.115
>WAAACCAGAA	18-WAAACCAGAA	9.333390	-11.513295	0	T:41.0(24.26%),B:4852.7(12.10%),P:1e-5	Tpos:504.6,Tstd:289.9,Bpos:509.4,Bstd:319.6,StrandBias:-0.9,Multiplicity:1.20
0.474	0.034	0.001	0.491
0.884	0.001	0.087	0.028
0.815	0.183	0.001	0.001
0.794	0.204	0.001	0.001
0.173	0.825	0.001	0.001
0.001	0.616	0.382	0.001
0.889	0.065	0.001	0.045
0.001	0.179	0.819	0.001
0.768	0.101	0.001	0.130
0.997	0.001	0.001	0.001
>AATGTGTTAC	19-AATGTGTTAC	7.884386	-11.103352	0	T:58.0(34.32%),B:8122.5(20.26%),P:1e-4	Tpos:438.9,Tstd:283.9,Bpos:512.4,Bstd:302.8,StrandBias:1.1,Multiplicity:1.26
0.732	0.098	0.070	0.100
0.643	0.222	0.134	0.001
0.001	0.001	0.001	0.997
0.001	0.001	0.942	0.056
0.001	0.132	0.001	0.866
0.001	0.001	0.774	0.224
0.001	0.008	0.001	0.990
0.082	0.001	0.001	0.916
0.712	0.054	0.001	0.233
0.001	0.917	0.081	0.001
>TCCCAAAGTT	20-TCCCAAAGTT	11.075231	-10.168593	0	T:7.0(4.14%),B:209.5(0.52%),P:1e-4	Tpos:350.8,Tstd:272.1,Bpos:467.4,Bstd:259.7,StrandBias:-1.6,Multiplicity:1.71
0.001	0.001	0.001	0.997
0.001	0.997	0.001	0.001
0.001	0.997	0.001	0.001
0.001	0.997	0.001	0.001
0.997	0.001	0.001	0.001
0.918	0.001	0.001	0.080
0.888	0.110	0.001	0.001
0.001	0.001	0.997	0.001
0.001	0.001	0.113	0.885
0.001	0.001	0.001	0.997
>TACATAGGCC	21-TACATAGGCC	11.283852	-9.080101	0	T:4.0(2.37%),B:55.5(0.14%),P:1e-3	Tpos:397.1,Tstd:236.6,Bpos:561.8,Bstd:295.4,StrandBias:-0.7,Multiplicity:2.00
0.001	0.001	0.001	0.997
0.997	0.001	0.001	0.001
0.001	0.997	0.001	0.001
0.997	0.001	0.001	0.001
0.001	0.001	0.001	0.997
0.997	0.001	0.001	0.001
0.001	0.001	0.997	0.001
0.334	0.001	0.664	0.001
0.001	0.881	0.001	0.117
0.001	0.997	0.001	0.001
>AAAATTCCCC	22-AAAATTCCCC	10.401132	-7.441509	0	T:15.0(8.88%),B:1331.4(3.32%),P:1e-3	Tpos:393.0,Tstd:226.7,Bpos:515.1,Bstd:319.6,StrandBias:1.7,Multiplicity:1.79
0.937	0.001	0.061	0.001
0.997	0.001	0.001	0.001
0.997	0.001	0.001	0.001
0.929	0.069	0.001	0.001
0.054	0.001	0.001	0.944
0.001	0.001	0.136	0.862
0.001	0.997	0.001	0.001
0.001	0.997	0.001	0.001
0.001	0.997	0.001	0.001
0.107	0.786	0.001	0.106
>TAAAATACCC	23-TAAAATACCC	10.779225	-6.189652	0	T:7.0(4.14%),B:412.9(1.03%),P:1e-2	Tpos:339.0,Tstd:190.2,Bpos:499.2,Bstd:315.4,StrandBias:1.2,Multiplicity:1.43
0.001	0.001	0.086	0.912
0.895	0.103	0.001	0.001
0.842	0.156	0.001	0.001
0.717	0.001	0.001	0.281
0.837	0.161	0.001	0.001
0.167	0.001	0.141	0.691
0.875	0.001	0.001	0.123
0.001	0.997	0.001	0.001
0.001	0.997	0.001	0.001
0.001	0.997	0.001	0.001
>GACCAGTAGA	24-GACCAGTAGA	10.296193	-4.710736	0	T:2.0(1.18%),B:32.6(0.08%),P:1e-2	Tpos:175.7,Tstd:178.8,Bpos:359.7,Bstd:332.4,StrandBias:-10.0,Multiplicity:5.00
0.100	0.100	0.700	0.100
0.700	0.100	0.100	0.100
0.100	0.700	0.100	0.100
0.100	0.700	0.100	0.100
0.700	0.100	0.100	0.100
0.100	0.100	0.700	0.100
0.100	0.100	0.100	0.700
0.700	0.100	0.100	0.100
0.100	0.100	0.700	0.100
0.700	0.100	0.100	0.100
>CAAGATTCCC	25-CAAGATTCCC	12.467548	-3.892403	0	T:4.0(2.37%),B:242.2(0.60%),P:1e-1	Tpos:555.5,Tstd:330.6,Bpos:456.0,Bstd:306.4,StrandBias:10.0,Multiplicity:1.50
0.001	0.701	0.001	0.297
0.997	0.001	0.001	0.001
0.997	0.001	0.001	0.001
0.362	0.001	0.636	0.001
0.997	0.001	0.001	0.001
0.001	0.001	0.001	0.997
0.001	0.001	0.001	0.997
0.001	0.997	0.001	0.001
0.001	0.997	0.001	0.001
0.001	0.997	0.001	0.001
