>CATGGGTCTGCT	25-AGCAGACCCATG	7.356449	-6.982234	0	T:24.0(15.29%),B:3102.5(7.65%),P:1e-3
0.153	0.724	0.105	0.018
0.867	0.045	0.043	0.045
0.136	0.094	0.124	0.646
0.063	0.157	0.635	0.145
0.132	0.067	0.684	0.117
0.135	0.077	0.747	0.041
0.085	0.022	0.027	0.866
0.119	0.631	0.094	0.156
0.026	0.073	0.001	0.900
0.050	0.047	0.759	0.144
0.023	0.783	0.130	0.064
0.112	0.050	0.075	0.763
