>AACTTTTAATCG	1-AACTTTTAATCG	13.835472	-27.586088	0	T:9.0(7.03%),B:58.9(0.15%),P:1e-11	Tpos:377.0,Tstd:245.9,Bpos:551.1,Bstd:275.0,StrandBias:-1.8,Multiplicity:1.00
0.997	0.001	0.001	0.001
0.997	0.001	0.001	0.001
0.001	0.873	0.125	0.001
0.001	0.001	0.001	0.997
0.001	0.001	0.001	0.997
0.001	0.001	0.001	0.997
0.001	0.001	0.001	0.997
0.997	0.001	0.001	0.001
0.699	0.178	0.001	0.122
0.117	0.001	0.167	0.715
0.001	0.997	0.001	0.001
0.001	0.001	0.997	0.001
>AGGAGACAGAAA	2-AGGAGACAGAAA	11.886455	-24.717626	0	T:13.0(10.16%),B:285.3(0.72%),P:1e-10	Tpos:519.7,Tstd:265.0,Bpos:544.3,Bstd:295.7,StrandBias:-1.2,Multiplicity:1.00
0.997	0.001	0.001	0.001
0.128	0.001	0.725	0.146
0.001	0.001	0.923	0.075
0.669	0.259	0.001	0.071
0.063	0.172	0.764	0.001
0.997	0.001	0.001	0.001
0.001	0.869	0.129	0.001
0.756	0.001	0.001	0.242
0.067	0.001	0.931	0.001
0.997	0.001	0.001	0.001
0.997	0.001	0.001	0.001
0.729	0.001	0.001	0.269
>TGGTTCTCTTTC	3-TGGTTCTCTTTC	12.688746	-23.880111	0	T:9.0(7.03%),B:92.0(0.23%),P:1e-10	Tpos:625.7,Tstd:311.1,Bpos:490.6,Bstd:272.9,StrandBias:-0.3,Multiplicity:1.00
0.001	0.001	0.001	0.997
0.001	0.001	0.997	0.001
0.100	0.001	0.898	0.001
0.001	0.001	0.001	0.997
0.001	0.123	0.001	0.875
0.001	0.669	0.001	0.329
0.001	0.001	0.001	0.997
0.001	0.887	0.001	0.111
0.001	0.286	0.001	0.712
0.001	0.001	0.001	0.997
0.001	0.141	0.001	0.857
0.001	0.997	0.001	0.001
>GTTTTTTGAGTG	4-GTTTTTTGAGTG	11.983708	-22.314137	0	T:13.0(10.16%),B:349.9(0.89%),P:1e-9	Tpos:542.2,Tstd:329.5,Bpos:510.3,Bstd:292.8,StrandBias:0.2,Multiplicity:1.00
0.001	0.001	0.997	0.001
0.132	0.126	0.001	0.741
0.001	0.119	0.001	0.879
0.001	0.348	0.001	0.650
0.001	0.001	0.001	0.997
0.001	0.001	0.259	0.739
0.001	0.001	0.001	0.997
0.001	0.096	0.902	0.001
0.931	0.001	0.001	0.067
0.122	0.001	0.876	0.001
0.001	0.001	0.169	0.829
0.085	0.269	0.583	0.063
>TGATGTGACATC	5-TGATGTGACATC	11.405034	-22.305250	0	T:9.0(7.03%),B:110.3(0.28%),P:1e-9	Tpos:597.6,Tstd:273.4,Bpos:492.4,Bstd:316.2,StrandBias:0.0,Multiplicity:1.00
0.001	0.001	0.260	0.738
0.001	0.001	0.997	0.001
0.652	0.001	0.001	0.346
0.211	0.001	0.001	0.787
0.001	0.001	0.997	0.001
0.001	0.001	0.001	0.997
0.001	0.297	0.701	0.001
0.786	0.088	0.125	0.001
0.001	0.997	0.001	0.001
0.910	0.001	0.001	0.088
0.098	0.001	0.241	0.660
0.001	0.896	0.001	0.102
>TATCAGTATCAT	6-TATCAGTATCAT	11.665941	-22.007015	0	T:11.0(8.59%),B:220.5(0.56%),P:1e-9	Tpos:566.1,Tstd:366.6,Bpos:538.5,Bstd:296.1,StrandBias:-0.3,Multiplicity:1.00
0.001	0.031	0.001	0.967
0.997	0.001	0.001	0.001
0.001	0.001	0.001	0.997
0.030	0.968	0.001	0.001
0.997	0.001	0.001	0.001
0.001	0.001	0.576	0.422
0.001	0.001	0.001	0.997
0.608	0.001	0.001	0.390
0.001	0.001	0.001	0.997
0.001	0.971	0.001	0.027
0.997	0.001	0.001	0.001
0.025	0.001	0.028	0.946
>GACAAATKCTCS	7-GACAAATKCTCS	12.322920	-20.990221	0	T:8.0(6.25%),B:85.2(0.22%),P:1e-9	Tpos:382.9,Tstd:293.4,Bpos:483.4,Bstd:309.1,StrandBias:-1.6,Multiplicity:1.00
0.001	0.125	0.873	0.001
0.832	0.166	0.001	0.001
0.001	0.997	0.001	0.001
0.997	0.001	0.001	0.001
0.997	0.001	0.001	0.001
0.997	0.001	0.001	0.001
0.001	0.166	0.001	0.832
0.001	0.193	0.360	0.445
0.001	0.884	0.001	0.114
0.001	0.001	0.001	0.997
0.001	0.997	0.001	0.001
0.001	0.360	0.445	0.193
>TCGATGTCTAAT	8-TCGATGTCTAAT	11.235930	-20.920508	0	T:11.0(8.59%),B:245.2(0.62%),P:1e-9	Tpos:457.8,Tstd:267.2,Bpos:494.6,Bstd:290.4,StrandBias:-0.5,Multiplicity:1.09
0.001	0.001	0.001	0.997
0.001	0.627	0.136	0.236
0.361	0.001	0.637	0.001
0.900	0.001	0.001	0.098
0.001	0.001	0.116	0.882
0.070	0.001	0.928	0.001
0.001	0.148	0.001	0.850
0.001	0.997	0.001	0.001
0.074	0.001	0.001	0.924
0.997	0.001	0.001	0.001
0.997	0.001	0.001	0.001
0.228	0.001	0.247	0.524
>TTTTTTCTTTCC	9-TTTTTTCTTTCC	12.749925	-19.774406	0	T:16.0(12.50%),B:726.7(1.84%),P:1e-8	Tpos:489.6,Tstd:290.5,Bpos:522.0,Bstd:307.9,StrandBias:2.2,Multiplicity:1.06
0.001	0.105	0.001	0.893
0.071	0.107	0.001	0.821
0.001	0.001	0.001	0.997
0.098	0.001	0.001	0.900
0.001	0.076	0.099	0.824
0.001	0.001	0.001	0.997
0.001	0.876	0.001	0.122
0.001	0.073	0.001	0.925
0.001	0.001	0.001	0.997
0.001	0.073	0.001	0.925
0.001	0.947	0.051	0.001
0.001	0.997	0.001	0.001
>TYGTTCTTTTTC	10-TYGTTCTTTTTC	12.514849	-19.730734	0	T:19.0(14.84%),B:1077.4(2.73%),P:1e-8	Tpos:513.0,Tstd:237.5,Bpos:540.0,Bstd:310.5,StrandBias:1.5,Multiplicity:1.00
0.001	0.001	0.039	0.959
0.001	0.497	0.033	0.469
0.001	0.001	0.813	0.185
0.001	0.001	0.001	0.997
0.001	0.029	0.001	0.969
0.001	0.864	0.134	0.001
0.147	0.002	0.033	0.818
0.001	0.001	0.088	0.910
0.001	0.104	0.001	0.894
0.001	0.001	0.001	0.997
0.075	0.001	0.167	0.757
0.083	0.859	0.001	0.057
>CTATCTTTGTCT	11-CTATCTTTGTCT	12.547293	-19.290216	0	T:8.0(6.25%),B:107.2(0.27%),P:1e-8	Tpos:394.1,Tstd:293.7,Bpos:515.6,Bstd:309.7,StrandBias:0.0,Multiplicity:1.00
0.001	0.997	0.001	0.001
0.001	0.001	0.001	0.997
0.819	0.001	0.179	0.001
0.390	0.001	0.001	0.608
0.001	0.997	0.001	0.001
0.001	0.001	0.229	0.769
0.001	0.001	0.001	0.997
0.001	0.001	0.001	0.997
0.144	0.001	0.854	0.001
0.001	0.001	0.210	0.788
0.001	0.581	0.001	0.417
0.001	0.187	0.001	0.811
>ATAAKTTTGTAC	12-ATAAKTTTGTAC	13.095906	-19.228330	0	T:11.0(8.59%),B:290.4(0.73%),P:1e-8	Tpos:568.5,Tstd:270.2,Bpos:477.6,Bstd:304.8,StrandBias:-0.5,Multiplicity:1.09
0.997	0.001	0.001	0.001
0.281	0.001	0.001	0.717
0.997	0.001	0.001	0.001
0.997	0.001	0.001	0.001
0.001	0.001	0.526	0.472
0.001	0.001	0.001	0.997
0.311	0.001	0.001	0.687
0.001	0.001	0.001	0.997
0.001	0.209	0.789	0.001
0.001	0.001	0.001	0.997
0.610	0.001	0.001	0.388
0.001	0.997	0.001	0.001
>AATTGCCGGCTG	13-AATTGCCGGCTG	12.425876	-18.995205	0	T:7.0(5.47%),B:69.3(0.18%),P:1e-8	Tpos:524.6,Tstd:215.0,Bpos:523.2,Bstd:292.8,StrandBias:0.4,Multiplicity:1.00
0.997	0.001	0.001	0.001
0.774	0.224	0.001	0.001
0.001	0.001	0.001	0.997
0.001	0.001	0.001	0.997
0.001	0.418	0.580	0.001
0.001	0.992	0.001	0.006
0.299	0.475	0.001	0.224
0.001	0.001	0.814	0.184
0.382	0.001	0.616	0.001
0.001	0.792	0.001	0.206
0.001	0.001	0.001	0.997
0.001	0.001	0.997	0.001
>TTATAGTTTCTT	14-TTATAGTTTCTT	13.279896	-18.736383	0	T:9.0(7.03%),B:169.2(0.43%),P:1e-8	Tpos:505.3,Tstd:298.8,Bpos:608.9,Bstd:307.9,StrandBias:1.8,Multiplicity:1.00
0.001	0.001	0.001	0.997
0.001	0.001	0.001	0.997
0.935	0.001	0.001	0.063
0.077	0.001	0.001	0.921
0.850	0.083	0.001	0.066
0.001	0.107	0.891	0.001
0.001	0.001	0.001	0.997
0.001	0.151	0.001	0.847
0.001	0.001	0.001	0.997
0.075	0.923	0.001	0.001
0.202	0.001	0.001	0.796
0.001	0.001	0.087	0.911
>TCTTCAAAAGTG	15-TCTTCAAAAGTG	11.891026	-18.241413	0	T:13.0(10.16%),B:495.9(1.25%),P:1e-7	Tpos:446.9,Tstd:330.2,Bpos:539.1,Bstd:313.1,StrandBias:0.7,Multiplicity:1.00
0.001	0.001	0.153	0.845
0.001	0.939	0.001	0.059
0.110	0.001	0.001	0.888
0.112	0.001	0.001	0.886
0.001	0.881	0.117	0.001
0.997	0.001	0.001	0.001
0.997	0.001	0.001	0.001
0.997	0.001	0.001	0.001
0.997	0.001	0.001	0.001
0.069	0.121	0.733	0.077
0.001	0.001	0.001	0.997
0.001	0.001	0.911	0.087
>GAACAATCTTAG	16-GAACAATCTTAG	13.929995	-18.067565	0	T:6.0(4.69%),B:44.6(0.11%),P:1e-7	Tpos:430.7,Tstd:267.6,Bpos:518.2,Bstd:276.5,StrandBias:1.0,Multiplicity:1.00
0.001	0.001	0.845	0.153
0.997	0.001	0.001	0.001
0.997	0.001	0.001	0.001
0.001	0.997	0.001	0.001
0.997	0.001	0.001	0.001
0.997	0.001	0.001	0.001
0.001	0.001	0.001	0.997
0.001	0.997	0.001	0.001
0.001	0.001	0.001	0.997
0.001	0.001	0.182	0.816
0.550	0.174	0.145	0.131
0.001	0.001	0.997	0.001
>ACGGGGTAGGAG	17-ACGGGGTAGGAG	11.835701	-18.067565	0	T:6.0(4.69%),B:44.6(0.11%),P:1e-7	Tpos:551.2,Tstd:262.0,Bpos:554.8,Bstd:317.4,StrandBias:-2.3,Multiplicity:1.00
0.997	0.001	0.001	0.001
0.001	0.776	0.001	0.222
0.001	0.001	0.997	0.001
0.183	0.001	0.815	0.001
0.001	0.001	0.987	0.011
0.001	0.209	0.789	0.001
0.151	0.001	0.209	0.639
0.997	0.001	0.001	0.001
0.001	0.001	0.639	0.359
0.001	0.209	0.606	0.184
0.789	0.001	0.209	0.001
0.001	0.001	0.997	0.001
>TTCACTGATAAG	18-TTCACTGATAAG	10.097235	-18.006565	0	T:23.0(17.97%),B:1773.0(4.49%),P:1e-7	Tpos:604.7,Tstd:279.8,Bpos:513.8,Bstd:303.3,StrandBias:0.8,Multiplicity:1.22
0.110	0.001	0.108	0.781
0.116	0.081	0.001	0.802
0.070	0.796	0.001	0.133
0.707	0.001	0.147	0.145
0.106	0.773	0.087	0.034
0.076	0.001	0.001	0.922
0.001	0.043	0.880	0.076
0.941	0.001	0.057	0.001
0.088	0.001	0.070	0.841
0.997	0.001	0.001	0.001
0.997	0.001	0.001	0.001
0.198	0.090	0.575	0.137
>AACAAGGAAATG	19-AACAAGGAAATG	13.474563	-17.881970	0	T:7.0(5.47%),B:82.0(0.21%),P:1e-7	Tpos:437.6,Tstd:273.1,Bpos:548.8,Bstd:289.5,StrandBias:-0.4,Multiplicity:1.00
0.930	0.001	0.068	0.001
0.871	0.001	0.001	0.127
0.001	0.920	0.078	0.001
0.884	0.001	0.114	0.001
0.997	0.001	0.001	0.001
0.001	0.114	0.884	0.001
0.058	0.001	0.852	0.089
0.856	0.001	0.142	0.001
0.997	0.001	0.001	0.001
0.997	0.001	0.001	0.001
0.001	0.001	0.001	0.997
0.001	0.101	0.897	0.001
>AACGAAGATCCG	20-AACGAAGATCCG	13.622191	-16.954801	0	T:5.0(3.91%),B:25.9(0.07%),P:1e-7	Tpos:573.4,Tstd:216.4,Bpos:463.4,Bstd:253.0,StrandBias:0.3,Multiplicity:1.80
0.997	0.001	0.001	0.001
0.997	0.001	0.001	0.001
0.001	0.997	0.001	0.001
0.140	0.001	0.858	0.001
0.591	0.001	0.001	0.407
0.997	0.001	0.001	0.001
0.001	0.001	0.997	0.001
0.878	0.120	0.001	0.001
0.001	0.001	0.171	0.827
0.001	0.997	0.001	0.001
0.001	0.997	0.001	0.001
0.001	0.001	0.997	0.001
>CTCTTTTTTCAT	21-CTCTTTTTTCAT	10.656179	-16.175311	0	T:15.0(11.72%),B:822.0(2.08%),P:1e-7	Tpos:300.9,Tstd:287.3,Bpos:545.0,Bstd:302.1,StrandBias:0.4,Multiplicity:1.07
0.017	0.602	0.015	0.366
0.270	0.074	0.043	0.613
0.224	0.471	0.022	0.283
0.074	0.059	0.046	0.821
0.037	0.266	0.018	0.679
0.048	0.229	0.048	0.675
0.038	0.056	0.024	0.882
0.024	0.126	0.039	0.811
0.041	0.058	0.024	0.877
0.048	0.553	0.338	0.061
0.485	0.212	0.066	0.238
0.315	0.070	0.028	0.587
>TTTTCTAACTGT	22-TTTTCTAACTGT	11.938441	-15.809055	0	T:7.0(5.47%),B:113.4(0.29%),P:1e-6	Tpos:565.9,Tstd:304.3,Bpos:482.8,Bstd:313.9,StrandBias:0.4,Multiplicity:1.00
0.001	0.001	0.001	0.997
0.001	0.001	0.001	0.997
0.047	0.213	0.001	0.739
0.001	0.001	0.001	0.997
0.001	0.997	0.001	0.001
0.001	0.001	0.001	0.997
0.997	0.001	0.001	0.001
0.997	0.001	0.001	0.001
0.200	0.798	0.001	0.001
0.001	0.001	0.001	0.997
0.001	0.001	0.997	0.001
0.001	0.001	0.001	0.997
>CATGTCACTTTT	23-CATGTCACTTTT	12.922086	-15.456511	0	T:8.0(6.25%),B:180.3(0.46%),P:1e-6	Tpos:621.3,Tstd:270.0,Bpos:508.4,Bstd:314.8,StrandBias:0.3,Multiplicity:1.12
0.001	0.783	0.107	0.109
0.997	0.001	0.001	0.001
0.001	0.001	0.119	0.879
0.001	0.001	0.936	0.062
0.001	0.001	0.179	0.819
0.001	0.997	0.001	0.001
0.997	0.001	0.001	0.001
0.093	0.815	0.001	0.091
0.001	0.001	0.001	0.997
0.001	0.001	0.001	0.997
0.001	0.001	0.001	0.997
0.001	0.001	0.126	0.872
>MAACTATTTTTC	24-MAACTATTTTTC	12.910103	-15.371632	0	T:10.0(7.81%),B:337.3(0.85%),P:1e-6	Tpos:375.7,Tstd:225.7,Bpos:506.3,Bstd:283.5,StrandBias:0.0,Multiplicity:1.00
0.423	0.542	0.034	0.001
0.749	0.249	0.001	0.001
0.997	0.001	0.001	0.001
0.002	0.882	0.115	0.001
0.075	0.001	0.001	0.923
0.894	0.103	0.001	0.002
0.001	0.001	0.001	0.997
0.001	0.001	0.001	0.997
0.001	0.001	0.001	0.997
0.001	0.001	0.001	0.997
0.100	0.110	0.001	0.789
0.001	0.805	0.123	0.071
>TGGCGCAAAAAT	25-TGGCGCAAAAAT	13.470373	-12.687821	0	T:5.0(3.91%),B:64.3(0.16%),P:1e-5	Tpos:543.0,Tstd:143.1,Bpos:469.5,Bstd:272.6,StrandBias:0.6,Multiplicity:1.00
0.001	0.001	0.001	0.997
0.135	0.001	0.863	0.001
0.001	0.131	0.867	0.001
0.100	0.898	0.001	0.001
0.083	0.083	0.760	0.074
0.001	0.904	0.094	0.001
0.997	0.001	0.001	0.001
0.836	0.001	0.162	0.001
0.997	0.001	0.001	0.001
0.997	0.001	0.001	0.001
0.997	0.001	0.001	0.001
0.001	0.001	0.001	0.997
