>ACTGATAAGAAA	1-ACTGATAAGAAA	11.169508	-54.014122	0	T:36.0(25.71%),B:1117.2(2.79%),P:1e-23	Tpos:604.5,Tstd:279.8,Bpos:586.3,Bstd:307.1,StrandBias:-0.3,Multiplicity:1.17
0.912	0.049	0.038	0.001
0.128	0.723	0.064	0.085
0.001	0.056	0.001	0.942
0.001	0.001	0.997	0.001
0.997	0.001	0.001	0.001
0.001	0.001	0.001	0.997
0.997	0.001	0.001	0.001
0.997	0.001	0.001	0.001
0.029	0.030	0.898	0.043
0.997	0.001	0.001	0.001
0.859	0.068	0.034	0.039
0.771	0.001	0.001	0.227
>TGTATACGATAA	2-TGTATACGATAA	13.315589	-27.868094	0	T:8.0(5.71%),B:30.7(0.08%),P:1e-12	Tpos:486.1,Tstd:356.2,Bpos:547.5,Bstd:301.9,StrandBias:1.6,Multiplicity:1.00
0.001	0.001	0.001	0.997
0.001	0.001	0.997	0.001
0.001	0.001	0.001	0.997
0.774	0.001	0.001	0.224
0.001	0.001	0.001	0.997
0.997	0.001	0.001	0.001
0.001	0.997	0.001	0.001
0.001	0.206	0.625	0.168
0.997	0.001	0.001	0.001
0.001	0.001	0.001	0.997
0.997	0.001	0.001	0.001
0.805	0.193	0.001	0.001
>GTTATCAGTTDR	3-GTTATCAGTTDR	11.229683	-26.705449	0	T:23.0(16.43%),B:1034.3(2.58%),P:1e-11	Tpos:695.2,Tstd:228.3,Bpos:528.8,Bstd:312.3,StrandBias:1.0,Multiplicity:1.09
0.186	0.001	0.652	0.161
0.001	0.001	0.001	0.997
0.001	0.001	0.001	0.997
0.997	0.001	0.001	0.001
0.001	0.001	0.001	0.997
0.185	0.813	0.001	0.001
0.997	0.001	0.001	0.001
0.001	0.215	0.783	0.001
0.001	0.001	0.001	0.997
0.001	0.001	0.366	0.632
0.250	0.001	0.358	0.391
0.422	0.233	0.296	0.049
>CCTTATCAATTT	4-CCTTATCAATTT	12.878765	-26.564976	0	T:13.0(9.29%),B:225.7(0.56%),P:1e-11	Tpos:566.0,Tstd:392.7,Bpos:579.7,Bstd:322.4,StrandBias:-0.7,Multiplicity:1.00
0.158	0.711	0.085	0.046
0.056	0.851	0.092	0.001
0.001	0.001	0.141	0.857
0.001	0.001	0.001	0.997
0.949	0.001	0.001	0.049
0.001	0.001	0.001	0.997
0.001	0.900	0.098	0.001
0.997	0.001	0.001	0.001
0.943	0.001	0.055	0.001
0.066	0.001	0.001	0.932
0.075	0.001	0.001	0.923
0.001	0.001	0.001	0.997
>AGTCTTTGTTCC	5-AGTCTTTGTTCC	10.900772	-25.844263	0	T:13.0(9.29%),B:239.4(0.60%),P:1e-11	Tpos:701.2,Tstd:210.2,Bpos:489.1,Bstd:303.6,StrandBias:1.2,Multiplicity:1.00
0.783	0.096	0.001	0.120
0.105	0.001	0.831	0.063
0.001	0.001	0.001	0.997
0.096	0.722	0.181	0.001
0.001	0.001	0.001	0.997
0.001	0.001	0.001	0.997
0.001	0.210	0.001	0.788
0.001	0.001	0.900	0.098
0.001	0.001	0.119	0.879
0.001	0.196	0.225	0.578
0.001	0.997	0.001	0.001
0.001	0.610	0.216	0.173
>AATCCTTATCAA	6-AATCCTTATCAA	10.949867	-22.583354	0	T:15.0(10.71%),B:464.5(1.16%),P:1e-9	Tpos:515.6,Tstd:299.6,Bpos:536.6,Bstd:322.5,StrandBias:0.2,Multiplicity:1.07
0.882	0.025	0.058	0.035
0.769	0.089	0.092	0.050
0.105	0.001	0.118	0.776
0.050	0.777	0.084	0.089
0.093	0.732	0.093	0.082
0.069	0.080	0.099	0.752
0.001	0.039	0.100	0.860
0.983	0.001	0.001	0.015
0.029	0.001	0.001	0.969
0.041	0.887	0.001	0.071
0.901	0.039	0.001	0.059
0.722	0.046	0.199	0.033
>CAGACAGAAAAG	7-CAGACAGAAAAG	13.723218	-22.242520	0	T:8.0(5.71%),B:66.4(0.17%),P:1e-9	Tpos:438.8,Tstd:356.7,Bpos:532.0,Bstd:312.0,StrandBias:-2.8,Multiplicity:1.00
0.001	0.841	0.157	0.001
0.811	0.001	0.187	0.001
0.001	0.001	0.997	0.001
0.841	0.001	0.001	0.157
0.001	0.873	0.125	0.001
0.997	0.001	0.001	0.001
0.090	0.001	0.908	0.001
0.997	0.001	0.001	0.001
0.850	0.001	0.148	0.001
0.997	0.001	0.001	0.001
0.997	0.001	0.001	0.001
0.001	0.001	0.997	0.001
>CTTAAATACTGC	8-CTTAAATACTGC	10.322725	-21.668930	0	T:13.0(9.29%),B:340.7(0.85%),P:1e-9	Tpos:655.3,Tstd:282.8,Bpos:528.8,Bstd:329.0,StrandBias:0.0,Multiplicity:1.08
0.001	0.997	0.001	0.001
0.001	0.001	0.003	0.995
0.001	0.027	0.001	0.971
0.489	0.223	0.005	0.282
0.750	0.001	0.001	0.248
0.994	0.004	0.001	0.001
0.016	0.110	0.166	0.708
0.852	0.001	0.146	0.001
0.027	0.890	0.001	0.082
0.110	0.146	0.114	0.630
0.134	0.001	0.837	0.028
0.191	0.807	0.001	0.001
>TGGTACTACCAT	9-TGGTACTACCAT	12.372321	-21.532219	0	T:6.0(4.29%),B:21.9(0.05%),P:1e-9	Tpos:610.4,Tstd:295.6,Bpos:436.8,Bstd:282.0,StrandBias:0.0,Multiplicity:1.00
0.001	0.001	0.001	0.997
0.001	0.001	0.997	0.001
0.118	0.118	0.763	0.001
0.001	0.134	0.001	0.864
0.997	0.001	0.001	0.001
0.001	0.745	0.253	0.001
0.253	0.001	0.001	0.745
0.997	0.001	0.001	0.001
0.001	0.997	0.001	0.001
0.001	0.997	0.001	0.001
0.997	0.001	0.001	0.001
0.001	0.118	0.135	0.746
>CTTATCASCAAM	10-CTTATCASCAAM	10.494328	-21.441761	0	T:16.0(11.43%),B:594.7(1.48%),P:1e-9	Tpos:636.9,Tstd:230.1,Bpos:512.6,Bstd:336.8,StrandBias:0.5,Multiplicity:1.06
0.001	0.598	0.400	0.001
0.062	0.062	0.001	0.875
0.047	0.001	0.069	0.883
0.888	0.001	0.001	0.110
0.102	0.135	0.001	0.762
0.001	0.865	0.001	0.133
0.623	0.001	0.001	0.375
0.001	0.521	0.477	0.001
0.002	0.561	0.236	0.201
0.809	0.064	0.069	0.058
0.920	0.001	0.078	0.001
0.571	0.427	0.001	0.001
>TTGTTTGCACAA	11-TTGTTTGCACAA	12.645989	-21.211199	0	T:12.0(8.57%),B:283.3(0.71%),P:1e-9	Tpos:517.2,Tstd:306.5,Bpos:515.1,Bstd:302.7,StrandBias:0.5,Multiplicity:1.00
0.001	0.001	0.001	0.997
0.001	0.001	0.001	0.997
0.001	0.001	0.950	0.048
0.127	0.001	0.001	0.871
0.001	0.001	0.131	0.867
0.001	0.001	0.127	0.871
0.152	0.001	0.846	0.001
0.001	0.910	0.001	0.088
0.997	0.001	0.001	0.001
0.135	0.773	0.091	0.001
0.997	0.001	0.001	0.001
0.997	0.001	0.001	0.001
>TAGCTCAAAAGC	12-TAGCTCAAAAGC	12.037293	-21.009982	0	T:11.0(7.86%),B:224.9(0.56%),P:1e-9	Tpos:502.5,Tstd:155.6,Bpos:466.1,Bstd:312.4,StrandBias:-0.3,Multiplicity:1.00
0.391	0.001	0.001	0.607
0.748	0.001	0.134	0.117
0.001	0.001	0.787	0.211
0.001	0.778	0.001	0.220
0.098	0.001	0.155	0.746
0.001	0.997	0.001	0.001
0.997	0.001	0.001	0.001
0.822	0.001	0.176	0.001
0.997	0.001	0.001	0.001
0.997	0.001	0.001	0.001
0.112	0.001	0.886	0.001
0.001	0.890	0.108	0.001
>CGTACTAAAAAT	13-CGTACTAAAAAT	12.934694	-20.594792	0	T:10.0(7.14%),B:175.7(0.44%),P:1e-8	Tpos:429.9,Tstd:229.9,Bpos:474.0,Bstd:286.1,StrandBias:-0.3,Multiplicity:1.10
0.079	0.919	0.001	0.001
0.079	0.101	0.819	0.001
0.001	0.001	0.124	0.874
0.997	0.001	0.001	0.001
0.001	0.997	0.001	0.001
0.063	0.001	0.001	0.935
0.896	0.102	0.001	0.001
0.803	0.001	0.195	0.001
0.997	0.001	0.001	0.001
0.997	0.001	0.001	0.001
0.841	0.001	0.157	0.001
0.001	0.001	0.001	0.997
>GTTTGTGCCTGA	14-GTTTGTGCCTGA	13.494521	-20.155965	0	T:7.0(5.00%),B:53.6(0.13%),P:1e-8	Tpos:505.3,Tstd:322.6,Bpos:656.1,Bstd:297.1,StrandBias:-1.3,Multiplicity:1.00
0.112	0.001	0.886	0.001
0.001	0.001	0.001	0.997
0.001	0.001	0.193	0.805
0.001	0.001	0.001	0.997
0.001	0.194	0.686	0.119
0.001	0.001	0.001	0.997
0.170	0.001	0.828	0.001
0.001	0.889	0.001	0.109
0.001	0.997	0.001	0.001
0.001	0.001	0.001	0.997
0.001	0.001	0.997	0.001
0.997	0.001	0.001	0.001
>TCACTTGATTTT	15-TCACTTGATTTT	11.852779	-18.407029	0	T:15.0(10.71%),B:637.5(1.59%),P:1e-7	Tpos:458.7,Tstd:321.1,Bpos:525.1,Bstd:311.8,StrandBias:0.2,Multiplicity:1.13
0.001	0.101	0.001	0.897
0.001	0.997	0.001	0.001
0.928	0.001	0.001	0.070
0.052	0.736	0.162	0.050
0.084	0.001	0.001	0.914
0.001	0.111	0.001	0.887
0.001	0.001	0.940	0.058
0.997	0.001	0.001	0.001
0.095	0.001	0.001	0.903
0.001	0.130	0.001	0.868
0.001	0.001	0.001	0.997
0.001	0.001	0.001	0.997
>ATTACKGCCGTT	16-ATTACKGCCGTT	11.999367	-17.372781	0	T:6.0(4.29%),B:47.0(0.12%),P:1e-7	Tpos:611.4,Tstd:287.4,Bpos:603.9,Bstd:298.9,StrandBias:0.4,Multiplicity:1.17
0.812	0.001	0.001	0.186
0.001	0.001	0.001	0.997
0.012	0.001	0.001	0.986
0.625	0.001	0.213	0.161
0.212	0.786	0.001	0.001
0.187	0.001	0.438	0.374
0.001	0.001	0.997	0.001
0.187	0.599	0.001	0.213
0.001	0.997	0.001	0.001
0.001	0.001	0.997	0.001
0.001	0.001	0.001	0.997
0.211	0.001	0.001	0.787
>TTTTGTCGGTCA	17-TTTTGTCGGTCA	13.739380	-16.977063	0	T:7.0(5.00%),B:87.4(0.22%),P:1e-7	Tpos:419.1,Tstd:259.0,Bpos:497.4,Bstd:327.2,StrandBias:0.0,Multiplicity:1.14
0.001	0.001	0.001	0.997
0.001	0.001	0.001	0.997
0.001	0.001	0.001	0.997
0.001	0.001	0.001	0.997
0.001	0.001	0.997	0.001
0.001	0.001	0.001	0.997
0.001	0.850	0.001	0.148
0.001	0.001	0.862	0.136
0.110	0.001	0.749	0.140
0.001	0.001	0.001	0.997
0.001	0.702	0.114	0.183
0.997	0.001	0.001	0.001
>TAAAACCACAAA	18-TAAAACCACAAA	12.600491	-16.767271	0	T:18.0(12.86%),B:1073.2(2.68%),P:1e-7	Tpos:476.9,Tstd:242.7,Bpos:501.1,Bstd:303.4,StrandBias:-0.2,Multiplicity:1.06
0.145	0.001	0.001	0.853
0.997	0.001	0.001	0.001
0.997	0.001	0.001	0.001
0.997	0.001	0.001	0.001
0.997	0.001	0.001	0.001
0.221	0.777	0.001	0.001
0.080	0.849	0.001	0.070
0.997	0.001	0.001	0.001
0.111	0.781	0.001	0.107
0.997	0.001	0.001	0.001
0.850	0.001	0.148	0.001
0.997	0.001	0.001	0.001
>GACCTAGGTCGC	19-GACCTAGGTCGC	12.477719	-14.242099	0	T:4.0(2.86%),B:16.8(0.04%),P:1e-6	Tpos:456.6,Tstd:250.4,Bpos:452.2,Bstd:327.0,StrandBias:-0.3,Multiplicity:1.50
0.001	0.349	0.649	0.001
0.997	0.001	0.001	0.001
0.281	0.717	0.001	0.001
0.001	0.997	0.001	0.001
0.349	0.001	0.001	0.649
0.692	0.306	0.001	0.001
0.001	0.001	0.692	0.306
0.001	0.001	0.997	0.001
0.281	0.001	0.001	0.717
0.001	0.997	0.001	0.001
0.001	0.001	0.997	0.001
0.001	0.997	0.001	0.001
>TTTTCTAGGCMA	20-TTTTCTAGGCMA	12.146094	-12.241321	0	T:10.0(7.14%),B:445.7(1.11%),P:1e-5	Tpos:585.9,Tstd:221.0,Bpos:535.8,Bstd:295.6,StrandBias:1.0,Multiplicity:1.50
0.001	0.001	0.001	0.997
0.001	0.001	0.001	0.997
0.001	0.001	0.208	0.790
0.001	0.001	0.001	0.997
0.001	0.583	0.415	0.001
0.205	0.001	0.001	0.793
0.997	0.001	0.001	0.001
0.001	0.001	0.997	0.001
0.259	0.128	0.612	0.001
0.001	0.901	0.001	0.097
0.346	0.491	0.001	0.163
0.782	0.001	0.001	0.216
>TATAGTCATCAT	21-TATAGTCATCAT	13.684093	-12.021116	0	T:4.0(2.86%),B:31.0(0.08%),P:1e-5	Tpos:592.8,Tstd:290.8,Bpos:438.6,Bstd:304.9,StrandBias:0.0,Multiplicity:1.50
0.106	0.001	0.001	0.892
0.997	0.001	0.001	0.001
0.001	0.001	0.001	0.997
0.997	0.001	0.001	0.001
0.001	0.001	0.997	0.001
0.001	0.001	0.001	0.997
0.149	0.849	0.001	0.001
0.839	0.001	0.001	0.159
0.001	0.001	0.159	0.839
0.001	0.877	0.001	0.121
0.997	0.001	0.001	0.001
0.001	0.173	0.001	0.825
>TCGACGTAGGCC	22-TCGACGTAGGCC	12.657296	-10.231528	0	T:2.0(1.43%),B:1.3(0.00%),P:1e-4	Tpos:709.3,Tstd:45.0,Bpos:624.9,Bstd:84.6,StrandBias:1.0,Multiplicity:1.00
0.001	0.001	0.120	0.878
0.001	0.997	0.001	0.001
0.001	0.001	0.997	0.001
0.997	0.001	0.001	0.001
0.001	0.997	0.001	0.001
0.001	0.148	0.850	0.001
0.001	0.001	0.001	0.997
0.997	0.001	0.001	0.001
0.001	0.001	0.997	0.001
0.001	0.001	0.997	0.001
0.001	0.850	0.001	0.148
0.001	0.997	0.001	0.001
>TTTTCTCTTTTT	23-TTTTCTCTTTTT	12.355432	-8.890299	0	T:8.0(5.71%),B:421.0(1.05%),P:1e-3	Tpos:628.9,Tstd:283.0,Bpos:542.5,Bstd:294.5,StrandBias:3.0,Multiplicity:1.12
0.100	0.100	0.100	0.700
0.100	0.100	0.100	0.700
0.100	0.100	0.100	0.700
0.100	0.100	0.100	0.700
0.100	0.700	0.100	0.100
0.100	0.100	0.100	0.700
0.100	0.700	0.100	0.100
0.100	0.100	0.100	0.700
0.100	0.100	0.100	0.700
0.100	0.100	0.100	0.700
0.100	0.100	0.100	0.700
0.100	0.100	0.100	0.700
>TCTATTTTTTGG	24-TCTATTTTTTGG	14.574835	-8.131286	0	T:3.0(2.14%),B:34.7(0.09%),P:1e-3	Tpos:160.1,Tstd:205.2,Bpos:474.5,Bstd:287.3,StrandBias:10.0,Multiplicity:2.33
0.001	0.001	0.001	0.997
0.001	0.997	0.001	0.001
0.001	0.001	0.001	0.997
0.997	0.001	0.001	0.001
0.001	0.001	0.001	0.997
0.001	0.001	0.001	0.997
0.001	0.001	0.001	0.997
0.001	0.001	0.001	0.997
0.001	0.001	0.150	0.848
0.001	0.123	0.001	0.875
0.001	0.001	0.997	0.001
0.001	0.001	0.997	0.001
>AATGCACTGACC	25-AATGCACTGACC	14.716165	-7.161071	0	T:2.0(1.43%),B:10.8(0.03%),P:1e-3	Tpos:644.0,Tstd:34.5,Bpos:644.9,Bstd:220.9,StrandBias:1.6,Multiplicity:2.00
0.997	0.001	0.001	0.001
0.762	0.001	0.236	0.001
0.001	0.001	0.001	0.997
0.001	0.001	0.997	0.001
0.001	0.997	0.001	0.001
0.997	0.001	0.001	0.001
0.001	0.997	0.001	0.001
0.001	0.001	0.001	0.997
0.001	0.001	0.997	0.001
0.776	0.001	0.222	0.001
0.001	0.997	0.001	0.001
0.175	0.823	0.001	0.001
