>ATTTACACACGA	11-TCGTGTGTAAAT	9.652856	-21.415210	0	T:28.0(9.21%),B:845.9(2.22%),P:1e-9
0.947	0.001	0.001	0.051
0.001	0.111	0.056	0.832
0.123	0.070	0.003	0.804
0.001	0.001	0.134	0.864
0.945	0.012	0.001	0.042
0.118	0.818	0.001	0.063
0.670	0.121	0.151	0.058
0.045	0.903	0.010	0.042
0.744	0.123	0.070	0.063
0.227	0.642	0.001	0.130
0.055	0.058	0.815	0.072
0.907	0.039	0.005	0.049
