>GAAATTTAATGC	20-GAAATTTAATGC,BestGuess:CES-1(Homeobox)/cElegans-L1-CES1-ChIP-Seq(modEncode)/Homer(0.696)	10.524901	-15.826070	0	T:20.0(6.58%),B:596.2(1.56%),P:1e-6
0.182	0.246	0.542	0.030
0.698	0.051	0.043	0.208
0.886	0.023	0.039	0.052
0.746	0.036	0.030	0.188
0.229	0.016	0.028	0.727
0.003	0.008	0.022	0.967
0.020	0.275	0.038	0.667
0.578	0.053	0.180	0.189
0.568	0.024	0.183	0.225
0.232	0.027	0.038	0.703
0.030	0.025	0.650	0.295
0.306	0.613	0.050	0.031
