>TTTCGTTTTAAT	6-TTTCGTTTTAAT,BestGuess:blmp-1/MA0537.1/Jaspar(0.615)	10.568601	-23.241556	0	T:32.0(10.53%),B:1010.3(2.65%),P:1e-10
0.036	0.028	0.045	0.891
0.035	0.032	0.015	0.918
0.028	0.029	0.229	0.714
0.200	0.439	0.180	0.181
0.217	0.119	0.462	0.202
0.190	0.133	0.084	0.593
0.256	0.049	0.026	0.669
0.054	0.027	0.034	0.885
0.038	0.169	0.169	0.624
0.560	0.251	0.151	0.038
0.874	0.032	0.054	0.040
0.040	0.062	0.045	0.853
