>AATACTTGTT	1-AATACTTGTT	11.164914	-18.587480	0	T:7.0(33.33%),B:425.5(1.35%),P:1e-8	Tpos:643.4,Tstd:274.1,Bpos:505.6,Bstd:301.8,StrandBias:-0.4,Multiplicity:1.00
0.863	0.001	0.135	0.001
0.997	0.001	0.001	0.001
0.001	0.001	0.001	0.997
0.997	0.001	0.001	0.001
0.043	0.955	0.001	0.001
0.001	0.001	0.138	0.860
0.001	0.001	0.001	0.997
0.001	0.096	0.902	0.001
0.121	0.001	0.001	0.877
0.117	0.001	0.001	0.881
>AKGCTTGTAC	2-AKGCTTGTAC	9.495985	-14.234480	0	T:6.0(28.57%),B:491.7(1.56%),P:1e-6	Tpos:323.1,Tstd:162.3,Bpos:490.2,Bstd:304.2,StrandBias:1.3,Multiplicity:1.17
0.788	0.210	0.001	0.001
0.001	0.201	0.465	0.334
0.210	0.001	0.788	0.001
0.001	0.997	0.001	0.001
0.001	0.001	0.001	0.997
0.210	0.001	0.001	0.788
0.001	0.001	0.788	0.210
0.156	0.201	0.001	0.642
0.997	0.001	0.001	0.001
0.001	0.822	0.176	0.001
>CTGGCTTATG	3-CTGGCTTATG	8.350283	-12.108975	0	T:6.0(28.57%),B:712.6(2.26%),P:1e-5	Tpos:670.9,Tstd:194.3,Bpos:501.0,Bstd:316.2,StrandBias:1.3,Multiplicity:1.17
0.100	0.700	0.100	0.100
0.100	0.100	0.100	0.700
0.100	0.100	0.700	0.100
0.100	0.100	0.700	0.100
0.100	0.700	0.100	0.100
0.100	0.100	0.100	0.700
0.100	0.100	0.100	0.700
0.700	0.100	0.100	0.100
0.100	0.100	0.100	0.700
0.100	0.100	0.700	0.100
>GAAATATTCG	4-GAAATATTCG	12.481106	-11.027629	0	T:4.0(19.05%),B:231.3(0.73%),P:1e-4	Tpos:671.0,Tstd:376.9,Bpos:510.2,Bstd:317.7,StrandBias:-2.0,Multiplicity:1.25
0.001	0.001	0.997	0.001
0.997	0.001	0.001	0.001
0.997	0.001	0.001	0.001
0.997	0.001	0.001	0.001
0.001	0.001	0.001	0.997
0.997	0.001	0.001	0.001
0.001	0.001	0.001	0.997
0.258	0.001	0.001	0.740
0.001	0.997	0.001	0.001
0.001	0.001	0.997	0.001
>ATGCACCGAA	5-ATGCACCGAA	7.372412	-9.370306	0	T:12.0(57.14%),B:5808.8(18.42%),P:1e-4	Tpos:588.3,Tstd:220.3,Bpos:487.7,Bstd:300.3,StrandBias:0.6,Multiplicity:1.36
0.923	0.075	0.001	0.001
0.118	0.001	0.072	0.809
0.077	0.132	0.790	0.001
0.058	0.685	0.115	0.142
0.846	0.001	0.001	0.152
0.075	0.873	0.001	0.051
0.001	0.789	0.072	0.138
0.170	0.195	0.634	0.001
0.769	0.001	0.001	0.229
0.921	0.001	0.001	0.077
>CGTGTAACTT	6-CGTGTAACTT	8.350283	-8.704300	0	T:6.0(28.57%),B:1312.4(4.16%),P:1e-3	Tpos:414.4,Tstd:296.9,Bpos:504.9,Bstd:301.3,StrandBias:0.4,Multiplicity:1.17
0.100	0.700	0.100	0.100
0.100	0.100	0.700	0.100
0.100	0.100	0.100	0.700
0.100	0.100	0.700	0.100
0.100	0.100	0.100	0.700
0.700	0.100	0.100	0.100
0.700	0.100	0.100	0.100
0.100	0.700	0.100	0.100
0.100	0.100	0.100	0.700
0.100	0.100	0.100	0.700
>TGCCAACTAC	7-TGCCAACTAC	8.350283	-8.126524	0	T:6.0(28.57%),B:1460.8(4.63%),P:1e-3	Tpos:537.1,Tstd:272.5,Bpos:502.3,Bstd:321.2,StrandBias:-0.4,Multiplicity:1.17
0.100	0.100	0.100	0.700
0.100	0.100	0.700	0.100
0.100	0.700	0.100	0.100
0.100	0.700	0.100	0.100
0.700	0.100	0.100	0.100
0.700	0.100	0.100	0.100
0.100	0.700	0.100	0.100
0.100	0.100	0.100	0.700
0.700	0.100	0.100	0.100
0.100	0.700	0.100	0.100
>WTTTYNRKCW	8-WTTTYNRKCW	6.266400	-4.941203	0	T:4.0(19.05%),B:1183.7(3.75%),P:1e-2	Tpos:286.1,Tstd:120.9,Bpos:494.6,Bstd:286.8,StrandBias:-10.0,Multiplicity:2.25
0.384	0.089	0.132	0.395
0.193	0.001	0.060	0.746
0.123	0.069	0.025	0.783
0.190	0.055	0.001	0.754
0.150	0.356	0.103	0.391
0.218	0.223	0.312	0.247
0.247	0.136	0.392	0.226
0.192	0.069	0.418	0.321
0.240	0.446	0.194	0.119
0.336	0.179	0.075	0.409
>ACCTGCCTTC	9-ACCTGCCTTC	10.296193	-3.479339	0	T:1.0(4.76%),B:46.2(0.15%),P:1e-1	Tpos:653.0,Tstd:0.0,Bpos:475.2,Bstd:245.8,StrandBias:10.0,Multiplicity:1.00
0.700	0.100	0.100	0.100
0.100	0.700	0.100	0.100
0.100	0.700	0.100	0.100
0.100	0.100	0.100	0.700
0.100	0.100	0.700	0.100
0.100	0.700	0.100	0.100
0.100	0.700	0.100	0.100
0.100	0.100	0.100	0.700
0.100	0.100	0.100	0.700
0.100	0.700	0.100	0.100
>AAAAACTTCTTC	1-AAAAACTTCTTC	10.844709	-21.275637	0	T:11.0(52.38%),B:1480.7(4.70%),P:1e-9	Tpos:573.2,Tstd:293.4,Bpos:498.6,Bstd:297.3,StrandBias:-0.5,Multiplicity:1.09
0.997	0.001	0.001	0.001
0.791	0.103	0.001	0.105
0.997	0.001	0.001	0.001
0.767	0.001	0.001	0.231
0.671	0.247	0.001	0.081
0.005	0.691	0.118	0.186
0.126	0.001	0.120	0.753
0.001	0.120	0.087	0.792
0.001	0.997	0.001	0.001
0.001	0.001	0.001	0.997
0.001	0.001	0.001	0.997
0.235	0.569	0.001	0.195
>CWTGCATTGAYR	2-CWTGCATTGAYR	10.103863	-21.075484	0	T:6.0(28.57%),B:151.5(0.48%),P:1e-9	Tpos:441.0,Tstd:150.7,Bpos:489.2,Bstd:293.3,StrandBias:10.0,Multiplicity:1.00
0.001	0.997	0.001	0.001
0.495	0.001	0.001	0.503
0.019	0.001	0.001	0.979
0.001	0.001	0.579	0.419
0.001	0.997	0.001	0.001
0.997	0.001	0.001	0.001
0.001	0.019	0.001	0.979
0.001	0.001	0.001	0.997
0.001	0.001	0.997	0.001
0.997	0.001	0.001	0.001
0.001	0.503	0.001	0.495
0.562	0.001	0.420	0.017
>YTTTCTGGCTTW	3-YTTTCTGGCTTW	12.795775	-18.286163	0	T:5.0(23.81%),B:111.0(0.35%),P:1e-7	Tpos:510.2,Tstd:247.2,Bpos:501.2,Bstd:332.0,StrandBias:-1.0,Multiplicity:1.20
0.049	0.410	0.001	0.540
0.319	0.001	0.001	0.679
0.001	0.001	0.001	0.997
0.001	0.001	0.410	0.588
0.001	0.786	0.001	0.212
0.001	0.001	0.055	0.943
0.001	0.001	0.997	0.001
0.001	0.001	0.997	0.001
0.001	0.997	0.001	0.001
0.001	0.001	0.001	0.997
0.001	0.001	0.048	0.950
0.533	0.001	0.001	0.465
>TACGCTTGCACC	4-TACGCTTGCACC	9.468824	-18.070366	0	T:3.0(14.29%),B:5.6(0.02%),P:1e-7	Tpos:326.0,Tstd:193.9,Bpos:324.4,Bstd:267.5,StrandBias:1.6,Multiplicity:1.33
0.001	0.001	0.001	0.997
0.997	0.001	0.001	0.001
0.001	0.879	0.119	0.001
0.001	0.001	0.997	0.001
0.001	0.997	0.001	0.001
0.001	0.001	0.001	0.997
0.001	0.001	0.001	0.997
0.001	0.001	0.997	0.001
0.001	0.879	0.001	0.119
0.997	0.001	0.001	0.001
0.001	0.997	0.001	0.001
0.001	0.942	0.056	0.001
>ATTTGAAGGCGC	5-ATTTGAAGGCGC	8.189394	-8.355168	0	T:8.0(38.10%),B:2738.5(8.68%),P:1e-3	Tpos:359.1,Tstd:282.4,Bpos:514.4,Bstd:301.2,StrandBias:-0.2,Multiplicity:1.88
0.642	0.001	0.132	0.225
0.063	0.056	0.132	0.749
0.001	0.001	0.105	0.893
0.001	0.001	0.068	0.930
0.132	0.054	0.626	0.188
0.583	0.250	0.057	0.110
0.704	0.054	0.063	0.179
0.001	0.062	0.820	0.117
0.101	0.145	0.753	0.001
0.210	0.744	0.001	0.045
0.107	0.114	0.778	0.001
0.037	0.785	0.109	0.069
>CCATTTTTCGGS	6-CCATTTTTCGGS	12.747173	-7.946915	0	T:3.0(14.29%),B:207.7(0.66%),P:1e-3	Tpos:353.5,Tstd:181.1,Bpos:470.6,Bstd:305.5,StrandBias:-10.0,Multiplicity:2.67
0.001	0.997	0.001	0.001
0.186	0.635	0.178	0.001
0.732	0.266	0.001	0.001
0.001	0.001	0.011	0.987
0.001	0.001	0.001	0.997
0.329	0.001	0.001	0.669
0.001	0.001	0.001	0.997
0.001	0.001	0.001	0.997
0.001	0.997	0.001	0.001
0.001	0.001	0.663	0.335
0.001	0.001	0.819	0.179
0.001	0.445	0.553	0.001
>CGAAAAAATCAA	7-CGAAAAAATCAA	10.409522	-7.486714	0	T:6.0(28.57%),B:1646.5(5.22%),P:1e-3	Tpos:361.9,Tstd:331.1,Bpos:527.0,Bstd:284.6,StrandBias:1.3,Multiplicity:1.17
0.100	0.700	0.100	0.100
0.100	0.100	0.700	0.100
0.700	0.100	0.100	0.100
0.700	0.100	0.100	0.100
0.700	0.100	0.100	0.100
0.700	0.100	0.100	0.100
0.700	0.100	0.100	0.100
0.700	0.100	0.100	0.100
0.100	0.100	0.100	0.700
0.100	0.700	0.100	0.100
0.700	0.100	0.100	0.100
0.700	0.100	0.100	0.100
>KTCTGGCT	1-KTCTGGCT	7.023468	-14.321707	0	T:12.0(57.14%),B:3637.2(11.53%),P:1e-6	Tpos:438.7,Tstd:226.3,Bpos:491.4,Bstd:307.6,StrandBias:-0.7,Multiplicity:1.50
0.001	0.258	0.314	0.427
0.001	0.001	0.246	0.752
0.001	0.997	0.001	0.001
0.001	0.001	0.160	0.838
0.001	0.001	0.997	0.001
0.001	0.067	0.931	0.001
0.001	0.929	0.069	0.001
0.001	0.001	0.001	0.997
>ACGATTAA	2-ACGATTAA	7.813740	-10.976645	0	T:12.0(57.14%),B:4971.8(15.77%),P:1e-4	Tpos:523.4,Tstd:273.7,Bpos:496.1,Bstd:297.7,StrandBias:0.0,Multiplicity:1.33
0.966	0.001	0.001	0.032
0.001	0.951	0.047	0.001
0.124	0.001	0.637	0.238
0.997	0.001	0.001	0.001
0.001	0.001	0.065	0.933
0.001	0.001	0.001	0.997
0.953	0.001	0.045	0.001
0.925	0.073	0.001	0.001
>ATACYWGT	3-ATACYWGT	9.570774	-8.477659	0	T:8.0(38.10%),B:2690.9(8.53%),P:1e-3	Tpos:430.2,Tstd:286.8,Bpos:506.1,Bstd:313.0,StrandBias:0.6,Multiplicity:1.25
0.997	0.001	0.001	0.001
0.001	0.001	0.001	0.997
0.997	0.001	0.001	0.001
0.001	0.997	0.001	0.001
0.001	0.526	0.001	0.472
0.526	0.001	0.001	0.472
0.001	0.001	0.997	0.001
0.001	0.001	0.001	0.997
>GAACCTGC	4-GAACCTGC	6.291044	-7.210858	0	T:14.0(66.67%),B:9681.3(30.70%),P:1e-3	Tpos:488.5,Tstd:241.4,Bpos:489.9,Bstd:311.8,StrandBias:0.4,Multiplicity:1.64
0.100	0.100	0.700	0.100
0.700	0.100	0.100	0.100
0.700	0.100	0.100	0.100
0.100	0.700	0.100	0.100
0.100	0.700	0.100	0.100
0.100	0.100	0.100	0.700
0.100	0.100	0.700	0.100
0.100	0.700	0.100	0.100
>TTATGCCA	5-TTATGCCA	8.559667	-7.192500	0	T:10.0(47.62%),B:5088.7(16.14%),P:1e-3	Tpos:554.4,Tstd:259.0,Bpos:503.0,Bstd:300.4,StrandBias:-0.7,Multiplicity:1.60
0.001	0.001	0.001	0.997
0.001	0.001	0.001	0.997
0.747	0.001	0.001	0.251
0.161	0.147	0.001	0.691
0.001	0.001	0.997	0.001
0.001	0.735	0.001	0.263
0.001	0.997	0.001	0.001
0.632	0.001	0.001	0.366
