>GGTCTCGCCACG	2-GGTCTCGCCACG,BestGuess:POL011.1_XCPE1/Jaspar(0.592)	8.883096	-115.607846	0	T:113.0(37.05%),B:2546.5(6.92%),P:1e-50
0.091	0.043	0.865	0.001
0.036	0.001	0.962	0.001
0.070	0.043	0.001	0.886
0.107	0.802	0.001	0.090
0.043	0.130	0.001	0.826
0.001	0.868	0.080	0.051
0.269	0.043	0.687	0.001
0.095	0.753	0.075	0.077
0.252	0.718	0.029	0.001
0.741	0.055	0.203	0.001
0.028	0.970	0.001	0.001
0.043	0.001	0.926	0.030
