>CGAAAAGGGGAT	20-ATCCCCTTTTCG	9.399750	-12.689608	0	T:33.0(10.82%),B:1629.0(4.43%),P:1e-5
0.122	0.792	0.051	0.035
0.069	0.001	0.888	0.042
0.922	0.076	0.001	0.001
0.873	0.001	0.077	0.049
0.950	0.001	0.048	0.001
0.800	0.091	0.001	0.108
0.086	0.030	0.791	0.093
0.084	0.086	0.698	0.132
0.026	0.114	0.758	0.102
0.094	0.001	0.809	0.096
0.903	0.001	0.095	0.001
0.094	0.001	0.081	0.824
