>GTCGATTTACAG	7-CTGTAAATCGAC	10.256282	-25.310443	0	T:37.0(7.09%),B:722.1(1.83%),P:1e-10
0.156	0.025	0.747	0.072
0.001	0.062	0.001	0.936
0.154	0.694	0.079	0.073
0.137	0.001	0.788	0.074
0.808	0.001	0.074	0.117
0.042	0.042	0.001	0.915
0.001	0.041	0.001	0.957
0.001	0.061	0.044	0.894
0.756	0.190	0.024	0.030
0.061	0.827	0.025	0.087
0.921	0.032	0.021	0.026
0.181	0.017	0.765	0.037
