>CCAATTTATTTA	1-TAAATAAATTGG	10.858062	-30.448005	0	T:25.0(4.79%),B:254.4(0.64%),P:1e-13
0.033	0.790	0.020	0.157
0.206	0.535	0.025	0.234
0.726	0.037	0.019	0.218
0.872	0.025	0.028	0.075
0.194	0.031	0.009	0.766
0.216	0.225	0.010	0.549
0.012	0.322	0.010	0.656
0.730	0.029	0.140	0.101
0.320	0.007	0.028	0.645
0.001	0.159	0.253	0.587
0.009	0.179	0.029	0.783
0.796	0.032	0.024	0.148
