>AAACAAAAATAA	8-TTATTTTTGTTT	9.712474	-25.080374	0	T:205.0(39.27%),B:10167.0(25.74%),P:1e-10
0.873	0.017	0.066	0.044
0.836	0.083	0.048	0.033
0.848	0.071	0.034	0.047
0.095	0.758	0.074	0.073
0.803	0.045	0.095	0.057
0.915	0.001	0.001	0.083
0.768	0.056	0.091	0.085
0.765	0.049	0.079	0.107
0.818	0.102	0.036	0.044
0.005	0.059	0.028	0.908
0.844	0.054	0.081	0.021
0.866	0.024	0.034	0.076
