>ATGAGGAA	1-ATGAGGAA	8.034772	-96.311844	0	T:92.0(66.67%),B:5750.2(14.98%),P:1e-41	Tpos:551.9,Tstd:272.6,Bpos:515.3,Bstd:325.8,StrandBias:-0.4,Multiplicity:1.72
0.570	0.296	0.133	0.001
0.001	0.001	0.001	0.997
0.162	0.001	0.754	0.083
0.997	0.001	0.001	0.001
0.001	0.001	0.997	0.001
0.001	0.001	0.997	0.001
0.997	0.001	0.001	0.001
0.997	0.001	0.001	0.001
>GTTAGCAA	2-GTTAGCAA	7.336931	-66.195549	0	T:94.0(68.12%),B:8748.1(22.79%),P:1e-28	Tpos:603.9,Tstd:275.0,Bpos:509.5,Bstd:319.9,StrandBias:-0.4,Multiplicity:1.49
0.316	0.080	0.603	0.001
0.001	0.141	0.092	0.766
0.001	0.003	0.112	0.884
0.997	0.001	0.001	0.001
0.001	0.001	0.997	0.001
0.001	0.662	0.336	0.001
0.997	0.001	0.001	0.001
0.907	0.001	0.001	0.091
>CTGATAAG	3-CTGATAAG	7.931530	-47.838739	0	T:59.0(42.75%),B:4192.3(10.92%),P:1e-20	Tpos:616.5,Tstd:260.9,Bpos:535.8,Bstd:325.8,StrandBias:0.6,Multiplicity:1.21
0.001	0.997	0.001	0.001
0.001	0.059	0.001	0.939
0.001	0.063	0.935	0.001
0.997	0.001	0.001	0.001
0.001	0.001	0.001	0.997
0.979	0.019	0.001	0.001
0.997	0.001	0.001	0.001
0.001	0.202	0.796	0.001
>ATAGCAAG	4-ATAGCAAG	7.750338	-17.426282	0	T:30.0(21.74%),B:2693.8(7.02%),P:1e-7	Tpos:569.5,Tstd:293.1,Bpos:514.9,Bstd:332.2,StrandBias:-0.3,Multiplicity:1.14
0.894	0.001	0.104	0.001
0.001	0.001	0.001	0.997
0.997	0.001	0.001	0.001
0.001	0.001	0.997	0.001
0.001	0.997	0.001	0.001
0.997	0.001	0.001	0.001
0.939	0.001	0.059	0.001
0.001	0.001	0.682	0.316
>TTCGCTGA	5-TTCGCTGA	7.744632	-16.901337	0	T:44.0(31.88%),B:5291.5(13.78%),P:1e-7	Tpos:474.0,Tstd:309.4,Bpos:499.2,Bstd:315.7,StrandBias:0.1,Multiplicity:1.09
0.001	0.113	0.058	0.828
0.244	0.001	0.077	0.678
0.001	0.873	0.001	0.125
0.001	0.001	0.997	0.001
0.001	0.997	0.001	0.001
0.001	0.001	0.071	0.927
0.001	0.001	0.682	0.316
0.799	0.001	0.001	0.199
>CTCAGAGG	6-CTCAGAGG	7.555607	-16.064931	0	T:27.0(19.57%),B:2378.4(6.20%),P:1e-6	Tpos:493.0,Tstd:232.2,Bpos:493.8,Bstd:326.4,StrandBias:0.5,Multiplicity:1.23
0.088	0.910	0.001	0.001
0.001	0.079	0.001	0.919
0.001	0.776	0.222	0.001
0.884	0.026	0.001	0.089
0.186	0.001	0.812	0.001
0.997	0.001	0.001	0.001
0.059	0.001	0.939	0.001
0.001	0.001	0.778	0.220
>ACGCTTAA	7-ACGCTTAA	9.145050	-14.264405	0	T:17.0(12.32%),B:1109.5(2.89%),P:1e-6	Tpos:486.9,Tstd:326.6,Bpos:491.6,Bstd:317.0,StrandBias:0.2,Multiplicity:1.00
0.904	0.001	0.001	0.094
0.001	0.837	0.161	0.001
0.001	0.001	0.997	0.001
0.001	0.997	0.001	0.001
0.001	0.001	0.001	0.997
0.001	0.001	0.001	0.997
0.997	0.001	0.001	0.001
0.997	0.001	0.001	0.001
>ATCGTTTC	8-ATCGTTTC	7.993555	-14.263339	0	T:35.0(25.36%),B:4029.5(10.50%),P:1e-6	Tpos:450.6,Tstd:273.3,Bpos:513.5,Bstd:312.0,StrandBias:0.6,Multiplicity:1.09
0.997	0.001	0.001	0.001
0.001	0.001	0.061	0.937
0.001	0.997	0.001	0.001
0.001	0.001	0.997	0.001
0.131	0.001	0.001	0.867
0.074	0.001	0.001	0.924
0.062	0.001	0.001	0.936
0.001	0.997	0.001	0.001
>CTACGCAC	9-CTACGCAC	8.987390	-13.905335	0	T:10.0(7.25%),B:357.5(0.93%),P:1e-6	Tpos:341.3,Tstd:197.7,Bpos:512.1,Bstd:321.8,StrandBias:0.6,Multiplicity:1.11
0.090	0.908	0.001	0.001
0.001	0.150	0.001	0.848
0.997	0.001	0.001	0.001
0.001	0.997	0.001	0.001
0.001	0.001	0.997	0.001
0.001	0.910	0.001	0.088
0.997	0.001	0.001	0.001
0.001	0.997	0.001	0.001
>GTTCATAC	10-GTTCATAC	7.581402	-12.521921	0	T:31.0(22.46%),B:3585.7(9.34%),P:1e-5	Tpos:437.3,Tstd:266.7,Bpos:488.6,Bstd:322.3,StrandBias:0.5,Multiplicity:1.13
0.001	0.139	0.859	0.001
0.100	0.064	0.273	0.563
0.001	0.072	0.001	0.926
0.001	0.997	0.001	0.001
0.595	0.001	0.089	0.315
0.001	0.001	0.001	0.997
0.997	0.001	0.001	0.001
0.001	0.997	0.001	0.001
>CCTGTCAA	11-CCTGTCAA	8.236954	-4.456750	0	T:8.0(5.80%),B:840.7(2.19%),P:1e-1	Tpos:536.7,Tstd:249.5,Bpos:490.9,Bstd:341.7,StrandBias:-0.2,Multiplicity:1.62
0.100	0.700	0.100	0.100
0.100	0.700	0.100	0.100
0.100	0.100	0.100	0.700
0.100	0.100	0.700	0.100
0.100	0.100	0.100	0.700
0.100	0.700	0.100	0.100
0.700	0.100	0.100	0.100
0.700	0.100	0.100	0.100
