>TSCTMAYWCTTA	1-TSCTMAYWCTTA	10.513236	-144.817261	0	T:49.0(35.51%),B:319.2(0.83%),P:1e-62	Tpos:632.0,Tstd:256.9,Bpos:534.6,Bstd:308.3,StrandBias:0.5,Multiplicity:1.18
0.001	0.001	0.001	0.997
0.001	0.474	0.524	0.001
0.001	0.997	0.001	0.001
0.001	0.001	0.001	0.997
0.480	0.416	0.046	0.057
0.956	0.042	0.001	0.001
0.001	0.452	0.134	0.414
0.442	0.043	0.001	0.514
0.134	0.643	0.136	0.087
0.038	0.246	0.001	0.715
0.306	0.049	0.001	0.644
0.807	0.039	0.083	0.071
>MTTGCTARKYYT	2-MTTGCTARKYYT	9.257382	-84.078923	0	T:46.0(33.33%),B:999.5(2.60%),P:1e-36	Tpos:680.6,Tstd:240.6,Bpos:526.9,Bstd:327.0,StrandBias:1.1,Multiplicity:1.11
0.531	0.467	0.001	0.001
0.001	0.001	0.001	0.997
0.001	0.001	0.001	0.997
0.001	0.038	0.960	0.001
0.001	0.997	0.001	0.001
0.001	0.001	0.001	0.997
0.947	0.051	0.001	0.001
0.436	0.001	0.305	0.258
0.001	0.235	0.449	0.316
0.224	0.330	0.001	0.446
0.001	0.397	0.218	0.384
0.001	0.001	0.001	0.997
>ACTGATAAGAAY	3-ACTGATAAGAAY	9.905193	-55.539358	0	T:46.0(33.33%),B:1979.7(5.16%),P:1e-24	Tpos:600.1,Tstd:266.6,Bpos:571.0,Bstd:329.5,StrandBias:0.0,Multiplicity:1.22
0.871	0.064	0.064	0.001
0.001	0.646	0.001	0.352
0.001	0.001	0.001	0.997
0.001	0.001	0.997	0.001
0.997	0.001	0.001	0.001
0.001	0.001	0.001	0.997
0.927	0.071	0.001	0.001
0.940	0.001	0.001	0.058
0.001	0.376	0.622	0.001
0.884	0.001	0.114	0.001
0.783	0.115	0.101	0.001
0.143	0.380	0.001	0.475
>AHMAATTCCTCA	4-AHMAATTCCTCA	6.538041	-54.922435	0	T:51.0(36.96%),B:2585.5(6.73%),P:1e-23	Tpos:576.7,Tstd:261.7,Bpos:519.5,Bstd:323.0,StrandBias:0.2,Multiplicity:1.55
0.450	0.299	0.001	0.250
0.400	0.341	0.001	0.259
0.342	0.454	0.001	0.203
0.639	0.001	0.001	0.359
0.808	0.190	0.001	0.001
0.001	0.001	0.001	0.997
0.001	0.001	0.001	0.997
0.001	0.997	0.001	0.001
0.001	0.997	0.001	0.001
0.001	0.001	0.001	0.997
0.193	0.803	0.001	0.003
0.997	0.001	0.001	0.001
>TTGCTCACTBTT	5-TTGCTCACTBTT	10.308986	-53.198503	0	T:38.0(27.54%),B:1289.1(3.36%),P:1e-23	Tpos:635.2,Tstd:255.7,Bpos:529.4,Bstd:315.2,StrandBias:1.4,Multiplicity:1.07
0.001	0.001	0.001	0.997
0.001	0.001	0.001	0.997
0.335	0.001	0.661	0.003
0.001	0.997	0.001	0.001
0.001	0.001	0.001	0.997
0.001	0.656	0.342	0.001
0.997	0.001	0.001	0.001
0.001	0.792	0.001	0.206
0.122	0.113	0.001	0.764
0.109	0.337	0.276	0.279
0.100	0.004	0.119	0.777
0.100	0.122	0.001	0.777
>TTTCCTCAGACT	6-TTTCCTCAGACT	10.284111	-36.600934	0	T:26.0(18.84%),B:858.1(2.24%),P:1e-15	Tpos:673.8,Tstd:257.7,Bpos:499.3,Bstd:322.4,StrandBias:1.0,Multiplicity:1.20
0.064	0.001	0.147	0.788
0.002	0.001	0.100	0.897
0.001	0.001	0.001	0.997
0.001	0.939	0.059	0.001
0.028	0.914	0.001	0.057
0.064	0.001	0.005	0.930
0.001	0.997	0.001	0.001
0.935	0.001	0.001	0.063
0.055	0.155	0.738	0.052
0.745	0.001	0.100	0.154
0.121	0.439	0.164	0.276
0.221	0.001	0.088	0.690
>TGCTATAGTTAA	7-TGCTATAGTTAA	13.234316	-30.678584	0	T:9.0(6.52%),B:35.5(0.09%),P:1e-13	Tpos:610.3,Tstd:268.6,Bpos:475.0,Bstd:354.1,StrandBias:0.3,Multiplicity:1.00
0.001	0.001	0.001	0.997
0.001	0.001	0.997	0.001
0.001	0.997	0.001	0.001
0.001	0.001	0.001	0.997
0.915	0.001	0.001	0.083
0.001	0.001	0.001	0.997
0.718	0.001	0.001	0.280
0.001	0.095	0.903	0.001
0.001	0.001	0.001	0.997
0.001	0.001	0.001	0.997
0.733	0.155	0.111	0.001
0.863	0.001	0.135	0.001
>AGAAACATAMGC	8-AGAAACATAMGC	13.804040	-29.448984	0	T:8.0(5.80%),B:23.2(0.06%),P:1e-12	Tpos:639.0,Tstd:242.8,Bpos:512.6,Bstd:282.9,StrandBias:-1.8,Multiplicity:1.12
0.627	0.001	0.371	0.001
0.001	0.001	0.997	0.001
0.997	0.001	0.001	0.001
0.997	0.001	0.001	0.001
0.997	0.001	0.001	0.001
0.001	0.997	0.001	0.001
0.997	0.001	0.001	0.001
0.001	0.001	0.001	0.997
0.997	0.001	0.001	0.001
0.437	0.326	0.001	0.236
0.001	0.391	0.607	0.001
0.001	0.672	0.001	0.326
>AAAACTCCTATC	9-AAAACTCCTATC	11.585597	-22.324885	0	T:11.0(7.97%),B:191.0(0.50%),P:1e-9	Tpos:590.8,Tstd:264.1,Bpos:493.8,Bstd:270.9,StrandBias:0.2,Multiplicity:1.18
0.607	0.391	0.001	0.001
0.654	0.001	0.001	0.344
0.947	0.001	0.001	0.051
0.997	0.001	0.001	0.001
0.001	0.585	0.001	0.413
0.001	0.001	0.405	0.593
0.001	0.997	0.001	0.001
0.001	0.805	0.001	0.193
0.001	0.001	0.001	0.997
0.997	0.001	0.001	0.001
0.001	0.001	0.344	0.654
0.001	0.552	0.395	0.052
>CTCATCCTTACT	10-CTCATCCTTACT	10.729701	-21.739329	0	T:7.0(5.07%),B:40.5(0.11%),P:1e-9	Tpos:630.4,Tstd:249.8,Bpos:634.7,Bstd:313.3,StrandBias:1.3,Multiplicity:1.00
0.001	0.972	0.001	0.026
0.001	0.001	0.001	0.997
0.001	0.997	0.001	0.001
0.997	0.001	0.001	0.001
0.001	0.001	0.001	0.997
0.001	0.997	0.001	0.001
0.001	0.832	0.166	0.001
0.001	0.001	0.001	0.997
0.001	0.001	0.001	0.997
0.997	0.001	0.001	0.001
0.133	0.832	0.001	0.034
0.130	0.001	0.001	0.868
>TCCTGTCAAGRA	11-TCCTGTCAAGRA	9.230049	-21.690560	0	T:9.0(6.52%),B:106.4(0.28%),P:1e-9	Tpos:537.8,Tstd:295.2,Bpos:510.4,Bstd:303.1,StrandBias:0.0,Multiplicity:1.11
0.001	0.001	0.001	0.997
0.001	0.997	0.001	0.001
0.001	0.987	0.011	0.001
0.175	0.001	0.001	0.823
0.001	0.001	0.997	0.001
0.001	0.001	0.001	0.997
0.001	0.997	0.001	0.001
0.984	0.014	0.001	0.001
0.997	0.001	0.001	0.001
0.001	0.001	0.783	0.215
0.435	0.001	0.563	0.001
0.564	0.231	0.001	0.204
>WGACKCAAAGGA	12-WGACKCAAAGGA	12.915340	-21.577913	0	T:5.0(3.62%),B:7.7(0.02%),P:1e-9	Tpos:517.9,Tstd:322.6,Bpos:628.2,Bstd:373.0,StrandBias:-0.4,Multiplicity:1.40
0.512	0.001	0.001	0.486
0.085	0.001	0.913	0.001
0.997	0.001	0.001	0.001
0.001	0.997	0.001	0.001
0.001	0.001	0.426	0.572
0.001	0.997	0.001	0.001
0.997	0.001	0.001	0.001
0.997	0.001	0.001	0.001
0.997	0.001	0.001	0.001
0.001	0.001	0.997	0.001
0.001	0.001	0.997	0.001
0.997	0.001	0.001	0.001
>ATGAATTAGTTC	13-ATGAATTAGTTC	13.305965	-20.523401	0	T:8.0(5.80%),B:81.3(0.21%),P:1e-8	Tpos:382.8,Tstd:166.7,Bpos:561.5,Bstd:306.5,StrandBias:0.0,Multiplicity:1.00
0.997	0.001	0.001	0.001
0.001	0.001	0.001	0.997
0.001	0.001	0.997	0.001
0.820	0.001	0.178	0.001
0.997	0.001	0.001	0.001
0.087	0.001	0.001	0.911
0.001	0.001	0.001	0.997
0.878	0.001	0.120	0.001
0.286	0.001	0.712	0.001
0.178	0.001	0.001	0.820
0.001	0.001	0.001	0.997
0.001	0.997	0.001	0.001
>GGTGTGGATTTT	14-GGTGTGGATTTT	13.781890	-20.344293	0	T:8.0(5.80%),B:83.6(0.22%),P:1e-8	Tpos:535.8,Tstd:212.2,Bpos:507.8,Bstd:298.5,StrandBias:0.0,Multiplicity:1.25
0.001	0.001	0.997	0.001
0.154	0.001	0.844	0.001
0.180	0.001	0.001	0.818
0.146	0.001	0.852	0.001
0.001	0.001	0.001	0.997
0.001	0.150	0.848	0.001
0.118	0.001	0.880	0.001
0.997	0.001	0.001	0.001
0.001	0.001	0.001	0.997
0.001	0.001	0.001	0.997
0.001	0.001	0.001	0.997
0.001	0.001	0.001	0.997
>TAATAGCCTTRT	15-TAATAGCCTTRT	14.041660	-19.881933	0	T:5.0(3.62%),B:11.9(0.03%),P:1e-8	Tpos:536.7,Tstd:264.2,Bpos:533.6,Bstd:334.2,StrandBias:0.0,Multiplicity:1.20
0.001	0.001	0.001	0.997
0.997	0.001	0.001	0.001
0.997	0.001	0.001	0.001
0.001	0.001	0.001	0.997
0.997	0.001	0.001	0.001
0.001	0.001	0.997	0.001
0.001	0.997	0.001	0.001
0.001	0.890	0.001	0.108
0.001	0.001	0.001	0.997
0.001	0.001	0.001	0.997
0.376	0.001	0.474	0.149
0.182	0.001	0.001	0.816
>GCACATTWCTTT	16-GCACATTWCTTT	15.437691	-19.871430	0	T:6.0(4.35%),B:28.9(0.08%),P:1e-8	Tpos:541.3,Tstd:193.0,Bpos:459.3,Bstd:312.4,StrandBias:0.4,Multiplicity:1.17
0.001	0.001	0.997	0.001
0.001	0.997	0.001	0.001
0.997	0.001	0.001	0.001
0.001	0.997	0.001	0.001
0.997	0.001	0.001	0.001
0.001	0.185	0.170	0.644
0.001	0.001	0.001	0.997
0.515	0.001	0.001	0.483
0.001	0.997	0.001	0.001
0.001	0.001	0.001	0.997
0.001	0.001	0.001	0.997
0.001	0.001	0.001	0.997
>AGTTCTATAATT	17-AGTTCTATAATT	14.433905	-18.102656	0	T:6.0(4.35%),B:39.5(0.10%),P:1e-7	Tpos:470.6,Tstd:166.5,Bpos:524.3,Bstd:255.0,StrandBias:0.0,Multiplicity:1.33
0.849	0.001	0.149	0.001
0.001	0.001	0.997	0.001
0.001	0.001	0.001	0.997
0.001	0.001	0.001	0.997
0.001	0.997	0.001	0.001
0.001	0.001	0.001	0.997
0.997	0.001	0.001	0.001
0.001	0.001	0.001	0.997
0.997	0.001	0.001	0.001
0.907	0.001	0.091	0.001
0.001	0.157	0.001	0.841
0.001	0.001	0.001	0.997
>CGARGCGTCATG	18-CGARGCGTCATG	14.741027	-16.791546	0	T:4.0(2.90%),B:7.3(0.02%),P:1e-7	Tpos:509.4,Tstd:197.4,Bpos:606.9,Bstd:183.4,StrandBias:-0.6,Multiplicity:1.25
0.001	0.997	0.001	0.001
0.001	0.001	0.997	0.001
0.997	0.001	0.001	0.001
0.458	0.001	0.540	0.001
0.001	0.001	0.997	0.001
0.001	0.997	0.001	0.001
0.287	0.001	0.711	0.001
0.001	0.001	0.001	0.997
0.001	0.997	0.001	0.001
0.997	0.001	0.001	0.001
0.001	0.001	0.001	0.997
0.001	0.001	0.997	0.001
>TTCTTTGCTCAC	19-TTCTTTGCTCAC	12.355432	-13.372553	0	T:3.0(2.17%),B:4.5(0.01%),P:1e-5	Tpos:418.0,Tstd:316.7,Bpos:396.8,Bstd:413.7,StrandBias:0.0,Multiplicity:2.00
0.100	0.100	0.100	0.700
0.100	0.100	0.100	0.700
0.100	0.700	0.100	0.100
0.100	0.100	0.100	0.700
0.100	0.100	0.100	0.700
0.100	0.100	0.100	0.700
0.100	0.100	0.700	0.100
0.100	0.700	0.100	0.100
0.100	0.100	0.100	0.700
0.100	0.700	0.100	0.100
0.700	0.100	0.100	0.100
0.100	0.700	0.100	0.100
>CGCGAVCACGTG	20-CGCGAVCACGTG	9.088313	-13.245849	0	T:10.0(7.25%),B:385.9(1.01%),P:1e-5	Tpos:441.8,Tstd:294.3,Bpos:532.8,Bstd:298.7,StrandBias:0.0,Multiplicity:1.50
0.252	0.746	0.001	0.001
0.009	0.116	0.874	0.001
0.193	0.579	0.001	0.227
0.101	0.001	0.897	0.001
0.766	0.001	0.232	0.001
0.329	0.335	0.335	0.001
0.076	0.797	0.001	0.126
0.997	0.001	0.001	0.001
0.008	0.773	0.218	0.001
0.218	0.233	0.548	0.001
0.001	0.001	0.001	0.997
0.116	0.001	0.767	0.116
>AAAACGTCAAAC	21-AAAACGTCAAAC	12.355432	-12.905179	0	T:3.0(2.17%),B:5.8(0.02%),P:1e-5	Tpos:350.0,Tstd:319.5,Bpos:533.4,Bstd:281.8,StrandBias:-0.6,Multiplicity:1.67
0.700	0.100	0.100	0.100
0.700	0.100	0.100	0.100
0.700	0.100	0.100	0.100
0.700	0.100	0.100	0.100
0.100	0.700	0.100	0.100
0.100	0.100	0.700	0.100
0.100	0.100	0.100	0.700
0.100	0.700	0.100	0.100
0.700	0.100	0.100	0.100
0.700	0.100	0.100	0.100
0.700	0.100	0.100	0.100
0.100	0.700	0.100	0.100
>ACATCATAATGT	22-ACATCATAATGT	14.153875	-11.791502	0	T:4.0(2.90%),B:32.0(0.08%),P:1e-5	Tpos:572.4,Tstd:192.0,Bpos:468.2,Bstd:267.7,StrandBias:1.3,Multiplicity:1.75
0.997	0.001	0.001	0.001
0.001	0.997	0.001	0.001
0.867	0.001	0.131	0.001
0.001	0.001	0.001	0.997
0.001	0.997	0.001	0.001
0.766	0.232	0.001	0.001
0.001	0.001	0.001	0.997
0.997	0.001	0.001	0.001
0.997	0.001	0.001	0.001
0.001	0.001	0.001	0.997
0.142	0.001	0.856	0.001
0.001	0.001	0.001	0.997
>GCATTTTTCCGC	23-GCATTTTTCCGC	12.355432	-11.547419	0	T:3.0(2.17%),B:9.6(0.02%),P:1e-5	Tpos:493.6,Tstd:322.5,Bpos:479.9,Bstd:285.6,StrandBias:-0.6,Multiplicity:1.67
0.100	0.100	0.700	0.100
0.100	0.700	0.100	0.100
0.700	0.100	0.100	0.100
0.100	0.100	0.100	0.700
0.100	0.100	0.100	0.700
0.100	0.100	0.100	0.700
0.100	0.100	0.100	0.700
0.100	0.100	0.100	0.700
0.100	0.700	0.100	0.100
0.100	0.700	0.100	0.100
0.100	0.100	0.700	0.100
0.100	0.700	0.100	0.100
>GGCTCGTGCTCA	24-GGCTCGTGCTCA	12.355432	-11.270969	0	T:2.0(1.45%),B:1.0(0.00%),P:1e-4	Tpos:418.0,Tstd:313.7,Bpos:229.7,Bstd:154.1,StrandBias:0.0,Multiplicity:2.00
0.100	0.100	0.700	0.100
0.100	0.100	0.700	0.100
0.100	0.700	0.100	0.100
0.100	0.100	0.100	0.700
0.100	0.700	0.100	0.100
0.100	0.100	0.700	0.100
0.100	0.100	0.100	0.700
0.100	0.100	0.700	0.100
0.100	0.700	0.100	0.100
0.100	0.100	0.100	0.700
0.100	0.700	0.100	0.100
0.700	0.100	0.100	0.100
>TGGTGATCGTTT	25-TGGTGATCGTTT	12.355432	-8.975450	0	T:2.0(1.45%),B:3.5(0.01%),P:1e-3	Tpos:418.0,Tstd:312.6,Bpos:363.0,Bstd:125.2,StrandBias:0.0,Multiplicity:2.00
0.100	0.100	0.100	0.700
0.100	0.100	0.700	0.100
0.100	0.100	0.700	0.100
0.100	0.100	0.100	0.700
0.100	0.100	0.700	0.100
0.700	0.100	0.100	0.100
0.100	0.100	0.100	0.700
0.100	0.700	0.100	0.100
0.100	0.100	0.700	0.100
0.100	0.100	0.100	0.700
0.100	0.100	0.100	0.700
0.100	0.100	0.100	0.700
