>CGCATAACCG	1-CGCATAACCG	10.533291	-22.224699	0	T:9.0(8.26%),B:133.0(0.34%),P:1e-9	Tpos:480.9,Tstd:331.3,Bpos:546.4,Bstd:307.0,StrandBias:3.0,Multiplicity:1.00
0.001	0.997	0.001	0.001
0.001	0.001	0.872	0.126
0.001	0.900	0.098	0.001
0.857	0.001	0.001	0.141
0.082	0.001	0.001	0.916
0.862	0.136	0.001	0.001
0.997	0.001	0.001	0.001
0.001	0.892	0.001	0.106
0.001	0.997	0.001	0.001
0.146	0.001	0.852	0.001
>TTAACCAKGA	2-TTAACCAKGA	10.442199	-21.920889	0	T:15.0(13.76%),B:628.1(1.59%),P:1e-9	Tpos:481.9,Tstd:313.0,Bpos:488.2,Bstd:302.4,StrandBias:-0.7,Multiplicity:1.07
0.085	0.001	0.136	0.778
0.227	0.001	0.001	0.771
0.793	0.001	0.001	0.205
0.997	0.001	0.001	0.001
0.210	0.788	0.001	0.001
0.001	0.901	0.097	0.001
0.997	0.001	0.001	0.001
0.001	0.001	0.531	0.467
0.001	0.001	0.809	0.189
0.997	0.001	0.001	0.001
>TACAAATAGA	3-TACAAATAGA	10.002478	-20.710175	0	T:20.0(18.35%),B:1351.5(3.42%),P:1e-8	Tpos:465.8,Tstd:270.8,Bpos:510.8,Bstd:318.1,StrandBias:0.3,Multiplicity:1.10
0.026	0.056	0.001	0.917
0.939	0.001	0.001	0.059
0.001	0.835	0.001	0.163
0.761	0.084	0.001	0.154
0.997	0.001	0.001	0.001
0.760	0.082	0.001	0.157
0.001	0.001	0.001	0.997
0.971	0.001	0.001	0.027
0.001	0.001	0.973	0.025
0.883	0.001	0.075	0.041
>TTACCCATGC	4-TTACCCATGC	10.439576	-20.306305	0	T:9.0(8.26%),B:166.7(0.42%),P:1e-8	Tpos:504.7,Tstd:285.5,Bpos:507.7,Bstd:340.4,StrandBias:1.8,Multiplicity:1.00
0.001	0.121	0.128	0.750
0.001	0.001	0.131	0.867
0.941	0.001	0.001	0.057
0.103	0.895	0.001	0.001
0.001	0.997	0.001	0.001
0.001	0.997	0.001	0.001
0.885	0.113	0.001	0.001
0.001	0.001	0.001	0.997
0.001	0.092	0.838	0.069
0.001	0.917	0.001	0.081
>SGCGYCCGGC	5-SGCGYCCGGC	7.731714	-19.358376	0	T:18.0(16.51%),B:1163.3(2.94%),P:1e-8	Tpos:428.6,Tstd:317.6,Bpos:523.7,Bstd:307.3,StrandBias:-0.4,Multiplicity:1.17
0.001	0.434	0.472	0.093
0.001	0.181	0.676	0.142
0.001	0.859	0.001	0.139
0.008	0.001	0.898	0.093
0.171	0.407	0.001	0.421
0.001	0.846	0.152	0.001
0.155	0.843	0.001	0.001
0.001	0.009	0.989	0.001
0.005	0.262	0.732	0.001
0.001	0.608	0.001	0.390
>CTGATAAGAA	6-CTGATAAGAA	8.864910	-19.111175	0	T:31.0(28.44%),B:3547.1(8.98%),P:1e-8	Tpos:600.8,Tstd:300.8,Bpos:547.4,Bstd:321.2,StrandBias:-0.2,Multiplicity:1.19
0.087	0.857	0.055	0.001
0.001	0.001	0.001	0.997
0.048	0.001	0.900	0.051
0.997	0.001	0.001	0.001
0.001	0.053	0.001	0.945
0.897	0.001	0.051	0.051
0.997	0.001	0.001	0.001
0.063	0.001	0.897	0.039
0.836	0.059	0.039	0.066
0.734	0.050	0.040	0.176
>AGTCAGTTAA	7-AGTCAGTTAA	10.058382	-19.053707	0	T:16.0(14.68%),B:908.6(2.30%),P:1e-8	Tpos:446.0,Tstd:277.3,Bpos:493.3,Bstd:318.5,StrandBias:0.2,Multiplicity:1.06
0.941	0.001	0.001	0.057
0.001	0.104	0.852	0.043
0.074	0.131	0.001	0.794
0.057	0.941	0.001	0.001
0.997	0.001	0.001	0.001
0.001	0.001	0.937	0.061
0.001	0.001	0.001	0.997
0.067	0.065	0.001	0.867
0.853	0.076	0.001	0.070
0.891	0.107	0.001	0.001
>TTCGGAGATA	8-TTCGGAGATA	9.401488	-17.252926	0	T:17.0(15.60%),B:1183.3(2.99%),P:1e-7	Tpos:518.7,Tstd:284.3,Bpos:488.9,Bstd:316.9,StrandBias:1.4,Multiplicity:1.06
0.091	0.001	0.001	0.907
0.001	0.001	0.001	0.997
0.001	0.878	0.073	0.048
0.044	0.001	0.902	0.053
0.001	0.001	0.909	0.089
0.813	0.099	0.001	0.087
0.172	0.001	0.826	0.001
0.883	0.001	0.115	0.001
0.030	0.001	0.001	0.968
0.997	0.001	0.001	0.001
>TCCYTGAGGG	9-TCCYTGAGGG	7.650313	-16.188541	0	T:18.0(16.51%),B:1437.4(3.64%),P:1e-7	Tpos:430.5,Tstd:275.8,Bpos:516.1,Bstd:322.2,StrandBias:-0.3,Multiplicity:1.50
0.001	0.001	0.001	0.997
0.001	0.996	0.001	0.002
0.200	0.798	0.001	0.001
0.085	0.400	0.089	0.426
0.288	0.167	0.001	0.544
0.088	0.001	0.910	0.001
0.749	0.001	0.181	0.069
0.001	0.092	0.832	0.075
0.066	0.097	0.748	0.089
0.078	0.078	0.843	0.001
>TTCNTTACGA	10-TTCNTTACGA	9.172117	-16.022566	0	T:11.0(10.09%),B:475.3(1.20%),P:1e-6	Tpos:458.5,Tstd:284.4,Bpos:531.8,Bstd:312.6,StrandBias:0.3,Multiplicity:1.00
0.001	0.252	0.001	0.746
0.001	0.001	0.001	0.997
0.001	0.689	0.309	0.001
0.298	0.217	0.197	0.288
0.298	0.001	0.105	0.596
0.001	0.236	0.071	0.692
0.466	0.223	0.075	0.236
0.183	0.815	0.001	0.001
0.001	0.001	0.760	0.238
0.997	0.001	0.001	0.001
>AAGGTTTGGC	11-AAGGTTTGGC	10.362974	-16.017822	0	T:14.0(12.84%),B:846.4(2.14%),P:1e-6	Tpos:456.6,Tstd:276.9,Bpos:489.2,Bstd:310.0,StrandBias:0.2,Multiplicity:1.21
0.997	0.001	0.001	0.001
0.872	0.001	0.001	0.126
0.174	0.001	0.824	0.001
0.081	0.100	0.613	0.206
0.001	0.001	0.001	0.997
0.001	0.001	0.001	0.997
0.001	0.001	0.001	0.997
0.001	0.001	0.997	0.001
0.117	0.001	0.881	0.001
0.079	0.919	0.001	0.001
>TCCCAGATTW	12-TCCCAGATTW	9.924914	-15.885506	0	T:12.0(11.01%),B:597.4(1.51%),P:1e-6	Tpos:553.5,Tstd:285.2,Bpos:479.0,Bstd:310.5,StrandBias:-0.4,Multiplicity:1.17
0.096	0.001	0.168	0.735
0.098	0.900	0.001	0.001
0.191	0.631	0.001	0.177
0.001	0.733	0.254	0.012
0.585	0.003	0.315	0.097
0.006	0.107	0.739	0.148
0.997	0.001	0.001	0.001
0.001	0.001	0.001	0.997
0.001	0.001	0.001	0.997
0.562	0.008	0.001	0.429
>ACTCCGCCCT	13-ACTCCGCCCT	9.983694	-14.332433	0	T:12.0(11.01%),B:693.2(1.75%),P:1e-6	Tpos:649.0,Tstd:232.8,Bpos:594.3,Bstd:328.7,StrandBias:2.5,Multiplicity:1.18
0.997	0.001	0.001	0.001
0.001	0.997	0.001	0.001
0.001	0.001	0.001	0.997
0.001	0.997	0.001	0.001
0.001	0.885	0.001	0.113
0.097	0.001	0.901	0.001
0.111	0.701	0.187	0.001
0.145	0.853	0.001	0.001
0.001	0.997	0.001	0.001
0.104	0.044	0.118	0.734
>AACSCTCGCA	14-AACSCTCGCA	8.341687	-13.546655	0	T:11.0(10.09%),B:614.9(1.56%),P:1e-5	Tpos:617.3,Tstd:212.7,Bpos:520.0,Bstd:305.4,StrandBias:0.0,Multiplicity:1.09
0.701	0.001	0.176	0.122
0.997	0.001	0.001	0.001
0.079	0.919	0.001	0.001
0.004	0.507	0.462	0.027
0.001	0.911	0.001	0.087
0.081	0.086	0.001	0.832
0.001	0.988	0.010	0.001
0.001	0.071	0.927	0.001
0.067	0.835	0.097	0.001
0.884	0.114	0.001	0.001
>CCTCCCASTA	15-CCTCCCASTA	8.960262	-13.408623	0	T:11.0(10.09%),B:623.8(1.58%),P:1e-5	Tpos:482.4,Tstd:259.2,Bpos:579.9,Bstd:330.8,StrandBias:2.7,Multiplicity:1.36
0.148	0.850	0.001	0.001
0.180	0.754	0.001	0.065
0.075	0.001	0.061	0.863
0.001	0.853	0.088	0.058
0.001	0.733	0.001	0.265
0.065	0.933	0.001	0.001
0.651	0.347	0.001	0.001
0.001	0.534	0.464	0.001
0.001	0.172	0.001	0.826
0.777	0.001	0.147	0.075
>GTTGTCTTGT	16-GTTGTCTTGT	11.245969	-12.151870	0	T:8.0(7.34%),B:336.6(0.85%),P:1e-5	Tpos:489.4,Tstd:302.0,Bpos:526.1,Bstd:318.8,StrandBias:1.6,Multiplicity:1.00
0.001	0.001	0.997	0.001
0.001	0.001	0.001	0.997
0.001	0.001	0.001	0.997
0.001	0.148	0.850	0.001
0.001	0.001	0.001	0.997
0.001	0.910	0.088	0.001
0.001	0.001	0.001	0.997
0.001	0.001	0.001	0.997
0.001	0.001	0.997	0.001
0.001	0.001	0.001	0.997
>AATTTAAGAA	17-AATTTAAGAA	10.715113	-11.106738	0	T:18.0(16.51%),B:2065.4(5.23%),P:1e-4	Tpos:474.0,Tstd:247.0,Bpos:497.7,Bstd:309.1,StrandBias:-1.4,Multiplicity:1.22
0.997	0.001	0.001	0.001
0.897	0.001	0.001	0.101
0.001	0.001	0.001	0.997
0.001	0.061	0.001	0.937
0.001	0.001	0.001	0.997
0.997	0.001	0.001	0.001
0.863	0.042	0.094	0.001
0.001	0.001	0.997	0.001
0.926	0.001	0.072	0.001
0.997	0.001	0.001	0.001
>GATTTTGGAT	18-GATTTTGGAT	8.165208	-10.476173	0	T:47.0(43.12%),B:9875.1(24.99%),P:1e-4	Tpos:571.6,Tstd:272.6,Bpos:495.5,Bstd:303.2,StrandBias:0.3,Multiplicity:1.45
0.083	0.001	0.915	0.001
0.916	0.001	0.034	0.049
0.047	0.040	0.001	0.912
0.190	0.001	0.001	0.808
0.001	0.048	0.001	0.950
0.136	0.001	0.001	0.862
0.072	0.056	0.759	0.113
0.055	0.189	0.501	0.255
0.791	0.066	0.142	0.001
0.071	0.250	0.063	0.616
>MCCTAAACCR	19-MCCTAAACCR	9.753536	-10.251684	0	T:6.0(5.50%),B:215.8(0.55%),P:1e-4	Tpos:472.9,Tstd:135.6,Bpos:524.0,Bstd:315.5,StrandBias:0.7,Multiplicity:1.33
0.437	0.504	0.033	0.026
0.001	0.977	0.001	0.021
0.001	0.980	0.001	0.018
0.001	0.001	0.075	0.923
0.997	0.001	0.001	0.001
0.997	0.001	0.001	0.001
0.577	0.421	0.001	0.001
0.001	0.994	0.001	0.004
0.001	0.965	0.001	0.033
0.422	0.074	0.437	0.067
>TTGCCAGCAC	20-TTGCCAGCAC	11.367499	-10.106607	0	T:4.0(3.67%),B:65.1(0.16%),P:1e-4	Tpos:485.2,Tstd:282.0,Bpos:495.0,Bstd:290.6,StrandBias:10.0,Multiplicity:2.25
0.109	0.001	0.001	0.889
0.001	0.126	0.001	0.872
0.112	0.001	0.886	0.001
0.001	0.997	0.001	0.001
0.001	0.997	0.001	0.001
0.997	0.001	0.001	0.001
0.001	0.001	0.997	0.001
0.001	0.997	0.001	0.001
0.997	0.001	0.001	0.001
0.001	0.997	0.001	0.001
>GAGCAGATCA	21-GAGCAGATCA	11.516262	-9.268707	0	T:5.0(4.59%),B:159.6(0.40%),P:1e-4	Tpos:374.2,Tstd:174.9,Bpos:449.4,Bstd:341.6,StrandBias:-0.6,Multiplicity:1.00
0.285	0.001	0.713	0.001
0.997	0.001	0.001	0.001
0.001	0.001	0.997	0.001
0.001	0.997	0.001	0.001
0.651	0.347	0.001	0.001
0.001	0.001	0.997	0.001
0.764	0.001	0.001	0.234
0.001	0.001	0.001	0.997
0.001	0.897	0.101	0.001
0.997	0.001	0.001	0.001
>ACACTCGCAA	22-ACACTCGCAA	11.742774	-8.737877	0	T:4.0(3.67%),B:94.7(0.24%),P:1e-3	Tpos:513.8,Tstd:296.6,Bpos:530.9,Bstd:282.9,StrandBias:0.0,Multiplicity:1.50
0.997	0.001	0.001	0.001
0.001	0.997	0.001	0.001
0.997	0.001	0.001	0.001
0.157	0.841	0.001	0.001
0.001	0.001	0.001	0.997
0.001	0.997	0.001	0.001
0.001	0.001	0.997	0.001
0.001	0.997	0.001	0.001
0.783	0.215	0.001	0.001
0.997	0.001	0.001	0.001
>CTACAATGCC	23-CTACAATGCC	13.686241	-5.843045	0	T:2.0(1.83%),B:27.3(0.07%),P:1e-2	Tpos:325.2,Tstd:197.6,Bpos:566.4,Bstd:298.0,StrandBias:2.3,Multiplicity:3.00
0.001	0.997	0.001	0.001
0.001	0.001	0.001	0.997
0.997	0.001	0.001	0.001
0.001	0.997	0.001	0.001
0.997	0.001	0.001	0.001
0.997	0.001	0.001	0.001
0.001	0.137	0.001	0.861
0.001	0.001	0.997	0.001
0.001	0.997	0.001	0.001
0.001	0.997	0.001	0.001
>GAGAGAGCTC	24-GAGAGAGCTC	8.350283	-5.528866	0	T:11.0(10.09%),B:1556.6(3.94%),P:1e-2	Tpos:586.2,Tstd:282.6,Bpos:531.3,Bstd:328.4,StrandBias:-0.2,Multiplicity:1.18
0.100	0.100	0.700	0.100
0.700	0.100	0.100	0.100
0.100	0.100	0.700	0.100
0.700	0.100	0.100	0.100
0.100	0.100	0.700	0.100
0.700	0.100	0.100	0.100
0.100	0.100	0.700	0.100
0.100	0.700	0.100	0.100
0.100	0.100	0.100	0.700
0.100	0.700	0.100	0.100
>GGATACCGTG	25-GGATACCGTG	-0.395194	-5.085806	0	T:25.0(22.94%),B:5414.2(13.70%),P:1e-2	Tpos:479.4,Tstd:290.0,Bpos:491.6,Bstd:311.8,StrandBias:-1.2,Multiplicity:1.44
0.001	0.001	0.997	0.001
0.001	0.001	0.997	0.001
0.875	0.123	0.001	0.001
0.001	0.001	0.001	0.997
0.997	0.001	0.001	0.001
0.001	0.997	0.001	0.001
0.001	0.656	0.001	0.342
0.001	0.001	0.997	0.001
0.001	0.001	0.001	0.997
0.001	0.001	0.997	0.001
