>TTATATCTGTCC	1-TTATATCTGTCC	14.730519	-23.449565	0	T:5.0(4.59%),B:6.5(0.02%),P:1e-10	Tpos:642.8,Tstd:303.7,Bpos:403.6,Bstd:295.8,StrandBias:2.0,Multiplicity:1.00
0.001	0.001	0.001	0.997
0.001	0.001	0.001	0.997
0.720	0.278	0.001	0.001
0.001	0.001	0.001	0.997
0.997	0.001	0.001	0.001
0.001	0.001	0.001	0.997
0.001	0.997	0.001	0.001
0.001	0.001	0.001	0.997
0.001	0.001	0.997	0.001
0.001	0.001	0.001	0.997
0.213	0.785	0.001	0.001
0.001	0.997	0.001	0.001
>AAATCTTTCAAA	2-AAATCTTTCAAA	11.257225	-23.194602	0	T:27.0(24.77%),B:2260.2(5.72%),P:1e-10	Tpos:452.4,Tstd:269.6,Bpos:501.9,Bstd:297.1,StrandBias:-0.1,Multiplicity:1.15
0.997	0.001	0.001	0.001
0.855	0.001	0.139	0.005
0.601	0.001	0.001	0.397
0.181	0.001	0.001	0.817
0.001	0.997	0.001	0.001
0.001	0.004	0.142	0.853
0.239	0.180	0.132	0.449
0.296	0.001	0.001	0.702
0.001	0.915	0.080	0.004
0.997	0.001	0.001	0.001
0.997	0.001	0.001	0.001
0.694	0.001	0.001	0.304
>AGTAGGAAATTA	3-AGTAGGAAATTA	13.147304	-21.672345	0	T:9.0(8.26%),B:141.5(0.36%),P:1e-9	Tpos:399.5,Tstd:360.2,Bpos:499.2,Bstd:297.2,StrandBias:-1.2,Multiplicity:1.11
0.732	0.161	0.001	0.106
0.097	0.001	0.901	0.001
0.112	0.001	0.001	0.886
0.922	0.001	0.001	0.076
0.001	0.001	0.889	0.109
0.001	0.001	0.997	0.001
0.997	0.001	0.001	0.001
0.997	0.001	0.001	0.001
0.788	0.210	0.001	0.001
0.001	0.001	0.001	0.997
0.001	0.001	0.001	0.997
0.997	0.001	0.001	0.001
>GCTTTTCTGTAA	4-GCTTTTCTGTAA	11.980030	-21.554564	0	T:11.0(10.09%),B:273.3(0.69%),P:1e-9	Tpos:526.1,Tstd:317.0,Bpos:472.7,Bstd:294.1,StrandBias:-0.8,Multiplicity:1.00
0.176	0.001	0.822	0.001
0.001	0.740	0.181	0.078
0.001	0.001	0.001	0.997
0.001	0.001	0.001	0.997
0.001	0.001	0.001	0.997
0.001	0.001	0.001	0.997
0.134	0.864	0.001	0.001
0.134	0.001	0.001	0.864
0.224	0.001	0.774	0.001
0.001	0.169	0.169	0.661
0.587	0.285	0.127	0.001
0.997	0.001	0.001	0.001
>TCACTGGGGGAC	5-TCACTGGGGGAC	14.521761	-20.935057	0	T:4.0(3.67%),B:2.4(0.01%),P:1e-9	Tpos:565.2,Tstd:219.3,Bpos:461.8,Bstd:85.4,StrandBias:-1.6,Multiplicity:1.00
0.001	0.001	0.001	0.997
0.001	0.997	0.001	0.001
0.997	0.001	0.001	0.001
0.001	0.741	0.257	0.001
0.001	0.001	0.001	0.997
0.001	0.001	0.997	0.001
0.001	0.001	0.997	0.001
0.001	0.001	0.741	0.257
0.001	0.001	0.997	0.001
0.001	0.001	0.997	0.001
0.997	0.001	0.001	0.001
0.226	0.772	0.001	0.001
>ACCGTGATATGA	6-ACCGTGATATGA	10.652301	-20.907699	0	T:11.0(10.09%),B:291.9(0.74%),P:1e-9	Tpos:366.4,Tstd:246.5,Bpos:492.7,Bstd:314.3,StrandBias:0.5,Multiplicity:1.09
0.997	0.001	0.001	0.001
0.001	0.997	0.001	0.001
0.001	0.782	0.001	0.216
0.001	0.143	0.636	0.220
0.128	0.001	0.001	0.870
0.124	0.143	0.732	0.001
0.713	0.001	0.143	0.143
0.001	0.001	0.001	0.997
0.802	0.124	0.001	0.073
0.001	0.001	0.001	0.997
0.007	0.242	0.750	0.001
0.747	0.001	0.143	0.109
>GGCGATTAATTT	7-GGCGATTAATTT	13.710392	-20.755039	0	T:6.0(5.50%),B:32.8(0.08%),P:1e-9	Tpos:616.2,Tstd:206.8,Bpos:476.1,Bstd:299.6,StrandBias:-2.3,Multiplicity:1.00
0.001	0.001	0.798	0.200
0.001	0.001	0.997	0.001
0.001	0.997	0.001	0.001
0.105	0.140	0.754	0.001
0.997	0.001	0.001	0.001
0.001	0.001	0.001	0.997
0.001	0.001	0.176	0.822
0.798	0.001	0.001	0.200
0.997	0.001	0.001	0.001
0.001	0.001	0.001	0.997
0.001	0.001	0.001	0.997
0.001	0.001	0.001	0.997
>TACACTCAAATT	8-TACACTCAAATT	12.597117	-20.721526	0	T:10.0(9.17%),B:222.8(0.56%),P:1e-8	Tpos:450.3,Tstd:266.0,Bpos:489.6,Bstd:293.1,StrandBias:0.0,Multiplicity:1.00
0.001	0.172	0.001	0.826
0.731	0.162	0.001	0.106
0.111	0.887	0.001	0.001
0.997	0.001	0.001	0.001
0.001	0.822	0.176	0.001
0.001	0.001	0.001	0.997
0.001	0.997	0.001	0.001
0.997	0.001	0.001	0.001
0.997	0.001	0.001	0.001
0.997	0.001	0.001	0.001
0.112	0.001	0.001	0.886
0.001	0.001	0.001	0.997
>ACCGGATCAAAA	9-ACCGGATCAAAA	10.824912	-19.169100	0	T:12.0(11.01%),B:439.2(1.11%),P:1e-8	Tpos:540.4,Tstd:261.2,Bpos:521.8,Bstd:304.0,StrandBias:-1.0,Multiplicity:1.00
0.910	0.001	0.088	0.001
0.053	0.566	0.316	0.065
0.121	0.876	0.001	0.002
0.001	0.001	0.997	0.001
0.200	0.089	0.710	0.001
0.917	0.001	0.081	0.001
0.155	0.002	0.074	0.769
0.152	0.685	0.101	0.062
0.918	0.001	0.080	0.001
0.824	0.001	0.001	0.174
0.840	0.101	0.055	0.004
0.997	0.001	0.001	0.001
>GTGTGTACACAT	10-GTGTGTACACAT	14.093478	-19.031528	0	T:6.0(5.50%),B:44.2(0.11%),P:1e-8	Tpos:558.3,Tstd:173.3,Bpos:576.6,Bstd:378.1,StrandBias:-1.0,Multiplicity:1.00
0.001	0.001	0.997	0.001
0.001	0.001	0.001	0.997
0.001	0.001	0.997	0.001
0.001	0.001	0.001	0.997
0.001	0.001	0.997	0.001
0.001	0.183	0.001	0.815
0.997	0.001	0.001	0.001
0.001	0.734	0.264	0.001
0.997	0.001	0.001	0.001
0.001	0.602	0.001	0.396
0.997	0.001	0.001	0.001
0.001	0.001	0.001	0.997
>GAAACTCTAAAC	11-GAAACTCTAAAC	13.422074	-18.726959	0	T:8.0(7.34%),B:137.7(0.35%),P:1e-8	Tpos:574.8,Tstd:216.0,Bpos:454.4,Bstd:299.3,StrandBias:-0.7,Multiplicity:1.00
0.001	0.001	0.864	0.134
0.789	0.001	0.001	0.209
0.997	0.001	0.001	0.001
0.997	0.001	0.001	0.001
0.001	0.852	0.001	0.146
0.001	0.001	0.001	0.997
0.001	0.892	0.001	0.106
0.001	0.001	0.001	0.997
0.832	0.001	0.166	0.001
0.997	0.001	0.001	0.001
0.997	0.001	0.001	0.001
0.095	0.903	0.001	0.001
>CCCSCKSGTCYT	12-CCCSCKSGTCYT	9.861558	-18.670303	0	T:6.0(5.50%),B:47.6(0.12%),P:1e-8	Tpos:440.9,Tstd:380.7,Bpos:556.8,Bstd:299.3,StrandBias:0.4,Multiplicity:1.00
0.001	0.997	0.001	0.001
0.001	0.997	0.001	0.001
0.001	0.997	0.001	0.001
0.001	0.429	0.569	0.001
0.001	0.981	0.017	0.001
0.001	0.001	0.569	0.429
0.001	0.486	0.512	0.001
0.001	0.001	0.977	0.021
0.001	0.001	0.001	0.997
0.001	0.977	0.001	0.021
0.001	0.486	0.001	0.512
0.001	0.001	0.001	0.997
>AGCCAGTTAAAA	13-AGCCAGTTAAAA	7.563841	-18.416565	0	T:16.0(14.68%),B:951.3(2.41%),P:1e-7	Tpos:480.3,Tstd:297.0,Bpos:487.3,Bstd:305.4,StrandBias:1.4,Multiplicity:1.12
0.997	0.001	0.001	0.001
0.001	0.001	0.997	0.001
0.001	0.624	0.001	0.374
0.001	0.997	0.001	0.001
0.709	0.001	0.289	0.001
0.289	0.001	0.709	0.001
0.001	0.001	0.001	0.997
0.001	0.001	0.001	0.997
0.997	0.001	0.001	0.001
0.624	0.374	0.001	0.001
0.997	0.001	0.001	0.001
0.997	0.001	0.001	0.001
>TGCTCCACAGTA	14-TGCTCCACAGTA	11.934518	-17.207156	0	T:7.0(6.42%),B:108.9(0.28%),P:1e-7	Tpos:431.4,Tstd:217.9,Bpos:495.5,Bstd:304.6,StrandBias:1.2,Multiplicity:1.43
0.001	0.001	0.152	0.846
0.313	0.001	0.533	0.153
0.167	0.831	0.001	0.001
0.001	0.001	0.167	0.831
0.001	0.839	0.001	0.159
0.001	0.997	0.001	0.001
0.997	0.001	0.001	0.001
0.001	0.997	0.001	0.001
0.671	0.001	0.001	0.327
0.001	0.001	0.997	0.001
0.321	0.001	0.001	0.677
0.839	0.001	0.001	0.159
>AATTTTGTGTTG	15-AATTTTGTGTTG	12.265503	-16.907183	0	T:12.0(11.01%),B:542.2(1.37%),P:1e-7	Tpos:532.8,Tstd:269.8,Bpos:514.9,Bstd:305.2,StrandBias:0.8,Multiplicity:1.17
0.997	0.001	0.001	0.001
0.869	0.129	0.001	0.001
0.100	0.001	0.001	0.898
0.162	0.001	0.001	0.836
0.001	0.001	0.001	0.997
0.001	0.001	0.001	0.997
0.001	0.096	0.902	0.001
0.001	0.001	0.001	0.997
0.102	0.001	0.843	0.054
0.001	0.001	0.001	0.997
0.001	0.001	0.001	0.997
0.001	0.110	0.755	0.134
>GTAACCAAAGAA	16-GTAACCAAAGAA	14.411813	-13.699876	0	T:3.0(2.75%),B:5.8(0.01%),P:1e-5	Tpos:450.0,Tstd:158.1,Bpos:527.8,Bstd:334.8,StrandBias:1.0,Multiplicity:1.00
0.001	0.001	0.893	0.105
0.180	0.001	0.001	0.818
0.784	0.001	0.106	0.109
0.870	0.001	0.128	0.001
0.085	0.828	0.001	0.086
0.200	0.631	0.001	0.168
0.997	0.001	0.001	0.001
0.774	0.001	0.128	0.097
0.907	0.001	0.091	0.001
0.183	0.086	0.730	0.001
0.997	0.001	0.001	0.001
0.816	0.001	0.100	0.083
>CACGAKCCTCYC	17-CACGAKCCTCYC	9.636108	-13.619604	0	T:8.0(7.34%),B:274.1(0.69%),P:1e-5	Tpos:373.9,Tstd:255.2,Bpos:543.7,Bstd:320.8,StrandBias:0.8,Multiplicity:1.75
0.229	0.598	0.001	0.172
0.537	0.167	0.148	0.148
0.001	0.596	0.402	0.001
0.111	0.001	0.887	0.001
0.718	0.001	0.167	0.114
0.001	0.001	0.545	0.453
0.001	0.887	0.001	0.111
0.001	0.975	0.001	0.023
0.001	0.001	0.283	0.715
0.001	0.997	0.001	0.001
0.002	0.561	0.001	0.436
0.001	0.997	0.001	0.001
>TATGCATAAGAT	18-TATGCATAAGAT	12.355432	-13.296418	0	T:3.0(2.75%),B:6.9(0.02%),P:1e-5	Tpos:402.3,Tstd:276.8,Bpos:458.4,Bstd:348.8,StrandBias:-1.0,Multiplicity:1.00
0.100	0.100	0.100	0.700
0.700	0.100	0.100	0.100
0.100	0.100	0.100	0.700
0.100	0.100	0.700	0.100
0.100	0.700	0.100	0.100
0.700	0.100	0.100	0.100
0.100	0.100	0.100	0.700
0.700	0.100	0.100	0.100
0.700	0.100	0.100	0.100
0.100	0.100	0.700	0.100
0.700	0.100	0.100	0.100
0.100	0.100	0.100	0.700
>CCCTAAACCTTG	19-CCCTAAACCTTG	11.252414	-13.193000	0	T:6.0(5.50%),B:126.0(0.32%),P:1e-5	Tpos:403.4,Tstd:125.8,Bpos:474.0,Bstd:335.7,StrandBias:1.0,Multiplicity:1.50
0.082	0.916	0.001	0.001
0.125	0.759	0.115	0.001
0.001	0.997	0.001	0.001
0.005	0.001	0.103	0.891
0.758	0.001	0.240	0.001
0.997	0.001	0.001	0.001
0.997	0.001	0.001	0.001
0.073	0.921	0.001	0.005
0.155	0.725	0.001	0.119
0.001	0.230	0.001	0.768
0.107	0.001	0.142	0.750
0.245	0.001	0.535	0.219
>GTACCCTCAAGG	20-GTACCCTCAAGG	14.620955	-11.800876	0	T:2.0(1.83%),B:0.0(0.00%),P:1e-5	Tpos:315.3,Tstd:194.2,Bpos:0.0,Bstd:0.0,StrandBias:10.0,Multiplicity:3.50
0.001	0.001	0.997	0.001
0.001	0.001	0.001	0.997
0.997	0.001	0.001	0.001
0.001	0.833	0.001	0.165
0.001	0.997	0.001	0.001
0.001	0.997	0.001	0.001
0.001	0.001	0.001	0.997
0.001	0.997	0.001	0.001
0.833	0.001	0.001	0.165
0.997	0.001	0.001	0.001
0.001	0.001	0.997	0.001
0.001	0.001	0.997	0.001
>TGCGAGTGTTTT	21-TGCGAGTGTTTT	11.464756	-10.711936	0	T:8.0(7.34%),B:412.3(1.04%),P:1e-4	Tpos:498.3,Tstd:277.3,Bpos:519.7,Bstd:305.7,StrandBias:1.4,Multiplicity:1.38
0.001	0.001	0.001	0.997
0.001	0.178	0.680	0.141
0.104	0.788	0.107	0.001
0.231	0.001	0.500	0.268
0.852	0.001	0.146	0.001
0.001	0.001	0.997	0.001
0.001	0.178	0.288	0.533
0.001	0.001	0.997	0.001
0.001	0.001	0.164	0.834
0.001	0.001	0.001	0.997
0.001	0.001	0.001	0.997
0.001	0.001	0.123	0.875
>GCCAAACTTTGG	22-GCCAAACTTTGG	8.652108	-7.318366	0	T:7.0(6.42%),B:521.1(1.32%),P:1e-3	Tpos:487.5,Tstd:267.3,Bpos:505.4,Bstd:272.4,StrandBias:0.7,Multiplicity:1.57
0.001	0.001	0.997	0.001
0.001	0.997	0.001	0.001
0.001	0.997	0.001	0.001
0.702	0.290	0.007	0.001
0.997	0.001	0.001	0.001
0.997	0.001	0.001	0.001
0.005	0.698	0.296	0.001
0.001	0.001	0.001	0.997
0.001	0.001	0.001	0.997
0.001	0.001	0.001	0.997
0.001	0.001	0.713	0.285
0.001	0.001	0.762	0.236
>TGGCAAAGGCAT	23-TGGCAAAGGCAT	12.355432	-5.895842	0	T:1.0(0.92%),B:0.4(0.00%),P:1e-2	Tpos:260.0,Tstd:131.5,Bpos:362.7,Bstd:64.5,StrandBias:-10.0,Multiplicity:5.00
0.100	0.100	0.100	0.700
0.100	0.100	0.700	0.100
0.100	0.100	0.700	0.100
0.100	0.700	0.100	0.100
0.700	0.100	0.100	0.100
0.700	0.100	0.100	0.100
0.700	0.100	0.100	0.100
0.100	0.100	0.700	0.100
0.100	0.100	0.700	0.100
0.100	0.700	0.100	0.100
0.700	0.100	0.100	0.100
0.100	0.100	0.100	0.700
>CCCGGTAACTAC	24-CCCGGTAACTAC	16.313465	-5.895842	0	T:1.0(0.92%),B:0.0(0.00%),P:1e-2	Tpos:364.2,Tstd:137.5,Bpos:0.0,Bstd:0.0,StrandBias:10.0,Multiplicity:4.00
0.001	0.997	0.001	0.001
0.001	0.997	0.001	0.001
0.001	0.749	0.001	0.249
0.001	0.001	0.997	0.001
0.001	0.001	0.997	0.001
0.001	0.001	0.001	0.997
0.997	0.001	0.001	0.001
0.997	0.001	0.001	0.001
0.001	0.997	0.001	0.001
0.001	0.001	0.001	0.997
0.997	0.001	0.001	0.001
0.001	0.997	0.001	0.001
>GCTCCACRGTAT	25-GCTCCACRGTAT	16.045612	-5.204059	0	T:1.0(0.92%),B:1.3(0.00%),P:1e-2	Tpos:236.0,Tstd:131.5,Bpos:529.0,Bstd:0.0,StrandBias:10.0,Multiplicity:5.00
0.001	0.001	0.997	0.001
0.001	0.997	0.001	0.001
0.001	0.001	0.001	0.997
0.001	0.997	0.001	0.001
0.001	0.997	0.001	0.001
0.997	0.001	0.001	0.001
0.001	0.997	0.001	0.001
0.425	0.001	0.573	0.001
0.001	0.001	0.997	0.001
0.001	0.001	0.001	0.997
0.997	0.001	0.001	0.001
0.001	0.001	0.001	0.997
