>GGGGAGTCAC	1-GGGGAGTCAC	10.620621	-25.616503	0	T:9.0(6.67%),B:72.7(0.18%),P:1e-11	Tpos:620.4,Tstd:251.6,Bpos:424.0,Bstd:272.3,StrandBias:-3.0,Multiplicity:1.00
0.001	0.001	0.997	0.001
0.001	0.001	0.997	0.001
0.001	0.113	0.885	0.001
0.001	0.001	0.761	0.237
0.905	0.001	0.001	0.093
0.001	0.157	0.841	0.001
0.001	0.001	0.001	0.997
0.117	0.753	0.001	0.129
0.997	0.001	0.001	0.001
0.001	0.997	0.001	0.001
>TGAACCGGCC	2-TGAACCGGCC	10.724578	-22.495332	0	T:9.0(6.67%),B:105.7(0.26%),P:1e-9	Tpos:605.4,Tstd:217.0,Bpos:473.5,Bstd:286.0,StrandBias:-0.3,Multiplicity:1.00
0.001	0.001	0.001	0.997
0.143	0.001	0.855	0.001
0.997	0.001	0.001	0.001
0.880	0.118	0.001	0.001
0.001	0.997	0.001	0.001
0.001	0.900	0.001	0.098
0.119	0.001	0.772	0.108
0.001	0.001	0.997	0.001
0.001	0.886	0.112	0.001
0.001	0.870	0.001	0.128
>TATCTTGGGG	3-TATCTTGGGG	10.759294	-21.720069	0	T:12.0(8.89%),B:286.0(0.70%),P:1e-9	Tpos:524.0,Tstd:306.2,Bpos:482.8,Bstd:326.8,StrandBias:0.5,Multiplicity:1.00
0.001	0.001	0.001	0.997
0.937	0.001	0.001	0.061
0.001	0.001	0.001	0.997
0.001	0.853	0.001	0.145
0.001	0.001	0.001	0.997
0.001	0.001	0.123	0.875
0.001	0.001	0.997	0.001
0.118	0.001	0.779	0.102
0.001	0.233	0.765	0.001
0.001	0.001	0.889	0.109
>CCAATCAGTG	4-CCAATCAGTG	10.360813	-21.665141	0	T:16.0(11.85%),B:619.3(1.52%),P:1e-9	Tpos:496.8,Tstd:258.7,Bpos:492.8,Bstd:305.5,StrandBias:-0.3,Multiplicity:1.12
0.001	0.997	0.001	0.001
0.041	0.878	0.001	0.080
0.887	0.111	0.001	0.001
0.815	0.001	0.092	0.092
0.001	0.001	0.111	0.887
0.001	0.997	0.001	0.001
0.919	0.001	0.079	0.001
0.001	0.001	0.872	0.126
0.001	0.114	0.101	0.784
0.001	0.001	0.997	0.001
>GAAATCCTCT	5-GAAATCCTCT	10.778588	-19.326986	0	T:13.0(9.63%),B:440.3(1.08%),P:1e-8	Tpos:569.2,Tstd:217.6,Bpos:476.0,Bstd:332.1,StrandBias:0.4,Multiplicity:1.08
0.001	0.001	0.997	0.001
0.997	0.001	0.001	0.001
0.858	0.140	0.001	0.001
0.997	0.001	0.001	0.001
0.001	0.001	0.130	0.868
0.001	0.997	0.001	0.001
0.001	0.997	0.001	0.001
0.001	0.001	0.001	0.997
0.001	0.857	0.001	0.141
0.001	0.073	0.075	0.851
>GACAGTAATG	6-GACAGTAATG	9.034432	-18.950741	0	T:17.0(12.59%),B:864.4(2.12%),P:1e-8	Tpos:405.3,Tstd:296.0,Bpos:532.4,Bstd:290.4,StrandBias:-0.8,Multiplicity:1.06
0.050	0.089	0.860	0.001
0.997	0.001	0.001	0.001
0.049	0.881	0.069	0.001
0.997	0.001	0.001	0.001
0.047	0.001	0.799	0.153
0.150	0.079	0.001	0.770
0.896	0.102	0.001	0.001
0.997	0.001	0.001	0.001
0.001	0.001	0.001	0.997
0.064	0.001	0.874	0.061
>GATTAAAATT	7-GATTAAAATT	9.136811	-17.308081	0	T:40.0(29.63%),B:4854.9(11.90%),P:1e-7	Tpos:557.6,Tstd:257.5,Bpos:504.3,Bstd:310.7,StrandBias:-0.2,Multiplicity:1.31
0.001	0.001	0.997	0.001
0.997	0.001	0.001	0.001
0.001	0.229	0.001	0.769
0.001	0.001	0.001	0.997
0.673	0.325	0.001	0.001
0.997	0.001	0.001	0.001
0.786	0.001	0.212	0.001
0.740	0.258	0.001	0.001
0.340	0.001	0.001	0.658
0.001	0.001	0.001	0.997
>ACGTGTGTTC	8-ACGTGTGTTC	10.243807	-15.810296	0	T:12.0(8.89%),B:496.8(1.22%),P:1e-6	Tpos:509.3,Tstd:259.1,Bpos:512.7,Bstd:311.2,StrandBias:-0.5,Multiplicity:1.00
0.997	0.001	0.001	0.001
0.001	0.949	0.001	0.049
0.001	0.103	0.827	0.069
0.080	0.133	0.001	0.786
0.001	0.001	0.923	0.075
0.001	0.001	0.001	0.997
0.092	0.001	0.869	0.038
0.001	0.085	0.001	0.913
0.001	0.001	0.107	0.891
0.001	0.931	0.001	0.067
>TAAATTGCGT	9-TAAATTGCGT	8.086558	-15.742136	0	T:33.0(24.44%),B:3733.4(9.15%),P:1e-6	Tpos:549.4,Tstd:269.8,Bpos:505.1,Bstd:310.8,StrandBias:0.2,Multiplicity:1.22
0.019	0.028	0.071	0.882
0.856	0.002	0.113	0.029
0.694	0.167	0.086	0.053
0.872	0.001	0.126	0.001
0.209	0.001	0.001	0.789
0.001	0.035	0.001	0.963
0.133	0.253	0.613	0.001
0.001	0.754	0.215	0.030
0.029	0.161	0.809	0.001
0.001	0.036	0.054	0.909
>GCTTTTAGCA	10-GCTTTTAGCA	9.267788	-15.736405	0	T:25.0(18.52%),B:2292.0(5.62%),P:1e-6	Tpos:546.2,Tstd:273.6,Bpos:511.0,Bstd:313.9,StrandBias:0.1,Multiplicity:1.04
0.001	0.001	0.997	0.001
0.161	0.765	0.001	0.073
0.374	0.001	0.001	0.624
0.001	0.001	0.352	0.646
0.001	0.001	0.001	0.997
0.001	0.001	0.264	0.734
0.606	0.001	0.001	0.392
0.001	0.001	0.894	0.104
0.001	0.997	0.001	0.001
0.871	0.127	0.001	0.001
>AACGATTAAT	11-AACGATTAAT	7.096813	-15.726101	0	T:66.0(48.89%),B:11298.6(27.69%),P:1e-6	Tpos:520.1,Tstd:301.7,Bpos:509.9,Bstd:304.4,StrandBias:-0.4,Multiplicity:1.42
0.788	0.072	0.068	0.072
0.839	0.050	0.037	0.074
0.042	0.823	0.076	0.059
0.095	0.088	0.756	0.061
0.709	0.046	0.172	0.073
0.078	0.028	0.043	0.851
0.111	0.064	0.077	0.748
0.830	0.049	0.043	0.078
0.863	0.032	0.052	0.053
0.058	0.079	0.064	0.799
>GCGCTGCGAA	12-GCGCTGCGAA	7.637599	-13.796701	0	T:19.0(14.07%),B:1548.4(3.79%),P:1e-5	Tpos:370.8,Tstd:295.2,Bpos:487.7,Bstd:320.9,StrandBias:1.6,Multiplicity:1.47
0.052	0.191	0.688	0.069
0.020	0.854	0.001	0.125
0.026	0.066	0.873	0.035
0.111	0.772	0.070	0.047
0.015	0.075	0.116	0.794
0.122	0.001	0.837	0.040
0.046	0.814	0.064	0.076
0.085	0.089	0.734	0.092
0.915	0.001	0.031	0.053
0.728	0.072	0.040	0.160
>TTCCTCGCTC	13-TTCCTCGCTC	9.965061	-13.588757	0	T:13.0(9.63%),B:733.0(1.80%),P:1e-5	Tpos:588.3,Tstd:251.7,Bpos:511.1,Bstd:321.0,StrandBias:1.5,Multiplicity:1.15
0.102	0.001	0.001	0.896
0.001	0.001	0.001	0.997
0.001	0.997	0.001	0.001
0.088	0.845	0.001	0.066
0.111	0.001	0.001	0.887
0.095	0.903	0.001	0.001
0.056	0.060	0.883	0.001
0.001	0.947	0.001	0.051
0.001	0.102	0.001	0.896
0.001	0.834	0.099	0.066
>AGAATCAAGA	14-AGAATCAAGA	9.453046	-11.072240	0	T:26.0(19.26%),B:3176.0(7.78%),P:1e-4	Tpos:496.7,Tstd:320.9,Bpos:501.8,Bstd:330.5,StrandBias:-0.7,Multiplicity:1.23
0.867	0.049	0.046	0.038
0.135	0.037	0.827	0.001
0.948	0.001	0.001	0.050
0.833	0.078	0.001	0.088
0.009	0.054	0.001	0.936
0.024	0.941	0.001	0.034
0.900	0.034	0.033	0.033
0.951	0.001	0.047	0.001
0.001	0.035	0.932	0.032
0.890	0.045	0.064	0.001
>AAAATCGATT	15-AAAATCGATT	10.189723	-6.413809	0	T:26.0(19.26%),B:4269.0(10.46%),P:1e-2	Tpos:590.0,Tstd:265.8,Bpos:528.0,Bstd:351.7,StrandBias:-0.2,Multiplicity:1.46
0.944	0.030	0.025	0.001
0.959	0.001	0.001	0.039
0.997	0.001	0.001	0.001
0.970	0.028	0.001	0.001
0.001	0.001	0.042	0.956
0.001	0.997	0.001	0.001
0.001	0.001	0.997	0.001
0.997	0.001	0.001	0.001
0.075	0.001	0.001	0.923
0.243	0.001	0.001	0.755
>RGCACTAGAA	16-RGCACTAGAA	10.009616	-6.134720	0	T:8.0(5.93%),B:684.3(1.68%),P:1e-2	Tpos:522.1,Tstd:244.4,Bpos:521.6,Bstd:308.5,StrandBias:-2.9,Multiplicity:2.12
0.443	0.001	0.555	0.001
0.056	0.001	0.942	0.001
0.001	0.930	0.001	0.068
0.997	0.001	0.001	0.001
0.001	0.997	0.001	0.001
0.001	0.001	0.001	0.997
0.997	0.001	0.001	0.001
0.062	0.001	0.936	0.001
0.997	0.001	0.001	0.001
0.997	0.001	0.001	0.001
>CGGCGATCGC	17-CGGCGATCGC	8.637442	-2.986924	0	T:4.0(2.96%),B:415.6(1.02%),P:1e-1	Tpos:708.9,Tstd:163.8,Bpos:469.7,Bstd:345.4,StrandBias:0.1,Multiplicity:4.50
0.001	0.997	0.001	0.001
0.001	0.001	0.997	0.001
0.001	0.268	0.730	0.001
0.001	0.997	0.001	0.001
0.036	0.042	0.921	0.001
0.952	0.046	0.001	0.001
0.001	0.001	0.001	0.997
0.001	0.936	0.031	0.032
0.001	0.001	0.997	0.001
0.029	0.726	0.244	0.001
