>GTCACACACCTT	1-GTCACACACCTT	13.847377	-23.539633	0	T:6.0(4.44%),B:15.8(0.04%),P:1e-10	Tpos:672.3,Tstd:158.7,Bpos:507.0,Bstd:352.1,StrandBias:0.0,Multiplicity:1.00
0.001	0.001	0.997	0.001
0.001	0.001	0.172	0.826
0.001	0.997	0.001	0.001
0.997	0.001	0.001	0.001
0.001	0.997	0.001	0.001
0.826	0.001	0.001	0.172
0.172	0.826	0.001	0.001
0.997	0.001	0.001	0.001
0.135	0.863	0.001	0.001
0.001	0.997	0.001	0.001
0.172	0.001	0.001	0.826
0.001	0.001	0.001	0.997
>ATCAGTGCTTTT	2-ATCAGTGCTTTT	12.901114	-23.181425	0	T:10.0(7.41%),B:140.4(0.34%),P:1e-10	Tpos:619.1,Tstd:253.0,Bpos:482.0,Bstd:330.2,StrandBias:0.6,Multiplicity:1.00
0.938	0.001	0.001	0.060
0.001	0.001	0.001	0.997
0.001	0.887	0.111	0.001
0.997	0.001	0.001	0.001
0.001	0.075	0.923	0.001
0.001	0.001	0.001	0.997
0.001	0.001	0.923	0.075
0.064	0.797	0.093	0.046
0.001	0.124	0.001	0.874
0.001	0.001	0.135	0.863
0.001	0.111	0.001	0.887
0.001	0.001	0.001	0.997
>CCCAAAAATAAC	3-CCCAAAAATAAC	10.863639	-22.750781	0	T:19.0(14.07%),B:872.3(2.14%),P:1e-9	Tpos:540.5,Tstd:273.8,Bpos:491.0,Bstd:309.8,StrandBias:0.3,Multiplicity:1.05
0.095	0.810	0.001	0.094
0.158	0.795	0.046	0.001
0.034	0.793	0.139	0.034
0.763	0.157	0.079	0.001
0.997	0.001	0.001	0.001
0.945	0.001	0.001	0.053
0.997	0.001	0.001	0.001
0.713	0.001	0.060	0.226
0.119	0.079	0.001	0.801
0.868	0.033	0.039	0.060
0.751	0.056	0.090	0.103
0.001	0.774	0.113	0.112
>AMGATAATGCAA	4-AMGATAATGCAA	11.392913	-22.310164	0	T:12.0(8.89%),B:271.5(0.67%),P:1e-9	Tpos:529.0,Tstd:357.8,Bpos:507.1,Bstd:301.1,StrandBias:-0.7,Multiplicity:1.08
0.997	0.001	0.001	0.001
0.277	0.423	0.133	0.166
0.070	0.001	0.928	0.001
0.997	0.001	0.001	0.001
0.001	0.116	0.001	0.882
0.642	0.001	0.299	0.058
0.997	0.001	0.001	0.001
0.001	0.001	0.001	0.997
0.206	0.088	0.705	0.001
0.044	0.746	0.001	0.209
0.997	0.001	0.001	0.001
0.852	0.146	0.001	0.001
>AAAGATATCCTG	5-AAAGATATCCTG	13.979379	-21.171318	0	T:6.0(4.44%),B:24.4(0.06%),P:1e-9	Tpos:505.3,Tstd:207.5,Bpos:564.3,Bstd:258.8,StrandBias:-1.0,Multiplicity:1.00
0.747	0.001	0.001	0.251
0.997	0.001	0.001	0.001
0.997	0.001	0.001	0.001
0.001	0.001	0.843	0.155
0.997	0.001	0.001	0.001
0.001	0.001	0.001	0.997
0.997	0.001	0.001	0.001
0.001	0.001	0.001	0.997
0.001	0.997	0.001	0.001
0.147	0.851	0.001	0.001
0.001	0.221	0.001	0.777
0.001	0.001	0.997	0.001
>ACTCAAATCTTT	6-ACTCAAATCTTT	13.010952	-21.017894	0	T:11.0(8.15%),B:238.0(0.58%),P:1e-9	Tpos:485.8,Tstd:260.1,Bpos:476.4,Bstd:299.5,StrandBias:0.8,Multiplicity:1.00
0.843	0.001	0.155	0.001
0.077	0.921	0.001	0.001
0.001	0.132	0.001	0.866
0.001	0.997	0.001	0.001
0.997	0.001	0.001	0.001
0.878	0.120	0.001	0.001
0.885	0.001	0.001	0.113
0.001	0.120	0.001	0.878
0.001	0.839	0.101	0.059
0.001	0.001	0.001	0.997
0.001	0.001	0.001	0.997
0.001	0.001	0.001	0.997
>AAATTCTTCTTT	7-AAATTCTTCTTT	11.788871	-19.473866	0	T:21.0(15.56%),B:1323.3(3.24%),P:1e-8	Tpos:626.0,Tstd:234.4,Bpos:506.7,Bstd:295.6,StrandBias:-0.5,Multiplicity:1.05
0.904	0.094	0.001	0.001
0.997	0.001	0.001	0.001
0.939	0.001	0.001	0.059
0.090	0.001	0.001	0.908
0.001	0.001	0.001	0.997
0.001	0.878	0.078	0.043
0.001	0.112	0.001	0.886
0.091	0.001	0.001	0.907
0.070	0.711	0.068	0.151
0.067	0.001	0.001	0.931
0.001	0.001	0.001	0.997
0.001	0.001	0.001	0.997
>TTCAGACWGCTA	8-TTCAGACWGCTA	13.795485	-18.665381	0	T:4.0(2.96%),B:5.0(0.01%),P:1e-8	Tpos:569.0,Tstd:316.8,Bpos:746.5,Bstd:160.7,StrandBias:-1.6,Multiplicity:1.00
0.001	0.001	0.001	0.997
0.001	0.001	0.001	0.997
0.001	0.997	0.001	0.001
0.828	0.001	0.170	0.001
0.001	0.001	0.997	0.001
0.997	0.001	0.001	0.001
0.001	0.773	0.225	0.001
0.366	0.001	0.182	0.451
0.001	0.001	0.997	0.001
0.001	0.807	0.001	0.191
0.001	0.380	0.001	0.618
0.672	0.001	0.001	0.326
>GCGCTGCTAAAA	9-GCGCTGCTAAAA	11.037350	-17.855309	0	T:10.0(7.41%),B:250.4(0.61%),P:1e-7	Tpos:374.4,Tstd:277.9,Bpos:530.5,Bstd:321.2,StrandBias:1.9,Multiplicity:1.40
0.094	0.001	0.904	0.001
0.206	0.701	0.001	0.092
0.111	0.001	0.887	0.001
0.098	0.781	0.120	0.001
0.001	0.001	0.001	0.997
0.095	0.001	0.827	0.077
0.089	0.712	0.001	0.198
0.121	0.121	0.180	0.578
0.878	0.001	0.001	0.120
0.997	0.001	0.001	0.001
0.941	0.001	0.001	0.057
0.821	0.001	0.001	0.177
>GAACCAACTTGG	10-GAACCAACTTGG	14.146081	-17.820807	0	T:5.0(3.70%),B:20.8(0.05%),P:1e-7	Tpos:314.2,Tstd:247.8,Bpos:519.2,Bstd:251.4,StrandBias:0.0,Multiplicity:1.00
0.001	0.001	0.997	0.001
0.997	0.001	0.001	0.001
0.997	0.001	0.001	0.001
0.001	0.793	0.205	0.001
0.001	0.997	0.001	0.001
0.997	0.001	0.001	0.001
0.997	0.001	0.001	0.001
0.001	0.775	0.223	0.001
0.168	0.001	0.001	0.830
0.001	0.001	0.001	0.997
0.001	0.001	0.823	0.175
0.001	0.001	0.997	0.001
>ATAGCTATATAT	11-ATAGCTATATAT	14.161307	-17.815891	0	T:6.0(4.44%),B:45.3(0.11%),P:1e-7	Tpos:629.0,Tstd:210.8,Bpos:426.5,Bstd:324.8,StrandBias:1.3,Multiplicity:1.00
0.997	0.001	0.001	0.001
0.001	0.001	0.001	0.997
0.997	0.001	0.001	0.001
0.001	0.001	0.997	0.001
0.144	0.683	0.001	0.172
0.001	0.001	0.001	0.997
0.997	0.001	0.001	0.001
0.001	0.257	0.001	0.741
0.997	0.001	0.001	0.001
0.001	0.001	0.001	0.997
0.811	0.001	0.001	0.187
0.001	0.001	0.001	0.997
>ATTTTCAGAGCA	12-ATTTTCAGAGCA	13.185769	-17.703962	0	T:15.0(11.11%),B:712.8(1.75%),P:1e-7	Tpos:494.0,Tstd:290.0,Bpos:535.9,Bstd:319.7,StrandBias:2.0,Multiplicity:1.00
0.914	0.001	0.001	0.084
0.001	0.001	0.001	0.997
0.001	0.001	0.001	0.997
0.001	0.001	0.001	0.997
0.001	0.001	0.001	0.997
0.001	0.997	0.001	0.001
0.904	0.001	0.001	0.094
0.073	0.142	0.784	0.001
0.909	0.001	0.001	0.089
0.133	0.075	0.744	0.048
0.101	0.803	0.095	0.001
0.997	0.001	0.001	0.001
>TCCAGATKGCAT	13-TCCAGATKGCAT	14.045064	-17.407731	0	T:5.0(3.70%),B:22.4(0.05%),P:1e-7	Tpos:294.2,Tstd:305.3,Bpos:353.8,Bstd:265.6,StrandBias:0.6,Multiplicity:1.00
0.001	0.001	0.001	0.997
0.001	0.782	0.001	0.216
0.001	0.997	0.001	0.001
0.997	0.001	0.001	0.001
0.001	0.001	0.997	0.001
0.997	0.001	0.001	0.001
0.001	0.001	0.001	0.997
0.001	0.001	0.504	0.494
0.001	0.001	0.997	0.001
0.001	0.997	0.001	0.001
0.722	0.001	0.001	0.276
0.001	0.001	0.001	0.997
>TTTAGACTTTTT	14-TTTAGACTTTTT	12.928395	-17.214220	0	T:14.0(10.37%),B:631.3(1.55%),P:1e-7	Tpos:537.1,Tstd:323.2,Bpos:502.7,Bstd:306.4,StrandBias:2.6,Multiplicity:1.00
0.001	0.001	0.001	0.997
0.001	0.101	0.001	0.897
0.001	0.050	0.001	0.948
0.861	0.045	0.061	0.033
0.001	0.001	0.965	0.033
0.924	0.001	0.074	0.001
0.001	0.775	0.001	0.223
0.055	0.001	0.001	0.943
0.001	0.145	0.119	0.735
0.001	0.001	0.001	0.997
0.001	0.001	0.001	0.997
0.001	0.001	0.001	0.997
>AGCAGAAGAAAA	15-AGCAGAAGAAAA	12.830806	-16.917611	0	T:13.0(9.63%),B:543.1(1.33%),P:1e-7	Tpos:618.3,Tstd:240.5,Bpos:545.7,Bstd:314.1,StrandBias:-1.2,Multiplicity:1.00
0.910	0.001	0.001	0.088
0.053	0.001	0.882	0.064
0.019	0.849	0.069	0.063
0.906	0.092	0.001	0.001
0.059	0.001	0.939	0.001
0.901	0.001	0.001	0.097
0.890	0.001	0.001	0.108
0.001	0.001	0.997	0.001
0.997	0.001	0.001	0.001
0.997	0.001	0.001	0.001
0.915	0.001	0.083	0.001
0.879	0.001	0.119	0.001
>TTTGGACAAAAC	16-TTTGGACAAAAC	12.929465	-16.732123	0	T:10.0(7.41%),B:283.8(0.70%),P:1e-7	Tpos:516.0,Tstd:278.3,Bpos:535.2,Bstd:288.1,StrandBias:-0.6,Multiplicity:1.00
0.001	0.178	0.001	0.820
0.001	0.170	0.001	0.828
0.001	0.001	0.001	0.997
0.001	0.001	0.997	0.001
0.078	0.109	0.812	0.001
0.997	0.001	0.001	0.001
0.056	0.865	0.078	0.001
0.997	0.001	0.001	0.001
0.997	0.001	0.001	0.001
0.997	0.001	0.001	0.001
0.864	0.134	0.001	0.001
0.060	0.938	0.001	0.001
>ATAACTTTCAAC	17-ATAACTTTCAAC	10.510471	-16.482263	0	T:28.0(20.74%),B:2708.6(6.64%),P:1e-7	Tpos:540.5,Tstd:292.5,Bpos:494.3,Bstd:295.6,StrandBias:-0.3,Multiplicity:1.18
0.838	0.063	0.002	0.097
0.075	0.040	0.001	0.884
0.856	0.095	0.029	0.020
0.844	0.055	0.047	0.054
0.075	0.553	0.174	0.198
0.001	0.001	0.001	0.997
0.049	0.038	0.001	0.912
0.038	0.001	0.001	0.960
0.102	0.691	0.055	0.152
0.968	0.030	0.001	0.001
0.958	0.001	0.001	0.040
0.085	0.547	0.118	0.250
>AAAACTTGAAGT	18-AAAACTTGAAGT	13.321410	-14.154969	0	T:9.0(6.67%),B:289.3(0.71%),P:1e-6	Tpos:344.6,Tstd:340.1,Bpos:466.4,Bstd:308.9,StrandBias:-0.3,Multiplicity:1.22
0.888	0.001	0.110	0.001
0.997	0.001	0.001	0.001
0.997	0.001	0.001	0.001
0.891	0.001	0.001	0.107
0.041	0.915	0.001	0.043
0.001	0.001	0.001	0.997
0.001	0.001	0.001	0.997
0.001	0.001	0.997	0.001
0.675	0.001	0.114	0.210
0.997	0.001	0.001	0.001
0.001	0.001	0.997	0.001
0.076	0.105	0.111	0.708
>TAGATATGYTCT	19-TAGATATGYTCT	13.003416	-14.058031	0	T:6.0(4.44%),B:89.2(0.22%),P:1e-6	Tpos:546.1,Tstd:221.6,Bpos:528.4,Bstd:305.3,StrandBias:0.4,Multiplicity:1.17
0.001	0.001	0.001	0.997
0.997	0.001	0.001	0.001
0.001	0.001	0.997	0.001
0.997	0.001	0.001	0.001
0.236	0.001	0.001	0.762
0.805	0.001	0.001	0.193
0.001	0.001	0.001	0.997
0.001	0.266	0.492	0.240
0.001	0.466	0.001	0.532
0.001	0.001	0.001	0.997
0.001	0.702	0.296	0.001
0.001	0.001	0.001	0.997
>ATCATTCGAATG	20-ATCATTCGAATG	13.696036	-13.364981	0	T:5.0(3.70%),B:55.0(0.13%),P:1e-5	Tpos:492.3,Tstd:346.3,Bpos:531.0,Bstd:305.8,StrandBias:0.0,Multiplicity:1.00
0.827	0.001	0.001	0.171
0.001	0.001	0.001	0.997
0.001	0.876	0.001	0.122
0.997	0.001	0.001	0.001
0.001	0.001	0.001	0.997
0.001	0.001	0.001	0.997
0.001	0.997	0.001	0.001
0.125	0.001	0.873	0.001
0.816	0.001	0.182	0.001
0.997	0.001	0.001	0.001
0.001	0.001	0.001	0.997
0.132	0.001	0.731	0.136
>CAATCAGCGCGT	21-CAATCAGCGCGT	14.396720	-12.079903	0	T:3.0(2.22%),B:8.7(0.02%),P:1e-5	Tpos:638.2,Tstd:139.6,Bpos:532.7,Bstd:246.2,StrandBias:-1.6,Multiplicity:1.33
0.001	0.997	0.001	0.001
0.997	0.001	0.001	0.001
0.997	0.001	0.001	0.001
0.001	0.001	0.001	0.997
0.001	0.997	0.001	0.001
0.997	0.001	0.001	0.001
0.182	0.001	0.565	0.252
0.001	0.997	0.001	0.001
0.001	0.001	0.997	0.001
0.001	0.997	0.001	0.001
0.121	0.001	0.877	0.001
0.001	0.221	0.001	0.777
>CAWTTCTAGTGC	22-CAWTTCTAGTGC	13.657270	-11.096856	0	T:4.0(2.96%),B:41.3(0.10%),P:1e-4	Tpos:562.5,Tstd:207.7,Bpos:530.5,Bstd:289.6,StrandBias:2.0,Multiplicity:2.50
0.001	0.997	0.001	0.001
0.997	0.001	0.001	0.001
0.436	0.001	0.001	0.562
0.001	0.001	0.001	0.997
0.001	0.135	0.001	0.863
0.001	0.997	0.001	0.001
0.001	0.001	0.001	0.997
0.997	0.001	0.001	0.001
0.001	0.001	0.997	0.001
0.001	0.186	0.001	0.812
0.001	0.001	0.846	0.152
0.001	0.997	0.001	0.001
>GTTAATTAACCG	23-GTTAATTAACCG	12.040666	-10.860406	0	T:5.0(3.70%),B:93.8(0.23%),P:1e-4	Tpos:635.9,Tstd:198.3,Bpos:505.8,Bstd:259.8,StrandBias:0.3,Multiplicity:1.20
0.130	0.188	0.681	0.001
0.001	0.001	0.001	0.997
0.118	0.001	0.001	0.880
0.803	0.195	0.001	0.001
0.997	0.001	0.001	0.001
0.001	0.001	0.001	0.997
0.001	0.001	0.188	0.810
0.783	0.001	0.001	0.215
0.997	0.001	0.001	0.001
0.001	0.997	0.001	0.001
0.346	0.540	0.113	0.001
0.326	0.001	0.537	0.136
>AAAAAATCGATT	24-AAAAAATCGATT	11.225068	-10.382374	0	T:19.0(14.07%),B:1974.5(4.84%),P:1e-4	Tpos:604.4,Tstd:280.8,Bpos:521.3,Bstd:340.8,StrandBias:0.2,Multiplicity:1.26
0.997	0.001	0.001	0.001
0.858	0.001	0.047	0.094
0.923	0.001	0.001	0.075
0.997	0.001	0.001	0.001
0.997	0.001	0.001	0.001
0.944	0.054	0.001	0.001
0.001	0.001	0.123	0.875
0.001	0.950	0.001	0.048
0.060	0.001	0.938	0.001
0.997	0.001	0.001	0.001
0.030	0.001	0.001	0.968
0.001	0.001	0.001	0.997
>ACGGCGATCGCC	25-ACGGCGATCGCC	10.914133	-4.947890	0	T:3.0(2.22%),B:115.8(0.28%),P:1e-2	Tpos:729.1,Tstd:145.9,Bpos:394.6,Bstd:367.0,StrandBias:0.3,Multiplicity:5.33
0.449	0.125	0.147	0.280
0.001	0.997	0.001	0.001
0.001	0.001	0.997	0.001
0.001	0.262	0.736	0.001
0.001	0.997	0.001	0.001
0.165	0.119	0.715	0.001
0.834	0.164	0.001	0.001
0.001	0.001	0.001	0.997
0.001	0.619	0.290	0.090
0.001	0.001	0.997	0.001
0.001	0.847	0.151	0.001
0.001	0.997	0.001	0.001
