>GCGCTGCG	1-GCGCTGCG	7.282619	-14.399453	0	T:27.0(20.00%),B:2819.5(6.91%),P:1e-6	Tpos:438.7,Tstd:309.9,Bpos:519.7,Bstd:330.2,StrandBias:0.6,Multiplicity:1.41
0.024	0.067	0.899	0.010
0.001	0.935	0.001	0.063
0.001	0.001	0.887	0.111
0.072	0.870	0.057	0.001
0.030	0.001	0.067	0.902
0.033	0.017	0.949	0.001
0.019	0.878	0.083	0.020
0.060	0.027	0.695	0.218
>TGACKCAR	2-TGACKCAR	6.835389	-11.844803	0	T:35.0(25.93%),B:4882.9(11.96%),P:1e-5	Tpos:533.9,Tstd:282.6,Bpos:510.2,Bstd:306.9,StrandBias:0.7,Multiplicity:1.34
0.001	0.001	0.001	0.997
0.001	0.001	0.997	0.001
0.929	0.069	0.001	0.001
0.001	0.997	0.001	0.001
0.001	0.001	0.438	0.560
0.001	0.997	0.001	0.001
0.658	0.001	0.340	0.001
0.565	0.001	0.433	0.001
>CGACGAAA	3-CGACGAAA	8.236954	-8.615509	0	T:15.0(11.11%),B:1527.8(3.74%),P:1e-3	Tpos:537.1,Tstd:289.3,Bpos:528.7,Bstd:343.0,StrandBias:-1.7,Multiplicity:1.13
0.100	0.700	0.100	0.100
0.100	0.100	0.700	0.100
0.700	0.100	0.100	0.100
0.100	0.700	0.100	0.100
0.100	0.100	0.700	0.100
0.700	0.100	0.100	0.100
0.700	0.100	0.100	0.100
0.700	0.100	0.100	0.100
>TCCTAGYG	4-TCCTAGYG	7.710502	-4.286454	0	T:23.0(17.04%),B:4284.1(10.50%),P:1e-1	Tpos:520.1,Tstd:227.7,Bpos:502.7,Bstd:317.5,StrandBias:0.8,Multiplicity:1.83
0.001	0.001	0.001	0.997
0.001	0.709	0.001	0.289
0.001	0.698	0.300	0.001
0.001	0.001	0.001	0.997
0.694	0.001	0.304	0.001
0.001	0.001	0.997	0.001
0.038	0.533	0.001	0.428
0.001	0.001	0.997	0.001
>CGATCGCC	5-CGATCGCC	8.236954	-1.379620	0	T:2.0(1.48%),B:291.6(0.71%),P:1e0	Tpos:718.9,Tstd:144.2,Bpos:430.9,Bstd:341.4,StrandBias:-0.9,Multiplicity:6.50
0.100	0.700	0.100	0.100
0.100	0.100	0.700	0.100
0.700	0.100	0.100	0.100
0.100	0.100	0.100	0.700
0.100	0.700	0.100	0.100
0.100	0.100	0.700	0.100
0.100	0.700	0.100	0.100
0.100	0.700	0.100	0.100
