>GAGGCTATCT	1-GAGGCTATCT	11.427283	-20.838878	0	T:6.0(16.22%),B:103.0(0.26%),P:1e-9	Tpos:333.2,Tstd:264.6,Bpos:473.8,Bstd:346.7,StrandBias:-2.3,Multiplicity:1.00
0.180	0.001	0.818	0.001
0.767	0.231	0.001	0.001
0.001	0.001	0.997	0.001
0.001	0.001	0.997	0.001
0.001	0.997	0.001	0.001
0.001	0.192	0.001	0.806
0.997	0.001	0.001	0.001
0.197	0.001	0.001	0.801
0.001	0.997	0.001	0.001
0.001	0.001	0.001	0.997
>TCTCTTATCA	2-TCTCTTATCA	10.892790	-20.800403	0	T:13.0(35.14%),B:1549.1(3.97%),P:1e-9	Tpos:480.5,Tstd:303.5,Bpos:558.1,Bstd:326.7,StrandBias:0.7,Multiplicity:1.00
0.255	0.001	0.001	0.743
0.001	0.635	0.119	0.245
0.001	0.001	0.001	0.997
0.001	0.917	0.001	0.081
0.001	0.001	0.001	0.997
0.001	0.101	0.129	0.769
0.933	0.065	0.001	0.001
0.001	0.001	0.001	0.997
0.001	0.997	0.001	0.001
0.997	0.001	0.001	0.001
>TGAGTTACTC	3-TGAGTTACTC	10.812021	-16.587102	0	T:7.0(18.92%),B:373.5(0.96%),P:1e-7	Tpos:582.8,Tstd:145.8,Bpos:495.1,Bstd:334.3,StrandBias:1.2,Multiplicity:1.14
0.001	0.001	0.185	0.813
0.001	0.001	0.859	0.139
0.997	0.001	0.001	0.001
0.114	0.001	0.884	0.001
0.001	0.001	0.001	0.997
0.145	0.001	0.001	0.853
0.890	0.001	0.001	0.108
0.001	0.842	0.156	0.001
0.001	0.001	0.001	0.997
0.001	0.997	0.001	0.001
>ATSTATATAC	4-ATSTATATAC	9.969032	-14.066336	0	T:8.0(21.62%),B:806.6(2.07%),P:1e-6	Tpos:547.8,Tstd:212.8,Bpos:509.0,Bstd:300.0,StrandBias:-1.2,Multiplicity:1.00
0.997	0.001	0.001	0.001
0.001	0.001	0.001	0.997
0.001	0.447	0.551	0.001
0.144	0.001	0.001	0.854
0.825	0.001	0.173	0.001
0.001	0.001	0.001	0.997
0.756	0.001	0.242	0.001
0.001	0.193	0.001	0.805
0.592	0.001	0.406	0.001
0.001	0.825	0.173	0.001
>TCGVGCTTGT	5-TCGVGCTTGT	5.609778	-10.340257	0	T:22.0(59.46%),B:10503.7(26.92%),P:1e-4	Tpos:438.0,Tstd:293.2,Bpos:506.2,Bstd:330.0,StrandBias:1.2,Multiplicity:1.50
0.001	0.001	0.001	0.997
0.001	0.606	0.392	0.001
0.001	0.001	0.685	0.313
0.293	0.407	0.299	0.001
0.001	0.001	0.780	0.218
0.204	0.794	0.001	0.001
0.056	0.001	0.001	0.942
0.001	0.001	0.001	0.997
0.001	0.001	0.969	0.029
0.001	0.001	0.001	0.997
>SCYCCSSCMA	6-SCYCCSSCMA	10.023360	-10.006484	0	T:8.0(21.62%),B:1412.7(3.62%),P:1e-4	Tpos:506.8,Tstd:285.8,Bpos:548.9,Bstd:333.5,StrandBias:0.3,Multiplicity:1.00
0.099	0.441	0.459	0.001
0.001	0.997	0.001	0.001
0.001	0.551	0.001	0.447
0.001	0.997	0.001	0.001
0.001	0.997	0.001	0.001
0.001	0.539	0.459	0.001
0.001	0.567	0.431	0.001
0.001	0.899	0.099	0.001
0.431	0.567	0.001	0.001
0.992	0.006	0.001	0.001
>AGATTCAATC	7-AGATTCAATC	10.873701	-9.756085	0	T:6.0(16.22%),B:721.1(1.85%),P:1e-4	Tpos:367.7,Tstd:277.5,Bpos:493.1,Bstd:339.5,StrandBias:0.6,Multiplicity:1.50
0.997	0.001	0.001	0.001
0.055	0.001	0.943	0.001
0.997	0.001	0.001	0.001
0.001	0.001	0.160	0.838
0.001	0.001	0.001	0.997
0.001	0.773	0.120	0.106
0.997	0.001	0.001	0.001
0.997	0.001	0.001	0.001
0.001	0.001	0.139	0.859
0.001	0.710	0.114	0.175
>TCTGATATTAAA	1-TCTGATATTAAA	13.790842	-20.974430	0	T:7.0(18.92%),B:194.7(0.50%),P:1e-9	Tpos:370.4,Tstd:236.3,Bpos:498.7,Bstd:306.1,StrandBias:0.4,Multiplicity:1.00
0.001	0.001	0.001	0.997
0.001	0.860	0.001	0.138
0.001	0.001	0.001	0.997
0.001	0.001	0.822	0.176
0.997	0.001	0.001	0.001
0.001	0.001	0.001	0.997
0.869	0.001	0.001	0.129
0.001	0.001	0.001	0.997
0.001	0.001	0.001	0.997
0.804	0.194	0.001	0.001
0.997	0.001	0.001	0.001
0.810	0.001	0.001	0.188
>TCGAACGCAAGG	2-TCGAACGCAAGG	15.096400	-20.968317	0	T:3.0(8.11%),B:0.0(0.00%),P:1e-9	Tpos:666.0,Tstd:349.1,Bpos:0.0,Bstd:0.0,StrandBias:10.0,Multiplicity:1.00
0.001	0.001	0.332	0.666
0.001	0.997	0.001	0.001
0.001	0.001	0.997	0.001
0.997	0.001	0.001	0.001
0.997	0.001	0.001	0.001
0.001	0.997	0.001	0.001
0.001	0.001	0.997	0.001
0.001	0.997	0.001	0.001
0.666	0.332	0.001	0.001
0.997	0.001	0.001	0.001
0.001	0.001	0.997	0.001
0.001	0.001	0.997	0.001
>TTTTTACCTATA	3-TTTTTACCTATA	13.880739	-20.514036	0	T:6.0(16.22%),B:109.1(0.28%),P:1e-8	Tpos:701.8,Tstd:230.6,Bpos:561.1,Bstd:321.2,StrandBias:1.0,Multiplicity:1.00
0.001	0.001	0.001	0.997
0.001	0.203	0.001	0.795
0.001	0.001	0.001	0.997
0.001	0.001	0.001	0.997
0.001	0.001	0.001	0.997
0.706	0.170	0.001	0.123
0.001	0.997	0.001	0.001
0.001	0.997	0.001	0.001
0.001	0.196	0.001	0.802
0.997	0.001	0.001	0.001
0.001	0.167	0.001	0.831
0.997	0.001	0.001	0.001
>ATGAGWWACTCA	4-ATGAGWWACTCA	11.546475	-19.545693	0	T:6.0(16.22%),B:129.9(0.33%),P:1e-8	Tpos:556.5,Tstd:151.8,Bpos:509.4,Bstd:332.4,StrandBias:-0.7,Multiplicity:1.00
0.696	0.001	0.302	0.001
0.259	0.272	0.001	0.468
0.231	0.001	0.767	0.001
0.741	0.001	0.001	0.257
0.001	0.001	0.997	0.001
0.491	0.001	0.001	0.507
0.547	0.001	0.001	0.451
0.805	0.001	0.001	0.193
0.001	0.959	0.001	0.039
0.001	0.001	0.001	0.997
0.001	0.997	0.001	0.001
0.728	0.270	0.001	0.001
>CMACTGCGCCAC	5-CMACTGCGCCAC	9.372912	-19.443918	0	T:9.0(24.32%),B:587.2(1.50%),P:1e-8	Tpos:729.6,Tstd:226.3,Bpos:497.2,Bstd:324.4,StrandBias:-0.6,Multiplicity:1.11
0.116	0.660	0.108	0.116
0.428	0.565	0.001	0.006
0.906	0.007	0.001	0.086
0.001	0.818	0.180	0.001
0.001	0.001	0.243	0.755
0.001	0.001	0.913	0.085
0.085	0.913	0.001	0.001
0.001	0.359	0.639	0.001
0.116	0.467	0.237	0.181
0.001	0.933	0.001	0.065
0.782	0.131	0.001	0.086
0.223	0.681	0.095	0.001
>CAAAAGCAAAGA	6-CAAAAGCAAAGA	14.310333	-19.074601	0	T:6.0(16.22%),B:140.3(0.36%),P:1e-8	Tpos:574.8,Tstd:304.9,Bpos:516.5,Bstd:343.1,StrandBias:-1.0,Multiplicity:1.00
0.001	0.997	0.001	0.001
0.997	0.001	0.001	0.001
0.997	0.001	0.001	0.001
0.997	0.001	0.001	0.001
0.997	0.001	0.001	0.001
0.001	0.210	0.615	0.174
0.173	0.579	0.247	0.001
0.997	0.001	0.001	0.001
0.997	0.001	0.001	0.001
0.997	0.001	0.001	0.001
0.001	0.001	0.997	0.001
0.997	0.001	0.001	0.001
>GAAAAGTGCAGA	7-GAAAAGTGCAGA	13.572856	-18.801417	0	T:7.0(18.92%),B:268.0(0.69%),P:1e-8	Tpos:368.1,Tstd:321.5,Bpos:538.2,Bstd:368.6,StrandBias:-1.3,Multiplicity:1.00
0.107	0.001	0.891	0.001
0.997	0.001	0.001	0.001
0.796	0.202	0.001	0.001
0.997	0.001	0.001	0.001
0.997	0.001	0.001	0.001
0.105	0.001	0.893	0.001
0.122	0.001	0.001	0.876
0.001	0.001	0.997	0.001
0.001	0.872	0.001	0.126
0.837	0.161	0.001	0.001
0.001	0.001	0.997	0.001
0.997	0.001	0.001	0.001
>CGATTTTTGTTC	8-CGATTTTTGTTC	13.400304	-16.990567	0	T:6.0(16.22%),B:201.4(0.52%),P:1e-7	Tpos:480.4,Tstd:156.9,Bpos:536.1,Bstd:304.7,StrandBias:1.3,Multiplicity:1.17
0.001	0.899	0.001	0.099
0.001	0.114	0.884	0.001
0.661	0.187	0.151	0.001
0.001	0.001	0.001	0.997
0.001	0.001	0.001	0.997
0.001	0.001	0.001	0.997
0.001	0.001	0.001	0.997
0.001	0.161	0.001	0.837
0.001	0.001	0.997	0.001
0.001	0.001	0.001	0.997
0.001	0.168	0.001	0.830
0.001	0.997	0.001	0.001
>ATTTTCAGTCCT	9-ATTTTCAGTCCT	14.323093	-16.725724	0	T:5.0(13.51%),B:101.3(0.26%),P:1e-7	Tpos:638.5,Tstd:230.0,Bpos:527.3,Bstd:358.4,StrandBias:1.0,Multiplicity:1.20
0.997	0.001	0.001	0.001
0.001	0.001	0.001	0.997
0.001	0.001	0.001	0.997
0.001	0.001	0.001	0.997
0.001	0.001	0.001	0.997
0.001	0.997	0.001	0.001
0.690	0.001	0.001	0.308
0.238	0.001	0.760	0.001
0.001	0.001	0.001	0.997
0.001	0.997	0.001	0.001
0.001	0.804	0.001	0.194
0.001	0.001	0.001	0.997
>AAATAGTGTGGG	10-AAATAGTGTGGG	12.937889	-16.494314	0	T:5.0(13.51%),B:107.0(0.27%),P:1e-7	Tpos:605.2,Tstd:214.4,Bpos:536.8,Bstd:291.6,StrandBias:-2.3,Multiplicity:1.20
0.748	0.001	0.250	0.001
0.997	0.001	0.001	0.001
0.997	0.001	0.001	0.001
0.001	0.001	0.001	0.997
0.997	0.001	0.001	0.001
0.201	0.001	0.797	0.001
0.001	0.001	0.001	0.997
0.001	0.001	0.797	0.201
0.001	0.001	0.001	0.997
0.001	0.001	0.997	0.001
0.001	0.001	0.840	0.158
0.001	0.001	0.997	0.001
>ATTTTCCATTGC	11-ATTTTCCATTGC	12.591984	-15.538202	0	T:4.0(10.81%),B:48.8(0.13%),P:1e-6	Tpos:374.5,Tstd:289.2,Bpos:527.9,Bstd:283.1,StrandBias:-10.0,Multiplicity:1.00
0.997	0.001	0.001	0.001
0.001	0.001	0.001	0.997
0.001	0.001	0.001	0.997
0.001	0.001	0.139	0.859
0.068	0.130	0.001	0.801
0.001	0.997	0.001	0.001
0.001	0.997	0.001	0.001
0.997	0.001	0.001	0.001
0.001	0.001	0.001	0.997
0.001	0.001	0.001	0.997
0.001	0.001	0.997	0.001
0.001	0.997	0.001	0.001
>GGCGCAGAAGGT	12-GGCGCAGAAGGT	11.619298	-12.779594	0	T:4.0(10.81%),B:99.3(0.25%),P:1e-5	Tpos:706.7,Tstd:161.0,Bpos:521.0,Bstd:360.8,StrandBias:-1.0,Multiplicity:1.50
0.001	0.001	0.997	0.001
0.229	0.001	0.769	0.001
0.001	0.997	0.001	0.001
0.210	0.001	0.779	0.010
0.001	0.753	0.245	0.001
0.496	0.230	0.273	0.001
0.245	0.001	0.753	0.001
0.990	0.001	0.001	0.008
0.997	0.001	0.001	0.001
0.209	0.001	0.789	0.001
0.001	0.001	0.997	0.001
0.001	0.284	0.001	0.714
>TGGAGCTTTTGC	13-TGGAGCTTTTGC	11.816247	-11.211136	0	T:4.0(10.81%),B:149.7(0.38%),P:1e-4	Tpos:575.0,Tstd:249.7,Bpos:523.4,Bstd:321.0,StrandBias:-1.0,Multiplicity:1.50
0.001	0.001	0.001	0.997
0.001	0.231	0.580	0.188
0.001	0.001	0.997	0.001
0.997	0.001	0.001	0.001
0.001	0.001	0.997	0.001
0.001	0.806	0.192	0.001
0.001	0.001	0.001	0.997
0.001	0.001	0.001	0.997
0.001	0.001	0.001	0.997
0.001	0.001	0.001	0.997
0.001	0.001	0.997	0.001
0.187	0.811	0.001	0.001
>GAGTCGAACCCC	14-GAGTCGAACCCC	9.183060	-9.933352	0	T:7.0(18.92%),B:1037.0(2.66%),P:1e-4	Tpos:637.4,Tstd:214.2,Bpos:513.7,Bstd:330.4,StrandBias:-1.0,Multiplicity:1.29
0.001	0.157	0.841	0.001
0.993	0.001	0.005	0.001
0.293	0.001	0.556	0.150
0.001	0.001	0.187	0.811
0.001	0.811	0.001	0.187
0.157	0.001	0.841	0.001
0.811	0.187	0.001	0.001
0.997	0.001	0.001	0.001
0.345	0.504	0.001	0.150
0.131	0.523	0.188	0.158
0.149	0.849	0.001	0.001
0.158	0.514	0.140	0.188
>CCCCCCCCCCCA	15-CCCCCCCCCCCA	10.838023	-6.777970	0	T:4.0(10.81%),B:483.4(1.24%),P:1e-2	Tpos:586.5,Tstd:217.4,Bpos:541.5,Bstd:330.6,StrandBias:1.0,Multiplicity:1.00
0.001	0.681	0.001	0.317
0.001	0.681	0.317	0.001
0.001	0.681	0.317	0.001
0.001	0.997	0.001	0.001
0.001	0.997	0.001	0.001
0.317	0.681	0.001	0.001
0.317	0.681	0.001	0.001
0.001	0.681	0.317	0.001
0.001	0.681	0.317	0.001
0.001	0.681	0.317	0.001
0.317	0.681	0.001	0.001
0.961	0.037	0.001	0.001
>TTCAATCY	1-TTCAATCY	7.927111	-16.003545	0	T:26.0(70.27%),B:10903.8(27.95%),P:1e-6	Tpos:538.3,Tstd:276.7,Bpos:508.2,Bstd:329.0,StrandBias:1.1,Multiplicity:1.35
0.269	0.001	0.001	0.729
0.001	0.001	0.001	0.997
0.001	0.997	0.001	0.001
0.589	0.001	0.130	0.280
0.595	0.001	0.403	0.001
0.001	0.001	0.001	0.997
0.001	0.997	0.001	0.001
0.001	0.544	0.001	0.454
>TGTAATAT	2-TGTAATAT	8.510940	-14.841928	0	T:25.0(67.57%),B:10601.7(27.17%),P:1e-6	Tpos:548.6,Tstd:298.2,Bpos:500.6,Bstd:309.1,StrandBias:0.3,Multiplicity:1.60
0.001	0.001	0.001	0.997
0.001	0.001	0.781	0.217
0.001	0.142	0.001	0.856
0.694	0.141	0.164	0.001
0.997	0.001	0.001	0.001
0.001	0.001	0.001	0.997
0.997	0.001	0.001	0.001
0.001	0.001	0.001	0.997
>TAAAGTAA	3-TAAAGTAA	8.764165	-12.336447	0	T:17.0(45.95%),B:5623.7(14.41%),P:1e-5	Tpos:439.4,Tstd:264.2,Bpos:502.7,Bstd:314.6,StrandBias:0.5,Multiplicity:1.12
0.001	0.001	0.001	0.997
0.997	0.001	0.001	0.001
0.997	0.001	0.001	0.001
0.935	0.001	0.001	0.063
0.001	0.001	0.997	0.001
0.001	0.129	0.001	0.869
0.997	0.001	0.001	0.001
0.822	0.001	0.001	0.176
>CGCCCGTG	4-CGCCCGTG	7.056058	-7.857032	0	T:9.0(24.32%),B:2456.8(6.30%),P:1e-3	Tpos:446.6,Tstd:244.6,Bpos:545.5,Bstd:351.4,StrandBias:1.0,Multiplicity:1.00
0.087	0.911	0.001	0.001
0.120	0.001	0.878	0.001
0.001	0.642	0.098	0.259
0.022	0.673	0.266	0.039
0.001	0.997	0.001	0.001
0.168	0.001	0.830	0.001
0.001	0.001	0.147	0.851
0.001	0.034	0.909	0.056
>CCCCCCCC	5-CCCCCCCC	8.869219	-5.457666	0	T:5.0(13.51%),B:1138.1(2.92%),P:1e-2	Tpos:376.0,Tstd:244.7,Bpos:537.5,Bstd:333.7,StrandBias:0.4,Multiplicity:1.00
0.001	0.874	0.078	0.047
0.074	0.924	0.001	0.001
0.001	0.940	0.058	0.001
0.047	0.951	0.001	0.001
0.001	0.997	0.001	0.001
0.001	0.997	0.001	0.001
0.001	0.837	0.161	0.001
0.059	0.939	0.001	0.001
