>GAGGCTATCT	1-GAGGCTATCT	11.427283	-20.838878	0	T:6.0(16.22%),B:103.0(0.26%),P:1e-9	Tpos:333.2,Tstd:264.6,Bpos:473.8,Bstd:346.7,StrandBias:-2.3,Multiplicity:1.00
0.180	0.001	0.818	0.001
0.767	0.231	0.001	0.001
0.001	0.001	0.997	0.001
0.001	0.001	0.997	0.001
0.001	0.997	0.001	0.001
0.001	0.192	0.001	0.806
0.997	0.001	0.001	0.001
0.197	0.001	0.001	0.801
0.001	0.997	0.001	0.001
0.001	0.001	0.001	0.997
>TCTCTTATCA	2-TCTCTTATCA	10.892790	-20.800403	0	T:13.0(35.14%),B:1549.1(3.97%),P:1e-9	Tpos:480.5,Tstd:303.5,Bpos:558.1,Bstd:326.7,StrandBias:0.7,Multiplicity:1.00
0.255	0.001	0.001	0.743
0.001	0.635	0.119	0.245
0.001	0.001	0.001	0.997
0.001	0.917	0.001	0.081
0.001	0.001	0.001	0.997
0.001	0.101	0.129	0.769
0.933	0.065	0.001	0.001
0.001	0.001	0.001	0.997
0.001	0.997	0.001	0.001
0.997	0.001	0.001	0.001
>TGAGTTACTC	3-TGAGTTACTC	10.812021	-16.587102	0	T:7.0(18.92%),B:373.5(0.96%),P:1e-7	Tpos:582.8,Tstd:145.8,Bpos:495.1,Bstd:334.3,StrandBias:1.2,Multiplicity:1.14
0.001	0.001	0.185	0.813
0.001	0.001	0.859	0.139
0.997	0.001	0.001	0.001
0.114	0.001	0.884	0.001
0.001	0.001	0.001	0.997
0.145	0.001	0.001	0.853
0.890	0.001	0.001	0.108
0.001	0.842	0.156	0.001
0.001	0.001	0.001	0.997
0.001	0.997	0.001	0.001
>ATSTATATAC	4-ATSTATATAC	9.969032	-14.066336	0	T:8.0(21.62%),B:806.6(2.07%),P:1e-6	Tpos:547.8,Tstd:212.8,Bpos:509.0,Bstd:300.0,StrandBias:-1.2,Multiplicity:1.00
0.997	0.001	0.001	0.001
0.001	0.001	0.001	0.997
0.001	0.447	0.551	0.001
0.144	0.001	0.001	0.854
0.825	0.001	0.173	0.001
0.001	0.001	0.001	0.997
0.756	0.001	0.242	0.001
0.001	0.193	0.001	0.805
0.592	0.001	0.406	0.001
0.001	0.825	0.173	0.001
>TCGVGCTTGT	5-TCGVGCTTGT	5.609778	-10.340257	0	T:22.0(59.46%),B:10503.7(26.92%),P:1e-4	Tpos:438.0,Tstd:293.2,Bpos:506.2,Bstd:330.0,StrandBias:1.2,Multiplicity:1.50
0.001	0.001	0.001	0.997
0.001	0.606	0.392	0.001
0.001	0.001	0.685	0.313
0.293	0.407	0.299	0.001
0.001	0.001	0.780	0.218
0.204	0.794	0.001	0.001
0.056	0.001	0.001	0.942
0.001	0.001	0.001	0.997
0.001	0.001	0.969	0.029
0.001	0.001	0.001	0.997
>SCYCCSSCMA	6-SCYCCSSCMA	10.023360	-10.006484	0	T:8.0(21.62%),B:1412.7(3.62%),P:1e-4	Tpos:506.8,Tstd:285.8,Bpos:548.9,Bstd:333.5,StrandBias:0.3,Multiplicity:1.00
0.099	0.441	0.459	0.001
0.001	0.997	0.001	0.001
0.001	0.551	0.001	0.447
0.001	0.997	0.001	0.001
0.001	0.997	0.001	0.001
0.001	0.539	0.459	0.001
0.001	0.567	0.431	0.001
0.001	0.899	0.099	0.001
0.431	0.567	0.001	0.001
0.992	0.006	0.001	0.001
>AGATTCAATC	7-AGATTCAATC	10.873701	-9.756085	0	T:6.0(16.22%),B:721.1(1.85%),P:1e-4	Tpos:367.7,Tstd:277.5,Bpos:493.1,Bstd:339.5,StrandBias:0.6,Multiplicity:1.50
0.997	0.001	0.001	0.001
0.055	0.001	0.943	0.001
0.997	0.001	0.001	0.001
0.001	0.001	0.160	0.838
0.001	0.001	0.001	0.997
0.001	0.773	0.120	0.106
0.997	0.001	0.001	0.001
0.997	0.001	0.001	0.001
0.001	0.001	0.139	0.859
0.001	0.710	0.114	0.175
