>TGCCCCCCGTCT	8-TGCCCCCCGTCT,BestGuess:eor-1/MA0543.1/Jaspar(0.540)	9.576408	-19.579006	0	T:17.0(13.49%),B:845.1(2.18%),P:1e-8
0.001	0.077	0.001	0.921
0.001	0.047	0.595	0.357
0.001	0.862	0.001	0.136
0.001	0.734	0.001	0.264
0.194	0.605	0.001	0.200
0.001	0.599	0.001	0.399
0.001	0.869	0.001	0.129
0.078	0.737	0.069	0.116
0.254	0.161	0.584	0.001
0.001	0.068	0.001	0.930
0.001	0.904	0.001	0.094
0.056	0.207	0.001	0.736
