>CAAAAATTGCCA	15-CAAAAATTGCCA,BestGuess:MF0008.1_MADS_class/Jaspar(0.577)	9.709577	-15.578530	0	T:36.0(28.57%),B:4457.1(11.50%),P:1e-6
0.034	0.783	0.052	0.131
0.886	0.036	0.031	0.047
0.852	0.001	0.133	0.014
0.916	0.001	0.057	0.026
0.776	0.124	0.036	0.064
0.762	0.058	0.062	0.118
0.030	0.026	0.021	0.923
0.092	0.019	0.040	0.849
0.081	0.086	0.763	0.070
0.067	0.699	0.099	0.135
0.048	0.871	0.033	0.048
0.926	0.044	0.020	0.010
