>TGTTATCAGT	1-TGTTATCAGT	8.109452	-29.731737	0	T:60.0(33.90%),B:5054.3(12.38%),P:1e-12	Tpos:630.8,Tstd:292.7,Bpos:547.0,Bstd:322.9,StrandBias:0.6,Multiplicity:1.22
0.055	0.228	0.116	0.601
0.012	0.353	0.568	0.067
0.163	0.021	0.036	0.780
0.042	0.040	0.261	0.657
0.881	0.016	0.046	0.057
0.043	0.132	0.001	0.824
0.095	0.825	0.039	0.041
0.831	0.028	0.078	0.063
0.048	0.025	0.576	0.351
0.220	0.167	0.080	0.533
>AATTCGCART	2-AATTCGCART	8.527502	-24.904497	0	T:27.0(15.25%),B:1272.3(3.12%),P:1e-10	Tpos:506.0,Tstd:283.1,Bpos:534.0,Bstd:302.4,StrandBias:0.3,Multiplicity:1.07
0.997	0.001	0.001	0.001
0.492	0.001	0.194	0.313
0.080	0.233	0.074	0.613
0.001	0.118	0.164	0.717
0.396	0.571	0.005	0.028
0.001	0.070	0.686	0.243
0.001	0.997	0.001	0.001
0.447	0.187	0.086	0.281
0.454	0.001	0.356	0.189
0.001	0.285	0.142	0.572
>GKTCTGGCAT	3-GKTCTGGCAT	9.180844	-23.284969	0	T:16.0(9.04%),B:414.1(1.01%),P:1e-10	Tpos:599.9,Tstd:289.8,Bpos:464.2,Bstd:321.3,StrandBias:-0.4,Multiplicity:1.00
0.001	0.160	0.776	0.063
0.001	0.252	0.432	0.315
0.001	0.122	0.001	0.876
0.105	0.805	0.089	0.001
0.001	0.184	0.001	0.814
0.001	0.075	0.923	0.001
0.068	0.122	0.809	0.001
0.001	0.901	0.097	0.001
0.883	0.001	0.115	0.001
0.081	0.001	0.001	0.917
>TATAAAACGC	4-TATAAAACGC	8.093741	-22.730623	0	T:60.0(33.90%),B:5972.1(14.63%),P:1e-9	Tpos:582.2,Tstd:301.0,Bpos:525.5,Bstd:323.0,StrandBias:0.5,Multiplicity:1.15
0.109	0.001	0.001	0.889
0.970	0.028	0.001	0.001
0.001	0.001	0.118	0.880
0.829	0.001	0.001	0.169
0.921	0.025	0.053	0.001
0.741	0.168	0.001	0.090
0.626	0.343	0.001	0.030
0.260	0.652	0.069	0.019
0.220	0.001	0.753	0.026
0.108	0.812	0.079	0.001
>TACAAAGACC	5-TACAAAGACC	9.904626	-22.179458	0	T:15.0(8.47%),B:380.3(0.93%),P:1e-9	Tpos:422.0,Tstd:244.4,Bpos:486.7,Bstd:291.1,StrandBias:1.5,Multiplicity:1.00
0.123	0.058	0.001	0.818
0.947	0.051	0.001	0.001
0.001	0.924	0.001	0.074
0.732	0.181	0.086	0.001
0.997	0.001	0.001	0.001
0.997	0.001	0.001	0.001
0.043	0.041	0.873	0.043
0.858	0.083	0.001	0.058
0.029	0.969	0.001	0.001
0.001	0.938	0.060	0.001
>ACGGTGTGAC	6-ACGGTGTGAC	8.908307	-20.365494	0	T:15.0(8.47%),B:437.0(1.07%),P:1e-8	Tpos:663.3,Tstd:244.1,Bpos:516.8,Bstd:330.2,StrandBias:-0.9,Multiplicity:1.13
0.761	0.113	0.001	0.125
0.001	0.910	0.001	0.088
0.089	0.001	0.833	0.077
0.107	0.148	0.744	0.001
0.122	0.001	0.001	0.876
0.001	0.026	0.972	0.001
0.001	0.001	0.001	0.997
0.001	0.001	0.997	0.001
0.997	0.001	0.001	0.001
0.082	0.916	0.001	0.001
>ACTATCTTCA	7-ACTATCTTCA	9.522849	-19.220473	0	T:15.0(8.47%),B:476.5(1.17%),P:1e-8	Tpos:450.8,Tstd:241.9,Bpos:495.5,Bstd:314.6,StrandBias:-0.4,Multiplicity:1.07
0.997	0.001	0.001	0.001
0.001	0.997	0.001	0.001
0.001	0.001	0.070	0.928
0.997	0.001	0.001	0.001
0.001	0.001	0.001	0.997
0.001	0.817	0.181	0.001
0.001	0.001	0.092	0.906
0.088	0.001	0.001	0.910
0.001	0.941	0.001	0.057
0.997	0.001	0.001	0.001
>CTGGCAACAA	8-CTGGCAACAA	9.940686	-19.133840	0	T:22.0(12.43%),B:1113.3(2.73%),P:1e-8	Tpos:528.8,Tstd:261.7,Bpos:517.4,Bstd:323.5,StrandBias:0.4,Multiplicity:1.05
0.001	0.997	0.001	0.001
0.051	0.053	0.001	0.895
0.001	0.065	0.904	0.030
0.045	0.095	0.753	0.107
0.106	0.817	0.001	0.076
0.997	0.001	0.001	0.001
0.834	0.001	0.092	0.073
0.001	0.997	0.001	0.001
0.997	0.001	0.001	0.001
0.847	0.001	0.089	0.063
>TGACCAAAGA	9-TGACCAAAGA	8.863774	-19.068049	0	T:23.0(12.99%),B:1222.2(2.99%),P:1e-8	Tpos:435.8,Tstd:288.4,Bpos:513.6,Bstd:315.1,StrandBias:-0.5,Multiplicity:1.17
0.077	0.084	0.001	0.838
0.001	0.001	0.997	0.001
0.997	0.001	0.001	0.001
0.072	0.926	0.001	0.001
0.001	0.927	0.001	0.071
0.904	0.001	0.094	0.001
0.997	0.001	0.001	0.001
0.791	0.101	0.107	0.001
0.071	0.044	0.874	0.011
0.701	0.088	0.151	0.060
>AATGACGTCA	10-AATGACGTCA	8.164178	-18.954837	0	T:49.0(27.68%),B:4758.2(11.66%),P:1e-8	Tpos:603.9,Tstd:277.4,Bpos:513.1,Bstd:318.8,StrandBias:-0.6,Multiplicity:1.22
0.683	0.125	0.191	0.001
0.496	0.001	0.207	0.296
0.174	0.001	0.001	0.824
0.001	0.380	0.618	0.001
0.997	0.001	0.001	0.001
0.001	0.874	0.001	0.124
0.114	0.001	0.777	0.108
0.001	0.001	0.001	0.997
0.247	0.512	0.240	0.001
0.817	0.001	0.030	0.152
>GTGACTCATV	11-GTGACTCATV	8.909687	-18.436189	0	T:28.0(15.82%),B:1843.1(4.52%),P:1e-8	Tpos:614.6,Tstd:267.9,Bpos:514.3,Bstd:325.3,StrandBias:-0.2,Multiplicity:1.07
0.001	0.345	0.544	0.110
0.291	0.001	0.001	0.707
0.001	0.001	0.846	0.152
0.997	0.001	0.001	0.001
0.001	0.711	0.287	0.001
0.001	0.001	0.001	0.997
0.001	0.997	0.001	0.001
0.997	0.001	0.001	0.001
0.266	0.001	0.257	0.476
0.421	0.286	0.292	0.001
>GACGCGCCGC	12-GACGCGCCGC	10.755564	-18.348864	0	T:8.0(4.52%),B:89.1(0.22%),P:1e-7	Tpos:421.8,Tstd:233.9,Bpos:517.7,Bstd:300.2,StrandBias:0.0,Multiplicity:1.00
0.091	0.001	0.907	0.001
0.997	0.001	0.001	0.001
0.115	0.883	0.001	0.001
0.001	0.113	0.791	0.095
0.001	0.872	0.126	0.001
0.001	0.116	0.796	0.087
0.001	0.997	0.001	0.001
0.001	0.997	0.001	0.001
0.141	0.001	0.857	0.001
0.001	0.997	0.001	0.001
>CTTAGATACA	13-CTTAGATACA	9.297734	-17.887723	0	T:18.0(10.17%),B:791.3(1.94%),P:1e-7	Tpos:515.3,Tstd:297.4,Bpos:516.8,Bstd:304.5,StrandBias:0.3,Multiplicity:1.11
0.201	0.750	0.048	0.001
0.001	0.077	0.105	0.817
0.120	0.001	0.041	0.838
0.622	0.291	0.041	0.046
0.001	0.130	0.786	0.083
0.918	0.001	0.001	0.080
0.001	0.079	0.075	0.845
0.917	0.081	0.001	0.001
0.094	0.805	0.039	0.062
0.979	0.001	0.001	0.019
>AGTCTAAATT	14-AGTCTAAATT	9.500455	-17.486457	0	T:22.0(12.43%),B:1223.2(3.00%),P:1e-7	Tpos:494.8,Tstd:323.4,Bpos:484.5,Bstd:310.9,StrandBias:0.7,Multiplicity:1.09
0.997	0.001	0.001	0.001
0.092	0.001	0.887	0.020
0.001	0.234	0.240	0.525
0.001	0.920	0.078	0.001
0.233	0.001	0.001	0.765
0.627	0.251	0.001	0.121
0.799	0.001	0.127	0.073
0.557	0.139	0.258	0.046
0.001	0.194	0.001	0.804
0.097	0.001	0.001	0.901
>RTGCCAKBAW	15-RTGCCAKBAW	7.547538	-17.218116	0	T:13.0(7.34%),B:398.5(0.98%),P:1e-7	Tpos:410.5,Tstd:257.7,Bpos:456.0,Bstd:293.7,StrandBias:-0.4,Multiplicity:1.08
0.345	0.229	0.410	0.017
0.066	0.051	0.089	0.794
0.049	0.047	0.668	0.236
0.287	0.472	0.033	0.209
0.055	0.840	0.048	0.057
0.761	0.081	0.074	0.084
0.062	0.041	0.504	0.393
0.088	0.224	0.323	0.365
0.584	0.052	0.036	0.328
0.418	0.258	0.037	0.287
>TTTTGATCTC	16-TTTTGATCTC	8.617718	-16.555417	0	T:52.0(29.38%),B:5631.2(13.80%),P:1e-7	Tpos:502.8,Tstd:238.4,Bpos:512.9,Bstd:317.5,StrandBias:0.7,Multiplicity:1.23
0.067	0.014	0.138	0.781
0.094	0.001	0.001	0.904
0.010	0.037	0.131	0.822
0.001	0.001	0.082	0.916
0.001	0.001	0.869	0.129
0.639	0.001	0.185	0.175
0.182	0.224	0.092	0.502
0.155	0.628	0.055	0.162
0.148	0.130	0.057	0.665
0.094	0.514	0.235	0.157
>CTTTGAGTAT	17-CTTTGAGTAT	9.679101	-16.124298	0	T:18.0(10.17%),B:892.6(2.19%),P:1e-7	Tpos:470.7,Tstd:346.5,Bpos:515.5,Bstd:305.9,StrandBias:-0.7,Multiplicity:1.00
0.042	0.639	0.260	0.059
0.087	0.082	0.086	0.745
0.063	0.043	0.051	0.843
0.001	0.038	0.043	0.918
0.042	0.010	0.929	0.019
0.861	0.056	0.060	0.023
0.148	0.058	0.592	0.202
0.139	0.150	0.031	0.680
0.650	0.263	0.086	0.001
0.001	0.039	0.064	0.896
>GAGCTCACAG	18-GAGCTCACAG	10.788747	-15.856627	0	T:12.0(6.78%),B:372.4(0.91%),P:1e-6	Tpos:557.1,Tstd:324.1,Bpos:507.9,Bstd:335.6,StrandBias:0.4,Multiplicity:1.17
0.001	0.001	0.997	0.001
0.869	0.001	0.001	0.129
0.001	0.001	0.997	0.001
0.134	0.864	0.001	0.001
0.001	0.001	0.001	0.997
0.001	0.997	0.001	0.001
0.997	0.001	0.001	0.001
0.001	0.864	0.134	0.001
0.735	0.131	0.133	0.001
0.001	0.335	0.663	0.001
>GTATCTAGKK	19-GTATCTAGKK	9.459113	-15.747700	0	T:14.0(7.91%),B:537.4(1.32%),P:1e-6	Tpos:450.7,Tstd:336.6,Bpos:504.6,Bstd:317.7,StrandBias:-0.2,Multiplicity:1.08
0.001	0.378	0.620	0.001
0.001	0.001	0.087	0.911
0.780	0.001	0.218	0.001
0.001	0.094	0.001	0.904
0.001	0.997	0.001	0.001
0.125	0.001	0.007	0.867
0.997	0.001	0.001	0.001
0.218	0.001	0.780	0.001
0.243	0.001	0.447	0.309
0.001	0.188	0.363	0.448
>AGGTTTCCAT	20-AGGTTTCCAT	10.363416	-15.369752	0	T:20.0(11.30%),B:1156.6(2.83%),P:1e-6	Tpos:386.8,Tstd:321.6,Bpos:502.7,Bstd:306.9,StrandBias:0.9,Multiplicity:1.15
0.997	0.001	0.001	0.001
0.159	0.001	0.823	0.017
0.027	0.001	0.807	0.165
0.077	0.001	0.001	0.921
0.001	0.001	0.001	0.997
0.080	0.001	0.001	0.918
0.001	0.997	0.001	0.001
0.102	0.789	0.001	0.108
0.949	0.001	0.001	0.049
0.036	0.001	0.131	0.832
>GACTTACAGA	21-GACTTACAGA	8.210598	-15.365198	0	T:40.0(22.60%),B:3879.1(9.50%),P:1e-6	Tpos:559.8,Tstd:312.5,Bpos:497.7,Bstd:308.5,StrandBias:0.1,Multiplicity:1.12
0.192	0.025	0.659	0.124
0.964	0.001	0.001	0.034
0.007	0.734	0.059	0.200
0.063	0.162	0.001	0.774
0.186	0.021	0.032	0.761
0.846	0.089	0.033	0.032
0.090	0.748	0.089	0.073
0.882	0.001	0.084	0.033
0.108	0.117	0.655	0.120
0.997	0.001	0.001	0.001
>GGTWWCWTTT	22-GGTWWCWTTT	9.151208	-14.731815	0	T:18.0(10.17%),B:984.0(2.41%),P:1e-6	Tpos:511.2,Tstd:238.5,Bpos:499.3,Bstd:316.7,StrandBias:0.0,Multiplicity:1.00
0.043	0.007	0.885	0.065
0.043	0.081	0.806	0.070
0.011	0.288	0.243	0.458
0.437	0.029	0.001	0.533
0.454	0.039	0.052	0.455
0.051	0.841	0.074	0.034
0.467	0.045	0.029	0.459
0.030	0.054	0.051	0.865
0.036	0.078	0.053	0.833
0.042	0.225	0.243	0.489
>KGAGTGACTC	23-KGAGTGACTC	11.356237	-12.937212	0	T:6.0(3.39%),B:82.0(0.20%),P:1e-5	Tpos:382.0,Tstd:258.4,Bpos:531.1,Bstd:350.2,StrandBias:0.3,Multiplicity:1.00
0.001	0.001	0.518	0.480
0.001	0.001	0.997	0.001
0.997	0.001	0.001	0.001
0.001	0.001	0.997	0.001
0.001	0.001	0.001	0.997
0.001	0.174	0.824	0.001
0.997	0.001	0.001	0.001
0.001	0.997	0.001	0.001
0.001	0.001	0.001	0.997
0.001	0.997	0.001	0.001
>GGCCGAGTTT	24-GGCCGAGTTT	10.858119	-4.237883	0	T:5.0(2.82%),B:324.8(0.80%),P:1e-1	Tpos:577.2,Tstd:228.2,Bpos:493.8,Bstd:287.2,StrandBias:-1.7,Multiplicity:2.60
0.001	0.001	0.997	0.001
0.063	0.001	0.935	0.001
0.074	0.924	0.001	0.001
0.001	0.997	0.001	0.001
0.001	0.001	0.997	0.001
0.861	0.137	0.001	0.001
0.063	0.001	0.935	0.001
0.001	0.001	0.001	0.997
0.001	0.001	0.001	0.997
0.001	0.001	0.095	0.903
>CTCCTGGTAA	25-CTCCTGGTAA	10.296193	-2.398685	0	T:1.0(0.56%),B:21.5(0.05%),P:1e-1	Tpos:566.0,Tstd:102.9,Bpos:425.8,Bstd:363.3,StrandBias:10.0,Multiplicity:17.00
0.100	0.700	0.100	0.100
0.100	0.100	0.100	0.700
0.100	0.700	0.100	0.100
0.100	0.700	0.100	0.100
0.100	0.100	0.100	0.700
0.100	0.100	0.700	0.100
0.100	0.100	0.700	0.100
0.100	0.100	0.100	0.700
0.700	0.100	0.100	0.100
0.700	0.100	0.100	0.100
