>CTCCMCCC	1-CTCCMCCC	6.512469	-26.832794	0	T:151.0(40.27%),B:9766.9(23.90%),P:1e-11	Tpos:624.3,Tstd:285.9,Bpos:576.8,Bstd:347.6,StrandBias:1.0,Multiplicity:1.40
0.001	0.997	0.001	0.001
0.069	0.001	0.236	0.694
0.001	0.803	0.001	0.195
0.001	0.720	0.221	0.058
0.295	0.407	0.174	0.124
0.055	0.805	0.139	0.001
0.001	0.938	0.001	0.060
0.018	0.637	0.084	0.261
>CTTTTATA	2-CTTTTATA	8.236954	-25.176524	0	T:74.0(19.73%),B:3469.0(8.49%),P:1e-10	Tpos:757.1,Tstd:288.5,Bpos:575.5,Bstd:347.1,StrandBias:-1.8,Multiplicity:1.03
0.100	0.700	0.100	0.100
0.100	0.100	0.100	0.700
0.100	0.100	0.100	0.700
0.100	0.100	0.100	0.700
0.100	0.100	0.100	0.700
0.700	0.100	0.100	0.100
0.100	0.100	0.100	0.700
0.700	0.100	0.100	0.100
>TCCGCGCG	3-TCCGCGCG	7.717950	-24.152806	0	T:35.0(9.33%),B:994.1(2.43%),P:1e-10	Tpos:699.4,Tstd:205.6,Bpos:566.1,Bstd:336.2,StrandBias:0.2,Multiplicity:1.14
0.001	0.001	0.313	0.685
0.001	0.997	0.001	0.001
0.001	0.997	0.001	0.001
0.001	0.001	0.997	0.001
0.001	0.939	0.059	0.001
0.001	0.085	0.913	0.001
0.001	0.997	0.001	0.001
0.001	0.001	0.941	0.057
>TTCACCTT	4-TTCACCTT	7.994891	-22.639700	0	T:171.0(45.60%),B:12232.2(29.93%),P:1e-9	Tpos:544.7,Tstd:292.1,Bpos:514.4,Bstd:329.5,StrandBias:1.1,Multiplicity:1.33
0.001	0.044	0.091	0.864
0.055	0.095	0.001	0.849
0.098	0.830	0.071	0.001
0.941	0.057	0.001	0.001
0.001	0.895	0.001	0.103
0.001	0.843	0.001	0.155
0.001	0.001	0.001	0.997
0.001	0.001	0.001	0.997
>ATGCCAAC	5-ATGCCAAC	7.002457	-21.607886	0	T:182.0(48.53%),B:13481.1(32.99%),P:1e-9	Tpos:540.3,Tstd:293.1,Bpos:493.1,Bstd:321.0,StrandBias:-0.4,Multiplicity:1.36
0.729	0.001	0.001	0.269
0.001	0.001	0.001	0.997
0.001	0.001	0.997	0.001
0.001	0.606	0.392	0.001
0.001	0.997	0.001	0.001
0.845	0.001	0.153	0.001
0.785	0.001	0.104	0.110
0.181	0.674	0.144	0.001
>ACGTAAGA	6-ACGTAAGA	7.170341	-18.296565	0	T:119.0(31.73%),B:7926.3(19.40%),P:1e-7	Tpos:560.2,Tstd:277.6,Bpos:516.8,Bstd:326.3,StrandBias:-0.2,Multiplicity:1.25
0.879	0.067	0.053	0.001
0.151	0.751	0.038	0.060
0.122	0.054	0.782	0.042
0.001	0.001	0.001	0.997
0.997	0.001	0.001	0.001
0.997	0.001	0.001	0.001
0.001	0.054	0.870	0.075
0.881	0.001	0.044	0.074
>CTACCTCG	7-CTACCTCG	7.292907	-17.303739	0	T:62.0(16.53%),B:3214.7(7.87%),P:1e-7	Tpos:453.7,Tstd:240.3,Bpos:514.6,Bstd:344.5,StrandBias:1.0,Multiplicity:1.15
0.027	0.971	0.001	0.001
0.015	0.072	0.001	0.912
0.848	0.074	0.031	0.047
0.060	0.902	0.001	0.037
0.001	0.955	0.001	0.043
0.001	0.033	0.193	0.773
0.001	0.926	0.001	0.072
0.194	0.056	0.749	0.001
>GCCAASGT	8-GCCAASGT	7.927492	-16.317524	0	T:56.0(14.93%),B:2844.5(6.96%),P:1e-7	Tpos:549.0,Tstd:267.7,Bpos:519.5,Bstd:332.4,StrandBias:0.6,Multiplicity:1.08
0.001	0.310	0.688	0.001
0.168	0.620	0.029	0.183
0.001	0.922	0.001	0.076
0.797	0.001	0.201	0.001
0.997	0.001	0.001	0.001
0.001	0.540	0.436	0.023
0.001	0.001	0.997	0.001
0.001	0.001	0.001	0.997
>ACTACTTT	9-ACTACTTT	7.670879	-16.075160	0	T:88.0(23.47%),B:5471.9(13.39%),P:1e-6	Tpos:484.2,Tstd:295.3,Bpos:505.6,Bstd:325.0,StrandBias:0.8,Multiplicity:1.14
0.997	0.001	0.001	0.001
0.001	0.997	0.001	0.001
0.001	0.001	0.001	0.997
0.997	0.001	0.001	0.001
0.001	0.997	0.001	0.001
0.130	0.001	0.155	0.714
0.001	0.001	0.001	0.997
0.001	0.215	0.001	0.783
>AGGTAGCG	10-AGGTAGCG	5.279021	-15.991294	0	T:172.0(45.87%),B:13405.1(32.80%),P:1e-6	Tpos:514.5,Tstd:286.7,Bpos:517.9,Bstd:336.5,StrandBias:-1.0,Multiplicity:1.33
0.796	0.088	0.038	0.078
0.099	0.029	0.786	0.086
0.034	0.151	0.697	0.118
0.052	0.048	0.076	0.824
0.638	0.075	0.068	0.219
0.061	0.042	0.787	0.110
0.161	0.720	0.093	0.026
0.126	0.053	0.761	0.060
>AGTGAAAG	11-AGTGAAAG	7.062756	-15.788727	0	T:148.0(39.47%),B:11051.8(27.04%),P:1e-6	Tpos:542.5,Tstd:292.1,Bpos:526.4,Bstd:330.9,StrandBias:-1.0,Multiplicity:1.27
0.685	0.001	0.313	0.001
0.165	0.019	0.815	0.001
0.134	0.057	0.106	0.703
0.345	0.001	0.580	0.074
0.997	0.001	0.001	0.001
0.535	0.233	0.001	0.231
0.727	0.001	0.134	0.138
0.001	0.001	0.997	0.001
>GATGATCA	12-GATGATCA	7.542162	-13.971970	0	T:141.0(37.60%),B:10685.6(26.15%),P:1e-6	Tpos:524.7,Tstd:297.8,Bpos:506.4,Bstd:323.6,StrandBias:-0.6,Multiplicity:1.33
0.069	0.001	0.929	0.001
0.975	0.023	0.001	0.001
0.001	0.029	0.030	0.940
0.001	0.186	0.688	0.125
0.997	0.001	0.001	0.001
0.033	0.001	0.001	0.965
0.060	0.813	0.063	0.064
0.851	0.091	0.057	0.001
>TAMCCCGT	13-TAMCCCGT	6.390767	-12.370307	0	T:53.0(14.13%),B:2991.6(7.32%),P:1e-5	Tpos:561.3,Tstd:275.3,Bpos:503.0,Bstd:330.3,StrandBias:0.5,Multiplicity:1.10
0.001	0.001	0.001	0.997
0.997	0.001	0.001	0.001
0.508	0.452	0.039	0.001
0.001	0.767	0.231	0.001
0.001	0.815	0.183	0.001
0.029	0.907	0.063	0.001
0.001	0.001	0.997	0.001
0.001	0.001	0.001	0.997
>CAATTGTC	14-CAATTGTC	8.497500	-11.240853	0	T:53.0(14.13%),B:3116.1(7.63%),P:1e-4	Tpos:549.8,Tstd:296.3,Bpos:515.9,Bstd:329.3,StrandBias:0.0,Multiplicity:1.09
0.001	0.997	0.001	0.001
0.837	0.001	0.001	0.161
0.997	0.001	0.001	0.001
0.001	0.001	0.001	0.997
0.001	0.001	0.091	0.907
0.001	0.001	0.997	0.001
0.001	0.001	0.001	0.997
0.001	0.997	0.001	0.001
>TGGGCGGT	15-TGGGCGGT	8.724629	-10.780230	0	T:34.0(9.07%),B:1681.5(4.11%),P:1e-4	Tpos:536.4,Tstd:269.8,Bpos:543.4,Bstd:344.7,StrandBias:0.1,Multiplicity:1.06
0.001	0.001	0.001	0.997
0.001	0.001	0.997	0.001
0.001	0.001	0.997	0.001
0.001	0.001	0.997	0.001
0.001	0.817	0.001	0.181
0.001	0.001	0.997	0.001
0.001	0.001	0.997	0.001
0.001	0.117	0.001	0.881
>GTCTACAG	16-GTCTACAG	8.236954	-10.100593	0	T:16.0(4.27%),B:522.8(1.28%),P:1e-4	Tpos:411.1,Tstd:226.0,Bpos:524.1,Bstd:334.6,StrandBias:1.1,Multiplicity:1.00
0.100	0.100	0.700	0.100
0.100	0.100	0.100	0.700
0.100	0.700	0.100	0.100
0.100	0.100	0.100	0.700
0.700	0.100	0.100	0.100
0.100	0.700	0.100	0.100
0.700	0.100	0.100	0.100
0.100	0.100	0.700	0.100
