>ACGTCCTA	1-ACGTCCTA	5.850537	-20.085889	0	T:40.0(29.63%),B:4253.5(10.78%),P:1e-8	Tpos:546.7,Tstd:278.7,Bpos:499.9,Bstd:303.4,StrandBias:0.4,Multiplicity:1.05
0.809	0.139	0.001	0.051
0.001	0.537	0.238	0.224
0.176	0.061	0.469	0.294
0.022	0.153	0.134	0.691
0.019	0.622	0.209	0.150
0.071	0.645	0.195	0.089
0.183	0.211	0.044	0.562
0.624	0.167	0.082	0.127
>ATGATAAG	2-ATGATAAG	8.665077	-14.763577	0	T:48.0(35.56%),B:6883.3(17.44%),P:1e-6	Tpos:653.0,Tstd:256.8,Bpos:517.7,Bstd:314.4,StrandBias:-0.9,Multiplicity:1.27
0.769	0.001	0.229	0.001
0.001	0.001	0.001	0.997
0.001	0.001	0.997	0.001
0.997	0.001	0.001	0.001
0.001	0.001	0.001	0.997
0.843	0.155	0.001	0.001
0.959	0.001	0.039	0.001
0.001	0.001	0.854	0.144
>RMTSATAG	3-RMTSATAG	6.599154	-14.333217	0	T:55.0(40.74%),B:8601.8(21.79%),P:1e-6	Tpos:563.2,Tstd:306.9,Bpos:511.9,Bstd:312.3,StrandBias:-0.5,Multiplicity:1.22
0.549	0.001	0.418	0.032
0.440	0.558	0.001	0.001
0.091	0.001	0.001	0.907
0.001	0.479	0.516	0.004
0.997	0.001	0.001	0.001
0.001	0.001	0.001	0.997
0.997	0.001	0.001	0.001
0.001	0.001	0.997	0.001
>CAAGATCG	4-CAAGATCG	7.987724	-13.537617	0	T:24.0(17.78%),B:2327.3(5.90%),P:1e-5	Tpos:528.1,Tstd:255.2,Bpos:487.0,Bstd:305.4,StrandBias:0.1,Multiplicity:1.13
0.001	0.864	0.001	0.134
0.911	0.001	0.001	0.087
0.767	0.231	0.001	0.001
0.001	0.085	0.913	0.001
0.816	0.001	0.182	0.001
0.350	0.001	0.001	0.648
0.001	0.997	0.001	0.001
0.001	0.001	0.997	0.001
>CATGTGAC	5-CATGTGAC	7.231241	-12.151949	0	T:41.0(30.37%),B:5940.2(15.05%),P:1e-5	Tpos:496.9,Tstd:316.6,Bpos:511.4,Bstd:303.2,StrandBias:-0.2,Multiplicity:1.30
0.001	0.920	0.078	0.001
0.891	0.001	0.016	0.092
0.024	0.082	0.001	0.893
0.001	0.031	0.967	0.001
0.001	0.060	0.046	0.893
0.001	0.001	0.997	0.001
0.954	0.001	0.011	0.034
0.092	0.522	0.142	0.244
>CAACGGTC	6-CAACGGTC	7.585869	-11.913521	0	T:27.0(20.00%),B:3113.3(7.89%),P:1e-5	Tpos:578.2,Tstd:318.6,Bpos:508.5,Bstd:312.4,StrandBias:0.3,Multiplicity:1.26
0.001	0.654	0.001	0.344
0.904	0.094	0.001	0.001
0.769	0.213	0.001	0.017
0.001	0.997	0.001	0.001
0.001	0.001	0.891	0.107
0.001	0.001	0.718	0.280
0.095	0.001	0.001	0.903
0.001	0.956	0.001	0.042
>TTAGCTCA	7-TTAGCTCA	7.046827	-11.414710	0	T:34.0(25.19%),B:4605.2(11.67%),P:1e-4	Tpos:524.4,Tstd:226.1,Bpos:503.8,Bstd:304.5,StrandBias:-0.6,Multiplicity:1.18
0.001	0.051	0.001	0.947
0.001	0.001	0.001	0.997
0.997	0.001	0.001	0.001
0.001	0.001	0.997	0.001
0.001	0.997	0.001	0.001
0.092	0.057	0.001	0.850
0.001	0.848	0.150	0.001
0.866	0.044	0.026	0.064
>AATTCCCC	8-AATTCCCC	8.893639	-4.861136	0	T:17.0(12.59%),B:2596.9(6.58%),P:1e-2	Tpos:431.7,Tstd:268.5,Bpos:520.1,Bstd:308.6,StrandBias:2.2,Multiplicity:1.94
0.997	0.001	0.001	0.001
0.997	0.001	0.001	0.001
0.001	0.001	0.001	0.997
0.001	0.001	0.147	0.851
0.001	0.997	0.001	0.001
0.001	0.997	0.001	0.001
0.001	0.997	0.001	0.001
0.001	0.770	0.001	0.228
