>GAAAAACCGATA	1-GAAAAACCGATA	9.967715	-29.975615	0	T:81.0(34.91%),B:5372.5(15.12%),P:1e-13	Tpos:550.2,Tstd:299.6,Bpos:519.8,Bstd:405.5,StrandBias:-0.4,Multiplicity:1.23
0.042	0.013	0.810	0.135
0.820	0.093	0.001	0.086
0.977	0.001	0.021	0.001
0.997	0.001	0.001	0.001
0.743	0.085	0.074	0.098
0.945	0.001	0.001	0.053
0.137	0.655	0.052	0.156
0.109	0.755	0.048	0.088
0.085	0.072	0.760	0.083
0.823	0.069	0.107	0.001
0.077	0.073	0.052	0.798
0.918	0.001	0.001	0.080
>TCTGTGMACCTG	2-TCTGTGMACCTG	12.470406	-28.189804	0	T:10.0(4.31%),B:38.8(0.11%),P:1e-12	Tpos:550.5,Tstd:259.5,Bpos:506.0,Bstd:305.9,StrandBias:1.2,Multiplicity:1.00
0.001	0.001	0.001	0.997
0.001	0.997	0.001	0.001
0.001	0.001	0.001	0.997
0.001	0.001	0.917	0.081
0.001	0.001	0.001	0.997
0.001	0.001	0.997	0.001
0.452	0.546	0.001	0.001
0.745	0.253	0.001	0.001
0.001	0.785	0.127	0.087
0.001	0.997	0.001	0.001
0.001	0.001	0.126	0.872
0.001	0.199	0.701	0.099
>TTGTGGGAGGTC	3-TTGTGGGAGGTC	14.231001	-24.967798	0	T:6.0(2.59%),B:4.5(0.01%),P:1e-10	Tpos:593.7,Tstd:221.5,Bpos:280.8,Bstd:198.1,StrandBias:-1.0,Multiplicity:1.00
0.001	0.001	0.001	0.997
0.001	0.001	0.001	0.997
0.001	0.001	0.997	0.001
0.001	0.001	0.217	0.781
0.001	0.001	0.997	0.001
0.001	0.001	0.997	0.001
0.001	0.001	0.811	0.187
0.997	0.001	0.001	0.001
0.001	0.001	0.997	0.001
0.001	0.001	0.997	0.001
0.187	0.001	0.001	0.811
0.001	0.781	0.001	0.217
>GGAAAATCTGTA	4-GGAAAATCTGTA	9.955796	-23.877520	0	T:58.0(25.00%),B:3532.6(9.94%),P:1e-10	Tpos:490.9,Tstd:290.5,Bpos:517.8,Bstd:370.5,StrandBias:-0.5,Multiplicity:1.16
0.068	0.031	0.836	0.065
0.023	0.001	0.930	0.046
0.971	0.001	0.027	0.001
0.904	0.001	0.067	0.028
0.953	0.001	0.001	0.045
0.957	0.001	0.001	0.041
0.043	0.119	0.082	0.756
0.138	0.571	0.119	0.172
0.013	0.024	0.044	0.919
0.075	0.137	0.723	0.065
0.191	0.015	0.101	0.693
0.793	0.001	0.147	0.059
>TCGTCAAGTACG	5-TCGTCAAGTACG	11.941655	-23.500355	0	T:10.0(4.31%),B:65.8(0.19%),P:1e-10	Tpos:522.3,Tstd:323.8,Bpos:475.5,Bstd:300.4,StrandBias:0.0,Multiplicity:1.00
0.001	0.001	0.001	0.997
0.130	0.868	0.001	0.001
0.085	0.001	0.913	0.001
0.001	0.001	0.001	0.997
0.236	0.762	0.001	0.001
0.997	0.001	0.001	0.001
0.997	0.001	0.001	0.001
0.118	0.001	0.880	0.001
0.246	0.001	0.001	0.752
0.476	0.138	0.151	0.234
0.001	0.791	0.001	0.207
0.411	0.001	0.587	0.001
>TAGAAAAAATCG	6-TAGAAAAAATCG	11.345354	-22.625400	0	T:28.0(12.07%),B:990.3(2.79%),P:1e-9	Tpos:597.5,Tstd:267.3,Bpos:517.9,Bstd:392.5,StrandBias:-1.2,Multiplicity:1.04
0.001	0.033	0.034	0.932
0.885	0.062	0.001	0.052
0.070	0.045	0.884	0.001
0.920	0.078	0.001	0.001
0.930	0.001	0.068	0.001
0.847	0.151	0.001	0.001
0.997	0.001	0.001	0.001
0.997	0.001	0.001	0.001
0.922	0.076	0.001	0.001
0.048	0.061	0.060	0.831
0.001	0.949	0.049	0.001
0.029	0.001	0.935	0.035
>GACYACGAAGAG	7-GACYACGAAGAG	12.063991	-21.588983	0	T:11.0(4.74%),B:110.0(0.31%),P:1e-9	Tpos:480.7,Tstd:284.4,Bpos:500.7,Bstd:403.4,StrandBias:-0.7,Multiplicity:1.18
0.001	0.001	0.997	0.001
0.809	0.001	0.189	0.001
0.143	0.855	0.001	0.001
0.001	0.353	0.151	0.495
0.875	0.001	0.001	0.123
0.001	0.997	0.001	0.001
0.001	0.001	0.997	0.001
0.997	0.001	0.001	0.001
0.618	0.380	0.001	0.001
0.124	0.001	0.658	0.217
0.997	0.001	0.001	0.001
0.001	0.001	0.997	0.001
>GCGGGACACATT	8-GCGGGACACATT	14.253112	-20.529348	0	T:6.0(2.59%),B:12.0(0.03%),P:1e-8	Tpos:298.8,Tstd:238.7,Bpos:664.0,Bstd:334.3,StrandBias:-2.3,Multiplicity:1.00
0.200	0.001	0.798	0.001
0.001	0.997	0.001	0.001
0.200	0.001	0.798	0.001
0.001	0.001	0.997	0.001
0.001	0.001	0.997	0.001
0.997	0.001	0.001	0.001
0.182	0.816	0.001	0.001
0.816	0.182	0.001	0.001
0.001	0.997	0.001	0.001
0.997	0.001	0.001	0.001
0.001	0.001	0.001	0.997
0.001	0.001	0.001	0.997
>CCTTTTCAGACT	9-CCTTTTCAGACT	10.263411	-18.814028	0	T:23.0(9.91%),B:810.7(2.28%),P:1e-8	Tpos:530.1,Tstd:311.1,Bpos:519.3,Bstd:336.6,StrandBias:1.2,Multiplicity:1.05
0.151	0.583	0.143	0.123
0.026	0.805	0.037	0.132
0.001	0.064	0.034	0.901
0.001	0.045	0.001	0.953
0.054	0.002	0.001	0.943
0.001	0.002	0.128	0.869
0.001	0.964	0.001	0.034
0.875	0.076	0.001	0.048
0.046	0.100	0.683	0.171
0.751	0.001	0.058	0.190
0.042	0.924	0.033	0.001
0.088	0.001	0.149	0.762
>ARAAAAATCMCM	10-ARAAAAATCMCM	10.534597	-18.746044	0	T:70.0(30.17%),B:5400.4(15.20%),P:1e-8	Tpos:546.0,Tstd:286.8,Bpos:501.3,Bstd:365.3,StrandBias:-0.4,Multiplicity:1.32
0.619	0.102	0.001	0.278
0.457	0.058	0.439	0.045
0.997	0.001	0.001	0.001
0.997	0.001	0.001	0.001
0.997	0.001	0.001	0.001
0.997	0.001	0.001	0.001
0.997	0.001	0.001	0.001
0.001	0.001	0.001	0.997
0.064	0.590	0.302	0.044
0.436	0.357	0.206	0.001
0.001	0.628	0.141	0.230
0.297	0.403	0.110	0.190
>TATGCGAAAAAA	11-TATGCGAAAAAA	9.550649	-18.251770	0	T:97.0(41.81%),B:8815.2(24.81%),P:1e-7	Tpos:519.0,Tstd:294.2,Bpos:508.3,Bstd:367.7,StrandBias:-0.4,Multiplicity:1.37
0.123	0.059	0.079	0.739
0.766	0.079	0.042	0.113
0.055	0.083	0.097	0.765
0.095	0.047	0.728	0.130
0.020	0.831	0.102	0.047
0.080	0.034	0.759	0.127
0.907	0.036	0.014	0.043
0.928	0.026	0.045	0.001
0.914	0.001	0.034	0.051
0.929	0.001	0.001	0.069
0.822	0.062	0.017	0.099
0.916	0.001	0.027	0.056
>ATTCTCGAAACT	12-ATTCTCGAAACT	11.475047	-18.088662	0	T:15.0(6.47%),B:340.1(0.96%),P:1e-7	Tpos:571.1,Tstd:261.4,Bpos:500.5,Bstd:301.9,StrandBias:0.4,Multiplicity:1.07
0.824	0.092	0.001	0.083
0.001	0.001	0.001	0.997
0.001	0.001	0.001	0.997
0.131	0.835	0.001	0.033
0.001	0.001	0.116	0.882
0.064	0.803	0.081	0.052
0.001	0.001	0.997	0.001
0.997	0.001	0.001	0.001
0.876	0.001	0.001	0.122
0.997	0.001	0.001	0.001
0.001	0.954	0.001	0.044
0.078	0.001	0.001	0.920
>TTTYCCVATTTT	13-TTTYCCVATTTT	11.722640	-18.051691	0	T:70.0(30.17%),B:5492.7(15.46%),P:1e-7	Tpos:536.5,Tstd:286.8,Bpos:527.0,Bstd:401.5,StrandBias:1.0,Multiplicity:1.53
0.001	0.001	0.001	0.997
0.001	0.001	0.001	0.997
0.001	0.001	0.001	0.997
0.001	0.552	0.001	0.446
0.001	0.794	0.204	0.001
0.001	0.997	0.001	0.001
0.300	0.362	0.337	0.001
0.562	0.231	0.110	0.097
0.221	0.254	0.001	0.524
0.001	0.001	0.001	0.997
0.001	0.001	0.001	0.997
0.001	0.001	0.001	0.997
>GGTTTTCACGGA	14-GGTTTTCACGGA	13.946390	-17.936244	0	T:7.0(3.02%),B:38.1(0.11%),P:1e-7	Tpos:597.5,Tstd:332.0,Bpos:531.0,Bstd:336.9,StrandBias:0.0,Multiplicity:1.14
0.130	0.001	0.691	0.178
0.134	0.211	0.654	0.001
0.001	0.001	0.001	0.997
0.001	0.001	0.001	0.997
0.001	0.001	0.001	0.997
0.001	0.001	0.001	0.997
0.001	0.997	0.001	0.001
0.997	0.001	0.001	0.001
0.001	0.997	0.001	0.001
0.001	0.001	0.821	0.177
0.001	0.001	0.997	0.001
0.997	0.001	0.001	0.001
>GTAATAAATTAG	15-GTAATAAATTAG	12.901116	-17.717878	0	T:11.0(4.74%),B:162.2(0.46%),P:1e-7	Tpos:480.0,Tstd:314.4,Bpos:459.3,Bstd:320.0,StrandBias:-2.2,Multiplicity:1.00
0.001	0.001	0.918	0.080
0.001	0.001	0.001	0.997
0.852	0.146	0.001	0.001
0.997	0.001	0.001	0.001
0.060	0.001	0.001	0.938
0.997	0.001	0.001	0.001
0.997	0.001	0.001	0.001
0.837	0.001	0.001	0.161
0.121	0.001	0.001	0.877
0.001	0.110	0.001	0.888
0.932	0.001	0.001	0.066
0.072	0.001	0.848	0.079
>CACTATTTTATA	16-CACTATTTTATA	13.036745	-17.716036	0	T:14.0(6.03%),B:298.2(0.84%),P:1e-7	Tpos:680.8,Tstd:203.2,Bpos:543.1,Bstd:322.4,StrandBias:-0.4,Multiplicity:1.00
0.064	0.829	0.001	0.106
0.997	0.001	0.001	0.001
0.070	0.928	0.001	0.001
0.001	0.001	0.001	0.997
0.823	0.001	0.096	0.080
0.001	0.001	0.001	0.997
0.001	0.001	0.001	0.997
0.001	0.001	0.001	0.997
0.001	0.001	0.001	0.997
0.854	0.080	0.001	0.065
0.091	0.112	0.112	0.685
0.997	0.001	0.001	0.001
>TAAAGCTATCGC	17-TAAAGCTATCGC	14.345838	-17.679268	0	T:5.0(2.16%),B:9.1(0.03%),P:1e-7	Tpos:499.0,Tstd:379.3,Bpos:513.1,Bstd:322.2,StrandBias:-2.0,Multiplicity:1.00
0.001	0.242	0.001	0.756
0.997	0.001	0.001	0.001
0.997	0.001	0.001	0.001
0.997	0.001	0.001	0.001
0.001	0.001	0.997	0.001
0.001	0.997	0.001	0.001
0.001	0.001	0.001	0.997
0.717	0.001	0.281	0.001
0.001	0.001	0.001	0.997
0.001	0.997	0.001	0.001
0.001	0.001	0.997	0.001
0.192	0.806	0.001	0.001
>AAATATTTAGCG	18-AAATATTTAGCG	11.647250	-16.049198	0	T:22.0(9.48%),B:872.0(2.45%),P:1e-6	Tpos:439.0,Tstd:304.5,Bpos:518.6,Bstd:323.2,StrandBias:-0.2,Multiplicity:1.14
0.997	0.001	0.001	0.001
0.997	0.001	0.001	0.001
0.722	0.001	0.001	0.276
0.001	0.370	0.001	0.628
0.879	0.001	0.001	0.119
0.001	0.001	0.001	0.997
0.001	0.001	0.001	0.997
0.001	0.001	0.260	0.738
0.614	0.279	0.106	0.001
0.048	0.287	0.447	0.218
0.403	0.595	0.001	0.001
0.396	0.001	0.602	0.001
>ACGCAATTTTAT	19-ACGCAATTTTAT	12.965003	-15.931458	0	T:11.0(4.74%),B:195.2(0.55%),P:1e-6	Tpos:680.5,Tstd:282.5,Bpos:501.0,Bstd:378.8,StrandBias:-0.2,Multiplicity:1.18
0.914	0.001	0.084	0.001
0.001	0.860	0.001	0.138
0.062	0.001	0.936	0.001
0.001	0.862	0.136	0.001
0.997	0.001	0.001	0.001
0.898	0.001	0.100	0.001
0.001	0.001	0.001	0.997
0.162	0.001	0.001	0.836
0.001	0.001	0.001	0.997
0.001	0.001	0.001	0.997
0.896	0.001	0.001	0.102
0.086	0.001	0.001	0.912
>GCTGCTGGTGGT	20-GCTGCTGGTGGT	9.273037	-15.767737	0	T:21.0(9.05%),B:811.1(2.28%),P:1e-6	Tpos:502.2,Tstd:325.9,Bpos:488.3,Bstd:390.9,StrandBias:-0.4,Multiplicity:1.14
0.240	0.001	0.758	0.001
0.001	0.819	0.001	0.179
0.023	0.001	0.001	0.975
0.001	0.274	0.724	0.001
0.001	0.709	0.130	0.160
0.197	0.055	0.001	0.747
0.001	0.136	0.862	0.001
0.087	0.129	0.657	0.127
0.136	0.003	0.001	0.860
0.001	0.220	0.778	0.001
0.252	0.001	0.593	0.154
0.209	0.139	0.099	0.553
>TCTGCGCCTTTA	21-TCTGCGCCTTTA	10.904406	-15.189310	0	T:18.0(7.76%),B:625.0(1.76%),P:1e-6	Tpos:423.1,Tstd:223.2,Bpos:490.7,Bstd:365.5,StrandBias:-0.5,Multiplicity:1.22
0.002	0.041	0.048	0.909
0.170	0.671	0.046	0.113
0.102	0.001	0.001	0.896
0.001	0.059	0.838	0.102
0.001	0.997	0.001	0.001
0.038	0.118	0.843	0.001
0.001	0.933	0.001	0.065
0.001	0.807	0.001	0.191
0.102	0.001	0.001	0.896
0.001	0.017	0.093	0.889
0.001	0.220	0.001	0.778
0.561	0.118	0.001	0.320
>CGAGAGAGTGTA	22-CGAGAGAGTGTA	10.564413	-14.677442	0	T:15.0(6.47%),B:447.1(1.26%),P:1e-6	Tpos:481.0,Tstd:268.7,Bpos:574.4,Bstd:352.8,StrandBias:-2.1,Multiplicity:1.07
0.039	0.858	0.102	0.001
0.098	0.001	0.900	0.001
0.860	0.001	0.138	0.001
0.001	0.001	0.913	0.085
0.801	0.001	0.001	0.197
0.057	0.086	0.715	0.142
0.997	0.001	0.001	0.001
0.068	0.001	0.872	0.059
0.190	0.067	0.001	0.742
0.001	0.001	0.942	0.056
0.167	0.120	0.059	0.654
0.758	0.002	0.122	0.118
>AAAWAAAGCRGT	23-AAAWAAAGCRGT	12.231048	-13.422706	0	T:17.0(7.33%),B:635.6(1.79%),P:1e-5	Tpos:512.8,Tstd:337.7,Bpos:527.6,Bstd:316.5,StrandBias:-1.0,Multiplicity:1.20
0.917	0.004	0.001	0.078
0.997	0.001	0.001	0.001
0.997	0.001	0.001	0.001
0.469	0.001	0.001	0.529
0.673	0.137	0.189	0.001
0.992	0.004	0.003	0.001
0.937	0.001	0.001	0.061
0.207	0.001	0.787	0.005
0.052	0.825	0.065	0.058
0.446	0.001	0.456	0.097
0.051	0.004	0.901	0.044
0.170	0.163	0.001	0.666
>TCCCCCCCCCCC	24-TCCCCCCCCCCC	8.664259	-5.300071	0	T:20.0(8.62%),B:1611.9(4.54%),P:1e-2	Tpos:375.2,Tstd:281.2,Bpos:541.7,Bstd:379.5,StrandBias:3.0,Multiplicity:1.15
0.078	0.037	0.256	0.629
0.003	0.795	0.124	0.078
0.001	0.795	0.156	0.048
0.078	0.666	0.175	0.081
0.001	0.814	0.184	0.001
0.156	0.842	0.001	0.001
0.001	0.762	0.156	0.081
0.096	0.902	0.001	0.001
0.172	0.749	0.078	0.001
0.078	0.674	0.078	0.170
0.188	0.719	0.078	0.015
0.218	0.670	0.001	0.111
>GGCCGAAATTCC	25-GGCCGAAATTCC	12.355432	-3.661470	0	T:1.0(0.43%),B:3.1(0.01%),P:1e-1	Tpos:91.8,Tstd:36.8,Bpos:268.0,Bstd:0.0,StrandBias:10.0,Multiplicity:4.00
0.100	0.100	0.700	0.100
0.100	0.100	0.700	0.100
0.100	0.700	0.100	0.100
0.100	0.700	0.100	0.100
0.100	0.100	0.700	0.100
0.700	0.100	0.100	0.100
0.700	0.100	0.100	0.100
0.700	0.100	0.100	0.100
0.100	0.100	0.100	0.700
0.100	0.100	0.100	0.700
0.100	0.700	0.100	0.100
0.100	0.700	0.100	0.100
