>TTTTGCCGGS	1-TTTTGCCGGS	7.675303	-29.685015	0	T:61.0(20.07%),B:2666.8(7.00%),P:1e-12	Tpos:494.9,Tstd:274.8,Bpos:503.7,Bstd:330.8,StrandBias:-0.4,Multiplicity:1.12
0.001	0.184	0.252	0.563
0.128	0.001	0.065	0.806
0.082	0.151	0.135	0.632
0.372	0.001	0.068	0.559
0.001	0.008	0.897	0.094
0.001	0.997	0.001	0.001
0.042	0.799	0.001	0.158
0.190	0.069	0.663	0.078
0.001	0.001	0.917	0.081
0.001	0.508	0.460	0.031
>CTCCCCTCTC	2-CTCCCCTCTC	9.576324	-28.211534	0	T:35.0(11.51%),B:994.5(2.61%),P:1e-12	Tpos:588.9,Tstd:291.3,Bpos:577.1,Bstd:337.5,StrandBias:1.1,Multiplicity:1.03
0.040	0.958	0.001	0.001
0.001	0.001	0.001	0.997
0.001	0.955	0.043	0.001
0.022	0.889	0.038	0.051
0.136	0.711	0.024	0.129
0.111	0.732	0.145	0.012
0.001	0.037	0.041	0.921
0.001	0.974	0.001	0.024
0.031	0.001	0.001	0.967
0.001	0.935	0.048	0.016
>CGAGACGCAG	3-CGAGACGCAG	7.267024	-27.009687	0	T:93.0(30.59%),B:5596.2(14.68%),P:1e-11	Tpos:544.3,Tstd:272.7,Bpos:542.6,Bstd:347.3,StrandBias:-0.6,Multiplicity:1.22
0.103	0.709	0.088	0.100
0.102	0.074	0.813	0.011
0.888	0.051	0.060	0.001
0.147	0.048	0.795	0.010
0.780	0.123	0.042	0.055
0.059	0.762	0.083	0.096
0.077	0.060	0.828	0.035
0.042	0.862	0.076	0.020
0.781	0.085	0.096	0.038
0.115	0.018	0.791	0.076
>CTCTATTCTC	4-CTCTATTCTC	7.027726	-24.939076	0	T:132.0(43.42%),B:9759.8(25.60%),P:1e-10	Tpos:595.9,Tstd:264.2,Bpos:544.1,Bstd:331.5,StrandBias:1.7,Multiplicity:1.30
0.073	0.762	0.090	0.075
0.065	0.072	0.034	0.829
0.083	0.829	0.050	0.038
0.047	0.098	0.073	0.782
0.767	0.061	0.065	0.107
0.045	0.083	0.044	0.828
0.105	0.074	0.037	0.784
0.069	0.850	0.057	0.024
0.066	0.069	0.091	0.774
0.049	0.803	0.054	0.094
>GTGTGCAAGG	5-GTGTGCAAGG	8.448894	-24.625652	0	T:23.0(7.57%),B:480.0(1.26%),P:1e-10	Tpos:529.5,Tstd:288.6,Bpos:498.7,Bstd:315.8,StrandBias:-0.3,Multiplicity:1.00
0.065	0.001	0.876	0.058
0.001	0.001	0.099	0.899
0.020	0.106	0.811	0.063
0.064	0.001	0.001	0.934
0.001	0.001	0.923	0.075
0.001	0.997	0.001	0.001
0.831	0.086	0.001	0.082
0.806	0.001	0.116	0.077
0.001	0.001	0.997	0.001
0.001	0.056	0.942	0.001
>AGTGGGAAGA	6-AGTGGGAAGA	9.390999	-24.211833	0	T:44.0(14.47%),B:1751.3(4.59%),P:1e-10	Tpos:495.3,Tstd:302.0,Bpos:527.0,Bstd:321.7,StrandBias:-0.5,Multiplicity:1.05
0.932	0.001	0.001	0.066
0.001	0.037	0.905	0.057
0.001	0.051	0.048	0.900
0.283	0.044	0.518	0.155
0.001	0.001	0.898	0.100
0.069	0.001	0.826	0.104
0.816	0.047	0.001	0.136
0.930	0.001	0.001	0.068
0.104	0.001	0.822	0.073
0.997	0.001	0.001	0.001
>ACAGAGAAGA	7-ACAGAGAAGA	9.235346	-21.687469	0	T:43.0(14.14%),B:1827.2(4.79%),P:1e-9	Tpos:541.9,Tstd:293.8,Bpos:525.5,Bstd:320.9,StrandBias:-1.0,Multiplicity:1.12
0.912	0.021	0.012	0.055
0.022	0.900	0.014	0.064
0.963	0.019	0.001	0.017
0.246	0.020	0.733	0.001
0.951	0.035	0.001	0.013
0.048	0.001	0.879	0.072
0.937	0.001	0.024	0.038
0.889	0.109	0.001	0.001
0.001	0.033	0.946	0.020
0.932	0.001	0.066	0.001
>TATCGATTTT	8-TATCGATTTT	9.645646	-21.236740	0	T:86.0(28.29%),B:5544.2(14.54%),P:1e-9	Tpos:498.9,Tstd:301.1,Bpos:532.5,Bstd:354.5,StrandBias:0.2,Multiplicity:1.50
0.208	0.082	0.001	0.709
0.997	0.001	0.001	0.001
0.018	0.076	0.017	0.889
0.039	0.736	0.224	0.001
0.001	0.037	0.961	0.001
0.947	0.009	0.021	0.023
0.001	0.001	0.001	0.997
0.001	0.001	0.010	0.988
0.001	0.021	0.001	0.977
0.001	0.001	0.053	0.945
>GACYTGGAGS	9-GACYTGGAGS	9.719138	-21.008678	0	T:18.0(5.92%),B:340.7(0.89%),P:1e-9	Tpos:558.3,Tstd:317.6,Bpos:501.2,Bstd:327.1,StrandBias:-0.2,Multiplicity:1.06
0.001	0.001	0.997	0.001
0.745	0.001	0.253	0.001
0.001	0.757	0.001	0.241
0.001	0.458	0.001	0.540
0.315	0.001	0.001	0.683
0.001	0.001	0.997	0.001
0.149	0.001	0.849	0.001
0.997	0.001	0.001	0.001
0.001	0.348	0.650	0.001
0.001	0.341	0.438	0.221
>TATCKATTCG	10-TATCKATTCG	9.078412	-21.000098	0	T:47.0(15.46%),B:2171.1(5.69%),P:1e-9	Tpos:472.1,Tstd:339.2,Bpos:543.9,Bstd:321.5,StrandBias:1.0,Multiplicity:1.10
0.028	0.042	0.001	0.929
0.932	0.001	0.034	0.033
0.001	0.001	0.001	0.997
0.048	0.926	0.001	0.025
0.001	0.001	0.454	0.544
0.898	0.025	0.028	0.049
0.050	0.001	0.001	0.948
0.001	0.041	0.017	0.941
0.001	0.920	0.040	0.039
0.032	0.001	0.966	0.001
>TGCACCTTTT	11-TGCACCTTTT	10.572826	-20.802729	0	T:24.0(7.89%),B:641.2(1.68%),P:1e-9	Tpos:599.0,Tstd:209.7,Bpos:498.4,Bstd:289.9,StrandBias:0.1,Multiplicity:1.04
0.001	0.001	0.001	0.997
0.001	0.001	0.997	0.001
0.166	0.832	0.001	0.001
0.966	0.001	0.032	0.001
0.001	0.997	0.001	0.001
0.001	0.997	0.001	0.001
0.183	0.001	0.001	0.815
0.001	0.064	0.001	0.934
0.001	0.001	0.001	0.997
0.096	0.001	0.001	0.902
>GTTCGACGCG	12-GTTCGACGCG	11.290276	-19.328942	0	T:9.0(2.96%),B:60.7(0.16%),P:1e-8	Tpos:573.8,Tstd:271.3,Bpos:565.6,Bstd:355.8,StrandBias:0.3,Multiplicity:1.00
0.001	0.001	0.997	0.001
0.136	0.001	0.001	0.862
0.001	0.001	0.001	0.997
0.001	0.997	0.001	0.001
0.001	0.120	0.878	0.001
0.997	0.001	0.001	0.001
0.001	0.997	0.001	0.001
0.001	0.001	0.997	0.001
0.001	0.775	0.121	0.103
0.001	0.001	0.997	0.001
>TTGGTAGCTA	13-TTGGTAGCTA	8.513991	-18.656653	0	T:20.0(6.58%),B:498.8(1.31%),P:1e-8	Tpos:623.0,Tstd:323.7,Bpos:522.4,Bstd:298.0,StrandBias:-0.4,Multiplicity:1.10
0.038	0.057	0.031	0.874
0.272	0.079	0.194	0.455
0.164	0.055	0.761	0.020
0.001	0.039	0.618	0.342
0.131	0.179	0.017	0.673
0.849	0.028	0.045	0.078
0.068	0.061	0.691	0.180
0.254	0.694	0.019	0.033
0.199	0.137	0.032	0.632
0.681	0.028	0.247	0.044
>GTCGGATWGC	14-GTCGGATWGC	9.477584	-18.572268	0	T:17.0(5.59%),B:353.4(0.93%),P:1e-8	Tpos:425.0,Tstd:260.4,Bpos:476.3,Bstd:344.8,StrandBias:1.0,Multiplicity:1.24
0.069	0.001	0.929	0.001
0.001	0.001	0.309	0.689
0.001	0.930	0.001	0.068
0.003	0.001	0.932	0.064
0.002	0.403	0.594	0.001
0.908	0.001	0.001	0.090
0.077	0.182	0.004	0.737
0.439	0.196	0.006	0.359
0.007	0.001	0.675	0.317
0.144	0.772	0.001	0.083
>CCGCCGCCGC	15-CCGCCGCCGC	7.239688	-16.180238	0	T:49.0(16.12%),B:2715.7(7.12%),P:1e-7	Tpos:537.9,Tstd:261.0,Bpos:536.5,Bstd:367.0,StrandBias:0.8,Multiplicity:1.13
0.073	0.645	0.081	0.201
0.091	0.884	0.001	0.024
0.175	0.302	0.522	0.001
0.048	0.876	0.002	0.074
0.001	0.816	0.040	0.143
0.055	0.062	0.882	0.001
0.027	0.940	0.018	0.015
0.001	0.764	0.001	0.234
0.031	0.093	0.858	0.018
0.001	0.907	0.063	0.029
>ACGKTGCTAA	16-ACGKTGCTAA	8.584567	-16.175200	0	T:35.0(11.51%),B:1590.7(4.17%),P:1e-7	Tpos:497.6,Tstd:280.5,Bpos:498.5,Bstd:302.8,StrandBias:-0.3,Multiplicity:1.19
0.930	0.001	0.001	0.068
0.256	0.634	0.042	0.068
0.343	0.129	0.527	0.001
0.216	0.099	0.367	0.318
0.076	0.001	0.078	0.845
0.104	0.056	0.828	0.012
0.054	0.878	0.001	0.067
0.001	0.118	0.001	0.880
0.960	0.001	0.038	0.001
0.872	0.001	0.001	0.126
>CGGCGATCGC	17-CGGCGATCGC	7.356298	-14.615485	0	T:31.0(10.20%),B:1396.8(3.66%),P:1e-6	Tpos:458.1,Tstd:317.3,Bpos:503.5,Bstd:351.0,StrandBias:0.0,Multiplicity:1.23
0.038	0.791	0.087	0.084
0.102	0.074	0.710	0.114
0.078	0.042	0.815	0.065
0.042	0.841	0.050	0.067
0.063	0.064	0.837	0.036
0.839	0.058	0.017	0.086
0.075	0.119	0.178	0.628
0.018	0.915	0.048	0.019
0.059	0.001	0.831	0.109
0.074	0.802	0.019	0.105
>TCCGGAGTTT	18-TCCGGAGTTT	11.855400	-14.296305	0	T:8.0(2.63%),B:82.3(0.22%),P:1e-6	Tpos:253.0,Tstd:261.3,Bpos:515.2,Bstd:294.4,StrandBias:0.0,Multiplicity:1.00
0.001	0.001	0.001	0.997
0.001	0.997	0.001	0.001
0.001	0.997	0.001	0.001
0.001	0.001	0.997	0.001
0.001	0.001	0.997	0.001
0.997	0.001	0.001	0.001
0.001	0.001	0.997	0.001
0.001	0.001	0.001	0.997
0.001	0.001	0.001	0.997
0.001	0.001	0.138	0.860
>TTTGCATGAA	19-TTTGCATGAA	10.974951	-10.271851	0	T:26.0(8.55%),B:1331.1(3.49%),P:1e-4	Tpos:456.5,Tstd:301.9,Bpos:506.6,Bstd:302.9,StrandBias:0.5,Multiplicity:1.40
0.176	0.031	0.026	0.767
0.001	0.001	0.001	0.997
0.001	0.001	0.001	0.997
0.001	0.001	0.606	0.392
0.105	0.893	0.001	0.001
0.997	0.001	0.001	0.001
0.001	0.001	0.001	0.997
0.001	0.001	0.782	0.216
0.997	0.001	0.001	0.001
0.759	0.063	0.023	0.155
>AAAGATRAAA	20-AAAGATRAAA	8.558322	-9.221354	0	T:136.0(44.74%),B:13044.9(34.22%),P:1e-4	Tpos:545.6,Tstd:291.7,Bpos:526.9,Bstd:327.7,StrandBias:-1.5,Multiplicity:1.48
0.949	0.001	0.001	0.049
0.991	0.001	0.004	0.004
0.636	0.176	0.001	0.187
0.018	0.001	0.978	0.003
0.706	0.287	0.001	0.006
0.001	0.170	0.146	0.683
0.519	0.061	0.419	0.001
0.861	0.001	0.137	0.001
0.873	0.001	0.095	0.031
0.812	0.091	0.096	0.001
>TTTTCCTGRA	21-TTTTCCTGRA	11.594721	-8.287242	0	T:23.0(7.57%),B:1258.8(3.30%),P:1e-3	Tpos:605.4,Tstd:270.9,Bpos:499.0,Bstd:340.4,StrandBias:0.5,Multiplicity:1.04
0.001	0.001	0.001	0.997
0.001	0.303	0.001	0.695
0.001	0.001	0.001	0.997
0.001	0.001	0.001	0.997
0.001	0.997	0.001	0.001
0.207	0.791	0.001	0.001
0.001	0.001	0.001	0.997
0.001	0.001	0.997	0.001
0.557	0.001	0.441	0.001
0.997	0.001	0.001	0.001
>AACCCCGAAT	22-AACCCCGAAT	10.977972	-8.097606	0	T:6.0(1.97%),B:109.0(0.29%),P:1e-3	Tpos:489.6,Tstd:236.5,Bpos:510.7,Bstd:309.3,StrandBias:2.6,Multiplicity:1.17
0.744	0.001	0.001	0.254
0.727	0.001	0.001	0.271
0.122	0.876	0.001	0.001
0.001	0.997	0.001	0.001
0.001	0.997	0.001	0.001
0.001	0.997	0.001	0.001
0.001	0.001	0.997	0.001
0.997	0.001	0.001	0.001
0.997	0.001	0.001	0.001
0.001	0.001	0.322	0.676
>CCATGAWAAA	23-CCATGAWAAA	11.329208	-4.614393	0	T:10.0(3.29%),B:518.5(1.36%),P:1e-2	Tpos:404.2,Tstd:230.6,Bpos:494.4,Bstd:325.5,StrandBias:0.2,Multiplicity:1.30
0.001	0.825	0.001	0.173
0.001	0.997	0.001	0.001
0.997	0.001	0.001	0.001
0.001	0.001	0.001	0.997
0.001	0.001	0.997	0.001
0.997	0.001	0.001	0.001
0.429	0.199	0.001	0.371
0.997	0.001	0.001	0.001
0.769	0.001	0.229	0.001
0.997	0.001	0.001	0.001
>GGCCCGGCCT	24-GGCCCGGCCT	12.977033	-3.465029	0	T:1.0(0.33%),B:3.2(0.01%),P:1e-1	Tpos:572.7,Tstd:156.2,Bpos:693.0,Bstd:32.3,StrandBias:1.0,Multiplicity:3.00
0.001	0.001	0.997	0.001
0.001	0.001	0.997	0.001
0.001	0.997	0.001	0.001
0.001	0.855	0.143	0.001
0.129	0.494	0.283	0.094
0.001	0.001	0.997	0.001
0.001	0.001	0.997	0.001
0.001	0.997	0.001	0.001
0.001	0.997	0.001	0.001
0.001	0.001	0.001	0.997
>TCGGGTTTTT	25-TCGGGTTTTT	10.296193	-3.242427	0	T:5.0(1.64%),B:229.5(0.60%),P:1e-1	Tpos:349.4,Tstd:154.4,Bpos:469.7,Bstd:376.6,StrandBias:-1.9,Multiplicity:2.80
0.100	0.100	0.100	0.700
0.100	0.700	0.100	0.100
0.100	0.100	0.700	0.100
0.100	0.100	0.700	0.100
0.100	0.100	0.700	0.100
0.100	0.100	0.100	0.700
0.100	0.100	0.100	0.700
0.100	0.100	0.100	0.700
0.100	0.100	0.100	0.700
0.100	0.100	0.100	0.700
>CCCCCACCTMTA	1-CCCCCACCTMTA	11.808860	-34.105455	0	T:11.0(3.62%),B:23.1(0.06%),P:1e-14	Tpos:649.3,Tstd:218.4,Bpos:509.4,Bstd:325.3,StrandBias:2.2,Multiplicity:1.00
0.001	0.705	0.147	0.147
0.001	0.997	0.001	0.001
0.001	0.851	0.147	0.001
0.001	0.704	0.294	0.001
0.001	0.872	0.001	0.126
0.893	0.001	0.001	0.105
0.001	0.997	0.001	0.001
0.001	0.997	0.001	0.001
0.147	0.001	0.001	0.851
0.472	0.526	0.001	0.001
0.001	0.001	0.147	0.851
0.997	0.001	0.001	0.001
>AGGTGCAAGGTA	2-AGGTGCAAGGTA	13.938221	-27.146683	0	T:8.0(2.63%),B:12.7(0.03%),P:1e-11	Tpos:751.1,Tstd:226.5,Bpos:610.5,Bstd:223.4,StrandBias:0.0,Multiplicity:1.00
0.851	0.001	0.147	0.001
0.001	0.001	0.997	0.001
0.147	0.001	0.851	0.001
0.001	0.001	0.001	0.997
0.001	0.001	0.997	0.001
0.133	0.865	0.001	0.001
0.997	0.001	0.001	0.001
0.826	0.001	0.172	0.001
0.001	0.001	0.997	0.001
0.001	0.001	0.997	0.001
0.001	0.133	0.001	0.865
0.997	0.001	0.001	0.001
>CDTCTDYNTCTC	3-CDTCTDYNTCTC	7.870097	-24.446290	0	T:87.0(28.62%),B:5295.4(13.89%),P:1e-10	Tpos:529.3,Tstd:272.9,Bpos:556.1,Bstd:345.2,StrandBias:1.5,Multiplicity:1.24
0.160	0.633	0.001	0.206
0.196	0.153	0.341	0.310
0.011	0.409	0.001	0.579
0.130	0.565	0.001	0.304
0.013	0.012	0.268	0.707
0.210	0.199	0.355	0.236
0.204	0.392	0.025	0.379
0.241	0.237	0.333	0.190
0.001	0.229	0.025	0.745
0.082	0.595	0.014	0.309
0.011	0.025	0.001	0.963
0.007	0.761	0.201	0.031
>GTTTTCTCATTG	4-GTTTTCTCATTG	12.351323	-24.319920	0	T:17.0(5.59%),B:237.0(0.62%),P:1e-10	Tpos:668.0,Tstd:288.9,Bpos:550.3,Bstd:338.8,StrandBias:0.9,Multiplicity:1.00
0.001	0.202	0.755	0.042
0.001	0.184	0.280	0.535
0.001	0.001	0.001	0.997
0.001	0.001	0.149	0.849
0.001	0.001	0.001	0.997
0.001	0.997	0.001	0.001
0.001	0.001	0.001	0.997
0.001	0.924	0.001	0.074
0.811	0.001	0.184	0.004
0.081	0.001	0.001	0.917
0.001	0.001	0.001	0.997
0.001	0.237	0.761	0.001
>AAAGAATTARTT	5-AAAGAATTARTT	11.545554	-24.174381	0	T:29.0(9.54%),B:800.9(2.10%),P:1e-10	Tpos:495.3,Tstd:299.2,Bpos:515.6,Bstd:313.8,StrandBias:-1.9,Multiplicity:1.00
0.749	0.120	0.130	0.001
0.997	0.001	0.001	0.001
0.878	0.001	0.120	0.001
0.001	0.001	0.883	0.115
0.632	0.366	0.001	0.001
0.756	0.001	0.001	0.242
0.001	0.001	0.001	0.997
0.001	0.001	0.001	0.997
0.761	0.001	0.154	0.084
0.536	0.001	0.461	0.002
0.001	0.001	0.001	0.997
0.002	0.148	0.001	0.849
>TTTCGTTTTAAT	6-TTTCGTTTTAAT	10.568601	-23.241556	0	T:32.0(10.53%),B:1010.3(2.65%),P:1e-10	Tpos:519.2,Tstd:297.2,Bpos:501.6,Bstd:308.2,StrandBias:-0.5,Multiplicity:1.00
0.036	0.028	0.045	0.891
0.035	0.032	0.015	0.918
0.028	0.029	0.229	0.714
0.200	0.439	0.180	0.181
0.217	0.119	0.462	0.202
0.190	0.133	0.084	0.593
0.256	0.049	0.026	0.669
0.054	0.027	0.034	0.885
0.038	0.169	0.169	0.624
0.560	0.251	0.151	0.038
0.874	0.032	0.054	0.040
0.040	0.062	0.045	0.853
>TATATATGAAGA	7-TATATATGAAGA	13.325723	-22.985247	0	T:11.0(3.62%),B:76.6(0.20%),P:1e-9	Tpos:609.2,Tstd:264.9,Bpos:579.9,Bstd:276.1,StrandBias:0.3,Multiplicity:1.00
0.001	0.001	0.001	0.997
0.906	0.001	0.001	0.092
0.001	0.001	0.001	0.997
0.997	0.001	0.001	0.001
0.116	0.001	0.001	0.882
0.750	0.001	0.001	0.248
0.001	0.001	0.001	0.997
0.229	0.001	0.769	0.001
0.997	0.001	0.001	0.001
0.997	0.001	0.001	0.001
0.052	0.150	0.797	0.001
0.997	0.001	0.001	0.001
>AGTAGCTACCAA	8-AGTAGCTACCAA	13.678725	-22.376655	0	T:7.0(2.30%),B:14.2(0.04%),P:1e-9	Tpos:445.9,Tstd:316.7,Bpos:413.5,Bstd:233.5,StrandBias:0.4,Multiplicity:1.00
0.880	0.001	0.001	0.118
0.001	0.001	0.997	0.001
0.001	0.001	0.001	0.997
0.856	0.001	0.142	0.001
0.001	0.001	0.997	0.001
0.142	0.738	0.001	0.119
0.001	0.001	0.001	0.997
0.832	0.001	0.001	0.166
0.001	0.997	0.001	0.001
0.001	0.856	0.001	0.142
0.997	0.001	0.001	0.001
0.997	0.001	0.001	0.001
>AAAAATGCTAAA	9-AAAAATGCTAAA	11.994020	-22.122003	0	T:39.0(12.83%),B:1518.3(3.98%),P:1e-9	Tpos:467.4,Tstd:282.3,Bpos:507.7,Bstd:326.3,StrandBias:-1.3,Multiplicity:1.37
0.689	0.001	0.001	0.309
0.939	0.001	0.001	0.059
0.997	0.001	0.001	0.001
0.967	0.001	0.001	0.031
0.741	0.001	0.111	0.147
0.202	0.001	0.001	0.796
0.058	0.081	0.860	0.001
0.170	0.828	0.001	0.001
0.001	0.001	0.029	0.969
0.709	0.001	0.262	0.028
0.936	0.001	0.001	0.062
0.911	0.001	0.058	0.030
>MCAGAAKSAMWG	10-MCAGAAKSAMWG	10.384212	-21.451388	0	T:16.0(5.26%),B:249.4(0.65%),P:1e-9	Tpos:676.7,Tstd:252.6,Bpos:493.8,Bstd:319.6,StrandBias:-1.1,Multiplicity:1.00
0.466	0.427	0.001	0.106
0.111	0.757	0.090	0.042
0.997	0.001	0.001	0.001
0.085	0.001	0.805	0.109
0.957	0.001	0.001	0.041
0.852	0.042	0.001	0.105
0.001	0.078	0.388	0.533
0.137	0.449	0.388	0.027
0.854	0.036	0.042	0.068
0.429	0.516	0.001	0.054
0.417	0.001	0.262	0.320
0.093	0.030	0.855	0.022
>TCGTGTGTAAAT	11-TCGTGTGTAAAT	9.652856	-21.415210	0	T:28.0(9.21%),B:845.9(2.22%),P:1e-9	Tpos:528.4,Tstd:273.5,Bpos:506.4,Bstd:315.3,StrandBias:0.6,Multiplicity:1.00
0.049	0.005	0.039	0.907
0.072	0.815	0.058	0.055
0.130	0.001	0.642	0.227
0.063	0.070	0.123	0.744
0.042	0.010	0.903	0.045
0.058	0.151	0.121	0.670
0.063	0.001	0.818	0.118
0.042	0.001	0.012	0.945
0.864	0.134	0.001	0.001
0.804	0.003	0.070	0.123
0.832	0.056	0.111	0.001
0.051	0.001	0.001	0.947
>AAAATCCATTAA	12-AAAATCCATTAA	11.783901	-19.931246	0	T:41.0(13.49%),B:1790.3(4.70%),P:1e-8	Tpos:512.3,Tstd:297.6,Bpos:531.1,Bstd:355.1,StrandBias:0.4,Multiplicity:1.46
0.997	0.001	0.001	0.001
0.997	0.001	0.001	0.001
0.997	0.001	0.001	0.001
0.997	0.001	0.001	0.001
0.023	0.001	0.001	0.975
0.001	0.967	0.022	0.010
0.001	0.663	0.198	0.138
0.933	0.001	0.039	0.027
0.072	0.001	0.001	0.926
0.205	0.001	0.029	0.765
0.902	0.001	0.096	0.001
0.933	0.001	0.065	0.001
>CCAGTTGTTAGC	13-CCAGTTGTTAGC	12.355432	-19.377609	0	T:4.0(1.32%),B:0.7(0.00%),P:1e-8	Tpos:945.2,Tstd:2.8,Bpos:506.0,Bstd:0.0,StrandBias:10.0,Multiplicity:1.00
0.100	0.700	0.100	0.100
0.100	0.700	0.100	0.100
0.700	0.100	0.100	0.100
0.100	0.100	0.700	0.100
0.100	0.100	0.100	0.700
0.100	0.100	0.100	0.700
0.100	0.100	0.700	0.100
0.100	0.100	0.100	0.700
0.100	0.100	0.100	0.700
0.700	0.100	0.100	0.100
0.100	0.100	0.700	0.100
0.100	0.700	0.100	0.100
>AYATTATCGATT	14-AYATTATCGATT	8.212993	-19.228754	0	T:43.0(14.14%),B:1987.6(5.21%),P:1e-8	Tpos:509.6,Tstd:303.0,Bpos:527.5,Bstd:359.1,StrandBias:0.1,Multiplicity:1.10
0.997	0.001	0.001	0.001
0.188	0.435	0.059	0.318
0.938	0.001	0.060	0.001
0.243	0.001	0.001	0.755
0.232	0.001	0.001	0.766
0.997	0.001	0.001	0.001
0.001	0.001	0.001	0.997
0.001	0.997	0.001	0.001
0.001	0.001	0.997	0.001
0.997	0.001	0.001	0.001
0.001	0.001	0.001	0.997
0.001	0.001	0.001	0.997
>TCGCTTTTATTC	15-TCGCTTTTATTC	13.385410	-18.630362	0	T:7.0(2.30%),B:27.5(0.07%),P:1e-8	Tpos:579.6,Tstd:191.8,Bpos:622.8,Bstd:328.8,StrandBias:-0.4,Multiplicity:1.00
0.001	0.001	0.001	0.997
0.001	0.997	0.001	0.001
0.001	0.176	0.822	0.001
0.001	0.997	0.001	0.001
0.227	0.001	0.001	0.771
0.001	0.001	0.001	0.997
0.001	0.001	0.001	0.997
0.001	0.001	0.001	0.997
0.997	0.001	0.001	0.001
0.001	0.001	0.001	0.997
0.001	0.001	0.001	0.997
0.001	0.997	0.001	0.001
>GCATTGTGCCTT	16-GCATTGTGCCTT	10.645678	-18.108390	0	T:9.0(2.96%),B:70.7(0.19%),P:1e-7	Tpos:492.2,Tstd:266.5,Bpos:536.9,Bstd:324.4,StrandBias:-1.6,Multiplicity:1.33
0.001	0.001	0.997	0.001
0.001	0.997	0.001	0.001
0.637	0.012	0.001	0.350
0.051	0.001	0.293	0.655
0.311	0.001	0.001	0.687
0.001	0.001	0.997	0.001
0.001	0.352	0.001	0.646
0.035	0.001	0.963	0.001
0.035	0.963	0.001	0.001
0.001	0.997	0.001	0.001
0.001	0.001	0.363	0.635
0.001	0.001	0.001	0.997
>GAACTCTTCGGG	17-GAACTCTTCGGG	11.564762	-16.872603	0	T:6.0(1.97%),B:20.9(0.05%),P:1e-7	Tpos:364.3,Tstd:178.2,Bpos:581.8,Bstd:372.2,StrandBias:1.0,Multiplicity:1.00
0.001	0.001	0.997	0.001
0.801	0.001	0.001	0.197
0.754	0.212	0.001	0.033
0.001	0.754	0.001	0.244
0.001	0.001	0.001	0.997
0.001	0.997	0.001	0.001
0.001	0.001	0.001	0.997
0.001	0.001	0.001	0.997
0.001	0.997	0.001	0.001
0.001	0.001	0.997	0.001
0.001	0.001	0.997	0.001
0.001	0.001	0.997	0.001
>TGCCATATTTTT	18-TGCCATATTTTT	12.496315	-16.832636	0	T:16.0(5.26%),B:351.1(0.92%),P:1e-7	Tpos:337.7,Tstd:258.7,Bpos:502.3,Bstd:299.1,StrandBias:2.7,Multiplicity:1.38
0.079	0.001	0.189	0.731
0.001	0.001	0.997	0.001
0.045	0.953	0.001	0.001
0.075	0.879	0.001	0.045
0.938	0.001	0.001	0.060
0.294	0.001	0.001	0.704
0.997	0.001	0.001	0.001
0.067	0.001	0.001	0.931
0.001	0.001	0.001	0.997
0.088	0.001	0.001	0.910
0.001	0.001	0.001	0.997
0.001	0.001	0.001	0.997
>TACTCGTTCCGA	19-TACTCGTTCCGA	13.529904	-15.841053	0	T:4.0(1.32%),B:3.6(0.01%),P:1e-6	Tpos:598.2,Tstd:209.5,Bpos:465.2,Bstd:165.7,StrandBias:0.0,Multiplicity:1.50
0.001	0.001	0.001	0.997
0.615	0.001	0.001	0.383
0.147	0.851	0.001	0.001
0.001	0.001	0.001	0.997
0.200	0.565	0.001	0.234
0.001	0.001	0.997	0.001
0.001	0.001	0.001	0.997
0.001	0.001	0.001	0.997
0.001	0.765	0.001	0.233
0.135	0.664	0.200	0.001
0.001	0.001	0.997	0.001
0.997	0.001	0.001	0.001
>GAAATTTAATGC	20-GAAATTTAATGC	10.524901	-15.826070	0	T:20.0(6.58%),B:596.2(1.56%),P:1e-6	Tpos:474.0,Tstd:246.2,Bpos:511.4,Bstd:324.0,StrandBias:0.4,Multiplicity:1.05
0.182	0.246	0.542	0.030
0.698	0.051	0.043	0.208
0.886	0.023	0.039	0.052
0.746	0.036	0.030	0.188
0.229	0.016	0.028	0.727
0.003	0.008	0.022	0.967
0.020	0.275	0.038	0.667
0.578	0.053	0.180	0.189
0.568	0.024	0.183	0.225
0.232	0.027	0.038	0.703
0.030	0.025	0.650	0.295
0.306	0.613	0.050	0.031
>TCTCGTGAATAT	21-TCTCGTGAATAT	12.355432	-14.528281	0	T:3.0(0.99%),B:0.8(0.00%),P:1e-6	Tpos:506.3,Tstd:241.4,Bpos:120.0,Bstd:0.0,StrandBias:1.0,Multiplicity:1.00
0.100	0.100	0.100	0.700
0.100	0.700	0.100	0.100
0.100	0.100	0.100	0.700
0.100	0.700	0.100	0.100
0.100	0.100	0.700	0.100
0.100	0.100	0.100	0.700
0.100	0.100	0.700	0.100
0.700	0.100	0.100	0.100
0.700	0.100	0.100	0.100
0.100	0.100	0.100	0.700
0.700	0.100	0.100	0.100
0.100	0.100	0.100	0.700
>TCGGCGATCGCC	22-TCGGCGATCGCC	10.746558	-10.516909	0	T:7.0(2.30%),B:102.8(0.27%),P:1e-4	Tpos:259.4,Tstd:270.5,Bpos:517.1,Bstd:383.8,StrandBias:0.0,Multiplicity:1.86
0.104	0.001	0.001	0.894
0.001	0.894	0.001	0.104
0.001	0.001	0.755	0.243
0.001	0.106	0.816	0.077
0.001	0.695	0.001	0.303
0.001	0.121	0.877	0.001
0.890	0.001	0.005	0.104
0.122	0.122	0.122	0.634
0.001	0.877	0.001	0.121
0.004	0.001	0.901	0.094
0.001	0.797	0.003	0.199
0.001	0.997	0.001	0.001
>AACCCGAATTTC	23-AACCCGAATTTC	13.622236	-8.478326	0	T:5.0(1.64%),B:63.2(0.17%),P:1e-3	Tpos:312.6,Tstd:154.6,Bpos:569.6,Bstd:371.6,StrandBias:1.9,Multiplicity:2.80
0.997	0.001	0.001	0.001
0.821	0.104	0.001	0.074
0.001	0.997	0.001	0.001
0.001	0.997	0.001	0.001
0.001	0.997	0.001	0.001
0.001	0.001	0.997	0.001
0.997	0.001	0.001	0.001
0.997	0.001	0.001	0.001
0.001	0.140	0.001	0.858
0.001	0.001	0.001	0.997
0.001	0.001	0.001	0.997
0.001	0.795	0.001	0.203
>AGGCCGGGCCTA	24-AGGCCGGGCCTA	16.357732	-4.839488	0	T:1.0(0.33%),B:0.0(0.00%),P:1e-2	Tpos:528.0,Tstd:0.0,Bpos:0.0,Bstd:0.0,StrandBias:10.0,Multiplicity:1.00
0.997	0.001	0.001	0.001
0.001	0.001	0.997	0.001
0.001	0.001	0.997	0.001
0.001	0.997	0.001	0.001
0.001	0.997	0.001	0.001
0.001	0.110	0.888	0.001
0.001	0.001	0.997	0.001
0.001	0.001	0.997	0.001
0.001	0.997	0.001	0.001
0.001	0.997	0.001	0.001
0.001	0.001	0.001	0.997
0.879	0.001	0.119	0.001
>TTTTTCATGAAA	25-TTTTTCATGAAA	12.355432	-0.805302	0	T:2.0(0.66%),B:189.9(0.50%),P:1e0	Tpos:371.9,Tstd:255.5,Bpos:501.4,Bstd:325.1,StrandBias:0.0,Multiplicity:6.00
0.100	0.100	0.100	0.700
0.100	0.100	0.100	0.700
0.100	0.100	0.100	0.700
0.100	0.100	0.100	0.700
0.100	0.100	0.100	0.700
0.100	0.700	0.100	0.100
0.700	0.100	0.100	0.100
0.100	0.100	0.100	0.700
0.100	0.100	0.700	0.100
0.700	0.100	0.100	0.100
0.700	0.100	0.100	0.100
0.700	0.100	0.100	0.100
>CGATCGAY	1-CGATCGAY	6.983258	-21.501507	0	T:124.0(40.79%),B:9373.2(24.59%),P:1e-9	Tpos:512.2,Tstd:265.6,Bpos:522.4,Bstd:335.6,StrandBias:0.1,Multiplicity:1.33
0.001	0.646	0.001	0.352
0.001	0.015	0.592	0.392
0.831	0.001	0.001	0.167
0.001	0.001	0.001	0.997
0.001	0.807	0.001	0.191
0.245	0.010	0.744	0.001
0.648	0.350	0.001	0.001
0.001	0.564	0.001	0.434
>CTCTCTCT	2-CTCTCTCT	7.005177	-18.967724	0	T:158.0(51.97%),B:13612.2(35.71%),P:1e-8	Tpos:596.5,Tstd:266.7,Bpos:551.3,Bstd:339.2,StrandBias:1.3,Multiplicity:1.62
0.046	0.908	0.045	0.001
0.024	0.001	0.086	0.889
0.019	0.884	0.001	0.096
0.085	0.039	0.040	0.836
0.052	0.781	0.054	0.113
0.001	0.004	0.072	0.923
0.046	0.922	0.031	0.001
0.059	0.038	0.047	0.856
>ATCGATTT	3-ATCGATTT	8.514816	-16.247308	0	T:110.0(36.18%),B:8664.8(22.73%),P:1e-7	Tpos:518.3,Tstd:311.9,Bpos:523.7,Bstd:347.1,StrandBias:0.4,Multiplicity:1.44
0.997	0.001	0.001	0.001
0.127	0.001	0.065	0.807
0.001	0.781	0.217	0.001
0.001	0.001	0.997	0.001
0.997	0.001	0.001	0.001
0.001	0.001	0.001	0.997
0.065	0.001	0.001	0.933
0.055	0.001	0.131	0.813
>TGCGTCTC	4-TGCGTCTC	6.991817	-14.653873	0	T:81.0(26.64%),B:5888.4(15.45%),P:1e-6	Tpos:503.7,Tstd:274.1,Bpos:541.7,Bstd:348.2,StrandBias:0.7,Multiplicity:1.36
0.052	0.046	0.001	0.901
0.035	0.218	0.684	0.063
0.001	0.893	0.053	0.053
0.001	0.231	0.767	0.001
0.198	0.172	0.049	0.581
0.038	0.754	0.207	0.001
0.001	0.001	0.378	0.620
0.085	0.489	0.125	0.301
>CTTTGCAC	5-CTTTGCAC	8.378977	-11.921461	0	T:34.0(11.18%),B:1841.9(4.83%),P:1e-5	Tpos:468.4,Tstd:282.8,Bpos:506.7,Bstd:312.2,StrandBias:-0.2,Multiplicity:1.06
0.001	0.997	0.001	0.001
0.227	0.245	0.015	0.513
0.068	0.201	0.249	0.483
0.001	0.001	0.001	0.997
0.001	0.001	0.997	0.001
0.001	0.997	0.001	0.001
0.997	0.001	0.001	0.001
0.001	0.570	0.260	0.169
>GTGCGCGC	6-GTGCGCGC	6.887038	-11.600337	0	T:58.0(19.08%),B:4049.2(10.62%),P:1e-5	Tpos:629.8,Tstd:240.2,Bpos:568.9,Bstd:369.6,StrandBias:0.1,Multiplicity:1.19
0.001	0.104	0.833	0.062
0.075	0.140	0.001	0.784
0.001	0.025	0.928	0.046
0.001	0.904	0.001	0.094
0.001	0.068	0.930	0.001
0.001	0.909	0.014	0.076
0.075	0.035	0.889	0.001
0.001	0.922	0.001	0.076
>ATTAATGC	7-ATTAATGC	8.236954	-7.142897	0	T:18.0(5.92%),B:951.0(2.49%),P:1e-3	Tpos:520.7,Tstd:279.5,Bpos:514.8,Bstd:301.9,StrandBias:-0.1,Multiplicity:1.11
0.700	0.100	0.100	0.100
0.100	0.100	0.100	0.700
0.100	0.100	0.100	0.700
0.700	0.100	0.100	0.100
0.700	0.100	0.100	0.100
0.100	0.100	0.100	0.700
0.100	0.100	0.700	0.100
0.100	0.700	0.100	0.100
>AATTGGGR	8-AATTGGGR	7.717111	-6.595723	0	T:83.0(27.30%),B:7621.3(19.99%),P:1e-2	Tpos:492.7,Tstd:278.9,Bpos:511.0,Bstd:329.9,StrandBias:-1.3,Multiplicity:1.28
0.929	0.001	0.001	0.069
0.709	0.128	0.001	0.162
0.001	0.001	0.001	0.997
0.001	0.001	0.001	0.997
0.008	0.054	0.921	0.017
0.001	0.102	0.896	0.001
0.001	0.001	0.997	0.001
0.439	0.001	0.559	0.001
>GTCTGCTA	9-GTCTGCTA	6.450417	-3.653877	0	T:19.0(6.25%),B:1452.7(3.81%),P:1e-1	Tpos:567.5,Tstd:282.3,Bpos:505.6,Bstd:347.2,StrandBias:0.7,Multiplicity:1.89
0.298	0.001	0.700	0.001
0.001	0.001	0.001	0.997
0.001	0.997	0.001	0.001
0.001	0.033	0.001	0.965
0.001	0.001	0.997	0.001
0.001	0.997	0.001	0.001
0.001	0.001	0.001	0.997
0.997	0.001	0.001	0.001
