>CGATCGAY	1-CGATCGAY	6.983258	-21.501507	0	T:124.0(40.79%),B:9373.2(24.59%),P:1e-9	Tpos:512.2,Tstd:265.6,Bpos:522.4,Bstd:335.6,StrandBias:0.1,Multiplicity:1.33
0.001	0.646	0.001	0.352
0.001	0.015	0.592	0.392
0.831	0.001	0.001	0.167
0.001	0.001	0.001	0.997
0.001	0.807	0.001	0.191
0.245	0.010	0.744	0.001
0.648	0.350	0.001	0.001
0.001	0.564	0.001	0.434
>CTCTCTCT	2-CTCTCTCT	7.005177	-18.967724	0	T:158.0(51.97%),B:13612.2(35.71%),P:1e-8	Tpos:596.5,Tstd:266.7,Bpos:551.3,Bstd:339.2,StrandBias:1.3,Multiplicity:1.62
0.046	0.908	0.045	0.001
0.024	0.001	0.086	0.889
0.019	0.884	0.001	0.096
0.085	0.039	0.040	0.836
0.052	0.781	0.054	0.113
0.001	0.004	0.072	0.923
0.046	0.922	0.031	0.001
0.059	0.038	0.047	0.856
>ATCGATTT	3-ATCGATTT	8.514816	-16.247308	0	T:110.0(36.18%),B:8664.8(22.73%),P:1e-7	Tpos:518.3,Tstd:311.9,Bpos:523.7,Bstd:347.1,StrandBias:0.4,Multiplicity:1.44
0.997	0.001	0.001	0.001
0.127	0.001	0.065	0.807
0.001	0.781	0.217	0.001
0.001	0.001	0.997	0.001
0.997	0.001	0.001	0.001
0.001	0.001	0.001	0.997
0.065	0.001	0.001	0.933
0.055	0.001	0.131	0.813
>TGCGTCTC	4-TGCGTCTC	6.991817	-14.653873	0	T:81.0(26.64%),B:5888.4(15.45%),P:1e-6	Tpos:503.7,Tstd:274.1,Bpos:541.7,Bstd:348.2,StrandBias:0.7,Multiplicity:1.36
0.052	0.046	0.001	0.901
0.035	0.218	0.684	0.063
0.001	0.893	0.053	0.053
0.001	0.231	0.767	0.001
0.198	0.172	0.049	0.581
0.038	0.754	0.207	0.001
0.001	0.001	0.378	0.620
0.085	0.489	0.125	0.301
>CTTTGCAC	5-CTTTGCAC	8.378977	-11.921461	0	T:34.0(11.18%),B:1841.9(4.83%),P:1e-5	Tpos:468.4,Tstd:282.8,Bpos:506.7,Bstd:312.2,StrandBias:-0.2,Multiplicity:1.06
0.001	0.997	0.001	0.001
0.227	0.245	0.015	0.513
0.068	0.201	0.249	0.483
0.001	0.001	0.001	0.997
0.001	0.001	0.997	0.001
0.001	0.997	0.001	0.001
0.997	0.001	0.001	0.001
0.001	0.570	0.260	0.169
>GTGCGCGC	6-GTGCGCGC	6.887038	-11.600337	0	T:58.0(19.08%),B:4049.2(10.62%),P:1e-5	Tpos:629.8,Tstd:240.2,Bpos:568.9,Bstd:369.6,StrandBias:0.1,Multiplicity:1.19
0.001	0.104	0.833	0.062
0.075	0.140	0.001	0.784
0.001	0.025	0.928	0.046
0.001	0.904	0.001	0.094
0.001	0.068	0.930	0.001
0.001	0.909	0.014	0.076
0.075	0.035	0.889	0.001
0.001	0.922	0.001	0.076
>ATTAATGC	7-ATTAATGC	8.236954	-7.142897	0	T:18.0(5.92%),B:951.0(2.49%),P:1e-3	Tpos:520.7,Tstd:279.5,Bpos:514.8,Bstd:301.9,StrandBias:-0.1,Multiplicity:1.11
0.700	0.100	0.100	0.100
0.100	0.100	0.100	0.700
0.100	0.100	0.100	0.700
0.700	0.100	0.100	0.100
0.700	0.100	0.100	0.100
0.100	0.100	0.100	0.700
0.100	0.100	0.700	0.100
0.100	0.700	0.100	0.100
>AATTGGGR	8-AATTGGGR	7.717111	-6.595723	0	T:83.0(27.30%),B:7621.3(19.99%),P:1e-2	Tpos:492.7,Tstd:278.9,Bpos:511.0,Bstd:329.9,StrandBias:-1.3,Multiplicity:1.28
0.929	0.001	0.001	0.069
0.709	0.128	0.001	0.162
0.001	0.001	0.001	0.997
0.001	0.001	0.001	0.997
0.008	0.054	0.921	0.017
0.001	0.102	0.896	0.001
0.001	0.001	0.997	0.001
0.439	0.001	0.559	0.001
>GTCTGCTA	9-GTCTGCTA	6.450417	-3.653877	0	T:19.0(6.25%),B:1452.7(3.81%),P:1e-1	Tpos:567.5,Tstd:282.3,Bpos:505.6,Bstd:347.2,StrandBias:0.7,Multiplicity:1.89
0.298	0.001	0.700	0.001
0.001	0.001	0.001	0.997
0.001	0.997	0.001	0.001
0.001	0.033	0.001	0.965
0.001	0.001	0.997	0.001
0.001	0.997	0.001	0.001
0.001	0.001	0.001	0.997
0.997	0.001	0.001	0.001
