>GTGTTCCGGT	1-GTGTTCCGGT	10.589079	-22.092772	0	T:11.0(14.67%),B:375.0(0.98%),P:1e-9	Tpos:498.0,Tstd:276.1,Bpos:518.5,Bstd:336.3,StrandBias:1.4,Multiplicity:1.10
0.106	0.001	0.793	0.100
0.001	0.001	0.001	0.997
0.001	0.124	0.874	0.001
0.001	0.001	0.001	0.997
0.001	0.001	0.001	0.997
0.122	0.876	0.001	0.001
0.001	0.901	0.001	0.097
0.088	0.001	0.910	0.001
0.001	0.001	0.908	0.090
0.001	0.124	0.001	0.874
>CTATCCCTGC	2-CTATCCCTGC	11.516278	-21.245023	0	T:6.0(8.00%),B:43.1(0.11%),P:1e-9	Tpos:632.7,Tstd:173.2,Bpos:472.3,Bstd:389.9,StrandBias:2.3,Multiplicity:1.00
0.001	0.997	0.001	0.001
0.001	0.001	0.001	0.997
0.527	0.350	0.001	0.122
0.001	0.001	0.001	0.997
0.001	0.997	0.001	0.001
0.001	0.883	0.001	0.115
0.001	0.788	0.210	0.001
0.001	0.001	0.001	0.997
0.001	0.001	0.997	0.001
0.001	0.997	0.001	0.001
>TAGTCTCTAA	3-TAGTCTCTAA	7.600738	-21.125489	0	T:24.0(32.00%),B:2884.7(7.53%),P:1e-9	Tpos:576.8,Tstd:277.9,Bpos:516.4,Bstd:297.9,StrandBias:1.2,Multiplicity:1.08
0.076	0.074	0.024	0.826
0.869	0.026	0.050	0.055
0.056	0.017	0.842	0.085
0.133	0.054	0.071	0.742
0.111	0.773	0.001	0.115
0.098	0.034	0.050	0.818
0.066	0.791	0.117	0.026
0.058	0.055	0.080	0.807
0.732	0.060	0.044	0.164
0.810	0.055	0.096	0.039
>AAACTGGGCG	4-AAACTGGGCG	8.840186	-18.231209	0	T:21.0(28.00%),B:2543.8(6.64%),P:1e-7	Tpos:451.5,Tstd:309.5,Bpos:543.8,Bstd:339.1,StrandBias:0.4,Multiplicity:1.24
0.875	0.123	0.001	0.001
0.997	0.001	0.001	0.001
0.846	0.152	0.001	0.001
0.188	0.677	0.134	0.001
0.001	0.001	0.001	0.997
0.001	0.001	0.997	0.001
0.087	0.090	0.822	0.001
0.001	0.001	0.997	0.001
0.001	0.842	0.082	0.075
0.001	0.001	0.997	0.001
>AATTAAWCGW	5-AATTAAWCGW	11.114683	-17.264345	0	T:16.0(21.33%),B:1504.9(3.93%),P:1e-7	Tpos:607.8,Tstd:300.4,Bpos:514.0,Bstd:341.4,StrandBias:0.9,Multiplicity:1.13
0.997	0.001	0.001	0.001
0.997	0.001	0.001	0.001
0.001	0.001	0.001	0.997
0.001	0.001	0.001	0.997
0.585	0.001	0.001	0.413
0.997	0.001	0.001	0.001
0.463	0.001	0.001	0.535
0.001	0.997	0.001	0.001
0.332	0.001	0.666	0.001
0.486	0.001	0.001	0.512
>TTTCAATCGA	6-TTTCAATCGA	9.840396	-16.596351	0	T:21.0(28.00%),B:2798.4(7.30%),P:1e-7	Tpos:496.5,Tstd:261.9,Bpos:523.0,Bstd:319.2,StrandBias:-0.3,Multiplicity:1.10
0.001	0.001	0.001	0.997
0.001	0.001	0.001	0.997
0.001	0.001	0.001	0.997
0.283	0.715	0.001	0.001
0.997	0.001	0.001	0.001
0.867	0.001	0.001	0.131
0.160	0.001	0.173	0.666
0.001	0.947	0.001	0.051
0.001	0.143	0.855	0.001
0.819	0.001	0.001	0.179
>CATATGATGT	7-CATATGATGT	8.902285	-16.215030	0	T:14.0(18.67%),B:1205.6(3.15%),P:1e-7	Tpos:513.8,Tstd:308.5,Bpos:500.2,Bstd:290.4,StrandBias:0.0,Multiplicity:1.29
0.050	0.948	0.001	0.001
0.969	0.001	0.029	0.001
0.001	0.108	0.001	0.890
0.824	0.105	0.001	0.070
0.128	0.001	0.001	0.870
0.088	0.111	0.800	0.001
0.904	0.001	0.001	0.094
0.079	0.001	0.001	0.919
0.001	0.001	0.884	0.114
0.001	0.001	0.001	0.997
>CCGTTTAGCA	8-CCGTTTAGCA	9.894171	-14.753268	0	T:9.0(12.00%),B:467.4(1.22%),P:1e-6	Tpos:463.8,Tstd:271.7,Bpos:483.4,Bstd:305.1,StrandBias:0.7,Multiplicity:1.44
0.001	0.982	0.001	0.016
0.269	0.513	0.001	0.217
0.190	0.001	0.808	0.001
0.001	0.269	0.030	0.700
0.001	0.001	0.001	0.997
0.001	0.349	0.001	0.649
0.748	0.250	0.001	0.001
0.001	0.001	0.997	0.001
0.231	0.767	0.001	0.001
0.997	0.001	0.001	0.001
>CATCATCGTA	9-CATCATCGTA	7.630273	-12.672011	0	T:26.0(34.67%),B:5194.9(13.56%),P:1e-5	Tpos:489.3,Tstd:306.2,Bpos:509.3,Bstd:311.3,StrandBias:0.5,Multiplicity:1.28
0.098	0.711	0.072	0.119
0.831	0.001	0.044	0.124
0.140	0.082	0.001	0.777
0.024	0.755	0.044	0.177
0.875	0.001	0.123	0.001
0.031	0.001	0.001	0.967
0.196	0.670	0.031	0.103
0.098	0.001	0.790	0.111
0.029	0.073	0.031	0.867
0.768	0.111	0.040	0.081
>AAAGCTTCTT	10-AAAGCTTCTT	9.917051	-12.480422	0	T:11.0(14.67%),B:989.5(2.58%),P:1e-5	Tpos:601.9,Tstd:313.5,Bpos:513.8,Bstd:297.2,StrandBias:2.2,Multiplicity:1.00
0.539	0.067	0.305	0.089
0.936	0.027	0.004	0.033
0.457	0.001	0.239	0.302
0.001	0.069	0.866	0.064
0.397	0.554	0.002	0.047
0.073	0.031	0.032	0.864
0.001	0.092	0.078	0.829
0.257	0.715	0.001	0.027
0.107	0.049	0.064	0.780
0.001	0.037	0.038	0.924
>TCGBATYTTY	11-TCGBATYTTY	7.220356	-10.205747	0	T:10.0(13.33%),B:1039.2(2.71%),P:1e-4	Tpos:518.0,Tstd:297.9,Bpos:509.7,Bstd:347.9,StrandBias:1.4,Multiplicity:1.10
0.112	0.119	0.001	0.768
0.196	0.472	0.151	0.181
0.220	0.058	0.448	0.274
0.172	0.269	0.339	0.220
0.527	0.089	0.088	0.296
0.138	0.001	0.173	0.688
0.161	0.415	0.093	0.331
0.003	0.132	0.116	0.749
0.003	0.180	0.002	0.815
0.101	0.459	0.125	0.315
>TTTTTAGTAG	12-TTTTTAGTAG	11.355457	-10.097456	0	T:6.0(8.00%),B:316.6(0.83%),P:1e-4	Tpos:559.0,Tstd:271.0,Bpos:447.5,Bstd:283.7,StrandBias:0.0,Multiplicity:1.33
0.001	0.001	0.086	0.912
0.109	0.151	0.001	0.739
0.001	0.001	0.001	0.997
0.001	0.076	0.086	0.837
0.001	0.001	0.001	0.997
0.997	0.001	0.001	0.001
0.001	0.001	0.997	0.001
0.001	0.001	0.001	0.997
0.997	0.001	0.001	0.001
0.001	0.001	0.997	0.001
>TCTAAAATTC	13-TCTAAAATTC	10.314113	-9.529565	0	T:21.0(28.00%),B:4376.5(11.42%),P:1e-4	Tpos:490.1,Tstd:292.3,Bpos:502.7,Bstd:320.7,StrandBias:0.4,Multiplicity:1.33
0.001	0.145	0.001	0.853
0.001	0.677	0.001	0.321
0.132	0.009	0.001	0.858
0.983	0.001	0.015	0.001
0.732	0.235	0.032	0.001
0.959	0.001	0.039	0.001
0.997	0.001	0.001	0.001
0.001	0.179	0.001	0.819
0.001	0.001	0.001	0.997
0.001	0.997	0.001	0.001
>GGTATTTTCT	14-GGTATTTTCT	11.328067	-9.058095	0	T:6.0(8.00%),B:383.4(1.00%),P:1e-3	Tpos:537.6,Tstd:270.5,Bpos:487.2,Bstd:300.5,StrandBias:1.4,Multiplicity:1.83
0.001	0.001	0.997	0.001
0.001	0.001	0.997	0.001
0.001	0.001	0.001	0.997
0.997	0.001	0.001	0.001
0.001	0.100	0.001	0.898
0.001	0.001	0.001	0.997
0.001	0.001	0.001	0.997
0.001	0.001	0.001	0.997
0.001	0.812	0.186	0.001
0.001	0.001	0.001	0.997
>ACAAAGATTT	15-ACAAAGATTT	11.041874	-8.960791	0	T:9.0(12.00%),B:976.8(2.55%),P:1e-3	Tpos:572.8,Tstd:234.9,Bpos:496.1,Bstd:278.3,StrandBias:0.0,Multiplicity:1.33
0.754	0.001	0.244	0.001
0.001	0.822	0.001	0.176
0.708	0.290	0.001	0.001
0.997	0.001	0.001	0.001
0.896	0.001	0.102	0.001
0.001	0.001	0.997	0.001
0.718	0.280	0.001	0.001
0.001	0.001	0.001	0.997
0.001	0.001	0.001	0.997
0.001	0.001	0.001	0.997
>TTTCTTTTRT	16-TTTCTTTTRT	8.837676	-8.708399	0	T:16.0(21.33%),B:2951.1(7.70%),P:1e-3	Tpos:535.9,Tstd:232.6,Bpos:537.3,Bstd:313.8,StrandBias:-0.2,Multiplicity:1.62
0.085	0.072	0.077	0.766
0.235	0.015	0.172	0.578
0.014	0.012	0.291	0.683
0.048	0.850	0.055	0.047
0.071	0.224	0.083	0.622
0.032	0.058	0.091	0.819
0.037	0.059	0.287	0.617
0.034	0.255	0.209	0.502
0.507	0.046	0.430	0.017
0.325	0.045	0.001	0.629
>TATGCTAGCT	17-TATGCTAGCT	11.936245	-7.854919	0	T:3.0(4.00%),B:69.3(0.18%),P:1e-3	Tpos:391.5,Tstd:226.8,Bpos:446.9,Bstd:286.8,StrandBias:-1.0,Multiplicity:2.00
0.001	0.001	0.191	0.807
0.997	0.001	0.001	0.001
0.001	0.001	0.001	0.997
0.001	0.217	0.781	0.001
0.001	0.997	0.001	0.001
0.001	0.001	0.001	0.997
0.997	0.001	0.001	0.001
0.001	0.001	0.997	0.001
0.001	0.997	0.001	0.001
0.001	0.001	0.001	0.997
>ACACACACAC	18-ACACACACAC	10.123325	-7.501202	0	T:10.0(13.33%),B:1455.9(3.80%),P:1e-3	Tpos:684.9,Tstd:170.4,Bpos:544.3,Bstd:356.0,StrandBias:1.4,Multiplicity:1.40
0.885	0.028	0.020	0.067
0.023	0.876	0.034	0.067
0.774	0.001	0.045	0.180
0.035	0.942	0.001	0.022
0.846	0.001	0.054	0.099
0.029	0.969	0.001	0.001
0.962	0.001	0.001	0.036
0.001	0.997	0.001	0.001
0.963	0.001	0.001	0.035
0.001	0.955	0.027	0.017
>ACCAAAAGCT	19-ACCAAAAGCT	10.296193	-3.378049	0	T:2.0(2.67%),B:146.5(0.38%),P:1e-1	Tpos:437.0,Tstd:214.6,Bpos:503.8,Bstd:332.8,StrandBias:-10.0,Multiplicity:3.50
0.700	0.100	0.100	0.100
0.100	0.700	0.100	0.100
0.100	0.700	0.100	0.100
0.700	0.100	0.100	0.100
0.700	0.100	0.100	0.100
0.700	0.100	0.100	0.100
0.700	0.100	0.100	0.100
0.100	0.100	0.700	0.100
0.100	0.700	0.100	0.100
0.100	0.100	0.100	0.700
