>TGTTCCGG	1-TGTTCCGG	7.757248	-11.879823	0	T:19.0(25.33%),B:3124.4(8.16%),P:1e-5	Tpos:473.6,Tstd:223.9,Bpos:489.7,Bstd:327.3,StrandBias:1.5,Multiplicity:1.21
0.001	0.073	0.001	0.925
0.127	0.178	0.694	0.001
0.001	0.001	0.001	0.997
0.064	0.001	0.001	0.934
0.001	0.997	0.001	0.001
0.001	0.879	0.001	0.119
0.001	0.001	0.997	0.001
0.001	0.001	0.997	0.001
>TYCCTCAC	2-TYCCTCAC	8.307694	-9.346856	0	T:22.0(29.33%),B:4783.9(12.49%),P:1e-4	Tpos:621.3,Tstd:239.6,Bpos:524.1,Bstd:325.7,StrandBias:0.6,Multiplicity:1.27
0.001	0.001	0.001	0.997
0.001	0.502	0.001	0.496
0.001	0.997	0.001	0.001
0.001	0.997	0.001	0.001
0.001	0.001	0.001	0.997
0.161	0.680	0.158	0.001
0.814	0.001	0.001	0.184
0.001	0.997	0.001	0.001
>NTTTATCN	3-NTTTATCN	5.236936	-7.691386	0	T:15.0(20.00%),B:2903.6(7.58%),P:1e-3	Tpos:612.5,Tstd:300.8,Bpos:520.4,Bstd:330.7,StrandBias:0.0,Multiplicity:1.20
0.270	0.220	0.317	0.193
0.183	0.160	0.140	0.517
0.116	0.177	0.117	0.590
0.171	0.188	0.117	0.524
0.559	0.161	0.152	0.128
0.106	0.151	0.194	0.549
0.088	0.673	0.149	0.090
0.240	0.244	0.322	0.195
>GTGTGTGT	4-GTGTGTGT	8.081698	-6.918063	0	T:18.0(24.00%),B:4177.7(10.91%),P:1e-3	Tpos:667.0,Tstd:156.7,Bpos:534.1,Bstd:344.8,StrandBias:-0.5,Multiplicity:1.61
0.001	0.073	0.914	0.012
0.001	0.001	0.001	0.997
0.001	0.001	0.996	0.002
0.237	0.124	0.118	0.521
0.001	0.001	0.881	0.117
0.185	0.001	0.001	0.813
0.216	0.001	0.782	0.001
0.080	0.133	0.004	0.783
>TTTAGTAG	5-TTTAGTAG	8.236954	-6.048985	0	T:8.0(10.67%),B:1192.7(3.11%),P:1e-2	Tpos:517.0,Tstd:273.8,Bpos:495.2,Bstd:288.8,StrandBias:0.6,Multiplicity:1.25
0.100	0.100	0.100	0.700
0.100	0.100	0.100	0.700
0.100	0.100	0.100	0.700
0.700	0.100	0.100	0.100
0.100	0.100	0.700	0.100
0.100	0.100	0.100	0.700
0.700	0.100	0.100	0.100
0.100	0.100	0.700	0.100
