>TAATAAAAACGG	3-CCGTTTTTATTA	10.839481	-24.719005	0	T:21.0(21.43%),B:1373.7(3.42%),P:1e-10
0.097	0.153	0.020	0.730
0.878	0.001	0.083	0.038
0.925	0.001	0.001	0.073
0.154	0.046	0.036	0.764
0.897	0.001	0.058	0.044
0.864	0.070	0.065	0.001
0.955	0.043	0.001	0.001
0.945	0.001	0.053	0.001
0.824	0.115	0.001	0.060
0.001	0.777	0.036	0.186
0.056	0.043	0.851	0.050
0.103	0.067	0.602	0.228
