>CCGTTTTTATTA	3-CCGTTTTTATTA,BestGuess:pal-1/MA0924.1/Jaspar(0.691)	10.839481	-24.719005	0	T:21.0(21.43%),B:1373.7(3.42%),P:1e-10
0.228	0.602	0.067	0.103
0.050	0.851	0.043	0.056
0.186	0.036	0.777	0.001
0.060	0.001	0.115	0.824
0.001	0.053	0.001	0.945
0.001	0.001	0.043	0.955
0.001	0.065	0.070	0.864
0.044	0.058	0.001	0.897
0.764	0.036	0.046	0.154
0.073	0.001	0.001	0.925
0.038	0.083	0.001	0.878
0.730	0.020	0.153	0.097
