>GTACATAMAAWR	1-GTACATAMAAWR	11.592762	-26.942015	0	T:16.0(15.09%),B:572.5(1.36%),P:1e-11	Tpos:448.8,Tstd:307.3,Bpos:523.2,Bstd:306.4,StrandBias:0.0,Multiplicity:1.00
0.001	0.175	0.703	0.121
0.001	0.001	0.082	0.916
0.997	0.001	0.001	0.001
0.224	0.774	0.001	0.001
0.997	0.001	0.001	0.001
0.001	0.001	0.001	0.997
0.859	0.001	0.001	0.139
0.487	0.511	0.001	0.001
0.688	0.001	0.001	0.310
0.889	0.109	0.001	0.001
0.482	0.001	0.001	0.516
0.379	0.159	0.461	0.001
>ATAGCTGAAKTA	2-ATAGCTGAAKTA	11.180468	-24.099704	0	T:8.0(7.55%),B:73.5(0.18%),P:1e-10	Tpos:384.2,Tstd:190.8,Bpos:513.2,Bstd:277.2,StrandBias:0.7,Multiplicity:1.00
0.896	0.001	0.001	0.102
0.134	0.002	0.111	0.753
0.708	0.221	0.001	0.070
0.131	0.060	0.658	0.151
0.105	0.745	0.149	0.001
0.071	0.189	0.144	0.596
0.080	0.273	0.646	0.001
0.928	0.001	0.001	0.070
0.836	0.080	0.002	0.082
0.042	0.104	0.376	0.478
0.111	0.002	0.002	0.885
0.664	0.121	0.117	0.098
>MTACACTACACT	3-MTACACTACACT	12.198286	-22.800426	0	T:7.0(6.60%),B:50.2(0.12%),P:1e-9	Tpos:463.7,Tstd:352.9,Bpos:480.9,Bstd:333.1,StrandBias:1.8,Multiplicity:1.29
0.467	0.531	0.001	0.001
0.151	0.001	0.001	0.847
0.813	0.001	0.185	0.001
0.001	0.997	0.001	0.001
0.835	0.163	0.001	0.001
0.001	0.833	0.165	0.001
0.001	0.001	0.001	0.997
0.847	0.151	0.001	0.001
0.001	0.997	0.001	0.001
0.835	0.163	0.001	0.001
0.001	0.997	0.001	0.001
0.001	0.001	0.336	0.662
>ATCCACTTTTAG	4-ATCCACTTTTAG	13.860219	-22.800426	0	T:7.0(6.60%),B:50.9(0.12%),P:1e-9	Tpos:407.4,Tstd:338.4,Bpos:585.6,Bstd:337.7,StrandBias:1.3,Multiplicity:1.00
0.997	0.001	0.001	0.001
0.001	0.001	0.001	0.997
0.001	0.861	0.137	0.001
0.001	0.819	0.179	0.001
0.997	0.001	0.001	0.001
0.144	0.675	0.180	0.001
0.155	0.001	0.001	0.843
0.001	0.001	0.001	0.997
0.001	0.001	0.001	0.997
0.001	0.001	0.001	0.997
0.997	0.001	0.001	0.001
0.001	0.001	0.997	0.001
>GATGATCTATAT	5-GATGATCTATAT	13.658055	-21.627080	0	T:6.0(5.66%),B:30.3(0.07%),P:1e-9	Tpos:273.8,Tstd:329.2,Bpos:562.7,Bstd:213.4,StrandBias:1.0,Multiplicity:1.00
0.001	0.001	0.997	0.001
0.997	0.001	0.001	0.001
0.001	0.001	0.001	0.997
0.001	0.001	0.997	0.001
0.997	0.001	0.001	0.001
0.001	0.001	0.182	0.816
0.001	0.885	0.001	0.113
0.001	0.001	0.001	0.997
0.997	0.001	0.001	0.001
0.182	0.001	0.001	0.816
0.847	0.001	0.151	0.001
0.001	0.001	0.182	0.816
>AGATATCAAAGC	6-AGATATCAAAGC	13.700396	-20.500331	0	T:6.0(5.66%),B:37.7(0.09%),P:1e-8	Tpos:480.4,Tstd:202.5,Bpos:438.5,Bstd:344.3,StrandBias:-0.4,Multiplicity:1.17
0.997	0.001	0.001	0.001
0.001	0.001	0.997	0.001
0.844	0.154	0.001	0.001
0.133	0.001	0.146	0.720
0.997	0.001	0.001	0.001
0.001	0.001	0.154	0.844
0.001	0.860	0.138	0.001
0.997	0.001	0.001	0.001
0.997	0.001	0.001	0.001
0.997	0.001	0.001	0.001
0.001	0.001	0.997	0.001
0.001	0.875	0.001	0.123
>TGCTTAATGTAY	7-TGCTTAATGTAY	8.152985	-19.747929	0	T:8.0(7.55%),B:131.8(0.31%),P:1e-8	Tpos:611.7,Tstd:160.6,Bpos:548.5,Bstd:283.8,StrandBias:0.3,Multiplicity:1.12
0.001	0.001	0.001	0.997
0.338	0.001	0.660	0.001
0.001	0.586	0.001	0.412
0.001	0.001	0.001	0.997
0.001	0.001	0.001	0.997
0.579	0.001	0.419	0.001
0.997	0.001	0.001	0.001
0.001	0.001	0.001	0.997
0.001	0.001	0.997	0.001
0.001	0.001	0.001	0.997
0.997	0.001	0.001	0.001
0.001	0.555	0.001	0.443
>MTMAAGAATAAA	8-MTMAAGAATAAA	11.450815	-19.633057	0	T:13.0(12.26%),B:570.3(1.36%),P:1e-8	Tpos:420.3,Tstd:261.0,Bpos:506.7,Bstd:319.9,StrandBias:-1.2,Multiplicity:1.00
0.484	0.514	0.001	0.001
0.001	0.001	0.001	0.997
0.373	0.440	0.186	0.001
0.865	0.001	0.001	0.133
0.696	0.001	0.302	0.001
0.020	0.113	0.866	0.001
0.997	0.001	0.001	0.001
0.822	0.001	0.176	0.001
0.041	0.124	0.001	0.834
0.712	0.286	0.001	0.001
0.896	0.102	0.001	0.001
0.867	0.131	0.001	0.001
>AATGATTTCATT	9-AATGATTTCATT	13.180298	-18.989304	0	T:9.0(8.49%),B:213.9(0.51%),P:1e-8	Tpos:681.9,Tstd:254.0,Bpos:514.7,Bstd:300.6,StrandBias:0.6,Multiplicity:1.11
0.898	0.001	0.001	0.100
0.997	0.001	0.001	0.001
0.001	0.001	0.001	0.997
0.048	0.001	0.903	0.048
0.997	0.001	0.001	0.001
0.001	0.001	0.001	0.997
0.001	0.135	0.207	0.657
0.001	0.001	0.001	0.997
0.001	0.938	0.001	0.060
0.997	0.001	0.001	0.001
0.091	0.142	0.001	0.766
0.084	0.001	0.001	0.914
>TCGGGTAGTAAT	10-TCGGGTAGTAAT	14.528873	-16.596235	0	T:3.0(2.83%),B:1.2(0.00%),P:1e-7	Tpos:432.0,Tstd:307.9,Bpos:666.0,Bstd:0.0,StrandBias:0.0,Multiplicity:1.33
0.001	0.001	0.001	0.997
0.001	0.997	0.001	0.001
0.001	0.001	0.997	0.001
0.001	0.001	0.997	0.001
0.001	0.001	0.997	0.001
0.001	0.001	0.001	0.997
0.771	0.001	0.001	0.227
0.001	0.001	0.997	0.001
0.001	0.001	0.001	0.997
0.742	0.001	0.001	0.256
0.742	0.001	0.256	0.001
0.001	0.001	0.001	0.997
>AATGCGCTCATT	11-AATGCGCTCATT	11.152129	-15.427549	0	T:10.0(9.43%),B:434.7(1.04%),P:1e-6	Tpos:452.8,Tstd:235.0,Bpos:486.5,Bstd:308.0,StrandBias:-1.0,Multiplicity:1.20
0.997	0.001	0.001	0.001
0.829	0.001	0.169	0.001
0.001	0.001	0.001	0.997
0.001	0.001	0.880	0.118
0.001	0.997	0.001	0.001
0.164	0.001	0.606	0.229
0.001	0.584	0.414	0.001
0.001	0.109	0.001	0.889
0.352	0.646	0.001	0.001
0.997	0.001	0.001	0.001
0.164	0.221	0.001	0.614
0.001	0.001	0.001	0.997
>ACCTTCAGGCAT	12-ACCTTCAGGCAT	14.175130	-12.603593	0	T:3.0(2.83%),B:9.9(0.02%),P:1e-5	Tpos:445.7,Tstd:202.0,Bpos:422.8,Bstd:290.9,StrandBias:2.3,Multiplicity:2.00
0.815	0.001	0.183	0.001
0.001	0.997	0.001	0.001
0.001	0.997	0.001	0.001
0.001	0.001	0.225	0.773
0.001	0.001	0.001	0.997
0.001	0.997	0.001	0.001
0.997	0.001	0.001	0.001
0.001	0.001	0.997	0.001
0.001	0.001	0.997	0.001
0.001	0.773	0.001	0.225
0.800	0.198	0.001	0.001
0.001	0.001	0.001	0.997
>TCTTGCCTAAGT	13-TCTTGCCTAAGT	14.056602	-11.816873	0	T:4.0(3.77%),B:45.0(0.11%),P:1e-5	Tpos:386.3,Tstd:155.3,Bpos:470.1,Bstd:242.5,StrandBias:-0.4,Multiplicity:1.75
0.001	0.001	0.001	0.997
0.001	0.997	0.001	0.001
0.001	0.001	0.001	0.997
0.001	0.001	0.001	0.997
0.001	0.001	0.997	0.001
0.001	0.997	0.001	0.001
0.001	0.997	0.001	0.001
0.001	0.389	0.001	0.609
0.821	0.001	0.177	0.001
0.997	0.001	0.001	0.001
0.121	0.155	0.723	0.001
0.001	0.001	0.001	0.997
>TTTGGCAAAAAT	14-TTTGGCAAAAAT	12.701154	-11.387322	0	T:12.0(11.32%),B:1016.0(2.42%),P:1e-4	Tpos:320.3,Tstd:165.9,Bpos:489.3,Bstd:284.0,StrandBias:-0.3,Multiplicity:1.25
0.001	0.001	0.001	0.997
0.001	0.001	0.001	0.997
0.103	0.001	0.001	0.895
0.064	0.063	0.872	0.001
0.049	0.143	0.764	0.044
0.001	0.997	0.001	0.001
0.908	0.001	0.001	0.090
0.997	0.001	0.001	0.001
0.997	0.001	0.001	0.001
0.997	0.001	0.001	0.001
0.712	0.142	0.089	0.057
0.101	0.001	0.001	0.897
>ATTCAATATAAT	15-ATTCAATATAAT	13.899699	-11.307852	0	T:6.0(5.66%),B:194.1(0.46%),P:1e-4	Tpos:566.5,Tstd:339.2,Bpos:481.1,Bstd:282.6,StrandBias:-0.7,Multiplicity:1.33
0.997	0.001	0.001	0.001
0.116	0.001	0.001	0.882
0.001	0.001	0.001	0.997
0.001	0.891	0.107	0.001
0.997	0.001	0.001	0.001
0.997	0.001	0.001	0.001
0.001	0.001	0.001	0.997
0.997	0.001	0.001	0.001
0.001	0.127	0.001	0.871
0.808	0.001	0.190	0.001
0.997	0.001	0.001	0.001
0.001	0.001	0.001	0.997
>TGTGTCAGTTGT	16-TGTGTCAGTTGT	10.683891	-10.930226	0	T:8.0(7.55%),B:437.4(1.04%),P:1e-4	Tpos:514.4,Tstd:326.1,Bpos:475.4,Bstd:331.1,StrandBias:0.0,Multiplicity:1.25
0.239	0.130	0.001	0.630
0.141	0.112	0.746	0.001
0.001	0.001	0.001	0.997
0.117	0.089	0.793	0.001
0.129	0.001	0.001	0.869
0.129	0.869	0.001	0.001
0.780	0.001	0.130	0.089
0.001	0.234	0.764	0.001
0.001	0.001	0.001	0.997
0.001	0.001	0.001	0.997
0.141	0.130	0.728	0.001
0.001	0.001	0.129	0.869
>ATTCHTAGTTAG	17-ATTCHTAGTTAG	12.527811	-10.686096	0	T:4.0(3.77%),B:61.0(0.15%),P:1e-4	Tpos:773.2,Tstd:153.7,Bpos:497.4,Bstd:304.8,StrandBias:2.3,Multiplicity:1.50
0.637	0.181	0.181	0.001
0.001	0.001	0.001	0.997
0.001	0.001	0.001	0.997
0.001	0.862	0.001	0.136
0.302	0.354	0.001	0.343
0.008	0.001	0.001	0.990
0.818	0.001	0.001	0.180
0.342	0.001	0.656	0.001
0.136	0.001	0.001	0.862
0.001	0.001	0.001	0.997
0.997	0.001	0.001	0.001
0.121	0.001	0.877	0.001
>TTGGGAGATTTA	18-TTGGGAGATTTA	9.815869	-9.614780	0	T:17.0(16.04%),B:2299.2(5.48%),P:1e-4	Tpos:440.1,Tstd:278.7,Bpos:495.5,Bstd:294.0,StrandBias:0.8,Multiplicity:1.29
0.116	0.001	0.001	0.882
0.001	0.001	0.085	0.913
0.167	0.001	0.716	0.116
0.145	0.086	0.768	0.001
0.041	0.153	0.805	0.001
0.938	0.060	0.001	0.001
0.163	0.001	0.835	0.001
0.801	0.001	0.001	0.197
0.068	0.001	0.001	0.930
0.001	0.103	0.066	0.830
0.050	0.001	0.117	0.832
0.781	0.052	0.114	0.053
>ATGTGACTTCAC	19-ATGTGACTTCAC	14.605504	-8.850275	0	T:3.0(2.83%),B:37.6(0.09%),P:1e-3	Tpos:425.5,Tstd:161.6,Bpos:531.4,Bstd:239.7,StrandBias:1.6,Multiplicity:1.33
0.951	0.001	0.047	0.001
0.095	0.001	0.006	0.898
0.001	0.001	0.997	0.001
0.001	0.001	0.001	0.997
0.001	0.001	0.997	0.001
0.997	0.001	0.001	0.001
0.001	0.997	0.001	0.001
0.001	0.001	0.158	0.840
0.001	0.001	0.001	0.997
0.001	0.997	0.001	0.001
0.997	0.001	0.001	0.001
0.001	0.997	0.001	0.001
>GCAGTCAGGTTA	20-GCAGTCAGGTTA	16.524520	-5.984079	0	T:1.0(0.94%),B:0.0(0.00%),P:1e-2	Tpos:513.5,Tstd:58.7,Bpos:0.0,Bstd:0.0,StrandBias:10.0,Multiplicity:12.00
0.001	0.001	0.997	0.001
0.001	0.997	0.001	0.001
0.997	0.001	0.001	0.001
0.001	0.001	0.997	0.001
0.001	0.001	0.001	0.997
0.001	0.997	0.001	0.001
0.997	0.001	0.001	0.001
0.001	0.001	0.925	0.073
0.001	0.001	0.997	0.001
0.001	0.001	0.001	0.997
0.001	0.001	0.001	0.997
0.997	0.001	0.001	0.001
>GTGACATCAGAC	21-GTGACATCAGAC	15.994223	-5.984079	0	T:1.0(0.94%),B:0.0(0.00%),P:1e-2	Tpos:939.0,Tstd:0.0,Bpos:0.0,Bstd:0.0,StrandBias:10.0,Multiplicity:1.00
0.001	0.001	0.997	0.001
0.001	0.001	0.001	0.997
0.001	0.001	0.997	0.001
0.997	0.001	0.001	0.001
0.001	0.997	0.001	0.001
0.856	0.001	0.142	0.001
0.001	0.001	0.001	0.997
0.001	0.997	0.001	0.001
0.997	0.001	0.001	0.001
0.001	0.142	0.856	0.001
0.858	0.001	0.001	0.140
0.001	0.858	0.001	0.140
>ACCAAGTGTGAC	22-ACCAAGTGTGAC	16.479184	-5.292180	0	T:1.0(0.94%),B:1.9(0.00%),P:1e-2	Tpos:348.1,Tstd:106.9,Bpos:697.5,Bstd:199.2,StrandBias:10.0,Multiplicity:9.00
0.997	0.001	0.001	0.001
0.001	0.997	0.001	0.001
0.001	0.997	0.001	0.001
0.884	0.001	0.114	0.001
0.997	0.001	0.001	0.001
0.001	0.001	0.997	0.001
0.001	0.001	0.001	0.997
0.001	0.001	0.997	0.001
0.001	0.001	0.001	0.997
0.001	0.001	0.997	0.001
0.997	0.001	0.001	0.001
0.001	0.997	0.001	0.001
>GTCACTTTTTTT	23-GTCACTTTTTTT	16.392995	-1.888566	0	T:1.0(0.94%),B:64.8(0.15%),P:1e0	Tpos:340.8,Tstd:141.3,Bpos:556.5,Bstd:333.6,StrandBias:10.0,Multiplicity:8.00
0.001	0.001	0.997	0.001
0.001	0.001	0.001	0.997
0.001	0.997	0.001	0.001
0.997	0.001	0.001	0.001
0.001	0.997	0.001	0.001
0.001	0.001	0.001	0.997
0.001	0.001	0.001	0.997
0.001	0.001	0.001	0.997
0.001	0.001	0.001	0.997
0.001	0.001	0.001	0.997
0.001	0.001	0.001	0.997
0.091	0.001	0.097	0.811
