>ATCGGATGTGTT	8-AACACATCCGAT	8.596384	-12.033714	0	T:10.0(30.30%),B:2050.8(5.37%),P:1e-5
0.890	0.047	0.047	0.016
0.092	0.050	0.103	0.755
0.001	0.664	0.224	0.111
0.144	0.001	0.648	0.207
0.158	0.081	0.760	0.001
0.744	0.106	0.001	0.149
0.115	0.001	0.250	0.634
0.027	0.047	0.803	0.123
0.132	0.001	0.103	0.764
0.132	0.001	0.752	0.115
0.103	0.001	0.047	0.849
0.056	0.151	0.050	0.743
