>CCAAGTATACMA	4-CCAAGTATACMA,BestGuess:SD0003.1_at_AC_acceptor/Jaspar(0.542)	12.601310	-20.931672	0	T:4.0(8.16%),B:7.6(0.02%),P:1e-9
0.202	0.686	0.003	0.109
0.147	0.772	0.080	0.001
0.809	0.001	0.115	0.075
0.812	0.071	0.071	0.046
0.023	0.001	0.776	0.200
0.032	0.030	0.035	0.903
0.674	0.037	0.083	0.206
0.035	0.032	0.034	0.899
0.726	0.036	0.105	0.133
0.115	0.673	0.079	0.133
0.293	0.438	0.077	0.192
0.837	0.039	0.042	0.082
