>ATGTAGGTGWTT	1-ATGTAGGTGWTT	11.614018	-27.097052	0	T:14.0(10.53%),B:284.7(0.72%),P:1e-11	Tpos:430.6,Tstd:235.8,Bpos:499.7,Bstd:305.5,StrandBias:0.0,Multiplicity:1.00
0.997	0.001	0.001	0.001
0.170	0.001	0.001	0.828
0.001	0.001	0.997	0.001
0.001	0.202	0.001	0.796
0.997	0.001	0.001	0.001
0.001	0.305	0.693	0.001
0.201	0.163	0.635	0.001
0.001	0.001	0.001	0.997
0.178	0.001	0.577	0.244
0.508	0.001	0.001	0.490
0.156	0.257	0.001	0.586
0.001	0.001	0.001	0.997
>TGCTGATAAGAA	2-TGCTGATAAGAA	9.319764	-26.646091	0	T:41.0(30.83%),B:3673.5(9.24%),P:1e-11	Tpos:648.8,Tstd:292.6,Bpos:520.5,Bstd:316.4,StrandBias:-0.4,Multiplicity:1.12
0.071	0.267	0.001	0.661
0.169	0.001	0.661	0.169
0.183	0.494	0.176	0.147
0.001	0.001	0.001	0.997
0.001	0.001	0.997	0.001
0.997	0.001	0.001	0.001
0.068	0.168	0.001	0.763
0.775	0.101	0.123	0.001
0.828	0.008	0.001	0.163
0.001	0.001	0.997	0.001
0.893	0.001	0.001	0.105
0.701	0.001	0.096	0.202
>TAGAAAACTATC	3-TAGAAAACTATC	13.285800	-26.187057	0	T:10.0(7.52%),B:100.5(0.25%),P:1e-11	Tpos:625.0,Tstd:243.0,Bpos:428.8,Bstd:317.4,StrandBias:0.6,Multiplicity:1.00
0.001	0.122	0.001	0.876
0.938	0.001	0.001	0.060
0.001	0.001	0.891	0.107
0.997	0.001	0.001	0.001
0.883	0.001	0.115	0.001
0.856	0.001	0.001	0.142
0.997	0.001	0.001	0.001
0.001	0.913	0.001	0.085
0.001	0.001	0.001	0.997
0.862	0.136	0.001	0.001
0.122	0.001	0.001	0.876
0.001	0.997	0.001	0.001
>TACAGTTTCGCC	4-TACAGTTTCGCC	10.190787	-25.488485	0	T:12.0(9.02%),B:201.3(0.51%),P:1e-11	Tpos:499.5,Tstd:283.1,Bpos:562.9,Bstd:321.4,StrandBias:0.0,Multiplicity:1.00
0.001	0.177	0.001	0.821
0.890	0.001	0.001	0.108
0.001	0.997	0.001	0.001
0.823	0.175	0.001	0.001
0.001	0.154	0.844	0.001
0.176	0.001	0.176	0.647
0.016	0.002	0.001	0.981
0.011	0.176	0.001	0.812
0.176	0.795	0.001	0.028
0.008	0.176	0.815	0.001
0.001	0.727	0.109	0.163
0.030	0.793	0.001	0.176
>CTCTTTTATAGC	5-CTCTTTTATAGC	14.272630	-25.377009	0	T:6.0(4.51%),B:10.2(0.03%),P:1e-11	Tpos:709.7,Tstd:263.7,Bpos:639.1,Bstd:352.8,StrandBias:0.0,Multiplicity:1.00
0.001	0.997	0.001	0.001
0.001	0.221	0.001	0.777
0.152	0.846	0.001	0.001
0.001	0.001	0.001	0.997
0.001	0.001	0.001	0.997
0.001	0.001	0.001	0.997
0.179	0.001	0.001	0.819
0.997	0.001	0.001	0.001
0.001	0.001	0.001	0.997
0.997	0.001	0.001	0.001
0.001	0.001	0.997	0.001
0.001	0.997	0.001	0.001
>TAAAAACTATAT	6-TAAAAACTATAT	11.272125	-23.556622	0	T:20.0(15.04%),B:928.3(2.33%),P:1e-10	Tpos:505.4,Tstd:266.0,Bpos:514.3,Bstd:292.8,StrandBias:1.2,Multiplicity:1.00
0.001	0.076	0.001	0.922
0.933	0.001	0.001	0.065
0.997	0.001	0.001	0.001
0.997	0.001	0.001	0.001
0.854	0.001	0.144	0.001
0.997	0.001	0.001	0.001
0.001	0.968	0.001	0.030
0.001	0.076	0.001	0.922
0.734	0.104	0.066	0.096
0.046	0.070	0.001	0.883
0.961	0.001	0.001	0.037
0.045	0.001	0.088	0.866
>TCAATTTTATGG	7-TCAATTTTATGG	13.369570	-22.882133	0	T:11.0(8.27%),B:195.9(0.49%),P:1e-9	Tpos:355.7,Tstd:249.9,Bpos:460.1,Bstd:288.9,StrandBias:0.8,Multiplicity:1.00
0.001	0.001	0.001	0.997
0.001	0.997	0.001	0.001
0.817	0.001	0.001	0.181
0.780	0.135	0.001	0.084
0.001	0.001	0.001	0.997
0.001	0.001	0.001	0.997
0.001	0.001	0.001	0.997
0.001	0.001	0.001	0.997
0.807	0.099	0.093	0.001
0.001	0.001	0.001	0.997
0.093	0.001	0.842	0.064
0.062	0.001	0.847	0.090
>TAACACAGGATG	8-TAACACAGGATG	13.363519	-22.305310	0	T:6.0(4.51%),B:19.6(0.05%),P:1e-9	Tpos:371.8,Tstd:261.8,Bpos:529.8,Bstd:320.5,StrandBias:-2.3,Multiplicity:1.00
0.178	0.001	0.001	0.820
0.997	0.001	0.001	0.001
0.997	0.001	0.001	0.001
0.001	0.997	0.001	0.001
0.997	0.001	0.001	0.001
0.001	0.997	0.001	0.001
0.997	0.001	0.001	0.001
0.165	0.218	0.616	0.001
0.218	0.001	0.780	0.001
0.997	0.001	0.001	0.001
0.001	0.001	0.001	0.997
0.001	0.001	0.997	0.001
>GTCCACACCTCG	9-GTCCACACCTCG	12.577668	-22.045676	0	T:6.0(4.51%),B:20.9(0.05%),P:1e-9	Tpos:265.3,Tstd:314.4,Bpos:326.6,Bstd:182.6,StrandBias:1.0,Multiplicity:1.00
0.001	0.186	0.812	0.001
0.001	0.001	0.164	0.834
0.001	0.997	0.001	0.001
0.001	0.997	0.001	0.001
0.997	0.001	0.001	0.001
0.001	0.997	0.001	0.001
0.997	0.001	0.001	0.001
0.001	0.538	0.274	0.187
0.001	0.647	0.351	0.001
0.001	0.001	0.001	0.997
0.001	0.997	0.001	0.001
0.001	0.001	0.702	0.296
>CAACAGTATAAT	10-CAACAGTATAAT	13.488048	-20.833236	0	T:7.0(5.26%),B:50.3(0.13%),P:1e-9	Tpos:657.3,Tstd:193.5,Bpos:490.0,Bstd:275.2,StrandBias:10.0,Multiplicity:1.00
0.001	0.997	0.001	0.001
0.851	0.001	0.147	0.001
0.997	0.001	0.001	0.001
0.001	0.997	0.001	0.001
0.997	0.001	0.001	0.001
0.091	0.001	0.907	0.001
0.001	0.001	0.147	0.851
0.873	0.001	0.001	0.125
0.097	0.001	0.001	0.901
0.997	0.001	0.001	0.001
0.894	0.001	0.104	0.001
0.121	0.001	0.001	0.877
>AGAAAGGTGTGT	11-AGAAAGGTGTGT	13.436527	-20.833236	0	T:7.0(5.26%),B:50.0(0.13%),P:1e-9	Tpos:695.0,Tstd:130.8,Bpos:539.8,Bstd:321.6,StrandBias:-0.4,Multiplicity:1.00
0.997	0.001	0.001	0.001
0.001	0.001	0.997	0.001
0.997	0.001	0.001	0.001
0.869	0.129	0.001	0.001
0.810	0.001	0.188	0.001
0.091	0.001	0.907	0.001
0.001	0.001	0.896	0.102
0.001	0.001	0.001	0.997
0.001	0.001	0.997	0.001
0.001	0.001	0.001	0.997
0.001	0.129	0.869	0.001
0.165	0.001	0.001	0.833
>CAAAATGTTTGC	12-CAAAATGTTTGC	13.149598	-20.484374	0	T:12.0(9.02%),B:317.4(0.80%),P:1e-8	Tpos:617.6,Tstd:287.1,Bpos:504.6,Bstd:296.9,StrandBias:0.2,Multiplicity:1.08
0.001	0.997	0.001	0.001
0.997	0.001	0.001	0.001
0.997	0.001	0.001	0.001
0.997	0.001	0.001	0.001
0.718	0.157	0.001	0.124
0.086	0.001	0.001	0.912
0.082	0.001	0.844	0.073
0.129	0.001	0.001	0.869
0.001	0.001	0.001	0.997
0.001	0.174	0.001	0.824
0.001	0.001	0.997	0.001
0.001	0.911	0.087	0.001
>ACACTGTTGTTA	13-ACACTGTTGTTA	14.007320	-20.243090	0	T:5.0(3.76%),B:11.7(0.03%),P:1e-8	Tpos:278.0,Tstd:277.7,Bpos:506.1,Bstd:187.1,StrandBias:0.6,Multiplicity:1.00
0.997	0.001	0.001	0.001
0.103	0.669	0.227	0.001
0.997	0.001	0.001	0.001
0.111	0.887	0.001	0.001
0.156	0.001	0.001	0.842
0.001	0.001	0.997	0.001
0.001	0.001	0.001	0.997
0.199	0.001	0.001	0.799
0.001	0.001	0.997	0.001
0.001	0.001	0.001	0.997
0.001	0.001	0.001	0.997
0.997	0.001	0.001	0.001
>ARACTACTCGTC	14-ARACTACTCGTC	12.555390	-20.111380	0	T:7.0(5.26%),B:56.7(0.14%),P:1e-8	Tpos:393.3,Tstd:267.5,Bpos:430.9,Bstd:327.7,StrandBias:2.6,Multiplicity:1.00
0.997	0.001	0.001	0.001
0.447	0.184	0.368	0.001
0.997	0.001	0.001	0.001
0.001	0.997	0.001	0.001
0.001	0.001	0.001	0.997
0.997	0.001	0.001	0.001
0.001	0.997	0.001	0.001
0.001	0.001	0.367	0.631
0.001	0.997	0.001	0.001
0.001	0.001	0.815	0.183
0.001	0.001	0.183	0.815
0.001	0.997	0.001	0.001
>TRGACAATATCC	15-TRGACAATATCC	9.131219	-19.648653	0	T:16.0(12.03%),B:708.7(1.78%),P:1e-8	Tpos:475.6,Tstd:279.5,Bpos:496.4,Bstd:308.2,StrandBias:0.9,Multiplicity:1.06
0.001	0.206	0.308	0.485
0.464	0.001	0.534	0.001
0.001	0.001	0.997	0.001
0.746	0.001	0.001	0.252
0.001	0.997	0.001	0.001
0.712	0.001	0.001	0.286
0.485	0.001	0.333	0.182
0.001	0.001	0.281	0.717
0.997	0.001	0.001	0.001
0.001	0.286	0.001	0.712
0.001	0.793	0.001	0.205
0.001	0.800	0.198	0.001
>TTAATTTGGCAK	16-TTAATTTGGCAK	14.021221	-17.876756	0	T:6.0(4.51%),B:44.6(0.11%),P:1e-7	Tpos:490.8,Tstd:275.3,Bpos:454.1,Bstd:322.1,StrandBias:2.3,Multiplicity:1.00
0.179	0.001	0.001	0.819
0.001	0.001	0.001	0.997
0.997	0.001	0.001	0.001
0.831	0.001	0.001	0.167
0.001	0.001	0.001	0.997
0.001	0.001	0.001	0.997
0.001	0.001	0.001	0.997
0.001	0.001	0.997	0.001
0.001	0.001	0.997	0.001
0.001	0.997	0.001	0.001
0.997	0.001	0.001	0.001
0.001	0.001	0.550	0.448
>GTGCATTGAGTC	17-GTGCATTGAGTC	14.334004	-17.529722	0	T:4.0(3.01%),B:7.0(0.02%),P:1e-7	Tpos:262.2,Tstd:148.2,Bpos:410.6,Bstd:207.5,StrandBias:2.0,Multiplicity:1.25
0.001	0.001	0.997	0.001
0.001	0.001	0.001	0.997
0.001	0.001	0.997	0.001
0.001	0.997	0.001	0.001
0.997	0.001	0.001	0.001
0.268	0.001	0.001	0.730
0.001	0.001	0.001	0.997
0.001	0.001	0.730	0.268
0.997	0.001	0.001	0.001
0.001	0.001	0.997	0.001
0.001	0.001	0.001	0.997
0.193	0.805	0.001	0.001
>TGCGGACAGTGT	18-TGCGGACAGTGT	15.119151	-17.080325	0	T:4.0(3.01%),B:7.8(0.02%),P:1e-7	Tpos:335.8,Tstd:199.2,Bpos:388.6,Bstd:293.5,StrandBias:2.0,Multiplicity:1.25
0.001	0.001	0.001	0.997
0.001	0.001	0.997	0.001
0.001	0.997	0.001	0.001
0.001	0.001	0.997	0.001
0.001	0.348	0.650	0.001
0.997	0.001	0.001	0.001
0.348	0.650	0.001	0.001
0.997	0.001	0.001	0.001
0.001	0.001	0.997	0.001
0.001	0.001	0.001	0.997
0.001	0.001	0.997	0.001
0.001	0.001	0.001	0.997
>TTTTTCTGGCTC	19-TTTTTCTGGCTC	13.164630	-16.701401	0	T:10.0(7.52%),B:281.6(0.71%),P:1e-7	Tpos:469.5,Tstd:228.0,Bpos:515.0,Bstd:313.2,StrandBias:1.2,Multiplicity:1.00
0.001	0.001	0.001	0.997
0.001	0.001	0.160	0.838
0.001	0.001	0.001	0.997
0.001	0.001	0.001	0.997
0.001	0.001	0.001	0.997
0.001	0.917	0.001	0.081
0.076	0.136	0.001	0.787
0.093	0.101	0.743	0.063
0.001	0.001	0.997	0.001
0.001	0.908	0.001	0.090
0.001	0.001	0.001	0.997
0.001	0.915	0.001	0.083
>AGAAAACTTAAC	20-AGAAAACTTAAC	15.487740	-15.670858	0	T:4.0(3.01%),B:11.8(0.03%),P:1e-6	Tpos:492.2,Tstd:195.6,Bpos:485.6,Bstd:315.5,StrandBias:1.6,Multiplicity:1.00
0.670	0.001	0.328	0.001
0.001	0.001	0.997	0.001
0.997	0.001	0.001	0.001
0.997	0.001	0.001	0.001
0.997	0.001	0.001	0.001
0.997	0.001	0.001	0.001
0.001	0.997	0.001	0.001
0.001	0.001	0.001	0.997
0.001	0.001	0.001	0.997
0.997	0.001	0.001	0.001
0.997	0.001	0.001	0.001
0.001	0.997	0.001	0.001
>TCTTCATTGATC	21-TCTTCATTGATC	15.315127	-14.416998	0	T:4.0(3.01%),B:16.5(0.04%),P:1e-6	Tpos:617.0,Tstd:296.3,Bpos:548.9,Bstd:287.8,StrandBias:-2.0,Multiplicity:1.25
0.001	0.001	0.001	0.997
0.001	0.997	0.001	0.001
0.001	0.001	0.001	0.997
0.001	0.001	0.001	0.997
0.001	0.997	0.001	0.001
0.722	0.276	0.001	0.001
0.001	0.001	0.001	0.997
0.001	0.001	0.001	0.997
0.001	0.001	0.997	0.001
0.997	0.001	0.001	0.001
0.001	0.001	0.001	0.997
0.001	0.997	0.001	0.001
>GTACTTTCAGTT	22-GTACTTTCAGTT	14.381454	-12.718428	0	T:3.0(2.26%),B:6.8(0.02%),P:1e-5	Tpos:366.3,Tstd:151.6,Bpos:597.4,Bstd:320.5,StrandBias:1.0,Multiplicity:1.00
0.001	0.001	0.923	0.075
0.075	0.078	0.163	0.684
0.789	0.062	0.075	0.074
0.126	0.737	0.092	0.045
0.065	0.001	0.001	0.933
0.077	0.001	0.001	0.921
0.001	0.001	0.121	0.877
0.001	0.931	0.067	0.001
0.871	0.001	0.001	0.127
0.001	0.065	0.624	0.310
0.044	0.001	0.001	0.954
0.092	0.121	0.001	0.786
>CAACACGAGTCT	23-CAACACGAGTCT	14.088440	-11.503028	0	T:3.0(2.26%),B:10.8(0.03%),P:1e-4	Tpos:233.8,Tstd:199.5,Bpos:531.6,Bstd:271.1,StrandBias:0.6,Multiplicity:1.67
0.001	0.997	0.001	0.001
0.997	0.001	0.001	0.001
0.797	0.001	0.201	0.001
0.001	0.834	0.001	0.164
0.997	0.001	0.001	0.001
0.001	0.997	0.001	0.001
0.001	0.228	0.770	0.001
0.997	0.001	0.001	0.001
0.001	0.001	0.997	0.001
0.001	0.001	0.001	0.997
0.001	0.997	0.001	0.001
0.001	0.001	0.201	0.797
>GGGTAAAAAAGG	24-GGGTAAAAAAGG	10.966882	-9.930831	0	T:7.0(5.26%),B:276.4(0.69%),P:1e-4	Tpos:567.2,Tstd:249.2,Bpos:501.2,Bstd:307.3,StrandBias:-0.3,Multiplicity:1.29
0.001	0.117	0.782	0.100
0.127	0.001	0.871	0.001
0.232	0.001	0.680	0.087
0.001	0.166	0.001	0.832
0.997	0.001	0.001	0.001
0.667	0.228	0.001	0.104
0.871	0.001	0.001	0.127
0.881	0.001	0.117	0.001
0.854	0.001	0.144	0.001
0.763	0.001	0.145	0.091
0.084	0.001	0.914	0.001
0.078	0.001	0.920	0.001
