>TCTTATCACT	1-TCTTATCACT	8.566092	-25.256843	0	T:45.0(33.83%),B:4565.6(11.48%),P:1e-10	Tpos:618.0,Tstd:286.5,Bpos:552.3,Bstd:319.6,StrandBias:0.1,Multiplicity:1.27
0.001	0.001	0.039	0.959
0.031	0.791	0.073	0.105
0.001	0.060	0.001	0.938
0.001	0.001	0.001	0.997
0.997	0.001	0.001	0.001
0.001	0.001	0.001	0.997
0.090	0.808	0.058	0.044
0.997	0.001	0.001	0.001
0.048	0.647	0.243	0.062
0.023	0.084	0.001	0.892
>AACACGAGTC	2-AACACGAGTC	10.245015	-21.362213	0	T:14.0(10.53%),B:446.4(1.12%),P:1e-9	Tpos:469.7,Tstd:294.5,Bpos:534.5,Bstd:303.8,StrandBias:-0.6,Multiplicity:1.15
0.997	0.001	0.001	0.001
0.884	0.001	0.114	0.001
0.150	0.743	0.001	0.106
0.997	0.001	0.001	0.001
0.001	0.930	0.001	0.068
0.001	0.111	0.791	0.097
0.997	0.001	0.001	0.001
0.001	0.001	0.997	0.001
0.075	0.001	0.001	0.923
0.001	0.833	0.100	0.066
>TCCCCAGCTT	3-TCCCCAGCTT	10.430380	-20.869964	0	T:11.0(8.27%),B:238.5(0.60%),P:1e-9	Tpos:583.0,Tstd:294.2,Bpos:513.1,Bstd:287.8,StrandBias:0.0,Multiplicity:1.09
0.001	0.001	0.001	0.997
0.001	0.997	0.001	0.001
0.001	0.810	0.127	0.062
0.001	0.684	0.122	0.193
0.080	0.771	0.148	0.001
0.997	0.001	0.001	0.001
0.077	0.001	0.858	0.064
0.001	0.997	0.001	0.001
0.001	0.001	0.001	0.997
0.001	0.001	0.001	0.997
>ACGTGACTTC	4-ACGTGACTTC	10.173021	-19.724677	0	T:12.0(9.02%),B:340.8(0.86%),P:1e-8	Tpos:395.9,Tstd:181.0,Bpos:498.6,Bstd:298.0,StrandBias:-0.5,Multiplicity:1.00
0.997	0.001	0.001	0.001
0.001	0.742	0.001	0.256
0.067	0.092	0.840	0.001
0.001	0.167	0.001	0.831
0.001	0.001	0.997	0.001
0.997	0.001	0.001	0.001
0.001	0.933	0.001	0.065
0.001	0.001	0.001	0.997
0.001	0.114	0.088	0.797
0.001	0.942	0.001	0.056
>TAATTCGGCA	5-TAATTCGGCA	7.103095	-19.558797	0	T:42.0(31.58%),B:4831.8(12.15%),P:1e-8	Tpos:484.8,Tstd:280.9,Bpos:506.1,Bstd:301.9,StrandBias:0.5,Multiplicity:1.24
0.059	0.035	0.064	0.842
0.747	0.095	0.109	0.049
0.813	0.064	0.067	0.056
0.019	0.146	0.032	0.803
0.035	0.164	0.113	0.688
0.113	0.818	0.018	0.051
0.065	0.070	0.806	0.059
0.024	0.057	0.820	0.099
0.086	0.837	0.033	0.044
0.834	0.046	0.061	0.059
>TATGACCGTT	6-TATGACCGTT	9.044636	-18.299370	0	T:15.0(11.28%),B:673.9(1.69%),P:1e-7	Tpos:532.7,Tstd:342.0,Bpos:506.9,Bstd:313.0,StrandBias:-0.4,Multiplicity:1.07
0.086	0.001	0.001	0.912
0.843	0.098	0.001	0.058
0.001	0.001	0.001	0.997
0.001	0.093	0.905	0.001
0.843	0.155	0.001	0.001
0.001	0.909	0.001	0.089
0.065	0.862	0.001	0.072
0.083	0.001	0.830	0.086
0.001	0.001	0.001	0.997
0.001	0.001	0.001	0.997
>GACGCGTAGT	7-GACGCGTAGT	10.993214	-18.130409	0	T:8.0(6.02%),B:121.8(0.31%),P:1e-7	Tpos:531.4,Tstd:261.6,Bpos:486.6,Bstd:340.4,StrandBias:-1.6,Multiplicity:1.00
0.001	0.001	0.997	0.001
0.997	0.001	0.001	0.001
0.140	0.858	0.001	0.001
0.001	0.001	0.997	0.001
0.369	0.629	0.001	0.001
0.142	0.001	0.856	0.001
0.001	0.001	0.001	0.997
0.873	0.001	0.001	0.125
0.001	0.001	0.997	0.001
0.001	0.001	0.001	0.997
>GCAAACAATC	8-GCAAACAATC	7.270509	-18.063774	0	T:51.0(38.35%),B:7009.2(17.62%),P:1e-7	Tpos:533.0,Tstd:307.6,Bpos:506.4,Bstd:309.1,StrandBias:-0.0,Multiplicity:1.18
0.082	0.082	0.727	0.109
0.061	0.789	0.074	0.076
0.753	0.116	0.045	0.086
0.862	0.077	0.016	0.045
0.802	0.021	0.085	0.092
0.039	0.798	0.114	0.049
0.806	0.018	0.116	0.060
0.809	0.057	0.067	0.067
0.086	0.026	0.027	0.861
0.076	0.797	0.063	0.064
>ATCAATCACC	9-ATCAATCACC	9.892689	-16.789739	0	T:15.0(11.28%),B:758.0(1.91%),P:1e-7	Tpos:511.4,Tstd:284.0,Bpos:503.2,Bstd:323.5,StrandBias:2.0,Multiplicity:1.00
0.890	0.062	0.001	0.047
0.058	0.063	0.001	0.878
0.046	0.890	0.001	0.063
0.928	0.001	0.001	0.070
0.997	0.001	0.001	0.001
0.001	0.056	0.001	0.942
0.038	0.918	0.001	0.043
0.762	0.082	0.094	0.062
0.001	0.912	0.049	0.038
0.001	0.924	0.074	0.001
>TCCAGTACAA	10-TCCAGTACAA	11.099366	-16.588362	0	T:9.0(6.77%),B:212.2(0.53%),P:1e-7	Tpos:454.9,Tstd:235.3,Bpos:519.6,Bstd:308.7,StrandBias:-0.3,Multiplicity:1.00
0.001	0.001	0.001	0.997
0.001	0.997	0.001	0.001
0.001	0.903	0.095	0.001
0.680	0.174	0.001	0.145
0.001	0.001	0.997	0.001
0.001	0.001	0.001	0.997
0.997	0.001	0.001	0.001
0.001	0.997	0.001	0.001
0.997	0.001	0.001	0.001
0.997	0.001	0.001	0.001
>CTGTGTTATA	11-CTGTGTTATA	9.977312	-16.263359	0	T:14.0(10.53%),B:676.1(1.70%),P:1e-7	Tpos:573.1,Tstd:286.8,Bpos:518.9,Bstd:317.3,StrandBias:-0.4,Multiplicity:1.14
0.049	0.880	0.070	0.001
0.001	0.001	0.001	0.997
0.063	0.075	0.829	0.033
0.080	0.001	0.001	0.918
0.001	0.001	0.980	0.018
0.001	0.087	0.089	0.823
0.065	0.078	0.001	0.856
0.964	0.001	0.001	0.034
0.056	0.001	0.001	0.942
0.881	0.067	0.001	0.051
>CTTTGATAAG	12-CTTTGATAAG	9.611131	-15.933292	0	T:25.0(18.80%),B:2245.9(5.65%),P:1e-6	Tpos:615.8,Tstd:317.7,Bpos:492.8,Bstd:314.0,StrandBias:0.7,Multiplicity:1.33
0.070	0.727	0.001	0.202
0.045	0.001	0.061	0.893
0.144	0.001	0.067	0.788
0.001	0.001	0.077	0.921
0.001	0.001	0.997	0.001
0.997	0.001	0.001	0.001
0.001	0.038	0.041	0.920
0.997	0.001	0.001	0.001
0.877	0.079	0.001	0.043
0.001	0.042	0.915	0.042
>TCCCATGTAT	13-TCCCATGTAT	8.677167	-15.710384	0	T:16.0(12.03%),B:947.9(2.38%),P:1e-6	Tpos:452.3,Tstd:335.5,Bpos:501.4,Bstd:308.3,StrandBias:2.2,Multiplicity:1.06
0.001	0.166	0.001	0.832
0.001	0.873	0.125	0.001
0.002	0.848	0.149	0.001
0.001	0.889	0.001	0.109
0.828	0.170	0.001	0.001
0.019	0.001	0.001	0.979
0.034	0.001	0.873	0.092
0.072	0.001	0.017	0.910
0.997	0.001	0.001	0.001
0.001	0.146	0.001	0.852
>GAGCCTGAAT	14-GAGCCTGAAT	9.202385	-12.499049	0	T:13.0(9.77%),B:803.4(2.02%),P:1e-5	Tpos:434.9,Tstd:291.5,Bpos:477.4,Bstd:299.4,StrandBias:0.0,Multiplicity:1.23
0.001	0.001	0.997	0.001
0.997	0.001	0.001	0.001
0.001	0.154	0.729	0.116
0.116	0.882	0.001	0.001
0.101	0.800	0.001	0.098
0.001	0.038	0.001	0.960
0.001	0.001	0.997	0.001
0.997	0.001	0.001	0.001
0.821	0.001	0.001	0.177
0.056	0.001	0.110	0.833
