>TTTTCTCGAAAT	10-TTTTCTCGAAAT	9.898034	-28.863974	0	T:120.0(43.64%),B:7723.0(23.61%),P:1e-12
0.052	0.014	0.051	0.883
0.031	0.035	0.005	0.929
0.041	0.051	0.063	0.845
0.028	0.083	0.088	0.801
0.065	0.787	0.084	0.064
0.103	0.082	0.043	0.772
0.050	0.802	0.078	0.070
0.049	0.049	0.823	0.079
0.906	0.046	0.029	0.019
0.832	0.007	0.140	0.021
0.839	0.022	0.012	0.127
0.134	0.025	0.053	0.788
