>TGGAATTTCGGC	9-GCCGAAATTCCA	9.448039	-32.213111	0	T:65.0(23.64%),B:2689.3(8.22%),P:1e-13
0.045	0.001	0.045	0.909
0.053	0.252	0.694	0.001
0.186	0.028	0.675	0.111
0.840	0.001	0.158	0.001
0.635	0.001	0.075	0.289
0.244	0.001	0.001	0.754
0.001	0.052	0.001	0.946
0.001	0.091	0.001	0.907
0.001	0.901	0.053	0.045
0.114	0.001	0.775	0.110
0.143	0.093	0.639	0.125
0.001	0.973	0.001	0.025
