>GCCGAAATTCCA	9-GCCGAAATTCCA,BestGuess:lin-54/MA1450.1/Jaspar(0.562)	9.448039	-32.213111	0	T:65.0(23.64%),B:2689.3(8.22%),P:1e-13
0.025	0.001	0.973	0.001
0.125	0.639	0.093	0.143
0.110	0.775	0.001	0.114
0.045	0.053	0.901	0.001
0.907	0.001	0.091	0.001
0.946	0.001	0.052	0.001
0.754	0.001	0.001	0.244
0.289	0.075	0.001	0.635
0.001	0.158	0.001	0.840
0.111	0.675	0.028	0.186
0.001	0.694	0.252	0.053
0.909	0.045	0.001	0.045
