>TTGGAACTGATC	19-TTGGAACTGATC	11.007478	-19.336431	0	T:13.0(6.60%),B:292.1(0.72%),P:1e-8
0.061	0.001	0.001	0.937
0.062	0.001	0.036	0.901
0.046	0.059	0.801	0.094
0.080	0.159	0.552	0.209
0.889	0.109	0.001	0.001
0.878	0.001	0.071	0.050
0.052	0.781	0.107	0.060
0.002	0.056	0.001	0.941
0.027	0.001	0.939	0.033
0.774	0.057	0.071	0.098
0.120	0.001	0.053	0.826
0.190	0.792	0.001	0.017
