>ATCTCCTA	1-ATCTCCTA	7.173320	-14.935419	0	T:33.0(30.28%),B:4974.0(12.00%),P:1e-6	Tpos:581.7,Tstd:286.9,Bpos:522.5,Bstd:313.6,StrandBias:2.2,Multiplicity:1.03
0.748	0.250	0.001	0.001
0.001	0.001	0.001	0.997
0.001	0.997	0.001	0.001
0.113	0.001	0.186	0.700
0.001	0.997	0.001	0.001
0.001	0.997	0.001	0.001
0.001	0.001	0.001	0.997
0.759	0.001	0.239	0.001
>ATCGAYMA	2-ATCGAYMA	8.036563	-13.391546	0	T:35.0(32.11%),B:5861.0(14.14%),P:1e-5	Tpos:542.9,Tstd:280.5,Bpos:519.6,Bstd:325.2,StrandBias:1.0,Multiplicity:1.31
0.820	0.001	0.040	0.139
0.001	0.001	0.001	0.997
0.318	0.588	0.093	0.001
0.001	0.001	0.997	0.001
0.907	0.076	0.016	0.001
0.001	0.345	0.194	0.460
0.450	0.348	0.001	0.201
0.904	0.001	0.044	0.051
>CTGGTGTT	3-CTGGTGTT	7.994128	-12.416355	0	T:27.0(24.77%),B:4008.6(9.67%),P:1e-5	Tpos:569.3,Tstd:269.8,Bpos:503.9,Bstd:309.4,StrandBias:1.0,Multiplicity:1.00
0.001	0.997	0.001	0.001
0.001	0.001	0.001	0.997
0.001	0.349	0.649	0.001
0.001	0.001	0.900	0.098
0.163	0.001	0.001	0.835
0.001	0.001	0.997	0.001
0.305	0.001	0.001	0.693
0.001	0.006	0.135	0.858
>CCGRCATT	4-CCGRCATT	8.361435	-11.208138	0	T:29.0(26.61%),B:4803.2(11.59%),P:1e-4	Tpos:526.8,Tstd:286.9,Bpos:491.8,Bstd:315.5,StrandBias:0.1,Multiplicity:1.14
0.001	0.997	0.001	0.001
0.001	0.842	0.156	0.001
0.001	0.001	0.997	0.001
0.530	0.001	0.414	0.055
0.317	0.681	0.001	0.001
0.837	0.161	0.001	0.001
0.001	0.259	0.052	0.688
0.001	0.001	0.001	0.997
>AAACCGGG	5-AAACCGGG	3.621567	-10.506350	0	T:17.0(15.60%),B:2050.9(4.95%),P:1e-4	Tpos:620.7,Tstd:239.4,Bpos:489.5,Bstd:323.4,StrandBias:-2.5,Multiplicity:1.18
0.997	0.001	0.001	0.001
0.581	0.417	0.001	0.001
0.680	0.318	0.001	0.001
0.001	0.997	0.001	0.001
0.001	0.997	0.001	0.001
0.001	0.001	0.997	0.001
0.001	0.001	0.997	0.001
0.001	0.001	0.997	0.001
>ACTGAGGR	6-ACTGAGGR	9.368490	-7.950338	0	T:17.0(15.60%),B:2537.8(6.12%),P:1e-3	Tpos:416.4,Tstd:257.0,Bpos:495.2,Bstd:305.4,StrandBias:0.4,Multiplicity:1.53
0.997	0.001	0.001	0.001
0.001	0.997	0.001	0.001
0.001	0.001	0.001	0.997
0.001	0.001	0.997	0.001
0.997	0.001	0.001	0.001
0.001	0.001	0.997	0.001
0.352	0.001	0.646	0.001
0.517	0.001	0.481	0.001
>CCCCCCCC	7-CCCCCCCC	5.093928	-7.650582	0	T:33.0(30.28%),B:7058.1(17.03%),P:1e-3	Tpos:550.9,Tstd:316.0,Bpos:551.7,Bstd:351.6,StrandBias:2.7,Multiplicity:1.16
0.118	0.659	0.112	0.111
0.139	0.654	0.082	0.125
0.131	0.597	0.123	0.149
0.108	0.587	0.125	0.180
0.134	0.638	0.093	0.135
0.145	0.619	0.087	0.149
0.140	0.590	0.063	0.207
0.113	0.662	0.083	0.142
>MACTCCAH	8-MACTCCAH	8.266702	-6.343440	0	T:16.0(14.68%),B:2676.3(6.46%),P:1e-2	Tpos:404.0,Tstd:242.3,Bpos:494.3,Bstd:294.4,StrandBias:-0.8,Multiplicity:1.75
0.338	0.344	0.175	0.143
0.861	0.001	0.137	0.001
0.001	0.997	0.001	0.001
0.001	0.001	0.001	0.997
0.001	0.824	0.174	0.001
0.001	0.861	0.001	0.137
0.859	0.139	0.001	0.001
0.331	0.283	0.001	0.386
>ACCAGTGC	9-ACCAGTGC	6.657840	-6.288113	0	T:20.0(18.35%),B:3760.3(9.07%),P:1e-2	Tpos:490.6,Tstd:293.3,Bpos:513.8,Bstd:308.9,StrandBias:0.2,Multiplicity:1.60
0.960	0.038	0.001	0.001
0.001	0.885	0.001	0.113
0.001	0.997	0.001	0.001
0.924	0.001	0.001	0.074
0.001	0.001	0.997	0.001
0.001	0.001	0.001	0.997
0.001	0.001	0.878	0.120
0.001	0.997	0.001	0.001
>TACGACGC	10-TACGACGC	8.242276	-5.958073	0	T:10.0(9.17%),B:1315.1(3.17%),P:1e-2	Tpos:397.1,Tstd:212.6,Bpos:508.5,Bstd:316.7,StrandBias:1.3,Multiplicity:1.70
0.155	0.001	0.001	0.843
0.997	0.001	0.001	0.001
0.001	0.746	0.252	0.001
0.001	0.001	0.997	0.001
0.997	0.001	0.001	0.001
0.001	0.693	0.001	0.305
0.266	0.001	0.732	0.001
0.001	0.997	0.001	0.001
>CCCCCTTT	11-CCCCCTTT	6.453799	-5.440722	0	T:16.0(14.68%),B:2933.8(7.08%),P:1e-2	Tpos:476.6,Tstd:261.2,Bpos:538.0,Bstd:330.1,StrandBias:0.7,Multiplicity:1.81
0.153	0.429	0.216	0.202
0.128	0.827	0.044	0.001
0.084	0.742	0.117	0.057
0.075	0.771	0.153	0.001
0.001	0.540	0.139	0.320
0.056	0.150	0.143	0.651
0.106	0.161	0.253	0.480
0.218	0.065	0.155	0.562
>ACAATTGA	12-ACAATTGA	9.022545	-4.296057	0	T:32.0(29.36%),B:8329.0(20.10%),P:1e-1	Tpos:445.1,Tstd:281.2,Bpos:505.8,Bstd:302.9,StrandBias:-0.9,Multiplicity:1.70
0.997	0.001	0.001	0.001
0.001	0.753	0.001	0.245
0.997	0.001	0.001	0.001
0.997	0.001	0.001	0.001
0.001	0.001	0.001	0.997
0.001	0.171	0.001	0.827
0.001	0.001	0.997	0.001
0.997	0.001	0.001	0.001
