>TGAGCTGGTT	1-TGAGCTGGTT	10.367799	-25.357684	0	T:14.0(12.84%),B:421.0(1.02%),P:1e-11	Tpos:553.1,Tstd:258.4,Bpos:496.0,Bstd:333.5,StrandBias:-1.3,Multiplicity:1.00
0.001	0.001	0.001	0.997
0.001	0.001	0.920	0.078
0.997	0.001	0.001	0.001
0.209	0.001	0.789	0.001
0.001	0.942	0.001	0.056
0.001	0.193	0.001	0.805
0.084	0.001	0.860	0.055
0.001	0.001	0.997	0.001
0.075	0.081	0.001	0.843
0.001	0.093	0.001	0.905
>TGCCTTCCGT	2-TGCCTTCCGT	10.419329	-20.036879	0	T:10.0(9.17%),B:251.0(0.61%),P:1e-8	Tpos:543.5,Tstd:254.6,Bpos:509.9,Bstd:291.8,StrandBias:1.2,Multiplicity:1.00
0.112	0.001	0.001	0.886
0.001	0.001	0.953	0.045
0.001	0.997	0.001	0.001
0.080	0.918	0.001	0.001
0.118	0.001	0.001	0.880
0.001	0.001	0.001	0.997
0.137	0.710	0.152	0.001
0.001	0.997	0.001	0.001
0.090	0.001	0.833	0.076
0.081	0.001	0.001	0.917
>GTGACGTGAG	3-GTGACGTGAG	6.733260	-19.891603	0	T:43.0(39.45%),B:6518.1(15.73%),P:1e-8	Tpos:503.5,Tstd:298.8,Bpos:521.4,Bstd:308.1,StrandBias:-0.6,Multiplicity:1.19
0.079	0.073	0.819	0.029
0.146	0.001	0.077	0.776
0.069	0.059	0.758	0.114
0.774	0.041	0.056	0.129
0.084	0.839	0.029	0.048
0.101	0.035	0.713	0.151
0.044	0.092	0.064	0.800
0.074	0.057	0.839	0.030
0.942	0.001	0.001	0.056
0.092	0.031	0.750	0.127
>TTCTGTCAAG	4-TTCTGTCAAG	10.124931	-19.716424	0	T:18.0(16.51%),B:1192.4(2.88%),P:1e-8	Tpos:591.7,Tstd:285.7,Bpos:487.2,Bstd:314.9,StrandBias:-0.3,Multiplicity:1.00
0.001	0.103	0.001	0.895
0.001	0.001	0.001	0.997
0.099	0.808	0.001	0.092
0.071	0.001	0.001	0.927
0.001	0.057	0.853	0.089
0.001	0.076	0.001	0.922
0.001	0.997	0.001	0.001
0.897	0.001	0.001	0.101
0.786	0.106	0.107	0.001
0.001	0.001	0.964	0.034
>TAGCATTTGT	5-TAGCATTTGT	9.693621	-18.942148	0	T:18.0(16.51%),B:1254.1(3.03%),P:1e-8	Tpos:555.6,Tstd:227.2,Bpos:487.6,Bstd:298.7,StrandBias:-0.2,Multiplicity:1.06
0.001	0.108	0.077	0.814
0.750	0.099	0.001	0.150
0.139	0.001	0.815	0.045
0.001	0.666	0.332	0.001
0.997	0.001	0.001	0.001
0.001	0.001	0.001	0.997
0.001	0.150	0.001	0.848
0.001	0.001	0.001	0.997
0.160	0.070	0.769	0.001
0.155	0.138	0.160	0.547
>TTATCGATTA	6-TTATCGATTA	9.462483	-16.630772	0	T:30.0(27.52%),B:3908.6(9.43%),P:1e-7	Tpos:571.2,Tstd:267.7,Bpos:528.9,Bstd:327.9,StrandBias:-1.0,Multiplicity:1.40
0.001	0.001	0.001	0.997
0.001	0.001	0.069	0.929
0.895	0.045	0.059	0.001
0.001	0.001	0.001	0.997
0.045	0.953	0.001	0.001
0.001	0.062	0.799	0.138
0.914	0.084	0.001	0.001
0.044	0.001	0.001	0.954
0.001	0.060	0.001	0.938
0.640	0.038	0.001	0.321
>CATTTAGSTA	7-CATTTAGSTA	10.679114	-16.432056	0	T:8.0(7.34%),B:196.6(0.47%),P:1e-7	Tpos:417.0,Tstd:240.4,Bpos:504.5,Bstd:288.0,StrandBias:1.0,Multiplicity:1.12
0.192	0.657	0.001	0.150
0.983	0.001	0.001	0.015
0.001	0.001	0.001	0.997
0.001	0.001	0.001	0.997
0.001	0.285	0.001	0.713
0.613	0.329	0.044	0.014
0.001	0.305	0.566	0.128
0.001	0.498	0.500	0.001
0.001	0.001	0.001	0.997
0.975	0.001	0.023	0.001
>TAATAGCCCC	8-TAATAGCCCC	11.299418	-16.233342	0	T:5.0(4.59%),B:37.1(0.09%),P:1e-7	Tpos:393.0,Tstd:285.5,Bpos:474.1,Bstd:315.0,StrandBias:2.3,Multiplicity:1.20
0.001	0.001	0.183	0.815
0.997	0.001	0.001	0.001
0.997	0.001	0.001	0.001
0.120	0.001	0.001	0.878
0.997	0.001	0.001	0.001
0.001	0.001	0.997	0.001
0.183	0.815	0.001	0.001
0.001	0.888	0.001	0.110
0.001	0.997	0.001	0.001
0.151	0.847	0.001	0.001
>TGAAATCGCT	9-TGAAATCGCT	10.672956	-15.338460	0	T:12.0(11.01%),B:660.3(1.59%),P:1e-6	Tpos:433.6,Tstd:221.8,Bpos:486.6,Bstd:319.5,StrandBias:1.7,Multiplicity:1.00
0.001	0.001	0.143	0.855
0.274	0.001	0.724	0.001
0.997	0.001	0.001	0.001
0.941	0.001	0.057	0.001
0.854	0.144	0.001	0.001
0.121	0.001	0.001	0.877
0.001	0.984	0.014	0.001
0.001	0.128	0.870	0.001
0.280	0.718	0.001	0.001
0.154	0.001	0.207	0.638
>CCGAAATTGG	10-CCGAAATTGG	9.741812	-14.777747	0	T:19.0(17.43%),B:1848.2(4.46%),P:1e-6	Tpos:529.1,Tstd:303.3,Bpos:499.8,Bstd:314.5,StrandBias:-0.6,Multiplicity:1.05
0.060	0.893	0.001	0.046
0.001	0.884	0.041	0.074
0.028	0.001	0.970	0.001
0.997	0.001	0.001	0.001
0.997	0.001	0.001	0.001
0.997	0.001	0.001	0.001
0.048	0.001	0.001	0.950
0.120	0.001	0.001	0.878
0.080	0.058	0.735	0.127
0.041	0.155	0.752	0.052
>GTCAWTGTAA	11-GTCAWTGTAA	8.709891	-13.676339	0	T:14.0(12.84%),B:1083.8(2.61%),P:1e-5	Tpos:349.4,Tstd:299.4,Bpos:487.2,Bstd:297.3,StrandBias:0.0,Multiplicity:1.00
0.166	0.297	0.536	0.001
0.001	0.034	0.001	0.964
0.238	0.542	0.001	0.219
0.570	0.076	0.236	0.118
0.327	0.169	0.057	0.447
0.173	0.001	0.049	0.777
0.033	0.056	0.826	0.085
0.162	0.132	0.277	0.428
0.968	0.014	0.017	0.001
0.806	0.028	0.128	0.038
>CTGYGTGCTG	12-CTGYGTGCTG	10.269418	-13.465478	0	T:6.0(5.50%),B:126.8(0.31%),P:1e-5	Tpos:413.7,Tstd:239.6,Bpos:521.8,Bstd:309.3,StrandBias:0.4,Multiplicity:1.17
0.092	0.906	0.001	0.001
0.001	0.001	0.001	0.997
0.001	0.001	0.997	0.001
0.001	0.521	0.001	0.477
0.358	0.001	0.640	0.001
0.001	0.001	0.001	0.997
0.001	0.001	0.997	0.001
0.001	0.997	0.001	0.001
0.001	0.001	0.001	0.997
0.001	0.001	0.997	0.001
>TGTCCATGAT	13-TGTCCATGAT	10.117294	-12.830285	0	T:11.0(10.09%),B:695.1(1.68%),P:1e-5	Tpos:534.3,Tstd:280.2,Bpos:497.1,Bstd:302.3,StrandBias:0.0,Multiplicity:1.27
0.001	0.132	0.001	0.866
0.001	0.074	0.758	0.167
0.107	0.001	0.001	0.891
0.001	0.997	0.001	0.001
0.059	0.939	0.001	0.001
0.920	0.001	0.001	0.078
0.001	0.123	0.001	0.875
0.074	0.001	0.858	0.067
0.997	0.001	0.001	0.001
0.001	0.001	0.001	0.997
>TKTGTGTGTG	14-TKTGTGTGTG	8.559377	-12.420064	0	T:21.0(19.27%),B:2600.5(6.27%),P:1e-5	Tpos:524.5,Tstd:347.6,Bpos:547.3,Bstd:331.7,StrandBias:-0.9,Multiplicity:1.10
0.035	0.044	0.253	0.668
0.203	0.062	0.385	0.351
0.269	0.011	0.044	0.676
0.014	0.079	0.696	0.211
0.255	0.008	0.001	0.736
0.038	0.048	0.819	0.095
0.084	0.053	0.022	0.841
0.077	0.324	0.581	0.018
0.021	0.388	0.026	0.565
0.023	0.062	0.782	0.133
>TTAMGCTGAG	15-TTAMGCTGAG	9.979612	-11.137720	0	T:9.0(8.26%),B:538.0(1.30%),P:1e-4	Tpos:431.4,Tstd:270.5,Bpos:493.0,Bstd:290.8,StrandBias:1.7,Multiplicity:1.89
0.001	0.001	0.001	0.997
0.001	0.299	0.001	0.699
0.954	0.001	0.001	0.044
0.527	0.471	0.001	0.001
0.317	0.001	0.681	0.001
0.001	0.740	0.142	0.117
0.205	0.001	0.001	0.793
0.001	0.001	0.997	0.001
0.831	0.001	0.001	0.167
0.001	0.001	0.997	0.001
>AGTCGTAGGT	16-AGTCGTAGGT	11.021660	-10.983916	0	T:5.0(4.59%),B:116.0(0.28%),P:1e-4	Tpos:316.6,Tstd:185.0,Bpos:434.7,Bstd:279.4,StrandBias:-1.0,Multiplicity:1.80
0.752	0.001	0.001	0.246
0.001	0.001	0.997	0.001
0.001	0.285	0.001	0.713
0.001	0.997	0.001	0.001
0.001	0.001	0.997	0.001
0.001	0.001	0.246	0.752
0.997	0.001	0.001	0.001
0.001	0.001	0.611	0.387
0.263	0.001	0.735	0.001
0.001	0.001	0.001	0.997
>CTAGATCAAC	17-CTAGATCAAC	10.069977	-10.583480	0	T:9.0(8.26%),B:577.3(1.39%),P:1e-4	Tpos:435.1,Tstd:281.2,Bpos:482.5,Bstd:294.3,StrandBias:1.7,Multiplicity:1.44
0.001	0.920	0.078	0.001
0.191	0.001	0.001	0.807
0.997	0.001	0.001	0.001
0.001	0.001	0.997	0.001
0.754	0.244	0.001	0.001
0.001	0.001	0.001	0.997
0.214	0.535	0.250	0.001
0.997	0.001	0.001	0.001
0.997	0.001	0.001	0.001
0.001	0.997	0.001	0.001
>TGGCACTGTG	18-TGGCACTGTG	10.750204	-10.152018	0	T:7.0(6.42%),B:341.1(0.82%),P:1e-4	Tpos:355.1,Tstd:194.4,Bpos:498.7,Bstd:295.5,StrandBias:-1.0,Multiplicity:1.57
0.001	0.001	0.001	0.997
0.001	0.001	0.997	0.001
0.120	0.001	0.878	0.001
0.001	0.997	0.001	0.001
0.841	0.001	0.001	0.157
0.001	0.997	0.001	0.001
0.062	0.120	0.113	0.705
0.001	0.001	0.997	0.001
0.001	0.001	0.164	0.834
0.001	0.001	0.894	0.104
>AGGTGTATAC	19-AGGTGTATAC	10.196193	-10.097826	0	T:7.0(6.42%),B:344.5(0.83%),P:1e-4	Tpos:522.2,Tstd:319.2,Bpos:509.3,Bstd:287.5,StrandBias:-0.8,Multiplicity:1.29
0.997	0.001	0.001	0.001
0.074	0.001	0.924	0.001
0.001	0.001	0.997	0.001
0.001	0.001	0.001	0.997
0.001	0.001	0.997	0.001
0.001	0.012	0.001	0.986
0.733	0.001	0.265	0.001
0.001	0.214	0.001	0.784
0.794	0.001	0.001	0.204
0.221	0.777	0.001	0.001
>TGCAGTATCG	20-TGCAGTATCG	9.995355	-10.014721	0	T:4.0(3.67%),B:70.6(0.17%),P:1e-4	Tpos:336.4,Tstd:292.5,Bpos:506.2,Bstd:309.2,StrandBias:1.3,Multiplicity:1.75
0.001	0.280	0.255	0.465
0.001	0.001	0.890	0.108
0.001	0.715	0.001	0.283
0.890	0.108	0.001	0.001
0.001	0.112	0.886	0.001
0.001	0.001	0.127	0.871
0.812	0.088	0.099	0.001
0.001	0.112	0.001	0.886
0.001	0.728	0.143	0.128
0.001	0.093	0.905	0.001
>GGGGGGGGGC	21-GGGGGGGGGC	8.835051	-7.856133	0	T:11.0(10.09%),B:1215.3(2.93%),P:1e-3	Tpos:550.1,Tstd:346.2,Bpos:531.2,Bstd:359.9,StrandBias:-2.8,Multiplicity:1.00
0.001	0.001	0.997	0.001
0.001	0.001	0.891	0.107
0.001	0.001	0.997	0.001
0.001	0.001	0.997	0.001
0.001	0.001	0.997	0.001
0.001	0.001	0.894	0.104
0.001	0.001	0.997	0.001
0.001	0.001	0.997	0.001
0.038	0.288	0.673	0.001
0.250	0.674	0.075	0.001
>GCGTCGTTAC	22-GCGTCGTTAC	11.840802	-6.893055	0	T:2.0(1.83%),B:16.5(0.04%),P:1e-2	Tpos:301.4,Tstd:182.2,Bpos:396.8,Bstd:206.8,StrandBias:-10.0,Multiplicity:3.50
0.001	0.001	0.997	0.001
0.001	0.997	0.001	0.001
0.001	0.001	0.997	0.001
0.001	0.001	0.001	0.997
0.001	0.997	0.001	0.001
0.001	0.001	0.997	0.001
0.001	0.001	0.001	0.997
0.001	0.001	0.001	0.997
0.997	0.001	0.001	0.001
0.136	0.862	0.001	0.001
>CGAAAAGGGG	23-CGAAAAGGGG	10.548331	-6.297279	0	T:6.0(5.50%),B:481.1(1.16%),P:1e-2	Tpos:413.0,Tstd:246.3,Bpos:509.3,Bstd:294.8,StrandBias:-0.9,Multiplicity:2.83
0.001	0.953	0.045	0.001
0.043	0.001	0.955	0.001
0.997	0.001	0.001	0.001
0.997	0.001	0.001	0.001
0.997	0.001	0.001	0.001
0.997	0.001	0.001	0.001
0.001	0.001	0.997	0.001
0.071	0.001	0.927	0.001
0.001	0.001	0.997	0.001
0.069	0.001	0.929	0.001
>ACCAGTGCAC	24-ACCAGTGCAC	11.681737	-6.153360	0	T:2.0(1.83%),B:24.6(0.06%),P:1e-2	Tpos:256.6,Tstd:179.1,Bpos:402.0,Bstd:254.1,StrandBias:-3.0,Multiplicity:4.50
0.997	0.001	0.001	0.001
0.001	0.997	0.001	0.001
0.001	0.997	0.001	0.001
0.810	0.001	0.116	0.073
0.001	0.001	0.997	0.001
0.001	0.001	0.001	0.997
0.001	0.001	0.997	0.001
0.001	0.997	0.001	0.001
0.997	0.001	0.001	0.001
0.001	0.997	0.001	0.001
>GAAACTCCAT	25-GAAACTCCAT	11.439006	-2.860672	0	T:2.0(1.83%),B:145.8(0.35%),P:1e-1	Tpos:310.0,Tstd:242.6,Bpos:512.6,Bstd:280.2,StrandBias:-3.2,Multiplicity:5.00
0.001	0.001	0.997	0.001
0.997	0.001	0.001	0.001
0.907	0.091	0.001	0.001
0.997	0.001	0.001	0.001
0.001	0.997	0.001	0.001
0.001	0.001	0.001	0.997
0.001	0.997	0.001	0.001
0.001	0.997	0.001	0.001
0.997	0.001	0.001	0.001
0.001	0.001	0.001	0.997
>TCAACCCTCTGC	1-TCAACCCTCTGC	14.171059	-22.666550	0	T:5.0(4.59%),B:8.6(0.02%),P:1e-9	Tpos:388.0,Tstd:177.2,Bpos:540.6,Bstd:300.1,StrandBias:-2.0,Multiplicity:1.00
0.001	0.001	0.001	0.997
0.001	0.997	0.001	0.001
0.997	0.001	0.001	0.001
0.997	0.001	0.001	0.001
0.180	0.818	0.001	0.001
0.001	0.997	0.001	0.001
0.001	0.997	0.001	0.001
0.001	0.001	0.001	0.997
0.001	0.997	0.001	0.001
0.220	0.001	0.001	0.778
0.195	0.001	0.624	0.180
0.001	0.997	0.001	0.001
>GMCTRRAGGATA	2-GMCTRRAGGATA	11.571749	-22.514646	0	T:7.0(6.42%),B:50.9(0.12%),P:1e-9	Tpos:491.9,Tstd:247.9,Bpos:442.9,Bstd:257.6,StrandBias:0.7,Multiplicity:1.14
0.001	0.001	0.912	0.086
0.466	0.433	0.100	0.001
0.001	0.925	0.001	0.073
0.001	0.001	0.001	0.997
0.409	0.113	0.477	0.001
0.521	0.001	0.477	0.001
0.586	0.001	0.001	0.412
0.001	0.001	0.997	0.001
0.099	0.001	0.899	0.001
0.898	0.001	0.001	0.100
0.001	0.001	0.001	0.997
0.627	0.001	0.001	0.371
>GCTTCTTGTTTT	3-GCTTCTTGTTTT	12.856693	-20.066708	0	T:11.0(10.09%),B:332.5(0.80%),P:1e-8	Tpos:490.4,Tstd:303.2,Bpos:546.4,Bstd:307.8,StrandBias:-1.4,Multiplicity:1.00
0.001	0.001	0.939	0.059
0.001	0.997	0.001	0.001
0.001	0.001	0.159	0.839
0.001	0.001	0.001	0.997
0.001	0.935	0.001	0.063
0.001	0.001	0.001	0.997
0.001	0.001	0.001	0.997
0.001	0.001	0.878	0.120
0.128	0.001	0.128	0.743
0.001	0.001	0.001	0.997
0.127	0.001	0.001	0.871
0.001	0.116	0.001	0.882
>TTTTTAATCTGC	4-TTTTTAATCTGC	12.841755	-19.995466	0	T:12.0(11.01%),B:427.0(1.03%),P:1e-8	Tpos:476.9,Tstd:289.4,Bpos:485.2,Bstd:307.3,StrandBias:1.0,Multiplicity:1.00
0.001	0.001	0.001	0.997
0.001	0.001	0.001	0.997
0.001	0.001	0.001	0.997
0.001	0.001	0.001	0.997
0.001	0.001	0.001	0.997
0.884	0.001	0.001	0.114
0.786	0.133	0.001	0.080
0.001	0.001	0.124	0.874
0.001	0.940	0.001	0.058
0.001	0.001	0.001	0.997
0.102	0.125	0.693	0.080
0.059	0.939	0.001	0.001
>BCGTGTGCAGTG	5-BCGTGTGCAGTG	9.788762	-17.602900	0	T:6.0(5.50%),B:60.2(0.15%),P:1e-7	Tpos:696.9,Tstd:160.8,Bpos:503.6,Bstd:233.4,StrandBias:0.4,Multiplicity:1.17
0.001	0.384	0.315	0.300
0.001	0.997	0.001	0.001
0.001	0.001	0.683	0.315
0.001	0.001	0.001	0.997
0.017	0.001	0.981	0.001
0.001	0.001	0.001	0.997
0.001	0.001	0.997	0.001
0.001	0.633	0.365	0.001
0.667	0.001	0.001	0.331
0.001	0.001	0.997	0.001
0.001	0.001	0.001	0.997
0.001	0.001	0.997	0.001
>GCGTTTGTCAAT	6-GCGTTTGTCAAT	13.677949	-16.617423	0	T:5.0(4.59%),B:34.5(0.08%),P:1e-7	Tpos:590.2,Tstd:254.4,Bpos:473.9,Bstd:265.7,StrandBias:1.0,Multiplicity:1.20
0.001	0.001	0.997	0.001
0.001	0.997	0.001	0.001
0.118	0.001	0.880	0.001
0.001	0.001	0.001	0.997
0.001	0.001	0.211	0.787
0.001	0.001	0.001	0.997
0.001	0.138	0.860	0.001
0.001	0.001	0.001	0.997
0.001	0.997	0.001	0.001
0.997	0.001	0.001	0.001
0.787	0.001	0.001	0.211
0.154	0.001	0.001	0.844
>ABTCCCTTTTCG	7-ABTCCCTTTTCG	10.551681	-15.853889	0	T:9.0(8.26%),B:298.4(0.72%),P:1e-6	Tpos:391.9,Tstd:271.7,Bpos:503.6,Bstd:281.6,StrandBias:1.2,Multiplicity:2.22
0.677	0.321	0.001	0.001
0.001	0.290	0.290	0.419
0.001	0.129	0.001	0.869
0.001	0.997	0.001	0.001
0.001	0.709	0.001	0.289
0.001	0.997	0.001	0.001
0.001	0.001	0.001	0.997
0.289	0.001	0.001	0.709
0.001	0.001	0.289	0.709
0.001	0.001	0.001	0.997
0.001	0.918	0.001	0.080
0.001	0.001	0.997	0.001
>CCAATTTCCTGC	8-CCAATTTCCTGC	13.538661	-15.218458	0	T:7.0(6.42%),B:155.0(0.37%),P:1e-6	Tpos:602.9,Tstd:259.7,Bpos:431.5,Bstd:362.7,StrandBias:1.6,Multiplicity:1.14
0.001	0.997	0.001	0.001
0.157	0.664	0.178	0.001
0.997	0.001	0.001	0.001
0.997	0.001	0.001	0.001
0.001	0.001	0.001	0.997
0.001	0.001	0.001	0.997
0.001	0.001	0.001	0.997
0.001	0.888	0.001	0.110
0.001	0.997	0.001	0.001
0.119	0.001	0.001	0.879
0.001	0.001	0.997	0.001
0.001	0.721	0.129	0.149
>TCAAATCGAATA	9-TCAAATCGAATA	10.744309	-14.885586	0	T:10.0(9.17%),B:442.4(1.07%),P:1e-6	Tpos:482.2,Tstd:256.5,Bpos:559.2,Bstd:305.2,StrandBias:0.3,Multiplicity:1.10
0.001	0.001	0.001	0.997
0.001	0.741	0.001	0.257
0.997	0.001	0.001	0.001
0.997	0.001	0.001	0.001
0.997	0.001	0.001	0.001
0.001	0.095	0.001	0.903
0.001	0.997	0.001	0.001
0.001	0.109	0.889	0.001
0.980	0.001	0.001	0.018
0.997	0.001	0.001	0.001
0.238	0.001	0.001	0.760
0.997	0.001	0.001	0.001
>CAAGGAATTCCT	10-CAAGGAATTCCT	13.858288	-14.778891	0	T:4.0(3.67%),B:19.2(0.05%),P:1e-6	Tpos:543.7,Tstd:147.8,Bpos:479.3,Bstd:352.2,StrandBias:1.0,Multiplicity:1.25
0.001	0.871	0.001	0.127
0.711	0.001	0.154	0.134
0.856	0.001	0.001	0.142
0.001	0.001	0.997	0.001
0.001	0.001	0.997	0.001
0.997	0.001	0.001	0.001
0.997	0.001	0.001	0.001
0.001	0.001	0.001	0.997
0.001	0.001	0.001	0.997
0.001	0.997	0.001	0.001
0.001	0.844	0.154	0.001
0.142	0.001	0.001	0.856
>CTGCACATGTGC	11-CTGCACATGTGC	14.683272	-14.310250	0	T:3.0(2.75%),B:4.8(0.01%),P:1e-6	Tpos:658.3,Tstd:65.9,Bpos:468.0,Bstd:354.7,StrandBias:1.0,Multiplicity:1.00
0.216	0.782	0.001	0.001
0.249	0.001	0.001	0.749
0.001	0.001	0.997	0.001
0.001	0.997	0.001	0.001
0.997	0.001	0.001	0.001
0.001	0.997	0.001	0.001
0.997	0.001	0.001	0.001
0.001	0.001	0.001	0.997
0.001	0.001	0.749	0.249
0.001	0.001	0.001	0.997
0.001	0.001	0.997	0.001
0.001	0.997	0.001	0.001
>TTATCAATTATC	12-TTATCAATTATC	12.347795	-13.934906	0	T:10.0(9.17%),B:492.1(1.19%),P:1e-6	Tpos:596.0,Tstd:325.2,Bpos:476.2,Bstd:295.0,StrandBias:0.2,Multiplicity:1.30
0.001	0.001	0.001	0.997
0.001	0.001	0.001	0.997
0.926	0.001	0.001	0.072
0.001	0.001	0.001	0.997
0.001	0.997	0.001	0.001
0.860	0.001	0.001	0.138
0.910	0.001	0.001	0.088
0.104	0.001	0.177	0.718
0.121	0.001	0.001	0.877
0.807	0.001	0.001	0.191
0.001	0.001	0.001	0.997
0.001	0.997	0.001	0.001
>GTGTATACACTT	13-GTGTATACACTT	10.612216	-11.381862	0	T:8.0(7.34%),B:393.1(0.95%),P:1e-4	Tpos:598.8,Tstd:311.4,Bpos:524.2,Bstd:279.2,StrandBias:-0.2,Multiplicity:1.12
0.001	0.192	0.729	0.078
0.083	0.001	0.001	0.915
0.083	0.001	0.768	0.148
0.001	0.001	0.131	0.867
0.867	0.131	0.001	0.001
0.001	0.116	0.001	0.882
0.737	0.001	0.190	0.072
0.202	0.665	0.132	0.001
0.997	0.001	0.001	0.001
0.089	0.824	0.086	0.001
0.001	0.001	0.001	0.997
0.220	0.001	0.001	0.778
>GCCTGCAGTATA	14-GCCTGCAGTATA	14.571562	-10.799149	0	T:2.0(1.83%),B:1.2(0.00%),P:1e-4	Tpos:341.8,Tstd:339.3,Bpos:325.2,Bstd:22.7,StrandBias:2.0,Multiplicity:2.50
0.001	0.001	0.997	0.001
0.001	0.997	0.001	0.001
0.001	0.944	0.054	0.001
0.001	0.001	0.001	0.997
0.001	0.001	0.997	0.001
0.001	0.997	0.001	0.001
0.997	0.001	0.001	0.001
0.001	0.001	0.997	0.001
0.001	0.001	0.001	0.997
0.973	0.025	0.001	0.001
0.001	0.001	0.001	0.997
0.856	0.142	0.001	0.001
>CGATAAAWTTAG	15-CGATAAAWTTAG	14.123100	-10.699445	0	T:3.0(2.75%),B:18.6(0.04%),P:1e-4	Tpos:566.0,Tstd:221.3,Bpos:525.3,Bstd:307.4,StrandBias:1.6,Multiplicity:1.33
0.001	0.997	0.001	0.001
0.001	0.216	0.782	0.001
0.997	0.001	0.001	0.001
0.001	0.173	0.001	0.825
0.819	0.001	0.179	0.001
0.997	0.001	0.001	0.001
0.997	0.001	0.001	0.001
0.569	0.001	0.001	0.429
0.001	0.001	0.001	0.997
0.001	0.001	0.001	0.997
0.997	0.001	0.001	0.001
0.001	0.001	0.997	0.001
>ACAACAGKAACS	16-ACAACAGKAACS	14.136877	-10.107720	0	T:2.0(1.83%),B:2.5(0.01%),P:1e-4	Tpos:363.3,Tstd:157.7,Bpos:507.1,Bstd:157.2,StrandBias:10.0,Multiplicity:3.00
0.997	0.001	0.001	0.001
0.001	0.997	0.001	0.001
0.997	0.001	0.001	0.001
0.997	0.001	0.001	0.001
0.001	0.997	0.001	0.001
0.602	0.001	0.001	0.396
0.001	0.001	0.997	0.001
0.001	0.001	0.516	0.482
0.997	0.001	0.001	0.001
0.602	0.001	0.001	0.396
0.001	0.997	0.001	0.001
0.001	0.516	0.482	0.001
>ATTATGGAGTTT	17-ATTATGGAGTTT	12.243385	-9.909874	0	T:4.0(3.67%),B:72.7(0.18%),P:1e-4	Tpos:298.4,Tstd:178.1,Bpos:579.9,Bstd:266.8,StrandBias:10.0,Multiplicity:2.25
0.997	0.001	0.001	0.001
0.029	0.001	0.001	0.969
0.040	0.001	0.001	0.958
0.729	0.269	0.001	0.001
0.001	0.001	0.347	0.651
0.001	0.001	0.997	0.001
0.001	0.001	0.997	0.001
0.997	0.001	0.001	0.001
0.001	0.001	0.997	0.001
0.311	0.001	0.001	0.687
0.001	0.001	0.001	0.997
0.001	0.001	0.001	0.997
>ACTACGCHAAGT	18-ACTACGCHAAGT	12.545861	-8.884579	0	T:3.0(2.75%),B:35.7(0.09%),P:1e-3	Tpos:381.0,Tstd:171.3,Bpos:508.0,Bstd:285.9,StrandBias:2.6,Multiplicity:2.33
0.685	0.001	0.313	0.001
0.001	0.997	0.001	0.001
0.001	0.001	0.313	0.685
0.997	0.001	0.001	0.001
0.001	0.997	0.001	0.001
0.001	0.001	0.685	0.313
0.001	0.685	0.313	0.001
0.313	0.313	0.001	0.372
0.997	0.001	0.001	0.001
0.997	0.001	0.001	0.001
0.001	0.001	0.997	0.001
0.001	0.001	0.001	0.997
>TTAATTTTACAT	19-TTAATTTTACAT	10.409522	-8.569874	0	T:13.0(11.93%),B:1516.9(3.66%),P:1e-3	Tpos:464.8,Tstd:200.6,Bpos:497.3,Bstd:296.0,StrandBias:0.2,Multiplicity:1.15
0.100	0.100	0.100	0.700
0.100	0.100	0.100	0.700
0.700	0.100	0.100	0.100
0.700	0.100	0.100	0.100
0.100	0.100	0.100	0.700
0.100	0.100	0.100	0.700
0.100	0.100	0.100	0.700
0.100	0.100	0.100	0.700
0.700	0.100	0.100	0.100
0.100	0.700	0.100	0.100
0.700	0.100	0.100	0.100
0.100	0.100	0.100	0.700
>GTTTTCAAATTT	20-GTTTTCAAATTT	13.291263	-8.047683	0	T:10.0(9.17%),B:994.7(2.40%),P:1e-3	Tpos:484.4,Tstd:297.9,Bpos:526.3,Bstd:294.4,StrandBias:0.9,Multiplicity:1.70
0.001	0.001	0.997	0.001
0.001	0.001	0.001	0.997
0.001	0.001	0.083	0.915
0.001	0.001	0.001	0.997
0.001	0.066	0.079	0.854
0.001	0.858	0.001	0.140
0.997	0.001	0.001	0.001
0.939	0.001	0.059	0.001
0.997	0.001	0.001	0.001
0.001	0.001	0.001	0.997
0.001	0.087	0.001	0.911
0.001	0.001	0.001	0.997
>TTAGAATCTACG	21-TTAGAATCTACG	12.355432	-5.943425	0	T:1.0(0.92%),B:0.0(0.00%),P:1e-2	Tpos:305.6,Tstd:158.8,Bpos:0.0,Bstd:0.0,StrandBias:10.0,Multiplicity:5.00
0.100	0.100	0.100	0.700
0.100	0.100	0.100	0.700
0.700	0.100	0.100	0.100
0.100	0.100	0.700	0.100
0.700	0.100	0.100	0.100
0.700	0.100	0.100	0.100
0.100	0.100	0.100	0.700
0.100	0.700	0.100	0.100
0.100	0.100	0.100	0.700
0.700	0.100	0.100	0.100
0.100	0.700	0.100	0.100
0.100	0.100	0.700	0.100
>AATTGTGCACTG	22-AATTGTGCACTG	16.510366	-5.251578	0	T:1.0(0.92%),B:1.8(0.00%),P:1e-2	Tpos:272.0,Tstd:182.6,Bpos:403.6,Bstd:209.7,StrandBias:10.0,Multiplicity:8.00
0.997	0.001	0.001	0.001
0.997	0.001	0.001	0.001
0.001	0.001	0.001	0.997
0.001	0.001	0.001	0.997
0.001	0.001	0.997	0.001
0.001	0.001	0.001	0.997
0.001	0.001	0.997	0.001
0.001	0.997	0.001	0.001
0.997	0.001	0.001	0.001
0.001	0.997	0.001	0.001
0.086	0.001	0.001	0.912
0.001	0.001	0.997	0.001
>TCGATAAAATTC	23-TCGATAAAATTC	10.409522	-4.976252	0	T:8.0(7.34%),B:1052.6(2.54%),P:1e-2	Tpos:589.1,Tstd:172.3,Bpos:506.5,Bstd:326.7,StrandBias:1.5,Multiplicity:1.88
0.100	0.100	0.100	0.700
0.100	0.700	0.100	0.100
0.100	0.100	0.700	0.100
0.700	0.100	0.100	0.100
0.100	0.100	0.100	0.700
0.700	0.100	0.100	0.100
0.700	0.100	0.100	0.100
0.700	0.100	0.100	0.100
0.700	0.100	0.100	0.100
0.100	0.100	0.100	0.700
0.100	0.100	0.100	0.700
0.100	0.700	0.100	0.100
>GAGAATATGGAG	24-GAGAATATGGAG	12.355432	-4.158162	0	T:1.0(0.92%),B:5.9(0.01%),P:1e-1	Tpos:276.8,Tstd:178.9,Bpos:403.2,Bstd:235.7,StrandBias:10.0,Multiplicity:5.00
0.100	0.100	0.700	0.100
0.700	0.100	0.100	0.100
0.100	0.100	0.700	0.100
0.700	0.100	0.100	0.100
0.700	0.100	0.100	0.100
0.100	0.100	0.100	0.700
0.700	0.100	0.100	0.100
0.100	0.100	0.100	0.700
0.100	0.100	0.700	0.100
0.100	0.100	0.700	0.100
0.700	0.100	0.100	0.100
0.100	0.100	0.700	0.100
>TCTCAGTTTAAA	25-TCTCAGTTTAAA	12.355432	-3.130952	0	T:1.0(0.92%),B:16.2(0.04%),P:1e-1	Tpos:314.6,Tstd:179.6,Bpos:380.7,Bstd:265.7,StrandBias:-10.0,Multiplicity:9.00
0.100	0.100	0.100	0.700
0.100	0.700	0.100	0.100
0.100	0.100	0.100	0.700
0.100	0.700	0.100	0.100
0.700	0.100	0.100	0.100
0.100	0.100	0.700	0.100
0.100	0.100	0.100	0.700
0.100	0.100	0.100	0.700
0.100	0.100	0.100	0.700
0.700	0.100	0.100	0.100
0.700	0.100	0.100	0.100
0.700	0.100	0.100	0.100
>ATCTCCTA	1-ATCTCCTA	7.173320	-14.935419	0	T:33.0(30.28%),B:4974.0(12.00%),P:1e-6	Tpos:581.7,Tstd:286.9,Bpos:522.5,Bstd:313.6,StrandBias:2.2,Multiplicity:1.03
0.748	0.250	0.001	0.001
0.001	0.001	0.001	0.997
0.001	0.997	0.001	0.001
0.113	0.001	0.186	0.700
0.001	0.997	0.001	0.001
0.001	0.997	0.001	0.001
0.001	0.001	0.001	0.997
0.759	0.001	0.239	0.001
>ATCGAYMA	2-ATCGAYMA	8.036563	-13.391546	0	T:35.0(32.11%),B:5861.0(14.14%),P:1e-5	Tpos:542.9,Tstd:280.5,Bpos:519.6,Bstd:325.2,StrandBias:1.0,Multiplicity:1.31
0.820	0.001	0.040	0.139
0.001	0.001	0.001	0.997
0.318	0.588	0.093	0.001
0.001	0.001	0.997	0.001
0.907	0.076	0.016	0.001
0.001	0.345	0.194	0.460
0.450	0.348	0.001	0.201
0.904	0.001	0.044	0.051
>CTGGTGTT	3-CTGGTGTT	7.994128	-12.416355	0	T:27.0(24.77%),B:4008.6(9.67%),P:1e-5	Tpos:569.3,Tstd:269.8,Bpos:503.9,Bstd:309.4,StrandBias:1.0,Multiplicity:1.00
0.001	0.997	0.001	0.001
0.001	0.001	0.001	0.997
0.001	0.349	0.649	0.001
0.001	0.001	0.900	0.098
0.163	0.001	0.001	0.835
0.001	0.001	0.997	0.001
0.305	0.001	0.001	0.693
0.001	0.006	0.135	0.858
>CCGRCATT	4-CCGRCATT	8.361435	-11.208138	0	T:29.0(26.61%),B:4803.2(11.59%),P:1e-4	Tpos:526.8,Tstd:286.9,Bpos:491.8,Bstd:315.5,StrandBias:0.1,Multiplicity:1.14
0.001	0.997	0.001	0.001
0.001	0.842	0.156	0.001
0.001	0.001	0.997	0.001
0.530	0.001	0.414	0.055
0.317	0.681	0.001	0.001
0.837	0.161	0.001	0.001
0.001	0.259	0.052	0.688
0.001	0.001	0.001	0.997
>AAACCGGG	5-AAACCGGG	3.621567	-10.506350	0	T:17.0(15.60%),B:2050.9(4.95%),P:1e-4	Tpos:620.7,Tstd:239.4,Bpos:489.5,Bstd:323.4,StrandBias:-2.5,Multiplicity:1.18
0.997	0.001	0.001	0.001
0.581	0.417	0.001	0.001
0.680	0.318	0.001	0.001
0.001	0.997	0.001	0.001
0.001	0.997	0.001	0.001
0.001	0.001	0.997	0.001
0.001	0.001	0.997	0.001
0.001	0.001	0.997	0.001
>ACTGAGGR	6-ACTGAGGR	9.368490	-7.950338	0	T:17.0(15.60%),B:2537.8(6.12%),P:1e-3	Tpos:416.4,Tstd:257.0,Bpos:495.2,Bstd:305.4,StrandBias:0.4,Multiplicity:1.53
0.997	0.001	0.001	0.001
0.001	0.997	0.001	0.001
0.001	0.001	0.001	0.997
0.001	0.001	0.997	0.001
0.997	0.001	0.001	0.001
0.001	0.001	0.997	0.001
0.352	0.001	0.646	0.001
0.517	0.001	0.481	0.001
>CCCCCCCC	7-CCCCCCCC	5.093928	-7.650582	0	T:33.0(30.28%),B:7058.1(17.03%),P:1e-3	Tpos:550.9,Tstd:316.0,Bpos:551.7,Bstd:351.6,StrandBias:2.7,Multiplicity:1.16
0.118	0.659	0.112	0.111
0.139	0.654	0.082	0.125
0.131	0.597	0.123	0.149
0.108	0.587	0.125	0.180
0.134	0.638	0.093	0.135
0.145	0.619	0.087	0.149
0.140	0.590	0.063	0.207
0.113	0.662	0.083	0.142
>MACTCCAH	8-MACTCCAH	8.266702	-6.343440	0	T:16.0(14.68%),B:2676.3(6.46%),P:1e-2	Tpos:404.0,Tstd:242.3,Bpos:494.3,Bstd:294.4,StrandBias:-0.8,Multiplicity:1.75
0.338	0.344	0.175	0.143
0.861	0.001	0.137	0.001
0.001	0.997	0.001	0.001
0.001	0.001	0.001	0.997
0.001	0.824	0.174	0.001
0.001	0.861	0.001	0.137
0.859	0.139	0.001	0.001
0.331	0.283	0.001	0.386
>ACCAGTGC	9-ACCAGTGC	6.657840	-6.288113	0	T:20.0(18.35%),B:3760.3(9.07%),P:1e-2	Tpos:490.6,Tstd:293.3,Bpos:513.8,Bstd:308.9,StrandBias:0.2,Multiplicity:1.60
0.960	0.038	0.001	0.001
0.001	0.885	0.001	0.113
0.001	0.997	0.001	0.001
0.924	0.001	0.001	0.074
0.001	0.001	0.997	0.001
0.001	0.001	0.001	0.997
0.001	0.001	0.878	0.120
0.001	0.997	0.001	0.001
>TACGACGC	10-TACGACGC	8.242276	-5.958073	0	T:10.0(9.17%),B:1315.1(3.17%),P:1e-2	Tpos:397.1,Tstd:212.6,Bpos:508.5,Bstd:316.7,StrandBias:1.3,Multiplicity:1.70
0.155	0.001	0.001	0.843
0.997	0.001	0.001	0.001
0.001	0.746	0.252	0.001
0.001	0.001	0.997	0.001
0.997	0.001	0.001	0.001
0.001	0.693	0.001	0.305
0.266	0.001	0.732	0.001
0.001	0.997	0.001	0.001
>CCCCCTTT	11-CCCCCTTT	6.453799	-5.440722	0	T:16.0(14.68%),B:2933.8(7.08%),P:1e-2	Tpos:476.6,Tstd:261.2,Bpos:538.0,Bstd:330.1,StrandBias:0.7,Multiplicity:1.81
0.153	0.429	0.216	0.202
0.128	0.827	0.044	0.001
0.084	0.742	0.117	0.057
0.075	0.771	0.153	0.001
0.001	0.540	0.139	0.320
0.056	0.150	0.143	0.651
0.106	0.161	0.253	0.480
0.218	0.065	0.155	0.562
>ACAATTGA	12-ACAATTGA	9.022545	-4.296057	0	T:32.0(29.36%),B:8329.0(20.10%),P:1e-1	Tpos:445.1,Tstd:281.2,Bpos:505.8,Bstd:302.9,StrandBias:-0.9,Multiplicity:1.70
0.997	0.001	0.001	0.001
0.001	0.753	0.001	0.245
0.997	0.001	0.001	0.001
0.997	0.001	0.001	0.001
0.001	0.001	0.001	0.997
0.001	0.171	0.001	0.827
0.001	0.001	0.997	0.001
0.997	0.001	0.001	0.001
