>GGTGGAAGAGGA	1-GGTGGAAGAGGA	11.116837	-34.625829	0	T:19.0(8.09%),B:232.3(0.58%),P:1e-15	Tpos:454.7,Tstd:255.3,Bpos:527.2,Bstd:352.3,StrandBias:-0.8,Multiplicity:1.00
0.001	0.061	0.937	0.001
0.084	0.091	0.729	0.096
0.001	0.001	0.001	0.997
0.001	0.001	0.934	0.064
0.001	0.001	0.997	0.001
0.908	0.090	0.001	0.001
0.889	0.001	0.001	0.109
0.070	0.001	0.809	0.120
0.997	0.001	0.001	0.001
0.051	0.001	0.947	0.001
0.001	0.001	0.997	0.001
0.903	0.001	0.001	0.095
>TAAAACTTTTAC	2-TAAAACTTTTAC	12.817854	-26.895040	0	T:17.0(7.23%),B:274.0(0.69%),P:1e-11	Tpos:533.4,Tstd:293.9,Bpos:489.1,Bstd:286.3,StrandBias:0.0,Multiplicity:1.06
0.001	0.001	0.041	0.957
0.877	0.050	0.072	0.001
0.997	0.001	0.001	0.001
0.997	0.001	0.001	0.001
0.729	0.001	0.194	0.076
0.001	0.731	0.046	0.222
0.001	0.001	0.001	0.997
0.001	0.001	0.001	0.997
0.001	0.001	0.001	0.997
0.060	0.001	0.001	0.938
0.930	0.001	0.068	0.001
0.001	0.894	0.104	0.001
>AGAAGAAGATGT	3-AGAAGAAGATGT	12.738989	-25.106318	0	T:16.0(6.81%),B:264.0(0.66%),P:1e-10	Tpos:601.4,Tstd:253.7,Bpos:533.7,Bstd:324.7,StrandBias:-1.1,Multiplicity:1.00
0.997	0.001	0.001	0.001
0.001	0.087	0.911	0.001
0.781	0.096	0.001	0.122
0.997	0.001	0.001	0.001
0.072	0.001	0.926	0.001
0.997	0.001	0.001	0.001
0.869	0.001	0.129	0.001
0.001	0.001	0.911	0.087
0.847	0.073	0.079	0.001
0.022	0.053	0.001	0.924
0.060	0.001	0.878	0.061
0.001	0.001	0.001	0.997
>ATATTCATGAAT	4-ATATTCATGAAT	12.258271	-24.204337	0	T:17.0(7.23%),B:328.1(0.82%),P:1e-10	Tpos:623.0,Tstd:252.1,Bpos:474.0,Bstd:307.8,StrandBias:0.9,Multiplicity:1.00
0.997	0.001	0.001	0.001
0.077	0.001	0.070	0.852
0.889	0.001	0.109	0.001
0.001	0.001	0.001	0.997
0.127	0.001	0.001	0.871
0.001	0.997	0.001	0.001
0.810	0.001	0.001	0.188
0.032	0.001	0.060	0.907
0.001	0.222	0.776	0.001
0.997	0.001	0.001	0.001
0.656	0.001	0.001	0.342
0.001	0.192	0.001	0.806
>CCCCCCTTCTCA	5-CCCCCCTTCTCA	13.300890	-24.062990	0	T:9.0(3.83%),B:46.1(0.12%),P:1e-10	Tpos:674.7,Tstd:235.2,Bpos:594.7,Bstd:330.4,StrandBias:1.0,Multiplicity:1.00
0.116	0.737	0.001	0.146
0.001	0.830	0.168	0.001
0.001	0.997	0.001	0.001
0.110	0.888	0.001	0.001
0.001	0.915	0.001	0.083
0.001	0.901	0.001	0.097
0.001	0.001	0.001	0.997
0.001	0.001	0.001	0.997
0.001	0.893	0.001	0.105
0.001	0.001	0.001	0.997
0.001	0.997	0.001	0.001
0.997	0.001	0.001	0.001
>ATCTGTAGTACG	6-ATCTGTAGTACG	14.184094	-23.948854	0	T:5.0(2.13%),B:1.9(0.00%),P:1e-10	Tpos:251.2,Tstd:151.2,Bpos:36.0,Bstd:0.0,StrandBias:0.6,Multiplicity:1.00
0.997	0.001	0.001	0.001
0.205	0.001	0.001	0.793
0.001	0.997	0.001	0.001
0.001	0.001	0.205	0.793
0.001	0.205	0.793	0.001
0.001	0.001	0.001	0.997
0.997	0.001	0.001	0.001
0.001	0.177	0.821	0.001
0.001	0.001	0.001	0.997
0.997	0.001	0.001	0.001
0.001	0.997	0.001	0.001
0.001	0.001	0.997	0.001
>CTATTGTTATTA	7-CTATTGTTATTA	12.472801	-23.863730	0	T:12.0(5.11%),B:127.1(0.32%),P:1e-10	Tpos:707.8,Tstd:218.6,Bpos:448.5,Bstd:285.0,StrandBias:1.6,Multiplicity:1.00
0.171	0.543	0.088	0.198
0.133	0.001	0.326	0.540
0.825	0.005	0.106	0.064
0.132	0.001	0.001	0.866
0.079	0.001	0.001	0.919
0.159	0.001	0.839	0.001
0.095	0.001	0.001	0.903
0.001	0.001	0.001	0.997
0.716	0.004	0.279	0.001
0.135	0.001	0.001	0.863
0.015	0.231	0.001	0.753
0.934	0.004	0.061	0.001
>GAATWAGTGRTG	8-GAATWAGTGRTG	9.218066	-23.309748	0	T:55.0(23.40%),B:3630.7(9.12%),P:1e-10	Tpos:538.5,Tstd:285.3,Bpos:531.9,Bstd:315.9,StrandBias:-2.0,Multiplicity:1.07
0.342	0.001	0.656	0.001
0.971	0.001	0.001	0.027
0.853	0.001	0.053	0.093
0.127	0.140	0.038	0.695
0.404	0.001	0.061	0.534
0.937	0.001	0.035	0.027
0.346	0.042	0.518	0.094
0.068	0.060	0.001	0.871
0.001	0.001	0.974	0.024
0.470	0.001	0.434	0.095
0.175	0.043	0.001	0.781
0.001	0.222	0.625	0.152
>TTGAACCCTAAA	9-TTGAACCCTAAA	13.293886	-23.072882	0	T:10.0(4.26%),B:76.9(0.19%),P:1e-10	Tpos:364.9,Tstd:138.1,Bpos:473.4,Bstd:371.9,StrandBias:0.0,Multiplicity:1.00
0.001	0.001	0.001	0.997
0.001	0.001	0.001	0.997
0.109	0.114	0.776	0.001
0.997	0.001	0.001	0.001
0.997	0.001	0.001	0.001
0.001	0.908	0.001	0.090
0.089	0.834	0.001	0.076
0.001	0.997	0.001	0.001
0.001	0.001	0.001	0.997
0.834	0.001	0.001	0.164
0.809	0.001	0.189	0.001
0.997	0.001	0.001	0.001
>GGGTCTCCATAA	10-GGGTCTCCATAA	14.189766	-22.927765	0	T:6.0(2.55%),B:8.9(0.02%),P:1e-9	Tpos:308.7,Tstd:155.2,Bpos:493.7,Bstd:275.9,StrandBias:0.0,Multiplicity:1.00
0.001	0.001	0.819	0.179
0.001	0.001	0.997	0.001
0.001	0.001	0.771	0.227
0.001	0.001	0.001	0.997
0.001	0.802	0.001	0.196
0.001	0.001	0.001	0.997
0.001	0.997	0.001	0.001
0.001	0.997	0.001	0.001
0.997	0.001	0.001	0.001
0.001	0.001	0.001	0.997
0.997	0.001	0.001	0.001
0.802	0.001	0.196	0.001
>AGAAGCCAAAAG	11-AGAAGCCAAAAG	12.918172	-22.437656	0	T:12.0(5.11%),B:145.3(0.36%),P:1e-9	Tpos:661.9,Tstd:299.5,Bpos:526.0,Bstd:353.4,StrandBias:-1.2,Multiplicity:1.08
0.997	0.001	0.001	0.001
0.180	0.001	0.818	0.001
0.788	0.096	0.115	0.001
0.997	0.001	0.001	0.001
0.058	0.001	0.856	0.085
0.001	0.997	0.001	0.001
0.057	0.857	0.001	0.085
0.997	0.001	0.001	0.001
0.997	0.001	0.001	0.001
0.789	0.001	0.078	0.132
0.997	0.001	0.001	0.001
0.001	0.001	0.997	0.001
>CTATCATATTTT	12-CTATCATATTTT	12.606169	-22.188322	0	T:20.0(8.51%),B:550.8(1.38%),P:1e-9	Tpos:532.1,Tstd:295.6,Bpos:509.5,Bstd:295.8,StrandBias:2.5,Multiplicity:1.00
0.001	0.834	0.001	0.164
0.047	0.082	0.092	0.779
0.951	0.001	0.001	0.047
0.071	0.001	0.001	0.927
0.048	0.899	0.001	0.052
0.911	0.087	0.001	0.001
0.001	0.078	0.001	0.920
0.997	0.001	0.001	0.001
0.069	0.086	0.001	0.844
0.001	0.001	0.001	0.997
0.001	0.001	0.001	0.997
0.001	0.001	0.001	0.997
>CTACACGAAGAC	13-CTACACGAAGAC	13.842045	-21.956753	0	T:6.0(2.55%),B:10.2(0.03%),P:1e-9	Tpos:556.6,Tstd:237.6,Bpos:619.4,Bstd:311.0,StrandBias:-0.4,Multiplicity:1.17
0.001	0.865	0.133	0.001
0.001	0.001	0.001	0.997
0.816	0.001	0.001	0.182
0.001	0.816	0.182	0.001
0.997	0.001	0.001	0.001
0.001	0.997	0.001	0.001
0.001	0.001	0.997	0.001
0.997	0.001	0.001	0.001
0.816	0.182	0.001	0.001
0.001	0.001	0.997	0.001
0.997	0.001	0.001	0.001
0.133	0.865	0.001	0.001
>AATCTGTATTAA	14-AATCTGTATTAA	12.287858	-21.930653	0	T:13.0(5.53%),B:191.0(0.48%),P:1e-9	Tpos:471.1,Tstd:268.2,Bpos:505.1,Bstd:297.4,StrandBias:1.7,Multiplicity:1.00
0.744	0.254	0.001	0.001
0.997	0.001	0.001	0.001
0.108	0.001	0.001	0.890
0.083	0.839	0.001	0.077
0.001	0.001	0.001	0.997
0.001	0.001	0.997	0.001
0.082	0.001	0.001	0.916
0.997	0.001	0.001	0.001
0.001	0.001	0.001	0.997
0.001	0.132	0.001	0.866
0.885	0.113	0.001	0.001
0.997	0.001	0.001	0.001
>CTTCAGAGACTA	15-CTTCAGAGACTA	12.013296	-21.859361	0	T:8.0(3.40%),B:39.4(0.10%),P:1e-9	Tpos:486.1,Tstd:302.2,Bpos:414.8,Bstd:294.7,StrandBias:0.7,Multiplicity:1.00
0.001	0.868	0.130	0.001
0.001	0.001	0.001	0.997
0.140	0.001	0.001	0.858
0.001	0.997	0.001	0.001
0.844	0.001	0.001	0.154
0.001	0.001	0.997	0.001
0.997	0.001	0.001	0.001
0.001	0.001	0.997	0.001
0.844	0.001	0.001	0.154
0.001	0.892	0.106	0.001
0.001	0.001	0.001	0.997
0.820	0.001	0.178	0.001
>ACAAATTGCACA	16-ACAAATTGCACA	13.186485	-21.632110	0	T:13.0(5.53%),B:196.2(0.49%),P:1e-9	Tpos:400.7,Tstd:224.7,Bpos:538.6,Bstd:271.2,StrandBias:-0.7,Multiplicity:1.00
0.997	0.001	0.001	0.001
0.163	0.769	0.067	0.001
0.861	0.137	0.001	0.001
0.997	0.001	0.001	0.001
0.997	0.001	0.001	0.001
0.001	0.107	0.001	0.891
0.001	0.001	0.157	0.841
0.001	0.001	0.947	0.051
0.001	0.905	0.093	0.001
0.909	0.001	0.001	0.089
0.043	0.955	0.001	0.001
0.997	0.001	0.001	0.001
>CAAAGCTGCTTT	17-CAAAGCTGCTTT	9.921407	-21.288541	0	T:24.0(10.21%),B:856.5(2.15%),P:1e-9	Tpos:599.3,Tstd:280.4,Bpos:478.0,Bstd:298.0,StrandBias:0.1,Multiplicity:1.12
0.179	0.752	0.068	0.001
0.703	0.121	0.074	0.102
0.726	0.272	0.001	0.001
0.897	0.001	0.101	0.001
0.314	0.001	0.567	0.118
0.102	0.844	0.001	0.053
0.001	0.001	0.001	0.997
0.001	0.105	0.893	0.001
0.001	0.997	0.001	0.001
0.001	0.001	0.005	0.993
0.311	0.001	0.150	0.538
0.057	0.001	0.105	0.837
>GTATTATGTTTG	18-GTATTATGTTTG	13.000096	-19.630919	0	T:9.0(3.83%),B:80.5(0.20%),P:1e-8	Tpos:622.4,Tstd:218.5,Bpos:519.7,Bstd:260.9,StrandBias:0.3,Multiplicity:1.00
0.001	0.001	0.997	0.001
0.097	0.001	0.001	0.901
0.932	0.001	0.001	0.066
0.093	0.001	0.001	0.905
0.075	0.001	0.115	0.809
0.946	0.001	0.001	0.052
0.001	0.001	0.001	0.997
0.001	0.001	0.956	0.042
0.001	0.001	0.001	0.997
0.001	0.001	0.156	0.842
0.001	0.001	0.114	0.884
0.001	0.090	0.908	0.001
>TTATACAAAAAA	19-TTATACAAAAAA	10.270579	-18.825967	0	T:52.0(22.13%),B:3765.9(9.46%),P:1e-8	Tpos:506.5,Tstd:276.5,Bpos:502.2,Bstd:299.8,StrandBias:-0.2,Multiplicity:1.10
0.001	0.294	0.001	0.704
0.020	0.022	0.037	0.921
0.837	0.001	0.161	0.001
0.001	0.001	0.231	0.767
0.680	0.066	0.001	0.253
0.001	0.995	0.003	0.001
0.602	0.367	0.030	0.001
0.858	0.034	0.078	0.030
0.862	0.001	0.043	0.094
0.915	0.001	0.083	0.001
0.873	0.031	0.095	0.001
0.835	0.035	0.053	0.077
>TTACGAAAAGGG	20-TTACGAAAAGGG	10.667928	-18.164509	0	T:6.0(2.55%),B:22.6(0.06%),P:1e-7	Tpos:624.3,Tstd:232.3,Bpos:573.1,Bstd:325.1,StrandBias:1.0,Multiplicity:1.00
0.001	0.001	0.001	0.997
0.001	0.001	0.001	0.997
0.997	0.001	0.001	0.001
0.001	0.997	0.001	0.001
0.001	0.001	0.997	0.001
0.803	0.001	0.195	0.001
0.997	0.001	0.001	0.001
0.927	0.001	0.001	0.071
0.747	0.190	0.062	0.001
0.001	0.001	0.997	0.001
0.001	0.001	0.997	0.001
0.001	0.001	0.997	0.001
>ATACTAGTATAT	21-ATACTAGTATAT	13.512052	-17.042622	0	T:7.0(2.98%),B:49.1(0.12%),P:1e-7	Tpos:324.9,Tstd:222.4,Bpos:549.0,Bstd:290.7,StrandBias:1.6,Multiplicity:1.00
0.997	0.001	0.001	0.001
0.001	0.001	0.001	0.997
0.997	0.001	0.001	0.001
0.001	0.741	0.147	0.111
0.001	0.161	0.001	0.837
0.997	0.001	0.001	0.001
0.001	0.001	0.862	0.136
0.001	0.001	0.001	0.997
0.883	0.001	0.115	0.001
0.001	0.001	0.001	0.997
0.887	0.001	0.001	0.111
0.107	0.001	0.001	0.891
>CACTATAAAAGG	22-CACTATAAAAGG	13.906623	-16.792933	0	T:7.0(2.98%),B:51.4(0.13%),P:1e-7	Tpos:345.8,Tstd:329.6,Bpos:689.3,Bstd:304.9,StrandBias:0.0,Multiplicity:1.14
0.001	0.997	0.001	0.001
0.997	0.001	0.001	0.001
0.001	0.997	0.001	0.001
0.001	0.176	0.001	0.822
0.997	0.001	0.001	0.001
0.001	0.001	0.001	0.997
0.997	0.001	0.001	0.001
0.997	0.001	0.001	0.001
0.997	0.001	0.001	0.001
0.997	0.001	0.001	0.001
0.134	0.256	0.609	0.001
0.134	0.160	0.705	0.001
>AYAYGGTAMATT	23-AYAYGGTAMATT	11.214247	-15.625504	0	T:16.0(6.81%),B:526.5(1.32%),P:1e-6	Tpos:367.9,Tstd:229.7,Bpos:480.7,Bstd:309.4,StrandBias:-1.9,Multiplicity:1.19
0.997	0.001	0.001	0.001
0.017	0.497	0.001	0.485
0.997	0.001	0.001	0.001
0.001	0.528	0.001	0.470
0.044	0.042	0.844	0.070
0.001	0.146	0.821	0.032
0.053	0.001	0.108	0.838
0.683	0.001	0.210	0.106
0.455	0.495	0.049	0.001
0.997	0.001	0.001	0.001
0.001	0.001	0.001	0.997
0.001	0.324	0.001	0.674
>TGGTTTATTATG	24-TGGTTTATTATG	12.355432	-13.134800	0	T:3.0(1.28%),B:2.6(0.01%),P:1e-5	Tpos:520.7,Tstd:358.1,Bpos:556.4,Bstd:192.7,StrandBias:1.0,Multiplicity:1.00
0.100	0.100	0.100	0.700
0.100	0.100	0.700	0.100
0.100	0.100	0.700	0.100
0.100	0.100	0.100	0.700
0.100	0.100	0.100	0.700
0.100	0.100	0.100	0.700
0.700	0.100	0.100	0.100
0.100	0.100	0.100	0.700
0.100	0.100	0.100	0.700
0.700	0.100	0.100	0.100
0.100	0.100	0.100	0.700
0.100	0.100	0.700	0.100
>GTCGGCTGCTAA	25-GTCGGCTGCTAA	11.128432	-11.506012	0	T:9.0(3.83%),B:222.8(0.56%),P:1e-4	Tpos:462.4,Tstd:245.4,Bpos:486.5,Bstd:298.1,StrandBias:-1.8,Multiplicity:2.00
0.001	0.001	0.806	0.192
0.001	0.149	0.001	0.849
0.001	0.920	0.001	0.078
0.001	0.108	0.689	0.202
0.001	0.001	0.997	0.001
0.001	0.997	0.001	0.001
0.001	0.141	0.001	0.857
0.001	0.280	0.718	0.001
0.093	0.905	0.001	0.001
0.093	0.001	0.001	0.905
0.643	0.084	0.272	0.001
0.964	0.034	0.001	0.001
