>TTTGATAAGACA	1-TTTGATAAGACA	12.867319	-26.900063	0	T:11.0(13.58%),B:222.2(0.57%),P:1e-11	Tpos:736.7,Tstd:261.0,Bpos:537.7,Bstd:335.4,StrandBias:-1.0,Multiplicity:1.09
0.305	0.001	0.001	0.693
0.001	0.001	0.001	0.997
0.001	0.001	0.001	0.997
0.001	0.001	0.997	0.001
0.997	0.001	0.001	0.001
0.001	0.001	0.225	0.773
0.997	0.001	0.001	0.001
0.997	0.001	0.001	0.001
0.001	0.001	0.780	0.218
0.790	0.001	0.208	0.001
0.001	0.667	0.001	0.331
0.770	0.001	0.216	0.013
>TTGGTGATAAGG	2-TTGGTGATAAGG	13.660454	-26.518266	0	T:8.0(9.88%),B:67.0(0.17%),P:1e-11	Tpos:589.8,Tstd:318.5,Bpos:435.7,Bstd:352.2,StrandBias:-0.7,Multiplicity:1.00
0.001	0.001	0.001	0.997
0.001	0.001	0.001	0.997
0.001	0.001	0.863	0.135
0.266	0.001	0.732	0.001
0.001	0.001	0.001	0.997
0.001	0.001	0.997	0.001
0.821	0.001	0.001	0.177
0.001	0.001	0.001	0.997
0.997	0.001	0.001	0.001
0.997	0.001	0.001	0.001
0.115	0.001	0.883	0.001
0.001	0.001	0.874	0.124
>CTAGCATTCGAC	3-CTAGCATTCGAC	8.357296	-25.982666	0	T:22.0(27.16%),B:1738.0(4.42%),P:1e-11	Tpos:585.1,Tstd:287.8,Bpos:491.6,Bstd:307.2,StrandBias:-0.1,Multiplicity:1.05
0.196	0.620	0.106	0.078
0.081	0.001	0.047	0.871
0.758	0.132	0.034	0.076
0.038	0.129	0.788	0.045
0.099	0.581	0.190	0.130
0.971	0.001	0.001	0.027
0.111	0.001	0.001	0.887
0.046	0.001	0.001	0.952
0.180	0.675	0.001	0.144
0.257	0.098	0.431	0.214
0.795	0.052	0.152	0.001
0.147	0.675	0.177	0.001
>TCTTATCACTAG	4-TCTTATCACTAG	8.352215	-18.168575	0	T:35.0(43.21%),B:6452.7(16.43%),P:1e-7	Tpos:591.2,Tstd:293.2,Bpos:531.5,Bstd:320.6,StrandBias:0.1,Multiplicity:1.29
0.001	0.001	0.006	0.992
0.190	0.720	0.001	0.089
0.001	0.001	0.001	0.997
0.001	0.001	0.001	0.997
0.876	0.001	0.001	0.122
0.190	0.006	0.001	0.803
0.001	0.997	0.001	0.001
0.994	0.001	0.001	0.004
0.004	0.515	0.222	0.259
0.001	0.111	0.001	0.887
0.645	0.001	0.169	0.185
0.096	0.099	0.599	0.206
>TCGAATTCTCTA	5-TCGAATTCTCTA	13.879211	-17.679118	0	T:7.0(8.64%),B:137.5(0.35%),P:1e-7	Tpos:339.4,Tstd:222.6,Bpos:390.8,Bstd:320.6,StrandBias:0.7,Multiplicity:1.14
0.001	0.001	0.001	0.997
0.170	0.828	0.001	0.001
0.155	0.001	0.726	0.118
0.997	0.001	0.001	0.001
0.997	0.001	0.001	0.001
0.001	0.001	0.001	0.997
0.001	0.001	0.001	0.997
0.001	0.668	0.208	0.123
0.001	0.001	0.001	0.997
0.001	0.997	0.001	0.001
0.001	0.001	0.001	0.997
0.997	0.001	0.001	0.001
>TAAATAATGAGC	6-TAAATAATGAGC	10.384929	-17.278686	0	T:12.0(14.81%),B:714.1(1.82%),P:1e-7	Tpos:391.1,Tstd:365.6,Bpos:500.5,Bstd:311.5,StrandBias:1.2,Multiplicity:1.08
0.036	0.158	0.001	0.805
0.997	0.001	0.001	0.001
0.990	0.008	0.001	0.001
0.991	0.007	0.001	0.001
0.098	0.204	0.001	0.697
0.611	0.001	0.204	0.184
0.645	0.001	0.337	0.017
0.421	0.001	0.005	0.573
0.026	0.001	0.855	0.118
0.794	0.001	0.204	0.001
0.001	0.001	0.997	0.001
0.023	0.964	0.007	0.006
>TAAAATAATCTG	7-TAAAATAATCTG	13.349249	-17.104345	0	T:9.0(11.11%),B:332.9(0.85%),P:1e-7	Tpos:560.0,Tstd:268.7,Bpos:502.6,Bstd:318.3,StrandBias:0.0,Multiplicity:1.11
0.092	0.001	0.001	0.906
0.997	0.001	0.001	0.001
0.997	0.001	0.001	0.001
0.997	0.001	0.001	0.001
0.845	0.001	0.001	0.153
0.085	0.142	0.001	0.772
0.997	0.001	0.001	0.001
0.905	0.001	0.001	0.093
0.220	0.001	0.001	0.778
0.001	0.997	0.001	0.001
0.001	0.001	0.001	0.997
0.097	0.001	0.901	0.001
>AACTTTTCTTGC	8-AACTTTTCTTGC	9.925550	-16.951364	0	T:17.0(20.99%),B:1657.9(4.22%),P:1e-7	Tpos:453.6,Tstd:266.3,Bpos:496.6,Bstd:308.7,StrandBias:0.2,Multiplicity:1.12
0.747	0.098	0.003	0.152
0.884	0.003	0.001	0.112
0.001	0.847	0.092	0.060
0.001	0.002	0.002	0.995
0.109	0.002	0.001	0.888
0.001	0.001	0.001	0.997
0.001	0.151	0.256	0.592
0.157	0.816	0.001	0.026
0.209	0.001	0.093	0.697
0.020	0.001	0.224	0.755
0.001	0.001	0.973	0.025
0.010	0.738	0.238	0.014
>TAGAATGTTCAT	9-TAGAATGTTCAT	13.543265	-16.805615	0	T:6.0(7.41%),B:90.8(0.23%),P:1e-7	Tpos:686.0,Tstd:313.0,Bpos:457.1,Bstd:311.9,StrandBias:-1.0,Multiplicity:1.00
0.001	0.001	0.001	0.997
0.820	0.001	0.178	0.001
0.094	0.001	0.904	0.001
0.760	0.001	0.238	0.001
0.799	0.001	0.001	0.199
0.001	0.001	0.001	0.997
0.001	0.001	0.895	0.103
0.001	0.001	0.001	0.997
0.001	0.001	0.001	0.997
0.001	0.997	0.001	0.001
0.997	0.001	0.001	0.001
0.001	0.001	0.001	0.997
>TGTGGGATTTTT	10-TGTGGGATTTTT	13.252589	-16.761109	0	T:9.0(11.11%),B:346.6(0.88%),P:1e-7	Tpos:547.9,Tstd:319.0,Bpos:486.4,Bstd:289.1,StrandBias:0.0,Multiplicity:1.11
0.001	0.191	0.001	0.807
0.001	0.001	0.753	0.245
0.001	0.001	0.001	0.997
0.001	0.001	0.882	0.116
0.001	0.001	0.997	0.001
0.085	0.001	0.913	0.001
0.997	0.001	0.001	0.001
0.001	0.001	0.001	0.997
0.001	0.001	0.001	0.997
0.001	0.237	0.001	0.761
0.001	0.001	0.001	0.997
0.001	0.001	0.001	0.997
>AAAACGTCAAAC	11-AAAACGTCAAAC	9.745275	-15.430881	0	T:18.0(22.22%),B:2076.8(5.29%),P:1e-6	Tpos:577.3,Tstd:290.0,Bpos:522.8,Bstd:304.5,StrandBias:-0.7,Multiplicity:1.17
0.940	0.001	0.001	0.058
0.857	0.001	0.141	0.001
0.827	0.001	0.081	0.091
0.801	0.071	0.001	0.127
0.001	0.891	0.060	0.048
0.001	0.146	0.852	0.001
0.001	0.043	0.001	0.955
0.171	0.711	0.047	0.071
0.789	0.001	0.048	0.162
0.800	0.118	0.081	0.001
0.740	0.136	0.001	0.123
0.086	0.858	0.001	0.055
>TGCATBCATGCT	12-TGCATBCATGCT	12.411066	-14.851972	0	T:5.0(6.17%),B:65.0(0.17%),P:1e-6	Tpos:460.9,Tstd:286.8,Bpos:479.7,Bstd:266.3,StrandBias:-0.4,Multiplicity:1.40
0.001	0.001	0.380	0.618
0.001	0.001	0.997	0.001
0.001	0.997	0.001	0.001
0.997	0.001	0.001	0.001
0.001	0.001	0.001	0.997
0.001	0.344	0.328	0.328
0.001	0.997	0.001	0.001
0.671	0.001	0.327	0.001
0.001	0.001	0.001	0.997
0.001	0.336	0.662	0.001
0.001	0.671	0.327	0.001
0.001	0.001	0.001	0.997
>TCGACTTTGTTC	13-TCGACTTTGTTC	13.509374	-13.706303	0	T:5.0(6.17%),B:83.5(0.21%),P:1e-5	Tpos:428.7,Tstd:293.3,Bpos:465.5,Bstd:302.2,StrandBias:1.0,Multiplicity:1.20
0.001	0.001	0.206	0.792
0.001	0.997	0.001	0.001
0.001	0.157	0.841	0.001
0.997	0.001	0.001	0.001
0.144	0.854	0.001	0.001
0.001	0.001	0.001	0.997
0.001	0.194	0.001	0.804
0.001	0.001	0.001	0.997
0.001	0.001	0.900	0.098
0.001	0.001	0.001	0.997
0.001	0.001	0.001	0.997
0.001	0.997	0.001	0.001
>GCTCCACRGTAT	14-GCTCCACRGTAT	12.195219	-12.715022	0	T:3.0(3.70%),B:11.1(0.03%),P:1e-5	Tpos:289.4,Tstd:140.7,Bpos:563.0,Bstd:301.3,StrandBias:10.0,Multiplicity:3.67
0.001	0.001	0.997	0.001
0.001	0.997	0.001	0.001
0.001	0.001	0.001	0.997
0.001	0.997	0.001	0.001
0.001	0.997	0.001	0.001
0.895	0.001	0.001	0.103
0.001	0.997	0.001	0.001
0.427	0.001	0.571	0.001
0.001	0.001	0.997	0.001
0.206	0.001	0.001	0.792
0.997	0.001	0.001	0.001
0.001	0.001	0.001	0.997
>TCTTGCAAAATT	15-TCTTGCAAAATT	10.189250	-12.529353	0	T:18.0(22.22%),B:2544.6(6.48%),P:1e-5	Tpos:470.6,Tstd:289.5,Bpos:509.6,Bstd:292.2,StrandBias:0.3,Multiplicity:1.22
0.056	0.077	0.127	0.740
0.158	0.722	0.091	0.029
0.045	0.001	0.001	0.953
0.123	0.033	0.049	0.795
0.001	0.095	0.903	0.001
0.036	0.784	0.034	0.146
0.855	0.001	0.030	0.114
0.851	0.042	0.001	0.106
0.911	0.033	0.055	0.001
0.784	0.050	0.123	0.043
0.057	0.035	0.046	0.862
0.106	0.001	0.039	0.854
>AAAATGACGTCA	16-AAAATGACGTCA	13.231383	-12.441850	0	T:7.0(8.64%),B:306.1(0.78%),P:1e-5	Tpos:234.7,Tstd:213.2,Bpos:516.6,Bstd:317.0,StrandBias:-0.3,Multiplicity:1.14
0.888	0.001	0.110	0.001
0.875	0.123	0.001	0.001
0.890	0.001	0.001	0.108
0.997	0.001	0.001	0.001
0.001	0.001	0.175	0.823
0.108	0.001	0.890	0.001
0.997	0.001	0.001	0.001
0.001	0.915	0.001	0.083
0.097	0.001	0.901	0.001
0.001	0.001	0.001	0.997
0.001	0.888	0.110	0.001
0.997	0.001	0.001	0.001
>CCKACWCCTCAC	17-CCKACWCCTCAC	10.308482	-11.710658	0	T:5.0(6.17%),B:127.0(0.32%),P:1e-5	Tpos:475.5,Tstd:222.7,Bpos:573.4,Bstd:260.0,StrandBias:2.3,Multiplicity:1.20
0.001	0.997	0.001	0.001
0.018	0.980	0.001	0.001
0.001	0.001	0.458	0.540
0.997	0.001	0.001	0.001
0.001	0.997	0.001	0.001
0.439	0.001	0.001	0.559
0.001	0.604	0.015	0.380
0.371	0.627	0.001	0.001
0.001	0.001	0.001	0.997
0.001	0.997	0.001	0.001
0.982	0.016	0.001	0.001
0.001	0.997	0.001	0.001
>AGCACTTCCGAT	18-AGCACTTCCGAT	15.015066	-11.287439	0	T:2.0(2.47%),B:1.1(0.00%),P:1e-4	Tpos:326.5,Tstd:178.9,Bpos:124.2,Bstd:92.6,StrandBias:1.6,Multiplicity:2.00
0.738	0.260	0.001	0.001
0.001	0.001	0.997	0.001
0.001	0.997	0.001	0.001
0.997	0.001	0.001	0.001
0.001	0.997	0.001	0.001
0.001	0.001	0.001	0.997
0.001	0.001	0.001	0.997
0.001	0.997	0.001	0.001
0.214	0.784	0.001	0.001
0.001	0.001	0.997	0.001
0.997	0.001	0.001	0.001
0.001	0.001	0.001	0.997
>GCVAAGGCATTG	19-GCVAAGGCATTG	13.373172	-10.595631	0	T:2.0(2.47%),B:2.9(0.01%),P:1e-4	Tpos:217.8,Tstd:149.9,Bpos:527.0,Bstd:256.2,StrandBias:-10.0,Multiplicity:3.00
0.001	0.001	0.997	0.001
0.001	0.997	0.001	0.001
0.329	0.335	0.335	0.001
0.997	0.001	0.001	0.001
0.997	0.001	0.001	0.001
0.001	0.001	0.997	0.001
0.001	0.001	0.997	0.001
0.279	0.719	0.001	0.001
0.664	0.001	0.334	0.001
0.001	0.001	0.001	0.997
0.011	0.001	0.335	0.653
0.001	0.268	0.730	0.001
>GAACCCTTTAGG	20-GAACCCTTTAGG	12.708352	-10.595631	0	T:2.0(2.47%),B:2.2(0.01%),P:1e-4	Tpos:269.5,Tstd:226.5,Bpos:474.4,Bstd:50.1,StrandBias:10.0,Multiplicity:1.00
0.001	0.001	0.997	0.001
0.846	0.001	0.001	0.152
0.997	0.001	0.001	0.001
0.001	0.997	0.001	0.001
0.001	0.997	0.001	0.001
0.001	0.997	0.001	0.001
0.001	0.001	0.001	0.997
0.001	0.152	0.001	0.846
0.122	0.001	0.001	0.876
0.997	0.001	0.001	0.001
0.001	0.001	0.997	0.001
0.001	0.001	0.997	0.001
>GKATYYTCYCAG	21-GKATYYTCYCAG	14.030654	-10.595631	0	T:2.0(2.47%),B:2.2(0.01%),P:1e-4	Tpos:327.6,Tstd:176.7,Bpos:476.0,Bstd:11.0,StrandBias:2.0,Multiplicity:2.50
0.001	0.001	0.997	0.001
0.001	0.001	0.511	0.487
0.997	0.001	0.001	0.001
0.001	0.001	0.001	0.997
0.001	0.511	0.001	0.487
0.001	0.565	0.001	0.433
0.001	0.001	0.001	0.997
0.001	0.997	0.001	0.001
0.001	0.565	0.001	0.433
0.001	0.997	0.001	0.001
0.997	0.001	0.001	0.001
0.001	0.001	0.997	0.001
>CACAATCATAGG	22-CACAATCATAGG	15.325938	-9.682017	0	T:2.0(2.47%),B:4.7(0.01%),P:1e-4	Tpos:772.5,Tstd:75.7,Bpos:289.0,Bstd:188.0,StrandBias:-10.0,Multiplicity:2.00
0.001	0.997	0.001	0.001
0.997	0.001	0.001	0.001
0.279	0.719	0.001	0.001
0.997	0.001	0.001	0.001
0.997	0.001	0.001	0.001
0.001	0.001	0.001	0.997
0.001	0.997	0.001	0.001
0.997	0.001	0.001	0.001
0.001	0.001	0.001	0.997
0.997	0.001	0.001	0.001
0.001	0.001	0.997	0.001
0.001	0.001	0.997	0.001
>TGCTCCGTGAGC	23-TGCTCCGTGAGC	9.382108	-5.299627	0	T:7.0(8.64%),B:1010.2(2.57%),P:1e-2	Tpos:396.1,Tstd:298.5,Bpos:474.7,Bstd:294.0,StrandBias:0.7,Multiplicity:2.14
0.001	0.001	0.156	0.842
0.001	0.136	0.862	0.001
0.175	0.823	0.001	0.001
0.001	0.001	0.001	0.997
0.001	0.992	0.001	0.006
0.094	0.745	0.004	0.157
0.098	0.090	0.675	0.137
0.001	0.257	0.176	0.566
0.156	0.001	0.836	0.007
0.997	0.001	0.001	0.001
0.001	0.001	0.842	0.156
0.001	0.842	0.001	0.156
>ACCCTCAAGGAT	24-ACCCTCAAGGAT	12.355432	-5.089579	0	T:1.0(1.23%),B:2.1(0.01%),P:1e-2	Tpos:219.0,Tstd:131.5,Bpos:675.6,Bstd:106.3,StrandBias:10.0,Multiplicity:5.00
0.700	0.100	0.100	0.100
0.100	0.700	0.100	0.100
0.100	0.700	0.100	0.100
0.100	0.700	0.100	0.100
0.100	0.100	0.100	0.700
0.100	0.700	0.100	0.100
0.700	0.100	0.100	0.100
0.700	0.100	0.100	0.100
0.100	0.100	0.700	0.100
0.100	0.100	0.700	0.100
0.700	0.100	0.100	0.100
0.100	0.100	0.100	0.700
>ATTTGGCGCCAA	25-ATTTGGCGCCAA	14.993898	-3.428785	0	T:1.0(1.23%),B:15.9(0.04%),P:1e-1	Tpos:595.8,Tstd:109.9,Bpos:522.7,Bstd:261.9,StrandBias:10.0,Multiplicity:4.00
0.520	0.001	0.179	0.300
0.132	0.126	0.001	0.741
0.001	0.001	0.001	0.997
0.001	0.169	0.001	0.829
0.001	0.001	0.997	0.001
0.001	0.001	0.997	0.001
0.001	0.997	0.001	0.001
0.001	0.001	0.997	0.001
0.001	0.882	0.116	0.001
0.001	0.997	0.001	0.001
0.702	0.001	0.296	0.001
0.997	0.001	0.001	0.001
