>HAATCGATTTAD	9-HAATCGATTTAD,BestGuess:ceh-28/MA1445.1/Jaspar(0.847)	8.745676	-7.607092	0	T:6.0(11.76%),B:719.7(1.97%),P:1e-3
0.339	0.321	0.089	0.251
0.678	0.076	0.076	0.170
0.758	0.087	0.038	0.117
0.111	0.048	0.090	0.751
0.159	0.636	0.118	0.087
0.259	0.163	0.439	0.139
0.707	0.178	0.015	0.100
0.064	0.190	0.149	0.597
0.192	0.134	0.152	0.522
0.152	0.092	0.105	0.651
0.619	0.084	0.103	0.194
0.289	0.134	0.267	0.311
