>TTGTCATCAT	1-TTGTCATCAT	10.767158	-21.716747	0	T:13.0(31.71%),B:1240.5(3.26%),P:1e-9	Tpos:720.5,Tstd:213.2,Bpos:527.5,Bstd:338.6,StrandBias:-0.2,Multiplicity:1.31
0.129	0.001	0.001	0.869
0.135	0.137	0.001	0.727
0.001	0.001	0.997	0.001
0.001	0.001	0.001	0.997
0.129	0.869	0.001	0.001
0.997	0.001	0.001	0.001
0.001	0.001	0.160	0.838
0.001	0.997	0.001	0.001
0.874	0.011	0.001	0.114
0.001	0.125	0.001	0.873
>CTGACTAAAT	2-CTGACTAAAT	10.374034	-20.023565	0	T:11.0(26.83%),B:890.8(2.34%),P:1e-8	Tpos:493.5,Tstd:260.0,Bpos:516.5,Bstd:334.1,StrandBias:0.8,Multiplicity:1.00
0.075	0.849	0.001	0.075
0.103	0.134	0.001	0.762
0.001	0.001	0.997	0.001
0.997	0.001	0.001	0.001
0.046	0.800	0.001	0.153
0.001	0.001	0.001	0.997
0.997	0.001	0.001	0.001
0.997	0.001	0.001	0.001
0.997	0.001	0.001	0.001
0.076	0.118	0.126	0.680
>GCTGATAAGA	3-GCTGATAAGA	11.246212	-17.599267	0	T:9.0(21.95%),B:634.8(1.67%),P:1e-7	Tpos:773.0,Tstd:270.3,Bpos:552.5,Bstd:333.7,StrandBias:-0.3,Multiplicity:1.00
0.038	0.001	0.960	0.001
0.198	0.625	0.001	0.176
0.001	0.001	0.001	0.997
0.001	0.001	0.997	0.001
0.997	0.001	0.001	0.001
0.001	0.001	0.001	0.997
0.707	0.001	0.138	0.154
0.915	0.001	0.001	0.083
0.001	0.001	0.877	0.121
0.997	0.001	0.001	0.001
>CATTATCAGT	4-CATTATCAGT	10.331750	-17.596995	0	T:15.0(36.59%),B:2497.1(6.56%),P:1e-7	Tpos:752.6,Tstd:298.4,Bpos:560.4,Bstd:344.2,StrandBias:1.3,Multiplicity:1.13
0.067	0.550	0.001	0.382
0.640	0.358	0.001	0.001
0.001	0.001	0.001	0.997
0.001	0.137	0.001	0.861
0.997	0.001	0.001	0.001
0.001	0.001	0.001	0.997
0.001	0.997	0.001	0.001
0.997	0.001	0.001	0.001
0.380	0.001	0.618	0.001
0.001	0.001	0.001	0.997
>AGACTACACT	5-AGACTACACT	10.214039	-17.171294	0	T:9.0(21.95%),B:667.9(1.75%),P:1e-7	Tpos:603.2,Tstd:353.7,Bpos:506.5,Bstd:333.6,StrandBias:3.2,Multiplicity:1.11
0.997	0.001	0.001	0.001
0.067	0.001	0.931	0.001
0.997	0.001	0.001	0.001
0.001	0.997	0.001	0.001
0.093	0.001	0.001	0.905
0.873	0.001	0.125	0.001
0.099	0.690	0.098	0.113
0.997	0.001	0.001	0.001
0.001	0.802	0.111	0.086
0.099	0.001	0.001	0.899
>AGTCTTCGAG	6-AGTCTTCGAG	9.936661	-13.135425	0	T:6.0(14.63%),B:344.3(0.90%),P:1e-5	Tpos:430.3,Tstd:291.9,Bpos:516.2,Bstd:329.0,StrandBias:-1.0,Multiplicity:1.50
0.997	0.001	0.001	0.001
0.001	0.001	0.774	0.224
0.001	0.001	0.001	0.997
0.001	0.997	0.001	0.001
0.001	0.001	0.001	0.997
0.001	0.152	0.001	0.846
0.001	0.997	0.001	0.001
0.001	0.133	0.865	0.001
0.793	0.001	0.205	0.001
0.001	0.141	0.857	0.001
>TGACCGCATT	7-TGACCGCATT	10.805083	-11.634171	0	T:6.0(14.63%),B:449.7(1.18%),P:1e-5	Tpos:394.0,Tstd:270.8,Bpos:503.8,Bstd:328.6,StrandBias:2.8,Multiplicity:1.33
0.001	0.001	0.001	0.997
0.001	0.001	0.853	0.145
0.997	0.001	0.001	0.001
0.001	0.997	0.001	0.001
0.107	0.891	0.001	0.001
0.123	0.001	0.875	0.001
0.125	0.873	0.001	0.001
0.997	0.001	0.001	0.001
0.159	0.001	0.001	0.839
0.001	0.185	0.001	0.813
>GGTGGATTTG	8-GGTGGATTTG	9.990698	-9.362074	0	T:5.0(12.20%),B:415.9(1.09%),P:1e-4	Tpos:377.1,Tstd:229.2,Bpos:484.3,Bstd:297.5,StrandBias:-0.3,Multiplicity:1.80
0.001	0.001	0.997	0.001
0.001	0.001	0.997	0.001
0.001	0.001	0.277	0.721
0.277	0.001	0.721	0.001
0.001	0.001	0.997	0.001
0.997	0.001	0.001	0.001
0.001	0.001	0.001	0.997
0.001	0.001	0.001	0.997
0.001	0.001	0.001	0.997
0.277	0.001	0.721	0.001
>CCAACTTTAG	9-CCAACTTTAG	11.321146	-9.016496	0	T:4.0(9.76%),B:232.6(0.61%),P:1e-3	Tpos:572.0,Tstd:203.4,Bpos:478.6,Bstd:318.5,StrandBias:1.8,Multiplicity:2.25
0.096	0.902	0.001	0.001
0.001	0.997	0.001	0.001
0.840	0.001	0.001	0.158
0.997	0.001	0.001	0.001
0.001	0.997	0.001	0.001
0.001	0.001	0.001	0.997
0.001	0.001	0.001	0.997
0.001	0.001	0.001	0.997
0.997	0.001	0.001	0.001
0.001	0.001	0.997	0.001
