>TTGTCATCAT	1-TTGTCATCAT	10.767158	-21.716747	0	T:13.0(31.71%),B:1240.5(3.26%),P:1e-9	Tpos:720.5,Tstd:213.2,Bpos:527.5,Bstd:338.6,StrandBias:-0.2,Multiplicity:1.31
0.129	0.001	0.001	0.869
0.135	0.137	0.001	0.727
0.001	0.001	0.997	0.001
0.001	0.001	0.001	0.997
0.129	0.869	0.001	0.001
0.997	0.001	0.001	0.001
0.001	0.001	0.160	0.838
0.001	0.997	0.001	0.001
0.874	0.011	0.001	0.114
0.001	0.125	0.001	0.873
>CTGACTAAAT	2-CTGACTAAAT	10.374034	-20.023565	0	T:11.0(26.83%),B:890.8(2.34%),P:1e-8	Tpos:493.5,Tstd:260.0,Bpos:516.5,Bstd:334.1,StrandBias:0.8,Multiplicity:1.00
0.075	0.849	0.001	0.075
0.103	0.134	0.001	0.762
0.001	0.001	0.997	0.001
0.997	0.001	0.001	0.001
0.046	0.800	0.001	0.153
0.001	0.001	0.001	0.997
0.997	0.001	0.001	0.001
0.997	0.001	0.001	0.001
0.997	0.001	0.001	0.001
0.076	0.118	0.126	0.680
>GCTGATAAGA	3-GCTGATAAGA	11.246212	-17.599267	0	T:9.0(21.95%),B:634.8(1.67%),P:1e-7	Tpos:773.0,Tstd:270.3,Bpos:552.5,Bstd:333.7,StrandBias:-0.3,Multiplicity:1.00
0.038	0.001	0.960	0.001
0.198	0.625	0.001	0.176
0.001	0.001	0.001	0.997
0.001	0.001	0.997	0.001
0.997	0.001	0.001	0.001
0.001	0.001	0.001	0.997
0.707	0.001	0.138	0.154
0.915	0.001	0.001	0.083
0.001	0.001	0.877	0.121
0.997	0.001	0.001	0.001
>CATTATCAGT	4-CATTATCAGT	10.331750	-17.596995	0	T:15.0(36.59%),B:2497.1(6.56%),P:1e-7	Tpos:752.6,Tstd:298.4,Bpos:560.4,Bstd:344.2,StrandBias:1.3,Multiplicity:1.13
0.067	0.550	0.001	0.382
0.640	0.358	0.001	0.001
0.001	0.001	0.001	0.997
0.001	0.137	0.001	0.861
0.997	0.001	0.001	0.001
0.001	0.001	0.001	0.997
0.001	0.997	0.001	0.001
0.997	0.001	0.001	0.001
0.380	0.001	0.618	0.001
0.001	0.001	0.001	0.997
>AGACTACACT	5-AGACTACACT	10.214039	-17.171294	0	T:9.0(21.95%),B:667.9(1.75%),P:1e-7	Tpos:603.2,Tstd:353.7,Bpos:506.5,Bstd:333.6,StrandBias:3.2,Multiplicity:1.11
0.997	0.001	0.001	0.001
0.067	0.001	0.931	0.001
0.997	0.001	0.001	0.001
0.001	0.997	0.001	0.001
0.093	0.001	0.001	0.905
0.873	0.001	0.125	0.001
0.099	0.690	0.098	0.113
0.997	0.001	0.001	0.001
0.001	0.802	0.111	0.086
0.099	0.001	0.001	0.899
>AGTCTTCGAG	6-AGTCTTCGAG	9.936661	-13.135425	0	T:6.0(14.63%),B:344.3(0.90%),P:1e-5	Tpos:430.3,Tstd:291.9,Bpos:516.2,Bstd:329.0,StrandBias:-1.0,Multiplicity:1.50
0.997	0.001	0.001	0.001
0.001	0.001	0.774	0.224
0.001	0.001	0.001	0.997
0.001	0.997	0.001	0.001
0.001	0.001	0.001	0.997
0.001	0.152	0.001	0.846
0.001	0.997	0.001	0.001
0.001	0.133	0.865	0.001
0.793	0.001	0.205	0.001
0.001	0.141	0.857	0.001
>TGACCGCATT	7-TGACCGCATT	10.805083	-11.634171	0	T:6.0(14.63%),B:449.7(1.18%),P:1e-5	Tpos:394.0,Tstd:270.8,Bpos:503.8,Bstd:328.6,StrandBias:2.8,Multiplicity:1.33
0.001	0.001	0.001	0.997
0.001	0.001	0.853	0.145
0.997	0.001	0.001	0.001
0.001	0.997	0.001	0.001
0.107	0.891	0.001	0.001
0.123	0.001	0.875	0.001
0.125	0.873	0.001	0.001
0.997	0.001	0.001	0.001
0.159	0.001	0.001	0.839
0.001	0.185	0.001	0.813
>GGTGGATTTG	8-GGTGGATTTG	9.990698	-9.362074	0	T:5.0(12.20%),B:415.9(1.09%),P:1e-4	Tpos:377.1,Tstd:229.2,Bpos:484.3,Bstd:297.5,StrandBias:-0.3,Multiplicity:1.80
0.001	0.001	0.997	0.001
0.001	0.001	0.997	0.001
0.001	0.001	0.277	0.721
0.277	0.001	0.721	0.001
0.001	0.001	0.997	0.001
0.997	0.001	0.001	0.001
0.001	0.001	0.001	0.997
0.001	0.001	0.001	0.997
0.001	0.001	0.001	0.997
0.277	0.001	0.721	0.001
>CCAACTTTAG	9-CCAACTTTAG	11.321146	-9.016496	0	T:4.0(9.76%),B:232.6(0.61%),P:1e-3	Tpos:572.0,Tstd:203.4,Bpos:478.6,Bstd:318.5,StrandBias:1.8,Multiplicity:2.25
0.096	0.902	0.001	0.001
0.001	0.997	0.001	0.001
0.840	0.001	0.001	0.158
0.997	0.001	0.001	0.001
0.001	0.997	0.001	0.001
0.001	0.001	0.001	0.997
0.001	0.001	0.001	0.997
0.001	0.001	0.001	0.997
0.997	0.001	0.001	0.001
0.001	0.001	0.997	0.001
>AATGATKACAAT	1-AATGATKACAAT	10.652969	-25.922925	0	T:14.0(34.15%),B:1105.2(2.90%),P:1e-11	Tpos:709.4,Tstd:219.0,Bpos:549.2,Bstd:332.0,StrandBias:0.2,Multiplicity:1.36
0.596	0.224	0.001	0.179
0.997	0.001	0.001	0.001
0.040	0.001	0.001	0.958
0.001	0.001	0.997	0.001
0.833	0.165	0.001	0.001
0.001	0.001	0.001	0.997
0.001	0.001	0.529	0.469
0.997	0.001	0.001	0.001
0.001	0.798	0.200	0.001
0.819	0.001	0.001	0.179
0.820	0.001	0.001	0.178
0.348	0.001	0.001	0.650
>TTCCGCTTTTTC	2-TTCCGCTTTTTC	10.403433	-21.417920	0	T:7.0(17.07%),B:158.4(0.42%),P:1e-9	Tpos:671.9,Tstd:311.9,Bpos:530.2,Bstd:308.3,StrandBias:1.3,Multiplicity:1.00
0.001	0.046	0.001	0.952
0.001	0.001	0.001	0.997
0.001	0.946	0.052	0.001
0.001	0.997	0.001	0.001
0.001	0.001	0.997	0.001
0.001	0.997	0.001	0.001
0.001	0.204	0.001	0.794
0.001	0.001	0.052	0.946
0.239	0.001	0.001	0.759
0.001	0.001	0.001	0.997
0.001	0.001	0.001	0.997
0.001	0.997	0.001	0.001
>AAAATTGCATCT	3-AAAATTGCATCT	13.922972	-21.375619	0	T:7.0(17.07%),B:159.1(0.42%),P:1e-9	Tpos:589.0,Tstd:312.5,Bpos:494.0,Bstd:318.8,StrandBias:1.3,Multiplicity:1.00
0.732	0.266	0.001	0.001
0.997	0.001	0.001	0.001
0.997	0.001	0.001	0.001
0.997	0.001	0.001	0.001
0.165	0.001	0.213	0.621
0.001	0.001	0.001	0.997
0.001	0.001	0.997	0.001
0.001	0.997	0.001	0.001
0.997	0.001	0.001	0.001
0.001	0.001	0.150	0.848
0.001	0.997	0.001	0.001
0.001	0.001	0.001	0.997
>CATGGTTTCTTA	4-CATGGTTTCTTA	13.925109	-19.309534	0	T:5.0(12.20%),B:51.9(0.14%),P:1e-8	Tpos:661.2,Tstd:185.3,Bpos:584.1,Bstd:328.4,StrandBias:-0.6,Multiplicity:1.00
0.001	0.997	0.001	0.001
0.768	0.001	0.001	0.230
0.001	0.001	0.001	0.997
0.001	0.001	0.826	0.172
0.001	0.001	0.855	0.143
0.001	0.001	0.001	0.997
0.001	0.001	0.001	0.997
0.247	0.001	0.001	0.751
0.001	0.997	0.001	0.001
0.001	0.001	0.001	0.997
0.001	0.001	0.001	0.997
0.997	0.001	0.001	0.001
>MACTGATAATGA	5-MACTGATAATGA	9.098235	-17.118327	0	T:15.0(36.59%),B:2589.3(6.80%),P:1e-7	Tpos:693.8,Tstd:275.9,Bpos:570.7,Bstd:337.2,StrandBias:-0.8,Multiplicity:1.27
0.444	0.379	0.001	0.177
0.990	0.001	0.001	0.008
0.001	0.747	0.147	0.105
0.001	0.001	0.001	0.997
0.001	0.001	0.997	0.001
0.997	0.001	0.001	0.001
0.001	0.001	0.001	0.997
0.991	0.001	0.007	0.001
0.997	0.001	0.001	0.001
0.001	0.177	0.309	0.513
0.265	0.001	0.727	0.007
0.631	0.212	0.156	0.001
>TCYCAAGTWCAA	6-TCYCAAGTWCAA	10.382874	-16.258390	0	T:11.0(26.83%),B:1290.7(3.39%),P:1e-7	Tpos:468.5,Tstd:337.6,Bpos:526.0,Bstd:335.1,StrandBias:0.8,Multiplicity:1.00
0.001	0.001	0.001	0.997
0.001	0.951	0.001	0.047
0.248	0.336	0.001	0.415
0.001	0.990	0.008	0.001
0.993	0.001	0.001	0.005
0.993	0.001	0.001	0.005
0.026	0.022	0.764	0.188
0.004	0.001	0.001	0.994
0.336	0.001	0.179	0.484
0.179	0.815	0.005	0.001
0.796	0.006	0.197	0.001
0.730	0.001	0.248	0.021
>TTGAGAAAACGT	7-TTGAGAAAACGT	14.084261	-15.381442	0	T:6.0(14.63%),B:232.5(0.61%),P:1e-6	Tpos:607.6,Tstd:301.8,Bpos:544.8,Bstd:320.5,StrandBias:-1.3,Multiplicity:1.17
0.001	0.001	0.001	0.997
0.001	0.001	0.001	0.997
0.001	0.001	0.997	0.001
0.997	0.001	0.001	0.001
0.001	0.244	0.754	0.001
0.997	0.001	0.001	0.001
0.997	0.001	0.001	0.001
0.997	0.001	0.001	0.001
0.997	0.001	0.001	0.001
0.158	0.703	0.001	0.138
0.001	0.228	0.770	0.001
0.001	0.001	0.001	0.997
>AKAAATGACCGC	8-AKAAATGACCGC	11.440817	-14.975234	0	T:5.0(12.20%),B:127.3(0.33%),P:1e-6	Tpos:524.8,Tstd:283.1,Bpos:563.4,Bstd:355.0,StrandBias:0.6,Multiplicity:1.00
0.997	0.001	0.001	0.001
0.001	0.001	0.459	0.539
0.728	0.260	0.011	0.001
0.997	0.001	0.001	0.001
0.997	0.001	0.001	0.001
0.176	0.001	0.001	0.822
0.169	0.001	0.821	0.009
0.807	0.001	0.191	0.001
0.001	0.997	0.001	0.001
0.001	0.829	0.001	0.169
0.163	0.001	0.659	0.177
0.001	0.836	0.162	0.001
>TTTGCTTAAAAC	9-TTTGCTTAAAAC	12.337618	-14.903573	0	T:7.0(17.07%),B:419.2(1.10%),P:1e-6	Tpos:461.0,Tstd:299.2,Bpos:505.8,Bstd:327.6,StrandBias:1.3,Multiplicity:1.00
0.001	0.252	0.001	0.746
0.001	0.001	0.001	0.997
0.001	0.001	0.001	0.997
0.001	0.001	0.997	0.001
0.132	0.676	0.001	0.191
0.197	0.180	0.192	0.431
0.177	0.001	0.001	0.821
0.997	0.001	0.001	0.001
0.997	0.001	0.001	0.001
0.997	0.001	0.001	0.001
0.802	0.196	0.001	0.001
0.132	0.866	0.001	0.001
>TTATGATAACTT	10-TTATGATAACTT	13.567060	-14.409083	0	T:6.0(14.63%),B:275.3(0.72%),P:1e-6	Tpos:611.6,Tstd:279.0,Bpos:504.7,Bstd:298.9,StrandBias:-2.6,Multiplicity:1.17
0.001	0.001	0.001	0.997
0.001	0.001	0.001	0.997
0.890	0.001	0.001	0.108
0.001	0.001	0.001	0.997
0.001	0.001	0.854	0.144
0.997	0.001	0.001	0.001
0.106	0.001	0.001	0.892
0.804	0.001	0.001	0.194
0.997	0.001	0.001	0.001
0.001	0.997	0.001	0.001
0.001	0.001	0.001	0.997
0.265	0.001	0.001	0.733
>TWGGTGGATTTR	11-TWGGTGGATTTR	9.322793	-11.623970	0	T:4.0(9.76%),B:117.4(0.31%),P:1e-5	Tpos:318.9,Tstd:168.4,Bpos:461.6,Bstd:326.0,StrandBias:0.0,Multiplicity:2.00
0.033	0.001	0.001	0.965
0.520	0.001	0.001	0.478
0.001	0.001	0.997	0.001
0.001	0.001	0.997	0.001
0.001	0.001	0.046	0.952
0.080	0.001	0.918	0.001
0.001	0.001	0.997	0.001
0.997	0.001	0.001	0.001
0.001	0.001	0.001	0.997
0.001	0.001	0.001	0.997
0.001	0.001	0.001	0.997
0.567	0.001	0.431	0.001
>AAATGGATAAGA	12-AAATGGATAAGA	15.027413	-10.883467	0	T:4.0(9.76%),B:142.7(0.37%),P:1e-4	Tpos:622.5,Tstd:369.9,Bpos:622.0,Bstd:367.8,StrandBias:-1.6,Multiplicity:1.00
0.997	0.001	0.001	0.001
0.997	0.001	0.001	0.001
0.997	0.001	0.001	0.001
0.001	0.001	0.001	0.997
0.001	0.001	0.673	0.325
0.225	0.001	0.773	0.001
0.997	0.001	0.001	0.001
0.001	0.001	0.001	0.997
0.997	0.001	0.001	0.001
0.997	0.001	0.001	0.001
0.179	0.001	0.819	0.001
0.997	0.001	0.001	0.001
>AATTTCTGTTGT	13-AATTTCTGTTGT	11.589152	-9.661041	0	T:7.0(17.07%),B:945.9(2.49%),P:1e-4	Tpos:493.5,Tstd:205.1,Bpos:535.3,Bstd:322.0,StrandBias:0.0,Multiplicity:1.14
0.997	0.001	0.001	0.001
0.759	0.239	0.001	0.001
0.001	0.001	0.079	0.919
0.001	0.001	0.239	0.759
0.001	0.001	0.001	0.997
0.162	0.525	0.105	0.208
0.110	0.001	0.001	0.888
0.076	0.217	0.646	0.061
0.001	0.001	0.001	0.997
0.060	0.001	0.088	0.851
0.174	0.061	0.764	0.001
0.001	0.066	0.001	0.932
>CCAACTTTAGHC	14-CCAACTTTAGHC	14.140473	-8.563397	0	T:2.0(4.88%),B:17.2(0.05%),P:1e-3	Tpos:408.0,Tstd:304.0,Bpos:490.0,Bstd:296.3,StrandBias:10.0,Multiplicity:1.00
0.001	0.997	0.001	0.001
0.001	0.997	0.001	0.001
0.653	0.001	0.001	0.345
0.997	0.001	0.001	0.001
0.001	0.997	0.001	0.001
0.001	0.001	0.001	0.997
0.001	0.001	0.001	0.997
0.001	0.001	0.001	0.997
0.997	0.001	0.001	0.001
0.001	0.001	0.997	0.001
0.289	0.364	0.001	0.346
0.001	0.710	0.001	0.288
>TCGATTGAACTC	15-TCGATTGAACTC	14.548595	-8.174399	0	T:2.0(4.88%),B:21.4(0.06%),P:1e-3	Tpos:510.2,Tstd:143.8,Bpos:533.6,Bstd:283.6,StrandBias:-10.0,Multiplicity:2.00
0.001	0.001	0.001	0.997
0.001	0.764	0.001	0.234
0.001	0.001	0.997	0.001
0.997	0.001	0.001	0.001
0.001	0.001	0.001	0.997
0.001	0.001	0.001	0.997
0.285	0.001	0.713	0.001
0.997	0.001	0.001	0.001
0.997	0.001	0.001	0.001
0.001	0.764	0.234	0.001
0.001	0.001	0.001	0.997
0.001	0.997	0.001	0.001
>GACCTTCAGGCA	16-GACCTTCAGGCA	15.792555	-6.834397	0	T:1.0(2.44%),B:0.6(0.00%),P:1e-2	Tpos:746.0,Tstd:0.0,Bpos:471.0,Bstd:0.0,StrandBias:10.0,Multiplicity:1.00
0.001	0.001	0.997	0.001
0.997	0.001	0.001	0.001
0.001	0.997	0.001	0.001
0.001	0.997	0.001	0.001
0.001	0.001	0.332	0.666
0.001	0.001	0.001	0.997
0.001	0.997	0.001	0.001
0.997	0.001	0.001	0.001
0.001	0.001	0.997	0.001
0.001	0.001	0.997	0.001
0.001	0.666	0.001	0.332
0.997	0.001	0.001	0.001
>CTGACGGTCAGT	17-CTGACGGTCAGT	16.233198	-6.141775	0	T:1.0(2.44%),B:1.2(0.00%),P:1e-2	Tpos:443.0,Tstd:100.0,Bpos:718.1,Bstd:78.6,StrandBias:-10.0,Multiplicity:2.00
0.001	0.997	0.001	0.001
0.001	0.001	0.001	0.997
0.001	0.001	0.997	0.001
0.997	0.001	0.001	0.001
0.001	0.997	0.001	0.001
0.001	0.138	0.860	0.001
0.001	0.001	0.929	0.069
0.001	0.001	0.001	0.997
0.001	0.997	0.001	0.001
0.997	0.001	0.001	0.001
0.001	0.001	0.997	0.001
0.001	0.001	0.138	0.860
>ACCAACTTTAGC	18-ACCAACTTTAGC	15.581233	-4.355262	0	T:1.0(2.44%),B:11.9(0.03%),P:1e-1	Tpos:613.5,Tstd:24.5,Bpos:438.2,Bstd:175.2,StrandBias:10.0,Multiplicity:2.00
0.547	0.181	0.271	0.001
0.001	0.997	0.001	0.001
0.001	0.997	0.001	0.001
0.997	0.001	0.001	0.001
0.997	0.001	0.001	0.001
0.001	0.804	0.194	0.001
0.001	0.001	0.001	0.997
0.001	0.001	0.001	0.997
0.001	0.001	0.001	0.997
0.997	0.001	0.001	0.001
0.001	0.001	0.997	0.001
0.184	0.814	0.001	0.001
>TGATAAGC	1-TGATAAGC	6.707738	-22.101024	0	T:25.0(60.98%),B:6369.8(16.74%),P:1e-9	Tpos:672.0,Tstd:299.0,Bpos:545.5,Bstd:345.8,StrandBias:-0.7,Multiplicity:1.28
0.001	0.001	0.001	0.997
0.001	0.001	0.997	0.001
0.981	0.001	0.017	0.001
0.001	0.001	0.001	0.997
0.997	0.001	0.001	0.001
0.992	0.006	0.001	0.001
0.001	0.001	0.997	0.001
0.215	0.752	0.032	0.001
>TTGTCATC	2-TTGTCATC	8.981647	-12.309102	0	T:17.0(41.46%),B:4854.3(12.75%),P:1e-5	Tpos:662.2,Tstd:256.0,Bpos:526.2,Bstd:331.7,StrandBias:0.4,Multiplicity:1.24
0.001	0.001	0.001	0.997
0.038	0.001	0.001	0.960
0.001	0.001	0.997	0.001
0.001	0.001	0.001	0.997
0.001	0.839	0.001	0.159
0.997	0.001	0.001	0.001
0.001	0.001	0.153	0.845
0.001	0.997	0.001	0.001
>TGGCTATC	3-TGGCTATC	7.616884	-9.946830	0	T:11.0(26.83%),B:2490.2(6.54%),P:1e-4	Tpos:630.2,Tstd:297.3,Bpos:493.6,Bstd:332.9,StrandBias:-0.2,Multiplicity:1.18
0.001	0.306	0.001	0.692
0.034	0.001	0.875	0.090
0.001	0.001	0.997	0.001
0.001	0.841	0.157	0.001
0.001	0.156	0.001	0.842
0.997	0.001	0.001	0.001
0.001	0.184	0.001	0.814
0.129	0.869	0.001	0.001
>GTCATTTA	4-GTCATTTA	9.051916	-7.350505	0	T:8.0(19.51%),B:1821.1(4.78%),P:1e-3	Tpos:605.2,Tstd:215.1,Bpos:489.6,Bstd:336.0,StrandBias:-0.3,Multiplicity:1.12
0.001	0.001	0.997	0.001
0.001	0.001	0.001	0.997
0.001	0.997	0.001	0.001
0.865	0.133	0.001	0.001
0.001	0.001	0.001	0.997
0.001	0.001	0.001	0.997
0.001	0.001	0.001	0.997
0.997	0.001	0.001	0.001
>ATATCCAA	5-ATATCCAA	8.236954	-7.022915	0	T:8.0(19.51%),B:1915.6(5.03%),P:1e-3	Tpos:392.1,Tstd:254.5,Bpos:488.8,Bstd:332.9,StrandBias:-0.3,Multiplicity:1.12
0.700	0.100	0.100	0.100
0.100	0.100	0.100	0.700
0.700	0.100	0.100	0.100
0.100	0.100	0.100	0.700
0.100	0.700	0.100	0.100
0.100	0.700	0.100	0.100
0.700	0.100	0.100	0.100
0.700	0.100	0.100	0.100
