>GATGACCTAG	1-GATGACCTAG	8.115525	-22.903920	0	T:13.0(43.33%),B:1666.0(4.32%),P:1e-9	Tpos:503.7,Tstd:289.8,Bpos:495.2,Bstd:317.8,StrandBias:1.0,Multiplicity:1.15
0.185	0.001	0.813	0.001
0.859	0.001	0.001	0.139
0.207	0.001	0.001	0.791
0.001	0.001	0.943	0.055
0.676	0.065	0.001	0.258
0.105	0.773	0.053	0.069
0.001	0.875	0.066	0.058
0.053	0.183	0.001	0.763
0.813	0.001	0.130	0.056
0.159	0.057	0.715	0.069
>CTCATAGATT	2-CTCATAGATT	10.420650	-21.244635	0	T:11.0(36.67%),B:1157.8(3.00%),P:1e-9	Tpos:556.8,Tstd:294.2,Bpos:515.1,Bstd:311.9,StrandBias:2.2,Multiplicity:1.00
0.001	0.920	0.001	0.078
0.117	0.001	0.001	0.881
0.001	0.873	0.001	0.125
0.997	0.001	0.001	0.001
0.001	0.001	0.125	0.873
0.906	0.092	0.001	0.001
0.070	0.001	0.839	0.090
0.824	0.174	0.001	0.001
0.001	0.001	0.001	0.997
0.001	0.001	0.001	0.997
>GAGTTTTCAG	3-GAGTTTTCAG	9.448654	-19.118305	0	T:16.0(53.33%),B:3936.2(10.20%),P:1e-8	Tpos:472.4,Tstd:263.5,Bpos:501.3,Bstd:310.8,StrandBias:-1.0,Multiplicity:1.12
0.001	0.001	0.944	0.054
0.811	0.187	0.001	0.001
0.103	0.001	0.867	0.029
0.079	0.001	0.001	0.919
0.001	0.001	0.001	0.997
0.118	0.001	0.001	0.880
0.001	0.001	0.001	0.997
0.001	0.926	0.001	0.072
0.903	0.001	0.095	0.001
0.042	0.078	0.811	0.069
>TTCGCTTCGA	4-TTCGCTTCGA	10.863575	-18.370416	0	T:7.0(23.33%),B:357.7(0.93%),P:1e-7	Tpos:501.6,Tstd:308.1,Bpos:461.3,Bstd:292.4,StrandBias:1.6,Multiplicity:1.14
0.001	0.001	0.001	0.997
0.001	0.001	0.001	0.997
0.001	0.756	0.001	0.242
0.117	0.001	0.881	0.001
0.095	0.903	0.001	0.001
0.136	0.001	0.001	0.862
0.001	0.001	0.001	0.997
0.177	0.821	0.001	0.001
0.106	0.001	0.892	0.001
0.997	0.001	0.001	0.001
>CAGCGAAGGA	5-CAGCGAAGGA	11.622355	-18.274984	0	T:5.0(16.67%),B:91.9(0.24%),P:1e-7	Tpos:382.8,Tstd:120.9,Bpos:475.0,Bstd:303.4,StrandBias:-0.6,Multiplicity:1.00
0.123	0.875	0.001	0.001
0.997	0.001	0.001	0.001
0.260	0.001	0.738	0.001
0.101	0.897	0.001	0.001
0.001	0.001	0.997	0.001
0.997	0.001	0.001	0.001
0.862	0.136	0.001	0.001
0.001	0.384	0.614	0.001
0.001	0.001	0.997	0.001
0.997	0.001	0.001	0.001
>ATCGGTCTCA	6-ATCGGTCTCA	12.410247	-16.611136	0	T:4.0(13.33%),B:45.7(0.12%),P:1e-7	Tpos:563.2,Tstd:80.5,Bpos:393.9,Bstd:352.2,StrandBias:10.0,Multiplicity:1.00
0.997	0.001	0.001	0.001
0.001	0.001	0.001	0.997
0.001	0.997	0.001	0.001
0.001	0.001	0.997	0.001
0.001	0.001	0.997	0.001
0.001	0.001	0.001	0.997
0.001	0.997	0.001	0.001
0.001	0.310	0.001	0.688
0.225	0.773	0.001	0.001
0.997	0.001	0.001	0.001
>ATCTGAGGCT	7-ATCTGAGGCT	8.952603	-16.438618	0	T:9.0(30.00%),B:1052.0(2.73%),P:1e-7	Tpos:403.2,Tstd:246.1,Bpos:513.0,Bstd:313.9,StrandBias:-0.8,Multiplicity:1.22
0.997	0.001	0.001	0.001
0.148	0.001	0.001	0.850
0.124	0.869	0.001	0.006
0.001	0.001	0.001	0.997
0.130	0.157	0.444	0.269
0.843	0.148	0.001	0.008
0.001	0.274	0.724	0.001
0.255	0.137	0.607	0.001
0.001	0.708	0.001	0.290
0.001	0.001	0.001	0.997
>TTTCACGTGA	8-TTTCACGTGA	10.229227	-15.474001	0	T:10.0(33.33%),B:1579.0(4.09%),P:1e-6	Tpos:624.8,Tstd:272.2,Bpos:518.5,Bstd:318.8,StrandBias:-0.4,Multiplicity:1.00
0.001	0.001	0.105	0.893
0.125	0.001	0.121	0.753
0.001	0.001	0.001	0.997
0.001	0.997	0.001	0.001
0.914	0.001	0.001	0.084
0.054	0.944	0.001	0.001
0.070	0.001	0.870	0.059
0.001	0.001	0.001	0.997
0.072	0.001	0.926	0.001
0.997	0.001	0.001	0.001
>TCACAGCTTA	9-TCACAGCTTA	11.814529	-15.018526	0	T:5.0(16.67%),B:179.2(0.46%),P:1e-6	Tpos:549.0,Tstd:272.5,Bpos:495.6,Bstd:309.9,StrandBias:-10.0,Multiplicity:1.00
0.256	0.001	0.001	0.742
0.001	0.997	0.001	0.001
0.997	0.001	0.001	0.001
0.178	0.820	0.001	0.001
0.997	0.001	0.001	0.001
0.001	0.001	0.997	0.001
0.001	0.997	0.001	0.001
0.001	0.001	0.001	0.997
0.001	0.001	0.001	0.997
0.997	0.001	0.001	0.001
>CGTGCCTACC	10-CGTGCCTACC	6.466555	-13.236916	0	T:16.0(53.33%),B:5976.0(15.48%),P:1e-5	Tpos:504.7,Tstd:270.4,Bpos:502.5,Bstd:335.6,StrandBias:0.7,Multiplicity:1.75
0.084	0.628	0.114	0.174
0.164	0.202	0.544	0.090
0.001	0.315	0.009	0.675
0.001	0.001	0.997	0.001
0.001	0.886	0.001	0.112
0.001	0.997	0.001	0.001
0.001	0.158	0.001	0.840
0.552	0.001	0.291	0.156
0.008	0.990	0.001	0.001
0.076	0.918	0.001	0.005
>AAATTCCGTA	11-AAATTCCGTA	10.621590	-13.036828	0	T:6.0(20.00%),B:498.0(1.29%),P:1e-5	Tpos:447.3,Tstd:282.5,Bpos:506.0,Bstd:289.0,StrandBias:-0.4,Multiplicity:1.17
0.712	0.001	0.001	0.286
0.781	0.217	0.001	0.001
0.673	0.188	0.001	0.138
0.047	0.295	0.001	0.657
0.001	0.001	0.001	0.997
0.001	0.898	0.001	0.100
0.001	0.995	0.001	0.003
0.002	0.001	0.996	0.001
0.001	0.001	0.001	0.997
0.997	0.001	0.001	0.001
>GATTTTCAGA	12-GATTTTCAGA	11.125903	-11.139746	0	T:13.0(43.33%),B:4551.7(11.79%),P:1e-4	Tpos:450.7,Tstd:299.0,Bpos:523.7,Bstd:312.0,StrandBias:0.5,Multiplicity:1.46
0.295	0.001	0.703	0.001
0.838	0.001	0.001	0.160
0.001	0.001	0.001	0.997
0.001	0.001	0.001	0.997
0.001	0.001	0.001	0.997
0.001	0.001	0.001	0.997
0.001	0.588	0.225	0.186
0.997	0.001	0.001	0.001
0.001	0.001	0.997	0.001
0.997	0.001	0.001	0.001
>TCTACACTAG	13-TCTACACTAG	10.296193	-9.017226	0	T:2.0(6.67%),B:19.1(0.05%),P:1e-3	Tpos:370.2,Tstd:79.4,Bpos:480.1,Bstd:243.1,StrandBias:10.0,Multiplicity:2.00
0.100	0.100	0.100	0.700
0.100	0.700	0.100	0.100
0.100	0.100	0.100	0.700
0.700	0.100	0.100	0.100
0.100	0.700	0.100	0.100
0.700	0.100	0.100	0.100
0.100	0.700	0.100	0.100
0.100	0.100	0.100	0.700
0.700	0.100	0.100	0.100
0.100	0.100	0.700	0.100
>GAGTCATTTTCA	1-GAGTCATTTTCA	11.752179	-20.551007	0	T:9.0(30.00%),B:649.3(1.68%),P:1e-8	Tpos:497.1,Tstd:320.2,Bpos:500.8,Bstd:308.6,StrandBias:0.0,Multiplicity:1.11
0.001	0.001	0.880	0.118
0.656	0.001	0.119	0.224
0.199	0.001	0.615	0.185
0.001	0.271	0.001	0.727
0.001	0.560	0.313	0.126
0.893	0.001	0.001	0.105
0.001	0.001	0.001	0.997
0.001	0.001	0.001	0.997
0.001	0.001	0.001	0.997
0.001	0.001	0.001	0.997
0.001	0.710	0.091	0.198
0.997	0.001	0.001	0.001
>CGAAATGATTAA	2-CGAAATGATTAA	13.936157	-18.832118	0	T:5.0(16.67%),B:81.6(0.21%),P:1e-8	Tpos:736.8,Tstd:235.8,Bpos:469.8,Bstd:306.1,StrandBias:2.0,Multiplicity:1.00
0.154	0.844	0.001	0.001
0.001	0.001	0.997	0.001
0.712	0.001	0.001	0.286
0.997	0.001	0.001	0.001
0.768	0.001	0.001	0.230
0.001	0.001	0.001	0.997
0.001	0.001	0.997	0.001
0.997	0.001	0.001	0.001
0.001	0.001	0.001	0.997
0.001	0.001	0.001	0.997
0.997	0.001	0.001	0.001
0.818	0.001	0.001	0.180
>TKTTTCACGTGA	3-TKTTTCACGTGA	10.025032	-16.799708	0	T:9.0(30.00%),B:1007.5(2.61%),P:1e-7	Tpos:655.6,Tstd:243.9,Bpos:536.2,Bstd:319.7,StrandBias:0.8,Multiplicity:1.00
0.001	0.008	0.135	0.856
0.137	0.001	0.402	0.460
0.001	0.001	0.001	0.997
0.398	0.001	0.010	0.591
0.205	0.001	0.001	0.793
0.001	0.997	0.001	0.001
0.874	0.001	0.001	0.124
0.137	0.692	0.170	0.001
0.001	0.001	0.997	0.001
0.170	0.001	0.001	0.828
0.001	0.001	0.997	0.001
0.997	0.001	0.001	0.001
>TRTAGATTGASG	4-TRTAGATTGASG	12.039782	-15.069981	0	T:3.0(10.00%),B:14.8(0.04%),P:1e-6	Tpos:694.3,Tstd:251.6,Bpos:497.5,Bstd:336.9,StrandBias:-10.0,Multiplicity:1.00
0.001	0.001	0.001	0.997
0.441	0.001	0.557	0.001
0.001	0.001	0.001	0.997
0.997	0.001	0.001	0.001
0.001	0.001	0.997	0.001
0.997	0.001	0.001	0.001
0.001	0.001	0.001	0.997
0.001	0.001	0.001	0.997
0.001	0.038	0.931	0.030
0.997	0.001	0.001	0.001
0.001	0.490	0.489	0.020
0.001	0.001	0.997	0.001
>TATTGTGCTTTT	5-TATTGTGCTTTT	14.631154	-12.105114	0	T:4.0(13.33%),B:146.5(0.38%),P:1e-5	Tpos:589.0,Tstd:349.4,Bpos:534.6,Bstd:311.5,StrandBias:-0.6,Multiplicity:1.25
0.001	0.001	0.001	0.997
0.788	0.001	0.001	0.210
0.001	0.001	0.001	0.997
0.001	0.001	0.001	0.997
0.001	0.001	0.765	0.233
0.001	0.001	0.001	0.997
0.001	0.001	0.754	0.244
0.001	0.997	0.001	0.001
0.001	0.001	0.001	0.997
0.001	0.001	0.001	0.997
0.001	0.001	0.001	0.997
0.001	0.001	0.001	0.997
>HACADCTTATAT	6-HACADCTTATAT	9.360111	-11.786662	0	T:6.0(20.00%),B:621.5(1.61%),P:1e-5	Tpos:524.1,Tstd:237.3,Bpos:514.7,Bstd:314.7,StrandBias:-0.7,Multiplicity:1.33
0.317	0.349	0.001	0.333
0.997	0.001	0.001	0.001
0.001	0.997	0.001	0.001
0.997	0.001	0.001	0.001
0.333	0.001	0.349	0.317
0.001	0.704	0.001	0.294
0.001	0.001	0.001	0.997
0.001	0.001	0.001	0.997
0.986	0.001	0.001	0.012
0.001	0.012	0.001	0.986
0.704	0.294	0.001	0.001
0.014	0.001	0.001	0.984
>GTGTAGATTTAC	7-GTGTAGATTTAC	10.909771	-10.115048	0	T:4.0(13.33%),B:245.2(0.64%),P:1e-4	Tpos:344.7,Tstd:125.4,Bpos:562.3,Bstd:293.2,StrandBias:-10.0,Multiplicity:2.25
0.266	0.001	0.732	0.001
0.014	0.001	0.001	0.984
0.001	0.001	0.997	0.001
0.001	0.001	0.001	0.997
0.631	0.001	0.001	0.367
0.001	0.014	0.984	0.001
0.690	0.001	0.308	0.001
0.368	0.001	0.017	0.614
0.001	0.001	0.001	0.997
0.367	0.001	0.001	0.631
0.997	0.001	0.001	0.001
0.001	0.997	0.001	0.001
>TTCAGGCATTTT	8-TTCAGGCATTTT	14.787555	-5.004617	0	T:2.0(6.67%),B:156.2(0.40%),P:1e-2	Tpos:288.0,Tstd:222.0,Bpos:509.7,Bstd:283.4,StrandBias:1.6,Multiplicity:2.00
0.001	0.001	0.001	0.997
0.001	0.001	0.001	0.997
0.001	0.997	0.001	0.001
0.997	0.001	0.001	0.001
0.001	0.001	0.828	0.170
0.289	0.001	0.709	0.001
0.156	0.842	0.001	0.001
0.997	0.001	0.001	0.001
0.197	0.001	0.001	0.801
0.001	0.001	0.001	0.997
0.001	0.001	0.001	0.997
0.001	0.001	0.001	0.997
>GATGAACT	1-GATGAACT	7.625098	-15.095153	0	T:17.0(56.67%),B:5996.2(15.53%),P:1e-6	Tpos:463.8,Tstd:306.5,Bpos:507.2,Bstd:311.3,StrandBias:0.6,Multiplicity:1.35
0.001	0.001	0.645	0.353
0.887	0.111	0.001	0.001
0.001	0.001	0.001	0.997
0.001	0.001	0.997	0.001
0.997	0.001	0.001	0.001
0.810	0.188	0.001	0.001
0.001	0.997	0.001	0.001
0.001	0.001	0.001	0.997
>TGCCTGCC	2-TGCCTGCC	6.374954	-13.484040	0	T:17.0(56.67%),B:6695.8(17.35%),P:1e-5	Tpos:473.1,Tstd:314.9,Bpos:496.4,Bstd:321.4,StrandBias:0.4,Multiplicity:2.18
0.001	0.089	0.001	0.909
0.027	0.001	0.971	0.001
0.001	0.997	0.001	0.001
0.043	0.919	0.001	0.037
0.001	0.058	0.001	0.940
0.250	0.001	0.748	0.001
0.046	0.918	0.001	0.035
0.034	0.832	0.046	0.088
>GACAACCG	3-GACAACCG	6.548222	-12.123989	0	T:18.0(60.00%),B:8287.1(21.47%),P:1e-5	Tpos:453.6,Tstd:314.6,Bpos:498.1,Bstd:327.6,StrandBias:-0.3,Multiplicity:1.44
0.056	0.038	0.880	0.026
0.756	0.001	0.112	0.131
0.155	0.667	0.085	0.093
0.818	0.133	0.048	0.001
0.725	0.001	0.048	0.226
0.025	0.664	0.310	0.001
0.027	0.962	0.010	0.001
0.092	0.086	0.584	0.238
>TTCACGTG	4-TTCACGTG	8.814572	-10.955089	0	T:11.0(36.67%),B:3234.6(8.38%),P:1e-4	Tpos:689.8,Tstd:313.6,Bpos:534.4,Bstd:333.6,StrandBias:0.0,Multiplicity:1.18
0.001	0.001	0.001	0.997
0.001	0.001	0.073	0.925
0.248	0.750	0.001	0.001
0.997	0.001	0.001	0.001
0.001	0.997	0.001	0.001
0.001	0.001	0.997	0.001
0.001	0.073	0.001	0.925
0.001	0.001	0.836	0.162
>AAGCTGTG	5-AAGCTGTG	8.870166	-10.648099	0	T:8.0(26.67%),B:1609.8(4.17%),P:1e-4	Tpos:562.0,Tstd:263.0,Bpos:481.1,Bstd:320.9,StrandBias:0.7,Multiplicity:1.00
0.997	0.001	0.001	0.001
0.844	0.154	0.001	0.001
0.001	0.001	0.997	0.001
0.001	0.997	0.001	0.001
0.001	0.001	0.001	0.997
0.001	0.001	0.997	0.001
0.001	0.001	0.131	0.867
0.001	0.001	0.997	0.001
