>CBGTGCAC	1-CBGTGCAC	7.699870	-13.194376	0	T:10.0(23.26%),B:1332.2(3.50%),P:1e-5	Tpos:477.4,Tstd:199.3,Bpos:498.7,Bstd:316.4,StrandBias:-0.8,Multiplicity:1.10
0.051	0.829	0.066	0.054
0.104	0.319	0.340	0.237
0.001	0.128	0.825	0.046
0.124	0.071	0.255	0.550
0.001	0.001	0.997	0.001
0.054	0.932	0.013	0.001
0.750	0.248	0.001	0.001
0.001	0.869	0.129	0.001
>TGCACTSG	2-TGCACTSG	8.060797	-12.100872	0	T:13.0(30.23%),B:2700.2(7.08%),P:1e-5	Tpos:477.9,Tstd:237.8,Bpos:506.9,Bstd:308.0,StrandBias:-0.8,Multiplicity:1.27
0.001	0.001	0.202	0.796
0.001	0.001	0.997	0.001
0.001	0.997	0.001	0.001
0.997	0.001	0.001	0.001
0.001	0.860	0.138	0.001
0.197	0.001	0.001	0.801
0.001	0.442	0.556	0.001
0.001	0.001	0.997	0.001
>CGCTAAAA	3-CGCTAAAA	8.159171	-8.316031	0	T:16.0(37.21%),B:5618.8(14.74%),P:1e-3	Tpos:552.1,Tstd:292.4,Bpos:526.8,Bstd:320.3,StrandBias:-0.6,Multiplicity:1.56
0.001	0.834	0.164	0.001
0.001	0.001	0.997	0.001
0.167	0.831	0.001	0.001
0.001	0.001	0.001	0.997
0.916	0.082	0.001	0.001
0.626	0.001	0.175	0.198
0.744	0.001	0.001	0.254
0.903	0.001	0.095	0.001
>TTTCCTGG	4-TTTCCTGG	7.470709	-5.510930	0	T:14.0(32.56%),B:5888.8(15.45%),P:1e-2	Tpos:439.6,Tstd:310.2,Bpos:493.8,Bstd:315.7,StrandBias:-0.6,Multiplicity:1.79
0.055	0.001	0.023	0.921
0.125	0.072	0.094	0.709
0.075	0.001	0.308	0.616
0.001	0.997	0.001	0.001
0.088	0.621	0.034	0.257
0.096	0.253	0.001	0.650
0.001	0.001	0.997	0.001
0.001	0.145	0.853	0.001
>CTCCCCTT	5-CTCCCCTT	3.829099	-3.372316	0	T:21.0(48.84%),B:13063.0(34.27%),P:1e-1	Tpos:457.2,Tstd:291.5,Bpos:523.0,Bstd:315.4,StrandBias:0.2,Multiplicity:1.62
0.283	0.715	0.001	0.001
0.001	0.001	0.001	0.997
0.001	0.997	0.001	0.001
0.001	0.997	0.001	0.001
0.001	0.997	0.001	0.001
0.001	0.997	0.001	0.001
0.001	0.001	0.001	0.997
0.001	0.001	0.001	0.997
