>ACTCTTACTC	1-ACTCTTACTC	11.025095	-20.736552	0	T:8.0(18.60%),B:276.4(0.73%),P:1e-9	Tpos:532.3,Tstd:302.3,Bpos:517.4,Bstd:302.1,StrandBias:1.0,Multiplicity:1.12
0.866	0.001	0.001	0.132
0.001	0.997	0.001	0.001
0.001	0.001	0.001	0.997
0.001	0.997	0.001	0.001
0.001	0.001	0.001	0.997
0.166	0.001	0.001	0.832
0.864	0.001	0.134	0.001
0.134	0.864	0.001	0.001
0.001	0.001	0.273	0.725
0.001	0.997	0.001	0.001
>TGCTACGACG	2-TGCTACGACG	8.643382	-18.813313	0	T:12.0(27.91%),B:1210.2(3.17%),P:1e-8	Tpos:519.2,Tstd:322.8,Bpos:485.8,Bstd:321.7,StrandBias:-0.2,Multiplicity:1.08
0.001	0.323	0.001	0.675
0.001	0.001	0.712	0.286
0.154	0.688	0.001	0.157
0.369	0.001	0.001	0.629
0.997	0.001	0.001	0.001
0.001	0.880	0.001	0.118
0.001	0.001	0.997	0.001
0.997	0.001	0.001	0.001
0.278	0.594	0.001	0.127
0.001	0.125	0.707	0.167
>GCCTGACCCC	3-GCCTGACCCC	9.347601	-13.564744	0	T:4.0(9.30%),B:67.7(0.18%),P:1e-5	Tpos:376.8,Tstd:102.8,Bpos:542.5,Bstd:288.5,StrandBias:0.0,Multiplicity:1.50
0.001	0.001	0.997	0.001
0.001	0.862	0.001	0.136
0.001	0.997	0.001	0.001
0.001	0.001	0.001	0.997
0.001	0.001	0.997	0.001
0.997	0.001	0.001	0.001
0.001	0.997	0.001	0.001
0.147	0.827	0.013	0.013
0.001	0.997	0.001	0.001
0.001	0.997	0.001	0.001
>GCTGGTCCAG	4-GCTGGTCCAG	8.621347	-13.026402	0	T:8.0(18.60%),B:769.1(2.02%),P:1e-5	Tpos:437.8,Tstd:162.9,Bpos:425.2,Bstd:305.9,StrandBias:-1.0,Multiplicity:1.25
0.001	0.071	0.868	0.060
0.001	0.867	0.001	0.131
0.001	0.193	0.001	0.805
0.093	0.112	0.595	0.200
0.183	0.063	0.704	0.050
0.069	0.001	0.001	0.929
0.001	0.938	0.001	0.060
0.066	0.837	0.004	0.093
0.827	0.001	0.001	0.171
0.157	0.061	0.649	0.133
>CGATAAAATC	5-CGATAAAATC	10.013051	-12.874505	0	T:14.0(32.56%),B:2951.1(7.74%),P:1e-5	Tpos:526.9,Tstd:268.8,Bpos:524.1,Bstd:328.8,StrandBias:0.5,Multiplicity:1.21
0.001	0.978	0.001	0.020
0.001	0.001	0.903	0.095
0.621	0.246	0.001	0.132
0.234	0.001	0.078	0.687
0.997	0.001	0.001	0.001
0.997	0.001	0.001	0.001
0.997	0.001	0.001	0.001
0.887	0.001	0.001	0.111
0.159	0.001	0.001	0.839
0.087	0.728	0.001	0.184
>TCGTCAGAAA	6-TCGTCAGAAA	9.813038	-12.567590	0	T:12.0(27.91%),B:2172.4(5.70%),P:1e-5	Tpos:547.8,Tstd:283.9,Bpos:504.8,Bstd:311.9,StrandBias:0.4,Multiplicity:1.33
0.001	0.001	0.001	0.997
0.074	0.924	0.001	0.001
0.046	0.001	0.844	0.109
0.001	0.001	0.001	0.997
0.092	0.841	0.066	0.001
0.854	0.001	0.088	0.057
0.041	0.090	0.868	0.001
0.872	0.001	0.126	0.001
0.997	0.001	0.001	0.001
0.878	0.001	0.120	0.001
>AKCTCCCCTT	7-AKCTCCCCTT	9.755918	-12.382595	0	T:7.0(16.28%),B:586.3(1.54%),P:1e-5	Tpos:445.4,Tstd:290.5,Bpos:479.8,Bstd:299.6,StrandBias:-1.3,Multiplicity:2.00
0.988	0.001	0.001	0.010
0.001	0.001	0.568	0.430
0.216	0.782	0.001	0.001
0.199	0.151	0.001	0.649
0.001	0.802	0.196	0.001
0.136	0.862	0.001	0.001
0.001	0.997	0.001	0.001
0.001	0.869	0.001	0.129
0.137	0.001	0.001	0.861
0.001	0.001	0.001	0.997
>TTCTTGGCTT	8-TTCTTGGCTT	9.586809	-10.915638	0	T:10.0(23.26%),B:1729.4(4.54%),P:1e-4	Tpos:377.7,Tstd:365.2,Bpos:512.5,Bstd:314.1,StrandBias:0.0,Multiplicity:1.40
0.001	0.107	0.001	0.891
0.001	0.093	0.221	0.685
0.001	0.987	0.011	0.001
0.001	0.001	0.001	0.997
0.103	0.051	0.001	0.845
0.069	0.001	0.929	0.001
0.059	0.050	0.794	0.097
0.283	0.563	0.001	0.153
0.001	0.001	0.001	0.997
0.108	0.001	0.001	0.890
>GCCCCAGGAA	9-GCCCCAGGAA	9.315012	-9.424733	0	T:5.0(11.63%),B:390.0(1.02%),P:1e-4	Tpos:318.4,Tstd:215.4,Bpos:406.5,Bstd:313.5,StrandBias:3.3,Multiplicity:2.20
0.001	0.001	0.997	0.001
0.001	0.997	0.001	0.001
0.112	0.772	0.001	0.115
0.001	0.997	0.001	0.001
0.001	0.997	0.001	0.001
0.997	0.001	0.001	0.001
0.125	0.089	0.785	0.001
0.001	0.001	0.997	0.001
0.997	0.001	0.001	0.001
0.579	0.123	0.119	0.179
>CTCGGATGTGTT	1-CTCGGATGTGTT	14.246712	-22.464502	0	T:4.0(9.30%),B:5.8(0.02%),P:1e-9	Tpos:353.5,Tstd:320.3,Bpos:608.9,Bstd:326.3,StrandBias:10.0,Multiplicity:1.00
0.001	0.796	0.001	0.202
0.001	0.001	0.001	0.997
0.001	0.997	0.001	0.001
0.001	0.001	0.997	0.001
0.001	0.001	0.997	0.001
0.997	0.001	0.001	0.001
0.001	0.265	0.265	0.468
0.001	0.001	0.997	0.001
0.001	0.001	0.001	0.997
0.001	0.001	0.997	0.001
0.001	0.001	0.001	0.997
0.001	0.001	0.001	0.997
>CAAAATGMASAA	2-CAAAATGMASAA	11.303011	-22.185928	0	T:14.0(32.56%),B:1393.4(3.66%),P:1e-9	Tpos:461.5,Tstd:346.5,Bpos:502.3,Bstd:301.6,StrandBias:0.0,Multiplicity:1.29
0.001	0.888	0.110	0.001
0.888	0.001	0.001	0.110
0.997	0.001	0.001	0.001
0.682	0.172	0.145	0.001
0.569	0.085	0.001	0.345
0.001	0.001	0.001	0.997
0.001	0.001	0.806	0.192
0.536	0.462	0.001	0.001
0.905	0.093	0.001	0.001
0.001	0.491	0.344	0.165
0.997	0.001	0.001	0.001
0.915	0.001	0.083	0.001
>ATCAATTCTTCC	3-ATCAATTCTTCC	10.994730	-21.287662	0	T:10.0(23.26%),B:554.1(1.45%),P:1e-9	Tpos:542.0,Tstd:231.0,Bpos:518.3,Bstd:312.6,StrandBias:0.0,Multiplicity:1.00
0.757	0.001	0.241	0.001
0.001	0.118	0.001	0.880
0.119	0.799	0.001	0.081
0.997	0.001	0.001	0.001
0.537	0.257	0.125	0.081
0.001	0.001	0.001	0.997
0.124	0.116	0.001	0.759
0.001	0.937	0.001	0.061
0.001	0.001	0.001	0.997
0.001	0.001	0.001	0.997
0.001	0.997	0.001	0.001
0.116	0.523	0.257	0.104
>AMGTTTTTTTGA	4-AMGTTTTTTTGA	12.716750	-19.398221	0	T:10.0(23.26%),B:677.9(1.78%),P:1e-8	Tpos:585.8,Tstd:314.5,Bpos:525.4,Bstd:309.8,StrandBias:0.6,Multiplicity:1.00
0.699	0.001	0.299	0.001
0.342	0.477	0.001	0.180
0.128	0.001	0.870	0.001
0.001	0.001	0.001	0.997
0.001	0.001	0.001	0.997
0.001	0.001	0.001	0.997
0.001	0.001	0.001	0.997
0.001	0.001	0.316	0.682
0.001	0.001	0.001	0.997
0.001	0.001	0.001	0.997
0.176	0.069	0.754	0.001
0.681	0.317	0.001	0.001
>TCTGCGAVAHGG	5-TCTGCGAVAHGG	9.640857	-16.679292	0	T:6.0(13.95%),B:176.9(0.46%),P:1e-7	Tpos:609.3,Tstd:284.0,Bpos:491.0,Bstd:325.6,StrandBias:-1.0,Multiplicity:1.00
0.001	0.001	0.001	0.997
0.001	0.997	0.001	0.001
0.001	0.001	0.017	0.981
0.001	0.301	0.697	0.001
0.001	0.738	0.001	0.260
0.008	0.001	0.990	0.001
0.997	0.001	0.001	0.001
0.319	0.279	0.401	0.001
0.997	0.001	0.001	0.001
0.338	0.260	0.001	0.401
0.001	0.001	0.997	0.001
0.001	0.001	0.997	0.001
>AATTAKCGAAAA	6-AATTAKCGAAAA	12.555842	-16.311646	0	T:9.0(20.93%),B:702.5(1.84%),P:1e-7	Tpos:562.7,Tstd:268.7,Bpos:504.6,Bstd:311.9,StrandBias:1.0,Multiplicity:1.00
0.997	0.001	0.001	0.001
0.997	0.001	0.001	0.001
0.001	0.001	0.001	0.997
0.001	0.001	0.001	0.997
0.997	0.001	0.001	0.001
0.001	0.001	0.466	0.532
0.001	0.997	0.001	0.001
0.128	0.001	0.870	0.001
0.997	0.001	0.001	0.001
0.616	0.001	0.001	0.382
0.585	0.001	0.001	0.413
0.997	0.001	0.001	0.001
>TTTTTTCTTGGT	7-TTTTTTCTTGGT	13.197879	-15.509137	0	T:8.0(18.60%),B:550.2(1.44%),P:1e-6	Tpos:371.7,Tstd:280.0,Bpos:531.8,Bstd:319.8,StrandBias:-1.8,Multiplicity:1.12
0.001	0.169	0.001	0.829
0.001	0.144	0.001	0.854
0.001	0.001	0.001	0.997
0.001	0.001	0.001	0.997
0.001	0.001	0.001	0.997
0.001	0.001	0.001	0.997
0.001	0.966	0.001	0.032
0.001	0.144	0.001	0.854
0.001	0.001	0.001	0.997
0.124	0.001	0.799	0.076
0.077	0.001	0.878	0.044
0.090	0.001	0.001	0.908
>TGTTAACTCAAA	8-TGTTAACTCAAA	12.534442	-15.452676	0	T:6.0(13.95%),B:218.1(0.57%),P:1e-6	Tpos:505.7,Tstd:319.1,Bpos:498.8,Bstd:309.6,StrandBias:0.0,Multiplicity:1.00
0.157	0.001	0.001	0.841
0.001	0.188	0.810	0.001
0.001	0.001	0.001	0.997
0.176	0.001	0.001	0.822
0.591	0.407	0.001	0.001
0.789	0.209	0.001	0.001
0.001	0.841	0.001	0.157
0.001	0.001	0.001	0.997
0.001	0.612	0.001	0.386
0.780	0.218	0.001	0.001
0.997	0.001	0.001	0.001
0.997	0.001	0.001	0.001
>TAAAATATTCAG	9-TAAAATATTCAG	13.292889	-15.305678	0	T:7.0(16.28%),B:375.4(0.98%),P:1e-6	Tpos:650.0,Tstd:325.7,Bpos:530.4,Bstd:325.5,StrandBias:0.7,Multiplicity:1.14
0.001	0.001	0.165	0.833
0.997	0.001	0.001	0.001
0.997	0.001	0.001	0.001
0.997	0.001	0.001	0.001
0.997	0.001	0.001	0.001
0.001	0.213	0.001	0.785
0.914	0.001	0.001	0.084
0.001	0.001	0.001	0.997
0.001	0.001	0.001	0.997
0.001	0.849	0.001	0.149
0.774	0.001	0.224	0.001
0.001	0.001	0.997	0.001
>GGCCTCATTTCT	10-GGCCTCATTTCT	14.608752	-14.787981	0	T:3.0(6.98%),B:10.5(0.03%),P:1e-6	Tpos:783.7,Tstd:182.6,Bpos:594.2,Bstd:273.2,StrandBias:10.0,Multiplicity:1.00
0.001	0.001	0.997	0.001
0.260	0.001	0.738	0.001
0.001	0.997	0.001	0.001
0.001	0.997	0.001	0.001
0.001	0.001	0.001	0.997
0.229	0.769	0.001	0.001
0.997	0.001	0.001	0.001
0.001	0.001	0.001	0.997
0.001	0.001	0.001	0.997
0.001	0.001	0.001	0.997
0.001	0.801	0.001	0.197
0.001	0.001	0.001	0.997
>TMACCCGCATTT	11-TMACCCGCATTT	11.842300	-14.064306	0	T:6.0(13.95%),B:278.9(0.73%),P:1e-6	Tpos:440.0,Tstd:258.7,Bpos:534.0,Bstd:317.2,StrandBias:2.6,Multiplicity:1.17
0.001	0.001	0.001	0.997
0.418	0.439	0.001	0.142
0.623	0.001	0.001	0.375
0.001	0.767	0.001	0.231
0.001	0.639	0.001	0.359
0.001	0.826	0.001	0.172
0.001	0.001	0.997	0.001
0.385	0.613	0.001	0.001
0.772	0.226	0.001	0.001
0.176	0.001	0.001	0.822
0.001	0.001	0.001	0.997
0.001	0.001	0.001	0.997
>GCAAGAAAACDT	12-GCAAGAAAACDT	10.532387	-12.392504	0	T:9.0(20.93%),B:1131.4(2.97%),P:1e-5	Tpos:348.1,Tstd:200.6,Bpos:526.3,Bstd:293.2,StrandBias:-10.0,Multiplicity:1.22
0.005	0.355	0.581	0.059
0.001	0.945	0.001	0.053
0.947	0.001	0.001	0.051
0.579	0.001	0.001	0.419
0.001	0.311	0.622	0.066
0.989	0.009	0.001	0.001
0.982	0.011	0.001	0.006
0.997	0.001	0.001	0.001
0.992	0.001	0.006	0.001
0.005	0.987	0.007	0.001
0.258	0.001	0.354	0.387
0.001	0.009	0.001	0.989
>AGCTCCCCTTWK	13-AGCTCCCCTTWK	10.652541	-11.999264	0	T:4.0(9.30%),B:101.3(0.27%),P:1e-5	Tpos:274.5,Tstd:247.8,Bpos:457.5,Bstd:289.4,StrandBias:-1.6,Multiplicity:1.00
0.983	0.001	0.001	0.015
0.001	0.001	0.982	0.016
0.022	0.976	0.001	0.001
0.001	0.001	0.001	0.997
0.001	0.615	0.021	0.363
0.001	0.997	0.001	0.001
0.001	0.997	0.001	0.001
0.362	0.636	0.001	0.001
0.001	0.001	0.001	0.997
0.001	0.001	0.001	0.997
0.547	0.001	0.001	0.451
0.001	0.001	0.547	0.451
>TCCTGGTGCWCM	14-TCCTGGTGCWCM	10.090325	-9.880284	0	T:4.0(9.30%),B:176.6(0.46%),P:1e-4	Tpos:300.6,Tstd:224.9,Bpos:362.3,Bstd:281.1,StrandBias:-1.8,Multiplicity:2.25
0.001	0.001	0.001	0.997
0.001	0.622	0.376	0.001
0.001	0.997	0.001	0.001
0.001	0.001	0.001	0.997
0.001	0.001	0.997	0.001
0.001	0.376	0.622	0.001
0.001	0.001	0.030	0.968
0.001	0.018	0.980	0.001
0.001	0.988	0.010	0.001
0.530	0.001	0.001	0.468
0.001	0.997	0.001	0.001
0.530	0.468	0.001	0.001
>ARACCGATAAAA	15-ARACCGATAAAA	9.974591	-8.680098	0	T:6.0(13.95%),B:732.3(1.92%),P:1e-3	Tpos:410.0,Tstd:338.5,Bpos:539.6,Bstd:340.2,StrandBias:0.0,Multiplicity:1.00
0.660	0.067	0.129	0.144
0.423	0.097	0.336	0.145
0.753	0.097	0.059	0.091
0.077	0.693	0.079	0.151
0.141	0.799	0.048	0.012
0.079	0.219	0.629	0.073
0.482	0.098	0.279	0.142
0.104	0.068	0.094	0.734
0.729	0.098	0.068	0.105
0.836	0.144	0.019	0.001
0.583	0.096	0.144	0.177
0.684	0.059	0.192	0.065
>TTTGACCTACTT	16-TTTGACCTACTT	13.726678	-8.670353	0	T:3.0(6.98%),B:92.2(0.24%),P:1e-3	Tpos:606.9,Tstd:84.0,Bpos:559.9,Bstd:267.1,StrandBias:-2.6,Multiplicity:2.33
0.001	0.001	0.001	0.997
0.001	0.001	0.001	0.997
0.001	0.166	0.001	0.832
0.001	0.001	0.997	0.001
0.828	0.001	0.170	0.001
0.125	0.873	0.001	0.001
0.001	0.856	0.001	0.142
0.001	0.001	0.001	0.997
0.997	0.001	0.001	0.001
0.001	0.877	0.001	0.121
0.001	0.001	0.001	0.997
0.001	0.139	0.001	0.859
>ACGRMRAGGGGW	17-ACGRMRAGGGGW	13.805479	-8.460350	0	T:3.0(6.98%),B:99.2(0.26%),P:1e-3	Tpos:432.9,Tstd:250.0,Bpos:454.0,Bstd:299.1,StrandBias:0.3,Multiplicity:3.00
0.989	0.001	0.009	0.001
0.001	0.997	0.001	0.001
0.009	0.001	0.989	0.001
0.533	0.001	0.465	0.001
0.533	0.465	0.001	0.001
0.533	0.001	0.465	0.001
0.997	0.001	0.001	0.001
0.001	0.001	0.997	0.001
0.001	0.001	0.997	0.001
0.001	0.001	0.997	0.001
0.001	0.001	0.997	0.001
0.533	0.001	0.001	0.465
>CBGTGCAC	1-CBGTGCAC	7.699870	-13.194376	0	T:10.0(23.26%),B:1332.2(3.50%),P:1e-5	Tpos:477.4,Tstd:199.3,Bpos:498.7,Bstd:316.4,StrandBias:-0.8,Multiplicity:1.10
0.051	0.829	0.066	0.054
0.104	0.319	0.340	0.237
0.001	0.128	0.825	0.046
0.124	0.071	0.255	0.550
0.001	0.001	0.997	0.001
0.054	0.932	0.013	0.001
0.750	0.248	0.001	0.001
0.001	0.869	0.129	0.001
>TGCACTSG	2-TGCACTSG	8.060797	-12.100872	0	T:13.0(30.23%),B:2700.2(7.08%),P:1e-5	Tpos:477.9,Tstd:237.8,Bpos:506.9,Bstd:308.0,StrandBias:-0.8,Multiplicity:1.27
0.001	0.001	0.202	0.796
0.001	0.001	0.997	0.001
0.001	0.997	0.001	0.001
0.997	0.001	0.001	0.001
0.001	0.860	0.138	0.001
0.197	0.001	0.001	0.801
0.001	0.442	0.556	0.001
0.001	0.001	0.997	0.001
>CGCTAAAA	3-CGCTAAAA	8.159171	-8.316031	0	T:16.0(37.21%),B:5618.8(14.74%),P:1e-3	Tpos:552.1,Tstd:292.4,Bpos:526.8,Bstd:320.3,StrandBias:-0.6,Multiplicity:1.56
0.001	0.834	0.164	0.001
0.001	0.001	0.997	0.001
0.167	0.831	0.001	0.001
0.001	0.001	0.001	0.997
0.916	0.082	0.001	0.001
0.626	0.001	0.175	0.198
0.744	0.001	0.001	0.254
0.903	0.001	0.095	0.001
>TTTCCTGG	4-TTTCCTGG	7.470709	-5.510930	0	T:14.0(32.56%),B:5888.8(15.45%),P:1e-2	Tpos:439.6,Tstd:310.2,Bpos:493.8,Bstd:315.7,StrandBias:-0.6,Multiplicity:1.79
0.055	0.001	0.023	0.921
0.125	0.072	0.094	0.709
0.075	0.001	0.308	0.616
0.001	0.997	0.001	0.001
0.088	0.621	0.034	0.257
0.096	0.253	0.001	0.650
0.001	0.001	0.997	0.001
0.001	0.145	0.853	0.001
>CTCCCCTT	5-CTCCCCTT	3.829099	-3.372316	0	T:21.0(48.84%),B:13063.0(34.27%),P:1e-1	Tpos:457.2,Tstd:291.5,Bpos:523.0,Bstd:315.4,StrandBias:0.2,Multiplicity:1.62
0.283	0.715	0.001	0.001
0.001	0.001	0.001	0.997
0.001	0.997	0.001	0.001
0.001	0.997	0.001	0.001
0.001	0.997	0.001	0.001
0.001	0.997	0.001	0.001
0.001	0.001	0.001	0.997
0.001	0.001	0.001	0.997
