>CTCGGTTG	1-CTCGGTTG	8.924898	-10.630050	0	T:6.0(30.00%),B:1141.2(3.10%),P:1e-4	Tpos:654.3,Tstd:210.1,Bpos:506.3,Bstd:342.4,StrandBias:1.3,Multiplicity:1.17
0.001	0.854	0.144	0.001
0.001	0.001	0.001	0.997
0.001	0.997	0.001	0.001
0.001	0.001	0.997	0.001
0.001	0.187	0.811	0.001
0.001	0.001	0.001	0.997
0.001	0.001	0.001	0.997
0.001	0.001	0.997	0.001
>GCCTAGCC	2-GCCTAGCC	9.848542	-10.406815	0	T:4.0(20.00%),B:334.2(0.91%),P:1e-4	Tpos:317.2,Tstd:377.3,Bpos:464.3,Bstd:363.0,StrandBias:-1.6,Multiplicity:1.00
0.001	0.001	0.997	0.001
0.001	0.997	0.001	0.001
0.295	0.703	0.001	0.001
0.001	0.001	0.001	0.997
0.997	0.001	0.001	0.001
0.001	0.001	0.997	0.001
0.001	0.997	0.001	0.001
0.001	0.997	0.001	0.001
>TYTGTAAC	3-TYTGTAAC	8.508082	-6.408803	0	T:7.0(35.00%),B:3446.7(9.38%),P:1e-2	Tpos:423.6,Tstd:230.4,Bpos:504.3,Bstd:328.9,StrandBias:1.0,Multiplicity:1.29
0.001	0.001	0.001	0.997
0.001	0.558	0.025	0.416
0.001	0.288	0.001	0.710
0.226	0.001	0.772	0.001
0.001	0.046	0.001	0.952
0.997	0.001	0.001	0.001
0.997	0.001	0.001	0.001
0.001	0.736	0.262	0.001
>ATCCCTCC	4-ATCCCTCC	6.291044	-4.661388	0	T:11.0(55.00%),B:10220.3(27.80%),P:1e-2	Tpos:552.9,Tstd:343.0,Bpos:520.1,Bstd:351.9,StrandBias:1.0,Multiplicity:1.64
0.700	0.100	0.100	0.100
0.100	0.100	0.100	0.700
0.100	0.700	0.100	0.100
0.100	0.700	0.100	0.100
0.100	0.700	0.100	0.100
0.100	0.100	0.100	0.700
0.100	0.700	0.100	0.100
0.100	0.700	0.100	0.100
>TCCMCGAG	5-TCCMCGAG	6.155292	-4.369443	0	T:11.0(55.00%),B:10603.8(28.85%),P:1e-1	Tpos:440.9,Tstd:247.4,Bpos:488.6,Bstd:346.3,StrandBias:-0.3,Multiplicity:1.82
0.042	0.120	0.001	0.837
0.001	0.904	0.001	0.094
0.082	0.835	0.082	0.001
0.480	0.518	0.001	0.001
0.072	0.759	0.081	0.088
0.110	0.001	0.888	0.001
0.873	0.001	0.001	0.125
0.001	0.001	0.803	0.195
