>GCCTCAAGAGAT	1-GCCTCAAGAGAT	11.982121	-26.030337	0	T:9.0(4.37%),B:37.0(0.10%),P:1e-11	Tpos:472.8,Tstd:247.0,Bpos:380.9,Bstd:276.3,StrandBias:0.3,Multiplicity:1.00
0.001	0.001	0.997	0.001
0.001	0.865	0.133	0.001
0.282	0.704	0.001	0.013
0.282	0.001	0.001	0.716
0.001	0.851	0.147	0.001
0.997	0.001	0.001	0.001
0.701	0.297	0.001	0.001
0.001	0.001	0.997	0.001
0.704	0.161	0.134	0.001
0.099	0.001	0.764	0.136
0.532	0.297	0.170	0.001
0.001	0.001	0.001	0.997
>CCGAAGGTTTTA	2-CCGAAGGTTTTA	13.745740	-25.411788	0	T:8.0(3.88%),B:24.9(0.07%),P:1e-11	Tpos:375.0,Tstd:179.8,Bpos:566.1,Bstd:431.3,StrandBias:0.7,Multiplicity:1.00
0.001	0.997	0.001	0.001
0.001	0.997	0.001	0.001
0.001	0.197	0.801	0.001
0.997	0.001	0.001	0.001
0.997	0.001	0.001	0.001
0.136	0.001	0.862	0.001
0.171	0.001	0.717	0.111
0.001	0.001	0.001	0.997
0.001	0.001	0.001	0.997
0.001	0.001	0.001	0.997
0.001	0.001	0.001	0.997
0.729	0.001	0.001	0.269
>ATTTTCACTGAA	3-ATTTTCACTGAA	12.890679	-24.783333	0	T:25.0(12.14%),B:811.0(2.26%),P:1e-10	Tpos:569.4,Tstd:305.4,Bpos:517.7,Bstd:377.8,StrandBias:0.1,Multiplicity:1.00
0.929	0.001	0.001	0.069
0.001	0.001	0.074	0.924
0.001	0.001	0.001	0.997
0.001	0.001	0.001	0.997
0.093	0.001	0.001	0.905
0.162	0.811	0.001	0.026
0.944	0.001	0.032	0.023
0.141	0.766	0.042	0.051
0.001	0.001	0.046	0.952
0.024	0.081	0.894	0.001
0.924	0.074	0.001	0.001
0.997	0.001	0.001	0.001
>TCCGTCAGTTTT	4-TCCGTCAGTTTT	10.988685	-24.429801	0	T:30.0(14.56%),B:1204.2(3.36%),P:1e-10	Tpos:455.7,Tstd:266.9,Bpos:503.8,Bstd:376.3,StrandBias:0.1,Multiplicity:1.15
0.001	0.003	0.123	0.873
0.001	0.811	0.004	0.184
0.002	0.835	0.001	0.162
0.005	0.153	0.841	0.001
0.003	0.081	0.046	0.870
0.076	0.846	0.076	0.002
0.995	0.001	0.003	0.001
0.376	0.001	0.559	0.064
0.001	0.001	0.001	0.997
0.001	0.001	0.107	0.891
0.001	0.001	0.001	0.997
0.150	0.002	0.097	0.751
>ATTTTGGTCGCC	5-ATTTTGGTCGCC	13.859221	-23.653341	0	T:6.0(2.91%),B:7.2(0.02%),P:1e-10	Tpos:656.7,Tstd:205.4,Bpos:737.0,Bstd:158.4,StrandBias:0.0,Multiplicity:1.00
0.997	0.001	0.001	0.001
0.142	0.001	0.001	0.856
0.001	0.001	0.001	0.997
0.001	0.001	0.001	0.997
0.001	0.001	0.001	0.997
0.001	0.001	0.997	0.001
0.001	0.001	0.903	0.095
0.143	0.001	0.143	0.713
0.164	0.834	0.001	0.001
0.001	0.001	0.997	0.001
0.001	0.997	0.001	0.001
0.164	0.834	0.001	0.001
>ACGAATTTCAGC	6-ACGAATTTCAGC	12.100484	-23.473391	0	T:16.0(7.77%),B:305.4(0.85%),P:1e-10	Tpos:471.5,Tstd:281.8,Bpos:477.1,Bstd:462.7,StrandBias:0.9,Multiplicity:1.06
0.829	0.070	0.100	0.001
0.067	0.931	0.001	0.001
0.007	0.212	0.590	0.191
0.997	0.001	0.001	0.001
0.847	0.001	0.001	0.151
0.292	0.001	0.001	0.706
0.001	0.001	0.001	0.997
0.001	0.001	0.001	0.997
0.096	0.820	0.001	0.083
0.997	0.001	0.001	0.001
0.063	0.001	0.935	0.001
0.001	0.946	0.001	0.052
>CAATGCCCCCGC	7-CAATGCCCCCGC	14.417685	-21.866151	0	T:5.0(2.43%),B:3.8(0.01%),P:1e-9	Tpos:582.2,Tstd:333.0,Bpos:642.9,Bstd:159.5,StrandBias:0.6,Multiplicity:1.00
0.001	0.997	0.001	0.001
0.997	0.001	0.001	0.001
0.997	0.001	0.001	0.001
0.263	0.001	0.001	0.735
0.001	0.001	0.997	0.001
0.001	0.997	0.001	0.001
0.001	0.997	0.001	0.001
0.001	0.735	0.263	0.001
0.001	0.997	0.001	0.001
0.001	0.997	0.001	0.001
0.001	0.001	0.791	0.207
0.001	0.997	0.001	0.001
>GTGTGCAAACAC	8-GTGTGCAAACAC	10.197479	-21.726312	0	T:22.0(10.68%),B:720.1(2.01%),P:1e-9	Tpos:502.3,Tstd:260.5,Bpos:568.3,Bstd:348.1,StrandBias:-0.2,Multiplicity:1.09
0.001	0.089	0.851	0.059
0.054	0.002	0.001	0.943
0.106	0.110	0.671	0.113
0.088	0.022	0.001	0.889
0.123	0.001	0.875	0.001
0.001	0.997	0.001	0.001
0.730	0.084	0.112	0.074
0.614	0.113	0.113	0.160
0.935	0.001	0.063	0.001
0.118	0.807	0.001	0.074
0.997	0.001	0.001	0.001
0.241	0.700	0.001	0.058
>TTCATCGATTTT	9-TTCATCGATTTT	9.702082	-21.018563	0	T:96.0(46.60%),B:9554.9(26.63%),P:1e-9	Tpos:538.7,Tstd:299.4,Bpos:533.0,Bstd:410.4,StrandBias:0.9,Multiplicity:1.77
0.055	0.061	0.025	0.859
0.039	0.077	0.034	0.850
0.097	0.692	0.098	0.113
0.751	0.101	0.083	0.065
0.100	0.067	0.096	0.737
0.066	0.811	0.041	0.082
0.058	0.020	0.870	0.052
0.794	0.048	0.060	0.098
0.033	0.001	0.030	0.936
0.053	0.001	0.044	0.902
0.001	0.071	0.017	0.911
0.029	0.042	0.037	0.892
>AAAGCAAAAGCG	10-AAAGCAAAAGCG	13.391378	-20.962600	0	T:9.0(4.37%),B:70.5(0.20%),P:1e-9	Tpos:598.1,Tstd:244.9,Bpos:537.2,Bstd:321.9,StrandBias:-0.6,Multiplicity:1.11
0.997	0.001	0.001	0.001
0.997	0.001	0.001	0.001
0.718	0.128	0.001	0.153
0.123	0.001	0.875	0.001
0.075	0.923	0.001	0.001
0.870	0.128	0.001	0.001
0.997	0.001	0.001	0.001
0.997	0.001	0.001	0.001
0.997	0.001	0.001	0.001
0.001	0.001	0.865	0.133
0.001	0.907	0.001	0.091
0.001	0.001	0.997	0.001
>ATAAATTTCCAT	11-ATAAATTTCCAT	12.072494	-20.889665	0	T:21.0(10.19%),B:683.7(1.91%),P:1e-9	Tpos:544.4,Tstd:347.7,Bpos:497.6,Bstd:331.0,StrandBias:1.0,Multiplicity:1.00
0.936	0.001	0.001	0.062
0.088	0.054	0.111	0.747
0.997	0.001	0.001	0.001
0.997	0.001	0.001	0.001
0.997	0.001	0.001	0.001
0.100	0.001	0.001	0.898
0.001	0.001	0.001	0.997
0.001	0.001	0.001	0.997
0.001	0.839	0.072	0.088
0.090	0.756	0.153	0.001
0.870	0.001	0.077	0.052
0.001	0.001	0.151	0.847
>TCGAGCAAAAAT	12-TCGAGCAAAAAT	12.912662	-20.532800	0	T:17.0(8.25%),B:435.3(1.21%),P:1e-8	Tpos:544.9,Tstd:215.1,Bpos:492.4,Bstd:402.8,StrandBias:-1.0,Multiplicity:1.06
0.001	0.001	0.001	0.997
0.001	0.898	0.001	0.100
0.057	0.064	0.878	0.001
0.855	0.001	0.079	0.065
0.039	0.001	0.959	0.001
0.160	0.838	0.001	0.001
0.900	0.001	0.001	0.098
0.881	0.001	0.001	0.117
0.997	0.001	0.001	0.001
0.997	0.001	0.001	0.001
0.997	0.001	0.001	0.001
0.001	0.121	0.001	0.877
>TTTYCCCAWTTT	13-TTTYCCCAWTTT	12.752433	-20.500480	0	T:29.0(14.08%),B:1338.0(3.73%),P:1e-8	Tpos:528.5,Tstd:277.9,Bpos:513.1,Bstd:396.7,StrandBias:1.5,Multiplicity:1.21
0.001	0.001	0.001	0.997
0.001	0.001	0.001	0.997
0.001	0.001	0.001	0.997
0.001	0.508	0.001	0.490
0.114	0.608	0.277	0.001
0.001	0.658	0.001	0.340
0.126	0.784	0.089	0.001
0.475	0.265	0.259	0.001
0.462	0.001	0.001	0.536
0.001	0.001	0.001	0.997
0.001	0.001	0.001	0.997
0.001	0.001	0.001	0.997
>GCTGTTTTGCCG	14-GCTGTTTTGCCG	12.090167	-19.769891	0	T:5.0(2.43%),B:6.7(0.02%),P:1e-8	Tpos:424.6,Tstd:236.9,Bpos:651.4,Bstd:215.5,StrandBias:0.6,Multiplicity:1.00
0.001	0.001	0.997	0.001
0.001	0.854	0.144	0.001
0.001	0.001	0.001	0.997
0.001	0.001	0.997	0.001
0.001	0.001	0.001	0.997
0.001	0.001	0.001	0.997
0.001	0.001	0.001	0.997
0.001	0.001	0.001	0.997
0.206	0.001	0.792	0.001
0.001	0.936	0.062	0.001
0.001	0.997	0.001	0.001
0.001	0.001	0.997	0.001
>TTYCGGRTTTTT	15-TTYCGGRTTTTT	11.170520	-19.652472	0	T:68.0(33.01%),B:5823.0(16.23%),P:1e-8	Tpos:513.4,Tstd:316.5,Bpos:503.1,Bstd:403.3,StrandBias:0.8,Multiplicity:1.45
0.062	0.001	0.001	0.936
0.001	0.001	0.001	0.997
0.001	0.539	0.001	0.459
0.069	0.705	0.115	0.111
0.255	0.209	0.408	0.127
0.001	0.286	0.677	0.036
0.543	0.001	0.455	0.001
0.189	0.001	0.001	0.809
0.137	0.001	0.001	0.861
0.001	0.001	0.001	0.997
0.001	0.001	0.001	0.997
0.023	0.089	0.026	0.862
>CTGCGCRTAGAA	16-CTGCGCRTAGAA	10.708161	-18.409323	0	T:9.0(4.37%),B:96.6(0.27%),P:1e-7	Tpos:510.2,Tstd:272.7,Bpos:517.8,Bstd:314.4,StrandBias:1.2,Multiplicity:1.44
0.001	0.580	0.212	0.207
0.001	0.008	0.001	0.990
0.211	0.001	0.787	0.001
0.156	0.834	0.001	0.009
0.001	0.001	0.988	0.010
0.212	0.620	0.167	0.001
0.380	0.212	0.407	0.001
0.001	0.001	0.155	0.843
0.979	0.001	0.011	0.009
0.001	0.008	0.990	0.001
0.388	0.221	0.179	0.212
0.997	0.001	0.001	0.001
>TTTACCGGAAAA	17-TTTACCGGAAAA	9.900783	-17.588243	0	T:60.0(29.13%),B:5067.0(14.12%),P:1e-7	Tpos:486.4,Tstd:283.0,Bpos:525.7,Bstd:398.8,StrandBias:-0.0,Multiplicity:1.19
0.082	0.052	0.027	0.839
0.083	0.016	0.039	0.862
0.037	0.076	0.013	0.874
0.848	0.051	0.040	0.061
0.131	0.699	0.065	0.105
0.112	0.760	0.049	0.079
0.075	0.091	0.643	0.191
0.055	0.067	0.827	0.051
0.897	0.044	0.058	0.001
0.947	0.035	0.017	0.001
0.934	0.050	0.001	0.015
0.878	0.053	0.001	0.068
>ATATCGATTTTT	18-ATATCGATTTTT	11.919338	-17.364659	0	T:38.0(18.45%),B:2465.5(6.87%),P:1e-7	Tpos:486.6,Tstd:281.3,Bpos:537.7,Bstd:438.3,StrandBias:0.4,Multiplicity:1.13
0.922	0.001	0.076	0.001
0.278	0.042	0.001	0.679
0.997	0.001	0.001	0.001
0.056	0.001	0.051	0.892
0.026	0.913	0.035	0.026
0.016	0.001	0.982	0.001
0.968	0.001	0.001	0.030
0.027	0.001	0.001	0.971
0.053	0.088	0.070	0.789
0.001	0.001	0.001	0.997
0.001	0.001	0.051	0.947
0.027	0.041	0.001	0.931
>CACYTGTTCAGT	19-CACYTGTTCAGT	11.390150	-16.811454	0	T:9.0(4.37%),B:117.2(0.33%),P:1e-7	Tpos:368.1,Tstd:163.3,Bpos:499.5,Bstd:265.8,StrandBias:0.0,Multiplicity:1.11
0.001	0.859	0.001	0.139
0.997	0.001	0.001	0.001
0.143	0.565	0.001	0.291
0.001	0.521	0.001	0.477
0.001	0.001	0.001	0.997
0.140	0.140	0.701	0.019
0.222	0.001	0.001	0.776
0.163	0.001	0.001	0.835
0.001	0.997	0.001	0.001
0.566	0.018	0.415	0.001
0.001	0.163	0.835	0.001
0.098	0.001	0.001	0.900
>GTGGTGTCTTCT	20-GTGGTGTCTTCT	9.861926	-16.522445	0	T:17.0(8.25%),B:577.7(1.61%),P:1e-7	Tpos:547.1,Tstd:298.0,Bpos:509.4,Bstd:324.2,StrandBias:1.1,Multiplicity:1.12
0.164	0.138	0.697	0.001
0.067	0.001	0.001	0.931
0.001	0.001	0.952	0.046
0.001	0.059	0.890	0.050
0.085	0.001	0.001	0.913
0.001	0.212	0.678	0.109
0.074	0.001	0.001	0.924
0.001	0.816	0.068	0.115
0.074	0.001	0.063	0.862
0.001	0.074	0.074	0.851
0.001	0.728	0.136	0.135
0.153	0.063	0.001	0.783
>TTTCTCCGTTTT	21-TTTCTCCGTTTT	12.162345	-14.957667	0	T:26.0(12.62%),B:1437.5(4.01%),P:1e-6	Tpos:562.7,Tstd:256.5,Bpos:515.7,Bstd:396.8,StrandBias:1.7,Multiplicity:1.16
0.073	0.001	0.113	0.813
0.001	0.001	0.001	0.997
0.001	0.001	0.001	0.997
0.070	0.841	0.001	0.088
0.001	0.001	0.066	0.932
0.001	0.953	0.001	0.045
0.001	0.839	0.028	0.132
0.057	0.056	0.775	0.112
0.001	0.001	0.001	0.997
0.001	0.001	0.001	0.997
0.001	0.001	0.001	0.997
0.001	0.001	0.119	0.879
>GCGCTGCTAAAC	22-GCGCTGCTAAAC	11.709425	-14.818814	0	T:6.0(2.91%),B:43.8(0.12%),P:1e-6	Tpos:272.9,Tstd:250.7,Bpos:422.9,Bstd:344.7,StrandBias:0.3,Multiplicity:1.83
0.145	0.001	0.712	0.142
0.057	0.941	0.001	0.001
0.001	0.170	0.828	0.001
0.001	0.997	0.001	0.001
0.001	0.001	0.205	0.793
0.001	0.001	0.838	0.160
0.001	0.997	0.001	0.001
0.130	0.056	0.256	0.558
0.997	0.001	0.001	0.001
0.893	0.001	0.003	0.103
0.789	0.001	0.107	0.103
0.087	0.666	0.001	0.246
>TTTGTGTGTGTG	23-TTTGTGTGTGTG	12.831165	-12.343352	0	T:13.0(6.31%),B:466.9(1.30%),P:1e-5	Tpos:543.6,Tstd:300.6,Bpos:517.3,Bstd:356.3,StrandBias:0.7,Multiplicity:1.15
0.001	0.001	0.095	0.903
0.166	0.001	0.010	0.823
0.168	0.001	0.001	0.830
0.281	0.001	0.717	0.001
0.001	0.001	0.001	0.997
0.001	0.001	0.888	0.110
0.001	0.001	0.001	0.997
0.001	0.001	0.997	0.001
0.001	0.001	0.001	0.997
0.086	0.013	0.778	0.123
0.001	0.001	0.001	0.997
0.001	0.001	0.924	0.074
>AGCCAAAAATCC	24-AGCCAAAAATCC	13.506987	-12.129708	0	T:9.0(4.37%),B:211.0(0.59%),P:1e-5	Tpos:484.4,Tstd:312.9,Bpos:482.2,Bstd:431.4,StrandBias:0.0,Multiplicity:1.33
0.997	0.001	0.001	0.001
0.001	0.001	0.897	0.101
0.150	0.848	0.001	0.001
0.126	0.872	0.001	0.001
0.997	0.001	0.001	0.001
0.892	0.001	0.001	0.106
0.997	0.001	0.001	0.001
0.997	0.001	0.001	0.001
0.997	0.001	0.001	0.001
0.150	0.001	0.001	0.848
0.001	0.894	0.001	0.104
0.118	0.880	0.001	0.001
>GGCAGACCTAGT	25-GGCAGACCTAGT	12.355432	-3.388221	0	T:1.0(0.49%),B:5.0(0.01%),P:1e-1	Tpos:569.0,Tstd:28.3,Bpos:465.3,Bstd:317.5,StrandBias:10.0,Multiplicity:5.00
0.100	0.100	0.700	0.100
0.100	0.100	0.700	0.100
0.100	0.700	0.100	0.100
0.700	0.100	0.100	0.100
0.100	0.100	0.700	0.100
0.700	0.100	0.100	0.100
0.100	0.700	0.100	0.100
0.100	0.700	0.100	0.100
0.100	0.100	0.100	0.700
0.700	0.100	0.100	0.100
0.100	0.100	0.700	0.100
0.100	0.100	0.100	0.700
