>TCGATTTT	1-TCGATTTT	7.781901	-19.529960	0	T:123.0(59.71%),B:14123.7(39.36%),P:1e-8	Tpos:505.5,Tstd:287.2,Bpos:516.1,Bstd:411.2,StrandBias:0.4,Multiplicity:2.11
0.001	0.001	0.132	0.866
0.001	0.997	0.001	0.001
0.001	0.001	0.997	0.001
0.997	0.001	0.001	0.001
0.001	0.001	0.001	0.997
0.214	0.037	0.043	0.706
0.001	0.001	0.001	0.997
0.001	0.001	0.001	0.997
>CTCTCTCT	2-CTCTCTCT	7.830114	-16.768631	0	T:82.0(39.81%),B:8229.9(22.94%),P:1e-7	Tpos:504.8,Tstd:283.0,Bpos:545.3,Bstd:346.8,StrandBias:0.8,Multiplicity:1.36
0.001	0.877	0.001	0.121
0.254	0.001	0.001	0.744
0.001	0.894	0.104	0.001
0.066	0.001	0.001	0.932
0.001	0.876	0.122	0.001
0.212	0.001	0.001	0.786
0.001	0.997	0.001	0.001
0.001	0.001	0.114	0.884
>GCCGGAAA	3-GCCGGAAA	7.799742	-15.603797	0	T:57.0(27.67%),B:4962.0(13.83%),P:1e-6	Tpos:463.7,Tstd:270.7,Bpos:504.9,Bstd:367.5,StrandBias:0.0,Multiplicity:1.19
0.001	0.001	0.997	0.001
0.143	0.587	0.001	0.269
0.001	0.997	0.001	0.001
0.001	0.001	0.997	0.001
0.001	0.001	0.997	0.001
0.997	0.001	0.001	0.001
0.925	0.001	0.001	0.073
0.882	0.116	0.001	0.001
>GTGTGTGC	4-GTGTGTGC	6.382534	-14.855714	0	T:101.0(49.03%),B:11511.4(32.08%),P:1e-6	Tpos:528.9,Tstd:285.1,Bpos:536.2,Bstd:339.1,StrandBias:0.2,Multiplicity:1.41
0.042	0.023	0.853	0.082
0.048	0.010	0.001	0.941
0.023	0.001	0.943	0.033
0.001	0.041	0.001	0.957
0.036	0.043	0.765	0.156
0.001	0.001	0.001	0.997
0.024	0.001	0.954	0.021
0.037	0.635	0.062	0.266
>CGCCCTTG	5-CGCCCTTG	6.572122	-13.023547	0	T:44.0(21.36%),B:3673.7(10.24%),P:1e-5	Tpos:464.5,Tstd:305.3,Bpos:513.6,Bstd:365.4,StrandBias:0.5,Multiplicity:1.19
0.114	0.845	0.039	0.002
0.055	0.001	0.687	0.257
0.178	0.610	0.156	0.056
0.220	0.595	0.165	0.020
0.097	0.689	0.001	0.213
0.166	0.001	0.253	0.580
0.001	0.001	0.001	0.997
0.019	0.057	0.923	0.001
>TTGGCTAA	6-TTGGCTAA	9.939219	-11.811647	0	T:32.0(15.53%),B:2382.3(6.64%),P:1e-5	Tpos:382.0,Tstd:300.2,Bpos:479.6,Bstd:349.7,StrandBias:-0.1,Multiplicity:1.11
0.001	0.001	0.001	0.997
0.001	0.001	0.001	0.997
0.001	0.001	0.997	0.001
0.001	0.001	0.997	0.001
0.001	0.997	0.001	0.001
0.001	0.001	0.001	0.997
0.615	0.323	0.001	0.061
0.997	0.001	0.001	0.001
>GAGGRCGA	7-GAGGRCGA	8.089667	-10.304721	0	T:35.0(16.99%),B:2940.2(8.19%),P:1e-4	Tpos:448.5,Tstd:273.9,Bpos:499.0,Bstd:348.9,StrandBias:0.4,Multiplicity:1.14
0.179	0.001	0.819	0.001
0.997	0.001	0.001	0.001
0.001	0.001	0.622	0.376
0.001	0.001	0.997	0.001
0.443	0.001	0.555	0.001
0.001	0.997	0.001	0.001
0.001	0.001	0.586	0.412
0.628	0.001	0.001	0.370
>GAGAAGTC	8-GAGAAGTC	7.378898	-10.136129	0	T:95.0(46.12%),B:11701.8(32.61%),P:1e-4	Tpos:496.4,Tstd:280.1,Bpos:505.1,Bstd:376.9,StrandBias:-0.2,Multiplicity:1.56
0.001	0.001	0.978	0.020
0.997	0.001	0.001	0.001
0.086	0.001	0.912	0.001
0.997	0.001	0.001	0.001
0.997	0.001	0.001	0.001
0.001	0.001	0.703	0.295
0.001	0.001	0.001	0.997
0.001	0.997	0.001	0.001
>SGGGWTTT	9-SGGGWTTT	6.019291	-9.851276	0	T:125.0(60.68%),B:16835.1(46.92%),P:1e-4	Tpos:510.6,Tstd:313.1,Bpos:509.5,Bstd:382.1,StrandBias:-0.5,Multiplicity:1.77
0.001	0.495	0.503	0.001
0.001	0.001	0.997	0.001
0.001	0.001	0.997	0.001
0.250	0.244	0.505	0.001
0.489	0.001	0.001	0.509
0.001	0.077	0.055	0.867
0.001	0.001	0.083	0.915
0.001	0.012	0.001	0.986
>GCTAAAAT	10-GCTAAAAT	7.592379	-9.056589	0	T:89.0(43.20%),B:11038.2(30.76%),P:1e-3	Tpos:482.1,Tstd:282.7,Bpos:501.6,Bstd:373.1,StrandBias:-0.3,Multiplicity:1.57
0.001	0.029	0.969	0.001
0.001	0.977	0.001	0.021
0.001	0.001	0.233	0.765
0.997	0.001	0.001	0.001
0.807	0.062	0.097	0.034
0.969	0.029	0.001	0.001
0.692	0.084	0.001	0.223
0.001	0.209	0.001	0.789
>TTTTCCCC	11-TTTTCCCC	7.274440	-8.756784	0	T:91.0(44.17%),B:11447.1(31.90%),P:1e-3	Tpos:520.0,Tstd:285.7,Bpos:540.3,Bstd:381.2,StrandBias:1.2,Multiplicity:1.59
0.133	0.037	0.001	0.829
0.001	0.001	0.001	0.997
0.001	0.001	0.001	0.997
0.001	0.163	0.001	0.835
0.001	0.997	0.001	0.001
0.113	0.885	0.001	0.001
0.001	0.815	0.001	0.183
0.001	0.997	0.001	0.001
>ATATAAAT	12-ATATAAAT	8.236954	-8.588090	0	T:41.0(19.90%),B:4004.4(11.16%),P:1e-3	Tpos:619.2,Tstd:273.0,Bpos:526.2,Bstd:323.6,StrandBias:-0.4,Multiplicity:1.12
0.700	0.100	0.100	0.100
0.100	0.100	0.100	0.700
0.700	0.100	0.100	0.100
0.100	0.100	0.100	0.700
0.700	0.100	0.100	0.100
0.700	0.100	0.100	0.100
0.700	0.100	0.100	0.100
0.100	0.100	0.100	0.700
