>CAGAACAAAATT	15-CAGAACAAAATT	9.897978	-17.618206	0	T:42.0(15.67%),B:2519.0(6.07%),P:1e-7
0.039	0.854	0.049	0.058
0.770	0.073	0.061	0.096
0.085	0.032	0.836	0.047
0.784	0.112	0.031	0.073
0.897	0.036	0.037	0.030
0.065	0.871	0.030	0.034
0.753	0.088	0.075	0.084
0.870	0.063	0.032	0.035
0.906	0.058	0.020	0.016
0.752	0.063	0.044	0.141
0.054	0.031	0.023	0.892
0.052	0.046	0.080	0.822
