>CTAGAATGAAAA	11-CTAGAATGAAAA	10.046878	-19.179916	0	T:54.0(20.15%),B:3577.1(8.62%),P:1e-8
0.178	0.642	0.125	0.055
0.099	0.030	0.148	0.723
0.776	0.094	0.115	0.015
0.125	0.044	0.778	0.053
0.826	0.026	0.073	0.075
0.782	0.107	0.103	0.008
0.075	0.001	0.024	0.900
0.013	0.035	0.796	0.156
0.910	0.001	0.088	0.001
0.950	0.001	0.048	0.001
0.899	0.001	0.001	0.099
0.979	0.001	0.001	0.019
