>TCATATCTGACA	14-TCATATCTGACA,BestGuess:unc-62/MA0918.1/Jaspar(0.582)	9.821853	-17.690742	0	T:29.0(10.82%),B:1335.6(3.22%),P:1e-7
0.033	0.055	0.070	0.842
0.085	0.844	0.016	0.055
0.913	0.085	0.001	0.001
0.092	0.081	0.022	0.805
0.895	0.001	0.022	0.082
0.082	0.034	0.036	0.848
0.085	0.702	0.159	0.054
0.091	0.033	0.029	0.847
0.041	0.021	0.848	0.090
0.838	0.034	0.085	0.043
0.219	0.692	0.058	0.031
0.934	0.001	0.001	0.064
