>TGTTGWGTMTAC	19-TGTTGWGTMTAC	10.651296	-15.828042	0	T:15.0(5.60%),B:410.8(0.99%),P:1e-6
0.094	0.001	0.001	0.904
0.001	0.001	0.757	0.241
0.171	0.001	0.001	0.827
0.179	0.001	0.004	0.816
0.001	0.101	0.897	0.001
0.305	0.067	0.239	0.389
0.001	0.108	0.890	0.001
0.025	0.001	0.001	0.973
0.479	0.397	0.001	0.123
0.001	0.158	0.001	0.840
0.623	0.141	0.001	0.235
0.001	0.923	0.075	0.001
