>STBTGTGTGTGC	14-GCACACACAVAS	7.307591	-20.717635	0	T:67.0(27.92%),B:4548.3(13.05%),P:1e-8
0.113	0.275	0.401	0.212
0.001	0.178	0.251	0.570
0.001	0.283	0.424	0.292
0.001	0.195	0.223	0.581
0.041	0.001	0.842	0.116
0.001	0.329	0.100	0.570
0.022	0.001	0.847	0.130
0.001	0.127	0.206	0.666
0.001	0.001	0.639	0.359
0.167	0.286	0.028	0.519
0.001	0.292	0.549	0.158
0.022	0.443	0.255	0.280
