>CGAAATTTCGCA	16-CGAAATTTCGCA	9.501824	-19.126363	0	T:49.0(20.42%),B:2899.1(8.32%),P:1e-8
0.151	0.772	0.055	0.022
0.037	0.034	0.878	0.051
0.881	0.074	0.021	0.024
0.840	0.031	0.099	0.030
0.857	0.081	0.001	0.061
0.092	0.001	0.057	0.850
0.064	0.030	0.058	0.848
0.014	0.010	0.036	0.940
0.041	0.797	0.046	0.116
0.060	0.079	0.810	0.051
0.088	0.703	0.083	0.126
0.830	0.019	0.095	0.056
