>CGTATTTTGT	1-CGTATTTTGT	9.170393	-35.621189	0	T:25.0(35.21%),B:1871.2(4.51%),P:1e-15	Tpos:706.5,Tstd:218.6,Bpos:505.9,Bstd:319.6,StrandBias:-0.9,Multiplicity:1.28
0.001	0.963	0.035	0.001
0.001	0.001	0.997	0.001
0.022	0.001	0.040	0.937
0.962	0.001	0.036	0.001
0.001	0.139	0.109	0.751
0.001	0.001	0.001	0.997
0.001	0.070	0.001	0.928
0.063	0.001	0.061	0.875
0.132	0.063	0.804	0.001
0.035	0.001	0.055	0.909
>GTGGTYTSTG	2-GTGGTYTSTG	8.217065	-21.098014	0	T:20.0(28.17%),B:2232.3(5.38%),P:1e-9	Tpos:693.4,Tstd:284.6,Bpos:555.3,Bstd:332.5,StrandBias:-1.1,Multiplicity:1.16
0.001	0.001	0.963	0.035
0.001	0.001	0.075	0.923
0.001	0.001	0.997	0.001
0.001	0.392	0.606	0.001
0.001	0.001	0.001	0.997
0.001	0.429	0.001	0.569
0.001	0.001	0.001	0.997
0.001	0.429	0.569	0.001
0.001	0.001	0.001	0.997
0.393	0.001	0.564	0.042
>CTTCAAGVBC	3-CTTCAAGVBC	7.792840	-19.335049	0	T:17.0(23.94%),B:1718.5(4.14%),P:1e-8	Tpos:400.3,Tstd:272.9,Bpos:475.7,Bstd:316.0,StrandBias:0.0,Multiplicity:1.06
0.115	0.816	0.001	0.068
0.093	0.103	0.001	0.803
0.051	0.128	0.093	0.728
0.242	0.705	0.001	0.052
0.928	0.001	0.042	0.029
0.664	0.033	0.001	0.302
0.001	0.115	0.846	0.038
0.280	0.370	0.349	0.001
0.124	0.351	0.316	0.209
0.063	0.837	0.001	0.099
>TTTAGCTCCC	4-TTTAGCTCCC	9.867195	-18.453883	0	T:10.0(14.08%),B:471.8(1.14%),P:1e-8	Tpos:365.8,Tstd:301.2,Bpos:482.1,Bstd:312.9,StrandBias:0.0,Multiplicity:1.00
0.001	0.001	0.001	0.997
0.008	0.001	0.001	0.990
0.001	0.171	0.001	0.827
0.997	0.001	0.001	0.001
0.001	0.001	0.997	0.001
0.199	0.799	0.001	0.001
0.001	0.248	0.001	0.750
0.001	0.709	0.236	0.054
0.001	0.833	0.001	0.165
0.157	0.841	0.001	0.001
>GGCTGACTAA	5-GGCTGACTAA	11.270657	-17.269124	0	T:6.0(8.45%),B:101.9(0.25%),P:1e-7	Tpos:433.1,Tstd:299.9,Bpos:517.0,Bstd:333.1,StrandBias:0.0,Multiplicity:1.33
0.001	0.001	0.997	0.001
0.001	0.001	0.872	0.126
0.116	0.882	0.001	0.001
0.001	0.001	0.001	0.997
0.001	0.001	0.997	0.001
0.868	0.130	0.001	0.001
0.001	0.997	0.001	0.001
0.001	0.001	0.001	0.997
0.997	0.001	0.001	0.001
0.868	0.001	0.001	0.130
>ATCTGATCAA	6-ATCTGATCAA	9.766012	-16.878616	0	T:14.0(19.72%),B:1312.6(3.16%),P:1e-7	Tpos:538.1,Tstd:300.6,Bpos:488.6,Bstd:322.6,StrandBias:-1.0,Multiplicity:1.07
0.860	0.062	0.077	0.001
0.037	0.080	0.001	0.882
0.040	0.880	0.056	0.024
0.052	0.080	0.001	0.867
0.001	0.041	0.957	0.001
0.957	0.001	0.001	0.041
0.041	0.001	0.070	0.888
0.001	0.834	0.045	0.120
0.920	0.001	0.078	0.001
0.997	0.001	0.001	0.001
>TGATSATTTG	7-TGATSATTTG	8.365178	-15.575386	0	T:46.0(64.79%),B:14253.3(34.36%),P:1e-6	Tpos:453.2,Tstd:306.1,Bpos:512.5,Bstd:314.3,StrandBias:0.6,Multiplicity:1.41
0.205	0.001	0.001	0.793
0.090	0.188	0.592	0.130
0.768	0.001	0.038	0.193
0.270	0.001	0.001	0.728
0.073	0.461	0.465	0.001
0.636	0.001	0.001	0.362
0.001	0.001	0.001	0.997
0.001	0.001	0.001	0.997
0.001	0.001	0.132	0.866
0.001	0.084	0.686	0.229
>AGACAAACGC	8-AGACAAACGC	10.903096	-15.517335	0	T:8.0(11.27%),B:349.3(0.84%),P:1e-6	Tpos:608.9,Tstd:178.2,Bpos:476.9,Bstd:303.2,StrandBias:-0.8,Multiplicity:1.38
0.845	0.001	0.153	0.001
0.001	0.001	0.997	0.001
0.997	0.001	0.001	0.001
0.330	0.577	0.092	0.001
0.997	0.001	0.001	0.001
0.839	0.001	0.001	0.159
0.869	0.129	0.001	0.001
0.001	0.997	0.001	0.001
0.001	0.001	0.997	0.001
0.001	0.997	0.001	0.001
>AACGTACCCA	9-AACGTACCCA	10.629006	-14.452979	0	T:8.0(11.27%),B:403.8(0.97%),P:1e-6	Tpos:481.9,Tstd:342.7,Bpos:512.9,Bstd:303.2,StrandBias:-0.3,Multiplicity:1.12
0.997	0.001	0.001	0.001
0.903	0.095	0.001	0.001
0.091	0.695	0.001	0.213
0.001	0.001	0.997	0.001
0.001	0.001	0.001	0.997
0.997	0.001	0.001	0.001
0.129	0.869	0.001	0.001
0.001	0.997	0.001	0.001
0.120	0.878	0.001	0.001
0.794	0.001	0.001	0.204
>GATCGTGGAG	10-GATCGTGGAG	10.685399	-14.220319	0	T:6.0(8.45%),B:173.2(0.42%),P:1e-6	Tpos:566.3,Tstd:295.7,Bpos:502.6,Bstd:280.7,StrandBias:0.4,Multiplicity:1.17
0.100	0.001	0.898	0.001
0.909	0.089	0.001	0.001
0.114	0.151	0.001	0.734
0.001	0.915	0.001	0.083
0.001	0.001	0.997	0.001
0.001	0.150	0.001	0.848
0.001	0.001	0.889	0.109
0.001	0.001	0.997	0.001
0.914	0.084	0.001	0.001
0.001	0.001	0.997	0.001
>TGATATCATA	11-TGATATCATA	10.474427	-11.017814	0	T:8.0(11.27%),B:648.2(1.56%),P:1e-4	Tpos:490.6,Tstd:260.1,Bpos:493.7,Bstd:324.8,StrandBias:1.8,Multiplicity:1.00
0.068	0.001	0.001	0.930
0.060	0.081	0.858	0.001
0.997	0.001	0.001	0.001
0.043	0.079	0.001	0.877
0.866	0.001	0.087	0.046
0.001	0.001	0.001	0.997
0.001	0.944	0.054	0.001
0.924	0.001	0.001	0.074
0.033	0.001	0.061	0.905
0.752	0.062	0.001	0.185
>GAGACCCAAA	12-GAGACCCAAA	8.350283	-10.485800	0	T:14.0(19.72%),B:2273.6(5.48%),P:1e-4	Tpos:362.5,Tstd:301.5,Bpos:509.9,Bstd:317.2,StrandBias:-0.2,Multiplicity:1.21
0.100	0.100	0.700	0.100
0.700	0.100	0.100	0.100
0.100	0.100	0.700	0.100
0.700	0.100	0.100	0.100
0.100	0.700	0.100	0.100
0.100	0.700	0.100	0.100
0.100	0.700	0.100	0.100
0.700	0.100	0.100	0.100
0.700	0.100	0.100	0.100
0.700	0.100	0.100	0.100
>GAAGGTCTCA	13-GAAGGTCTCA	8.350283	-9.895166	0	T:11.0(15.49%),B:1505.6(3.63%),P:1e-4	Tpos:369.8,Tstd:256.8,Bpos:495.3,Bstd:311.8,StrandBias:0.0,Multiplicity:1.09
0.100	0.100	0.700	0.100
0.700	0.100	0.100	0.100
0.700	0.100	0.100	0.100
0.100	0.100	0.700	0.100
0.100	0.100	0.700	0.100
0.100	0.100	0.100	0.700
0.100	0.700	0.100	0.100
0.100	0.100	0.100	0.700
0.100	0.700	0.100	0.100
0.700	0.100	0.100	0.100
>TTAGCGGCCC	14-TTAGCGGCCC	10.894727	-7.000926	0	T:2.0(2.82%),B:24.6(0.06%),P:1e-3	Tpos:230.4,Tstd:123.1,Bpos:627.2,Bstd:306.1,StrandBias:10.0,Multiplicity:4.50
0.001	0.001	0.001	0.997
0.001	0.001	0.001	0.997
0.899	0.001	0.001	0.099
0.246	0.001	0.752	0.001
0.099	0.899	0.001	0.001
0.107	0.098	0.794	0.001
0.001	0.001	0.997	0.001
0.001	0.997	0.001	0.001
0.069	0.929	0.001	0.001
0.001	0.861	0.001	0.137
