>CTACAAAVTACG	1-CTACAAAVTACG	11.842353	-42.296867	0	T:14.0(19.72%),B:186.3(0.45%),P:1e-18	Tpos:757.5,Tstd:214.8,Bpos:548.3,Bstd:338.2,StrandBias:1.0,Multiplicity:1.07
0.157	0.540	0.302	0.001
0.126	0.025	0.001	0.848
0.997	0.001	0.001	0.001
0.001	0.625	0.251	0.123
0.820	0.178	0.001	0.001
0.997	0.001	0.001	0.001
0.997	0.001	0.001	0.001
0.377	0.283	0.339	0.001
0.001	0.134	0.001	0.864
0.876	0.001	0.001	0.122
0.001	0.898	0.001	0.100
0.001	0.001	0.997	0.001
>TCGTAGTTTGTG	2-TCGTAGTTTGTG	10.178078	-25.820272	0	T:18.0(25.35%),B:1302.9(3.14%),P:1e-11	Tpos:635.1,Tstd:289.8,Bpos:519.4,Bstd:313.5,StrandBias:-0.4,Multiplicity:1.28
0.001	0.051	0.001	0.947
0.001	0.705	0.001	0.293
0.036	0.044	0.829	0.091
0.106	0.045	0.054	0.795
0.734	0.001	0.127	0.138
0.040	0.065	0.666	0.229
0.001	0.071	0.001	0.927
0.071	0.071	0.001	0.857
0.066	0.001	0.001	0.932
0.120	0.001	0.809	0.070
0.066	0.001	0.071	0.862
0.001	0.051	0.946	0.002
>GGGAGCTAAACT	3-GGGAGCTAAACT	12.704235	-24.187735	0	T:6.0(8.45%),B:29.5(0.07%),P:1e-10	Tpos:389.3,Tstd:294.5,Bpos:427.5,Bstd:330.0,StrandBias:-1.0,Multiplicity:1.00
0.205	0.001	0.793	0.001
0.001	0.001	0.997	0.001
0.191	0.001	0.603	0.205
0.997	0.001	0.001	0.001
0.001	0.001	0.997	0.001
0.001	0.997	0.001	0.001
0.001	0.001	0.205	0.793
0.603	0.001	0.191	0.205
0.997	0.001	0.001	0.001
0.997	0.001	0.001	0.001
0.001	0.997	0.001	0.001
0.001	0.001	0.001	0.997
>AAAAATCCCTCT	4-AAAAATCCCTCT	12.731734	-23.189384	0	T:8.0(11.27%),B:126.1(0.30%),P:1e-10	Tpos:461.2,Tstd:253.7,Bpos:526.4,Bstd:303.4,StrandBias:-0.7,Multiplicity:1.00
0.997	0.001	0.001	0.001
0.997	0.001	0.001	0.001
0.747	0.001	0.001	0.251
0.997	0.001	0.001	0.001
0.997	0.001	0.001	0.001
0.001	0.001	0.001	0.997
0.001	0.854	0.001	0.144
0.134	0.864	0.001	0.001
0.001	0.997	0.001	0.001
0.130	0.001	0.001	0.868
0.001	0.997	0.001	0.001
0.001	0.172	0.001	0.826
>TGTGTGGTCTCT	5-TGTGTGGTCTCT	13.467536	-22.449693	0	T:6.0(8.45%),B:40.0(0.10%),P:1e-9	Tpos:708.0,Tstd:191.2,Bpos:628.6,Bstd:303.6,StrandBias:0.0,Multiplicity:1.00
0.211	0.211	0.188	0.391
0.001	0.001	0.997	0.001
0.001	0.001	0.001	0.997
0.001	0.001	0.997	0.001
0.001	0.001	0.001	0.997
0.001	0.128	0.870	0.001
0.001	0.001	0.997	0.001
0.001	0.001	0.001	0.997
0.001	0.864	0.001	0.134
0.001	0.001	0.001	0.997
0.001	0.997	0.001	0.001
0.001	0.001	0.001	0.997
>TTMCCKACTGMT	6-TTMCCKACTGMT	12.833677	-21.110129	0	T:6.0(8.45%),B:51.1(0.12%),P:1e-9	Tpos:737.8,Tstd:194.4,Bpos:551.2,Bstd:274.8,StrandBias:2.3,Multiplicity:1.00
0.001	0.001	0.001	0.997
0.001	0.001	0.001	0.997
0.443	0.461	0.001	0.095
0.001	0.997	0.001	0.001
0.001	0.997	0.001	0.001
0.001	0.023	0.468	0.508
0.997	0.001	0.001	0.001
0.001	0.997	0.001	0.001
0.001	0.001	0.001	0.997
0.001	0.001	0.997	0.001
0.482	0.516	0.001	0.001
0.001	0.001	0.001	0.997
>CTACTCTGTCGC	7-CTACTCTGTCGC	12.279733	-19.826611	0	T:5.0(7.04%),B:27.5(0.07%),P:1e-8	Tpos:587.8,Tstd:217.9,Bpos:539.3,Bstd:367.0,StrandBias:0.0,Multiplicity:1.20
0.001	0.997	0.001	0.001
0.168	0.168	0.001	0.663
0.997	0.001	0.001	0.001
0.001	0.997	0.001	0.001
0.324	0.001	0.001	0.674
0.001	0.830	0.168	0.001
0.001	0.001	0.001	0.997
0.001	0.168	0.830	0.001
0.001	0.001	0.001	0.997
0.325	0.506	0.168	0.001
0.001	0.001	0.997	0.001
0.001	0.997	0.001	0.001
>CAACTCAACAAA	8-CAACTCAACAAA	13.615939	-19.545396	0	T:8.0(11.27%),B:204.2(0.49%),P:1e-8	Tpos:598.9,Tstd:342.6,Bpos:530.1,Bstd:323.5,StrandBias:-0.7,Multiplicity:1.00
0.119	0.879	0.001	0.001
0.997	0.001	0.001	0.001
0.997	0.001	0.001	0.001
0.001	0.713	0.171	0.115
0.128	0.001	0.171	0.700
0.156	0.842	0.001	0.001
0.997	0.001	0.001	0.001
0.997	0.001	0.001	0.001
0.001	0.997	0.001	0.001
0.997	0.001	0.001	0.001
0.997	0.001	0.001	0.001
0.997	0.001	0.001	0.001
>GTATACTATAAT	9-GTATACTATAAT	13.543887	-19.353065	0	T:5.0(7.04%),B:30.8(0.07%),P:1e-8	Tpos:528.0,Tstd:236.9,Bpos:414.4,Bstd:286.3,StrandBias:-0.6,Multiplicity:1.00
0.001	0.001	0.997	0.001
0.319	0.001	0.001	0.679
0.810	0.010	0.001	0.179
0.001	0.001	0.001	0.997
0.988	0.001	0.001	0.010
0.001	0.820	0.001	0.178
0.001	0.001	0.001	0.997
0.454	0.210	0.145	0.191
0.001	0.001	0.001	0.997
0.820	0.001	0.178	0.001
0.997	0.001	0.001	0.001
0.001	0.001	0.278	0.720
>TGTGGTAACATC	10-TGTGGTAACATC	10.718661	-19.274578	0	T:7.0(9.86%),B:131.7(0.32%),P:1e-8	Tpos:494.1,Tstd:186.9,Bpos:550.0,Bstd:328.2,StrandBias:1.3,Multiplicity:1.00
0.001	0.001	0.001	0.997
0.001	0.001	0.997	0.001
0.015	0.001	0.012	0.972
0.058	0.316	0.625	0.001
0.001	0.001	0.997	0.001
0.023	0.001	0.001	0.975
0.682	0.316	0.001	0.001
0.997	0.001	0.001	0.001
0.001	0.607	0.018	0.374
0.606	0.001	0.001	0.392
0.001	0.012	0.015	0.972
0.014	0.984	0.001	0.001
>AGTTCTCTGAAC	11-AGTTCTCTGAAC	11.957601	-19.113877	0	T:8.0(11.27%),B:216.6(0.52%),P:1e-8	Tpos:432.0,Tstd:193.5,Bpos:543.8,Bstd:326.1,StrandBias:-1.6,Multiplicity:1.00
0.834	0.164	0.001	0.001
0.001	0.132	0.608	0.259
0.296	0.001	0.001	0.702
0.001	0.148	0.001	0.850
0.001	0.806	0.192	0.001
0.001	0.001	0.001	0.997
0.109	0.889	0.001	0.001
0.323	0.001	0.001	0.675
0.152	0.001	0.846	0.001
0.997	0.001	0.001	0.001
0.997	0.001	0.001	0.001
0.084	0.914	0.001	0.001
>AAGTGTGGTTTG	12-AAGTGTGGTTTG	10.950213	-18.341269	0	T:12.0(16.90%),B:788.2(1.90%),P:1e-7	Tpos:615.4,Tstd:238.6,Bpos:522.5,Bstd:304.6,StrandBias:-0.5,Multiplicity:1.09
0.567	0.093	0.116	0.224
0.997	0.001	0.001	0.001
0.201	0.001	0.797	0.001
0.001	0.105	0.001	0.893
0.001	0.001	0.997	0.001
0.001	0.001	0.001	0.997
0.219	0.001	0.563	0.217
0.065	0.006	0.704	0.225
0.001	0.108	0.001	0.890
0.001	0.143	0.126	0.730
0.001	0.001	0.001	0.997
0.001	0.001	0.880	0.118
>TGTATACAGGCA	13-TGTATACAGGCA	14.255677	-17.108817	0	T:4.0(5.63%),B:16.1(0.04%),P:1e-7	Tpos:465.8,Tstd:255.7,Bpos:577.3,Bstd:303.4,StrandBias:-2.0,Multiplicity:1.25
0.001	0.001	0.001	0.997
0.001	0.001	0.997	0.001
0.001	0.001	0.001	0.997
0.997	0.001	0.001	0.001
0.001	0.001	0.001	0.997
0.802	0.001	0.001	0.196
0.001	0.605	0.197	0.197
0.997	0.001	0.001	0.001
0.001	0.001	0.997	0.001
0.001	0.001	0.997	0.001
0.001	0.802	0.196	0.001
0.997	0.001	0.001	0.001
>TGAACTTTTGMT	14-TGAACTTTTGMT	13.360626	-16.070367	0	T:8.0(11.27%),B:324.3(0.78%),P:1e-6	Tpos:581.9,Tstd:280.0,Bpos:500.0,Bstd:298.5,StrandBias:1.0,Multiplicity:1.12
0.001	0.001	0.001	0.997
0.001	0.001	0.997	0.001
0.997	0.001	0.001	0.001
0.997	0.001	0.001	0.001
0.001	0.887	0.001	0.111
0.001	0.001	0.001	0.997
0.001	0.001	0.206	0.792
0.001	0.001	0.001	0.997
0.001	0.001	0.001	0.997
0.001	0.001	0.997	0.001
0.332	0.442	0.130	0.096
0.001	0.001	0.001	0.997
>CTTGTTAATGAG	15-CTTGTTAATGAG	14.209409	-15.677880	0	T:4.0(5.63%),B:24.4(0.06%),P:1e-6	Tpos:548.0,Tstd:260.2,Bpos:423.9,Bstd:326.5,StrandBias:-2.0,Multiplicity:1.25
0.001	0.997	0.001	0.001
0.001	0.001	0.001	0.997
0.001	0.001	0.001	0.997
0.001	0.001	0.997	0.001
0.214	0.001	0.001	0.784
0.001	0.001	0.001	0.997
0.597	0.215	0.187	0.001
0.997	0.001	0.001	0.001
0.001	0.001	0.001	0.997
0.001	0.001	0.804	0.194
0.997	0.001	0.001	0.001
0.001	0.001	0.997	0.001
>ATTTCGAAATCA	16-ATTTCGAAATCA	13.812116	-15.298009	0	T:6.0(8.45%),B:143.8(0.35%),P:1e-6	Tpos:550.2,Tstd:288.1,Bpos:547.4,Bstd:296.6,StrandBias:1.0,Multiplicity:1.17
0.997	0.001	0.001	0.001
0.001	0.001	0.001	0.997
0.157	0.001	0.001	0.841
0.001	0.166	0.001	0.832
0.001	0.997	0.001	0.001
0.001	0.001	0.997	0.001
0.841	0.001	0.001	0.157
0.997	0.001	0.001	0.001
0.997	0.001	0.001	0.001
0.001	0.001	0.001	0.997
0.076	0.726	0.197	0.001
0.856	0.142	0.001	0.001
>AATACTTCCAGA	17-AATACTTCCAGA	11.565907	-15.250514	0	T:7.0(9.86%),B:241.9(0.58%),P:1e-6	Tpos:446.4,Tstd:326.8,Bpos:509.7,Bstd:290.4,StrandBias:-1.3,Multiplicity:1.00
0.769	0.229	0.001	0.001
0.997	0.001	0.001	0.001
0.125	0.001	0.001	0.873
0.859	0.001	0.001	0.139
0.001	0.997	0.001	0.001
0.354	0.001	0.001	0.644
0.001	0.001	0.001	0.997
0.001	0.801	0.197	0.001
0.001	0.801	0.197	0.001
0.738	0.001	0.260	0.001
0.001	0.001	0.997	0.001
0.598	0.261	0.140	0.001
>TCCTCAGCTTTG	18-TCCTCAGCTTTG	9.142175	-14.719604	0	T:11.0(15.49%),B:899.6(2.17%),P:1e-6	Tpos:471.8,Tstd:296.2,Bpos:491.7,Bstd:323.0,StrandBias:0.0,Multiplicity:1.09
0.001	0.001	0.001	0.997
0.001	0.726	0.001	0.272
0.001	0.725	0.001	0.273
0.001	0.027	0.001	0.971
0.001	0.997	0.001	0.001
0.997	0.001	0.001	0.001
0.001	0.001	0.997	0.001
0.001	0.997	0.001	0.001
0.023	0.001	0.001	0.975
0.001	0.001	0.001	0.997
0.001	0.384	0.001	0.614
0.364	0.001	0.614	0.021
>AAAAACGCTADA	19-AAAAACGCTADA	13.749020	-14.379853	0	T:3.0(4.23%),B:7.6(0.02%),P:1e-6	Tpos:722.7,Tstd:183.4,Bpos:454.8,Bstd:255.2,StrandBias:-1.0,Multiplicity:1.00
0.997	0.001	0.001	0.001
0.997	0.001	0.001	0.001
0.997	0.001	0.001	0.001
0.997	0.001	0.001	0.001
0.997	0.001	0.001	0.001
0.001	0.997	0.001	0.001
0.232	0.001	0.766	0.001
0.332	0.666	0.001	0.001
0.001	0.268	0.001	0.730
0.577	0.127	0.001	0.295
0.226	0.122	0.362	0.290
0.730	0.268	0.001	0.001
>AAAGTGATCCTH	20-AAAGTGATCCTH	8.994619	-13.194367	0	T:10.0(14.08%),B:842.5(2.03%),P:1e-5	Tpos:515.5,Tstd:288.4,Bpos:519.5,Bstd:316.7,StrandBias:-1.0,Multiplicity:1.20
0.997	0.001	0.001	0.001
0.997	0.001	0.001	0.001
0.997	0.001	0.001	0.001
0.001	0.001	0.997	0.001
0.001	0.001	0.001	0.997
0.001	0.019	0.643	0.337
0.616	0.001	0.001	0.382
0.001	0.001	0.001	0.997
0.038	0.632	0.329	0.001
0.001	0.980	0.018	0.001
0.001	0.001	0.001	0.997
0.335	0.329	0.001	0.335
>TTTTACGAAACT	21-TTTTACGAAACT	12.355432	-12.653844	0	T:3.0(4.23%),B:14.6(0.04%),P:1e-5	Tpos:597.7,Tstd:87.4,Bpos:490.2,Bstd:267.1,StrandBias:1.0,Multiplicity:1.00
0.100	0.100	0.100	0.700
0.100	0.100	0.100	0.700
0.100	0.100	0.100	0.700
0.100	0.100	0.100	0.700
0.700	0.100	0.100	0.100
0.100	0.700	0.100	0.100
0.100	0.100	0.700	0.100
0.700	0.100	0.100	0.100
0.700	0.100	0.100	0.100
0.700	0.100	0.100	0.100
0.100	0.700	0.100	0.100
0.100	0.100	0.100	0.700
>GATTTCTCCTTA	22-GATTTCTCCTTA	13.186970	-11.095053	0	T:3.0(4.23%),B:25.6(0.06%),P:1e-4	Tpos:534.6,Tstd:288.7,Bpos:478.9,Bstd:240.5,StrandBias:-0.6,Multiplicity:1.67
0.001	0.001	0.997	0.001
0.997	0.001	0.001	0.001
0.001	0.001	0.001	0.997
0.001	0.001	0.001	0.997
0.001	0.001	0.001	0.997
0.001	0.997	0.001	0.001
0.001	0.001	0.001	0.997
0.001	0.997	0.001	0.001
0.181	0.817	0.001	0.001
0.001	0.001	0.181	0.817
0.001	0.001	0.001	0.997
0.997	0.001	0.001	0.001
>CTGATCAAGWAY	23-CTGATCAAGWAY	11.133137	-10.667715	0	T:8.0(11.27%),B:682.0(1.64%),P:1e-4	Tpos:496.8,Tstd:311.3,Bpos:514.6,Bstd:320.8,StrandBias:0.0,Multiplicity:1.25
0.379	0.619	0.001	0.001
0.001	0.001	0.001	0.997
0.001	0.379	0.619	0.001
0.997	0.001	0.001	0.001
0.001	0.001	0.082	0.916
0.001	0.997	0.001	0.001
0.997	0.001	0.001	0.001
0.997	0.001	0.001	0.001
0.379	0.001	0.619	0.001
0.462	0.001	0.001	0.536
0.997	0.001	0.001	0.001
0.001	0.536	0.001	0.462
>ATTTARCGGCCC	24-ATTTARCGGCCC	12.134965	-7.862149	0	T:2.0(2.82%),B:15.5(0.04%),P:1e-3	Tpos:250.0,Tstd:101.3,Bpos:572.0,Bstd:287.4,StrandBias:10.0,Multiplicity:4.00
0.578	0.001	0.001	0.420
0.001	0.134	0.001	0.864
0.001	0.001	0.001	0.997
0.001	0.001	0.001	0.997
0.994	0.001	0.001	0.004
0.436	0.001	0.562	0.001
0.134	0.864	0.001	0.001
0.139	0.005	0.855	0.001
0.134	0.001	0.864	0.001
0.001	0.713	0.151	0.135
0.002	0.862	0.135	0.001
0.001	0.864	0.001	0.134
>CCCACAATTTAG	25-CCCACAATTTAG	14.453657	-7.635352	0	T:2.0(2.82%),B:17.5(0.04%),P:1e-3	Tpos:354.4,Tstd:197.3,Bpos:432.7,Bstd:292.0,StrandBias:2.0,Multiplicity:2.50
0.001	0.997	0.001	0.001
0.001	0.758	0.001	0.240
0.001	0.692	0.001	0.306
0.997	0.001	0.001	0.001
0.221	0.777	0.001	0.001
0.997	0.001	0.001	0.001
0.997	0.001	0.001	0.001
0.001	0.001	0.001	0.997
0.001	0.001	0.001	0.997
0.001	0.001	0.001	0.997
0.997	0.001	0.001	0.001
0.001	0.001	0.997	0.001
