>TAGTGGTTAC	1-TAGTGGTTAC	9.662773	-27.819710	0	T:13.0(13.68%),B:314.8(0.77%),P:1e-12	Tpos:555.8,Tstd:286.6,Bpos:537.7,Bstd:292.4,StrandBias:0.2,Multiplicity:1.00
0.001	0.001	0.001	0.997
0.866	0.001	0.132	0.001
0.001	0.001	0.997	0.001
0.001	0.001	0.001	0.997
0.001	0.001	0.997	0.001
0.001	0.141	0.857	0.001
0.001	0.001	0.001	0.997
0.001	0.001	0.096	0.902
0.772	0.119	0.108	0.001
0.091	0.729	0.001	0.179
>ATAGACCCCT	2-ATAGACCCCT	10.848056	-24.416453	0	T:9.0(9.47%),B:122.3(0.30%),P:1e-10	Tpos:590.7,Tstd:332.9,Bpos:501.1,Bstd:323.5,StrandBias:1.8,Multiplicity:1.00
0.997	0.001	0.001	0.001
0.001	0.137	0.001	0.861
0.997	0.001	0.001	0.001
0.001	0.001	0.997	0.001
0.865	0.133	0.001	0.001
0.113	0.885	0.001	0.001
0.001	0.791	0.207	0.001
0.001	0.748	0.133	0.118
0.001	0.997	0.001	0.001
0.001	0.001	0.001	0.997
>GGAGGTCAAA	3-GGAGGTCAAA	9.687848	-17.501305	0	T:15.0(15.79%),B:1052.9(2.58%),P:1e-7	Tpos:656.5,Tstd:231.5,Bpos:519.3,Bstd:302.3,StrandBias:-0.5,Multiplicity:1.27
0.057	0.090	0.852	0.001
0.001	0.001	0.628	0.370
0.912	0.001	0.001	0.086
0.001	0.001	0.997	0.001
0.082	0.065	0.806	0.047
0.001	0.001	0.094	0.904
0.156	0.774	0.012	0.058
0.997	0.001	0.001	0.001
0.997	0.001	0.001	0.001
0.699	0.113	0.001	0.187
>ATTTCCTATG	4-ATTTCCTATG	9.497670	-17.236862	0	T:16.0(16.84%),B:1242.6(3.04%),P:1e-7	Tpos:534.6,Tstd:303.1,Bpos:495.4,Bstd:300.2,StrandBias:0.5,Multiplicity:1.06
0.744	0.153	0.102	0.001
0.097	0.001	0.051	0.851
0.169	0.172	0.001	0.658
0.001	0.001	0.001	0.997
0.101	0.732	0.093	0.074
0.001	0.989	0.001	0.009
0.009	0.001	0.001	0.989
0.997	0.001	0.001	0.001
0.001	0.001	0.001	0.997
0.043	0.001	0.944	0.012
>GGAGTTTGCT	5-GGAGTTTGCT	9.551349	-15.979456	0	T:13.0(13.68%),B:856.4(2.10%),P:1e-6	Tpos:483.4,Tstd:318.3,Bpos:500.4,Bstd:314.5,StrandBias:-0.6,Multiplicity:1.15
0.001	0.001	0.997	0.001
0.048	0.070	0.794	0.088
0.770	0.106	0.123	0.001
0.001	0.001	0.997	0.001
0.001	0.001	0.001	0.997
0.001	0.001	0.001	0.997
0.001	0.001	0.001	0.997
0.001	0.001	0.961	0.037
0.061	0.820	0.067	0.052
0.074	0.095	0.097	0.734
>GATCTATTAA	6-GATCTATTAA	10.923345	-15.965271	0	T:11.0(11.58%),B:571.0(1.40%),P:1e-6	Tpos:499.1,Tstd:243.9,Bpos:488.3,Bstd:302.7,StrandBias:-1.6,Multiplicity:1.09
0.001	0.001	0.997	0.001
0.997	0.001	0.001	0.001
0.001	0.233	0.001	0.765
0.001	0.827	0.001	0.171
0.001	0.001	0.001	0.997
0.997	0.001	0.001	0.001
0.001	0.001	0.001	0.997
0.001	0.001	0.001	0.997
0.652	0.001	0.001	0.346
0.752	0.001	0.246	0.001
>TTTATAATTC	7-TTTATAATTC	8.935764	-15.686749	0	T:38.0(40.00%),B:7052.6(17.27%),P:1e-6	Tpos:405.7,Tstd:275.8,Bpos:506.2,Bstd:306.8,StrandBias:0.0,Multiplicity:1.18
0.001	0.074	0.001	0.924
0.067	0.081	0.088	0.764
0.001	0.108	0.245	0.646
0.817	0.001	0.001	0.181
0.001	0.001	0.001	0.997
0.767	0.059	0.173	0.001
0.492	0.174	0.155	0.179
0.298	0.093	0.001	0.608
0.001	0.001	0.001	0.997
0.001	0.997	0.001	0.001
>CGCAGAAAGA	8-CGCAGAAAGA	8.289406	-15.362715	0	T:17.0(17.89%),B:1621.5(3.97%),P:1e-6	Tpos:462.1,Tstd:230.5,Bpos:512.5,Bstd:322.0,StrandBias:-0.7,Multiplicity:1.24
0.062	0.801	0.077	0.060
0.001	0.001	0.997	0.001
0.001	0.927	0.071	0.001
0.997	0.001	0.001	0.001
0.050	0.115	0.834	0.001
0.881	0.117	0.001	0.001
0.867	0.073	0.059	0.001
0.867	0.001	0.024	0.108
0.001	0.086	0.838	0.075
0.997	0.001	0.001	0.001
>ACGCAATAGC	9-ACGCAATAGC	10.607569	-15.243562	0	T:8.0(8.42%),B:262.7(0.64%),P:1e-6	Tpos:406.8,Tstd:216.1,Bpos:500.2,Bstd:316.0,StrandBias:0.3,Multiplicity:1.12
0.841	0.001	0.001	0.157
0.117	0.881	0.001	0.001
0.120	0.001	0.878	0.001
0.106	0.770	0.123	0.001
0.997	0.001	0.001	0.001
0.997	0.001	0.001	0.001
0.001	0.001	0.151	0.847
0.997	0.001	0.001	0.001
0.001	0.001	0.997	0.001
0.092	0.906	0.001	0.001
>TCTTGCATGG	10-TCTTGCATGG	10.471998	-14.879279	0	T:9.0(9.47%),B:382.2(0.94%),P:1e-6	Tpos:593.6,Tstd:281.7,Bpos:480.2,Bstd:307.0,StrandBias:-0.3,Multiplicity:1.22
0.128	0.001	0.001	0.870
0.001	0.728	0.106	0.165
0.001	0.001	0.001	0.997
0.001	0.001	0.001	0.997
0.001	0.001	0.900	0.098
0.082	0.916	0.001	0.001
0.843	0.001	0.155	0.001
0.001	0.133	0.001	0.865
0.001	0.001	0.997	0.001
0.001	0.001	0.997	0.001
>CACAAGTTCG	11-CACAAGTTCG	11.926206	-14.698446	0	T:6.0(6.32%),B:115.0(0.28%),P:1e-6	Tpos:383.8,Tstd:200.7,Bpos:420.8,Bstd:304.3,StrandBias:0.0,Multiplicity:1.00
0.001	0.815	0.183	0.001
0.997	0.001	0.001	0.001
0.001	0.997	0.001	0.001
0.997	0.001	0.001	0.001
0.997	0.001	0.001	0.001
0.001	0.001	0.997	0.001
0.001	0.191	0.001	0.807
0.001	0.001	0.001	0.997
0.001	0.997	0.001	0.001
0.001	0.001	0.997	0.001
>AAASACATCT	12-AAASACATCT	9.839546	-14.688883	0	T:18.0(18.95%),B:1909.4(4.68%),P:1e-6	Tpos:521.2,Tstd:277.8,Bpos:512.4,Bstd:306.1,StrandBias:0.0,Multiplicity:1.33
0.651	0.347	0.001	0.001
0.882	0.001	0.116	0.001
0.997	0.001	0.001	0.001
0.001	0.564	0.434	0.001
0.447	0.001	0.256	0.295
0.001	0.997	0.001	0.001
0.997	0.001	0.001	0.001
0.001	0.001	0.001	0.997
0.313	0.623	0.063	0.001
0.211	0.001	0.001	0.787
>GTGGTCTCTT	13-GTGGTCTCTT	10.265792	-12.292425	0	T:8.0(8.42%),B:393.9(0.96%),P:1e-5	Tpos:509.0,Tstd:301.8,Bpos:542.0,Bstd:312.1,StrandBias:-1.2,Multiplicity:1.25
0.168	0.001	0.765	0.066
0.001	0.182	0.090	0.727
0.075	0.001	0.851	0.073
0.023	0.244	0.732	0.001
0.001	0.001	0.069	0.929
0.093	0.806	0.092	0.009
0.001	0.001	0.001	0.997
0.052	0.946	0.001	0.001
0.001	0.001	0.001	0.997
0.001	0.001	0.337	0.661
>ATGCTAAGAA	14-ATGCTAAGAA	7.701386	-11.277346	0	T:13.0(13.68%),B:1318.1(3.23%),P:1e-4	Tpos:530.9,Tstd:302.7,Bpos:533.6,Bstd:307.8,StrandBias:0.8,Multiplicity:1.08
0.640	0.071	0.102	0.187
0.187	0.089	0.090	0.634
0.148	0.119	0.461	0.272
0.245	0.460	0.138	0.158
0.229	0.090	0.129	0.552
0.577	0.132	0.156	0.135
0.694	0.077	0.089	0.140
0.254	0.119	0.457	0.170
0.784	0.073	0.079	0.064
0.746	0.050	0.095	0.109
>GACAAGAATA	15-GACAAGAATA	8.833986	-10.940875	0	T:32.0(33.68%),B:6523.5(15.98%),P:1e-4	Tpos:487.9,Tstd:302.9,Bpos:528.9,Bstd:313.4,StrandBias:-0.6,Multiplicity:1.35
0.015	0.024	0.960	0.001
0.820	0.001	0.001	0.178
0.184	0.597	0.064	0.155
0.875	0.001	0.096	0.028
0.916	0.001	0.001	0.082
0.061	0.143	0.575	0.221
0.997	0.001	0.001	0.001
0.876	0.122	0.001	0.001
0.090	0.190	0.193	0.527
0.839	0.048	0.001	0.112
>TGAAWGGCTG	16-TGAAWGGCTG	9.528190	-9.248742	0	T:9.0(9.47%),B:782.2(1.92%),P:1e-4	Tpos:496.3,Tstd:288.3,Bpos:504.0,Bstd:314.4,StrandBias:0.7,Multiplicity:1.44
0.001	0.001	0.001	0.997
0.001	0.001	0.837	0.161
0.874	0.001	0.124	0.001
0.997	0.001	0.001	0.001
0.323	0.260	0.001	0.416
0.096	0.001	0.902	0.001
0.175	0.286	0.538	0.001
0.001	0.997	0.001	0.001
0.104	0.001	0.001	0.894
0.001	0.129	0.869	0.001
