>GTGCGTAGCNYA	1-GTGCGTAGCNYA	10.471802	-22.719623	0	T:7.0(6.48%),B:47.1(0.12%),P:1e-9	Tpos:701.4,Tstd:244.0,Bpos:524.8,Bstd:333.2,StrandBias:0.7,Multiplicity:1.14
0.001	0.001	0.997	0.001
0.001	0.001	0.001	0.997
0.001	0.001	0.997	0.001
0.001	0.997	0.001	0.001
0.001	0.001	0.997	0.001
0.280	0.240	0.001	0.479
0.732	0.001	0.001	0.266
0.001	0.251	0.747	0.001
0.001	0.997	0.001	0.001
0.280	0.240	0.240	0.240
0.001	0.519	0.001	0.479
0.997	0.001	0.001	0.001
>CTCAAACAATTT	2-CTCAAACAATTT	12.888617	-22.063229	0	T:14.0(12.96%),B:529.7(1.33%),P:1e-9	Tpos:445.0,Tstd:291.4,Bpos:512.0,Bstd:299.4,StrandBias:0.4,Multiplicity:1.14
0.048	0.865	0.086	0.001
0.075	0.001	0.001	0.923
0.064	0.934	0.001	0.001
0.892	0.001	0.106	0.001
0.997	0.001	0.001	0.001
0.997	0.001	0.001	0.001
0.151	0.698	0.078	0.073
0.997	0.001	0.001	0.001
0.997	0.001	0.001	0.001
0.001	0.001	0.001	0.997
0.001	0.001	0.001	0.997
0.107	0.137	0.001	0.755
>TGGGGTTTCCCC	3-TGGGGTTTCCCC	8.869014	-20.919484	0	T:13.0(12.04%),B:476.2(1.19%),P:1e-9	Tpos:571.5,Tstd:212.8,Bpos:502.9,Bstd:314.7,StrandBias:-0.2,Multiplicity:1.15
0.195	0.001	0.089	0.715
0.162	0.082	0.755	0.001
0.073	0.090	0.736	0.101
0.016	0.100	0.883	0.001
0.169	0.001	0.497	0.334
0.382	0.001	0.001	0.616
0.001	0.001	0.076	0.922
0.100	0.364	0.001	0.535
0.195	0.452	0.270	0.082
0.088	0.910	0.001	0.001
0.100	0.817	0.001	0.082
0.097	0.901	0.001	0.001
>TGMTATCTCTTA	4-TGMTATCTCTTA	11.542224	-20.830957	0	T:10.0(9.26%),B:225.0(0.56%),P:1e-9	Tpos:570.0,Tstd:301.1,Bpos:510.0,Bstd:315.4,StrandBias:2.0,Multiplicity:1.00
0.001	0.001	0.001	0.997
0.001	0.001	0.657	0.341
0.433	0.565	0.001	0.001
0.001	0.001	0.001	0.997
0.858	0.001	0.001	0.140
0.001	0.194	0.001	0.804
0.001	0.511	0.344	0.144
0.324	0.001	0.001	0.674
0.001	0.997	0.001	0.001
0.334	0.001	0.001	0.664
0.001	0.001	0.001	0.997
0.847	0.001	0.001	0.151
>AGTTTCTAATCT	5-AGTTTCTAATCT	13.298908	-20.161894	0	T:7.0(6.48%),B:70.1(0.18%),P:1e-8	Tpos:611.6,Tstd:304.4,Bpos:439.6,Bstd:304.4,StrandBias:1.3,Multiplicity:1.00
0.837	0.161	0.001	0.001
0.080	0.001	0.918	0.001
0.001	0.140	0.001	0.858
0.001	0.001	0.001	0.997
0.109	0.001	0.001	0.889
0.001	0.997	0.001	0.001
0.001	0.001	0.001	0.997
0.879	0.001	0.119	0.001
0.865	0.001	0.133	0.001
0.001	0.001	0.001	0.997
0.081	0.867	0.001	0.051
0.001	0.001	0.001	0.997
>GCGCGGTGGCGG	6-GCGCGGTGGCGG	14.451693	-19.478750	0	T:4.0(3.70%),B:4.3(0.01%),P:1e-8	Tpos:542.2,Tstd:200.4,Bpos:407.8,Bstd:285.5,StrandBias:0.6,Multiplicity:1.25
0.001	0.001	0.997	0.001
0.001	0.737	0.001	0.261
0.213	0.001	0.785	0.001
0.001	0.997	0.001	0.001
0.001	0.001	0.737	0.261
0.001	0.001	0.997	0.001
0.001	0.001	0.001	0.997
0.001	0.001	0.997	0.001
0.001	0.001	0.997	0.001
0.001	0.997	0.001	0.001
0.001	0.001	0.997	0.001
0.001	0.001	0.997	0.001
>TATCACTCACTA	7-TATCACTCACTA	15.481624	-19.478750	0	T:4.0(3.70%),B:4.6(0.01%),P:1e-8	Tpos:496.5,Tstd:361.4,Bpos:621.6,Bstd:266.4,StrandBias:1.6,Multiplicity:1.00
0.001	0.001	0.001	0.997
0.997	0.001	0.001	0.001
0.001	0.001	0.001	0.997
0.001	0.997	0.001	0.001
0.672	0.001	0.001	0.326
0.001	0.997	0.001	0.001
0.001	0.001	0.001	0.997
0.001	0.997	0.001	0.001
0.997	0.001	0.001	0.001
0.001	0.997	0.001	0.001
0.001	0.001	0.001	0.997
0.997	0.001	0.001	0.001
>AACTTGCTATCT	8-AACTTGCTATCT	12.056590	-19.135741	0	T:7.0(6.48%),B:82.1(0.21%),P:1e-8	Tpos:644.7,Tstd:315.0,Bpos:482.9,Bstd:328.5,StrandBias:2.6,Multiplicity:1.00
0.623	0.375	0.001	0.001
0.997	0.001	0.001	0.001
0.112	0.766	0.001	0.121
0.177	0.001	0.217	0.605
0.001	0.001	0.158	0.840
0.001	0.120	0.878	0.001
0.001	0.997	0.001	0.001
0.001	0.177	0.011	0.811
0.997	0.001	0.001	0.001
0.112	0.354	0.001	0.533
0.001	0.997	0.001	0.001
0.001	0.001	0.001	0.997
>GATATCCGATAT	9-GATATCCGATAT	11.000092	-18.788819	0	T:6.0(5.56%),B:47.5(0.12%),P:1e-8	Tpos:435.3,Tstd:299.1,Bpos:509.5,Bstd:285.2,StrandBias:1.0,Multiplicity:1.00
0.042	0.001	0.956	0.001
0.997	0.001	0.001	0.001
0.001	0.001	0.001	0.997
0.997	0.001	0.001	0.001
0.001	0.001	0.001	0.997
0.001	0.997	0.001	0.001
0.001	0.949	0.049	0.001
0.001	0.001	0.997	0.001
0.997	0.001	0.001	0.001
0.095	0.001	0.092	0.812
0.997	0.001	0.001	0.001
0.001	0.001	0.001	0.997
>TTMAAGATCCAT	10-TTMAAGATCCAT	11.832096	-18.674289	0	T:10.0(9.26%),B:283.1(0.71%),P:1e-8	Tpos:582.8,Tstd:294.2,Bpos:510.2,Bstd:316.9,StrandBias:1.6,Multiplicity:1.20
0.001	0.001	0.001	0.997
0.001	0.001	0.001	0.997
0.477	0.327	0.195	0.001
0.997	0.001	0.001	0.001
0.838	0.001	0.160	0.001
0.166	0.141	0.692	0.001
0.852	0.146	0.001	0.001
0.001	0.001	0.001	0.997
0.001	0.752	0.137	0.110
0.172	0.705	0.001	0.122
0.997	0.001	0.001	0.001
0.191	0.163	0.001	0.645
>CCCTTCTCAGAG	11-CCCTTCTCAGAG	8.416182	-18.429697	0	T:36.0(33.33%),B:4885.5(12.23%),P:1e-8	Tpos:521.3,Tstd:310.7,Bpos:506.5,Bstd:320.0,StrandBias:-0.4,Multiplicity:1.11
0.135	0.644	0.054	0.167
0.137	0.716	0.064	0.083
0.221	0.634	0.066	0.079
0.001	0.001	0.032	0.966
0.001	0.059	0.001	0.939
0.031	0.587	0.028	0.354
0.097	0.031	0.033	0.839
0.162	0.836	0.001	0.001
0.759	0.052	0.060	0.129
0.330	0.039	0.584	0.047
0.835	0.094	0.025	0.046
0.157	0.065	0.667	0.111
>GCATGAAACCTT	12-GCATGAAACCTT	13.685838	-18.232685	0	T:6.0(5.56%),B:52.2(0.13%),P:1e-7	Tpos:286.2,Tstd:127.4,Bpos:454.1,Bstd:331.1,StrandBias:1.0,Multiplicity:1.00
0.001	0.193	0.805	0.001
0.001	0.997	0.001	0.001
0.997	0.001	0.001	0.001
0.001	0.001	0.001	0.997
0.001	0.001	0.997	0.001
0.754	0.244	0.001	0.001
0.997	0.001	0.001	0.001
0.997	0.001	0.001	0.001
0.111	0.887	0.001	0.001
0.001	0.997	0.001	0.001
0.001	0.001	0.001	0.997
0.001	0.001	0.202	0.796
>CAAGATTACACT	13-CAAGATTACACT	14.040348	-17.198190	0	T:5.0(4.63%),B:29.2(0.07%),P:1e-7	Tpos:517.2,Tstd:307.9,Bpos:504.8,Bstd:362.0,StrandBias:1.0,Multiplicity:1.20
0.001	0.997	0.001	0.001
0.997	0.001	0.001	0.001
0.997	0.001	0.001	0.001
0.001	0.240	0.758	0.001
0.840	0.001	0.001	0.158
0.001	0.001	0.001	0.997
0.001	0.001	0.001	0.997
0.997	0.001	0.001	0.001
0.001	0.997	0.001	0.001
0.997	0.001	0.001	0.001
0.190	0.808	0.001	0.001
0.208	0.001	0.001	0.790
>AAGGAGCAGAAA	14-AAGGAGCAGAAA	13.319927	-16.262329	0	T:8.0(7.41%),B:196.0(0.49%),P:1e-7	Tpos:447.8,Tstd:351.5,Bpos:563.2,Bstd:314.3,StrandBias:-1.6,Multiplicity:1.00
0.766	0.001	0.001	0.232
0.997	0.001	0.001	0.001
0.001	0.001	0.906	0.092
0.094	0.001	0.904	0.001
0.997	0.001	0.001	0.001
0.135	0.001	0.863	0.001
0.088	0.910	0.001	0.001
0.997	0.001	0.001	0.001
0.096	0.127	0.776	0.001
0.997	0.001	0.001	0.001
0.997	0.001	0.001	0.001
0.997	0.001	0.001	0.001
>TACTGAAAAAGA	15-TACTGAAAAAGA	12.954514	-16.223954	0	T:11.0(10.19%),B:476.0(1.19%),P:1e-7	Tpos:482.9,Tstd:279.0,Bpos:497.1,Bstd:321.4,StrandBias:0.0,Multiplicity:1.09
0.001	0.001	0.001	0.997
0.934	0.001	0.001	0.064
0.001	0.918	0.001	0.080
0.001	0.201	0.001	0.797
0.148	0.126	0.725	0.001
0.997	0.001	0.001	0.001
0.997	0.001	0.001	0.001
0.997	0.001	0.001	0.001
0.997	0.001	0.001	0.001
0.997	0.001	0.001	0.001
0.167	0.001	0.758	0.074
0.997	0.001	0.001	0.001
>CACTTTGGCAAA	16-CACTTTGGCAAA	13.283226	-16.036763	0	T:7.0(6.48%),B:132.4(0.33%),P:1e-6	Tpos:493.4,Tstd:204.6,Bpos:461.7,Bstd:288.6,StrandBias:0.7,Multiplicity:1.14
0.101	0.779	0.119	0.001
0.997	0.001	0.001	0.001
0.001	0.771	0.131	0.097
0.001	0.001	0.001	0.997
0.001	0.001	0.001	0.997
0.001	0.001	0.163	0.835
0.001	0.001	0.910	0.088
0.001	0.001	0.997	0.001
0.001	0.997	0.001	0.001
0.997	0.001	0.001	0.001
0.810	0.188	0.001	0.001
0.997	0.001	0.001	0.001
>GGTAGCTTCTAG	17-GGTAGCTTCTAG	14.525872	-15.476454	0	T:3.0(2.78%),B:2.3(0.01%),P:1e-6	Tpos:190.7,Tstd:111.8,Bpos:336.9,Bstd:156.5,StrandBias:1.0,Multiplicity:1.00
0.001	0.233	0.765	0.001
0.001	0.001	0.997	0.001
0.118	0.001	0.001	0.880
0.997	0.001	0.001	0.001
0.001	0.001	0.997	0.001
0.001	0.792	0.206	0.001
0.001	0.001	0.001	0.997
0.001	0.001	0.001	0.997
0.001	0.997	0.001	0.001
0.001	0.001	0.001	0.997
0.765	0.001	0.001	0.233
0.001	0.001	0.997	0.001
>GTTTTTGAACCT	18-GTTTTTGAACCT	13.396924	-14.747429	0	T:7.0(6.48%),B:161.3(0.40%),P:1e-6	Tpos:540.5,Tstd:211.7,Bpos:481.1,Bstd:333.1,StrandBias:-0.7,Multiplicity:1.14
0.088	0.001	0.826	0.085
0.001	0.001	0.001	0.997
0.219	0.001	0.001	0.779
0.001	0.001	0.001	0.997
0.001	0.001	0.001	0.997
0.001	0.001	0.001	0.997
0.001	0.001	0.997	0.001
0.805	0.001	0.193	0.001
0.997	0.001	0.001	0.001
0.049	0.949	0.001	0.001
0.147	0.851	0.001	0.001
0.102	0.001	0.001	0.896
>TAAGAAAAAGAT	19-TAAGAAAAAGAT	14.366946	-13.001386	0	T:3.0(2.78%),B:7.3(0.02%),P:1e-5	Tpos:616.3,Tstd:44.9,Bpos:465.2,Bstd:348.1,StrandBias:-1.0,Multiplicity:1.00
0.001	0.167	0.070	0.762
0.563	0.133	0.234	0.070
0.858	0.140	0.001	0.001
0.001	0.068	0.757	0.174
0.931	0.001	0.001	0.067
0.788	0.062	0.149	0.001
0.927	0.001	0.071	0.001
0.872	0.001	0.126	0.001
0.800	0.164	0.001	0.035
0.054	0.001	0.902	0.043
0.926	0.005	0.068	0.001
0.061	0.001	0.001	0.937
>TCCACGTGTTCC	20-TCCACGTGTTCC	9.735005	-12.963397	0	T:5.0(4.63%),B:73.4(0.18%),P:1e-5	Tpos:592.2,Tstd:157.7,Bpos:555.3,Bstd:288.3,StrandBias:10.0,Multiplicity:1.20
0.001	0.001	0.001	0.997
0.001	0.775	0.001	0.223
0.001	0.997	0.001	0.001
0.997	0.001	0.001	0.001
0.001	0.997	0.001	0.001
0.001	0.001	0.950	0.048
0.001	0.001	0.001	0.997
0.001	0.001	0.997	0.001
0.001	0.001	0.001	0.997
0.102	0.001	0.001	0.896
0.053	0.945	0.001	0.001
0.001	0.997	0.001	0.001
>GGCGCCATGGCG	21-GGCGCCATGGCG	15.008273	-10.743887	0	T:2.0(1.85%),B:1.8(0.00%),P:1e-4	Tpos:805.3,Tstd:7.3,Bpos:673.3,Bstd:95.5,StrandBias:1.0,Multiplicity:1.00
0.234	0.001	0.764	0.001
0.265	0.265	0.469	0.001
0.001	0.997	0.001	0.001
0.001	0.001	0.997	0.001
0.001	0.997	0.001	0.001
0.001	0.997	0.001	0.001
0.997	0.001	0.001	0.001
0.001	0.001	0.001	0.997
0.001	0.001	0.997	0.001
0.001	0.001	0.997	0.001
0.001	0.997	0.001	0.001
0.001	0.001	0.997	0.001
>AGTAGGCTGCCT	22-AGTAGGCTGCCT	7.274181	-9.569111	0	T:18.0(16.67%),B:2373.5(5.94%),P:1e-4	Tpos:553.0,Tstd:236.9,Bpos:496.8,Bstd:305.8,StrandBias:-0.3,Multiplicity:1.41
0.674	0.001	0.097	0.228
0.091	0.116	0.634	0.159
0.048	0.068	0.034	0.850
0.782	0.125	0.035	0.058
0.061	0.001	0.791	0.147
0.110	0.048	0.721	0.121
0.001	0.878	0.060	0.061
0.150	0.064	0.034	0.752
0.094	0.098	0.711	0.097
0.080	0.711	0.052	0.157
0.034	0.711	0.124	0.131
0.112	0.068	0.028	0.792
>CTTTTTCCTATT	23-CTTTTTCCTATT	10.409522	-9.525227	0	T:14.0(12.96%),B:1533.5(3.84%),P:1e-4	Tpos:425.5,Tstd:332.9,Bpos:528.0,Bstd:318.9,StrandBias:0.6,Multiplicity:1.07
0.100	0.700	0.100	0.100
0.100	0.100	0.100	0.700
0.100	0.100	0.100	0.700
0.100	0.100	0.100	0.700
0.100	0.100	0.100	0.700
0.100	0.100	0.100	0.700
0.100	0.700	0.100	0.100
0.100	0.700	0.100	0.100
0.100	0.100	0.100	0.700
0.700	0.100	0.100	0.100
0.100	0.100	0.100	0.700
0.100	0.100	0.100	0.700
>TAGCAGCTCCCA	24-TAGCAGCTCCCA	11.035525	-9.030297	0	T:5.0(4.63%),B:171.5(0.43%),P:1e-3	Tpos:223.8,Tstd:236.8,Bpos:403.1,Bstd:286.3,StrandBias:-2.2,Multiplicity:2.20
0.001	0.001	0.221	0.777
0.789	0.014	0.001	0.196
0.011	0.001	0.987	0.001
0.333	0.665	0.001	0.001
0.777	0.001	0.221	0.001
0.001	0.222	0.763	0.014
0.001	0.793	0.001	0.205
0.001	0.001	0.197	0.801
0.001	0.677	0.001	0.321
0.001	0.768	0.222	0.009
0.001	0.767	0.231	0.001
0.997	0.001	0.001	0.001
>GCAGTCAGGTTA	25-GCAGTCAGGTTA	16.530986	-5.915728	0	T:1.0(0.93%),B:0.0(0.00%),P:1e-2	Tpos:513.5,Tstd:58.7,Bpos:0.0,Bstd:0.0,StrandBias:10.0,Multiplicity:12.00
0.001	0.001	0.997	0.001
0.001	0.997	0.001	0.001
0.997	0.001	0.001	0.001
0.001	0.001	0.997	0.001
0.001	0.001	0.001	0.997
0.001	0.997	0.001	0.001
0.997	0.001	0.001	0.001
0.001	0.001	0.931	0.067
0.001	0.001	0.997	0.001
0.001	0.001	0.001	0.997
0.001	0.001	0.001	0.997
0.997	0.001	0.001	0.001
