>TATCACTCCC	1-TATCACTCCC	10.496412	-23.535297	0	T:12.0(11.11%),B:301.5(0.75%),P:1e-10	Tpos:585.7,Tstd:348.3,Bpos:553.7,Bstd:313.5,StrandBias:2.3,Multiplicity:1.00
0.116	0.001	0.001	0.882
0.997	0.001	0.001	0.001
0.001	0.001	0.001	0.997
0.001	0.997	0.001	0.001
0.783	0.095	0.121	0.001
0.078	0.833	0.001	0.088
0.001	0.001	0.001	0.997
0.001	0.947	0.001	0.051
0.161	0.837	0.001	0.001
0.082	0.818	0.001	0.099
>ACGTGCTATC	2-ACGTGCTATC	10.192433	-21.125162	0	T:10.0(9.26%),B:217.9(0.55%),P:1e-9	Tpos:629.7,Tstd:291.1,Bpos:531.9,Bstd:328.1,StrandBias:2.2,Multiplicity:1.10
0.833	0.001	0.165	0.001
0.104	0.798	0.001	0.097
0.001	0.001	0.796	0.202
0.001	0.001	0.001	0.997
0.001	0.001	0.997	0.001
0.063	0.935	0.001	0.001
0.001	0.001	0.139	0.859
0.900	0.098	0.001	0.001
0.001	0.001	0.001	0.997
0.001	0.997	0.001	0.001
>CAATTGGCKT	3-CAATTGGCKT	9.519656	-19.980873	0	T:17.0(15.74%),B:1000.6(2.51%),P:1e-8	Tpos:507.8,Tstd:289.5,Bpos:492.1,Bstd:302.4,StrandBias:1.3,Multiplicity:1.00
0.043	0.878	0.078	0.001
0.928	0.001	0.001	0.070
0.997	0.001	0.001	0.001
0.049	0.148	0.001	0.802
0.001	0.067	0.001	0.931
0.074	0.087	0.754	0.085
0.001	0.098	0.900	0.001
0.001	0.909	0.001	0.089
0.041	0.001	0.535	0.423
0.001	0.244	0.001	0.754
>TATTCCTCCA	4-TATTCCTCCA	9.076806	-18.734650	0	T:30.0(27.78%),B:3464.5(8.67%),P:1e-8	Tpos:541.8,Tstd:270.0,Bpos:513.1,Bstd:312.4,StrandBias:-0.1,Multiplicity:1.10
0.224	0.001	0.117	0.658
0.835	0.163	0.001	0.001
0.001	0.001	0.001	0.997
0.001	0.001	0.001	0.997
0.223	0.502	0.143	0.132
0.001	0.872	0.001	0.126
0.001	0.001	0.001	0.997
0.001	0.997	0.001	0.001
0.058	0.530	0.198	0.214
0.997	0.001	0.001	0.001
>TATTAAGGGG	5-TATTAAGGGG	10.404667	-18.591608	0	T:11.0(10.19%),B:374.3(0.94%),P:1e-8	Tpos:605.8,Tstd:254.7,Bpos:498.9,Bstd:318.7,StrandBias:-2.2,Multiplicity:1.00
0.107	0.001	0.001	0.891
0.925	0.001	0.001	0.073
0.131	0.001	0.001	0.867
0.001	0.001	0.158	0.840
0.881	0.001	0.117	0.001
0.997	0.001	0.001	0.001
0.124	0.001	0.874	0.001
0.001	0.001	0.997	0.001
0.001	0.001	0.997	0.001
0.127	0.001	0.871	0.001
>GCGATGACAT	6-GCGATGACAT	10.791721	-18.262483	0	T:10.0(9.26%),B:296.4(0.74%),P:1e-7	Tpos:518.9,Tstd:208.3,Bpos:509.1,Bstd:308.5,StrandBias:-2.0,Multiplicity:1.00
0.001	0.001	0.862	0.136
0.139	0.859	0.001	0.001
0.001	0.001	0.808	0.190
0.861	0.001	0.001	0.137
0.001	0.001	0.001	0.997
0.001	0.001	0.997	0.001
0.997	0.001	0.001	0.001
0.141	0.667	0.001	0.191
0.844	0.001	0.154	0.001
0.001	0.001	0.001	0.997
>ATATTTGGTA	7-ATATTTGGTA	10.313343	-17.164599	0	T:22.0(20.37%),B:2069.9(5.18%),P:1e-7	Tpos:504.3,Tstd:284.5,Bpos:495.7,Bstd:312.1,StrandBias:1.2,Multiplicity:1.05
0.856	0.001	0.001	0.142
0.001	0.001	0.001	0.997
0.784	0.001	0.001	0.214
0.150	0.001	0.001	0.848
0.001	0.001	0.001	0.997
0.001	0.001	0.001	0.997
0.001	0.056	0.942	0.001
0.056	0.001	0.942	0.001
0.141	0.001	0.001	0.857
0.765	0.067	0.060	0.108
>GTTTAGTCAT	8-GTTTAGTCAT	10.025093	-16.465068	0	T:14.0(12.96%),B:832.5(2.08%),P:1e-7	Tpos:552.1,Tstd:216.5,Bpos:508.9,Bstd:317.4,StrandBias:-0.4,Multiplicity:1.00
0.053	0.001	0.921	0.025
0.001	0.121	0.001	0.877
0.001	0.001	0.001	0.997
0.001	0.001	0.001	0.997
0.879	0.001	0.082	0.038
0.078	0.001	0.880	0.041
0.001	0.109	0.001	0.889
0.061	0.800	0.072	0.067
0.850	0.148	0.001	0.001
0.001	0.001	0.001	0.997
>GGWATWYCCC	9-GGWATWYCCC	10.681144	-16.428529	0	T:6.0(5.56%),B:72.9(0.18%),P:1e-7	Tpos:545.1,Tstd:172.5,Bpos:477.3,Bstd:327.6,StrandBias:1.3,Multiplicity:1.17
0.001	0.001	0.997	0.001
0.001	0.001	0.746	0.252
0.508	0.001	0.001	0.490
0.910	0.001	0.001	0.088
0.001	0.001	0.001	0.997
0.508	0.001	0.001	0.490
0.001	0.546	0.001	0.452
0.001	0.845	0.001	0.153
0.001	0.997	0.001	0.001
0.372	0.626	0.001	0.001
>TCCCTTCAGT	10-TCCCTTCAGT	9.998939	-16.334862	0	T:13.0(12.04%),B:708.3(1.77%),P:1e-7	Tpos:700.6,Tstd:209.9,Bpos:523.7,Bstd:319.8,StrandBias:1.3,Multiplicity:1.08
0.113	0.001	0.001	0.885
0.085	0.913	0.001	0.001
0.057	0.891	0.001	0.051
0.049	0.880	0.001	0.070
0.001	0.001	0.001	0.997
0.001	0.103	0.001	0.895
0.100	0.898	0.001	0.001
0.922	0.001	0.001	0.076
0.001	0.001	0.945	0.053
0.001	0.001	0.146	0.852
>ACGCGCGCCT	11-ACGCGCGCCT	9.900147	-15.426264	0	T:7.0(6.48%),B:145.1(0.36%),P:1e-6	Tpos:476.4,Tstd:234.9,Bpos:537.8,Bstd:300.3,StrandBias:-0.3,Multiplicity:1.29
0.904	0.001	0.094	0.001
0.001	0.997	0.001	0.001
0.001	0.001	0.997	0.001
0.001	0.715	0.148	0.136
0.001	0.147	0.851	0.001
0.185	0.629	0.185	0.001
0.001	0.001	0.997	0.001
0.001	0.997	0.001	0.001
0.001	0.997	0.001	0.001
0.001	0.001	0.001	0.997
>GATTCTTATC	12-GATTCTTATC	10.377925	-14.773385	0	T:13.0(12.04%),B:814.5(2.04%),P:1e-6	Tpos:551.9,Tstd:274.3,Bpos:542.5,Bstd:329.5,StrandBias:1.0,Multiplicity:1.15
0.205	0.020	0.567	0.208
0.887	0.001	0.001	0.111
0.001	0.149	0.112	0.738
0.087	0.001	0.001	0.911
0.001	0.897	0.001	0.101
0.001	0.001	0.001	0.997
0.001	0.001	0.001	0.997
0.674	0.073	0.252	0.001
0.001	0.001	0.001	0.997
0.001	0.997	0.001	0.001
>TAGAAACAAT	13-TAGAAACAAT	10.856764	-13.520445	0	T:14.0(12.96%),B:1068.5(2.68%),P:1e-5	Tpos:552.1,Tstd:293.4,Bpos:501.2,Bstd:305.0,StrandBias:-1.5,Multiplicity:1.07
0.001	0.001	0.001	0.997
0.884	0.114	0.001	0.001
0.001	0.001	0.997	0.001
0.913	0.001	0.001	0.085
0.922	0.076	0.001	0.001
0.893	0.105	0.001	0.001
0.001	0.997	0.001	0.001
0.917	0.081	0.001	0.001
0.997	0.001	0.001	0.001
0.001	0.001	0.001	0.997
>AGCCTGAYCT	14-AGCCTGAYCT	10.257290	-10.251206	0	T:5.0(4.63%),B:131.9(0.33%),P:1e-4	Tpos:483.6,Tstd:228.2,Bpos:487.7,Bstd:295.3,StrandBias:-1.6,Multiplicity:1.60
0.997	0.001	0.001	0.001
0.001	0.001	0.997	0.001
0.001	0.997	0.001	0.001
0.001	0.997	0.001	0.001
0.001	0.001	0.001	0.997
0.106	0.001	0.892	0.001
0.704	0.001	0.294	0.001
0.001	0.495	0.001	0.503
0.001	0.997	0.001	0.001
0.261	0.001	0.001	0.737
>WWGCARCGCC	15-WWGCARCGCC	9.333347	-10.048610	0	T:9.0(8.33%),B:602.4(1.51%),P:1e-4	Tpos:359.4,Tstd:304.6,Bpos:447.3,Bstd:306.9,StrandBias:-1.6,Multiplicity:1.78
0.560	0.001	0.005	0.434
0.479	0.001	0.006	0.514
0.001	0.083	0.650	0.266
0.001	0.997	0.001	0.001
0.997	0.001	0.001	0.001
0.519	0.001	0.372	0.108
0.001	0.913	0.001	0.085
0.001	0.001	0.994	0.004
0.001	0.902	0.096	0.001
0.189	0.554	0.001	0.256
>GGAACACGTG	16-GGAACACGTG	10.296193	-8.167812	0	T:3.0(2.78%),B:44.6(0.11%),P:1e-3	Tpos:592.2,Tstd:151.2,Bpos:521.6,Bstd:313.1,StrandBias:-10.0,Multiplicity:1.33
0.100	0.100	0.700	0.100
0.100	0.100	0.700	0.100
0.700	0.100	0.100	0.100
0.700	0.100	0.100	0.100
0.100	0.700	0.100	0.100
0.700	0.100	0.100	0.100
0.100	0.700	0.100	0.100
0.100	0.100	0.700	0.100
0.100	0.100	0.100	0.700
0.100	0.100	0.700	0.100
>AACCTGACTG	17-AACCTGACTG	10.296193	-3.366782	0	T:1.0(0.93%),B:12.3(0.03%),P:1e-1	Tpos:512.5,Tstd:58.7,Bpos:530.0,Bstd:225.8,StrandBias:-10.0,Multiplicity:12.00
0.700	0.100	0.100	0.100
0.700	0.100	0.100	0.100
0.100	0.700	0.100	0.100
0.100	0.700	0.100	0.100
0.100	0.100	0.100	0.700
0.100	0.100	0.700	0.100
0.700	0.100	0.100	0.100
0.100	0.700	0.100	0.100
0.100	0.100	0.100	0.700
0.100	0.100	0.700	0.100
>GTGCGTAGCNYA	1-GTGCGTAGCNYA	10.471802	-22.719623	0	T:7.0(6.48%),B:47.1(0.12%),P:1e-9	Tpos:701.4,Tstd:244.0,Bpos:524.8,Bstd:333.2,StrandBias:0.7,Multiplicity:1.14
0.001	0.001	0.997	0.001
0.001	0.001	0.001	0.997
0.001	0.001	0.997	0.001
0.001	0.997	0.001	0.001
0.001	0.001	0.997	0.001
0.280	0.240	0.001	0.479
0.732	0.001	0.001	0.266
0.001	0.251	0.747	0.001
0.001	0.997	0.001	0.001
0.280	0.240	0.240	0.240
0.001	0.519	0.001	0.479
0.997	0.001	0.001	0.001
>CTCAAACAATTT	2-CTCAAACAATTT	12.888617	-22.063229	0	T:14.0(12.96%),B:529.7(1.33%),P:1e-9	Tpos:445.0,Tstd:291.4,Bpos:512.0,Bstd:299.4,StrandBias:0.4,Multiplicity:1.14
0.048	0.865	0.086	0.001
0.075	0.001	0.001	0.923
0.064	0.934	0.001	0.001
0.892	0.001	0.106	0.001
0.997	0.001	0.001	0.001
0.997	0.001	0.001	0.001
0.151	0.698	0.078	0.073
0.997	0.001	0.001	0.001
0.997	0.001	0.001	0.001
0.001	0.001	0.001	0.997
0.001	0.001	0.001	0.997
0.107	0.137	0.001	0.755
>TGGGGTTTCCCC	3-TGGGGTTTCCCC	8.869014	-20.919484	0	T:13.0(12.04%),B:476.2(1.19%),P:1e-9	Tpos:571.5,Tstd:212.8,Bpos:502.9,Bstd:314.7,StrandBias:-0.2,Multiplicity:1.15
0.195	0.001	0.089	0.715
0.162	0.082	0.755	0.001
0.073	0.090	0.736	0.101
0.016	0.100	0.883	0.001
0.169	0.001	0.497	0.334
0.382	0.001	0.001	0.616
0.001	0.001	0.076	0.922
0.100	0.364	0.001	0.535
0.195	0.452	0.270	0.082
0.088	0.910	0.001	0.001
0.100	0.817	0.001	0.082
0.097	0.901	0.001	0.001
>TGMTATCTCTTA	4-TGMTATCTCTTA	11.542224	-20.830957	0	T:10.0(9.26%),B:225.0(0.56%),P:1e-9	Tpos:570.0,Tstd:301.1,Bpos:510.0,Bstd:315.4,StrandBias:2.0,Multiplicity:1.00
0.001	0.001	0.001	0.997
0.001	0.001	0.657	0.341
0.433	0.565	0.001	0.001
0.001	0.001	0.001	0.997
0.858	0.001	0.001	0.140
0.001	0.194	0.001	0.804
0.001	0.511	0.344	0.144
0.324	0.001	0.001	0.674
0.001	0.997	0.001	0.001
0.334	0.001	0.001	0.664
0.001	0.001	0.001	0.997
0.847	0.001	0.001	0.151
>AGTTTCTAATCT	5-AGTTTCTAATCT	13.298908	-20.161894	0	T:7.0(6.48%),B:70.1(0.18%),P:1e-8	Tpos:611.6,Tstd:304.4,Bpos:439.6,Bstd:304.4,StrandBias:1.3,Multiplicity:1.00
0.837	0.161	0.001	0.001
0.080	0.001	0.918	0.001
0.001	0.140	0.001	0.858
0.001	0.001	0.001	0.997
0.109	0.001	0.001	0.889
0.001	0.997	0.001	0.001
0.001	0.001	0.001	0.997
0.879	0.001	0.119	0.001
0.865	0.001	0.133	0.001
0.001	0.001	0.001	0.997
0.081	0.867	0.001	0.051
0.001	0.001	0.001	0.997
>GCGCGGTGGCGG	6-GCGCGGTGGCGG	14.451693	-19.478750	0	T:4.0(3.70%),B:4.3(0.01%),P:1e-8	Tpos:542.2,Tstd:200.4,Bpos:407.8,Bstd:285.5,StrandBias:0.6,Multiplicity:1.25
0.001	0.001	0.997	0.001
0.001	0.737	0.001	0.261
0.213	0.001	0.785	0.001
0.001	0.997	0.001	0.001
0.001	0.001	0.737	0.261
0.001	0.001	0.997	0.001
0.001	0.001	0.001	0.997
0.001	0.001	0.997	0.001
0.001	0.001	0.997	0.001
0.001	0.997	0.001	0.001
0.001	0.001	0.997	0.001
0.001	0.001	0.997	0.001
>TATCACTCACTA	7-TATCACTCACTA	15.481624	-19.478750	0	T:4.0(3.70%),B:4.6(0.01%),P:1e-8	Tpos:496.5,Tstd:361.4,Bpos:621.6,Bstd:266.4,StrandBias:1.6,Multiplicity:1.00
0.001	0.001	0.001	0.997
0.997	0.001	0.001	0.001
0.001	0.001	0.001	0.997
0.001	0.997	0.001	0.001
0.672	0.001	0.001	0.326
0.001	0.997	0.001	0.001
0.001	0.001	0.001	0.997
0.001	0.997	0.001	0.001
0.997	0.001	0.001	0.001
0.001	0.997	0.001	0.001
0.001	0.001	0.001	0.997
0.997	0.001	0.001	0.001
>AACTTGCTATCT	8-AACTTGCTATCT	12.056590	-19.135741	0	T:7.0(6.48%),B:82.1(0.21%),P:1e-8	Tpos:644.7,Tstd:315.0,Bpos:482.9,Bstd:328.5,StrandBias:2.6,Multiplicity:1.00
0.623	0.375	0.001	0.001
0.997	0.001	0.001	0.001
0.112	0.766	0.001	0.121
0.177	0.001	0.217	0.605
0.001	0.001	0.158	0.840
0.001	0.120	0.878	0.001
0.001	0.997	0.001	0.001
0.001	0.177	0.011	0.811
0.997	0.001	0.001	0.001
0.112	0.354	0.001	0.533
0.001	0.997	0.001	0.001
0.001	0.001	0.001	0.997
>GATATCCGATAT	9-GATATCCGATAT	11.000092	-18.788819	0	T:6.0(5.56%),B:47.5(0.12%),P:1e-8	Tpos:435.3,Tstd:299.1,Bpos:509.5,Bstd:285.2,StrandBias:1.0,Multiplicity:1.00
0.042	0.001	0.956	0.001
0.997	0.001	0.001	0.001
0.001	0.001	0.001	0.997
0.997	0.001	0.001	0.001
0.001	0.001	0.001	0.997
0.001	0.997	0.001	0.001
0.001	0.949	0.049	0.001
0.001	0.001	0.997	0.001
0.997	0.001	0.001	0.001
0.095	0.001	0.092	0.812
0.997	0.001	0.001	0.001
0.001	0.001	0.001	0.997
>TTMAAGATCCAT	10-TTMAAGATCCAT	11.832096	-18.674289	0	T:10.0(9.26%),B:283.1(0.71%),P:1e-8	Tpos:582.8,Tstd:294.2,Bpos:510.2,Bstd:316.9,StrandBias:1.6,Multiplicity:1.20
0.001	0.001	0.001	0.997
0.001	0.001	0.001	0.997
0.477	0.327	0.195	0.001
0.997	0.001	0.001	0.001
0.838	0.001	0.160	0.001
0.166	0.141	0.692	0.001
0.852	0.146	0.001	0.001
0.001	0.001	0.001	0.997
0.001	0.752	0.137	0.110
0.172	0.705	0.001	0.122
0.997	0.001	0.001	0.001
0.191	0.163	0.001	0.645
>CCCTTCTCAGAG	11-CCCTTCTCAGAG	8.416182	-18.429697	0	T:36.0(33.33%),B:4885.5(12.23%),P:1e-8	Tpos:521.3,Tstd:310.7,Bpos:506.5,Bstd:320.0,StrandBias:-0.4,Multiplicity:1.11
0.135	0.644	0.054	0.167
0.137	0.716	0.064	0.083
0.221	0.634	0.066	0.079
0.001	0.001	0.032	0.966
0.001	0.059	0.001	0.939
0.031	0.587	0.028	0.354
0.097	0.031	0.033	0.839
0.162	0.836	0.001	0.001
0.759	0.052	0.060	0.129
0.330	0.039	0.584	0.047
0.835	0.094	0.025	0.046
0.157	0.065	0.667	0.111
>GCATGAAACCTT	12-GCATGAAACCTT	13.685838	-18.232685	0	T:6.0(5.56%),B:52.2(0.13%),P:1e-7	Tpos:286.2,Tstd:127.4,Bpos:454.1,Bstd:331.1,StrandBias:1.0,Multiplicity:1.00
0.001	0.193	0.805	0.001
0.001	0.997	0.001	0.001
0.997	0.001	0.001	0.001
0.001	0.001	0.001	0.997
0.001	0.001	0.997	0.001
0.754	0.244	0.001	0.001
0.997	0.001	0.001	0.001
0.997	0.001	0.001	0.001
0.111	0.887	0.001	0.001
0.001	0.997	0.001	0.001
0.001	0.001	0.001	0.997
0.001	0.001	0.202	0.796
>CAAGATTACACT	13-CAAGATTACACT	14.040348	-17.198190	0	T:5.0(4.63%),B:29.2(0.07%),P:1e-7	Tpos:517.2,Tstd:307.9,Bpos:504.8,Bstd:362.0,StrandBias:1.0,Multiplicity:1.20
0.001	0.997	0.001	0.001
0.997	0.001	0.001	0.001
0.997	0.001	0.001	0.001
0.001	0.240	0.758	0.001
0.840	0.001	0.001	0.158
0.001	0.001	0.001	0.997
0.001	0.001	0.001	0.997
0.997	0.001	0.001	0.001
0.001	0.997	0.001	0.001
0.997	0.001	0.001	0.001
0.190	0.808	0.001	0.001
0.208	0.001	0.001	0.790
>AAGGAGCAGAAA	14-AAGGAGCAGAAA	13.319927	-16.262329	0	T:8.0(7.41%),B:196.0(0.49%),P:1e-7	Tpos:447.8,Tstd:351.5,Bpos:563.2,Bstd:314.3,StrandBias:-1.6,Multiplicity:1.00
0.766	0.001	0.001	0.232
0.997	0.001	0.001	0.001
0.001	0.001	0.906	0.092
0.094	0.001	0.904	0.001
0.997	0.001	0.001	0.001
0.135	0.001	0.863	0.001
0.088	0.910	0.001	0.001
0.997	0.001	0.001	0.001
0.096	0.127	0.776	0.001
0.997	0.001	0.001	0.001
0.997	0.001	0.001	0.001
0.997	0.001	0.001	0.001
>TACTGAAAAAGA	15-TACTGAAAAAGA	12.954514	-16.223954	0	T:11.0(10.19%),B:476.0(1.19%),P:1e-7	Tpos:482.9,Tstd:279.0,Bpos:497.1,Bstd:321.4,StrandBias:0.0,Multiplicity:1.09
0.001	0.001	0.001	0.997
0.934	0.001	0.001	0.064
0.001	0.918	0.001	0.080
0.001	0.201	0.001	0.797
0.148	0.126	0.725	0.001
0.997	0.001	0.001	0.001
0.997	0.001	0.001	0.001
0.997	0.001	0.001	0.001
0.997	0.001	0.001	0.001
0.997	0.001	0.001	0.001
0.167	0.001	0.758	0.074
0.997	0.001	0.001	0.001
>CACTTTGGCAAA	16-CACTTTGGCAAA	13.283226	-16.036763	0	T:7.0(6.48%),B:132.4(0.33%),P:1e-6	Tpos:493.4,Tstd:204.6,Bpos:461.7,Bstd:288.6,StrandBias:0.7,Multiplicity:1.14
0.101	0.779	0.119	0.001
0.997	0.001	0.001	0.001
0.001	0.771	0.131	0.097
0.001	0.001	0.001	0.997
0.001	0.001	0.001	0.997
0.001	0.001	0.163	0.835
0.001	0.001	0.910	0.088
0.001	0.001	0.997	0.001
0.001	0.997	0.001	0.001
0.997	0.001	0.001	0.001
0.810	0.188	0.001	0.001
0.997	0.001	0.001	0.001
>GGTAGCTTCTAG	17-GGTAGCTTCTAG	14.525872	-15.476454	0	T:3.0(2.78%),B:2.3(0.01%),P:1e-6	Tpos:190.7,Tstd:111.8,Bpos:336.9,Bstd:156.5,StrandBias:1.0,Multiplicity:1.00
0.001	0.233	0.765	0.001
0.001	0.001	0.997	0.001
0.118	0.001	0.001	0.880
0.997	0.001	0.001	0.001
0.001	0.001	0.997	0.001
0.001	0.792	0.206	0.001
0.001	0.001	0.001	0.997
0.001	0.001	0.001	0.997
0.001	0.997	0.001	0.001
0.001	0.001	0.001	0.997
0.765	0.001	0.001	0.233
0.001	0.001	0.997	0.001
>GTTTTTGAACCT	18-GTTTTTGAACCT	13.396924	-14.747429	0	T:7.0(6.48%),B:161.3(0.40%),P:1e-6	Tpos:540.5,Tstd:211.7,Bpos:481.1,Bstd:333.1,StrandBias:-0.7,Multiplicity:1.14
0.088	0.001	0.826	0.085
0.001	0.001	0.001	0.997
0.219	0.001	0.001	0.779
0.001	0.001	0.001	0.997
0.001	0.001	0.001	0.997
0.001	0.001	0.001	0.997
0.001	0.001	0.997	0.001
0.805	0.001	0.193	0.001
0.997	0.001	0.001	0.001
0.049	0.949	0.001	0.001
0.147	0.851	0.001	0.001
0.102	0.001	0.001	0.896
>TAAGAAAAAGAT	19-TAAGAAAAAGAT	14.366946	-13.001386	0	T:3.0(2.78%),B:7.3(0.02%),P:1e-5	Tpos:616.3,Tstd:44.9,Bpos:465.2,Bstd:348.1,StrandBias:-1.0,Multiplicity:1.00
0.001	0.167	0.070	0.762
0.563	0.133	0.234	0.070
0.858	0.140	0.001	0.001
0.001	0.068	0.757	0.174
0.931	0.001	0.001	0.067
0.788	0.062	0.149	0.001
0.927	0.001	0.071	0.001
0.872	0.001	0.126	0.001
0.800	0.164	0.001	0.035
0.054	0.001	0.902	0.043
0.926	0.005	0.068	0.001
0.061	0.001	0.001	0.937
>TCCACGTGTTCC	20-TCCACGTGTTCC	9.735005	-12.963397	0	T:5.0(4.63%),B:73.4(0.18%),P:1e-5	Tpos:592.2,Tstd:157.7,Bpos:555.3,Bstd:288.3,StrandBias:10.0,Multiplicity:1.20
0.001	0.001	0.001	0.997
0.001	0.775	0.001	0.223
0.001	0.997	0.001	0.001
0.997	0.001	0.001	0.001
0.001	0.997	0.001	0.001
0.001	0.001	0.950	0.048
0.001	0.001	0.001	0.997
0.001	0.001	0.997	0.001
0.001	0.001	0.001	0.997
0.102	0.001	0.001	0.896
0.053	0.945	0.001	0.001
0.001	0.997	0.001	0.001
>GGCGCCATGGCG	21-GGCGCCATGGCG	15.008273	-10.743887	0	T:2.0(1.85%),B:1.8(0.00%),P:1e-4	Tpos:805.3,Tstd:7.3,Bpos:673.3,Bstd:95.5,StrandBias:1.0,Multiplicity:1.00
0.234	0.001	0.764	0.001
0.265	0.265	0.469	0.001
0.001	0.997	0.001	0.001
0.001	0.001	0.997	0.001
0.001	0.997	0.001	0.001
0.001	0.997	0.001	0.001
0.997	0.001	0.001	0.001
0.001	0.001	0.001	0.997
0.001	0.001	0.997	0.001
0.001	0.001	0.997	0.001
0.001	0.997	0.001	0.001
0.001	0.001	0.997	0.001
>AGTAGGCTGCCT	22-AGTAGGCTGCCT	7.274181	-9.569111	0	T:18.0(16.67%),B:2373.5(5.94%),P:1e-4	Tpos:553.0,Tstd:236.9,Bpos:496.8,Bstd:305.8,StrandBias:-0.3,Multiplicity:1.41
0.674	0.001	0.097	0.228
0.091	0.116	0.634	0.159
0.048	0.068	0.034	0.850
0.782	0.125	0.035	0.058
0.061	0.001	0.791	0.147
0.110	0.048	0.721	0.121
0.001	0.878	0.060	0.061
0.150	0.064	0.034	0.752
0.094	0.098	0.711	0.097
0.080	0.711	0.052	0.157
0.034	0.711	0.124	0.131
0.112	0.068	0.028	0.792
>CTTTTTCCTATT	23-CTTTTTCCTATT	10.409522	-9.525227	0	T:14.0(12.96%),B:1533.5(3.84%),P:1e-4	Tpos:425.5,Tstd:332.9,Bpos:528.0,Bstd:318.9,StrandBias:0.6,Multiplicity:1.07
0.100	0.700	0.100	0.100
0.100	0.100	0.100	0.700
0.100	0.100	0.100	0.700
0.100	0.100	0.100	0.700
0.100	0.100	0.100	0.700
0.100	0.100	0.100	0.700
0.100	0.700	0.100	0.100
0.100	0.700	0.100	0.100
0.100	0.100	0.100	0.700
0.700	0.100	0.100	0.100
0.100	0.100	0.100	0.700
0.100	0.100	0.100	0.700
>TAGCAGCTCCCA	24-TAGCAGCTCCCA	11.035525	-9.030297	0	T:5.0(4.63%),B:171.5(0.43%),P:1e-3	Tpos:223.8,Tstd:236.8,Bpos:403.1,Bstd:286.3,StrandBias:-2.2,Multiplicity:2.20
0.001	0.001	0.221	0.777
0.789	0.014	0.001	0.196
0.011	0.001	0.987	0.001
0.333	0.665	0.001	0.001
0.777	0.001	0.221	0.001
0.001	0.222	0.763	0.014
0.001	0.793	0.001	0.205
0.001	0.001	0.197	0.801
0.001	0.677	0.001	0.321
0.001	0.768	0.222	0.009
0.001	0.767	0.231	0.001
0.997	0.001	0.001	0.001
>GCAGTCAGGTTA	25-GCAGTCAGGTTA	16.530986	-5.915728	0	T:1.0(0.93%),B:0.0(0.00%),P:1e-2	Tpos:513.5,Tstd:58.7,Bpos:0.0,Bstd:0.0,StrandBias:10.0,Multiplicity:12.00
0.001	0.001	0.997	0.001
0.001	0.997	0.001	0.001
0.997	0.001	0.001	0.001
0.001	0.001	0.997	0.001
0.001	0.001	0.001	0.997
0.001	0.997	0.001	0.001
0.997	0.001	0.001	0.001
0.001	0.001	0.931	0.067
0.001	0.001	0.997	0.001
0.001	0.001	0.001	0.997
0.001	0.001	0.001	0.997
0.997	0.001	0.001	0.001
>AGATAAGA	1-AGATAAGA	7.629682	-24.389032	0	T:46.0(42.59%),B:6252.5(15.65%),P:1e-10	Tpos:611.8,Tstd:275.5,Bpos:552.7,Bstd:321.8,StrandBias:-1.0,Multiplicity:1.26
0.780	0.001	0.001	0.218
0.001	0.001	0.997	0.001
0.997	0.001	0.001	0.001
0.001	0.001	0.001	0.997
0.957	0.001	0.001	0.041
0.997	0.001	0.001	0.001
0.001	0.001	0.997	0.001
0.997	0.001	0.001	0.001
>CGTTGAYC	2-CGTTGAYC	7.583189	-13.629745	0	T:29.0(26.85%),B:4133.9(10.35%),P:1e-5	Tpos:456.4,Tstd:300.5,Bpos:494.0,Bstd:301.5,StrandBias:0.3,Multiplicity:1.07
0.001	0.997	0.001	0.001
0.001	0.379	0.619	0.001
0.001	0.001	0.330	0.668
0.001	0.220	0.001	0.778
0.030	0.001	0.968	0.001
0.997	0.001	0.001	0.001
0.001	0.446	0.001	0.552
0.280	0.718	0.001	0.001
>CCTACCAA	3-CCTACCAA	9.690996	-10.663032	0	T:18.0(16.67%),B:2180.7(5.46%),P:1e-4	Tpos:414.8,Tstd:242.3,Bpos:490.5,Bstd:312.8,StrandBias:-0.7,Multiplicity:1.00
0.001	0.997	0.001	0.001
0.001	0.997	0.001	0.001
0.001	0.001	0.001	0.997
0.997	0.001	0.001	0.001
0.001	0.997	0.001	0.001
0.252	0.746	0.001	0.001
0.997	0.001	0.001	0.001
0.997	0.001	0.001	0.001
>ACKGCTAS	4-ACKGCTAS	9.629229	-4.623167	0	T:9.0(8.33%),B:1318.4(3.30%),P:1e-2	Tpos:519.5,Tstd:195.7,Bpos:495.3,Bstd:311.3,StrandBias:-2.9,Multiplicity:2.12
0.997	0.001	0.001	0.001
0.001	0.997	0.001	0.001
0.001	0.001	0.511	0.487
0.001	0.001	0.997	0.001
0.001	0.997	0.001	0.001
0.001	0.001	0.001	0.997
0.997	0.001	0.001	0.001
0.001	0.513	0.485	0.001
>CAGGTTAC	5-CAGGTTAC	8.923741	-3.995083	0	T:6.0(5.56%),B:766.6(1.92%),P:1e-1	Tpos:452.9,Tstd:182.3,Bpos:513.5,Bstd:311.9,StrandBias:10.0,Multiplicity:3.00
0.001	0.997	0.001	0.001
0.997	0.001	0.001	0.001
0.001	0.001	0.997	0.001
0.001	0.001	0.997	0.001
0.001	0.001	0.001	0.997
0.001	0.117	0.001	0.881
0.997	0.001	0.001	0.001
0.001	0.997	0.001	0.001
