>AGGGAAGTCA	1-AGGGAAGTCA	7.272771	-23.339894	0	T:48.0(22.33%),B:3306.5(7.97%),P:1e-10	Tpos:544.8,Tstd:284.8,Bpos:514.0,Bstd:311.4,StrandBias:-0.5,Multiplicity:1.06
0.859	0.046	0.042	0.053
0.096	0.083	0.771	0.050
0.067	0.074	0.811	0.048
0.017	0.114	0.826	0.043
0.859	0.066	0.030	0.045
0.779	0.065	0.087	0.069
0.066	0.119	0.717	0.098
0.035	0.063	0.077	0.825
0.025	0.813	0.036	0.126
0.747	0.070	0.111	0.072
>AACGACTGGG	2-AACGACTGGG	9.871063	-21.761152	0	T:17.0(7.91%),B:443.8(1.07%),P:1e-9	Tpos:573.1,Tstd:288.3,Bpos:488.1,Bstd:302.5,StrandBias:0.0,Multiplicity:1.06
0.899	0.001	0.001	0.099
0.997	0.001	0.001	0.001
0.001	0.862	0.091	0.046
0.047	0.001	0.887	0.065
0.997	0.001	0.001	0.001
0.001	0.664	0.046	0.289
0.067	0.001	0.001	0.931
0.001	0.001	0.934	0.064
0.001	0.001	0.997	0.001
0.055	0.001	0.886	0.058
>CKACTTCCAA	3-CKACTTCCAA	8.770960	-19.762350	0	T:34.0(15.81%),B:2045.9(4.93%),P:1e-8	Tpos:433.7,Tstd:283.5,Bpos:485.4,Bstd:301.7,StrandBias:-0.3,Multiplicity:1.15
0.224	0.553	0.199	0.024
0.030	0.105	0.367	0.498
0.627	0.021	0.208	0.144
0.022	0.891	0.042	0.045
0.304	0.018	0.078	0.600
0.052	0.016	0.014	0.918
0.019	0.761	0.062	0.158
0.189	0.669	0.080	0.062
0.929	0.045	0.025	0.001
0.906	0.051	0.015	0.028
>TCATAGAAAG	4-TCATAGAAAG	11.080643	-18.426247	0	T:17.0(7.91%),B:558.9(1.35%),P:1e-8	Tpos:348.2,Tstd:250.3,Bpos:534.1,Bstd:283.1,StrandBias:-2.2,Multiplicity:1.00
0.001	0.001	0.001	0.997
0.085	0.810	0.001	0.104
0.997	0.001	0.001	0.001
0.001	0.101	0.001	0.897
0.997	0.001	0.001	0.001
0.001	0.001	0.997	0.001
0.997	0.001	0.001	0.001
0.911	0.087	0.001	0.001
0.997	0.001	0.001	0.001
0.001	0.001	0.997	0.001
>ATCCTCCTCA	5-ATCCTCCTCA	10.296193	-18.398749	0	T:8.0(3.72%),B:74.0(0.18%),P:1e-7	Tpos:561.5,Tstd:243.1,Bpos:517.9,Bstd:287.3,StrandBias:2.8,Multiplicity:1.00
0.700	0.100	0.100	0.100
0.100	0.100	0.100	0.700
0.100	0.700	0.100	0.100
0.100	0.700	0.100	0.100
0.100	0.100	0.100	0.700
0.100	0.700	0.100	0.100
0.100	0.700	0.100	0.100
0.100	0.100	0.100	0.700
0.100	0.700	0.100	0.100
0.700	0.100	0.100	0.100
>CCAAAATCAG	6-CCAAAATCAG	10.715196	-18.225821	0	T:13.0(6.05%),B:302.5(0.73%),P:1e-7	Tpos:530.4,Tstd:232.0,Bpos:461.7,Bstd:308.6,StrandBias:0.7,Multiplicity:1.00
0.001	0.997	0.001	0.001
0.001	0.926	0.072	0.001
0.997	0.001	0.001	0.001
0.764	0.001	0.234	0.001
0.515	0.201	0.283	0.001
0.854	0.144	0.001	0.001
0.001	0.001	0.001	0.997
0.001	0.997	0.001	0.001
0.831	0.127	0.001	0.041
0.001	0.001	0.997	0.001
>ATTGTTGCCG	7-ATTGTTGCCG	8.714494	-18.026192	0	T:30.0(13.95%),B:1761.7(4.25%),P:1e-7	Tpos:537.0,Tstd:308.7,Bpos:508.6,Bstd:313.3,StrandBias:-0.4,Multiplicity:1.03
0.997	0.001	0.001	0.001
0.003	0.120	0.006	0.871
0.001	0.116	0.001	0.882
0.041	0.295	0.646	0.018
0.001	0.111	0.001	0.887
0.001	0.027	0.001	0.971
0.082	0.005	0.912	0.001
0.004	0.912	0.083	0.001
0.005	0.737	0.211	0.047
0.107	0.094	0.798	0.001
>GCTGAAWCAC	8-GCTGAAWCAC	10.083001	-17.367613	0	T:15.0(6.98%),B:456.3(1.10%),P:1e-7	Tpos:558.6,Tstd:244.2,Bpos:514.0,Bstd:297.0,StrandBias:-2.1,Multiplicity:1.40
0.001	0.001	0.997	0.001
0.001	0.997	0.001	0.001
0.058	0.277	0.001	0.664
0.191	0.175	0.558	0.076
0.997	0.001	0.001	0.001
0.997	0.001	0.001	0.001
0.367	0.128	0.001	0.504
0.001	0.958	0.040	0.001
0.907	0.091	0.001	0.001
0.001	0.997	0.001	0.001
>GCTTTTAGTA	9-GCTTTTAGTA	9.991574	-17.052753	0	T:19.0(8.84%),B:776.1(1.87%),P:1e-7	Tpos:570.6,Tstd:273.6,Bpos:481.7,Bstd:298.2,StrandBias:0.5,Multiplicity:1.00
0.031	0.001	0.927	0.041
0.030	0.790	0.047	0.133
0.063	0.001	0.001	0.935
0.001	0.001	0.078	0.920
0.001	0.001	0.001	0.997
0.001	0.001	0.001	0.997
0.797	0.201	0.001	0.001
0.001	0.049	0.796	0.154
0.001	0.001	0.001	0.997
0.884	0.077	0.001	0.038
>TGGCGACGAC	10-TGGCGACGAC	8.741615	-16.271564	0	T:19.0(8.84%),B:817.2(1.97%),P:1e-7	Tpos:464.6,Tstd:306.9,Bpos:494.2,Bstd:336.4,StrandBias:0.5,Multiplicity:1.37
0.186	0.036	0.001	0.777
0.063	0.001	0.935	0.001
0.018	0.001	0.940	0.041
0.001	0.997	0.001	0.001
0.191	0.001	0.738	0.070
0.958	0.001	0.040	0.001
0.001	0.997	0.001	0.001
0.110	0.001	0.834	0.055
0.949	0.001	0.001	0.049
0.046	0.901	0.052	0.001
>TGCGCGCWMC	11-TGCGCGCWMC	8.027294	-16.058433	0	T:20.0(9.30%),B:917.7(2.21%),P:1e-6	Tpos:462.2,Tstd:248.7,Bpos:546.2,Bstd:321.9,StrandBias:-0.7,Multiplicity:1.50
0.126	0.063	0.198	0.613
0.088	0.146	0.765	0.001
0.001	0.792	0.206	0.001
0.001	0.001	0.997	0.001
0.143	0.855	0.001	0.001
0.001	0.057	0.907	0.035
0.184	0.814	0.001	0.001
0.327	0.209	0.061	0.404
0.344	0.489	0.001	0.166
0.001	0.577	0.269	0.153
>TCCTAACAAC	12-TCCTAACAAC	6.928147	-15.763170	0	T:9.0(4.19%),B:148.9(0.36%),P:1e-6	Tpos:212.4,Tstd:144.9,Bpos:517.3,Bstd:308.6,StrandBias:1.0,Multiplicity:1.00
0.001	0.001	0.001	0.997
0.001	0.997	0.001	0.001
0.001	0.997	0.001	0.001
0.001	0.001	0.001	0.997
0.997	0.001	0.001	0.001
0.847	0.151	0.001	0.001
0.001	0.997	0.001	0.001
0.997	0.001	0.001	0.001
0.997	0.001	0.001	0.001
0.001	0.997	0.001	0.001
>TAAATATACG	13-TAAATATACG	11.645035	-15.752324	0	T:11.0(5.12%),B:252.7(0.61%),P:1e-6	Tpos:565.6,Tstd:281.7,Bpos:487.4,Bstd:311.8,StrandBias:-1.4,Multiplicity:1.00
0.001	0.001	0.001	0.997
0.997	0.001	0.001	0.001
0.906	0.001	0.092	0.001
0.997	0.001	0.001	0.001
0.001	0.001	0.109	0.889
0.997	0.001	0.001	0.001
0.001	0.001	0.001	0.997
0.997	0.001	0.001	0.001
0.001	0.997	0.001	0.001
0.001	0.001	0.860	0.138
>CTGCACGACT	14-CTGCACGACT	13.630107	-15.326822	0	T:4.0(1.86%),B:7.2(0.02%),P:1e-6	Tpos:628.2,Tstd:189.3,Bpos:559.1,Bstd:245.4,StrandBias:-10.0,Multiplicity:1.00
0.001	0.997	0.001	0.001
0.001	0.001	0.001	0.997
0.001	0.001	0.997	0.001
0.001	0.997	0.001	0.001
0.997	0.001	0.001	0.001
0.001	0.997	0.001	0.001
0.001	0.001	0.997	0.001
0.814	0.001	0.001	0.184
0.001	0.997	0.001	0.001
0.001	0.001	0.001	0.997
>CGCCAGCCGA	15-CGCCAGCCGA	8.071865	-14.268827	0	T:20.0(9.30%),B:1030.8(2.49%),P:1e-6	Tpos:611.1,Tstd:270.3,Bpos:499.8,Bstd:303.1,StrandBias:-0.4,Multiplicity:1.58
0.044	0.880	0.001	0.075
0.001	0.001	0.891	0.107
0.299	0.699	0.001	0.001
0.149	0.734	0.116	0.001
0.706	0.104	0.064	0.126
0.001	0.001	0.997	0.001
0.088	0.865	0.001	0.046
0.001	0.799	0.062	0.138
0.001	0.115	0.883	0.001
0.636	0.047	0.122	0.195
>GCTAAGGCTT	16-GCTAAGGCTT	10.289112	-14.128055	0	T:8.0(3.72%),B:132.6(0.32%),P:1e-6	Tpos:396.3,Tstd:208.2,Bpos:502.8,Bstd:305.4,StrandBias:0.3,Multiplicity:1.12
0.001	0.001	0.997	0.001
0.001	0.794	0.001	0.204
0.001	0.001	0.357	0.641
0.997	0.001	0.001	0.001
0.893	0.022	0.001	0.084
0.001	0.001	0.997	0.001
0.001	0.330	0.668	0.001
0.001	0.997	0.001	0.001
0.001	0.001	0.001	0.997
0.001	0.001	0.001	0.997
>CGTCGACGAT	17-CGTCGACGAT	10.140249	-13.973656	0	T:13.0(6.05%),B:443.6(1.07%),P:1e-6	Tpos:533.2,Tstd:201.4,Bpos:476.2,Bstd:335.5,StrandBias:0.5,Multiplicity:1.23
0.001	0.934	0.001	0.064
0.001	0.001	0.997	0.001
0.001	0.001	0.001	0.997
0.077	0.693	0.165	0.065
0.001	0.001	0.909	0.089
0.882	0.061	0.001	0.056
0.067	0.868	0.001	0.064
0.001	0.001	0.997	0.001
0.913	0.085	0.001	0.001
0.001	0.001	0.064	0.934
>CAACGTTGRT	18-CAACGTTGRT	9.633483	-12.579624	0	T:18.0(8.37%),B:953.9(2.30%),P:1e-5	Tpos:431.5,Tstd:318.2,Bpos:490.1,Bstd:307.3,StrandBias:0.0,Multiplicity:1.17
0.001	0.997	0.001	0.001
0.836	0.162	0.001	0.001
0.997	0.001	0.001	0.001
0.001	0.997	0.001	0.001
0.087	0.001	0.688	0.224
0.001	0.001	0.243	0.755
0.001	0.001	0.001	0.997
0.001	0.054	0.944	0.001
0.415	0.244	0.296	0.044
0.113	0.069	0.001	0.817
>ACTGTCAGCT	19-ACTGTCAGCT	8.864923	-12.058629	0	T:19.0(8.84%),B:1092.3(2.63%),P:1e-5	Tpos:526.8,Tstd:270.9,Bpos:475.9,Bstd:296.2,StrandBias:-0.1,Multiplicity:1.32
0.997	0.001	0.001	0.001
0.103	0.895	0.001	0.001
0.187	0.015	0.001	0.797
0.001	0.001	0.997	0.001
0.056	0.021	0.259	0.664
0.001	0.997	0.001	0.001
0.802	0.001	0.196	0.001
0.001	0.112	0.732	0.155
0.001	0.777	0.132	0.090
0.001	0.001	0.001	0.997
>ATTTAGCATA	20-ATTTAGCATA	10.770430	-11.806666	0	T:10.0(4.65%),B:311.8(0.75%),P:1e-5	Tpos:398.2,Tstd:303.7,Bpos:491.4,Bstd:294.7,StrandBias:2.5,Multiplicity:1.30
0.897	0.001	0.101	0.001
0.001	0.001	0.001	0.997
0.001	0.001	0.001	0.997
0.203	0.001	0.001	0.795
0.997	0.001	0.001	0.001
0.001	0.001	0.997	0.001
0.001	0.933	0.065	0.001
0.997	0.001	0.001	0.001
0.001	0.001	0.001	0.997
0.997	0.001	0.001	0.001
>CCTTATGAAA	21-CCTTATGAAA	10.296193	-9.412807	0	T:5.0(2.33%),B:80.2(0.19%),P:1e-4	Tpos:551.0,Tstd:168.4,Bpos:509.3,Bstd:325.8,StrandBias:0.0,Multiplicity:1.60
0.100	0.700	0.100	0.100
0.100	0.700	0.100	0.100
0.100	0.100	0.100	0.700
0.100	0.100	0.100	0.700
0.700	0.100	0.100	0.100
0.100	0.100	0.100	0.700
0.100	0.100	0.700	0.100
0.700	0.100	0.100	0.100
0.700	0.100	0.100	0.100
0.700	0.100	0.100	0.100
>CGGCCGCGGC	22-CGGCCGCGGC	10.296193	-8.708283	0	T:4.0(1.86%),B:49.5(0.12%),P:1e-3	Tpos:684.3,Tstd:56.6,Bpos:557.5,Bstd:295.8,StrandBias:1.0,Multiplicity:1.00
0.100	0.700	0.100	0.100
0.100	0.100	0.700	0.100
0.100	0.100	0.700	0.100
0.100	0.700	0.100	0.100
0.100	0.700	0.100	0.100
0.100	0.100	0.700	0.100
0.100	0.700	0.100	0.100
0.100	0.100	0.700	0.100
0.100	0.100	0.700	0.100
0.100	0.700	0.100	0.100
>TCCAGGGCAC	23-TCCAGGGCAC	11.328768	-5.929729	0	T:2.0(0.93%),B:14.0(0.03%),P:1e-2	Tpos:418.5,Tstd:94.7,Bpos:395.6,Bstd:283.0,StrandBias:2.0,Multiplicity:5.00
0.001	0.001	0.001	0.997
0.001	0.913	0.085	0.001
0.001	0.997	0.001	0.001
0.997	0.001	0.001	0.001
0.001	0.001	0.997	0.001
0.001	0.001	0.997	0.001
0.001	0.001	0.997	0.001
0.001	0.909	0.089	0.001
0.997	0.001	0.001	0.001
0.001	0.997	0.001	0.001
>CATTGTAAGG	24-CATTGTAAGG	10.296193	-3.962160	0	T:2.0(0.93%),B:39.5(0.10%),P:1e-1	Tpos:199.1,Tstd:113.1,Bpos:570.2,Bstd:248.6,StrandBias:3.8,Multiplicity:7.50
0.100	0.700	0.100	0.100
0.700	0.100	0.100	0.100
0.100	0.100	0.100	0.700
0.100	0.100	0.100	0.700
0.100	0.100	0.700	0.100
0.100	0.100	0.100	0.700
0.700	0.100	0.100	0.100
0.700	0.100	0.100	0.100
0.100	0.100	0.700	0.100
0.100	0.100	0.700	0.100
>TATGTCAATA	25-TATGTCAATA	10.296193	-2.142206	0	T:2.0(0.93%),B:113.0(0.27%),P:1e0	Tpos:244.0,Tstd:140.5,Bpos:434.6,Bstd:289.7,StrandBias:3.5,Multiplicity:6.00
0.100	0.100	0.100	0.700
0.700	0.100	0.100	0.100
0.100	0.100	0.100	0.700
0.100	0.100	0.700	0.100
0.100	0.100	0.100	0.700
0.100	0.700	0.100	0.100
0.700	0.100	0.100	0.100
0.700	0.100	0.100	0.100
0.100	0.100	0.100	0.700
0.700	0.100	0.100	0.100
