>GTAGTGTTTGCG	9-CGCAAACACTAC	9.530789	-22.235667	0	T:26.0(7.54%),B:596.9(1.61%),P:1e-9
0.001	0.021	0.905	0.073
0.102	0.062	0.058	0.778
0.856	0.055	0.042	0.047
0.191	0.001	0.730	0.078
0.047	0.047	0.001	0.905
0.055	0.077	0.845	0.023
0.097	0.001	0.091	0.811
0.055	0.108	0.001	0.836
0.109	0.001	0.001	0.889
0.094	0.001	0.804	0.101
0.047	0.824	0.128	0.001
0.069	0.001	0.828	0.102
