>AGAATTAAGAAA	16-AGAATTAAGAAA,BestGuess:cebp-1/MA1444.1/Jaspar(0.696)	9.758217	-20.141117	0	T:53.0(15.36%),B:2300.4(6.22%),P:1e-8
0.844	0.067	0.048	0.041
0.051	0.041	0.850	0.058
0.817	0.043	0.071	0.069
0.804	0.072	0.053	0.071
0.038	0.029	0.049	0.884
0.076	0.049	0.089	0.786
0.816	0.052	0.079	0.053
0.757	0.073	0.063	0.107
0.045	0.075	0.824	0.056
0.939	0.040	0.011	0.010
0.875	0.047	0.035	0.043
0.808	0.020	0.080	0.092
