>TTTCTCACGCGT	15-TTTCTCACGCGT	10.222334	-20.342721	0	T:23.0(6.67%),B:512.7(1.39%),P:1e-8
0.001	0.091	0.099	0.809
0.032	0.041	0.001	0.926
0.031	0.041	0.001	0.927
0.001	0.879	0.049	0.071
0.049	0.001	0.001	0.949
0.001	0.927	0.038	0.034
0.639	0.088	0.001	0.272
0.070	0.823	0.106	0.001
0.042	0.167	0.754	0.037
0.024	0.865	0.001	0.110
0.139	0.085	0.742	0.034
0.035	0.115	0.079	0.771
