>GTGAGTCA	1-GTGAGTCA	6.804044	-19.735045	0	T:99.0(38.37%),B:9089.5(22.06%),P:1e-8	Tpos:612.2,Tstd:274.6,Bpos:519.1,Bstd:321.2,StrandBias:-0.1,Multiplicity:1.37
0.168	0.066	0.765	0.001
0.001	0.030	0.001	0.968
0.001	0.001	0.859	0.139
0.925	0.010	0.019	0.046
0.126	0.095	0.669	0.110
0.034	0.001	0.029	0.936
0.017	0.909	0.001	0.073
0.993	0.005	0.001	0.001
>TTCGTCAC	2-TTCGTCAC	7.233675	-17.751999	0	T:103.0(39.92%),B:9975.6(24.21%),P:1e-7	Tpos:613.1,Tstd:284.3,Bpos:509.3,Bstd:313.7,StrandBias:1.0,Multiplicity:1.23
0.054	0.001	0.001	0.944
0.050	0.001	0.001	0.948
0.254	0.744	0.001	0.001
0.001	0.078	0.782	0.139
0.001	0.001	0.001	0.997
0.001	0.942	0.056	0.001
0.997	0.001	0.001	0.001
0.168	0.704	0.001	0.127
>ATGACGTC	3-ATGACGTC	7.312850	-17.732220	0	T:76.0(29.46%),B:6453.5(15.66%),P:1e-7	Tpos:490.5,Tstd:291.9,Bpos:514.3,Bstd:317.7,StrandBias:-0.5,Multiplicity:1.17
0.933	0.065	0.001	0.001
0.109	0.065	0.001	0.825
0.001	0.229	0.769	0.001
0.997	0.001	0.001	0.001
0.001	0.943	0.001	0.055
0.039	0.001	0.959	0.001
0.001	0.001	0.001	0.997
0.178	0.641	0.138	0.043
>SAWAGTCC	4-SAWAGTCC	6.771467	-17.526485	0	T:102.0(39.53%),B:9880.8(23.98%),P:1e-7	Tpos:468.5,Tstd:300.6,Bpos:499.0,Bstd:309.6,StrandBias:-0.5,Multiplicity:1.28
0.131	0.359	0.504	0.006
0.868	0.086	0.045	0.001
0.476	0.177	0.001	0.346
0.981	0.009	0.001	0.009
0.001	0.118	0.841	0.040
0.017	0.001	0.364	0.618
0.013	0.587	0.022	0.378
0.231	0.499	0.239	0.032
>TGCTCTGT	5-TGCTCTGT	7.663737	-17.474368	0	T:75.0(29.07%),B:6368.3(15.45%),P:1e-7	Tpos:521.1,Tstd:303.2,Bpos:506.5,Bstd:315.0,StrandBias:0.8,Multiplicity:1.19
0.001	0.001	0.095	0.903
0.001	0.066	0.932	0.001
0.018	0.834	0.001	0.147
0.006	0.126	0.027	0.841
0.037	0.653	0.005	0.305
0.030	0.102	0.003	0.865
0.190	0.023	0.786	0.001
0.124	0.003	0.001	0.872
>AACGGAAG	6-AACGGAAG	8.786537	-16.699047	0	T:43.0(16.67%),B:2796.9(6.79%),P:1e-7	Tpos:485.4,Tstd:300.3,Bpos:499.2,Bstd:323.1,StrandBias:-0.8,Multiplicity:1.05
0.857	0.001	0.141	0.001
0.997	0.001	0.001	0.001
0.001	0.997	0.001	0.001
0.001	0.001	0.997	0.001
0.001	0.001	0.854	0.144
0.997	0.001	0.001	0.001
0.842	0.001	0.156	0.001
0.001	0.001	0.997	0.001
>CTGATAAG	7-CTGATAAG	7.372702	-15.397683	0	T:76.0(29.46%),B:6825.3(16.56%),P:1e-6	Tpos:603.7,Tstd:282.8,Bpos:533.7,Bstd:326.0,StrandBias:-0.3,Multiplicity:1.26
0.075	0.923	0.001	0.001
0.001	0.050	0.044	0.905
0.001	0.001	0.997	0.001
0.792	0.020	0.187	0.001
0.001	0.001	0.001	0.997
0.891	0.068	0.001	0.040
0.683	0.253	0.063	0.001
0.001	0.251	0.747	0.001
>GAATAGAT	8-GAATAGAT	7.889135	-13.814670	0	T:79.0(30.62%),B:7494.4(18.19%),P:1e-5	Tpos:546.5,Tstd:268.1,Bpos:502.1,Bstd:318.2,StrandBias:0.1,Multiplicity:1.38
0.128	0.001	0.870	0.001
0.997	0.001	0.001	0.001
0.487	0.272	0.240	0.001
0.001	0.001	0.001	0.997
0.997	0.001	0.001	0.001
0.001	0.001	0.997	0.001
0.997	0.001	0.001	0.001
0.001	0.335	0.001	0.663
>AAGATAAC	9-AAGATAAC	8.236954	-10.171400	0	T:24.0(9.30%),B:1513.3(3.67%),P:1e-4	Tpos:482.5,Tstd:280.8,Bpos:524.9,Bstd:321.1,StrandBias:-0.7,Multiplicity:1.00
0.700	0.100	0.100	0.100
0.700	0.100	0.100	0.100
0.100	0.100	0.700	0.100
0.700	0.100	0.100	0.100
0.100	0.100	0.100	0.700
0.700	0.100	0.100	0.100
0.700	0.100	0.100	0.100
0.100	0.700	0.100	0.100
>CCCCCTCC	10-CCCCCTCC	6.587446	-10.050416	0	T:66.0(25.58%),B:6532.8(15.85%),P:1e-4	Tpos:463.4,Tstd:252.3,Bpos:539.0,Bstd:310.6,StrandBias:-0.1,Multiplicity:1.28
0.039	0.928	0.032	0.001
0.056	0.794	0.001	0.149
0.054	0.838	0.027	0.081
0.011	0.952	0.010	0.027
0.012	0.965	0.022	0.001
0.037	0.214	0.001	0.748
0.020	0.960	0.001	0.019
0.068	0.844	0.011	0.077
>GYTAMACG	11-GYTAMACG	7.101570	-6.969331	0	T:69.0(26.74%),B:7690.4(18.66%),P:1e-3	Tpos:442.4,Tstd:249.1,Bpos:503.7,Bstd:316.6,StrandBias:0.3,Multiplicity:1.55
0.001	0.001	0.997	0.001
0.001	0.521	0.001	0.477
0.001	0.028	0.001	0.970
0.970	0.001	0.028	0.001
0.428	0.570	0.001	0.001
0.623	0.001	0.001	0.375
0.008	0.847	0.144	0.001
0.265	0.001	0.608	0.126
>AKDGGCBG	12-AKDGGCBG	4.491808	-4.257204	0	T:141.0(54.65%),B:19621.4(47.61%),P:1e-1	Tpos:493.5,Tstd:305.5,Bpos:510.0,Bstd:308.6,StrandBias:-0.6,Multiplicity:1.57
0.447	0.280	0.117	0.157
0.260	0.001	0.299	0.440
0.358	0.149	0.215	0.278
0.026	0.268	0.705	0.001
0.028	0.283	0.522	0.167
0.250	0.584	0.165	0.001
0.001	0.277	0.317	0.405
0.033	0.189	0.777	0.001
