>CTTTTATACW	1-CTTTTATACW	8.113778	-26.090014	0	T:58.0(22.48%),B:3450.5(8.37%),P:1e-11	Tpos:704.2,Tstd:284.1,Bpos:572.4,Bstd:343.3,StrandBias:-1.2,Multiplicity:1.02
0.181	0.423	0.228	0.168
0.302	0.027	0.018	0.653
0.047	0.182	0.035	0.736
0.191	0.181	0.036	0.592
0.150	0.018	0.048	0.784
0.670	0.027	0.112	0.191
0.018	0.042	0.021	0.919
0.798	0.010	0.187	0.005
0.014	0.623	0.356	0.007
0.246	0.193	0.176	0.385
>TAARCGGAVG	2-TAARCGGAVG	9.787060	-25.730217	0	T:23.0(8.91%),B:582.4(1.41%),P:1e-11	Tpos:532.9,Tstd:264.3,Bpos:511.4,Bstd:311.5,StrandBias:-0.3,Multiplicity:1.00
0.001	0.266	0.001	0.732
0.799	0.199	0.001	0.001
0.997	0.001	0.001	0.001
0.486	0.001	0.512	0.001
0.001	0.901	0.001	0.097
0.006	0.009	0.984	0.001
0.001	0.001	0.997	0.001
0.997	0.001	0.001	0.001
0.340	0.346	0.313	0.001
0.126	0.001	0.872	0.001
>GACGTGATTA	3-GACGTGATTA	8.276423	-25.486015	0	T:58.0(22.48%),B:3503.4(8.50%),P:1e-11	Tpos:490.3,Tstd:286.4,Bpos:507.2,Bstd:321.3,StrandBias:0.3,Multiplicity:1.07
0.001	0.001	0.939	0.059
0.839	0.001	0.001	0.159
0.233	0.765	0.001	0.001
0.205	0.184	0.590	0.021
0.001	0.001	0.001	0.997
0.001	0.230	0.768	0.001
0.624	0.001	0.001	0.374
0.001	0.237	0.129	0.633
0.027	0.091	0.143	0.739
0.690	0.001	0.001	0.308
>CTACTCGCGA	4-CTACTCGCGA	10.299169	-25.301419	0	T:13.0(5.04%),B:134.6(0.33%),P:1e-10	Tpos:674.1,Tstd:224.0,Bpos:504.5,Bstd:287.3,StrandBias:1.2,Multiplicity:1.00
0.001	0.997	0.001	0.001
0.001	0.093	0.001	0.905
0.997	0.001	0.001	0.001
0.001	0.997	0.001	0.001
0.001	0.001	0.001	0.997
0.112	0.747	0.001	0.140
0.001	0.001	0.876	0.122
0.001	0.919	0.079	0.001
0.059	0.085	0.774	0.082
0.893	0.105	0.001	0.001
>GTCTAGACGG	5-GTCTAGACGG	10.176220	-22.759425	0	T:12.0(4.65%),B:132.8(0.32%),P:1e-9	Tpos:426.4,Tstd:186.7,Bpos:503.5,Bstd:296.8,StrandBias:0.0,Multiplicity:1.00
0.001	0.142	0.856	0.001
0.001	0.001	0.001	0.997
0.001	0.997	0.001	0.001
0.052	0.001	0.163	0.784
0.768	0.079	0.084	0.069
0.001	0.001	0.997	0.001
0.856	0.142	0.001	0.001
0.001	0.927	0.001	0.071
0.052	0.001	0.885	0.062
0.001	0.001	0.997	0.001
>TCGCCTAGGT	6-TCGCCTAGGT	9.921513	-22.598242	0	T:12.0(4.65%),B:134.1(0.33%),P:1e-9	Tpos:362.6,Tstd:284.4,Bpos:534.9,Bstd:316.1,StrandBias:0.8,Multiplicity:1.17
0.001	0.001	0.043	0.955
0.001	0.937	0.001	0.061
0.001	0.001	0.997	0.001
0.152	0.699	0.148	0.001
0.001	0.997	0.001	0.001
0.163	0.001	0.001	0.835
0.997	0.001	0.001	0.001
0.001	0.001	0.839	0.159
0.001	0.168	0.689	0.142
0.001	0.001	0.001	0.997
>ATTTCCGTAT	7-ATTTCCGTAT	8.479060	-21.900814	0	T:31.0(12.02%),B:1293.9(3.14%),P:1e-9	Tpos:414.8,Tstd:265.6,Bpos:511.0,Bstd:316.6,StrandBias:1.1,Multiplicity:1.03
0.606	0.005	0.033	0.356
0.073	0.001	0.351	0.575
0.240	0.123	0.240	0.398
0.073	0.018	0.116	0.793
0.212	0.700	0.064	0.024
0.322	0.485	0.021	0.172
0.001	0.251	0.736	0.012
0.012	0.038	0.042	0.908
0.521	0.014	0.207	0.258
0.251	0.017	0.019	0.713
>TTATATGTAC	8-TTATATGTAC	9.251257	-21.636213	0	T:39.0(15.12%),B:1988.3(4.82%),P:1e-9	Tpos:586.4,Tstd:278.8,Bpos:498.1,Bstd:319.8,StrandBias:0.1,Multiplicity:1.08
0.011	0.038	0.001	0.950
0.074	0.030	0.039	0.857
0.844	0.030	0.125	0.001
0.001	0.039	0.001	0.959
0.910	0.001	0.088	0.001
0.001	0.001	0.043	0.955
0.118	0.001	0.873	0.008
0.001	0.001	0.001	0.997
0.906	0.001	0.045	0.048
0.092	0.798	0.022	0.088
>TATGATAAGG	9-TATGATAAGG	10.031858	-20.658420	0	T:26.0(10.08%),B:974.1(2.36%),P:1e-8	Tpos:518.5,Tstd:276.2,Bpos:505.5,Bstd:327.6,StrandBias:-0.3,Multiplicity:1.04
0.110	0.001	0.001	0.888
0.876	0.001	0.001	0.122
0.001	0.001	0.001	0.997
0.077	0.001	0.921	0.001
0.788	0.210	0.001	0.001
0.001	0.001	0.001	0.997
0.904	0.001	0.001	0.094
0.997	0.001	0.001	0.001
0.086	0.001	0.860	0.053
0.189	0.001	0.809	0.001
>ATGACTCATC	10-ATGACTCATC	9.572518	-20.329208	0	T:31.0(12.02%),B:1383.9(3.36%),P:1e-8	Tpos:446.9,Tstd:283.0,Bpos:522.2,Bstd:313.5,StrandBias:0.1,Multiplicity:1.10
0.948	0.050	0.001	0.001
0.001	0.001	0.001	0.997
0.001	0.001	0.962	0.036
0.997	0.001	0.001	0.001
0.063	0.762	0.174	0.001
0.068	0.001	0.001	0.930
0.001	0.997	0.001	0.001
0.997	0.001	0.001	0.001
0.001	0.001	0.001	0.997
0.001	0.575	0.109	0.315
>ATGTAGGGGT	11-ATGTAGGGGT	10.135976	-20.199375	0	T:16.0(6.20%),B:351.7(0.85%),P:1e-8	Tpos:404.1,Tstd:243.1,Bpos:502.3,Bstd:317.7,StrandBias:-1.0,Multiplicity:1.12
0.922	0.076	0.001	0.001
0.110	0.001	0.001	0.888
0.001	0.106	0.892	0.001
0.061	0.001	0.001	0.937
0.997	0.001	0.001	0.001
0.001	0.101	0.897	0.001
0.070	0.001	0.865	0.064
0.001	0.001	0.825	0.173
0.001	0.072	0.849	0.078
0.001	0.001	0.001	0.997
>CAAACCATGA	12-CAAACCATGA	10.263624	-19.106605	0	T:18.0(6.98%),B:496.6(1.20%),P:1e-8	Tpos:506.2,Tstd:281.8,Bpos:492.3,Bstd:321.6,StrandBias:-0.8,Multiplicity:1.06
0.010	0.850	0.027	0.113
0.813	0.001	0.105	0.081
0.997	0.001	0.001	0.001
0.931	0.067	0.001	0.001
0.001	0.951	0.033	0.015
0.157	0.791	0.032	0.020
0.929	0.001	0.045	0.025
0.001	0.001	0.046	0.952
0.001	0.001	0.893	0.105
0.997	0.001	0.001	0.001
>ATAGATGACC	13-ATAGATGACC	7.715506	-18.482160	0	T:34.0(13.18%),B:1765.3(4.28%),P:1e-8	Tpos:554.7,Tstd:287.6,Bpos:492.2,Bstd:321.7,StrandBias:-0.2,Multiplicity:1.06
0.823	0.086	0.090	0.001
0.079	0.071	0.001	0.849
0.997	0.001	0.001	0.001
0.001	0.001	0.997	0.001
0.914	0.001	0.084	0.001
0.001	0.001	0.109	0.889
0.079	0.076	0.803	0.042
0.764	0.001	0.116	0.119
0.041	0.957	0.001	0.001
0.001	0.619	0.001	0.379
>GTTAGCGCGC	14-GTTAGCGCGC	9.135387	-18.299908	0	T:11.0(4.26%),B:159.9(0.39%),P:1e-7	Tpos:510.4,Tstd:280.0,Bpos:539.6,Bstd:307.3,StrandBias:0.3,Multiplicity:1.00
0.001	0.163	0.835	0.001
0.001	0.001	0.001	0.997
0.001	0.001	0.001	0.997
0.908	0.090	0.001	0.001
0.001	0.001	0.997	0.001
0.089	0.909	0.001	0.001
0.001	0.001	0.870	0.128
0.001	0.997	0.001	0.001
0.001	0.001	0.997	0.001
0.001	0.845	0.153	0.001
>GTGACTAAYM	15-GTGACTAAYM	9.772664	-18.298012	0	T:24.0(9.30%),B:941.1(2.28%),P:1e-7	Tpos:619.3,Tstd:271.1,Bpos:515.7,Bstd:325.4,StrandBias:0.2,Multiplicity:1.08
0.177	0.001	0.821	0.001
0.001	0.001	0.001	0.997
0.001	0.001	0.997	0.001
0.648	0.001	0.001	0.350
0.001	0.997	0.001	0.001
0.001	0.001	0.001	0.997
0.755	0.243	0.001	0.001
0.997	0.001	0.001	0.001
0.001	0.475	0.001	0.523
0.413	0.279	0.241	0.067
>ACGAACTTTG	16-ACGAACTTTG	9.685339	-17.179256	0	T:28.0(10.85%),B:1328.8(3.22%),P:1e-7	Tpos:424.2,Tstd:300.3,Bpos:511.2,Bstd:301.7,StrandBias:1.1,Multiplicity:1.11
0.705	0.048	0.059	0.188
0.001	0.936	0.030	0.033
0.001	0.001	0.997	0.001
0.997	0.001	0.001	0.001
0.828	0.061	0.069	0.042
0.104	0.779	0.001	0.116
0.001	0.001	0.001	0.997
0.063	0.001	0.001	0.935
0.001	0.001	0.001	0.997
0.001	0.039	0.917	0.043
>CCTTATGTTT	17-CCTTATGTTT	7.423154	-16.371760	0	T:67.0(25.97%),B:5552.3(13.47%),P:1e-7	Tpos:523.7,Tstd:258.8,Bpos:525.4,Bstd:316.0,StrandBias:0.8,Multiplicity:1.16
0.061	0.820	0.065	0.054
0.050	0.765	0.067	0.118
0.085	0.083	0.057	0.775
0.059	0.041	0.058	0.842
0.727	0.061	0.137	0.075
0.049	0.036	0.046	0.869
0.075	0.062	0.820	0.043
0.051	0.054	0.064	0.831
0.071	0.084	0.082	0.763
0.039	0.111	0.055	0.795
>ATATAGGCGG	18-ATATAGGCGG	10.728981	-15.723322	0	T:9.0(3.49%),B:122.5(0.30%),P:1e-6	Tpos:495.0,Tstd:293.0,Bpos:526.1,Bstd:330.2,StrandBias:-2.2,Multiplicity:1.22
0.895	0.001	0.103	0.001
0.001	0.001	0.001	0.997
0.997	0.001	0.001	0.001
0.001	0.001	0.079	0.919
0.997	0.001	0.001	0.001
0.001	0.001	0.922	0.076
0.001	0.166	0.832	0.001
0.001	0.997	0.001	0.001
0.001	0.107	0.815	0.077
0.001	0.001	0.997	0.001
>TCAATCTGAT	19-TCAATCTGAT	9.841585	-15.565020	0	T:31.0(12.02%),B:1714.0(4.16%),P:1e-6	Tpos:465.0,Tstd:305.0,Bpos:501.3,Bstd:318.7,StrandBias:-0.1,Multiplicity:1.06
0.025	0.001	0.001	0.973
0.078	0.898	0.001	0.023
0.934	0.039	0.001	0.026
0.806	0.045	0.001	0.148
0.001	0.001	0.036	0.962
0.034	0.750	0.049	0.167
0.001	0.049	0.037	0.913
0.023	0.001	0.925	0.051
0.836	0.001	0.069	0.094
0.001	0.001	0.001	0.997
>GGAGCTAAAC	20-GGAGCTAAAC	10.438873	-14.355874	0	T:10.0(3.88%),B:190.9(0.46%),P:1e-6	Tpos:343.4,Tstd:188.3,Bpos:512.0,Bstd:307.0,StrandBias:-2.2,Multiplicity:2.20
0.001	0.001	0.997	0.001
0.001	0.001	0.997	0.001
0.997	0.001	0.001	0.001
0.001	0.001	0.953	0.045
0.134	0.818	0.001	0.047
0.001	0.001	0.001	0.997
0.920	0.001	0.078	0.001
0.997	0.001	0.001	0.001
0.997	0.001	0.001	0.001
0.001	0.805	0.001	0.193
>CTATGAACCG	21-CTATGAACCG	8.403513	-14.006246	0	T:23.0(8.91%),B:1110.1(2.69%),P:1e-6	Tpos:398.7,Tstd:313.5,Bpos:512.2,Bstd:317.2,StrandBias:0.1,Multiplicity:1.00
0.001	0.882	0.116	0.001
0.092	0.248	0.001	0.659
0.893	0.040	0.066	0.001
0.290	0.001	0.001	0.708
0.113	0.001	0.725	0.161
0.892	0.001	0.001	0.106
0.878	0.004	0.001	0.117
0.001	0.994	0.004	0.001
0.076	0.814	0.001	0.109
0.070	0.270	0.659	0.001
>CCCCCCCTCC	22-CCCCCCCTCC	7.269303	-11.726792	0	T:48.0(18.60%),B:3968.5(9.63%),P:1e-5	Tpos:475.0,Tstd:252.9,Bpos:539.0,Bstd:313.2,StrandBias:-0.1,Multiplicity:1.17
0.001	0.764	0.149	0.086
0.120	0.621	0.098	0.161
0.001	0.897	0.048	0.054
0.087	0.736	0.065	0.112
0.045	0.861	0.001	0.093
0.033	0.931	0.001	0.035
0.001	0.895	0.001	0.103
0.032	0.216	0.001	0.751
0.086	0.731	0.001	0.182
0.002	0.838	0.001	0.159
>YDCGGAGCAC	23-YDCGGAGCAC	7.440829	-11.219719	0	T:45.0(17.44%),B:3690.8(8.96%),P:1e-4	Tpos:498.7,Tstd:303.6,Bpos:495.6,Bstd:306.9,StrandBias:-0.5,Multiplicity:1.33
0.001	0.439	0.002	0.558
0.252	0.079	0.387	0.281
0.097	0.901	0.001	0.001
0.127	0.064	0.705	0.104
0.025	0.074	0.732	0.169
0.947	0.001	0.051	0.001
0.010	0.045	0.944	0.001
0.048	0.858	0.043	0.051
0.870	0.002	0.127	0.001
0.052	0.601	0.001	0.346
>GATTCGCCGA	24-GATTCGCCGA	6.512601	-10.129874	0	T:11.0(4.26%),B:381.0(0.92%),P:1e-4	Tpos:275.3,Tstd:228.4,Bpos:507.0,Bstd:304.8,StrandBias:-1.8,Multiplicity:2.00
0.001	0.001	0.997	0.001
0.997	0.001	0.001	0.001
0.001	0.001	0.001	0.997
0.001	0.001	0.001	0.997
0.001	0.853	0.145	0.001
0.001	0.001	0.997	0.001
0.001	0.997	0.001	0.001
0.001	0.658	0.001	0.340
0.001	0.001	0.997	0.001
0.997	0.001	0.001	0.001
>ATTGTTACAC	25-ATTGTTACAC	10.819967	-4.269535	0	T:4.0(1.55%),B:144.6(0.35%),P:1e-1	Tpos:419.5,Tstd:138.5,Bpos:419.2,Bstd:266.9,StrandBias:10.0,Multiplicity:5.75
0.997	0.001	0.001	0.001
0.001	0.001	0.001	0.997
0.001	0.001	0.001	0.997
0.001	0.001	0.997	0.001
0.001	0.001	0.001	0.997
0.001	0.001	0.001	0.997
0.997	0.001	0.001	0.001
0.001	0.997	0.001	0.001
0.949	0.001	0.049	0.001
0.001	0.997	0.001	0.001
