>TGAAAAATTCAG	3-CTGAATTTTTCA	9.888174	-20.306339	0	T:38.0(49.35%),B:7440.6(18.84%),P:1e-8
0.102	0.034	0.048	0.816
0.046	0.138	0.775	0.041
0.861	0.022	0.017	0.100
0.941	0.001	0.023	0.035
0.886	0.083	0.030	0.001
0.932	0.027	0.001	0.040
0.761	0.088	0.048	0.103
0.059	0.001	0.123	0.817
0.033	0.001	0.028	0.938
0.024	0.804	0.076	0.096
0.777	0.041	0.054	0.128
0.113	0.124	0.700	0.063
