>TTGCAGAAACAA	15-TTGCAGAAACAA	10.505883	-15.307784	0	T:14.0(14.29%),B:1013.1(2.54%),P:1e-6
0.115	0.073	0.058	0.754
0.094	0.076	0.102	0.728
0.169	0.121	0.565	0.145
0.147	0.705	0.066	0.082
0.758	0.060	0.068	0.114
0.116	0.097	0.711	0.076
0.833	0.039	0.068	0.060
0.848	0.078	0.012	0.062
0.801	0.065	0.057	0.077
0.162	0.656	0.074	0.108
0.831	0.025	0.071	0.073
0.811	0.067	0.039	0.083
