>TTTATCATGATA	19-TATCATGATAAA	9.782193	-12.662954	0	T:16.0(16.33%),B:1659.9(4.17%),P:1e-5
0.047	0.058	0.062	0.833
0.001	0.066	0.003	0.930
0.040	0.101	0.058	0.801
0.835	0.109	0.034	0.022
0.001	0.039	0.001	0.959
0.088	0.815	0.040	0.057
0.786	0.125	0.067	0.022
0.043	0.048	0.001	0.908
0.045	0.110	0.797	0.048
0.850	0.001	0.091	0.058
0.181	0.001	0.109	0.709
0.788	0.111	0.046	0.055
