>CTGCGTCT	1-CTGCGTCT	6.778149	-23.452855	0	T:115.0(36.16%),B:8275.8(20.36%),P:1e-10	Tpos:578.2,Tstd:284.8,Bpos:533.9,Bstd:324.1,StrandBias:0.8,Multiplicity:1.31
0.001	0.997	0.001	0.001
0.001	0.032	0.001	0.966
0.001	0.001	0.867	0.131
0.001	0.819	0.034	0.146
0.001	0.001	0.915	0.083
0.001	0.001	0.012	0.986
0.092	0.869	0.038	0.001
0.016	0.025	0.001	0.958
>TTACACAC	2-TTACACAC	8.057372	-19.929048	0	T:68.0(21.38%),B:4081.6(10.04%),P:1e-8	Tpos:532.5,Tstd:294.8,Bpos:520.1,Bstd:312.3,StrandBias:0.4,Multiplicity:1.15
0.001	0.001	0.091	0.907
0.001	0.001	0.001	0.997
0.997	0.001	0.001	0.001
0.001	0.997	0.001	0.001
0.997	0.001	0.001	0.001
0.001	0.997	0.001	0.001
0.735	0.263	0.001	0.001
0.001	0.793	0.001	0.205
>CTCTTGTC	3-CTCTTGTC	7.042484	-17.725881	0	T:156.0(49.06%),B:13773.3(33.89%),P:1e-7	Tpos:550.5,Tstd:284.0,Bpos:531.4,Bstd:321.8,StrandBias:0.6,Multiplicity:1.35
0.004	0.994	0.001	0.001
0.152	0.024	0.046	0.778
0.257	0.741	0.001	0.001
0.001	0.088	0.084	0.827
0.009	0.187	0.072	0.732
0.006	0.104	0.578	0.312
0.097	0.113	0.199	0.591
0.001	0.787	0.041	0.171
>CTATCTCT	4-CTATCTCT	7.561615	-17.483916	0	T:129.0(40.57%),B:10689.3(26.30%),P:1e-7	Tpos:584.4,Tstd:277.4,Bpos:538.9,Bstd:328.0,StrandBias:0.5,Multiplicity:1.47
0.001	0.852	0.026	0.121
0.094	0.001	0.001	0.904
0.740	0.001	0.001	0.258
0.001	0.025	0.034	0.940
0.001	0.829	0.001	0.169
0.001	0.001	0.009	0.989
0.001	0.997	0.001	0.001
0.018	0.001	0.067	0.914
>GGAGCACA	5-GGAGCACA	8.060808	-13.336962	0	T:69.0(21.70%),B:4962.4(12.21%),P:1e-5	Tpos:516.8,Tstd:278.2,Bpos:514.9,Bstd:321.2,StrandBias:-0.6,Multiplicity:1.20
0.211	0.001	0.787	0.001
0.001	0.093	0.905	0.001
0.997	0.001	0.001	0.001
0.150	0.001	0.848	0.001
0.001	0.997	0.001	0.001
0.997	0.001	0.001	0.001
0.001	0.997	0.001	0.001
0.917	0.081	0.001	0.001
