>TTCTTTATCATT	1-TTCTTTATCATT	9.789825	-27.284886	0	T:38.0(11.95%),B:1228.8(3.02%),P:1e-11	Tpos:487.7,Tstd:280.7,Bpos:529.4,Bstd:327.3,StrandBias:2.3,Multiplicity:1.08
0.050	0.056	0.029	0.865
0.145	0.041	0.085	0.729
0.162	0.542	0.153	0.143
0.032	0.123	0.131	0.714
0.150	0.124	0.028	0.698
0.029	0.171	0.147	0.653
0.655	0.160	0.143	0.042
0.164	0.014	0.011	0.811
0.035	0.762	0.035	0.168
0.649	0.138	0.022	0.191
0.130	0.154	0.037	0.679
0.043	0.168	0.043	0.746
>CTAAATCTCTTC	2-CTAAATCTCTTC	12.058147	-27.022408	0	T:16.0(5.03%),B:170.6(0.42%),P:1e-11	Tpos:614.9,Tstd:336.5,Bpos:556.9,Bstd:322.5,StrandBias:0.7,Multiplicity:1.00
0.001	0.997	0.001	0.001
0.001	0.110	0.105	0.784
0.851	0.001	0.001	0.147
0.997	0.001	0.001	0.001
0.848	0.001	0.001	0.150
0.001	0.091	0.001	0.907
0.001	0.997	0.001	0.001
0.001	0.001	0.001	0.997
0.001	0.910	0.001	0.088
0.001	0.001	0.001	0.997
0.001	0.001	0.001	0.997
0.001	0.925	0.001	0.073
>CCACAAACAACA	3-CCACAAACAACA	9.974553	-26.879257	0	T:36.0(11.32%),B:1122.2(2.76%),P:1e-11	Tpos:542.3,Tstd:272.2,Bpos:501.1,Bstd:309.3,StrandBias:0.4,Multiplicity:1.00
0.064	0.762	0.105	0.069
0.157	0.770	0.072	0.001
0.840	0.015	0.001	0.144
0.034	0.830	0.095	0.041
0.927	0.053	0.001	0.019
0.813	0.051	0.060	0.076
0.881	0.001	0.056	0.062
0.103	0.825	0.030	0.042
0.857	0.045	0.048	0.050
0.804	0.122	0.001	0.073
0.047	0.847	0.030	0.076
0.855	0.048	0.032	0.065
>GTGTGTAATAGT	4-GTGTGTAATAGT	13.661699	-23.919766	0	T:9.0(2.83%),B:34.5(0.08%),P:1e-10	Tpos:659.1,Tstd:229.5,Bpos:426.5,Bstd:352.6,StrandBias:-0.3,Multiplicity:1.00
0.001	0.001	0.997	0.001
0.206	0.001	0.001	0.792
0.001	0.001	0.997	0.001
0.001	0.001	0.001	0.997
0.001	0.001	0.997	0.001
0.145	0.001	0.001	0.853
0.997	0.001	0.001	0.001
0.997	0.001	0.001	0.001
0.123	0.001	0.001	0.875
0.997	0.001	0.001	0.001
0.162	0.207	0.630	0.001
0.001	0.001	0.001	0.997
>CAATAATCAGAA	5-CAATAATCAGAA	12.714984	-23.725871	0	T:13.0(4.09%),B:121.5(0.30%),P:1e-10	Tpos:427.7,Tstd:307.0,Bpos:489.0,Bstd:288.0,StrandBias:-1.9,Multiplicity:1.08
0.001	0.997	0.001	0.001
0.997	0.001	0.001	0.001
0.818	0.001	0.072	0.109
0.001	0.045	0.001	0.953
0.938	0.060	0.001	0.001
0.870	0.090	0.001	0.039
0.001	0.001	0.001	0.997
0.053	0.945	0.001	0.001
0.853	0.001	0.001	0.145
0.028	0.001	0.761	0.210
0.997	0.001	0.001	0.001
0.917	0.001	0.001	0.081
>CGTCAGTTCCTT	6-CGTCAGTTCCTT	10.636301	-23.145173	0	T:18.0(5.66%),B:301.7(0.74%),P:1e-10	Tpos:459.5,Tstd:295.5,Bpos:501.9,Bstd:328.3,StrandBias:0.9,Multiplicity:1.00
0.001	0.866	0.001	0.132
0.324	0.041	0.598	0.037
0.041	0.086	0.086	0.787
0.086	0.861	0.001	0.052
0.956	0.002	0.003	0.039
0.067	0.125	0.688	0.120
0.001	0.043	0.001	0.955
0.001	0.001	0.047	0.951
0.001	0.879	0.086	0.034
0.110	0.784	0.003	0.103
0.237	0.001	0.001	0.761
0.001	0.073	0.001	0.925
>GAGACATAGACA	7-GAGACATAGACA	10.779147	-22.895431	0	T:37.0(11.64%),B:1366.7(3.36%),P:1e-9	Tpos:552.4,Tstd:282.8,Bpos:562.2,Bstd:327.9,StrandBias:-0.9,Multiplicity:1.08
0.069	0.094	0.809	0.028
0.997	0.001	0.001	0.001
0.062	0.130	0.709	0.099
0.929	0.041	0.029	0.001
0.205	0.721	0.072	0.002
0.799	0.067	0.067	0.067
0.185	0.282	0.013	0.520
0.863	0.039	0.062	0.036
0.030	0.029	0.940	0.001
0.945	0.053	0.001	0.001
0.049	0.825	0.125	0.001
0.953	0.001	0.024	0.022
>CTTCCTATTTTC	8-CTTCCTATTTTC	12.659043	-22.643123	0	T:13.0(4.09%),B:134.0(0.33%),P:1e-9	Tpos:555.9,Tstd:271.6,Bpos:575.2,Bstd:320.1,StrandBias:1.2,Multiplicity:1.00
0.048	0.913	0.001	0.038
0.001	0.001	0.087	0.911
0.071	0.001	0.001	0.927
0.139	0.835	0.001	0.025
0.026	0.818	0.126	0.030
0.001	0.042	0.001	0.956
0.937	0.044	0.001	0.018
0.001	0.001	0.076	0.922
0.001	0.144	0.001	0.854
0.001	0.001	0.001	0.997
0.001	0.001	0.001	0.997
0.001	0.966	0.001	0.032
>TTTATCAGTACA	9-TTTATCAGTACA	9.375021	-22.188709	0	T:54.0(16.98%),B:2677.3(6.59%),P:1e-9	Tpos:433.2,Tstd:263.7,Bpos:503.2,Bstd:302.0,StrandBias:0.7,Multiplicity:1.12
0.040	0.065	0.054	0.841
0.030	0.001	0.001	0.968
0.056	0.001	0.023	0.920
0.818	0.081	0.055	0.046
0.014	0.018	0.104	0.864
0.035	0.802	0.059	0.104
0.890	0.001	0.024	0.085
0.054	0.016	0.808	0.122
0.022	0.160	0.035	0.783
0.760	0.029	0.031	0.180
0.084	0.753	0.043	0.120
0.800	0.042	0.040	0.118
>GTGCCAYCGCAC	10-GTGCCAYCGCAC	11.753105	-22.163144	0	T:8.0(2.52%),B:27.9(0.07%),P:1e-9	Tpos:693.0,Tstd:180.6,Bpos:586.1,Bstd:259.9,StrandBias:-0.7,Multiplicity:1.00
0.001	0.001	0.874	0.124
0.270	0.001	0.001	0.728
0.001	0.001	0.997	0.001
0.001	0.853	0.001	0.145
0.001	0.997	0.001	0.001
0.874	0.001	0.124	0.001
0.001	0.458	0.001	0.540
0.001	0.874	0.124	0.001
0.001	0.001	0.770	0.228
0.001	0.997	0.001	0.001
0.997	0.001	0.001	0.001
0.001	0.997	0.001	0.001
>CTACTTCACATT	11-CTACTTCACATT	10.015702	-21.836558	0	T:38.0(11.95%),B:1490.9(3.67%),P:1e-9	Tpos:578.3,Tstd:262.8,Bpos:506.5,Bstd:330.5,StrandBias:1.6,Multiplicity:1.05
0.151	0.817	0.001	0.031
0.113	0.001	0.074	0.812
0.693	0.001	0.073	0.233
0.095	0.733	0.097	0.075
0.151	0.001	0.120	0.728
0.027	0.001	0.036	0.936
0.025	0.776	0.030	0.169
0.825	0.001	0.001	0.173
0.040	0.890	0.001	0.069
0.852	0.055	0.079	0.014
0.001	0.035	0.001	0.963
0.001	0.001	0.088	0.910
>AAGGAAGAGATA	12-AAGGAAGAGATA	11.504684	-20.682230	0	T:15.0(4.72%),B:230.0(0.57%),P:1e-8	Tpos:531.4,Tstd:338.2,Bpos:485.5,Bstd:374.0,StrandBias:-1.3,Multiplicity:1.13
0.763	0.071	0.165	0.001
0.863	0.001	0.122	0.014
0.190	0.083	0.567	0.160
0.032	0.001	0.925	0.042
0.974	0.001	0.001	0.024
0.776	0.172	0.001	0.051
0.001	0.037	0.950	0.012
0.682	0.052	0.019	0.247
0.134	0.035	0.785	0.046
0.693	0.149	0.118	0.040
0.221	0.034	0.052	0.693
0.764	0.021	0.185	0.030
>TCTTTTGTTGCG	13-TCTTTTGTTGCG	13.329334	-20.235598	0	T:10.0(3.14%),B:77.0(0.19%),P:1e-8	Tpos:519.9,Tstd:262.8,Bpos:464.3,Bstd:332.7,StrandBias:0.6,Multiplicity:1.00
0.126	0.170	0.001	0.703
0.092	0.857	0.001	0.050
0.001	0.001	0.001	0.997
0.001	0.001	0.001	0.997
0.001	0.001	0.001	0.997
0.001	0.001	0.001	0.997
0.001	0.186	0.752	0.061
0.001	0.001	0.001	0.997
0.001	0.001	0.001	0.997
0.001	0.119	0.879	0.001
0.094	0.904	0.001	0.001
0.001	0.001	0.997	0.001
>TGTTGTTGTTCT	14-TGTTGTTGTTCT	13.004200	-19.948730	0	T:11.0(3.46%),B:107.0(0.26%),P:1e-8	Tpos:488.9,Tstd:278.7,Bpos:530.1,Bstd:311.3,StrandBias:-0.5,Multiplicity:1.09
0.001	0.001	0.001	0.997
0.001	0.001	0.997	0.001
0.110	0.001	0.099	0.790
0.001	0.001	0.001	0.997
0.082	0.051	0.866	0.001
0.001	0.127	0.001	0.871
0.001	0.094	0.001	0.904
0.069	0.056	0.874	0.001
0.001	0.001	0.001	0.997
0.001	0.001	0.074	0.924
0.037	0.906	0.001	0.056
0.001	0.068	0.001	0.930
>GAAGGAAAGGGT	15-GAAGGAAAGGGT	13.021317	-19.486398	0	T:9.0(2.83%),B:60.9(0.15%),P:1e-8	Tpos:575.3,Tstd:344.9,Bpos:556.1,Bstd:313.1,StrandBias:-1.2,Multiplicity:1.11
0.001	0.001	0.997	0.001
0.997	0.001	0.001	0.001
0.880	0.118	0.001	0.001
0.118	0.001	0.880	0.001
0.071	0.107	0.703	0.119
0.997	0.001	0.001	0.001
0.911	0.001	0.087	0.001
0.997	0.001	0.001	0.001
0.001	0.001	0.997	0.001
0.062	0.001	0.869	0.068
0.001	0.106	0.892	0.001
0.001	0.001	0.001	0.997
>AGAGGAGCAAAG	16-AGAGGAGCAAAG	13.421716	-19.363775	0	T:10.0(3.14%),B:85.8(0.21%),P:1e-8	Tpos:663.8,Tstd:293.9,Bpos:540.2,Bstd:324.0,StrandBias:-1.2,Multiplicity:1.00
0.997	0.001	0.001	0.001
0.051	0.001	0.947	0.001
0.846	0.152	0.001	0.001
0.001	0.001	0.997	0.001
0.094	0.001	0.904	0.001
0.997	0.001	0.001	0.001
0.001	0.001	0.997	0.001
0.128	0.772	0.099	0.001
0.879	0.001	0.119	0.001
0.997	0.001	0.001	0.001
0.997	0.001	0.001	0.001
0.107	0.001	0.801	0.091
>TGTCTCGTTTCT	17-TGTCTCGTTTCT	12.618644	-19.329411	0	T:13.0(4.09%),B:178.6(0.44%),P:1e-8	Tpos:631.2,Tstd:204.1,Bpos:552.2,Bstd:311.0,StrandBias:0.4,Multiplicity:1.08
0.001	0.001	0.001	0.997
0.064	0.001	0.904	0.031
0.095	0.001	0.090	0.814
0.076	0.837	0.086	0.001
0.089	0.001	0.001	0.909
0.001	0.949	0.001	0.049
0.051	0.001	0.947	0.001
0.001	0.001	0.001	0.997
0.001	0.001	0.089	0.909
0.001	0.001	0.001	0.997
0.090	0.865	0.001	0.044
0.001	0.095	0.001	0.903
>GCTGCTCCGYGA	18-GCTGCTCCGYGA	11.009463	-17.808481	0	T:14.0(4.40%),B:244.8(0.60%),P:1e-7	Tpos:448.3,Tstd:287.9,Bpos:519.3,Bstd:321.9,StrandBias:-0.7,Multiplicity:1.50
0.070	0.094	0.610	0.226
0.001	0.618	0.380	0.001
0.001	0.131	0.001	0.867
0.001	0.001	0.867	0.131
0.001	0.643	0.244	0.112
0.001	0.003	0.001	0.995
0.001	0.997	0.001	0.001
0.001	0.565	0.246	0.188
0.001	0.001	0.997	0.001
0.231	0.372	0.001	0.396
0.001	0.001	0.997	0.001
0.997	0.001	0.001	0.001
>CAATGTGYAACA	19-CAATGTGYAACA	11.624765	-16.551517	0	T:12.0(3.77%),B:188.6(0.46%),P:1e-7	Tpos:520.1,Tstd:284.6,Bpos:503.8,Bstd:308.6,StrandBias:1.4,Multiplicity:1.50
0.001	0.913	0.085	0.001
0.997	0.001	0.001	0.001
0.997	0.001	0.001	0.001
0.176	0.001	0.001	0.822
0.001	0.106	0.892	0.001
0.001	0.001	0.001	0.997
0.090	0.001	0.726	0.183
0.001	0.378	0.218	0.402
0.759	0.001	0.239	0.001
0.904	0.001	0.094	0.001
0.001	0.916	0.082	0.001
0.850	0.001	0.148	0.001
>AAGAGATGAATA	20-AAGAGATGAATA	14.440732	-14.142065	0	T:4.0(1.26%),B:6.1(0.01%),P:1e-6	Tpos:590.5,Tstd:345.9,Bpos:484.6,Bstd:257.4,StrandBias:0.0,Multiplicity:1.00
0.748	0.107	0.070	0.075
0.730	0.152	0.032	0.086
0.029	0.086	0.845	0.040
0.796	0.056	0.101	0.047
0.058	0.035	0.845	0.062
0.937	0.001	0.032	0.030
0.049	0.001	0.097	0.853
0.001	0.098	0.834	0.067
0.787	0.058	0.072	0.083
0.847	0.109	0.043	0.001
0.001	0.061	0.001	0.937
0.862	0.001	0.107	0.030
>GGTAGCATTTTG	21-GGTAGCATTTTG	15.171190	-11.052282	0	T:3.0(0.94%),B:4.2(0.01%),P:1e-4	Tpos:407.4,Tstd:205.0,Bpos:287.0,Bstd:218.0,StrandBias:2.0,Multiplicity:1.67
0.001	0.239	0.759	0.001
0.001	0.001	0.997	0.001
0.001	0.001	0.001	0.997
0.997	0.001	0.001	0.001
0.001	0.001	0.997	0.001
0.001	0.997	0.001	0.001
0.997	0.001	0.001	0.001
0.001	0.001	0.001	0.997
0.001	0.001	0.001	0.997
0.001	0.001	0.001	0.997
0.001	0.001	0.001	0.997
0.001	0.001	0.997	0.001
>ATGTCTCTCTTT	22-ATGTCTCTCTTT	13.037645	-10.665109	0	T:4.0(1.26%),B:18.4(0.05%),P:1e-4	Tpos:842.8,Tstd:79.1,Bpos:802.8,Bstd:131.2,StrandBias:0.0,Multiplicity:1.00
0.691	0.001	0.129	0.179
0.001	0.104	0.063	0.832
0.056	0.256	0.687	0.001
0.057	0.001	0.105	0.837
0.137	0.507	0.347	0.009
0.074	0.018	0.001	0.907
0.080	0.751	0.001	0.168
0.208	0.001	0.066	0.725
0.294	0.559	0.146	0.001
0.113	0.001	0.065	0.821
0.001	0.107	0.001	0.891
0.130	0.001	0.060	0.809
>AAGTTGACAATK	23-AAGTTGACAATK	11.566772	-7.634294	0	T:5.0(1.57%),B:78.4(0.19%),P:1e-3	Tpos:461.3,Tstd:172.6,Bpos:526.0,Bstd:294.5,StrandBias:3.3,Multiplicity:2.20
0.962	0.019	0.001	0.018
0.956	0.001	0.012	0.031
0.027	0.048	0.690	0.235
0.050	0.048	0.042	0.860
0.047	0.027	0.346	0.580
0.029	0.056	0.858	0.057
0.521	0.211	0.160	0.108
0.174	0.742	0.067	0.017
0.803	0.046	0.074	0.077
0.859	0.049	0.069	0.023
0.161	0.172	0.233	0.433
0.064	0.064	0.505	0.367
>GTAGGCGCATTG	24-GTAGGCGCATTG	16.075104	-4.858373	0	T:1.0(0.31%),B:0.0(0.00%),P:1e-2	Tpos:549.0,Tstd:271.8,Bpos:0.0,Bstd:0.0,StrandBias:10.0,Multiplicity:3.00
0.001	0.001	0.997	0.001
0.001	0.001	0.001	0.997
0.997	0.001	0.001	0.001
0.001	0.001	0.997	0.001
0.192	0.001	0.806	0.001
0.001	0.997	0.001	0.001
0.001	0.001	0.997	0.001
0.001	0.997	0.001	0.001
0.997	0.001	0.001	0.001
0.001	0.268	0.001	0.730
0.001	0.001	0.001	0.997
0.001	0.001	0.997	0.001
>CGCAAATTGTCA	25-CGCAAATTGTCA	13.517576	-4.565162	0	T:2.0(0.63%),B:18.6(0.05%),P:1e-1	Tpos:299.4,Tstd:168.2,Bpos:416.3,Bstd:188.4,StrandBias:-10.0,Multiplicity:7.00
0.079	0.919	0.001	0.001
0.001	0.001	0.997	0.001
0.001	0.840	0.103	0.056
0.997	0.001	0.001	0.001
0.814	0.001	0.184	0.001
0.997	0.001	0.001	0.001
0.001	0.001	0.001	0.997
0.001	0.001	0.001	0.997
0.001	0.092	0.906	0.001
0.001	0.001	0.079	0.919
0.001	0.848	0.001	0.150
0.997	0.001	0.001	0.001
