>CDCGGGATCCCG	1-CDCGGGATCCCG	9.525589	-30.767225	0	T:14.0(6.45%),B:130.9(0.32%),P:1e-13	Tpos:690.3,Tstd:195.7,Bpos:523.1,Bstd:336.3,StrandBias:0.0,Multiplicity:1.00
0.001	0.486	0.252	0.262
0.245	0.157	0.355	0.243
0.106	0.892	0.001	0.001
0.001	0.065	0.933	0.001
0.001	0.001	0.997	0.001
0.001	0.001	0.997	0.001
0.571	0.114	0.218	0.097
0.117	0.176	0.001	0.706
0.001	0.942	0.001	0.056
0.001	0.997	0.001	0.001
0.001	0.933	0.065	0.001
0.057	0.001	0.877	0.065
>GAACAKCTGTTG	2-GAACAKCTGTTG	9.962658	-28.935444	0	T:30.0(13.82%),B:1084.2(2.64%),P:1e-12	Tpos:568.3,Tstd:325.3,Bpos:510.6,Bstd:334.8,StrandBias:0.1,Multiplicity:1.00
0.161	0.134	0.562	0.143
0.847	0.128	0.001	0.024
0.837	0.161	0.001	0.001
0.096	0.902	0.001	0.001
0.969	0.001	0.001	0.029
0.224	0.051	0.434	0.290
0.085	0.637	0.063	0.215
0.054	0.001	0.001	0.944
0.043	0.001	0.866	0.090
0.106	0.191	0.113	0.590
0.001	0.112	0.001	0.886
0.207	0.001	0.616	0.176
>TACTCACTTCAG	3-TACTCACTTCAG	13.451314	-27.873002	0	T:9.0(4.15%),B:32.1(0.08%),P:1e-12	Tpos:655.7,Tstd:240.3,Bpos:532.3,Bstd:351.8,StrandBias:0.3,Multiplicity:1.00
0.001	0.106	0.001	0.892
0.887	0.001	0.111	0.001
0.161	0.698	0.140	0.001
0.001	0.001	0.001	0.997
0.001	0.997	0.001	0.001
0.997	0.001	0.001	0.001
0.101	0.897	0.001	0.001
0.001	0.001	0.001	0.997
0.001	0.001	0.139	0.859
0.001	0.997	0.001	0.001
0.880	0.118	0.001	0.001
0.001	0.001	0.997	0.001
>TCTTTATCTCTG	4-TCTTTATCTCTG	11.381830	-27.430851	0	T:24.0(11.06%),B:705.2(1.72%),P:1e-11	Tpos:642.5,Tstd:250.8,Bpos:573.2,Bstd:326.0,StrandBias:1.0,Multiplicity:1.04
0.001	0.001	0.072	0.926
0.001	0.906	0.001	0.092
0.001	0.001	0.001	0.997
0.001	0.335	0.078	0.586
0.082	0.095	0.059	0.764
0.919	0.040	0.001	0.040
0.001	0.001	0.001	0.997
0.001	0.905	0.001	0.093
0.001	0.129	0.001	0.869
0.001	0.886	0.112	0.001
0.001	0.001	0.001	0.997
0.001	0.160	0.623	0.216
>ATGACAAGCGAG	5-ATGACAAGCGAG	11.791827	-27.080320	0	T:14.0(6.45%),B:174.1(0.42%),P:1e-11	Tpos:502.9,Tstd:322.7,Bpos:527.0,Bstd:324.5,StrandBias:-0.2,Multiplicity:1.07
0.997	0.001	0.001	0.001
0.188	0.183	0.228	0.401
0.001	0.085	0.712	0.202
0.997	0.001	0.001	0.001
0.252	0.746	0.001	0.001
0.905	0.001	0.093	0.001
0.997	0.001	0.001	0.001
0.147	0.001	0.624	0.228
0.076	0.838	0.001	0.085
0.001	0.001	0.997	0.001
0.997	0.001	0.001	0.001
0.001	0.001	0.997	0.001
>GTTGASTMTGTT	6-GTTGASTMTGTT	12.189127	-26.303853	0	T:12.0(5.53%),B:114.5(0.28%),P:1e-11	Tpos:414.7,Tstd:370.5,Bpos:481.9,Bstd:325.3,StrandBias:-1.2,Multiplicity:1.08
0.117	0.001	0.825	0.057
0.001	0.001	0.001	0.997
0.001	0.001	0.001	0.997
0.116	0.001	0.882	0.001
0.997	0.001	0.001	0.001
0.152	0.264	0.406	0.178
0.001	0.001	0.001	0.997
0.403	0.439	0.101	0.057
0.001	0.001	0.001	0.997
0.001	0.001	0.915	0.083
0.001	0.001	0.001	0.997
0.001	0.001	0.001	0.997
>CTATCGAATTAA	7-CTATCGAATTAA	13.642023	-23.186673	0	T:9.0(4.15%),B:58.2(0.14%),P:1e-10	Tpos:457.0,Tstd:316.5,Bpos:534.9,Bstd:302.0,StrandBias:1.0,Multiplicity:1.00
0.001	0.881	0.001	0.117
0.158	0.001	0.001	0.840
0.997	0.001	0.001	0.001
0.001	0.001	0.001	0.997
0.001	0.997	0.001	0.001
0.298	0.001	0.700	0.001
0.997	0.001	0.001	0.001
0.867	0.001	0.001	0.131
0.140	0.001	0.001	0.858
0.001	0.001	0.001	0.997
0.997	0.001	0.001	0.001
0.997	0.001	0.001	0.001
>AATATATTTTTA	8-AATATATTTTTA	10.552086	-23.118137	0	T:37.0(17.05%),B:2055.9(5.01%),P:1e-10	Tpos:519.2,Tstd:303.6,Bpos:490.1,Bstd:301.6,StrandBias:0.4,Multiplicity:1.06
0.747	0.032	0.182	0.039
0.735	0.028	0.024	0.213
0.155	0.213	0.127	0.505
0.761	0.027	0.180	0.032
0.247	0.115	0.030	0.608
0.604	0.024	0.133	0.239
0.166	0.039	0.029	0.766
0.032	0.020	0.033	0.915
0.150	0.174	0.037	0.639
0.230	0.035	0.016	0.719
0.191	0.032	0.040	0.737
0.628	0.124	0.217	0.031
>TGCCATTTGTCC	9-TGCCATTTGTCC	13.235277	-21.441670	0	T:9.0(4.15%),B:72.8(0.18%),P:1e-9	Tpos:702.7,Tstd:204.1,Bpos:499.9,Bstd:304.3,StrandBias:1.0,Multiplicity:1.00
0.001	0.001	0.001	0.997
0.001	0.001	0.997	0.001
0.193	0.652	0.001	0.154
0.001	0.997	0.001	0.001
0.997	0.001	0.001	0.001
0.109	0.193	0.001	0.697
0.001	0.001	0.001	0.997
0.001	0.001	0.001	0.997
0.001	0.001	0.909	0.089
0.001	0.001	0.001	0.997
0.001	0.997	0.001	0.001
0.001	0.845	0.001	0.153
>CGGTTTGGGCGG	10-CGGTTTGGGCGG	14.578572	-20.779718	0	T:5.0(2.30%),B:5.9(0.01%),P:1e-9	Tpos:578.0,Tstd:205.5,Bpos:506.4,Bstd:291.3,StrandBias:-0.6,Multiplicity:1.00
0.001	0.997	0.001	0.001
0.001	0.001	0.997	0.001
0.001	0.001	0.997	0.001
0.001	0.001	0.001	0.997
0.001	0.001	0.240	0.758
0.001	0.001	0.240	0.758
0.001	0.276	0.722	0.001
0.001	0.001	0.997	0.001
0.001	0.001	0.997	0.001
0.001	0.997	0.001	0.001
0.001	0.001	0.997	0.001
0.001	0.001	0.997	0.001
>GGGGTCAAAAAG	11-GGGGTCAAAAAG	11.923469	-19.302831	0	T:10.0(4.61%),B:130.2(0.32%),P:1e-8	Tpos:672.2,Tstd:219.1,Bpos:574.2,Bstd:298.0,StrandBias:0.0,Multiplicity:1.40
0.132	0.095	0.772	0.001
0.001	0.131	0.867	0.001
0.100	0.001	0.898	0.001
0.001	0.001	0.997	0.001
0.001	0.001	0.001	0.997
0.132	0.726	0.001	0.141
0.997	0.001	0.001	0.001
0.997	0.001	0.001	0.001
0.997	0.001	0.001	0.001
0.997	0.001	0.001	0.001
0.875	0.001	0.001	0.123
0.001	0.001	0.997	0.001
>TGATGATAAGGA	12-TGATGATAAGGA	12.252383	-19.223081	0	T:11.0(5.07%),B:173.3(0.42%),P:1e-8	Tpos:476.5,Tstd:306.2,Bpos:436.6,Bstd:394.8,StrandBias:-0.7,Multiplicity:1.18
0.001	0.123	0.001	0.875
0.080	0.001	0.918	0.001
0.997	0.001	0.001	0.001
0.001	0.001	0.132	0.866
0.098	0.001	0.900	0.001
0.997	0.001	0.001	0.001
0.086	0.001	0.001	0.912
0.997	0.001	0.001	0.001
0.882	0.001	0.116	0.001
0.001	0.001	0.786	0.212
0.001	0.001	0.997	0.001
0.900	0.001	0.001	0.098
>CTTGTTTTTCTC	13-CTTGTTTTTCTC	10.997420	-17.998441	0	T:26.0(11.98%),B:1330.9(3.24%),P:1e-7	Tpos:580.7,Tstd:268.0,Bpos:521.1,Bstd:323.1,StrandBias:3.2,Multiplicity:1.15
0.001	0.920	0.056	0.023
0.001	0.001	0.001	0.997
0.001	0.001	0.001	0.997
0.215	0.099	0.512	0.174
0.001	0.272	0.001	0.726
0.001	0.001	0.001	0.997
0.001	0.001	0.001	0.997
0.045	0.001	0.001	0.953
0.280	0.001	0.116	0.603
0.297	0.670	0.001	0.032
0.103	0.001	0.001	0.895
0.046	0.952	0.001	0.001
>AGATCACACGAT	14-AGATCACACGAT	9.085782	-16.112135	0	T:7.0(3.23%),B:64.7(0.16%),P:1e-6	Tpos:469.6,Tstd:288.9,Bpos:558.8,Bstd:288.7,StrandBias:1.3,Multiplicity:1.00
0.613	0.001	0.385	0.001
0.001	0.001	0.997	0.001
0.997	0.001	0.001	0.001
0.001	0.001	0.001	0.997
0.001	0.997	0.001	0.001
0.997	0.001	0.001	0.001
0.001	0.997	0.001	0.001
0.997	0.001	0.001	0.001
0.063	0.935	0.001	0.001
0.001	0.001	0.997	0.001
0.997	0.001	0.001	0.001
0.014	0.335	0.026	0.625
>CCAAGATCCTCC	15-CCAAGATCCTCC	14.038964	-15.698591	0	T:4.0(1.84%),B:6.1(0.01%),P:1e-6	Tpos:452.3,Tstd:281.9,Bpos:262.7,Bstd:230.9,StrandBias:10.0,Multiplicity:1.75
0.001	0.997	0.001	0.001
0.001	0.997	0.001	0.001
0.657	0.001	0.001	0.341
0.682	0.001	0.316	0.001
0.001	0.341	0.657	0.001
0.997	0.001	0.001	0.001
0.251	0.001	0.001	0.747
0.001	0.997	0.001	0.001
0.001	0.747	0.001	0.251
0.001	0.001	0.001	0.997
0.001	0.997	0.001	0.001
0.001	0.997	0.001	0.001
>CACCACAACAAC	16-CACCACAACAAC	10.413784	-15.666764	0	T:20.0(9.22%),B:922.1(2.25%),P:1e-6	Tpos:660.8,Tstd:282.9,Bpos:529.0,Bstd:349.0,StrandBias:0.7,Multiplicity:1.05
0.106	0.892	0.001	0.001
0.997	0.001	0.001	0.001
0.096	0.606	0.001	0.297
0.222	0.776	0.001	0.001
0.776	0.001	0.001	0.222
0.001	0.997	0.001	0.001
0.906	0.092	0.001	0.001
0.792	0.206	0.001	0.001
0.001	0.997	0.001	0.001
0.912	0.086	0.001	0.001
0.997	0.001	0.001	0.001
0.162	0.836	0.001	0.001
>CCGRCGCGGMWC	17-CCGRCGCGGMWC	9.243117	-12.956358	0	T:11.0(5.07%),B:332.1(0.81%),P:1e-5	Tpos:581.1,Tstd:249.0,Bpos:561.8,Bstd:307.4,StrandBias:0.6,Multiplicity:1.27
0.001	0.600	0.398	0.001
0.139	0.742	0.001	0.118
0.001	0.001	0.997	0.001
0.280	0.103	0.389	0.228
0.078	0.918	0.001	0.003
0.008	0.001	0.987	0.004
0.094	0.582	0.206	0.118
0.377	0.001	0.621	0.001
0.001	0.001	0.997	0.001
0.438	0.506	0.001	0.055
0.319	0.191	0.073	0.417
0.001	0.632	0.315	0.052
>CCAAGGATTCCT	18-CCAAGGATTCCT	10.752127	-10.817746	0	T:8.0(3.69%),B:207.4(0.50%),P:1e-4	Tpos:284.5,Tstd:190.0,Bpos:476.4,Bstd:307.1,StrandBias:-1.2,Multiplicity:1.62
0.001	0.997	0.001	0.001
0.103	0.648	0.130	0.119
0.781	0.001	0.217	0.001
0.699	0.001	0.001	0.299
0.150	0.001	0.715	0.134
0.001	0.150	0.746	0.103
0.997	0.001	0.001	0.001
0.001	0.001	0.129	0.869
0.001	0.094	0.099	0.806
0.004	0.994	0.001	0.001
0.001	0.997	0.001	0.001
0.229	0.001	0.001	0.769
>TAGGATCCTCTC	19-TAGGATCCTCTC	14.633104	-9.406078	0	T:2.0(0.92%),B:1.6(0.00%),P:1e-4	Tpos:635.5,Tstd:152.5,Bpos:140.4,Bstd:20.7,StrandBias:0.0,Multiplicity:1.00
0.001	0.159	0.001	0.839
0.997	0.001	0.001	0.001
0.001	0.001	0.997	0.001
0.001	0.001	0.997	0.001
0.997	0.001	0.001	0.001
0.001	0.001	0.001	0.997
0.001	0.997	0.001	0.001
0.001	0.997	0.001	0.001
0.001	0.001	0.001	0.997
0.001	0.997	0.001	0.001
0.001	0.123	0.001	0.875
0.001	0.997	0.001	0.001
>TTTGCAAATTTG	20-TTTGCAAATTTG	13.609566	-8.962144	0	T:7.0(3.23%),B:202.3(0.49%),P:1e-3	Tpos:220.1,Tstd:259.0,Bpos:475.8,Bstd:297.3,StrandBias:0.0,Multiplicity:1.14
0.001	0.001	0.001	0.997
0.001	0.001	0.001	0.997
0.001	0.001	0.001	0.997
0.001	0.001	0.997	0.001
0.001	0.997	0.001	0.001
0.997	0.001	0.001	0.001
0.997	0.001	0.001	0.001
0.997	0.001	0.001	0.001
0.001	0.129	0.001	0.869
0.001	0.001	0.129	0.869
0.001	0.001	0.001	0.997
0.001	0.066	0.932	0.001
>GCTCCACGGTAT	21-GCTCCACGGTAT	13.901826	-7.189855	0	T:2.0(0.92%),B:6.5(0.02%),P:1e-3	Tpos:282.0,Tstd:141.9,Bpos:480.8,Bstd:335.1,StrandBias:10.0,Multiplicity:5.00
0.001	0.001	0.997	0.001
0.001	0.997	0.001	0.001
0.001	0.001	0.001	0.997
0.001	0.997	0.001	0.001
0.001	0.997	0.001	0.001
0.997	0.001	0.001	0.001
0.001	0.997	0.001	0.001
0.378	0.001	0.620	0.001
0.001	0.001	0.997	0.001
0.108	0.001	0.001	0.890
0.997	0.001	0.001	0.001
0.001	0.001	0.001	0.997
>TGCCTTTGCCAG	22-TGCCTTTGCCAG	12.355432	-5.248309	0	T:1.0(0.46%),B:0.7(0.00%),P:1e-2	Tpos:262.0,Tstd:131.5,Bpos:80.0,Bstd:0.0,StrandBias:10.0,Multiplicity:5.00
0.100	0.100	0.100	0.700
0.100	0.100	0.700	0.100
0.100	0.700	0.100	0.100
0.100	0.700	0.100	0.100
0.100	0.100	0.100	0.700
0.100	0.100	0.100	0.700
0.100	0.100	0.100	0.700
0.100	0.100	0.700	0.100
0.100	0.700	0.100	0.100
0.100	0.700	0.100	0.100
0.700	0.100	0.100	0.100
0.100	0.100	0.700	0.100
>GTACCCTCAAGG	23-GTACCCTCAAGG	16.378087	-5.248309	0	T:1.0(0.46%),B:0.0(0.00%),P:1e-2	Tpos:217.0,Tstd:131.5,Bpos:0.0,Bstd:0.0,StrandBias:10.0,Multiplicity:5.00
0.001	0.001	0.997	0.001
0.001	0.001	0.001	0.997
0.997	0.001	0.001	0.001
0.001	0.997	0.001	0.001
0.001	0.997	0.001	0.001
0.001	0.997	0.001	0.001
0.001	0.001	0.001	0.997
0.001	0.997	0.001	0.001
0.799	0.001	0.001	0.199
0.997	0.001	0.001	0.001
0.001	0.001	0.997	0.001
0.001	0.001	0.997	0.001
>CCCGGTAACTAC	24-CCCGGTAACTAC	16.313465	-5.248309	0	T:1.0(0.46%),B:0.0(0.00%),P:1e-2	Tpos:364.2,Tstd:137.5,Bpos:0.0,Bstd:0.0,StrandBias:10.0,Multiplicity:4.00
0.001	0.997	0.001	0.001
0.001	0.997	0.001	0.001
0.001	0.749	0.001	0.249
0.001	0.001	0.997	0.001
0.001	0.001	0.997	0.001
0.001	0.001	0.001	0.997
0.997	0.001	0.001	0.001
0.997	0.001	0.001	0.001
0.001	0.997	0.001	0.001
0.001	0.001	0.001	0.997
0.997	0.001	0.001	0.001
0.001	0.997	0.001	0.001
>TTGGCGCCAAAT	25-TTGGCGCCAAAT	12.680765	-3.271658	0	T:3.0(1.38%),B:137.9(0.34%),P:1e-1	Tpos:639.0,Tstd:197.6,Bpos:280.9,Bstd:301.7,StrandBias:-2.0,Multiplicity:3.33
0.001	0.001	0.001	0.997
0.001	0.295	0.001	0.703
0.001	0.001	0.997	0.001
0.001	0.282	0.716	0.001
0.001	0.997	0.001	0.001
0.001	0.001	0.997	0.001
0.001	0.997	0.001	0.001
0.001	0.997	0.001	0.001
0.997	0.001	0.001	0.001
0.997	0.001	0.001	0.001
0.652	0.231	0.012	0.105
0.027	0.015	0.015	0.943
