>CTCTCTCTCTCT	2-CTCTCTCTCTCT,BestGuess:eor-1/MA0543.1/Jaspar(0.798)	9.414193	-27.289047	0	T:72.0(22.64%),B:3319.2(9.27%),P:1e-11
0.065	0.800	0.042	0.093
0.093	0.034	0.072	0.801
0.058	0.802	0.044	0.096
0.056	0.071	0.039	0.834
0.038	0.862	0.053	0.047
0.059	0.058	0.031	0.852
0.027	0.844	0.043	0.086
0.041	0.040	0.039	0.880
0.028	0.870	0.055	0.047
0.059	0.041	0.010	0.890
0.072	0.775	0.041	0.112
0.059	0.077	0.071	0.793
