>TTTATCGATTTT	6-AAAATCGATAAA	9.676898	-24.908989	0	T:131.0(41.19%),B:8615.7(24.06%),P:1e-10
0.100	0.021	0.045	0.834
0.105	0.042	0.048	0.805
0.035	0.077	0.069	0.819
0.821	0.058	0.037	0.084
0.054	0.080	0.058	0.808
0.048	0.817	0.068	0.067
0.070	0.028	0.849	0.053
0.850	0.090	0.039	0.021
0.075	0.032	0.055	0.838
0.053	0.084	0.035	0.828
0.027	0.041	0.025	0.907
0.074	0.059	0.038	0.829
