>ATTTCGCAATAT	14-ATTTCGCAATAT	10.945418	-20.012564	0	T:32.0(10.06%),B:1036.0(2.89%),P:1e-8
0.793	0.016	0.016	0.175
0.001	0.001	0.018	0.980
0.001	0.066	0.047	0.886
0.035	0.001	0.021	0.943
0.057	0.629	0.233	0.081
0.234	0.128	0.626	0.012
0.031	0.690	0.216	0.063
0.870	0.050	0.047	0.033
0.922	0.041	0.001	0.036
0.143	0.100	0.294	0.464
0.685	0.113	0.098	0.104
0.042	0.081	0.201	0.676
