>KGTGTARA	1-KGTGTARA	9.656974	-13.702355	0	T:22.0(21.78%),B:2718.7(6.83%),P:1e-5	Tpos:457.9,Tstd:279.9,Bpos:509.1,Bstd:323.8,StrandBias:-1.2,Multiplicity:1.23
0.001	0.001	0.531	0.467
0.001	0.001	0.997	0.001
0.001	0.001	0.001	0.997
0.001	0.001	0.997	0.001
0.001	0.001	0.001	0.997
0.997	0.001	0.001	0.001
0.478	0.001	0.520	0.001
0.997	0.001	0.001	0.001
>TGTGACTG	2-TGTGACTG	8.841523	-12.733828	0	T:19.0(18.81%),B:2212.1(5.56%),P:1e-5	Tpos:656.9,Tstd:226.8,Bpos:496.8,Bstd:314.8,StrandBias:-0.4,Multiplicity:1.11
0.001	0.001	0.001	0.997
0.236	0.001	0.762	0.001
0.001	0.001	0.001	0.997
0.001	0.001	0.997	0.001
0.997	0.001	0.001	0.001
0.001	0.997	0.001	0.001
0.141	0.035	0.001	0.823
0.001	0.001	0.997	0.001
>TATACGGA	3-TATACGGA	10.869651	-11.884047	0	T:9.0(8.91%),B:507.4(1.28%),P:1e-5	Tpos:586.3,Tstd:279.6,Bpos:472.9,Bstd:336.8,StrandBias:-3.0,Multiplicity:1.00
0.001	0.001	0.001	0.997
0.997	0.001	0.001	0.001
0.001	0.001	0.001	0.997
0.997	0.001	0.001	0.001
0.001	0.997	0.001	0.001
0.001	0.179	0.819	0.001
0.001	0.001	0.997	0.001
0.997	0.001	0.001	0.001
>CGGGCTTC	4-CGGGCTTC	8.430497	-10.173534	0	T:11.0(10.89%),B:965.8(2.43%),P:1e-4	Tpos:591.5,Tstd:320.3,Bpos:500.2,Bstd:313.2,StrandBias:0.5,Multiplicity:1.09
0.001	0.997	0.001	0.001
0.001	0.001	0.997	0.001
0.001	0.001	0.577	0.421
0.001	0.218	0.598	0.183
0.001	0.763	0.235	0.001
0.001	0.014	0.402	0.583
0.001	0.001	0.331	0.667
0.001	0.997	0.001	0.001
>GAGTCAGC	5-GAGTCAGC	8.415734	-9.620591	0	T:15.0(14.85%),B:1839.0(4.62%),P:1e-4	Tpos:457.0,Tstd:237.4,Bpos:533.1,Bstd:327.9,StrandBias:0.0,Multiplicity:1.29
0.001	0.001	0.997	0.001
0.997	0.001	0.001	0.001
0.001	0.001	0.997	0.001
0.312	0.001	0.215	0.472
0.001	0.997	0.001	0.001
0.799	0.001	0.001	0.199
0.253	0.001	0.745	0.001
0.001	0.997	0.001	0.001
>AACCCACA	6-AACCCACA	7.548745	-7.770184	0	T:34.0(33.66%),B:7633.0(19.19%),P:1e-3	Tpos:515.3,Tstd:292.1,Bpos:509.7,Bstd:324.4,StrandBias:1.4,Multiplicity:1.38
0.809	0.001	0.189	0.001
0.997	0.001	0.001	0.001
0.251	0.654	0.001	0.094
0.001	0.997	0.001	0.001
0.001	0.936	0.001	0.062
0.696	0.001	0.177	0.126
0.001	0.997	0.001	0.001
0.590	0.168	0.001	0.241
>CCGAGGGT	7-CCGAGGGT	8.236954	-5.520159	0	T:3.0(2.97%),B:122.3(0.31%),P:1e-2	Tpos:619.2,Tstd:292.7,Bpos:527.6,Bstd:319.2,StrandBias:-0.6,Multiplicity:1.67
0.100	0.700	0.100	0.100
0.100	0.700	0.100	0.100
0.100	0.100	0.700	0.100
0.700	0.100	0.100	0.100
0.100	0.100	0.700	0.100
0.100	0.100	0.700	0.100
0.100	0.100	0.700	0.100
0.100	0.100	0.100	0.700
>GCCCCAGC	8-GCCCCAGC	5.243403	-5.225248	0	T:45.0(44.55%),B:12706.5(31.94%),P:1e-2	Tpos:449.2,Tstd:278.0,Bpos:505.0,Bstd:316.6,StrandBias:0.4,Multiplicity:1.69
0.216	0.033	0.726	0.025
0.216	0.665	0.024	0.095
0.001	0.858	0.042	0.099
0.001	0.666	0.262	0.071
0.103	0.748	0.064	0.085
0.653	0.095	0.049	0.203
0.001	0.026	0.809	0.164
0.083	0.915	0.001	0.001
>GCTAACCG	9-GCTAACCG	8.374489	-5.212981	0	T:7.0(6.93%),B:829.4(2.08%),P:1e-2	Tpos:363.1,Tstd:204.2,Bpos:503.0,Bstd:324.7,StrandBias:-1.3,Multiplicity:2.00
0.024	0.017	0.855	0.104
0.001	0.604	0.001	0.394
0.001	0.147	0.082	0.770
0.830	0.106	0.063	0.001
0.823	0.001	0.124	0.052
0.322	0.664	0.006	0.008
0.051	0.909	0.001	0.039
0.001	0.166	0.832	0.001
>ATAGGCGG	10-ATAGGCGG	8.897765	-3.614638	0	T:5.0(4.95%),B:659.0(1.66%),P:1e-1	Tpos:254.8,Tstd:222.5,Bpos:531.7,Bstd:321.4,StrandBias:-2.8,Multiplicity:3.20
0.997	0.001	0.001	0.001
0.001	0.001	0.001	0.997
0.997	0.001	0.001	0.001
0.001	0.001	0.997	0.001
0.001	0.001	0.997	0.001
0.001	0.997	0.001	0.001
0.001	0.114	0.884	0.001
0.001	0.001	0.997	0.001
>TGATTGGC	11-TGATTGGC	8.236954	-2.791346	0	T:5.0(4.95%),B:830.2(2.09%),P:1e-1	Tpos:284.8,Tstd:149.8,Bpos:483.7,Bstd:316.3,StrandBias:-1.1,Multiplicity:3.20
0.100	0.100	0.100	0.700
0.100	0.100	0.700	0.100
0.700	0.100	0.100	0.100
0.100	0.100	0.100	0.700
0.100	0.100	0.100	0.700
0.100	0.100	0.700	0.100
0.100	0.100	0.700	0.100
0.100	0.700	0.100	0.100
