>TTACCCTCGG	1-TTACCCTCGG	11.088476	-19.577787	0	T:7.0(6.93%),B:82.5(0.21%),P:1e-8	Tpos:520.2,Tstd:325.4,Bpos:533.9,Bstd:291.5,StrandBias:1.6,Multiplicity:1.14
0.001	0.210	0.001	0.788
0.001	0.001	0.001	0.997
0.997	0.001	0.001	0.001
0.001	0.858	0.001	0.140
0.001	0.997	0.001	0.001
0.001	0.997	0.001	0.001
0.001	0.001	0.179	0.819
0.001	0.997	0.001	0.001
0.001	0.174	0.703	0.122
0.001	0.001	0.997	0.001
>TCGATGGGTC	2-TCGATGGGTC	10.583324	-19.426507	0	T:11.0(10.89%),B:368.9(0.93%),P:1e-8	Tpos:511.8,Tstd:280.0,Bpos:484.5,Bstd:315.7,StrandBias:0.3,Multiplicity:1.00
0.001	0.001	0.116	0.882
0.001	0.997	0.001	0.001
0.001	0.001	0.997	0.001
0.997	0.001	0.001	0.001
0.001	0.001	0.001	0.997
0.001	0.120	0.878	0.001
0.080	0.001	0.826	0.093
0.084	0.001	0.914	0.001
0.128	0.001	0.001	0.870
0.092	0.815	0.092	0.001
>GTCATCTTTC	3-GTCATCTTTC	9.416962	-17.799238	0	T:16.0(15.84%),B:1087.9(2.73%),P:1e-7	Tpos:457.1,Tstd:333.7,Bpos:515.9,Bstd:324.6,StrandBias:2.2,Multiplicity:1.06
0.001	0.063	0.935	0.001
0.001	0.001	0.001	0.997
0.001	0.804	0.119	0.076
0.881	0.010	0.099	0.010
0.001	0.103	0.001	0.895
0.043	0.947	0.004	0.006
0.051	0.382	0.002	0.565
0.246	0.001	0.001	0.752
0.001	0.001	0.009	0.989
0.007	0.740	0.252	0.001
>CGGTGTAAAC	4-CGGTGTAAAC	10.439104	-17.752921	0	T:11.0(10.89%),B:435.4(1.09%),P:1e-7	Tpos:391.5,Tstd:308.0,Bpos:522.7,Bstd:331.0,StrandBias:-0.3,Multiplicity:1.00
0.001	0.909	0.001	0.089
0.001	0.169	0.829	0.001
0.001	0.001	0.997	0.001
0.001	0.001	0.001	0.997
0.001	0.001	0.884	0.114
0.072	0.001	0.094	0.833
0.762	0.115	0.122	0.001
0.997	0.001	0.001	0.001
0.997	0.001	0.001	0.001
0.078	0.920	0.001	0.001
>CAWTCCCGTA	5-CAWTCCCGTA	8.811411	-17.601670	0	T:8.0(7.92%),B:174.5(0.44%),P:1e-7	Tpos:407.7,Tstd:317.8,Bpos:475.5,Bstd:300.4,StrandBias:1.0,Multiplicity:1.12
0.001	0.997	0.001	0.001
0.610	0.001	0.388	0.001
0.487	0.001	0.001	0.511
0.001	0.001	0.001	0.997
0.001	0.997	0.001	0.001
0.001	0.997	0.001	0.001
0.001	0.997	0.001	0.001
0.001	0.001	0.997	0.001
0.022	0.072	0.001	0.905
0.997	0.001	0.001	0.001
>TCGTGCTTCC	6-TCGTGCTTCC	8.609441	-17.575381	0	T:13.0(12.87%),B:679.3(1.71%),P:1e-7	Tpos:483.8,Tstd:320.6,Bpos:502.9,Bstd:308.7,StrandBias:0.6,Multiplicity:1.15
0.094	0.107	0.001	0.798
0.001	0.920	0.078	0.001
0.001	0.078	0.867	0.054
0.001	0.001	0.001	0.997
0.001	0.001	0.945	0.053
0.001	0.823	0.119	0.057
0.001	0.001	0.001	0.997
0.001	0.001	0.001	0.997
0.001	0.914	0.001	0.084
0.001	0.825	0.099	0.075
>CGCAGGATAC	7-CGCAGGATAC	10.723017	-15.082134	0	T:6.0(5.94%),B:98.3(0.25%),P:1e-6	Tpos:381.8,Tstd:268.7,Bpos:448.5,Bstd:284.4,StrandBias:0.3,Multiplicity:1.50
0.001	0.888	0.001	0.110
0.001	0.001	0.997	0.001
0.001	0.879	0.119	0.001
0.542	0.295	0.001	0.162
0.001	0.001	0.841	0.157
0.001	0.001	0.997	0.001
0.997	0.001	0.001	0.001
0.001	0.001	0.001	0.997
0.997	0.001	0.001	0.001
0.001	0.997	0.001	0.001
>TTGGAGTGAC	8-TTGGAGTGAC	9.116231	-14.833642	0	T:19.0(18.81%),B:1918.2(4.82%),P:1e-6	Tpos:496.6,Tstd:276.8,Bpos:501.1,Bstd:329.5,StrandBias:0.7,Multiplicity:1.11
0.001	0.001	0.001	0.997
0.001	0.001	0.001	0.997
0.001	0.130	0.760	0.109
0.001	0.001	0.997	0.001
0.997	0.001	0.001	0.001
0.001	0.001	0.997	0.001
0.288	0.198	0.001	0.513
0.143	0.001	0.855	0.001
0.997	0.001	0.001	0.001
0.001	0.611	0.155	0.233
>TGTATTCTCG	9-TGTATTCTCG	9.243179	-13.854644	0	T:13.0(12.87%),B:946.8(2.38%),P:1e-6	Tpos:458.8,Tstd:256.3,Bpos:489.6,Bstd:320.8,StrandBias:-0.4,Multiplicity:1.23
0.001	0.033	0.001	0.965
0.110	0.001	0.888	0.001
0.001	0.147	0.001	0.851
0.997	0.001	0.001	0.001
0.001	0.001	0.001	0.997
0.001	0.001	0.165	0.833
0.125	0.873	0.001	0.001
0.001	0.125	0.001	0.873
0.097	0.901	0.001	0.001
0.166	0.001	0.832	0.001
>ACTCTTCCAC	10-ACTCTTCCAC	10.664418	-13.493654	0	T:8.0(7.92%),B:304.3(0.76%),P:1e-5	Tpos:394.7,Tstd:283.3,Bpos:479.2,Bstd:305.3,StrandBias:0.8,Multiplicity:1.38
0.949	0.049	0.001	0.001
0.001	0.773	0.225	0.001
0.076	0.001	0.001	0.922
0.078	0.834	0.087	0.001
0.122	0.001	0.138	0.739
0.001	0.110	0.078	0.811
0.001	0.997	0.001	0.001
0.180	0.818	0.001	0.001
0.901	0.001	0.097	0.001
0.051	0.880	0.068	0.001
>GCCCCAGCKG	11-GCCCCAGCKG	8.510879	-12.936437	0	T:10.0(9.90%),B:573.7(1.44%),P:1e-5	Tpos:436.8,Tstd:262.8,Bpos:502.9,Bstd:317.0,StrandBias:1.9,Multiplicity:2.30
0.001	0.001	0.925	0.073
0.001	0.997	0.001	0.001
0.001	0.993	0.001	0.005
0.001	0.689	0.251	0.059
0.001	0.899	0.001	0.099
0.507	0.181	0.001	0.311
0.001	0.078	0.851	0.070
0.077	0.921	0.001	0.001
0.001	0.001	0.493	0.505
0.001	0.101	0.825	0.073
>CGTTGACTCT	12-CGTTGACTCT	7.712710	-12.915950	0	T:23.0(22.77%),B:3086.2(7.76%),P:1e-5	Tpos:578.1,Tstd:259.5,Bpos:504.9,Bstd:323.4,StrandBias:0.2,Multiplicity:1.27
0.149	0.616	0.052	0.183
0.058	0.001	0.804	0.137
0.001	0.046	0.041	0.912
0.083	0.044	0.112	0.761
0.101	0.001	0.709	0.189
0.893	0.025	0.039	0.043
0.001	0.717	0.251	0.031
0.081	0.001	0.001	0.917
0.001	0.921	0.077	0.001
0.073	0.074	0.081	0.772
>TGTGGCATTA	13-TGTGGCATTA	10.296193	-12.520638	0	T:4.0(3.96%),B:37.0(0.09%),P:1e-5	Tpos:317.8,Tstd:369.3,Bpos:526.6,Bstd:286.1,StrandBias:0.0,Multiplicity:1.00
0.100	0.100	0.100	0.700
0.100	0.100	0.700	0.100
0.100	0.100	0.100	0.700
0.100	0.100	0.700	0.100
0.100	0.100	0.700	0.100
0.100	0.700	0.100	0.100
0.700	0.100	0.100	0.100
0.100	0.100	0.100	0.700
0.100	0.100	0.100	0.700
0.700	0.100	0.100	0.100
>GCAKCTTGST	14-GCAKCTTGST	9.431247	-11.191929	0	T:10.0(9.90%),B:702.4(1.77%),P:1e-4	Tpos:376.8,Tstd:197.3,Bpos:466.2,Bstd:317.2,StrandBias:-1.7,Multiplicity:1.70
0.001	0.001	0.997	0.001
0.001	0.997	0.001	0.001
0.748	0.001	0.250	0.001
0.157	0.001	0.436	0.406
0.001	0.997	0.001	0.001
0.246	0.001	0.001	0.752
0.001	0.001	0.369	0.629
0.001	0.001	0.997	0.001
0.001	0.438	0.422	0.138
0.001	0.001	0.001	0.997
>CTGTCTAAAA	15-CTGTCTAAAA	9.637560	-11.002561	0	T:22.0(21.78%),B:3219.9(8.09%),P:1e-4	Tpos:477.4,Tstd:228.5,Bpos:503.6,Bstd:327.0,StrandBias:-0.8,Multiplicity:1.27
0.039	0.890	0.001	0.070
0.064	0.001	0.001	0.934
0.058	0.047	0.894	0.001
0.071	0.072	0.106	0.751
0.047	0.887	0.001	0.065
0.192	0.001	0.062	0.745
0.958	0.001	0.040	0.001
0.997	0.001	0.001	0.001
0.997	0.001	0.001	0.001
0.997	0.001	0.001	0.001
>GTGTGGAWTT	16-GTGTGGAWTT	6.709095	-10.809254	0	T:18.0(17.82%),B:2306.5(5.80%),P:1e-4	Tpos:454.9,Tstd:267.1,Bpos:519.4,Bstd:334.2,StrandBias:-1.2,Multiplicity:1.67
0.204	0.214	0.367	0.215
0.081	0.004	0.319	0.596
0.158	0.137	0.524	0.181
0.093	0.113	0.072	0.722
0.399	0.001	0.598	0.002
0.205	0.218	0.390	0.187
0.593	0.001	0.114	0.292
0.277	0.068	0.247	0.408
0.108	0.001	0.132	0.759
0.246	0.262	0.005	0.487
>CATCCGGTTT	17-CATCCGGTTT	6.609792	-9.014635	0	T:42.0(41.58%),B:9747.7(24.50%),P:1e-3	Tpos:509.6,Tstd:302.0,Bpos:509.9,Bstd:322.1,StrandBias:0.0,Multiplicity:1.22
0.028	0.790	0.120	0.062
0.690	0.107	0.104	0.099
0.087	0.103	0.051	0.759
0.103	0.810	0.037	0.050
0.055	0.657	0.125	0.163
0.059	0.062	0.801	0.078
0.007	0.357	0.635	0.001
0.100	0.039	0.021	0.840
0.104	0.046	0.044	0.806
0.080	0.024	0.049	0.847
>TCTTAAGATT	18-TCTTAAGATT	9.453236	-7.401541	0	T:36.0(35.64%),B:8436.4(21.21%),P:1e-3	Tpos:438.6,Tstd:253.8,Bpos:498.0,Bstd:320.8,StrandBias:0.0,Multiplicity:1.46
0.001	0.078	0.056	0.865
0.001	0.675	0.006	0.318
0.044	0.001	0.130	0.825
0.061	0.001	0.043	0.895
0.783	0.161	0.001	0.055
0.676	0.006	0.001	0.317
0.385	0.009	0.605	0.001
0.997	0.001	0.001	0.001
0.200	0.061	0.006	0.733
0.002	0.041	0.036	0.921
>AAGGATGGTG	19-AAGGATGGTG	11.638589	-5.957903	0	T:3.0(2.97%),B:104.7(0.26%),P:1e-2	Tpos:334.2,Tstd:153.5,Bpos:465.2,Bstd:300.5,StrandBias:1.0,Multiplicity:2.00
0.814	0.001	0.001	0.184
0.997	0.001	0.001	0.001
0.001	0.001	0.997	0.001
0.001	0.001	0.997	0.001
0.602	0.001	0.001	0.396
0.001	0.001	0.001	0.997
0.001	0.001	0.997	0.001
0.001	0.001	0.997	0.001
0.001	0.001	0.001	0.997
0.001	0.001	0.997	0.001
>GAGCTAAACG	20-GAGCTAAACG	12.226464	-5.523540	0	T:2.0(1.98%),B:35.1(0.09%),P:1e-2	Tpos:317.6,Tstd:205.3,Bpos:617.0,Bstd:338.4,StrandBias:-10.0,Multiplicity:5.00
0.001	0.001	0.997	0.001
0.997	0.001	0.001	0.001
0.001	0.001	0.798	0.200
0.001	0.997	0.001	0.001
0.001	0.001	0.001	0.997
0.997	0.001	0.001	0.001
0.997	0.001	0.001	0.001
0.997	0.001	0.001	0.001
0.001	0.997	0.001	0.001
0.001	0.001	0.997	0.001
>GCCTATTYCT	21-GCCTATTYCT	9.262603	-5.510091	0	T:8.0(7.92%),B:996.5(2.50%),P:1e-2	Tpos:389.6,Tstd:263.7,Bpos:507.9,Bstd:321.2,StrandBias:3.2,Multiplicity:2.50
0.084	0.115	0.800	0.001
0.001	0.997	0.001	0.001
0.001	0.742	0.256	0.001
0.001	0.082	0.202	0.715
0.827	0.078	0.094	0.001
0.001	0.001	0.001	0.997
0.253	0.001	0.089	0.657
0.001	0.553	0.001	0.445
0.001	0.997	0.001	0.001
0.001	0.155	0.001	0.843
>CAGCCAATCA	22-CAGCCAATCA	13.696986	-4.289503	0	T:2.0(1.98%),B:68.4(0.17%),P:1e-1	Tpos:249.2,Tstd:108.6,Bpos:544.3,Bstd:319.5,StrandBias:3.3,Multiplicity:5.50
0.001	0.997	0.001	0.001
0.997	0.001	0.001	0.001
0.001	0.001	0.997	0.001
0.001	0.997	0.001	0.001
0.001	0.930	0.068	0.001
0.997	0.001	0.001	0.001
0.997	0.001	0.001	0.001
0.001	0.001	0.001	0.997
0.001	0.997	0.001	0.001
0.933	0.001	0.065	0.001
>CCGAACAACC	23-CCGAACAACC	10.296193	-2.680050	0	T:1.0(0.99%),B:27.6(0.07%),P:1e-1	Tpos:341.0,Tstd:181.1,Bpos:506.3,Bstd:300.0,StrandBias:10.0,Multiplicity:4.00
0.100	0.700	0.100	0.100
0.100	0.700	0.100	0.100
0.100	0.100	0.700	0.100
0.700	0.100	0.100	0.100
0.700	0.100	0.100	0.100
0.100	0.700	0.100	0.100
0.700	0.100	0.100	0.100
0.700	0.100	0.100	0.100
0.100	0.700	0.100	0.100
0.100	0.700	0.100	0.100
>TTGWCGCMMAAA	1-TTGWCGCMMAAA	10.906191	-25.072328	0	T:10.0(9.90%),B:152.8(0.38%),P:1e-10	Tpos:659.5,Tstd:282.2,Bpos:513.7,Bstd:311.0,StrandBias:1.4,Multiplicity:1.10
0.001	0.001	0.001	0.997
0.001	0.001	0.416	0.582
0.001	0.003	0.995	0.001
0.514	0.001	0.001	0.484
0.001	0.997	0.001	0.001
0.001	0.001	0.953	0.045
0.001	0.997	0.001	0.001
0.533	0.463	0.003	0.001
0.461	0.534	0.001	0.004
0.997	0.001	0.001	0.001
0.997	0.001	0.001	0.001
0.996	0.001	0.001	0.002
>TCAGATGCAAAA	2-TCAGATGCAAAA	12.439648	-23.475266	0	T:11.0(10.89%),B:247.6(0.62%),P:1e-10	Tpos:649.4,Tstd:274.1,Bpos:515.5,Bstd:306.2,StrandBias:-1.4,Multiplicity:1.00
0.001	0.001	0.001	0.997
0.001	0.859	0.139	0.001
0.997	0.001	0.001	0.001
0.090	0.001	0.908	0.001
0.903	0.095	0.001	0.001
0.001	0.170	0.001	0.828
0.001	0.283	0.715	0.001
0.001	0.883	0.115	0.001
0.997	0.001	0.001	0.001
0.997	0.001	0.001	0.001
0.997	0.001	0.001	0.001
0.997	0.001	0.001	0.001
>TTTGTCGACTGT	3-TTTGTCGACTGT	13.740083	-23.166717	0	T:7.0(6.93%),B:47.5(0.12%),P:1e-10	Tpos:418.7,Tstd:375.2,Bpos:490.2,Bstd:284.8,StrandBias:0.4,Multiplicity:1.00
0.001	0.001	0.001	0.997
0.001	0.001	0.208	0.790
0.001	0.001	0.001	0.997
0.001	0.001	0.868	0.130
0.001	0.001	0.001	0.997
0.001	0.997	0.001	0.001
0.001	0.001	0.997	0.001
0.997	0.001	0.001	0.001
0.001	0.997	0.001	0.001
0.001	0.001	0.001	0.997
0.001	0.182	0.684	0.133
0.001	0.001	0.192	0.806
>AAATGRAAGCTG	4-AAATGRAAGCTG	10.393251	-20.880126	0	T:13.0(12.87%),B:511.6(1.29%),P:1e-9	Tpos:563.9,Tstd:297.3,Bpos:543.0,Bstd:310.4,StrandBias:-0.4,Multiplicity:1.08
0.726	0.001	0.272	0.001
0.997	0.001	0.001	0.001
0.569	0.151	0.279	0.001
0.222	0.001	0.001	0.776
0.001	0.001	0.997	0.001
0.538	0.001	0.460	0.001
0.997	0.001	0.001	0.001
0.997	0.001	0.001	0.001
0.001	0.291	0.707	0.001
0.001	0.997	0.001	0.001
0.001	0.001	0.001	0.997
0.001	0.247	0.751	0.001
>TATTCGGAAATT	5-TATTCGGAAATT	12.918606	-20.400087	0	T:10.0(9.90%),B:251.4(0.63%),P:1e-8	Tpos:549.0,Tstd:242.6,Bpos:501.3,Bstd:329.3,StrandBias:0.3,Multiplicity:1.10
0.063	0.001	0.001	0.935
0.964	0.001	0.001	0.034
0.092	0.001	0.001	0.906
0.179	0.001	0.001	0.819
0.001	0.997	0.001	0.001
0.001	0.001	0.997	0.001
0.129	0.117	0.753	0.001
0.997	0.001	0.001	0.001
0.833	0.001	0.165	0.001
0.997	0.001	0.001	0.001
0.001	0.001	0.001	0.997
0.001	0.001	0.125	0.873
>TTTAAAATTTTA	6-TTTAAAATTTTA	12.326105	-18.824829	0	T:23.0(22.77%),B:2210.5(5.56%),P:1e-8	Tpos:410.0,Tstd:282.3,Bpos:501.2,Bstd:313.2,StrandBias:-0.1,Multiplicity:1.09
0.035	0.001	0.054	0.910
0.001	0.001	0.104	0.894
0.001	0.015	0.017	0.967
0.971	0.011	0.001	0.017
0.897	0.054	0.001	0.048
0.997	0.001	0.001	0.001
0.939	0.037	0.001	0.023
0.024	0.001	0.033	0.942
0.001	0.057	0.001	0.941
0.001	0.115	0.048	0.836
0.001	0.015	0.098	0.886
0.911	0.001	0.015	0.073
>AAATAAAGSCAM	7-AAATAAAGSCAM	11.584562	-18.161017	0	T:10.0(9.90%),B:320.5(0.81%),P:1e-7	Tpos:389.9,Tstd:371.0,Bpos:489.1,Bstd:321.0,StrandBias:-1.4,Multiplicity:1.10
0.616	0.382	0.001	0.001
0.997	0.001	0.001	0.001
0.997	0.001	0.001	0.001
0.001	0.001	0.001	0.997
0.870	0.001	0.128	0.001
0.817	0.181	0.001	0.001
0.684	0.173	0.001	0.142
0.001	0.217	0.781	0.001
0.001	0.496	0.502	0.001
0.001	0.997	0.001	0.001
0.997	0.001	0.001	0.001
0.568	0.430	0.001	0.001
>ATTGCTGAAAAA	8-ATTGCTGAAAAA	12.511556	-17.871697	0	T:17.0(16.83%),B:1238.5(3.11%),P:1e-7	Tpos:378.5,Tstd:224.8,Bpos:518.1,Bstd:340.7,StrandBias:0.1,Multiplicity:1.24
0.958	0.001	0.001	0.040
0.001	0.104	0.001	0.894
0.001	0.001	0.195	0.803
0.001	0.001	0.935	0.063
0.001	0.754	0.001	0.244
0.164	0.105	0.001	0.730
0.001	0.001	0.997	0.001
0.997	0.001	0.001	0.001
0.997	0.001	0.001	0.001
0.997	0.001	0.001	0.001
0.997	0.001	0.001	0.001
0.997	0.001	0.001	0.001
>ATCSGCCTATAT	9-ATCSGCCTATAT	11.882663	-15.415837	0	T:5.0(4.95%),B:46.1(0.12%),P:1e-6	Tpos:479.9,Tstd:331.8,Bpos:493.3,Bstd:311.4,StrandBias:10.0,Multiplicity:1.40
0.836	0.162	0.001	0.001
0.001	0.001	0.218	0.780
0.001	0.780	0.001	0.218
0.001	0.418	0.387	0.194
0.168	0.219	0.612	0.001
0.001	0.805	0.001	0.193
0.001	0.997	0.001	0.001
0.001	0.001	0.001	0.997
0.997	0.001	0.001	0.001
0.001	0.001	0.001	0.997
0.836	0.001	0.001	0.162
0.001	0.001	0.001	0.997
>CTGCCTAAWAAC	10-CTGCCTAAWAAC	12.487327	-14.264541	0	T:5.0(4.95%),B:59.2(0.15%),P:1e-6	Tpos:413.9,Tstd:255.8,Bpos:480.8,Bstd:292.9,StrandBias:0.7,Multiplicity:1.60
0.001	0.997	0.001	0.001
0.001	0.001	0.001	0.997
0.250	0.001	0.748	0.001
0.001	0.997	0.001	0.001
0.001	0.997	0.001	0.001
0.001	0.001	0.319	0.679
0.997	0.001	0.001	0.001
0.997	0.001	0.001	0.001
0.516	0.068	0.001	0.415
0.997	0.001	0.001	0.001
0.997	0.001	0.001	0.001
0.001	0.997	0.001	0.001
>AACAAAACTAGT	11-AACAAAACTAGT	16.444353	-14.093948	0	T:4.0(3.96%),B:24.6(0.06%),P:1e-6	Tpos:682.5,Tstd:167.4,Bpos:641.1,Bstd:193.4,StrandBias:0.0,Multiplicity:1.00
0.997	0.001	0.001	0.001
0.997	0.001	0.001	0.001
0.001	0.981	0.001	0.017
0.997	0.001	0.001	0.001
0.997	0.001	0.001	0.001
0.997	0.001	0.001	0.001
0.975	0.001	0.001	0.023
0.001	0.997	0.001	0.001
0.087	0.001	0.001	0.911
0.997	0.001	0.001	0.001
0.001	0.001	0.997	0.001
0.001	0.027	0.001	0.971
>GATADAGATCTA	12-GATADAGATCTA	12.588602	-13.536580	0	T:5.0(4.95%),B:69.5(0.17%),P:1e-5	Tpos:325.0,Tstd:252.7,Bpos:487.4,Bstd:275.1,StrandBias:0.7,Multiplicity:1.60
0.340	0.001	0.658	0.001
0.997	0.001	0.001	0.001
0.001	0.001	0.001	0.997
0.697	0.301	0.001	0.001
0.302	0.056	0.302	0.341
0.697	0.301	0.001	0.001
0.001	0.001	0.997	0.001
0.997	0.001	0.001	0.001
0.001	0.001	0.001	0.997
0.001	0.997	0.001	0.001
0.001	0.001	0.001	0.997
0.997	0.001	0.001	0.001
>TCTGCCGAACCA	13-TCTGCCGAACCA	12.544834	-13.411258	0	T:4.0(3.96%),B:29.4(0.07%),P:1e-5	Tpos:575.0,Tstd:160.1,Bpos:535.1,Bstd:315.1,StrandBias:1.6,Multiplicity:1.00
0.001	0.001	0.357	0.641
0.001	0.997	0.001	0.001
0.045	0.301	0.001	0.653
0.001	0.001	0.997	0.001
0.001	0.658	0.340	0.001
0.001	0.953	0.001	0.045
0.301	0.001	0.697	0.001
0.997	0.001	0.001	0.001
0.651	0.001	0.347	0.001
0.001	0.697	0.001	0.301
0.311	0.687	0.001	0.001
0.997	0.001	0.001	0.001
>GTGTGGATTTAC	14-GTGTGGATTTAC	9.001493	-12.082649	0	T:20.0(19.80%),B:2539.2(6.38%),P:1e-5	Tpos:458.9,Tstd:233.5,Bpos:514.6,Bstd:322.6,StrandBias:-0.9,Multiplicity:1.80
0.040	0.056	0.880	0.024
0.001	0.077	0.003	0.919
0.152	0.001	0.646	0.201
0.101	0.001	0.001	0.897
0.382	0.001	0.573	0.044
0.319	0.037	0.580	0.064
0.808	0.001	0.001	0.190
0.052	0.001	0.001	0.946
0.041	0.001	0.139	0.819
0.087	0.077	0.001	0.835
0.661	0.001	0.224	0.114
0.001	0.817	0.181	0.001
>GAGTTTTGGGCT	15-GAGTTTTGGGCT	14.350697	-10.805798	0	T:3.0(2.97%),B:18.1(0.05%),P:1e-4	Tpos:283.3,Tstd:167.5,Bpos:514.6,Bstd:316.6,StrandBias:-2.3,Multiplicity:2.00
0.001	0.001	0.997	0.001
0.997	0.001	0.001	0.001
0.001	0.001	0.997	0.001
0.001	0.001	0.001	0.997
0.001	0.001	0.001	0.997
0.001	0.001	0.001	0.997
0.001	0.001	0.001	0.997
0.197	0.001	0.801	0.001
0.001	0.001	0.801	0.197
0.001	0.001	0.835	0.163
0.001	0.997	0.001	0.001
0.001	0.001	0.001	0.997
>AAATGTATTTCA	16-AAATGTATTTCA	10.409522	-10.300437	0	T:15.0(14.85%),B:1731.1(4.35%),P:1e-4	Tpos:578.9,Tstd:208.5,Bpos:504.0,Bstd:320.2,StrandBias:0.2,Multiplicity:1.00
0.700	0.100	0.100	0.100
0.700	0.100	0.100	0.100
0.700	0.100	0.100	0.100
0.100	0.100	0.100	0.700
0.100	0.100	0.700	0.100
0.100	0.100	0.100	0.700
0.700	0.100	0.100	0.100
0.100	0.100	0.100	0.700
0.100	0.100	0.100	0.700
0.100	0.100	0.100	0.700
0.100	0.700	0.100	0.100
0.700	0.100	0.100	0.100
>AGCTCAAGAGGC	17-AGCTCAAGAGGC	12.805464	-9.416344	0	T:3.0(2.97%),B:30.6(0.08%),P:1e-4	Tpos:469.9,Tstd:259.0,Bpos:453.2,Bstd:342.4,StrandBias:2.6,Multiplicity:2.33
0.658	0.001	0.340	0.001
0.001	0.001	0.997	0.001
0.001	0.736	0.001	0.262
0.001	0.001	0.001	0.997
0.001	0.997	0.001	0.001
0.658	0.340	0.001	0.001
0.997	0.001	0.001	0.001
0.001	0.001	0.997	0.001
0.997	0.001	0.001	0.001
0.001	0.396	0.602	0.001
0.001	0.340	0.658	0.001
0.001	0.997	0.001	0.001
>GSCTTCATCTCC	18-GSCTTCATCTCC	12.034791	-8.706306	0	T:5.0(4.95%),B:196.7(0.49%),P:1e-3	Tpos:304.4,Tstd:189.0,Bpos:511.1,Bstd:314.8,StrandBias:-0.6,Multiplicity:2.00
0.389	0.001	0.609	0.001
0.001	0.436	0.354	0.209
0.001	0.997	0.001	0.001
0.179	0.001	0.001	0.819
0.001	0.001	0.001	0.997
0.001	0.997	0.001	0.001
0.859	0.001	0.001	0.139
0.226	0.001	0.001	0.772
0.001	0.997	0.001	0.001
0.001	0.001	0.001	0.997
0.209	0.789	0.001	0.001
0.131	0.867	0.001	0.001
>GGTGCTGCAGCT	19-GGTGCTGCAGCT	11.692159	-8.482578	0	T:3.0(2.97%),B:42.6(0.11%),P:1e-3	Tpos:369.5,Tstd:287.9,Bpos:389.0,Bstd:338.5,StrandBias:1.0,Multiplicity:2.00
0.001	0.001	0.997	0.001
0.044	0.124	0.831	0.001
0.001	0.001	0.001	0.997
0.001	0.001	0.997	0.001
0.001	0.997	0.001	0.001
0.001	0.001	0.001	0.997
0.001	0.167	0.831	0.001
0.001	0.997	0.001	0.001
0.997	0.001	0.001	0.001
0.001	0.001	0.997	0.001
0.001	0.997	0.001	0.001
0.001	0.001	0.001	0.997
>GTAGCTCCGCCT	20-GTAGCTCCGCCT	14.590113	-7.334593	0	T:2.0(1.98%),B:13.9(0.03%),P:1e-3	Tpos:325.7,Tstd:240.7,Bpos:700.4,Bstd:217.1,StrandBias:2.6,Multiplicity:3.50
0.001	0.001	0.831	0.167
0.001	0.001	0.001	0.997
0.997	0.001	0.001	0.001
0.053	0.001	0.939	0.007
0.105	0.893	0.001	0.001
0.001	0.001	0.001	0.997
0.001	0.997	0.001	0.001
0.001	0.946	0.001	0.052
0.001	0.001	0.997	0.001
0.001	0.997	0.001	0.001
0.001	0.997	0.001	0.001
0.001	0.001	0.001	0.997
>AATTAATTTTGG	21-AATTAATTTTGG	14.304050	-6.719262	0	T:3.0(2.97%),B:79.2(0.20%),P:1e-2	Tpos:189.1,Tstd:260.4,Bpos:544.1,Bstd:324.7,StrandBias:0.4,Multiplicity:2.00
0.997	0.001	0.001	0.001
0.997	0.001	0.001	0.001
0.001	0.001	0.001	0.997
0.001	0.001	0.001	0.997
0.997	0.001	0.001	0.001
0.997	0.001	0.001	0.001
0.001	0.001	0.001	0.997
0.001	0.001	0.200	0.798
0.001	0.001	0.001	0.997
0.001	0.137	0.001	0.861
0.085	0.001	0.913	0.001
0.001	0.001	0.997	0.001
>CTCAGCCAATCA	22-CTCAGCCAATCA	16.508171	-5.978560	0	T:1.0(0.99%),B:0.0(0.00%),P:1e-2	Tpos:252.2,Tstd:113.1,Bpos:0.0,Bstd:0.0,StrandBias:10.0,Multiplicity:10.00
0.001	0.997	0.001	0.001
0.001	0.001	0.001	0.997
0.001	0.997	0.001	0.001
0.997	0.001	0.001	0.001
0.001	0.001	0.997	0.001
0.001	0.997	0.001	0.001
0.001	0.997	0.001	0.001
0.997	0.001	0.001	0.001
0.997	0.001	0.001	0.001
0.001	0.001	0.001	0.997
0.001	0.997	0.001	0.001
0.910	0.001	0.088	0.001
>AGAGKCTGCCCC	23-AGAGKCTGCCCC	15.545496	-5.978560	0	T:1.0(0.99%),B:0.0(0.00%),P:1e-2	Tpos:288.4,Tstd:177.8,Bpos:0.0,Bstd:0.0,StrandBias:10.0,Multiplicity:5.00
0.997	0.001	0.001	0.001
0.001	0.001	0.997	0.001
0.997	0.001	0.001	0.001
0.001	0.001	0.997	0.001
0.001	0.001	0.499	0.499
0.001	0.997	0.001	0.001
0.001	0.166	0.001	0.832
0.001	0.001	0.997	0.001
0.001	0.832	0.001	0.166
0.001	0.997	0.001	0.001
0.001	0.997	0.001	0.001
0.001	0.997	0.001	0.001
>CGTTTAGCTCCG	24-CGTTTAGCTCCG	15.643152	-5.978560	0	T:1.0(0.99%),B:0.0(0.00%),P:1e-2	Tpos:422.0,Tstd:0.0,Bpos:0.0,Bstd:0.0,StrandBias:10.0,Multiplicity:1.00
0.001	0.997	0.001	0.001
0.001	0.001	0.997	0.001
0.001	0.001	0.001	0.997
0.001	0.001	0.001	0.997
0.001	0.001	0.001	0.997
0.997	0.001	0.001	0.001
0.234	0.001	0.500	0.265
0.234	0.764	0.001	0.001
0.001	0.001	0.001	0.997
0.001	0.997	0.001	0.001
0.001	0.997	0.001	0.001
0.001	0.001	0.997	0.001
>AGARSARGCCGC	25-AGARSARGCCGC	14.427667	-3.006577	0	T:1.0(0.99%),B:19.1(0.05%),P:1e-1	Tpos:337.0,Tstd:70.9,Bpos:557.3,Bstd:364.8,StrandBias:10.0,Multiplicity:3.00
0.997	0.001	0.001	0.001
0.001	0.001	0.997	0.001
0.997	0.001	0.001	0.001
0.457	0.001	0.457	0.085
0.001	0.456	0.542	0.001
0.997	0.001	0.001	0.001
0.542	0.001	0.456	0.001
0.001	0.001	0.997	0.001
0.001	0.997	0.001	0.001
0.001	0.997	0.001	0.001
0.001	0.001	0.997	0.001
0.001	0.997	0.001	0.001
>KGTGTARA	1-KGTGTARA	9.656974	-13.702355	0	T:22.0(21.78%),B:2718.7(6.83%),P:1e-5	Tpos:457.9,Tstd:279.9,Bpos:509.1,Bstd:323.8,StrandBias:-1.2,Multiplicity:1.23
0.001	0.001	0.531	0.467
0.001	0.001	0.997	0.001
0.001	0.001	0.001	0.997
0.001	0.001	0.997	0.001
0.001	0.001	0.001	0.997
0.997	0.001	0.001	0.001
0.478	0.001	0.520	0.001
0.997	0.001	0.001	0.001
>TGTGACTG	2-TGTGACTG	8.841523	-12.733828	0	T:19.0(18.81%),B:2212.1(5.56%),P:1e-5	Tpos:656.9,Tstd:226.8,Bpos:496.8,Bstd:314.8,StrandBias:-0.4,Multiplicity:1.11
0.001	0.001	0.001	0.997
0.236	0.001	0.762	0.001
0.001	0.001	0.001	0.997
0.001	0.001	0.997	0.001
0.997	0.001	0.001	0.001
0.001	0.997	0.001	0.001
0.141	0.035	0.001	0.823
0.001	0.001	0.997	0.001
>TATACGGA	3-TATACGGA	10.869651	-11.884047	0	T:9.0(8.91%),B:507.4(1.28%),P:1e-5	Tpos:586.3,Tstd:279.6,Bpos:472.9,Bstd:336.8,StrandBias:-3.0,Multiplicity:1.00
0.001	0.001	0.001	0.997
0.997	0.001	0.001	0.001
0.001	0.001	0.001	0.997
0.997	0.001	0.001	0.001
0.001	0.997	0.001	0.001
0.001	0.179	0.819	0.001
0.001	0.001	0.997	0.001
0.997	0.001	0.001	0.001
>CGGGCTTC	4-CGGGCTTC	8.430497	-10.173534	0	T:11.0(10.89%),B:965.8(2.43%),P:1e-4	Tpos:591.5,Tstd:320.3,Bpos:500.2,Bstd:313.2,StrandBias:0.5,Multiplicity:1.09
0.001	0.997	0.001	0.001
0.001	0.001	0.997	0.001
0.001	0.001	0.577	0.421
0.001	0.218	0.598	0.183
0.001	0.763	0.235	0.001
0.001	0.014	0.402	0.583
0.001	0.001	0.331	0.667
0.001	0.997	0.001	0.001
>GAGTCAGC	5-GAGTCAGC	8.415734	-9.620591	0	T:15.0(14.85%),B:1839.0(4.62%),P:1e-4	Tpos:457.0,Tstd:237.4,Bpos:533.1,Bstd:327.9,StrandBias:0.0,Multiplicity:1.29
0.001	0.001	0.997	0.001
0.997	0.001	0.001	0.001
0.001	0.001	0.997	0.001
0.312	0.001	0.215	0.472
0.001	0.997	0.001	0.001
0.799	0.001	0.001	0.199
0.253	0.001	0.745	0.001
0.001	0.997	0.001	0.001
>AACCCACA	6-AACCCACA	7.548745	-7.770184	0	T:34.0(33.66%),B:7633.0(19.19%),P:1e-3	Tpos:515.3,Tstd:292.1,Bpos:509.7,Bstd:324.4,StrandBias:1.4,Multiplicity:1.38
0.809	0.001	0.189	0.001
0.997	0.001	0.001	0.001
0.251	0.654	0.001	0.094
0.001	0.997	0.001	0.001
0.001	0.936	0.001	0.062
0.696	0.001	0.177	0.126
0.001	0.997	0.001	0.001
0.590	0.168	0.001	0.241
>CCGAGGGT	7-CCGAGGGT	8.236954	-5.520159	0	T:3.0(2.97%),B:122.3(0.31%),P:1e-2	Tpos:619.2,Tstd:292.7,Bpos:527.6,Bstd:319.2,StrandBias:-0.6,Multiplicity:1.67
0.100	0.700	0.100	0.100
0.100	0.700	0.100	0.100
0.100	0.100	0.700	0.100
0.700	0.100	0.100	0.100
0.100	0.100	0.700	0.100
0.100	0.100	0.700	0.100
0.100	0.100	0.700	0.100
0.100	0.100	0.100	0.700
>GCCCCAGC	8-GCCCCAGC	5.243403	-5.225248	0	T:45.0(44.55%),B:12706.5(31.94%),P:1e-2	Tpos:449.2,Tstd:278.0,Bpos:505.0,Bstd:316.6,StrandBias:0.4,Multiplicity:1.69
0.216	0.033	0.726	0.025
0.216	0.665	0.024	0.095
0.001	0.858	0.042	0.099
0.001	0.666	0.262	0.071
0.103	0.748	0.064	0.085
0.653	0.095	0.049	0.203
0.001	0.026	0.809	0.164
0.083	0.915	0.001	0.001
>GCTAACCG	9-GCTAACCG	8.374489	-5.212981	0	T:7.0(6.93%),B:829.4(2.08%),P:1e-2	Tpos:363.1,Tstd:204.2,Bpos:503.0,Bstd:324.7,StrandBias:-1.3,Multiplicity:2.00
0.024	0.017	0.855	0.104
0.001	0.604	0.001	0.394
0.001	0.147	0.082	0.770
0.830	0.106	0.063	0.001
0.823	0.001	0.124	0.052
0.322	0.664	0.006	0.008
0.051	0.909	0.001	0.039
0.001	0.166	0.832	0.001
>ATAGGCGG	10-ATAGGCGG	8.897765	-3.614638	0	T:5.0(4.95%),B:659.0(1.66%),P:1e-1	Tpos:254.8,Tstd:222.5,Bpos:531.7,Bstd:321.4,StrandBias:-2.8,Multiplicity:3.20
0.997	0.001	0.001	0.001
0.001	0.001	0.001	0.997
0.997	0.001	0.001	0.001
0.001	0.001	0.997	0.001
0.001	0.001	0.997	0.001
0.001	0.997	0.001	0.001
0.001	0.114	0.884	0.001
0.001	0.001	0.997	0.001
>TGATTGGC	11-TGATTGGC	8.236954	-2.791346	0	T:5.0(4.95%),B:830.2(2.09%),P:1e-1	Tpos:284.8,Tstd:149.8,Bpos:483.7,Bstd:316.3,StrandBias:-1.1,Multiplicity:3.20
0.100	0.100	0.100	0.700
0.100	0.100	0.700	0.100
0.700	0.100	0.100	0.100
0.100	0.100	0.100	0.700
0.100	0.100	0.100	0.700
0.100	0.100	0.700	0.100
0.100	0.100	0.700	0.100
0.100	0.700	0.100	0.100
