>TACAAAATTTCT	1-TACAAAATTTCT	12.216211	-25.531089	0	T:17.0(16.35%),B:650.1(1.80%),P:1e-11	Tpos:495.8,Tstd:231.0,Bpos:514.1,Bstd:299.9,StrandBias:-0.2,Multiplicity:1.00
0.181	0.041	0.001	0.777
0.827	0.087	0.001	0.085
0.075	0.883	0.041	0.001
0.856	0.001	0.142	0.001
0.997	0.001	0.001	0.001
0.997	0.001	0.001	0.001
0.952	0.001	0.001	0.046
0.001	0.001	0.169	0.829
0.001	0.001	0.001	0.997
0.001	0.001	0.001	0.997
0.001	0.825	0.173	0.001
0.091	0.001	0.119	0.789
>TTTCTTTGTTTT	2-TTTCTTTGTTTT	12.254880	-24.568125	0	T:33.0(31.73%),B:3101.7(8.59%),P:1e-10	Tpos:568.5,Tstd:288.6,Bpos:536.9,Bstd:354.4,StrandBias:0.8,Multiplicity:1.12
0.001	0.047	0.060	0.892
0.001	0.001	0.001	0.997
0.054	0.001	0.001	0.944
0.001	0.997	0.001	0.001
0.052	0.033	0.037	0.878
0.034	0.001	0.001	0.964
0.001	0.017	0.024	0.958
0.075	0.071	0.671	0.183
0.001	0.047	0.039	0.913
0.001	0.001	0.001	0.997
0.052	0.001	0.068	0.879
0.048	0.037	0.001	0.914
>GTGTAATTGAGT	3-GTGTAATTGAGT	13.759873	-23.973701	0	T:7.0(6.73%),B:36.2(0.10%),P:1e-10	Tpos:412.3,Tstd:183.0,Bpos:597.0,Bstd:274.6,StrandBias:-1.3,Multiplicity:1.00
0.001	0.001	0.997	0.001
0.001	0.001	0.001	0.997
0.001	0.001	0.997	0.001
0.001	0.001	0.001	0.997
0.997	0.001	0.001	0.001
0.645	0.198	0.156	0.001
0.001	0.001	0.197	0.801
0.001	0.001	0.001	0.997
0.001	0.001	0.997	0.001
0.863	0.135	0.001	0.001
0.001	0.001	0.997	0.001
0.170	0.001	0.001	0.828
>TTTTCCGGTATT	4-TTTTCCGGTATT	12.734351	-23.609121	0	T:12.0(11.54%),B:281.9(0.78%),P:1e-10	Tpos:434.0,Tstd:283.2,Bpos:504.6,Bstd:349.5,StrandBias:0.7,Multiplicity:1.08
0.001	0.129	0.001	0.869
0.001	0.001	0.001	0.997
0.001	0.001	0.001	0.997
0.001	0.001	0.001	0.997
0.001	0.863	0.135	0.001
0.059	0.868	0.001	0.072
0.001	0.001	0.997	0.001
0.232	0.079	0.608	0.081
0.001	0.001	0.001	0.997
0.997	0.001	0.001	0.001
0.001	0.124	0.001	0.874
0.001	0.001	0.001	0.997
>AGAAAATTATYG	5-AGAAAATTATYG	13.453890	-23.487641	0	T:10.0(9.62%),B:158.7(0.44%),P:1e-10	Tpos:595.1,Tstd:191.2,Bpos:525.4,Bstd:353.5,StrandBias:-1.4,Multiplicity:1.10
0.927	0.001	0.001	0.071
0.052	0.001	0.946	0.001
0.997	0.001	0.001	0.001
0.997	0.001	0.001	0.001
0.997	0.001	0.001	0.001
0.997	0.001	0.001	0.001
0.001	0.001	0.001	0.997
0.001	0.001	0.124	0.874
0.997	0.001	0.001	0.001
0.001	0.001	0.120	0.878
0.105	0.461	0.001	0.434
0.001	0.001	0.997	0.001
>ATTCAATGTGAA	6-ATTCAATGTGAA	10.601536	-22.691588	0	T:19.0(18.27%),B:1026.7(2.84%),P:1e-9	Tpos:458.2,Tstd:270.4,Bpos:511.1,Bstd:311.4,StrandBias:-0.7,Multiplicity:1.11
0.794	0.031	0.058	0.117
0.053	0.001	0.041	0.905
0.001	0.001	0.001	0.997
0.113	0.778	0.017	0.092
0.702	0.102	0.195	0.001
0.857	0.001	0.103	0.039
0.018	0.039	0.001	0.942
0.026	0.032	0.837	0.105
0.001	0.078	0.001	0.920
0.292	0.001	0.600	0.107
0.778	0.071	0.121	0.030
0.896	0.002	0.063	0.039
>GAAGCCAATCGA	7-GAAGCCAATCGA	12.566091	-20.420667	0	T:7.0(6.73%),B:63.9(0.18%),P:1e-8	Tpos:552.5,Tstd:269.2,Bpos:576.2,Bstd:327.6,StrandBias:0.7,Multiplicity:1.14
0.195	0.230	0.574	0.001
0.738	0.260	0.001	0.001
0.818	0.001	0.001	0.180
0.115	0.001	0.636	0.248
0.001	0.608	0.001	0.390
0.167	0.831	0.001	0.001
0.997	0.001	0.001	0.001
0.997	0.001	0.001	0.001
0.001	0.001	0.001	0.997
0.001	0.997	0.001	0.001
0.001	0.001	0.997	0.001
0.997	0.001	0.001	0.001
>ATCGTTCTTTTC	8-ATCGTTCTTTTC	13.842536	-20.386665	0	T:8.0(7.69%),B:105.9(0.29%),P:1e-8	Tpos:763.0,Tstd:193.3,Bpos:531.1,Bstd:358.1,StrandBias:3.0,Multiplicity:1.12
0.870	0.001	0.001	0.128
0.001	0.001	0.001	0.997
0.001	0.997	0.001	0.001
0.001	0.001	0.997	0.001
0.001	0.151	0.001	0.847
0.001	0.001	0.001	0.997
0.001	0.997	0.001	0.001
0.001	0.001	0.182	0.816
0.001	0.124	0.001	0.874
0.001	0.001	0.001	0.997
0.001	0.001	0.001	0.997
0.001	0.879	0.001	0.119
>CCGTTCAGCAGA	9-CCGTTCAGCAGA	14.115516	-20.336712	0	T:5.0(4.81%),B:13.9(0.04%),P:1e-8	Tpos:476.8,Tstd:296.2,Bpos:376.0,Bstd:370.8,StrandBias:2.0,Multiplicity:1.00
0.001	0.997	0.001	0.001
0.001	0.997	0.001	0.001
0.001	0.001	0.997	0.001
0.205	0.001	0.001	0.793
0.001	0.001	0.001	0.997
0.001	0.836	0.162	0.001
0.997	0.001	0.001	0.001
0.001	0.001	0.997	0.001
0.001	0.793	0.001	0.205
0.997	0.001	0.001	0.001
0.001	0.189	0.809	0.001
0.997	0.001	0.001	0.001
>ACGGCGCACAGT	10-ACGGCGCACAGT	10.236367	-20.033609	0	T:5.0(4.81%),B:14.7(0.04%),P:1e-8	Tpos:313.0,Tstd:266.4,Bpos:522.5,Bstd:293.3,StrandBias:2.0,Multiplicity:1.00
0.997	0.001	0.001	0.001
0.001	0.997	0.001	0.001
0.001	0.182	0.816	0.001
0.001	0.001	0.997	0.001
0.001	0.997	0.001	0.001
0.001	0.001	0.997	0.001
0.001	0.816	0.001	0.182
0.943	0.001	0.055	0.001
0.001	0.997	0.001	0.001
0.935	0.063	0.001	0.001
0.001	0.001	0.997	0.001
0.001	0.001	0.001	0.997
>CTGAAAGAGCGA	11-CTGAAAGAGCGA	9.217030	-19.250501	0	T:14.0(13.46%),B:623.2(1.73%),P:1e-8	Tpos:511.3,Tstd:271.7,Bpos:532.2,Bstd:347.9,StrandBias:0.0,Multiplicity:1.00
0.001	0.787	0.200	0.012
0.001	0.001	0.001	0.997
0.001	0.006	0.992	0.001
0.752	0.001	0.001	0.246
0.752	0.001	0.246	0.001
0.997	0.001	0.001	0.001
0.001	0.001	0.735	0.263
0.553	0.246	0.200	0.001
0.136	0.001	0.856	0.007
0.001	0.871	0.001	0.127
0.006	0.001	0.992	0.001
0.752	0.001	0.246	0.001
>GTGTTTTTCTGT	12-GTGTTTTTCTGT	13.417016	-18.359780	0	T:9.0(8.65%),B:201.8(0.56%),P:1e-7	Tpos:599.3,Tstd:198.7,Bpos:534.2,Bstd:343.1,StrandBias:0.3,Multiplicity:1.00
0.001	0.100	0.898	0.001
0.001	0.001	0.001	0.997
0.086	0.151	0.707	0.056
0.138	0.001	0.001	0.860
0.001	0.001	0.144	0.854
0.001	0.001	0.001	0.997
0.001	0.001	0.001	0.997
0.001	0.001	0.001	0.997
0.001	0.997	0.001	0.001
0.001	0.001	0.001	0.997
0.134	0.001	0.787	0.078
0.001	0.001	0.001	0.997
>GATGAATCTACG	13-GATGAATCTACG	14.207435	-16.892659	0	T:5.0(4.81%),B:29.8(0.08%),P:1e-7	Tpos:519.8,Tstd:190.8,Bpos:389.8,Bstd:401.0,StrandBias:-0.6,Multiplicity:1.00
0.001	0.001	0.997	0.001
0.997	0.001	0.001	0.001
0.001	0.001	0.001	0.997
0.001	0.192	0.806	0.001
0.997	0.001	0.001	0.001
0.997	0.001	0.001	0.001
0.173	0.001	0.001	0.825
0.201	0.797	0.001	0.001
0.001	0.001	0.001	0.997
0.997	0.001	0.001	0.001
0.001	0.997	0.001	0.001
0.185	0.001	0.813	0.001
>ATTCGAAAAACC	14-ATTCGAAAAACC	13.086374	-16.815650	0	T:10.0(9.62%),B:326.7(0.90%),P:1e-7	Tpos:582.5,Tstd:232.4,Bpos:475.7,Bstd:312.4,StrandBias:-0.3,Multiplicity:1.10
0.997	0.001	0.001	0.001
0.062	0.001	0.001	0.936
0.001	0.001	0.149	0.849
0.112	0.822	0.001	0.065
0.001	0.103	0.895	0.001
0.997	0.001	0.001	0.001
0.997	0.001	0.001	0.001
0.997	0.001	0.001	0.001
0.997	0.001	0.001	0.001
0.873	0.125	0.001	0.001
0.161	0.786	0.001	0.052
0.001	0.920	0.001	0.078
>ACTTAAGAAAAA	15-ACTTAAGAAAAA	12.867492	-16.525720	0	T:11.0(10.58%),B:433.3(1.20%),P:1e-7	Tpos:543.7,Tstd:296.6,Bpos:516.4,Bstd:333.8,StrandBias:-1.6,Multiplicity:1.09
0.997	0.001	0.001	0.001
0.086	0.864	0.001	0.049
0.001	0.001	0.001	0.997
0.001	0.001	0.088	0.910
0.997	0.001	0.001	0.001
0.769	0.001	0.001	0.229
0.001	0.001	0.997	0.001
0.997	0.001	0.001	0.001
0.997	0.001	0.001	0.001
0.997	0.001	0.001	0.001
0.794	0.001	0.001	0.204
0.833	0.001	0.165	0.001
>CGCTACGAGATC	16-CGCTACGAGATC	11.994993	-16.232269	0	T:9.0(8.65%),B:260.1(0.72%),P:1e-7	Tpos:444.6,Tstd:245.8,Bpos:576.4,Bstd:332.9,StrandBias:1.4,Multiplicity:1.22
0.001	0.997	0.001	0.001
0.001	0.001	0.997	0.001
0.001	0.983	0.015	0.001
0.355	0.001	0.001	0.643
0.612	0.001	0.386	0.001
0.001	0.997	0.001	0.001
0.001	0.213	0.564	0.222
0.836	0.162	0.001	0.001
0.186	0.001	0.812	0.001
0.997	0.001	0.001	0.001
0.213	0.190	0.001	0.596
0.001	0.997	0.001	0.001
>GCAGATATCTAT	17-GCAGATATCTAT	13.846113	-15.917871	0	T:5.0(4.81%),B:36.6(0.10%),P:1e-6	Tpos:443.2,Tstd:219.7,Bpos:460.0,Bstd:210.2,StrandBias:-2.0,Multiplicity:1.00
0.001	0.001	0.997	0.001
0.001	0.997	0.001	0.001
0.997	0.001	0.001	0.001
0.001	0.001	0.997	0.001
0.997	0.001	0.001	0.001
0.001	0.001	0.001	0.997
0.762	0.001	0.001	0.236
0.001	0.001	0.001	0.997
0.001	0.869	0.001	0.129
0.001	0.001	0.178	0.820
0.781	0.001	0.001	0.217
0.001	0.001	0.001	0.997
>AAAAGGRGAGMY	18-AAAAGGRGAGMY	8.811070	-15.592540	0	T:47.0(45.19%),B:8004.8(22.16%),P:1e-6	Tpos:536.1,Tstd:269.6,Bpos:528.4,Bstd:347.4,StrandBias:-1.6,Multiplicity:1.38
0.997	0.001	0.001	0.001
0.826	0.001	0.001	0.172
0.826	0.172	0.001	0.001
0.847	0.151	0.001	0.001
0.225	0.092	0.562	0.121
0.158	0.001	0.786	0.055
0.402	0.173	0.343	0.082
0.187	0.001	0.624	0.188
0.997	0.001	0.001	0.001
0.224	0.001	0.774	0.001
0.447	0.551	0.001	0.001
0.116	0.341	0.077	0.465
>CTYTCTYTCTMT	19-CTYTCTYTCTMT	9.926030	-15.057409	0	T:43.0(41.35%),B:7052.3(19.52%),P:1e-6	Tpos:545.9,Tstd:276.2,Bpos:552.1,Bstd:351.9,StrandBias:2.4,Multiplicity:1.34
0.001	0.698	0.001	0.300
0.001	0.001	0.233	0.765
0.001	0.320	0.239	0.440
0.001	0.001	0.001	0.997
0.212	0.447	0.239	0.102
0.001	0.001	0.001	0.997
0.001	0.546	0.001	0.452
0.001	0.001	0.001	0.997
0.001	0.810	0.001	0.188
0.244	0.001	0.001	0.754
0.434	0.564	0.001	0.001
0.001	0.001	0.001	0.997
>GACTAATAATTC	20-GACTAATAATTC	14.694382	-13.596704	0	T:4.0(3.85%),B:24.6(0.07%),P:1e-5	Tpos:551.2,Tstd:166.8,Bpos:570.7,Bstd:267.5,StrandBias:-0.6,Multiplicity:1.25
0.001	0.001	0.997	0.001
0.997	0.001	0.001	0.001
0.001	0.997	0.001	0.001
0.207	0.001	0.001	0.791
0.997	0.001	0.001	0.001
0.997	0.001	0.001	0.001
0.001	0.001	0.001	0.997
0.997	0.001	0.001	0.001
0.997	0.001	0.001	0.001
0.001	0.001	0.001	0.997
0.001	0.001	0.001	0.997
0.187	0.811	0.001	0.001
>CGACGACGAGGA	21-CGACGACGAGGA	13.817058	-13.272175	0	T:6.0(5.77%),B:119.7(0.33%),P:1e-5	Tpos:649.8,Tstd:272.1,Bpos:538.7,Bstd:430.1,StrandBias:-3.0,Multiplicity:1.17
0.001	0.997	0.001	0.001
0.001	0.001	0.997	0.001
0.997	0.001	0.001	0.001
0.001	0.846	0.001	0.152
0.158	0.001	0.840	0.001
0.997	0.001	0.001	0.001
0.001	0.997	0.001	0.001
0.001	0.001	0.997	0.001
0.997	0.001	0.001	0.001
0.111	0.345	0.543	0.001
0.116	0.001	0.882	0.001
0.997	0.001	0.001	0.001
>AATCGMTTTCGS	22-AATCGMTTTCGS	12.108747	-13.106751	0	T:7.0(6.73%),B:195.3(0.54%),P:1e-5	Tpos:342.5,Tstd:273.9,Bpos:466.6,Bstd:342.5,StrandBias:1.2,Multiplicity:1.29
0.997	0.001	0.001	0.001
0.997	0.001	0.001	0.001
0.001	0.208	0.001	0.790
0.001	0.815	0.183	0.001
0.001	0.001	0.997	0.001
0.475	0.523	0.001	0.001
0.001	0.001	0.001	0.997
0.001	0.001	0.183	0.815
0.001	0.001	0.001	0.997
0.001	0.612	0.134	0.253
0.001	0.001	0.997	0.001
0.001	0.431	0.292	0.277
>WAACATGCMTGT	23-WAACATGCMTGT	12.842111	-10.916714	0	T:4.0(3.85%),B:50.5(0.14%),P:1e-4	Tpos:631.4,Tstd:160.7,Bpos:572.8,Bstd:281.4,StrandBias:0.4,Multiplicity:1.25
0.433	0.001	0.258	0.308
0.997	0.001	0.001	0.001
0.997	0.001	0.001	0.001
0.001	0.803	0.195	0.001
0.997	0.001	0.001	0.001
0.001	0.001	0.237	0.761
0.001	0.001	0.997	0.001
0.001	0.741	0.001	0.257
0.483	0.515	0.001	0.001
0.001	0.001	0.001	0.997
0.001	0.001	0.997	0.001
0.001	0.001	0.001	0.997
>AGGCTCAGAGGA	24-AGGCTCAGAGGA	10.401233	-10.362705	0	T:5.0(4.81%),B:120.8(0.33%),P:1e-4	Tpos:631.2,Tstd:218.9,Bpos:479.9,Bstd:332.3,StrandBias:1.8,Multiplicity:1.80
0.703	0.001	0.001	0.295
0.001	0.001	0.997	0.001
0.001	0.001	0.997	0.001
0.001	0.989	0.001	0.009
0.001	0.051	0.278	0.670
0.001	0.721	0.277	0.001
0.997	0.001	0.001	0.001
0.060	0.364	0.575	0.001
0.990	0.001	0.001	0.008
0.001	0.280	0.659	0.060
0.001	0.001	0.947	0.051
0.997	0.001	0.001	0.001
>TTCCATGGAAAC	25-TTCCATGGAAAC	13.955539	-9.413398	0	T:4.0(3.85%),B:75.8(0.21%),P:1e-4	Tpos:629.5,Tstd:321.4,Bpos:603.8,Bstd:292.5,StrandBias:1.0,Multiplicity:1.25
0.001	0.001	0.001	0.997
0.001	0.001	0.206	0.792
0.001	0.844	0.001	0.154
0.001	0.997	0.001	0.001
0.997	0.001	0.001	0.001
0.001	0.001	0.001	0.997
0.181	0.001	0.817	0.001
0.001	0.001	0.997	0.001
0.786	0.212	0.001	0.001
0.997	0.001	0.001	0.001
0.997	0.001	0.001	0.001
0.104	0.894	0.001	0.001
