>AAGAGACGCA	1-AAGAGACGCA	7.472255	-31.859361	0	T:117.0(25.11%),B:4776.6(12.08%),P:1e-13	Tpos:535.8,Tstd:283.4,Bpos:532.7,Bstd:332.6,StrandBias:-0.4,Multiplicity:1.17
0.780	0.073	0.059	0.088
0.778	0.083	0.076	0.063
0.144	0.052	0.732	0.072
0.789	0.089	0.052	0.070
0.045	0.076	0.738	0.141
0.877	0.051	0.036	0.036
0.056	0.797	0.085	0.062
0.030	0.058	0.869	0.043
0.035	0.850	0.068	0.047
0.798	0.052	0.061	0.089
>TTTCGTTCTC	2-TTTCGTTCTC	6.820710	-31.783529	0	T:226.0(48.50%),B:12413.9(31.38%),P:1e-13	Tpos:509.2,Tstd:283.7,Bpos:520.4,Bstd:338.4,StrandBias:0.7,Multiplicity:1.35
0.081	0.153	0.076	0.690
0.120	0.065	0.057	0.758
0.070	0.057	0.050	0.823
0.054	0.869	0.055	0.022
0.046	0.063	0.813	0.078
0.047	0.047	0.095	0.811
0.082	0.062	0.046	0.810
0.035	0.849	0.061	0.055
0.071	0.074	0.091	0.764
0.052	0.820	0.096	0.032
>AAATAAATAA	3-AAATAAATAA	8.710695	-31.311076	0	T:219.0(47.00%),B:11926.9(30.15%),P:1e-13	Tpos:586.7,Tstd:295.8,Bpos:532.6,Bstd:319.6,StrandBias:-0.7,Multiplicity:1.34
0.784	0.056	0.055	0.105
0.952	0.046	0.001	0.001
0.960	0.038	0.001	0.001
0.001	0.044	0.001	0.954
0.838	0.001	0.111	0.050
0.894	0.066	0.039	0.001
0.928	0.001	0.001	0.070
0.001	0.100	0.047	0.852
0.997	0.001	0.001	0.001
0.922	0.030	0.047	0.001
>TTCTTCGCAG	4-TTCTTCGCAG	9.301858	-31.268778	0	T:49.0(10.52%),B:1139.1(2.88%),P:1e-13	Tpos:493.9,Tstd:282.2,Bpos:492.8,Bstd:339.6,StrandBias:0.1,Multiplicity:1.00
0.001	0.046	0.001	0.952
0.001	0.043	0.001	0.955
0.024	0.951	0.024	0.001
0.067	0.031	0.036	0.866
0.030	0.001	0.001	0.968
0.025	0.965	0.009	0.001
0.079	0.035	0.828	0.058
0.001	0.930	0.012	0.057
0.896	0.001	0.022	0.081
0.116	0.001	0.882	0.001
>CGCTCTRKTG	5-CGCTCTRKTG	9.314440	-29.063531	0	T:51.0(10.94%),B:1302.4(3.29%),P:1e-12	Tpos:636.1,Tstd:287.1,Bpos:551.3,Bstd:333.5,StrandBias:1.0,Multiplicity:1.08
0.001	0.997	0.001	0.001
0.081	0.001	0.717	0.201
0.167	0.831	0.001	0.001
0.001	0.141	0.001	0.857
0.001	0.797	0.001	0.201
0.001	0.215	0.001	0.783
0.554	0.001	0.436	0.009
0.001	0.202	0.326	0.471
0.001	0.185	0.001	0.813
0.001	0.001	0.997	0.001
>CAGKCCGCGG	6-CAGKCCGCGG	8.681604	-28.808919	0	T:26.0(5.58%),B:340.2(0.86%),P:1e-12	Tpos:347.2,Tstd:238.0,Bpos:479.4,Bstd:323.0,StrandBias:0.0,Multiplicity:1.23
0.074	0.769	0.126	0.031
0.868	0.130	0.001	0.001
0.269	0.244	0.486	0.001
0.001	0.001	0.455	0.543
0.064	0.878	0.028	0.030
0.078	0.753	0.108	0.061
0.263	0.001	0.735	0.001
0.044	0.898	0.005	0.053
0.005	0.027	0.943	0.025
0.050	0.038	0.855	0.057
>ATAWTATTAT	7-ATAWTATTAT	8.083413	-25.954175	0	T:308.0(66.09%),B:19894.8(50.29%),P:1e-11	Tpos:527.9,Tstd:289.1,Bpos:516.9,Bstd:314.1,StrandBias:0.1,Multiplicity:1.47
0.767	0.001	0.001	0.231
0.001	0.152	0.187	0.660
0.997	0.001	0.001	0.001
0.427	0.001	0.001	0.571
0.074	0.001	0.001	0.924
0.723	0.001	0.001	0.275
0.248	0.001	0.001	0.750
0.134	0.105	0.091	0.670
0.894	0.001	0.001	0.104
0.076	0.001	0.001	0.922
>ACCGTGCTGC	8-ACCGTGCTGC	7.687190	-22.468516	0	T:27.0(5.79%),B:497.6(1.26%),P:1e-9	Tpos:428.0,Tstd:264.6,Bpos:489.5,Bstd:343.2,StrandBias:0.5,Multiplicity:1.26
0.997	0.001	0.001	0.001
0.001	0.997	0.001	0.001
0.045	0.953	0.001	0.001
0.054	0.001	0.896	0.049
0.001	0.048	0.001	0.950
0.001	0.056	0.907	0.036
0.001	0.960	0.038	0.001
0.056	0.001	0.245	0.698
0.077	0.001	0.921	0.001
0.028	0.930	0.001	0.041
>TATTTTCCTT	9-TATTTTCCTT	8.944867	-22.043333	0	T:155.0(33.26%),B:8197.0(20.72%),P:1e-9	Tpos:549.0,Tstd:289.2,Bpos:526.3,Bstd:320.5,StrandBias:1.0,Multiplicity:1.23
0.001	0.023	0.069	0.907
0.923	0.031	0.001	0.045
0.100	0.001	0.001	0.898
0.009	0.001	0.038	0.952
0.065	0.001	0.045	0.889
0.001	0.015	0.024	0.960
0.068	0.778	0.063	0.091
0.117	0.782	0.009	0.092
0.057	0.020	0.001	0.922
0.001	0.001	0.014	0.984
>CGACACTCCA	10-CGACACTCCA	8.778130	-21.755343	0	T:42.0(9.01%),B:1160.8(2.93%),P:1e-9	Tpos:520.4,Tstd:271.0,Bpos:543.8,Bstd:327.4,StrandBias:0.3,Multiplicity:1.05
0.050	0.948	0.001	0.001
0.001	0.067	0.871	0.061
0.848	0.001	0.084	0.067
0.092	0.859	0.001	0.048
0.938	0.001	0.060	0.001
0.063	0.779	0.004	0.154
0.081	0.001	0.001	0.917
0.078	0.851	0.070	0.001
0.001	0.997	0.001	0.001
0.855	0.001	0.143	0.001
>GACCCGATGA	11-GACCCGATGA	8.488566	-21.440283	0	T:29.0(6.22%),B:600.9(1.52%),P:1e-9	Tpos:535.2,Tstd:230.7,Bpos:492.4,Bstd:317.6,StrandBias:-0.3,Multiplicity:1.14
0.130	0.061	0.523	0.286
0.770	0.017	0.001	0.212
0.083	0.649	0.017	0.251
0.192	0.774	0.001	0.033
0.011	0.560	0.296	0.133
0.176	0.196	0.592	0.036
0.687	0.052	0.025	0.236
0.307	0.028	0.036	0.629
0.001	0.029	0.912	0.058
0.829	0.001	0.058	0.112
>GATTCAATCG	12-GATTCAATCG	7.010962	-20.950523	0	T:112.0(24.03%),B:5330.5(13.48%),P:1e-9	Tpos:451.2,Tstd:288.7,Bpos:499.2,Bstd:339.7,StrandBias:0.2,Multiplicity:1.12
0.023	0.049	0.898	0.030
0.767	0.093	0.089	0.051
0.048	0.044	0.108	0.800
0.063	0.039	0.071	0.827
0.068	0.732	0.100	0.100
0.769	0.056	0.099	0.076
0.797	0.067	0.085	0.051
0.062	0.046	0.122	0.770
0.094	0.810	0.065	0.031
0.038	0.073	0.837	0.052
>AACAAYAACA	13-AACAAYAACA	9.556547	-20.914412	0	T:152.0(32.62%),B:8108.4(20.50%),P:1e-9	Tpos:538.3,Tstd:266.9,Bpos:531.5,Bstd:313.5,StrandBias:-0.8,Multiplicity:1.23
0.906	0.001	0.001	0.092
0.821	0.001	0.052	0.126
0.237	0.761	0.001	0.001
0.997	0.001	0.001	0.001
0.947	0.001	0.051	0.001
0.001	0.538	0.001	0.460
0.848	0.001	0.150	0.001
0.954	0.001	0.044	0.001
0.116	0.538	0.345	0.001
0.755	0.118	0.126	0.001
>ACGCGCGTTG	14-ACGCGCGTTG	8.300744	-20.773392	0	T:43.0(9.23%),B:1249.4(3.16%),P:1e-9	Tpos:538.9,Tstd:261.7,Bpos:522.4,Bstd:331.1,StrandBias:-0.3,Multiplicity:1.22
0.651	0.001	0.218	0.130
0.001	0.997	0.001	0.001
0.001	0.228	0.658	0.113
0.001	0.937	0.001	0.061
0.146	0.001	0.635	0.218
0.089	0.637	0.001	0.273
0.001	0.001	0.997	0.001
0.001	0.001	0.001	0.997
0.001	0.150	0.001	0.848
0.085	0.001	0.853	0.061
>GCCGCGGCCT	15-GCCGCGGCCT	7.329056	-19.212419	0	T:41.0(8.80%),B:1219.1(3.08%),P:1e-8	Tpos:529.9,Tstd:258.9,Bpos:526.2,Bstd:347.0,StrandBias:0.2,Multiplicity:1.08
0.010	0.001	0.836	0.153
0.035	0.815	0.091	0.059
0.077	0.726	0.081	0.116
0.081	0.057	0.819	0.043
0.035	0.712	0.032	0.221
0.103	0.035	0.731	0.131
0.044	0.111	0.756	0.089
0.100	0.768	0.001	0.131
0.213	0.647	0.017	0.123
0.232	0.135	0.173	0.460
>GAACGATTCC	16-GAACGATTCC	7.268185	-18.264756	0	T:64.0(13.73%),B:2528.0(6.39%),P:1e-7	Tpos:381.8,Tstd:262.0,Bpos:474.5,Bstd:332.1,StrandBias:0.0,Multiplicity:1.03
0.072	0.099	0.799	0.030
0.798	0.039	0.047	0.116
0.775	0.110	0.058	0.057
0.037	0.831	0.059	0.073
0.050	0.049	0.822	0.079
0.750	0.066	0.092	0.092
0.071	0.062	0.111	0.756
0.050	0.011	0.076	0.863
0.039	0.831	0.080	0.050
0.072	0.779	0.067	0.082
>CTTCTATCTC	17-CTTCTATCTC	8.259170	-18.047102	0	T:67.0(14.38%),B:2721.0(6.88%),P:1e-7	Tpos:438.0,Tstd:289.0,Bpos:503.5,Bstd:330.7,StrandBias:-0.3,Multiplicity:1.20
0.132	0.583	0.273	0.012
0.157	0.036	0.079	0.728
0.001	0.017	0.001	0.981
0.001	0.796	0.107	0.096
0.006	0.007	0.164	0.823
0.889	0.096	0.014	0.001
0.014	0.001	0.151	0.834
0.078	0.901	0.020	0.001
0.018	0.023	0.040	0.919
0.022	0.658	0.272	0.048
>TCTCTCTTTG	18-TCTCTCTTTG	9.053560	-17.816795	0	T:74.0(15.88%),B:3162.8(8.00%),P:1e-7	Tpos:473.0,Tstd:286.5,Bpos:542.4,Bstd:334.9,StrandBias:0.8,Multiplicity:1.06
0.039	0.001	0.001	0.959
0.054	0.848	0.097	0.001
0.001	0.090	0.001	0.908
0.157	0.796	0.046	0.001
0.077	0.205	0.001	0.717
0.001	0.997	0.001	0.001
0.001	0.001	0.001	0.997
0.001	0.001	0.001	0.997
0.009	0.001	0.249	0.741
0.001	0.059	0.730	0.210
>CGCCCACAGA	19-CGCCCACAGA	8.790000	-16.448924	0	T:33.0(7.08%),B:948.2(2.40%),P:1e-7	Tpos:507.7,Tstd:284.1,Bpos:485.4,Bstd:332.7,StrandBias:0.2,Multiplicity:1.24
0.001	0.832	0.163	0.004
0.001	0.130	0.862	0.007
0.001	0.997	0.001	0.001
0.001	0.556	0.047	0.396
0.266	0.727	0.003	0.004
0.867	0.019	0.113	0.001
0.318	0.668	0.013	0.001
0.795	0.049	0.152	0.004
0.106	0.005	0.888	0.001
0.798	0.001	0.144	0.057
>TTAAACGGGS	20-TTAAACGGGS	8.937892	-13.927564	0	T:12.0(2.58%),B:159.4(0.40%),P:1e-6	Tpos:544.2,Tstd:289.0,Bpos:537.4,Bstd:300.6,StrandBias:-1.6,Multiplicity:1.00
0.076	0.022	0.095	0.807
0.063	0.030	0.319	0.588
0.515	0.226	0.248	0.011
0.594	0.014	0.023	0.369
0.859	0.035	0.026	0.080
0.022	0.833	0.054	0.091
0.049	0.048	0.756	0.147
0.084	0.049	0.539	0.328
0.279	0.020	0.655	0.046
0.008	0.414	0.544	0.034
>ATCCCCCCAR	21-ATCCCCCCAR	10.221656	-11.296253	0	T:11.0(2.36%),B:174.2(0.44%),P:1e-4	Tpos:444.4,Tstd:238.6,Bpos:479.1,Bstd:301.2,StrandBias:1.0,Multiplicity:1.36
0.905	0.001	0.001	0.093
0.001	0.001	0.001	0.997
0.001	0.997	0.001	0.001
0.001	0.997	0.001	0.001
0.001	0.997	0.001	0.001
0.041	0.957	0.001	0.001
0.017	0.981	0.001	0.001
0.001	0.930	0.068	0.001
0.688	0.310	0.001	0.001
0.429	0.094	0.475	0.001
>CTGAACGCGT	22-CTGAACGCGT	10.296193	-11.008631	0	T:4.0(0.86%),B:10.7(0.03%),P:1e-4	Tpos:402.2,Tstd:333.4,Bpos:518.9,Bstd:280.2,StrandBias:0.0,Multiplicity:1.00
0.100	0.700	0.100	0.100
0.100	0.100	0.100	0.700
0.100	0.100	0.700	0.100
0.700	0.100	0.100	0.100
0.700	0.100	0.100	0.100
0.100	0.700	0.100	0.100
0.100	0.100	0.700	0.100
0.100	0.700	0.100	0.100
0.100	0.100	0.700	0.100
0.100	0.100	0.100	0.700
>TCCCCCGAGT	23-TCCCCCGAGT	10.389824	-9.722221	0	T:10.0(2.15%),B:172.1(0.44%),P:1e-4	Tpos:427.1,Tstd:250.2,Bpos:466.6,Bstd:301.6,StrandBias:0.4,Multiplicity:2.80
0.001	0.001	0.001	0.997
0.001	0.997	0.001	0.001
0.001	0.997	0.001	0.001
0.036	0.962	0.001	0.001
0.001	0.961	0.001	0.037
0.048	0.950	0.001	0.001
0.037	0.001	0.961	0.001
0.997	0.001	0.001	0.001
0.001	0.001	0.997	0.001
0.001	0.001	0.001	0.997
>GCACWGTGCC	24-GCACWGTGCC	10.722407	-6.897183	0	T:9.0(1.93%),B:206.6(0.52%),P:1e-2	Tpos:433.9,Tstd:227.8,Bpos:482.6,Bstd:305.4,StrandBias:0.2,Multiplicity:1.56
0.001	0.116	0.882	0.001
0.001	0.997	0.001	0.001
0.997	0.001	0.001	0.001
0.001	0.997	0.001	0.001
0.349	0.186	0.084	0.382
0.001	0.001	0.997	0.001
0.001	0.001	0.001	0.997
0.001	0.001	0.997	0.001
0.001	0.997	0.001	0.001
0.001	0.997	0.001	0.001
>CGAAAAGGGG	25-CGAAAAGGGG	-0.258211	-4.225910	0	T:288.0(61.80%),B:22421.4(56.68%),P:1e-1	Tpos:510.6,Tstd:277.6,Bpos:515.6,Bstd:325.7,StrandBias:-0.7,Multiplicity:1.71
0.001	0.997	0.001	0.001
0.136	0.001	0.862	0.001
0.969	0.001	0.029	0.001
0.924	0.036	0.039	0.001
0.997	0.001	0.001	0.001
0.966	0.001	0.032	0.001
0.001	0.001	0.997	0.001
0.001	0.001	0.997	0.001
0.001	0.001	0.997	0.001
0.001	0.001	0.997	0.001
>TAAACAASACGC	1-TAAACAASACGC	10.809289	-30.841203	0	T:36.0(7.73%),B:633.5(1.60%),P:1e-13	Tpos:603.7,Tstd:250.4,Bpos:589.1,Bstd:341.5,StrandBias:-0.9,Multiplicity:1.06
0.078	0.001	0.001	0.920
0.819	0.001	0.105	0.075
0.850	0.001	0.001	0.148
0.997	0.001	0.001	0.001
0.109	0.575	0.001	0.315
0.920	0.078	0.001	0.001
0.997	0.001	0.001	0.001
0.101	0.444	0.366	0.089
0.813	0.001	0.185	0.001
0.001	0.876	0.001	0.122
0.003	0.001	0.995	0.001
0.001	0.997	0.001	0.001
>AAGAGACGCAGA	2-AAGAGACGCAGA	9.909077	-30.528173	0	T:73.0(15.67%),B:2324.3(5.88%),P:1e-13	Tpos:558.7,Tstd:274.1,Bpos:523.5,Bstd:351.4,StrandBias:-0.2,Multiplicity:1.05
0.901	0.001	0.097	0.001
0.997	0.001	0.001	0.001
0.255	0.001	0.743	0.001
0.753	0.001	0.001	0.245
0.001	0.001	0.878	0.120
0.997	0.001	0.001	0.001
0.001	0.997	0.001	0.001
0.001	0.001	0.997	0.001
0.129	0.644	0.226	0.001
0.741	0.001	0.001	0.257
0.267	0.001	0.731	0.001
0.790	0.001	0.208	0.001
>GAAATATTTCGT	3-GAAATATTTCGT	12.428706	-30.274007	0	T:19.0(4.08%),B:143.1(0.36%),P:1e-13	Tpos:471.8,Tstd:273.4,Bpos:468.0,Bstd:336.8,StrandBias:0.0,Multiplicity:1.00
0.010	0.001	0.964	0.025
0.872	0.072	0.001	0.055
0.997	0.001	0.001	0.001
0.905	0.055	0.001	0.039
0.001	0.001	0.001	0.997
0.898	0.067	0.034	0.001
0.063	0.001	0.001	0.935
0.001	0.001	0.001	0.997
0.001	0.001	0.111	0.887
0.095	0.876	0.028	0.001
0.001	0.040	0.936	0.023
0.028	0.214	0.001	0.757
>CTGYGAAGAAGA	4-CTGYGAAGAAGA	11.609035	-28.935152	0	T:26.0(5.58%),B:338.9(0.86%),P:1e-12	Tpos:439.5,Tstd:231.9,Bpos:506.7,Bstd:333.3,StrandBias:-0.3,Multiplicity:1.04
0.001	0.670	0.103	0.226
0.001	0.241	0.066	0.692
0.001	0.001	0.997	0.001
0.126	0.381	0.001	0.492
0.001	0.001	0.997	0.001
0.997	0.001	0.001	0.001
0.893	0.001	0.001	0.105
0.136	0.001	0.862	0.001
0.904	0.001	0.001	0.094
0.791	0.005	0.001	0.203
0.086	0.001	0.789	0.124
0.997	0.001	0.001	0.001
>TCCTTTTTATTT	5-TCCTTTTTATTT	9.466084	-28.687924	0	T:125.0(26.82%),B:5518.9(13.95%),P:1e-12	Tpos:577.0,Tstd:291.0,Bpos:536.4,Bstd:316.7,StrandBias:1.0,Multiplicity:1.10
0.043	0.052	0.042	0.863
0.053	0.845	0.070	0.032
0.035	0.820	0.065	0.080
0.065	0.066	0.102	0.767
0.087	0.077	0.072	0.764
0.039	0.046	0.073	0.842
0.036	0.068	0.047	0.849
0.059	0.072	0.060	0.809
0.842	0.086	0.049	0.023
0.071	0.049	0.027	0.853
0.054	0.026	0.040	0.880
0.029	0.038	0.061	0.872
>TGTTTTCATCGT	6-TGTTTTCATCGT	11.990090	-28.526808	0	T:22.0(4.72%),B:232.3(0.59%),P:1e-12	Tpos:546.4,Tstd:284.9,Bpos:519.5,Bstd:352.4,StrandBias:0.5,Multiplicity:1.00
0.001	0.001	0.001	0.997
0.001	0.075	0.896	0.028
0.001	0.001	0.001	0.997
0.001	0.001	0.001	0.997
0.001	0.001	0.001	0.997
0.001	0.001	0.129	0.869
0.001	0.854	0.093	0.052
0.997	0.001	0.001	0.001
0.081	0.001	0.145	0.773
0.001	0.913	0.001	0.085
0.060	0.075	0.864	0.001
0.001	0.162	0.001	0.836
>TATATTGGGTGA	7-TATATTGGGTGA	13.113216	-26.544555	0	T:12.0(2.58%),B:47.0(0.12%),P:1e-11	Tpos:651.8,Tstd:202.2,Bpos:508.9,Bstd:325.1,StrandBias:0.5,Multiplicity:1.00
0.001	0.001	0.001	0.997
0.697	0.001	0.001	0.301
0.001	0.001	0.001	0.997
0.997	0.001	0.001	0.001
0.001	0.001	0.001	0.997
0.001	0.001	0.001	0.997
0.001	0.001	0.997	0.001
0.001	0.093	0.905	0.001
0.067	0.001	0.829	0.103
0.086	0.001	0.001	0.912
0.001	0.136	0.862	0.001
0.905	0.001	0.001	0.093
>AGCGGAATKTCG	8-AGCGGAATKTCG	9.819560	-25.913856	0	T:41.0(8.80%),B:965.1(2.44%),P:1e-11	Tpos:568.2,Tstd:275.4,Bpos:543.9,Bstd:325.3,StrandBias:-0.7,Multiplicity:1.05
0.784	0.019	0.001	0.196
0.168	0.076	0.651	0.105
0.143	0.598	0.001	0.258
0.001	0.001	0.909	0.089
0.196	0.001	0.802	0.001
0.905	0.093	0.001	0.001
0.621	0.001	0.182	0.196
0.071	0.171	0.001	0.757
0.001	0.094	0.439	0.466
0.001	0.034	0.001	0.964
0.001	0.997	0.001	0.001
0.001	0.097	0.901	0.001
>ATAAATAAACAG	9-ATAAATAAACAG	11.760843	-25.267743	0	T:26.0(5.58%),B:402.6(1.02%),P:1e-10	Tpos:649.6,Tstd:258.2,Bpos:538.1,Bstd:310.0,StrandBias:0.8,Multiplicity:1.00
0.892	0.106	0.001	0.001
0.060	0.001	0.074	0.865
0.997	0.001	0.001	0.001
0.997	0.001	0.001	0.001
0.898	0.001	0.001	0.100
0.097	0.001	0.001	0.901
0.997	0.001	0.001	0.001
0.915	0.083	0.001	0.001
0.997	0.001	0.001	0.001
0.001	0.961	0.001	0.037
0.772	0.150	0.077	0.001
0.112	0.044	0.843	0.001
>GGCCACGGCCAT	10-GGCCACGGCCAT	11.948316	-24.886169	0	T:16.0(3.43%),B:129.0(0.33%),P:1e-10	Tpos:605.4,Tstd:281.2,Bpos:550.8,Bstd:342.2,StrandBias:-1.7,Multiplicity:1.06
0.001	0.001	0.705	0.293
0.001	0.001	0.997	0.001
0.102	0.896	0.001	0.001
0.001	0.997	0.001	0.001
0.921	0.001	0.077	0.001
0.001	0.997	0.001	0.001
0.001	0.190	0.808	0.001
0.293	0.001	0.705	0.001
0.001	0.997	0.001	0.001
0.397	0.601	0.001	0.001
0.792	0.001	0.001	0.206
0.001	0.212	0.001	0.786
>CTCGCTCCATTG	11-CTCGCTCCATTG	13.448582	-23.988503	0	T:18.0(3.86%),B:185.0(0.47%),P:1e-10	Tpos:645.6,Tstd:264.5,Bpos:550.3,Bstd:315.1,StrandBias:2.4,Multiplicity:1.06
0.001	0.845	0.001	0.153
0.001	0.001	0.110	0.888
0.001	0.997	0.001	0.001
0.001	0.001	0.997	0.001
0.001	0.997	0.001	0.001
0.001	0.001	0.001	0.997
0.001	0.997	0.001	0.001
0.001	0.616	0.001	0.382
0.997	0.001	0.001	0.001
0.001	0.129	0.001	0.869
0.001	0.001	0.001	0.997
0.105	0.001	0.893	0.001
>GCACGCGTTCAG	12-GCACGCGTTCAG	13.860076	-23.437533	0	T:6.0(1.29%),B:2.5(0.01%),P:1e-10	Tpos:480.1,Tstd:343.3,Bpos:316.4,Bstd:100.6,StrandBias:0.0,Multiplicity:1.00
0.001	0.001	0.850	0.148
0.401	0.597	0.001	0.001
0.850	0.001	0.001	0.148
0.001	0.997	0.001	0.001
0.001	0.001	0.997	0.001
0.001	0.997	0.001	0.001
0.001	0.001	0.997	0.001
0.001	0.001	0.001	0.997
0.001	0.001	0.001	0.997
0.001	0.997	0.001	0.001
0.997	0.001	0.001	0.001
0.148	0.001	0.850	0.001
>TGCAATCCACGG	13-TGCAATCCACGG	9.753524	-23.232791	0	T:23.0(4.94%),B:342.0(0.86%),P:1e-10	Tpos:428.9,Tstd:238.7,Bpos:464.9,Bstd:325.9,StrandBias:-0.5,Multiplicity:1.26
0.085	0.064	0.085	0.766
0.001	0.084	0.841	0.074
0.135	0.695	0.085	0.085
0.831	0.084	0.084	0.001
0.882	0.001	0.116	0.001
0.001	0.001	0.010	0.988
0.114	0.753	0.001	0.132
0.156	0.772	0.071	0.001
0.997	0.001	0.001	0.001
0.001	0.928	0.070	0.001
0.183	0.002	0.693	0.122
0.045	0.084	0.870	0.001
>GCGGCATTTGCA	14-GCGGCATTTGCA	9.475237	-22.373665	0	T:33.0(7.08%),B:736.6(1.86%),P:1e-9	Tpos:468.6,Tstd:228.7,Bpos:477.4,Bstd:312.5,StrandBias:-0.7,Multiplicity:1.27
0.100	0.041	0.838	0.021
0.030	0.935	0.001	0.034
0.148	0.001	0.850	0.001
0.157	0.091	0.751	0.001
0.099	0.842	0.041	0.018
0.826	0.056	0.077	0.041
0.116	0.124	0.051	0.709
0.001	0.145	0.034	0.820
0.053	0.001	0.001	0.945
0.054	0.032	0.712	0.202
0.041	0.827	0.031	0.101
0.953	0.001	0.045	0.001
>AAATATTATTTA	15-AAATATTATTTA	11.449610	-21.801808	0	T:63.0(13.52%),B:2246.5(5.68%),P:1e-9	Tpos:544.1,Tstd:293.6,Bpos:511.4,Bstd:319.5,StrandBias:-0.1,Multiplicity:1.05
0.902	0.040	0.035	0.023
0.935	0.034	0.001	0.030
0.997	0.001	0.001	0.001
0.027	0.001	0.032	0.940
0.848	0.001	0.111	0.040
0.130	0.024	0.017	0.829
0.092	0.001	0.018	0.889
0.944	0.035	0.020	0.001
0.001	0.001	0.001	0.997
0.001	0.001	0.028	0.970
0.001	0.009	0.001	0.989
0.773	0.103	0.008	0.116
>TTTATTTCAGAC	16-TTTATTTCAGAC	12.044624	-20.688853	0	T:30.0(6.44%),B:663.0(1.68%),P:1e-8	Tpos:604.8,Tstd:298.5,Bpos:537.8,Bstd:341.2,StrandBias:0.8,Multiplicity:1.10
0.095	0.132	0.001	0.772
0.033	0.001	0.001	0.965
0.160	0.040	0.245	0.555
0.837	0.001	0.117	0.045
0.001	0.001	0.001	0.997
0.001	0.001	0.001	0.997
0.001	0.001	0.001	0.997
0.001	0.938	0.001	0.060
0.863	0.001	0.001	0.135
0.001	0.098	0.864	0.037
0.949	0.001	0.049	0.001
0.030	0.904	0.001	0.065
>ACAAAAACAAGA	17-ACAAAAACAAGA	11.709323	-19.981256	0	T:39.0(8.37%),B:1089.3(2.75%),P:1e-8	Tpos:600.9,Tstd:268.5,Bpos:523.7,Bstd:319.2,StrandBias:-1.2,Multiplicity:1.18
0.760	0.001	0.210	0.029
0.001	0.936	0.041	0.022
0.906	0.058	0.035	0.001
0.949	0.001	0.049	0.001
0.946	0.001	0.001	0.052
0.997	0.001	0.001	0.001
0.952	0.001	0.001	0.046
0.001	0.950	0.027	0.022
0.928	0.035	0.036	0.001
0.997	0.001	0.001	0.001
0.108	0.065	0.810	0.017
0.884	0.001	0.089	0.026
>CCCGCCCACAGA	18-CCCGCCCACAGA	10.054190	-19.923524	0	T:17.0(3.65%),B:213.9(0.54%),P:1e-8	Tpos:496.3,Tstd:253.9,Bpos:482.3,Bstd:292.1,StrandBias:0.4,Multiplicity:1.35
0.060	0.783	0.100	0.057
0.254	0.661	0.001	0.084
0.051	0.849	0.001	0.099
0.001	0.074	0.924	0.001
0.001	0.997	0.001	0.001
0.111	0.605	0.100	0.184
0.099	0.801	0.099	0.001
0.924	0.001	0.001	0.074
0.183	0.717	0.099	0.001
0.997	0.001	0.001	0.001
0.001	0.001	0.930	0.068
0.844	0.001	0.099	0.056
>CCTCTGGAACGA	19-CCTCTGGAACGA	13.401642	-19.492770	0	T:8.0(1.72%),B:25.0(0.06%),P:1e-8	Tpos:384.9,Tstd:263.9,Bpos:536.8,Bstd:361.1,StrandBias:0.0,Multiplicity:1.00
0.001	0.997	0.001	0.001
0.001	0.878	0.001	0.120
0.001	0.001	0.001	0.997
0.001	0.864	0.001	0.134
0.001	0.001	0.001	0.997
0.001	0.134	0.864	0.001
0.001	0.001	0.997	0.001
0.997	0.001	0.001	0.001
0.839	0.159	0.001	0.001
0.135	0.768	0.001	0.096
0.095	0.001	0.903	0.001
0.997	0.001	0.001	0.001
>TAAATATAGATA	20-TAAATATAGATA	12.495483	-18.996370	0	T:21.0(4.51%),B:359.4(0.91%),P:1e-8	Tpos:546.8,Tstd:288.9,Bpos:537.0,Bstd:320.4,StrandBias:-0.8,Multiplicity:1.19
0.065	0.065	0.060	0.810
0.929	0.001	0.001	0.069
0.874	0.001	0.124	0.001
0.997	0.001	0.001	0.001
0.058	0.001	0.001	0.940
0.881	0.001	0.079	0.039
0.001	0.001	0.001	0.997
0.997	0.001	0.001	0.001
0.062	0.031	0.839	0.068
0.897	0.101	0.001	0.001
0.001	0.001	0.050	0.948
0.934	0.001	0.001	0.064
>CGAAGTCCTAAA	21-CGAAGTCCTAAA	15.007932	-16.208550	0	T:5.0(1.07%),B:6.7(0.02%),P:1e-7	Tpos:616.2,Tstd:231.5,Bpos:363.9,Bstd:394.7,StrandBias:2.0,Multiplicity:1.00
0.001	0.997	0.001	0.001
0.001	0.203	0.795	0.001
0.997	0.001	0.001	0.001
0.997	0.001	0.001	0.001
0.001	0.001	0.997	0.001
0.001	0.001	0.001	0.997
0.001	0.997	0.001	0.001
0.001	0.997	0.001	0.001
0.001	0.001	0.001	0.997
0.997	0.001	0.001	0.001
0.997	0.001	0.001	0.001
0.997	0.001	0.001	0.001
>ATMCCCCSATTT	22-ATMCCCCSATTT	10.628341	-13.612943	0	T:19.0(4.08%),B:419.8(1.06%),P:1e-5	Tpos:429.0,Tstd:233.9,Bpos:465.9,Bstd:313.7,StrandBias:0.1,Multiplicity:3.21
0.897	0.001	0.047	0.055
0.097	0.001	0.001	0.901
0.472	0.398	0.082	0.048
0.171	0.651	0.062	0.116
0.053	0.568	0.312	0.067
0.177	0.821	0.001	0.001
0.065	0.933	0.001	0.001
0.003	0.535	0.461	0.001
0.788	0.001	0.210	0.001
0.104	0.001	0.234	0.661
0.001	0.001	0.001	0.997
0.001	0.001	0.001	0.997
>TTGGCACTGTGC	23-TTGGCACTGTGC	12.193723	-12.931960	0	T:13.0(2.79%),B:209.0(0.53%),P:1e-5	Tpos:439.7,Tstd:238.3,Bpos:438.3,Bstd:310.7,StrandBias:-0.7,Multiplicity:1.38
0.001	0.043	0.001	0.955
0.001	0.001	0.001	0.997
0.001	0.001	0.997	0.001
0.001	0.001	0.997	0.001
0.001	0.997	0.001	0.001
0.585	0.001	0.413	0.001
0.214	0.784	0.001	0.001
0.037	0.001	0.259	0.703
0.001	0.001	0.742	0.256
0.001	0.001	0.001	0.997
0.001	0.001	0.997	0.001
0.001	0.997	0.001	0.001
>TAAAACCTTTGT	24-TAAAACCTTTGT	14.947000	-11.694330	0	T:4.0(0.86%),B:8.3(0.02%),P:1e-5	Tpos:680.0,Tstd:90.1,Bpos:498.4,Bstd:220.2,StrandBias:0.0,Multiplicity:1.50
0.001	0.001	0.001	0.997
0.997	0.001	0.001	0.001
0.997	0.001	0.001	0.001
0.997	0.001	0.001	0.001
0.997	0.001	0.001	0.001
0.001	0.997	0.001	0.001
0.001	0.997	0.001	0.001
0.191	0.001	0.001	0.807
0.001	0.001	0.001	0.997
0.001	0.001	0.001	0.997
0.001	0.001	0.997	0.001
0.001	0.001	0.001	0.997
>GCGAAAAGGGGA	25-GCGAAAAGGGGA	10.113187	-11.344636	0	T:29.0(6.22%),B:991.5(2.51%),P:1e-4	Tpos:535.5,Tstd:247.6,Bpos:518.0,Bstd:322.3,StrandBias:-0.4,Multiplicity:2.34
0.100	0.026	0.873	0.001
0.136	0.740	0.077	0.047
0.125	0.053	0.777	0.045
0.877	0.097	0.025	0.001
0.765	0.142	0.092	0.001
0.946	0.001	0.052	0.001
0.954	0.001	0.001	0.044
0.105	0.024	0.689	0.182
0.022	0.016	0.778	0.184
0.014	0.106	0.852	0.028
0.057	0.001	0.912	0.030
0.844	0.075	0.045	0.036
>AWCGMGCG	1-AWCGMGCG	5.269514	-37.235681	0	T:293.0(62.88%),B:17240.0(43.58%),P:1e-16	Tpos:510.9,Tstd:277.1,Bpos:523.7,Bstd:346.4,StrandBias:0.0,Multiplicity:1.51
0.891	0.001	0.001	0.107
0.417	0.027	0.147	0.409
0.151	0.667	0.177	0.005
0.001	0.001	0.937	0.061
0.389	0.531	0.034	0.046
0.001	0.001	0.912	0.086
0.017	0.844	0.138	0.001
0.138	0.060	0.693	0.109
>AATAAACW	2-AATAAACW	8.289929	-29.359029	0	T:256.0(54.94%),B:15063.4(38.08%),P:1e-12	Tpos:566.8,Tstd:288.5,Bpos:522.7,Bstd:313.5,StrandBias:-0.5,Multiplicity:1.43
0.653	0.256	0.090	0.001
0.916	0.082	0.001	0.001
0.001	0.001	0.001	0.997
0.668	0.330	0.001	0.001
0.997	0.001	0.001	0.001
0.782	0.216	0.001	0.001
0.001	0.651	0.001	0.347
0.564	0.001	0.001	0.434
>GCGCATTT	3-GCGCATTT	4.270146	-27.901751	0	T:209.0(44.85%),B:11535.1(29.16%),P:1e-12	Tpos:537.3,Tstd:281.4,Bpos:524.0,Bstd:334.3,StrandBias:0.3,Multiplicity:1.40
0.001	0.001	0.997	0.001
0.001	0.997	0.001	0.001
0.001	0.001	0.997	0.001
0.001	0.575	0.001	0.423
0.685	0.313	0.001	0.001
0.001	0.007	0.007	0.985
0.084	0.010	0.001	0.905
0.001	0.001	0.032	0.966
>TCGTTCTC	4-TCGTTCTC	6.206052	-27.481119	0	T:291.0(62.45%),B:18217.9(46.06%),P:1e-11	Tpos:518.2,Tstd:285.8,Bpos:509.9,Bstd:335.3,StrandBias:0.7,Multiplicity:1.44
0.001	0.054	0.017	0.928
0.001	0.848	0.001	0.150
0.041	0.001	0.893	0.065
0.111	0.042	0.037	0.810
0.001	0.062	0.027	0.910
0.034	0.964	0.001	0.001
0.001	0.015	0.016	0.968
0.001	0.737	0.215	0.047
>CAGCACGG	5-CAGCACGG	6.649205	-26.074058	0	T:99.0(21.24%),B:4077.1(10.31%),P:1e-11	Tpos:444.1,Tstd:282.5,Bpos:483.9,Bstd:330.0,StrandBias:-0.1,Multiplicity:1.16
0.001	0.946	0.001	0.052
0.869	0.114	0.001	0.016
0.001	0.040	0.958	0.001
0.046	0.817	0.043	0.094
0.940	0.022	0.037	0.001
0.089	0.840	0.045	0.026
0.001	0.001	0.827	0.171
0.001	0.062	0.906	0.031
>CGAGGCCA	6-CGAGGCCA	6.338382	-24.473330	0	T:127.0(27.25%),B:6007.5(15.19%),P:1e-10	Tpos:503.5,Tstd:280.7,Bpos:497.7,Bstd:326.6,StrandBias:-0.1,Multiplicity:1.27
0.116	0.823	0.001	0.060
0.001	0.001	0.850	0.148
0.632	0.038	0.208	0.122
0.049	0.031	0.841	0.079
0.001	0.001	0.997	0.001
0.001	0.975	0.001	0.023
0.045	0.908	0.001	0.046
0.967	0.031	0.001	0.001
>ATCGTTTA	7-ATCGTTTA	7.071172	-21.292405	0	T:111.0(23.82%),B:5233.0(13.23%),P:1e-9	Tpos:530.9,Tstd:277.5,Bpos:522.9,Bstd:319.4,StrandBias:-0.2,Multiplicity:1.09
0.902	0.001	0.096	0.001
0.131	0.213	0.001	0.655
0.001	0.997	0.001	0.001
0.001	0.001	0.997	0.001
0.001	0.106	0.001	0.892
0.001	0.001	0.001	0.997
0.001	0.001	0.001	0.997
0.997	0.001	0.001	0.001
>GTCCACGG	8-GTCCACGG	7.705385	-20.754089	0	T:77.0(16.52%),B:3124.5(7.90%),P:1e-9	Tpos:502.9,Tstd:278.5,Bpos:497.5,Bstd:338.1,StrandBias:-0.7,Multiplicity:1.20
0.378	0.001	0.620	0.001
0.001	0.001	0.373	0.625
0.001	0.997	0.001	0.001
0.293	0.705	0.001	0.001
0.696	0.001	0.302	0.001
0.001	0.997	0.001	0.001
0.001	0.001	0.997	0.001
0.001	0.001	0.997	0.001
>TCTCTTCG	9-TCTCTTCG	6.378400	-20.374014	0	T:276.0(59.23%),B:17922.4(45.31%),P:1e-8	Tpos:528.2,Tstd:289.2,Bpos:509.8,Bstd:347.0,StrandBias:0.6,Multiplicity:1.63
0.001	0.001	0.035	0.963
0.073	0.743	0.001	0.183
0.026	0.009	0.001	0.964
0.052	0.807	0.076	0.065
0.001	0.041	0.038	0.920
0.001	0.069	0.071	0.859
0.080	0.887	0.001	0.032
0.064	0.081	0.854	0.001
>TGGACATC	10-TGGACATC	8.018957	-16.403477	0	T:70.0(15.02%),B:3028.8(7.66%),P:1e-7	Tpos:403.2,Tstd:255.7,Bpos:470.3,Bstd:315.0,StrandBias:0.2,Multiplicity:1.16
0.001	0.001	0.001	0.997
0.001	0.001	0.997	0.001
0.001	0.001	0.997	0.001
0.997	0.001	0.001	0.001
0.001	0.880	0.118	0.001
0.713	0.141	0.001	0.145
0.001	0.134	0.075	0.790
0.001	0.997	0.001	0.001
>ACGACACT	11-ACGACACT	8.011523	-15.533268	0	T:60.0(12.88%),B:2486.7(6.29%),P:1e-6	Tpos:522.6,Tstd:280.1,Bpos:528.5,Bstd:334.5,StrandBias:0.2,Multiplicity:1.11
0.997	0.001	0.001	0.001
0.001	0.997	0.001	0.001
0.001	0.001	0.997	0.001
0.812	0.186	0.001	0.001
0.001	0.997	0.001	0.001
0.925	0.073	0.001	0.001
0.210	0.788	0.001	0.001
0.001	0.001	0.001	0.997
>GYTGACGC	12-GYTGACGC	6.479230	-15.433349	0	T:55.0(11.80%),B:2196.4(5.55%),P:1e-6	Tpos:480.6,Tstd:262.5,Bpos:497.2,Bstd:337.4,StrandBias:-0.4,Multiplicity:1.17
0.202	0.029	0.650	0.119
0.255	0.437	0.001	0.306
0.159	0.001	0.231	0.609
0.001	0.052	0.946	0.001
0.574	0.109	0.159	0.158
0.001	0.521	0.352	0.126
0.001	0.046	0.897	0.056
0.157	0.597	0.116	0.130
>CGTGVAGT	13-CGTGVAGT	7.881240	-14.358544	0	T:65.0(13.95%),B:2887.2(7.30%),P:1e-6	Tpos:475.3,Tstd:301.6,Bpos:481.7,Bstd:315.4,StrandBias:0.1,Multiplicity:1.08
0.001	0.997	0.001	0.001
0.001	0.053	0.832	0.114
0.001	0.093	0.054	0.852
0.050	0.001	0.554	0.395
0.414	0.299	0.285	0.001
0.704	0.056	0.054	0.186
0.001	0.059	0.939	0.001
0.050	0.001	0.181	0.768
>CTATCTCG	14-CTATCTCG	7.464637	-13.458515	0	T:114.0(24.46%),B:6290.1(15.90%),P:1e-5	Tpos:537.9,Tstd:268.0,Bpos:519.7,Bstd:328.7,StrandBias:0.2,Multiplicity:1.11
0.001	0.685	0.001	0.313
0.001	0.001	0.039	0.959
0.923	0.075	0.001	0.001
0.001	0.001	0.151	0.847
0.081	0.917	0.001	0.001
0.001	0.132	0.001	0.866
0.001	0.997	0.001	0.001
0.001	0.001	0.806	0.192
>AACTCGCG	15-AACTCGCG	5.371668	-12.201651	0	T:247.0(53.00%),B:16873.0(42.66%),P:1e-5	Tpos:501.0,Tstd:273.8,Bpos:509.9,Bstd:334.2,StrandBias:-0.2,Multiplicity:1.53
0.666	0.071	0.160	0.103
0.882	0.116	0.001	0.001
0.102	0.896	0.001	0.001
0.205	0.071	0.005	0.719
0.244	0.754	0.001	0.001
0.001	0.130	0.868	0.001
0.001	0.600	0.283	0.116
0.001	0.001	0.997	0.001
>ACGCGTTC	16-ACGCGTTC	7.641155	-11.483159	0	T:39.0(8.37%),B:1540.6(3.89%),P:1e-4	Tpos:515.0,Tstd:304.6,Bpos:500.6,Bstd:350.7,StrandBias:-0.1,Multiplicity:1.00
0.997	0.001	0.001	0.001
0.001	0.997	0.001	0.001
0.001	0.001	0.997	0.001
0.001	0.997	0.001	0.001
0.209	0.001	0.789	0.001
0.001	0.041	0.001	0.957
0.001	0.001	0.001	0.997
0.001	0.997	0.001	0.001
>TTTCTATT	17-TTTCTATT	9.565464	-10.990671	0	T:258.0(55.36%),B:18041.1(45.61%),P:1e-4	Tpos:560.7,Tstd:278.0,Bpos:535.8,Bstd:324.7,StrandBias:1.0,Multiplicity:1.54
0.001	0.001	0.001	0.997
0.001	0.059	0.001	0.939
0.001	0.001	0.001	0.997
0.001	0.997	0.001	0.001
0.001	0.001	0.001	0.997
0.762	0.001	0.001	0.236
0.001	0.001	0.001	0.997
0.001	0.001	0.001	0.997
>GGTAATCC	18-GGTAATCC	9.360064	-8.968053	0	T:19.0(4.08%),B:594.7(1.50%),P:1e-3	Tpos:401.2,Tstd:234.7,Bpos:490.1,Bstd:313.3,StrandBias:0.4,Multiplicity:1.28
0.001	0.001	0.997	0.001
0.001	0.001	0.997	0.001
0.001	0.001	0.001	0.997
0.997	0.001	0.001	0.001
0.817	0.181	0.001	0.001
0.001	0.001	0.001	0.997
0.001	0.997	0.001	0.001
0.001	0.997	0.001	0.001
>TCCCCTTT	19-TCCCCTTT	9.217813	-3.661712	0	T:29.0(6.22%),B:1663.3(4.21%),P:1e-1	Tpos:480.2,Tstd:262.9,Bpos:516.6,Bstd:316.4,StrandBias:-0.1,Multiplicity:2.38
0.001	0.001	0.001	0.997
0.001	0.997	0.001	0.001
0.001	0.997	0.001	0.001
0.001	0.997	0.001	0.001
0.001	0.997	0.001	0.001
0.001	0.001	0.157	0.841
0.001	0.001	0.001	0.997
0.001	0.001	0.001	0.997
