>TGGGTTTTTTGG	6-TGGGTTTTTTGG,BestGuess:POL007.1_BREd/Jaspar(0.607)	10.622619	-19.761561	0	T:28.0(12.50%),B:1326.4(3.30%),P:1e-8
0.078	0.152	0.126	0.644
0.001	0.001	0.946	0.052
0.001	0.038	0.759	0.202
0.056	0.001	0.922	0.021
0.053	0.001	0.173	0.773
0.080	0.120	0.001	0.799
0.076	0.033	0.001	0.890
0.001	0.106	0.001	0.892
0.001	0.079	0.001	0.919
0.033	0.001	0.001	0.965
0.201	0.001	0.763	0.035
0.111	0.001	0.772	0.116
