>GATAAGAG	1-GATAAGAG	6.931257	-29.184322	0	T:98.0(60.87%),B:12977.1(32.61%),P:1e-12	Tpos:603.2,Tstd:289.1,Bpos:535.6,Bstd:314.6,StrandBias:-0.5,Multiplicity:1.40
0.069	0.001	0.929	0.001
0.833	0.001	0.016	0.150
0.138	0.043	0.001	0.818
0.959	0.001	0.026	0.014
0.925	0.006	0.042	0.027
0.025	0.047	0.927	0.001
0.951	0.047	0.001	0.001
0.175	0.065	0.695	0.065
>TTGTTTAT	2-TTGTTTAT	7.535280	-28.688755	0	T:113.0(70.19%),B:16632.1(41.79%),P:1e-12	Tpos:591.3,Tstd:280.2,Bpos:519.5,Bstd:316.4,StrandBias:0.3,Multiplicity:1.73
0.001	0.071	0.091	0.837
0.063	0.001	0.059	0.877
0.001	0.033	0.965	0.001
0.063	0.001	0.087	0.849
0.001	0.053	0.179	0.767
0.001	0.063	0.255	0.681
0.714	0.001	0.284	0.001
0.001	0.344	0.109	0.546
>ACTGATAA	3-ACTGATAA	9.487084	-27.814937	0	T:61.0(37.89%),B:5916.4(14.87%),P:1e-12	Tpos:634.0,Tstd:277.7,Bpos:544.9,Bstd:325.3,StrandBias:-0.3,Multiplicity:1.30
0.997	0.001	0.001	0.001
0.001	0.751	0.247	0.001
0.001	0.001	0.001	0.997
0.001	0.001	0.997	0.001
0.997	0.001	0.001	0.001
0.001	0.001	0.001	0.997
0.921	0.077	0.001	0.001
0.898	0.100	0.001	0.001
>CTCTAGCC	4-CTCTAGCC	8.349578	-17.151303	0	T:23.0(14.29%),B:1465.9(3.68%),P:1e-7	Tpos:573.7,Tstd:275.4,Bpos:497.5,Bstd:298.1,StrandBias:0.7,Multiplicity:1.04
0.001	0.997	0.001	0.001
0.001	0.001	0.001	0.997
0.001	0.936	0.062	0.001
0.108	0.001	0.001	0.890
0.825	0.001	0.001	0.173
0.001	0.001	0.997	0.001
0.001	0.783	0.001	0.215
0.001	0.997	0.001	0.001
>TACGCCCA	5-TACGCCCA	7.290624	-15.769140	0	T:26.0(16.15%),B:1983.9(4.98%),P:1e-6	Tpos:439.6,Tstd:288.4,Bpos:502.0,Bstd:294.6,StrandBias:0.1,Multiplicity:1.04
0.038	0.001	0.001	0.960
0.828	0.001	0.118	0.053
0.001	0.901	0.073	0.025
0.001	0.040	0.701	0.258
0.001	0.976	0.022	0.001
0.078	0.831	0.051	0.040
0.001	0.969	0.029	0.001
0.886	0.001	0.061	0.052
>TGATCRCA	6-TGATCRCA	6.227433	-13.893494	0	T:64.0(39.75%),B:9014.7(22.65%),P:1e-6	Tpos:552.2,Tstd:291.4,Bpos:506.7,Bstd:316.5,StrandBias:-0.0,Multiplicity:1.27
0.001	0.001	0.001	0.997
0.001	0.001	0.997	0.001
0.997	0.001	0.001	0.001
0.001	0.001	0.001	0.997
0.039	0.650	0.001	0.310
0.447	0.001	0.551	0.001
0.001	0.971	0.001	0.027
0.997	0.001	0.001	0.001
>GAAGGTCA	7-GAAGGTCA	7.816529	-9.466378	0	T:39.0(24.22%),B:5160.3(12.97%),P:1e-4	Tpos:515.6,Tstd:280.1,Bpos:501.9,Bstd:310.4,StrandBias:-0.2,Multiplicity:1.28
0.098	0.001	0.863	0.038
0.924	0.034	0.041	0.001
0.956	0.028	0.015	0.001
0.207	0.014	0.778	0.001
0.204	0.053	0.742	0.001
0.001	0.011	0.001	0.987
0.022	0.916	0.001	0.061
0.838	0.110	0.011	0.041
>CAAKGGCA	8-CAAKGGCA	7.683168	-9.164618	0	T:48.0(29.81%),B:7003.9(17.60%),P:1e-3	Tpos:420.7,Tstd:299.4,Bpos:500.7,Bstd:306.5,StrandBias:0.1,Multiplicity:1.43
0.333	0.497	0.001	0.169
0.997	0.001	0.001	0.001
0.727	0.271	0.001	0.001
0.001	0.001	0.471	0.527
0.001	0.001	0.997	0.001
0.001	0.129	0.869	0.001
0.001	0.997	0.001	0.001
0.809	0.001	0.021	0.169
>TGCGACCT	9-TGCGACCT	7.264664	-5.884492	0	T:10.0(6.21%),B:855.3(2.15%),P:1e-2	Tpos:407.4,Tstd:251.9,Bpos:494.0,Bstd:303.7,StrandBias:-0.9,Multiplicity:1.70
0.111	0.001	0.001	0.887
0.001	0.001	0.997	0.001
0.001	0.997	0.001	0.001
0.001	0.001	0.997	0.001
0.997	0.001	0.001	0.001
0.001	0.997	0.001	0.001
0.001	0.798	0.200	0.001
0.001	0.001	0.001	0.997
>CCTAGGTC	10-CCTAGGTC	3.894220	-2.833996	0	T:52.0(32.30%),B:10534.9(26.47%),P:1e-1	Tpos:470.6,Tstd:276.2,Bpos:497.3,Bstd:305.8,StrandBias:-0.2,Multiplicity:1.31
0.154	0.844	0.001	0.001
0.001	0.833	0.165	0.001
0.001	0.001	0.001	0.997
0.833	0.001	0.165	0.001
0.154	0.001	0.844	0.001
0.001	0.001	0.997	0.001
0.001	0.001	0.366	0.632
0.001	0.632	0.366	0.001
>ATCCGCCG	11-ATCCGCCG	8.236954	-1.510236	0	T:2.0(1.24%),B:217.6(0.55%),P:1e0	Tpos:190.7,Tstd:134.0,Bpos:480.4,Bstd:287.6,StrandBias:-3.5,Multiplicity:6.00
0.700	0.100	0.100	0.100
0.100	0.100	0.100	0.700
0.100	0.700	0.100	0.100
0.100	0.700	0.100	0.100
0.100	0.100	0.700	0.100
0.100	0.700	0.100	0.100
0.100	0.700	0.100	0.100
0.100	0.100	0.700	0.100
