>CACTGATAAG	1-CACTGATAAG	6.050695	-36.729306	0	T:59.0(36.65%),B:4560.8(11.46%),P:1e-15	Tpos:646.4,Tstd:285.9,Bpos:548.9,Bstd:322.9,StrandBias:0.2,Multiplicity:1.22
0.149	0.564	0.140	0.147
0.638	0.119	0.105	0.138
0.138	0.571	0.143	0.148
0.130	0.115	0.108	0.647
0.134	0.145	0.581	0.140
0.624	0.104	0.131	0.141
0.133	0.144	0.117	0.606
0.599	0.138	0.121	0.142
0.604	0.115	0.125	0.156
0.146	0.146	0.567	0.141
>TGATAAGAAA	2-TGATAAGAAA	9.267373	-33.125861	0	T:69.0(42.86%),B:6584.3(16.54%),P:1e-14	Tpos:587.1,Tstd:288.6,Bpos:540.9,Bstd:313.6,StrandBias:-0.8,Multiplicity:1.15
0.181	0.020	0.066	0.733
0.001	0.001	0.997	0.001
0.908	0.066	0.025	0.001
0.123	0.139	0.001	0.737
0.997	0.001	0.001	0.001
0.895	0.001	0.019	0.085
0.056	0.208	0.735	0.001
0.997	0.001	0.001	0.001
0.711	0.095	0.020	0.174
0.832	0.020	0.045	0.103
>TGATCACATA	3-TGATCACATA	9.222900	-28.114973	0	T:30.0(18.63%),B:1499.3(3.77%),P:1e-12	Tpos:573.4,Tstd:298.8,Bpos:513.8,Bstd:317.4,StrandBias:0.4,Multiplicity:1.08
0.073	0.168	0.038	0.721
0.001	0.001	0.889	0.109
0.997	0.001	0.001	0.001
0.001	0.001	0.001	0.997
0.001	0.776	0.001	0.222
0.872	0.001	0.001	0.126
0.001	0.749	0.105	0.145
0.615	0.001	0.250	0.134
0.068	0.001	0.296	0.635
0.754	0.001	0.081	0.164
>TGATGTTKHC	4-TGATGTTKHC	7.376003	-27.319330	0	T:32.0(19.88%),B:1772.6(4.45%),P:1e-11	Tpos:556.8,Tstd:311.7,Bpos:511.8,Bstd:315.3,StrandBias:0.8,Multiplicity:1.00
0.189	0.042	0.158	0.611
0.133	0.162	0.582	0.123
0.464	0.192	0.147	0.198
0.098	0.033	0.166	0.703
0.023	0.192	0.775	0.010
0.020	0.033	0.015	0.932
0.109	0.155	0.230	0.506
0.050	0.090	0.442	0.418
0.377	0.300	0.010	0.313
0.111	0.625	0.228	0.036
>ACCTTGTCGA	5-ACCTTGTCGA	9.262419	-25.920922	0	T:20.0(12.42%),B:660.8(1.66%),P:1e-11	Tpos:482.9,Tstd:299.5,Bpos:502.1,Bstd:293.2,StrandBias:0.0,Multiplicity:1.00
0.997	0.001	0.001	0.001
0.131	0.867	0.001	0.001
0.001	0.949	0.001	0.049
0.141	0.001	0.001	0.857
0.110	0.001	0.116	0.773
0.001	0.065	0.933	0.001
0.115	0.081	0.237	0.567
0.081	0.837	0.081	0.001
0.050	0.001	0.948	0.001
0.853	0.001	0.073	0.073
>ATGTTTGTCT	6-ATGTTTGTCT	9.875485	-24.996691	0	T:34.0(21.12%),B:2188.0(5.50%),P:1e-10	Tpos:577.4,Tstd:270.7,Bpos:519.4,Bstd:310.8,StrandBias:0.1,Multiplicity:1.03
0.965	0.001	0.033	0.001
0.027	0.050	0.001	0.922
0.001	0.001	0.889	0.109
0.032	0.001	0.050	0.917
0.001	0.001	0.001	0.997
0.001	0.001	0.040	0.958
0.055	0.001	0.917	0.027
0.020	0.060	0.001	0.919
0.039	0.752	0.164	0.045
0.018	0.099	0.104	0.779
>ACATGTTGTY	7-ACATGTTGTY	9.455926	-24.271252	0	T:30.0(18.63%),B:1756.0(4.41%),P:1e-10	Tpos:545.2,Tstd:290.3,Bpos:526.1,Bstd:326.0,StrandBias:-0.7,Multiplicity:1.07
0.997	0.001	0.001	0.001
0.001	0.997	0.001	0.001
0.843	0.001	0.155	0.001
0.001	0.001	0.001	0.997
0.125	0.195	0.679	0.001
0.001	0.088	0.141	0.770
0.270	0.067	0.118	0.545
0.121	0.041	0.837	0.001
0.001	0.001	0.001	0.997
0.001	0.461	0.001	0.537
>ATGGAGGGGC	8-ATGGAGGGGC	10.247224	-23.344413	0	T:11.0(6.83%),B:152.5(0.38%),P:1e-10	Tpos:635.6,Tstd:273.1,Bpos:428.3,Bstd:294.0,StrandBias:-0.8,Multiplicity:1.00
0.997	0.001	0.001	0.001
0.099	0.001	0.001	0.899
0.001	0.135	0.863	0.001
0.001	0.001	0.997	0.001
0.918	0.001	0.001	0.080
0.001	0.222	0.776	0.001
0.001	0.001	0.901	0.097
0.078	0.001	0.849	0.072
0.001	0.241	0.757	0.001
0.001	0.997	0.001	0.001
>CTAGACTATG	9-CTAGACTATG	9.969604	-23.322617	0	T:16.0(9.94%),B:445.9(1.12%),P:1e-10	Tpos:621.0,Tstd:156.7,Bpos:480.5,Bstd:320.4,StrandBias:-1.0,Multiplicity:1.00
0.001	0.997	0.001	0.001
0.001	0.001	0.087	0.911
0.837	0.001	0.095	0.067
0.048	0.001	0.877	0.074
0.907	0.091	0.001	0.001
0.001	0.840	0.097	0.062
0.056	0.001	0.001	0.942
0.892	0.106	0.001	0.001
0.001	0.001	0.072	0.926
0.056	0.001	0.942	0.001
>ATATTAMAGC	10-ATATTAMAGC	9.625541	-22.186330	0	T:22.0(13.66%),B:1013.7(2.55%),P:1e-9	Tpos:511.6,Tstd:342.0,Bpos:520.1,Bstd:301.6,StrandBias:-0.8,Multiplicity:1.05
0.997	0.001	0.001	0.001
0.001	0.001	0.277	0.721
0.737	0.001	0.261	0.001
0.001	0.001	0.255	0.743
0.001	0.001	0.001	0.997
0.997	0.001	0.001	0.001
0.523	0.475	0.001	0.001
0.719	0.279	0.001	0.001
0.001	0.001	0.997	0.001
0.209	0.789	0.001	0.001
>GCATAACATG	11-GCATAACATG	9.896198	-21.747853	0	T:17.0(10.56%),B:577.1(1.45%),P:1e-9	Tpos:515.2,Tstd:263.6,Bpos:498.4,Bstd:321.5,StrandBias:-0.5,Multiplicity:1.00
0.001	0.001	0.943	0.055
0.001	0.925	0.001	0.073
0.997	0.001	0.001	0.001
0.001	0.001	0.057	0.941
0.790	0.208	0.001	0.001
0.997	0.001	0.001	0.001
0.036	0.869	0.094	0.001
0.827	0.109	0.001	0.063
0.001	0.001	0.001	0.997
0.080	0.094	0.785	0.041
>NGTAAACAAN	12-NGTAAACAAN	6.362976	-21.298092	0	T:27.0(16.77%),B:1621.7(4.07%),P:1e-9	Tpos:632.0,Tstd:255.9,Bpos:532.0,Bstd:308.9,StrandBias:-0.2,Multiplicity:1.11
0.255	0.263	0.240	0.241
0.164	0.150	0.540	0.146
0.161	0.151	0.155	0.533
0.564	0.146	0.130	0.160
0.561	0.148	0.146	0.145
0.570	0.146	0.139	0.145
0.146	0.575	0.152	0.127
0.553	0.152	0.144	0.151
0.564	0.129	0.147	0.160
0.250	0.233	0.276	0.242
>AGGGCAGAAA	13-AGGGCAGAAA	9.414699	-21.087155	0	T:22.0(13.66%),B:1076.9(2.71%),P:1e-9	Tpos:584.0,Tstd:252.1,Bpos:514.3,Bstd:311.6,StrandBias:-2.2,Multiplicity:1.10
0.933	0.065	0.001	0.001
0.036	0.047	0.916	0.001
0.001	0.072	0.824	0.103
0.001	0.001	0.966	0.032
0.001	0.997	0.001	0.001
0.952	0.001	0.001	0.046
0.075	0.180	0.744	0.001
0.997	0.001	0.001	0.001
0.813	0.001	0.079	0.107
0.907	0.091	0.001	0.001
>TGGCGTCCAC	14-TGGCGTCCAC	9.698103	-21.018755	0	T:10.0(6.21%),B:143.6(0.36%),P:1e-9	Tpos:596.4,Tstd:253.1,Bpos:479.9,Bstd:271.7,StrandBias:0.8,Multiplicity:1.10
0.001	0.143	0.001	0.855
0.192	0.001	0.806	0.001
0.001	0.001	0.997	0.001
0.100	0.898	0.001	0.001
0.001	0.001	0.997	0.001
0.001	0.001	0.085	0.913
0.001	0.997	0.001	0.001
0.001	0.894	0.104	0.001
0.885	0.001	0.001	0.113
0.118	0.880	0.001	0.001
>TTGAATGATA	15-TTGAATGATA	8.584835	-19.906529	0	T:48.0(29.81%),B:4838.0(12.16%),P:1e-8	Tpos:511.3,Tstd:284.2,Bpos:504.7,Bstd:324.1,StrandBias:-0.2,Multiplicity:1.09
0.077	0.184	0.045	0.694
0.001	0.001	0.001	0.997
0.114	0.001	0.884	0.001
0.522	0.312	0.165	0.001
0.836	0.137	0.001	0.026
0.048	0.001	0.101	0.850
0.043	0.001	0.955	0.001
0.692	0.001	0.119	0.188
0.055	0.001	0.001	0.943
0.639	0.161	0.087	0.113
>GTTTGTTGAT	16-GTTTGTTGAT	9.463766	-19.474806	0	T:41.0(25.47%),B:3760.9(9.45%),P:1e-8	Tpos:537.1,Tstd:296.3,Bpos:494.6,Bstd:317.4,StrandBias:0.5,Multiplicity:1.18
0.057	0.030	0.835	0.078
0.148	0.037	0.001	0.814
0.001	0.001	0.001	0.997
0.038	0.001	0.037	0.924
0.012	0.001	0.952	0.035
0.023	0.001	0.001	0.975
0.035	0.001	0.001	0.963
0.001	0.021	0.956	0.022
0.804	0.001	0.001	0.194
0.105	0.099	0.001	0.795
>ACTCCCAGTC	17-ACTCCCAGTC	10.451574	-19.334030	0	T:13.0(8.07%),B:356.9(0.90%),P:1e-8	Tpos:583.0,Tstd:322.1,Bpos:490.2,Bstd:317.9,StrandBias:-1.2,Multiplicity:1.00
0.921	0.001	0.001	0.077
0.001	0.917	0.001	0.081
0.001	0.001	0.001	0.997
0.001	0.908	0.090	0.001
0.001	0.922	0.001	0.076
0.067	0.931	0.001	0.001
0.997	0.001	0.001	0.001
0.001	0.001	0.921	0.077
0.105	0.001	0.001	0.893
0.001	0.852	0.069	0.078
>CACATAAACA	18-CACATAAACA	10.122186	-17.512951	0	T:25.0(15.53%),B:1684.6(4.23%),P:1e-7	Tpos:495.4,Tstd:313.3,Bpos:510.9,Bstd:321.3,StrandBias:0.6,Multiplicity:1.14
0.027	0.839	0.079	0.055
0.832	0.001	0.166	0.001
0.117	0.698	0.090	0.095
0.755	0.097	0.147	0.001
0.033	0.108	0.001	0.858
0.986	0.012	0.001	0.001
0.798	0.117	0.084	0.001
0.913	0.085	0.001	0.001
0.005	0.883	0.105	0.007
0.997	0.001	0.001	0.001
>AGAAAACAGT	19-AGAAAACAGT	9.436049	-16.443444	0	T:50.0(31.06%),B:5756.0(14.46%),P:1e-7	Tpos:617.7,Tstd:261.2,Bpos:518.9,Bstd:317.7,StrandBias:-0.5,Multiplicity:1.16
0.751	0.058	0.045	0.146
0.001	0.001	0.997	0.001
0.997	0.001	0.001	0.001
0.997	0.001	0.001	0.001
0.901	0.001	0.097	0.001
0.917	0.081	0.001	0.001
0.139	0.799	0.029	0.033
0.843	0.001	0.001	0.155
0.106	0.001	0.892	0.001
0.093	0.001	0.001	0.905
>CCCGCGGGTC	20-CCCGCGGGTC	11.038702	-15.675224	0	T:5.0(3.11%),B:26.4(0.07%),P:1e-6	Tpos:552.0,Tstd:324.9,Bpos:549.5,Bstd:239.6,StrandBias:0.7,Multiplicity:1.20
0.001	0.997	0.001	0.001
0.001	0.997	0.001	0.001
0.133	0.725	0.001	0.141
0.001	0.001	0.997	0.001
0.140	0.858	0.001	0.001
0.001	0.001	0.997	0.001
0.001	0.001	0.997	0.001
0.001	0.001	0.997	0.001
0.262	0.001	0.001	0.736
0.001	0.866	0.132	0.001
>AAAATGGCAT	21-AAAATGGCAT	8.965880	-12.601850	0	T:14.0(8.70%),B:760.0(1.91%),P:1e-5	Tpos:274.4,Tstd:271.0,Bpos:502.5,Bstd:313.0,StrandBias:1.0,Multiplicity:1.71
0.654	0.001	0.001	0.344
0.997	0.001	0.001	0.001
0.724	0.274	0.001	0.001
0.978	0.020	0.001	0.001
0.001	0.001	0.195	0.803
0.001	0.001	0.997	0.001
0.001	0.001	0.997	0.001
0.001	0.997	0.001	0.001
0.997	0.001	0.001	0.001
0.001	0.001	0.001	0.997
>CTCTTAACCT	22-CTCTTAACCT	9.276641	-9.669052	0	T:11.0(6.83%),B:630.1(1.58%),P:1e-4	Tpos:369.3,Tstd:193.6,Bpos:523.4,Bstd:310.0,StrandBias:-1.0,Multiplicity:1.36
0.001	0.876	0.001	0.122
0.001	0.001	0.234	0.764
0.001	0.847	0.151	0.001
0.047	0.001	0.001	0.951
0.023	0.165	0.001	0.811
0.997	0.001	0.001	0.001
0.759	0.239	0.001	0.001
0.001	0.997	0.001	0.001
0.049	0.627	0.289	0.035
0.001	0.001	0.001	0.997
>CGACCTAGGT	23-CGACCTAGGT	11.302749	-8.766256	0	T:3.0(1.86%),B:23.7(0.06%),P:1e-3	Tpos:509.6,Tstd:246.4,Bpos:478.6,Bstd:343.5,StrandBias:0.0,Multiplicity:2.00
0.001	0.997	0.001	0.001
0.001	0.001	0.997	0.001
0.997	0.001	0.001	0.001
0.001	0.997	0.001	0.001
0.001	0.870	0.128	0.001
0.001	0.001	0.001	0.997
0.907	0.001	0.001	0.091
0.001	0.001	0.997	0.001
0.001	0.001	0.997	0.001
0.001	0.001	0.001	0.997
>ABCCCCTAGG	24-ABCCCCTAGG	10.806742	-3.912800	0	T:1.0(0.62%),B:4.7(0.01%),P:1e-1	Tpos:287.7,Tstd:21.2,Bpos:401.6,Bstd:261.4,StrandBias:-10.0,Multiplicity:3.00
0.659	0.001	0.014	0.326
0.045	0.344	0.297	0.314
0.001	0.687	0.001	0.311
0.001	0.687	0.311	0.001
0.001	0.985	0.001	0.013
0.297	0.688	0.001	0.014
0.001	0.001	0.001	0.997
0.997	0.001	0.001	0.001
0.330	0.014	0.655	0.001
0.001	0.001	0.997	0.001
>TGCGGCGGAT	25-TGCGGCGGAT	10.296193	-3.229634	0	T:1.0(0.62%),B:10.0(0.03%),P:1e-1	Tpos:162.5,Tstd:100.6,Bpos:340.1,Bstd:224.1,StrandBias:10.0,Multiplicity:11.00
0.100	0.100	0.100	0.700
0.100	0.100	0.700	0.100
0.100	0.700	0.100	0.100
0.100	0.100	0.700	0.100
0.100	0.100	0.700	0.100
0.100	0.700	0.100	0.100
0.100	0.100	0.700	0.100
0.100	0.100	0.700	0.100
0.700	0.100	0.100	0.100
0.100	0.100	0.100	0.700
