>TCTCTCACAC	1-TCTCTCACAC	8.419658	-12.789308	0	T:13.0(37.14%),B:3055.1(8.44%),P:1e-5	Tpos:511.9,Tstd:213.7,Bpos:545.6,Bstd:374.0,StrandBias:0.5,Multiplicity:1.31
0.001	0.001	0.001	0.997
0.001	0.923	0.001	0.075
0.001	0.001	0.001	0.997
0.146	0.852	0.001	0.001
0.001	0.001	0.001	0.997
0.001	0.997	0.001	0.001
0.680	0.083	0.099	0.138
0.100	0.898	0.001	0.001
0.892	0.001	0.106	0.001
0.086	0.833	0.001	0.080
>CAATAAATTG	2-CAATAAATTG	11.079520	-12.223793	0	T:8.0(22.86%),B:1021.4(2.82%),P:1e-5	Tpos:439.3,Tstd:297.4,Bpos:497.7,Bstd:330.2,StrandBias:-0.3,Multiplicity:1.12
0.001	0.997	0.001	0.001
0.997	0.001	0.001	0.001
0.997	0.001	0.001	0.001
0.001	0.001	0.091	0.907
0.827	0.001	0.171	0.001
0.997	0.001	0.001	0.001
0.997	0.001	0.001	0.001
0.001	0.001	0.159	0.839
0.001	0.001	0.001	0.997
0.001	0.001	0.997	0.001
>CCCCTATTTT	3-CCCCTATTTT	11.597191	-10.186432	0	T:7.0(20.00%),B:980.2(2.71%),P:1e-4	Tpos:456.2,Tstd:338.2,Bpos:550.8,Bstd:372.9,StrandBias:0.3,Multiplicity:1.29
0.001	0.997	0.001	0.001
0.001	0.997	0.001	0.001
0.001	0.672	0.326	0.001
0.001	0.997	0.001	0.001
0.326	0.001	0.001	0.672
0.997	0.001	0.001	0.001
0.001	0.001	0.001	0.997
0.001	0.001	0.001	0.997
0.001	0.001	0.001	0.997
0.001	0.001	0.001	0.997
>TTCAGCTCGC	4-TTCAGCTCGC	11.053193	-9.518841	0	T:4.0(11.43%),B:228.7(0.63%),P:1e-4	Tpos:438.3,Tstd:136.3,Bpos:478.5,Bstd:325.0,StrandBias:-1.3,Multiplicity:1.50
0.001	0.001	0.001	0.997
0.001	0.001	0.001	0.997
0.001	0.842	0.156	0.001
0.997	0.001	0.001	0.001
0.145	0.001	0.853	0.001
0.001	0.861	0.001	0.137
0.001	0.001	0.172	0.826
0.140	0.858	0.001	0.001
0.001	0.124	0.874	0.001
0.001	0.997	0.001	0.001
>TGTGTCCGRT	5-TGTGTCCGRT	11.983402	-9.330878	0	T:3.0(8.57%),B:86.8(0.24%),P:1e-4	Tpos:325.7,Tstd:164.3,Bpos:438.8,Bstd:345.1,StrandBias:-1.0,Multiplicity:1.00
0.001	0.001	0.089	0.909
0.001	0.001	0.612	0.386
0.010	0.103	0.001	0.886
0.001	0.001	0.997	0.001
0.001	0.001	0.001	0.997
0.001	0.997	0.001	0.001
0.001	0.997	0.001	0.001
0.001	0.001	0.997	0.001
0.490	0.001	0.500	0.009
0.001	0.001	0.001	0.997
>KGRTAATCCT	6-KGRTAATCCT	11.251023	-9.169238	0	T:4.0(11.43%),B:251.0(0.69%),P:1e-3	Tpos:532.8,Tstd:287.7,Bpos:436.1,Bstd:400.3,StrandBias:-1.6,Multiplicity:1.00
0.001	0.001	0.486	0.512
0.001	0.001	0.997	0.001
0.454	0.001	0.544	0.001
0.001	0.001	0.001	0.997
0.908	0.001	0.001	0.090
0.997	0.001	0.001	0.001
0.001	0.001	0.001	0.997
0.001	0.997	0.001	0.001
0.001	0.997	0.001	0.001
0.001	0.001	0.373	0.625
>GGAGTGAAGGAA	1-GGAGTGAAGGAA	10.741160	-19.877006	0	T:7.0(20.00%),B:225.0(0.62%),P:1e-8	Tpos:412.4,Tstd:225.2,Bpos:537.9,Bstd:409.7,StrandBias:-0.4,Multiplicity:1.00
0.160	0.001	0.617	0.222
0.001	0.001	0.997	0.001
0.751	0.001	0.027	0.221
0.001	0.221	0.777	0.001
0.001	0.001	0.416	0.582
0.165	0.001	0.635	0.199
0.777	0.001	0.001	0.221
0.618	0.221	0.001	0.160
0.001	0.001	0.997	0.001
0.164	0.001	0.834	0.001
0.773	0.001	0.199	0.027
0.834	0.164	0.001	0.001
>TTTTTATCGATT	2-TTTTTATCGATT	12.986903	-18.937447	0	T:11.0(31.43%),B:1129.3(3.12%),P:1e-8	Tpos:554.9,Tstd:249.4,Bpos:575.4,Bstd:373.2,StrandBias:1.2,Multiplicity:1.18
0.001	0.001	0.001	0.997
0.001	0.001	0.001	0.997
0.001	0.001	0.001	0.997
0.172	0.001	0.001	0.826
0.115	0.001	0.001	0.883
0.945	0.001	0.001	0.053
0.001	0.001	0.001	0.997
0.139	0.798	0.001	0.062
0.225	0.001	0.622	0.152
0.997	0.001	0.001	0.001
0.001	0.001	0.001	0.997
0.001	0.001	0.001	0.997
>CATATTAACGTC	3-CATATTAACGTC	7.448488	-18.860901	0	T:6.0(17.14%),B:143.1(0.40%),P:1e-8	Tpos:458.8,Tstd:331.4,Bpos:539.0,Bstd:393.1,StrandBias:1.0,Multiplicity:1.00
0.001	0.997	0.001	0.001
0.997	0.001	0.001	0.001
0.001	0.128	0.001	0.870
0.997	0.001	0.001	0.001
0.001	0.001	0.001	0.997
0.001	0.001	0.001	0.997
0.997	0.001	0.001	0.001
0.997	0.001	0.001	0.001
0.058	0.877	0.064	0.001
0.001	0.001	0.997	0.001
0.001	0.001	0.001	0.997
0.064	0.934	0.001	0.001
>ACAATAAATTGC	4-ACAATAAATTGC	12.922152	-18.547348	0	T:6.0(17.14%),B:151.3(0.42%),P:1e-8	Tpos:423.6,Tstd:292.3,Bpos:463.6,Bstd:276.6,StrandBias:-0.4,Multiplicity:1.17
0.760	0.001	0.238	0.001
0.001	0.997	0.001	0.001
0.997	0.001	0.001	0.001
0.997	0.001	0.001	0.001
0.130	0.001	0.001	0.868
0.720	0.001	0.278	0.001
0.997	0.001	0.001	0.001
0.997	0.001	0.001	0.001
0.001	0.001	0.001	0.997
0.001	0.001	0.001	0.997
0.001	0.001	0.997	0.001
0.001	0.830	0.001	0.168
>CWGAAAACATCG	5-CWGAAAACATCG	13.455757	-16.887735	0	T:5.0(14.29%),B:96.1(0.27%),P:1e-7	Tpos:372.4,Tstd:276.2,Bpos:502.4,Bstd:342.7,StrandBias:-0.6,Multiplicity:1.00
0.001	0.997	0.001	0.001
0.519	0.001	0.001	0.479
0.001	0.001	0.997	0.001
0.997	0.001	0.001	0.001
0.997	0.001	0.001	0.001
0.997	0.001	0.001	0.001
0.997	0.001	0.001	0.001
0.094	0.904	0.001	0.001
0.792	0.206	0.001	0.001
0.001	0.001	0.001	0.997
0.001	0.657	0.341	0.001
0.174	0.001	0.824	0.001
>ATCCTAATTTTC	6-ATCCTAATTTTC	13.830523	-16.199080	0	T:6.0(17.14%),B:227.4(0.63%),P:1e-7	Tpos:253.7,Tstd:185.0,Bpos:489.6,Bstd:401.8,StrandBias:1.3,Multiplicity:1.17
0.997	0.001	0.001	0.001
0.001	0.001	0.001	0.997
0.001	0.813	0.185	0.001
0.001	0.660	0.188	0.151
0.001	0.001	0.001	0.997
0.997	0.001	0.001	0.001
0.837	0.001	0.001	0.161
0.001	0.001	0.001	0.997
0.001	0.001	0.001	0.997
0.001	0.001	0.001	0.997
0.001	0.001	0.001	0.997
0.001	0.860	0.001	0.138
>ATTCCTTCACCG	7-ATTCCTTCACCG	14.341469	-15.264686	0	T:3.0(8.57%),B:10.9(0.03%),P:1e-6	Tpos:607.5,Tstd:224.7,Bpos:448.8,Bstd:239.2,StrandBias:1.6,Multiplicity:1.33
0.997	0.001	0.001	0.001
0.001	0.001	0.001	0.997
0.001	0.001	0.001	0.997
0.001	0.797	0.001	0.201
0.001	0.997	0.001	0.001
0.001	0.001	0.280	0.718
0.001	0.001	0.001	0.997
0.001	0.997	0.001	0.001
0.718	0.280	0.001	0.001
0.001	0.997	0.001	0.001
0.001	0.997	0.001	0.001
0.001	0.001	0.997	0.001
>GACATGGCAACG	8-GACATGGCAACG	8.548781	-15.180439	0	T:11.0(31.43%),B:1639.0(4.53%),P:1e-6	Tpos:685.3,Tstd:214.9,Bpos:520.1,Bstd:343.3,StrandBias:-1.2,Multiplicity:1.18
0.145	0.117	0.737	0.001
0.773	0.108	0.058	0.061
0.263	0.626	0.110	0.001
0.615	0.001	0.267	0.117
0.061	0.044	0.055	0.840
0.172	0.001	0.766	0.061
0.044	0.055	0.765	0.136
0.198	0.647	0.154	0.001
0.997	0.001	0.001	0.001
0.765	0.117	0.117	0.001
0.136	0.763	0.040	0.061
0.001	0.061	0.720	0.218
>AAATCAATAAGC	9-AAATCAATAAGC	14.305608	-13.886532	0	T:3.0(8.57%),B:17.1(0.05%),P:1e-6	Tpos:724.0,Tstd:333.8,Bpos:618.1,Bstd:235.1,StrandBias:-1.0,Multiplicity:1.00
0.691	0.001	0.307	0.001
0.997	0.001	0.001	0.001
0.997	0.001	0.001	0.001
0.001	0.001	0.001	0.997
0.160	0.562	0.001	0.277
0.691	0.307	0.001	0.001
0.997	0.001	0.001	0.001
0.160	0.001	0.199	0.640
0.997	0.001	0.001	0.001
0.722	0.001	0.276	0.001
0.001	0.001	0.799	0.199
0.001	0.997	0.001	0.001
>GACCGCCCATCT	10-GACCGCCCATCT	8.720731	-13.595777	0	T:9.0(25.71%),B:1163.3(3.21%),P:1e-5	Tpos:624.3,Tstd:189.3,Bpos:505.8,Bstd:377.9,StrandBias:0.5,Multiplicity:1.33
0.001	0.133	0.733	0.133
0.703	0.148	0.001	0.148
0.281	0.451	0.267	0.001
0.001	0.997	0.001	0.001
0.001	0.281	0.585	0.133
0.001	0.997	0.001	0.001
0.414	0.584	0.001	0.001
0.148	0.718	0.001	0.133
0.585	0.133	0.001	0.281
0.001	0.001	0.001	0.997
0.001	0.851	0.001	0.147
0.001	0.001	0.147	0.851
>TTGWGAGAGAGA	11-TTGWGAGAGAGA	11.106825	-12.671872	0	T:7.0(20.00%),B:665.6(1.84%),P:1e-5	Tpos:551.4,Tstd:205.4,Bpos:542.5,Bstd:375.1,StrandBias:-2.6,Multiplicity:1.00
0.001	0.001	0.007	0.991
0.013	0.302	0.207	0.478
0.001	0.001	0.993	0.005
0.453	0.001	0.001	0.545
0.001	0.001	0.997	0.001
0.697	0.001	0.001	0.301
0.001	0.001	0.997	0.001
0.997	0.001	0.001	0.001
0.001	0.001	0.997	0.001
0.775	0.001	0.001	0.223
0.206	0.001	0.792	0.001
0.775	0.001	0.001	0.223
>TTTTCAGTTGCT	12-TTTTCAGTTGCT	13.661924	-11.988935	0	T:5.0(14.29%),B:267.6(0.74%),P:1e-5	Tpos:490.3,Tstd:268.0,Bpos:503.6,Bstd:370.9,StrandBias:1.0,Multiplicity:1.20
0.001	0.001	0.001	0.997
0.001	0.001	0.001	0.997
0.001	0.001	0.001	0.997
0.001	0.184	0.001	0.814
0.001	0.997	0.001	0.001
0.997	0.001	0.001	0.001
0.001	0.001	0.848	0.150
0.001	0.125	0.001	0.873
0.001	0.001	0.001	0.997
0.145	0.001	0.756	0.098
0.001	0.884	0.001	0.114
0.001	0.001	0.001	0.997
>GCTCCGCGWGCT	13-GCTCCGCGWGCT	5.096585	-7.336697	0	T:21.0(60.00%),B:11643.1(32.17%),P:1e-3	Tpos:484.7,Tstd:291.3,Bpos:494.5,Bstd:1282.7,StrandBias:-0.1,Multiplicity:1.62
0.001	0.001	0.768	0.230
0.001	0.812	0.102	0.085
0.001	0.102	0.121	0.776
0.001	0.568	0.211	0.220
0.121	0.692	0.085	0.102
0.109	0.001	0.781	0.109
0.001	0.985	0.001	0.013
0.109	0.121	0.649	0.121
0.443	0.001	0.231	0.326
0.001	0.001	0.997	0.001
0.085	0.805	0.001	0.109
0.013	0.001	0.243	0.743
>GCTCTCAGAGCA	14-GCTCTCAGAGCA	16.163261	-4.748631	0	T:1.0(2.86%),B:8.8(0.02%),P:1e-2	Tpos:479.0,Tstd:0.0,Bpos:592.0,Bstd:336.9,StrandBias:-10.0,Multiplicity:1.00
0.001	0.001	0.997	0.001
0.001	0.997	0.001	0.001
0.001	0.001	0.001	0.997
0.001	0.997	0.001	0.001
0.071	0.001	0.098	0.830
0.001	0.997	0.001	0.001
0.830	0.001	0.168	0.001
0.068	0.001	0.930	0.001
0.997	0.001	0.001	0.001
0.001	0.001	0.997	0.001
0.001	0.997	0.001	0.001
0.997	0.001	0.001	0.001
>GGGTCACA	1-GGGTCACA	8.473633	-11.876073	0	T:12.0(34.29%),B:2791.8(7.71%),P:1e-5	Tpos:575.6,Tstd:272.9,Bpos:524.4,Bstd:362.1,StrandBias:-0.2,Multiplicity:1.25
0.001	0.001	0.997	0.001
0.001	0.001	0.997	0.001
0.001	0.001	0.997	0.001
0.405	0.001	0.001	0.593
0.379	0.619	0.001	0.001
0.796	0.001	0.001	0.202
0.001	0.997	0.001	0.001
0.997	0.001	0.001	0.001
>TGAGAGCG	2-TGAGAGCG	7.015830	-11.422055	0	T:17.0(48.57%),B:5967.3(16.49%),P:1e-4	Tpos:552.1,Tstd:211.1,Bpos:518.4,Bstd:372.1,StrandBias:-0.1,Multiplicity:1.35
0.008	0.001	0.013	0.978
0.001	0.001	0.809	0.189
0.838	0.148	0.001	0.013
0.001	0.001	0.877	0.121
0.610	0.388	0.001	0.001
0.073	0.156	0.760	0.011
0.303	0.695	0.001	0.001
0.122	0.110	0.695	0.073
>AACCCACA	3-AACCCACA	7.089809	-9.528765	0	T:16.0(45.71%),B:6140.5(16.97%),P:1e-4	Tpos:520.3,Tstd:312.5,Bpos:499.7,Bstd:810.5,StrandBias:-0.1,Multiplicity:1.31
0.888	0.051	0.001	0.060
0.723	0.128	0.148	0.001
0.001	0.997	0.001	0.001
0.001	0.942	0.056	0.001
0.001	0.777	0.221	0.001
0.844	0.087	0.001	0.068
0.001	0.586	0.001	0.412
0.676	0.070	0.079	0.175
>CGACAATT	4-CGACAATT	8.236954	-6.730016	0	T:7.0(20.00%),B:1732.1(4.79%),P:1e-2	Tpos:379.9,Tstd:143.7,Bpos:507.5,Bstd:365.4,StrandBias:-0.7,Multiplicity:1.14
0.100	0.700	0.100	0.100
0.100	0.100	0.700	0.100
0.700	0.100	0.100	0.100
0.100	0.700	0.100	0.100
0.700	0.100	0.100	0.100
0.700	0.100	0.100	0.100
0.100	0.100	0.100	0.700
0.100	0.100	0.100	0.700
>GCGCAGCA	5-GCGCAGCA	7.009041	-5.589876	0	T:14.0(40.00%),B:6976.5(19.28%),P:1e-2	Tpos:529.2,Tstd:245.9,Bpos:506.7,Bstd:843.7,StrandBias:-0.3,Multiplicity:1.50
0.141	0.001	0.857	0.001
0.001	0.852	0.146	0.001
0.074	0.001	0.924	0.001
0.001	0.800	0.198	0.001
0.639	0.001	0.001	0.359
0.001	0.001	0.997	0.001
0.383	0.615	0.001	0.001
0.997	0.001	0.001	0.001
