>TCTCTCACAC	1-TCTCTCACAC	8.419658	-12.789308	0	T:13.0(37.14%),B:3055.1(8.44%),P:1e-5	Tpos:511.9,Tstd:213.7,Bpos:545.6,Bstd:374.0,StrandBias:0.5,Multiplicity:1.31
0.001	0.001	0.001	0.997
0.001	0.923	0.001	0.075
0.001	0.001	0.001	0.997
0.146	0.852	0.001	0.001
0.001	0.001	0.001	0.997
0.001	0.997	0.001	0.001
0.680	0.083	0.099	0.138
0.100	0.898	0.001	0.001
0.892	0.001	0.106	0.001
0.086	0.833	0.001	0.080
>CAATAAATTG	2-CAATAAATTG	11.079520	-12.223793	0	T:8.0(22.86%),B:1021.4(2.82%),P:1e-5	Tpos:439.3,Tstd:297.4,Bpos:497.7,Bstd:330.2,StrandBias:-0.3,Multiplicity:1.12
0.001	0.997	0.001	0.001
0.997	0.001	0.001	0.001
0.997	0.001	0.001	0.001
0.001	0.001	0.091	0.907
0.827	0.001	0.171	0.001
0.997	0.001	0.001	0.001
0.997	0.001	0.001	0.001
0.001	0.001	0.159	0.839
0.001	0.001	0.001	0.997
0.001	0.001	0.997	0.001
>CCCCTATTTT	3-CCCCTATTTT	11.597191	-10.186432	0	T:7.0(20.00%),B:980.2(2.71%),P:1e-4	Tpos:456.2,Tstd:338.2,Bpos:550.8,Bstd:372.9,StrandBias:0.3,Multiplicity:1.29
0.001	0.997	0.001	0.001
0.001	0.997	0.001	0.001
0.001	0.672	0.326	0.001
0.001	0.997	0.001	0.001
0.326	0.001	0.001	0.672
0.997	0.001	0.001	0.001
0.001	0.001	0.001	0.997
0.001	0.001	0.001	0.997
0.001	0.001	0.001	0.997
0.001	0.001	0.001	0.997
>TTCAGCTCGC	4-TTCAGCTCGC	11.053193	-9.518841	0	T:4.0(11.43%),B:228.7(0.63%),P:1e-4	Tpos:438.3,Tstd:136.3,Bpos:478.5,Bstd:325.0,StrandBias:-1.3,Multiplicity:1.50
0.001	0.001	0.001	0.997
0.001	0.001	0.001	0.997
0.001	0.842	0.156	0.001
0.997	0.001	0.001	0.001
0.145	0.001	0.853	0.001
0.001	0.861	0.001	0.137
0.001	0.001	0.172	0.826
0.140	0.858	0.001	0.001
0.001	0.124	0.874	0.001
0.001	0.997	0.001	0.001
>TGTGTCCGRT	5-TGTGTCCGRT	11.983402	-9.330878	0	T:3.0(8.57%),B:86.8(0.24%),P:1e-4	Tpos:325.7,Tstd:164.3,Bpos:438.8,Bstd:345.1,StrandBias:-1.0,Multiplicity:1.00
0.001	0.001	0.089	0.909
0.001	0.001	0.612	0.386
0.010	0.103	0.001	0.886
0.001	0.001	0.997	0.001
0.001	0.001	0.001	0.997
0.001	0.997	0.001	0.001
0.001	0.997	0.001	0.001
0.001	0.001	0.997	0.001
0.490	0.001	0.500	0.009
0.001	0.001	0.001	0.997
>KGRTAATCCT	6-KGRTAATCCT	11.251023	-9.169238	0	T:4.0(11.43%),B:251.0(0.69%),P:1e-3	Tpos:532.8,Tstd:287.7,Bpos:436.1,Bstd:400.3,StrandBias:-1.6,Multiplicity:1.00
0.001	0.001	0.486	0.512
0.001	0.001	0.997	0.001
0.454	0.001	0.544	0.001
0.001	0.001	0.001	0.997
0.908	0.001	0.001	0.090
0.997	0.001	0.001	0.001
0.001	0.001	0.001	0.997
0.001	0.997	0.001	0.001
0.001	0.997	0.001	0.001
0.001	0.001	0.373	0.625
