>GGGTCACA	1-GGGTCACA	8.473633	-11.876073	0	T:12.0(34.29%),B:2791.8(7.71%),P:1e-5	Tpos:575.6,Tstd:272.9,Bpos:524.4,Bstd:362.1,StrandBias:-0.2,Multiplicity:1.25
0.001	0.001	0.997	0.001
0.001	0.001	0.997	0.001
0.001	0.001	0.997	0.001
0.405	0.001	0.001	0.593
0.379	0.619	0.001	0.001
0.796	0.001	0.001	0.202
0.001	0.997	0.001	0.001
0.997	0.001	0.001	0.001
>TGAGAGCG	2-TGAGAGCG	7.015830	-11.422055	0	T:17.0(48.57%),B:5967.3(16.49%),P:1e-4	Tpos:552.1,Tstd:211.1,Bpos:518.4,Bstd:372.1,StrandBias:-0.1,Multiplicity:1.35
0.008	0.001	0.013	0.978
0.001	0.001	0.809	0.189
0.838	0.148	0.001	0.013
0.001	0.001	0.877	0.121
0.610	0.388	0.001	0.001
0.073	0.156	0.760	0.011
0.303	0.695	0.001	0.001
0.122	0.110	0.695	0.073
>AACCCACA	3-AACCCACA	7.089809	-9.528765	0	T:16.0(45.71%),B:6140.5(16.97%),P:1e-4	Tpos:520.3,Tstd:312.5,Bpos:499.7,Bstd:810.5,StrandBias:-0.1,Multiplicity:1.31
0.888	0.051	0.001	0.060
0.723	0.128	0.148	0.001
0.001	0.997	0.001	0.001
0.001	0.942	0.056	0.001
0.001	0.777	0.221	0.001
0.844	0.087	0.001	0.068
0.001	0.586	0.001	0.412
0.676	0.070	0.079	0.175
>CGACAATT	4-CGACAATT	8.236954	-6.730016	0	T:7.0(20.00%),B:1732.1(4.79%),P:1e-2	Tpos:379.9,Tstd:143.7,Bpos:507.5,Bstd:365.4,StrandBias:-0.7,Multiplicity:1.14
0.100	0.700	0.100	0.100
0.100	0.100	0.700	0.100
0.700	0.100	0.100	0.100
0.100	0.700	0.100	0.100
0.700	0.100	0.100	0.100
0.700	0.100	0.100	0.100
0.100	0.100	0.100	0.700
0.100	0.100	0.100	0.700
>GCGCAGCA	5-GCGCAGCA	7.009041	-5.589876	0	T:14.0(40.00%),B:6976.5(19.28%),P:1e-2	Tpos:529.2,Tstd:245.9,Bpos:506.7,Bstd:843.7,StrandBias:-0.3,Multiplicity:1.50
0.141	0.001	0.857	0.001
0.001	0.852	0.146	0.001
0.074	0.001	0.924	0.001
0.001	0.800	0.198	0.001
0.639	0.001	0.001	0.359
0.001	0.001	0.997	0.001
0.383	0.615	0.001	0.001
0.997	0.001	0.001	0.001
