>GAASAAVWTAAA	12-GAASAAVWTAAA	9.800561	-20.568029	0	T:18.0(6.90%),B:417.0(1.08%),P:1e-8
0.358	0.048	0.553	0.041
0.830	0.052	0.072	0.046
0.633	0.051	0.281	0.035
0.069	0.520	0.372	0.039
0.886	0.027	0.039	0.048
0.578	0.314	0.036	0.072
0.231	0.373	0.356	0.040
0.550	0.022	0.023	0.405
0.049	0.083	0.300	0.568
0.686	0.244	0.040	0.030
0.609	0.057	0.045	0.289
0.599	0.048	0.031	0.322
