>ATTAATTTTTCT	16-ATTAATTTTTCT	11.207099	-19.884165	0	T:40.0(15.33%),B:2046.7(5.30%),P:1e-8
0.562	0.136	0.013	0.289
0.101	0.115	0.167	0.617
0.006	0.021	0.183	0.790
0.547	0.135	0.247	0.071
0.796	0.148	0.018	0.038
0.148	0.034	0.008	0.810
0.027	0.004	0.030	0.939
0.019	0.167	0.144	0.670
0.038	0.019	0.012	0.931
0.005	0.167	0.034	0.794
0.010	0.661	0.093	0.236
0.019	0.159	0.027	0.795
