>GTTTGTAGTTTC	21-GTTTGTAGTTTC	10.324897	-18.151547	0	T:49.0(4.90%),B:765.8(1.94%),P:1e-7
0.047	0.033	0.919	0.001
0.039	0.001	0.001	0.959
0.071	0.001	0.001	0.927
0.001	0.001	0.158	0.840
0.044	0.032	0.772	0.152
0.001	0.189	0.001	0.809
0.625	0.001	0.373	0.001
0.001	0.001	0.965	0.033
0.097	0.161	0.083	0.659
0.244	0.001	0.001	0.754
0.064	0.102	0.001	0.833
0.001	0.949	0.049	0.001
