>CATGAATTTTTG	13-CATGAATTTTTG	9.892415	-25.196447	0	T:91.0(9.11%),B:1638.9(4.14%),P:1e-10
0.024	0.877	0.053	0.046
0.724	0.131	0.073	0.072
0.040	0.041	0.035	0.884
0.071	0.038	0.858	0.033
0.820	0.047	0.066	0.067
0.880	0.058	0.031	0.031
0.061	0.067	0.025	0.847
0.060	0.075	0.082	0.783
0.033	0.014	0.069	0.884
0.051	0.081	0.115	0.753
0.044	0.033	0.048	0.875
0.057	0.054	0.821	0.068
