>TTGTCTTCTTCT	7-TTGTCTTCTTCT	9.650361	-29.664816	0	T:144.0(14.41%),B:2959.0(7.48%),P:1e-12
0.046	0.032	0.069	0.853
0.078	0.055	0.028	0.839
0.048	0.101	0.812	0.039
0.082	0.043	0.030	0.845
0.070	0.822	0.044	0.064
0.057	0.075	0.104	0.764
0.025	0.071	0.008	0.896
0.030	0.850	0.058	0.062
0.061	0.060	0.074	0.805
0.024	0.067	0.054	0.855
0.028	0.817	0.100	0.055
0.061	0.044	0.047	0.848
