>CATCTTTCAAAA	15-TTTTGAAAGATG	9.996531	-22.596869	0	T:101.0(10.11%),B:2005.1(5.07%),P:1e-9
0.061	0.830	0.078	0.031
0.826	0.021	0.062	0.091
0.037	0.104	0.051	0.808
0.033	0.886	0.069	0.012
0.121	0.063	0.017	0.799
0.074	0.100	0.001	0.825
0.059	0.079	0.062	0.800
0.056	0.850	0.008	0.086
0.832	0.044	0.069	0.055
0.856	0.001	0.069	0.074
0.862	0.001	0.068	0.069
0.828	0.108	0.012	0.052
