>TCAGAATCTTTT	11-AAAAGATTCTGA	9.554446	-25.812426	0	T:97.0(9.71%),B:1779.3(4.50%),P:1e-11
0.044	0.028	0.041	0.887
0.092	0.806	0.048	0.054
0.861	0.054	0.049	0.036
0.066	0.043	0.814	0.077
0.861	0.074	0.033	0.032
0.800	0.075	0.069	0.056
0.069	0.072	0.060	0.799
0.041	0.885	0.047	0.027
0.058	0.081	0.067	0.794
0.063	0.053	0.042	0.842
0.082	0.050	0.051	0.817
0.023	0.045	0.092	0.840
