>TGACCTCT	1-TGACCTCT	7.043590	-26.728184	0	T:71.0(27.41%),B:4729.8(11.49%),P:1e-11	Tpos:635.9,Tstd:274.9,Bpos:527.1,Bstd:327.8,StrandBias:0.5,Multiplicity:1.14
0.001	0.001	0.001	0.997
0.001	0.001	0.997	0.001
0.958	0.001	0.040	0.001
0.001	0.997	0.001	0.001
0.001	0.997	0.001	0.001
0.001	0.082	0.001	0.916
0.001	0.676	0.059	0.264
0.145	0.001	0.001	0.853
>ACAGACTG	2-ACAGACTG	7.081785	-18.095341	0	T:76.0(29.34%),B:6364.6(15.46%),P:1e-7	Tpos:542.7,Tstd:278.0,Bpos:508.0,Bstd:323.7,StrandBias:-0.1,Multiplicity:1.11
0.854	0.001	0.028	0.117
0.044	0.954	0.001	0.001
0.924	0.046	0.029	0.001
0.041	0.016	0.755	0.188
0.875	0.048	0.001	0.076
0.001	0.950	0.027	0.022
0.140	0.001	0.048	0.811
0.046	0.001	0.952	0.001
>TCATTTGT	3-TCATTTGT	8.716320	-16.044525	0	T:82.0(31.66%),B:7445.1(18.09%),P:1e-6	Tpos:536.2,Tstd:282.4,Bpos:508.8,Bstd:317.0,StrandBias:0.5,Multiplicity:1.18
0.001	0.115	0.202	0.682
0.001	0.997	0.001	0.001
0.859	0.001	0.139	0.001
0.001	0.001	0.001	0.997
0.001	0.001	0.001	0.997
0.001	0.001	0.001	0.997
0.001	0.001	0.997	0.001
0.001	0.001	0.001	0.997
>AGTACAGA	4-AGTACAGA	7.766912	-15.675485	0	T:49.0(18.92%),B:3534.5(8.59%),P:1e-6	Tpos:440.9,Tstd:315.1,Bpos:502.0,Bstd:324.5,StrandBias:-0.1,Multiplicity:1.10
0.997	0.001	0.001	0.001
0.001	0.128	0.870	0.001
0.001	0.001	0.001	0.997
0.755	0.001	0.243	0.001
0.001	0.997	0.001	0.001
0.997	0.001	0.001	0.001
0.001	0.001	0.997	0.001
0.825	0.173	0.001	0.001
>CAGAGGCA	5-CAGAGGCA	7.298879	-15.400524	0	T:69.0(26.64%),B:5913.1(14.37%),P:1e-6	Tpos:547.0,Tstd:282.3,Bpos:516.0,Bstd:324.3,StrandBias:-0.7,Multiplicity:1.12
0.063	0.912	0.001	0.024
0.858	0.065	0.076	0.001
0.122	0.069	0.808	0.001
0.937	0.001	0.011	0.051
0.001	0.032	0.966	0.001
0.065	0.024	0.886	0.025
0.090	0.671	0.120	0.119
0.960	0.038	0.001	0.001
>CCAGCCCT	6-CCAGCCCT	7.417070	-14.137595	0	T:36.0(13.90%),B:2321.3(5.64%),P:1e-6	Tpos:643.6,Tstd:274.5,Bpos:491.5,Bstd:326.9,StrandBias:0.8,Multiplicity:1.09
0.001	0.940	0.028	0.031
0.001	0.997	0.001	0.001
0.973	0.025	0.001	0.001
0.097	0.001	0.827	0.075
0.043	0.773	0.118	0.066
0.187	0.811	0.001	0.001
0.170	0.746	0.032	0.052
0.001	0.001	0.072	0.926
>GTTACTCG	7-GTTACTCG	5.326809	-11.297967	0	T:164.0(63.32%),B:20604.7(50.06%),P:1e-4	Tpos:509.1,Tstd:309.3,Bpos:505.8,Bstd:319.6,StrandBias:0.2,Multiplicity:1.44
0.001	0.095	0.903	0.001
0.240	0.024	0.039	0.697
0.001	0.001	0.001	0.997
0.917	0.019	0.063	0.001
0.123	0.705	0.079	0.093
0.086	0.001	0.040	0.873
0.102	0.838	0.001	0.059
0.070	0.069	0.707	0.154
