>CKACTCTCTCAC	1-CKACTCTCTCAC	13.284976	-29.831089	0	T:7.0(21.21%),B:54.9(0.15%),P:1e-12	Tpos:643.4,Tstd:368.6,Bpos:612.3,Bstd:403.7,StrandBias:0.4,Multiplicity:1.00
0.001	0.786	0.011	0.202
0.001	0.247	0.433	0.318
0.566	0.237	0.001	0.196
0.001	0.997	0.001	0.001
0.001	0.001	0.001	0.997
0.001	0.796	0.001	0.202
0.001	0.001	0.001	0.997
0.001	0.997	0.001	0.001
0.001	0.001	0.001	0.997
0.001	0.997	0.001	0.001
0.997	0.001	0.001	0.001
0.318	0.680	0.001	0.001
>GGAGGAGTCWAG	2-GGAGGAGTCWAG	10.000282	-28.103673	0	T:12.0(36.36%),B:690.8(1.91%),P:1e-12	Tpos:541.9,Tstd:262.7,Bpos:616.0,Bstd:375.0,StrandBias:-2.8,Multiplicity:1.33
0.135	0.001	0.806	0.058
0.001	0.001	0.997	0.001
0.997	0.001	0.001	0.001
0.058	0.001	0.806	0.135
0.001	0.001	0.584	0.414
0.665	0.058	0.001	0.276
0.001	0.256	0.742	0.001
0.158	0.229	0.001	0.612
0.158	0.840	0.001	0.001
0.496	0.135	0.001	0.368
0.840	0.001	0.158	0.001
0.001	0.158	0.631	0.210
>CAACCTTGTATA	3-CAACCTTGTATA	12.361396	-27.008753	0	T:7.0(21.21%),B:83.7(0.23%),P:1e-11	Tpos:497.0,Tstd:353.5,Bpos:470.4,Bstd:306.8,StrandBias:0.4,Multiplicity:1.00
0.414	0.584	0.001	0.001
0.997	0.001	0.001	0.001
0.997	0.001	0.001	0.001
0.001	0.728	0.270	0.001
0.202	0.796	0.001	0.001
0.001	0.001	0.001	0.997
0.001	0.001	0.001	0.997
0.001	0.270	0.728	0.001
0.001	0.001	0.001	0.997
0.728	0.270	0.001	0.001
0.001	0.270	0.001	0.728
0.787	0.001	0.001	0.211
>CAGTTGGCTGCC	4-CAGTTGGCTGCC	15.428068	-25.486650	0	T:4.0(12.12%),B:2.3(0.01%),P:1e-11	Tpos:669.0,Tstd:334.7,Bpos:797.0,Bstd:0.0,StrandBias:1.6,Multiplicity:1.00
0.001	0.997	0.001	0.001
0.997	0.001	0.001	0.001
0.001	0.001	0.997	0.001
0.001	0.001	0.001	0.997
0.001	0.001	0.001	0.997
0.001	0.001	0.997	0.001
0.001	0.309	0.689	0.001
0.001	0.997	0.001	0.001
0.001	0.001	0.001	0.997
0.001	0.001	0.997	0.001
0.001	0.997	0.001	0.001
0.001	0.997	0.001	0.001
>TGGGTTTGGTTG	5-TGGGTTTGGTTG	9.800605	-25.012373	0	T:11.0(33.33%),B:675.5(1.87%),P:1e-10	Tpos:351.3,Tstd:205.2,Bpos:416.8,Bstd:342.8,StrandBias:1.6,Multiplicity:1.09
0.001	0.001	0.001	0.997
0.001	0.001	0.655	0.343
0.001	0.001	0.997	0.001
0.388	0.001	0.610	0.001
0.001	0.001	0.001	0.997
0.001	0.001	0.001	0.997
0.001	0.266	0.001	0.732
0.001	0.001	0.997	0.001
0.001	0.001	0.997	0.001
0.001	0.001	0.001	0.997
0.183	0.001	0.013	0.803
0.203	0.001	0.795	0.001
>GTGKSCCTAAAG	6-GTGKSCCTAAAG	13.236443	-23.806111	0	T:10.0(30.30%),B:547.5(1.51%),P:1e-10	Tpos:290.6,Tstd:58.2,Bpos:372.9,Bstd:345.6,StrandBias:3.2,Multiplicity:1.00
0.001	0.031	0.967	0.001
0.001	0.228	0.001	0.770
0.204	0.001	0.792	0.003
0.001	0.001	0.562	0.436
0.001	0.566	0.432	0.001
0.001	0.792	0.001	0.206
0.001	0.737	0.001	0.261
0.028	0.409	0.001	0.562
0.970	0.001	0.028	0.001
0.563	0.261	0.001	0.175
0.997	0.001	0.001	0.001
0.001	0.001	0.997	0.001
>CCTTTAAGACCA	7-CCTTTAAGACCA	9.788264	-23.092846	0	T:6.0(18.18%),B:73.1(0.20%),P:1e-10	Tpos:829.3,Tstd:145.5,Bpos:787.6,Bstd:259.1,StrandBias:-1.0,Multiplicity:1.00
0.001	0.924	0.001	0.074
0.001	0.997	0.001	0.001
0.001	0.001	0.001	0.997
0.001	0.001	0.001	0.997
0.001	0.001	0.001	0.997
0.875	0.001	0.001	0.123
0.997	0.001	0.001	0.001
0.001	0.001	0.875	0.123
0.997	0.001	0.001	0.001
0.001	0.997	0.001	0.001
0.001	0.972	0.026	0.001
0.997	0.001	0.001	0.001
>ACACARMTATAA	8-ACACARMTATAA	9.917378	-21.668577	0	T:8.0(24.24%),B:313.0(0.86%),P:1e-9	Tpos:636.0,Tstd:252.4,Bpos:441.9,Bstd:414.5,StrandBias:-0.7,Multiplicity:1.00
0.997	0.001	0.001	0.001
0.001	0.997	0.001	0.001
0.997	0.001	0.001	0.001
0.023	0.975	0.001	0.001
0.596	0.001	0.001	0.402
0.459	0.001	0.539	0.001
0.539	0.459	0.001	0.001
0.001	0.001	0.001	0.997
0.997	0.001	0.001	0.001
0.001	0.001	0.001	0.997
0.634	0.001	0.364	0.001
0.997	0.001	0.001	0.001
>AGTCBAGAGATA	9-AGTCBAGAGATA	12.959156	-20.907465	0	T:6.0(18.18%),B:107.1(0.30%),P:1e-9	Tpos:523.0,Tstd:182.4,Bpos:501.3,Bstd:529.8,StrandBias:2.6,Multiplicity:1.17
0.997	0.001	0.001	0.001
0.313	0.194	0.492	0.001
0.001	0.001	0.310	0.688
0.001	0.852	0.146	0.001
0.001	0.385	0.304	0.310
0.997	0.001	0.001	0.001
0.001	0.001	0.997	0.001
0.997	0.001	0.001	0.001
0.006	0.001	0.992	0.001
0.997	0.001	0.001	0.001
0.353	0.001	0.001	0.645
0.997	0.001	0.001	0.001
>MAGTAGGYGACG	10-MAGTAGGYGACG	12.167836	-20.484981	0	T:5.0(15.15%),B:48.9(0.14%),P:1e-8	Tpos:450.8,Tstd:304.7,Bpos:755.2,Bstd:364.3,StrandBias:2.0,Multiplicity:1.00
0.453	0.460	0.001	0.085
0.997	0.001	0.001	0.001
0.131	0.085	0.783	0.001
0.001	0.001	0.001	0.997
0.636	0.001	0.001	0.362
0.004	0.001	0.994	0.001
0.164	0.001	0.710	0.125
0.146	0.486	0.001	0.368
0.001	0.001	0.835	0.163
0.552	0.307	0.140	0.001
0.001	0.853	0.001	0.145
0.131	0.001	0.867	0.001
>AKGTGTCCYCGC	11-AKGTGTCCYCGC	11.271531	-20.441606	0	T:8.0(24.24%),B:366.4(1.01%),P:1e-8	Tpos:851.8,Tstd:53.2,Bpos:821.8,Bstd:258.6,StrandBias:0.0,Multiplicity:1.50
0.997	0.001	0.001	0.001
0.001	0.001	0.453	0.545
0.001	0.001	0.997	0.001
0.001	0.001	0.001	0.997
0.046	0.001	0.952	0.001
0.401	0.001	0.001	0.597
0.001	0.997	0.001	0.001
0.001	0.597	0.001	0.401
0.001	0.564	0.001	0.434
0.001	0.946	0.001	0.052
0.001	0.001	0.997	0.001
0.001	0.997	0.001	0.001
>GAGTTTCCTCGT	12-GAGTTTCCTCGT	15.070929	-19.932336	0	T:5.0(15.15%),B:54.9(0.15%),P:1e-8	Tpos:354.6,Tstd:256.3,Bpos:635.7,Bstd:350.4,StrandBias:2.0,Multiplicity:1.00
0.001	0.001	0.997	0.001
0.997	0.001	0.001	0.001
0.001	0.001	0.997	0.001
0.001	0.001	0.001	0.997
0.001	0.001	0.001	0.997
0.001	0.001	0.001	0.997
0.001	0.997	0.001	0.001
0.001	0.581	0.001	0.417
0.001	0.001	0.001	0.997
0.001	0.997	0.001	0.001
0.371	0.001	0.627	0.001
0.001	0.001	0.001	0.997
>TCATGCCAAAGG	13-TCATGCCAAAGG	9.855735	-19.558650	0	T:7.0(21.21%),B:252.5(0.70%),P:1e-8	Tpos:524.6,Tstd:162.4,Bpos:560.7,Bstd:341.0,StrandBias:-2.6,Multiplicity:1.00
0.001	0.339	0.001	0.659
0.001	0.997	0.001	0.001
0.997	0.001	0.001	0.001
0.233	0.001	0.001	0.765
0.067	0.001	0.931	0.001
0.001	0.997	0.001	0.001
0.067	0.931	0.001	0.001
0.997	0.001	0.001	0.001
0.997	0.001	0.001	0.001
0.997	0.001	0.001	0.001
0.001	0.001	0.997	0.001
0.001	0.001	0.997	0.001
>CAAAGTCTAGAC	14-CAAAGTCTAGAC	12.361836	-19.507297	0	T:4.0(12.12%),B:17.2(0.05%),P:1e-8	Tpos:316.8,Tstd:181.5,Bpos:565.2,Bstd:269.1,StrandBias:0.0,Multiplicity:1.00
0.001	0.997	0.001	0.001
0.997	0.001	0.001	0.001
0.946	0.001	0.052	0.001
0.997	0.001	0.001	0.001
0.001	0.001	0.997	0.001
0.001	0.123	0.001	0.875
0.123	0.875	0.001	0.001
0.001	0.001	0.001	0.997
0.997	0.001	0.001	0.001
0.001	0.001	0.997	0.001
0.997	0.001	0.001	0.001
0.001	0.997	0.001	0.001
>GGCATTGTGATT	15-GGCATTGTGATT	9.636053	-19.357369	0	T:5.0(15.15%),B:61.8(0.17%),P:1e-8	Tpos:561.4,Tstd:155.8,Bpos:656.8,Bstd:417.1,StrandBias:0.6,Multiplicity:1.00
0.001	0.001	0.997	0.001
0.001	0.001	0.997	0.001
0.001	0.997	0.001	0.001
0.855	0.001	0.001	0.143
0.001	0.057	0.001	0.941
0.001	0.115	0.028	0.856
0.001	0.001	0.997	0.001
0.001	0.001	0.001	0.997
0.001	0.001	0.997	0.001
0.997	0.001	0.001	0.001
0.001	0.001	0.001	0.997
0.001	0.001	0.001	0.997
>AGRGTTCTTCYT	16-AGRGTTCTTCYT	8.526020	-18.679803	0	T:11.0(33.33%),B:1241.8(3.43%),P:1e-8	Tpos:448.2,Tstd:271.9,Bpos:517.7,Bstd:343.9,StrandBias:0.5,Multiplicity:1.09
0.997	0.001	0.001	0.001
0.001	0.134	0.864	0.001
0.451	0.001	0.547	0.001
0.001	0.001	0.997	0.001
0.001	0.001	0.001	0.997
0.001	0.001	0.001	0.997
0.001	0.629	0.001	0.369
0.001	0.001	0.001	0.997
0.001	0.001	0.001	0.997
0.001	0.699	0.001	0.299
0.001	0.565	0.001	0.433
0.001	0.067	0.001	0.931
>CTCGTTCGTGAG	17-CTCGTTCGTGAG	7.693937	-18.036935	0	T:7.0(21.21%),B:316.7(0.87%),P:1e-7	Tpos:760.7,Tstd:189.2,Bpos:717.7,Bstd:501.7,StrandBias:-0.6,Multiplicity:1.43
0.001	0.947	0.001	0.051
0.001	0.001	0.001	0.997
0.001	0.997	0.001	0.001
0.159	0.001	0.839	0.001
0.001	0.056	0.001	0.942
0.001	0.001	0.001	0.997
0.001	0.942	0.001	0.056
0.001	0.001	0.997	0.001
0.001	0.001	0.001	0.997
0.001	0.001	0.997	0.001
0.947	0.001	0.051	0.001
0.001	0.001	0.997	0.001
>GSAAARCCTCCA	18-GSAAARCCTCCA	10.697141	-17.952499	0	T:7.0(21.21%),B:320.7(0.89%),P:1e-7	Tpos:489.0,Tstd:251.4,Bpos:592.9,Bstd:444.0,StrandBias:-1.3,Multiplicity:1.00
0.316	0.001	0.682	0.001
0.001	0.566	0.432	0.001
0.997	0.001	0.001	0.001
0.997	0.001	0.001	0.001
0.997	0.001	0.001	0.001
0.566	0.001	0.432	0.001
0.001	0.965	0.033	0.001
0.001	0.997	0.001	0.001
0.001	0.001	0.357	0.641
0.001	0.997	0.001	0.001
0.001	0.997	0.001	0.001
0.997	0.001	0.001	0.001
>GTTCWCAAGGAA	19-GTTCWCAAGGAA	11.729416	-17.878561	0	T:6.0(18.18%),B:181.5(0.50%),P:1e-7	Tpos:437.2,Tstd:169.6,Bpos:548.8,Bstd:297.0,StrandBias:1.0,Multiplicity:1.00
0.137	0.001	0.696	0.166
0.092	0.001	0.001	0.906
0.255	0.001	0.001	0.743
0.001	0.845	0.001	0.153
0.543	0.001	0.007	0.449
0.111	0.887	0.001	0.001
0.559	0.001	0.326	0.114
0.639	0.001	0.135	0.225
0.191	0.001	0.589	0.219
0.090	0.247	0.658	0.005
0.997	0.001	0.001	0.001
0.906	0.001	0.092	0.001
>ATGGATTTGGWG	20-ATGGATTTGGWG	8.582323	-17.615899	0	T:14.0(42.42%),B:2603.9(7.19%),P:1e-7	Tpos:456.3,Tstd:313.5,Bpos:504.1,Bstd:359.4,StrandBias:-0.3,Multiplicity:1.43
0.869	0.001	0.074	0.056
0.083	0.168	0.152	0.597
0.141	0.083	0.661	0.115
0.082	0.060	0.737	0.121
0.594	0.234	0.128	0.044
0.271	0.082	0.074	0.573
0.001	0.062	0.001	0.936
0.001	0.082	0.001	0.916
0.074	0.074	0.795	0.057
0.180	0.074	0.745	0.001
0.486	0.001	0.001	0.512
0.078	0.074	0.821	0.027
>TCTCTTGGCGTG	21-TCTCTTGGCGTG	8.587069	-17.371143	0	T:8.0(24.24%),B:547.7(1.51%),P:1e-7	Tpos:405.5,Tstd:199.4,Bpos:590.2,Bstd:325.4,StrandBias:0.0,Multiplicity:1.25
0.001	0.001	0.001	0.997
0.001	0.997	0.001	0.001
0.001	0.001	0.162	0.836
0.001	0.997	0.001	0.001
0.001	0.001	0.001	0.997
0.001	0.162	0.001	0.836
0.001	0.001	0.921	0.077
0.001	0.001	0.836	0.162
0.001	0.997	0.001	0.001
0.001	0.001	0.997	0.001
0.001	0.001	0.001	0.997
0.001	0.001	0.997	0.001
>AAGATAACAAGA	22-AAGATAACAAGA	11.264357	-16.765945	0	T:7.0(21.21%),B:383.0(1.06%),P:1e-7	Tpos:606.1,Tstd:242.6,Bpos:511.7,Bstd:541.7,StrandBias:-1.6,Multiplicity:1.14
0.984	0.001	0.014	0.001
0.840	0.001	0.158	0.001
0.001	0.014	0.984	0.001
0.997	0.001	0.001	0.001
0.001	0.001	0.001	0.997
0.771	0.001	0.001	0.227
0.785	0.001	0.001	0.213
0.001	0.860	0.138	0.001
0.860	0.001	0.138	0.001
0.997	0.001	0.001	0.001
0.001	0.001	0.997	0.001
0.860	0.001	0.001	0.138
>AAGACCGTCACC	23-AAGACCGTCACC	8.563014	-16.312232	0	T:11.0(33.33%),B:1567.6(4.33%),P:1e-7	Tpos:466.7,Tstd:253.6,Bpos:499.0,Bstd:491.5,StrandBias:-1.4,Multiplicity:1.10
0.745	0.001	0.127	0.127
0.997	0.001	0.001	0.001
0.302	0.001	0.696	0.001
0.704	0.054	0.013	0.229
0.107	0.838	0.054	0.001
0.156	0.756	0.001	0.087
0.127	0.102	0.770	0.001
0.001	0.127	0.107	0.765
0.001	0.668	0.229	0.102
0.837	0.001	0.161	0.001
0.001	0.603	0.234	0.162
0.002	0.635	0.127	0.236
>CCGCCTTTCCAC	24-CCGCCTTTCCAC	11.071863	-15.562257	0	T:5.0(15.15%),B:135.8(0.38%),P:1e-6	Tpos:833.7,Tstd:69.4,Bpos:777.4,Bstd:400.3,StrandBias:-1.3,Multiplicity:1.40
0.001	0.997	0.001	0.001
0.001	0.997	0.001	0.001
0.001	0.001	0.988	0.010
0.001	0.997	0.001	0.001
0.001	0.997	0.001	0.001
0.001	0.164	0.001	0.834
0.001	0.001	0.001	0.997
0.001	0.227	0.001	0.771
0.030	0.576	0.373	0.021
0.001	0.997	0.001	0.001
0.997	0.001	0.001	0.001
0.001	0.997	0.001	0.001
>GCCCGCAAATCG	25-GCCCGCAAATCG	9.146592	-10.392876	0	T:4.0(12.12%),B:193.2(0.53%),P:1e-4	Tpos:547.3,Tstd:208.9,Bpos:625.0,Bstd:338.5,StrandBias:-1.3,Multiplicity:1.75
0.001	0.001	0.997	0.001
0.001	0.997	0.001	0.001
0.001	0.997	0.001	0.001
0.001	0.758	0.240	0.001
0.001	0.001	0.997	0.001
0.240	0.758	0.001	0.001
0.997	0.001	0.001	0.001
0.997	0.001	0.001	0.001
0.997	0.001	0.001	0.001
0.001	0.001	0.001	0.997
0.001	0.997	0.001	0.001
0.001	0.001	0.997	0.001
