>CTCTTTAGGG	1-CTCTTTAGGG	12.689441	-26.869559	0	T:11.0(33.33%),B:566.5(1.56%),P:1e-11	Tpos:322.2,Tstd:109.9,Bpos:383.9,Bstd:353.8,StrandBias:-2.2,Multiplicity:1.00
0.001	0.997	0.001	0.001
0.001	0.001	0.001	0.997
0.001	0.997	0.001	0.001
0.001	0.001	0.001	0.997
0.001	0.001	0.397	0.601
0.001	0.001	0.001	0.997
0.997	0.001	0.001	0.001
0.001	0.200	0.798	0.001
0.001	0.001	0.997	0.001
0.001	0.001	0.997	0.001
>CTCACGAACG	2-CTCACGAACG	10.112054	-25.408246	0	T:8.0(24.24%),B:192.6(0.53%),P:1e-11	Tpos:540.6,Tstd:215.7,Bpos:574.1,Bstd:505.9,StrandBias:1.0,Multiplicity:1.12
0.001	0.997	0.001	0.001
0.001	0.001	0.001	0.997
0.001	0.907	0.091	0.001
0.867	0.001	0.131	0.001
0.222	0.776	0.001	0.001
0.001	0.001	0.997	0.001
0.997	0.001	0.001	0.001
0.997	0.001	0.001	0.001
0.001	0.907	0.001	0.091
0.001	0.001	0.997	0.001
>GTCCYCGCAG	3-GTCCYCGCAG	8.407448	-24.917045	0	T:12.0(36.36%),B:911.5(2.52%),P:1e-10	Tpos:582.5,Tstd:292.6,Bpos:624.5,Bstd:646.8,StrandBias:0.9,Multiplicity:1.67
0.001	0.001	0.997	0.001
0.001	0.001	0.001	0.997
0.001	0.919	0.079	0.001
0.001	0.997	0.001	0.001
0.001	0.440	0.001	0.558
0.001	0.886	0.001	0.112
0.133	0.001	0.865	0.001
0.163	0.835	0.001	0.001
0.997	0.001	0.001	0.001
0.001	0.001	0.997	0.001
>CBCCGCCACG	4-CBCCGCCACG	10.028878	-22.304708	0	T:10.0(30.30%),B:640.2(1.77%),P:1e-9	Tpos:506.7,Tstd:322.8,Bpos:599.7,Bstd:545.0,StrandBias:1.2,Multiplicity:1.00
0.001	0.997	0.001	0.001
0.001	0.339	0.299	0.361
0.001	0.997	0.001	0.001
0.001	0.997	0.001	0.001
0.365	0.001	0.633	0.001
0.015	0.983	0.001	0.001
0.001	0.997	0.001	0.001
0.696	0.302	0.001	0.001
0.001	0.708	0.290	0.001
0.023	0.001	0.954	0.022
>TGGMWTGRTG	5-TGGMWTGRTG	7.923532	-21.151259	0	T:12.0(36.36%),B:1270.1(3.51%),P:1e-9	Tpos:489.0,Tstd:186.0,Bpos:480.5,Bstd:514.5,StrandBias:1.1,Multiplicity:1.33
0.001	0.001	0.001	0.997
0.001	0.001	0.997	0.001
0.001	0.001	0.997	0.001
0.513	0.485	0.001	0.001
0.550	0.001	0.025	0.424
0.001	0.001	0.001	0.997
0.001	0.001	0.997	0.001
0.536	0.001	0.462	0.001
0.001	0.023	0.001	0.975
0.001	0.001	0.997	0.001
>GCYGTTGGGT	6-GCYGTTGGGT	9.189970	-21.042651	0	T:13.0(39.39%),B:1618.0(4.47%),P:1e-9	Tpos:396.9,Tstd:252.0,Bpos:469.5,Bstd:458.5,StrandBias:2.0,Multiplicity:1.15
0.001	0.001	0.997	0.001
0.001	0.885	0.001	0.113
0.233	0.411	0.001	0.355
0.246	0.001	0.648	0.105
0.001	0.135	0.001	0.863
0.001	0.001	0.001	0.997
0.001	0.001	0.997	0.001
0.128	0.110	0.653	0.109
0.001	0.259	0.739	0.001
0.001	0.127	0.001	0.871
>TATCCTCATA	7-TATCCTCATA	9.643592	-18.641123	0	T:8.0(24.24%),B:463.0(1.28%),P:1e-8	Tpos:357.2,Tstd:232.8,Bpos:477.2,Bstd:370.7,StrandBias:1.6,Multiplicity:1.00
0.001	0.001	0.001	0.997
0.997	0.001	0.001	0.001
0.001	0.001	0.001	0.997
0.001	0.997	0.001	0.001
0.001	0.997	0.001	0.001
0.001	0.001	0.001	0.997
0.001	0.997	0.001	0.001
0.755	0.243	0.001	0.001
0.062	0.001	0.108	0.829
0.997	0.001	0.001	0.001
>CYATTCTTTG	8-CYATTCTTTG	10.798652	-17.469001	0	T:8.0(24.24%),B:540.6(1.49%),P:1e-7	Tpos:407.1,Tstd:241.9,Bpos:474.1,Bstd:444.7,StrandBias:-1.0,Multiplicity:1.50
0.001	0.934	0.001	0.064
0.001	0.470	0.145	0.384
0.997	0.001	0.001	0.001
0.001	0.001	0.001	0.997
0.001	0.001	0.214	0.784
0.001	0.997	0.001	0.001
0.001	0.075	0.001	0.923
0.001	0.001	0.001	0.997
0.001	0.001	0.001	0.997
0.329	0.001	0.669	0.001
>CAACTGTCTA	9-CAACTGTCTA	10.402518	-17.210931	0	T:9.0(27.27%),B:806.4(2.23%),P:1e-7	Tpos:448.4,Tstd:321.4,Bpos:613.3,Bstd:453.6,StrandBias:0.0,Multiplicity:1.11
0.001	0.997	0.001	0.001
0.997	0.001	0.001	0.001
0.997	0.001	0.001	0.001
0.123	0.875	0.001	0.001
0.001	0.001	0.001	0.997
0.001	0.001	0.997	0.001
0.001	0.001	0.001	0.997
0.001	0.852	0.001	0.146
0.119	0.104	0.146	0.631
0.796	0.001	0.135	0.068
>AAACTCGTGG	10-AAACTCGTGG	13.537255	-17.198033	0	T:5.0(15.15%),B:96.8(0.27%),P:1e-7	Tpos:359.6,Tstd:242.9,Bpos:611.7,Bstd:355.2,StrandBias:-2.0,Multiplicity:1.00
0.997	0.001	0.001	0.001
0.997	0.001	0.001	0.001
0.997	0.001	0.001	0.001
0.001	0.858	0.001	0.140
0.001	0.001	0.001	0.997
0.001	0.862	0.136	0.001
0.001	0.001	0.997	0.001
0.001	0.001	0.001	0.997
0.001	0.001	0.997	0.001
0.001	0.001	0.997	0.001
>CGTGCATGGC	11-CGTGCATGGC	10.335032	-17.104133	0	T:6.0(18.18%),B:207.3(0.57%),P:1e-7	Tpos:413.0,Tstd:143.0,Bpos:558.3,Bstd:450.1,StrandBias:2.3,Multiplicity:1.00
0.001	0.855	0.001	0.143
0.001	0.001	0.896	0.102
0.001	0.001	0.259	0.739
0.001	0.408	0.590	0.001
0.161	0.733	0.105	0.001
0.831	0.001	0.001	0.167
0.001	0.001	0.001	0.997
0.001	0.001	0.878	0.120
0.001	0.001	0.878	0.120
0.143	0.855	0.001	0.001
>TTTATACAAC	12-TTTATACAAC	9.871225	-16.653834	0	T:10.0(30.30%),B:1166.1(3.22%),P:1e-7	Tpos:652.2,Tstd:285.1,Bpos:523.2,Bstd:370.9,StrandBias:0.2,Multiplicity:1.70
0.081	0.001	0.001	0.917
0.001	0.001	0.111	0.887
0.001	0.168	0.001	0.830
0.997	0.001	0.001	0.001
0.001	0.001	0.001	0.997
0.948	0.001	0.001	0.050
0.001	0.997	0.001	0.001
0.709	0.193	0.001	0.097
0.997	0.001	0.001	0.001
0.001	0.781	0.161	0.057
>ARARACTGTG	13-ARARACTGTG	8.306756	-15.854372	0	T:14.0(42.42%),B:2997.7(8.28%),P:1e-6	Tpos:638.8,Tstd:291.6,Bpos:518.4,Bstd:427.1,StrandBias:0.0,Multiplicity:1.29
0.997	0.001	0.001	0.001
0.574	0.001	0.424	0.001
0.967	0.001	0.031	0.001
0.476	0.001	0.522	0.001
0.997	0.001	0.001	0.001
0.001	0.955	0.043	0.001
0.001	0.001	0.001	0.997
0.001	0.001	0.997	0.001
0.001	0.225	0.001	0.773
0.001	0.226	0.772	0.001
>GTTCTCAAGG	14-GTTCTCAAGG	11.660511	-15.768519	0	T:6.0(18.18%),B:261.8(0.72%),P:1e-6	Tpos:441.3,Tstd:164.1,Bpos:511.0,Bstd:348.9,StrandBias:-0.4,Multiplicity:1.17
0.001	0.001	0.997	0.001
0.001	0.001	0.001	0.997
0.001	0.001	0.001	0.997
0.001	0.997	0.001	0.001
0.195	0.001	0.001	0.803
0.001	0.997	0.001	0.001
0.997	0.001	0.001	0.001
0.997	0.001	0.001	0.001
0.001	0.001	0.997	0.001
0.001	0.141	0.857	0.001
>GTCCRGAMAT	15-GTCCRGAMAT	10.874642	-15.561098	0	T:8.0(24.24%),B:695.3(1.92%),P:1e-6	Tpos:550.7,Tstd:253.0,Bpos:644.1,Bstd:437.5,StrandBias:1.8,Multiplicity:1.12
0.001	0.001	0.979	0.019
0.254	0.001	0.029	0.716
0.001	0.997	0.001	0.001
0.001	0.997	0.001	0.001
0.494	0.001	0.504	0.001
0.001	0.001	0.997	0.001
0.997	0.001	0.001	0.001
0.451	0.547	0.001	0.001
0.923	0.001	0.075	0.001
0.001	0.001	0.001	0.997
>ACTCTCTCAM	16-ACTCTCTCAM	11.140265	-14.790389	0	T:7.0(21.21%),B:514.3(1.42%),P:1e-6	Tpos:657.8,Tstd:341.2,Bpos:578.5,Bstd:356.8,StrandBias:1.0,Multiplicity:1.29
0.728	0.270	0.001	0.001
0.001	0.997	0.001	0.001
0.001	0.001	0.001	0.997
0.001	0.775	0.001	0.223
0.201	0.001	0.001	0.797
0.001	0.997	0.001	0.001
0.001	0.001	0.001	0.997
0.001	0.997	0.001	0.001
0.997	0.001	0.001	0.001
0.481	0.517	0.001	0.001
>AGGTGACGGC	17-AGGTGACGGC	12.811377	-13.769209	0	T:3.0(9.09%),B:19.1(0.05%),P:1e-5	Tpos:405.0,Tstd:207.9,Bpos:529.6,Bstd:449.6,StrandBias:1.0,Multiplicity:1.00
0.781	0.217	0.001	0.001
0.001	0.001	0.997	0.001
0.001	0.001	0.997	0.001
0.001	0.001	0.001	0.997
0.001	0.001	0.997	0.001
0.980	0.001	0.018	0.001
0.001	0.939	0.059	0.001
0.296	0.001	0.702	0.001
0.001	0.001	0.997	0.001
0.079	0.703	0.001	0.217
>ATTCGCCGTC	18-ATTCGCCGTC	10.183626	-12.643946	0	T:5.0(15.15%),B:248.9(0.69%),P:1e-5	Tpos:377.6,Tstd:291.3,Bpos:625.0,Bstd:409.2,StrandBias:-2.0,Multiplicity:1.00
0.718	0.059	0.001	0.222
0.063	0.158	0.125	0.654
0.079	0.066	0.001	0.854
0.001	0.859	0.092	0.048
0.001	0.001	0.861	0.137
0.146	0.808	0.001	0.045
0.001	0.938	0.001	0.060
0.001	0.054	0.895	0.050
0.122	0.001	0.120	0.757
0.100	0.686	0.001	0.213
>AACCARCCGM	19-AACCARCCGM	11.610740	-12.620781	0	T:4.0(12.12%),B:108.5(0.30%),P:1e-5	Tpos:340.5,Tstd:81.5,Bpos:517.2,Bstd:394.5,StrandBias:-1.6,Multiplicity:1.00
0.862	0.001	0.001	0.136
0.997	0.001	0.001	0.001
0.001	0.664	0.001	0.334
0.001	0.997	0.001	0.001
0.997	0.001	0.001	0.001
0.570	0.001	0.428	0.001
0.001	0.664	0.001	0.334
0.001	0.997	0.001	0.001
0.136	0.001	0.862	0.001
0.570	0.428	0.001	0.001
>AGATCGKTMT	20-AGATCGKTMT	8.527470	-12.376304	0	T:9.0(27.27%),B:1444.1(3.99%),P:1e-5	Tpos:555.2,Tstd:255.8,Bpos:537.1,Bstd:490.5,StrandBias:0.0,Multiplicity:1.33
0.997	0.001	0.001	0.001
0.001	0.369	0.629	0.001
0.997	0.001	0.001	0.001
0.001	0.001	0.001	0.997
0.001	0.997	0.001	0.001
0.060	0.001	0.938	0.001
0.001	0.001	0.520	0.478
0.001	0.001	0.001	0.997
0.431	0.520	0.001	0.048
0.001	0.369	0.001	0.629
>KGWAAGSCTG	21-KGWAAGSCTG	8.238395	-12.161510	0	T:11.0(33.33%),B:2390.2(6.60%),P:1e-5	Tpos:540.7,Tstd:242.7,Bpos:491.5,Bstd:467.4,StrandBias:-0.6,Multiplicity:1.36
0.001	0.001	0.445	0.553
0.001	0.161	0.837	0.001
0.496	0.001	0.001	0.502
0.997	0.001	0.001	0.001
0.837	0.001	0.001	0.161
0.001	0.217	0.492	0.290
0.001	0.574	0.424	0.001
0.217	0.781	0.001	0.001
0.001	0.001	0.264	0.734
0.001	0.228	0.507	0.264
>GGGCTTGGCA	22-GGGCTTGGCA	7.536912	-11.863732	0	T:12.0(36.36%),B:2994.7(8.27%),P:1e-5	Tpos:444.1,Tstd:215.0,Bpos:517.6,Bstd:439.4,StrandBias:1.0,Multiplicity:1.36
0.156	0.001	0.839	0.004
0.111	0.010	0.804	0.075
0.061	0.062	0.692	0.185
0.045	0.813	0.001	0.141
0.001	0.001	0.001	0.997
0.001	0.052	0.001	0.946
0.118	0.001	0.699	0.182
0.118	0.041	0.840	0.001
0.148	0.753	0.098	0.001
0.642	0.272	0.048	0.038
>TGGCCAATTG	23-TGGCCAATTG	10.706508	-11.482717	0	T:6.0(18.18%),B:554.5(1.53%),P:1e-4	Tpos:496.6,Tstd:273.7,Bpos:504.8,Bstd:391.4,StrandBias:1.2,Multiplicity:1.67
0.001	0.001	0.001	0.997
0.136	0.001	0.862	0.001
0.001	0.001	0.924	0.074
0.114	0.884	0.001	0.001
0.001	0.877	0.121	0.001
0.997	0.001	0.001	0.001
0.997	0.001	0.001	0.001
0.001	0.124	0.001	0.874
0.001	0.001	0.001	0.997
0.001	0.001	0.997	0.001
>CCGCCTTCCC	24-CCGCCTTCCC	8.350283	-11.428033	0	T:9.0(27.27%),B:1625.2(4.49%),P:1e-4	Tpos:770.5,Tstd:198.9,Bpos:662.2,Bstd:502.3,StrandBias:0.0,Multiplicity:1.33
0.100	0.700	0.100	0.100
0.100	0.700	0.100	0.100
0.100	0.100	0.700	0.100
0.100	0.700	0.100	0.100
0.100	0.700	0.100	0.100
0.100	0.100	0.100	0.700
0.100	0.100	0.100	0.700
0.100	0.700	0.100	0.100
0.100	0.700	0.100	0.100
0.100	0.700	0.100	0.100
>ATCCGTWCTG	25-ATCCGTWCTG	8.538056	-11.205853	0	T:9.0(27.27%),B:1671.8(4.62%),P:1e-4	Tpos:492.1,Tstd:262.0,Bpos:493.4,Bstd:381.5,StrandBias:0.3,Multiplicity:1.22
0.802	0.005	0.001	0.192
0.010	0.001	0.230	0.759
0.238	0.760	0.001	0.001
0.009	0.829	0.001	0.161
0.007	0.009	0.801	0.183
0.184	0.013	0.001	0.802
0.469	0.001	0.001	0.529
0.197	0.789	0.013	0.001
0.054	0.001	0.001	0.944
0.001	0.009	0.989	0.001
