>TTTTCSCC	1-TTTTCSCC	9.489418	-19.252533	0	T:82.0(28.28%),B:5500.3(14.88%),P:1e-8	Tpos:547.7,Tstd:297.1,Bpos:536.3,Bstd:392.9,StrandBias:1.3,Multiplicity:1.22
0.225	0.062	0.030	0.683
0.001	0.095	0.001	0.903
0.001	0.001	0.001	0.997
0.001	0.001	0.001	0.997
0.001	0.997	0.001	0.001
0.255	0.413	0.332	0.001
0.001	0.997	0.001	0.001
0.001	0.997	0.001	0.001
>GTGTGTGT	2-GTGTGTGT	7.687088	-17.685709	0	T:91.0(31.38%),B:6606.0(17.87%),P:1e-7	Tpos:520.0,Tstd:286.4,Bpos:538.1,Bstd:338.7,StrandBias:-0.6,Multiplicity:1.43
0.048	0.035	0.823	0.094
0.001	0.001	0.001	0.997
0.001	0.026	0.972	0.001
0.098	0.001	0.026	0.875
0.058	0.073	0.868	0.001
0.001	0.049	0.032	0.918
0.090	0.021	0.888	0.001
0.071	0.070	0.058	0.801
>TTTTTCTC	3-TTTTTCTC	9.194246	-15.345163	0	T:164.0(56.55%),B:15362.2(41.56%),P:1e-6	Tpos:554.1,Tstd:287.8,Bpos:531.0,Bstd:368.0,StrandBias:1.2,Multiplicity:1.52
0.001	0.001	0.001	0.997
0.081	0.001	0.001	0.917
0.001	0.001	0.001	0.997
0.001	0.001	0.001	0.997
0.077	0.119	0.001	0.803
0.001	0.997	0.001	0.001
0.157	0.207	0.001	0.635
0.001	0.997	0.001	0.001
>TCGATTTT	4-TCGATTTT	8.891430	-15.106901	0	T:134.0(46.21%),B:11780.2(31.87%),P:1e-6	Tpos:545.6,Tstd:282.1,Bpos:518.7,Bstd:407.0,StrandBias:0.3,Multiplicity:2.01
0.001	0.001	0.001	0.997
0.001	0.997	0.001	0.001
0.001	0.001	0.997	0.001
0.997	0.001	0.001	0.001
0.001	0.001	0.001	0.997
0.154	0.001	0.001	0.844
0.001	0.081	0.089	0.829
0.116	0.001	0.001	0.882
>TCTCTCTC	5-TCTCTCTC	7.939790	-13.372855	0	T:113.0(38.97%),B:9688.9(26.21%),P:1e-5	Tpos:555.2,Tstd:281.4,Bpos:542.2,Bstd:354.1,StrandBias:1.4,Multiplicity:1.52
0.082	0.001	0.001	0.916
0.116	0.697	0.001	0.186
0.088	0.001	0.001	0.910
0.001	0.997	0.001	0.001
0.001	0.001	0.001	0.997
0.141	0.857	0.001	0.001
0.098	0.001	0.001	0.900
0.001	0.883	0.115	0.001
>GCTGAAAA	6-GCTGAAAA	8.922221	-11.876575	0	T:124.0(42.76%),B:11257.8(30.46%),P:1e-5	Tpos:499.1,Tstd:299.7,Bpos:520.9,Bstd:394.3,StrandBias:-0.4,Multiplicity:1.50
0.001	0.109	0.889	0.001
0.001	0.834	0.164	0.001
0.186	0.001	0.075	0.738
0.001	0.001	0.930	0.068
0.997	0.001	0.001	0.001
0.997	0.001	0.001	0.001
0.997	0.001	0.001	0.001
0.900	0.001	0.001	0.098
>GACGACGC	7-GACGACGC	7.120709	-11.182004	0	T:63.0(21.72%),B:4686.8(12.68%),P:1e-4	Tpos:528.1,Tstd:286.8,Bpos:500.5,Bstd:372.4,StrandBias:0.3,Multiplicity:1.19
0.083	0.004	0.903	0.010
0.975	0.004	0.004	0.017
0.059	0.809	0.057	0.075
0.041	0.014	0.944	0.001
0.960	0.034	0.005	0.001
0.025	0.844	0.018	0.113
0.048	0.001	0.856	0.095
0.237	0.722	0.040	0.001
>AMAMTTCG	8-AMAMTTCG	9.082703	-8.924656	0	T:110.0(37.93%),B:10292.0(27.84%),P:1e-3	Tpos:489.0,Tstd:300.9,Bpos:502.9,Bstd:379.2,StrandBias:-0.5,Multiplicity:1.42
0.587	0.001	0.411	0.001
0.524	0.474	0.001	0.001
0.997	0.001	0.001	0.001
0.490	0.508	0.001	0.001
0.001	0.001	0.001	0.997
0.001	0.001	0.001	0.997
0.001	0.997	0.001	0.001
0.001	0.001	0.997	0.001
>AAAACCCC	9-AAAACCCC	6.638381	-8.647116	0	T:165.0(56.90%),B:17078.0(46.20%),P:1e-3	Tpos:520.9,Tstd:302.8,Bpos:507.1,Bstd:372.0,StrandBias:0.4,Multiplicity:1.77
0.987	0.011	0.001	0.001
0.987	0.003	0.009	0.001
0.970	0.007	0.017	0.006
0.799	0.001	0.021	0.179
0.078	0.723	0.017	0.182
0.047	0.841	0.059	0.053
0.053	0.915	0.031	0.001
0.001	0.819	0.080	0.100
