>TTTCTSBDTTTT	1-TTTCTSBDTTTT	10.927796	-31.968608	0	T:88.0(30.34%),B:4803.5(12.99%),P:1e-13	Tpos:555.0,Tstd:283.4,Bpos:527.5,Bstd:379.7,StrandBias:0.9,Multiplicity:1.25
0.001	0.053	0.070	0.876
0.001	0.048	0.027	0.924
0.039	0.035	0.028	0.898
0.001	0.892	0.033	0.074
0.138	0.052	0.027	0.783
0.019	0.488	0.472	0.021
0.035	0.335	0.331	0.299
0.310	0.178	0.182	0.330
0.022	0.044	0.035	0.899
0.017	0.051	0.027	0.905
0.001	0.001	0.024	0.974
0.023	0.037	0.016	0.924
>AAATCGATAAAA	2-AAATCGATAAAA	12.027949	-30.946372	0	T:52.0(17.93%),B:1985.4(5.37%),P:1e-13	Tpos:555.9,Tstd:290.4,Bpos:544.0,Bstd:435.5,StrandBias:0.0,Multiplicity:1.42
0.968	0.001	0.030	0.001
0.973	0.001	0.001	0.025
0.997	0.001	0.001	0.001
0.001	0.001	0.017	0.981
0.012	0.973	0.001	0.014
0.001	0.009	0.989	0.001
0.951	0.001	0.001	0.047
0.001	0.106	0.178	0.715
0.800	0.018	0.125	0.057
0.997	0.001	0.001	0.001
0.997	0.001	0.001	0.001
0.925	0.001	0.001	0.073
>TTTTCMBCWWTT	3-TTTTCMBCWWTT	10.675670	-25.270519	0	T:139.0(47.93%),B:10725.0(29.01%),P:1e-10	Tpos:533.5,Tstd:292.3,Bpos:532.1,Bstd:385.2,StrandBias:1.4,Multiplicity:1.47
0.001	0.001	0.001	0.997
0.001	0.001	0.001	0.997
0.001	0.001	0.001	0.997
0.001	0.001	0.001	0.997
0.001	0.665	0.001	0.333
0.301	0.370	0.112	0.217
0.110	0.342	0.290	0.258
0.206	0.550	0.243	0.001
0.361	0.038	0.175	0.426
0.386	0.001	0.121	0.492
0.001	0.001	0.001	0.997
0.001	0.001	0.001	0.997
>GCTCGAAAAGCT	4-GCTCGAAAAGCT	12.842792	-22.126167	0	T:13.0(4.48%),B:139.9(0.38%),P:1e-9	Tpos:416.7,Tstd:341.0,Bpos:473.1,Bstd:385.8,StrandBias:2.1,Multiplicity:1.23
0.001	0.001	0.997	0.001
0.001	0.997	0.001	0.001
0.001	0.001	0.070	0.928
0.093	0.789	0.051	0.067
0.153	0.001	0.845	0.001
0.997	0.001	0.001	0.001
0.784	0.126	0.089	0.001
0.798	0.001	0.075	0.126
0.997	0.001	0.001	0.001
0.001	0.081	0.917	0.001
0.001	0.997	0.001	0.001
0.001	0.001	0.001	0.997
>TTTCGSBGAAAA	5-TTTCGSBGAAAA	10.207159	-21.774876	0	T:112.0(38.62%),B:8247.1(22.31%),P:1e-9	Tpos:524.9,Tstd:293.6,Bpos:505.4,Bstd:420.8,StrandBias:-0.3,Multiplicity:1.77
0.001	0.001	0.001	0.997
0.001	0.001	0.001	0.997
0.032	0.200	0.001	0.767
0.178	0.550	0.054	0.218
0.157	0.185	0.615	0.043
0.060	0.381	0.521	0.038
0.035	0.286	0.335	0.344
0.380	0.001	0.552	0.067
0.997	0.001	0.001	0.001
0.912	0.001	0.001	0.086
0.997	0.001	0.001	0.001
0.997	0.001	0.001	0.001
>CCTAATTTTCCA	6-CCTAATTTTCCA	11.143751	-21.080949	0	T:47.0(16.21%),B:2207.4(5.97%),P:1e-9	Tpos:525.0,Tstd:307.1,Bpos:522.6,Bstd:378.1,StrandBias:1.1,Multiplicity:1.13
0.001	0.671	0.054	0.274
0.003	0.936	0.001	0.060
0.297	0.001	0.138	0.564
0.768	0.091	0.001	0.140
0.899	0.001	0.001	0.099
0.001	0.001	0.001	0.997
0.001	0.074	0.001	0.924
0.001	0.001	0.001	0.997
0.001	0.088	0.001	0.910
0.001	0.881	0.001	0.117
0.099	0.762	0.138	0.001
0.712	0.196	0.001	0.091
>GTGTGCAAACAC	7-GTGTGCAAACAC	9.847633	-21.007397	0	T:28.0(9.66%),B:877.4(2.37%),P:1e-9	Tpos:552.8,Tstd:307.4,Bpos:571.3,Bstd:349.9,StrandBias:0.3,Multiplicity:1.14
0.087	0.048	0.864	0.001
0.001	0.150	0.001	0.848
0.001	0.048	0.825	0.126
0.001	0.013	0.001	0.985
0.001	0.047	0.866	0.086
0.065	0.882	0.052	0.001
0.797	0.001	0.142	0.060
0.876	0.099	0.001	0.024
0.835	0.034	0.035	0.096
0.126	0.649	0.134	0.091
0.873	0.060	0.066	0.001
0.160	0.711	0.082	0.047
>TTTTCCCGTTCT	8-TTTTCCCGTTCT	12.821654	-19.909021	0	T:17.0(5.86%),B:327.2(0.89%),P:1e-8	Tpos:560.0,Tstd:238.5,Bpos:518.2,Bstd:310.5,StrandBias:2.2,Multiplicity:1.00
0.001	0.108	0.001	0.890
0.001	0.001	0.001	0.997
0.001	0.001	0.001	0.997
0.001	0.001	0.001	0.997
0.125	0.873	0.001	0.001
0.001	0.824	0.125	0.050
0.062	0.855	0.001	0.082
0.066	0.001	0.858	0.075
0.001	0.108	0.001	0.890
0.001	0.001	0.001	0.997
0.001	0.883	0.001	0.115
0.001	0.001	0.001	0.997
>TCCCCATTTTTT	9-TCCCCATTTTTT	11.765718	-19.868585	0	T:31.0(10.69%),B:1118.7(3.03%),P:1e-8	Tpos:640.4,Tstd:304.6,Bpos:538.2,Bstd:386.5,StrandBias:2.9,Multiplicity:1.15
0.121	0.255	0.001	0.623
0.001	0.997	0.001	0.001
0.029	0.901	0.001	0.069
0.001	0.997	0.001	0.001
0.111	0.798	0.001	0.090
0.571	0.330	0.098	0.001
0.156	0.001	0.308	0.535
0.001	0.149	0.001	0.849
0.001	0.001	0.001	0.997
0.001	0.001	0.001	0.997
0.001	0.097	0.001	0.901
0.001	0.029	0.001	0.969
>CAATCGATATGC	10-CAATCGATATGC	13.018100	-19.740942	0	T:9.0(3.10%),B:58.8(0.16%),P:1e-8	Tpos:521.8,Tstd:304.9,Bpos:580.9,Bstd:364.0,StrandBias:0.3,Multiplicity:1.00
0.066	0.932	0.001	0.001
0.997	0.001	0.001	0.001
0.997	0.001	0.001	0.001
0.001	0.001	0.001	0.997
0.001	0.997	0.001	0.001
0.001	0.001	0.997	0.001
0.897	0.001	0.101	0.001
0.101	0.124	0.001	0.774
0.862	0.136	0.001	0.001
0.001	0.001	0.001	0.997
0.124	0.001	0.783	0.092
0.001	0.884	0.001	0.114
>AAATTACGTAAA	11-AAATTACGTAAA	13.870985	-18.895469	0	T:15.0(5.17%),B:264.0(0.71%),P:1e-8	Tpos:623.4,Tstd:241.5,Bpos:533.8,Bstd:347.5,StrandBias:-1.5,Multiplicity:1.00
0.997	0.001	0.001	0.001
0.997	0.001	0.001	0.001
0.997	0.001	0.001	0.001
0.001	0.001	0.001	0.997
0.001	0.001	0.001	0.997
0.997	0.001	0.001	0.001
0.339	0.659	0.001	0.001
0.001	0.001	0.826	0.172
0.205	0.001	0.001	0.793
0.718	0.001	0.001	0.280
0.997	0.001	0.001	0.001
0.997	0.001	0.001	0.001
>CCTCAACCAACA	12-CCTCAACCAACA	12.458027	-18.277133	0	T:10.0(3.45%),B:96.6(0.26%),P:1e-7	Tpos:576.1,Tstd:269.5,Bpos:415.9,Bstd:367.7,StrandBias:0.5,Multiplicity:1.20
0.001	0.806	0.192	0.001
0.001	0.997	0.001	0.001
0.001	0.001	0.001	0.997
0.001	0.997	0.001	0.001
0.997	0.001	0.001	0.001
0.861	0.001	0.001	0.137
0.116	0.882	0.001	0.001
0.001	0.997	0.001	0.001
0.997	0.001	0.001	0.001
0.876	0.001	0.001	0.122
0.036	0.867	0.001	0.096
0.809	0.001	0.001	0.189
>TTTTTAMTTAAA	13-TTTTTAMTTAAA	12.794117	-17.182547	0	T:27.0(9.31%),B:986.1(2.67%),P:1e-7	Tpos:519.5,Tstd:307.5,Bpos:508.8,Bstd:352.1,StrandBias:-0.4,Multiplicity:1.16
0.001	0.001	0.001	0.997
0.001	0.001	0.001	0.997
0.001	0.001	0.001	0.997
0.001	0.001	0.082	0.916
0.030	0.001	0.103	0.866
0.976	0.001	0.001	0.022
0.297	0.439	0.124	0.140
0.001	0.001	0.001	0.997
0.019	0.031	0.001	0.949
0.965	0.033	0.001	0.001
0.928	0.001	0.001	0.070
0.997	0.001	0.001	0.001
>CTGCTCAAAATC	14-CTGCTCAAAATC	12.704922	-16.987056	0	T:12.0(4.14%),B:180.4(0.49%),P:1e-7	Tpos:536.6,Tstd:306.6,Bpos:481.4,Bstd:383.2,StrandBias:-1.0,Multiplicity:1.25
0.001	0.702	0.090	0.207
0.001	0.058	0.001	0.940
0.001	0.001	0.961	0.037
0.089	0.909	0.001	0.001
0.001	0.001	0.001	0.997
0.001	0.945	0.053	0.001
0.997	0.001	0.001	0.001
0.904	0.001	0.094	0.001
0.997	0.001	0.001	0.001
0.926	0.072	0.001	0.001
0.035	0.001	0.110	0.854
0.054	0.907	0.001	0.038
>AATCGGTGGGTC	15-AATCGGTGGGTC	14.286680	-15.658884	0	T:5.0(1.72%),B:12.5(0.03%),P:1e-6	Tpos:533.4,Tstd:301.7,Bpos:486.0,Bstd:371.0,StrandBias:-0.6,Multiplicity:1.00
0.997	0.001	0.001	0.001
0.816	0.001	0.001	0.182
0.001	0.001	0.001	0.997
0.001	0.997	0.001	0.001
0.001	0.001	0.997	0.001
0.001	0.001	0.997	0.001
0.001	0.218	0.001	0.780
0.001	0.001	0.997	0.001
0.001	0.001	0.780	0.218
0.197	0.001	0.801	0.001
0.001	0.001	0.001	0.997
0.001	0.997	0.001	0.001
>AAAAAATTGATT	16-AAAAAATTGATT	11.957379	-15.131805	0	T:60.0(20.69%),B:3871.9(10.47%),P:1e-6	Tpos:592.7,Tstd:276.8,Bpos:522.3,Bstd:385.7,StrandBias:-0.3,Multiplicity:1.38
0.946	0.052	0.001	0.001
0.997	0.001	0.001	0.001
0.997	0.001	0.001	0.001
0.960	0.038	0.001	0.001
0.939	0.001	0.001	0.059
0.813	0.043	0.143	0.001
0.057	0.001	0.001	0.941
0.001	0.195	0.038	0.766
0.066	0.059	0.874	0.001
0.909	0.050	0.040	0.001
0.092	0.001	0.001	0.906
0.026	0.034	0.001	0.939
>TCGCCSGAAACA	17-TCGCCSGAAACA	12.981750	-14.863367	0	T:8.0(2.76%),B:77.6(0.21%),P:1e-6	Tpos:523.5,Tstd:307.0,Bpos:524.4,Bstd:325.1,StrandBias:-2.0,Multiplicity:1.43
0.001	0.001	0.001	0.997
0.001	0.997	0.001	0.001
0.251	0.001	0.560	0.188
0.001	0.997	0.001	0.001
0.001	0.997	0.001	0.001
0.001	0.366	0.458	0.176
0.001	0.001	0.997	0.001
0.997	0.001	0.001	0.001
0.997	0.001	0.001	0.001
0.997	0.001	0.001	0.001
0.194	0.804	0.001	0.001
0.997	0.001	0.001	0.001
>TAATTTCTAGCT	18-TAATTTCTAGCT	12.450722	-14.436554	0	T:12.0(4.14%),B:231.3(0.63%),P:1e-6	Tpos:449.1,Tstd:227.7,Bpos:518.9,Bstd:337.1,StrandBias:0.2,Multiplicity:1.25
0.061	0.063	0.248	0.628
0.997	0.001	0.001	0.001
0.997	0.001	0.001	0.001
0.001	0.001	0.001	0.997
0.001	0.001	0.001	0.997
0.001	0.001	0.001	0.997
0.001	0.997	0.001	0.001
0.080	0.077	0.077	0.766
0.866	0.062	0.001	0.071
0.001	0.001	0.997	0.001
0.001	0.955	0.001	0.043
0.077	0.054	0.001	0.868
>CACACACACACA	19-CACACACACACA	9.654360	-14.009352	0	T:36.0(12.41%),B:1861.2(5.04%),P:1e-6	Tpos:499.9,Tstd:285.3,Bpos:538.1,Bstd:346.3,StrandBias:0.8,Multiplicity:1.11
0.073	0.782	0.062	0.083
0.779	0.081	0.074	0.066
0.007	0.848	0.073	0.072
0.825	0.087	0.047	0.041
0.048	0.855	0.022	0.075
0.885	0.028	0.056	0.031
0.052	0.854	0.021	0.073
0.887	0.021	0.063	0.029
0.056	0.797	0.038	0.109
0.865	0.049	0.027	0.059
0.079	0.817	0.069	0.035
0.811	0.036	0.049	0.104
>TCAGCTGAAAAT	20-TCAGCTGAAAAT	12.294638	-13.519349	0	T:22.0(7.59%),B:840.0(2.27%),P:1e-5	Tpos:427.6,Tstd:316.5,Bpos:547.2,Bstd:399.4,StrandBias:-0.2,Multiplicity:1.10
0.037	0.037	0.001	0.925
0.045	0.833	0.060	0.062
0.844	0.053	0.028	0.075
0.025	0.001	0.916	0.058
0.001	0.997	0.001	0.001
0.061	0.001	0.001	0.937
0.034	0.001	0.964	0.001
0.997	0.001	0.001	0.001
0.997	0.001	0.001	0.001
0.997	0.001	0.001	0.001
0.696	0.071	0.001	0.232
0.001	0.056	0.063	0.880
>TTCCATGGAAAC	21-TTCCATGGAAAC	13.189543	-11.156545	0	T:8.0(2.76%),B:131.4(0.36%),P:1e-4	Tpos:477.7,Tstd:317.4,Bpos:507.2,Bstd:372.9,StrandBias:0.2,Multiplicity:1.12
0.001	0.001	0.001	0.997
0.001	0.001	0.118	0.880
0.001	0.929	0.001	0.069
0.001	0.997	0.001	0.001
0.997	0.001	0.001	0.001
0.001	0.001	0.001	0.997
0.001	0.001	0.997	0.001
0.001	0.001	0.997	0.001
0.880	0.118	0.001	0.001
0.858	0.001	0.001	0.140
0.997	0.001	0.001	0.001
0.163	0.710	0.001	0.126
>AGGCTCACACTA	22-AGGCTCACACTA	9.907743	-11.053680	0	T:7.0(2.41%),B:95.5(0.26%),P:1e-4	Tpos:556.4,Tstd:197.6,Bpos:556.5,Bstd:366.1,StrandBias:0.0,Multiplicity:1.14
0.774	0.001	0.001	0.224
0.001	0.001	0.997	0.001
0.001	0.001	0.997	0.001
0.001	0.997	0.001	0.001
0.001	0.001	0.001	0.997
0.001	0.997	0.001	0.001
0.997	0.001	0.001	0.001
0.010	0.721	0.268	0.001
0.997	0.001	0.001	0.001
0.237	0.752	0.001	0.010
0.001	0.001	0.270	0.728
0.997	0.001	0.001	0.001
>CCCGACCAAATA	23-CCCGACCAAATA	11.347033	-11.015148	0	T:5.0(1.72%),B:36.2(0.10%),P:1e-4	Tpos:482.2,Tstd:309.7,Bpos:635.0,Bstd:240.4,StrandBias:1.6,Multiplicity:1.60
0.001	0.997	0.001	0.001
0.001	0.997	0.001	0.001
0.001	0.997	0.001	0.001
0.001	0.001	0.997	0.001
0.581	0.417	0.001	0.001
0.001	0.969	0.029	0.001
0.001	0.997	0.001	0.001
0.997	0.001	0.001	0.001
0.611	0.321	0.001	0.067
0.997	0.001	0.001	0.001
0.001	0.001	0.001	0.997
0.700	0.001	0.001	0.298
>TCTCKCTCTCTC	24-TCTCKCTCTCTC	6.290716	-10.246997	0	T:108.0(37.24%),B:9754.2(26.39%),P:1e-4	Tpos:585.1,Tstd:258.1,Bpos:556.0,Bstd:349.7,StrandBias:1.3,Multiplicity:1.50
0.214	0.199	0.118	0.470
0.168	0.694	0.036	0.102
0.212	0.210	0.024	0.554
0.087	0.609	0.161	0.143
0.204	0.173	0.248	0.375
0.117	0.549	0.266	0.068
0.250	0.208	0.114	0.428
0.096	0.497	0.309	0.098
0.368	0.001	0.018	0.613
0.115	0.707	0.010	0.168
0.236	0.021	0.168	0.575
0.219	0.636	0.006	0.139
>TAAATTTTGAGG	25-TAAATTTTGAGG	12.355432	-8.526298	0	T:3.0(1.03%),B:12.3(0.03%),P:1e-3	Tpos:243.0,Tstd:215.2,Bpos:449.0,Bstd:271.3,StrandBias:-2.3,Multiplicity:2.00
0.100	0.100	0.100	0.700
0.700	0.100	0.100	0.100
0.700	0.100	0.100	0.100
0.700	0.100	0.100	0.100
0.100	0.100	0.100	0.700
0.100	0.100	0.100	0.700
0.100	0.100	0.100	0.700
0.100	0.100	0.100	0.700
0.100	0.100	0.700	0.100
0.700	0.100	0.100	0.100
0.100	0.100	0.700	0.100
0.100	0.100	0.700	0.100
