>CCCCCCCCCCCC	20-CCCCCCCCCCCC	6.862928	-12.853038	0	T:83.0(18.08%),B:4429.0(10.81%),P:1e-5
0.090	0.746	0.073	0.091
0.060	0.781	0.086	0.073
0.099	0.754	0.098	0.049
0.125	0.592	0.119	0.164
0.060	0.801	0.062	0.077
0.110	0.728	0.125	0.037
0.073	0.768	0.075	0.084
0.062	0.780	0.092	0.066
0.062	0.771	0.092	0.075
0.088	0.731	0.097	0.084
0.051	0.792	0.103	0.054
0.088	0.756	0.086	0.070
