>ACTATCCCTG	1-ACTATCCCTG	10.566305	-22.407721	0	T:11.0(7.59%),B:190.4(0.47%),P:1e-9	Tpos:486.8,Tstd:326.4,Bpos:477.8,Bstd:301.5,StrandBias:2.3,Multiplicity:1.09
0.814	0.001	0.184	0.001
0.091	0.907	0.001	0.001
0.001	0.001	0.001	0.997
0.997	0.001	0.001	0.001
0.162	0.001	0.001	0.836
0.122	0.876	0.001	0.001
0.001	0.911	0.001	0.087
0.001	0.896	0.001	0.102
0.001	0.001	0.001	0.997
0.112	0.001	0.886	0.001
>TTGCCGCCTG	2-TTGCCGCCTG	9.998799	-22.164134	0	T:14.0(9.66%),B:389.7(0.96%),P:1e-9	Tpos:513.2,Tstd:228.6,Bpos:531.7,Bstd:296.4,StrandBias:0.8,Multiplicity:1.00
0.120	0.001	0.001	0.878
0.001	0.001	0.001	0.997
0.001	0.085	0.768	0.146
0.089	0.909	0.001	0.001
0.001	0.997	0.001	0.001
0.001	0.001	0.916	0.082
0.081	0.828	0.090	0.001
0.091	0.828	0.001	0.080
0.001	0.001	0.001	0.997
0.055	0.001	0.943	0.001
>TGCACTACGA	3-TGCACTACGA	10.523585	-21.651858	0	T:10.0(6.90%),B:152.4(0.38%),P:1e-9	Tpos:650.5,Tstd:281.0,Bpos:516.3,Bstd:298.5,StrandBias:0.6,Multiplicity:1.00
0.001	0.133	0.001	0.865
0.001	0.088	0.910	0.001
0.001	0.892	0.106	0.001
0.997	0.001	0.001	0.001
0.066	0.831	0.001	0.102
0.001	0.001	0.001	0.997
0.997	0.001	0.001	0.001
0.117	0.881	0.001	0.001
0.046	0.097	0.798	0.059
0.902	0.096	0.001	0.001
>AACTCATATC	4-AACTCATATC	7.849848	-21.124468	0	T:24.0(16.55%),B:1468.8(3.62%),P:1e-9	Tpos:508.7,Tstd:280.8,Bpos:515.5,Bstd:295.5,StrandBias:0.8,Multiplicity:1.04
0.836	0.067	0.060	0.037
0.649	0.036	0.253	0.062
0.178	0.469	0.184	0.169
0.077	0.040	0.054	0.829
0.045	0.703	0.233	0.019
0.587	0.020	0.193	0.200
0.220	0.027	0.042	0.711
0.616	0.047	0.254	0.083
0.222	0.207	0.042	0.529
0.050	0.701	0.026	0.223
>TGGATCTATC	5-TGGATCTATC	8.695034	-19.633405	0	T:16.0(11.03%),B:659.1(1.63%),P:1e-8	Tpos:551.6,Tstd:276.2,Bpos:493.3,Bstd:298.3,StrandBias:1.3,Multiplicity:1.06
0.001	0.105	0.091	0.803
0.001	0.081	0.819	0.099
0.001	0.001	0.997	0.001
0.896	0.102	0.001	0.001
0.058	0.001	0.001	0.940
0.050	0.908	0.001	0.041
0.001	0.001	0.001	0.997
0.927	0.071	0.001	0.001
0.001	0.001	0.001	0.997
0.090	0.780	0.077	0.053
>TGACGTACAT	6-TGACGTACAT	10.025739	-18.934666	0	T:15.0(10.34%),B:596.2(1.47%),P:1e-8	Tpos:396.3,Tstd:276.1,Bpos:491.6,Bstd:283.1,StrandBias:0.2,Multiplicity:1.00
0.100	0.001	0.001	0.898
0.001	0.001	0.922	0.076
0.997	0.001	0.001	0.001
0.050	0.855	0.094	0.001
0.065	0.073	0.861	0.001
0.001	0.101	0.001	0.897
0.901	0.001	0.001	0.097
0.071	0.927	0.001	0.001
0.812	0.001	0.001	0.186
0.001	0.001	0.001	0.997
>GATGTACCAT	7-GATGTACCAT	8.897973	-18.840349	0	T:22.0(15.17%),B:1389.6(3.43%),P:1e-8	Tpos:434.5,Tstd:238.7,Bpos:472.0,Bstd:294.1,StrandBias:0.3,Multiplicity:1.36
0.001	0.072	0.865	0.062
0.997	0.001	0.001	0.001
0.001	0.001	0.001	0.997
0.001	0.001	0.997	0.001
0.001	0.267	0.001	0.731
0.779	0.001	0.001	0.219
0.072	0.926	0.001	0.001
0.054	0.944	0.001	0.001
0.814	0.184	0.001	0.001
0.001	0.001	0.001	0.997
>GAGGAGCCTA	8-GAGGAGCCTA	9.523696	-18.272002	0	T:13.0(8.97%),B:444.6(1.10%),P:1e-7	Tpos:500.6,Tstd:337.1,Bpos:525.2,Bstd:311.5,StrandBias:0.0,Multiplicity:1.08
0.098	0.214	0.687	0.001
0.924	0.001	0.001	0.074
0.075	0.001	0.923	0.001
0.001	0.128	0.870	0.001
0.713	0.101	0.089	0.097
0.001	0.001	0.997	0.001
0.001	0.997	0.001	0.001
0.001	0.936	0.001	0.062
0.053	0.001	0.069	0.877
0.997	0.001	0.001	0.001
>GTATCTGCCT	9-GTATCTGCCT	10.362520	-16.283456	0	T:10.0(6.90%),B:274.1(0.68%),P:1e-7	Tpos:496.9,Tstd:297.5,Bpos:516.3,Bstd:294.6,StrandBias:0.0,Multiplicity:1.00
0.049	0.055	0.830	0.066
0.087	0.069	0.001	0.843
0.997	0.001	0.001	0.001
0.001	0.048	0.001	0.950
0.001	0.939	0.059	0.001
0.001	0.100	0.001	0.898
0.084	0.001	0.914	0.001
0.071	0.853	0.001	0.075
0.073	0.849	0.001	0.077
0.001	0.001	0.001	0.997
>CRTTAGGAAC	10-CRTTAGGAAC	8.797433	-15.926417	0	T:19.0(13.10%),B:1235.3(3.05%),P:1e-6	Tpos:528.8,Tstd:331.8,Bpos:494.1,Bstd:300.6,StrandBias:0.3,Multiplicity:1.05
0.051	0.864	0.083	0.002
0.549	0.001	0.448	0.002
0.028	0.113	0.190	0.669
0.073	0.082	0.001	0.844
0.828	0.001	0.065	0.106
0.001	0.001	0.789	0.209
0.001	0.284	0.572	0.143
0.847	0.001	0.064	0.088
0.993	0.002	0.004	0.001
0.001	0.955	0.001	0.043
>GCCTTAGTTT	11-GCCTTAGTTT	8.830244	-15.766071	0	T:17.0(11.72%),B:996.5(2.46%),P:1e-6	Tpos:552.5,Tstd:277.3,Bpos:484.6,Bstd:438.3,StrandBias:-0.5,Multiplicity:1.00
0.044	0.007	0.841	0.108
0.001	0.940	0.001	0.058
0.001	0.923	0.051	0.025
0.001	0.008	0.001	0.990
0.228	0.001	0.001	0.770
0.724	0.086	0.084	0.106
0.001	0.077	0.921	0.001
0.001	0.136	0.001	0.862
0.001	0.001	0.149	0.849
0.001	0.111	0.001	0.887
>AGTTCTCCGA	12-AGTTCTCCGA	9.169123	-15.673376	0	T:14.0(9.66%),B:661.2(1.63%),P:1e-6	Tpos:412.9,Tstd:300.2,Bpos:485.7,Bstd:301.4,StrandBias:-0.8,Multiplicity:1.00
0.997	0.001	0.001	0.001
0.059	0.001	0.939	0.001
0.001	0.001	0.001	0.997
0.001	0.001	0.001	0.997
0.001	0.806	0.098	0.095
0.001	0.001	0.001	0.997
0.001	0.997	0.001	0.001
0.001	0.997	0.001	0.001
0.001	0.114	0.884	0.001
0.890	0.001	0.001	0.108
>GSTTTCCGCT	13-GSTTTCCGCT	10.852922	-14.179540	0	T:7.0(4.83%),B:131.1(0.32%),P:1e-6	Tpos:556.5,Tstd:225.5,Bpos:480.4,Bstd:293.8,StrandBias:0.7,Multiplicity:1.14
0.001	0.001	0.997	0.001
0.001	0.441	0.557	0.001
0.001	0.001	0.001	0.997
0.001	0.001	0.001	0.997
0.001	0.001	0.001	0.997
0.146	0.852	0.001	0.001
0.001	0.997	0.001	0.001
0.001	0.001	0.997	0.001
0.001	0.997	0.001	0.001
0.379	0.001	0.001	0.619
>GACCGCCGCA	14-GACCGCCGCA	10.755035	-13.013877	0	T:6.0(4.14%),B:99.5(0.25%),P:1e-5	Tpos:489.4,Tstd:223.1,Bpos:527.9,Bstd:290.1,StrandBias:-2.8,Multiplicity:1.33
0.001	0.106	0.617	0.276
0.997	0.001	0.001	0.001
0.001	0.997	0.001	0.001
0.001	0.997	0.001	0.001
0.001	0.001	0.997	0.001
0.001	0.997	0.001	0.001
0.357	0.641	0.001	0.001
0.001	0.001	0.997	0.001
0.001	0.997	0.001	0.001
0.740	0.001	0.001	0.258
>CAAGCAATCA	15-CAAGCAATCA	10.520872	-12.824301	0	T:15.0(10.34%),B:971.3(2.40%),P:1e-5	Tpos:631.2,Tstd:238.6,Bpos:533.6,Bstd:292.8,StrandBias:-0.4,Multiplicity:1.07
0.001	0.997	0.001	0.001
0.997	0.001	0.001	0.001
0.997	0.001	0.001	0.001
0.157	0.001	0.722	0.120
0.187	0.811	0.001	0.001
0.740	0.001	0.172	0.087
0.997	0.001	0.001	0.001
0.001	0.001	0.001	0.997
0.001	0.900	0.001	0.098
0.783	0.001	0.001	0.215
>ACMTAGATTG	16-ACMTAGATTG	9.109148	-12.318931	0	T:25.0(17.24%),B:2548.0(6.29%),P:1e-5	Tpos:587.6,Tstd:264.7,Bpos:507.2,Bstd:335.7,StrandBias:-1.8,Multiplicity:1.29
0.997	0.001	0.001	0.001
0.388	0.572	0.039	0.001
0.533	0.465	0.001	0.001
0.001	0.001	0.001	0.997
0.743	0.070	0.061	0.126
0.001	0.001	0.997	0.001
0.839	0.001	0.159	0.001
0.001	0.001	0.001	0.997
0.001	0.001	0.157	0.841
0.067	0.078	0.854	0.001
>GCCGAGCTCT	17-GCCGAGCTCT	11.535692	-12.048398	0	T:4.0(2.76%),B:29.8(0.07%),P:1e-5	Tpos:715.5,Tstd:339.3,Bpos:472.8,Bstd:350.6,StrandBias:1.6,Multiplicity:1.00
0.088	0.048	0.830	0.034
0.001	0.952	0.046	0.001
0.114	0.590	0.295	0.001
0.074	0.157	0.730	0.039
0.882	0.001	0.001	0.116
0.045	0.001	0.726	0.228
0.138	0.640	0.051	0.171
0.052	0.001	0.001	0.946
0.001	0.904	0.094	0.001
0.129	0.052	0.001	0.818
>GTTTGCAATC	18-GTTTGCAATC	10.861121	-10.963972	0	T:13.0(8.97%),B:866.3(2.14%),P:1e-4	Tpos:611.7,Tstd:272.6,Bpos:522.8,Bstd:286.1,StrandBias:0.4,Multiplicity:1.08
0.091	0.001	0.694	0.214
0.001	0.001	0.001	0.997
0.001	0.001	0.001	0.997
0.001	0.001	0.001	0.997
0.001	0.001	0.655	0.343
0.001	0.997	0.001	0.001
0.997	0.001	0.001	0.001
0.997	0.001	0.001	0.001
0.123	0.001	0.132	0.744
0.001	0.905	0.093	0.001
>TATRGACGAC	19-TATRGACGAC	8.312607	-10.811773	0	T:18.0(12.41%),B:1603.4(3.96%),P:1e-4	Tpos:518.5,Tstd:285.2,Bpos:492.8,Bstd:303.2,StrandBias:-1.4,Multiplicity:1.28
0.001	0.001	0.001	0.997
0.694	0.150	0.086	0.070
0.094	0.143	0.001	0.762
0.465	0.001	0.533	0.001
0.001	0.001	0.982	0.016
0.638	0.001	0.001	0.360
0.001	0.895	0.103	0.001
0.070	0.077	0.694	0.159
0.997	0.001	0.001	0.001
0.101	0.829	0.001	0.069
>GCACACGCAA	20-GCACACGCAA	6.251990	-6.981826	0	T:11.0(7.59%),B:985.1(2.43%),P:1e-3	Tpos:529.8,Tstd:221.7,Bpos:488.9,Bstd:270.6,StrandBias:-1.7,Multiplicity:2.36
0.001	0.001	0.711	0.287
0.001	0.711	0.001	0.287
0.997	0.001	0.001	0.001
0.001	0.997	0.001	0.001
0.997	0.001	0.001	0.001
0.001	0.997	0.001	0.001
0.001	0.001	0.997	0.001
0.287	0.711	0.001	0.001
0.997	0.001	0.001	0.001
0.997	0.001	0.001	0.001
>GGTCCTGGTG	21-GGTCCTGGTG	10.531436	-5.684049	0	T:5.0(3.45%),B:275.9(0.68%),P:1e-2	Tpos:546.2,Tstd:206.9,Bpos:488.1,Bstd:761.6,StrandBias:-1.6,Multiplicity:3.20
0.001	0.001	0.997	0.001
0.001	0.001	0.997	0.001
0.001	0.001	0.001	0.997
0.106	0.825	0.068	0.001
0.001	0.997	0.001	0.001
0.001	0.102	0.001	0.896
0.001	0.001	0.923	0.075
0.125	0.093	0.781	0.001
0.086	0.001	0.001	0.912
0.001	0.082	0.916	0.001
>GTTACCGCTT	22-GTTACCGCTT	10.296193	-2.831456	0	T:1.0(0.69%),B:16.5(0.04%),P:1e-1	Tpos:223.0,Tstd:29.7,Bpos:548.3,Bstd:320.8,StrandBias:-10.0,Multiplicity:5.00
0.100	0.100	0.700	0.100
0.100	0.100	0.100	0.700
0.100	0.100	0.100	0.700
0.700	0.100	0.100	0.100
0.100	0.700	0.100	0.100
0.100	0.700	0.100	0.100
0.100	0.100	0.700	0.100
0.100	0.700	0.100	0.100
0.100	0.100	0.100	0.700
0.100	0.100	0.100	0.700
