>CGCGCYCTATYG	1-CGCGCYCTATYG	6.984339	-59.672888	0	T:76.0(19.90%),B:1672.3(4.59%),P:1e-25	Tpos:686.4,Tstd:230.1,Bpos:566.4,Bstd:388.6,StrandBias:0.8,Multiplicity:1.05
0.026	0.571	0.001	0.402
0.001	0.001	0.986	0.012
0.001	0.997	0.001	0.001
0.001	0.001	0.997	0.001
0.001	0.997	0.001	0.001
0.001	0.528	0.001	0.470
0.001	0.997	0.001	0.001
0.001	0.183	0.001	0.815
0.997	0.001	0.001	0.001
0.001	0.396	0.001	0.602
0.001	0.442	0.001	0.556
0.025	0.001	0.973	0.001
>TTTCGCGCGCTC	2-TTTCGCGCGCTC	10.690387	-48.328223	0	T:36.0(9.42%),B:399.0(1.09%),P:1e-20	Tpos:712.1,Tstd:211.6,Bpos:590.2,Bstd:402.6,StrandBias:-0.9,Multiplicity:1.11
0.058	0.001	0.033	0.908
0.001	0.021	0.001	0.977
0.001	0.052	0.064	0.883
0.001	0.796	0.170	0.033
0.001	0.128	0.833	0.038
0.001	0.854	0.001	0.144
0.001	0.052	0.946	0.001
0.001	0.954	0.001	0.044
0.001	0.001	0.930	0.068
0.001	0.814	0.104	0.081
0.031	0.001	0.136	0.832
0.001	0.529	0.146	0.324
>TCGATGCGAGAM	3-TCGATGCGAGAM	10.196880	-32.228796	0	T:39.0(10.21%),B:807.9(2.22%),P:1e-13	Tpos:529.1,Tstd:290.9,Bpos:546.8,Bstd:369.0,StrandBias:-0.1,Multiplicity:1.06
0.001	0.001	0.001	0.997
0.082	0.590	0.327	0.001
0.146	0.102	0.526	0.226
0.581	0.075	0.232	0.112
0.330	0.033	0.060	0.577
0.001	0.001	0.710	0.288
0.001	0.788	0.150	0.061
0.024	0.001	0.974	0.001
0.850	0.001	0.097	0.052
0.279	0.001	0.719	0.001
0.939	0.001	0.059	0.001
0.447	0.551	0.001	0.001
>GAGCAAATATAA	4-GAGCAAATATAA	11.695724	-27.477730	0	T:20.0(5.24%),B:220.9(0.61%),P:1e-11	Tpos:584.1,Tstd:311.4,Bpos:480.7,Bstd:384.3,StrandBias:-2.5,Multiplicity:1.00
0.001	0.001	0.997	0.001
0.997	0.001	0.001	0.001
0.092	0.001	0.906	0.001
0.051	0.712	0.123	0.114
0.850	0.148	0.001	0.001
0.997	0.001	0.001	0.001
0.889	0.001	0.001	0.109
0.021	0.001	0.118	0.860
0.997	0.001	0.001	0.001
0.001	0.001	0.095	0.903
0.997	0.001	0.001	0.001
0.906	0.001	0.001	0.092
>CACACGCGACGC	5-CACACGCGACGC	7.186704	-26.451456	0	T:74.0(19.37%),B:2948.7(8.09%),P:1e-11	Tpos:543.0,Tstd:271.2,Bpos:518.5,Bstd:399.2,StrandBias:0.4,Multiplicity:1.33
0.122	0.719	0.108	0.051
0.837	0.011	0.096	0.056
0.149	0.693	0.087	0.071
0.723	0.076	0.124	0.077
0.102	0.791	0.060	0.047
0.129	0.080	0.701	0.090
0.124	0.724	0.079	0.073
0.149	0.081	0.634	0.136
0.753	0.072	0.076	0.099
0.072	0.860	0.028	0.040
0.086	0.039	0.832	0.043
0.107	0.735	0.068	0.090
>ATTTTCGCAATT	6-ATTTTCGCAATT	12.399028	-26.220432	0	T:39.0(10.21%),B:987.8(2.71%),P:1e-11	Tpos:580.2,Tstd:278.4,Bpos:532.1,Bstd:395.4,StrandBias:1.1,Multiplicity:1.03
0.967	0.001	0.001	0.031
0.286	0.042	0.001	0.671
0.001	0.001	0.001	0.997
0.060	0.001	0.001	0.938
0.072	0.046	0.001	0.881
0.019	0.936	0.001	0.044
0.001	0.039	0.898	0.062
0.089	0.882	0.015	0.014
0.997	0.001	0.001	0.001
0.940	0.001	0.029	0.030
0.001	0.001	0.001	0.997
0.036	0.064	0.001	0.899
>ACGCGCACACGG	7-ACGCGCACACGG	10.287168	-24.636305	0	T:18.0(4.71%),B:201.4(0.55%),P:1e-10	Tpos:520.4,Tstd:260.3,Bpos:544.9,Bstd:374.4,StrandBias:0.5,Multiplicity:1.12
0.736	0.127	0.136	0.001
0.184	0.593	0.054	0.169
0.153	0.001	0.845	0.001
0.179	0.651	0.001	0.169
0.057	0.001	0.941	0.001
0.001	0.742	0.256	0.001
0.930	0.001	0.001	0.068
0.001	0.997	0.001	0.001
0.995	0.001	0.001	0.003
0.001	0.997	0.001	0.001
0.004	0.069	0.839	0.088
0.099	0.151	0.749	0.001
>AGATTTYATCGA	8-AGATTTYATCGA	11.954431	-24.418684	0	T:34.0(8.90%),B:813.1(2.23%),P:1e-10	Tpos:624.8,Tstd:238.2,Bpos:553.2,Bstd:364.0,StrandBias:0.8,Multiplicity:1.06
0.623	0.092	0.001	0.284
0.001	0.001	0.681	0.317
0.577	0.001	0.001	0.421
0.001	0.001	0.001	0.997
0.001	0.001	0.001	0.997
0.001	0.001	0.001	0.997
0.212	0.354	0.001	0.432
0.997	0.001	0.001	0.001
0.113	0.001	0.001	0.885
0.001	0.792	0.001	0.206
0.001	0.001	0.730	0.268
0.997	0.001	0.001	0.001
>GAGCGATCAGGA	9-GAGCGATCAGGA	13.541156	-23.335814	0	T:7.0(1.83%),B:8.6(0.02%),P:1e-10	Tpos:305.9,Tstd:338.1,Bpos:738.9,Bstd:126.3,StrandBias:-0.4,Multiplicity:1.00
0.001	0.001	0.997	0.001
0.997	0.001	0.001	0.001
0.001	0.001	0.997	0.001
0.117	0.881	0.001	0.001
0.001	0.154	0.844	0.001
0.997	0.001	0.001	0.001
0.155	0.155	0.001	0.689
0.001	0.891	0.107	0.001
0.844	0.001	0.154	0.001
0.001	0.001	0.997	0.001
0.001	0.001	0.997	0.001
0.997	0.001	0.001	0.001
>TGTTTGCACACT	10-TGTTTGCACACT	12.974761	-23.105629	0	T:17.0(4.45%),B:193.7(0.53%),P:1e-10	Tpos:686.8,Tstd:231.9,Bpos:619.8,Bstd:316.2,StrandBias:0.5,Multiplicity:1.00
0.001	0.001	0.001	0.997
0.001	0.162	0.785	0.052
0.001	0.001	0.001	0.997
0.001	0.001	0.001	0.997
0.001	0.001	0.001	0.997
0.001	0.001	0.997	0.001
0.064	0.811	0.001	0.124
0.997	0.001	0.001	0.001
0.069	0.753	0.089	0.089
0.997	0.001	0.001	0.001
0.072	0.926	0.001	0.001
0.105	0.001	0.001	0.893
>TTATCTTCTCGT	11-TTATCTTCTCGT	12.970103	-22.347131	0	T:14.0(3.66%),B:123.1(0.34%),P:1e-9	Tpos:600.4,Tstd:255.9,Bpos:583.7,Bstd:330.8,StrandBias:2.6,Multiplicity:1.00
0.001	0.001	0.001	0.997
0.107	0.099	0.001	0.793
0.753	0.196	0.001	0.050
0.001	0.001	0.001	0.997
0.001	0.940	0.001	0.058
0.001	0.149	0.001	0.849
0.001	0.001	0.001	0.997
0.001	0.997	0.001	0.001
0.001	0.001	0.001	0.997
0.001	0.997	0.001	0.001
0.103	0.001	0.826	0.070
0.001	0.001	0.001	0.997
>GGAGTGTCGTAG	12-GGAGTGTCGTAG	10.565824	-22.020559	0	T:25.0(6.54%),B:492.7(1.35%),P:1e-9	Tpos:680.9,Tstd:229.2,Bpos:592.5,Bstd:352.4,StrandBias:-1.2,Multiplicity:1.04
0.001	0.001	0.997	0.001
0.001	0.001	0.910	0.088
0.997	0.001	0.001	0.001
0.001	0.001	0.920	0.078
0.001	0.001	0.088	0.910
0.029	0.073	0.730	0.168
0.001	0.104	0.088	0.807
0.001	0.752	0.001	0.246
0.001	0.192	0.806	0.001
0.177	0.001	0.232	0.590
0.624	0.005	0.001	0.370
0.104	0.001	0.894	0.001
>CTGTACACGCCT	13-CTGTACACGCCT	14.181435	-21.358014	0	T:6.0(1.57%),B:5.3(0.01%),P:1e-9	Tpos:735.7,Tstd:207.7,Bpos:255.2,Bstd:268.9,StrandBias:-1.0,Multiplicity:1.00
0.001	0.997	0.001	0.001
0.001	0.001	0.001	0.997
0.001	0.001	0.997	0.001
0.001	0.001	0.001	0.997
0.997	0.001	0.001	0.001
0.001	0.815	0.183	0.001
0.997	0.001	0.001	0.001
0.001	0.997	0.001	0.001
0.001	0.001	0.997	0.001
0.165	0.617	0.217	0.001
0.216	0.782	0.001	0.001
0.001	0.001	0.001	0.997
>TTTATTTAAATG	14-TTTATTTAAATG	12.182548	-21.002038	0	T:23.0(6.02%),B:437.1(1.20%),P:1e-9	Tpos:540.8,Tstd:295.0,Bpos:520.1,Bstd:327.0,StrandBias:0.5,Multiplicity:1.04
0.023	0.001	0.093	0.883
0.040	0.047	0.001	0.912
0.035	0.001	0.043	0.921
0.913	0.033	0.053	0.001
0.001	0.001	0.001	0.997
0.133	0.001	0.001	0.865
0.001	0.039	0.022	0.938
0.920	0.030	0.027	0.023
0.845	0.044	0.068	0.043
0.936	0.041	0.001	0.022
0.001	0.050	0.001	0.948
0.001	0.033	0.945	0.021
>ATTTTCCTCGAA	15-ATTTTCCTCGAA	11.213389	-20.822012	0	T:34.0(8.90%),B:938.3(2.57%),P:1e-9	Tpos:625.5,Tstd:299.8,Bpos:529.7,Bstd:393.1,StrandBias:1.1,Multiplicity:1.09
0.885	0.001	0.045	0.069
0.034	0.001	0.146	0.819
0.001	0.001	0.001	0.997
0.001	0.001	0.001	0.997
0.001	0.001	0.094	0.904
0.001	0.871	0.001	0.127
0.013	0.948	0.001	0.038
0.033	0.056	0.036	0.875
0.001	0.963	0.001	0.035
0.001	0.025	0.929	0.045
0.919	0.079	0.001	0.001
0.911	0.051	0.001	0.037
>AATAAAGAATAC	16-AATAAAGAATAC	12.880261	-18.771059	0	T:15.0(3.93%),B:196.1(0.54%),P:1e-8	Tpos:546.9,Tstd:260.3,Bpos:518.1,Bstd:326.4,StrandBias:0.0,Multiplicity:1.07
0.997	0.001	0.001	0.001
0.997	0.001	0.001	0.001
0.034	0.001	0.067	0.898
0.918	0.080	0.001	0.001
0.997	0.001	0.001	0.001
0.904	0.001	0.001	0.094
0.019	0.198	0.730	0.053
0.997	0.001	0.001	0.001
0.997	0.001	0.001	0.001
0.025	0.001	0.001	0.973
0.997	0.001	0.001	0.001
0.045	0.659	0.175	0.121
>TCTCTCGCTTTT	17-TCTCTCGCTTTT	12.386281	-16.733982	0	T:19.0(4.97%),B:382.1(1.05%),P:1e-7	Tpos:547.4,Tstd:292.6,Bpos:539.5,Bstd:366.4,StrandBias:1.0,Multiplicity:1.26
0.001	0.001	0.001	0.997
0.001	0.922	0.001	0.076
0.001	0.001	0.001	0.997
0.001	0.997	0.001	0.001
0.001	0.139	0.273	0.587
0.001	0.724	0.195	0.080
0.231	0.001	0.767	0.001
0.001	0.796	0.081	0.122
0.313	0.001	0.001	0.685
0.001	0.001	0.001	0.997
0.001	0.001	0.001	0.997
0.001	0.001	0.129	0.869
>TTGCAGATATGG	18-TTGCAGATATGG	9.329878	-15.385438	0	T:17.0(4.45%),B:336.0(0.92%),P:1e-6	Tpos:407.4,Tstd:236.1,Bpos:478.0,Bstd:326.6,StrandBias:-0.3,Multiplicity:1.29
0.008	0.012	0.104	0.876
0.134	0.006	0.010	0.850
0.176	0.147	0.459	0.218
0.187	0.440	0.105	0.268
0.734	0.123	0.006	0.137
0.261	0.129	0.519	0.091
0.737	0.120	0.008	0.135
0.197	0.180	0.155	0.467
0.547	0.153	0.182	0.118
0.009	0.123	0.006	0.862
0.010	0.180	0.521	0.289
0.179	0.016	0.513	0.292
>AATTCSAATTSC	19-AATTCSAATTSC	10.626504	-14.526561	0	T:19.0(4.97%),B:444.9(1.22%),P:1e-6	Tpos:576.3,Tstd:267.5,Bpos:516.2,Bstd:339.3,StrandBias:0.5,Multiplicity:1.16
0.997	0.001	0.001	0.001
0.997	0.001	0.001	0.001
0.001	0.001	0.001	0.997
0.001	0.001	0.001	0.997
0.001	0.922	0.076	0.001
0.001	0.563	0.435	0.001
0.997	0.001	0.001	0.001
0.642	0.356	0.001	0.001
0.001	0.001	0.001	0.997
0.356	0.001	0.001	0.642
0.001	0.562	0.436	0.001
0.001	0.577	0.421	0.001
>CCGTGGTGCCTC	20-CCGTGGTGCCTC	14.442798	-12.437722	0	T:6.0(1.57%),B:35.4(0.10%),P:1e-5	Tpos:284.6,Tstd:244.7,Bpos:506.6,Bstd:416.8,StrandBias:1.6,Multiplicity:1.33
0.084	0.914	0.001	0.001
0.001	0.997	0.001	0.001
0.001	0.001	0.997	0.001
0.001	0.001	0.001	0.997
0.001	0.001	0.997	0.001
0.001	0.001	0.997	0.001
0.001	0.001	0.178	0.820
0.001	0.001	0.997	0.001
0.153	0.466	0.165	0.216
0.001	0.997	0.001	0.001
0.001	0.001	0.001	0.997
0.001	0.997	0.001	0.001
>ATYSMCCCVGTT	21-ATYSMCCCVGTT	9.291963	-12.247836	0	T:17.0(4.45%),B:426.2(1.17%),P:1e-5	Tpos:358.4,Tstd:237.3,Bpos:484.9,Bstd:344.2,StrandBias:1.2,Multiplicity:1.76
0.723	0.001	0.001	0.275
0.001	0.001	0.001	0.997
0.001	0.573	0.001	0.425
0.001	0.495	0.372	0.132
0.561	0.437	0.001	0.001
0.195	0.803	0.001	0.001
0.185	0.469	0.061	0.285
0.001	0.586	0.412	0.001
0.379	0.288	0.332	0.001
0.182	0.001	0.643	0.174
0.253	0.001	0.118	0.628
0.283	0.001	0.001	0.715
>CAGATCCGGAAA	22-CAGATCCGGAAA	7.770787	-11.496603	0	T:23.0(6.02%),B:764.0(2.10%),P:1e-4	Tpos:378.6,Tstd:273.2,Bpos:507.1,Bstd:359.6,StrandBias:0.5,Multiplicity:1.57
0.131	0.456	0.186	0.226
0.606	0.134	0.121	0.139
0.227	0.156	0.452	0.165
0.607	0.156	0.014	0.223
0.181	0.131	0.099	0.589
0.093	0.479	0.132	0.296
0.143	0.463	0.161	0.233
0.235	0.130	0.464	0.171
0.207	0.112	0.662	0.019
0.740	0.218	0.019	0.023
0.755	0.009	0.100	0.136
0.476	0.096	0.216	0.211
>TCGAGCAAGTCG	23-TCGAGCAAGTCG	14.649889	-9.182686	0	T:4.0(1.05%),B:20.2(0.06%),P:1e-3	Tpos:586.9,Tstd:257.6,Bpos:227.9,Bstd:190.9,StrandBias:0.0,Multiplicity:2.00
0.001	0.001	0.001	0.997
0.001	0.997	0.001	0.001
0.001	0.212	0.786	0.001
0.997	0.001	0.001	0.001
0.001	0.001	0.997	0.001
0.001	0.997	0.001	0.001
0.997	0.001	0.001	0.001
0.818	0.001	0.001	0.180
0.001	0.001	0.997	0.001
0.001	0.001	0.001	0.997
0.001	0.997	0.001	0.001
0.001	0.001	0.997	0.001
>ACCAAGTGTGAC	24-ACCAAGTGTGAC	16.419870	-4.568430	0	T:1.0(0.26%),B:0.8(0.00%),P:1e-1	Tpos:348.1,Tstd:106.9,Bpos:705.3,Bstd:128.4,StrandBias:10.0,Multiplicity:9.00
0.997	0.001	0.001	0.001
0.001	0.997	0.001	0.001
0.001	0.997	0.001	0.001
0.896	0.001	0.102	0.001
0.997	0.001	0.001	0.001
0.071	0.001	0.927	0.001
0.001	0.001	0.001	0.997
0.001	0.001	0.997	0.001
0.001	0.001	0.001	0.997
0.001	0.001	0.997	0.001
0.997	0.001	0.001	0.001
0.001	0.997	0.001	0.001
>GTCACTTTTTTT	25-GTCACTTTTTTT	13.638678	-4.214050	0	T:5.0(1.31%),B:133.7(0.37%),P:1e-1	Tpos:437.9,Tstd:223.7,Bpos:496.4,Bstd:352.7,StrandBias:3.9,Multiplicity:3.20
0.001	0.001	0.997	0.001
0.001	0.001	0.001	0.997
0.001	0.997	0.001	0.001
0.997	0.001	0.001	0.001
0.001	0.997	0.001	0.001
0.001	0.001	0.001	0.997
0.001	0.001	0.001	0.997
0.001	0.090	0.001	0.908
0.064	0.001	0.100	0.835
0.001	0.001	0.001	0.997
0.001	0.001	0.001	0.997
0.115	0.001	0.001	0.883
