>GAGCGCGATT	1-GAGCGCGATT	6.764369	-56.565791	0	T:154.0(40.31%),B:6391.3(17.54%),P:1e-24	Tpos:598.1,Tstd:264.4,Bpos:522.8,Bstd:392.2,StrandBias:-0.6,Multiplicity:1.24
0.102	0.025	0.817	0.056
0.787	0.100	0.069	0.044
0.049	0.079	0.798	0.074
0.061	0.814	0.069	0.056
0.041	0.100	0.817	0.042
0.063	0.796	0.097	0.044
0.095	0.047	0.790	0.068
0.759	0.052	0.069	0.120
0.058	0.012	0.066	0.864
0.099	0.051	0.088	0.762
>TTCGCGCGCT	2-TTCGCGCGCT	10.569553	-41.141543	0	T:29.0(7.59%),B:296.0(0.81%),P:1e-17	Tpos:750.0,Tstd:196.5,Bpos:565.2,Bstd:427.0,StrandBias:-0.7,Multiplicity:1.10
0.022	0.012	0.001	0.965
0.001	0.023	0.056	0.920
0.001	0.892	0.088	0.019
0.001	0.026	0.902	0.071
0.001	0.997	0.001	0.001
0.001	0.001	0.997	0.001
0.001	0.983	0.001	0.015
0.001	0.001	0.962	0.036
0.001	0.864	0.022	0.113
0.061	0.001	0.064	0.874
>AATATCGATT	3-AATATCGATT	8.728608	-36.464556	0	T:137.0(35.86%),B:6560.2(18.00%),P:1e-15	Tpos:557.8,Tstd:290.9,Bpos:544.2,Bstd:405.9,StrandBias:-0.0,Multiplicity:1.33
0.713	0.037	0.001	0.249
0.755	0.001	0.001	0.243
0.337	0.008	0.034	0.621
0.997	0.001	0.001	0.001
0.043	0.001	0.035	0.921
0.001	0.933	0.065	0.001
0.001	0.001	0.997	0.001
0.922	0.004	0.009	0.065
0.002	0.002	0.001	0.995
0.319	0.112	0.001	0.568
>TCCGCGAATT	4-TCCGCGAATT	6.589478	-27.785905	0	T:50.0(13.09%),B:1480.0(4.06%),P:1e-12	Tpos:536.3,Tstd:266.8,Bpos:496.9,Bstd:390.6,StrandBias:0.7,Multiplicity:1.14
0.018	0.222	0.276	0.485
0.063	0.564	0.298	0.075
0.207	0.431	0.185	0.177
0.202	0.204	0.546	0.048
0.008	0.848	0.098	0.046
0.187	0.235	0.554	0.024
0.461	0.224	0.242	0.073
0.519	0.207	0.078	0.196
0.291	0.016	0.084	0.609
0.038	0.228	0.207	0.527
>GAGATSCCGC	5-GAGATSCCGC	8.813429	-27.557945	0	T:38.0(9.95%),B:898.0(2.46%),P:1e-11	Tpos:497.2,Tstd:278.7,Bpos:516.7,Bstd:382.3,StrandBias:-0.4,Multiplicity:1.03
0.001	0.001	0.997	0.001
0.997	0.001	0.001	0.001
0.118	0.137	0.744	0.001
0.784	0.109	0.106	0.001
0.001	0.239	0.286	0.474
0.001	0.458	0.540	0.001
0.001	0.757	0.141	0.101
0.001	0.782	0.001	0.216
0.001	0.001	0.997	0.001
0.001	0.902	0.048	0.049
>RAWCTGCCGC	6-RAWCTGCCGC	8.622187	-27.403983	0	T:50.0(13.09%),B:1495.4(4.10%),P:1e-11	Tpos:548.5,Tstd:274.9,Bpos:515.0,Bstd:360.8,StrandBias:0.5,Multiplicity:1.23
0.366	0.158	0.299	0.177
0.929	0.069	0.001	0.001
0.414	0.078	0.001	0.507
0.001	0.736	0.001	0.262
0.001	0.001	0.001	0.997
0.115	0.161	0.723	0.001
0.040	0.901	0.001	0.058
0.001	0.902	0.096	0.001
0.001	0.128	0.725	0.146
0.001	0.782	0.001	0.216
>GGCTGCGTAC	7-GGCTGCGTAC	6.680754	-27.076846	0	T:95.0(24.87%),B:4295.2(11.79%),P:1e-11	Tpos:517.4,Tstd:281.1,Bpos:520.2,Bstd:381.4,StrandBias:-0.2,Multiplicity:1.15
0.118	0.065	0.719	0.098
0.226	0.110	0.554	0.110
0.040	0.789	0.001	0.170
0.013	0.001	0.105	0.881
0.103	0.100	0.681	0.116
0.001	0.766	0.043	0.190
0.057	0.001	0.941	0.001
0.233	0.013	0.279	0.475
0.847	0.034	0.039	0.080
0.045	0.737	0.070	0.148
>ACGCGCAACG	8-ACGCGCAACG	8.288512	-25.680546	0	T:22.0(5.76%),B:307.1(0.84%),P:1e-11	Tpos:565.0,Tstd:271.3,Bpos:505.7,Bstd:385.2,StrandBias:-1.0,Multiplicity:1.05
0.773	0.065	0.109	0.053
0.163	0.435	0.241	0.162
0.305	0.069	0.573	0.053
0.008	0.776	0.209	0.007
0.237	0.048	0.685	0.030
0.122	0.691	0.172	0.015
0.762	0.078	0.054	0.106
0.812	0.061	0.068	0.059
0.064	0.533	0.213	0.190
0.244	0.020	0.653	0.083
>TATTTAGATG	9-TATTTAGATG	6.964489	-25.563656	0	T:118.0(30.89%),B:6081.8(16.69%),P:1e-11	Tpos:506.1,Tstd:285.4,Bpos:494.7,Bstd:333.0,StrandBias:-0.3,Multiplicity:1.24
0.265	0.060	0.112	0.563
0.719	0.123	0.064	0.094
0.078	0.060	0.091	0.771
0.102	0.072	0.086	0.740
0.096	0.085	0.228	0.591
0.669	0.145	0.105	0.081
0.151	0.275	0.487	0.087
0.513	0.337	0.060	0.090
0.085	0.189	0.087	0.639
0.190	0.120	0.592	0.098
>AAYGCGGKAA	10-AAYGCGGKAA	9.049064	-25.265136	0	T:43.0(11.26%),B:1219.7(3.35%),P:1e-10	Tpos:603.7,Tstd:265.6,Bpos:505.9,Bstd:377.0,StrandBias:-0.5,Multiplicity:1.07
0.663	0.057	0.164	0.116
0.609	0.004	0.001	0.386
0.001	0.451	0.001	0.547
0.001	0.001	0.997	0.001
0.001	0.997	0.001	0.001
0.001	0.001	0.997	0.001
0.124	0.098	0.704	0.074
0.001	0.123	0.487	0.390
0.747	0.077	0.001	0.175
0.997	0.001	0.001	0.001
>GGTCTCGCAG	11-GGTCTCGCAG	9.957358	-24.481954	0	T:34.0(8.90%),B:811.4(2.23%),P:1e-10	Tpos:588.5,Tstd:254.3,Bpos:548.5,Bstd:371.9,StrandBias:0.1,Multiplicity:1.00
0.067	0.001	0.931	0.001
0.001	0.047	0.906	0.046
0.001	0.001	0.070	0.928
0.001	0.916	0.058	0.025
0.001	0.001	0.090	0.908
0.001	0.997	0.001	0.001
0.062	0.001	0.936	0.001
0.088	0.910	0.001	0.001
0.951	0.001	0.047	0.001
0.132	0.090	0.738	0.040
>CGCGACGCGT	12-CGCGACGCGT	7.093727	-24.377684	0	T:61.0(15.97%),B:2269.9(6.23%),P:1e-10	Tpos:572.1,Tstd:264.5,Bpos:518.9,Bstd:408.8,StrandBias:-0.2,Multiplicity:1.41
0.058	0.834	0.074	0.034
0.040	0.037	0.881	0.042
0.066	0.832	0.029	0.073
0.107	0.067	0.736	0.090
0.693	0.077	0.093	0.137
0.100	0.798	0.029	0.073
0.028	0.070	0.871	0.031
0.032	0.882	0.034	0.052
0.060	0.042	0.758	0.140
0.053	0.116	0.110	0.721
>ATTGCGAAAA	13-ATTGCGAAAA	9.054931	-23.205705	0	T:139.0(36.39%),B:7954.9(21.83%),P:1e-10	Tpos:544.5,Tstd:290.3,Bpos:523.6,Bstd:365.2,StrandBias:-0.7,Multiplicity:1.30
0.936	0.019	0.001	0.044
0.001	0.023	0.030	0.946
0.008	0.001	0.030	0.961
0.065	0.035	0.834	0.066
0.099	0.807	0.093	0.001
0.063	0.001	0.935	0.001
0.983	0.001	0.015	0.001
0.976	0.001	0.001	0.022
0.940	0.001	0.001	0.058
0.750	0.055	0.001	0.194
>ACGGATTTTA	14-ACGGATTTTA	9.374745	-21.620000	0	T:37.0(9.69%),B:1058.3(2.90%),P:1e-9	Tpos:489.3,Tstd:296.9,Bpos:495.2,Bstd:343.5,StrandBias:-0.9,Multiplicity:1.11
0.654	0.001	0.344	0.001
0.132	0.866	0.001	0.001
0.001	0.001	0.997	0.001
0.001	0.001	0.858	0.140
0.947	0.051	0.001	0.001
0.001	0.001	0.001	0.997
0.001	0.001	0.001	0.997
0.001	0.001	0.001	0.997
0.001	0.001	0.001	0.997
0.997	0.001	0.001	0.001
>TTAATTCCAG	15-TTAATTCCAG	8.593575	-21.518796	0	T:92.0(24.08%),B:4541.5(12.46%),P:1e-9	Tpos:550.2,Tstd:302.7,Bpos:520.8,Bstd:371.0,StrandBias:0.6,Multiplicity:1.19
0.136	0.037	0.001	0.826
0.041	0.045	0.052	0.862
0.852	0.001	0.069	0.078
0.896	0.071	0.001	0.032
0.001	0.001	0.001	0.997
0.001	0.001	0.001	0.997
0.001	0.777	0.073	0.149
0.063	0.830	0.047	0.060
0.954	0.001	0.044	0.001
0.001	0.001	0.997	0.001
>CGCTCCATTT	16-CGCTCCATTT	9.480854	-21.204626	0	T:40.0(10.47%),B:1232.5(3.38%),P:1e-9	Tpos:457.9,Tstd:279.3,Bpos:497.8,Bstd:364.5,StrandBias:0.3,Multiplicity:1.03
0.139	0.779	0.028	0.054
0.001	0.118	0.880	0.001
0.021	0.901	0.042	0.036
0.001	0.001	0.001	0.997
0.036	0.913	0.026	0.025
0.001	0.885	0.085	0.029
0.976	0.001	0.022	0.001
0.050	0.001	0.059	0.890
0.001	0.001	0.001	0.997
0.001	0.001	0.191	0.807
>CGGTTCTGCG	17-CGGTTCTGCG	10.077789	-20.856953	0	T:18.0(4.71%),B:258.6(0.71%),P:1e-9	Tpos:367.6,Tstd:201.4,Bpos:466.5,Bstd:344.1,StrandBias:1.1,Multiplicity:1.22
0.001	0.924	0.001	0.074
0.001	0.001	0.997	0.001
0.001	0.080	0.873	0.046
0.131	0.001	0.001	0.867
0.001	0.001	0.001	0.997
0.001	0.997	0.001	0.001
0.001	0.001	0.001	0.997
0.001	0.001	0.997	0.001
0.001	0.639	0.080	0.280
0.055	0.100	0.779	0.066
>GTGTGCAAAC	18-GTGTGCAAAC	7.503827	-20.436785	0	T:44.0(11.52%),B:1488.9(4.09%),P:1e-8	Tpos:577.0,Tstd:273.5,Bpos:541.4,Bstd:352.4,StrandBias:-0.2,Multiplicity:1.07
0.033	0.151	0.793	0.023
0.027	0.047	0.052	0.874
0.194	0.161	0.521	0.124
0.233	0.225	0.016	0.526
0.158	0.167	0.481	0.193
0.026	0.641	0.185	0.148
0.740	0.196	0.028	0.036
0.726	0.231	0.023	0.020
0.540	0.023	0.228	0.209
0.230	0.486	0.142	0.143
>CAATTCCAGT	19-CAATTCCAGT	9.559621	-17.546467	0	T:37.0(9.69%),B:1240.4(3.40%),P:1e-7	Tpos:456.6,Tstd:304.5,Bpos:492.1,Bstd:350.4,StrandBias:-0.5,Multiplicity:1.14
0.001	0.997	0.001	0.001
0.888	0.110	0.001	0.001
0.845	0.119	0.035	0.001
0.039	0.001	0.068	0.892
0.138	0.001	0.104	0.757
0.138	0.860	0.001	0.001
0.001	0.605	0.393	0.001
0.899	0.001	0.001	0.099
0.342	0.058	0.599	0.001
0.001	0.001	0.080	0.918
>GATCACCCGC	20-GATCACCCGC	10.296193	-14.073791	0	T:4.0(1.05%),B:4.9(0.01%),P:1e-6	Tpos:292.8,Tstd:124.6,Bpos:562.0,Bstd:233.8,StrandBias:0.0,Multiplicity:1.00
0.100	0.100	0.700	0.100
0.700	0.100	0.100	0.100
0.100	0.100	0.100	0.700
0.100	0.700	0.100	0.100
0.700	0.100	0.100	0.100
0.100	0.700	0.100	0.100
0.100	0.700	0.100	0.100
0.100	0.700	0.100	0.100
0.100	0.100	0.700	0.100
0.100	0.700	0.100	0.100
>CTCGTTTTCT	21-CTCGTTTTCT	10.066592	-12.942246	0	T:59.0(15.45%),B:2983.8(8.19%),P:1e-5	Tpos:590.9,Tstd:300.7,Bpos:532.2,Bstd:360.2,StrandBias:1.2,Multiplicity:1.17
0.066	0.704	0.089	0.141
0.001	0.065	0.001	0.933
0.001	0.997	0.001	0.001
0.217	0.001	0.781	0.001
0.001	0.001	0.001	0.997
0.072	0.001	0.001	0.926
0.001	0.001	0.001	0.997
0.001	0.020	0.001	0.978
0.101	0.813	0.085	0.001
0.079	0.001	0.059	0.861
>CGTMACCTAT	22-CGTMACCTAT	7.016032	-10.450794	0	T:18.0(4.71%),B:544.6(1.49%),P:1e-4	Tpos:563.4,Tstd:259.0,Bpos:539.7,Bstd:324.7,StrandBias:0.0,Multiplicity:1.00
0.016	0.950	0.025	0.009
0.191	0.170	0.510	0.129
0.031	0.187	0.234	0.548
0.478	0.500	0.008	0.015
0.434	0.168	0.190	0.207
0.010	0.494	0.300	0.196
0.012	0.623	0.022	0.343
0.242	0.114	0.184	0.460
0.490	0.210	0.008	0.292
0.032	0.186	0.072	0.710
>ACGTCACTCT	23-ACGTCACTCT	11.179529	-9.997450	0	T:8.0(2.09%),B:115.9(0.32%),P:1e-4	Tpos:405.0,Tstd:216.1,Bpos:479.9,Bstd:331.8,StrandBias:-0.7,Multiplicity:1.00
0.997	0.001	0.001	0.001
0.001	0.876	0.122	0.001
0.001	0.001	0.997	0.001
0.175	0.008	0.187	0.630
0.001	0.997	0.001	0.001
0.997	0.001	0.001	0.001
0.001	0.997	0.001	0.001
0.008	0.298	0.126	0.568
0.001	0.799	0.001	0.199
0.001	0.001	0.001	0.997
>ATCCCCCSAG	24-ATCCCCCSAG	9.222709	-8.003957	0	T:13.0(3.40%),B:389.5(1.07%),P:1e-3	Tpos:300.3,Tstd:222.1,Bpos:482.9,Bstd:341.7,StrandBias:0.8,Multiplicity:2.54
0.997	0.001	0.001	0.001
0.001	0.001	0.001	0.997
0.001	0.869	0.086	0.044
0.001	0.997	0.001	0.001
0.001	0.997	0.001	0.001
0.053	0.945	0.001	0.001
0.059	0.939	0.001	0.001
0.001	0.520	0.478	0.001
0.997	0.001	0.001	0.001
0.247	0.001	0.751	0.001
>CACACTTGGT	25-CACACTTGGT	8.342138	-7.532226	0	T:6.0(1.57%),B:91.1(0.25%),P:1e-3	Tpos:371.1,Tstd:129.7,Bpos:510.2,Bstd:282.2,StrandBias:-2.7,Multiplicity:2.50
0.001	0.997	0.001	0.001
0.997	0.001	0.001	0.001
0.001	0.948	0.050	0.001
0.997	0.001	0.001	0.001
0.001	0.997	0.001	0.001
0.001	0.001	0.001	0.997
0.082	0.082	0.001	0.835
0.001	0.001	0.997	0.001
0.001	0.001	0.997	0.001
0.001	0.001	0.001	0.997
