>GTTTCTGCCT	1-GTTTCTGCCT	10.439777	-19.428607	0	T:12.0(11.76%),B:443.8(1.17%),P:1e-8	Tpos:541.4,Tstd:185.5,Bpos:515.7,Bstd:316.4,StrandBias:1.0,Multiplicity:1.25
0.001	0.001	0.997	0.001
0.001	0.001	0.001	0.997
0.001	0.001	0.001	0.997
0.001	0.001	0.086	0.912
0.075	0.764	0.001	0.160
0.259	0.076	0.001	0.664
0.001	0.001	0.958	0.040
0.135	0.863	0.001	0.001
0.043	0.915	0.001	0.041
0.001	0.001	0.001	0.997
>TTTCTTTGTT	2-TTTCTTTGTT	9.768983	-18.887991	0	T:32.0(31.37%),B:3943.3(10.36%),P:1e-8	Tpos:582.0,Tstd:253.5,Bpos:515.0,Bstd:305.8,StrandBias:1.5,Multiplicity:1.07
0.001	0.038	0.001	0.960
0.001	0.001	0.001	0.997
0.001	0.043	0.115	0.841
0.001	0.816	0.182	0.001
0.001	0.069	0.030	0.900
0.001	0.001	0.001	0.997
0.001	0.001	0.001	0.997
0.001	0.001	0.997	0.001
0.001	0.030	0.001	0.968
0.001	0.001	0.034	0.964
>CCGTTCCCGC	3-CCGTTCCCGC	10.612495	-18.860154	0	T:8.0(7.84%),B:139.3(0.37%),P:1e-8	Tpos:283.9,Tstd:250.8,Bpos:458.0,Bstd:319.4,StrandBias:1.0,Multiplicity:1.12
0.001	0.904	0.001	0.094
0.097	0.901	0.001	0.001
0.096	0.092	0.811	0.001
0.125	0.001	0.001	0.873
0.001	0.001	0.001	0.997
0.135	0.863	0.001	0.001
0.141	0.758	0.001	0.100
0.001	0.997	0.001	0.001
0.001	0.001	0.997	0.001
0.001	0.997	0.001	0.001
>TGTGTGTGTG	4-TGTGTGTGTG	8.170205	-18.339263	0	T:28.0(27.45%),B:3148.4(8.27%),P:1e-7	Tpos:528.3,Tstd:283.1,Bpos:535.7,Bstd:327.2,StrandBias:-0.1,Multiplicity:1.14
0.139	0.164	0.001	0.696
0.053	0.001	0.945	0.001
0.001	0.001	0.037	0.961
0.027	0.017	0.955	0.001
0.001	0.001	0.001	0.997
0.025	0.001	0.809	0.165
0.021	0.001	0.001	0.977
0.001	0.001	0.997	0.001
0.173	0.175	0.001	0.651
0.001	0.001	0.997	0.001
>CGACATTCGA	5-CGACATTCGA	10.800009	-17.501131	0	T:13.0(12.75%),B:647.2(1.70%),P:1e-7	Tpos:565.7,Tstd:292.2,Bpos:518.1,Bstd:351.1,StrandBias:-0.7,Multiplicity:1.00
0.001	0.997	0.001	0.001
0.136	0.001	0.862	0.001
0.806	0.001	0.001	0.192
0.253	0.579	0.001	0.167
0.997	0.001	0.001	0.001
0.001	0.001	0.001	0.997
0.001	0.001	0.001	0.997
0.001	0.997	0.001	0.001
0.001	0.001	0.750	0.248
0.997	0.001	0.001	0.001
>TTCTCTCTYT	6-TTCTCTCTYT	8.181411	-16.413318	0	T:76.0(74.51%),B:18440.8(48.43%),P:1e-7	Tpos:554.5,Tstd:285.4,Bpos:543.5,Bstd:327.8,StrandBias:1.4,Multiplicity:1.62
0.001	0.001	0.032	0.966
0.001	0.001	0.099	0.899
0.001	0.830	0.001	0.168
0.040	0.001	0.001	0.958
0.001	0.655	0.036	0.308
0.139	0.001	0.001	0.859
0.001	0.856	0.001	0.142
0.123	0.001	0.145	0.731
0.001	0.540	0.001	0.458
0.001	0.171	0.039	0.789
>AGCCTCAAYC	7-AGCCTCAAYC	7.310081	-14.622759	0	T:10.0(9.80%),B:448.3(1.18%),P:1e-6	Tpos:533.9,Tstd:276.8,Bpos:447.5,Bstd:344.8,StrandBias:-0.1,Multiplicity:3.30
0.713	0.101	0.185	0.001
0.014	0.214	0.600	0.172
0.241	0.429	0.278	0.052
0.223	0.575	0.010	0.192
0.001	0.133	0.001	0.865
0.175	0.609	0.215	0.001
0.779	0.210	0.001	0.010
0.510	0.252	0.237	0.001
0.103	0.307	0.212	0.378
0.116	0.470	0.187	0.227
>TTTCCCCCAG	8-TTTCCCCCAG	10.082101	-14.476568	0	T:14.0(13.73%),B:996.1(2.62%),P:1e-6	Tpos:467.1,Tstd:291.8,Bpos:554.9,Bstd:336.8,StrandBias:1.0,Multiplicity:1.29
0.001	0.001	0.001	0.997
0.001	0.001	0.001	0.997
0.001	0.001	0.001	0.997
0.001	0.997	0.001	0.001
0.064	0.814	0.121	0.001
0.001	0.926	0.072	0.001
0.001	0.830	0.072	0.097
0.001	0.879	0.001	0.119
0.937	0.061	0.001	0.001
0.145	0.065	0.688	0.102
>TAGATTTATT	9-TAGATTTATT	9.288239	-12.167255	0	T:29.0(28.43%),B:4515.6(11.86%),P:1e-5	Tpos:474.8,Tstd:303.0,Bpos:510.2,Bstd:308.7,StrandBias:0.2,Multiplicity:1.21
0.104	0.075	0.030	0.791
0.875	0.050	0.001	0.074
0.081	0.187	0.718	0.014
0.862	0.070	0.016	0.052
0.054	0.077	0.037	0.832
0.184	0.001	0.029	0.786
0.092	0.001	0.087	0.820
0.731	0.041	0.042	0.186
0.083	0.049	0.016	0.852
0.036	0.075	0.129	0.760
>GCGACGCGGC	10-GCGACGCGGC	7.725890	-10.064181	0	T:13.0(12.75%),B:1283.0(3.37%),P:1e-4	Tpos:555.6,Tstd:209.1,Bpos:513.0,Bstd:352.8,StrandBias:1.1,Multiplicity:1.54
0.120	0.095	0.784	0.001
0.049	0.761	0.048	0.142
0.115	0.042	0.806	0.037
0.733	0.051	0.094	0.122
0.029	0.875	0.050	0.046
0.001	0.047	0.951	0.001
0.070	0.723	0.092	0.115
0.001	0.039	0.926	0.034
0.203	0.149	0.574	0.074
0.066	0.878	0.001	0.055
>GCGACAGAGA	11-GCGACAGAGA	8.350283	-9.597638	0	T:13.0(12.75%),B:1344.3(3.53%),P:1e-4	Tpos:433.7,Tstd:281.5,Bpos:552.4,Bstd:338.3,StrandBias:-1.0,Multiplicity:1.15
0.100	0.100	0.700	0.100
0.100	0.700	0.100	0.100
0.100	0.100	0.700	0.100
0.700	0.100	0.100	0.100
0.100	0.700	0.100	0.100
0.700	0.100	0.100	0.100
0.100	0.100	0.700	0.100
0.700	0.100	0.100	0.100
0.100	0.100	0.700	0.100
0.700	0.100	0.100	0.100
>GCTATTTACA	12-GCTATTTACA	10.899999	-9.414400	0	T:6.0(5.88%),B:259.5(0.68%),P:1e-4	Tpos:463.7,Tstd:257.1,Bpos:498.9,Bstd:301.9,StrandBias:1.8,Multiplicity:1.50
0.001	0.001	0.997	0.001
0.001	0.997	0.001	0.001
0.001	0.001	0.001	0.997
0.875	0.123	0.001	0.001
0.001	0.153	0.001	0.845
0.001	0.001	0.001	0.997
0.129	0.001	0.001	0.869
0.907	0.091	0.001	0.001
0.001	0.908	0.090	0.001
0.997	0.001	0.001	0.001
>GCGCGCACTC	13-GCGCGCACTC	9.375540	-9.360761	0	T:9.0(8.82%),B:667.6(1.75%),P:1e-4	Tpos:449.6,Tstd:296.1,Bpos:533.2,Bstd:374.8,StrandBias:0.4,Multiplicity:1.33
0.001	0.001	0.856	0.142
0.001	0.997	0.001	0.001
0.001	0.001	0.997	0.001
0.001	0.957	0.041	0.001
0.144	0.001	0.854	0.001
0.001	0.997	0.001	0.001
0.645	0.138	0.111	0.106
0.001	0.997	0.001	0.001
0.154	0.139	0.001	0.706
0.001	0.997	0.001	0.001
>AGTTTCGGAT	14-AGTTTCGGAT	10.073144	-9.097559	0	T:9.0(8.82%),B:691.0(1.81%),P:1e-3	Tpos:510.9,Tstd:302.8,Bpos:511.8,Bstd:289.6,StrandBias:1.0,Multiplicity:1.67
0.997	0.001	0.001	0.001
0.001	0.107	0.891	0.001
0.001	0.001	0.001	0.997
0.001	0.001	0.001	0.997
0.001	0.001	0.001	0.997
0.001	0.997	0.001	0.001
0.001	0.001	0.740	0.258
0.001	0.082	0.916	0.001
0.997	0.001	0.001	0.001
0.001	0.001	0.088	0.910
>ATCGATTTTA	15-ATCGATTTTA	9.664240	-8.676684	0	T:30.0(29.41%),B:5731.8(15.05%),P:1e-3	Tpos:509.0,Tstd:272.7,Bpos:535.5,Bstd:362.9,StrandBias:0.3,Multiplicity:1.70
0.997	0.001	0.001	0.001
0.001	0.001	0.001	0.997
0.001	0.895	0.103	0.001
0.036	0.001	0.871	0.092
0.644	0.001	0.001	0.354
0.001	0.001	0.001	0.997
0.001	0.001	0.001	0.997
0.174	0.001	0.001	0.824
0.073	0.056	0.091	0.780
0.656	0.005	0.001	0.338
>AATTGCTTGC	16-AATTGCTTGC	8.350283	-8.469334	0	T:18.0(17.65%),B:2625.8(6.90%),P:1e-3	Tpos:513.7,Tstd:320.7,Bpos:496.1,Bstd:307.7,StrandBias:0.4,Multiplicity:1.11
0.700	0.100	0.100	0.100
0.700	0.100	0.100	0.100
0.100	0.100	0.100	0.700
0.100	0.100	0.100	0.700
0.100	0.100	0.700	0.100
0.100	0.700	0.100	0.100
0.100	0.100	0.100	0.700
0.100	0.100	0.100	0.700
0.100	0.100	0.700	0.100
0.100	0.700	0.100	0.100
>GGTGCACCGT	17-GGTGCACCGT	11.115200	-6.710482	0	T:3.0(2.94%),B:75.1(0.20%),P:1e-2	Tpos:504.7,Tstd:222.4,Bpos:519.7,Bstd:303.3,StrandBias:0.0,Multiplicity:1.67
0.001	0.001	0.997	0.001
0.142	0.001	0.856	0.001
0.001	0.001	0.001	0.997
0.148	0.001	0.850	0.001
0.001	0.841	0.001	0.157
0.997	0.001	0.001	0.001
0.001	0.886	0.001	0.112
0.001	0.863	0.001	0.135
0.112	0.001	0.886	0.001
0.001	0.001	0.001	0.997
>TACAAACTAC	18-TACAAACTAC	10.715159	-5.228728	0	T:7.0(6.86%),B:783.3(2.06%),P:1e-2	Tpos:489.6,Tstd:232.4,Bpos:508.7,Bstd:349.1,StrandBias:2.1,Multiplicity:4.57
0.001	0.001	0.001	0.997
0.946	0.001	0.001	0.052
0.001	0.997	0.001	0.001
0.997	0.001	0.001	0.001
0.997	0.001	0.001	0.001
0.846	0.001	0.152	0.001
0.001	0.997	0.001	0.001
0.001	0.001	0.001	0.997
0.997	0.001	0.001	0.001
0.001	0.997	0.001	0.001
>TGGGTMTGCT	19-TGGGTMTGCT	10.575923	-4.361595	0	T:4.0(3.92%),B:332.4(0.87%),P:1e-1	Tpos:453.5,Tstd:244.4,Bpos:507.1,Bstd:378.2,StrandBias:0.6,Multiplicity:6.25
0.001	0.001	0.001	0.997
0.001	0.032	0.588	0.379
0.001	0.001	0.997	0.001
0.001	0.176	0.578	0.245
0.001	0.001	0.001	0.997
0.562	0.428	0.009	0.001
0.203	0.001	0.001	0.795
0.328	0.001	0.670	0.001
0.001	0.997	0.001	0.001
0.001	0.001	0.001	0.997
