>CTACACCCAA	1-CTACACCCAA	9.372626	-20.706806	0	T:17.0(19.77%),B:1288.7(3.06%),P:1e-8	Tpos:436.6,Tstd:280.8,Bpos:503.8,Bstd:303.3,StrandBias:-0.5,Multiplicity:1.00
0.001	0.558	0.169	0.272
0.081	0.001	0.001	0.917
0.916	0.001	0.001	0.082
0.092	0.732	0.001	0.175
0.997	0.001	0.001	0.001
0.244	0.586	0.001	0.169
0.118	0.553	0.001	0.328
0.001	0.810	0.001	0.188
0.997	0.001	0.001	0.001
0.997	0.001	0.001	0.001
>CACACTGGTC	2-CACACTGGTC	10.603556	-20.232641	0	T:10.0(11.63%),B:322.6(0.76%),P:1e-8	Tpos:456.7,Tstd:245.3,Bpos:526.3,Bstd:337.2,StrandBias:0.0,Multiplicity:1.00
0.001	0.997	0.001	0.001
0.866	0.001	0.001	0.132
0.001	0.997	0.001	0.001
0.997	0.001	0.001	0.001
0.001	0.887	0.001	0.111
0.001	0.190	0.001	0.808
0.001	0.001	0.908	0.090
0.104	0.001	0.814	0.081
0.001	0.001	0.143	0.855
0.001	0.997	0.001	0.001
>TGCGGCATGT	3-TGCGGCATGT	9.259062	-19.892442	0	T:10.0(11.63%),B:334.6(0.79%),P:1e-8	Tpos:471.0,Tstd:290.7,Bpos:512.3,Bstd:321.4,StrandBias:-0.3,Multiplicity:1.10
0.001	0.001	0.001	0.997
0.001	0.001	0.997	0.001
0.001	0.997	0.001	0.001
0.001	0.001	0.880	0.118
0.001	0.102	0.896	0.001
0.073	0.791	0.001	0.135
0.997	0.001	0.001	0.001
0.107	0.001	0.120	0.772
0.001	0.001	0.929	0.069
0.001	0.001	0.144	0.854
>GTGTCGTTAT	4-GTGTCGTTAT	10.640228	-18.528696	0	T:10.0(11.63%),B:387.4(0.92%),P:1e-8	Tpos:528.5,Tstd:225.7,Bpos:489.6,Bstd:312.4,StrandBias:-0.3,Multiplicity:1.10
0.001	0.001	0.997	0.001
0.001	0.001	0.001	0.997
0.125	0.001	0.873	0.001
0.111	0.001	0.001	0.887
0.001	0.901	0.097	0.001
0.097	0.001	0.795	0.107
0.001	0.001	0.001	0.997
0.001	0.119	0.160	0.720
0.938	0.001	0.001	0.060
0.001	0.001	0.001	0.997
>TCACTATTGT	5-TCACTATTGT	8.233414	-16.525825	0	T:24.0(27.91%),B:3447.7(8.17%),P:1e-7	Tpos:506.1,Tstd:315.5,Bpos:500.6,Bstd:313.9,StrandBias:0.6,Multiplicity:1.08
0.068	0.001	0.113	0.818
0.001	0.997	0.001	0.001
0.929	0.001	0.001	0.069
0.094	0.785	0.081	0.040
0.001	0.001	0.087	0.911
0.970	0.001	0.001	0.028
0.001	0.001	0.001	0.997
0.083	0.001	0.001	0.915
0.051	0.049	0.834	0.066
0.001	0.001	0.096	0.902
>CCGCAACATG	6-CCGCAACATG	10.603338	-16.265003	0	T:8.0(9.30%),B:262.3(0.62%),P:1e-7	Tpos:673.2,Tstd:228.0,Bpos:514.8,Bstd:334.8,StrandBias:1.2,Multiplicity:1.25
0.001	0.852	0.146	0.001
0.103	0.895	0.001	0.001
0.001	0.144	0.854	0.001
0.092	0.906	0.001	0.001
0.814	0.001	0.184	0.001
0.997	0.001	0.001	0.001
0.001	0.997	0.001	0.001
0.997	0.001	0.001	0.001
0.001	0.001	0.001	0.997
0.001	0.001	0.797	0.201
>ACTACAKCCC	7-ACTACAKCCC	8.233779	-15.257717	0	T:10.0(11.63%),B:554.1(1.31%),P:1e-6	Tpos:445.1,Tstd:331.5,Bpos:508.6,Bstd:323.4,StrandBias:1.2,Multiplicity:1.30
0.570	0.048	0.250	0.132
0.040	0.703	0.256	0.001
0.250	0.039	0.001	0.710
0.630	0.368	0.001	0.001
0.022	0.889	0.056	0.033
0.655	0.212	0.072	0.061
0.063	0.051	0.417	0.469
0.001	0.885	0.026	0.088
0.121	0.611	0.066	0.202
0.084	0.742	0.123	0.051
>GGAGGAGGTC	8-GGAGGAGGTC	10.374688	-14.648138	0	T:8.0(9.30%),B:326.3(0.77%),P:1e-6	Tpos:481.4,Tstd:295.5,Bpos:546.3,Bstd:334.3,StrandBias:-0.7,Multiplicity:1.00
0.001	0.094	0.904	0.001
0.001	0.001	0.997	0.001
0.997	0.001	0.001	0.001
0.084	0.172	0.743	0.001
0.001	0.001	0.862	0.136
0.902	0.001	0.001	0.096
0.001	0.001	0.997	0.001
0.001	0.084	0.846	0.069
0.055	0.001	0.001	0.943
0.001	0.886	0.039	0.074
>ACTAGGCCAT	9-ACTAGGCCAT	8.894638	-14.153988	0	T:11.0(12.79%),B:790.5(1.87%),P:1e-6	Tpos:536.8,Tstd:296.2,Bpos:528.5,Bstd:330.9,StrandBias:-0.5,Multiplicity:1.09
0.924	0.001	0.001	0.074
0.001	0.896	0.001	0.102
0.081	0.148	0.038	0.733
0.861	0.085	0.001	0.053
0.035	0.103	0.811	0.051
0.002	0.074	0.889	0.035
0.074	0.782	0.047	0.097
0.240	0.721	0.038	0.001
0.700	0.044	0.179	0.077
0.228	0.025	0.051	0.696
>CTCTCTTCGKAC	1-CTCTCTTCGKAC	13.169999	-29.680765	0	T:7.0(8.14%),B:21.9(0.05%),P:1e-12	Tpos:677.7,Tstd:264.7,Bpos:577.5,Bstd:353.4,StrandBias:1.3,Multiplicity:1.00
0.001	0.997	0.001	0.001
0.001	0.001	0.001	0.997
0.001	0.997	0.001	0.001
0.001	0.001	0.001	0.997
0.001	0.848	0.001	0.150
0.001	0.001	0.001	0.997
0.001	0.001	0.332	0.666
0.001	0.997	0.001	0.001
0.001	0.001	0.997	0.001
0.194	0.001	0.333	0.472
0.997	0.001	0.001	0.001
0.160	0.679	0.001	0.160
>AACGCTTGTGCG	2-AACGCTTGTGCG	10.294769	-24.330006	0	T:9.0(10.47%),B:142.6(0.34%),P:1e-10	Tpos:573.2,Tstd:257.9,Bpos:502.0,Bstd:334.7,StrandBias:0.3,Multiplicity:1.00
0.834	0.164	0.001	0.001
0.834	0.001	0.164	0.001
0.006	0.840	0.001	0.153
0.097	0.301	0.601	0.001
0.001	0.997	0.001	0.001
0.146	0.001	0.117	0.736
0.001	0.116	0.001	0.882
0.001	0.135	0.863	0.001
0.001	0.001	0.001	0.997
0.146	0.001	0.847	0.006
0.001	0.687	0.001	0.311
0.001	0.001	0.902	0.096
>ATATGCTCTATT	3-ATATGCTCTATT	13.392106	-22.059023	0	T:8.0(9.30%),B:121.1(0.29%),P:1e-9	Tpos:464.4,Tstd:285.5,Bpos:562.2,Bstd:293.4,StrandBias:0.7,Multiplicity:1.00
0.997	0.001	0.001	0.001
0.001	0.001	0.001	0.997
0.997	0.001	0.001	0.001
0.001	0.001	0.001	0.997
0.001	0.001	0.910	0.088
0.148	0.744	0.001	0.107
0.001	0.001	0.001	0.997
0.001	0.810	0.188	0.001
0.140	0.001	0.001	0.858
0.876	0.001	0.001	0.122
0.001	0.001	0.001	0.997
0.001	0.001	0.001	0.997
>ATACGGTTTTAC	4-ATACGGTTTTAC	13.649369	-21.946919	0	T:6.0(6.98%),B:36.3(0.09%),P:1e-9	Tpos:334.1,Tstd:198.0,Bpos:534.9,Bstd:301.0,StrandBias:1.3,Multiplicity:1.17
0.997	0.001	0.001	0.001
0.001	0.001	0.001	0.997
0.811	0.187	0.001	0.001
0.001	0.811	0.187	0.001
0.109	0.001	0.889	0.001
0.150	0.001	0.848	0.001
0.001	0.001	0.001	0.997
0.001	0.001	0.001	0.997
0.001	0.001	0.001	0.997
0.001	0.001	0.001	0.997
0.848	0.001	0.001	0.150
0.001	0.997	0.001	0.001
>ACGCCACCCCTC	5-ACGCCACCCCTC	9.982883	-20.501833	0	T:7.0(8.14%),B:90.2(0.21%),P:1e-8	Tpos:496.9,Tstd:281.9,Bpos:546.3,Bstd:389.6,StrandBias:-0.4,Multiplicity:1.00
0.713	0.001	0.285	0.001
0.001	0.984	0.014	0.001
0.001	0.001	0.985	0.013
0.326	0.672	0.001	0.001
0.326	0.672	0.001	0.001
0.713	0.001	0.001	0.285
0.001	0.672	0.001	0.326
0.001	0.997	0.001	0.001
0.001	0.982	0.001	0.016
0.001	0.672	0.326	0.001
0.001	0.001	0.001	0.997
0.001	0.997	0.001	0.001
>GATAAACTTTGA	6-GATAAACTTTGA	13.455888	-19.515454	0	T:9.0(10.47%),B:251.2(0.60%),P:1e-8	Tpos:450.8,Tstd:302.0,Bpos:486.2,Bstd:299.9,StrandBias:0.3,Multiplicity:1.00
0.102	0.001	0.896	0.001
0.670	0.179	0.150	0.001
0.099	0.001	0.001	0.899
0.997	0.001	0.001	0.001
0.997	0.001	0.001	0.001
0.997	0.001	0.001	0.001
0.001	0.717	0.183	0.099
0.001	0.001	0.001	0.997
0.001	0.001	0.001	0.997
0.001	0.001	0.001	0.997
0.001	0.001	0.997	0.001
0.997	0.001	0.001	0.001
>AGCAATTTAGTC	7-AGCAATTTAGTC	13.828804	-19.457910	0	T:5.0(5.81%),B:24.5(0.06%),P:1e-8	Tpos:314.8,Tstd:176.5,Bpos:536.9,Bstd:307.7,StrandBias:0.6,Multiplicity:1.00
0.997	0.001	0.001	0.001
0.001	0.001	0.997	0.001
0.001	0.997	0.001	0.001
0.997	0.001	0.001	0.001
0.997	0.001	0.001	0.001
0.001	0.001	0.001	0.997
0.001	0.001	0.001	0.997
0.192	0.001	0.001	0.806
0.531	0.001	0.248	0.220
0.001	0.001	0.853	0.145
0.001	0.001	0.001	0.997
0.001	0.997	0.001	0.001
>CGTGTTGAACTA	8-CGTGTTGAACTA	14.189174	-19.071369	0	T:4.0(4.65%),B:7.8(0.02%),P:1e-8	Tpos:190.8,Tstd:274.7,Bpos:618.3,Bstd:321.4,StrandBias:1.6,Multiplicity:1.00
0.001	0.845	0.001	0.153
0.001	0.001	0.997	0.001
0.001	0.001	0.001	0.997
0.001	0.230	0.768	0.001
0.001	0.001	0.001	0.997
0.001	0.001	0.001	0.997
0.001	0.001	0.820	0.178
0.997	0.001	0.001	0.001
0.997	0.001	0.001	0.001
0.001	0.768	0.230	0.001
0.001	0.001	0.001	0.997
0.997	0.001	0.001	0.001
>CACACACACATG	9-CACACACACATG	8.058394	-18.083374	0	T:28.0(32.56%),B:4281.0(10.15%),P:1e-7	Tpos:439.2,Tstd:299.4,Bpos:514.3,Bstd:327.2,StrandBias:0.3,Multiplicity:1.14
0.001	0.864	0.134	0.001
0.891	0.001	0.001	0.107
0.192	0.721	0.084	0.003
0.996	0.002	0.001	0.001
0.048	0.646	0.001	0.305
0.871	0.001	0.071	0.057
0.052	0.943	0.001	0.004
0.891	0.001	0.001	0.107
0.001	0.688	0.108	0.203
0.801	0.001	0.074	0.124
0.001	0.001	0.064	0.934
0.058	0.001	0.766	0.175
>GGAAATGACTGA	10-GGAAATGACTGA	14.195273	-17.522688	0	T:6.0(6.98%),B:80.7(0.19%),P:1e-7	Tpos:513.0,Tstd:311.5,Bpos:594.1,Bstd:294.7,StrandBias:-1.0,Multiplicity:1.00
0.001	0.001	0.997	0.001
0.103	0.001	0.895	0.001
0.997	0.001	0.001	0.001
0.997	0.001	0.001	0.001
0.997	0.001	0.001	0.001
0.001	0.001	0.001	0.997
0.001	0.001	0.997	0.001
0.820	0.001	0.001	0.178
0.001	0.690	0.159	0.150
0.186	0.001	0.001	0.812
0.001	0.001	0.997	0.001
0.997	0.001	0.001	0.001
>GAACAAGAGCGA	11-GAACAAGAGCGA	11.005890	-15.468805	0	T:9.0(10.47%),B:408.8(0.97%),P:1e-6	Tpos:459.3,Tstd:296.4,Bpos:561.7,Bstd:317.4,StrandBias:-1.2,Multiplicity:1.11
0.001	0.051	0.947	0.001
0.997	0.001	0.001	0.001
0.943	0.001	0.055	0.001
0.249	0.749	0.001	0.001
0.997	0.001	0.001	0.001
0.997	0.001	0.001	0.001
0.001	0.001	0.997	0.001
0.631	0.001	0.001	0.367
0.001	0.001	0.746	0.252
0.001	0.627	0.371	0.001
0.002	0.001	0.996	0.001
0.997	0.001	0.001	0.001
>TGTAGATATTTC	12-TGTAGATATTTC	13.222561	-15.191741	0	T:6.0(6.98%),B:121.7(0.29%),P:1e-6	Tpos:530.5,Tstd:307.8,Bpos:506.4,Bstd:300.0,StrandBias:1.0,Multiplicity:1.00
0.001	0.001	0.001	0.997
0.001	0.164	0.834	0.001
0.001	0.001	0.001	0.997
0.997	0.001	0.001	0.001
0.001	0.001	0.997	0.001
0.997	0.001	0.001	0.001
0.001	0.001	0.001	0.997
0.997	0.001	0.001	0.001
0.001	0.001	0.001	0.997
0.001	0.001	0.001	0.997
0.001	0.001	0.001	0.997
0.001	0.791	0.001	0.207
>AGCAAAGTTACA	13-AGCAAAGTTACA	14.025804	-14.688073	0	T:5.0(5.81%),B:68.0(0.16%),P:1e-6	Tpos:527.3,Tstd:281.8,Bpos:507.6,Bstd:312.0,StrandBias:-1.0,Multiplicity:1.20
0.997	0.001	0.001	0.001
0.001	0.001	0.997	0.001
0.001	0.997	0.001	0.001
0.844	0.154	0.001	0.001
0.997	0.001	0.001	0.001
0.997	0.001	0.001	0.001
0.001	0.001	0.801	0.197
0.001	0.001	0.001	0.997
0.001	0.001	0.001	0.997
0.755	0.001	0.243	0.001
0.001	0.809	0.001	0.189
0.997	0.001	0.001	0.001
>TCCGCCHACTTA	14-TCCGCCHACTTA	15.613620	-2.675931	0	T:1.0(1.16%),B:34.8(0.08%),P:1e-1	Tpos:422.0,Tstd:109.4,Bpos:540.9,Bstd:444.5,StrandBias:-10.0,Multiplicity:3.00
0.001	0.001	0.001	0.997
0.001	0.997	0.001	0.001
0.001	0.997	0.001	0.001
0.001	0.001	0.997	0.001
0.001	0.997	0.001	0.001
0.001	0.997	0.001	0.001
0.354	0.372	0.001	0.273
0.997	0.001	0.001	0.001
0.001	0.997	0.001	0.001
0.001	0.001	0.001	0.997
0.001	0.001	0.001	0.997
0.997	0.001	0.001	0.001
>ACACCCGT	1-ACACCCGT	7.463192	-18.154705	0	T:22.0(25.58%),B:2655.6(6.30%),P:1e-7	Tpos:589.6,Tstd:253.1,Bpos:513.1,Bstd:326.9,StrandBias:0.4,Multiplicity:1.05
0.997	0.001	0.001	0.001
0.277	0.721	0.001	0.001
0.950	0.001	0.001	0.048
0.001	0.997	0.001	0.001
0.001	0.893	0.105	0.001
0.066	0.889	0.044	0.001
0.001	0.001	0.997	0.001
0.001	0.001	0.001	0.997
>GGTCCGGT	2-GGTCCGGT	7.569200	-14.254928	0	T:17.0(19.77%),B:2021.5(4.79%),P:1e-6	Tpos:616.5,Tstd:236.7,Bpos:484.7,Bstd:311.6,StrandBias:0.0,Multiplicity:1.29
0.001	0.159	0.839	0.001
0.001	0.001	0.997	0.001
0.001	0.001	0.001	0.997
0.001	0.917	0.001	0.081
0.045	0.953	0.001	0.001
0.118	0.001	0.749	0.132
0.261	0.001	0.615	0.123
0.001	0.001	0.001	0.997
>CCTCAAAG	3-CCTCAAAG	7.682368	-13.275523	0	T:27.0(31.40%),B:5066.5(12.01%),P:1e-5	Tpos:366.5,Tstd:273.4,Bpos:494.1,Bstd:315.9,StrandBias:-0.6,Multiplicity:1.22
0.078	0.920	0.001	0.001
0.001	0.952	0.046	0.001
0.073	0.001	0.001	0.925
0.001	0.883	0.001	0.115
0.938	0.060	0.001	0.001
0.997	0.001	0.001	0.001
0.997	0.001	0.001	0.001
0.001	0.001	0.776	0.222
>TATATCCA	4-TATATCCA	8.631088	-11.562129	0	T:22.0(25.58%),B:3922.0(9.30%),P:1e-5	Tpos:444.0,Tstd:294.7,Bpos:493.0,Bstd:312.4,StrandBias:0.4,Multiplicity:1.27
0.001	0.001	0.001	0.997
0.997	0.001	0.001	0.001
0.001	0.148	0.001	0.850
0.997	0.001	0.001	0.001
0.001	0.001	0.001	0.997
0.001	0.997	0.001	0.001
0.001	0.762	0.001	0.236
0.864	0.001	0.001	0.134
>GTTATGCA	5-GTTATGCA	10.754612	-9.646758	0	T:9.0(10.47%),B:850.6(2.02%),P:1e-4	Tpos:583.1,Tstd:301.6,Bpos:510.9,Bstd:313.8,StrandBias:1.2,Multiplicity:1.11
0.268	0.001	0.730	0.001
0.001	0.001	0.001	0.997
0.001	0.001	0.001	0.997
0.997	0.001	0.001	0.001
0.001	0.001	0.001	0.997
0.001	0.001	0.997	0.001
0.001	0.997	0.001	0.001
0.997	0.001	0.001	0.001
