>CTACACCCAA	1-CTACACCCAA	9.372626	-20.706806	0	T:17.0(19.77%),B:1288.7(3.06%),P:1e-8	Tpos:436.6,Tstd:280.8,Bpos:503.8,Bstd:303.3,StrandBias:-0.5,Multiplicity:1.00
0.001	0.558	0.169	0.272
0.081	0.001	0.001	0.917
0.916	0.001	0.001	0.082
0.092	0.732	0.001	0.175
0.997	0.001	0.001	0.001
0.244	0.586	0.001	0.169
0.118	0.553	0.001	0.328
0.001	0.810	0.001	0.188
0.997	0.001	0.001	0.001
0.997	0.001	0.001	0.001
>CACACTGGTC	2-CACACTGGTC	10.603556	-20.232641	0	T:10.0(11.63%),B:322.6(0.76%),P:1e-8	Tpos:456.7,Tstd:245.3,Bpos:526.3,Bstd:337.2,StrandBias:0.0,Multiplicity:1.00
0.001	0.997	0.001	0.001
0.866	0.001	0.001	0.132
0.001	0.997	0.001	0.001
0.997	0.001	0.001	0.001
0.001	0.887	0.001	0.111
0.001	0.190	0.001	0.808
0.001	0.001	0.908	0.090
0.104	0.001	0.814	0.081
0.001	0.001	0.143	0.855
0.001	0.997	0.001	0.001
>TGCGGCATGT	3-TGCGGCATGT	9.259062	-19.892442	0	T:10.0(11.63%),B:334.6(0.79%),P:1e-8	Tpos:471.0,Tstd:290.7,Bpos:512.3,Bstd:321.4,StrandBias:-0.3,Multiplicity:1.10
0.001	0.001	0.001	0.997
0.001	0.001	0.997	0.001
0.001	0.997	0.001	0.001
0.001	0.001	0.880	0.118
0.001	0.102	0.896	0.001
0.073	0.791	0.001	0.135
0.997	0.001	0.001	0.001
0.107	0.001	0.120	0.772
0.001	0.001	0.929	0.069
0.001	0.001	0.144	0.854
>GTGTCGTTAT	4-GTGTCGTTAT	10.640228	-18.528696	0	T:10.0(11.63%),B:387.4(0.92%),P:1e-8	Tpos:528.5,Tstd:225.7,Bpos:489.6,Bstd:312.4,StrandBias:-0.3,Multiplicity:1.10
0.001	0.001	0.997	0.001
0.001	0.001	0.001	0.997
0.125	0.001	0.873	0.001
0.111	0.001	0.001	0.887
0.001	0.901	0.097	0.001
0.097	0.001	0.795	0.107
0.001	0.001	0.001	0.997
0.001	0.119	0.160	0.720
0.938	0.001	0.001	0.060
0.001	0.001	0.001	0.997
>TCACTATTGT	5-TCACTATTGT	8.233414	-16.525825	0	T:24.0(27.91%),B:3447.7(8.17%),P:1e-7	Tpos:506.1,Tstd:315.5,Bpos:500.6,Bstd:313.9,StrandBias:0.6,Multiplicity:1.08
0.068	0.001	0.113	0.818
0.001	0.997	0.001	0.001
0.929	0.001	0.001	0.069
0.094	0.785	0.081	0.040
0.001	0.001	0.087	0.911
0.970	0.001	0.001	0.028
0.001	0.001	0.001	0.997
0.083	0.001	0.001	0.915
0.051	0.049	0.834	0.066
0.001	0.001	0.096	0.902
>CCGCAACATG	6-CCGCAACATG	10.603338	-16.265003	0	T:8.0(9.30%),B:262.3(0.62%),P:1e-7	Tpos:673.2,Tstd:228.0,Bpos:514.8,Bstd:334.8,StrandBias:1.2,Multiplicity:1.25
0.001	0.852	0.146	0.001
0.103	0.895	0.001	0.001
0.001	0.144	0.854	0.001
0.092	0.906	0.001	0.001
0.814	0.001	0.184	0.001
0.997	0.001	0.001	0.001
0.001	0.997	0.001	0.001
0.997	0.001	0.001	0.001
0.001	0.001	0.001	0.997
0.001	0.001	0.797	0.201
>ACTACAKCCC	7-ACTACAKCCC	8.233779	-15.257717	0	T:10.0(11.63%),B:554.1(1.31%),P:1e-6	Tpos:445.1,Tstd:331.5,Bpos:508.6,Bstd:323.4,StrandBias:1.2,Multiplicity:1.30
0.570	0.048	0.250	0.132
0.040	0.703	0.256	0.001
0.250	0.039	0.001	0.710
0.630	0.368	0.001	0.001
0.022	0.889	0.056	0.033
0.655	0.212	0.072	0.061
0.063	0.051	0.417	0.469
0.001	0.885	0.026	0.088
0.121	0.611	0.066	0.202
0.084	0.742	0.123	0.051
>GGAGGAGGTC	8-GGAGGAGGTC	10.374688	-14.648138	0	T:8.0(9.30%),B:326.3(0.77%),P:1e-6	Tpos:481.4,Tstd:295.5,Bpos:546.3,Bstd:334.3,StrandBias:-0.7,Multiplicity:1.00
0.001	0.094	0.904	0.001
0.001	0.001	0.997	0.001
0.997	0.001	0.001	0.001
0.084	0.172	0.743	0.001
0.001	0.001	0.862	0.136
0.902	0.001	0.001	0.096
0.001	0.001	0.997	0.001
0.001	0.084	0.846	0.069
0.055	0.001	0.001	0.943
0.001	0.886	0.039	0.074
>ACTAGGCCAT	9-ACTAGGCCAT	8.894638	-14.153988	0	T:11.0(12.79%),B:790.5(1.87%),P:1e-6	Tpos:536.8,Tstd:296.2,Bpos:528.5,Bstd:330.9,StrandBias:-0.5,Multiplicity:1.09
0.924	0.001	0.001	0.074
0.001	0.896	0.001	0.102
0.081	0.148	0.038	0.733
0.861	0.085	0.001	0.053
0.035	0.103	0.811	0.051
0.002	0.074	0.889	0.035
0.074	0.782	0.047	0.097
0.240	0.721	0.038	0.001
0.700	0.044	0.179	0.077
0.228	0.025	0.051	0.696
