>AATTGAGGCT	1-AATTGAGGCT	9.051711	-24.143784	0	T:21.0(17.80%),B:1159.9(2.88%),P:1e-10	Tpos:495.2,Tstd:280.4,Bpos:469.5,Bstd:311.5,StrandBias:-0.3,Multiplicity:1.00
0.997	0.001	0.001	0.001
0.906	0.001	0.001	0.092
0.088	0.119	0.001	0.792
0.001	0.001	0.116	0.882
0.001	0.001	0.936	0.062
0.887	0.001	0.030	0.082
0.109	0.001	0.827	0.063
0.001	0.001	0.922	0.076
0.136	0.862	0.001	0.001
0.001	0.001	0.001	0.997
>GGGTACACCC	2-GGGTACACCC	10.394742	-22.900238	0	T:9.0(7.63%),B:114.8(0.29%),P:1e-9	Tpos:408.8,Tstd:258.5,Bpos:541.2,Bstd:322.7,StrandBias:0.3,Multiplicity:1.00
0.117	0.001	0.881	0.001
0.001	0.001	0.997	0.001
0.115	0.140	0.744	0.001
0.001	0.001	0.151	0.847
0.997	0.001	0.001	0.001
0.120	0.878	0.001	0.001
0.997	0.001	0.001	0.001
0.135	0.863	0.001	0.001
0.075	0.923	0.001	0.001
0.001	0.997	0.001	0.001
>CGTCACGTCT	3-CGTCACGTCT	7.032878	-20.756469	0	T:38.0(32.20%),B:4503.7(11.19%),P:1e-9	Tpos:533.4,Tstd:250.0,Bpos:522.1,Bstd:325.7,StrandBias:0.8,Multiplicity:1.27
0.041	0.799	0.059	0.101
0.058	0.085	0.784	0.073
0.084	0.063	0.086	0.767
0.064	0.847	0.064	0.025
0.646	0.113	0.086	0.155
0.098	0.815	0.060	0.027
0.064	0.065	0.850	0.021
0.058	0.031	0.016	0.895
0.046	0.684	0.140	0.130
0.035	0.021	0.021	0.923
>TCAATCATAK	4-TCAATCATAK	10.276680	-18.383197	0	T:14.0(11.86%),B:652.6(1.62%),P:1e-7	Tpos:566.1,Tstd:216.2,Bpos:495.2,Bstd:306.9,StrandBias:-0.8,Multiplicity:1.00
0.001	0.001	0.001	0.997
0.001	0.997	0.001	0.001
0.997	0.001	0.001	0.001
0.997	0.001	0.001	0.001
0.001	0.001	0.236	0.762
0.001	0.997	0.001	0.001
0.659	0.339	0.001	0.001
0.001	0.219	0.086	0.694
0.997	0.001	0.001	0.001
0.001	0.001	0.508	0.490
>GCCTCAACCA	5-GCCTCAACCA	8.930183	-17.533393	0	T:14.0(11.86%),B:699.9(1.74%),P:1e-7	Tpos:544.5,Tstd:274.7,Bpos:459.8,Bstd:323.0,StrandBias:0.5,Multiplicity:1.93
0.001	0.001	0.997	0.001
0.129	0.769	0.001	0.101
0.001	0.997	0.001	0.001
0.093	0.001	0.001	0.905
0.001	0.901	0.097	0.001
0.908	0.090	0.001	0.001
0.990	0.001	0.008	0.001
0.097	0.802	0.001	0.100
0.108	0.758	0.001	0.133
0.997	0.001	0.001	0.001
>CTCGAAGATT	6-CTCGAAGATT	7.403646	-17.160314	0	T:38.0(32.20%),B:5134.1(12.75%),P:1e-7	Tpos:465.0,Tstd:288.4,Bpos:503.6,Bstd:317.3,StrandBias:0.5,Multiplicity:1.13
0.072	0.830	0.073	0.025
0.035	0.077	0.048	0.840
0.100	0.752	0.084	0.064
0.057	0.048	0.770	0.125
0.862	0.056	0.081	0.001
0.769	0.079	0.074	0.078
0.078	0.113	0.753	0.056
0.754	0.083	0.084	0.079
0.097	0.060	0.030	0.813
0.039	0.063	0.032	0.866
>ATTCCGCACG	7-ATTCCGCACG	10.543067	-16.776207	0	T:10.0(8.47%),B:320.1(0.80%),P:1e-7	Tpos:586.9,Tstd:305.8,Bpos:528.9,Bstd:315.2,StrandBias:0.3,Multiplicity:1.10
0.997	0.001	0.001	0.001
0.001	0.001	0.001	0.997
0.001	0.001	0.001	0.997
0.001	0.997	0.001	0.001
0.093	0.825	0.001	0.081
0.085	0.123	0.676	0.116
0.001	0.835	0.001	0.163
0.997	0.001	0.001	0.001
0.001	0.901	0.001	0.097
0.001	0.001	0.891	0.107
>CWWGCCTTCT	8-CWWGCCTTCT	9.081407	-15.925916	0	T:17.0(14.41%),B:1217.2(3.02%),P:1e-6	Tpos:431.3,Tstd:200.7,Bpos:499.8,Bstd:304.2,StrandBias:0.3,Multiplicity:1.29
0.001	0.997	0.001	0.001
0.488	0.001	0.001	0.510
0.426	0.090	0.172	0.312
0.001	0.001	0.997	0.001
0.001	0.997	0.001	0.001
0.001	0.997	0.001	0.001
0.001	0.001	0.323	0.675
0.335	0.012	0.001	0.652
0.001	0.997	0.001	0.001
0.001	0.127	0.304	0.568
>GAGATATGTT	9-GAGATATGTT	9.491762	-14.970176	0	T:15.0(12.71%),B:1005.2(2.50%),P:1e-6	Tpos:563.6,Tstd:255.8,Bpos:514.0,Bstd:306.7,StrandBias:-1.1,Multiplicity:1.07
0.001	0.001	0.925	0.073
0.938	0.001	0.001	0.060
0.001	0.026	0.819	0.154
0.850	0.001	0.148	0.001
0.001	0.001	0.096	0.902
0.904	0.001	0.094	0.001
0.114	0.001	0.185	0.700
0.001	0.001	0.997	0.001
0.001	0.001	0.358	0.640
0.001	0.001	0.100	0.898
>TGCCGTGTAA	10-TGCCGTGTAA	10.626474	-14.428052	0	T:8.0(6.78%),B:230.8(0.57%),P:1e-6	Tpos:531.7,Tstd:274.3,Bpos:507.7,Bstd:319.6,StrandBias:1.4,Multiplicity:1.38
0.120	0.001	0.120	0.759
0.001	0.001	0.997	0.001
0.107	0.891	0.001	0.001
0.001	0.997	0.001	0.001
0.001	0.001	0.900	0.098
0.001	0.001	0.001	0.997
0.001	0.001	0.997	0.001
0.091	0.001	0.001	0.907
0.839	0.159	0.001	0.001
0.856	0.001	0.001	0.142
>CTCTAGGGAA	11-CTCTAGGGAA	10.301639	-14.231593	0	T:9.0(7.63%),B:325.7(0.81%),P:1e-6	Tpos:353.3,Tstd:244.5,Bpos:510.8,Bstd:313.6,StrandBias:0.5,Multiplicity:1.33
0.001	0.891	0.107	0.001
0.001	0.001	0.001	0.997
0.001	0.807	0.110	0.082
0.073	0.001	0.001	0.925
0.910	0.088	0.001	0.001
0.001	0.001	0.997	0.001
0.001	0.001	0.923	0.075
0.233	0.001	0.652	0.114
0.997	0.001	0.001	0.001
0.997	0.001	0.001	0.001
>TCCCACCTTT	12-TCCCACCTTT	8.011460	-13.081795	0	T:23.0(19.49%),B:2615.0(6.49%),P:1e-5	Tpos:578.8,Tstd:264.4,Bpos:543.1,Bstd:315.0,StrandBias:0.4,Multiplicity:1.22
0.069	0.030	0.085	0.816
0.142	0.596	0.020	0.242
0.200	0.421	0.164	0.214
0.025	0.694	0.028	0.253
0.614	0.051	0.045	0.290
0.185	0.531	0.055	0.229
0.235	0.604	0.144	0.017
0.078	0.027	0.036	0.859
0.069	0.194	0.024	0.713
0.042	0.076	0.063	0.819
>ATATTCCTTC	13-ATATTCCTTC	9.986855	-12.597488	0	T:13.0(11.02%),B:913.7(2.27%),P:1e-5	Tpos:661.1,Tstd:220.0,Bpos:502.4,Bstd:309.8,StrandBias:0.8,Multiplicity:1.08
0.885	0.059	0.055	0.001
0.031	0.001	0.001	0.967
0.874	0.043	0.052	0.031
0.056	0.001	0.001	0.942
0.088	0.001	0.070	0.841
0.052	0.900	0.047	0.001
0.023	0.900	0.053	0.024
0.050	0.001	0.001	0.948
0.001	0.059	0.001	0.939
0.042	0.920	0.001	0.037
>TACAAACTAC	14-TACAAACTAC	9.259343	-10.095214	0	T:16.0(13.56%),B:1701.3(4.23%),P:1e-4	Tpos:587.9,Tstd:282.2,Bpos:511.8,Bstd:314.3,StrandBias:-0.8,Multiplicity:2.06
0.175	0.001	0.100	0.724
0.921	0.077	0.001	0.001
0.001	0.705	0.001	0.293
0.997	0.001	0.001	0.001
0.997	0.001	0.001	0.001
0.539	0.001	0.333	0.127
0.001	0.997	0.001	0.001
0.001	0.001	0.296	0.702
0.711	0.001	0.175	0.113
0.140	0.770	0.001	0.089
>TCGTAGGCAG	15-TCGTAGGCAG	9.431309	-9.768904	0	T:10.0(8.47%),B:717.3(1.78%),P:1e-4	Tpos:605.1,Tstd:237.5,Bpos:485.5,Bstd:293.9,StrandBias:0.7,Multiplicity:1.60
0.050	0.085	0.001	0.864
0.067	0.700	0.043	0.190
0.001	0.001	0.997	0.001
0.001	0.001	0.108	0.890
0.997	0.001	0.001	0.001
0.001	0.001	0.997	0.001
0.001	0.001	0.892	0.106
0.001	0.997	0.001	0.001
0.874	0.001	0.001	0.124
0.001	0.001	0.871	0.127
>CGATGAAGAT	16-CGATGAAGAT	11.553003	-9.364344	0	T:6.0(5.08%),B:238.0(0.59%),P:1e-4	Tpos:506.6,Tstd:220.1,Bpos:479.6,Bstd:319.9,StrandBias:1.3,Multiplicity:1.17
0.001	0.997	0.001	0.001
0.001	0.131	0.867	0.001
0.997	0.001	0.001	0.001
0.001	0.001	0.141	0.857
0.001	0.001	0.997	0.001
0.997	0.001	0.001	0.001
0.997	0.001	0.001	0.001
0.001	0.001	0.903	0.095
0.997	0.001	0.001	0.001
0.001	0.001	0.001	0.997
>TGGGKCTGCT	17-TGGGKCTGCT	8.857968	-8.129573	0	T:11.0(9.32%),B:1052.8(2.61%),P:1e-3	Tpos:555.6,Tstd:306.5,Bpos:491.0,Bstd:329.3,StrandBias:-0.5,Multiplicity:1.55
0.001	0.001	0.001	0.997
0.001	0.001	0.915	0.083
0.001	0.011	0.928	0.060
0.236	0.001	0.762	0.001
0.062	0.001	0.484	0.454
0.121	0.749	0.129	0.001
0.196	0.099	0.001	0.704
0.001	0.070	0.746	0.183
0.260	0.635	0.104	0.001
0.001	0.001	0.001	0.997
>GTAACTTTGG	18-GTAACTTTGG	11.624909	-5.980525	0	T:3.0(2.54%),B:89.2(0.22%),P:1e-2	Tpos:393.4,Tstd:247.1,Bpos:502.4,Bstd:311.0,StrandBias:-2.8,Multiplicity:2.67
0.001	0.001	0.997	0.001
0.001	0.001	0.001	0.997
0.997	0.001	0.001	0.001
0.847	0.151	0.001	0.001
0.001	0.997	0.001	0.001
0.001	0.001	0.129	0.869
0.001	0.001	0.001	0.997
0.001	0.001	0.001	0.997
0.001	0.001	0.997	0.001
0.001	0.001	0.997	0.001
>AGTATGAGCT	19-AGTATGAGCT	12.317218	-5.044584	0	T:2.0(1.69%),B:39.0(0.10%),P:1e-2	Tpos:230.7,Tstd:197.6,Bpos:553.5,Bstd:299.4,StrandBias:-10.0,Multiplicity:3.00
0.997	0.001	0.001	0.001
0.001	0.001	0.997	0.001
0.001	0.001	0.001	0.997
0.997	0.001	0.001	0.001
0.001	0.001	0.001	0.997
0.001	0.001	0.997	0.001
0.779	0.219	0.001	0.001
0.001	0.001	0.997	0.001
0.001	0.997	0.001	0.001
0.001	0.001	0.001	0.997
>CCGTGTAGCT	20-CCGTGTAGCT	10.296193	-3.545918	0	T:1.0(0.85%),B:9.7(0.02%),P:1e-1	Tpos:313.0,Tstd:184.4,Bpos:463.0,Bstd:306.5,StrandBias:10.0,Multiplicity:6.00
0.100	0.700	0.100	0.100
0.100	0.700	0.100	0.100
0.100	0.100	0.700	0.100
0.100	0.100	0.100	0.700
0.100	0.100	0.700	0.100
0.100	0.100	0.100	0.700
0.700	0.100	0.100	0.100
0.100	0.100	0.700	0.100
0.100	0.700	0.100	0.100
0.100	0.100	0.100	0.700
>GTCACGACCC	21-GTCACGACCC	13.140074	-3.366483	0	T:1.0(0.85%),B:11.7(0.03%),P:1e-1	Tpos:372.4,Tstd:185.8,Bpos:487.0,Bstd:289.4,StrandBias:-10.0,Multiplicity:5.00
0.001	0.001	0.997	0.001
0.126	0.001	0.001	0.872
0.001	0.997	0.001	0.001
0.834	0.001	0.164	0.001
0.005	0.823	0.001	0.171
0.001	0.001	0.997	0.001
0.993	0.001	0.001	0.005
0.001	0.997	0.001	0.001
0.001	0.997	0.001	0.001
0.001	0.829	0.001	0.169
>GATTACCCAT	22-GATTACCCAT	13.651979	-2.819823	0	T:1.0(0.85%),B:20.6(0.05%),P:1e-1	Tpos:287.0,Tstd:184.4,Bpos:536.7,Bstd:285.9,StrandBias:10.0,Multiplicity:6.00
0.001	0.001	0.997	0.001
0.997	0.001	0.001	0.001
0.001	0.001	0.001	0.997
0.001	0.001	0.001	0.997
0.997	0.001	0.001	0.001
0.001	0.997	0.001	0.001
0.001	0.997	0.001	0.001
0.001	0.997	0.001	0.001
0.997	0.001	0.001	0.001
0.001	0.166	0.001	0.832
