>GTGTCGGCTGCA	25-GTGTCGGCTGCA	11.196299	-6.851405	0	T:10.0(2.65%),B:328.6(0.79%),P:1e-2
0.116	0.113	0.686	0.085
0.103	0.100	0.001	0.796
0.111	0.055	0.833	0.001
0.001	0.047	0.001	0.951
0.048	0.875	0.037	0.040
0.001	0.071	0.889	0.039
0.048	0.135	0.774	0.043
0.001	0.756	0.111	0.132
0.001	0.011	0.001	0.987
0.057	0.001	0.941	0.001
0.047	0.919	0.001	0.033
0.601	0.176	0.077	0.146
