>TGATGTCATTGH	4-TGATGTCATTGH	9.459144	-26.707002	0	T:34.0(9.02%),B:864.9(2.08%),P:1e-11
0.271	0.020	0.040	0.669
0.338	0.023	0.608	0.031
0.914	0.022	0.041	0.023
0.272	0.033	0.016	0.679
0.228	0.031	0.486	0.255
0.036	0.037	0.295	0.632
0.070	0.826	0.031	0.073
0.714	0.182	0.034	0.070
0.041	0.180	0.154	0.625
0.275	0.077	0.024	0.624
0.241	0.016	0.500	0.243
0.327	0.254	0.043	0.376
