>TTGCAAATTTTG	19-CAAAATTTGCAA	11.098835	-18.542491	0	T:31.0(8.22%),B:1016.7(2.44%),P:1e-8
0.220	0.171	0.145	0.465
0.057	0.067	0.083	0.793
0.029	0.253	0.481	0.236
0.034	0.821	0.081	0.064
0.860	0.081	0.045	0.014
0.716	0.019	0.008	0.257
0.684	0.031	0.257	0.028
0.229	0.251	0.021	0.499
0.059	0.041	0.088	0.812
0.056	0.027	0.043	0.874
0.041	0.072	0.054	0.833
0.069	0.049	0.823	0.059
