>GTGTTTGAAATA	24-GTGTTTGAAATA	10.080762	-16.178758	0	T:21.0(5.57%),B:560.3(1.35%),P:1e-7
0.184	0.050	0.615	0.151
0.277	0.033	0.045	0.645
0.236	0.037	0.525	0.202
0.265	0.033	0.039	0.663
0.045	0.037	0.042	0.876
0.060	0.055	0.046	0.839
0.033	0.159	0.564	0.244
0.702	0.241	0.025	0.032
0.836	0.060	0.045	0.059
0.675	0.018	0.039	0.268
0.217	0.222	0.177	0.385
0.545	0.185	0.242	0.028
