>ACAATGATGATA	11-ACAATGATGATA	10.566314	-22.982282	0	T:32.0(8.49%),B:890.4(2.14%),P:1e-9
0.747	0.053	0.053	0.147
0.122	0.676	0.137	0.065
0.905	0.053	0.009	0.033
0.946	0.038	0.001	0.015
0.066	0.065	0.018	0.851
0.071	0.001	0.780	0.148
0.841	0.001	0.134	0.024
0.064	0.076	0.014	0.846
0.025	0.061	0.900	0.014
0.797	0.024	0.043	0.136
0.088	0.059	0.048	0.805
0.912	0.001	0.050	0.037
