>TAAGCTAACAAA	10-TAAGCTAACAAA	9.669160	-23.211855	0	T:64.0(16.98%),B:2925.2(7.03%),P:1e-10
0.090	0.078	0.001	0.831
0.791	0.092	0.059	0.058
0.913	0.035	0.001	0.051
0.160	0.001	0.762	0.077
0.130	0.765	0.081	0.024
0.166	0.095	0.066	0.673
0.877	0.001	0.075	0.047
0.913	0.001	0.061	0.025
0.062	0.745	0.065	0.128
0.900	0.019	0.035	0.046
0.932	0.001	0.066	0.001
0.908	0.073	0.001	0.018
