>GAGCAATTTCTT	12-GAGCAATTTCTT,BestGuess:MF0011.1_HMG_class/Jaspar(0.563)	10.322931	-18.923666	0	T:24.0(22.86%),B:2398.7(5.77%),P:1e-8
0.059	0.129	0.675	0.137
0.846	0.002	0.001	0.151
0.182	0.086	0.502	0.230
0.025	0.973	0.001	0.001
0.850	0.091	0.057	0.002
0.827	0.045	0.001	0.127
0.083	0.001	0.091	0.825
0.051	0.001	0.001	0.947
0.035	0.001	0.001	0.963
0.087	0.765	0.001	0.147
0.030	0.001	0.054	0.915
0.001	0.079	0.001	0.919
