>AAGAAATTGCTC	12-GAGCAATTTCTT	10.322931	-18.923666	0	T:24.0(22.86%),B:2398.7(5.77%),P:1e-8
0.919	0.001	0.079	0.001
0.915	0.054	0.001	0.030
0.147	0.001	0.765	0.087
0.963	0.001	0.001	0.035
0.947	0.001	0.001	0.051
0.825	0.091	0.001	0.083
0.127	0.001	0.045	0.827
0.002	0.057	0.091	0.850
0.001	0.001	0.973	0.025
0.230	0.502	0.086	0.182
0.151	0.001	0.002	0.846
0.137	0.675	0.129	0.059
