>ACCCGGTCGT	1-ACCCGGTCGT	10.513088	-25.077173	0	T:10.0(6.37%),B:96.1(0.24%),P:1e-10	Tpos:502.5,Tstd:297.7,Bpos:448.6,Bstd:320.9,StrandBias:0.6,Multiplicity:1.00
0.880	0.001	0.001	0.118
0.001	0.997	0.001	0.001
0.001	0.997	0.001	0.001
0.001	0.876	0.122	0.001
0.001	0.001	0.997	0.001
0.001	0.001	0.880	0.118
0.001	0.098	0.001	0.900
0.001	0.910	0.001	0.088
0.001	0.001	0.997	0.001
0.001	0.337	0.001	0.661
>GCATATCYCG	2-GCATATCYCG	7.577373	-23.959789	0	T:34.0(21.66%),B:2378.7(5.88%),P:1e-10	Tpos:519.7,Tstd:279.2,Bpos:494.0,Bstd:309.5,StrandBias:-0.5,Multiplicity:1.00
0.001	0.001	0.947	0.051
0.028	0.970	0.001	0.001
0.673	0.061	0.001	0.265
0.032	0.053	0.070	0.845
0.777	0.034	0.098	0.091
0.036	0.001	0.061	0.902
0.063	0.816	0.087	0.034
0.129	0.360	0.004	0.507
0.049	0.785	0.164	0.002
0.042	0.001	0.955	0.002
>ATGGGWTAGG	3-ATGGGWTAGG	8.937892	-22.610030	0	T:16.0(10.19%),B:489.8(1.21%),P:1e-9	Tpos:646.4,Tstd:293.3,Bpos:525.0,Bstd:322.4,StrandBias:-0.3,Multiplicity:1.12
0.664	0.001	0.334	0.001
0.295	0.182	0.017	0.506
0.064	0.001	0.934	0.001
0.067	0.001	0.743	0.189
0.001	0.049	0.949	0.001
0.380	0.181	0.071	0.368
0.001	0.147	0.056	0.796
0.881	0.001	0.117	0.001
0.058	0.054	0.833	0.055
0.001	0.001	0.997	0.001
>CGGGATTTAA	4-CGGGATTTAA	9.732495	-21.610569	0	T:16.0(10.19%),B:525.7(1.30%),P:1e-9	Tpos:406.1,Tstd:227.5,Bpos:504.6,Bstd:305.2,StrandBias:-0.4,Multiplicity:1.00
0.001	0.997	0.001	0.001
0.038	0.058	0.869	0.035
0.031	0.064	0.904	0.001
0.032	0.117	0.850	0.001
0.867	0.068	0.064	0.001
0.056	0.001	0.001	0.942
0.061	0.001	0.083	0.855
0.001	0.050	0.045	0.904
0.955	0.043	0.001	0.001
0.916	0.001	0.082	0.001
>TGATGTAAGC	5-TGATGTAAGC	10.096669	-21.122417	0	T:17.0(10.83%),B:629.2(1.55%),P:1e-9	Tpos:462.1,Tstd:324.5,Bpos:479.4,Bstd:295.9,StrandBias:0.0,Multiplicity:1.00
0.084	0.001	0.001	0.914
0.001	0.001	0.997	0.001
0.961	0.001	0.001	0.037
0.001	0.001	0.001	0.997
0.001	0.001	0.997	0.001
0.057	0.107	0.072	0.764
0.916	0.001	0.001	0.082
0.909	0.089	0.001	0.001
0.061	0.001	0.937	0.001
0.053	0.685	0.126	0.136
>CTTCCTGGTG	6-CTTCCTGGTG	7.558660	-19.037453	0	T:24.0(15.29%),B:1501.1(3.71%),P:1e-8	Tpos:561.4,Tstd:255.1,Bpos:488.9,Bstd:314.5,StrandBias:0.2,Multiplicity:1.08
0.001	0.901	0.055	0.043
0.001	0.067	0.001	0.931
0.001	0.097	0.077	0.825
0.001	0.964	0.001	0.034
0.062	0.902	0.001	0.035
0.001	0.080	0.001	0.918
0.001	0.053	0.900	0.046
0.001	0.048	0.950	0.001
0.070	0.082	0.001	0.847
0.052	0.001	0.906	0.041
>RTCAACATGT	7-RTCAACATGT	8.515769	-18.502264	0	T:26.0(16.56%),B:1802.2(4.45%),P:1e-8	Tpos:597.0,Tstd:287.4,Bpos:494.3,Bstd:301.9,StrandBias:-0.2,Multiplicity:1.15
0.545	0.009	0.411	0.035
0.172	0.142	0.001	0.685
0.216	0.772	0.001	0.011
0.769	0.141	0.089	0.001
0.701	0.126	0.172	0.001
0.351	0.576	0.021	0.052
0.685	0.001	0.138	0.176
0.146	0.181	0.066	0.607
0.045	0.088	0.701	0.166
0.125	0.130	0.001	0.744
>GTGCGATCCA	8-GTGCGATCCA	11.765988	-18.075126	0	T:6.0(3.82%),B:36.9(0.09%),P:1e-7	Tpos:842.7,Tstd:8.8,Bpos:497.5,Bstd:325.6,StrandBias:10.0,Multiplicity:1.00
0.001	0.001	0.997	0.001
0.001	0.001	0.001	0.997
0.001	0.001	0.997	0.001
0.001	0.997	0.001	0.001
0.001	0.001	0.997	0.001
0.997	0.001	0.001	0.001
0.001	0.001	0.001	0.997
0.001	0.724	0.154	0.121
0.001	0.817	0.001	0.181
0.997	0.001	0.001	0.001
>STTGCGATCT	9-STTGCGATCT	9.476680	-17.887466	0	T:14.0(8.92%),B:505.6(1.25%),P:1e-7	Tpos:524.1,Tstd:313.0,Bpos:495.7,Bstd:308.6,StrandBias:1.1,Multiplicity:1.33
0.008	0.535	0.449	0.008
0.001	0.001	0.354	0.644
0.001	0.396	0.001	0.602
0.001	0.001	0.991	0.007
0.001	0.997	0.001	0.001
0.001	0.001	0.797	0.201
0.644	0.001	0.354	0.001
0.001	0.001	0.001	0.997
0.001	0.604	0.394	0.001
0.001	0.001	0.001	0.997
>CTGATAAGGC	10-CTGATAAGGC	7.179609	-16.717712	0	T:50.0(31.85%),B:5968.9(14.75%),P:1e-7	Tpos:639.7,Tstd:288.0,Bpos:523.4,Bstd:321.4,StrandBias:-0.2,Multiplicity:1.32
0.083	0.689	0.101	0.127
0.070	0.048	0.030	0.852
0.018	0.086	0.804	0.092
0.871	0.001	0.059	0.069
0.068	0.077	0.052	0.803
0.930	0.021	0.025	0.024
0.764	0.051	0.095	0.090
0.096	0.076	0.774	0.054
0.165	0.012	0.791	0.032
0.061	0.731	0.073	0.135
>ATAGATCAAA	11-ATAGATCAAA	10.067949	-15.611749	0	T:26.0(16.56%),B:2090.0(5.16%),P:1e-6	Tpos:563.4,Tstd:284.4,Bpos:513.6,Bstd:315.9,StrandBias:-0.5,Multiplicity:1.19
0.963	0.001	0.035	0.001
0.062	0.240	0.001	0.697
0.888	0.025	0.026	0.061
0.001	0.001	0.951	0.047
0.862	0.023	0.001	0.114
0.001	0.001	0.001	0.997
0.153	0.812	0.015	0.020
0.908	0.001	0.042	0.049
0.914	0.084	0.001	0.001
0.997	0.001	0.001	0.001
>AAGATTACAC	12-AAGATTACAC	9.361456	-15.242672	0	T:10.0(6.37%),B:283.6(0.70%),P:1e-6	Tpos:577.0,Tstd:287.1,Bpos:501.0,Bstd:325.5,StrandBias:-0.3,Multiplicity:1.10
0.910	0.001	0.088	0.001
0.997	0.001	0.001	0.001
0.001	0.001	0.997	0.001
0.895	0.103	0.001	0.001
0.001	0.001	0.001	0.997
0.001	0.001	0.001	0.997
0.997	0.001	0.001	0.001
0.001	0.906	0.001	0.092
0.865	0.133	0.001	0.001
0.001	0.997	0.001	0.001
>AACAAATGAC	13-AACAAATGAC	9.261739	-14.657595	0	T:33.0(21.02%),B:3297.1(8.15%),P:1e-6	Tpos:516.9,Tstd:282.6,Bpos:509.9,Bstd:315.5,StrandBias:0.2,Multiplicity:1.15
0.934	0.027	0.038	0.001
0.997	0.001	0.001	0.001
0.055	0.822	0.103	0.020
0.949	0.049	0.001	0.001
0.887	0.057	0.055	0.001
0.775	0.039	0.050	0.136
0.001	0.047	0.001	0.951
0.016	0.001	0.940	0.043
0.934	0.043	0.001	0.022
0.065	0.833	0.021	0.081
>CCTACTTTAG	14-CCTACTTTAG	7.914173	-14.063157	0	T:24.0(15.29%),B:1972.1(4.87%),P:1e-6	Tpos:478.4,Tstd:255.8,Bpos:490.7,Bstd:317.4,StrandBias:0.4,Multiplicity:1.29
0.064	0.625	0.310	0.001
0.136	0.862	0.001	0.001
0.050	0.034	0.344	0.572
0.997	0.001	0.001	0.001
0.001	0.601	0.363	0.035
0.197	0.001	0.001	0.801
0.277	0.001	0.286	0.436
0.001	0.243	0.001	0.755
0.954	0.001	0.001	0.044
0.001	0.093	0.833	0.073
>TACGACAGTT	15-TACGACAGTT	11.311051	-13.463506	0	T:9.0(5.73%),B:267.5(0.66%),P:1e-5	Tpos:592.7,Tstd:284.8,Bpos:510.4,Bstd:313.9,StrandBias:1.8,Multiplicity:1.00
0.111	0.001	0.001	0.887
0.997	0.001	0.001	0.001
0.001	0.997	0.001	0.001
0.090	0.001	0.908	0.001
0.997	0.001	0.001	0.001
0.001	0.997	0.001	0.001
0.997	0.001	0.001	0.001
0.001	0.001	0.997	0.001
0.001	0.001	0.001	0.997
0.001	0.001	0.001	0.997
>CTATCTTTCG	16-CTATCTTTCG	9.954431	-12.725899	0	T:13.0(8.28%),B:673.5(1.66%),P:1e-5	Tpos:310.5,Tstd:297.8,Bpos:474.9,Bstd:296.7,StrandBias:0.2,Multiplicity:1.46
0.055	0.943	0.001	0.001
0.051	0.001	0.001	0.947
0.878	0.001	0.084	0.037
0.001	0.096	0.001	0.902
0.051	0.622	0.070	0.257
0.001	0.001	0.001	0.997
0.001	0.001	0.001	0.997
0.119	0.001	0.001	0.879
0.001	0.997	0.001	0.001
0.001	0.062	0.898	0.039
>GTGTGDATTW	17-GTGTGDATTW	7.127936	-12.531421	0	T:17.0(10.83%),B:1164.7(2.88%),P:1e-5	Tpos:515.1,Tstd:248.5,Bpos:522.6,Bstd:319.0,StrandBias:-0.9,Multiplicity:1.53
0.107	0.282	0.589	0.022
0.026	0.240	0.217	0.517
0.261	0.167	0.558	0.014
0.183	0.031	0.034	0.752
0.332	0.011	0.638	0.019
0.277	0.023	0.388	0.312
0.563	0.213	0.023	0.201
0.013	0.038	0.187	0.762
0.231	0.162	0.181	0.426
0.288	0.234	0.041	0.437
>TTGAACCTCC	18-TTGAACCTCC	9.926498	-12.483652	0	T:10.0(6.37%),B:388.2(0.96%),P:1e-5	Tpos:427.9,Tstd:262.1,Bpos:501.2,Bstd:304.2,StrandBias:-1.9,Multiplicity:1.40
0.001	0.132	0.163	0.704
0.129	0.001	0.149	0.721
0.001	0.001	0.854	0.144
0.633	0.001	0.001	0.365
0.773	0.001	0.137	0.089
0.001	0.858	0.024	0.117
0.001	0.997	0.001	0.001
0.092	0.001	0.001	0.906
0.001	0.892	0.001	0.106
0.001	0.997	0.001	0.001
>CCAACGAGTG	19-CCAACGAGTG	9.777402	-11.880206	0	T:11.0(7.01%),B:514.8(1.27%),P:1e-5	Tpos:484.9,Tstd:243.6,Bpos:518.7,Bstd:317.3,StrandBias:2.0,Multiplicity:1.36
0.144	0.736	0.001	0.119
0.115	0.883	0.001	0.001
0.997	0.001	0.001	0.001
0.758	0.032	0.001	0.209
0.187	0.811	0.001	0.001
0.001	0.001	0.592	0.406
0.861	0.137	0.001	0.001
0.132	0.001	0.866	0.001
0.001	0.001	0.001	0.997
0.001	0.119	0.879	0.001
>TGGAGGAGGC	20-TGGAGGAGGC	10.405259	-7.577728	0	T:7.0(4.46%),B:351.3(0.87%),P:1e-3	Tpos:416.0,Tstd:235.6,Bpos:511.8,Bstd:313.9,StrandBias:2.2,Multiplicity:1.57
0.001	0.001	0.001	0.997
0.001	0.001	0.997	0.001
0.001	0.001	0.997	0.001
0.902	0.001	0.096	0.001
0.001	0.001	0.997	0.001
0.001	0.001	0.997	0.001
0.997	0.001	0.001	0.001
0.367	0.001	0.631	0.001
0.001	0.001	0.706	0.292
0.001	0.805	0.193	0.001
>GAMTATCCTC	21-GAMTATCCTC	9.997351	-6.876130	0	T:9.0(5.73%),B:643.3(1.59%),P:1e-2	Tpos:439.1,Tstd:275.2,Bpos:496.4,Bstd:331.7,StrandBias:-1.2,Multiplicity:2.22
0.001	0.001	0.997	0.001
0.997	0.001	0.001	0.001
0.347	0.474	0.178	0.001
0.001	0.001	0.333	0.665
0.997	0.001	0.001	0.001
0.001	0.001	0.001	0.997
0.209	0.789	0.001	0.001
0.001	0.997	0.001	0.001
0.301	0.001	0.001	0.697
0.001	0.775	0.001	0.223
>CAGCTCCAGC	22-CAGCTCCAGC	10.296193	-3.211915	0	T:2.0(1.27%),B:80.4(0.20%),P:1e-1	Tpos:360.8,Tstd:227.2,Bpos:426.7,Bstd:287.1,StrandBias:10.0,Multiplicity:6.00
0.100	0.700	0.100	0.100
0.700	0.100	0.100	0.100
0.100	0.100	0.700	0.100
0.100	0.700	0.100	0.100
0.100	0.100	0.100	0.700
0.100	0.700	0.100	0.100
0.100	0.700	0.100	0.100
0.700	0.100	0.100	0.100
0.100	0.100	0.700	0.100
0.100	0.700	0.100	0.100
>TTTGGCGCCA	23-TTTGGCGCCA	13.690876	-2.755066	0	T:2.0(1.27%),B:104.4(0.26%),P:1e-1	Tpos:642.8,Tstd:148.7,Bpos:460.0,Bstd:293.7,StrandBias:-0.3,Multiplicity:4.00
0.058	0.076	0.001	0.865
0.001	0.001	0.001	0.997
0.001	0.001	0.001	0.997
0.001	0.001	0.997	0.001
0.001	0.001	0.997	0.001
0.001	0.997	0.001	0.001
0.001	0.001	0.997	0.001
0.001	0.997	0.001	0.001
0.001	0.997	0.001	0.001
0.997	0.001	0.001	0.001
>CCGGAGGATC	24-CCGGAGGATC	11.462366	-2.383069	0	T:1.0(0.64%),B:24.9(0.06%),P:1e-1	Tpos:366.0,Tstd:185.2,Bpos:401.0,Bstd:230.1,StrandBias:10.0,Multiplicity:3.00
0.001	0.997	0.001	0.001
0.001	0.487	0.308	0.204
0.001	0.381	0.617	0.001
0.001	0.001	0.997	0.001
0.997	0.001	0.001	0.001
0.001	0.289	0.583	0.127
0.001	0.001	0.997	0.001
0.549	0.054	0.001	0.396
0.001	0.001	0.041	0.957
0.001	0.997	0.001	0.001
>GATGATCCTC	25-GATGATCCTC	12.555181	-1.874626	0	T:1.0(0.64%),B:42.9(0.11%),P:1e0	Tpos:397.4,Tstd:211.8,Bpos:501.5,Bstd:294.4,StrandBias:-10.0,Multiplicity:5.00
0.001	0.001	0.997	0.001
0.683	0.001	0.001	0.315
0.351	0.024	0.001	0.624
0.001	0.001	0.648	0.350
0.997	0.001	0.001	0.001
0.001	0.001	0.001	0.997
0.001	0.997	0.001	0.001
0.001	0.997	0.001	0.001
0.001	0.001	0.001	0.997
0.001	0.997	0.001	0.001
>CTCGGGGTCAAA	1-CTCGGGGTCAAA	10.707158	-32.526871	0	T:15.0(9.55%),B:200.9(0.50%),P:1e-14	Tpos:688.5,Tstd:255.6,Bpos:501.0,Bstd:324.5,StrandBias:1.1,Multiplicity:1.07
0.200	0.798	0.001	0.001
0.121	0.001	0.001	0.877
0.001	0.590	0.080	0.329
0.259	0.001	0.739	0.001
0.174	0.001	0.824	0.001
0.094	0.099	0.806	0.001
0.001	0.001	0.877	0.121
0.001	0.001	0.001	0.997
0.138	0.740	0.001	0.121
0.894	0.001	0.104	0.001
0.997	0.001	0.001	0.001
0.997	0.001	0.001	0.001
>CAAGATTACACT	2-CAAGATTACACT	13.654237	-26.528048	0	T:9.0(5.73%),B:54.0(0.13%),P:1e-11	Tpos:601.1,Tstd:306.5,Bpos:513.1,Bstd:301.9,StrandBias:-1.2,Multiplicity:1.11
0.001	0.997	0.001	0.001
0.884	0.001	0.114	0.001
0.997	0.001	0.001	0.001
0.087	0.001	0.911	0.001
0.997	0.001	0.001	0.001
0.001	0.001	0.001	0.997
0.001	0.001	0.001	0.997
0.888	0.001	0.001	0.110
0.001	0.997	0.001	0.001
0.997	0.001	0.001	0.001
0.118	0.880	0.001	0.001
0.136	0.001	0.001	0.862
>TATGCAGGACAC	3-TATGCAGGACAC	13.922784	-26.007871	0	T:6.0(3.82%),B:7.1(0.02%),P:1e-11	Tpos:534.7,Tstd:319.6,Bpos:428.7,Bstd:220.7,StrandBias:-2.3,Multiplicity:1.00
0.183	0.001	0.001	0.815
0.997	0.001	0.001	0.001
0.001	0.001	0.001	0.997
0.001	0.001	0.838	0.160
0.147	0.851	0.001	0.001
0.997	0.001	0.001	0.001
0.001	0.001	0.997	0.001
0.001	0.001	0.997	0.001
0.997	0.001	0.001	0.001
0.001	0.677	0.161	0.161
0.997	0.001	0.001	0.001
0.001	0.997	0.001	0.001
>AGGAGGTACACA	4-AGGAGGTACACA	11.499701	-24.432809	0	T:10.0(6.37%),B:103.7(0.26%),P:1e-10	Tpos:421.6,Tstd:222.9,Bpos:494.8,Bstd:331.9,StrandBias:-1.2,Multiplicity:1.00
0.584	0.001	0.132	0.283
0.001	0.001	0.997	0.001
0.001	0.001	0.997	0.001
0.997	0.001	0.001	0.001
0.001	0.001	0.997	0.001
0.001	0.131	0.867	0.001
0.094	0.001	0.001	0.904
0.997	0.001	0.001	0.001
0.216	0.782	0.001	0.001
0.997	0.001	0.001	0.001
0.311	0.687	0.001	0.001
0.848	0.001	0.150	0.001
>GTCAACTGTCGT	5-GTCAACTGTCGT	10.504708	-23.844765	0	T:7.0(4.46%),B:27.0(0.07%),P:1e-10	Tpos:784.4,Tstd:240.3,Bpos:522.0,Bstd:299.7,StrandBias:-2.6,Multiplicity:1.00
0.001	0.001	0.997	0.001
0.049	0.105	0.037	0.809
0.001	0.997	0.001	0.001
0.997	0.001	0.001	0.001
0.950	0.048	0.001	0.001
0.001	0.997	0.001	0.001
0.001	0.001	0.001	0.997
0.001	0.001	0.997	0.001
0.001	0.001	0.048	0.950
0.001	0.997	0.001	0.001
0.001	0.001	0.997	0.001
0.001	0.001	0.001	0.997
>CGTCACTTTTAC	6-CGTCACTTTTAC	13.905485	-23.617475	0	T:7.0(4.46%),B:27.4(0.07%),P:1e-10	Tpos:570.0,Tstd:276.8,Bpos:510.9,Bstd:312.4,StrandBias:0.4,Multiplicity:1.00
0.001	0.997	0.001	0.001
0.001	0.001	0.848	0.150
0.001	0.001	0.001	0.997
0.001	0.997	0.001	0.001
0.997	0.001	0.001	0.001
0.216	0.622	0.161	0.001
0.001	0.001	0.001	0.997
0.001	0.001	0.001	0.997
0.001	0.001	0.198	0.800
0.001	0.001	0.001	0.997
0.997	0.001	0.001	0.001
0.001	0.895	0.001	0.103
>TGATTTCATATT	7-TGATTTCATATT	12.484781	-22.877685	0	T:15.0(9.55%),B:406.5(1.00%),P:1e-9	Tpos:533.9,Tstd:299.2,Bpos:523.6,Bstd:313.5,StrandBias:1.0,Multiplicity:1.07
0.001	0.111	0.129	0.759
0.001	0.001	0.954	0.044
0.997	0.001	0.001	0.001
0.001	0.001	0.001	0.997
0.001	0.001	0.001	0.997
0.001	0.001	0.001	0.997
0.001	0.924	0.074	0.001
0.997	0.001	0.001	0.001
0.039	0.001	0.076	0.884
0.643	0.094	0.089	0.174
0.081	0.001	0.001	0.917
0.001	0.001	0.001	0.997
>ATGCAAACAATA	8-ATGCAAACAATA	13.543998	-21.297279	0	T:10.0(6.37%),B:145.3(0.36%),P:1e-9	Tpos:426.6,Tstd:239.7,Bpos:498.4,Bstd:291.5,StrandBias:0.0,Multiplicity:1.00
0.997	0.001	0.001	0.001
0.001	0.001	0.001	0.997
0.001	0.001	0.997	0.001
0.001	0.870	0.001	0.128
0.997	0.001	0.001	0.001
0.997	0.001	0.001	0.001
0.997	0.001	0.001	0.001
0.285	0.713	0.001	0.001
0.904	0.001	0.094	0.001
0.768	0.134	0.001	0.097
0.001	0.001	0.001	0.997
0.853	0.145	0.001	0.001
>TCGCACGTHTGT	9-TCGCACGTHTGT	10.470995	-21.048043	0	T:10.0(6.37%),B:149.1(0.37%),P:1e-9	Tpos:557.4,Tstd:326.2,Bpos:540.8,Bstd:297.4,StrandBias:-0.2,Multiplicity:1.30
0.001	0.001	0.001	0.997
0.018	0.978	0.003	0.001
0.034	0.001	0.964	0.001
0.001	0.997	0.001	0.001
0.689	0.001	0.015	0.295
0.001	0.637	0.001	0.361
0.054	0.001	0.944	0.001
0.001	0.270	0.001	0.728
0.362	0.270	0.021	0.347
0.001	0.001	0.001	0.997
0.308	0.001	0.657	0.034
0.001	0.001	0.001	0.997
>CATGCTGATGSC	10-CATGCTGATGSC	12.406243	-20.435526	0	T:6.0(3.82%),B:23.6(0.06%),P:1e-8	Tpos:459.5,Tstd:299.8,Bpos:324.4,Bstd:267.5,StrandBias:1.0,Multiplicity:1.00
0.005	0.993	0.001	0.001
0.997	0.001	0.001	0.001
0.209	0.006	0.203	0.582
0.001	0.005	0.993	0.001
0.001	0.838	0.005	0.156
0.001	0.005	0.001	0.993
0.001	0.001	0.997	0.001
0.608	0.001	0.001	0.390
0.005	0.001	0.001	0.993
0.001	0.202	0.796	0.001
0.156	0.412	0.431	0.001
0.001	0.643	0.001	0.355
>GCATAAACATGT	11-GCATAAACATGT	14.046230	-20.215570	0	T:6.0(3.82%),B:24.9(0.06%),P:1e-8	Tpos:632.0,Tstd:226.3,Bpos:456.1,Bstd:370.9,StrandBias:2.3,Multiplicity:1.00
0.001	0.132	0.723	0.144
0.001	0.997	0.001	0.001
0.997	0.001	0.001	0.001
0.001	0.001	0.001	0.997
0.702	0.296	0.001	0.001
0.997	0.001	0.001	0.001
0.997	0.001	0.001	0.001
0.001	0.997	0.001	0.001
0.997	0.001	0.001	0.001
0.001	0.001	0.001	0.997
0.001	0.235	0.763	0.001
0.001	0.001	0.001	0.997
>TACTCACTTCCG	12-TACTCACTTCCG	13.552182	-18.829669	0	T:5.0(3.18%),B:13.9(0.03%),P:1e-8	Tpos:613.6,Tstd:194.2,Bpos:482.5,Bstd:355.4,StrandBias:10.0,Multiplicity:1.00
0.001	0.001	0.001	0.997
0.659	0.001	0.251	0.089
0.001	0.754	0.001	0.244
0.001	0.001	0.001	0.997
0.001	0.774	0.001	0.224
0.754	0.001	0.001	0.244
0.001	0.997	0.001	0.001
0.001	0.001	0.166	0.832
0.001	0.118	0.001	0.880
0.001	0.832	0.166	0.001
0.001	0.997	0.001	0.001
0.187	0.001	0.811	0.001
>AATTTTTCAGCA	13-AATTTTTCAGCA	12.372908	-17.188008	0	T:24.0(15.29%),B:1657.2(4.09%),P:1e-7	Tpos:624.2,Tstd:306.1,Bpos:499.5,Bstd:307.8,StrandBias:-0.2,Multiplicity:1.08
0.827	0.054	0.066	0.053
0.869	0.090	0.001	0.040
0.077	0.001	0.070	0.852
0.001	0.001	0.001	0.997
0.001	0.001	0.001	0.997
0.001	0.001	0.001	0.997
0.001	0.001	0.001	0.997
0.051	0.844	0.039	0.066
0.959	0.001	0.001	0.039
0.001	0.001	0.955	0.043
0.067	0.887	0.001	0.045
0.835	0.057	0.001	0.107
>TTAAAAATCTCT	14-TTAAAAATCTCT	12.693823	-16.931925	0	T:13.0(8.28%),B:459.9(1.14%),P:1e-7	Tpos:566.9,Tstd:176.0,Bpos:499.3,Bstd:306.5,StrandBias:0.0,Multiplicity:1.08
0.112	0.001	0.001	0.886
0.001	0.090	0.001	0.908
0.997	0.001	0.001	0.001
0.997	0.001	0.001	0.001
0.997	0.001	0.001	0.001
0.997	0.001	0.001	0.001
0.997	0.001	0.001	0.001
0.091	0.109	0.129	0.671
0.049	0.906	0.001	0.044
0.001	0.001	0.001	0.997
0.061	0.866	0.072	0.001
0.135	0.001	0.001	0.863
>GTACTCTTCAAT	15-GTACTCTTCAAT	10.937778	-15.369152	0	T:10.0(6.37%),B:279.4(0.69%),P:1e-6	Tpos:487.6,Tstd:259.1,Bpos:511.9,Bstd:309.8,StrandBias:0.3,Multiplicity:1.10
0.051	0.063	0.885	0.001
0.223	0.001	0.144	0.632
0.915	0.083	0.001	0.001
0.058	0.893	0.001	0.048
0.061	0.084	0.084	0.771
0.131	0.867	0.001	0.001
0.001	0.001	0.001	0.997
0.072	0.001	0.199	0.728
0.103	0.725	0.051	0.121
0.915	0.083	0.001	0.001
0.936	0.001	0.062	0.001
0.237	0.001	0.001	0.761
>ACGAAAAATAGA	16-ACGAAAAATAGA	12.961155	-14.015446	0	T:11.0(7.01%),B:409.7(1.01%),P:1e-6	Tpos:285.2,Tstd:285.2,Bpos:483.2,Bstd:274.6,StrandBias:0.9,Multiplicity:1.55
0.886	0.112	0.001	0.001
0.001	0.997	0.001	0.001
0.051	0.090	0.858	0.001
0.997	0.001	0.001	0.001
0.997	0.001	0.001	0.001
0.997	0.001	0.001	0.001
0.868	0.130	0.001	0.001
0.905	0.001	0.001	0.093
0.001	0.001	0.079	0.919
0.858	0.058	0.083	0.001
0.001	0.078	0.920	0.001
0.997	0.001	0.001	0.001
>AGGATATACCGG	17-AGGATATACCGG	12.812055	-13.617244	0	T:4.0(2.55%),B:17.6(0.04%),P:1e-5	Tpos:442.5,Tstd:237.7,Bpos:420.3,Bstd:271.4,StrandBias:1.0,Multiplicity:1.50
0.997	0.001	0.001	0.001
0.001	0.001	0.997	0.001
0.194	0.167	0.638	0.001
0.997	0.001	0.001	0.001
0.001	0.001	0.001	0.997
0.997	0.001	0.001	0.001
0.001	0.193	0.001	0.805
0.997	0.001	0.001	0.001
0.001	0.997	0.001	0.001
0.001	0.997	0.001	0.001
0.001	0.001	0.997	0.001
0.194	0.194	0.444	0.167
>GTGTGGATTTAC	18-GTGTGGATTTAC	11.392751	-12.528041	0	T:10.0(6.37%),B:386.0(0.95%),P:1e-5	Tpos:547.8,Tstd:216.6,Bpos:544.9,Bstd:320.1,StrandBias:-0.9,Multiplicity:1.70
0.001	0.002	0.926	0.071
0.001	0.072	0.001	0.926
0.077	0.001	0.921	0.001
0.072	0.001	0.001	0.926
0.350	0.001	0.590	0.059
0.043	0.069	0.759	0.129
0.997	0.001	0.001	0.001
0.074	0.001	0.001	0.924
0.057	0.097	0.001	0.845
0.002	0.002	0.001	0.995
0.492	0.001	0.206	0.302
0.133	0.710	0.069	0.088
>CCTATCCCACTY	19-CCTATCCCACTY	9.080658	-12.278779	0	T:13.0(8.28%),B:702.4(1.74%),P:1e-5	Tpos:614.3,Tstd:321.3,Bpos:514.7,Bstd:321.0,StrandBias:-1.0,Multiplicity:1.38
0.001	0.924	0.074	0.001
0.002	0.827	0.066	0.105
0.001	0.179	0.197	0.623
0.707	0.139	0.153	0.001
0.136	0.145	0.066	0.653
0.287	0.646	0.066	0.001
0.078	0.785	0.003	0.134
0.074	0.924	0.001	0.001
0.724	0.006	0.207	0.063
0.001	0.812	0.001	0.186
0.065	0.001	0.001	0.933
0.001	0.465	0.082	0.452
>AGGTTCAGCTGC	20-AGGTTCAGCTGC	15.046585	-10.022627	0	T:2.0(1.27%),B:1.7(0.00%),P:1e-4	Tpos:457.7,Tstd:265.3,Bpos:502.3,Bstd:257.6,StrandBias:2.3,Multiplicity:3.00
0.997	0.001	0.001	0.001
0.001	0.001	0.997	0.001
0.001	0.211	0.787	0.001
0.001	0.001	0.001	0.997
0.001	0.001	0.001	0.997
0.001	0.997	0.001	0.001
0.997	0.001	0.001	0.001
0.001	0.001	0.997	0.001
0.001	0.997	0.001	0.001
0.001	0.001	0.001	0.997
0.001	0.001	0.997	0.001
0.001	0.997	0.001	0.001
>GRRTCTACCGTT	21-GRRTCTACCGTT	8.686938	-9.020967	0	T:4.0(2.55%),B:61.2(0.15%),P:1e-3	Tpos:453.0,Tstd:192.4,Bpos:401.3,Bstd:290.4,StrandBias:1.0,Multiplicity:2.25
0.001	0.001	0.997	0.001
0.555	0.001	0.443	0.001
0.461	0.001	0.537	0.001
0.001	0.001	0.001	0.997
0.001	0.997	0.001	0.001
0.001	0.001	0.001	0.997
0.922	0.001	0.076	0.001
0.001	0.997	0.001	0.001
0.001	0.613	0.385	0.001
0.366	0.001	0.632	0.001
0.001	0.076	0.001	0.922
0.001	0.001	0.001	0.997
>AGGATMGTCGGG	22-AGGATMGTCGGG	6.635735	-8.979651	0	T:48.0(30.57%),B:7374.6(18.22%),P:1e-3	Tpos:500.6,Tstd:280.7,Bpos:498.8,Bstd:313.4,StrandBias:0.4,Multiplicity:1.44
0.895	0.022	0.031	0.052
0.095	0.001	0.735	0.169
0.079	0.070	0.850	0.001
0.916	0.001	0.082	0.001
0.141	0.027	0.022	0.810
0.306	0.413	0.136	0.146
0.087	0.043	0.589	0.281
0.051	0.056	0.081	0.812
0.027	0.815	0.049	0.109
0.054	0.053	0.649	0.244
0.047	0.052	0.843	0.058
0.137	0.033	0.679	0.151
>CCGCCWTCTCAA	23-CCGCCWTCTCAA	10.901717	-8.600368	0	T:7.0(4.46%),B:295.4(0.73%),P:1e-3	Tpos:483.6,Tstd:275.9,Bpos:525.5,Bstd:322.9,StrandBias:-2.2,Multiplicity:1.57
0.142	0.856	0.001	0.001
0.131	0.693	0.175	0.001
0.117	0.001	0.881	0.001
0.001	0.997	0.001	0.001
0.001	0.997	0.001	0.001
0.456	0.001	0.093	0.450
0.367	0.096	0.001	0.536
0.001	0.823	0.001	0.175
0.369	0.001	0.001	0.629
0.142	0.856	0.001	0.001
0.609	0.374	0.016	0.001
0.983	0.001	0.001	0.015
>GMTGGWGCTGGA	24-GMTGGWGCTGGA	11.186776	-8.183910	0	T:6.0(3.82%),B:223.9(0.55%),P:1e-3	Tpos:388.8,Tstd:228.9,Bpos:471.8,Bstd:318.2,StrandBias:-3.2,Multiplicity:3.33
0.001	0.001	0.997	0.001
0.427	0.397	0.001	0.175
0.001	0.001	0.001	0.997
0.001	0.001	0.997	0.001
0.001	0.001	0.802	0.196
0.572	0.001	0.001	0.426
0.001	0.001	0.997	0.001
0.119	0.783	0.001	0.097
0.001	0.001	0.118	0.880
0.001	0.001	0.744	0.254
0.137	0.001	0.861	0.001
0.997	0.001	0.001	0.001
>TTGGCGCCAAAT	25-TTGGCGCCAAAT	13.828465	-3.609196	0	T:2.0(1.27%),B:64.2(0.16%),P:1e-1	Tpos:642.9,Tstd:149.0,Bpos:436.7,Bstd:281.2,StrandBias:0.3,Multiplicity:4.00
0.001	0.001	0.001	0.997
0.001	0.088	0.001	0.910
0.001	0.001	0.997	0.001
0.001	0.088	0.910	0.001
0.001	0.997	0.001	0.001
0.001	0.001	0.997	0.001
0.001	0.997	0.001	0.001
0.001	0.997	0.001	0.001
0.997	0.001	0.001	0.001
0.997	0.001	0.001	0.001
0.770	0.074	0.093	0.063
0.197	0.119	0.097	0.587
>TGATARGA	1-TGATARGA	8.905146	-14.923113	0	T:47.0(29.94%),B:5744.6(14.19%),P:1e-6	Tpos:628.3,Tstd:271.2,Bpos:548.7,Bstd:324.0,StrandBias:-0.8,Multiplicity:1.32
0.001	0.001	0.001	0.997
0.001	0.001	0.997	0.001
0.997	0.001	0.001	0.001
0.001	0.001	0.001	0.997
0.997	0.001	0.001	0.001
0.500	0.001	0.498	0.001
0.001	0.001	0.997	0.001
0.769	0.001	0.229	0.001
>CCTATCCC	2-CCTATCCC	9.595289	-14.617565	0	T:13.0(8.28%),B:565.2(1.40%),P:1e-6	Tpos:575.7,Tstd:337.5,Bpos:528.7,Bstd:310.7,StrandBias:-0.4,Multiplicity:1.08
0.001	0.997	0.001	0.001
0.001	0.997	0.001	0.001
0.001	0.001	0.001	0.997
0.997	0.001	0.001	0.001
0.001	0.229	0.141	0.629
0.001	0.997	0.001	0.001
0.001	0.997	0.001	0.001
0.001	0.997	0.001	0.001
>CAACTGTC	3-CAACTGTC	9.005114	-14.513759	0	T:31.0(19.75%),B:2991.1(7.39%),P:1e-6	Tpos:505.8,Tstd:303.2,Bpos:516.8,Bstd:321.9,StrandBias:-0.7,Multiplicity:1.07
0.001	0.997	0.001	0.001
0.997	0.001	0.001	0.001
0.997	0.001	0.001	0.001
0.001	0.838	0.160	0.001
0.001	0.001	0.001	0.997
0.001	0.001	0.997	0.001
0.151	0.001	0.001	0.847
0.001	0.997	0.001	0.001
>ACCCCGAG	4-ACCCCGAG	6.704667	-14.260582	0	T:38.0(24.20%),B:4216.8(10.42%),P:1e-6	Tpos:617.3,Tstd:253.6,Bpos:501.7,Bstd:320.2,StrandBias:0.3,Multiplicity:1.16
0.892	0.072	0.035	0.001
0.099	0.838	0.001	0.062
0.030	0.877	0.053	0.040
0.033	0.939	0.027	0.001
0.015	0.884	0.067	0.034
0.113	0.061	0.825	0.001
0.882	0.042	0.049	0.027
0.037	0.001	0.895	0.067
>ATAGATAA	5-ATAGATAA	8.555310	-13.534243	0	T:46.0(29.30%),B:5834.6(14.41%),P:1e-5	Tpos:470.6,Tstd:273.8,Bpos:527.8,Bstd:317.5,StrandBias:-0.4,Multiplicity:1.15
0.997	0.001	0.001	0.001
0.001	0.001	0.001	0.997
0.997	0.001	0.001	0.001
0.001	0.001	0.997	0.001
0.997	0.001	0.001	0.001
0.001	0.001	0.191	0.807
0.997	0.001	0.001	0.001
0.653	0.100	0.246	0.001
>AACTGACC	6-AACTGACC	8.940691	-12.862324	0	T:18.0(11.46%),B:1264.1(3.12%),P:1e-5	Tpos:500.9,Tstd:291.4,Bpos:486.5,Bstd:315.7,StrandBias:0.6,Multiplicity:1.00
0.997	0.001	0.001	0.001
0.879	0.119	0.001	0.001
0.001	0.997	0.001	0.001
0.001	0.001	0.001	0.997
0.001	0.001	0.997	0.001
0.997	0.001	0.001	0.001
0.001	0.997	0.001	0.001
0.001	0.997	0.001	0.001
>CRRCCCGG	7-CRRCCCGG	6.582130	-11.358736	0	T:33.0(21.02%),B:3845.1(9.50%),P:1e-4	Tpos:568.6,Tstd:281.7,Bpos:502.0,Bstd:323.8,StrandBias:0.2,Multiplicity:1.09
0.001	0.872	0.009	0.118
0.459	0.064	0.399	0.079
0.395	0.001	0.507	0.097
0.253	0.522	0.224	0.001
0.221	0.669	0.105	0.005
0.003	0.987	0.001	0.009
0.001	0.001	0.997	0.001
0.158	0.015	0.826	0.001
>CGGAASTB	8-CGGAASTB	6.794220	-10.617082	0	T:72.0(45.86%),B:12192.5(30.12%),P:1e-4	Tpos:511.5,Tstd:302.1,Bpos:501.5,Bstd:313.1,StrandBias:-0.0,Multiplicity:1.37
0.399	0.561	0.039	0.001
0.001	0.244	0.491	0.263
0.001	0.001	0.997	0.001
0.867	0.001	0.131	0.001
0.813	0.001	0.001	0.185
0.001	0.492	0.426	0.081
0.001	0.001	0.102	0.896
0.092	0.304	0.306	0.298
>CATCAACM	9-CATCAACM	7.999046	-9.280798	0	T:40.0(25.48%),B:5638.7(13.93%),P:1e-4	Tpos:493.0,Tstd:278.4,Bpos:501.9,Bstd:320.2,StrandBias:-0.7,Multiplicity:1.29
0.001	0.652	0.346	0.001
0.997	0.001	0.001	0.001
0.001	0.001	0.001	0.997
0.132	0.866	0.001	0.001
0.997	0.001	0.001	0.001
0.997	0.001	0.001	0.001
0.001	0.997	0.001	0.001
0.536	0.462	0.001	0.001
>ATACTCCG	10-ATACTCCG	7.517576	-6.535415	0	T:23.0(14.65%),B:3011.0(7.44%),P:1e-2	Tpos:465.4,Tstd:298.8,Bpos:489.7,Bstd:323.4,StrandBias:-0.6,Multiplicity:1.52
0.849	0.047	0.103	0.001
0.001	0.156	0.105	0.738
0.665	0.333	0.001	0.001
0.156	0.842	0.001	0.001
0.313	0.001	0.074	0.612
0.022	0.709	0.268	0.001
0.001	0.997	0.001	0.001
0.185	0.001	0.813	0.001
>TGCCCCCT	11-TGCCCCCT	7.358469	-4.249085	0	T:11.0(7.01%),B:1315.1(3.25%),P:1e-1	Tpos:315.5,Tstd:230.5,Bpos:537.5,Bstd:313.2,StrandBias:1.7,Multiplicity:1.55
0.001	0.001	0.001	0.997
0.001	0.001	0.997	0.001
0.001	0.997	0.001	0.001
0.045	0.953	0.001	0.001
0.001	0.997	0.001	0.001
0.001	0.735	0.263	0.001
0.001	0.735	0.263	0.001
0.001	0.001	0.001	0.997
>CAGCTCCA	12-CAGCTCCA	8.599665	-3.983044	0	T:16.0(10.19%),B:2315.5(5.72%),P:1e-1	Tpos:404.7,Tstd:241.2,Bpos:461.4,Bstd:314.9,StrandBias:1.5,Multiplicity:1.94
0.001	0.997	0.001	0.001
0.997	0.001	0.001	0.001
0.001	0.001	0.997	0.001
0.001	0.997	0.001	0.001
0.238	0.001	0.001	0.760
0.111	0.887	0.001	0.001
0.001	0.997	0.001	0.001
0.997	0.001	0.001	0.001
>CCTCSMGA	13-CCTCSMGA	9.121266	-3.467050	0	T:9.0(5.73%),B:1117.0(2.76%),P:1e-1	Tpos:379.1,Tstd:194.1,Bpos:518.3,Bstd:316.3,StrandBias:-3.4,Multiplicity:2.56
0.001	0.997	0.001	0.001
0.001	0.997	0.001	0.001
0.001	0.001	0.001	0.997
0.001	0.997	0.001	0.001
0.001	0.559	0.439	0.001
0.450	0.548	0.001	0.001
0.001	0.001	0.997	0.001
0.589	0.409	0.001	0.001
>TTGGCGCC	14-TTGGCGCC	8.236954	-0.427132	0	T:2.0(1.27%),B:572.4(1.41%),P:1e0	Tpos:648.4,Tstd:164.2,Bpos:494.3,Bstd:312.6,StrandBias:0.2,Multiplicity:4.50
0.100	0.100	0.100	0.700
0.100	0.100	0.100	0.700
0.100	0.100	0.700	0.100
0.100	0.100	0.700	0.100
0.100	0.700	0.100	0.100
0.100	0.100	0.700	0.100
0.100	0.700	0.100	0.100
0.100	0.700	0.100	0.100
