>CTCGGGGTCAAA	1-CTCGGGGTCAAA	10.707158	-32.526871	0	T:15.0(9.55%),B:200.9(0.50%),P:1e-14	Tpos:688.5,Tstd:255.6,Bpos:501.0,Bstd:324.5,StrandBias:1.1,Multiplicity:1.07
0.200	0.798	0.001	0.001
0.121	0.001	0.001	0.877
0.001	0.590	0.080	0.329
0.259	0.001	0.739	0.001
0.174	0.001	0.824	0.001
0.094	0.099	0.806	0.001
0.001	0.001	0.877	0.121
0.001	0.001	0.001	0.997
0.138	0.740	0.001	0.121
0.894	0.001	0.104	0.001
0.997	0.001	0.001	0.001
0.997	0.001	0.001	0.001
>CAAGATTACACT	2-CAAGATTACACT	13.654237	-26.528048	0	T:9.0(5.73%),B:54.0(0.13%),P:1e-11	Tpos:601.1,Tstd:306.5,Bpos:513.1,Bstd:301.9,StrandBias:-1.2,Multiplicity:1.11
0.001	0.997	0.001	0.001
0.884	0.001	0.114	0.001
0.997	0.001	0.001	0.001
0.087	0.001	0.911	0.001
0.997	0.001	0.001	0.001
0.001	0.001	0.001	0.997
0.001	0.001	0.001	0.997
0.888	0.001	0.001	0.110
0.001	0.997	0.001	0.001
0.997	0.001	0.001	0.001
0.118	0.880	0.001	0.001
0.136	0.001	0.001	0.862
>TATGCAGGACAC	3-TATGCAGGACAC	13.922784	-26.007871	0	T:6.0(3.82%),B:7.1(0.02%),P:1e-11	Tpos:534.7,Tstd:319.6,Bpos:428.7,Bstd:220.7,StrandBias:-2.3,Multiplicity:1.00
0.183	0.001	0.001	0.815
0.997	0.001	0.001	0.001
0.001	0.001	0.001	0.997
0.001	0.001	0.838	0.160
0.147	0.851	0.001	0.001
0.997	0.001	0.001	0.001
0.001	0.001	0.997	0.001
0.001	0.001	0.997	0.001
0.997	0.001	0.001	0.001
0.001	0.677	0.161	0.161
0.997	0.001	0.001	0.001
0.001	0.997	0.001	0.001
>AGGAGGTACACA	4-AGGAGGTACACA	11.499701	-24.432809	0	T:10.0(6.37%),B:103.7(0.26%),P:1e-10	Tpos:421.6,Tstd:222.9,Bpos:494.8,Bstd:331.9,StrandBias:-1.2,Multiplicity:1.00
0.584	0.001	0.132	0.283
0.001	0.001	0.997	0.001
0.001	0.001	0.997	0.001
0.997	0.001	0.001	0.001
0.001	0.001	0.997	0.001
0.001	0.131	0.867	0.001
0.094	0.001	0.001	0.904
0.997	0.001	0.001	0.001
0.216	0.782	0.001	0.001
0.997	0.001	0.001	0.001
0.311	0.687	0.001	0.001
0.848	0.001	0.150	0.001
>GTCAACTGTCGT	5-GTCAACTGTCGT	10.504708	-23.844765	0	T:7.0(4.46%),B:27.0(0.07%),P:1e-10	Tpos:784.4,Tstd:240.3,Bpos:522.0,Bstd:299.7,StrandBias:-2.6,Multiplicity:1.00
0.001	0.001	0.997	0.001
0.049	0.105	0.037	0.809
0.001	0.997	0.001	0.001
0.997	0.001	0.001	0.001
0.950	0.048	0.001	0.001
0.001	0.997	0.001	0.001
0.001	0.001	0.001	0.997
0.001	0.001	0.997	0.001
0.001	0.001	0.048	0.950
0.001	0.997	0.001	0.001
0.001	0.001	0.997	0.001
0.001	0.001	0.001	0.997
>CGTCACTTTTAC	6-CGTCACTTTTAC	13.905485	-23.617475	0	T:7.0(4.46%),B:27.4(0.07%),P:1e-10	Tpos:570.0,Tstd:276.8,Bpos:510.9,Bstd:312.4,StrandBias:0.4,Multiplicity:1.00
0.001	0.997	0.001	0.001
0.001	0.001	0.848	0.150
0.001	0.001	0.001	0.997
0.001	0.997	0.001	0.001
0.997	0.001	0.001	0.001
0.216	0.622	0.161	0.001
0.001	0.001	0.001	0.997
0.001	0.001	0.001	0.997
0.001	0.001	0.198	0.800
0.001	0.001	0.001	0.997
0.997	0.001	0.001	0.001
0.001	0.895	0.001	0.103
>TGATTTCATATT	7-TGATTTCATATT	12.484781	-22.877685	0	T:15.0(9.55%),B:406.5(1.00%),P:1e-9	Tpos:533.9,Tstd:299.2,Bpos:523.6,Bstd:313.5,StrandBias:1.0,Multiplicity:1.07
0.001	0.111	0.129	0.759
0.001	0.001	0.954	0.044
0.997	0.001	0.001	0.001
0.001	0.001	0.001	0.997
0.001	0.001	0.001	0.997
0.001	0.001	0.001	0.997
0.001	0.924	0.074	0.001
0.997	0.001	0.001	0.001
0.039	0.001	0.076	0.884
0.643	0.094	0.089	0.174
0.081	0.001	0.001	0.917
0.001	0.001	0.001	0.997
>ATGCAAACAATA	8-ATGCAAACAATA	13.543998	-21.297279	0	T:10.0(6.37%),B:145.3(0.36%),P:1e-9	Tpos:426.6,Tstd:239.7,Bpos:498.4,Bstd:291.5,StrandBias:0.0,Multiplicity:1.00
0.997	0.001	0.001	0.001
0.001	0.001	0.001	0.997
0.001	0.001	0.997	0.001
0.001	0.870	0.001	0.128
0.997	0.001	0.001	0.001
0.997	0.001	0.001	0.001
0.997	0.001	0.001	0.001
0.285	0.713	0.001	0.001
0.904	0.001	0.094	0.001
0.768	0.134	0.001	0.097
0.001	0.001	0.001	0.997
0.853	0.145	0.001	0.001
>TCGCACGTHTGT	9-TCGCACGTHTGT	10.470995	-21.048043	0	T:10.0(6.37%),B:149.1(0.37%),P:1e-9	Tpos:557.4,Tstd:326.2,Bpos:540.8,Bstd:297.4,StrandBias:-0.2,Multiplicity:1.30
0.001	0.001	0.001	0.997
0.018	0.978	0.003	0.001
0.034	0.001	0.964	0.001
0.001	0.997	0.001	0.001
0.689	0.001	0.015	0.295
0.001	0.637	0.001	0.361
0.054	0.001	0.944	0.001
0.001	0.270	0.001	0.728
0.362	0.270	0.021	0.347
0.001	0.001	0.001	0.997
0.308	0.001	0.657	0.034
0.001	0.001	0.001	0.997
>CATGCTGATGSC	10-CATGCTGATGSC	12.406243	-20.435526	0	T:6.0(3.82%),B:23.6(0.06%),P:1e-8	Tpos:459.5,Tstd:299.8,Bpos:324.4,Bstd:267.5,StrandBias:1.0,Multiplicity:1.00
0.005	0.993	0.001	0.001
0.997	0.001	0.001	0.001
0.209	0.006	0.203	0.582
0.001	0.005	0.993	0.001
0.001	0.838	0.005	0.156
0.001	0.005	0.001	0.993
0.001	0.001	0.997	0.001
0.608	0.001	0.001	0.390
0.005	0.001	0.001	0.993
0.001	0.202	0.796	0.001
0.156	0.412	0.431	0.001
0.001	0.643	0.001	0.355
>GCATAAACATGT	11-GCATAAACATGT	14.046230	-20.215570	0	T:6.0(3.82%),B:24.9(0.06%),P:1e-8	Tpos:632.0,Tstd:226.3,Bpos:456.1,Bstd:370.9,StrandBias:2.3,Multiplicity:1.00
0.001	0.132	0.723	0.144
0.001	0.997	0.001	0.001
0.997	0.001	0.001	0.001
0.001	0.001	0.001	0.997
0.702	0.296	0.001	0.001
0.997	0.001	0.001	0.001
0.997	0.001	0.001	0.001
0.001	0.997	0.001	0.001
0.997	0.001	0.001	0.001
0.001	0.001	0.001	0.997
0.001	0.235	0.763	0.001
0.001	0.001	0.001	0.997
>TACTCACTTCCG	12-TACTCACTTCCG	13.552182	-18.829669	0	T:5.0(3.18%),B:13.9(0.03%),P:1e-8	Tpos:613.6,Tstd:194.2,Bpos:482.5,Bstd:355.4,StrandBias:10.0,Multiplicity:1.00
0.001	0.001	0.001	0.997
0.659	0.001	0.251	0.089
0.001	0.754	0.001	0.244
0.001	0.001	0.001	0.997
0.001	0.774	0.001	0.224
0.754	0.001	0.001	0.244
0.001	0.997	0.001	0.001
0.001	0.001	0.166	0.832
0.001	0.118	0.001	0.880
0.001	0.832	0.166	0.001
0.001	0.997	0.001	0.001
0.187	0.001	0.811	0.001
>AATTTTTCAGCA	13-AATTTTTCAGCA	12.372908	-17.188008	0	T:24.0(15.29%),B:1657.2(4.09%),P:1e-7	Tpos:624.2,Tstd:306.1,Bpos:499.5,Bstd:307.8,StrandBias:-0.2,Multiplicity:1.08
0.827	0.054	0.066	0.053
0.869	0.090	0.001	0.040
0.077	0.001	0.070	0.852
0.001	0.001	0.001	0.997
0.001	0.001	0.001	0.997
0.001	0.001	0.001	0.997
0.001	0.001	0.001	0.997
0.051	0.844	0.039	0.066
0.959	0.001	0.001	0.039
0.001	0.001	0.955	0.043
0.067	0.887	0.001	0.045
0.835	0.057	0.001	0.107
>TTAAAAATCTCT	14-TTAAAAATCTCT	12.693823	-16.931925	0	T:13.0(8.28%),B:459.9(1.14%),P:1e-7	Tpos:566.9,Tstd:176.0,Bpos:499.3,Bstd:306.5,StrandBias:0.0,Multiplicity:1.08
0.112	0.001	0.001	0.886
0.001	0.090	0.001	0.908
0.997	0.001	0.001	0.001
0.997	0.001	0.001	0.001
0.997	0.001	0.001	0.001
0.997	0.001	0.001	0.001
0.997	0.001	0.001	0.001
0.091	0.109	0.129	0.671
0.049	0.906	0.001	0.044
0.001	0.001	0.001	0.997
0.061	0.866	0.072	0.001
0.135	0.001	0.001	0.863
>GTACTCTTCAAT	15-GTACTCTTCAAT	10.937778	-15.369152	0	T:10.0(6.37%),B:279.4(0.69%),P:1e-6	Tpos:487.6,Tstd:259.1,Bpos:511.9,Bstd:309.8,StrandBias:0.3,Multiplicity:1.10
0.051	0.063	0.885	0.001
0.223	0.001	0.144	0.632
0.915	0.083	0.001	0.001
0.058	0.893	0.001	0.048
0.061	0.084	0.084	0.771
0.131	0.867	0.001	0.001
0.001	0.001	0.001	0.997
0.072	0.001	0.199	0.728
0.103	0.725	0.051	0.121
0.915	0.083	0.001	0.001
0.936	0.001	0.062	0.001
0.237	0.001	0.001	0.761
>ACGAAAAATAGA	16-ACGAAAAATAGA	12.961155	-14.015446	0	T:11.0(7.01%),B:409.7(1.01%),P:1e-6	Tpos:285.2,Tstd:285.2,Bpos:483.2,Bstd:274.6,StrandBias:0.9,Multiplicity:1.55
0.886	0.112	0.001	0.001
0.001	0.997	0.001	0.001
0.051	0.090	0.858	0.001
0.997	0.001	0.001	0.001
0.997	0.001	0.001	0.001
0.997	0.001	0.001	0.001
0.868	0.130	0.001	0.001
0.905	0.001	0.001	0.093
0.001	0.001	0.079	0.919
0.858	0.058	0.083	0.001
0.001	0.078	0.920	0.001
0.997	0.001	0.001	0.001
>AGGATATACCGG	17-AGGATATACCGG	12.812055	-13.617244	0	T:4.0(2.55%),B:17.6(0.04%),P:1e-5	Tpos:442.5,Tstd:237.7,Bpos:420.3,Bstd:271.4,StrandBias:1.0,Multiplicity:1.50
0.997	0.001	0.001	0.001
0.001	0.001	0.997	0.001
0.194	0.167	0.638	0.001
0.997	0.001	0.001	0.001
0.001	0.001	0.001	0.997
0.997	0.001	0.001	0.001
0.001	0.193	0.001	0.805
0.997	0.001	0.001	0.001
0.001	0.997	0.001	0.001
0.001	0.997	0.001	0.001
0.001	0.001	0.997	0.001
0.194	0.194	0.444	0.167
>GTGTGGATTTAC	18-GTGTGGATTTAC	11.392751	-12.528041	0	T:10.0(6.37%),B:386.0(0.95%),P:1e-5	Tpos:547.8,Tstd:216.6,Bpos:544.9,Bstd:320.1,StrandBias:-0.9,Multiplicity:1.70
0.001	0.002	0.926	0.071
0.001	0.072	0.001	0.926
0.077	0.001	0.921	0.001
0.072	0.001	0.001	0.926
0.350	0.001	0.590	0.059
0.043	0.069	0.759	0.129
0.997	0.001	0.001	0.001
0.074	0.001	0.001	0.924
0.057	0.097	0.001	0.845
0.002	0.002	0.001	0.995
0.492	0.001	0.206	0.302
0.133	0.710	0.069	0.088
>CCTATCCCACTY	19-CCTATCCCACTY	9.080658	-12.278779	0	T:13.0(8.28%),B:702.4(1.74%),P:1e-5	Tpos:614.3,Tstd:321.3,Bpos:514.7,Bstd:321.0,StrandBias:-1.0,Multiplicity:1.38
0.001	0.924	0.074	0.001
0.002	0.827	0.066	0.105
0.001	0.179	0.197	0.623
0.707	0.139	0.153	0.001
0.136	0.145	0.066	0.653
0.287	0.646	0.066	0.001
0.078	0.785	0.003	0.134
0.074	0.924	0.001	0.001
0.724	0.006	0.207	0.063
0.001	0.812	0.001	0.186
0.065	0.001	0.001	0.933
0.001	0.465	0.082	0.452
>AGGTTCAGCTGC	20-AGGTTCAGCTGC	15.046585	-10.022627	0	T:2.0(1.27%),B:1.7(0.00%),P:1e-4	Tpos:457.7,Tstd:265.3,Bpos:502.3,Bstd:257.6,StrandBias:2.3,Multiplicity:3.00
0.997	0.001	0.001	0.001
0.001	0.001	0.997	0.001
0.001	0.211	0.787	0.001
0.001	0.001	0.001	0.997
0.001	0.001	0.001	0.997
0.001	0.997	0.001	0.001
0.997	0.001	0.001	0.001
0.001	0.001	0.997	0.001
0.001	0.997	0.001	0.001
0.001	0.001	0.001	0.997
0.001	0.001	0.997	0.001
0.001	0.997	0.001	0.001
>GRRTCTACCGTT	21-GRRTCTACCGTT	8.686938	-9.020967	0	T:4.0(2.55%),B:61.2(0.15%),P:1e-3	Tpos:453.0,Tstd:192.4,Bpos:401.3,Bstd:290.4,StrandBias:1.0,Multiplicity:2.25
0.001	0.001	0.997	0.001
0.555	0.001	0.443	0.001
0.461	0.001	0.537	0.001
0.001	0.001	0.001	0.997
0.001	0.997	0.001	0.001
0.001	0.001	0.001	0.997
0.922	0.001	0.076	0.001
0.001	0.997	0.001	0.001
0.001	0.613	0.385	0.001
0.366	0.001	0.632	0.001
0.001	0.076	0.001	0.922
0.001	0.001	0.001	0.997
>AGGATMGTCGGG	22-AGGATMGTCGGG	6.635735	-8.979651	0	T:48.0(30.57%),B:7374.6(18.22%),P:1e-3	Tpos:500.6,Tstd:280.7,Bpos:498.8,Bstd:313.4,StrandBias:0.4,Multiplicity:1.44
0.895	0.022	0.031	0.052
0.095	0.001	0.735	0.169
0.079	0.070	0.850	0.001
0.916	0.001	0.082	0.001
0.141	0.027	0.022	0.810
0.306	0.413	0.136	0.146
0.087	0.043	0.589	0.281
0.051	0.056	0.081	0.812
0.027	0.815	0.049	0.109
0.054	0.053	0.649	0.244
0.047	0.052	0.843	0.058
0.137	0.033	0.679	0.151
>CCGCCWTCTCAA	23-CCGCCWTCTCAA	10.901717	-8.600368	0	T:7.0(4.46%),B:295.4(0.73%),P:1e-3	Tpos:483.6,Tstd:275.9,Bpos:525.5,Bstd:322.9,StrandBias:-2.2,Multiplicity:1.57
0.142	0.856	0.001	0.001
0.131	0.693	0.175	0.001
0.117	0.001	0.881	0.001
0.001	0.997	0.001	0.001
0.001	0.997	0.001	0.001
0.456	0.001	0.093	0.450
0.367	0.096	0.001	0.536
0.001	0.823	0.001	0.175
0.369	0.001	0.001	0.629
0.142	0.856	0.001	0.001
0.609	0.374	0.016	0.001
0.983	0.001	0.001	0.015
>GMTGGWGCTGGA	24-GMTGGWGCTGGA	11.186776	-8.183910	0	T:6.0(3.82%),B:223.9(0.55%),P:1e-3	Tpos:388.8,Tstd:228.9,Bpos:471.8,Bstd:318.2,StrandBias:-3.2,Multiplicity:3.33
0.001	0.001	0.997	0.001
0.427	0.397	0.001	0.175
0.001	0.001	0.001	0.997
0.001	0.001	0.997	0.001
0.001	0.001	0.802	0.196
0.572	0.001	0.001	0.426
0.001	0.001	0.997	0.001
0.119	0.783	0.001	0.097
0.001	0.001	0.118	0.880
0.001	0.001	0.744	0.254
0.137	0.001	0.861	0.001
0.997	0.001	0.001	0.001
>TTGGCGCCAAAT	25-TTGGCGCCAAAT	13.828465	-3.609196	0	T:2.0(1.27%),B:64.2(0.16%),P:1e-1	Tpos:642.9,Tstd:149.0,Bpos:436.7,Bstd:281.2,StrandBias:0.3,Multiplicity:4.00
0.001	0.001	0.001	0.997
0.001	0.088	0.001	0.910
0.001	0.001	0.997	0.001
0.001	0.088	0.910	0.001
0.001	0.997	0.001	0.001
0.001	0.001	0.997	0.001
0.001	0.997	0.001	0.001
0.001	0.997	0.001	0.001
0.997	0.001	0.001	0.001
0.997	0.001	0.001	0.001
0.770	0.074	0.093	0.063
0.197	0.119	0.097	0.587
