>CGTGACCT	1-CGTGACCT	5.280886	-16.695015	0	T:32.0(74.42%),B:13841.0(33.65%),P:1e-7	Tpos:618.3,Tstd:294.1,Bpos:516.0,Bstd:321.5,StrandBias:-0.2,Multiplicity:1.50
0.100	0.644	0.152	0.104
0.088	0.047	0.783	0.082
0.065	0.033	0.031	0.871
0.081	0.140	0.722	0.057
0.869	0.021	0.062	0.048
0.114	0.711	0.118	0.057
0.101	0.789	0.037	0.073
0.114	0.108	0.154	0.624
>TATGCCAA	2-TATGCCAA	7.237103	-12.985395	0	T:26.0(60.47%),B:10765.0(26.17%),P:1e-5	Tpos:533.3,Tstd:327.0,Bpos:503.7,Bstd:316.9,StrandBias:1.2,Multiplicity:1.44
0.006	0.351	0.084	0.559
0.928	0.045	0.026	0.001
0.102	0.001	0.040	0.857
0.001	0.169	0.829	0.001
0.124	0.830	0.001	0.045
0.225	0.618	0.050	0.107
0.862	0.001	0.120	0.017
0.935	0.009	0.055	0.001
>TYTTATAC	3-TYTTATAC	7.796794	-11.945230	0	T:18.0(41.86%),B:5690.9(13.84%),P:1e-5	Tpos:605.7,Tstd:349.1,Bpos:540.8,Bstd:336.7,StrandBias:-1.8,Multiplicity:1.22
0.043	0.292	0.218	0.447
0.001	0.461	0.153	0.385
0.001	0.153	0.347	0.500
0.001	0.001	0.001	0.997
0.811	0.001	0.187	0.001
0.118	0.114	0.001	0.767
0.892	0.106	0.001	0.001
0.001	0.997	0.001	0.001
>CTAGTGCA	4-CTAGTGCA	7.271621	-9.732086	0	T:14.0(32.56%),B:4198.8(10.21%),P:1e-4	Tpos:400.5,Tstd:251.4,Bpos:505.0,Bstd:313.8,StrandBias:-0.8,Multiplicity:1.36
0.001	0.965	0.033	0.001
0.155	0.040	0.050	0.755
0.758	0.001	0.036	0.205
0.031	0.036	0.916	0.017
0.040	0.001	0.001	0.958
0.035	0.001	0.944	0.020
0.105	0.857	0.001	0.037
0.885	0.058	0.001	0.056
>CTAAGATT	5-CTAAGATT	8.074750	-3.264208	0	T:7.0(16.28%),B:3060.3(7.44%),P:1e-1	Tpos:477.1,Tstd:272.5,Bpos:506.6,Bstd:304.5,StrandBias:0.2,Multiplicity:1.86
0.001	0.997	0.001	0.001
0.001	0.001	0.001	0.997
0.790	0.001	0.001	0.208
0.997	0.001	0.001	0.001
0.001	0.001	0.997	0.001
0.997	0.001	0.001	0.001
0.001	0.247	0.001	0.751
0.255	0.001	0.270	0.475
