>CCTTTTATAC	1-CCTTTTATAC	9.197682	-23.818983	0	T:16.0(37.21%),B:1928.2(4.69%),P:1e-10	Tpos:633.0,Tstd:350.3,Bpos:607.5,Bstd:339.1,StrandBias:-0.3,Multiplicity:1.12
0.109	0.688	0.040	0.163
0.001	0.849	0.047	0.103
0.059	0.001	0.001	0.939
0.001	0.100	0.001	0.898
0.114	0.083	0.001	0.802
0.001	0.001	0.072	0.926
0.782	0.216	0.001	0.001
0.051	0.084	0.059	0.806
0.610	0.058	0.296	0.036
0.001	0.647	0.145	0.207
>AACCAACTTA	2-AACCAACTTA	10.011395	-17.247698	0	T:12.0(27.91%),B:1507.6(3.67%),P:1e-7	Tpos:612.4,Tstd:316.2,Bpos:485.5,Bstd:300.7,StrandBias:0.7,Multiplicity:1.08
0.997	0.001	0.001	0.001
0.997	0.001	0.001	0.001
0.056	0.761	0.106	0.077
0.060	0.847	0.001	0.092
0.847	0.001	0.151	0.001
0.997	0.001	0.001	0.001
0.055	0.943	0.001	0.001
0.001	0.001	0.131	0.867
0.001	0.001	0.001	0.997
0.826	0.083	0.090	0.001
>AGTGAAGATA	3-AGTGAAGATA	8.514140	-17.061363	0	T:17.0(39.53%),B:3548.0(8.63%),P:1e-7	Tpos:417.3,Tstd:337.9,Bpos:531.8,Bstd:308.0,StrandBias:-0.8,Multiplicity:1.12
0.997	0.001	0.001	0.001
0.001	0.110	0.826	0.063
0.001	0.001	0.001	0.997
0.001	0.001	0.997	0.001
0.736	0.150	0.113	0.001
0.997	0.001	0.001	0.001
0.042	0.108	0.758	0.092
0.997	0.001	0.001	0.001
0.049	0.001	0.075	0.875
0.914	0.001	0.001	0.084
>AGGTGACCTT	4-AGGTGACCTT	11.069930	-12.483559	0	T:5.0(11.63%),B:221.0(0.54%),P:1e-5	Tpos:570.7,Tstd:254.7,Bpos:535.1,Bstd:328.0,StrandBias:2.3,Multiplicity:1.20
0.997	0.001	0.001	0.001
0.133	0.122	0.744	0.001
0.001	0.001	0.997	0.001
0.001	0.168	0.001	0.830
0.001	0.130	0.868	0.001
0.997	0.001	0.001	0.001
0.001	0.997	0.001	0.001
0.001	0.997	0.001	0.001
0.001	0.001	0.152	0.846
0.001	0.001	0.162	0.836
>TTATTTGACA	5-TTATTTGACA	11.133841	-11.232364	0	T:13.0(30.23%),B:3158.0(7.68%),P:1e-4	Tpos:445.4,Tstd:274.5,Bpos:528.4,Bstd:310.0,StrandBias:0.5,Multiplicity:1.31
0.212	0.001	0.001	0.786
0.001	0.229	0.001	0.769
0.997	0.001	0.001	0.001
0.001	0.001	0.001	0.997
0.001	0.001	0.001	0.997
0.001	0.001	0.001	0.997
0.078	0.161	0.760	0.001
0.997	0.001	0.001	0.001
0.258	0.683	0.001	0.058
0.997	0.001	0.001	0.001
>TCTTAGATTT	6-TCTTAGATTT	11.662836	-10.649551	0	T:5.0(11.63%),B:324.8(0.79%),P:1e-4	Tpos:515.8,Tstd:243.6,Bpos:508.3,Bstd:305.7,StrandBias:-1.0,Multiplicity:1.20
0.141	0.001	0.001	0.857
0.001	0.997	0.001	0.001
0.083	0.001	0.001	0.915
0.121	0.001	0.001	0.877
0.997	0.001	0.001	0.001
0.001	0.001	0.997	0.001
0.997	0.001	0.001	0.001
0.001	0.001	0.001	0.997
0.001	0.001	0.001	0.997
0.001	0.001	0.001	0.997
>ATGTATGTTC	7-ATGTATGTTC	8.350283	-9.382084	0	T:13.0(30.23%),B:3768.5(9.16%),P:1e-4	Tpos:494.1,Tstd:192.8,Bpos:505.9,Bstd:320.7,StrandBias:-0.4,Multiplicity:1.08
0.700	0.100	0.100	0.100
0.100	0.100	0.100	0.700
0.100	0.100	0.700	0.100
0.100	0.100	0.100	0.700
0.700	0.100	0.100	0.100
0.100	0.100	0.100	0.700
0.100	0.100	0.700	0.100
0.100	0.100	0.100	0.700
0.100	0.100	0.100	0.700
0.100	0.700	0.100	0.100
>TCAGTTGTGG	8-TCAGTTGTGG	8.350283	-8.275647	0	T:9.0(20.93%),B:2077.5(5.05%),P:1e-3	Tpos:473.7,Tstd:255.3,Bpos:492.9,Bstd:322.0,StrandBias:0.6,Multiplicity:1.11
0.100	0.100	0.100	0.700
0.100	0.700	0.100	0.100
0.700	0.100	0.100	0.100
0.100	0.100	0.700	0.100
0.100	0.100	0.100	0.700
0.100	0.100	0.100	0.700
0.100	0.100	0.700	0.100
0.100	0.100	0.100	0.700
0.100	0.100	0.700	0.100
0.100	0.100	0.700	0.100
>TTTGTCGACT	9-TTTGTCGACT	8.350283	-7.613266	0	T:11.0(25.58%),B:3329.3(8.09%),P:1e-3	Tpos:424.6,Tstd:271.2,Bpos:503.4,Bstd:304.6,StrandBias:-1.3,Multiplicity:1.18
0.100	0.100	0.100	0.700
0.100	0.100	0.100	0.700
0.100	0.100	0.100	0.700
0.100	0.100	0.700	0.100
0.100	0.100	0.100	0.700
0.100	0.700	0.100	0.100
0.100	0.100	0.700	0.100
0.700	0.100	0.100	0.100
0.100	0.700	0.100	0.100
0.100	0.100	0.100	0.700
>AAATAGATTG	10-AAATAGATTG	11.220404	-5.351585	0	T:4.0(9.30%),B:649.3(1.58%),P:1e-2	Tpos:139.5,Tstd:174.7,Bpos:477.3,Bstd:292.8,StrandBias:-2.0,Multiplicity:2.50
0.997	0.001	0.001	0.001
0.997	0.001	0.001	0.001
0.744	0.146	0.001	0.109
0.001	0.098	0.001	0.900
0.997	0.001	0.001	0.001
0.001	0.001	0.997	0.001
0.997	0.001	0.001	0.001
0.001	0.001	0.001	0.997
0.001	0.001	0.001	0.997
0.001	0.001	0.997	0.001
