>GCTAAAAGTATA	1-GCTAAAAGTATA	11.231536	-22.084299	0	T:10.0(23.26%),B:550.0(1.34%),P:1e-9	Tpos:579.7,Tstd:283.3,Bpos:494.9,Bstd:309.5,StrandBias:0.0,Multiplicity:1.00
0.001	0.001	0.847	0.151
0.144	0.651	0.006	0.199
0.052	0.229	0.001	0.718
0.997	0.001	0.001	0.001
0.997	0.001	0.001	0.001
0.997	0.001	0.001	0.001
0.872	0.001	0.126	0.001
0.001	0.118	0.814	0.067
0.001	0.126	0.001	0.872
0.902	0.001	0.001	0.096
0.114	0.001	0.118	0.767
0.581	0.001	0.097	0.321
>CSTTTTCTGCCC	2-CSTTTTCTGCCC	12.448394	-21.100492	0	T:6.0(13.95%),B:88.4(0.21%),P:1e-9	Tpos:551.3,Tstd:276.1,Bpos:541.2,Bstd:313.6,StrandBias:10.0,Multiplicity:1.00
0.001	0.773	0.001	0.225
0.001	0.555	0.443	0.001
0.001	0.247	0.001	0.751
0.001	0.264	0.001	0.734
0.001	0.001	0.001	0.997
0.001	0.001	0.001	0.997
0.011	0.987	0.001	0.001
0.001	0.001	0.001	0.997
0.001	0.217	0.781	0.001
0.001	0.997	0.001	0.001
0.265	0.475	0.001	0.259
0.008	0.990	0.001	0.001
>GAAATCTCTCAT	3-GAAATCTCTCAT	14.169185	-20.242301	0	T:5.0(11.63%),B:43.4(0.11%),P:1e-8	Tpos:667.8,Tstd:212.2,Bpos:540.6,Bstd:287.3,StrandBias:0.6,Multiplicity:1.00
0.001	0.001	0.997	0.001
0.997	0.001	0.001	0.001
0.782	0.001	0.216	0.001
0.997	0.001	0.001	0.001
0.001	0.209	0.001	0.789
0.174	0.824	0.001	0.001
0.001	0.001	0.001	0.997
0.001	0.810	0.188	0.001
0.001	0.001	0.001	0.997
0.001	0.997	0.001	0.001
0.997	0.001	0.001	0.001
0.001	0.001	0.001	0.997
>CGAGGTACTGCC	4-CGAGGTACTGCC	14.903538	-17.111667	0	T:3.0(6.98%),B:4.2(0.01%),P:1e-7	Tpos:183.3,Tstd:129.1,Bpos:424.2,Bstd:441.9,StrandBias:1.0,Multiplicity:1.00
0.001	0.997	0.001	0.001
0.001	0.001	0.997	0.001
0.997	0.001	0.001	0.001
0.001	0.001	0.997	0.001
0.001	0.001	0.997	0.001
0.001	0.001	0.001	0.997
0.997	0.001	0.001	0.001
0.284	0.714	0.001	0.001
0.001	0.001	0.001	0.997
0.001	0.001	0.997	0.001
0.001	0.642	0.001	0.356
0.001	0.997	0.001	0.001
>TTTGATTCATTA	5-TTTGATTCATTA	14.451244	-12.939467	0	T:3.0(6.98%),B:22.0(0.05%),P:1e-5	Tpos:361.0,Tstd:123.9,Bpos:549.7,Bstd:322.6,StrandBias:-1.0,Multiplicity:1.00
0.074	0.085	0.001	0.840
0.064	0.078	0.074	0.784
0.071	0.001	0.001	0.927
0.050	0.001	0.872	0.077
0.814	0.001	0.001	0.184
0.061	0.199	0.001	0.739
0.001	0.107	0.068	0.824
0.001	0.827	0.122	0.050
0.883	0.001	0.001	0.115
0.127	0.001	0.059	0.813
0.060	0.001	0.001	0.938
0.766	0.092	0.085	0.057
>TCTATTTTTTGG	6-TCTATTTTTTGG	14.231362	-9.403742	0	T:3.0(6.98%),B:77.6(0.19%),P:1e-4	Tpos:197.2,Tstd:228.1,Bpos:472.0,Bstd:288.6,StrandBias:2.8,Multiplicity:2.67
0.001	0.108	0.001	0.890
0.001	0.997	0.001	0.001
0.001	0.001	0.001	0.997
0.997	0.001	0.001	0.001
0.001	0.001	0.001	0.997
0.001	0.001	0.001	0.997
0.001	0.001	0.001	0.997
0.001	0.001	0.001	0.997
0.001	0.001	0.001	0.997
0.001	0.136	0.001	0.862
0.001	0.001	0.997	0.001
0.001	0.001	0.997	0.001
