>TCATWGCATTCG	1-TCATWGCATTCG	12.638479	-21.131613	0	T:7.0(8.05%),B:69.6(0.19%),P:1e-9	Tpos:573.1,Tstd:323.7,Bpos:451.7,Bstd:310.3,StrandBias:1.3,Multiplicity:1.00
0.001	0.001	0.001	0.997
0.001	0.997	0.001	0.001
0.997	0.001	0.001	0.001
0.001	0.001	0.181	0.817
0.491	0.001	0.001	0.507
0.330	0.001	0.668	0.001
0.001	0.678	0.181	0.140
0.997	0.001	0.001	0.001
0.001	0.001	0.001	0.997
0.001	0.001	0.001	0.997
0.001	0.997	0.001	0.001
0.100	0.001	0.898	0.001
>TGGWGCCAGKCT	2-TGGWGCCAGKCT	10.172333	-20.153582	0	T:6.0(6.90%),B:42.4(0.12%),P:1e-8	Tpos:518.3,Tstd:279.0,Bpos:496.4,Bstd:328.9,StrandBias:0.0,Multiplicity:1.00
0.001	0.001	0.001	0.997
0.001	0.001	0.997	0.001
0.001	0.001	0.997	0.001
0.464	0.001	0.001	0.534
0.020	0.001	0.978	0.001
0.377	0.621	0.001	0.001
0.020	0.978	0.001	0.001
0.975	0.023	0.001	0.001
0.001	0.001	0.621	0.377
0.001	0.001	0.534	0.464
0.001	0.997	0.001	0.001
0.001	0.001	0.001	0.997
>AAGAAATGGGAA	3-AAGAAATGGGAA	12.198104	-20.050384	0	T:14.0(16.09%),B:712.3(1.96%),P:1e-8	Tpos:360.2,Tstd:210.3,Bpos:515.4,Bstd:363.8,StrandBias:-1.6,Multiplicity:1.14
0.882	0.001	0.116	0.001
0.875	0.001	0.001	0.123
0.144	0.001	0.725	0.130
0.997	0.001	0.001	0.001
0.997	0.001	0.001	0.001
0.844	0.154	0.001	0.001
0.001	0.001	0.001	0.997
0.001	0.140	0.858	0.001
0.081	0.001	0.917	0.001
0.001	0.001	0.997	0.001
0.997	0.001	0.001	0.001
0.997	0.001	0.001	0.001
>AAAACGGTTACA	4-AAAACGGTTACA	13.418895	-20.008671	0	T:7.0(8.05%),B:82.5(0.23%),P:1e-8	Tpos:433.9,Tstd:226.5,Bpos:533.1,Bstd:278.7,StrandBias:-0.4,Multiplicity:1.00
0.997	0.001	0.001	0.001
0.788	0.001	0.210	0.001
0.997	0.001	0.001	0.001
0.844	0.154	0.001	0.001
0.119	0.879	0.001	0.001
0.001	0.001	0.997	0.001
0.001	0.173	0.722	0.104
0.001	0.001	0.001	0.997
0.001	0.001	0.001	0.997
0.997	0.001	0.001	0.001
0.097	0.901	0.001	0.001
0.997	0.001	0.001	0.001
>AAACATGAACGA	5-AAACATGAACGA	13.420651	-19.116977	0	T:7.0(8.05%),B:94.5(0.26%),P:1e-8	Tpos:587.0,Tstd:199.0,Bpos:529.5,Bstd:331.7,StrandBias:0.4,Multiplicity:1.00
0.997	0.001	0.001	0.001
0.997	0.001	0.001	0.001
0.817	0.001	0.001	0.181
0.093	0.905	0.001	0.001
0.997	0.001	0.001	0.001
0.146	0.001	0.001	0.852
0.001	0.001	0.997	0.001
0.997	0.001	0.001	0.001
0.997	0.001	0.001	0.001
0.001	0.997	0.001	0.001
0.001	0.001	0.855	0.143
0.741	0.257	0.001	0.001
>AATTTAAGATTG	6-AATTTAAGATTG	10.062569	-18.828235	0	T:27.0(31.03%),B:3276.7(9.02%),P:1e-8	Tpos:453.4,Tstd:264.5,Bpos:501.0,Bstd:317.6,StrandBias:0.4,Multiplicity:1.08
0.829	0.027	0.098	0.046
0.785	0.127	0.045	0.043
0.001	0.001	0.068	0.930
0.059	0.001	0.001	0.939
0.023	0.127	0.001	0.849
0.855	0.069	0.001	0.075
0.911	0.031	0.057	0.001
0.027	0.087	0.762	0.124
0.649	0.152	0.044	0.155
0.130	0.001	0.001	0.868
0.043	0.001	0.044	0.912
0.072	0.065	0.731	0.132
>AATTGGWGTAAA	7-AATTGGWGTAAA	11.602979	-18.148204	0	T:11.0(12.64%),B:447.8(1.23%),P:1e-7	Tpos:540.6,Tstd:307.1,Bpos:501.1,Bstd:351.2,StrandBias:-1.4,Multiplicity:1.00
0.970	0.001	0.001	0.028
0.947	0.001	0.001	0.051
0.046	0.057	0.001	0.896
0.083	0.263	0.001	0.653
0.001	0.302	0.495	0.202
0.001	0.293	0.705	0.001
0.431	0.078	0.097	0.394
0.066	0.033	0.748	0.153
0.228	0.105	0.069	0.598
0.880	0.033	0.001	0.086
0.995	0.001	0.001	0.003
0.685	0.206	0.002	0.107
>CAGGTTTTAGCA	8-CAGGTTTTAGCA	11.138291	-17.951329	0	T:12.0(13.79%),B:574.3(1.58%),P:1e-7	Tpos:286.3,Tstd:230.1,Bpos:541.4,Bstd:319.8,StrandBias:-0.2,Multiplicity:1.08
0.001	0.739	0.109	0.151
0.997	0.001	0.001	0.001
0.144	0.140	0.715	0.001
0.212	0.001	0.786	0.001
0.001	0.001	0.001	0.997
0.001	0.001	0.001	0.997
0.001	0.001	0.001	0.997
0.001	0.001	0.001	0.997
0.529	0.001	0.151	0.319
0.114	0.139	0.595	0.152
0.173	0.825	0.001	0.001
0.847	0.001	0.151	0.001
>GTCTGCGTCTCT	9-GTCTGCGTCTCT	8.760948	-17.892572	0	T:23.0(26.44%),B:2504.3(6.89%),P:1e-7	Tpos:469.0,Tstd:278.4,Bpos:552.4,Bstd:346.4,StrandBias:1.4,Multiplicity:1.26
0.004	0.263	0.731	0.002
0.001	0.130	0.162	0.707
0.001	0.997	0.001	0.001
0.162	0.001	0.120	0.717
0.001	0.001	0.876	0.122
0.005	0.687	0.175	0.133
0.003	0.001	0.995	0.001
0.001	0.001	0.174	0.824
0.001	0.904	0.001	0.094
0.001	0.001	0.001	0.997
0.001	0.748	0.001	0.250
0.001	0.162	0.001	0.836
>TTTTCCCCGATT	10-TTTTCCCCGATT	9.801640	-17.841127	0	T:27.0(31.03%),B:3433.6(9.45%),P:1e-7	Tpos:470.9,Tstd:310.9,Bpos:544.4,Bstd:365.1,StrandBias:0.7,Multiplicity:1.31
0.038	0.001	0.045	0.916
0.111	0.053	0.044	0.792
0.001	0.001	0.001	0.997
0.057	0.141	0.001	0.801
0.129	0.655	0.106	0.110
0.087	0.811	0.073	0.029
0.063	0.656	0.096	0.185
0.018	0.855	0.102	0.025
0.040	0.117	0.798	0.045
0.867	0.001	0.033	0.099
0.001	0.056	0.001	0.942
0.079	0.001	0.001	0.919
>TGATTTTTCGCA	11-TGATTTTTCGCA	13.291198	-17.376308	0	T:11.0(12.64%),B:483.5(1.33%),P:1e-7	Tpos:649.7,Tstd:275.5,Bpos:515.4,Bstd:356.1,StrandBias:0.8,Multiplicity:1.00
0.001	0.001	0.186	0.812
0.130	0.122	0.604	0.144
0.997	0.001	0.001	0.001
0.001	0.001	0.001	0.997
0.001	0.001	0.001	0.997
0.001	0.001	0.001	0.997
0.001	0.001	0.001	0.997
0.001	0.001	0.001	0.997
0.001	0.997	0.001	0.001
0.113	0.001	0.801	0.085
0.092	0.906	0.001	0.001
0.997	0.001	0.001	0.001
>TTTTTTTTCCCC	12-TTTTTTTTCCCC	12.783852	-16.401697	0	T:11.0(12.64%),B:533.5(1.47%),P:1e-7	Tpos:476.2,Tstd:301.5,Bpos:509.4,Bstd:387.3,StrandBias:2.1,Multiplicity:1.18
0.001	0.001	0.001	0.997
0.068	0.001	0.001	0.930
0.001	0.001	0.083	0.915
0.001	0.001	0.001	0.997
0.001	0.001	0.001	0.997
0.001	0.001	0.001	0.997
0.001	0.063	0.001	0.935
0.001	0.069	0.089	0.841
0.001	0.785	0.213	0.001
0.001	0.841	0.001	0.157
0.043	0.867	0.052	0.038
0.001	0.936	0.001	0.062
>TAATGGAGAAAA	13-TAATGGAGAAAA	13.571459	-15.457176	0	T:8.0(9.20%),B:248.3(0.68%),P:1e-6	Tpos:543.0,Tstd:310.8,Bpos:505.4,Bstd:326.7,StrandBias:-1.0,Multiplicity:1.12
0.001	0.203	0.001	0.795
0.997	0.001	0.001	0.001
0.850	0.001	0.001	0.148
0.001	0.001	0.001	0.997
0.001	0.001	0.889	0.109
0.119	0.001	0.721	0.159
0.997	0.001	0.001	0.001
0.100	0.001	0.898	0.001
0.997	0.001	0.001	0.001
0.997	0.001	0.001	0.001
0.997	0.001	0.001	0.001
0.997	0.001	0.001	0.001
>TTCGGGGGAGCG	14-TTCGGGGGAGCG	7.072838	-15.347484	0	T:10.0(11.49%),B:466.4(1.28%),P:1e-6	Tpos:542.2,Tstd:222.1,Bpos:566.6,Bstd:356.7,StrandBias:-1.2,Multiplicity:1.30
0.001	0.001	0.001	0.997
0.001	0.001	0.130	0.868
0.001	0.997	0.001	0.001
0.101	0.001	0.897	0.001
0.001	0.001	0.997	0.001
0.001	0.062	0.843	0.094
0.001	0.001	0.997	0.001
0.001	0.001	0.997	0.001
0.981	0.001	0.017	0.001
0.001	0.001	0.997	0.001
0.001	0.997	0.001	0.001
0.001	0.001	0.997	0.001
>CCTKTAAATCTA	15-CCTKTAAATCTA	12.082203	-15.270614	0	T:9.0(10.34%),B:355.7(0.98%),P:1e-6	Tpos:265.1,Tstd:176.1,Bpos:475.8,Bstd:327.5,StrandBias:-0.8,Multiplicity:1.22
0.001	0.865	0.001	0.133
0.001	0.600	0.001	0.398
0.136	0.001	0.001	0.862
0.001	0.001	0.465	0.533
0.001	0.001	0.127	0.871
0.997	0.001	0.001	0.001
0.997	0.001	0.001	0.001
0.865	0.001	0.001	0.133
0.235	0.001	0.001	0.763
0.001	0.997	0.001	0.001
0.001	0.194	0.001	0.804
0.997	0.001	0.001	0.001
>TCTCTATTTTCG	16-TCTCTATTTTCG	13.581462	-14.554494	0	T:7.0(8.05%),B:189.6(0.52%),P:1e-6	Tpos:557.1,Tstd:255.8,Bpos:535.7,Bstd:326.8,StrandBias:0.7,Multiplicity:1.14
0.001	0.001	0.001	0.997
0.001	0.888	0.001	0.110
0.001	0.001	0.001	0.997
0.001	0.865	0.001	0.133
0.001	0.001	0.001	0.997
0.845	0.153	0.001	0.001
0.001	0.001	0.001	0.997
0.001	0.001	0.001	0.997
0.001	0.001	0.001	0.997
0.001	0.001	0.001	0.997
0.001	0.845	0.153	0.001
0.001	0.213	0.709	0.077
>AAATCCCCATTT	17-AAATCCCCATTT	13.695514	-14.318532	0	T:7.0(8.05%),B:196.2(0.54%),P:1e-6	Tpos:524.9,Tstd:365.5,Bpos:505.6,Bstd:398.6,StrandBias:2.6,Multiplicity:1.00
0.997	0.001	0.001	0.001
0.997	0.001	0.001	0.001
0.863	0.001	0.001	0.135
0.125	0.001	0.001	0.873
0.001	0.919	0.001	0.079
0.001	0.997	0.001	0.001
0.001	0.726	0.151	0.122
0.001	0.884	0.114	0.001
0.846	0.001	0.001	0.152
0.001	0.001	0.001	0.997
0.001	0.001	0.001	0.997
0.001	0.001	0.001	0.997
>AATGAAAATGTC	18-AATGAAAATGTC	14.687973	-13.972210	0	T:5.0(5.75%),B:67.7(0.19%),P:1e-6	Tpos:455.2,Tstd:343.1,Bpos:484.5,Bstd:334.3,StrandBias:0.0,Multiplicity:1.20
0.997	0.001	0.001	0.001
0.997	0.001	0.001	0.001
0.001	0.001	0.186	0.812
0.001	0.001	0.997	0.001
0.997	0.001	0.001	0.001
0.997	0.001	0.001	0.001
0.997	0.001	0.001	0.001
0.817	0.181	0.001	0.001
0.001	0.001	0.001	0.997
0.001	0.001	0.997	0.001
0.001	0.001	0.001	0.997
0.001	0.997	0.001	0.001
>TTCGTCGGTTTT	19-TTCGTCGGTTTT	12.333321	-12.539041	0	T:8.0(9.20%),B:370.0(1.02%),P:1e-5	Tpos:493.6,Tstd:285.4,Bpos:554.6,Bstd:397.5,StrandBias:0.3,Multiplicity:1.38
0.001	0.001	0.001	0.997
0.001	0.001	0.001	0.997
0.001	0.910	0.001	0.088
0.001	0.001	0.997	0.001
0.110	0.125	0.001	0.764
0.001	0.997	0.001	0.001
0.112	0.001	0.886	0.001
0.170	0.001	0.741	0.088
0.001	0.001	0.001	0.997
0.001	0.001	0.191	0.807
0.001	0.001	0.001	0.997
0.001	0.001	0.001	0.997
>AAGCTGAAAAAC	20-AAGCTGAAAAAC	12.748109	-11.823521	0	T:9.0(10.34%),B:545.9(1.50%),P:1e-5	Tpos:648.5,Tstd:207.5,Bpos:531.3,Bstd:340.4,StrandBias:-2.2,Multiplicity:1.22
0.899	0.099	0.001	0.001
0.997	0.001	0.001	0.001
0.052	0.001	0.878	0.069
0.001	0.997	0.001	0.001
0.001	0.001	0.001	0.997
0.094	0.001	0.904	0.001
0.997	0.001	0.001	0.001
0.997	0.001	0.001	0.001
0.754	0.080	0.165	0.001
0.851	0.001	0.001	0.147
0.874	0.124	0.001	0.001
0.044	0.903	0.001	0.052
>ATTTTGTAGTTT	21-ATTTTGTAGTTT	13.648809	-11.821750	0	T:8.0(9.20%),B:409.5(1.13%),P:1e-5	Tpos:281.2,Tstd:262.3,Bpos:510.6,Bstd:331.8,StrandBias:1.0,Multiplicity:1.50
0.997	0.001	0.001	0.001
0.001	0.001	0.196	0.802
0.001	0.001	0.001	0.997
0.001	0.001	0.207	0.791
0.001	0.001	0.001	0.997
0.001	0.001	0.997	0.001
0.001	0.001	0.001	0.997
0.861	0.001	0.137	0.001
0.001	0.001	0.997	0.001
0.001	0.001	0.235	0.763
0.001	0.001	0.221	0.777
0.001	0.001	0.001	0.997
>AAAATGGCAAAA	22-AAAATGGCAAAA	12.225007	-10.731740	0	T:13.0(14.94%),B:1356.9(3.74%),P:1e-4	Tpos:447.9,Tstd:290.3,Bpos:488.4,Bstd:377.9,StrandBias:-2.1,Multiplicity:1.62
0.997	0.001	0.001	0.001
0.997	0.001	0.001	0.001
0.997	0.001	0.001	0.001
0.788	0.001	0.179	0.032
0.001	0.046	0.001	0.952
0.037	0.030	0.932	0.001
0.001	0.027	0.944	0.028
0.001	0.977	0.021	0.001
0.831	0.060	0.039	0.070
0.715	0.001	0.283	0.001
0.997	0.001	0.001	0.001
0.997	0.001	0.001	0.001
>GCTAAAAATCTT	23-GCTAAAAATCTT	14.059014	-7.350292	0	T:3.0(3.45%),B:67.6(0.19%),P:1e-3	Tpos:289.9,Tstd:309.8,Bpos:526.4,Bstd:352.2,StrandBias:1.3,Multiplicity:2.33
0.001	0.001	0.997	0.001
0.001	0.997	0.001	0.001
0.001	0.001	0.128	0.870
0.997	0.001	0.001	0.001
0.997	0.001	0.001	0.001
0.724	0.001	0.001	0.274
0.997	0.001	0.001	0.001
0.997	0.001	0.001	0.001
0.001	0.001	0.001	0.997
0.001	0.997	0.001	0.001
0.001	0.001	0.155	0.843
0.001	0.001	0.001	0.997
>TAAAATGGTTAT	24-TAAAATGGTTAT	12.355432	-6.865995	0	T:2.0(2.30%),B:18.9(0.05%),P:1e-2	Tpos:320.0,Tstd:214.2,Bpos:572.7,Bstd:327.2,StrandBias:-10.0,Multiplicity:2.00
0.100	0.100	0.100	0.700
0.700	0.100	0.100	0.100
0.700	0.100	0.100	0.100
0.700	0.100	0.100	0.100
0.700	0.100	0.100	0.100
0.100	0.100	0.100	0.700
0.100	0.100	0.700	0.100
0.100	0.100	0.700	0.100
0.100	0.100	0.100	0.700
0.100	0.100	0.100	0.700
0.700	0.100	0.100	0.100
0.100	0.100	0.100	0.700
>AATTTAGCTCCC	25-AATTTAGCTCCC	14.594101	-6.865995	0	T:2.0(2.30%),B:18.5(0.05%),P:1e-2	Tpos:576.0,Tstd:59.8,Bpos:393.6,Bstd:405.3,StrandBias:10.0,Multiplicity:2.50
0.997	0.001	0.001	0.001
0.997	0.001	0.001	0.001
0.001	0.001	0.001	0.997
0.001	0.001	0.001	0.997
0.001	0.001	0.001	0.997
0.799	0.001	0.001	0.199
0.001	0.001	0.997	0.001
0.001	0.997	0.001	0.001
0.199	0.001	0.001	0.799
0.001	0.997	0.001	0.001
0.001	0.997	0.001	0.001
0.159	0.839	0.001	0.001
