>GAACACAGAAAA	1-GAACACAGAAAA	12.352805	-29.422124	0	T:19.0(12.18%),B:488.1(1.23%),P:1e-12	Tpos:510.1,Tstd:328.2,Bpos:525.1,Bstd:292.2,StrandBias:-0.3,Multiplicity:1.05
0.112	0.001	0.645	0.242
0.997	0.001	0.001	0.001
0.997	0.001	0.001	0.001
0.001	0.954	0.044	0.001
0.997	0.001	0.001	0.001
0.001	0.997	0.001	0.001
0.719	0.001	0.279	0.001
0.042	0.264	0.693	0.001
0.997	0.001	0.001	0.001
0.997	0.001	0.001	0.001
0.997	0.001	0.001	0.001
0.997	0.001	0.001	0.001
>GAGACCGAAAAA	2-GAGACCGAAAAA	12.451081	-29.183166	0	T:12.0(7.69%),B:121.6(0.31%),P:1e-12	Tpos:668.8,Tstd:258.1,Bpos:489.5,Bstd:279.2,StrandBias:-1.6,Multiplicity:1.00
0.085	0.001	0.913	0.001
0.997	0.001	0.001	0.001
0.029	0.001	0.969	0.001
0.886	0.001	0.112	0.001
0.001	0.917	0.001	0.081
0.001	0.915	0.001	0.083
0.180	0.072	0.747	0.001
0.898	0.001	0.100	0.001
0.853	0.145	0.001	0.001
0.997	0.001	0.001	0.001
0.997	0.001	0.001	0.001
0.997	0.001	0.001	0.001
>TTTGATTGTCTT	3-TTTGATTGTCTT	11.040594	-24.921998	0	T:22.0(14.10%),B:903.7(2.27%),P:1e-10	Tpos:547.9,Tstd:296.5,Bpos:509.0,Bstd:305.4,StrandBias:0.3,Multiplicity:1.14
0.001	0.132	0.001	0.866
0.080	0.001	0.001	0.918
0.001	0.001	0.001	0.997
0.045	0.204	0.748	0.003
0.941	0.001	0.001	0.057
0.063	0.001	0.001	0.935
0.288	0.001	0.001	0.710
0.001	0.055	0.943	0.001
0.173	0.066	0.118	0.643
0.001	0.783	0.170	0.046
0.350	0.001	0.075	0.574
0.001	0.001	0.001	0.997
>ACAGTTTATCAA	4-ACAGTTTATCAA	12.896530	-23.718646	0	T:10.0(6.41%),B:110.9(0.28%),P:1e-10	Tpos:525.7,Tstd:318.0,Bpos:477.1,Bstd:293.0,StrandBias:0.6,Multiplicity:1.00
0.934	0.001	0.001	0.064
0.048	0.950	0.001	0.001
0.649	0.113	0.119	0.119
0.001	0.001	0.956	0.042
0.001	0.001	0.107	0.891
0.001	0.001	0.001	0.997
0.001	0.001	0.001	0.997
0.806	0.064	0.093	0.037
0.001	0.001	0.001	0.997
0.001	0.997	0.001	0.001
0.997	0.001	0.001	0.001
0.891	0.001	0.107	0.001
>CACTACTGATCA	5-CACTACTGATCA	10.998159	-23.494898	0	T:12.0(7.69%),B:203.2(0.51%),P:1e-10	Tpos:422.7,Tstd:275.9,Bpos:491.8,Bstd:321.0,StrandBias:1.0,Multiplicity:1.00
0.113	0.728	0.158	0.001
0.997	0.001	0.001	0.001
0.001	0.997	0.001	0.001
0.192	0.001	0.001	0.806
0.762	0.001	0.236	0.001
0.196	0.802	0.001	0.001
0.163	0.158	0.001	0.678
0.001	0.118	0.880	0.001
0.861	0.001	0.001	0.137
0.260	0.001	0.158	0.581
0.001	0.900	0.098	0.001
0.997	0.001	0.001	0.001
>AGAACAGTTCCC	6-AGAACAGTTCCC	13.831895	-23.196812	0	T:6.0(3.85%),B:13.6(0.03%),P:1e-10	Tpos:413.3,Tstd:233.7,Bpos:522.8,Bstd:266.8,StrandBias:-1.0,Multiplicity:1.00
0.809	0.001	0.189	0.001
0.001	0.001	0.997	0.001
0.847	0.001	0.001	0.151
0.809	0.189	0.001	0.001
0.001	0.997	0.001	0.001
0.997	0.001	0.001	0.001
0.001	0.001	0.997	0.001
0.001	0.001	0.001	0.997
0.001	0.001	0.001	0.997
0.001	0.833	0.001	0.165
0.134	0.864	0.001	0.001
0.001	0.997	0.001	0.001
>GGAAAGTATCAA	7-GGAAAGTATCAA	13.262675	-22.117160	0	T:10.0(6.41%),B:131.7(0.33%),P:1e-9	Tpos:550.8,Tstd:294.1,Bpos:525.3,Bstd:304.2,StrandBias:0.3,Multiplicity:1.10
0.001	0.001	0.997	0.001
0.001	0.001	0.842	0.156
0.997	0.001	0.001	0.001
0.997	0.001	0.001	0.001
0.997	0.001	0.001	0.001
0.269	0.001	0.729	0.001
0.001	0.001	0.001	0.997
0.912	0.001	0.001	0.086
0.115	0.001	0.001	0.883
0.001	0.997	0.001	0.001
0.997	0.001	0.001	0.001
0.806	0.001	0.001	0.192
>TGAAACTATCST	8-TGAAACTATCST	10.791275	-21.374625	0	T:14.0(8.97%),B:376.8(0.95%),P:1e-9	Tpos:422.9,Tstd:316.2,Bpos:516.2,Bstd:320.1,StrandBias:-1.0,Multiplicity:1.07
0.087	0.001	0.297	0.615
0.106	0.153	0.740	0.001
0.997	0.001	0.001	0.001
0.820	0.178	0.001	0.001
0.835	0.163	0.001	0.001
0.001	0.760	0.229	0.010
0.251	0.001	0.001	0.747
0.986	0.001	0.012	0.001
0.359	0.001	0.001	0.639
0.001	0.866	0.132	0.001
0.001	0.440	0.424	0.135
0.010	0.001	0.139	0.850
>CAATACTTCAAA	9-CAATACTTCAAA	12.885185	-20.509002	0	T:12.0(7.69%),B:268.0(0.67%),P:1e-8	Tpos:372.2,Tstd:254.5,Bpos:511.9,Bstd:304.4,StrandBias:0.0,Multiplicity:1.00
0.042	0.896	0.001	0.061
0.997	0.001	0.001	0.001
0.997	0.001	0.001	0.001
0.031	0.001	0.001	0.967
0.861	0.001	0.082	0.056
0.001	0.966	0.001	0.032
0.001	0.001	0.001	0.997
0.087	0.001	0.111	0.801
0.001	0.848	0.081	0.070
0.907	0.091	0.001	0.001
0.892	0.001	0.106	0.001
0.921	0.001	0.001	0.077
>CAAGATTAGACT	10-CAAGATTAGACT	11.248007	-20.096413	0	T:11.0(7.05%),B:217.7(0.55%),P:1e-8	Tpos:438.2,Tstd:359.1,Bpos:491.2,Bstd:311.1,StrandBias:0.5,Multiplicity:1.09
0.001	0.821	0.087	0.091
0.721	0.121	0.157	0.001
0.997	0.001	0.001	0.001
0.170	0.001	0.828	0.001
0.820	0.001	0.178	0.001
0.001	0.001	0.001	0.997
0.001	0.121	0.001	0.877
0.615	0.157	0.001	0.227
0.112	0.113	0.774	0.001
0.997	0.001	0.001	0.001
0.001	0.871	0.127	0.001
0.234	0.179	0.001	0.586
>CTGATCAGAACC	11-CTGATCAGAACC	12.622578	-19.717416	0	T:7.0(4.49%),B:50.1(0.13%),P:1e-8	Tpos:577.1,Tstd:280.6,Bpos:445.8,Bstd:320.8,StrandBias:0.0,Multiplicity:1.00
0.001	0.997	0.001	0.001
0.001	0.001	0.001	0.997
0.001	0.001	0.997	0.001
0.997	0.001	0.001	0.001
0.001	0.001	0.001	0.997
0.148	0.850	0.001	0.001
0.997	0.001	0.001	0.001
0.001	0.001	0.997	0.001
0.770	0.228	0.001	0.001
0.997	0.001	0.001	0.001
0.001	0.997	0.001	0.001
0.163	0.607	0.229	0.001
>ATTTCCATTAAG	12-ATTTCCATTAAG	13.197428	-19.677441	0	T:9.0(5.77%),B:123.3(0.31%),P:1e-8	Tpos:475.3,Tstd:299.1,Bpos:544.6,Bstd:336.9,StrandBias:0.3,Multiplicity:1.00
0.997	0.001	0.001	0.001
0.114	0.001	0.001	0.884
0.001	0.001	0.001	0.997
0.001	0.001	0.001	0.997
0.001	0.919	0.001	0.079
0.001	0.866	0.001	0.132
0.997	0.001	0.001	0.001
0.091	0.001	0.091	0.817
0.001	0.001	0.001	0.997
0.777	0.099	0.001	0.123
0.852	0.001	0.146	0.001
0.001	0.001	0.997	0.001
>AATTGTTGTTGA	13-AATTGTTGTTGA	11.146075	-19.009167	0	T:15.0(9.62%),B:539.0(1.36%),P:1e-8	Tpos:518.7,Tstd:293.6,Bpos:489.8,Bstd:295.4,StrandBias:0.6,Multiplicity:1.00
0.812	0.069	0.061	0.058
0.523	0.190	0.067	0.220
0.101	0.074	0.053	0.772
0.033	0.047	0.059	0.861
0.048	0.011	0.586	0.355
0.122	0.043	0.077	0.758
0.111	0.055	0.035	0.799
0.061	0.067	0.646	0.226
0.057	0.278	0.017	0.648
0.096	0.050	0.041	0.813
0.068	0.074	0.663	0.195
0.703	0.252	0.026	0.019
>AAATTTATGGTA	14-AAATTTATGGTA	12.018373	-18.936976	0	T:15.0(9.62%),B:541.3(1.36%),P:1e-8	Tpos:413.7,Tstd:232.9,Bpos:525.1,Bstd:297.5,StrandBias:-0.9,Multiplicity:1.13
0.997	0.001	0.001	0.001
0.900	0.001	0.001	0.098
0.923	0.001	0.001	0.075
0.001	0.001	0.001	0.997
0.106	0.001	0.001	0.892
0.001	0.001	0.121	0.877
0.772	0.184	0.001	0.043
0.001	0.001	0.001	0.997
0.001	0.001	0.943	0.055
0.001	0.093	0.905	0.001
0.194	0.098	0.001	0.707
0.997	0.001	0.001	0.001
>CCWCCCCWKGGS	15-CCWCCCCWKGGS	10.286083	-18.469512	0	T:5.0(3.21%),B:15.0(0.04%),P:1e-8	Tpos:380.2,Tstd:359.2,Bpos:336.0,Bstd:271.6,StrandBias:1.0,Multiplicity:1.00
0.001	0.997	0.001	0.001
0.001	0.976	0.001	0.022
0.505	0.001	0.001	0.493
0.001	0.997	0.001	0.001
0.001	0.997	0.001	0.001
0.001	0.976	0.022	0.001
0.001	0.997	0.001	0.001
0.486	0.001	0.001	0.512
0.001	0.001	0.573	0.425
0.001	0.001	0.997	0.001
0.001	0.001	0.997	0.001
0.001	0.425	0.573	0.001
>GACCTATTGCAC	16-GACCTATTGCAC	10.521898	-18.391519	0	T:10.0(6.41%),B:197.9(0.50%),P:1e-7	Tpos:572.8,Tstd:233.6,Bpos:515.6,Bstd:317.3,StrandBias:0.3,Multiplicity:1.10
0.001	0.141	0.791	0.067
0.648	0.001	0.141	0.210
0.001	0.794	0.001	0.204
0.068	0.930	0.001	0.001
0.129	0.001	0.129	0.741
0.711	0.001	0.001	0.287
0.001	0.113	0.258	0.628
0.001	0.001	0.001	0.997
0.001	0.113	0.688	0.198
0.001	0.997	0.001	0.001
0.771	0.001	0.001	0.227
0.001	0.870	0.001	0.128
>GTTATCAATTTA	17-GTTATCAATTTA	12.962973	-18.224221	0	T:11.0(7.05%),B:262.6(0.66%),P:1e-7	Tpos:586.5,Tstd:214.3,Bpos:503.8,Bstd:320.8,StrandBias:-0.3,Multiplicity:1.00
0.072	0.001	0.868	0.059
0.001	0.001	0.001	0.997
0.001	0.001	0.001	0.997
0.867	0.084	0.001	0.048
0.001	0.001	0.001	0.997
0.001	0.997	0.001	0.001
0.807	0.001	0.001	0.191
0.906	0.001	0.001	0.092
0.076	0.001	0.001	0.922
0.001	0.001	0.121	0.877
0.001	0.001	0.001	0.997
0.853	0.092	0.001	0.054
>TCATATTMAAAT	18-TCATATTMAAAT	12.474492	-17.548256	0	T:16.0(10.26%),B:697.6(1.75%),P:1e-7	Tpos:501.6,Tstd:265.4,Bpos:491.3,Bstd:300.1,StrandBias:0.9,Multiplicity:1.06
0.120	0.234	0.001	0.645
0.119	0.879	0.001	0.001
0.818	0.001	0.001	0.180
0.001	0.108	0.001	0.890
0.824	0.001	0.001	0.174
0.001	0.001	0.001	0.997
0.189	0.001	0.001	0.809
0.374	0.487	0.001	0.138
0.861	0.137	0.001	0.001
0.997	0.001	0.001	0.001
0.997	0.001	0.001	0.001
0.141	0.001	0.001	0.857
>ACATTGTTTTCA	19-ACATTGTTTTCA	12.702232	-17.414938	0	T:20.0(12.82%),B:1130.7(2.84%),P:1e-7	Tpos:435.0,Tstd:294.0,Bpos:519.3,Bstd:302.5,StrandBias:0.5,Multiplicity:1.26
0.997	0.001	0.001	0.001
0.218	0.658	0.089	0.035
0.997	0.001	0.001	0.001
0.001	0.001	0.001	0.997
0.323	0.055	0.001	0.621
0.095	0.001	0.588	0.316
0.001	0.001	0.001	0.997
0.001	0.001	0.114	0.884
0.001	0.001	0.001	0.997
0.119	0.001	0.001	0.879
0.066	0.828	0.066	0.040
0.997	0.001	0.001	0.001
>GTTAGCAGCGCA	20-GTTAGCAGCGCA	14.240216	-17.395181	0	T:4.0(2.56%),B:5.5(0.01%),P:1e-7	Tpos:158.0,Tstd:102.2,Bpos:397.2,Bstd:207.2,StrandBias:-2.0,Multiplicity:1.25
0.001	0.001	0.783	0.215
0.001	0.001	0.001	0.997
0.215	0.001	0.001	0.783
0.997	0.001	0.001	0.001
0.001	0.001	0.997	0.001
0.001	0.997	0.001	0.001
0.997	0.001	0.001	0.001
0.001	0.001	0.997	0.001
0.001	0.997	0.001	0.001
0.188	0.001	0.810	0.001
0.001	0.810	0.188	0.001
0.997	0.001	0.001	0.001
>CGTGTCTCCGTC	21-CGTGTCTCCGTC	10.693521	-16.859650	0	T:11.0(7.05%),B:301.5(0.76%),P:1e-7	Tpos:692.6,Tstd:209.8,Bpos:552.3,Bstd:312.2,StrandBias:2.3,Multiplicity:1.09
0.283	0.572	0.001	0.144
0.001	0.216	0.617	0.166
0.001	0.001	0.081	0.917
0.091	0.001	0.907	0.001
0.001	0.001	0.001	0.997
0.001	0.527	0.312	0.160
0.001	0.001	0.001	0.997
0.001	0.997	0.001	0.001
0.001	0.738	0.001	0.260
0.268	0.001	0.730	0.001
0.216	0.173	0.001	0.610
0.001	0.997	0.001	0.001
>STKAGCCCCAAM	22-STKAGCCCCAAM	11.657091	-15.823747	0	T:7.0(4.49%),B:92.6(0.23%),P:1e-6	Tpos:456.0,Tstd:280.0,Bpos:487.8,Bstd:281.7,StrandBias:0.3,Multiplicity:1.57
0.020	0.541	0.438	0.001
0.274	0.001	0.001	0.724
0.001	0.001	0.539	0.459
0.975	0.001	0.001	0.023
0.239	0.001	0.759	0.001
0.001	0.997	0.001	0.001
0.001	0.757	0.241	0.001
0.020	0.783	0.001	0.196
0.001	0.997	0.001	0.001
0.997	0.001	0.001	0.001
0.997	0.001	0.001	0.001
0.436	0.562	0.001	0.001
>TTGATTTACGGA	23-TTGATTTACGGA	12.452918	-15.162468	0	T:7.0(4.49%),B:103.0(0.26%),P:1e-6	Tpos:292.8,Tstd:221.2,Bpos:464.3,Bstd:309.3,StrandBias:2.5,Multiplicity:1.86
0.138	0.001	0.291	0.570
0.312	0.001	0.153	0.534
0.290	0.001	0.708	0.001
0.618	0.178	0.203	0.001
0.001	0.001	0.001	0.997
0.001	0.001	0.001	0.997
0.001	0.001	0.001	0.997
0.997	0.001	0.001	0.001
0.001	0.997	0.001	0.001
0.001	0.001	0.997	0.001
0.001	0.001	0.997	0.001
0.997	0.001	0.001	0.001
>CTACAAACTTCA	24-CTACAAACTTCA	11.003994	-13.010487	0	T:18.0(11.54%),B:1236.3(3.11%),P:1e-5	Tpos:565.5,Tstd:268.6,Bpos:528.2,Bstd:291.6,StrandBias:1.2,Multiplicity:1.61
0.001	0.744	0.001	0.254
0.001	0.001	0.121	0.877
0.902	0.096	0.001	0.001
0.032	0.847	0.001	0.120
0.843	0.001	0.155	0.001
0.824	0.001	0.001	0.174
0.997	0.001	0.001	0.001
0.320	0.678	0.001	0.001
0.081	0.001	0.001	0.917
0.267	0.026	0.001	0.706
0.266	0.732	0.001	0.001
0.889	0.001	0.109	0.001
>TTTAGCAACTTT	25-TTTAGCAACTTT	11.346149	-12.464421	0	T:14.0(8.97%),B:793.4(2.00%),P:1e-5	Tpos:569.8,Tstd:203.0,Bpos:481.8,Bstd:292.2,StrandBias:0.7,Multiplicity:1.29
0.001	0.001	0.001	0.997
0.001	0.001	0.001	0.997
0.001	0.001	0.103	0.895
0.882	0.001	0.073	0.044
0.001	0.096	0.849	0.054
0.052	0.820	0.127	0.001
0.997	0.001	0.001	0.001
0.997	0.001	0.001	0.001
0.071	0.927	0.001	0.001
0.001	0.001	0.001	0.997
0.001	0.001	0.001	0.997
0.159	0.001	0.124	0.716
