>TTDTYACTCCGT	9-TTDTYACTCCGT,BestGuess:PQM-1(?)/cElegans-L3-ChIP-Seq(modEncode)/Homer(0.586)	10.576628	-21.028827	0	T:12.0(4.32%),B:134.7(0.35%),P:1e-9
0.117	0.027	0.097	0.759
0.016	0.001	0.073	0.910
0.298	0.001	0.322	0.379
0.087	0.041	0.014	0.858
0.035	0.524	0.021	0.420
0.555	0.372	0.016	0.057
0.033	0.594	0.059	0.314
0.025	0.090	0.170	0.715
0.270	0.436	0.204	0.089
0.043	0.591	0.053	0.313
0.071	0.059	0.823	0.047
0.038	0.053	0.060	0.849
