>CCCCCCCCCCCC	19-CCCCCCCCCCCC,BestGuess:POL003.1_GC-box/Jaspar(0.674)	7.854102	-16.889504	0	T:43.0(15.47%),B:2404.5(6.23%),P:1e-7
0.139	0.615	0.129	0.117
0.059	0.508	0.109	0.324
0.037	0.673	0.065	0.225
0.173	0.590	0.044	0.193
0.203	0.605	0.001	0.191
0.198	0.674	0.034	0.094
0.127	0.699	0.086	0.088
0.161	0.632	0.035	0.172
0.083	0.751	0.001	0.165
0.120	0.582	0.120	0.178
0.122	0.712	0.047	0.119
0.105	0.579	0.111	0.205
