>MTNTKTATGTGT	5-MTNTKTATGTGT,BestGuess:MF0005.1_Forkhead_class/Jaspar(0.678)	8.841216	-23.012138	0	T:51.0(18.35%),B:2609.5(6.76%),P:1e-9
0.325	0.368	0.205	0.102
0.283	0.001	0.172	0.544
0.241	0.228	0.335	0.196
0.035	0.087	0.113	0.765
0.218	0.030	0.438	0.314
0.001	0.029	0.115	0.855
0.515	0.117	0.090	0.278
0.047	0.077	0.022	0.854
0.242	0.080	0.585	0.093
0.075	0.001	0.001	0.923
0.079	0.057	0.579	0.285
0.040	0.160	0.015	0.785
