>YCTTATCAKT	1-YCTTATCAKT	7.297222	-33.168293	0	T:51.0(38.64%),B:4695.2(11.86%),P:1e-14	Tpos:629.0,Tstd:275.7,Bpos:553.2,Bstd:320.8,StrandBias:0.5,Multiplicity:1.18
0.001	0.454	0.001	0.544
0.001	0.978	0.020	0.001
0.001	0.001	0.001	0.997
0.175	0.001	0.001	0.823
0.987	0.001	0.011	0.001
0.001	0.001	0.001	0.997
0.001	0.997	0.001	0.001
0.997	0.001	0.001	0.001
0.001	0.034	0.493	0.472
0.135	0.001	0.145	0.719
>GGTGGCARAA	2-GGTGGCARAA	9.209792	-19.329910	0	T:24.0(18.18%),B:1742.4(4.40%),P:1e-8	Tpos:487.1,Tstd:269.6,Bpos:522.2,Bstd:299.9,StrandBias:-1.7,Multiplicity:1.09
0.003	0.001	0.922	0.074
0.001	0.004	0.832	0.163
0.039	0.001	0.001	0.959
0.001	0.106	0.813	0.080
0.081	0.001	0.858	0.060
0.051	0.897	0.001	0.051
0.860	0.001	0.001	0.138
0.482	0.109	0.408	0.001
0.997	0.001	0.001	0.001
0.627	0.001	0.309	0.063
>CCACGGACGA	3-CCACGGACGA	11.040738	-19.200436	0	T:9.0(6.82%),B:155.7(0.39%),P:1e-8	Tpos:401.4,Tstd:197.9,Bpos:469.5,Bstd:266.0,StrandBias:-1.8,Multiplicity:1.00
0.001	0.854	0.001	0.144
0.001	0.997	0.001	0.001
0.997	0.001	0.001	0.001
0.001	0.997	0.001	0.001
0.143	0.135	0.625	0.097
0.142	0.001	0.856	0.001
0.997	0.001	0.001	0.001
0.001	0.854	0.144	0.001
0.001	0.001	0.997	0.001
0.997	0.001	0.001	0.001
>TATACCTCAA	4-TATACCTCAA	9.450204	-18.830487	0	T:21.0(15.91%),B:1365.8(3.45%),P:1e-8	Tpos:521.7,Tstd:286.3,Bpos:501.0,Bstd:320.3,StrandBias:0.7,Multiplicity:1.05
0.051	0.079	0.001	0.869
0.958	0.001	0.001	0.040
0.050	0.095	0.092	0.763
0.997	0.001	0.001	0.001
0.110	0.711	0.001	0.178
0.046	0.921	0.001	0.032
0.072	0.001	0.001	0.926
0.001	0.997	0.001	0.001
0.914	0.084	0.001	0.001
0.997	0.001	0.001	0.001
>ATAGACAGTC	5-ATAGACAGTC	8.722870	-18.249027	0	T:15.0(11.36%),B:678.6(1.71%),P:1e-7	Tpos:607.1,Tstd:305.4,Bpos:513.6,Bstd:335.0,StrandBias:-0.5,Multiplicity:1.07
0.765	0.103	0.131	0.001
0.085	0.001	0.001	0.913
0.997	0.001	0.001	0.001
0.073	0.001	0.840	0.086
0.997	0.001	0.001	0.001
0.064	0.934	0.001	0.001
0.897	0.001	0.001	0.101
0.001	0.086	0.912	0.001
0.001	0.001	0.001	0.997
0.084	0.827	0.088	0.001
>AGAGATTACG	6-AGAGATTACG	10.312733	-17.926709	0	T:14.0(10.61%),B:591.1(1.49%),P:1e-7	Tpos:654.1,Tstd:274.5,Bpos:510.3,Bstd:311.1,StrandBias:-0.6,Multiplicity:1.07
0.997	0.001	0.001	0.001
0.082	0.001	0.806	0.111
0.997	0.001	0.001	0.001
0.063	0.162	0.774	0.001
0.872	0.001	0.001	0.126
0.001	0.001	0.001	0.997
0.101	0.001	0.094	0.804
0.923	0.001	0.001	0.075
0.001	0.997	0.001	0.001
0.072	0.001	0.926	0.001
>GAAACCCAGG	7-GAAACCCAGG	10.350969	-17.790855	0	T:10.0(7.58%),B:250.1(0.63%),P:1e-7	Tpos:312.5,Tstd:182.4,Bpos:492.7,Bstd:325.4,StrandBias:0.2,Multiplicity:1.30
0.001	0.001	0.997	0.001
0.751	0.001	0.114	0.134
0.997	0.001	0.001	0.001
0.997	0.001	0.001	0.001
0.050	0.948	0.001	0.001
0.001	0.902	0.096	0.001
0.001	0.803	0.001	0.195
0.918	0.001	0.080	0.001
0.077	0.001	0.921	0.001
0.001	0.093	0.826	0.080
>TTATCAACAC	8-TTATCAACAC	10.562352	-16.885825	0	T:17.0(12.88%),B:992.5(2.51%),P:1e-7	Tpos:415.5,Tstd:259.3,Bpos:535.0,Bstd:308.1,StrandBias:0.3,Multiplicity:1.06
0.065	0.001	0.001	0.933
0.001	0.001	0.001	0.997
0.928	0.001	0.070	0.001
0.001	0.080	0.001	0.918
0.001	0.997	0.001	0.001
0.902	0.096	0.001	0.001
0.921	0.001	0.077	0.001
0.187	0.811	0.001	0.001
0.997	0.001	0.001	0.001
0.001	0.997	0.001	0.001
>AACCACWCCC	9-AACCACWCCC	9.060436	-16.506404	0	T:12.0(9.09%),B:461.3(1.17%),P:1e-7	Tpos:462.8,Tstd:252.9,Bpos:513.1,Bstd:331.8,StrandBias:1.9,Multiplicity:1.17
0.645	0.001	0.251	0.103
0.997	0.001	0.001	0.001
0.001	0.808	0.001	0.190
0.001	0.925	0.073	0.001
0.860	0.001	0.081	0.058
0.001	0.910	0.001	0.088
0.350	0.173	0.084	0.393
0.001	0.808	0.069	0.122
0.065	0.804	0.079	0.052
0.039	0.870	0.071	0.020
>ACCAAACAAC	10-ACCAAACAAC	9.545183	-16.302952	0	T:23.0(17.42%),B:1890.9(4.78%),P:1e-7	Tpos:519.0,Tstd:264.8,Bpos:496.9,Bstd:306.5,StrandBias:-0.4,Multiplicity:1.13
0.876	0.001	0.074	0.049
0.025	0.882	0.059	0.034
0.015	0.983	0.001	0.001
0.997	0.001	0.001	0.001
0.734	0.086	0.092	0.088
0.936	0.001	0.001	0.062
0.092	0.776	0.001	0.131
0.997	0.001	0.001	0.001
0.941	0.001	0.001	0.057
0.001	0.913	0.001	0.085
>ATGTACATAT	11-ATGTACATAT	9.038818	-15.863931	0	T:29.0(21.97%),B:2952.0(7.45%),P:1e-6	Tpos:555.1,Tstd:259.8,Bpos:516.8,Bstd:312.9,StrandBias:-0.2,Multiplicity:1.07
0.935	0.001	0.063	0.001
0.037	0.079	0.001	0.883
0.001	0.001	0.825	0.173
0.036	0.001	0.001	0.962
0.997	0.001	0.001	0.001
0.057	0.941	0.001	0.001
0.997	0.001	0.001	0.001
0.001	0.376	0.001	0.622
0.939	0.001	0.001	0.059
0.001	0.112	0.001	0.886
>ACATAGTATS	12-ACATAGTATS	9.687167	-15.701030	0	T:16.0(12.12%),B:951.5(2.40%),P:1e-6	Tpos:483.5,Tstd:293.5,Bpos:489.5,Bstd:320.1,StrandBias:0.2,Multiplicity:1.06
0.846	0.001	0.001	0.152
0.184	0.814	0.001	0.001
0.714	0.001	0.284	0.001
0.001	0.001	0.086	0.912
0.762	0.153	0.001	0.084
0.125	0.081	0.793	0.001
0.001	0.001	0.001	0.997
0.740	0.001	0.001	0.258
0.001	0.001	0.001	0.997
0.084	0.489	0.426	0.001
>TTAAAGGTGA	13-TTAAAGGTGA	9.889067	-14.717859	0	T:15.0(11.36%),B:896.2(2.26%),P:1e-6	Tpos:590.2,Tstd:196.4,Bpos:497.9,Bstd:323.2,StrandBias:-0.5,Multiplicity:1.13
0.001	0.001	0.001	0.997
0.001	0.001	0.050	0.948
0.900	0.052	0.001	0.047
0.872	0.066	0.001	0.061
0.891	0.001	0.107	0.001
0.001	0.046	0.952	0.001
0.087	0.041	0.829	0.043
0.060	0.081	0.001	0.858
0.039	0.076	0.845	0.040
0.952	0.001	0.001	0.046
>CTACAAACTG	14-CTACAAACTG	7.687076	-13.934383	0	T:51.0(38.64%),B:7990.2(20.18%),P:1e-6	Tpos:526.2,Tstd:302.3,Bpos:512.5,Bstd:311.8,StrandBias:-0.4,Multiplicity:1.31
0.149	0.632	0.112	0.107
0.209	0.053	0.054	0.684
0.649	0.089	0.052	0.210
0.097	0.661	0.089	0.153
0.903	0.037	0.030	0.030
0.834	0.127	0.021	0.018
0.774	0.021	0.057	0.148
0.171	0.634	0.032	0.163
0.136	0.047	0.033	0.784
0.124	0.021	0.730	0.125
>GGGGTTCGAC	15-GGGGTTCGAC	11.277704	-13.705949	0	T:7.0(5.30%),B:152.4(0.38%),P:1e-5	Tpos:690.7,Tstd:187.1,Bpos:448.8,Bstd:261.9,StrandBias:-1.2,Multiplicity:1.43
0.001	0.152	0.846	0.001
0.001	0.212	0.786	0.001
0.145	0.001	0.702	0.152
0.001	0.001	0.997	0.001
0.001	0.001	0.001	0.997
0.001	0.001	0.001	0.997
0.001	0.997	0.001	0.001
0.001	0.001	0.997	0.001
0.997	0.001	0.001	0.001
0.001	0.796	0.001	0.202
>CGAATRAACA	16-CGAATRAACA	9.778569	-12.799981	0	T:15.0(11.36%),B:1049.6(2.65%),P:1e-5	Tpos:516.4,Tstd:191.9,Bpos:519.2,Bstd:315.5,StrandBias:-0.7,Multiplicity:1.20
0.252	0.683	0.064	0.001
0.001	0.063	0.935	0.001
0.997	0.001	0.001	0.001
0.860	0.001	0.138	0.001
0.001	0.059	0.044	0.896
0.488	0.001	0.510	0.001
0.973	0.001	0.025	0.001
0.498	0.175	0.175	0.152
0.091	0.907	0.001	0.001
0.997	0.001	0.001	0.001
>AATCAAAACK	17-AATCAAAACK	9.495508	-12.544638	0	T:32.0(24.24%),B:4079.5(10.30%),P:1e-5	Tpos:547.0,Tstd:287.1,Bpos:521.9,Bstd:307.7,StrandBias:-0.6,Multiplicity:1.16
0.800	0.002	0.110	0.088
0.913	0.001	0.085	0.001
0.201	0.291	0.001	0.507
0.026	0.768	0.167	0.039
0.997	0.001	0.001	0.001
0.811	0.032	0.139	0.018
0.961	0.001	0.001	0.037
0.876	0.087	0.024	0.013
0.190	0.630	0.040	0.140
0.108	0.081	0.468	0.343
>AATTGCCGCT	18-AATTGCCGCT	8.471542	-11.876097	0	T:35.0(26.52%),B:4847.1(12.24%),P:1e-5	Tpos:497.8,Tstd:281.8,Bpos:507.4,Bstd:302.4,StrandBias:0.6,Multiplicity:1.14
0.872	0.126	0.001	0.001
0.997	0.001	0.001	0.001
0.001	0.001	0.001	0.997
0.001	0.162	0.001	0.836
0.094	0.001	0.594	0.311
0.111	0.795	0.001	0.093
0.001	0.997	0.001	0.001
0.111	0.089	0.515	0.285
0.185	0.638	0.097	0.080
0.025	0.001	0.163	0.811
>GGAGCACCAG	19-GGAGCACCAG	10.065408	-6.315560	0	T:7.0(5.30%),B:512.8(1.29%),P:1e-2	Tpos:308.3,Tstd:264.9,Bpos:445.8,Bstd:294.1,StrandBias:1.0,Multiplicity:3.00
0.001	0.001	0.997	0.001
0.001	0.001	0.997	0.001
0.997	0.001	0.001	0.001
0.001	0.095	0.903	0.001
0.001	0.909	0.001	0.089
0.885	0.113	0.001	0.001
0.128	0.870	0.001	0.001
0.051	0.947	0.001	0.001
0.882	0.116	0.001	0.001
0.132	0.001	0.796	0.071
>TTAGCAGACC	20-TTAGCAGACC	11.119239	-5.153185	0	T:4.0(3.03%),B:210.8(0.53%),P:1e-2	Tpos:691.9,Tstd:142.4,Bpos:537.8,Bstd:293.5,StrandBias:-0.6,Multiplicity:3.75
0.001	0.186	0.001	0.812
0.001	0.001	0.001	0.997
0.866	0.001	0.132	0.001
0.001	0.001	0.997	0.001
0.001	0.997	0.001	0.001
0.997	0.001	0.001	0.001
0.001	0.001	0.997	0.001
0.997	0.001	0.001	0.001
0.001	0.731	0.134	0.134
0.001	0.836	0.001	0.162
>ACCGGACGAT	21-ACCGGACGAT	10.296193	-3.523036	0	T:1.0(0.76%),B:8.8(0.02%),P:1e-1	Tpos:604.5,Tstd:113.6,Bpos:580.9,Bstd:162.8,StrandBias:0.0,Multiplicity:4.00
0.700	0.100	0.100	0.100
0.100	0.700	0.100	0.100
0.100	0.700	0.100	0.100
0.100	0.100	0.700	0.100
0.100	0.100	0.700	0.100
0.700	0.100	0.100	0.100
0.100	0.700	0.100	0.100
0.100	0.100	0.700	0.100
0.700	0.100	0.100	0.100
0.100	0.100	0.100	0.700
>ATTGTTACAC	22-ATTGTTACAC	10.296193	-3.038504	0	T:2.0(1.52%),B:104.0(0.26%),P:1e-1	Tpos:404.3,Tstd:124.2,Bpos:435.6,Bstd:242.5,StrandBias:10.0,Multiplicity:10.50
0.700	0.100	0.100	0.100
0.100	0.100	0.100	0.700
0.100	0.100	0.100	0.700
0.100	0.100	0.700	0.100
0.100	0.100	0.100	0.700
0.100	0.100	0.100	0.700
0.700	0.100	0.100	0.100
0.100	0.700	0.100	0.100
0.700	0.100	0.100	0.100
0.100	0.700	0.100	0.100
