>ATTCTTATCADT	1-ATTCTTATCADT	11.624692	-29.962540	0	T:18.0(13.64%),B:486.6(1.23%),P:1e-13	Tpos:734.9,Tstd:235.3,Bpos:581.0,Bstd:320.9,StrandBias:0.3,Multiplicity:1.00
0.997	0.001	0.001	0.001
0.031	0.342	0.037	0.590
0.001	0.001	0.001	0.997
0.001	0.619	0.379	0.001
0.001	0.001	0.001	0.997
0.001	0.001	0.001	0.997
0.997	0.001	0.001	0.001
0.001	0.001	0.001	0.997
0.001	0.997	0.001	0.001
0.997	0.001	0.001	0.001
0.284	0.001	0.416	0.299
0.001	0.001	0.001	0.997
>TTCWCTGTCACC	2-TTCWCTGTCACC	11.447885	-23.754517	0	T:12.0(9.09%),B:236.2(0.60%),P:1e-10	Tpos:496.2,Tstd:182.6,Bpos:514.9,Bstd:291.5,StrandBias:-1.0,Multiplicity:1.00
0.116	0.001	0.001	0.882
0.001	0.001	0.003	0.995
0.001	0.997	0.001	0.001
0.463	0.131	0.001	0.405
0.295	0.526	0.081	0.098
0.001	0.001	0.001	0.997
0.001	0.087	0.829	0.083
0.001	0.001	0.001	0.997
0.078	0.823	0.098	0.001
0.910	0.001	0.001	0.088
0.098	0.827	0.001	0.074
0.131	0.769	0.001	0.099
>ACCTCAATCAAG	3-ACCTCAATCAAG	14.676862	-21.955916	0	T:5.0(3.79%),B:7.5(0.02%),P:1e-9	Tpos:431.8,Tstd:320.7,Bpos:615.0,Bstd:177.2,StrandBias:-0.6,Multiplicity:1.00
0.716	0.282	0.001	0.001
0.001	0.997	0.001	0.001
0.001	0.997	0.001	0.001
0.001	0.001	0.001	0.997
0.001	0.997	0.001	0.001
0.997	0.001	0.001	0.001
0.997	0.001	0.001	0.001
0.001	0.001	0.001	0.997
0.203	0.795	0.001	0.001
0.997	0.001	0.001	0.001
0.997	0.001	0.001	0.001
0.001	0.001	0.997	0.001
>CTACCTYYGATA	4-CTACCTYYGATA	11.610863	-21.780980	0	T:8.0(6.06%),B:74.9(0.19%),P:1e-9	Tpos:648.1,Tstd:284.1,Bpos:502.8,Bstd:328.1,StrandBias:1.6,Multiplicity:1.00
0.001	0.997	0.001	0.001
0.264	0.001	0.001	0.734
0.744	0.233	0.022	0.001
0.001	0.689	0.001	0.309
0.001	0.734	0.264	0.001
0.310	0.001	0.001	0.688
0.001	0.543	0.001	0.455
0.001	0.497	0.001	0.501
0.001	0.001	0.997	0.001
0.808	0.190	0.001	0.001
0.018	0.001	0.001	0.980
0.997	0.001	0.001	0.001
>ACAGCTTTACTC	5-ACAGCTTTACTC	14.003021	-21.473075	0	T:5.0(3.79%),B:8.5(0.02%),P:1e-9	Tpos:408.0,Tstd:285.5,Bpos:337.1,Bstd:260.7,StrandBias:2.0,Multiplicity:1.00
0.780	0.001	0.001	0.218
0.001	0.997	0.001	0.001
0.997	0.001	0.001	0.001
0.001	0.001	0.997	0.001
0.001	0.997	0.001	0.001
0.001	0.001	0.001	0.997
0.001	0.001	0.001	0.997
0.001	0.001	0.218	0.780
0.997	0.001	0.001	0.001
0.001	0.848	0.001	0.150
0.001	0.001	0.001	0.997
0.191	0.807	0.001	0.001
>AACCACACCCAA	6-AACCACACCCAA	9.278212	-21.127160	0	T:20.0(15.15%),B:1074.8(2.71%),P:1e-9	Tpos:525.0,Tstd:205.1,Bpos:515.1,Bstd:317.5,StrandBias:-0.5,Multiplicity:1.20
0.942	0.001	0.056	0.001
0.809	0.001	0.095	0.095
0.079	0.746	0.040	0.135
0.105	0.839	0.055	0.001
0.927	0.001	0.042	0.030
0.021	0.712	0.192	0.075
0.753	0.131	0.001	0.115
0.052	0.796	0.078	0.074
0.204	0.794	0.001	0.001
0.117	0.752	0.076	0.055
0.639	0.273	0.043	0.045
0.900	0.097	0.001	0.002
>GAGTCGAACCCC	7-GAGTCGAACCCC	6.723386	-20.831205	0	T:40.0(30.30%),B:4265.9(10.77%),P:1e-9	Tpos:543.8,Tstd:310.3,Bpos:487.7,Bstd:302.6,StrandBias:-0.2,Multiplicity:1.24
0.060	0.052	0.762	0.126
0.823	0.115	0.032	0.030
0.035	0.113	0.734	0.118
0.034	0.099	0.001	0.866
0.001	0.708	0.093	0.198
0.204	0.093	0.543	0.160
0.933	0.034	0.001	0.032
0.844	0.030	0.125	0.001
0.103	0.653	0.192	0.052
0.061	0.756	0.030	0.153
0.130	0.606	0.127	0.137
0.109	0.777	0.020	0.094
>CAACCCCGCCCA	8-CAACCCCGCCCA	13.898231	-20.136406	0	T:6.0(4.55%),B:29.7(0.08%),P:1e-8	Tpos:518.2,Tstd:343.4,Bpos:612.8,Bstd:291.5,StrandBias:0.0,Multiplicity:1.00
0.001	0.997	0.001	0.001
0.997	0.001	0.001	0.001
0.997	0.001	0.001	0.001
0.001	0.838	0.001	0.160
0.127	0.748	0.001	0.124
0.001	0.812	0.001	0.186
0.001	0.997	0.001	0.001
0.001	0.001	0.997	0.001
0.001	0.786	0.001	0.212
0.001	0.997	0.001	0.001
0.001	0.997	0.001	0.001
0.997	0.001	0.001	0.001
>TCGAAAATTTTC	9-TCGAAAATTTTC	12.851312	-19.842334	0	T:15.0(11.36%),B:600.1(1.52%),P:1e-8	Tpos:533.8,Tstd:280.1,Bpos:502.5,Bstd:295.2,StrandBias:0.0,Multiplicity:1.00
0.071	0.001	0.098	0.830
0.057	0.900	0.001	0.042
0.001	0.001	0.956	0.042
0.924	0.001	0.001	0.074
0.919	0.079	0.001	0.001
0.997	0.001	0.001	0.001
0.906	0.092	0.001	0.001
0.001	0.001	0.083	0.915
0.001	0.001	0.059	0.939
0.078	0.001	0.001	0.920
0.001	0.080	0.001	0.918
0.001	0.910	0.060	0.029
>AAATTGTTTACC	10-AAATTGTTTACC	13.192350	-19.417953	0	T:12.0(9.09%),B:351.3(0.89%),P:1e-8	Tpos:479.8,Tstd:235.9,Bpos:493.1,Bstd:323.6,StrandBias:0.2,Multiplicity:1.08
0.997	0.001	0.001	0.001
0.997	0.001	0.001	0.001
0.997	0.001	0.001	0.001
0.084	0.001	0.001	0.914
0.001	0.117	0.001	0.881
0.097	0.132	0.770	0.001
0.001	0.001	0.001	0.997
0.001	0.001	0.001	0.997
0.001	0.001	0.001	0.997
0.906	0.092	0.001	0.001
0.083	0.698	0.127	0.092
0.001	0.915	0.001	0.083
>CTGGTTTTTTTG	11-CTGGTTTTTTTG	12.324380	-19.203411	0	T:15.0(11.36%),B:630.3(1.59%),P:1e-8	Tpos:421.8,Tstd:222.3,Bpos:512.0,Bstd:293.8,StrandBias:-0.7,Multiplicity:1.07
0.001	0.997	0.001	0.001
0.001	0.001	0.001	0.997
0.001	0.148	0.850	0.001
0.038	0.014	0.867	0.081
0.158	0.001	0.001	0.840
0.001	0.001	0.001	0.997
0.001	0.001	0.182	0.816
0.001	0.001	0.001	0.997
0.001	0.001	0.001	0.997
0.001	0.001	0.176	0.822
0.001	0.001	0.001	0.997
0.001	0.001	0.817	0.181
>CAAAATGCTCAA	12-CAAAATGCTCAA	13.110354	-18.134475	0	T:11.0(8.33%),B:314.7(0.79%),P:1e-7	Tpos:400.1,Tstd:322.8,Bpos:490.3,Bstd:295.9,StrandBias:0.7,Multiplicity:1.18
0.001	0.997	0.001	0.001
0.997	0.001	0.001	0.001
0.997	0.001	0.001	0.001
0.997	0.001	0.001	0.001
0.997	0.001	0.001	0.001
0.109	0.001	0.001	0.889
0.001	0.138	0.771	0.090
0.001	0.808	0.125	0.066
0.090	0.001	0.151	0.758
0.121	0.877	0.001	0.001
0.997	0.001	0.001	0.001
0.997	0.001	0.001	0.001
>GATAAGACAACG	13-GATAAGACAACG	12.724845	-17.536075	0	T:6.0(4.55%),B:47.5(0.12%),P:1e-7	Tpos:610.8,Tstd:262.1,Bpos:509.3,Bstd:329.3,StrandBias:-1.0,Multiplicity:1.00
0.001	0.001	0.722	0.276
0.997	0.001	0.001	0.001
0.001	0.001	0.001	0.997
0.445	0.277	0.001	0.277
0.997	0.001	0.001	0.001
0.001	0.206	0.792	0.001
0.997	0.001	0.001	0.001
0.188	0.810	0.001	0.001
0.997	0.001	0.001	0.001
0.997	0.001	0.001	0.001
0.277	0.521	0.001	0.201
0.001	0.200	0.798	0.001
>GTTTGTTTCTTA	14-GTTTGTTTCTTA	10.619423	-17.527549	0	T:27.0(20.45%),B:2394.0(6.05%),P:1e-7	Tpos:557.6,Tstd:272.5,Bpos:508.2,Bstd:310.5,StrandBias:1.4,Multiplicity:1.07
0.141	0.127	0.616	0.116
0.041	0.089	0.001	0.869
0.053	0.043	0.001	0.903
0.001	0.001	0.001	0.997
0.052	0.096	0.760	0.092
0.072	0.001	0.125	0.802
0.001	0.001	0.080	0.918
0.056	0.040	0.060	0.844
0.029	0.771	0.051	0.149
0.046	0.001	0.032	0.921
0.065	0.063	0.047	0.825
0.782	0.104	0.028	0.086
>GGCAATATGGGC	15-GGCAATATGGGC	14.039889	-16.990972	0	T:5.0(3.79%),B:24.2(0.06%),P:1e-7	Tpos:503.2,Tstd:299.2,Bpos:372.3,Bstd:214.8,StrandBias:0.0,Multiplicity:1.20
0.001	0.001	0.997	0.001
0.001	0.001	0.844	0.154
0.001	0.747	0.251	0.001
0.997	0.001	0.001	0.001
0.997	0.001	0.001	0.001
0.001	0.001	0.001	0.997
0.808	0.190	0.001	0.001
0.001	0.001	0.001	0.997
0.001	0.001	0.997	0.001
0.001	0.001	0.997	0.001
0.001	0.001	0.997	0.001
0.001	0.848	0.150	0.001
>GAAATATATTTA	16-GAAATATATTTA	13.806012	-16.978485	0	T:11.0(8.33%),B:353.5(0.89%),P:1e-7	Tpos:440.8,Tstd:277.9,Bpos:521.7,Bstd:312.6,StrandBias:-0.3,Multiplicity:1.00
0.001	0.129	0.869	0.001
0.681	0.001	0.317	0.001
0.997	0.001	0.001	0.001
0.997	0.001	0.001	0.001
0.001	0.001	0.001	0.997
0.815	0.001	0.183	0.001
0.335	0.001	0.001	0.663
0.997	0.001	0.001	0.001
0.124	0.001	0.001	0.874
0.001	0.001	0.001	0.997
0.001	0.116	0.106	0.777
0.722	0.001	0.001	0.276
>GTCTCACACCAA	17-GTCTCACACCAA	9.272027	-16.870663	0	T:7.0(5.30%),B:93.3(0.24%),P:1e-7	Tpos:418.1,Tstd:385.9,Bpos:486.1,Bstd:321.6,StrandBias:0.4,Multiplicity:1.00
0.001	0.033	0.965	0.001
0.001	0.001	0.001	0.997
0.001	0.997	0.001	0.001
0.001	0.001	0.001	0.997
0.150	0.848	0.001	0.001
0.845	0.001	0.001	0.153
0.001	0.997	0.001	0.001
0.997	0.001	0.001	0.001
0.001	0.812	0.001	0.186
0.001	0.997	0.001	0.001
0.997	0.001	0.001	0.001
0.813	0.001	0.001	0.185
>TAAGCCACTTCT	18-TAAGCCACTTCT	9.727979	-16.037880	0	T:12.0(9.09%),B:482.5(1.22%),P:1e-6	Tpos:567.5,Tstd:225.0,Bpos:472.6,Bstd:312.1,StrandBias:1.3,Multiplicity:1.17
0.138	0.001	0.105	0.756
0.755	0.001	0.001	0.243
0.997	0.001	0.001	0.001
0.001	0.085	0.913	0.001
0.001	0.877	0.121	0.001
0.001	0.894	0.104	0.001
0.778	0.138	0.001	0.083
0.001	0.763	0.008	0.228
0.122	0.122	0.007	0.749
0.001	0.001	0.001	0.997
0.138	0.802	0.001	0.059
0.259	0.001	0.001	0.739
>CAGGAAACCCAG	19-CAGGAAACCCAG	14.400736	-15.683519	0	T:4.0(3.03%),B:11.0(0.03%),P:1e-6	Tpos:343.8,Tstd:239.0,Bpos:313.4,Bstd:282.5,StrandBias:2.0,Multiplicity:1.25
0.001	0.997	0.001	0.001
0.615	0.206	0.001	0.178
0.001	0.001	0.764	0.234
0.001	0.001	0.764	0.234
0.997	0.001	0.001	0.001
0.997	0.001	0.001	0.001
0.997	0.001	0.001	0.001
0.001	0.997	0.001	0.001
0.001	0.997	0.001	0.001
0.001	0.997	0.001	0.001
0.997	0.001	0.001	0.001
0.001	0.001	0.997	0.001
>TTGTTCAAATTC	20-TTGTTCAAATTC	13.181916	-14.651978	0	T:8.0(6.06%),B:196.0(0.49%),P:1e-6	Tpos:490.6,Tstd:291.7,Bpos:496.0,Bstd:305.8,StrandBias:-0.3,Multiplicity:1.12
0.001	0.001	0.001	0.997
0.001	0.001	0.112	0.886
0.001	0.001	0.951	0.047
0.001	0.001	0.001	0.997
0.001	0.103	0.001	0.895
0.067	0.780	0.066	0.087
0.874	0.001	0.001	0.124
0.897	0.001	0.001	0.101
0.997	0.001	0.001	0.001
0.001	0.001	0.001	0.997
0.097	0.001	0.001	0.901
0.001	0.897	0.067	0.035
>CCTATATATATA	21-CCTATATATATA	9.487263	-11.469165	0	T:16.0(12.12%),B:1326.4(3.35%),P:1e-4	Tpos:424.6,Tstd:340.9,Bpos:535.1,Bstd:321.5,StrandBias:-0.3,Multiplicity:1.06
0.128	0.573	0.192	0.107
0.071	0.771	0.085	0.073
0.037	0.001	0.065	0.897
0.923	0.039	0.001	0.037
0.034	0.097	0.001	0.868
0.858	0.112	0.001	0.029
0.072	0.100	0.054	0.774
0.849	0.039	0.044	0.068
0.034	0.001	0.057	0.908
0.895	0.071	0.033	0.001
0.115	0.046	0.071	0.768
0.928	0.042	0.001	0.029
>GACGATCATCGT	22-GACGATCATCGT	15.119151	-8.102640	0	T:2.0(1.52%),B:6.9(0.02%),P:1e-3	Tpos:551.8,Tstd:146.3,Bpos:437.0,Bstd:334.7,StrandBias:-0.6,Multiplicity:1.50
0.001	0.001	0.997	0.001
0.997	0.001	0.001	0.001
0.001	0.997	0.001	0.001
0.001	0.001	0.997	0.001
0.997	0.001	0.001	0.001
0.001	0.001	0.001	0.997
0.001	0.650	0.348	0.001
0.997	0.001	0.001	0.001
0.001	0.001	0.001	0.997
0.001	0.650	0.348	0.001
0.001	0.001	0.997	0.001
0.001	0.001	0.001	0.997
>TCCAGGTGTTCC	23-TCCAGGTGTTCC	11.648307	-6.281055	0	T:4.0(3.03%),B:152.9(0.39%),P:1e-2	Tpos:153.9,Tstd:139.0,Bpos:375.8,Bstd:293.2,StrandBias:-3.5,Multiplicity:3.00
0.156	0.001	0.001	0.842
0.156	0.842	0.001	0.001
0.001	0.997	0.001	0.001
0.593	0.162	0.178	0.067
0.001	0.001	0.938	0.060
0.001	0.008	0.990	0.001
0.205	0.001	0.001	0.793
0.001	0.110	0.884	0.005
0.001	0.277	0.248	0.474
0.001	0.001	0.001	0.997
0.001	0.997	0.001	0.001
0.001	0.898	0.001	0.100
>TCCTGGTGCTCC	24-TCCTGGTGCTCC	14.302087	-5.849264	0	T:2.0(1.52%),B:23.0(0.06%),P:1e-2	Tpos:297.8,Tstd:25.2,Bpos:334.0,Bstd:205.7,StrandBias:-10.0,Multiplicity:2.00
0.143	0.001	0.001	0.855
0.001	0.924	0.001	0.074
0.001	0.924	0.001	0.074
0.165	0.093	0.131	0.611
0.001	0.001	0.943	0.055
0.001	0.108	0.887	0.004
0.089	0.207	0.005	0.699
0.144	0.124	0.657	0.075
0.001	0.639	0.228	0.132
0.001	0.001	0.001	0.997
0.001	0.997	0.001	0.001
0.107	0.891	0.001	0.001
>ATTTTTCGTGTA	25-ATTTTTCGTGTA	13.645970	-4.006923	0	T:2.0(1.52%),B:60.9(0.15%),P:1e-1	Tpos:403.5,Tstd:136.4,Bpos:440.6,Bstd:269.8,StrandBias:-4.3,Multiplicity:10.50
0.997	0.001	0.001	0.001
0.001	0.001	0.001	0.997
0.052	0.001	0.001	0.946
0.001	0.001	0.001	0.997
0.001	0.001	0.001	0.997
0.001	0.001	0.001	0.997
0.001	0.997	0.001	0.001
0.001	0.001	0.997	0.001
0.001	0.001	0.001	0.997
0.001	0.001	0.997	0.001
0.001	0.001	0.001	0.997
0.997	0.001	0.001	0.001
