>TGATAAGACC	1-TGATAAGACC	8.720166	-35.705080	0	T:33.0(44.00%),B:3334.2(8.52%),P:1e-15	Tpos:617.2,Tstd:259.2,Bpos:538.6,Bstd:320.2,StrandBias:-0.9,Multiplicity:1.12
0.001	0.092	0.001	0.906
0.084	0.001	0.914	0.001
0.997	0.001	0.001	0.001
0.001	0.001	0.066	0.932
0.757	0.241	0.001	0.001
0.595	0.204	0.076	0.125
0.001	0.357	0.641	0.001
0.899	0.001	0.001	0.099
0.148	0.532	0.001	0.319
0.001	0.566	0.145	0.288
>TCTGCCGATA	2-TCTGCCGATA	10.744216	-22.269725	0	T:10.0(13.33%),B:278.4(0.71%),P:1e-9	Tpos:372.4,Tstd:299.6,Bpos:483.0,Bstd:317.5,StrandBias:0.0,Multiplicity:1.00
0.001	0.001	0.001	0.997
0.001	0.997	0.001	0.001
0.001	0.001	0.001	0.997
0.142	0.001	0.750	0.107
0.001	0.776	0.118	0.105
0.001	0.762	0.146	0.091
0.001	0.148	0.850	0.001
0.997	0.001	0.001	0.001
0.001	0.001	0.001	0.997
0.997	0.001	0.001	0.001
>TTTGACCTTC	3-TTTGACCTTC	10.224587	-21.921373	0	T:18.0(24.00%),B:1472.3(3.76%),P:1e-9	Tpos:604.4,Tstd:279.7,Bpos:515.5,Bstd:310.8,StrandBias:1.0,Multiplicity:1.00
0.001	0.001	0.001	0.997
0.001	0.001	0.001	0.997
0.001	0.001	0.001	0.997
0.139	0.001	0.859	0.001
0.997	0.001	0.001	0.001
0.001	0.820	0.001	0.178
0.001	0.931	0.001	0.067
0.141	0.001	0.001	0.857
0.220	0.119	0.001	0.660
0.001	0.997	0.001	0.001
>CACGTGGTCA	4-CACGTGGTCA	10.419010	-20.495307	0	T:11.0(14.67%),B:448.3(1.15%),P:1e-8	Tpos:803.1,Tstd:94.8,Bpos:543.2,Bstd:293.2,StrandBias:-1.4,Multiplicity:1.00
0.001	0.997	0.001	0.001
0.997	0.001	0.001	0.001
0.001	0.997	0.001	0.001
0.001	0.001	0.879	0.119
0.001	0.139	0.001	0.859
0.001	0.001	0.901	0.097
0.001	0.001	0.920	0.078
0.091	0.001	0.131	0.777
0.105	0.784	0.110	0.001
0.997	0.001	0.001	0.001
>ACGATAAGAT	5-ACGATAAGAT	10.012514	-19.336057	0	T:14.0(18.67%),B:955.4(2.44%),P:1e-8	Tpos:591.5,Tstd:286.8,Bpos:513.2,Bstd:326.4,StrandBias:-1.0,Multiplicity:1.07
0.882	0.116	0.001	0.001
0.054	0.944	0.001	0.001
0.070	0.001	0.846	0.083
0.997	0.001	0.001	0.001
0.064	0.001	0.001	0.934
0.791	0.115	0.093	0.001
0.870	0.128	0.001	0.001
0.001	0.001	0.914	0.084
0.997	0.001	0.001	0.001
0.001	0.001	0.094	0.904
>GTACGTGACT	6-GTACGTGACT	10.706423	-19.032401	0	T:8.0(10.67%),B:194.5(0.50%),P:1e-8	Tpos:605.5,Tstd:317.0,Bpos:511.2,Bstd:304.5,StrandBias:0.6,Multiplicity:1.25
0.001	0.089	0.806	0.104
0.001	0.001	0.162	0.836
0.879	0.001	0.001	0.119
0.001	0.997	0.001	0.001
0.001	0.111	0.887	0.001
0.001	0.001	0.001	0.997
0.001	0.001	0.997	0.001
0.997	0.001	0.001	0.001
0.001	0.745	0.001	0.253
0.001	0.001	0.001	0.997
>TACCTTMGGC	7-TACCTTMGGC	10.052585	-18.717750	0	T:9.0(12.00%),B:296.5(0.76%),P:1e-8	Tpos:549.1,Tstd:237.2,Bpos:467.5,Bstd:296.9,StrandBias:0.3,Multiplicity:1.00
0.024	0.333	0.014	0.629
0.997	0.001	0.001	0.001
0.001	0.599	0.001	0.399
0.001	0.645	0.001	0.353
0.001	0.001	0.204	0.794
0.001	0.001	0.001	0.997
0.361	0.490	0.128	0.022
0.001	0.001	0.997	0.001
0.237	0.001	0.761	0.001
0.001	0.997	0.001	0.001
>AAGGATCATG	8-AAGGATCATG	7.597240	-18.334316	0	T:32.0(42.67%),B:5932.9(15.16%),P:1e-7	Tpos:539.0,Tstd:245.8,Bpos:493.9,Bstd:307.6,StrandBias:-0.1,Multiplicity:1.31
0.834	0.079	0.062	0.025
0.790	0.032	0.127	0.051
0.093	0.105	0.691	0.111
0.214	0.001	0.775	0.010
0.772	0.138	0.001	0.089
0.100	0.001	0.049	0.850
0.015	0.900	0.028	0.057
0.854	0.070	0.075	0.001
0.102	0.014	0.026	0.858
0.161	0.038	0.689	0.112
>AGTTTGTGGG	9-AGTTTGTGGG	10.159614	-17.694628	0	T:13.0(17.33%),B:910.0(2.33%),P:1e-7	Tpos:556.3,Tstd:271.5,Bpos:506.1,Bstd:312.5,StrandBias:-1.2,Multiplicity:1.00
0.808	0.112	0.001	0.079
0.060	0.100	0.793	0.047
0.001	0.001	0.001	0.997
0.001	0.001	0.106	0.892
0.001	0.001	0.001	0.997
0.001	0.001	0.958	0.040
0.001	0.001	0.001	0.997
0.001	0.084	0.856	0.059
0.001	0.001	0.997	0.001
0.072	0.001	0.772	0.155
>TCGTTGACAC	10-TCGTTGACAC	9.251206	-17.248604	0	T:18.0(24.00%),B:1993.0(5.09%),P:1e-7	Tpos:603.6,Tstd:267.0,Bpos:499.3,Bstd:314.5,StrandBias:0.4,Multiplicity:1.17
0.001	0.001	0.001	0.997
0.001	0.997	0.001	0.001
0.220	0.001	0.630	0.149
0.334	0.001	0.001	0.664
0.001	0.001	0.001	0.997
0.001	0.001	0.830	0.168
0.790	0.001	0.208	0.001
0.093	0.905	0.001	0.001
0.692	0.001	0.001	0.306
0.346	0.652	0.001	0.001
>CCCGCGGGTC	11-CCCGCGGGTC	9.953584	-16.830255	0	T:5.0(6.67%),B:46.4(0.12%),P:1e-7	Tpos:455.3,Tstd:322.7,Bpos:533.6,Bstd:302.8,StrandBias:-0.4,Multiplicity:1.20
0.001	0.997	0.001	0.001
0.001	0.997	0.001	0.001
0.149	0.665	0.001	0.185
0.001	0.001	0.997	0.001
0.001	0.997	0.001	0.001
0.184	0.001	0.814	0.001
0.001	0.001	0.997	0.001
0.001	0.001	0.997	0.001
0.131	0.001	0.001	0.867
0.001	0.859	0.139	0.001
>GTAGGTGCAA	12-GTAGGTGCAA	9.267743	-16.669023	0	T:13.0(17.33%),B:995.6(2.54%),P:1e-7	Tpos:533.7,Tstd:238.3,Bpos:518.3,Bstd:320.0,StrandBias:0.0,Multiplicity:1.23
0.064	0.092	0.843	0.001
0.200	0.001	0.134	0.665
0.722	0.105	0.172	0.001
0.001	0.100	0.898	0.001
0.056	0.001	0.942	0.001
0.001	0.001	0.116	0.882
0.001	0.001	0.997	0.001
0.055	0.580	0.364	0.001
0.903	0.001	0.095	0.001
0.894	0.001	0.001	0.104
>ACACTGCCGT	13-ACACTGCCGT	9.444899	-16.283437	0	T:8.0(10.67%),B:280.3(0.72%),P:1e-7	Tpos:617.8,Tstd:258.5,Bpos:548.5,Bstd:311.3,StrandBias:10.0,Multiplicity:1.00
0.697	0.051	0.138	0.114
0.071	0.773	0.049	0.107
0.868	0.001	0.075	0.056
0.057	0.758	0.150	0.035
0.001	0.001	0.057	0.941
0.094	0.001	0.796	0.109
0.001	0.912	0.001	0.086
0.163	0.650	0.113	0.074
0.051	0.042	0.906	0.001
0.107	0.001	0.176	0.716
>CAATGAWCAA	14-CAATGAWCAA	8.198743	-16.117003	0	T:37.0(49.33%),B:8418.7(21.51%),P:1e-6	Tpos:530.9,Tstd:269.8,Bpos:500.8,Bstd:297.4,StrandBias:-0.4,Multiplicity:1.28
0.001	0.997	0.001	0.001
0.689	0.211	0.001	0.099
0.618	0.020	0.154	0.208
0.001	0.001	0.317	0.681
0.001	0.048	0.900	0.051
0.594	0.115	0.048	0.243
0.407	0.155	0.148	0.290
0.343	0.630	0.026	0.001
0.883	0.072	0.044	0.001
0.968	0.001	0.001	0.030
>TGATAACGTA	15-TGATAACGTA	8.996538	-15.364539	0	T:12.0(16.00%),B:925.5(2.36%),P:1e-6	Tpos:574.5,Tstd:291.5,Bpos:494.7,Bstd:318.7,StrandBias:0.7,Multiplicity:1.08
0.128	0.151	0.001	0.720
0.085	0.001	0.617	0.297
0.746	0.094	0.057	0.103
0.037	0.093	0.001	0.869
0.792	0.125	0.082	0.001
0.803	0.073	0.123	0.001
0.001	0.876	0.040	0.083
0.047	0.038	0.840	0.075
0.037	0.035	0.001	0.927
0.836	0.001	0.118	0.045
>KTCTAGGCGT	16-KTCTAGGCGT	8.365695	-15.319135	0	T:12.0(16.00%),B:929.6(2.38%),P:1e-6	Tpos:492.3,Tstd:306.7,Bpos:517.9,Bstd:296.8,StrandBias:-1.2,Multiplicity:1.08
0.001	0.242	0.311	0.446
0.239	0.144	0.001	0.616
0.113	0.641	0.168	0.078
0.284	0.001	0.001	0.714
0.877	0.121	0.001	0.001
0.208	0.003	0.619	0.170
0.061	0.001	0.937	0.001
0.141	0.598	0.142	0.119
0.001	0.001	0.840	0.158
0.001	0.001	0.001	0.997
>TACTGTTRAC	17-TACTGTTRAC	10.780770	-13.542941	0	T:10.0(13.33%),B:720.1(1.84%),P:1e-5	Tpos:556.0,Tstd:284.6,Bpos:539.3,Bstd:308.6,StrandBias:0.8,Multiplicity:1.10
0.001	0.001	0.001	0.997
0.799	0.001	0.001	0.199
0.001	0.858	0.001	0.140
0.001	0.001	0.001	0.997
0.001	0.001	0.997	0.001
0.153	0.001	0.001	0.845
0.001	0.001	0.001	0.997
0.494	0.001	0.504	0.001
0.997	0.001	0.001	0.001
0.001	0.997	0.001	0.001
>TATAGATCAC	18-TATAGATCAC	11.481965	-12.875975	0	T:5.0(6.67%),B:107.5(0.27%),P:1e-5	Tpos:488.4,Tstd:187.9,Bpos:483.1,Bstd:322.7,StrandBias:2.0,Multiplicity:1.00
0.001	0.127	0.001	0.871
0.997	0.001	0.001	0.001
0.001	0.001	0.001	0.997
0.885	0.001	0.001	0.113
0.001	0.001	0.997	0.001
0.860	0.001	0.001	0.138
0.001	0.001	0.001	0.997
0.001	0.997	0.001	0.001
0.997	0.001	0.001	0.001
0.113	0.885	0.001	0.001
>GCACGATCTG	19-GCACGATCTG	10.296193	-9.493278	0	T:2.0(2.67%),B:5.2(0.01%),P:1e-4	Tpos:445.0,Tstd:152.1,Bpos:471.8,Bstd:282.7,StrandBias:0.0,Multiplicity:2.00
0.100	0.100	0.700	0.100
0.100	0.700	0.100	0.100
0.700	0.100	0.100	0.100
0.100	0.700	0.100	0.100
0.100	0.100	0.700	0.100
0.700	0.100	0.100	0.100
0.100	0.100	0.100	0.700
0.100	0.700	0.100	0.100
0.100	0.100	0.100	0.700
0.100	0.100	0.700	0.100
>CAAAGCACAC	20-CAAAGCACAC	8.350283	-7.761003	0	T:12.0(16.00%),B:2005.4(5.12%),P:1e-3	Tpos:478.7,Tstd:292.6,Bpos:518.8,Bstd:318.5,StrandBias:-0.7,Multiplicity:1.18
0.100	0.700	0.100	0.100
0.700	0.100	0.100	0.100
0.700	0.100	0.100	0.100
0.700	0.100	0.100	0.100
0.100	0.100	0.700	0.100
0.100	0.700	0.100	0.100
0.700	0.100	0.100	0.100
0.100	0.700	0.100	0.100
0.700	0.100	0.100	0.100
0.100	0.700	0.100	0.100
>TGATAASACTCK	1-TGATAASACTCK	11.310737	-25.282974	0	T:12.0(16.00%),B:374.0(0.96%),P:1e-10	Tpos:562.8,Tstd:291.8,Bpos:568.7,Bstd:310.7,StrandBias:-1.7,Multiplicity:1.08
0.001	0.001	0.001	0.997
0.001	0.158	0.840	0.001
0.997	0.001	0.001	0.001
0.001	0.001	0.001	0.997
0.997	0.001	0.001	0.001
0.796	0.001	0.001	0.202
0.001	0.498	0.500	0.001
0.997	0.001	0.001	0.001
0.096	0.902	0.001	0.001
0.001	0.350	0.001	0.648
0.257	0.467	0.001	0.275
0.001	0.100	0.491	0.409
>ATAAAAGCCGCA	2-ATAAAAGCCGCA	10.702097	-23.146936	0	T:6.0(8.00%),B:31.7(0.08%),P:1e-10	Tpos:570.3,Tstd:303.0,Bpos:497.0,Bstd:234.6,StrandBias:1.0,Multiplicity:1.00
0.997	0.001	0.001	0.001
0.001	0.001	0.001	0.997
0.997	0.001	0.001	0.001
0.997	0.001	0.001	0.001
0.847	0.143	0.009	0.001
0.997	0.001	0.001	0.001
0.001	0.001	0.997	0.001
0.001	0.997	0.001	0.001
0.001	0.824	0.001	0.174
0.022	0.001	0.976	0.001
0.001	0.997	0.001	0.001
0.837	0.001	0.001	0.161
>ACTATTCGTGAG	3-ACTATTCGTGAG	13.353265	-23.065630	0	T:5.0(6.67%),B:11.1(0.03%),P:1e-10	Tpos:363.0,Tstd:211.1,Bpos:634.7,Bstd:172.3,StrandBias:-0.6,Multiplicity:1.00
0.997	0.001	0.001	0.001
0.228	0.770	0.001	0.001
0.001	0.001	0.001	0.997
0.997	0.001	0.001	0.001
0.257	0.228	0.001	0.514
0.001	0.001	0.001	0.997
0.001	0.997	0.001	0.001
0.001	0.001	0.997	0.001
0.001	0.001	0.001	0.997
0.001	0.001	0.997	0.001
0.997	0.001	0.001	0.001
0.001	0.256	0.742	0.001
>ATTTCAACGAAA	4-ATTTCAACGAAA	11.106642	-21.361306	0	T:20.0(26.67%),B:1948.0(4.98%),P:1e-9	Tpos:596.1,Tstd:268.4,Bpos:502.6,Bstd:292.2,StrandBias:-0.6,Multiplicity:1.00
0.873	0.001	0.078	0.048
0.136	0.001	0.084	0.779
0.043	0.001	0.062	0.894
0.027	0.001	0.001	0.971
0.062	0.869	0.068	0.001
0.828	0.051	0.001	0.120
0.782	0.040	0.054	0.124
0.229	0.499	0.193	0.079
0.068	0.035	0.775	0.122
0.997	0.001	0.001	0.001
0.841	0.157	0.001	0.001
0.899	0.038	0.062	0.001
>AYATAAAACTTG	5-AYATAAAACTTG	12.009322	-21.145407	0	T:12.0(16.00%),B:542.0(1.39%),P:1e-9	Tpos:480.9,Tstd:297.2,Bpos:498.4,Bstd:307.0,StrandBias:-1.6,Multiplicity:1.00
0.575	0.001	0.001	0.423
0.001	0.448	0.001	0.550
0.584	0.001	0.414	0.001
0.001	0.001	0.001	0.997
0.997	0.001	0.001	0.001
0.997	0.001	0.001	0.001
0.791	0.207	0.001	0.001
0.997	0.001	0.001	0.001
0.001	0.960	0.001	0.038
0.001	0.218	0.001	0.780
0.001	0.001	0.187	0.811
0.001	0.331	0.667	0.001
>GATAAAGGGCAT	6-GATAAAGGGCAT	14.891188	-20.580592	0	T:5.0(6.67%),B:20.4(0.05%),P:1e-8	Tpos:368.6,Tstd:346.5,Bpos:466.9,Bstd:310.6,StrandBias:-0.6,Multiplicity:1.00
0.001	0.001	0.997	0.001
0.997	0.001	0.001	0.001
0.270	0.001	0.001	0.728
0.997	0.001	0.001	0.001
0.997	0.001	0.001	0.001
0.997	0.001	0.001	0.001
0.001	0.001	0.997	0.001
0.331	0.001	0.667	0.001
0.001	0.001	0.997	0.001
0.001	0.997	0.001	0.001
0.997	0.001	0.001	0.001
0.001	0.001	0.001	0.997
>CCTTCCACCTTC	7-CCTTCCACCTTC	10.625556	-19.827288	0	T:10.0(13.33%),B:361.8(0.92%),P:1e-8	Tpos:553.8,Tstd:213.9,Bpos:517.0,Bstd:317.0,StrandBias:0.0,Multiplicity:1.20
0.001	0.705	0.109	0.185
0.084	0.698	0.109	0.109
0.001	0.131	0.001	0.867
0.001	0.001	0.001	0.997
0.001	0.649	0.109	0.241
0.202	0.688	0.109	0.001
0.997	0.001	0.001	0.001
0.001	0.997	0.001	0.001
0.001	0.890	0.001	0.108
0.001	0.131	0.001	0.867
0.075	0.001	0.132	0.792
0.001	0.881	0.001	0.117
>TTTTTGCCCCTA	8-TTTTTGCCCCTA	12.186706	-18.968155	0	T:10.0(13.33%),B:396.5(1.01%),P:1e-8	Tpos:499.5,Tstd:299.0,Bpos:500.0,Bstd:283.8,StrandBias:0.0,Multiplicity:1.00
0.001	0.215	0.001	0.783
0.001	0.001	0.001	0.997
0.001	0.001	0.001	0.997
0.001	0.191	0.001	0.807
0.001	0.001	0.001	0.997
0.232	0.001	0.766	0.001
0.001	0.788	0.001	0.210
0.130	0.868	0.001	0.001
0.001	0.904	0.001	0.094
0.405	0.593	0.001	0.001
0.416	0.007	0.001	0.576
0.878	0.001	0.001	0.120
>GTGATTATTGTC	9-GTGATTATTGTC	10.790456	-18.836342	0	T:12.0(16.00%),B:669.8(1.71%),P:1e-8	Tpos:477.3,Tstd:319.9,Bpos:488.4,Bstd:306.8,StrandBias:1.0,Multiplicity:1.00
0.365	0.001	0.633	0.001
0.133	0.001	0.001	0.865
0.001	0.001	0.997	0.001
0.727	0.153	0.119	0.001
0.118	0.001	0.001	0.880
0.081	0.100	0.153	0.666
0.846	0.001	0.001	0.152
0.001	0.001	0.001	0.997
0.001	0.001	0.152	0.846
0.001	0.001	0.811	0.187
0.001	0.001	0.001	0.997
0.096	0.769	0.134	0.001
>TRGAGTCACATA	10-TRGAGTCACATA	10.893045	-18.508411	0	T:8.0(10.67%),B:208.9(0.53%),P:1e-8	Tpos:503.9,Tstd:269.6,Bpos:467.8,Bstd:348.7,StrandBias:-1.6,Multiplicity:1.00
0.004	0.005	0.004	0.987
0.413	0.001	0.417	0.170
0.089	0.200	0.710	0.001
0.997	0.001	0.001	0.001
0.088	0.125	0.676	0.111
0.001	0.001	0.001	0.997
0.339	0.581	0.079	0.001
0.619	0.097	0.001	0.283
0.110	0.888	0.001	0.001
0.688	0.083	0.228	0.001
0.183	0.001	0.005	0.811
0.897	0.005	0.097	0.001
>TTGTCATTGACA	11-TTGTCATTGACA	9.801857	-17.964630	0	T:16.0(21.33%),B:1460.4(3.73%),P:1e-7	Tpos:659.9,Tstd:214.4,Bpos:515.9,Bstd:297.9,StrandBias:-1.8,Multiplicity:1.14
0.062	0.001	0.115	0.822
0.001	0.003	0.060	0.936
0.182	0.001	0.728	0.089
0.051	0.001	0.001	0.947
0.064	0.881	0.054	0.001
0.724	0.060	0.214	0.002
0.243	0.048	0.099	0.610
0.001	0.065	0.064	0.870
0.001	0.001	0.997	0.001
0.890	0.001	0.068	0.041
0.066	0.729	0.112	0.093
0.877	0.001	0.068	0.054
>TATTGCTAACAT	12-TATTGCTAACAT	14.061775	-17.710487	0	T:5.0(6.67%),B:38.1(0.10%),P:1e-7	Tpos:170.2,Tstd:164.9,Bpos:514.4,Bstd:356.4,StrandBias:0.6,Multiplicity:1.00
0.165	0.001	0.001	0.833
0.997	0.001	0.001	0.001
0.001	0.001	0.001	0.997
0.001	0.001	0.001	0.997
0.001	0.001	0.997	0.001
0.001	0.687	0.166	0.146
0.001	0.001	0.001	0.997
0.838	0.160	0.001	0.001
0.997	0.001	0.001	0.001
0.001	0.997	0.001	0.001
0.853	0.001	0.001	0.145
0.001	0.001	0.001	0.997
>WGAATGTAGTTK	13-WGAATGTAGTTK	10.819338	-16.896872	0	T:9.0(12.00%),B:368.8(0.94%),P:1e-7	Tpos:535.4,Tstd:319.9,Bpos:511.4,Bstd:301.9,StrandBias:1.0,Multiplicity:1.00
0.546	0.001	0.001	0.452
0.001	0.017	0.981	0.001
0.978	0.001	0.020	0.001
0.997	0.001	0.001	0.001
0.001	0.001	0.001	0.997
0.239	0.015	0.523	0.223
0.001	0.001	0.001	0.997
0.997	0.001	0.001	0.001
0.001	0.001	0.997	0.001
0.001	0.001	0.001	0.997
0.001	0.001	0.001	0.997
0.001	0.001	0.455	0.543
>CMMTCGAAAAGC	14-CMMTCGAAAAGC	14.179404	-16.654998	0	T:4.0(5.33%),B:16.2(0.04%),P:1e-7	Tpos:547.2,Tstd:222.7,Bpos:441.8,Bstd:311.6,StrandBias:0.0,Multiplicity:1.00
0.001	0.997	0.001	0.001
0.494	0.504	0.001	0.001
0.504	0.494	0.001	0.001
0.001	0.001	0.001	0.997
0.001	0.600	0.398	0.001
0.001	0.001	0.997	0.001
0.997	0.001	0.001	0.001
0.997	0.001	0.001	0.001
0.997	0.001	0.001	0.001
0.997	0.001	0.001	0.001
0.001	0.001	0.600	0.398
0.001	0.997	0.001	0.001
>TTATAGATCACT	15-TTATAGATCACT	14.541286	-16.245917	0	T:4.0(5.33%),B:18.5(0.05%),P:1e-7	Tpos:451.7,Tstd:254.4,Bpos:528.1,Bstd:301.9,StrandBias:1.0,Multiplicity:1.50
0.248	0.001	0.001	0.750
0.001	0.267	0.001	0.731
0.997	0.001	0.001	0.001
0.001	0.001	0.001	0.997
0.997	0.001	0.001	0.001
0.001	0.001	0.997	0.001
0.997	0.001	0.001	0.001
0.001	0.001	0.001	0.997
0.001	0.997	0.001	0.001
0.997	0.001	0.001	0.001
0.001	0.997	0.001	0.001
0.001	0.001	0.300	0.698
>ATAAGATAAAAT	16-ATAAGATAAAAT	12.627850	-15.971167	0	T:8.0(10.67%),B:292.7(0.75%),P:1e-6	Tpos:628.6,Tstd:248.3,Bpos:521.2,Bstd:324.7,StrandBias:-0.7,Multiplicity:1.00
0.997	0.001	0.001	0.001
0.087	0.001	0.001	0.911
0.737	0.006	0.256	0.001
0.652	0.035	0.001	0.312
0.028	0.001	0.970	0.001
0.997	0.001	0.001	0.001
0.157	0.001	0.001	0.841
0.884	0.114	0.001	0.001
0.997	0.001	0.001	0.001
0.472	0.001	0.215	0.312
0.808	0.029	0.162	0.001
0.001	0.001	0.182	0.816
>TTTTTTCATGAA	17-TTTTTTCATGAA	11.609999	-15.320457	0	T:18.0(24.00%),B:2268.8(5.80%),P:1e-6	Tpos:504.8,Tstd:289.4,Bpos:492.8,Bstd:299.1,StrandBias:0.4,Multiplicity:1.11
0.001	0.001	0.001	0.997
0.001	0.001	0.001	0.997
0.001	0.001	0.150	0.848
0.161	0.001	0.001	0.837
0.001	0.001	0.001	0.997
0.253	0.001	0.001	0.745
0.037	0.644	0.082	0.237
0.920	0.078	0.001	0.001
0.001	0.001	0.050	0.948
0.120	0.107	0.722	0.051
0.997	0.001	0.001	0.001
0.967	0.001	0.001	0.031
>TACGATGTACTG	18-TACGATGTACTG	9.017396	-15.230074	0	T:7.0(9.33%),B:215.3(0.55%),P:1e-6	Tpos:480.0,Tstd:341.1,Bpos:534.8,Bstd:305.3,StrandBias:-3.0,Multiplicity:1.29
0.001	0.359	0.001	0.639
0.670	0.001	0.001	0.328
0.001	0.667	0.331	0.001
0.001	0.001	0.997	0.001
0.997	0.001	0.001	0.001
0.020	0.001	0.001	0.978
0.001	0.001	0.997	0.001
0.296	0.001	0.001	0.702
0.997	0.001	0.001	0.001
0.296	0.702	0.001	0.001
0.001	0.001	0.001	0.997
0.001	0.001	0.997	0.001
>ACACACGATCTG	19-ACACACGATCTG	12.857770	-14.799205	0	T:3.0(4.00%),B:5.3(0.01%),P:1e-6	Tpos:376.3,Tstd:97.3,Bpos:349.1,Bstd:265.2,StrandBias:-1.0,Multiplicity:1.00
0.838	0.160	0.001	0.001
0.001	0.918	0.080	0.001
0.838	0.001	0.160	0.001
0.001	0.997	0.001	0.001
0.997	0.001	0.001	0.001
0.001	0.997	0.001	0.001
0.001	0.001	0.997	0.001
0.997	0.001	0.001	0.001
0.001	0.001	0.001	0.997
0.001	0.997	0.001	0.001
0.001	0.001	0.001	0.997
0.001	0.001	0.997	0.001
>ATAKGTTTTTTG	20-ATAKGTTTTTTG	12.493941	-14.382884	0	T:10.0(13.33%),B:655.1(1.67%),P:1e-6	Tpos:498.8,Tstd:159.2,Bpos:492.3,Bstd:313.2,StrandBias:1.2,Multiplicity:1.00
0.997	0.001	0.001	0.001
0.167	0.001	0.001	0.831
0.997	0.001	0.001	0.001
0.001	0.001	0.545	0.453
0.001	0.232	0.620	0.147
0.400	0.001	0.001	0.598
0.001	0.001	0.001	0.997
0.001	0.001	0.001	0.997
0.269	0.001	0.001	0.729
0.001	0.001	0.001	0.997
0.001	0.001	0.001	0.997
0.001	0.219	0.658	0.122
>CACGTGGTCACA	21-CACGTGGTCACA	10.409522	-13.904206	0	T:5.0(6.67%),B:86.8(0.22%),P:1e-6	Tpos:770.6,Tstd:83.9,Bpos:501.4,Bstd:321.6,StrandBias:-2.0,Multiplicity:1.00
0.100	0.700	0.100	0.100
0.700	0.100	0.100	0.100
0.100	0.700	0.100	0.100
0.100	0.100	0.700	0.100
0.100	0.100	0.100	0.700
0.100	0.100	0.700	0.100
0.100	0.100	0.700	0.100
0.100	0.100	0.100	0.700
0.100	0.700	0.100	0.100
0.700	0.100	0.100	0.100
0.100	0.700	0.100	0.100
0.700	0.100	0.100	0.100
>TGATAAGA	1-TGATAAGA	7.574136	-26.418416	0	T:43.0(57.33%),B:8022.6(20.50%),P:1e-11	Tpos:624.1,Tstd:275.6,Bpos:544.6,Bstd:320.6,StrandBias:-0.3,Multiplicity:1.37
0.001	0.098	0.001	0.900
0.001	0.001	0.997	0.001
0.954	0.044	0.001	0.001
0.001	0.001	0.001	0.997
0.997	0.001	0.001	0.001
0.916	0.001	0.082	0.001
0.001	0.169	0.829	0.001
0.997	0.001	0.001	0.001
>TACCCAGC	2-TACCCAGC	5.702865	-19.044089	0	T:41.0(54.67%),B:9149.5(23.38%),P:1e-8	Tpos:478.6,Tstd:279.0,Bpos:502.0,Bstd:306.6,StrandBias:-0.1,Multiplicity:1.15
0.069	0.001	0.001	0.929
0.726	0.001	0.184	0.089
0.212	0.632	0.120	0.036
0.065	0.878	0.056	0.001
0.117	0.568	0.214	0.101
0.699	0.080	0.117	0.104
0.066	0.026	0.820	0.088
0.055	0.780	0.081	0.084
>ATAACGTA	3-ATAACGTA	9.606015	-18.651652	0	T:15.0(20.00%),B:1193.0(3.05%),P:1e-8	Tpos:583.2,Tstd:317.4,Bpos:514.7,Bstd:323.1,StrandBias:0.4,Multiplicity:1.07
0.905	0.047	0.047	0.001
0.001	0.001	0.001	0.997
0.743	0.255	0.001	0.001
0.997	0.001	0.001	0.001
0.001	0.997	0.001	0.001
0.001	0.001	0.997	0.001
0.001	0.001	0.001	0.997
0.997	0.001	0.001	0.001
>CGCACGTG	4-CGCACGTG	7.102180	-18.085890	0	T:22.0(29.33%),B:2884.3(7.37%),P:1e-7	Tpos:520.8,Tstd:284.1,Bpos:517.8,Bstd:306.8,StrandBias:0.2,Multiplicity:1.10
0.070	0.801	0.097	0.032
0.027	0.036	0.910	0.027
0.040	0.829	0.065	0.066
0.943	0.055	0.001	0.001
0.029	0.837	0.043	0.091
0.042	0.046	0.911	0.001
0.001	0.001	0.001	0.997
0.070	0.001	0.928	0.001
>ACGCGTTG	5-ACGCGTTG	7.881419	-10.685171	0	T:16.0(21.33%),B:2550.9(6.52%),P:1e-4	Tpos:514.2,Tstd:322.7,Bpos:514.8,Bstd:311.3,StrandBias:-0.6,Multiplicity:1.25
0.970	0.001	0.001	0.028
0.001	0.956	0.024	0.019
0.114	0.033	0.717	0.136
0.001	0.967	0.031	0.001
0.019	0.034	0.707	0.240
0.001	0.001	0.001	0.997
0.001	0.033	0.047	0.919
0.046	0.097	0.789	0.068
