>TGATAAGACC	1-TGATAAGACC	8.720166	-35.705080	0	T:33.0(44.00%),B:3334.2(8.52%),P:1e-15	Tpos:617.2,Tstd:259.2,Bpos:538.6,Bstd:320.2,StrandBias:-0.9,Multiplicity:1.12
0.001	0.092	0.001	0.906
0.084	0.001	0.914	0.001
0.997	0.001	0.001	0.001
0.001	0.001	0.066	0.932
0.757	0.241	0.001	0.001
0.595	0.204	0.076	0.125
0.001	0.357	0.641	0.001
0.899	0.001	0.001	0.099
0.148	0.532	0.001	0.319
0.001	0.566	0.145	0.288
>TCTGCCGATA	2-TCTGCCGATA	10.744216	-22.269725	0	T:10.0(13.33%),B:278.4(0.71%),P:1e-9	Tpos:372.4,Tstd:299.6,Bpos:483.0,Bstd:317.5,StrandBias:0.0,Multiplicity:1.00
0.001	0.001	0.001	0.997
0.001	0.997	0.001	0.001
0.001	0.001	0.001	0.997
0.142	0.001	0.750	0.107
0.001	0.776	0.118	0.105
0.001	0.762	0.146	0.091
0.001	0.148	0.850	0.001
0.997	0.001	0.001	0.001
0.001	0.001	0.001	0.997
0.997	0.001	0.001	0.001
>TTTGACCTTC	3-TTTGACCTTC	10.224587	-21.921373	0	T:18.0(24.00%),B:1472.3(3.76%),P:1e-9	Tpos:604.4,Tstd:279.7,Bpos:515.5,Bstd:310.8,StrandBias:1.0,Multiplicity:1.00
0.001	0.001	0.001	0.997
0.001	0.001	0.001	0.997
0.001	0.001	0.001	0.997
0.139	0.001	0.859	0.001
0.997	0.001	0.001	0.001
0.001	0.820	0.001	0.178
0.001	0.931	0.001	0.067
0.141	0.001	0.001	0.857
0.220	0.119	0.001	0.660
0.001	0.997	0.001	0.001
>CACGTGGTCA	4-CACGTGGTCA	10.419010	-20.495307	0	T:11.0(14.67%),B:448.3(1.15%),P:1e-8	Tpos:803.1,Tstd:94.8,Bpos:543.2,Bstd:293.2,StrandBias:-1.4,Multiplicity:1.00
0.001	0.997	0.001	0.001
0.997	0.001	0.001	0.001
0.001	0.997	0.001	0.001
0.001	0.001	0.879	0.119
0.001	0.139	0.001	0.859
0.001	0.001	0.901	0.097
0.001	0.001	0.920	0.078
0.091	0.001	0.131	0.777
0.105	0.784	0.110	0.001
0.997	0.001	0.001	0.001
>ACGATAAGAT	5-ACGATAAGAT	10.012514	-19.336057	0	T:14.0(18.67%),B:955.4(2.44%),P:1e-8	Tpos:591.5,Tstd:286.8,Bpos:513.2,Bstd:326.4,StrandBias:-1.0,Multiplicity:1.07
0.882	0.116	0.001	0.001
0.054	0.944	0.001	0.001
0.070	0.001	0.846	0.083
0.997	0.001	0.001	0.001
0.064	0.001	0.001	0.934
0.791	0.115	0.093	0.001
0.870	0.128	0.001	0.001
0.001	0.001	0.914	0.084
0.997	0.001	0.001	0.001
0.001	0.001	0.094	0.904
>GTACGTGACT	6-GTACGTGACT	10.706423	-19.032401	0	T:8.0(10.67%),B:194.5(0.50%),P:1e-8	Tpos:605.5,Tstd:317.0,Bpos:511.2,Bstd:304.5,StrandBias:0.6,Multiplicity:1.25
0.001	0.089	0.806	0.104
0.001	0.001	0.162	0.836
0.879	0.001	0.001	0.119
0.001	0.997	0.001	0.001
0.001	0.111	0.887	0.001
0.001	0.001	0.001	0.997
0.001	0.001	0.997	0.001
0.997	0.001	0.001	0.001
0.001	0.745	0.001	0.253
0.001	0.001	0.001	0.997
>TACCTTMGGC	7-TACCTTMGGC	10.052585	-18.717750	0	T:9.0(12.00%),B:296.5(0.76%),P:1e-8	Tpos:549.1,Tstd:237.2,Bpos:467.5,Bstd:296.9,StrandBias:0.3,Multiplicity:1.00
0.024	0.333	0.014	0.629
0.997	0.001	0.001	0.001
0.001	0.599	0.001	0.399
0.001	0.645	0.001	0.353
0.001	0.001	0.204	0.794
0.001	0.001	0.001	0.997
0.361	0.490	0.128	0.022
0.001	0.001	0.997	0.001
0.237	0.001	0.761	0.001
0.001	0.997	0.001	0.001
>AAGGATCATG	8-AAGGATCATG	7.597240	-18.334316	0	T:32.0(42.67%),B:5932.9(15.16%),P:1e-7	Tpos:539.0,Tstd:245.8,Bpos:493.9,Bstd:307.6,StrandBias:-0.1,Multiplicity:1.31
0.834	0.079	0.062	0.025
0.790	0.032	0.127	0.051
0.093	0.105	0.691	0.111
0.214	0.001	0.775	0.010
0.772	0.138	0.001	0.089
0.100	0.001	0.049	0.850
0.015	0.900	0.028	0.057
0.854	0.070	0.075	0.001
0.102	0.014	0.026	0.858
0.161	0.038	0.689	0.112
>AGTTTGTGGG	9-AGTTTGTGGG	10.159614	-17.694628	0	T:13.0(17.33%),B:910.0(2.33%),P:1e-7	Tpos:556.3,Tstd:271.5,Bpos:506.1,Bstd:312.5,StrandBias:-1.2,Multiplicity:1.00
0.808	0.112	0.001	0.079
0.060	0.100	0.793	0.047
0.001	0.001	0.001	0.997
0.001	0.001	0.106	0.892
0.001	0.001	0.001	0.997
0.001	0.001	0.958	0.040
0.001	0.001	0.001	0.997
0.001	0.084	0.856	0.059
0.001	0.001	0.997	0.001
0.072	0.001	0.772	0.155
>TCGTTGACAC	10-TCGTTGACAC	9.251206	-17.248604	0	T:18.0(24.00%),B:1993.0(5.09%),P:1e-7	Tpos:603.6,Tstd:267.0,Bpos:499.3,Bstd:314.5,StrandBias:0.4,Multiplicity:1.17
0.001	0.001	0.001	0.997
0.001	0.997	0.001	0.001
0.220	0.001	0.630	0.149
0.334	0.001	0.001	0.664
0.001	0.001	0.001	0.997
0.001	0.001	0.830	0.168
0.790	0.001	0.208	0.001
0.093	0.905	0.001	0.001
0.692	0.001	0.001	0.306
0.346	0.652	0.001	0.001
>CCCGCGGGTC	11-CCCGCGGGTC	9.953584	-16.830255	0	T:5.0(6.67%),B:46.4(0.12%),P:1e-7	Tpos:455.3,Tstd:322.7,Bpos:533.6,Bstd:302.8,StrandBias:-0.4,Multiplicity:1.20
0.001	0.997	0.001	0.001
0.001	0.997	0.001	0.001
0.149	0.665	0.001	0.185
0.001	0.001	0.997	0.001
0.001	0.997	0.001	0.001
0.184	0.001	0.814	0.001
0.001	0.001	0.997	0.001
0.001	0.001	0.997	0.001
0.131	0.001	0.001	0.867
0.001	0.859	0.139	0.001
>GTAGGTGCAA	12-GTAGGTGCAA	9.267743	-16.669023	0	T:13.0(17.33%),B:995.6(2.54%),P:1e-7	Tpos:533.7,Tstd:238.3,Bpos:518.3,Bstd:320.0,StrandBias:0.0,Multiplicity:1.23
0.064	0.092	0.843	0.001
0.200	0.001	0.134	0.665
0.722	0.105	0.172	0.001
0.001	0.100	0.898	0.001
0.056	0.001	0.942	0.001
0.001	0.001	0.116	0.882
0.001	0.001	0.997	0.001
0.055	0.580	0.364	0.001
0.903	0.001	0.095	0.001
0.894	0.001	0.001	0.104
>ACACTGCCGT	13-ACACTGCCGT	9.444899	-16.283437	0	T:8.0(10.67%),B:280.3(0.72%),P:1e-7	Tpos:617.8,Tstd:258.5,Bpos:548.5,Bstd:311.3,StrandBias:10.0,Multiplicity:1.00
0.697	0.051	0.138	0.114
0.071	0.773	0.049	0.107
0.868	0.001	0.075	0.056
0.057	0.758	0.150	0.035
0.001	0.001	0.057	0.941
0.094	0.001	0.796	0.109
0.001	0.912	0.001	0.086
0.163	0.650	0.113	0.074
0.051	0.042	0.906	0.001
0.107	0.001	0.176	0.716
>CAATGAWCAA	14-CAATGAWCAA	8.198743	-16.117003	0	T:37.0(49.33%),B:8418.7(21.51%),P:1e-6	Tpos:530.9,Tstd:269.8,Bpos:500.8,Bstd:297.4,StrandBias:-0.4,Multiplicity:1.28
0.001	0.997	0.001	0.001
0.689	0.211	0.001	0.099
0.618	0.020	0.154	0.208
0.001	0.001	0.317	0.681
0.001	0.048	0.900	0.051
0.594	0.115	0.048	0.243
0.407	0.155	0.148	0.290
0.343	0.630	0.026	0.001
0.883	0.072	0.044	0.001
0.968	0.001	0.001	0.030
>TGATAACGTA	15-TGATAACGTA	8.996538	-15.364539	0	T:12.0(16.00%),B:925.5(2.36%),P:1e-6	Tpos:574.5,Tstd:291.5,Bpos:494.7,Bstd:318.7,StrandBias:0.7,Multiplicity:1.08
0.128	0.151	0.001	0.720
0.085	0.001	0.617	0.297
0.746	0.094	0.057	0.103
0.037	0.093	0.001	0.869
0.792	0.125	0.082	0.001
0.803	0.073	0.123	0.001
0.001	0.876	0.040	0.083
0.047	0.038	0.840	0.075
0.037	0.035	0.001	0.927
0.836	0.001	0.118	0.045
>KTCTAGGCGT	16-KTCTAGGCGT	8.365695	-15.319135	0	T:12.0(16.00%),B:929.6(2.38%),P:1e-6	Tpos:492.3,Tstd:306.7,Bpos:517.9,Bstd:296.8,StrandBias:-1.2,Multiplicity:1.08
0.001	0.242	0.311	0.446
0.239	0.144	0.001	0.616
0.113	0.641	0.168	0.078
0.284	0.001	0.001	0.714
0.877	0.121	0.001	0.001
0.208	0.003	0.619	0.170
0.061	0.001	0.937	0.001
0.141	0.598	0.142	0.119
0.001	0.001	0.840	0.158
0.001	0.001	0.001	0.997
>TACTGTTRAC	17-TACTGTTRAC	10.780770	-13.542941	0	T:10.0(13.33%),B:720.1(1.84%),P:1e-5	Tpos:556.0,Tstd:284.6,Bpos:539.3,Bstd:308.6,StrandBias:0.8,Multiplicity:1.10
0.001	0.001	0.001	0.997
0.799	0.001	0.001	0.199
0.001	0.858	0.001	0.140
0.001	0.001	0.001	0.997
0.001	0.001	0.997	0.001
0.153	0.001	0.001	0.845
0.001	0.001	0.001	0.997
0.494	0.001	0.504	0.001
0.997	0.001	0.001	0.001
0.001	0.997	0.001	0.001
>TATAGATCAC	18-TATAGATCAC	11.481965	-12.875975	0	T:5.0(6.67%),B:107.5(0.27%),P:1e-5	Tpos:488.4,Tstd:187.9,Bpos:483.1,Bstd:322.7,StrandBias:2.0,Multiplicity:1.00
0.001	0.127	0.001	0.871
0.997	0.001	0.001	0.001
0.001	0.001	0.001	0.997
0.885	0.001	0.001	0.113
0.001	0.001	0.997	0.001
0.860	0.001	0.001	0.138
0.001	0.001	0.001	0.997
0.001	0.997	0.001	0.001
0.997	0.001	0.001	0.001
0.113	0.885	0.001	0.001
>GCACGATCTG	19-GCACGATCTG	10.296193	-9.493278	0	T:2.0(2.67%),B:5.2(0.01%),P:1e-4	Tpos:445.0,Tstd:152.1,Bpos:471.8,Bstd:282.7,StrandBias:0.0,Multiplicity:2.00
0.100	0.100	0.700	0.100
0.100	0.700	0.100	0.100
0.700	0.100	0.100	0.100
0.100	0.700	0.100	0.100
0.100	0.100	0.700	0.100
0.700	0.100	0.100	0.100
0.100	0.100	0.100	0.700
0.100	0.700	0.100	0.100
0.100	0.100	0.100	0.700
0.100	0.100	0.700	0.100
>CAAAGCACAC	20-CAAAGCACAC	8.350283	-7.761003	0	T:12.0(16.00%),B:2005.4(5.12%),P:1e-3	Tpos:478.7,Tstd:292.6,Bpos:518.8,Bstd:318.5,StrandBias:-0.7,Multiplicity:1.18
0.100	0.700	0.100	0.100
0.700	0.100	0.100	0.100
0.700	0.100	0.100	0.100
0.700	0.100	0.100	0.100
0.100	0.100	0.700	0.100
0.100	0.700	0.100	0.100
0.700	0.100	0.100	0.100
0.100	0.700	0.100	0.100
0.700	0.100	0.100	0.100
0.100	0.700	0.100	0.100
