>TGATAAGA	1-TGATAAGA	7.574136	-26.418416	0	T:43.0(57.33%),B:8022.6(20.50%),P:1e-11	Tpos:624.1,Tstd:275.6,Bpos:544.6,Bstd:320.6,StrandBias:-0.3,Multiplicity:1.37
0.001	0.098	0.001	0.900
0.001	0.001	0.997	0.001
0.954	0.044	0.001	0.001
0.001	0.001	0.001	0.997
0.997	0.001	0.001	0.001
0.916	0.001	0.082	0.001
0.001	0.169	0.829	0.001
0.997	0.001	0.001	0.001
>TACCCAGC	2-TACCCAGC	5.702865	-19.044089	0	T:41.0(54.67%),B:9149.5(23.38%),P:1e-8	Tpos:478.6,Tstd:279.0,Bpos:502.0,Bstd:306.6,StrandBias:-0.1,Multiplicity:1.15
0.069	0.001	0.001	0.929
0.726	0.001	0.184	0.089
0.212	0.632	0.120	0.036
0.065	0.878	0.056	0.001
0.117	0.568	0.214	0.101
0.699	0.080	0.117	0.104
0.066	0.026	0.820	0.088
0.055	0.780	0.081	0.084
>ATAACGTA	3-ATAACGTA	9.606015	-18.651652	0	T:15.0(20.00%),B:1193.0(3.05%),P:1e-8	Tpos:583.2,Tstd:317.4,Bpos:514.7,Bstd:323.1,StrandBias:0.4,Multiplicity:1.07
0.905	0.047	0.047	0.001
0.001	0.001	0.001	0.997
0.743	0.255	0.001	0.001
0.997	0.001	0.001	0.001
0.001	0.997	0.001	0.001
0.001	0.001	0.997	0.001
0.001	0.001	0.001	0.997
0.997	0.001	0.001	0.001
>CGCACGTG	4-CGCACGTG	7.102180	-18.085890	0	T:22.0(29.33%),B:2884.3(7.37%),P:1e-7	Tpos:520.8,Tstd:284.1,Bpos:517.8,Bstd:306.8,StrandBias:0.2,Multiplicity:1.10
0.070	0.801	0.097	0.032
0.027	0.036	0.910	0.027
0.040	0.829	0.065	0.066
0.943	0.055	0.001	0.001
0.029	0.837	0.043	0.091
0.042	0.046	0.911	0.001
0.001	0.001	0.001	0.997
0.070	0.001	0.928	0.001
>ACGCGTTG	5-ACGCGTTG	7.881419	-10.685171	0	T:16.0(21.33%),B:2550.9(6.52%),P:1e-4	Tpos:514.2,Tstd:322.7,Bpos:514.8,Bstd:311.3,StrandBias:-0.6,Multiplicity:1.25
0.970	0.001	0.001	0.028
0.001	0.956	0.024	0.019
0.114	0.033	0.717	0.136
0.001	0.967	0.031	0.001
0.019	0.034	0.707	0.240
0.001	0.001	0.001	0.997
0.001	0.033	0.047	0.919
0.046	0.097	0.789	0.068
