>CACTCTTTGCTT	1-CACTCTTTGCTT	13.762226	-24.260604	0	T:7.0(7.69%),B:47.7(0.11%),P:1e-10	Tpos:470.0,Tstd:256.4,Bpos:644.1,Bstd:298.3,StrandBias:10.0,Multiplicity:1.00
0.001	0.997	0.001	0.001
0.839	0.001	0.001	0.159
0.001	0.997	0.001	0.001
0.001	0.001	0.001	0.997
0.390	0.608	0.001	0.001
0.001	0.001	0.001	0.997
0.001	0.001	0.001	0.997
0.001	0.001	0.001	0.997
0.001	0.001	0.997	0.001
0.001	0.997	0.001	0.001
0.256	0.001	0.001	0.742
0.001	0.191	0.001	0.807
>CATACTACACTT	2-CATACTACACTT	14.296961	-23.632584	0	T:5.0(5.49%),B:8.1(0.02%),P:1e-10	Tpos:394.0,Tstd:218.3,Bpos:573.1,Bstd:245.3,StrandBias:0.6,Multiplicity:1.00
0.001	0.882	0.116	0.001
0.997	0.001	0.001	0.001
0.001	0.001	0.220	0.778
0.997	0.001	0.001	0.001
0.001	0.750	0.248	0.001
0.001	0.001	0.001	0.997
0.997	0.001	0.001	0.001
0.192	0.806	0.001	0.001
0.997	0.001	0.001	0.001
0.001	0.997	0.001	0.001
0.001	0.001	0.001	0.997
0.001	0.001	0.001	0.997
>CAGAAAACTATT	3-CAGAAAACTATT	13.408749	-22.129525	0	T:9.0(9.89%),B:172.9(0.41%),P:1e-9	Tpos:559.8,Tstd:145.8,Bpos:530.1,Bstd:290.4,StrandBias:-1.8,Multiplicity:1.00
0.001	0.997	0.001	0.001
0.886	0.112	0.001	0.001
0.001	0.001	0.899	0.099
0.997	0.001	0.001	0.001
0.857	0.001	0.141	0.001
0.997	0.001	0.001	0.001
0.997	0.001	0.001	0.001
0.001	0.997	0.001	0.001
0.062	0.096	0.001	0.841
0.841	0.096	0.001	0.062
0.001	0.001	0.001	0.997
0.001	0.138	0.101	0.760
>TCTTATCAGTAA	4-TCTTATCAGTAA	10.299780	-21.522432	0	T:23.0(25.27%),B:2264.5(5.41%),P:1e-9	Tpos:572.3,Tstd:334.5,Bpos:537.5,Bstd:318.4,StrandBias:-0.6,Multiplicity:1.09
0.003	0.053	0.104	0.840
0.093	0.700	0.103	0.104
0.001	0.001	0.001	0.997
0.001	0.001	0.055	0.943
0.980	0.001	0.001	0.018
0.001	0.001	0.001	0.997
0.044	0.857	0.001	0.098
0.939	0.001	0.059	0.001
0.201	0.089	0.587	0.123
0.242	0.097	0.001	0.660
0.663	0.143	0.053	0.141
0.843	0.087	0.050	0.020
>TGAGCGACGVAG	5-TGAGCGACGVAG	9.546492	-19.901581	0	T:13.0(14.29%),B:654.7(1.56%),P:1e-8	Tpos:610.2,Tstd:306.9,Bpos:534.8,Bstd:319.5,StrandBias:-1.2,Multiplicity:1.08
0.315	0.001	0.001	0.683
0.001	0.001	0.683	0.315
0.997	0.001	0.001	0.001
0.001	0.001	0.997	0.001
0.050	0.948	0.001	0.001
0.315	0.001	0.683	0.001
0.997	0.001	0.001	0.001
0.001	0.997	0.001	0.001
0.001	0.001	0.997	0.001
0.316	0.367	0.316	0.001
0.997	0.001	0.001	0.001
0.001	0.001	0.683	0.315
>GTCTATTTCTCT	6-GTCTATTTCTCT	10.955164	-19.065715	0	T:14.0(15.38%),B:847.4(2.02%),P:1e-8	Tpos:536.2,Tstd:243.2,Bpos:529.0,Bstd:315.6,StrandBias:1.0,Multiplicity:1.07
0.066	0.001	0.932	0.001
0.172	0.001	0.001	0.826
0.001	0.951	0.047	0.001
0.001	0.001	0.054	0.944
0.613	0.161	0.176	0.050
0.130	0.097	0.001	0.772
0.065	0.003	0.001	0.931
0.001	0.058	0.001	0.940
0.140	0.628	0.081	0.151
0.078	0.001	0.001	0.920
0.001	0.742	0.055	0.202
0.185	0.001	0.001	0.813
>TATGATCAKAAT	7-TATGATCAKAAT	10.484777	-18.862927	0	T:15.0(16.48%),B:1018.4(2.43%),P:1e-8	Tpos:659.1,Tstd:277.0,Bpos:530.3,Bstd:311.2,StrandBias:0.2,Multiplicity:1.00
0.067	0.001	0.088	0.844
0.949	0.002	0.001	0.048
0.001	0.078	0.001	0.920
0.055	0.189	0.755	0.001
0.920	0.078	0.001	0.001
0.140	0.001	0.082	0.777
0.001	0.934	0.063	0.002
0.996	0.001	0.002	0.001
0.085	0.001	0.420	0.494
0.808	0.001	0.001	0.190
0.637	0.087	0.152	0.124
0.238	0.001	0.001	0.760
>TTGGGGRATGAC	8-TTGGGGRATGAC	11.937318	-16.865346	0	T:6.0(6.59%),B:84.7(0.20%),P:1e-7	Tpos:432.7,Tstd:286.2,Bpos:549.1,Bstd:313.3,StrandBias:-1.0,Multiplicity:1.00
0.001	0.001	0.258	0.740
0.001	0.001	0.001	0.997
0.001	0.001	0.997	0.001
0.001	0.001	0.997	0.001
0.218	0.001	0.771	0.010
0.001	0.001	0.740	0.258
0.485	0.001	0.513	0.001
0.997	0.001	0.001	0.001
0.207	0.001	0.226	0.566
0.001	0.001	0.740	0.258
0.997	0.001	0.001	0.001
0.001	0.986	0.012	0.001
>CATTTCTAAAAG	9-CATTTCTAAAAG	10.781851	-16.629276	0	T:19.0(20.88%),B:2010.1(4.80%),P:1e-7	Tpos:392.9,Tstd:279.9,Bpos:509.2,Bstd:305.5,StrandBias:0.3,Multiplicity:1.05
0.070	0.816	0.031	0.083
0.807	0.001	0.121	0.071
0.001	0.001	0.137	0.861
0.001	0.001	0.001	0.997
0.147	0.001	0.001	0.851
0.001	0.729	0.154	0.116
0.073	0.001	0.206	0.720
0.901	0.041	0.001	0.057
0.927	0.071	0.001	0.001
0.944	0.001	0.054	0.001
0.864	0.056	0.077	0.003
0.044	0.085	0.595	0.276
>AGAGTGAGCAAG	10-AGAGTGAGCAAG	11.109247	-16.610190	0	T:10.0(10.99%),B:446.2(1.07%),P:1e-7	Tpos:569.5,Tstd:186.1,Bpos:544.3,Bstd:316.4,StrandBias:-1.7,Multiplicity:1.30
0.803	0.070	0.062	0.065
0.143	0.065	0.789	0.003
0.997	0.001	0.001	0.001
0.071	0.001	0.927	0.001
0.105	0.001	0.001	0.893
0.001	0.105	0.893	0.001
0.892	0.105	0.001	0.002
0.093	0.001	0.905	0.001
0.157	0.688	0.154	0.001
0.972	0.001	0.026	0.001
0.662	0.085	0.252	0.001
0.162	0.249	0.588	0.001
>GAGGTGAAATGA	11-GAGGTGAAATGA	11.266694	-16.321637	0	T:9.0(9.89%),B:344.3(0.82%),P:1e-7	Tpos:432.0,Tstd:283.3,Bpos:549.1,Bstd:316.5,StrandBias:0.3,Multiplicity:1.00
0.090	0.281	0.628	0.001
0.997	0.001	0.001	0.001
0.113	0.001	0.885	0.001
0.001	0.001	0.997	0.001
0.243	0.001	0.001	0.755
0.175	0.153	0.671	0.001
0.823	0.001	0.175	0.001
0.671	0.001	0.153	0.175
0.997	0.001	0.001	0.001
0.001	0.001	0.001	0.997
0.105	0.001	0.893	0.001
0.732	0.001	0.266	0.001
>VAGTGACGTCAT	12-VAGTGACGTCAT	8.010077	-15.401158	0	T:15.0(16.48%),B:1332.6(3.18%),P:1e-6	Tpos:491.6,Tstd:290.4,Bpos:500.9,Bstd:302.9,StrandBias:-0.3,Multiplicity:1.20
0.238	0.347	0.265	0.150
0.824	0.017	0.009	0.150
0.010	0.001	0.988	0.001
0.001	0.001	0.001	0.997
0.001	0.010	0.988	0.001
0.997	0.001	0.001	0.001
0.013	0.985	0.001	0.001
0.008	0.343	0.648	0.001
0.221	0.001	0.001	0.777
0.221	0.777	0.001	0.001
0.654	0.001	0.344	0.001
0.001	0.001	0.001	0.997
>TGAGATCTCAAA	13-TGAGATCTCAAA	13.511141	-14.038355	0	T:5.0(5.49%),B:74.0(0.18%),P:1e-6	Tpos:483.3,Tstd:383.2,Bpos:558.8,Bstd:371.5,StrandBias:2.3,Multiplicity:1.00
0.093	0.129	0.001	0.777
0.001	0.128	0.870	0.001
0.997	0.001	0.001	0.001
0.063	0.001	0.935	0.001
0.997	0.001	0.001	0.001
0.001	0.001	0.001	0.997
0.001	0.792	0.142	0.065
0.001	0.001	0.001	0.997
0.001	0.910	0.088	0.001
0.997	0.001	0.001	0.001
0.997	0.001	0.001	0.001
0.821	0.177	0.001	0.001
>TAGCAGTAGCAG	14-TAGCAGTAGCAG	14.576482	-14.012310	0	T:3.0(3.30%),B:6.7(0.02%),P:1e-6	Tpos:461.3,Tstd:231.5,Bpos:343.5,Bstd:232.9,StrandBias:-1.0,Multiplicity:1.00
0.001	0.145	0.001	0.853
0.997	0.001	0.001	0.001
0.001	0.001	0.997	0.001
0.001	0.997	0.001	0.001
0.997	0.001	0.001	0.001
0.001	0.001	0.997	0.001
0.001	0.001	0.001	0.997
0.567	0.001	0.195	0.237
0.001	0.001	0.997	0.001
0.001	0.997	0.001	0.001
0.788	0.210	0.001	0.001
0.001	0.001	0.997	0.001
>TAAGCTTATAAG	15-TAAGCTTATAAG	12.028222	-12.375012	0	T:6.0(6.59%),B:187.2(0.45%),P:1e-5	Tpos:579.6,Tstd:196.8,Bpos:500.1,Bstd:299.3,StrandBias:-1.0,Multiplicity:1.17
0.122	0.001	0.001	0.876
0.852	0.146	0.001	0.001
0.797	0.001	0.201	0.001
0.387	0.001	0.606	0.006
0.169	0.728	0.001	0.102
0.001	0.001	0.001	0.997
0.001	0.001	0.001	0.997
0.997	0.001	0.001	0.001
0.103	0.001	0.001	0.895
0.507	0.329	0.163	0.001
0.997	0.001	0.001	0.001
0.106	0.001	0.775	0.118
>CTTTTAAAAGTG	16-CTTTTAAAAGTG	13.602532	-12.199332	0	T:6.0(6.59%),B:193.1(0.46%),P:1e-5	Tpos:592.3,Tstd:261.3,Bpos:522.9,Bstd:300.0,StrandBias:0.4,Multiplicity:1.00
0.103	0.815	0.001	0.081
0.001	0.189	0.001	0.809
0.001	0.001	0.001	0.997
0.001	0.170	0.001	0.828
0.001	0.001	0.001	0.997
0.997	0.001	0.001	0.001
0.997	0.001	0.001	0.001
0.997	0.001	0.001	0.001
0.997	0.001	0.001	0.001
0.092	0.001	0.906	0.001
0.001	0.001	0.001	0.997
0.119	0.001	0.787	0.093
>AAATTTCGAAAT	17-AAATTTCGAAAT	11.986588	-10.443771	0	T:26.0(28.57%),B:5175.9(12.36%),P:1e-4	Tpos:515.8,Tstd:345.0,Bpos:515.2,Bstd:301.2,StrandBias:0.1,Multiplicity:1.27
0.997	0.001	0.001	0.001
0.997	0.001	0.001	0.001
0.997	0.001	0.001	0.001
0.001	0.001	0.001	0.997
0.001	0.001	0.001	0.997
0.001	0.001	0.342	0.656
0.001	0.691	0.001	0.307
0.001	0.135	0.863	0.001
0.651	0.347	0.001	0.001
0.997	0.001	0.001	0.001
0.888	0.001	0.001	0.110
0.097	0.210	0.001	0.692
>GGCCGCTAAATT	18-GGCCGCTAAATT	13.218077	-9.240564	0	T:2.0(2.20%),B:5.6(0.01%),P:1e-4	Tpos:362.5,Tstd:34.5,Bpos:282.3,Bstd:165.2,StrandBias:0.0,Multiplicity:1.00
0.209	0.001	0.788	0.002
0.001	0.001	0.871	0.127
0.001	0.871	0.001	0.127
0.001	0.886	0.006	0.107
0.001	0.119	0.624	0.256
0.118	0.880	0.001	0.001
0.240	0.001	0.001	0.758
0.997	0.001	0.001	0.001
0.997	0.001	0.001	0.001
0.854	0.001	0.144	0.001
0.119	0.144	0.001	0.736
0.119	0.001	0.128	0.752
>GAMAMCACGYGT	19-GAMAMCACGYGT	9.717092	-8.226322	0	T:4.0(4.40%),B:138.6(0.33%),P:1e-3	Tpos:408.6,Tstd:164.7,Bpos:580.2,Bstd:309.5,StrandBias:0.7,Multiplicity:1.50
0.001	0.001	0.997	0.001
0.997	0.001	0.001	0.001
0.486	0.512	0.001	0.001
0.997	0.001	0.001	0.001
0.533	0.465	0.001	0.001
0.001	0.997	0.001	0.001
0.749	0.249	0.001	0.001
0.001	0.997	0.001	0.001
0.001	0.001	0.772	0.226
0.001	0.451	0.016	0.532
0.001	0.001	0.986	0.012
0.001	0.001	0.001	0.997
>ATTTAACGGCCC	20-ATTTAACGGCCC	12.716556	-7.936860	0	T:2.0(2.20%),B:11.7(0.03%),P:1e-3	Tpos:342.7,Tstd:230.7,Bpos:451.5,Bstd:254.8,StrandBias:2.6,Multiplicity:3.50
0.789	0.001	0.001	0.209
0.001	0.186	0.001	0.812
0.001	0.001	0.001	0.997
0.001	0.001	0.001	0.997
0.819	0.001	0.001	0.179
0.779	0.001	0.219	0.001
0.186	0.812	0.001	0.001
0.007	0.007	0.985	0.001
0.358	0.001	0.640	0.001
0.001	0.789	0.209	0.001
0.001	0.997	0.001	0.001
0.001	0.993	0.005	0.001
>ACTACCAGSACC	21-ACTACCAGSACC	10.490103	-6.575916	0	T:5.0(5.49%),B:372.0(0.89%),P:1e-2	Tpos:556.5,Tstd:226.5,Bpos:465.1,Bstd:329.8,StrandBias:2.8,Multiplicity:1.60
0.997	0.001	0.001	0.001
0.001	0.997	0.001	0.001
0.001	0.257	0.001	0.741
0.564	0.001	0.131	0.304
0.212	0.786	0.001	0.001
0.091	0.809	0.001	0.099
0.786	0.001	0.001	0.212
0.213	0.234	0.552	0.001
0.001	0.447	0.551	0.001
0.997	0.001	0.001	0.001
0.227	0.476	0.001	0.296
0.001	0.771	0.227	0.001
>TTTMCAGATTTT	22-TTTMCAGATTTT	12.119496	-3.701925	0	T:9.0(9.89%),B:1928.4(4.61%),P:1e-1	Tpos:476.3,Tstd:160.7,Bpos:511.8,Bstd:300.5,StrandBias:-3.4,Multiplicity:3.78
0.001	0.001	0.001	0.997
0.001	0.001	0.001	0.997
0.001	0.001	0.001	0.997
0.416	0.510	0.073	0.001
0.001	0.960	0.038	0.001
0.926	0.001	0.001	0.072
0.374	0.001	0.624	0.001
0.997	0.001	0.001	0.001
0.001	0.001	0.001	0.997
0.001	0.001	0.001	0.997
0.001	0.001	0.001	0.997
0.001	0.001	0.001	0.997
