>TGTGACTCTT	1-TGTGACTCTT	9.103681	-25.493954	0	T:20.0(21.98%),B:1324.9(3.16%),P:1e-11	Tpos:536.5,Tstd:334.1,Bpos:518.3,Bstd:312.5,StrandBias:1.3,Multiplicity:1.05
0.001	0.001	0.001	0.997
0.001	0.001	0.997	0.001
0.102	0.001	0.001	0.896
0.074	0.001	0.842	0.083
0.819	0.093	0.087	0.001
0.056	0.914	0.029	0.001
0.001	0.001	0.001	0.997
0.001	0.775	0.073	0.151
0.001	0.116	0.001	0.882
0.001	0.001	0.115	0.883
>ACTGATAAGC	2-ACTGATAAGC	9.916116	-23.033156	0	T:21.0(23.08%),B:1707.0(4.08%),P:1e-10	Tpos:766.6,Tstd:251.1,Bpos:573.3,Bstd:316.6,StrandBias:1.5,Multiplicity:1.10
0.760	0.238	0.001	0.001
0.058	0.940	0.001	0.001
0.001	0.001	0.001	0.997
0.001	0.001	0.913	0.085
0.997	0.001	0.001	0.001
0.001	0.001	0.001	0.997
0.916	0.001	0.082	0.001
0.997	0.001	0.001	0.001
0.095	0.065	0.839	0.001
0.183	0.721	0.039	0.057
>AGAGTGCGCA	3-AGAGTGCGCA	7.097506	-19.880986	0	T:26.0(28.57%),B:3169.7(7.57%),P:1e-8	Tpos:540.2,Tstd:267.9,Bpos:521.9,Bstd:304.0,StrandBias:-1.1,Multiplicity:1.19
0.739	0.089	0.046	0.126
0.069	0.001	0.784	0.146
0.725	0.003	0.166	0.106
0.040	0.051	0.826	0.083
0.001	0.001	0.125	0.873
0.193	0.041	0.682	0.084
0.013	0.985	0.001	0.001
0.001	0.234	0.732	0.033
0.001	0.772	0.173	0.054
0.865	0.082	0.052	0.001
>GTGAYGTCGT	4-GTGAYGTCGT	8.320095	-18.873721	0	T:21.0(23.08%),B:2158.9(5.16%),P:1e-8	Tpos:562.6,Tstd:272.4,Bpos:487.4,Bstd:314.2,StrandBias:-0.7,Multiplicity:1.14
0.044	0.092	0.720	0.144
0.106	0.001	0.088	0.805
0.001	0.001	0.946	0.052
0.997	0.001	0.001	0.001
0.246	0.342	0.004	0.408
0.001	0.002	0.958	0.039
0.148	0.001	0.056	0.795
0.061	0.738	0.045	0.156
0.089	0.001	0.909	0.001
0.001	0.074	0.116	0.809
>GCGTCATTTC	5-GCGTCATTTC	10.331465	-18.129116	0	T:12.0(13.19%),B:621.1(1.48%),P:1e-7	Tpos:457.2,Tstd:329.6,Bpos:525.2,Bstd:325.9,StrandBias:1.7,Multiplicity:1.08
0.001	0.136	0.824	0.039
0.068	0.851	0.080	0.001
0.001	0.078	0.872	0.049
0.088	0.001	0.001	0.910
0.001	0.920	0.001	0.078
0.824	0.001	0.098	0.077
0.001	0.001	0.001	0.997
0.001	0.001	0.001	0.997
0.001	0.001	0.001	0.997
0.122	0.876	0.001	0.001
>TTCTATGTYG	6-TTCTATGTYG	9.442694	-18.120026	0	T:20.0(21.98%),B:2037.1(4.87%),P:1e-7	Tpos:635.7,Tstd:217.7,Bpos:520.4,Bstd:321.0,StrandBias:-0.3,Multiplicity:1.10
0.001	0.001	0.001	0.997
0.001	0.001	0.001	0.997
0.095	0.834	0.001	0.070
0.001	0.001	0.001	0.997
0.589	0.001	0.219	0.191
0.001	0.001	0.001	0.997
0.290	0.001	0.651	0.058
0.001	0.001	0.001	0.997
0.001	0.564	0.001	0.434
0.093	0.088	0.733	0.086
>CTTCTATCTA	7-CTTCTATCTA	8.485148	-17.829073	0	T:18.0(19.78%),B:1658.1(3.96%),P:1e-7	Tpos:540.6,Tstd:289.6,Bpos:504.3,Bstd:317.5,StrandBias:-0.6,Multiplicity:1.11
0.049	0.852	0.001	0.098
0.089	0.090	0.001	0.820
0.001	0.108	0.001	0.890
0.001	0.944	0.001	0.054
0.001	0.001	0.001	0.997
0.814	0.058	0.087	0.041
0.068	0.090	0.001	0.841
0.001	0.962	0.001	0.036
0.046	0.001	0.001	0.952
0.997	0.001	0.001	0.001
>GTGTGGCGTA	8-GTGTGGCGTA	10.853107	-17.776389	0	T:8.0(8.79%),B:200.7(0.48%),P:1e-7	Tpos:539.4,Tstd:358.8,Bpos:567.9,Bstd:351.8,StrandBias:-0.7,Multiplicity:1.00
0.001	0.001	0.997	0.001
0.001	0.001	0.001	0.997
0.001	0.001	0.817	0.181
0.001	0.001	0.001	0.997
0.001	0.001	0.997	0.001
0.001	0.001	0.997	0.001
0.177	0.493	0.197	0.133
0.001	0.001	0.997	0.001
0.001	0.001	0.125	0.873
0.997	0.001	0.001	0.001
>GGAGAACGAT	9-GGAGAACGAT	9.714748	-17.060220	0	T:12.0(13.19%),B:686.3(1.64%),P:1e-7	Tpos:515.8,Tstd:289.7,Bpos:496.9,Bstd:310.1,StrandBias:-1.6,Multiplicity:1.00
0.001	0.194	0.804	0.001
0.168	0.001	0.830	0.001
0.556	0.167	0.001	0.276
0.036	0.001	0.962	0.001
0.818	0.001	0.001	0.180
0.997	0.001	0.001	0.001
0.280	0.476	0.244	0.001
0.001	0.098	0.900	0.001
0.863	0.001	0.001	0.135
0.001	0.109	0.165	0.725
>TCCTCTTATC	10-TCCTCTTATC	9.779016	-14.897800	0	T:14.0(15.38%),B:1194.9(2.85%),P:1e-6	Tpos:606.6,Tstd:264.3,Bpos:538.6,Bstd:317.4,StrandBias:1.6,Multiplicity:1.14
0.001	0.093	0.001	0.905
0.001	0.823	0.001	0.175
0.055	0.822	0.086	0.037
0.001	0.106	0.001	0.892
0.001	0.848	0.083	0.068
0.001	0.001	0.001	0.997
0.001	0.001	0.001	0.997
0.879	0.041	0.079	0.001
0.103	0.001	0.001	0.895
0.001	0.997	0.001	0.001
>TGTCTGCGTC	11-TGTCTGCGTC	8.550779	-13.869715	0	T:19.0(20.88%),B:2411.0(5.76%),P:1e-6	Tpos:489.8,Tstd:315.6,Bpos:535.7,Bstd:311.9,StrandBias:-0.5,Multiplicity:1.22
0.110	0.065	0.001	0.824
0.076	0.021	0.835	0.068
0.001	0.097	0.001	0.901
0.001	0.997	0.001	0.001
0.001	0.001	0.001	0.997
0.127	0.104	0.768	0.001
0.037	0.890	0.001	0.072
0.001	0.001	0.997	0.001
0.001	0.097	0.001	0.901
0.001	0.894	0.001	0.104
>MCRGCCTTGY	12-MCRGCCTTGY	8.518239	-13.226533	0	T:12.0(13.19%),B:990.2(2.37%),P:1e-5	Tpos:625.3,Tstd:301.4,Bpos:496.8,Bstd:290.6,StrandBias:0.8,Multiplicity:1.17
0.470	0.528	0.001	0.001
0.195	0.750	0.001	0.054
0.435	0.077	0.485	0.004
0.002	0.001	0.934	0.063
0.001	0.994	0.004	0.001
0.194	0.562	0.243	0.001
0.001	0.001	0.001	0.997
0.003	0.185	0.001	0.811
0.001	0.001	0.849	0.149
0.001	0.491	0.163	0.345
>AATCTSTGAA	13-AATCTSTGAA	11.121176	-11.334042	0	T:12.0(13.19%),B:1196.2(2.86%),P:1e-4	Tpos:550.8,Tstd:201.0,Bpos:495.0,Bstd:306.0,StrandBias:0.8,Multiplicity:1.58
0.997	0.001	0.001	0.001
0.997	0.001	0.001	0.001
0.001	0.333	0.001	0.665
0.001	0.997	0.001	0.001
0.001	0.001	0.001	0.997
0.001	0.445	0.553	0.001
0.001	0.001	0.001	0.997
0.179	0.001	0.819	0.001
0.997	0.001	0.001	0.001
0.997	0.001	0.001	0.001
>TTGACGGAAT	14-TTGACGGAAT	11.617035	-8.567149	0	T:5.0(5.49%),B:237.7(0.57%),P:1e-3	Tpos:594.7,Tstd:281.4,Bpos:492.6,Bstd:319.5,StrandBias:0.4,Multiplicity:1.40
0.001	0.001	0.001	0.997
0.001	0.001	0.001	0.997
0.134	0.001	0.864	0.001
0.997	0.001	0.001	0.001
0.001	0.997	0.001	0.001
0.001	0.001	0.997	0.001
0.001	0.001	0.997	0.001
0.997	0.001	0.001	0.001
0.809	0.001	0.189	0.001
0.001	0.001	0.001	0.997
>AATGATTTTT	15-AATGATTTTT	10.296193	-7.569229	0	T:11.0(12.09%),B:1533.5(3.66%),P:1e-3	Tpos:570.5,Tstd:320.4,Bpos:499.8,Bstd:309.3,StrandBias:-1.7,Multiplicity:1.18
0.700	0.100	0.100	0.100
0.700	0.100	0.100	0.100
0.100	0.100	0.100	0.700
0.100	0.100	0.700	0.100
0.700	0.100	0.100	0.100
0.100	0.100	0.100	0.700
0.100	0.100	0.100	0.700
0.100	0.100	0.100	0.700
0.100	0.100	0.100	0.700
0.100	0.100	0.100	0.700
>TTAACGGCCC	16-TTAACGGCCC	6.972147	-7.486863	0	T:16.0(17.58%),B:2929.3(7.00%),P:1e-3	Tpos:390.2,Tstd:259.3,Bpos:501.7,Bstd:308.3,StrandBias:0.7,Multiplicity:1.73
0.061	0.001	0.077	0.861
0.001	0.001	0.106	0.892
0.830	0.001	0.051	0.118
0.603	0.001	0.395	0.001
0.167	0.771	0.001	0.061
0.121	0.187	0.691	0.001
0.056	0.001	0.800	0.143
0.054	0.940	0.005	0.001
0.048	0.895	0.001	0.056
0.051	0.743	0.117	0.089
>GGTCGTCCTG	17-GGTCGTCCTG	7.234411	-6.859799	0	T:14.0(15.38%),B:2508.3(5.99%),P:1e-2	Tpos:429.5,Tstd:219.0,Bpos:470.3,Bstd:304.4,StrandBias:-0.2,Multiplicity:1.93
0.001	0.001	0.950	0.048
0.001	0.061	0.875	0.063
0.067	0.159	0.001	0.773
0.166	0.648	0.090	0.096
0.131	0.127	0.624	0.118
0.051	0.040	0.049	0.860
0.062	0.871	0.001	0.066
0.001	0.876	0.001	0.122
0.098	0.058	0.027	0.817
0.178	0.029	0.720	0.073
>GGCCGCTAAA	18-GGCCGCTAAA	12.886355	-6.774297	0	T:2.0(2.20%),B:21.6(0.05%),P:1e-2	Tpos:375.5,Tstd:20.5,Bpos:574.0,Bstd:311.5,StrandBias:0.0,Multiplicity:1.00
0.001	0.001	0.910	0.088
0.001	0.001	0.997	0.001
0.001	0.997	0.001	0.001
0.001	0.765	0.143	0.091
0.001	0.001	0.997	0.001
0.001	0.837	0.001	0.161
0.096	0.094	0.001	0.809
0.997	0.001	0.001	0.001
0.997	0.001	0.001	0.001
0.811	0.001	0.187	0.001
>TTAGCGGCCC	19-TTAGCGGCCC	12.890095	-4.528346	0	T:1.0(1.10%),B:4.6(0.01%),P:1e-1	Tpos:249.0,Tstd:153.0,Bpos:422.2,Bstd:188.8,StrandBias:10.0,Multiplicity:2.00
0.001	0.001	0.001	0.997
0.001	0.001	0.001	0.997
0.841	0.001	0.001	0.157
0.414	0.001	0.584	0.001
0.001	0.997	0.001	0.001
0.001	0.001	0.997	0.001
0.001	0.001	0.997	0.001
0.001	0.997	0.001	0.001
0.001	0.997	0.001	0.001
0.001	0.786	0.001	0.212
>CACTCTTTGCTT	1-CACTCTTTGCTT	13.762226	-24.260604	0	T:7.0(7.69%),B:47.7(0.11%),P:1e-10	Tpos:470.0,Tstd:256.4,Bpos:644.1,Bstd:298.3,StrandBias:10.0,Multiplicity:1.00
0.001	0.997	0.001	0.001
0.839	0.001	0.001	0.159
0.001	0.997	0.001	0.001
0.001	0.001	0.001	0.997
0.390	0.608	0.001	0.001
0.001	0.001	0.001	0.997
0.001	0.001	0.001	0.997
0.001	0.001	0.001	0.997
0.001	0.001	0.997	0.001
0.001	0.997	0.001	0.001
0.256	0.001	0.001	0.742
0.001	0.191	0.001	0.807
>CATACTACACTT	2-CATACTACACTT	14.296961	-23.632584	0	T:5.0(5.49%),B:8.1(0.02%),P:1e-10	Tpos:394.0,Tstd:218.3,Bpos:573.1,Bstd:245.3,StrandBias:0.6,Multiplicity:1.00
0.001	0.882	0.116	0.001
0.997	0.001	0.001	0.001
0.001	0.001	0.220	0.778
0.997	0.001	0.001	0.001
0.001	0.750	0.248	0.001
0.001	0.001	0.001	0.997
0.997	0.001	0.001	0.001
0.192	0.806	0.001	0.001
0.997	0.001	0.001	0.001
0.001	0.997	0.001	0.001
0.001	0.001	0.001	0.997
0.001	0.001	0.001	0.997
>CAGAAAACTATT	3-CAGAAAACTATT	13.408749	-22.129525	0	T:9.0(9.89%),B:172.9(0.41%),P:1e-9	Tpos:559.8,Tstd:145.8,Bpos:530.1,Bstd:290.4,StrandBias:-1.8,Multiplicity:1.00
0.001	0.997	0.001	0.001
0.886	0.112	0.001	0.001
0.001	0.001	0.899	0.099
0.997	0.001	0.001	0.001
0.857	0.001	0.141	0.001
0.997	0.001	0.001	0.001
0.997	0.001	0.001	0.001
0.001	0.997	0.001	0.001
0.062	0.096	0.001	0.841
0.841	0.096	0.001	0.062
0.001	0.001	0.001	0.997
0.001	0.138	0.101	0.760
>TCTTATCAGTAA	4-TCTTATCAGTAA	10.299780	-21.522432	0	T:23.0(25.27%),B:2264.5(5.41%),P:1e-9	Tpos:572.3,Tstd:334.5,Bpos:537.5,Bstd:318.4,StrandBias:-0.6,Multiplicity:1.09
0.003	0.053	0.104	0.840
0.093	0.700	0.103	0.104
0.001	0.001	0.001	0.997
0.001	0.001	0.055	0.943
0.980	0.001	0.001	0.018
0.001	0.001	0.001	0.997
0.044	0.857	0.001	0.098
0.939	0.001	0.059	0.001
0.201	0.089	0.587	0.123
0.242	0.097	0.001	0.660
0.663	0.143	0.053	0.141
0.843	0.087	0.050	0.020
>TGAGCGACGVAG	5-TGAGCGACGVAG	9.546492	-19.901581	0	T:13.0(14.29%),B:654.7(1.56%),P:1e-8	Tpos:610.2,Tstd:306.9,Bpos:534.8,Bstd:319.5,StrandBias:-1.2,Multiplicity:1.08
0.315	0.001	0.001	0.683
0.001	0.001	0.683	0.315
0.997	0.001	0.001	0.001
0.001	0.001	0.997	0.001
0.050	0.948	0.001	0.001
0.315	0.001	0.683	0.001
0.997	0.001	0.001	0.001
0.001	0.997	0.001	0.001
0.001	0.001	0.997	0.001
0.316	0.367	0.316	0.001
0.997	0.001	0.001	0.001
0.001	0.001	0.683	0.315
>GTCTATTTCTCT	6-GTCTATTTCTCT	10.955164	-19.065715	0	T:14.0(15.38%),B:847.4(2.02%),P:1e-8	Tpos:536.2,Tstd:243.2,Bpos:529.0,Bstd:315.6,StrandBias:1.0,Multiplicity:1.07
0.066	0.001	0.932	0.001
0.172	0.001	0.001	0.826
0.001	0.951	0.047	0.001
0.001	0.001	0.054	0.944
0.613	0.161	0.176	0.050
0.130	0.097	0.001	0.772
0.065	0.003	0.001	0.931
0.001	0.058	0.001	0.940
0.140	0.628	0.081	0.151
0.078	0.001	0.001	0.920
0.001	0.742	0.055	0.202
0.185	0.001	0.001	0.813
>TATGATCAKAAT	7-TATGATCAKAAT	10.484777	-18.862927	0	T:15.0(16.48%),B:1018.4(2.43%),P:1e-8	Tpos:659.1,Tstd:277.0,Bpos:530.3,Bstd:311.2,StrandBias:0.2,Multiplicity:1.00
0.067	0.001	0.088	0.844
0.949	0.002	0.001	0.048
0.001	0.078	0.001	0.920
0.055	0.189	0.755	0.001
0.920	0.078	0.001	0.001
0.140	0.001	0.082	0.777
0.001	0.934	0.063	0.002
0.996	0.001	0.002	0.001
0.085	0.001	0.420	0.494
0.808	0.001	0.001	0.190
0.637	0.087	0.152	0.124
0.238	0.001	0.001	0.760
>TTGGGGRATGAC	8-TTGGGGRATGAC	11.937318	-16.865346	0	T:6.0(6.59%),B:84.7(0.20%),P:1e-7	Tpos:432.7,Tstd:286.2,Bpos:549.1,Bstd:313.3,StrandBias:-1.0,Multiplicity:1.00
0.001	0.001	0.258	0.740
0.001	0.001	0.001	0.997
0.001	0.001	0.997	0.001
0.001	0.001	0.997	0.001
0.218	0.001	0.771	0.010
0.001	0.001	0.740	0.258
0.485	0.001	0.513	0.001
0.997	0.001	0.001	0.001
0.207	0.001	0.226	0.566
0.001	0.001	0.740	0.258
0.997	0.001	0.001	0.001
0.001	0.986	0.012	0.001
>CATTTCTAAAAG	9-CATTTCTAAAAG	10.781851	-16.629276	0	T:19.0(20.88%),B:2010.1(4.80%),P:1e-7	Tpos:392.9,Tstd:279.9,Bpos:509.2,Bstd:305.5,StrandBias:0.3,Multiplicity:1.05
0.070	0.816	0.031	0.083
0.807	0.001	0.121	0.071
0.001	0.001	0.137	0.861
0.001	0.001	0.001	0.997
0.147	0.001	0.001	0.851
0.001	0.729	0.154	0.116
0.073	0.001	0.206	0.720
0.901	0.041	0.001	0.057
0.927	0.071	0.001	0.001
0.944	0.001	0.054	0.001
0.864	0.056	0.077	0.003
0.044	0.085	0.595	0.276
>AGAGTGAGCAAG	10-AGAGTGAGCAAG	11.109247	-16.610190	0	T:10.0(10.99%),B:446.2(1.07%),P:1e-7	Tpos:569.5,Tstd:186.1,Bpos:544.3,Bstd:316.4,StrandBias:-1.7,Multiplicity:1.30
0.803	0.070	0.062	0.065
0.143	0.065	0.789	0.003
0.997	0.001	0.001	0.001
0.071	0.001	0.927	0.001
0.105	0.001	0.001	0.893
0.001	0.105	0.893	0.001
0.892	0.105	0.001	0.002
0.093	0.001	0.905	0.001
0.157	0.688	0.154	0.001
0.972	0.001	0.026	0.001
0.662	0.085	0.252	0.001
0.162	0.249	0.588	0.001
>GAGGTGAAATGA	11-GAGGTGAAATGA	11.266694	-16.321637	0	T:9.0(9.89%),B:344.3(0.82%),P:1e-7	Tpos:432.0,Tstd:283.3,Bpos:549.1,Bstd:316.5,StrandBias:0.3,Multiplicity:1.00
0.090	0.281	0.628	0.001
0.997	0.001	0.001	0.001
0.113	0.001	0.885	0.001
0.001	0.001	0.997	0.001
0.243	0.001	0.001	0.755
0.175	0.153	0.671	0.001
0.823	0.001	0.175	0.001
0.671	0.001	0.153	0.175
0.997	0.001	0.001	0.001
0.001	0.001	0.001	0.997
0.105	0.001	0.893	0.001
0.732	0.001	0.266	0.001
>VAGTGACGTCAT	12-VAGTGACGTCAT	8.010077	-15.401158	0	T:15.0(16.48%),B:1332.6(3.18%),P:1e-6	Tpos:491.6,Tstd:290.4,Bpos:500.9,Bstd:302.9,StrandBias:-0.3,Multiplicity:1.20
0.238	0.347	0.265	0.150
0.824	0.017	0.009	0.150
0.010	0.001	0.988	0.001
0.001	0.001	0.001	0.997
0.001	0.010	0.988	0.001
0.997	0.001	0.001	0.001
0.013	0.985	0.001	0.001
0.008	0.343	0.648	0.001
0.221	0.001	0.001	0.777
0.221	0.777	0.001	0.001
0.654	0.001	0.344	0.001
0.001	0.001	0.001	0.997
>TGAGATCTCAAA	13-TGAGATCTCAAA	13.511141	-14.038355	0	T:5.0(5.49%),B:74.0(0.18%),P:1e-6	Tpos:483.3,Tstd:383.2,Bpos:558.8,Bstd:371.5,StrandBias:2.3,Multiplicity:1.00
0.093	0.129	0.001	0.777
0.001	0.128	0.870	0.001
0.997	0.001	0.001	0.001
0.063	0.001	0.935	0.001
0.997	0.001	0.001	0.001
0.001	0.001	0.001	0.997
0.001	0.792	0.142	0.065
0.001	0.001	0.001	0.997
0.001	0.910	0.088	0.001
0.997	0.001	0.001	0.001
0.997	0.001	0.001	0.001
0.821	0.177	0.001	0.001
>TAGCAGTAGCAG	14-TAGCAGTAGCAG	14.576482	-14.012310	0	T:3.0(3.30%),B:6.7(0.02%),P:1e-6	Tpos:461.3,Tstd:231.5,Bpos:343.5,Bstd:232.9,StrandBias:-1.0,Multiplicity:1.00
0.001	0.145	0.001	0.853
0.997	0.001	0.001	0.001
0.001	0.001	0.997	0.001
0.001	0.997	0.001	0.001
0.997	0.001	0.001	0.001
0.001	0.001	0.997	0.001
0.001	0.001	0.001	0.997
0.567	0.001	0.195	0.237
0.001	0.001	0.997	0.001
0.001	0.997	0.001	0.001
0.788	0.210	0.001	0.001
0.001	0.001	0.997	0.001
>TAAGCTTATAAG	15-TAAGCTTATAAG	12.028222	-12.375012	0	T:6.0(6.59%),B:187.2(0.45%),P:1e-5	Tpos:579.6,Tstd:196.8,Bpos:500.1,Bstd:299.3,StrandBias:-1.0,Multiplicity:1.17
0.122	0.001	0.001	0.876
0.852	0.146	0.001	0.001
0.797	0.001	0.201	0.001
0.387	0.001	0.606	0.006
0.169	0.728	0.001	0.102
0.001	0.001	0.001	0.997
0.001	0.001	0.001	0.997
0.997	0.001	0.001	0.001
0.103	0.001	0.001	0.895
0.507	0.329	0.163	0.001
0.997	0.001	0.001	0.001
0.106	0.001	0.775	0.118
>CTTTTAAAAGTG	16-CTTTTAAAAGTG	13.602532	-12.199332	0	T:6.0(6.59%),B:193.1(0.46%),P:1e-5	Tpos:592.3,Tstd:261.3,Bpos:522.9,Bstd:300.0,StrandBias:0.4,Multiplicity:1.00
0.103	0.815	0.001	0.081
0.001	0.189	0.001	0.809
0.001	0.001	0.001	0.997
0.001	0.170	0.001	0.828
0.001	0.001	0.001	0.997
0.997	0.001	0.001	0.001
0.997	0.001	0.001	0.001
0.997	0.001	0.001	0.001
0.997	0.001	0.001	0.001
0.092	0.001	0.906	0.001
0.001	0.001	0.001	0.997
0.119	0.001	0.787	0.093
>AAATTTCGAAAT	17-AAATTTCGAAAT	11.986588	-10.443771	0	T:26.0(28.57%),B:5175.9(12.36%),P:1e-4	Tpos:515.8,Tstd:345.0,Bpos:515.2,Bstd:301.2,StrandBias:0.1,Multiplicity:1.27
0.997	0.001	0.001	0.001
0.997	0.001	0.001	0.001
0.997	0.001	0.001	0.001
0.001	0.001	0.001	0.997
0.001	0.001	0.001	0.997
0.001	0.001	0.342	0.656
0.001	0.691	0.001	0.307
0.001	0.135	0.863	0.001
0.651	0.347	0.001	0.001
0.997	0.001	0.001	0.001
0.888	0.001	0.001	0.110
0.097	0.210	0.001	0.692
>GGCCGCTAAATT	18-GGCCGCTAAATT	13.218077	-9.240564	0	T:2.0(2.20%),B:5.6(0.01%),P:1e-4	Tpos:362.5,Tstd:34.5,Bpos:282.3,Bstd:165.2,StrandBias:0.0,Multiplicity:1.00
0.209	0.001	0.788	0.002
0.001	0.001	0.871	0.127
0.001	0.871	0.001	0.127
0.001	0.886	0.006	0.107
0.001	0.119	0.624	0.256
0.118	0.880	0.001	0.001
0.240	0.001	0.001	0.758
0.997	0.001	0.001	0.001
0.997	0.001	0.001	0.001
0.854	0.001	0.144	0.001
0.119	0.144	0.001	0.736
0.119	0.001	0.128	0.752
>GAMAMCACGYGT	19-GAMAMCACGYGT	9.717092	-8.226322	0	T:4.0(4.40%),B:138.6(0.33%),P:1e-3	Tpos:408.6,Tstd:164.7,Bpos:580.2,Bstd:309.5,StrandBias:0.7,Multiplicity:1.50
0.001	0.001	0.997	0.001
0.997	0.001	0.001	0.001
0.486	0.512	0.001	0.001
0.997	0.001	0.001	0.001
0.533	0.465	0.001	0.001
0.001	0.997	0.001	0.001
0.749	0.249	0.001	0.001
0.001	0.997	0.001	0.001
0.001	0.001	0.772	0.226
0.001	0.451	0.016	0.532
0.001	0.001	0.986	0.012
0.001	0.001	0.001	0.997
>ATTTAACGGCCC	20-ATTTAACGGCCC	12.716556	-7.936860	0	T:2.0(2.20%),B:11.7(0.03%),P:1e-3	Tpos:342.7,Tstd:230.7,Bpos:451.5,Bstd:254.8,StrandBias:2.6,Multiplicity:3.50
0.789	0.001	0.001	0.209
0.001	0.186	0.001	0.812
0.001	0.001	0.001	0.997
0.001	0.001	0.001	0.997
0.819	0.001	0.001	0.179
0.779	0.001	0.219	0.001
0.186	0.812	0.001	0.001
0.007	0.007	0.985	0.001
0.358	0.001	0.640	0.001
0.001	0.789	0.209	0.001
0.001	0.997	0.001	0.001
0.001	0.993	0.005	0.001
>ACTACCAGSACC	21-ACTACCAGSACC	10.490103	-6.575916	0	T:5.0(5.49%),B:372.0(0.89%),P:1e-2	Tpos:556.5,Tstd:226.5,Bpos:465.1,Bstd:329.8,StrandBias:2.8,Multiplicity:1.60
0.997	0.001	0.001	0.001
0.001	0.997	0.001	0.001
0.001	0.257	0.001	0.741
0.564	0.001	0.131	0.304
0.212	0.786	0.001	0.001
0.091	0.809	0.001	0.099
0.786	0.001	0.001	0.212
0.213	0.234	0.552	0.001
0.001	0.447	0.551	0.001
0.997	0.001	0.001	0.001
0.227	0.476	0.001	0.296
0.001	0.771	0.227	0.001
>TTTMCAGATTTT	22-TTTMCAGATTTT	12.119496	-3.701925	0	T:9.0(9.89%),B:1928.4(4.61%),P:1e-1	Tpos:476.3,Tstd:160.7,Bpos:511.8,Bstd:300.5,StrandBias:-3.4,Multiplicity:3.78
0.001	0.001	0.001	0.997
0.001	0.001	0.001	0.997
0.001	0.001	0.001	0.997
0.416	0.510	0.073	0.001
0.001	0.960	0.038	0.001
0.926	0.001	0.001	0.072
0.374	0.001	0.624	0.001
0.997	0.001	0.001	0.001
0.001	0.001	0.001	0.997
0.001	0.001	0.001	0.997
0.001	0.001	0.001	0.997
0.001	0.001	0.001	0.997
>CTGATAAG	1-CTGATAAG	8.535556	-21.988924	0	T:38.0(41.76%),B:6072.9(14.51%),P:1e-9	Tpos:674.8,Tstd:275.5,Bpos:534.9,Bstd:321.6,StrandBias:0.4,Multiplicity:1.29
0.001	0.832	0.001	0.166
0.001	0.015	0.001	0.983
0.001	0.001	0.851	0.147
0.997	0.001	0.001	0.001
0.001	0.001	0.001	0.997
0.885	0.001	0.001	0.113
0.997	0.001	0.001	0.001
0.001	0.001	0.997	0.001
>AGTGCGCA	2-AGTGCGCA	8.017075	-14.852573	0	T:25.0(27.47%),B:3791.5(9.06%),P:1e-6	Tpos:495.8,Tstd:284.8,Bpos:514.8,Bstd:308.6,StrandBias:-1.2,Multiplicity:1.12
0.858	0.001	0.001	0.140
0.001	0.001	0.814	0.184
0.001	0.001	0.022	0.976
0.001	0.001	0.997	0.001
0.333	0.665	0.001	0.001
0.001	0.181	0.817	0.001
0.001	0.997	0.001	0.001
0.613	0.251	0.001	0.135
>GTCTGCGT	3-GTCTGCGT	6.521718	-10.811180	0	T:33.0(36.26%),B:7413.1(17.71%),P:1e-4	Tpos:502.0,Tstd:285.2,Bpos:510.5,Bstd:311.2,StrandBias:0.1,Multiplicity:1.33
0.001	0.102	0.877	0.020
0.001	0.024	0.042	0.933
0.033	0.946	0.020	0.001
0.039	0.001	0.042	0.918
0.059	0.170	0.770	0.001
0.025	0.849	0.032	0.094
0.017	0.047	0.935	0.001
0.001	0.030	0.039	0.930
>AACACGTG	4-AACACGTG	8.598241	-10.682467	0	T:15.0(16.48%),B:1968.8(4.70%),P:1e-4	Tpos:500.2,Tstd:253.4,Bpos:529.8,Bstd:315.1,StrandBias:0.5,Multiplicity:1.07
0.997	0.001	0.001	0.001
0.810	0.188	0.001	0.001
0.001	0.997	0.001	0.001
0.997	0.001	0.001	0.001
0.001	0.997	0.001	0.001
0.001	0.001	0.997	0.001
0.001	0.001	0.104	0.894
0.001	0.001	0.997	0.001
>TCTATCTA	5-TCTATCTA	8.236954	-9.426894	0	T:10.0(10.99%),B:1019.3(2.43%),P:1e-4	Tpos:460.4,Tstd:221.8,Bpos:517.4,Bstd:314.3,StrandBias:-0.3,Multiplicity:1.10
0.100	0.100	0.100	0.700
0.100	0.700	0.100	0.100
0.100	0.100	0.100	0.700
0.700	0.100	0.100	0.100
0.100	0.100	0.100	0.700
0.100	0.700	0.100	0.100
0.100	0.100	0.100	0.700
0.700	0.100	0.100	0.100
>GCGGCCCT	6-GCGGCCCT	7.248707	-8.693156	0	T:9.0(9.89%),B:904.0(2.16%),P:1e-3	Tpos:365.5,Tstd:230.8,Bpos:503.6,Bstd:295.4,StrandBias:1.5,Multiplicity:1.67
0.045	0.001	0.953	0.001
0.001	0.960	0.001	0.038
0.055	0.054	0.890	0.001
0.001	0.001	0.845	0.153
0.001	0.941	0.001	0.057
0.037	0.921	0.041	0.001
0.001	0.907	0.053	0.039
0.343	0.001	0.001	0.655
>TCTGTAAA	7-TCTGTAAA	9.658735	-4.518906	0	T:20.0(21.98%),B:5381.1(12.85%),P:1e-1	Tpos:524.7,Tstd:218.7,Bpos:510.2,Bstd:316.7,StrandBias:0.7,Multiplicity:1.70
0.001	0.001	0.001	0.997
0.001	0.997	0.001	0.001
0.001	0.001	0.001	0.997
0.001	0.001	0.997	0.001
0.001	0.001	0.001	0.997
0.754	0.001	0.244	0.001
0.997	0.001	0.001	0.001
0.997	0.001	0.001	0.001
