>TGTGACTCTT	1-TGTGACTCTT	9.103681	-25.493954	0	T:20.0(21.98%),B:1324.9(3.16%),P:1e-11	Tpos:536.5,Tstd:334.1,Bpos:518.3,Bstd:312.5,StrandBias:1.3,Multiplicity:1.05
0.001	0.001	0.001	0.997
0.001	0.001	0.997	0.001
0.102	0.001	0.001	0.896
0.074	0.001	0.842	0.083
0.819	0.093	0.087	0.001
0.056	0.914	0.029	0.001
0.001	0.001	0.001	0.997
0.001	0.775	0.073	0.151
0.001	0.116	0.001	0.882
0.001	0.001	0.115	0.883
>ACTGATAAGC	2-ACTGATAAGC	9.916116	-23.033156	0	T:21.0(23.08%),B:1707.0(4.08%),P:1e-10	Tpos:766.6,Tstd:251.1,Bpos:573.3,Bstd:316.6,StrandBias:1.5,Multiplicity:1.10
0.760	0.238	0.001	0.001
0.058	0.940	0.001	0.001
0.001	0.001	0.001	0.997
0.001	0.001	0.913	0.085
0.997	0.001	0.001	0.001
0.001	0.001	0.001	0.997
0.916	0.001	0.082	0.001
0.997	0.001	0.001	0.001
0.095	0.065	0.839	0.001
0.183	0.721	0.039	0.057
>AGAGTGCGCA	3-AGAGTGCGCA	7.097506	-19.880986	0	T:26.0(28.57%),B:3169.7(7.57%),P:1e-8	Tpos:540.2,Tstd:267.9,Bpos:521.9,Bstd:304.0,StrandBias:-1.1,Multiplicity:1.19
0.739	0.089	0.046	0.126
0.069	0.001	0.784	0.146
0.725	0.003	0.166	0.106
0.040	0.051	0.826	0.083
0.001	0.001	0.125	0.873
0.193	0.041	0.682	0.084
0.013	0.985	0.001	0.001
0.001	0.234	0.732	0.033
0.001	0.772	0.173	0.054
0.865	0.082	0.052	0.001
>GTGAYGTCGT	4-GTGAYGTCGT	8.320095	-18.873721	0	T:21.0(23.08%),B:2158.9(5.16%),P:1e-8	Tpos:562.6,Tstd:272.4,Bpos:487.4,Bstd:314.2,StrandBias:-0.7,Multiplicity:1.14
0.044	0.092	0.720	0.144
0.106	0.001	0.088	0.805
0.001	0.001	0.946	0.052
0.997	0.001	0.001	0.001
0.246	0.342	0.004	0.408
0.001	0.002	0.958	0.039
0.148	0.001	0.056	0.795
0.061	0.738	0.045	0.156
0.089	0.001	0.909	0.001
0.001	0.074	0.116	0.809
>GCGTCATTTC	5-GCGTCATTTC	10.331465	-18.129116	0	T:12.0(13.19%),B:621.1(1.48%),P:1e-7	Tpos:457.2,Tstd:329.6,Bpos:525.2,Bstd:325.9,StrandBias:1.7,Multiplicity:1.08
0.001	0.136	0.824	0.039
0.068	0.851	0.080	0.001
0.001	0.078	0.872	0.049
0.088	0.001	0.001	0.910
0.001	0.920	0.001	0.078
0.824	0.001	0.098	0.077
0.001	0.001	0.001	0.997
0.001	0.001	0.001	0.997
0.001	0.001	0.001	0.997
0.122	0.876	0.001	0.001
>TTCTATGTYG	6-TTCTATGTYG	9.442694	-18.120026	0	T:20.0(21.98%),B:2037.1(4.87%),P:1e-7	Tpos:635.7,Tstd:217.7,Bpos:520.4,Bstd:321.0,StrandBias:-0.3,Multiplicity:1.10
0.001	0.001	0.001	0.997
0.001	0.001	0.001	0.997
0.095	0.834	0.001	0.070
0.001	0.001	0.001	0.997
0.589	0.001	0.219	0.191
0.001	0.001	0.001	0.997
0.290	0.001	0.651	0.058
0.001	0.001	0.001	0.997
0.001	0.564	0.001	0.434
0.093	0.088	0.733	0.086
>CTTCTATCTA	7-CTTCTATCTA	8.485148	-17.829073	0	T:18.0(19.78%),B:1658.1(3.96%),P:1e-7	Tpos:540.6,Tstd:289.6,Bpos:504.3,Bstd:317.5,StrandBias:-0.6,Multiplicity:1.11
0.049	0.852	0.001	0.098
0.089	0.090	0.001	0.820
0.001	0.108	0.001	0.890
0.001	0.944	0.001	0.054
0.001	0.001	0.001	0.997
0.814	0.058	0.087	0.041
0.068	0.090	0.001	0.841
0.001	0.962	0.001	0.036
0.046	0.001	0.001	0.952
0.997	0.001	0.001	0.001
>GTGTGGCGTA	8-GTGTGGCGTA	10.853107	-17.776389	0	T:8.0(8.79%),B:200.7(0.48%),P:1e-7	Tpos:539.4,Tstd:358.8,Bpos:567.9,Bstd:351.8,StrandBias:-0.7,Multiplicity:1.00
0.001	0.001	0.997	0.001
0.001	0.001	0.001	0.997
0.001	0.001	0.817	0.181
0.001	0.001	0.001	0.997
0.001	0.001	0.997	0.001
0.001	0.001	0.997	0.001
0.177	0.493	0.197	0.133
0.001	0.001	0.997	0.001
0.001	0.001	0.125	0.873
0.997	0.001	0.001	0.001
>GGAGAACGAT	9-GGAGAACGAT	9.714748	-17.060220	0	T:12.0(13.19%),B:686.3(1.64%),P:1e-7	Tpos:515.8,Tstd:289.7,Bpos:496.9,Bstd:310.1,StrandBias:-1.6,Multiplicity:1.00
0.001	0.194	0.804	0.001
0.168	0.001	0.830	0.001
0.556	0.167	0.001	0.276
0.036	0.001	0.962	0.001
0.818	0.001	0.001	0.180
0.997	0.001	0.001	0.001
0.280	0.476	0.244	0.001
0.001	0.098	0.900	0.001
0.863	0.001	0.001	0.135
0.001	0.109	0.165	0.725
>TCCTCTTATC	10-TCCTCTTATC	9.779016	-14.897800	0	T:14.0(15.38%),B:1194.9(2.85%),P:1e-6	Tpos:606.6,Tstd:264.3,Bpos:538.6,Bstd:317.4,StrandBias:1.6,Multiplicity:1.14
0.001	0.093	0.001	0.905
0.001	0.823	0.001	0.175
0.055	0.822	0.086	0.037
0.001	0.106	0.001	0.892
0.001	0.848	0.083	0.068
0.001	0.001	0.001	0.997
0.001	0.001	0.001	0.997
0.879	0.041	0.079	0.001
0.103	0.001	0.001	0.895
0.001	0.997	0.001	0.001
>TGTCTGCGTC	11-TGTCTGCGTC	8.550779	-13.869715	0	T:19.0(20.88%),B:2411.0(5.76%),P:1e-6	Tpos:489.8,Tstd:315.6,Bpos:535.7,Bstd:311.9,StrandBias:-0.5,Multiplicity:1.22
0.110	0.065	0.001	0.824
0.076	0.021	0.835	0.068
0.001	0.097	0.001	0.901
0.001	0.997	0.001	0.001
0.001	0.001	0.001	0.997
0.127	0.104	0.768	0.001
0.037	0.890	0.001	0.072
0.001	0.001	0.997	0.001
0.001	0.097	0.001	0.901
0.001	0.894	0.001	0.104
>MCRGCCTTGY	12-MCRGCCTTGY	8.518239	-13.226533	0	T:12.0(13.19%),B:990.2(2.37%),P:1e-5	Tpos:625.3,Tstd:301.4,Bpos:496.8,Bstd:290.6,StrandBias:0.8,Multiplicity:1.17
0.470	0.528	0.001	0.001
0.195	0.750	0.001	0.054
0.435	0.077	0.485	0.004
0.002	0.001	0.934	0.063
0.001	0.994	0.004	0.001
0.194	0.562	0.243	0.001
0.001	0.001	0.001	0.997
0.003	0.185	0.001	0.811
0.001	0.001	0.849	0.149
0.001	0.491	0.163	0.345
>AATCTSTGAA	13-AATCTSTGAA	11.121176	-11.334042	0	T:12.0(13.19%),B:1196.2(2.86%),P:1e-4	Tpos:550.8,Tstd:201.0,Bpos:495.0,Bstd:306.0,StrandBias:0.8,Multiplicity:1.58
0.997	0.001	0.001	0.001
0.997	0.001	0.001	0.001
0.001	0.333	0.001	0.665
0.001	0.997	0.001	0.001
0.001	0.001	0.001	0.997
0.001	0.445	0.553	0.001
0.001	0.001	0.001	0.997
0.179	0.001	0.819	0.001
0.997	0.001	0.001	0.001
0.997	0.001	0.001	0.001
>TTGACGGAAT	14-TTGACGGAAT	11.617035	-8.567149	0	T:5.0(5.49%),B:237.7(0.57%),P:1e-3	Tpos:594.7,Tstd:281.4,Bpos:492.6,Bstd:319.5,StrandBias:0.4,Multiplicity:1.40
0.001	0.001	0.001	0.997
0.001	0.001	0.001	0.997
0.134	0.001	0.864	0.001
0.997	0.001	0.001	0.001
0.001	0.997	0.001	0.001
0.001	0.001	0.997	0.001
0.001	0.001	0.997	0.001
0.997	0.001	0.001	0.001
0.809	0.001	0.189	0.001
0.001	0.001	0.001	0.997
>AATGATTTTT	15-AATGATTTTT	10.296193	-7.569229	0	T:11.0(12.09%),B:1533.5(3.66%),P:1e-3	Tpos:570.5,Tstd:320.4,Bpos:499.8,Bstd:309.3,StrandBias:-1.7,Multiplicity:1.18
0.700	0.100	0.100	0.100
0.700	0.100	0.100	0.100
0.100	0.100	0.100	0.700
0.100	0.100	0.700	0.100
0.700	0.100	0.100	0.100
0.100	0.100	0.100	0.700
0.100	0.100	0.100	0.700
0.100	0.100	0.100	0.700
0.100	0.100	0.100	0.700
0.100	0.100	0.100	0.700
>TTAACGGCCC	16-TTAACGGCCC	6.972147	-7.486863	0	T:16.0(17.58%),B:2929.3(7.00%),P:1e-3	Tpos:390.2,Tstd:259.3,Bpos:501.7,Bstd:308.3,StrandBias:0.7,Multiplicity:1.73
0.061	0.001	0.077	0.861
0.001	0.001	0.106	0.892
0.830	0.001	0.051	0.118
0.603	0.001	0.395	0.001
0.167	0.771	0.001	0.061
0.121	0.187	0.691	0.001
0.056	0.001	0.800	0.143
0.054	0.940	0.005	0.001
0.048	0.895	0.001	0.056
0.051	0.743	0.117	0.089
>GGTCGTCCTG	17-GGTCGTCCTG	7.234411	-6.859799	0	T:14.0(15.38%),B:2508.3(5.99%),P:1e-2	Tpos:429.5,Tstd:219.0,Bpos:470.3,Bstd:304.4,StrandBias:-0.2,Multiplicity:1.93
0.001	0.001	0.950	0.048
0.001	0.061	0.875	0.063
0.067	0.159	0.001	0.773
0.166	0.648	0.090	0.096
0.131	0.127	0.624	0.118
0.051	0.040	0.049	0.860
0.062	0.871	0.001	0.066
0.001	0.876	0.001	0.122
0.098	0.058	0.027	0.817
0.178	0.029	0.720	0.073
>GGCCGCTAAA	18-GGCCGCTAAA	12.886355	-6.774297	0	T:2.0(2.20%),B:21.6(0.05%),P:1e-2	Tpos:375.5,Tstd:20.5,Bpos:574.0,Bstd:311.5,StrandBias:0.0,Multiplicity:1.00
0.001	0.001	0.910	0.088
0.001	0.001	0.997	0.001
0.001	0.997	0.001	0.001
0.001	0.765	0.143	0.091
0.001	0.001	0.997	0.001
0.001	0.837	0.001	0.161
0.096	0.094	0.001	0.809
0.997	0.001	0.001	0.001
0.997	0.001	0.001	0.001
0.811	0.001	0.187	0.001
>TTAGCGGCCC	19-TTAGCGGCCC	12.890095	-4.528346	0	T:1.0(1.10%),B:4.6(0.01%),P:1e-1	Tpos:249.0,Tstd:153.0,Bpos:422.2,Bstd:188.8,StrandBias:10.0,Multiplicity:2.00
0.001	0.001	0.001	0.997
0.001	0.001	0.001	0.997
0.841	0.001	0.001	0.157
0.414	0.001	0.584	0.001
0.001	0.997	0.001	0.001
0.001	0.001	0.997	0.001
0.001	0.001	0.997	0.001
0.001	0.997	0.001	0.001
0.001	0.997	0.001	0.001
0.001	0.786	0.001	0.212
