>AGTCACAAAT	1-AGTCACAAAT	9.369996	-24.764352	0	T:27.0(25.00%),B:2045.7(5.39%),P:1e-10	Tpos:605.5,Tstd:284.4,Bpos:515.5,Bstd:310.1,StrandBias:-0.8,Multiplicity:1.22
0.932	0.001	0.066	0.001
0.044	0.032	0.923	0.001
0.029	0.001	0.001	0.969
0.077	0.921	0.001	0.001
0.917	0.001	0.081	0.001
0.001	0.997	0.001	0.001
0.997	0.001	0.001	0.001
0.848	0.001	0.001	0.150
0.816	0.001	0.147	0.036
0.174	0.053	0.001	0.772
>CTCTGTGTTC	2-CTCTGTGTTC	8.336150	-22.359192	0	T:18.0(16.67%),B:930.9(2.45%),P:1e-9	Tpos:491.3,Tstd:269.5,Bpos:493.5,Bstd:312.3,StrandBias:0.5,Multiplicity:1.06
0.055	0.943	0.001	0.001
0.052	0.105	0.001	0.842
0.071	0.884	0.001	0.044
0.001	0.001	0.001	0.997
0.069	0.001	0.888	0.042
0.085	0.001	0.001	0.913
0.001	0.001	0.997	0.001
0.064	0.001	0.099	0.836
0.065	0.069	0.001	0.865
0.078	0.877	0.001	0.044
>AATTGATAAG	3-AATTGATAAG	8.646678	-21.581911	0	T:51.0(47.22%),B:7743.3(20.39%),P:1e-9	Tpos:549.1,Tstd:319.9,Bpos:529.1,Bstd:314.7,StrandBias:-0.3,Multiplicity:1.31
0.562	0.009	0.053	0.376
0.845	0.110	0.044	0.001
0.043	0.250	0.240	0.466
0.036	0.001	0.001	0.962
0.200	0.001	0.537	0.262
0.873	0.125	0.001	0.001
0.056	0.001	0.001	0.942
0.956	0.001	0.001	0.042
0.943	0.001	0.001	0.055
0.170	0.135	0.694	0.001
>ACCGTGCATA	4-ACCGTGCATA	10.647382	-20.461210	0	T:9.0(8.33%),B:158.6(0.42%),P:1e-8	Tpos:480.7,Tstd:264.8,Bpos:519.8,Bstd:300.6,StrandBias:-1.8,Multiplicity:1.00
0.997	0.001	0.001	0.001
0.098	0.900	0.001	0.001
0.001	0.997	0.001	0.001
0.001	0.001	0.997	0.001
0.111	0.001	0.001	0.887
0.108	0.001	0.890	0.001
0.219	0.779	0.001	0.001
0.676	0.159	0.164	0.001
0.001	0.001	0.001	0.997
0.997	0.001	0.001	0.001
>TCGCGGTTAG	5-TCGCGGTTAG	9.217417	-18.877086	0	T:10.0(9.26%),B:263.8(0.69%),P:1e-8	Tpos:438.3,Tstd:262.9,Bpos:500.4,Bstd:282.9,StrandBias:-0.3,Multiplicity:1.10
0.001	0.001	0.352	0.646
0.001	0.997	0.001	0.001
0.001	0.001	0.997	0.001
0.001	0.581	0.417	0.001
0.001	0.370	0.628	0.001
0.172	0.001	0.670	0.157
0.146	0.001	0.306	0.547
0.001	0.001	0.001	0.997
0.997	0.001	0.001	0.001
0.001	0.001	0.997	0.001
>CTGCGTCTCC	6-CTGCGTCTCC	10.487211	-18.578688	0	T:13.0(12.04%),B:553.7(1.46%),P:1e-8	Tpos:559.2,Tstd:298.7,Bpos:553.3,Bstd:292.3,StrandBias:0.2,Multiplicity:1.00
0.001	0.997	0.001	0.001
0.001	0.001	0.001	0.997
0.001	0.077	0.921	0.001
0.001	0.997	0.001	0.001
0.001	0.001	0.997	0.001
0.223	0.001	0.001	0.775
0.127	0.871	0.001	0.001
0.001	0.001	0.001	0.997
0.001	0.997	0.001	0.001
0.056	0.942	0.001	0.001
>ATGCAAAACC	7-ATGCAAAACC	9.376015	-18.000518	0	T:19.0(17.59%),B:1386.5(3.65%),P:1e-7	Tpos:521.9,Tstd:217.3,Bpos:504.0,Bstd:301.3,StrandBias:0.5,Multiplicity:1.06
0.958	0.001	0.001	0.040
0.001	0.210	0.001	0.788
0.001	0.001	0.997	0.001
0.001	0.805	0.080	0.114
0.997	0.001	0.001	0.001
0.997	0.001	0.001	0.001
0.844	0.154	0.001	0.001
0.856	0.001	0.001	0.142
0.001	0.892	0.106	0.001
0.029	0.861	0.109	0.001
>CTTTCATGAG	8-CTTTCATGAG	9.610561	-17.119800	0	T:13.0(12.04%),B:628.8(1.66%),P:1e-7	Tpos:454.7,Tstd:286.4,Bpos:511.7,Bstd:305.8,StrandBias:1.0,Multiplicity:1.15
0.001	0.997	0.001	0.001
0.001	0.001	0.162	0.836
0.001	0.001	0.001	0.997
0.001	0.001	0.001	0.997
0.001	0.912	0.001	0.086
0.881	0.001	0.001	0.117
0.042	0.159	0.123	0.676
0.001	0.001	0.997	0.001
0.698	0.015	0.177	0.110
0.001	0.001	0.997	0.001
>TAAGGAATDG	9-TAAGGAATDG	9.443622	-16.831752	0	T:16.0(14.81%),B:1037.5(2.73%),P:1e-7	Tpos:552.9,Tstd:277.7,Bpos:508.6,Bstd:310.4,StrandBias:0.6,Multiplicity:1.25
0.095	0.001	0.001	0.903
0.836	0.001	0.162	0.001
0.872	0.001	0.126	0.001
0.137	0.001	0.861	0.001
0.001	0.001	0.997	0.001
0.730	0.001	0.268	0.001
0.997	0.001	0.001	0.001
0.101	0.001	0.085	0.813
0.269	0.001	0.399	0.330
0.001	0.089	0.858	0.052
>GGGTATATAA	10-GGGTATATAA	9.214368	-16.562157	0	T:16.0(14.81%),B:1058.8(2.79%),P:1e-7	Tpos:546.7,Tstd:304.0,Bpos:543.6,Bstd:325.1,StrandBias:-1.5,Multiplicity:1.00
0.221	0.070	0.679	0.030
0.215	0.090	0.694	0.001
0.100	0.245	0.576	0.079
0.167	0.001	0.001	0.831
0.997	0.001	0.001	0.001
0.116	0.001	0.126	0.757
0.556	0.001	0.255	0.188
0.068	0.001	0.001	0.930
0.828	0.001	0.001	0.170
0.997	0.001	0.001	0.001
>GCAGGCTCAT	11-GCAGGCTCAT	10.603652	-16.076603	0	T:9.0(8.33%),B:268.8(0.71%),P:1e-6	Tpos:373.8,Tstd:244.9,Bpos:476.4,Bstd:332.6,StrandBias:0.3,Multiplicity:1.22
0.001	0.001	0.882	0.116
0.001	0.997	0.001	0.001
0.883	0.001	0.001	0.115
0.001	0.001	0.892	0.106
0.001	0.001	0.908	0.090
0.140	0.858	0.001	0.001
0.187	0.001	0.001	0.811
0.001	0.997	0.001	0.001
0.891	0.001	0.107	0.001
0.001	0.001	0.001	0.997
>GCTAGCAATA	12-GCTAGCAATA	9.247318	-15.390119	0	T:17.0(15.74%),B:1311.0(3.45%),P:1e-6	Tpos:526.6,Tstd:248.6,Bpos:501.8,Bstd:311.8,StrandBias:0.8,Multiplicity:1.12
0.001	0.001	0.997	0.001
0.001	0.651	0.293	0.055
0.001	0.001	0.001	0.997
0.816	0.001	0.182	0.001
0.144	0.001	0.712	0.143
0.100	0.720	0.001	0.179
0.997	0.001	0.001	0.001
0.988	0.001	0.001	0.010
0.001	0.001	0.001	0.997
0.831	0.001	0.001	0.167
>CTATCGAAAA	13-CTATCGAAAA	8.364925	-15.202198	0	T:24.0(22.22%),B:2593.8(6.83%),P:1e-6	Tpos:546.9,Tstd:262.4,Bpos:482.7,Bstd:297.9,StrandBias:-0.7,Multiplicity:1.08
0.184	0.595	0.005	0.216
0.138	0.161	0.208	0.494
0.565	0.144	0.175	0.116
0.057	0.318	0.059	0.566
0.089	0.545	0.333	0.033
0.132	0.163	0.578	0.127
0.663	0.018	0.298	0.021
0.902	0.020	0.059	0.019
0.876	0.038	0.039	0.047
0.945	0.022	0.020	0.013
>TATAGAACTA	14-TATAGAACTA	11.416783	-14.256363	0	T:7.0(6.48%),B:166.0(0.44%),P:1e-6	Tpos:483.8,Tstd:224.9,Bpos:510.9,Bstd:293.5,StrandBias:1.8,Multiplicity:1.29
0.001	0.001	0.001	0.997
0.997	0.001	0.001	0.001
0.001	0.089	0.001	0.909
0.997	0.001	0.001	0.001
0.001	0.001	0.997	0.001
0.997	0.001	0.001	0.001
0.997	0.001	0.001	0.001
0.001	0.997	0.001	0.001
0.001	0.001	0.001	0.997
0.997	0.001	0.001	0.001
>GRTTTCATGA	15-GRTTTCATGA	11.579864	-13.767812	0	T:9.0(8.33%),B:356.1(0.94%),P:1e-5	Tpos:518.2,Tstd:210.2,Bpos:520.5,Bstd:307.4,StrandBias:-0.5,Multiplicity:1.33
0.001	0.001	0.997	0.001
0.441	0.001	0.557	0.001
0.001	0.001	0.001	0.997
0.001	0.001	0.001	0.997
0.001	0.001	0.001	0.997
0.414	0.584	0.001	0.001
0.997	0.001	0.001	0.001
0.001	0.001	0.001	0.997
0.001	0.327	0.671	0.001
0.671	0.001	0.327	0.001
>TAACTCGCCA	16-TAACTCGCCA	7.532790	-13.576340	0	T:21.0(19.44%),B:2234.2(5.88%),P:1e-5	Tpos:435.8,Tstd:234.0,Bpos:493.5,Bstd:315.0,StrandBias:-1.2,Multiplicity:1.24
0.065	0.064	0.001	0.870
0.580	0.073	0.295	0.052
0.518	0.151	0.330	0.001
0.001	0.613	0.297	0.089
0.001	0.404	0.001	0.594
0.030	0.646	0.167	0.157
0.113	0.052	0.735	0.100
0.063	0.583	0.001	0.353
0.050	0.947	0.001	0.002
0.895	0.001	0.050	0.054
>CAAGGGAGCA	17-CAAGGGAGCA	10.296193	-13.356744	0	T:4.0(3.70%),B:26.7(0.07%),P:1e-5	Tpos:568.2,Tstd:290.5,Bpos:599.9,Bstd:270.7,StrandBias:-1.6,Multiplicity:1.00
0.100	0.700	0.100	0.100
0.700	0.100	0.100	0.100
0.700	0.100	0.100	0.100
0.100	0.100	0.700	0.100
0.100	0.100	0.700	0.100
0.100	0.100	0.700	0.100
0.700	0.100	0.100	0.100
0.100	0.100	0.700	0.100
0.100	0.700	0.100	0.100
0.700	0.100	0.100	0.100
>GACAGTTCTA	18-GACAGTTCTA	7.583122	-12.360825	0	T:31.0(28.70%),B:4670.5(12.30%),P:1e-5	Tpos:447.9,Tstd:331.6,Bpos:509.1,Bstd:309.3,StrandBias:0.5,Multiplicity:1.20
0.001	0.096	0.869	0.034
0.799	0.040	0.086	0.075
0.001	0.688	0.144	0.167
0.895	0.001	0.102	0.002
0.136	0.050	0.772	0.042
0.154	0.123	0.002	0.721
0.120	0.001	0.103	0.776
0.108	0.756	0.111	0.025
0.122	0.043	0.112	0.723
0.979	0.001	0.019	0.001
>TTAAACTGAG	19-TTAAACTGAG	11.032488	-11.769456	0	T:6.0(5.56%),B:158.8(0.42%),P:1e-5	Tpos:381.7,Tstd:205.2,Bpos:531.2,Bstd:311.3,StrandBias:1.9,Multiplicity:2.33
0.001	0.001	0.001	0.997
0.001	0.001	0.001	0.997
0.997	0.001	0.001	0.001
0.851	0.001	0.001	0.147
0.997	0.001	0.001	0.001
0.001	0.997	0.001	0.001
0.001	0.001	0.001	0.997
0.001	0.001	0.997	0.001
0.927	0.071	0.001	0.001
0.001	0.001	0.997	0.001
>CTCACTAATT	20-CTCACTAATT	10.871090	-10.910436	0	T:10.0(9.26%),B:646.2(1.70%),P:1e-4	Tpos:491.4,Tstd:272.7,Bpos:526.3,Bstd:304.8,StrandBias:-1.5,Multiplicity:1.50
0.001	0.997	0.001	0.001
0.001	0.294	0.001	0.704
0.001	0.997	0.001	0.001
0.900	0.098	0.001	0.001
0.150	0.842	0.007	0.001
0.001	0.001	0.001	0.997
0.767	0.001	0.231	0.001
0.699	0.299	0.001	0.001
0.001	0.001	0.001	0.997
0.001	0.001	0.001	0.997
>CCTGTCAAGG	21-CCTGTCAAGG	10.296193	-10.469006	0	T:3.0(2.78%),B:18.5(0.05%),P:1e-4	Tpos:448.2,Tstd:185.6,Bpos:599.3,Bstd:280.4,StrandBias:0.0,Multiplicity:1.33
0.100	0.700	0.100	0.100
0.100	0.700	0.100	0.100
0.100	0.100	0.100	0.700
0.100	0.100	0.700	0.100
0.100	0.100	0.100	0.700
0.100	0.700	0.100	0.100
0.700	0.100	0.100	0.100
0.700	0.100	0.100	0.100
0.100	0.100	0.700	0.100
0.100	0.100	0.700	0.100
>GCAACTCCAK	22-GCAACTCCAK	11.900852	-6.528159	0	T:4.0(3.70%),B:167.2(0.44%),P:1e-2	Tpos:365.5,Tstd:200.3,Bpos:454.4,Bstd:315.4,StrandBias:1.6,Multiplicity:1.00
0.001	0.001	0.997	0.001
0.192	0.806	0.001	0.001
0.997	0.001	0.001	0.001
0.997	0.001	0.001	0.001
0.328	0.670	0.001	0.001
0.001	0.001	0.001	0.997
0.001	0.997	0.001	0.001
0.001	0.997	0.001	0.001
0.997	0.001	0.001	0.001
0.001	0.001	0.455	0.543
>CCCCYCCCCC	23-CCCCYCCCCC	8.885836	-3.403076	0	T:8.0(7.41%),B:1305.0(3.44%),P:1e-1	Tpos:380.2,Tstd:307.0,Bpos:509.1,Bstd:288.4,StrandBias:2.0,Multiplicity:1.25
0.001	0.809	0.001	0.189
0.001	0.722	0.214	0.063
0.001	0.997	0.001	0.001
0.001	0.935	0.001	0.063
0.001	0.474	0.001	0.524
0.105	0.711	0.001	0.183
0.086	0.525	0.119	0.270
0.089	0.708	0.094	0.109
0.273	0.697	0.001	0.029
0.010	0.988	0.001	0.001
>ACCAGTGCAC	24-ACCAGTGCAC	13.750344	-3.317477	0	T:1.0(0.93%),B:12.3(0.03%),P:1e-1	Tpos:274.0,Tstd:182.6,Bpos:335.8,Bstd:237.1,StrandBias:-10.0,Multiplicity:8.00
0.997	0.001	0.001	0.001
0.001	0.997	0.001	0.001
0.001	0.997	0.001	0.001
0.918	0.001	0.001	0.080
0.001	0.001	0.997	0.001
0.001	0.001	0.001	0.997
0.001	0.001	0.997	0.001
0.001	0.997	0.001	0.001
0.997	0.001	0.001	0.001
0.001	0.997	0.001	0.001
>TGAAACTCCA	25-TGAAACTCCA	11.513114	-2.689482	0	T:2.0(1.85%),B:148.4(0.39%),P:1e-1	Tpos:314.3,Tstd:250.6,Bpos:485.1,Bstd:294.3,StrandBias:-3.2,Multiplicity:5.00
0.001	0.001	0.001	0.997
0.001	0.001	0.997	0.001
0.997	0.001	0.001	0.001
0.900	0.001	0.001	0.098
0.997	0.001	0.001	0.001
0.001	0.997	0.001	0.001
0.001	0.001	0.001	0.997
0.001	0.997	0.001	0.001
0.001	0.997	0.001	0.001
0.997	0.001	0.001	0.001
