>TTTGTTATATTC	1-TTTGTTATATTC	12.909506	-28.857440	0	T:14.0(12.96%),B:297.0(0.78%),P:1e-12	Tpos:523.2,Tstd:292.2,Bpos:512.6,Bstd:310.5,StrandBias:0.0,Multiplicity:1.00
0.001	0.001	0.001	0.997
0.001	0.001	0.001	0.997
0.152	0.001	0.001	0.846
0.089	0.001	0.909	0.001
0.001	0.001	0.001	0.997
0.001	0.110	0.090	0.799
0.838	0.106	0.001	0.055
0.188	0.001	0.001	0.810
0.997	0.001	0.001	0.001
0.001	0.001	0.001	0.997
0.001	0.001	0.001	0.997
0.001	0.896	0.102	0.001
>TCGCSGTTAGTT	2-TCGCSGTTAGTT	12.143424	-26.784156	0	T:7.0(6.48%),B:23.3(0.06%),P:1e-11	Tpos:454.5,Tstd:260.1,Bpos:474.2,Bstd:280.8,StrandBias:0.7,Multiplicity:1.14
0.001	0.001	0.163	0.835
0.001	0.997	0.001	0.001
0.001	0.001	0.997	0.001
0.001	0.873	0.125	0.001
0.164	0.454	0.381	0.001
0.001	0.001	0.997	0.001
0.289	0.001	0.001	0.709
0.001	0.001	0.001	0.997
0.997	0.001	0.001	0.001
0.001	0.001	0.997	0.001
0.001	0.163	0.001	0.835
0.001	0.001	0.001	0.997
>TATTTTTTACCC	3-TATTTTTTACCC	13.369022	-26.566387	0	T:11.0(10.19%),B:162.7(0.43%),P:1e-11	Tpos:593.1,Tstd:229.0,Bpos:543.0,Bstd:271.3,StrandBias:-1.4,Multiplicity:1.00
0.001	0.001	0.115	0.883
0.997	0.001	0.001	0.001
0.001	0.001	0.001	0.997
0.001	0.001	0.001	0.997
0.001	0.175	0.001	0.823
0.001	0.001	0.001	0.997
0.001	0.001	0.001	0.997
0.001	0.001	0.001	0.997
0.921	0.077	0.001	0.001
0.001	0.927	0.001	0.071
0.089	0.909	0.001	0.001
0.099	0.899	0.001	0.001
>TTCTTATCAKTT	4-TTCTTATCAKTT	11.229437	-26.191228	0	T:28.0(25.93%),B:2079.0(5.47%),P:1e-11	Tpos:606.5,Tstd:296.1,Bpos:552.5,Bstd:315.4,StrandBias:0.9,Multiplicity:1.14
0.295	0.101	0.081	0.523
0.001	0.001	0.001	0.997
0.159	0.687	0.041	0.113
0.001	0.068	0.001	0.930
0.001	0.001	0.001	0.997
0.997	0.001	0.001	0.001
0.001	0.001	0.001	0.997
0.077	0.811	0.001	0.111
0.997	0.001	0.001	0.001
0.133	0.042	0.473	0.351
0.001	0.001	0.190	0.808
0.044	0.001	0.065	0.890
>TGGAGTCGCAKA	5-TGGAGTCGCAKA	10.128943	-23.870927	0	T:14.0(12.96%),B:436.2(1.15%),P:1e-10	Tpos:535.4,Tstd:253.8,Bpos:537.7,Bstd:287.0,StrandBias:0.0,Multiplicity:1.00
0.001	0.096	0.075	0.828
0.007	0.106	0.884	0.003
0.002	0.001	0.908	0.089
0.903	0.003	0.001	0.093
0.106	0.093	0.693	0.108
0.181	0.058	0.106	0.655
0.058	0.680	0.106	0.156
0.108	0.073	0.816	0.003
0.093	0.775	0.131	0.001
0.997	0.001	0.001	0.001
0.074	0.172	0.451	0.304
0.885	0.001	0.112	0.002
>TAGTTCTATAAT	6-TAGTTCTATAAT	16.371810	-22.279631	0	T:5.0(4.63%),B:8.9(0.02%),P:1e-9	Tpos:433.3,Tstd:194.2,Bpos:482.9,Bstd:185.6,StrandBias:-1.0,Multiplicity:1.20
0.001	0.001	0.001	0.997
0.997	0.001	0.001	0.001
0.001	0.001	0.997	0.001
0.001	0.001	0.001	0.997
0.001	0.001	0.001	0.997
0.001	0.997	0.001	0.001
0.001	0.001	0.001	0.997
0.997	0.001	0.001	0.001
0.001	0.001	0.001	0.997
0.997	0.001	0.001	0.001
0.997	0.001	0.001	0.001
0.001	0.204	0.001	0.794
>AATAAAAGTGAG	7-AATAAAAGTGAG	13.203620	-20.845663	0	T:11.0(10.19%),B:285.0(0.75%),P:1e-9	Tpos:610.4,Tstd:221.5,Bpos:547.2,Bstd:301.6,StrandBias:-0.8,Multiplicity:1.00
0.997	0.001	0.001	0.001
0.997	0.001	0.001	0.001
0.053	0.001	0.001	0.945
0.863	0.135	0.001	0.001
0.997	0.001	0.001	0.001
0.997	0.001	0.001	0.001
0.997	0.001	0.001	0.001
0.001	0.001	0.997	0.001
0.001	0.001	0.001	0.997
0.102	0.001	0.807	0.090
0.760	0.001	0.132	0.107
0.066	0.103	0.746	0.085
>CAATTCCTCATA	8-CAATTCCTCATA	13.533697	-20.812866	0	T:7.0(6.48%),B:60.2(0.16%),P:1e-9	Tpos:510.1,Tstd:207.1,Bpos:499.5,Bstd:331.1,StrandBias:-0.3,Multiplicity:1.57
0.093	0.905	0.001	0.001
0.997	0.001	0.001	0.001
0.997	0.001	0.001	0.001
0.001	0.001	0.001	0.997
0.001	0.001	0.001	0.997
0.102	0.896	0.001	0.001
0.001	0.997	0.001	0.001
0.001	0.001	0.001	0.997
0.001	0.721	0.149	0.129
0.997	0.001	0.001	0.001
0.092	0.113	0.001	0.794
0.869	0.001	0.129	0.001
>CTCAGTTTAAAA	9-CTCAGTTTAAAA	13.946108	-19.651998	0	T:6.0(5.56%),B:38.7(0.10%),P:1e-8	Tpos:395.4,Tstd:220.9,Bpos:450.5,Bstd:301.0,StrandBias:-2.6,Multiplicity:2.33
0.001	0.939	0.059	0.001
0.001	0.001	0.001	0.997
0.001	0.997	0.001	0.001
0.997	0.001	0.001	0.001
0.001	0.001	0.997	0.001
0.001	0.001	0.001	0.997
0.163	0.001	0.001	0.835
0.001	0.089	0.001	0.909
0.997	0.001	0.001	0.001
0.997	0.001	0.001	0.001
0.997	0.001	0.001	0.001
0.997	0.001	0.001	0.001
>TCCTGTCAAGGA	10-TCCTGTCAAGGA	12.475914	-18.794149	0	T:7.0(6.48%),B:82.4(0.22%),P:1e-8	Tpos:474.0,Tstd:177.9,Bpos:493.7,Bstd:315.6,StrandBias:0.7,Multiplicity:1.14
0.001	0.001	0.001	0.997
0.001	0.997	0.001	0.001
0.001	0.703	0.001	0.295
0.001	0.001	0.001	0.997
0.363	0.001	0.635	0.001
0.001	0.295	0.001	0.703
0.001	0.721	0.001	0.277
0.997	0.001	0.001	0.001
0.635	0.001	0.001	0.363
0.001	0.001	0.710	0.288
0.001	0.001	0.997	0.001
0.997	0.001	0.001	0.001
>TGAAATCTGAGG	11-TGAAATCTGAGG	12.355432	-18.693067	0	T:4.0(3.70%),B:5.7(0.01%),P:1e-8	Tpos:496.6,Tstd:182.9,Bpos:606.7,Bstd:168.6,StrandBias:0.6,Multiplicity:1.25
0.100	0.100	0.100	0.700
0.100	0.100	0.700	0.100
0.700	0.100	0.100	0.100
0.700	0.100	0.100	0.100
0.700	0.100	0.100	0.100
0.100	0.100	0.100	0.700
0.100	0.700	0.100	0.100
0.100	0.100	0.100	0.700
0.100	0.100	0.700	0.100
0.700	0.100	0.100	0.100
0.100	0.100	0.700	0.100
0.100	0.100	0.700	0.100
>AAACTCCATTAT	12-AAACTCCATTAT	10.401382	-18.580133	0	T:16.0(14.81%),B:912.7(2.40%),P:1e-8	Tpos:417.5,Tstd:250.8,Bpos:509.9,Bstd:304.9,StrandBias:-2.1,Multiplicity:1.62
0.997	0.001	0.001	0.001
0.626	0.062	0.001	0.311
0.768	0.001	0.110	0.121
0.001	0.997	0.001	0.001
0.001	0.048	0.001	0.950
0.001	0.861	0.001	0.137
0.001	0.607	0.078	0.314
0.659	0.001	0.062	0.278
0.051	0.001	0.273	0.675
0.265	0.001	0.001	0.733
0.779	0.049	0.061	0.111
0.131	0.001	0.001	0.867
>AGAAACATAACC	13-AGAAACATAACC	12.355432	-16.323554	0	T:4.0(3.70%),B:11.7(0.03%),P:1e-7	Tpos:538.0,Tstd:238.4,Bpos:642.0,Bstd:246.8,StrandBias:-0.6,Multiplicity:1.25
0.700	0.100	0.100	0.100
0.100	0.100	0.700	0.100
0.700	0.100	0.100	0.100
0.700	0.100	0.100	0.100
0.700	0.100	0.100	0.100
0.100	0.700	0.100	0.100
0.700	0.100	0.100	0.100
0.100	0.100	0.100	0.700
0.700	0.100	0.100	0.100
0.700	0.100	0.100	0.100
0.100	0.700	0.100	0.100
0.100	0.700	0.100	0.100
>ATATTGCTAACA	14-ATATTGCTAACA	12.355432	-15.771978	0	T:4.0(3.70%),B:13.1(0.03%),P:1e-6	Tpos:557.2,Tstd:218.1,Bpos:561.5,Bstd:234.1,StrandBias:0.0,Multiplicity:1.00
0.700	0.100	0.100	0.100
0.100	0.100	0.100	0.700
0.700	0.100	0.100	0.100
0.100	0.100	0.100	0.700
0.100	0.100	0.100	0.700
0.100	0.100	0.700	0.100
0.100	0.700	0.100	0.100
0.100	0.100	0.100	0.700
0.700	0.100	0.100	0.100
0.700	0.100	0.100	0.100
0.100	0.700	0.100	0.100
0.700	0.100	0.100	0.100
>ATAATGCTCCCT	15-ATAATGCTCCCT	12.037846	-15.522848	0	T:4.0(3.70%),B:14.7(0.04%),P:1e-6	Tpos:567.2,Tstd:291.3,Bpos:487.9,Bstd:286.5,StrandBias:0.0,Multiplicity:1.00
0.997	0.001	0.001	0.001
0.001	0.001	0.153	0.845
0.806	0.001	0.192	0.001
0.789	0.209	0.001	0.001
0.001	0.001	0.001	0.997
0.001	0.001	0.997	0.001
0.001	0.806	0.001	0.192
0.209	0.001	0.001	0.789
0.192	0.806	0.001	0.001
0.153	0.845	0.001	0.001
0.001	0.597	0.209	0.193
0.209	0.001	0.001	0.789
>CATGTTGCAGGA	16-CATGTTGCAGGA	14.320714	-15.326276	0	T:3.0(2.78%),B:2.8(0.01%),P:1e-6	Tpos:448.7,Tstd:311.3,Bpos:857.0,Bstd:0.0,StrandBias:1.0,Multiplicity:1.00
0.001	0.997	0.001	0.001
0.521	0.001	0.254	0.224
0.001	0.001	0.001	0.997
0.001	0.223	0.775	0.001
0.001	0.001	0.223	0.775
0.001	0.001	0.001	0.997
0.001	0.001	0.775	0.223
0.001	0.997	0.001	0.001
0.745	0.253	0.001	0.001
0.001	0.001	0.997	0.001
0.001	0.001	0.745	0.253
0.745	0.001	0.253	0.001
>GAGCACATTTCT	17-GAGCACATTTCT	16.373069	-15.067685	0	T:4.0(3.70%),B:16.4(0.04%),P:1e-6	Tpos:503.2,Tstd:194.1,Bpos:488.0,Bstd:285.9,StrandBias:0.6,Multiplicity:1.25
0.001	0.001	0.997	0.001
0.997	0.001	0.001	0.001
0.001	0.001	0.997	0.001
0.001	0.997	0.001	0.001
0.997	0.001	0.001	0.001
0.001	0.997	0.001	0.001
0.997	0.001	0.001	0.001
0.001	0.001	0.001	0.997
0.203	0.001	0.001	0.795
0.001	0.001	0.001	0.997
0.001	0.997	0.001	0.001
0.001	0.001	0.001	0.997
>ATTCCTTAGACT	18-ATTCCTTAGACT	12.914059	-14.660131	0	T:5.0(4.63%),B:48.9(0.13%),P:1e-6	Tpos:362.0,Tstd:288.3,Bpos:559.2,Bstd:307.6,StrandBias:-0.4,Multiplicity:1.40
0.997	0.001	0.001	0.001
0.001	0.001	0.001	0.997
0.001	0.001	0.001	0.997
0.193	0.805	0.001	0.001
0.001	0.997	0.001	0.001
0.001	0.001	0.001	0.997
0.001	0.001	0.146	0.852
0.868	0.001	0.001	0.130
0.001	0.001	0.997	0.001
0.997	0.001	0.001	0.001
0.278	0.527	0.001	0.194
0.001	0.001	0.001	0.997
>TGAAAGTGAATT	19-TGAAAGTGAATT	12.762428	-14.217376	0	T:7.0(6.48%),B:166.4(0.44%),P:1e-6	Tpos:627.7,Tstd:218.6,Bpos:516.3,Bstd:287.2,StrandBias:-0.3,Multiplicity:1.29
0.001	0.001	0.001	0.997
0.001	0.001	0.997	0.001
0.997	0.001	0.001	0.001
0.997	0.001	0.001	0.001
0.603	0.395	0.001	0.001
0.001	0.001	0.997	0.001
0.001	0.001	0.001	0.997
0.001	0.016	0.912	0.071
0.997	0.001	0.001	0.001
0.997	0.001	0.001	0.001
0.208	0.001	0.292	0.499
0.001	0.001	0.001	0.997
>CTAACAGTGAGC	20-CTAACAGTGAGC	12.869913	-13.356744	0	T:4.0(3.70%),B:26.3(0.07%),P:1e-5	Tpos:555.0,Tstd:297.9,Bpos:610.1,Bstd:229.3,StrandBias:-2.0,Multiplicity:1.25
0.001	0.891	0.001	0.107
0.302	0.001	0.001	0.696
0.997	0.001	0.001	0.001
0.859	0.001	0.001	0.139
0.001	0.739	0.259	0.001
0.997	0.001	0.001	0.001
0.302	0.001	0.696	0.001
0.001	0.001	0.001	0.997
0.001	0.001	0.997	0.001
0.675	0.001	0.323	0.001
0.001	0.001	0.997	0.001
0.001	0.675	0.323	0.001
>CCGACAACTRGC	21-CCGACAACTRGC	12.531809	-12.383366	0	T:4.0(3.70%),B:34.4(0.09%),P:1e-5	Tpos:635.8,Tstd:234.6,Bpos:451.8,Bstd:330.0,StrandBias:-2.3,Multiplicity:1.50
0.001	0.619	0.379	0.001
0.001	0.809	0.001	0.189
0.001	0.001	0.997	0.001
0.997	0.001	0.001	0.001
0.001	0.997	0.001	0.001
0.997	0.001	0.001	0.001
0.997	0.001	0.001	0.001
0.163	0.835	0.001	0.001
0.001	0.001	0.001	0.997
0.430	0.001	0.568	0.001
0.001	0.001	0.997	0.001
0.001	0.594	0.001	0.404
>TTGGAAGAKAAC	22-TTGGAAGAKAAC	9.746536	-12.173219	0	T:15.0(13.89%),B:1310.9(3.45%),P:1e-5	Tpos:594.4,Tstd:287.8,Bpos:510.6,Bstd:310.9,StrandBias:-0.2,Multiplicity:1.27
0.161	0.032	0.070	0.737
0.038	0.071	0.111	0.780
0.068	0.028	0.870	0.034
0.172	0.034	0.793	0.001
0.798	0.100	0.101	0.001
0.875	0.001	0.099	0.025
0.033	0.059	0.876	0.032
0.930	0.001	0.031	0.038
0.001	0.001	0.497	0.501
0.681	0.192	0.111	0.016
0.878	0.036	0.045	0.041
0.106	0.610	0.068	0.216
>GTTTTCAAATTT	23-GTTTTCAAATTT	11.350356	-5.874959	0	T:8.0(7.41%),B:835.0(2.20%),P:1e-2	Tpos:395.5,Tstd:194.1,Bpos:527.1,Bstd:298.7,StrandBias:2.6,Multiplicity:1.75
0.001	0.001	0.997	0.001
0.001	0.001	0.001	0.997
0.001	0.001	0.001	0.997
0.001	0.001	0.001	0.997
0.001	0.001	0.001	0.997
0.001	0.997	0.001	0.001
0.910	0.001	0.001	0.088
0.922	0.076	0.001	0.001
0.997	0.001	0.001	0.001
0.001	0.075	0.001	0.923
0.001	0.001	0.085	0.913
0.001	0.001	0.080	0.918
>AATTGTGCACTG	24-AATTGTGCACTG	16.509269	-4.769800	0	T:1.0(0.93%),B:2.8(0.01%),P:1e-2	Tpos:272.0,Tstd:182.6,Bpos:381.2,Bstd:264.9,StrandBias:10.0,Multiplicity:8.00
0.997	0.001	0.001	0.001
0.997	0.001	0.001	0.001
0.001	0.001	0.001	0.997
0.001	0.001	0.001	0.997
0.001	0.001	0.997	0.001
0.001	0.001	0.001	0.997
0.001	0.001	0.997	0.001
0.001	0.997	0.001	0.001
0.997	0.001	0.001	0.001
0.001	0.997	0.001	0.001
0.087	0.001	0.001	0.911
0.001	0.001	0.997	0.001
>CCCCCCCCCCCC	25-CCCCCCCCCCCC	2.621700	-2.440909	0	T:40.0(37.04%),B:11584.5(30.50%),P:1e-1	Tpos:517.3,Tstd:312.8,Bpos:529.9,Bstd:299.7,StrandBias:1.4,Multiplicity:1.27
0.124	0.785	0.001	0.090
0.151	0.730	0.041	0.078
0.001	0.770	0.106	0.123
0.001	0.798	0.077	0.124
0.001	0.792	0.084	0.123
0.001	0.914	0.084	0.001
0.096	0.819	0.084	0.001
0.002	0.996	0.001	0.001
0.002	0.913	0.001	0.084
0.001	0.816	0.001	0.182
0.001	0.888	0.001	0.110
0.139	0.794	0.001	0.066
