>AGTCACAAAT	1-AGTCACAAAT	9.369996	-24.764352	0	T:27.0(25.00%),B:2045.7(5.39%),P:1e-10	Tpos:605.5,Tstd:284.4,Bpos:515.5,Bstd:310.1,StrandBias:-0.8,Multiplicity:1.22
0.932	0.001	0.066	0.001
0.044	0.032	0.923	0.001
0.029	0.001	0.001	0.969
0.077	0.921	0.001	0.001
0.917	0.001	0.081	0.001
0.001	0.997	0.001	0.001
0.997	0.001	0.001	0.001
0.848	0.001	0.001	0.150
0.816	0.001	0.147	0.036
0.174	0.053	0.001	0.772
>CTCTGTGTTC	2-CTCTGTGTTC	8.336150	-22.359192	0	T:18.0(16.67%),B:930.9(2.45%),P:1e-9	Tpos:491.3,Tstd:269.5,Bpos:493.5,Bstd:312.3,StrandBias:0.5,Multiplicity:1.06
0.055	0.943	0.001	0.001
0.052	0.105	0.001	0.842
0.071	0.884	0.001	0.044
0.001	0.001	0.001	0.997
0.069	0.001	0.888	0.042
0.085	0.001	0.001	0.913
0.001	0.001	0.997	0.001
0.064	0.001	0.099	0.836
0.065	0.069	0.001	0.865
0.078	0.877	0.001	0.044
>AATTGATAAG	3-AATTGATAAG	8.646678	-21.581911	0	T:51.0(47.22%),B:7743.3(20.39%),P:1e-9	Tpos:549.1,Tstd:319.9,Bpos:529.1,Bstd:314.7,StrandBias:-0.3,Multiplicity:1.31
0.562	0.009	0.053	0.376
0.845	0.110	0.044	0.001
0.043	0.250	0.240	0.466
0.036	0.001	0.001	0.962
0.200	0.001	0.537	0.262
0.873	0.125	0.001	0.001
0.056	0.001	0.001	0.942
0.956	0.001	0.001	0.042
0.943	0.001	0.001	0.055
0.170	0.135	0.694	0.001
>ACCGTGCATA	4-ACCGTGCATA	10.647382	-20.461210	0	T:9.0(8.33%),B:158.6(0.42%),P:1e-8	Tpos:480.7,Tstd:264.8,Bpos:519.8,Bstd:300.6,StrandBias:-1.8,Multiplicity:1.00
0.997	0.001	0.001	0.001
0.098	0.900	0.001	0.001
0.001	0.997	0.001	0.001
0.001	0.001	0.997	0.001
0.111	0.001	0.001	0.887
0.108	0.001	0.890	0.001
0.219	0.779	0.001	0.001
0.676	0.159	0.164	0.001
0.001	0.001	0.001	0.997
0.997	0.001	0.001	0.001
>TCGCGGTTAG	5-TCGCGGTTAG	9.217417	-18.877086	0	T:10.0(9.26%),B:263.8(0.69%),P:1e-8	Tpos:438.3,Tstd:262.9,Bpos:500.4,Bstd:282.9,StrandBias:-0.3,Multiplicity:1.10
0.001	0.001	0.352	0.646
0.001	0.997	0.001	0.001
0.001	0.001	0.997	0.001
0.001	0.581	0.417	0.001
0.001	0.370	0.628	0.001
0.172	0.001	0.670	0.157
0.146	0.001	0.306	0.547
0.001	0.001	0.001	0.997
0.997	0.001	0.001	0.001
0.001	0.001	0.997	0.001
>CTGCGTCTCC	6-CTGCGTCTCC	10.487211	-18.578688	0	T:13.0(12.04%),B:553.7(1.46%),P:1e-8	Tpos:559.2,Tstd:298.7,Bpos:553.3,Bstd:292.3,StrandBias:0.2,Multiplicity:1.00
0.001	0.997	0.001	0.001
0.001	0.001	0.001	0.997
0.001	0.077	0.921	0.001
0.001	0.997	0.001	0.001
0.001	0.001	0.997	0.001
0.223	0.001	0.001	0.775
0.127	0.871	0.001	0.001
0.001	0.001	0.001	0.997
0.001	0.997	0.001	0.001
0.056	0.942	0.001	0.001
>ATGCAAAACC	7-ATGCAAAACC	9.376015	-18.000518	0	T:19.0(17.59%),B:1386.5(3.65%),P:1e-7	Tpos:521.9,Tstd:217.3,Bpos:504.0,Bstd:301.3,StrandBias:0.5,Multiplicity:1.06
0.958	0.001	0.001	0.040
0.001	0.210	0.001	0.788
0.001	0.001	0.997	0.001
0.001	0.805	0.080	0.114
0.997	0.001	0.001	0.001
0.997	0.001	0.001	0.001
0.844	0.154	0.001	0.001
0.856	0.001	0.001	0.142
0.001	0.892	0.106	0.001
0.029	0.861	0.109	0.001
>CTTTCATGAG	8-CTTTCATGAG	9.610561	-17.119800	0	T:13.0(12.04%),B:628.8(1.66%),P:1e-7	Tpos:454.7,Tstd:286.4,Bpos:511.7,Bstd:305.8,StrandBias:1.0,Multiplicity:1.15
0.001	0.997	0.001	0.001
0.001	0.001	0.162	0.836
0.001	0.001	0.001	0.997
0.001	0.001	0.001	0.997
0.001	0.912	0.001	0.086
0.881	0.001	0.001	0.117
0.042	0.159	0.123	0.676
0.001	0.001	0.997	0.001
0.698	0.015	0.177	0.110
0.001	0.001	0.997	0.001
>TAAGGAATDG	9-TAAGGAATDG	9.443622	-16.831752	0	T:16.0(14.81%),B:1037.5(2.73%),P:1e-7	Tpos:552.9,Tstd:277.7,Bpos:508.6,Bstd:310.4,StrandBias:0.6,Multiplicity:1.25
0.095	0.001	0.001	0.903
0.836	0.001	0.162	0.001
0.872	0.001	0.126	0.001
0.137	0.001	0.861	0.001
0.001	0.001	0.997	0.001
0.730	0.001	0.268	0.001
0.997	0.001	0.001	0.001
0.101	0.001	0.085	0.813
0.269	0.001	0.399	0.330
0.001	0.089	0.858	0.052
>GGGTATATAA	10-GGGTATATAA	9.214368	-16.562157	0	T:16.0(14.81%),B:1058.8(2.79%),P:1e-7	Tpos:546.7,Tstd:304.0,Bpos:543.6,Bstd:325.1,StrandBias:-1.5,Multiplicity:1.00
0.221	0.070	0.679	0.030
0.215	0.090	0.694	0.001
0.100	0.245	0.576	0.079
0.167	0.001	0.001	0.831
0.997	0.001	0.001	0.001
0.116	0.001	0.126	0.757
0.556	0.001	0.255	0.188
0.068	0.001	0.001	0.930
0.828	0.001	0.001	0.170
0.997	0.001	0.001	0.001
>GCAGGCTCAT	11-GCAGGCTCAT	10.603652	-16.076603	0	T:9.0(8.33%),B:268.8(0.71%),P:1e-6	Tpos:373.8,Tstd:244.9,Bpos:476.4,Bstd:332.6,StrandBias:0.3,Multiplicity:1.22
0.001	0.001	0.882	0.116
0.001	0.997	0.001	0.001
0.883	0.001	0.001	0.115
0.001	0.001	0.892	0.106
0.001	0.001	0.908	0.090
0.140	0.858	0.001	0.001
0.187	0.001	0.001	0.811
0.001	0.997	0.001	0.001
0.891	0.001	0.107	0.001
0.001	0.001	0.001	0.997
>GCTAGCAATA	12-GCTAGCAATA	9.247318	-15.390119	0	T:17.0(15.74%),B:1311.0(3.45%),P:1e-6	Tpos:526.6,Tstd:248.6,Bpos:501.8,Bstd:311.8,StrandBias:0.8,Multiplicity:1.12
0.001	0.001	0.997	0.001
0.001	0.651	0.293	0.055
0.001	0.001	0.001	0.997
0.816	0.001	0.182	0.001
0.144	0.001	0.712	0.143
0.100	0.720	0.001	0.179
0.997	0.001	0.001	0.001
0.988	0.001	0.001	0.010
0.001	0.001	0.001	0.997
0.831	0.001	0.001	0.167
>CTATCGAAAA	13-CTATCGAAAA	8.364925	-15.202198	0	T:24.0(22.22%),B:2593.8(6.83%),P:1e-6	Tpos:546.9,Tstd:262.4,Bpos:482.7,Bstd:297.9,StrandBias:-0.7,Multiplicity:1.08
0.184	0.595	0.005	0.216
0.138	0.161	0.208	0.494
0.565	0.144	0.175	0.116
0.057	0.318	0.059	0.566
0.089	0.545	0.333	0.033
0.132	0.163	0.578	0.127
0.663	0.018	0.298	0.021
0.902	0.020	0.059	0.019
0.876	0.038	0.039	0.047
0.945	0.022	0.020	0.013
>TATAGAACTA	14-TATAGAACTA	11.416783	-14.256363	0	T:7.0(6.48%),B:166.0(0.44%),P:1e-6	Tpos:483.8,Tstd:224.9,Bpos:510.9,Bstd:293.5,StrandBias:1.8,Multiplicity:1.29
0.001	0.001	0.001	0.997
0.997	0.001	0.001	0.001
0.001	0.089	0.001	0.909
0.997	0.001	0.001	0.001
0.001	0.001	0.997	0.001
0.997	0.001	0.001	0.001
0.997	0.001	0.001	0.001
0.001	0.997	0.001	0.001
0.001	0.001	0.001	0.997
0.997	0.001	0.001	0.001
>GRTTTCATGA	15-GRTTTCATGA	11.579864	-13.767812	0	T:9.0(8.33%),B:356.1(0.94%),P:1e-5	Tpos:518.2,Tstd:210.2,Bpos:520.5,Bstd:307.4,StrandBias:-0.5,Multiplicity:1.33
0.001	0.001	0.997	0.001
0.441	0.001	0.557	0.001
0.001	0.001	0.001	0.997
0.001	0.001	0.001	0.997
0.001	0.001	0.001	0.997
0.414	0.584	0.001	0.001
0.997	0.001	0.001	0.001
0.001	0.001	0.001	0.997
0.001	0.327	0.671	0.001
0.671	0.001	0.327	0.001
>TAACTCGCCA	16-TAACTCGCCA	7.532790	-13.576340	0	T:21.0(19.44%),B:2234.2(5.88%),P:1e-5	Tpos:435.8,Tstd:234.0,Bpos:493.5,Bstd:315.0,StrandBias:-1.2,Multiplicity:1.24
0.065	0.064	0.001	0.870
0.580	0.073	0.295	0.052
0.518	0.151	0.330	0.001
0.001	0.613	0.297	0.089
0.001	0.404	0.001	0.594
0.030	0.646	0.167	0.157
0.113	0.052	0.735	0.100
0.063	0.583	0.001	0.353
0.050	0.947	0.001	0.002
0.895	0.001	0.050	0.054
>CAAGGGAGCA	17-CAAGGGAGCA	10.296193	-13.356744	0	T:4.0(3.70%),B:26.7(0.07%),P:1e-5	Tpos:568.2,Tstd:290.5,Bpos:599.9,Bstd:270.7,StrandBias:-1.6,Multiplicity:1.00
0.100	0.700	0.100	0.100
0.700	0.100	0.100	0.100
0.700	0.100	0.100	0.100
0.100	0.100	0.700	0.100
0.100	0.100	0.700	0.100
0.100	0.100	0.700	0.100
0.700	0.100	0.100	0.100
0.100	0.100	0.700	0.100
0.100	0.700	0.100	0.100
0.700	0.100	0.100	0.100
>GACAGTTCTA	18-GACAGTTCTA	7.583122	-12.360825	0	T:31.0(28.70%),B:4670.5(12.30%),P:1e-5	Tpos:447.9,Tstd:331.6,Bpos:509.1,Bstd:309.3,StrandBias:0.5,Multiplicity:1.20
0.001	0.096	0.869	0.034
0.799	0.040	0.086	0.075
0.001	0.688	0.144	0.167
0.895	0.001	0.102	0.002
0.136	0.050	0.772	0.042
0.154	0.123	0.002	0.721
0.120	0.001	0.103	0.776
0.108	0.756	0.111	0.025
0.122	0.043	0.112	0.723
0.979	0.001	0.019	0.001
>TTAAACTGAG	19-TTAAACTGAG	11.032488	-11.769456	0	T:6.0(5.56%),B:158.8(0.42%),P:1e-5	Tpos:381.7,Tstd:205.2,Bpos:531.2,Bstd:311.3,StrandBias:1.9,Multiplicity:2.33
0.001	0.001	0.001	0.997
0.001	0.001	0.001	0.997
0.997	0.001	0.001	0.001
0.851	0.001	0.001	0.147
0.997	0.001	0.001	0.001
0.001	0.997	0.001	0.001
0.001	0.001	0.001	0.997
0.001	0.001	0.997	0.001
0.927	0.071	0.001	0.001
0.001	0.001	0.997	0.001
>CTCACTAATT	20-CTCACTAATT	10.871090	-10.910436	0	T:10.0(9.26%),B:646.2(1.70%),P:1e-4	Tpos:491.4,Tstd:272.7,Bpos:526.3,Bstd:304.8,StrandBias:-1.5,Multiplicity:1.50
0.001	0.997	0.001	0.001
0.001	0.294	0.001	0.704
0.001	0.997	0.001	0.001
0.900	0.098	0.001	0.001
0.150	0.842	0.007	0.001
0.001	0.001	0.001	0.997
0.767	0.001	0.231	0.001
0.699	0.299	0.001	0.001
0.001	0.001	0.001	0.997
0.001	0.001	0.001	0.997
>CCTGTCAAGG	21-CCTGTCAAGG	10.296193	-10.469006	0	T:3.0(2.78%),B:18.5(0.05%),P:1e-4	Tpos:448.2,Tstd:185.6,Bpos:599.3,Bstd:280.4,StrandBias:0.0,Multiplicity:1.33
0.100	0.700	0.100	0.100
0.100	0.700	0.100	0.100
0.100	0.100	0.100	0.700
0.100	0.100	0.700	0.100
0.100	0.100	0.100	0.700
0.100	0.700	0.100	0.100
0.700	0.100	0.100	0.100
0.700	0.100	0.100	0.100
0.100	0.100	0.700	0.100
0.100	0.100	0.700	0.100
>GCAACTCCAK	22-GCAACTCCAK	11.900852	-6.528159	0	T:4.0(3.70%),B:167.2(0.44%),P:1e-2	Tpos:365.5,Tstd:200.3,Bpos:454.4,Bstd:315.4,StrandBias:1.6,Multiplicity:1.00
0.001	0.001	0.997	0.001
0.192	0.806	0.001	0.001
0.997	0.001	0.001	0.001
0.997	0.001	0.001	0.001
0.328	0.670	0.001	0.001
0.001	0.001	0.001	0.997
0.001	0.997	0.001	0.001
0.001	0.997	0.001	0.001
0.997	0.001	0.001	0.001
0.001	0.001	0.455	0.543
>CCCCYCCCCC	23-CCCCYCCCCC	8.885836	-3.403076	0	T:8.0(7.41%),B:1305.0(3.44%),P:1e-1	Tpos:380.2,Tstd:307.0,Bpos:509.1,Bstd:288.4,StrandBias:2.0,Multiplicity:1.25
0.001	0.809	0.001	0.189
0.001	0.722	0.214	0.063
0.001	0.997	0.001	0.001
0.001	0.935	0.001	0.063
0.001	0.474	0.001	0.524
0.105	0.711	0.001	0.183
0.086	0.525	0.119	0.270
0.089	0.708	0.094	0.109
0.273	0.697	0.001	0.029
0.010	0.988	0.001	0.001
>ACCAGTGCAC	24-ACCAGTGCAC	13.750344	-3.317477	0	T:1.0(0.93%),B:12.3(0.03%),P:1e-1	Tpos:274.0,Tstd:182.6,Bpos:335.8,Bstd:237.1,StrandBias:-10.0,Multiplicity:8.00
0.997	0.001	0.001	0.001
0.001	0.997	0.001	0.001
0.001	0.997	0.001	0.001
0.918	0.001	0.001	0.080
0.001	0.001	0.997	0.001
0.001	0.001	0.001	0.997
0.001	0.001	0.997	0.001
0.001	0.997	0.001	0.001
0.997	0.001	0.001	0.001
0.001	0.997	0.001	0.001
>TGAAACTCCA	25-TGAAACTCCA	11.513114	-2.689482	0	T:2.0(1.85%),B:148.4(0.39%),P:1e-1	Tpos:314.3,Tstd:250.6,Bpos:485.1,Bstd:294.3,StrandBias:-3.2,Multiplicity:5.00
0.001	0.001	0.001	0.997
0.001	0.001	0.997	0.001
0.997	0.001	0.001	0.001
0.900	0.001	0.001	0.098
0.997	0.001	0.001	0.001
0.001	0.997	0.001	0.001
0.001	0.001	0.001	0.997
0.001	0.997	0.001	0.001
0.001	0.997	0.001	0.001
0.997	0.001	0.001	0.001
>TTTGTTATATTC	1-TTTGTTATATTC	12.909506	-28.857440	0	T:14.0(12.96%),B:297.0(0.78%),P:1e-12	Tpos:523.2,Tstd:292.2,Bpos:512.6,Bstd:310.5,StrandBias:0.0,Multiplicity:1.00
0.001	0.001	0.001	0.997
0.001	0.001	0.001	0.997
0.152	0.001	0.001	0.846
0.089	0.001	0.909	0.001
0.001	0.001	0.001	0.997
0.001	0.110	0.090	0.799
0.838	0.106	0.001	0.055
0.188	0.001	0.001	0.810
0.997	0.001	0.001	0.001
0.001	0.001	0.001	0.997
0.001	0.001	0.001	0.997
0.001	0.896	0.102	0.001
>TCGCSGTTAGTT	2-TCGCSGTTAGTT	12.143424	-26.784156	0	T:7.0(6.48%),B:23.3(0.06%),P:1e-11	Tpos:454.5,Tstd:260.1,Bpos:474.2,Bstd:280.8,StrandBias:0.7,Multiplicity:1.14
0.001	0.001	0.163	0.835
0.001	0.997	0.001	0.001
0.001	0.001	0.997	0.001
0.001	0.873	0.125	0.001
0.164	0.454	0.381	0.001
0.001	0.001	0.997	0.001
0.289	0.001	0.001	0.709
0.001	0.001	0.001	0.997
0.997	0.001	0.001	0.001
0.001	0.001	0.997	0.001
0.001	0.163	0.001	0.835
0.001	0.001	0.001	0.997
>TATTTTTTACCC	3-TATTTTTTACCC	13.369022	-26.566387	0	T:11.0(10.19%),B:162.7(0.43%),P:1e-11	Tpos:593.1,Tstd:229.0,Bpos:543.0,Bstd:271.3,StrandBias:-1.4,Multiplicity:1.00
0.001	0.001	0.115	0.883
0.997	0.001	0.001	0.001
0.001	0.001	0.001	0.997
0.001	0.001	0.001	0.997
0.001	0.175	0.001	0.823
0.001	0.001	0.001	0.997
0.001	0.001	0.001	0.997
0.001	0.001	0.001	0.997
0.921	0.077	0.001	0.001
0.001	0.927	0.001	0.071
0.089	0.909	0.001	0.001
0.099	0.899	0.001	0.001
>TTCTTATCAKTT	4-TTCTTATCAKTT	11.229437	-26.191228	0	T:28.0(25.93%),B:2079.0(5.47%),P:1e-11	Tpos:606.5,Tstd:296.1,Bpos:552.5,Bstd:315.4,StrandBias:0.9,Multiplicity:1.14
0.295	0.101	0.081	0.523
0.001	0.001	0.001	0.997
0.159	0.687	0.041	0.113
0.001	0.068	0.001	0.930
0.001	0.001	0.001	0.997
0.997	0.001	0.001	0.001
0.001	0.001	0.001	0.997
0.077	0.811	0.001	0.111
0.997	0.001	0.001	0.001
0.133	0.042	0.473	0.351
0.001	0.001	0.190	0.808
0.044	0.001	0.065	0.890
>TGGAGTCGCAKA	5-TGGAGTCGCAKA	10.128943	-23.870927	0	T:14.0(12.96%),B:436.2(1.15%),P:1e-10	Tpos:535.4,Tstd:253.8,Bpos:537.7,Bstd:287.0,StrandBias:0.0,Multiplicity:1.00
0.001	0.096	0.075	0.828
0.007	0.106	0.884	0.003
0.002	0.001	0.908	0.089
0.903	0.003	0.001	0.093
0.106	0.093	0.693	0.108
0.181	0.058	0.106	0.655
0.058	0.680	0.106	0.156
0.108	0.073	0.816	0.003
0.093	0.775	0.131	0.001
0.997	0.001	0.001	0.001
0.074	0.172	0.451	0.304
0.885	0.001	0.112	0.002
>TAGTTCTATAAT	6-TAGTTCTATAAT	16.371810	-22.279631	0	T:5.0(4.63%),B:8.9(0.02%),P:1e-9	Tpos:433.3,Tstd:194.2,Bpos:482.9,Bstd:185.6,StrandBias:-1.0,Multiplicity:1.20
0.001	0.001	0.001	0.997
0.997	0.001	0.001	0.001
0.001	0.001	0.997	0.001
0.001	0.001	0.001	0.997
0.001	0.001	0.001	0.997
0.001	0.997	0.001	0.001
0.001	0.001	0.001	0.997
0.997	0.001	0.001	0.001
0.001	0.001	0.001	0.997
0.997	0.001	0.001	0.001
0.997	0.001	0.001	0.001
0.001	0.204	0.001	0.794
>AATAAAAGTGAG	7-AATAAAAGTGAG	13.203620	-20.845663	0	T:11.0(10.19%),B:285.0(0.75%),P:1e-9	Tpos:610.4,Tstd:221.5,Bpos:547.2,Bstd:301.6,StrandBias:-0.8,Multiplicity:1.00
0.997	0.001	0.001	0.001
0.997	0.001	0.001	0.001
0.053	0.001	0.001	0.945
0.863	0.135	0.001	0.001
0.997	0.001	0.001	0.001
0.997	0.001	0.001	0.001
0.997	0.001	0.001	0.001
0.001	0.001	0.997	0.001
0.001	0.001	0.001	0.997
0.102	0.001	0.807	0.090
0.760	0.001	0.132	0.107
0.066	0.103	0.746	0.085
>CAATTCCTCATA	8-CAATTCCTCATA	13.533697	-20.812866	0	T:7.0(6.48%),B:60.2(0.16%),P:1e-9	Tpos:510.1,Tstd:207.1,Bpos:499.5,Bstd:331.1,StrandBias:-0.3,Multiplicity:1.57
0.093	0.905	0.001	0.001
0.997	0.001	0.001	0.001
0.997	0.001	0.001	0.001
0.001	0.001	0.001	0.997
0.001	0.001	0.001	0.997
0.102	0.896	0.001	0.001
0.001	0.997	0.001	0.001
0.001	0.001	0.001	0.997
0.001	0.721	0.149	0.129
0.997	0.001	0.001	0.001
0.092	0.113	0.001	0.794
0.869	0.001	0.129	0.001
>CTCAGTTTAAAA	9-CTCAGTTTAAAA	13.946108	-19.651998	0	T:6.0(5.56%),B:38.7(0.10%),P:1e-8	Tpos:395.4,Tstd:220.9,Bpos:450.5,Bstd:301.0,StrandBias:-2.6,Multiplicity:2.33
0.001	0.939	0.059	0.001
0.001	0.001	0.001	0.997
0.001	0.997	0.001	0.001
0.997	0.001	0.001	0.001
0.001	0.001	0.997	0.001
0.001	0.001	0.001	0.997
0.163	0.001	0.001	0.835
0.001	0.089	0.001	0.909
0.997	0.001	0.001	0.001
0.997	0.001	0.001	0.001
0.997	0.001	0.001	0.001
0.997	0.001	0.001	0.001
>TCCTGTCAAGGA	10-TCCTGTCAAGGA	12.475914	-18.794149	0	T:7.0(6.48%),B:82.4(0.22%),P:1e-8	Tpos:474.0,Tstd:177.9,Bpos:493.7,Bstd:315.6,StrandBias:0.7,Multiplicity:1.14
0.001	0.001	0.001	0.997
0.001	0.997	0.001	0.001
0.001	0.703	0.001	0.295
0.001	0.001	0.001	0.997
0.363	0.001	0.635	0.001
0.001	0.295	0.001	0.703
0.001	0.721	0.001	0.277
0.997	0.001	0.001	0.001
0.635	0.001	0.001	0.363
0.001	0.001	0.710	0.288
0.001	0.001	0.997	0.001
0.997	0.001	0.001	0.001
>TGAAATCTGAGG	11-TGAAATCTGAGG	12.355432	-18.693067	0	T:4.0(3.70%),B:5.7(0.01%),P:1e-8	Tpos:496.6,Tstd:182.9,Bpos:606.7,Bstd:168.6,StrandBias:0.6,Multiplicity:1.25
0.100	0.100	0.100	0.700
0.100	0.100	0.700	0.100
0.700	0.100	0.100	0.100
0.700	0.100	0.100	0.100
0.700	0.100	0.100	0.100
0.100	0.100	0.100	0.700
0.100	0.700	0.100	0.100
0.100	0.100	0.100	0.700
0.100	0.100	0.700	0.100
0.700	0.100	0.100	0.100
0.100	0.100	0.700	0.100
0.100	0.100	0.700	0.100
>AAACTCCATTAT	12-AAACTCCATTAT	10.401382	-18.580133	0	T:16.0(14.81%),B:912.7(2.40%),P:1e-8	Tpos:417.5,Tstd:250.8,Bpos:509.9,Bstd:304.9,StrandBias:-2.1,Multiplicity:1.62
0.997	0.001	0.001	0.001
0.626	0.062	0.001	0.311
0.768	0.001	0.110	0.121
0.001	0.997	0.001	0.001
0.001	0.048	0.001	0.950
0.001	0.861	0.001	0.137
0.001	0.607	0.078	0.314
0.659	0.001	0.062	0.278
0.051	0.001	0.273	0.675
0.265	0.001	0.001	0.733
0.779	0.049	0.061	0.111
0.131	0.001	0.001	0.867
>AGAAACATAACC	13-AGAAACATAACC	12.355432	-16.323554	0	T:4.0(3.70%),B:11.7(0.03%),P:1e-7	Tpos:538.0,Tstd:238.4,Bpos:642.0,Bstd:246.8,StrandBias:-0.6,Multiplicity:1.25
0.700	0.100	0.100	0.100
0.100	0.100	0.700	0.100
0.700	0.100	0.100	0.100
0.700	0.100	0.100	0.100
0.700	0.100	0.100	0.100
0.100	0.700	0.100	0.100
0.700	0.100	0.100	0.100
0.100	0.100	0.100	0.700
0.700	0.100	0.100	0.100
0.700	0.100	0.100	0.100
0.100	0.700	0.100	0.100
0.100	0.700	0.100	0.100
>ATATTGCTAACA	14-ATATTGCTAACA	12.355432	-15.771978	0	T:4.0(3.70%),B:13.1(0.03%),P:1e-6	Tpos:557.2,Tstd:218.1,Bpos:561.5,Bstd:234.1,StrandBias:0.0,Multiplicity:1.00
0.700	0.100	0.100	0.100
0.100	0.100	0.100	0.700
0.700	0.100	0.100	0.100
0.100	0.100	0.100	0.700
0.100	0.100	0.100	0.700
0.100	0.100	0.700	0.100
0.100	0.700	0.100	0.100
0.100	0.100	0.100	0.700
0.700	0.100	0.100	0.100
0.700	0.100	0.100	0.100
0.100	0.700	0.100	0.100
0.700	0.100	0.100	0.100
>ATAATGCTCCCT	15-ATAATGCTCCCT	12.037846	-15.522848	0	T:4.0(3.70%),B:14.7(0.04%),P:1e-6	Tpos:567.2,Tstd:291.3,Bpos:487.9,Bstd:286.5,StrandBias:0.0,Multiplicity:1.00
0.997	0.001	0.001	0.001
0.001	0.001	0.153	0.845
0.806	0.001	0.192	0.001
0.789	0.209	0.001	0.001
0.001	0.001	0.001	0.997
0.001	0.001	0.997	0.001
0.001	0.806	0.001	0.192
0.209	0.001	0.001	0.789
0.192	0.806	0.001	0.001
0.153	0.845	0.001	0.001
0.001	0.597	0.209	0.193
0.209	0.001	0.001	0.789
>CATGTTGCAGGA	16-CATGTTGCAGGA	14.320714	-15.326276	0	T:3.0(2.78%),B:2.8(0.01%),P:1e-6	Tpos:448.7,Tstd:311.3,Bpos:857.0,Bstd:0.0,StrandBias:1.0,Multiplicity:1.00
0.001	0.997	0.001	0.001
0.521	0.001	0.254	0.224
0.001	0.001	0.001	0.997
0.001	0.223	0.775	0.001
0.001	0.001	0.223	0.775
0.001	0.001	0.001	0.997
0.001	0.001	0.775	0.223
0.001	0.997	0.001	0.001
0.745	0.253	0.001	0.001
0.001	0.001	0.997	0.001
0.001	0.001	0.745	0.253
0.745	0.001	0.253	0.001
>GAGCACATTTCT	17-GAGCACATTTCT	16.373069	-15.067685	0	T:4.0(3.70%),B:16.4(0.04%),P:1e-6	Tpos:503.2,Tstd:194.1,Bpos:488.0,Bstd:285.9,StrandBias:0.6,Multiplicity:1.25
0.001	0.001	0.997	0.001
0.997	0.001	0.001	0.001
0.001	0.001	0.997	0.001
0.001	0.997	0.001	0.001
0.997	0.001	0.001	0.001
0.001	0.997	0.001	0.001
0.997	0.001	0.001	0.001
0.001	0.001	0.001	0.997
0.203	0.001	0.001	0.795
0.001	0.001	0.001	0.997
0.001	0.997	0.001	0.001
0.001	0.001	0.001	0.997
>ATTCCTTAGACT	18-ATTCCTTAGACT	12.914059	-14.660131	0	T:5.0(4.63%),B:48.9(0.13%),P:1e-6	Tpos:362.0,Tstd:288.3,Bpos:559.2,Bstd:307.6,StrandBias:-0.4,Multiplicity:1.40
0.997	0.001	0.001	0.001
0.001	0.001	0.001	0.997
0.001	0.001	0.001	0.997
0.193	0.805	0.001	0.001
0.001	0.997	0.001	0.001
0.001	0.001	0.001	0.997
0.001	0.001	0.146	0.852
0.868	0.001	0.001	0.130
0.001	0.001	0.997	0.001
0.997	0.001	0.001	0.001
0.278	0.527	0.001	0.194
0.001	0.001	0.001	0.997
>TGAAAGTGAATT	19-TGAAAGTGAATT	12.762428	-14.217376	0	T:7.0(6.48%),B:166.4(0.44%),P:1e-6	Tpos:627.7,Tstd:218.6,Bpos:516.3,Bstd:287.2,StrandBias:-0.3,Multiplicity:1.29
0.001	0.001	0.001	0.997
0.001	0.001	0.997	0.001
0.997	0.001	0.001	0.001
0.997	0.001	0.001	0.001
0.603	0.395	0.001	0.001
0.001	0.001	0.997	0.001
0.001	0.001	0.001	0.997
0.001	0.016	0.912	0.071
0.997	0.001	0.001	0.001
0.997	0.001	0.001	0.001
0.208	0.001	0.292	0.499
0.001	0.001	0.001	0.997
>CTAACAGTGAGC	20-CTAACAGTGAGC	12.869913	-13.356744	0	T:4.0(3.70%),B:26.3(0.07%),P:1e-5	Tpos:555.0,Tstd:297.9,Bpos:610.1,Bstd:229.3,StrandBias:-2.0,Multiplicity:1.25
0.001	0.891	0.001	0.107
0.302	0.001	0.001	0.696
0.997	0.001	0.001	0.001
0.859	0.001	0.001	0.139
0.001	0.739	0.259	0.001
0.997	0.001	0.001	0.001
0.302	0.001	0.696	0.001
0.001	0.001	0.001	0.997
0.001	0.001	0.997	0.001
0.675	0.001	0.323	0.001
0.001	0.001	0.997	0.001
0.001	0.675	0.323	0.001
>CCGACAACTRGC	21-CCGACAACTRGC	12.531809	-12.383366	0	T:4.0(3.70%),B:34.4(0.09%),P:1e-5	Tpos:635.8,Tstd:234.6,Bpos:451.8,Bstd:330.0,StrandBias:-2.3,Multiplicity:1.50
0.001	0.619	0.379	0.001
0.001	0.809	0.001	0.189
0.001	0.001	0.997	0.001
0.997	0.001	0.001	0.001
0.001	0.997	0.001	0.001
0.997	0.001	0.001	0.001
0.997	0.001	0.001	0.001
0.163	0.835	0.001	0.001
0.001	0.001	0.001	0.997
0.430	0.001	0.568	0.001
0.001	0.001	0.997	0.001
0.001	0.594	0.001	0.404
>TTGGAAGAKAAC	22-TTGGAAGAKAAC	9.746536	-12.173219	0	T:15.0(13.89%),B:1310.9(3.45%),P:1e-5	Tpos:594.4,Tstd:287.8,Bpos:510.6,Bstd:310.9,StrandBias:-0.2,Multiplicity:1.27
0.161	0.032	0.070	0.737
0.038	0.071	0.111	0.780
0.068	0.028	0.870	0.034
0.172	0.034	0.793	0.001
0.798	0.100	0.101	0.001
0.875	0.001	0.099	0.025
0.033	0.059	0.876	0.032
0.930	0.001	0.031	0.038
0.001	0.001	0.497	0.501
0.681	0.192	0.111	0.016
0.878	0.036	0.045	0.041
0.106	0.610	0.068	0.216
>GTTTTCAAATTT	23-GTTTTCAAATTT	11.350356	-5.874959	0	T:8.0(7.41%),B:835.0(2.20%),P:1e-2	Tpos:395.5,Tstd:194.1,Bpos:527.1,Bstd:298.7,StrandBias:2.6,Multiplicity:1.75
0.001	0.001	0.997	0.001
0.001	0.001	0.001	0.997
0.001	0.001	0.001	0.997
0.001	0.001	0.001	0.997
0.001	0.001	0.001	0.997
0.001	0.997	0.001	0.001
0.910	0.001	0.001	0.088
0.922	0.076	0.001	0.001
0.997	0.001	0.001	0.001
0.001	0.075	0.001	0.923
0.001	0.001	0.085	0.913
0.001	0.001	0.080	0.918
>AATTGTGCACTG	24-AATTGTGCACTG	16.509269	-4.769800	0	T:1.0(0.93%),B:2.8(0.01%),P:1e-2	Tpos:272.0,Tstd:182.6,Bpos:381.2,Bstd:264.9,StrandBias:10.0,Multiplicity:8.00
0.997	0.001	0.001	0.001
0.997	0.001	0.001	0.001
0.001	0.001	0.001	0.997
0.001	0.001	0.001	0.997
0.001	0.001	0.997	0.001
0.001	0.001	0.001	0.997
0.001	0.001	0.997	0.001
0.001	0.997	0.001	0.001
0.997	0.001	0.001	0.001
0.001	0.997	0.001	0.001
0.087	0.001	0.001	0.911
0.001	0.001	0.997	0.001
>CCCCCCCCCCCC	25-CCCCCCCCCCCC	2.621700	-2.440909	0	T:40.0(37.04%),B:11584.5(30.50%),P:1e-1	Tpos:517.3,Tstd:312.8,Bpos:529.9,Bstd:299.7,StrandBias:1.4,Multiplicity:1.27
0.124	0.785	0.001	0.090
0.151	0.730	0.041	0.078
0.001	0.770	0.106	0.123
0.001	0.798	0.077	0.124
0.001	0.792	0.084	0.123
0.001	0.914	0.084	0.001
0.096	0.819	0.084	0.001
0.002	0.996	0.001	0.001
0.002	0.913	0.001	0.084
0.001	0.816	0.001	0.182
0.001	0.888	0.001	0.110
0.139	0.794	0.001	0.066
>TTGTGACT	1-TTGTGACT	7.529027	-16.706512	0	T:34.0(31.48%),B:4497.4(11.84%),P:1e-7	Tpos:593.0,Tstd:266.4,Bpos:511.8,Bstd:312.1,StrandBias:0.8,Multiplicity:1.27
0.131	0.001	0.001	0.867
0.001	0.048	0.001	0.950
0.001	0.001	0.997	0.001
0.001	0.089	0.001	0.909
0.001	0.001	0.997	0.001
0.925	0.001	0.073	0.001
0.001	0.997	0.001	0.001
0.001	0.179	0.001	0.819
>AAGATAAS	2-AAGATAAS	8.529407	-15.897790	0	T:39.0(36.11%),B:5865.3(15.44%),P:1e-6	Tpos:576.9,Tstd:306.9,Bpos:515.7,Bstd:312.0,StrandBias:0.2,Multiplicity:1.21
0.997	0.001	0.001	0.001
0.806	0.192	0.001	0.001
0.001	0.001	0.997	0.001
0.997	0.001	0.001	0.001
0.001	0.001	0.001	0.997
0.752	0.001	0.246	0.001
0.997	0.001	0.001	0.001
0.001	0.455	0.543	0.001
>TGATAGGA	3-TGATAGGA	7.936766	-14.659562	0	T:36.0(33.33%),B:5388.5(14.19%),P:1e-6	Tpos:624.6,Tstd:270.5,Bpos:547.9,Bstd:322.3,StrandBias:-0.2,Multiplicity:1.36
0.073	0.133	0.001	0.793
0.001	0.001	0.997	0.001
0.993	0.001	0.001	0.005
0.001	0.355	0.001	0.643
0.728	0.125	0.146	0.001
0.195	0.001	0.803	0.001
0.001	0.088	0.910	0.001
0.718	0.159	0.001	0.122
>GCTGATAA	4-GCTGATAA	8.995282	-10.776777	0	T:32.0(29.63%),B:5307.6(13.97%),P:1e-4	Tpos:618.8,Tstd:310.6,Bpos:527.9,Bstd:315.8,StrandBias:-0.6,Multiplicity:1.37
0.282	0.001	0.716	0.001
0.001	0.997	0.001	0.001
0.001	0.001	0.001	0.997
0.001	0.001	0.997	0.001
0.823	0.175	0.001	0.001
0.001	0.001	0.001	0.997
0.997	0.001	0.001	0.001
0.997	0.001	0.001	0.001
>TAAACTGA	5-TAAACTGA	7.924302	-10.066552	0	T:40.0(37.04%),B:7688.9(20.24%),P:1e-4	Tpos:496.1,Tstd:286.9,Bpos:516.3,Bstd:308.9,StrandBias:0.5,Multiplicity:1.49
0.001	0.001	0.001	0.997
0.841	0.001	0.157	0.001
0.832	0.001	0.001	0.166
0.884	0.001	0.114	0.001
0.001	0.997	0.001	0.001
0.069	0.001	0.108	0.822
0.001	0.001	0.997	0.001
0.997	0.001	0.001	0.001
>YTYCATGA	6-YTYCATGA	9.295747	-7.331767	0	T:27.0(25.00%),B:4991.0(13.14%),P:1e-3	Tpos:554.0,Tstd:258.5,Bpos:500.9,Bstd:304.2,StrandBias:0.2,Multiplicity:1.26
0.001	0.519	0.001	0.479
0.001	0.001	0.282	0.716
0.001	0.454	0.001	0.544
0.001	0.997	0.001	0.001
0.997	0.001	0.001	0.001
0.001	0.001	0.001	0.997
0.001	0.001	0.997	0.001
0.997	0.001	0.001	0.001
>TGCACTGG	7-TGCACTGG	8.236954	-6.057034	0	T:6.0(5.56%),B:467.6(1.23%),P:1e-2	Tpos:297.4,Tstd:171.0,Bpos:481.6,Bstd:317.8,StrandBias:10.0,Multiplicity:2.17
0.100	0.100	0.100	0.700
0.100	0.100	0.700	0.100
0.100	0.700	0.100	0.100
0.700	0.100	0.100	0.100
0.100	0.700	0.100	0.100
0.100	0.100	0.100	0.700
0.100	0.100	0.700	0.100
0.100	0.100	0.700	0.100
>AGGAATTG	8-AGGAATTG	8.236954	-5.870871	0	T:12.0(11.11%),B:1661.3(4.37%),P:1e-2	Tpos:502.3,Tstd:244.1,Bpos:499.9,Bstd:304.8,StrandBias:0.7,Multiplicity:1.50
0.700	0.100	0.100	0.100
0.100	0.100	0.700	0.100
0.100	0.100	0.700	0.100
0.700	0.100	0.100	0.100
0.700	0.100	0.100	0.100
0.100	0.100	0.100	0.700
0.100	0.100	0.100	0.700
0.100	0.100	0.700	0.100
>AACTCCAT	9-AACTCCAT	9.314859	-2.450151	0	T:11.0(10.19%),B:2433.9(6.41%),P:1e-1	Tpos:360.3,Tstd:233.8,Bpos:492.0,Bstd:301.0,StrandBias:-2.6,Multiplicity:1.91
0.997	0.001	0.001	0.001
0.825	0.001	0.001	0.173
0.001	0.997	0.001	0.001
0.001	0.001	0.001	0.997
0.001	0.997	0.001	0.001
0.001	0.997	0.001	0.001
0.997	0.001	0.001	0.001
0.001	0.001	0.001	0.997
