>ACTTATCAAT	1-ACTTATCAAT	8.968474	-24.212059	0	T:38.0(36.89%),B:4825.7(11.61%),P:1e-10	Tpos:584.0,Tstd:296.0,Bpos:536.9,Bstd:311.5,StrandBias:1.0,Multiplicity:1.16
0.413	0.227	0.223	0.137
0.001	0.970	0.028	0.001
0.001	0.001	0.001	0.997
0.001	0.001	0.001	0.997
0.854	0.059	0.072	0.015
0.001	0.001	0.001	0.997
0.001	0.934	0.001	0.064
0.997	0.001	0.001	0.001
0.635	0.001	0.184	0.180
0.269	0.001	0.288	0.443
>ATTCCCAATT	2-ATTCCCAATT	10.385810	-23.805206	0	T:20.0(19.42%),B:1262.6(3.04%),P:1e-10	Tpos:549.7,Tstd:299.4,Bpos:496.6,Bstd:310.1,StrandBias:-0.1,Multiplicity:1.05
0.943	0.055	0.001	0.001
0.001	0.001	0.001	0.997
0.170	0.001	0.001	0.828
0.001	0.911	0.087	0.001
0.001	0.997	0.001	0.001
0.001	0.881	0.083	0.035
0.997	0.001	0.001	0.001
0.935	0.063	0.001	0.001
0.001	0.001	0.001	0.997
0.001	0.083	0.001	0.915
>TACCGCCCTA	3-TACCGCCCTA	11.424304	-22.560031	0	T:7.0(6.80%),B:53.4(0.13%),P:1e-9	Tpos:676.9,Tstd:284.0,Bpos:578.9,Bstd:356.6,StrandBias:10.0,Multiplicity:1.00
0.001	0.001	0.001	0.997
0.818	0.180	0.001	0.001
0.001	0.997	0.001	0.001
0.001	0.997	0.001	0.001
0.001	0.001	0.814	0.184
0.001	0.997	0.001	0.001
0.001	0.997	0.001	0.001
0.001	0.997	0.001	0.001
0.001	0.166	0.001	0.832
0.804	0.001	0.001	0.194
>AGCCTATGAC	4-AGCCTATGAC	10.489827	-19.274506	0	T:9.0(8.74%),B:210.6(0.51%),P:1e-8	Tpos:438.5,Tstd:351.1,Bpos:453.3,Bstd:329.3,StrandBias:-0.6,Multiplicity:1.11
0.735	0.138	0.001	0.126
0.001	0.001	0.997	0.001
0.098	0.900	0.001	0.001
0.083	0.915	0.001	0.001
0.001	0.001	0.097	0.901
0.997	0.001	0.001	0.001
0.001	0.097	0.001	0.901
0.001	0.001	0.997	0.001
0.875	0.001	0.001	0.123
0.001	0.887	0.111	0.001
>CANACAGACC	5-CANACAGACC	8.612859	-18.470199	0	T:19.0(18.45%),B:1550.9(3.73%),P:1e-8	Tpos:521.4,Tstd:297.6,Bpos:515.1,Bstd:321.5,StrandBias:0.0,Multiplicity:1.18
0.001	0.697	0.301	0.001
0.777	0.001	0.221	0.001
0.278	0.273	0.292	0.156
0.997	0.001	0.001	0.001
0.001	0.682	0.316	0.001
0.698	0.286	0.001	0.015
0.006	0.001	0.988	0.005
0.586	0.001	0.412	0.001
0.001	0.981	0.001	0.017
0.009	0.681	0.309	0.001
>TCGAGTCCGT	6-TCGAGTCCGT	8.104042	-18.333899	0	T:14.0(13.59%),B:781.4(1.88%),P:1e-7	Tpos:474.4,Tstd:300.2,Bpos:494.3,Bstd:311.1,StrandBias:-0.8,Multiplicity:1.00
0.001	0.245	0.061	0.693
0.001	0.695	0.303	0.001
0.039	0.318	0.642	0.001
0.854	0.057	0.001	0.088
0.001	0.333	0.603	0.063
0.161	0.077	0.001	0.761
0.001	0.458	0.278	0.264
0.068	0.747	0.184	0.001
0.093	0.143	0.663	0.101
0.039	0.001	0.133	0.827
>TATGGTTTCC	7-TATGGTTTCC	9.289416	-16.320566	0	T:18.0(17.48%),B:1592.6(3.83%),P:1e-7	Tpos:410.2,Tstd:285.6,Bpos:513.0,Bstd:302.0,StrandBias:1.2,Multiplicity:1.11
0.001	0.096	0.001	0.902
0.851	0.113	0.001	0.035
0.001	0.001	0.001	0.997
0.090	0.001	0.766	0.143
0.001	0.121	0.830	0.048
0.001	0.001	0.001	0.997
0.001	0.001	0.001	0.997
0.001	0.001	0.001	0.997
0.140	0.858	0.001	0.001
0.084	0.819	0.001	0.096
>CTTCGGCCAC	8-CTTCGGCCAC	9.207126	-14.305178	0	T:10.0(9.71%),B:502.5(1.21%),P:1e-6	Tpos:543.5,Tstd:292.6,Bpos:476.4,Bstd:315.1,StrandBias:0.0,Multiplicity:1.20
0.087	0.911	0.001	0.001
0.001	0.085	0.001	0.913
0.001	0.001	0.001	0.997
0.001	0.881	0.001	0.117
0.001	0.120	0.802	0.077
0.001	0.001	0.997	0.001
0.001	0.861	0.001	0.137
0.112	0.886	0.001	0.001
0.855	0.001	0.001	0.143
0.001	0.997	0.001	0.001
>AAGAGACGCA	9-AAGAGACGCA	9.751100	-14.246050	0	T:18.0(17.48%),B:1837.2(4.42%),P:1e-6	Tpos:514.6,Tstd:286.3,Bpos:559.1,Bstd:322.0,StrandBias:-1.6,Multiplicity:1.11
0.955	0.001	0.001	0.043
0.890	0.061	0.048	0.001
0.060	0.001	0.846	0.093
0.997	0.001	0.001	0.001
0.001	0.001	0.920	0.078
0.905	0.001	0.093	0.001
0.127	0.871	0.001	0.001
0.034	0.088	0.877	0.001
0.046	0.833	0.040	0.081
0.898	0.001	0.001	0.100
>TCGCAACTAC	10-TCGCAACTAC	10.523423	-13.068519	0	T:9.0(8.74%),B:447.8(1.08%),P:1e-5	Tpos:547.8,Tstd:257.5,Bpos:524.8,Bstd:313.0,StrandBias:-0.5,Multiplicity:1.33
0.001	0.001	0.001	0.997
0.001	0.788	0.124	0.087
0.088	0.001	0.910	0.001
0.092	0.906	0.001	0.001
0.997	0.001	0.001	0.001
0.997	0.001	0.001	0.001
0.001	0.997	0.001	0.001
0.244	0.122	0.001	0.633
0.905	0.001	0.001	0.093
0.001	0.997	0.001	0.001
>TATATTGAAC	11-TATATTGAAC	9.693781	-13.021767	0	T:19.0(18.45%),B:2218.1(5.34%),P:1e-5	Tpos:460.8,Tstd:251.2,Bpos:506.3,Bstd:291.2,StrandBias:-1.0,Multiplicity:1.11
0.028	0.001	0.065	0.906
0.932	0.001	0.001	0.066
0.030	0.068	0.001	0.901
0.957	0.001	0.001	0.041
0.001	0.071	0.091	0.837
0.001	0.001	0.081	0.917
0.052	0.048	0.792	0.108
0.930	0.001	0.001	0.068
0.942	0.001	0.001	0.056
0.038	0.931	0.001	0.030
>CGAGAGGAGT	12-CGAGAGGAGT	8.510515	-12.684364	0	T:11.0(10.68%),B:751.2(1.81%),P:1e-5	Tpos:637.1,Tstd:276.8,Bpos:541.9,Bstd:315.8,StrandBias:0.9,Multiplicity:1.82
0.001	0.943	0.001	0.055
0.050	0.001	0.948	0.001
0.905	0.001	0.001	0.093
0.066	0.001	0.932	0.001
0.997	0.001	0.001	0.001
0.001	0.066	0.932	0.001
0.001	0.001	0.997	0.001
0.809	0.001	0.124	0.066
0.059	0.053	0.825	0.063
0.001	0.062	0.001	0.936
>YGAHCTCTGA	13-YGAHCTCTGA	9.230529	-11.589145	0	T:18.0(17.48%),B:2225.9(5.36%),P:1e-5	Tpos:497.0,Tstd:281.3,Bpos:518.7,Bstd:304.7,StrandBias:-0.2,Multiplicity:1.44
0.001	0.457	0.001	0.541
0.011	0.085	0.903	0.001
0.988	0.001	0.010	0.001
0.354	0.301	0.121	0.224
0.001	0.825	0.170	0.004
0.275	0.011	0.001	0.713
0.001	0.685	0.001	0.313
0.189	0.009	0.001	0.801
0.001	0.001	0.997	0.001
0.888	0.001	0.110	0.001
>CTTAAGCGAC	14-CTTAAGCGAC	6.759176	-8.992217	0	T:4.0(3.88%),B:98.4(0.24%),P:1e-3	Tpos:216.8,Tstd:201.8,Bpos:496.6,Bstd:290.8,StrandBias:0.4,Multiplicity:4.00
0.001	0.997	0.001	0.001
0.001	0.001	0.001	0.997
0.001	0.001	0.001	0.997
0.997	0.001	0.001	0.001
0.997	0.001	0.001	0.001
0.001	0.001	0.997	0.001
0.001	0.997	0.001	0.001
0.156	0.001	0.842	0.001
0.895	0.001	0.103	0.001
0.001	0.997	0.001	0.001
>GAAACTWSGT	15-GAAACTWSGT	8.711319	-6.635932	0	T:31.0(30.10%),B:7302.7(17.57%),P:1e-2	Tpos:453.9,Tstd:262.4,Bpos:502.7,Bstd:312.9,StrandBias:-0.3,Multiplicity:1.19
0.200	0.001	0.664	0.135
0.997	0.001	0.001	0.001
0.997	0.001	0.001	0.001
0.843	0.001	0.155	0.001
0.152	0.645	0.001	0.202
0.001	0.001	0.001	0.997
0.509	0.001	0.001	0.489
0.153	0.461	0.318	0.068
0.072	0.358	0.569	0.001
0.001	0.001	0.001	0.997
>CAAGGTGTCG	16-CAAGGTGTCG	10.267568	-4.333536	0	T:4.0(3.88%),B:362.6(0.87%),P:1e-1	Tpos:231.9,Tstd:201.0,Bpos:494.4,Bstd:316.3,StrandBias:-2.8,Multiplicity:4.00
0.001	0.830	0.068	0.101
0.997	0.001	0.001	0.001
0.887	0.001	0.111	0.001
0.001	0.001	0.932	0.066
0.114	0.001	0.884	0.001
0.001	0.001	0.001	0.997
0.097	0.001	0.825	0.077
0.001	0.001	0.001	0.997
0.001	0.997	0.001	0.001
0.001	0.214	0.784	0.001
>AAGAGTTGTTCA	1-AAGAGTTGTTCA	10.831497	-25.528119	0	T:17.0(16.50%),B:757.2(1.82%),P:1e-11	Tpos:497.2,Tstd:304.2,Bpos:488.1,Bstd:299.7,StrandBias:0.5,Multiplicity:1.00
0.894	0.104	0.001	0.001
0.997	0.001	0.001	0.001
0.051	0.138	0.810	0.001
0.827	0.001	0.171	0.001
0.001	0.001	0.926	0.072
0.001	0.010	0.276	0.713
0.001	0.001	0.001	0.997
0.001	0.198	0.672	0.129
0.001	0.001	0.237	0.761
0.001	0.001	0.001	0.997
0.301	0.697	0.001	0.001
0.794	0.001	0.001	0.204
>AADGGCGTTGAG	2-AADGGCGTTGAG	13.179373	-24.674234	0	T:6.0(5.83%),B:17.8(0.04%),P:1e-10	Tpos:372.8,Tstd:295.4,Bpos:526.8,Bstd:242.8,StrandBias:1.0,Multiplicity:1.00
0.997	0.001	0.001	0.001
0.683	0.001	0.001	0.315
0.316	0.001	0.344	0.339
0.001	0.001	0.997	0.001
0.001	0.001	0.679	0.319
0.001	0.997	0.001	0.001
0.001	0.001	0.698	0.300
0.001	0.001	0.001	0.997
0.315	0.001	0.001	0.683
0.001	0.001	0.997	0.001
0.997	0.001	0.001	0.001
0.001	0.001	0.997	0.001
>TGAGTCTTGGTA	3-TGAGTCTTGGTA	14.402294	-22.966162	0	T:5.0(4.85%),B:8.1(0.02%),P:1e-9	Tpos:612.0,Tstd:313.9,Bpos:494.6,Bstd:277.6,StrandBias:0.6,Multiplicity:1.00
0.001	0.001	0.001	0.997
0.001	0.001	0.997	0.001
0.997	0.001	0.001	0.001
0.001	0.001	0.997	0.001
0.001	0.001	0.001	0.997
0.001	0.997	0.001	0.001
0.001	0.001	0.001	0.997
0.001	0.001	0.001	0.997
0.001	0.244	0.754	0.001
0.001	0.275	0.723	0.001
0.001	0.202	0.001	0.796
0.997	0.001	0.001	0.001
>AACATGTGGTCT	4-AACATGTGGTCT	13.886776	-21.565409	0	T:6.0(5.83%),B:31.4(0.08%),P:1e-9	Tpos:591.0,Tstd:111.2,Bpos:518.5,Bstd:232.6,StrandBias:-2.3,Multiplicity:1.00
0.997	0.001	0.001	0.001
0.997	0.001	0.001	0.001
0.001	0.997	0.001	0.001
0.997	0.001	0.001	0.001
0.001	0.001	0.001	0.997
0.205	0.001	0.793	0.001
0.001	0.001	0.001	0.997
0.001	0.001	0.584	0.414
0.001	0.001	0.856	0.142
0.001	0.001	0.001	0.997
0.001	0.997	0.001	0.001
0.001	0.001	0.001	0.997
>TGTAGTGGTATT	5-TGTAGTGGTATT	13.662075	-19.307339	0	T:6.0(5.83%),B:47.9(0.12%),P:1e-8	Tpos:545.5,Tstd:252.1,Bpos:535.5,Bstd:275.1,StrandBias:1.0,Multiplicity:1.00
0.001	0.001	0.001	0.997
0.001	0.001	0.997	0.001
0.001	0.001	0.001	0.997
0.997	0.001	0.001	0.001
0.001	0.001	0.997	0.001
0.001	0.194	0.001	0.804
0.001	0.136	0.759	0.104
0.001	0.001	0.779	0.219
0.001	0.001	0.001	0.997
0.997	0.001	0.001	0.001
0.001	0.001	0.001	0.997
0.001	0.001	0.194	0.804
>TGTCTAGAAAAT	6-TGTCTAGAAAAT	13.135799	-18.878177	0	T:10.0(9.71%),B:303.8(0.73%),P:1e-8	Tpos:578.3,Tstd:287.5,Bpos:497.3,Bstd:309.9,StrandBias:-0.8,Multiplicity:1.10
0.001	0.001	0.001	0.997
0.084	0.094	0.821	0.001
0.001	0.001	0.001	0.997
0.001	0.881	0.117	0.001
0.097	0.128	0.001	0.774
0.871	0.127	0.001	0.001
0.072	0.001	0.848	0.079
0.997	0.001	0.001	0.001
0.997	0.001	0.001	0.001
0.997	0.001	0.001	0.001
0.997	0.001	0.001	0.001
0.001	0.122	0.001	0.876
>ACAGCTCCAATT	7-ACAGCTCCAATT	10.633733	-18.352584	0	T:16.0(15.53%),B:1068.3(2.57%),P:1e-7	Tpos:500.3,Tstd:324.9,Bpos:491.6,Bstd:299.4,StrandBias:0.4,Multiplicity:1.07
0.713	0.114	0.001	0.172
0.237	0.661	0.001	0.101
0.897	0.001	0.001	0.101
0.054	0.199	0.746	0.001
0.001	0.816	0.104	0.079
0.001	0.148	0.001	0.850
0.001	0.757	0.001	0.241
0.198	0.800	0.001	0.001
0.997	0.001	0.001	0.001
0.997	0.001	0.001	0.001
0.095	0.097	0.001	0.807
0.001	0.001	0.001	0.997
>AATTAGATGTAA	8-AATTAGATGTAA	13.229299	-18.174891	0	T:8.0(7.77%),B:165.0(0.40%),P:1e-7	Tpos:497.0,Tstd:342.5,Bpos:508.5,Bstd:317.8,StrandBias:-1.0,Multiplicity:1.12
0.997	0.001	0.001	0.001
0.997	0.001	0.001	0.001
0.128	0.001	0.001	0.870
0.001	0.001	0.001	0.997
0.997	0.001	0.001	0.001
0.090	0.001	0.908	0.001
0.860	0.138	0.001	0.001
0.001	0.001	0.197	0.801
0.001	0.001	0.917	0.081
0.001	0.001	0.117	0.881
0.867	0.001	0.131	0.001
0.997	0.001	0.001	0.001
>GRATWTAGKGDV	9-GRATWTAGKGDV	9.256422	-16.158149	0	T:13.0(12.62%),B:787.3(1.89%),P:1e-7	Tpos:491.2,Tstd:202.9,Bpos:518.6,Bstd:311.1,StrandBias:-0.7,Multiplicity:1.00
0.001	0.085	0.825	0.089
0.521	0.001	0.477	0.001
0.676	0.322	0.001	0.001
0.001	0.002	0.419	0.578
0.570	0.001	0.001	0.428
0.266	0.001	0.001	0.732
0.855	0.069	0.075	0.001
0.001	0.001	0.868	0.130
0.002	0.001	0.543	0.454
0.001	0.286	0.712	0.001
0.278	0.001	0.388	0.333
0.278	0.311	0.411	0.001
>GCTAAATTTTGA	10-GCTAAATTTTGA	12.971771	-15.705427	0	T:11.0(10.68%),B:548.1(1.32%),P:1e-6	Tpos:556.8,Tstd:285.2,Bpos:474.4,Bstd:291.4,StrandBias:-0.8,Multiplicity:1.00
0.083	0.001	0.851	0.065
0.001	0.930	0.001	0.068
0.064	0.001	0.001	0.934
0.997	0.001	0.001	0.001
0.837	0.161	0.001	0.001
0.907	0.001	0.001	0.091
0.111	0.001	0.001	0.887
0.001	0.001	0.001	0.997
0.001	0.001	0.001	0.997
0.001	0.001	0.001	0.997
0.132	0.104	0.763	0.001
0.997	0.001	0.001	0.001
>AAATTGCCAATT	11-AAATTGCCAATT	11.319898	-14.908706	0	T:19.0(18.45%),B:1952.1(4.70%),P:1e-6	Tpos:573.6,Tstd:349.8,Bpos:490.5,Bstd:308.6,StrandBias:0.2,Multiplicity:1.16
0.934	0.064	0.001	0.001
0.917	0.001	0.081	0.001
0.997	0.001	0.001	0.001
0.064	0.338	0.001	0.597
0.001	0.001	0.001	0.997
0.039	0.068	0.848	0.045
0.050	0.663	0.285	0.002
0.177	0.655	0.167	0.001
0.861	0.098	0.001	0.040
0.824	0.137	0.001	0.038
0.146	0.001	0.001	0.852
0.001	0.001	0.060	0.938
>CGATTTTGCWCA	12-CGATTTTGCWCA	12.213704	-14.290675	0	T:8.0(7.77%),B:279.0(0.67%),P:1e-6	Tpos:602.4,Tstd:336.3,Bpos:540.9,Bstd:311.9,StrandBias:1.7,Multiplicity:1.62
0.225	0.773	0.001	0.001
0.001	0.001	0.997	0.001
0.997	0.001	0.001	0.001
0.172	0.001	0.001	0.826
0.195	0.001	0.001	0.803
0.143	0.001	0.001	0.855
0.001	0.001	0.001	0.997
0.001	0.099	0.770	0.130
0.001	0.997	0.001	0.001
0.492	0.001	0.001	0.506
0.001	0.704	0.294	0.001
0.997	0.001	0.001	0.001
>CAAAGTTCATAC	13-CAAAGTTCATAC	14.276441	-14.020293	0	T:3.0(2.91%),B:5.3(0.01%),P:1e-6	Tpos:530.0,Tstd:268.8,Bpos:542.8,Bstd:326.8,StrandBias:1.0,Multiplicity:1.00
0.123	0.738	0.138	0.001
0.997	0.001	0.001	0.001
0.997	0.001	0.001	0.001
0.997	0.001	0.001	0.001
0.001	0.132	0.866	0.001
0.084	0.001	0.001	0.914
0.001	0.001	0.109	0.889
0.162	0.741	0.001	0.096
0.997	0.001	0.001	0.001
0.046	0.203	0.110	0.641
0.664	0.096	0.072	0.168
0.123	0.584	0.096	0.197
>CCTSGGKCKCCG	14-CCTSGGKCKCCG	12.592409	-13.928994	0	T:5.0(4.85%),B:65.5(0.16%),P:1e-6	Tpos:428.8,Tstd:280.7,Bpos:363.7,Bstd:286.9,StrandBias:-0.7,Multiplicity:1.60
0.001	0.997	0.001	0.001
0.001	0.997	0.001	0.001
0.001	0.001	0.001	0.997
0.001	0.464	0.534	0.001
0.001	0.001	0.997	0.001
0.001	0.001	0.683	0.315
0.001	0.001	0.527	0.471
0.001	0.594	0.398	0.007
0.001	0.001	0.439	0.559
0.001	0.997	0.001	0.001
0.001	0.997	0.001	0.001
0.002	0.001	0.995	0.002
>TGACCTACGBCT	15-TGACCTACGBCT	12.094728	-13.467975	0	T:6.0(5.83%),B:134.4(0.32%),P:1e-5	Tpos:315.1,Tstd:330.0,Bpos:438.4,Bstd:324.8,StrandBias:-2.6,Multiplicity:1.17
0.001	0.001	0.001	0.997
0.001	0.001	0.997	0.001
0.625	0.001	0.373	0.001
0.001	0.983	0.001	0.015
0.001	0.997	0.001	0.001
0.013	0.001	0.015	0.971
0.997	0.001	0.001	0.001
0.001	0.997	0.001	0.001
0.296	0.001	0.702	0.001
0.001	0.357	0.321	0.321
0.001	0.677	0.001	0.321
0.001	0.001	0.001	0.997
>AAAGAGAAGCAG	16-AAAGAGAAGCAG	12.355432	-12.945103	0	T:3.0(2.91%),B:8.3(0.02%),P:1e-5	Tpos:207.3,Tstd:221.1,Bpos:649.2,Bstd:191.9,StrandBias:-10.0,Multiplicity:1.00
0.700	0.100	0.100	0.100
0.700	0.100	0.100	0.100
0.700	0.100	0.100	0.100
0.100	0.100	0.700	0.100
0.700	0.100	0.100	0.100
0.100	0.100	0.700	0.100
0.700	0.100	0.100	0.100
0.700	0.100	0.100	0.100
0.100	0.100	0.700	0.100
0.100	0.700	0.100	0.100
0.700	0.100	0.100	0.100
0.100	0.100	0.700	0.100
>TTCCTATGATTG	17-TTCCTATGATTG	10.298138	-12.811810	0	T:10.0(9.71%),B:595.9(1.43%),P:1e-5	Tpos:563.6,Tstd:229.5,Bpos:484.8,Bstd:299.0,StrandBias:3.5,Multiplicity:1.20
0.001	0.001	0.001	0.997
0.001	0.001	0.001	0.997
0.001	0.863	0.135	0.001
0.101	0.825	0.001	0.073
0.230	0.095	0.001	0.674
0.925	0.073	0.001	0.001
0.108	0.136	0.001	0.755
0.095	0.108	0.796	0.001
0.669	0.101	0.229	0.001
0.001	0.125	0.001	0.873
0.001	0.104	0.136	0.759
0.001	0.001	0.906	0.092
>AAATTGGCCTAA	18-AAATTGGCCTAA	13.767316	-12.678560	0	T:5.0(4.85%),B:85.5(0.21%),P:1e-5	Tpos:658.4,Tstd:170.1,Bpos:510.8,Bstd:313.9,StrandBias:-0.4,Multiplicity:1.40
0.997	0.001	0.001	0.001
0.997	0.001	0.001	0.001
0.997	0.001	0.001	0.001
0.118	0.001	0.001	0.880
0.001	0.001	0.001	0.997
0.001	0.001	0.867	0.131
0.001	0.175	0.823	0.001
0.001	0.997	0.001	0.001
0.001	0.818	0.180	0.001
0.087	0.001	0.001	0.911
0.818	0.001	0.180	0.001
0.997	0.001	0.001	0.001
>TCAATTTGACTG	19-TCAATTTGACTG	14.389636	-12.659222	0	T:3.0(2.91%),B:9.1(0.02%),P:1e-5	Tpos:582.3,Tstd:34.4,Bpos:570.3,Bstd:283.7,StrandBias:-1.0,Multiplicity:1.00
0.001	0.073	0.135	0.791
0.111	0.794	0.001	0.094
0.923	0.001	0.001	0.075
0.869	0.075	0.055	0.001
0.167	0.001	0.081	0.751
0.001	0.071	0.075	0.853
0.001	0.001	0.001	0.997
0.001	0.073	0.870	0.056
0.936	0.001	0.001	0.062
0.116	0.767	0.116	0.001
0.001	0.064	0.091	0.844
0.123	0.001	0.624	0.252
>AATSTGTAAACS	20-AATSTGTAAACS	14.077585	-12.398658	0	T:3.0(2.91%),B:10.8(0.03%),P:1e-5	Tpos:604.2,Tstd:385.8,Bpos:311.7,Bstd:163.3,StrandBias:-1.6,Multiplicity:1.33
0.997	0.001	0.001	0.001
0.997	0.001	0.001	0.001
0.001	0.001	0.001	0.997
0.001	0.514	0.484	0.001
0.001	0.001	0.001	0.997
0.001	0.001	0.582	0.416
0.001	0.001	0.001	0.997
0.582	0.001	0.001	0.416
0.997	0.001	0.001	0.001
0.997	0.001	0.001	0.001
0.001	0.997	0.001	0.001
0.001	0.484	0.514	0.001
>ATTCATTTMGAT	21-ATTCATTTMGAT	12.008063	-11.272929	0	T:7.0(6.80%),B:303.2(0.73%),P:1e-4	Tpos:584.6,Tstd:158.9,Bpos:502.1,Bstd:283.1,StrandBias:1.3,Multiplicity:1.00
0.770	0.151	0.005	0.074
0.004	0.002	0.003	0.991
0.001	0.091	0.001	0.907
0.064	0.934	0.001	0.001
0.992	0.001	0.006	0.001
0.159	0.001	0.005	0.835
0.232	0.001	0.120	0.647
0.150	0.088	0.001	0.761
0.526	0.404	0.001	0.069
0.085	0.091	0.758	0.066
0.997	0.001	0.001	0.001
0.027	0.001	0.001	0.971
>GGTTGCTTAAGC	22-GGTTGCTTAAGC	9.742424	-9.493786	0	T:6.0(5.83%),B:276.1(0.66%),P:1e-4	Tpos:228.6,Tstd:228.1,Bpos:478.9,Bstd:315.8,StrandBias:-0.1,Multiplicity:2.83
0.001	0.175	0.823	0.001
0.001	0.001	0.931	0.067
0.175	0.180	0.001	0.644
0.088	0.001	0.088	0.823
0.001	0.088	0.822	0.089
0.001	0.771	0.001	0.227
0.001	0.001	0.001	0.997
0.001	0.160	0.001	0.838
0.593	0.001	0.328	0.078
0.997	0.001	0.001	0.001
0.064	0.078	0.857	0.001
0.087	0.911	0.001	0.001
>TTCTGCAGTTTT	23-TTCTGCAGTTTT	13.334322	-7.787442	0	T:7.0(6.80%),B:536.6(1.29%),P:1e-3	Tpos:515.6,Tstd:271.0,Bpos:492.2,Bstd:309.1,StrandBias:0.8,Multiplicity:1.57
0.001	0.001	0.001	0.997
0.001	0.001	0.001	0.997
0.001	0.997	0.001	0.001
0.001	0.001	0.001	0.997
0.110	0.108	0.781	0.001
0.083	0.790	0.001	0.126
0.997	0.001	0.001	0.001
0.063	0.088	0.693	0.156
0.158	0.001	0.001	0.840
0.001	0.001	0.001	0.997
0.001	0.001	0.001	0.997
0.001	0.001	0.001	0.997
>TGTACTCCTCTC	24-TGTACTCCTCTC	13.780248	-7.781055	0	T:4.0(3.88%),B:136.4(0.33%),P:1e-3	Tpos:603.2,Tstd:244.1,Bpos:615.0,Bstd:278.2,StrandBias:-3.2,Multiplicity:2.50
0.001	0.115	0.001	0.883
0.001	0.001	0.997	0.001
0.001	0.001	0.001	0.997
0.997	0.001	0.001	0.001
0.001	0.919	0.079	0.001
0.203	0.001	0.001	0.795
0.001	0.997	0.001	0.001
0.001	0.997	0.001	0.001
0.001	0.001	0.001	0.997
0.001	0.855	0.001	0.143
0.001	0.180	0.001	0.818
0.001	0.997	0.001	0.001
>TTGCTCAAAATC	25-TTGCTCAAAATC	8.870620	-5.548628	0	T:5.0(4.85%),B:413.5(1.00%),P:1e-2	Tpos:488.7,Tstd:255.0,Bpos:478.8,Bstd:324.1,StrandBias:-2.0,Multiplicity:2.00
0.001	0.001	0.001	0.997
0.001	0.362	0.001	0.636
0.327	0.001	0.671	0.001
0.001	0.964	0.034	0.001
0.001	0.289	0.001	0.709
0.001	0.997	0.001	0.001
0.997	0.001	0.001	0.001
0.997	0.001	0.001	0.001
0.997	0.001	0.001	0.001
0.997	0.001	0.001	0.001
0.001	0.001	0.001	0.997
0.001	0.997	0.001	0.001
>CTTATCAA	1-CTTATCAA	9.464326	-19.534855	0	T:34.0(33.01%),B:4637.9(11.16%),P:1e-8	Tpos:643.5,Tstd:292.4,Bpos:537.4,Bstd:312.6,StrandBias:0.7,Multiplicity:1.18
0.001	0.997	0.001	0.001
0.001	0.001	0.088	0.910
0.001	0.001	0.001	0.997
0.997	0.001	0.001	0.001
0.001	0.001	0.001	0.997
0.001	0.997	0.001	0.001
0.922	0.001	0.001	0.076
0.760	0.001	0.238	0.001
>TTGGYTCT	2-TTGGYTCT	9.833355	-8.971892	0	T:17.0(16.50%),B:2474.4(5.95%),P:1e-3	Tpos:631.6,Tstd:271.1,Bpos:506.3,Bstd:309.2,StrandBias:0.2,Multiplicity:1.12
0.001	0.001	0.001	0.997
0.001	0.001	0.001	0.997
0.001	0.001	0.997	0.001
0.001	0.001	0.997	0.001
0.001	0.516	0.001	0.482
0.001	0.397	0.001	0.601
0.001	0.997	0.001	0.001
0.001	0.001	0.001	0.997
>GCCGACAC	3-GCCGACAC	7.121928	-4.732973	0	T:12.0(11.65%),B:2210.0(5.32%),P:1e-2	Tpos:343.2,Tstd:267.2,Bpos:499.2,Bstd:317.3,StrandBias:1.3,Multiplicity:2.00
0.060	0.001	0.938	0.001
0.001	0.967	0.031	0.001
0.001	0.829	0.169	0.001
0.001	0.001	0.997	0.001
0.942	0.001	0.056	0.001
0.001	0.840	0.001	0.158
0.997	0.001	0.001	0.001
0.001	0.997	0.001	0.001
>TGCTTAAG	4-TGCTTAAG	9.152000	-4.064267	0	T:5.0(4.85%),B:598.2(1.44%),P:1e-1	Tpos:271.2,Tstd:266.9,Bpos:486.3,Bstd:304.6,StrandBias:0.0,Multiplicity:2.20
0.001	0.048	0.147	0.804
0.001	0.001	0.997	0.001
0.001	0.997	0.001	0.001
0.001	0.001	0.001	0.997
0.001	0.001	0.001	0.997
0.997	0.001	0.001	0.001
0.997	0.001	0.001	0.001
0.001	0.001	0.997	0.001
>GTACTCCT	5-GTACTCCT	8.236954	-3.169717	0	T:5.0(4.85%),B:762.6(1.84%),P:1e-1	Tpos:723.4,Tstd:194.3,Bpos:527.6,Bstd:309.4,StrandBias:-2.2,Multiplicity:2.20
0.100	0.100	0.700	0.100
0.100	0.100	0.100	0.700
0.700	0.100	0.100	0.100
0.100	0.700	0.100	0.100
0.100	0.100	0.100	0.700
0.100	0.700	0.100	0.100
0.100	0.700	0.100	0.100
0.100	0.100	0.100	0.700
