>GCTGCTCCAGCA	22-GCTGCTCCAGCA	13.050832	-5.520929	0	T:1.0(3.33%),B:4.9(0.01%),P:1e-2
0.040	0.107	0.730	0.123
0.027	0.877	0.001	0.095
0.124	0.040	0.028	0.808
0.001	0.058	0.847	0.094
0.001	0.872	0.064	0.063
0.233	0.116	0.072	0.579
0.001	0.547	0.390	0.062
0.060	0.801	0.138	0.001
0.631	0.116	0.040	0.213
0.104	0.116	0.724	0.056
0.076	0.856	0.001	0.067
0.732	0.148	0.040	0.080
