>CGAAGTCTGG	1-CGAAGTCTGG	7.427985	-27.938754	0	T:63.0(24.32%),B:3602.2(9.17%),P:1e-12	Tpos:445.9,Tstd:271.5,Bpos:493.7,Bstd:324.7,StrandBias:0.5,Multiplicity:1.19
0.059	0.602	0.130	0.209
0.114	0.289	0.510	0.087
0.915	0.001	0.083	0.001
0.959	0.001	0.001	0.039
0.022	0.172	0.669	0.137
0.001	0.301	0.001	0.697
0.001	0.977	0.001	0.021
0.033	0.095	0.130	0.742
0.001	0.001	0.997	0.001
0.001	0.179	0.612	0.208
>AACCGTGCTA	2-AACCGTGCTA	9.870070	-26.934964	0	T:17.0(6.56%),B:243.7(0.62%),P:1e-11	Tpos:427.4,Tstd:280.8,Bpos:481.8,Bstd:305.0,StrandBias:0.5,Multiplicity:1.00
0.861	0.001	0.001	0.137
0.798	0.116	0.085	0.001
0.001	0.997	0.001	0.001
0.001	0.950	0.001	0.048
0.056	0.001	0.942	0.001
0.001	0.001	0.001	0.997
0.001	0.001	0.997	0.001
0.052	0.856	0.091	0.001
0.046	0.133	0.074	0.747
0.937	0.001	0.001	0.061
>GACCCTGCCT	3-GACCCTGCCT	10.575112	-23.791698	0	T:11.0(4.25%),B:86.7(0.22%),P:1e-10	Tpos:553.9,Tstd:312.2,Bpos:434.7,Bstd:302.1,StrandBias:1.4,Multiplicity:1.00
0.001	0.001	0.862	0.136
0.997	0.001	0.001	0.001
0.001	0.883	0.001	0.115
0.086	0.831	0.001	0.082
0.001	0.888	0.001	0.110
0.001	0.001	0.001	0.997
0.001	0.136	0.862	0.001
0.001	0.997	0.001	0.001
0.001	0.888	0.001	0.110
0.110	0.001	0.001	0.888
>ACATGTGACC	4-ACATGTGACC	10.144944	-22.343208	0	T:16.0(6.18%),B:285.9(0.73%),P:1e-9	Tpos:450.0,Tstd:294.3,Bpos:479.0,Bstd:290.9,StrandBias:0.5,Multiplicity:1.06
0.997	0.001	0.001	0.001
0.001	0.854	0.076	0.069
0.932	0.066	0.001	0.001
0.001	0.104	0.001	0.894
0.001	0.075	0.923	0.001
0.001	0.001	0.001	0.997
0.001	0.001	0.997	0.001
0.997	0.001	0.001	0.001
0.112	0.797	0.056	0.035
0.046	0.663	0.165	0.126
>TTACCTGGAA	5-TTACCTGGAA	9.012791	-22.132803	0	T:41.0(15.83%),B:2025.4(5.16%),P:1e-9	Tpos:639.6,Tstd:335.9,Bpos:562.2,Bstd:357.4,StrandBias:-1.2,Multiplicity:1.02
0.029	0.030	0.031	0.910
0.056	0.029	0.029	0.886
0.980	0.001	0.001	0.018
0.001	0.997	0.001	0.001
0.015	0.934	0.029	0.022
0.001	0.001	0.073	0.925
0.023	0.001	0.956	0.020
0.133	0.169	0.673	0.025
0.997	0.001	0.001	0.001
0.857	0.001	0.074	0.068
>TTTGGTCGAG	6-TTTGGTCGAG	8.732058	-21.493620	0	T:35.0(13.51%),B:1563.1(3.98%),P:1e-9	Tpos:449.9,Tstd:297.6,Bpos:463.1,Bstd:327.5,StrandBias:0.9,Multiplicity:1.14
0.001	0.001	0.001	0.997
0.053	0.247	0.001	0.699
0.001	0.216	0.091	0.692
0.001	0.322	0.676	0.001
0.001	0.078	0.803	0.118
0.103	0.062	0.001	0.834
0.129	0.760	0.038	0.073
0.001	0.277	0.721	0.001
0.997	0.001	0.001	0.001
0.001	0.238	0.760	0.001
>CCACAGGAGT	7-CCACAGGAGT	8.847231	-21.449634	0	T:16.0(6.18%),B:304.8(0.78%),P:1e-9	Tpos:398.1,Tstd:225.7,Bpos:493.8,Bstd:315.2,StrandBias:0.4,Multiplicity:1.00
0.056	0.942	0.001	0.001
0.060	0.839	0.100	0.001
0.866	0.001	0.132	0.001
0.001	0.905	0.093	0.001
0.997	0.001	0.001	0.001
0.055	0.089	0.745	0.111
0.059	0.054	0.886	0.001
0.899	0.099	0.001	0.001
0.001	0.001	0.997	0.001
0.001	0.001	0.001	0.997
>CAACTCCGTA	8-CAACTCCGTA	9.665802	-19.519034	0	T:16.0(6.18%),B:350.0(0.89%),P:1e-8	Tpos:437.8,Tstd:237.0,Bpos:533.5,Bstd:298.5,StrandBias:0.2,Multiplicity:1.19
0.193	0.805	0.001	0.001
0.839	0.081	0.001	0.079
0.939	0.001	0.059	0.001
0.001	0.997	0.001	0.001
0.001	0.001	0.078	0.920
0.062	0.873	0.001	0.064
0.068	0.836	0.048	0.048
0.001	0.001	0.997	0.001
0.035	0.053	0.001	0.911
0.922	0.001	0.039	0.038
>TTGGATAATT	9-TTGGATAATT	9.420750	-19.120731	0	T:68.0(26.25%),B:5022.3(12.78%),P:1e-8	Tpos:557.8,Tstd:292.1,Bpos:505.8,Bstd:308.6,StrandBias:-0.4,Multiplicity:1.18
0.134	0.126	0.001	0.739
0.001	0.001	0.001	0.997
0.001	0.001	0.908	0.090
0.059	0.001	0.904	0.036
0.795	0.001	0.001	0.203
0.048	0.001	0.001	0.950
0.997	0.001	0.001	0.001
0.841	0.001	0.157	0.001
0.001	0.001	0.001	0.997
0.001	0.001	0.170	0.828
>CCTTGATTCG	10-CCTTGATTCG	9.315059	-18.787954	0	T:21.0(8.11%),B:667.0(1.70%),P:1e-8	Tpos:523.9,Tstd:250.8,Bpos:504.3,Bstd:321.1,StrandBias:1.3,Multiplicity:1.00
0.121	0.786	0.032	0.061
0.084	0.842	0.024	0.050
0.001	0.001	0.180	0.818
0.001	0.091	0.045	0.863
0.076	0.180	0.743	0.001
0.938	0.001	0.060	0.001
0.038	0.001	0.085	0.876
0.001	0.044	0.001	0.954
0.001	0.815	0.112	0.072
0.230	0.159	0.393	0.217
>GAGCTTTTCA	11-GAGCTTTTCA	9.095597	-17.184150	0	T:47.0(18.15%),B:3005.2(7.65%),P:1e-7	Tpos:453.1,Tstd:290.4,Bpos:493.0,Bstd:318.6,StrandBias:-0.2,Multiplicity:1.13
0.070	0.029	0.889	0.012
0.865	0.021	0.040	0.074
0.058	0.001	0.906	0.035
0.001	0.866	0.050	0.083
0.056	0.001	0.056	0.887
0.052	0.026	0.001	0.921
0.103	0.059	0.001	0.837
0.055	0.036	0.001	0.908
0.023	0.957	0.001	0.019
0.977	0.001	0.021	0.001
>TGAGAGAAAC	12-TGAGAGAAAC	7.342138	-17.033728	0	T:50.0(19.31%),B:3327.6(8.47%),P:1e-7	Tpos:543.3,Tstd:282.1,Bpos:519.6,Bstd:327.0,StrandBias:-0.1,Multiplicity:1.04
0.019	0.125	0.037	0.819
0.029	0.028	0.925	0.018
0.580	0.173	0.238	0.009
0.011	0.107	0.532	0.350
0.549	0.191	0.191	0.069
0.001	0.275	0.571	0.153
0.595	0.117	0.220	0.068
0.603	0.272	0.105	0.020
0.449	0.161	0.187	0.203
0.259	0.602	0.027	0.112
>TTGAAAGCCA	13-TTGAAAGCCA	9.567148	-16.850311	0	T:33.0(12.74%),B:1706.4(4.34%),P:1e-7	Tpos:547.9,Tstd:283.6,Bpos:491.6,Bstd:303.2,StrandBias:-0.1,Multiplicity:1.06
0.001	0.001	0.060	0.938
0.001	0.001	0.001	0.997
0.036	0.001	0.945	0.018
0.800	0.091	0.108	0.001
0.997	0.001	0.001	0.001
0.834	0.057	0.076	0.033
0.089	0.001	0.874	0.036
0.113	0.773	0.033	0.081
0.001	0.957	0.020	0.022
0.906	0.061	0.001	0.032
>CCCTGCTATA	14-CCCTGCTATA	8.511955	-16.322638	0	T:20.0(7.72%),B:703.1(1.79%),P:1e-7	Tpos:433.9,Tstd:351.5,Bpos:531.2,Bstd:340.1,StrandBias:-1.2,Multiplicity:1.15
0.001	0.699	0.168	0.132
0.018	0.980	0.001	0.001
0.151	0.660	0.100	0.089
0.001	0.099	0.001	0.899
0.002	0.079	0.916	0.003
0.179	0.672	0.001	0.148
0.168	0.050	0.001	0.781
0.763	0.001	0.094	0.142
0.105	0.002	0.074	0.819
0.820	0.042	0.001	0.137
>GGTCTCGCGG	15-GGTCTCGCGG	7.108355	-15.639888	0	T:45.0(17.37%),B:2962.8(7.54%),P:1e-6	Tpos:514.4,Tstd:263.6,Bpos:529.1,Bstd:334.8,StrandBias:0.0,Multiplicity:1.13
0.055	0.067	0.787	0.091
0.077	0.042	0.742	0.139
0.027	0.165	0.026	0.782
0.046	0.782	0.043	0.129
0.054	0.121	0.022	0.803
0.001	0.876	0.070	0.053
0.117	0.021	0.848	0.014
0.050	0.752	0.064	0.134
0.128	0.094	0.725	0.053
0.052	0.014	0.915	0.019
>AGTTCGCCGA	16-AGTTCGCCGA	8.894766	-15.116457	0	T:20.0(7.72%),B:760.9(1.94%),P:1e-6	Tpos:447.4,Tstd:276.0,Bpos:506.4,Bstd:331.6,StrandBias:-0.3,Multiplicity:1.10
0.863	0.073	0.001	0.063
0.073	0.001	0.893	0.033
0.077	0.001	0.083	0.839
0.135	0.001	0.001	0.863
0.090	0.867	0.001	0.042
0.049	0.001	0.847	0.103
0.045	0.953	0.001	0.001
0.001	0.997	0.001	0.001
0.056	0.001	0.942	0.001
0.997	0.001	0.001	0.001
>TGCGATTTCT	17-TGCGATTTCT	9.329078	-14.401995	0	T:41.0(15.83%),B:2686.6(6.84%),P:1e-6	Tpos:541.2,Tstd:266.1,Bpos:509.3,Bstd:328.7,StrandBias:0.9,Multiplicity:1.10
0.026	0.001	0.001	0.972
0.108	0.012	0.812	0.068
0.001	0.892	0.028	0.079
0.028	0.048	0.736	0.188
0.932	0.066	0.001	0.001
0.001	0.001	0.001	0.997
0.079	0.001	0.001	0.919
0.001	0.001	0.069	0.929
0.030	0.893	0.001	0.076
0.028	0.039	0.001	0.932
>TGTACCTCTG	18-TGTACCTCTG	10.280970	-13.106851	0	T:9.0(3.47%),B:161.1(0.41%),P:1e-5	Tpos:301.1,Tstd:249.4,Bpos:476.3,Bstd:314.2,StrandBias:1.2,Multiplicity:1.11
0.001	0.289	0.001	0.709
0.001	0.079	0.919	0.001
0.207	0.001	0.001	0.791
0.997	0.001	0.001	0.001
0.001	0.786	0.212	0.001
0.001	0.997	0.001	0.001
0.187	0.001	0.001	0.811
0.001	0.997	0.001	0.001
0.001	0.001	0.001	0.997
0.001	0.001	0.997	0.001
>AAGATCAGATAT	1-AAGATCAGATAT	10.468552	-26.156458	0	T:30.0(11.58%),B:962.7(2.45%),P:1e-11	Tpos:555.3,Tstd:268.3,Bpos:514.9,Bstd:296.7,StrandBias:0.1,Multiplicity:1.10
0.807	0.191	0.001	0.001
0.997	0.001	0.001	0.001
0.096	0.071	0.832	0.001
0.628	0.001	0.001	0.370
0.095	0.001	0.126	0.778
0.001	0.904	0.001	0.094
0.935	0.001	0.063	0.001
0.084	0.001	0.914	0.001
0.997	0.001	0.001	0.001
0.025	0.233	0.044	0.698
0.715	0.071	0.093	0.121
0.291	0.001	0.001	0.707
>TTACCTGGAAAA	2-TTACCTGGAAAA	11.960896	-24.628476	0	T:22.0(8.49%),B:529.9(1.35%),P:1e-10	Tpos:725.3,Tstd:302.4,Bpos:573.9,Bstd:365.4,StrandBias:-1.4,Multiplicity:1.00
0.089	0.001	0.001	0.909
0.055	0.086	0.054	0.805
0.966	0.001	0.001	0.032
0.001	0.997	0.001	0.001
0.001	0.997	0.001	0.001
0.001	0.001	0.105	0.893
0.001	0.001	0.933	0.065
0.085	0.134	0.716	0.065
0.997	0.001	0.001	0.001
0.997	0.001	0.001	0.001
0.997	0.001	0.001	0.001
0.878	0.120	0.001	0.001
>TATTTACACAAT	3-TATTTACACAAT	11.341868	-24.381474	0	T:15.0(5.79%),B:207.9(0.53%),P:1e-10	Tpos:617.1,Tstd:289.3,Bpos:515.5,Bstd:303.8,StrandBias:-0.4,Multiplicity:1.07
0.075	0.044	0.018	0.863
0.516	0.009	0.309	0.166
0.099	0.021	0.045	0.835
0.244	0.168	0.034	0.554
0.223	0.044	0.067	0.666
0.754	0.009	0.188	0.049
0.026	0.685	0.019	0.270
0.891	0.023	0.052	0.034
0.119	0.656	0.195	0.030
0.947	0.039	0.007	0.007
0.668	0.059	0.042	0.231
0.324	0.023	0.008	0.645
>TTTTCTTCATTT	4-TTTTCTTCATTT	12.220226	-23.936444	0	T:38.0(14.67%),B:1659.1(4.22%),P:1e-10	Tpos:642.4,Tstd:254.7,Bpos:558.0,Bstd:345.8,StrandBias:0.8,Multiplicity:1.03
0.001	0.071	0.196	0.732
0.001	0.001	0.001	0.997
0.001	0.148	0.090	0.761
0.001	0.001	0.001	0.997
0.001	0.997	0.001	0.001
0.001	0.211	0.001	0.787
0.186	0.001	0.001	0.812
0.001	0.971	0.027	0.001
0.875	0.042	0.082	0.001
0.144	0.001	0.048	0.807
0.001	0.001	0.001	0.997
0.187	0.001	0.001	0.811
>ATTCAAATTGAT	5-ATTCAAATTGAT	12.688896	-23.911337	0	T:22.0(8.49%),B:550.8(1.40%),P:1e-10	Tpos:646.6,Tstd:263.1,Bpos:491.8,Bstd:310.5,StrandBias:0.1,Multiplicity:1.05
0.942	0.001	0.056	0.001
0.001	0.001	0.001	0.997
0.072	0.001	0.103	0.824
0.246	0.702	0.001	0.051
0.997	0.001	0.001	0.001
0.997	0.001	0.001	0.001
0.867	0.078	0.001	0.054
0.053	0.001	0.001	0.945
0.001	0.057	0.001	0.941
0.035	0.001	0.963	0.001
0.939	0.001	0.001	0.059
0.029	0.001	0.055	0.915
>GACCCAAGCAGR	6-GACCCAAGCAGR	10.530888	-23.906305	0	T:11.0(4.25%),B:85.6(0.22%),P:1e-10	Tpos:691.2,Tstd:220.1,Bpos:471.0,Bstd:309.2,StrandBias:-1.6,Multiplicity:1.09
0.103	0.001	0.689	0.207
0.820	0.001	0.001	0.178
0.001	0.820	0.001	0.178
0.001	0.895	0.001	0.103
0.001	0.895	0.103	0.001
0.997	0.001	0.001	0.001
0.997	0.001	0.001	0.001
0.001	0.001	0.997	0.001
0.001	0.589	0.217	0.193
0.910	0.001	0.001	0.088
0.001	0.001	0.692	0.306
0.386	0.104	0.407	0.104
>ATCCACTGATCA	7-ATCCACTGATCA	13.429829	-23.031213	0	T:8.0(3.09%),B:29.1(0.07%),P:1e-10	Tpos:424.5,Tstd:281.8,Bpos:560.2,Bstd:248.6,StrandBias:-0.7,Multiplicity:1.00
0.997	0.001	0.001	0.001
0.001	0.001	0.001	0.997
0.001	0.997	0.001	0.001
0.096	0.902	0.001	0.001
0.867	0.001	0.001	0.131
0.001	0.842	0.156	0.001
0.001	0.001	0.181	0.817
0.156	0.001	0.842	0.001
0.997	0.001	0.001	0.001
0.001	0.142	0.001	0.856
0.001	0.997	0.001	0.001
0.997	0.001	0.001	0.001
>AWWTTCAGCCTT	8-AWWTTCAGCCTT	10.101895	-22.245324	0	T:23.0(8.88%),B:663.7(1.69%),P:1e-9	Tpos:580.0,Tstd:334.3,Bpos:529.9,Bstd:363.6,StrandBias:0.6,Multiplicity:1.00
0.981	0.001	0.001	0.017
0.508	0.001	0.001	0.490
0.496	0.001	0.001	0.502
0.001	0.001	0.001	0.997
0.001	0.001	0.001	0.997
0.001	0.997	0.001	0.001
0.997	0.001	0.001	0.001
0.001	0.028	0.943	0.028
0.001	0.987	0.011	0.001
0.001	0.675	0.323	0.001
0.001	0.001	0.015	0.983
0.013	0.319	0.021	0.647
>TTCTTAATCACT	9-TTCTTAATCACT	12.619672	-22.022528	0	T:11.0(4.25%),B:103.6(0.26%),P:1e-9	Tpos:751.2,Tstd:173.7,Bpos:554.1,Bstd:317.9,StrandBias:0.8,Multiplicity:1.00
0.001	0.001	0.001	0.997
0.001	0.244	0.001	0.754
0.001	0.911	0.001	0.087
0.001	0.001	0.205	0.793
0.244	0.001	0.001	0.754
0.772	0.001	0.226	0.001
0.739	0.259	0.001	0.001
0.001	0.001	0.001	0.997
0.025	0.973	0.001	0.001
0.838	0.160	0.001	0.001
0.001	0.997	0.001	0.001
0.001	0.001	0.001	0.997
>ACCAGACTTTAC	10-ACCAGACTTTAC	11.076459	-21.354885	0	T:14.0(5.41%),B:218.7(0.56%),P:1e-9	Tpos:564.2,Tstd:307.7,Bpos:514.6,Bstd:285.5,StrandBias:-0.4,Multiplicity:1.00
0.829	0.103	0.001	0.067
0.127	0.686	0.103	0.084
0.089	0.857	0.001	0.053
0.829	0.001	0.001	0.169
0.350	0.049	0.600	0.001
0.910	0.001	0.088	0.001
0.001	0.997	0.001	0.001
0.001	0.001	0.001	0.997
0.089	0.089	0.001	0.821
0.001	0.089	0.075	0.835
0.769	0.001	0.094	0.136
0.001	0.883	0.070	0.046
>GCATACGCTTCG	11-GCATACGCTTCG	10.362321	-20.677884	0	T:12.0(4.63%),B:152.7(0.39%),P:1e-8	Tpos:700.2,Tstd:172.7,Bpos:488.4,Bstd:314.3,StrandBias:0.5,Multiplicity:1.00
0.001	0.001	0.888	0.110
0.001	0.888	0.001	0.110
0.648	0.095	0.001	0.256
0.018	0.001	0.111	0.870
0.793	0.001	0.001	0.205
0.095	0.824	0.001	0.080
0.197	0.001	0.801	0.001
0.095	0.793	0.111	0.001
0.205	0.001	0.001	0.793
0.086	0.001	0.001	0.912
0.001	0.888	0.001	0.110
0.001	0.001	0.918	0.080
>TTATCHTTRAAA	12-TTATCHTTRAAA	9.646655	-20.465103	0	T:31.0(11.97%),B:1305.3(3.32%),P:1e-8	Tpos:484.8,Tstd:299.8,Bpos:493.9,Bstd:314.3,StrandBias:-0.2,Multiplicity:1.16
0.056	0.030	0.028	0.886
0.213	0.264	0.022	0.501
0.504	0.252	0.218	0.026
0.202	0.040	0.040	0.718
0.353	0.537	0.066	0.044
0.394	0.328	0.027	0.251
0.077	0.050	0.043	0.830
0.040	0.058	0.040	0.862
0.383	0.165	0.247	0.205
0.807	0.024	0.112	0.057
0.550	0.052	0.020	0.378
0.644	0.042	0.012	0.302
>SSKCSATCAACT	13-SSKCSATCAACT	11.392995	-20.391003	0	T:7.0(2.70%),B:25.5(0.07%),P:1e-8	Tpos:601.6,Tstd:193.1,Bpos:372.7,Bstd:279.3,StrandBias:-0.4,Multiplicity:1.00
0.001	0.519	0.479	0.001
0.001	0.438	0.560	0.001
0.001	0.001	0.484	0.514
0.001	0.997	0.001	0.001
0.040	0.418	0.541	0.001
0.997	0.001	0.001	0.001
0.001	0.001	0.001	0.997
0.001	0.997	0.001	0.001
0.997	0.001	0.001	0.001
0.979	0.019	0.001	0.001
0.001	0.997	0.001	0.001
0.001	0.001	0.001	0.997
>ATGATGACAMTT	14-ATGATGACAMTT	13.842119	-20.363073	0	T:11.0(4.25%),B:122.8(0.31%),P:1e-8	Tpos:344.9,Tstd:213.8,Bpos:565.5,Bstd:322.5,StrandBias:0.3,Multiplicity:1.00
0.806	0.001	0.001	0.192
0.001	0.001	0.001	0.997
0.001	0.001	0.997	0.001
0.997	0.001	0.001	0.001
0.001	0.001	0.001	0.997
0.001	0.001	0.997	0.001
0.997	0.001	0.001	0.001
0.159	0.839	0.001	0.001
0.997	0.001	0.001	0.001
0.379	0.527	0.001	0.093
0.001	0.001	0.001	0.997
0.001	0.001	0.001	0.997
>TCCTACTCAATC	15-TCCTACTCAATC	11.411723	-20.283170	0	T:11.0(4.25%),B:123.2(0.31%),P:1e-8	Tpos:378.8,Tstd:356.1,Bpos:486.1,Bstd:335.9,StrandBias:0.3,Multiplicity:1.00
0.001	0.001	0.001	0.997
0.001	0.997	0.001	0.001
0.001	0.981	0.001	0.017
0.244	0.001	0.124	0.631
0.766	0.232	0.001	0.001
0.001	0.884	0.114	0.001
0.001	0.130	0.001	0.868
0.001	0.751	0.247	0.001
0.886	0.112	0.001	0.001
0.711	0.001	0.269	0.019
0.124	0.001	0.113	0.762
0.001	0.772	0.001	0.226
>TGAGTACTCTAA	16-TGAGTACTCTAA	12.633766	-19.933233	0	T:7.0(2.70%),B:27.4(0.07%),P:1e-8	Tpos:472.1,Tstd:275.5,Bpos:489.4,Bstd:288.0,StrandBias:-0.4,Multiplicity:1.00
0.001	0.001	0.001	0.997
0.001	0.144	0.772	0.083
0.517	0.168	0.100	0.215
0.103	0.151	0.745	0.001
0.098	0.001	0.001	0.900
0.642	0.137	0.001	0.220
0.001	0.868	0.001	0.130
0.001	0.001	0.001	0.997
0.007	0.991	0.001	0.001
0.001	0.001	0.107	0.891
0.832	0.001	0.001	0.166
0.868	0.001	0.001	0.130
>TAAAAATGCTCG	17-TAAAAATGCTCG	12.900167	-19.878052	0	T:14.0(5.41%),B:246.2(0.63%),P:1e-8	Tpos:600.1,Tstd:288.5,Bpos:489.2,Bstd:314.3,StrandBias:-0.8,Multiplicity:1.00
0.001	0.001	0.001	0.997
0.740	0.001	0.165	0.094
0.997	0.001	0.001	0.001
0.997	0.001	0.001	0.001
0.997	0.001	0.001	0.001
0.818	0.098	0.001	0.083
0.001	0.001	0.001	0.997
0.001	0.001	0.934	0.064
0.001	0.936	0.001	0.062
0.076	0.001	0.001	0.922
0.076	0.922	0.001	0.001
0.056	0.059	0.813	0.072
>ATTTATATTATA	18-ATTTATATTATA	12.864633	-19.505501	0	T:13.0(5.02%),B:210.2(0.54%),P:1e-8	Tpos:467.4,Tstd:321.4,Bpos:495.3,Bstd:323.6,StrandBias:-0.7,Multiplicity:1.00
0.906	0.001	0.092	0.001
0.052	0.096	0.001	0.851
0.063	0.001	0.001	0.935
0.001	0.001	0.001	0.997
0.911	0.001	0.001	0.087
0.001	0.001	0.071	0.927
0.841	0.080	0.078	0.001
0.054	0.001	0.001	0.944
0.055	0.075	0.001	0.869
0.940	0.001	0.058	0.001
0.037	0.001	0.001	0.961
0.962	0.001	0.001	0.036
>CCTATCCCACTG	19-CCTATCCCACTG	14.338099	-19.077548	0	T:5.0(1.93%),B:6.3(0.02%),P:1e-8	Tpos:595.0,Tstd:382.5,Bpos:428.6,Bstd:227.4,StrandBias:-1.0,Multiplicity:1.20
0.001	0.997	0.001	0.001
0.001	0.997	0.001	0.001
0.001	0.001	0.001	0.997
0.997	0.001	0.001	0.001
0.001	0.211	0.001	0.787
0.001	0.816	0.001	0.182
0.183	0.721	0.001	0.095
0.001	0.997	0.001	0.001
0.997	0.001	0.001	0.001
0.001	0.997	0.001	0.001
0.001	0.001	0.001	0.997
0.001	0.001	0.997	0.001
>CGAATTTTCAGA	20-CGAATTTTCAGA	11.025632	-17.860182	0	T:33.0(12.74%),B:1633.9(4.16%),P:1e-7	Tpos:561.6,Tstd:256.4,Bpos:523.5,Bstd:335.9,StrandBias:-0.9,Multiplicity:1.06
0.055	0.845	0.025	0.075
0.030	0.025	0.944	0.001
0.866	0.071	0.001	0.062
0.997	0.001	0.001	0.001
0.102	0.134	0.091	0.673
0.001	0.001	0.001	0.997
0.001	0.001	0.001	0.997
0.001	0.001	0.001	0.997
0.060	0.938	0.001	0.001
0.897	0.064	0.001	0.038
0.052	0.001	0.946	0.001
0.915	0.037	0.047	0.001
>ACCGTTCTGATA	21-ACCGTTCTGATA	10.276494	-15.464805	0	T:12.0(4.63%),B:250.9(0.64%),P:1e-6	Tpos:471.8,Tstd:358.0,Bpos:507.0,Bstd:337.4,StrandBias:1.3,Multiplicity:1.17
0.875	0.123	0.001	0.001
0.001	0.584	0.179	0.236
0.001	0.855	0.143	0.001
0.001	0.267	0.731	0.001
0.143	0.143	0.001	0.713
0.001	0.001	0.001	0.997
0.001	0.847	0.151	0.001
0.132	0.124	0.001	0.743
0.151	0.001	0.847	0.001
0.997	0.001	0.001	0.001
0.081	0.001	0.112	0.806
0.997	0.001	0.001	0.001
>GGATACGGAGTT	22-GGATACGGAGTT	14.002566	-15.345921	0	T:5.0(1.93%),B:16.1(0.04%),P:1e-6	Tpos:323.0,Tstd:239.4,Bpos:511.6,Bstd:214.2,StrandBias:0.4,Multiplicity:1.40
0.001	0.179	0.819	0.001
0.134	0.001	0.864	0.001
0.997	0.001	0.001	0.001
0.179	0.001	0.001	0.819
0.997	0.001	0.001	0.001
0.001	0.997	0.001	0.001
0.001	0.001	0.997	0.001
0.001	0.001	0.997	0.001
0.819	0.179	0.001	0.001
0.001	0.001	0.997	0.001
0.001	0.001	0.001	0.997
0.001	0.001	0.001	0.997
>GTTTCACAAGCG	23-GTTTCACAAGCG	12.355432	-15.096947	0	T:3.0(1.16%),B:0.9(0.00%),P:1e-6	Tpos:620.3,Tstd:378.9,Bpos:867.0,Bstd:0.0,StrandBias:-1.0,Multiplicity:1.00
0.100	0.100	0.700	0.100
0.100	0.100	0.100	0.700
0.100	0.100	0.100	0.700
0.100	0.100	0.100	0.700
0.100	0.700	0.100	0.100
0.700	0.100	0.100	0.100
0.100	0.700	0.100	0.100
0.700	0.100	0.100	0.100
0.700	0.100	0.100	0.100
0.100	0.100	0.700	0.100
0.100	0.700	0.100	0.100
0.100	0.100	0.700	0.100
>CACAATCATAGG	24-CACAATCATAGG	10.545145	-14.170042	0	T:11.0(4.25%),B:232.1(0.59%),P:1e-6	Tpos:427.5,Tstd:264.0,Bpos:497.6,Bstd:303.7,StrandBias:-0.7,Multiplicity:1.18
0.001	0.997	0.001	0.001
0.889	0.001	0.008	0.102
0.102	0.896	0.001	0.001
0.868	0.001	0.001	0.130
0.868	0.001	0.130	0.001
0.191	0.001	0.001	0.807
0.001	0.868	0.130	0.001
0.886	0.001	0.001	0.112
0.001	0.001	0.243	0.755
0.503	0.192	0.113	0.192
0.001	0.112	0.886	0.001
0.001	0.102	0.808	0.089
>CGCCGCCGCYGC	25-CGCCGCCGCYGC	9.131047	-11.503975	0	T:17.0(6.56%),B:728.7(1.85%),P:1e-4	Tpos:567.4,Tstd:210.4,Bpos:483.7,Bstd:349.2,StrandBias:0.0,Multiplicity:1.00
0.288	0.453	0.013	0.247
0.001	0.094	0.904	0.001
0.001	0.774	0.224	0.001
0.001	0.773	0.001	0.225
0.001	0.073	0.925	0.001
0.001	0.851	0.001	0.147
0.225	0.773	0.001	0.001
0.013	0.073	0.913	0.001
0.122	0.876	0.001	0.001
0.001	0.548	0.001	0.450
0.153	0.001	0.845	0.001
0.154	0.599	0.246	0.001
>AYTCTCGT	1-AYTCTCGT	7.199390	-20.097513	0	T:68.0(26.25%),B:4903.6(12.48%),P:1e-8	Tpos:480.1,Tstd:317.1,Bpos:510.6,Bstd:328.4,StrandBias:0.4,Multiplicity:1.13
0.758	0.035	0.206	0.001
0.001	0.444	0.153	0.402
0.168	0.042	0.134	0.656
0.083	0.915	0.001	0.001
0.001	0.031	0.123	0.845
0.106	0.714	0.149	0.031
0.040	0.134	0.778	0.048
0.001	0.023	0.047	0.929
>CGTCGACA	2-CGTCGACA	7.322865	-16.636141	0	T:61.0(23.55%),B:4556.4(11.60%),P:1e-7	Tpos:475.0,Tstd:305.9,Bpos:487.3,Bstd:341.5,StrandBias:0.2,Multiplicity:1.08
0.031	0.758	0.072	0.139
0.001	0.001	0.997	0.001
0.001	0.001	0.038	0.960
0.001	0.954	0.001	0.044
0.122	0.214	0.629	0.035
0.918	0.001	0.001	0.080
0.162	0.779	0.001	0.058
0.997	0.001	0.001	0.001
>AGGGYMAA	3-AGGGYMAA	7.526623	-11.981950	0	T:56.0(21.62%),B:4646.1(11.83%),P:1e-5	Tpos:602.7,Tstd:269.8,Bpos:504.7,Bstd:318.7,StrandBias:-1.1,Multiplicity:1.09
0.700	0.001	0.298	0.001
0.001	0.001	0.997	0.001
0.001	0.275	0.723	0.001
0.335	0.143	0.521	0.001
0.001	0.468	0.076	0.455
0.459	0.329	0.001	0.210
0.805	0.001	0.193	0.001
0.997	0.001	0.001	0.001
>GCTGAAAA	4-GCTGAAAA	7.800735	-11.521603	0	T:115.0(44.40%),B:12380.6(31.51%),P:1e-5	Tpos:552.0,Tstd:293.3,Bpos:517.4,Bstd:352.9,StrandBias:-0.2,Multiplicity:1.42
0.001	0.001	0.997	0.001
0.001	0.878	0.120	0.001
0.001	0.001	0.001	0.997
0.001	0.001	0.997	0.001
0.997	0.001	0.001	0.001
0.839	0.001	0.001	0.159
0.727	0.001	0.001	0.271
0.997	0.001	0.001	0.001
>ACATGTGA	5-ACATGTGA	9.503901	-11.308973	0	T:35.0(13.51%),B:2413.5(6.14%),P:1e-4	Tpos:572.3,Tstd:278.6,Bpos:518.0,Bstd:306.6,StrandBias:-0.7,Multiplicity:1.06
0.789	0.001	0.001	0.209
0.001	0.997	0.001	0.001
0.997	0.001	0.001	0.001
0.001	0.001	0.001	0.997
0.001	0.001	0.997	0.001
0.001	0.001	0.001	0.997
0.001	0.001	0.997	0.001
0.997	0.001	0.001	0.001
>TTATCATT	6-TTATCATT	8.236954	-10.209476	0	T:47.0(18.15%),B:3882.9(9.88%),P:1e-4	Tpos:536.7,Tstd:302.7,Bpos:521.4,Bstd:315.3,StrandBias:0.8,Multiplicity:1.13
0.100	0.100	0.100	0.700
0.100	0.100	0.100	0.700
0.700	0.100	0.100	0.100
0.100	0.100	0.100	0.700
0.100	0.700	0.100	0.100
0.700	0.100	0.100	0.100
0.100	0.100	0.100	0.700
0.100	0.100	0.100	0.700
