>ATKTAGGTCA	1-ATKTAGGTCA	7.874120	-107.853031	0	T:154.0(36.93%),B:4081.3(10.09%),P:1e-46	Tpos:607.0,Tstd:299.0,Bpos:503.6,Bstd:333.8,StrandBias:-0.0,Multiplicity:1.21
0.640	0.086	0.062	0.212
0.389	0.001	0.001	0.609
0.164	0.143	0.383	0.310
0.001	0.054	0.263	0.682
0.634	0.114	0.228	0.024
0.001	0.001	0.997	0.001
0.001	0.001	0.997	0.001
0.033	0.053	0.063	0.851
0.051	0.793	0.119	0.037
0.940	0.001	0.058	0.001
>ACTTRTCCTA	2-ACTTRTCCTA	8.312811	-33.263276	0	T:77.0(18.47%),B:2768.1(6.84%),P:1e-14	Tpos:508.6,Tstd:297.1,Bpos:505.3,Bstd:339.5,StrandBias:1.1,Multiplicity:1.08
0.632	0.206	0.001	0.161
0.099	0.731	0.039	0.131
0.001	0.001	0.001	0.997
0.001	0.001	0.334	0.664
0.327	0.087	0.401	0.186
0.255	0.001	0.268	0.476
0.256	0.742	0.001	0.001
0.001	0.965	0.001	0.033
0.001	0.001	0.001	0.997
0.710	0.044	0.001	0.245
>CAGGTCACTC	3-CAGGTCACTC	8.543152	-30.977978	0	T:30.0(7.19%),B:491.9(1.22%),P:1e-13	Tpos:613.1,Tstd:319.8,Bpos:495.2,Bstd:356.1,StrandBias:0.6,Multiplicity:1.00
0.001	0.897	0.101	0.001
0.892	0.021	0.024	0.063
0.001	0.064	0.934	0.001
0.069	0.001	0.871	0.059
0.112	0.001	0.001	0.886
0.062	0.877	0.060	0.001
0.812	0.001	0.121	0.066
0.001	0.933	0.001	0.065
0.001	0.001	0.001	0.997
0.098	0.900	0.001	0.001
>NCTDTCTCCS	4-NCTDTCTCCS	7.474783	-27.167078	0	T:68.0(16.31%),B:2562.7(6.34%),P:1e-11	Tpos:611.6,Tstd:284.3,Bpos:529.8,Bstd:353.1,StrandBias:1.5,Multiplicity:1.13
0.187	0.294	0.211	0.309
0.102	0.460	0.271	0.167
0.035	0.041	0.257	0.667
0.319	0.011	0.299	0.371
0.037	0.054	0.023	0.886
0.038	0.885	0.029	0.048
0.043	0.029	0.177	0.751
0.069	0.762	0.123	0.046
0.032	0.592	0.282	0.094
0.042	0.500	0.379	0.079
>TCATCCTCCT	5-TCATCCTCCT	8.629885	-26.796474	0	T:88.0(21.10%),B:3879.9(9.59%),P:1e-11	Tpos:598.3,Tstd:275.6,Bpos:541.6,Bstd:359.4,StrandBias:1.1,Multiplicity:1.15
0.019	0.001	0.017	0.963
0.001	0.890	0.045	0.064
0.762	0.235	0.001	0.002
0.001	0.028	0.001	0.970
0.037	0.565	0.001	0.397
0.055	0.943	0.001	0.001
0.085	0.001	0.025	0.889
0.262	0.651	0.001	0.086
0.228	0.730	0.040	0.002
0.001	0.137	0.093	0.769
>AAGWGAAAGT	6-AAGWGAAAGT	8.769825	-26.514105	0	T:116.0(27.82%),B:5896.3(14.58%),P:1e-11	Tpos:628.1,Tstd:285.5,Bpos:521.5,Bstd:342.5,StrandBias:-1.3,Multiplicity:1.19
0.725	0.001	0.156	0.118
0.884	0.001	0.114	0.001
0.079	0.001	0.747	0.173
0.415	0.257	0.024	0.304
0.001	0.007	0.991	0.001
0.962	0.032	0.001	0.005
0.730	0.124	0.011	0.135
0.975	0.001	0.001	0.023
0.082	0.002	0.817	0.099
0.053	0.093	0.264	0.590
>TGGCTAACGG	7-TGGCTAACGG	8.705836	-25.283423	0	T:32.0(7.67%),B:708.0(1.75%),P:1e-10	Tpos:574.1,Tstd:268.1,Bpos:498.9,Bstd:343.7,StrandBias:-1.1,Multiplicity:1.06
0.001	0.213	0.001	0.785
0.001	0.001	0.997	0.001
0.001	0.001	0.997	0.001
0.087	0.911	0.001	0.001
0.049	0.231	0.148	0.572
0.997	0.001	0.001	0.001
0.785	0.001	0.170	0.044
0.001	0.682	0.001	0.316
0.081	0.114	0.728	0.077
0.055	0.304	0.462	0.179
>GCCTTATTGA	8-GCCTTATTGA	8.975446	-25.187298	0	T:37.0(8.87%),B:940.2(2.32%),P:1e-10	Tpos:468.1,Tstd:296.5,Bpos:490.6,Bstd:334.7,StrandBias:-0.3,Multiplicity:1.06
0.001	0.047	0.951	0.001
0.095	0.772	0.110	0.023
0.001	0.997	0.001	0.001
0.026	0.001	0.038	0.935
0.128	0.001	0.041	0.830
0.932	0.001	0.028	0.039
0.050	0.061	0.075	0.814
0.001	0.128	0.001	0.870
0.001	0.001	0.997	0.001
0.918	0.036	0.001	0.045
>TTTCATTCGC	9-TTTCATTCGC	9.478226	-24.945152	0	T:47.0(11.27%),B:1460.8(3.61%),P:1e-10	Tpos:534.4,Tstd:296.3,Bpos:544.9,Bstd:320.7,StrandBias:1.2,Multiplicity:1.13
0.028	0.001	0.001	0.970
0.055	0.034	0.001	0.910
0.001	0.001	0.039	0.959
0.027	0.938	0.026	0.009
0.958	0.001	0.031	0.010
0.001	0.034	0.001	0.964
0.001	0.001	0.051	0.947
0.080	0.838	0.001	0.081
0.129	0.001	0.679	0.191
0.001	0.975	0.010	0.014
>NAAAGTGAAN	10-NAAAGTGAAN	6.362203	-24.587414	0	T:78.0(18.71%),B:3368.9(8.33%),P:1e-10	Tpos:546.0,Tstd:311.3,Bpos:518.2,Bstd:329.1,StrandBias:-1.2,Multiplicity:1.06
0.255	0.236	0.267	0.242
0.555	0.135	0.156	0.154
0.542	0.149	0.158	0.151
0.550	0.144	0.162	0.144
0.127	0.155	0.588	0.130
0.148	0.156	0.162	0.534
0.145	0.147	0.569	0.139
0.556	0.145	0.150	0.149
0.550	0.156	0.148	0.146
0.302	0.238	0.231	0.229
>TCCTGTTCSA	11-TCCTGTTCSA	10.285426	-24.561131	0	T:26.0(6.24%),B:478.6(1.18%),P:1e-10	Tpos:517.4,Tstd:305.8,Bpos:473.0,Bstd:331.3,StrandBias:1.4,Multiplicity:1.04
0.219	0.091	0.135	0.555
0.001	0.997	0.001	0.001
0.001	0.662	0.001	0.336
0.107	0.044	0.001	0.848
0.001	0.001	0.997	0.001
0.025	0.104	0.001	0.870
0.123	0.001	0.110	0.766
0.001	0.997	0.001	0.001
0.001	0.438	0.560	0.001
0.997	0.001	0.001	0.001
>CTTATCCAGA	12-CTTATCCAGA	8.479911	-24.100865	0	T:56.0(13.43%),B:2012.3(4.98%),P:1e-10	Tpos:544.0,Tstd:297.3,Bpos:508.7,Bstd:352.3,StrandBias:0.4,Multiplicity:1.05
0.001	0.818	0.180	0.001
0.045	0.144	0.211	0.600
0.001	0.101	0.217	0.681
0.840	0.001	0.001	0.158
0.001	0.001	0.001	0.997
0.151	0.847	0.001	0.001
0.001	0.861	0.063	0.075
0.736	0.262	0.001	0.001
0.052	0.245	0.702	0.001
0.825	0.001	0.053	0.121
>TCCGCCTGGT	13-TCCGCCTGGT	8.852855	-24.006779	0	T:27.0(6.47%),B:532.0(1.32%),P:1e-10	Tpos:488.4,Tstd:287.4,Bpos:487.0,Bstd:332.8,StrandBias:-0.3,Multiplicity:1.07
0.065	0.001	0.001	0.933
0.001	0.647	0.077	0.275
0.220	0.654	0.125	0.001
0.001	0.137	0.783	0.079
0.001	0.626	0.102	0.271
0.228	0.770	0.001	0.001
0.126	0.001	0.001	0.872
0.130	0.001	0.838	0.031
0.001	0.116	0.882	0.001
0.001	0.001	0.001	0.997
>ACTGWCCACT	14-ACTGWCCACT	9.239777	-23.999758	0	T:32.0(7.67%),B:746.2(1.85%),P:1e-10	Tpos:577.9,Tstd:241.5,Bpos:543.4,Bstd:347.7,StrandBias:1.6,Multiplicity:1.06
0.728	0.050	0.001	0.221
0.258	0.663	0.001	0.078
0.136	0.081	0.001	0.782
0.001	0.001	0.997	0.001
0.512	0.001	0.053	0.434
0.024	0.921	0.054	0.001
0.001	0.997	0.001	0.001
0.702	0.072	0.133	0.093
0.086	0.796	0.001	0.117
0.001	0.001	0.157	0.841
>TTCCGCGCGG	15-TTCCGCGCGG	8.265253	-22.055688	0	T:34.0(8.15%),B:905.1(2.24%),P:1e-9	Tpos:705.0,Tstd:213.1,Bpos:558.3,Bstd:357.2,StrandBias:0.4,Multiplicity:1.09
0.238	0.029	0.226	0.507
0.166	0.031	0.001	0.802
0.084	0.837	0.001	0.078
0.001	0.997	0.001	0.001
0.001	0.001	0.997	0.001
0.001	0.884	0.001	0.114
0.031	0.001	0.967	0.001
0.001	0.911	0.001	0.087
0.004	0.207	0.552	0.237
0.050	0.253	0.541	0.156
>GACCGGCTAT	16-GACCGGCTAT	11.310198	-21.974345	0	T:8.0(1.92%),B:20.6(0.05%),P:1e-9	Tpos:545.9,Tstd:327.4,Bpos:633.1,Bstd:269.3,StrandBias:-2.8,Multiplicity:1.00
0.001	0.001	0.997	0.001
0.868	0.001	0.001	0.130
0.001	0.997	0.001	0.001
0.001	0.997	0.001	0.001
0.001	0.001	0.886	0.112
0.001	0.001	0.997	0.001
0.001	0.818	0.180	0.001
0.001	0.001	0.001	0.997
0.997	0.001	0.001	0.001
0.001	0.001	0.001	0.997
>TCTATCTCTT	17-TCTATCTCTT	8.997205	-21.709111	0	T:71.0(17.03%),B:3111.8(7.69%),P:1e-9	Tpos:566.0,Tstd:297.1,Bpos:562.2,Bstd:357.3,StrandBias:1.3,Multiplicity:1.10
0.001	0.001	0.001	0.997
0.007	0.875	0.001	0.117
0.001	0.001	0.001	0.997
0.804	0.119	0.076	0.001
0.001	0.021	0.016	0.962
0.020	0.862	0.019	0.099
0.101	0.018	0.001	0.880
0.066	0.799	0.070	0.065
0.001	0.029	0.036	0.934
0.013	0.039	0.021	0.927
>ATCTCTATCC	18-ATCTCTATCC	8.205889	-20.884541	0	T:43.0(10.31%),B:1429.4(3.53%),P:1e-9	Tpos:484.8,Tstd:291.1,Bpos:500.1,Bstd:347.2,StrandBias:-0.3,Multiplicity:1.14
0.958	0.015	0.026	0.001
0.001	0.001	0.001	0.997
0.022	0.834	0.131	0.013
0.001	0.001	0.040	0.958
0.025	0.737	0.221	0.017
0.097	0.001	0.030	0.872
0.965	0.033	0.001	0.001
0.022	0.001	0.001	0.976
0.022	0.976	0.001	0.001
0.012	0.952	0.035	0.001
>AGTCTGATAC	19-AGTCTGATAC	10.084906	-20.817503	0	T:19.0(4.56%),B:297.1(0.73%),P:1e-9	Tpos:508.7,Tstd:295.3,Bpos:486.8,Bstd:321.8,StrandBias:0.8,Multiplicity:1.00
0.890	0.001	0.071	0.038
0.001	0.001	0.970	0.028
0.058	0.075	0.001	0.866
0.001	0.905	0.093	0.001
0.001	0.111	0.001	0.887
0.001	0.060	0.938	0.001
0.997	0.001	0.001	0.001
0.001	0.001	0.079	0.919
0.964	0.001	0.001	0.034
0.184	0.719	0.045	0.052
>TTCTGTCCAT	20-TTCTGTCCAT	7.586390	-20.176167	0	T:130.0(31.18%),B:7647.8(18.91%),P:1e-8	Tpos:544.3,Tstd:272.4,Bpos:518.6,Bstd:340.2,StrandBias:1.4,Multiplicity:1.21
0.071	0.008	0.063	0.858
0.040	0.060	0.019	0.881
0.069	0.867	0.021	0.043
0.066	0.048	0.035	0.851
0.056	0.198	0.652	0.094
0.131	0.039	0.031	0.799
0.059	0.784	0.116	0.041
0.091	0.754	0.038	0.117
0.867	0.042	0.012	0.079
0.125	0.077	0.096	0.702
>CATCTCATAA	21-CATCTCATAA	8.601062	-19.941227	0	T:47.0(11.27%),B:1709.7(4.23%),P:1e-8	Tpos:514.4,Tstd:305.6,Bpos:492.7,Bstd:337.6,StrandBias:0.9,Multiplicity:1.07
0.001	0.897	0.101	0.001
0.669	0.001	0.329	0.001
0.042	0.001	0.001	0.956
0.001	0.896	0.070	0.033
0.001	0.162	0.266	0.571
0.001	0.649	0.349	0.001
0.703	0.001	0.258	0.038
0.204	0.005	0.191	0.600
0.639	0.001	0.056	0.304
0.442	0.180	0.101	0.278
>CCCCCCCCCT	22-CCCCCCCCCT	6.952167	-16.285351	0	T:86.0(20.62%),B:4664.0(11.53%),P:1e-7	Tpos:616.9,Tstd:241.3,Bpos:570.1,Bstd:379.3,StrandBias:1.7,Multiplicity:1.18
0.050	0.804	0.043	0.103
0.037	0.804	0.080	0.079
0.043	0.856	0.041	0.060
0.066	0.847	0.053	0.034
0.084	0.775	0.064	0.077
0.069	0.818	0.058	0.055
0.083	0.823	0.028	0.066
0.102	0.718	0.073	0.107
0.089	0.769	0.057	0.085
0.053	0.074	0.081	0.792
>TGCCCCAGCT	23-TGCCCCAGCT	8.203192	-11.992018	0	T:19.0(4.56%),B:541.0(1.34%),P:1e-5	Tpos:490.4,Tstd:257.8,Bpos:478.2,Bstd:340.5,StrandBias:1.9,Multiplicity:1.61
0.020	0.014	0.400	0.566
0.045	0.242	0.530	0.183
0.032	0.559	0.230	0.179
0.024	0.765	0.028	0.183
0.050	0.607	0.214	0.129
0.230	0.708	0.042	0.020
0.592	0.358	0.033	0.017
0.246	0.016	0.737	0.001
0.041	0.909	0.049	0.001
0.042	0.162	0.033	0.763
>GGCCGAGAAA	24-GGCCGAGAAA	9.317871	-8.032141	0	T:13.0(3.12%),B:394.8(0.98%),P:1e-3	Tpos:416.7,Tstd:298.8,Bpos:499.9,Bstd:316.4,StrandBias:-2.2,Multiplicity:1.69
0.143	0.001	0.855	0.001
0.001	0.001	0.997	0.001
0.001	0.997	0.001	0.001
0.001	0.997	0.001	0.001
0.001	0.001	0.997	0.001
0.997	0.001	0.001	0.001
0.001	0.050	0.948	0.001
0.997	0.001	0.001	0.001
0.997	0.001	0.001	0.001
0.918	0.080	0.001	0.001
>CTCCTGGTAA	25-CTCCTGGTAA	10.591708	-4.913439	0	T:3.0(0.72%),B:37.0(0.09%),P:1e-2	Tpos:515.2,Tstd:177.9,Bpos:449.1,Bstd:335.8,StrandBias:10.0,Multiplicity:6.33
0.001	0.997	0.001	0.001
0.001	0.001	0.001	0.997
0.001	0.997	0.001	0.001
0.001	0.997	0.001	0.001
0.001	0.001	0.001	0.997
0.001	0.001	0.997	0.001
0.001	0.001	0.997	0.001
0.001	0.001	0.001	0.997
0.997	0.001	0.001	0.001
0.959	0.001	0.001	0.039
