>AACTGAAAGTAC	22-GTACTTTCAGTT	14.381454	-12.718428	0	T:3.0(2.26%),B:6.8(0.02%),P:1e-5
0.786	0.001	0.121	0.092
0.954	0.001	0.001	0.044
0.310	0.624	0.065	0.001
0.127	0.001	0.001	0.871
0.001	0.067	0.931	0.001
0.877	0.121	0.001	0.001
0.921	0.001	0.001	0.077
0.933	0.001	0.001	0.065
0.045	0.092	0.737	0.126
0.074	0.075	0.062	0.789
0.684	0.163	0.078	0.075
0.075	0.923	0.001	0.001
