>TACCGTGATC	1-TACCGTGATC	8.124465	-22.375285	0	T:18.0(36.73%),B:2376.1(5.98%),P:1e-9	Tpos:431.5,Tstd:283.8,Bpos:487.1,Bstd:319.4,StrandBias:0.8,Multiplicity:1.06
0.052	0.334	0.001	0.613
0.743	0.001	0.001	0.255
0.001	0.823	0.072	0.104
0.213	0.785	0.001	0.001
0.001	0.001	0.852	0.146
0.111	0.001	0.071	0.817
0.111	0.060	0.774	0.055
0.842	0.122	0.001	0.035
0.001	0.030	0.003	0.966
0.153	0.804	0.001	0.042
>AGGTAGGCTC	2-AGGTAGGCTC	11.048601	-17.984294	0	T:6.0(12.24%),B:127.9(0.32%),P:1e-7	Tpos:622.0,Tstd:206.3,Bpos:497.8,Bstd:317.3,StrandBias:-10.0,Multiplicity:1.17
0.997	0.001	0.001	0.001
0.136	0.001	0.862	0.001
0.001	0.001	0.842	0.156
0.001	0.001	0.001	0.997
0.997	0.001	0.001	0.001
0.001	0.001	0.997	0.001
0.161	0.001	0.670	0.168
0.001	0.997	0.001	0.001
0.066	0.001	0.001	0.932
0.147	0.851	0.001	0.001
>ATGATGCAAT	3-ATGATGCAAT	9.973429	-17.735769	0	T:14.0(28.57%),B:1774.0(4.46%),P:1e-7	Tpos:480.1,Tstd:267.1,Bpos:513.5,Bstd:327.6,StrandBias:-1.3,Multiplicity:1.00
0.929	0.001	0.001	0.069
0.001	0.001	0.001	0.997
0.001	0.001	0.931	0.067
0.997	0.001	0.001	0.001
0.001	0.001	0.101	0.897
0.001	0.001	0.939	0.059
0.111	0.731	0.075	0.083
0.777	0.101	0.001	0.121
0.921	0.001	0.001	0.077
0.054	0.001	0.001	0.944
>TTTTCGGGCC	4-TTTTCGGGCC	8.873520	-17.682846	0	T:11.0(22.45%),B:957.2(2.41%),P:1e-7	Tpos:478.3,Tstd:252.5,Bpos:510.7,Bstd:340.7,StrandBias:-0.4,Multiplicity:1.36
0.001	0.001	0.001	0.997
0.001	0.314	0.001	0.684
0.001	0.001	0.001	0.997
0.020	0.045	0.001	0.934
0.001	0.997	0.001	0.001
0.001	0.195	0.803	0.001
0.001	0.001	0.997	0.001
0.001	0.238	0.760	0.001
0.001	0.997	0.001	0.001
0.001	0.828	0.001	0.170
>ACAGGATGAC	5-ACAGGATGAC	10.781520	-15.497687	0	T:7.0(14.29%),B:330.3(0.83%),P:1e-6	Tpos:411.1,Tstd:278.1,Bpos:541.6,Bstd:314.4,StrandBias:-0.7,Multiplicity:1.14
0.804	0.001	0.194	0.001
0.001	0.997	0.001	0.001
0.997	0.001	0.001	0.001
0.001	0.001	0.889	0.109
0.107	0.001	0.891	0.001
0.997	0.001	0.001	0.001
0.129	0.001	0.001	0.869
0.001	0.001	0.997	0.001
0.701	0.001	0.145	0.153
0.001	0.997	0.001	0.001
>TTCCGGACGT	6-TTCCGGACGT	10.822810	-14.713840	0	T:6.0(12.24%),B:225.6(0.57%),P:1e-6	Tpos:363.1,Tstd:309.3,Bpos:472.3,Bstd:311.3,StrandBias:-1.3,Multiplicity:1.17
0.001	0.001	0.165	0.833
0.001	0.001	0.001	0.997
0.001	0.861	0.001	0.137
0.001	0.997	0.001	0.001
0.112	0.001	0.886	0.001
0.108	0.001	0.890	0.001
0.824	0.174	0.001	0.001
0.001	0.997	0.001	0.001
0.001	0.001	0.856	0.142
0.001	0.001	0.001	0.997
>GGGTACCCCC	7-GGGTACCCCC	11.558087	-13.553130	0	T:4.0(8.16%),B:61.3(0.15%),P:1e-5	Tpos:377.4,Tstd:314.0,Bpos:611.1,Bstd:377.9,StrandBias:0.4,Multiplicity:1.00
0.001	0.001	0.997	0.001
0.001	0.001	0.997	0.001
0.216	0.001	0.782	0.001
0.001	0.001	0.001	0.997
0.997	0.001	0.001	0.001
0.001	0.771	0.001	0.227
0.001	0.997	0.001	0.001
0.001	0.997	0.001	0.001
0.001	0.997	0.001	0.001
0.169	0.630	0.200	0.001
>ACCAAAGTTA	8-ACCAAAGTTA	11.267049	-12.972731	0	T:7.0(14.29%),B:485.0(1.22%),P:1e-5	Tpos:324.1,Tstd:320.0,Bpos:467.4,Bstd:310.1,StrandBias:1.2,Multiplicity:1.86
0.997	0.001	0.001	0.001
0.142	0.856	0.001	0.001
0.001	0.997	0.001	0.001
0.997	0.001	0.001	0.001
0.865	0.133	0.001	0.001
0.997	0.001	0.001	0.001
0.001	0.001	0.997	0.001
0.001	0.001	0.001	0.997
0.001	0.001	0.001	0.997
0.669	0.001	0.329	0.001
>CGCGACAGAG	9-CGCGACAGAG	11.601178	-11.711030	0	T:4.0(8.16%),B:99.1(0.25%),P:1e-5	Tpos:362.2,Tstd:308.2,Bpos:571.9,Bstd:349.0,StrandBias:2.3,Multiplicity:1.50
0.001	0.997	0.001	0.001
0.001	0.001	0.997	0.001
0.203	0.795	0.001	0.001
0.001	0.001	0.997	0.001
0.997	0.001	0.001	0.001
0.001	0.809	0.189	0.001
0.997	0.001	0.001	0.001
0.001	0.001	0.997	0.001
0.708	0.290	0.001	0.001
0.001	0.001	0.997	0.001
>GGCCAGGGGT	10-GGCCAGGGGT	11.398147	-10.774786	0	T:3.0(6.12%),B:41.0(0.10%),P:1e-4	Tpos:661.4,Tstd:102.4,Bpos:655.4,Bstd:313.9,StrandBias:-2.0,Multiplicity:1.67
0.001	0.001	0.997	0.001
0.001	0.001	0.997	0.001
0.001	0.866	0.001	0.132
0.001	0.997	0.001	0.001
0.738	0.001	0.001	0.260
0.001	0.001	0.997	0.001
0.001	0.001	0.997	0.001
0.001	0.001	0.825	0.173
0.215	0.001	0.783	0.001
0.001	0.001	0.001	0.997
>ACARKTGCAA	11-ACARKTGCAA	10.501810	-9.281258	0	T:15.0(30.61%),B:4143.8(10.43%),P:1e-4	Tpos:444.3,Tstd:277.7,Bpos:513.2,Bstd:319.0,StrandBias:-0.2,Multiplicity:1.20
0.997	0.001	0.001	0.001
0.357	0.641	0.001	0.001
0.997	0.001	0.001	0.001
0.462	0.001	0.365	0.172
0.001	0.001	0.478	0.520
0.001	0.001	0.001	0.997
0.001	0.001	0.969	0.029
0.001	0.634	0.364	0.001
0.997	0.001	0.001	0.001
0.997	0.001	0.001	0.001
>CACCGGTGGC	12-CACCGGTGGC	7.764477	-7.859645	0	T:8.0(16.33%),B:1455.2(3.66%),P:1e-3	Tpos:487.0,Tstd:176.3,Bpos:514.2,Bstd:336.7,StrandBias:-0.4,Multiplicity:1.88
0.001	0.811	0.109	0.079
0.855	0.001	0.143	0.001
0.070	0.928	0.001	0.001
0.202	0.597	0.071	0.130
0.076	0.001	0.792	0.131
0.001	0.001	0.997	0.001
0.001	0.201	0.001	0.797
0.139	0.049	0.811	0.001
0.265	0.001	0.685	0.049
0.196	0.740	0.001	0.063
>GAGCAGCAGT	13-GAGCAGCAGT	10.106410	-6.774114	0	T:4.0(8.16%),B:368.7(0.93%),P:1e-2	Tpos:405.1,Tstd:109.0,Bpos:517.2,Bstd:327.7,StrandBias:0.0,Multiplicity:2.00
0.001	0.001	0.997	0.001
0.997	0.001	0.001	0.001
0.001	0.001	0.997	0.001
0.208	0.700	0.091	0.001
0.997	0.001	0.001	0.001
0.001	0.001	0.997	0.001
0.001	0.720	0.016	0.263
0.997	0.001	0.001	0.001
0.001	0.001	0.997	0.001
0.001	0.001	0.001	0.997
>TGCTATATAT	14-TGCTATATAT	10.454636	-4.027481	0	T:3.0(6.12%),B:445.7(1.12%),P:1e-1	Tpos:256.0,Tstd:277.6,Bpos:512.2,Bstd:334.2,StrandBias:0.7,Multiplicity:4.33
0.001	0.001	0.001	0.997
0.178	0.025	0.796	0.001
0.001	0.848	0.001	0.150
0.001	0.001	0.001	0.997
0.815	0.001	0.001	0.183
0.357	0.001	0.001	0.641
0.997	0.001	0.001	0.001
0.001	0.153	0.001	0.845
0.745	0.001	0.253	0.001
0.193	0.001	0.136	0.670
