>ATTATGTGGGGG	3-CCCCCACATAAT	10.608521	-28.451575	0	T:13.0(7.43%),B:149.5(0.38%),P:1e-12
0.920	0.001	0.001	0.078
0.058	0.001	0.001	0.940
0.001	0.317	0.001	0.681
0.674	0.001	0.001	0.324
0.001	0.001	0.083	0.915
0.205	0.277	0.459	0.059
0.130	0.079	0.121	0.670
0.001	0.047	0.814	0.138
0.084	0.001	0.620	0.295
0.001	0.183	0.681	0.135
0.006	0.056	0.783	0.155
0.079	0.001	0.851	0.069
