>ACGCGAGAGA	1-ACGCGAGAGA	9.011347	-23.859846	0	T:18.0(14.29%),B:721.7(1.89%),P:1e-10	Tpos:604.9,Tstd:296.7,Bpos:569.3,Bstd:374.7,StrandBias:0.0,Multiplicity:1.00
0.997	0.001	0.001	0.001
0.001	0.923	0.075	0.001
0.071	0.001	0.824	0.104
0.001	0.918	0.080	0.001
0.116	0.127	0.756	0.001
0.844	0.001	0.001	0.154
0.001	0.033	0.965	0.001
0.868	0.130	0.001	0.001
0.083	0.001	0.915	0.001
0.997	0.001	0.001	0.001
>TCTTCTCGGA	2-TCTTCTCGGA	9.717378	-23.236602	0	T:21.0(16.67%),B:1078.9(2.82%),P:1e-10	Tpos:448.0,Tstd:254.9,Bpos:474.9,Bstd:356.8,StrandBias:1.1,Multiplicity:1.05
0.109	0.001	0.001	0.889
0.001	0.997	0.001	0.001
0.001	0.001	0.001	0.997
0.001	0.001	0.133	0.865
0.001	0.732	0.266	0.001
0.223	0.001	0.175	0.601
0.171	0.827	0.001	0.001
0.073	0.001	0.925	0.001
0.065	0.078	0.856	0.001
0.947	0.051	0.001	0.001
>TCGCAGAGCT	3-TCGCAGAGCT	8.753682	-22.972847	0	T:16.0(12.70%),B:569.0(1.49%),P:1e-9	Tpos:564.5,Tstd:350.0,Bpos:442.5,Bstd:365.8,StrandBias:0.5,Multiplicity:1.06
0.001	0.001	0.001	0.997
0.001	0.902	0.096	0.001
0.066	0.080	0.853	0.001
0.001	0.932	0.066	0.001
0.892	0.001	0.001	0.106
0.078	0.029	0.892	0.001
0.872	0.001	0.126	0.001
0.115	0.001	0.883	0.001
0.001	0.892	0.001	0.106
0.001	0.107	0.001	0.891
>TCCGCAGGAT	4-TCCGCAGGAT	10.601011	-22.804826	0	T:11.0(8.73%),B:200.2(0.52%),P:1e-9	Tpos:466.3,Tstd:259.0,Bpos:472.9,Bstd:363.2,StrandBias:-0.8,Multiplicity:1.00
0.223	0.001	0.001	0.775
0.001	0.997	0.001	0.001
0.001	0.997	0.001	0.001
0.090	0.001	0.908	0.001
0.001	0.891	0.107	0.001
0.893	0.105	0.001	0.001
0.101	0.001	0.897	0.001
0.096	0.001	0.902	0.001
0.861	0.001	0.001	0.137
0.001	0.001	0.001	0.997
>CGAACGTTAA	5-CGAACGTTAA	10.029266	-20.120774	0	T:13.0(10.32%),B:414.9(1.08%),P:1e-8	Tpos:440.2,Tstd:222.9,Bpos:509.9,Bstd:331.8,StrandBias:1.9,Multiplicity:1.08
0.064	0.934	0.001	0.001
0.001	0.001	0.997	0.001
0.997	0.001	0.001	0.001
0.997	0.001	0.001	0.001
0.187	0.811	0.001	0.001
0.052	0.001	0.901	0.046
0.001	0.089	0.129	0.781
0.078	0.080	0.001	0.841
0.915	0.001	0.083	0.001
0.922	0.001	0.001	0.076
>ATAGCGAAAT	6-ATAGCGAAAT	9.157675	-18.916947	0	T:32.0(25.40%),B:3123.2(8.16%),P:1e-8	Tpos:501.2,Tstd:315.5,Bpos:519.6,Bstd:323.0,StrandBias:-0.3,Multiplicity:1.12
0.658	0.197	0.144	0.001
0.019	0.001	0.181	0.799
0.733	0.121	0.001	0.145
0.001	0.001	0.905	0.093
0.034	0.601	0.171	0.194
0.219	0.001	0.480	0.299
0.997	0.001	0.001	0.001
0.997	0.001	0.001	0.001
0.699	0.001	0.001	0.299
0.001	0.001	0.001	0.997
>TTCTTTCGTC	7-TTCTTTCGTC	8.561074	-18.810593	0	T:27.0(21.43%),B:2286.3(5.98%),P:1e-8	Tpos:455.4,Tstd:239.5,Bpos:535.3,Bstd:339.5,StrandBias:0.5,Multiplicity:1.12
0.011	0.034	0.046	0.909
0.160	0.026	0.132	0.682
0.165	0.551	0.115	0.169
0.019	0.266	0.001	0.714
0.082	0.122	0.141	0.655
0.001	0.030	0.019	0.950
0.158	0.683	0.048	0.111
0.191	0.010	0.779	0.020
0.010	0.268	0.011	0.711
0.150	0.618	0.023	0.209
>ATCGTTTCCR	8-ATCGTTTCCR	11.245367	-16.855457	0	T:13.0(10.32%),B:550.1(1.44%),P:1e-7	Tpos:447.5,Tstd:291.1,Bpos:509.8,Bstd:329.8,StrandBias:2.5,Multiplicity:1.00
0.997	0.001	0.001	0.001
0.001	0.001	0.001	0.997
0.001	0.796	0.001	0.202
0.001	0.001	0.997	0.001
0.001	0.001	0.001	0.997
0.001	0.332	0.001	0.666
0.001	0.001	0.001	0.997
0.001	0.997	0.001	0.001
0.001	0.997	0.001	0.001
0.554	0.001	0.444	0.001
>CGATCGAAGC	9-CGATCGAAGC	10.480205	-16.313705	0	T:9.0(7.14%),B:223.9(0.59%),P:1e-7	Tpos:483.6,Tstd:233.0,Bpos:469.2,Bstd:354.4,StrandBias:1.2,Multiplicity:1.11
0.088	0.910	0.001	0.001
0.069	0.088	0.737	0.106
0.895	0.103	0.001	0.001
0.001	0.001	0.001	0.997
0.001	0.997	0.001	0.001
0.001	0.001	0.997	0.001
0.871	0.127	0.001	0.001
0.997	0.001	0.001	0.001
0.172	0.001	0.759	0.068
0.001	0.925	0.001	0.073
>TTAACACAAG	10-TTAACACAAG	8.127599	-16.289494	0	T:21.0(16.67%),B:1612.9(4.22%),P:1e-7	Tpos:608.7,Tstd:247.3,Bpos:509.8,Bstd:309.5,StrandBias:-1.2,Multiplicity:1.10
0.062	0.001	0.001	0.936
0.049	0.001	0.061	0.889
0.807	0.067	0.056	0.070
0.912	0.086	0.001	0.001
0.019	0.920	0.001	0.060
0.934	0.001	0.001	0.064
0.028	0.912	0.059	0.001
0.912	0.086	0.001	0.001
0.931	0.001	0.001	0.067
0.001	0.001	0.969	0.029
>CRGCCATTTC	11-CRGCCATTTC	8.531658	-16.056333	0	T:24.0(19.05%),B:2108.7(5.51%),P:1e-6	Tpos:522.9,Tstd:274.3,Bpos:501.2,Bstd:333.4,StrandBias:0.0,Multiplicity:1.17
0.066	0.885	0.048	0.001
0.470	0.080	0.411	0.039
0.084	0.170	0.631	0.115
0.045	0.811	0.063	0.081
0.053	0.897	0.049	0.001
0.731	0.120	0.001	0.148
0.049	0.001	0.001	0.949
0.001	0.001	0.001	0.997
0.001	0.159	0.001	0.839
0.158	0.739	0.076	0.027
>TGGCCAACAC	12-TGGCCAACAC	10.241955	-14.301228	0	T:10.0(7.94%),B:374.8(0.98%),P:1e-6	Tpos:604.6,Tstd:268.3,Bpos:513.6,Bstd:344.1,StrandBias:0.7,Multiplicity:1.30
0.001	0.001	0.001	0.997
0.124	0.081	0.794	0.001
0.061	0.100	0.838	0.001
0.001	0.997	0.001	0.001
0.152	0.846	0.001	0.001
0.997	0.001	0.001	0.001
0.865	0.001	0.133	0.001
0.064	0.835	0.100	0.001
0.997	0.001	0.001	0.001
0.001	0.915	0.001	0.083
>TAGTTTTATC	13-TAGTTTTATC	10.195983	-13.154584	0	T:15.0(11.90%),B:1033.2(2.70%),P:1e-5	Tpos:463.6,Tstd:284.1,Bpos:506.8,Bstd:319.1,StrandBias:-0.3,Multiplicity:1.20
0.012	0.282	0.043	0.663
0.997	0.001	0.001	0.001
0.354	0.001	0.642	0.003
0.001	0.061	0.001	0.937
0.001	0.151	0.280	0.568
0.042	0.049	0.001	0.908
0.001	0.001	0.062	0.936
0.611	0.001	0.255	0.133
0.001	0.057	0.268	0.674
0.018	0.813	0.001	0.168
>AGAGAAAWAS	14-AGAGAAAWAS	9.146606	-11.910537	0	T:54.0(42.86%),B:9459.0(24.73%),P:1e-5	Tpos:534.0,Tstd:263.5,Bpos:537.4,Bstd:336.3,StrandBias:-1.1,Multiplicity:1.53
0.803	0.005	0.002	0.190
0.053	0.093	0.828	0.026
0.977	0.020	0.001	0.002
0.293	0.001	0.701	0.005
0.908	0.001	0.090	0.001
0.784	0.001	0.214	0.001
0.954	0.025	0.019	0.002
0.445	0.001	0.199	0.355
0.737	0.032	0.198	0.033
0.001	0.472	0.467	0.060
>GCGCTCTCTC	15-GCGCTCTCTC	8.579707	-11.031020	0	T:17.0(13.49%),B:1557.4(4.07%),P:1e-4	Tpos:649.0,Tstd:251.9,Bpos:536.5,Bstd:370.2,StrandBias:0.9,Multiplicity:1.18
0.128	0.107	0.559	0.206
0.048	0.723	0.024	0.205
0.146	0.156	0.528	0.170
0.019	0.756	0.026	0.199
0.001	0.200	0.150	0.649
0.062	0.577	0.028	0.333
0.001	0.001	0.001	0.997
0.001	0.781	0.206	0.012
0.076	0.050	0.025	0.849
0.001	0.684	0.262	0.053
>CCCGCGVGTT	16-CCCGCGVGTT	8.723988	-8.511081	0	T:8.0(6.35%),B:474.1(1.24%),P:1e-3	Tpos:623.5,Tstd:258.7,Bpos:514.8,Bstd:336.2,StrandBias:0.6,Multiplicity:1.88
0.001	0.724	0.274	0.001
0.001	0.997	0.001	0.001
0.001	0.997	0.001	0.001
0.001	0.028	0.970	0.001
0.001	0.997	0.001	0.001
0.001	0.078	0.920	0.001
0.383	0.288	0.328	0.001
0.001	0.001	0.997	0.001
0.001	0.001	0.001	0.997
0.001	0.001	0.001	0.997
>CGGAAAGGGG	17-CGGAAAGGGG	9.939644	-8.028524	0	T:8.0(6.35%),B:510.9(1.34%),P:1e-3	Tpos:214.5,Tstd:151.6,Bpos:525.9,Bstd:331.0,StrandBias:-3.1,Multiplicity:2.38
0.001	0.887	0.111	0.001
0.001	0.001	0.997	0.001
0.058	0.001	0.940	0.001
0.689	0.001	0.001	0.309
0.997	0.001	0.001	0.001
0.997	0.001	0.001	0.001
0.001	0.001	0.901	0.097
0.001	0.001	0.997	0.001
0.001	0.001	0.868	0.130
0.113	0.001	0.722	0.164
>GTCAACAACACG	1-GTCAACAACACG	13.501682	-25.485356	0	T:7.0(5.56%),B:24.7(0.06%),P:1e-11	Tpos:374.4,Tstd:230.8,Bpos:619.3,Bstd:312.8,StrandBias:-0.4,Multiplicity:1.00
0.001	0.001	0.997	0.001
0.001	0.001	0.001	0.997
0.001	0.839	0.159	0.001
0.627	0.001	0.174	0.198
0.997	0.001	0.001	0.001
0.001	0.997	0.001	0.001
0.800	0.001	0.001	0.198
0.997	0.001	0.001	0.001
0.001	0.997	0.001	0.001
0.997	0.001	0.001	0.001
0.106	0.892	0.001	0.001
0.001	0.001	0.997	0.001
>AAATAATAAATT	2-AAATAATAAATT	10.891263	-25.378770	0	T:26.0(20.63%),B:1557.0(4.07%),P:1e-11	Tpos:593.8,Tstd:290.5,Bpos:523.7,Bstd:311.6,StrandBias:0.4,Multiplicity:1.12
0.761	0.077	0.077	0.085
0.997	0.001	0.001	0.001
0.975	0.001	0.001	0.023
0.001	0.045	0.001	0.953
0.985	0.013	0.001	0.001
0.913	0.001	0.085	0.001
0.001	0.055	0.045	0.899
0.887	0.054	0.058	0.001
0.867	0.080	0.001	0.052
0.918	0.001	0.080	0.001
0.001	0.085	0.001	0.913
0.001	0.073	0.001	0.925
>GAGAGAAATGAA	3-GAGAGAAATGAA	10.214489	-25.323882	0	T:40.0(31.75%),B:3739.8(9.78%),P:1e-10	Tpos:539.4,Tstd:263.8,Bpos:549.8,Bstd:340.3,StrandBias:-0.7,Multiplicity:1.15
0.089	0.048	0.776	0.087
0.909	0.001	0.001	0.089
0.059	0.069	0.829	0.043
0.829	0.143	0.001	0.027
0.166	0.001	0.832	0.001
0.932	0.066	0.001	0.001
0.923	0.048	0.026	0.003
0.862	0.001	0.090	0.047
0.212	0.058	0.112	0.618
0.155	0.001	0.843	0.001
0.778	0.143	0.078	0.001
0.877	0.001	0.051	0.071
>ATTTGCCAATTT	4-ATTTGCCAATTT	11.217952	-24.571215	0	T:20.0(15.87%),B:892.1(2.33%),P:1e-10	Tpos:451.3,Tstd:286.6,Bpos:518.7,Bstd:306.0,StrandBias:0.2,Multiplicity:1.15
0.997	0.001	0.001	0.001
0.060	0.001	0.001	0.938
0.001	0.001	0.001	0.997
0.102	0.001	0.062	0.835
0.075	0.047	0.877	0.001
0.001	0.861	0.001	0.137
0.001	0.997	0.001	0.001
0.791	0.110	0.001	0.098
0.917	0.081	0.001	0.001
0.066	0.093	0.001	0.840
0.001	0.001	0.001	0.997
0.001	0.001	0.001	0.997
>CAGTCATTTTAA	5-CAGTCATTTTAA	13.184946	-23.378772	0	T:10.0(7.94%),B:138.6(0.36%),P:1e-10	Tpos:515.7,Tstd:233.8,Bpos:482.5,Bstd:296.9,StrandBias:-0.6,Multiplicity:1.00
0.001	0.814	0.001	0.184
0.997	0.001	0.001	0.001
0.001	0.001	0.945	0.053
0.083	0.154	0.001	0.762
0.074	0.820	0.105	0.001
0.997	0.001	0.001	0.001
0.001	0.001	0.001	0.997
0.001	0.001	0.001	0.997
0.001	0.001	0.001	0.997
0.121	0.001	0.131	0.747
0.997	0.001	0.001	0.001
0.997	0.001	0.001	0.001
>AAACCGACTGAA	6-AAACCGACTGAA	12.651326	-23.179915	0	T:8.0(6.35%),B:62.0(0.16%),P:1e-10	Tpos:593.2,Tstd:181.2,Bpos:463.9,Bstd:297.8,StrandBias:0.7,Multiplicity:1.00
0.997	0.001	0.001	0.001
0.997	0.001	0.001	0.001
0.844	0.154	0.001	0.001
0.001	0.997	0.001	0.001
0.001	0.793	0.205	0.001
0.108	0.001	0.755	0.136
0.997	0.001	0.001	0.001
0.001	0.997	0.001	0.001
0.001	0.001	0.001	0.997
0.001	0.001	0.810	0.188
0.997	0.001	0.001	0.001
0.997	0.001	0.001	0.001
>GATATGCCAGAT	7-GATATGCCAGAT	13.155307	-23.012048	0	T:7.0(5.56%),B:36.1(0.09%),P:1e-9	Tpos:499.9,Tstd:301.1,Bpos:442.4,Bstd:317.6,StrandBias:1.3,Multiplicity:1.00
0.001	0.001	0.997	0.001
0.836	0.162	0.001	0.001
0.001	0.001	0.001	0.997
0.997	0.001	0.001	0.001
0.001	0.001	0.001	0.997
0.001	0.001	0.871	0.127
0.001	0.997	0.001	0.001
0.001	0.997	0.001	0.001
0.997	0.001	0.001	0.001
0.001	0.001	0.661	0.337
0.843	0.001	0.001	0.155
0.171	0.001	0.001	0.827
>AATTGTTTCCAC	8-AATTGTTTCCAC	13.131886	-21.453133	0	T:10.0(7.94%),B:171.0(0.45%),P:1e-9	Tpos:402.0,Tstd:256.4,Bpos:475.9,Bstd:316.5,StrandBias:1.4,Multiplicity:1.10
0.848	0.001	0.001	0.150
0.997	0.001	0.001	0.001
0.001	0.001	0.001	0.997
0.001	0.001	0.001	0.997
0.001	0.001	0.997	0.001
0.139	0.001	0.001	0.859
0.001	0.001	0.001	0.997
0.001	0.001	0.001	0.997
0.001	0.883	0.115	0.001
0.077	0.921	0.001	0.001
0.890	0.001	0.001	0.108
0.001	0.695	0.218	0.086
>GTGAGAAAAATA	9-GTGAGAAAAATA	12.724914	-20.627582	0	T:16.0(12.70%),B:672.6(1.76%),P:1e-8	Tpos:474.6,Tstd:321.3,Bpos:530.8,Bstd:314.6,StrandBias:-1.0,Multiplicity:1.12
0.001	0.085	0.675	0.239
0.001	0.093	0.001	0.905
0.001	0.001	0.997	0.001
0.997	0.001	0.001	0.001
0.001	0.001	0.997	0.001
0.997	0.001	0.001	0.001
0.997	0.001	0.001	0.001
0.997	0.001	0.001	0.001
0.741	0.133	0.001	0.125
0.997	0.001	0.001	0.001
0.112	0.001	0.001	0.886
0.868	0.001	0.080	0.051
>TACTGATTTAAA	10-TACTGATTTAAA	13.333682	-20.526046	0	T:10.0(7.94%),B:188.9(0.49%),P:1e-8	Tpos:349.5,Tstd:251.1,Bpos:506.1,Bstd:290.0,StrandBias:-0.3,Multiplicity:1.00
0.220	0.001	0.001	0.778
0.997	0.001	0.001	0.001
0.001	0.913	0.001	0.085
0.001	0.127	0.001	0.871
0.115	0.001	0.883	0.001
0.997	0.001	0.001	0.001
0.001	0.001	0.001	0.997
0.137	0.001	0.001	0.861
0.001	0.001	0.001	0.997
0.997	0.001	0.001	0.001
0.856	0.001	0.001	0.142
0.997	0.001	0.001	0.001
>TGAAATTTAGMT	11-TGAAATTTAGMT	9.777552	-20.284026	0	T:38.0(30.16%),B:4039.7(10.56%),P:1e-8	Tpos:482.4,Tstd:282.1,Bpos:500.3,Bstd:318.8,StrandBias:0.8,Multiplicity:1.16
0.001	0.193	0.001	0.805
0.140	0.071	0.772	0.017
0.997	0.001	0.001	0.001
0.803	0.001	0.001	0.195
0.997	0.001	0.001	0.001
0.001	0.080	0.001	0.918
0.001	0.056	0.001	0.942
0.037	0.387	0.031	0.545
0.874	0.078	0.001	0.047
0.126	0.128	0.745	0.001
0.447	0.376	0.001	0.176
0.001	0.001	0.049	0.949
>CTTTAACACAAG	12-CTTTAACACAAG	9.915490	-18.732830	0	T:20.0(15.87%),B:1259.3(3.29%),P:1e-8	Tpos:530.5,Tstd:258.4,Bpos:526.6,Bstd:316.4,StrandBias:-0.3,Multiplicity:1.10
0.079	0.645	0.100	0.176
0.001	0.001	0.099	0.899
0.001	0.088	0.068	0.843
0.001	0.045	0.003	0.951
0.671	0.157	0.072	0.100
0.849	0.001	0.149	0.001
0.137	0.650	0.049	0.164
0.935	0.001	0.001	0.063
0.155	0.756	0.001	0.088
0.997	0.001	0.001	0.001
0.914	0.001	0.001	0.084
0.063	0.001	0.899	0.037
>TCTATTTTTAAT	13-TCTATTTTTAAT	12.995584	-18.266209	0	T:13.0(10.32%),B:487.0(1.27%),P:1e-7	Tpos:565.3,Tstd:244.7,Bpos:530.4,Bstd:320.1,StrandBias:0.0,Multiplicity:1.08
0.001	0.001	0.001	0.997
0.046	0.824	0.129	0.001
0.205	0.079	0.047	0.669
0.957	0.001	0.001	0.041
0.001	0.001	0.001	0.997
0.001	0.001	0.001	0.997
0.127	0.001	0.001	0.871
0.103	0.001	0.001	0.895
0.001	0.065	0.083	0.851
0.997	0.001	0.001	0.001
0.997	0.001	0.001	0.001
0.001	0.001	0.001	0.997
>ATTGGCTCATAA	14-ATTGGCTCATAA	13.926523	-18.096712	0	T:6.0(4.76%),B:43.9(0.11%),P:1e-7	Tpos:270.5,Tstd:208.3,Bpos:384.8,Bstd:390.6,StrandBias:-2.3,Multiplicity:1.00
0.997	0.001	0.001	0.001
0.001	0.248	0.001	0.750
0.001	0.001	0.001	0.997
0.001	0.001	0.997	0.001
0.001	0.001	0.997	0.001
0.001	0.997	0.001	0.001
0.001	0.001	0.001	0.997
0.001	0.662	0.336	0.001
0.846	0.001	0.152	0.001
0.094	0.001	0.001	0.904
0.997	0.001	0.001	0.001
0.997	0.001	0.001	0.001
>CCTTCTTCTTTT	15-CCTTCTTCTTTT	11.553903	-17.491639	0	T:16.0(12.70%),B:844.3(2.21%),P:1e-7	Tpos:512.9,Tstd:295.2,Bpos:576.4,Bstd:378.1,StrandBias:1.0,Multiplicity:1.12
0.071	0.868	0.060	0.001
0.099	0.751	0.092	0.058
0.001	0.102	0.001	0.896
0.001	0.118	0.001	0.880
0.001	0.833	0.115	0.051
0.001	0.001	0.001	0.997
0.001	0.034	0.001	0.964
0.001	0.997	0.001	0.001
0.100	0.001	0.001	0.898
0.001	0.082	0.001	0.916
0.001	0.001	0.001	0.997
0.001	0.001	0.001	0.997
>TTAGCGGTTACC	16-TTAGCGGTTACC	9.004701	-17.382409	0	T:14.0(11.11%),B:627.3(1.64%),P:1e-7	Tpos:524.2,Tstd:262.9,Bpos:513.5,Bstd:337.4,StrandBias:-0.9,Multiplicity:1.07
0.123	0.001	0.001	0.875
0.224	0.160	0.002	0.614
0.764	0.001	0.053	0.182
0.001	0.133	0.865	0.001
0.164	0.546	0.135	0.155
0.331	0.001	0.598	0.070
0.002	0.001	0.643	0.354
0.001	0.203	0.121	0.675
0.001	0.294	0.048	0.657
0.889	0.001	0.109	0.001
0.344	0.590	0.001	0.065
0.001	0.936	0.001	0.062
>TTMGACCATTTC	17-TTMGACCATTTC	9.781349	-16.262176	0	T:25.0(19.84%),B:2249.0(5.88%),P:1e-7	Tpos:508.5,Tstd:294.9,Bpos:496.7,Bstd:340.1,StrandBias:0.4,Multiplicity:1.12
0.001	0.001	0.001	0.997
0.252	0.050	0.172	0.526
0.511	0.445	0.001	0.043
0.114	0.001	0.704	0.181
0.644	0.354	0.001	0.001
0.001	0.542	0.371	0.086
0.286	0.647	0.066	0.001
0.899	0.001	0.099	0.001
0.061	0.100	0.196	0.643
0.001	0.001	0.001	0.997
0.001	0.001	0.001	0.997
0.001	0.949	0.001	0.049
>GTTTTCGCAGCG	18-GTTTTCGCAGCG	13.646600	-11.492683	0	T:4.0(3.17%),B:37.4(0.10%),P:1e-4	Tpos:356.3,Tstd:378.2,Bpos:431.2,Bstd:351.7,StrandBias:-2.6,Multiplicity:1.75
0.001	0.001	0.884	0.114
0.001	0.001	0.001	0.997
0.001	0.001	0.001	0.997
0.001	0.001	0.001	0.997
0.001	0.001	0.001	0.997
0.339	0.659	0.001	0.001
0.001	0.001	0.997	0.001
0.001	0.997	0.001	0.001
0.824	0.174	0.001	0.001
0.001	0.001	0.997	0.001
0.165	0.833	0.001	0.001
0.001	0.001	0.997	0.001
>ATCCCCCCAGTT	19-ATCCCCCCAGTT	10.469541	-10.114695	0	T:8.0(6.35%),B:374.3(0.98%),P:1e-4	Tpos:584.6,Tstd:279.6,Bpos:474.9,Bstd:319.9,StrandBias:0.9,Multiplicity:2.12
0.997	0.001	0.001	0.001
0.001	0.151	0.151	0.697
0.114	0.635	0.100	0.151
0.001	0.997	0.001	0.001
0.151	0.697	0.001	0.151
0.100	0.748	0.151	0.001
0.150	0.848	0.001	0.001
0.001	0.977	0.021	0.001
0.997	0.001	0.001	0.001
0.116	0.001	0.732	0.151
0.150	0.001	0.001	0.848
0.001	0.150	0.001	0.848
>AAAAGGAGMKAT	20-AAAAGGAGMKAT	8.994973	-10.104339	0	T:28.0(22.22%),B:3808.2(9.95%),P:1e-4	Tpos:366.0,Tstd:226.1,Bpos:523.9,Bstd:344.4,StrandBias:-2.0,Multiplicity:1.57
0.640	0.001	0.358	0.001
0.789	0.191	0.001	0.019
0.739	0.001	0.259	0.001
0.802	0.001	0.191	0.006
0.084	0.260	0.655	0.001
0.079	0.001	0.669	0.251
0.746	0.001	0.216	0.037
0.001	0.001	0.721	0.277
0.518	0.480	0.001	0.001
0.129	0.001	0.452	0.418
0.560	0.403	0.001	0.036
0.291	0.001	0.001	0.707
>CCCCCCCCCCYY	21-CCCCCCCCCCYY	13.381542	-3.914363	0	T:6.0(4.76%),B:639.1(1.67%),P:1e-1	Tpos:398.7,Tstd:155.4,Bpos:541.2,Bstd:320.5,StrandBias:10.0,Multiplicity:1.00
0.017	0.981	0.001	0.001
0.001	0.997	0.001	0.001
0.001	0.997	0.001	0.001
0.001	0.926	0.001	0.072
0.001	0.927	0.001	0.071
0.001	0.829	0.001	0.169
0.001	0.731	0.001	0.267
0.001	0.893	0.001	0.105
0.001	0.937	0.001	0.061
0.002	0.815	0.001	0.182
0.018	0.541	0.001	0.440
0.019	0.415	0.001	0.565
>GAGAGCGC	1-GAGAGCGC	5.692302	-14.172968	0	T:72.0(57.14%),B:13615.1(35.59%),P:1e-6	Tpos:563.5,Tstd:277.0,Bpos:536.9,Bstd:363.1,StrandBias:-0.9,Multiplicity:1.46
0.001	0.001	0.930	0.068
0.997	0.001	0.001	0.001
0.050	0.120	0.738	0.092
0.889	0.093	0.017	0.001
0.083	0.042	0.874	0.001
0.107	0.891	0.001	0.001
0.028	0.001	0.970	0.001
0.170	0.703	0.079	0.048
>ATTTCGTC	2-ATTTCGTC	8.124257	-14.008190	0	T:38.0(30.16%),B:5122.8(13.39%),P:1e-6	Tpos:494.5,Tstd:260.9,Bpos:496.1,Bstd:353.7,StrandBias:0.5,Multiplicity:1.16
0.997	0.001	0.001	0.001
0.001	0.144	0.001	0.854
0.001	0.001	0.082	0.916
0.001	0.155	0.001	0.843
0.001	0.997	0.001	0.001
0.001	0.001	0.997	0.001
0.115	0.001	0.001	0.883
0.001	0.997	0.001	0.001
>GGCCAAGG	3-GGCCAAGG	9.088821	-12.761136	0	T:11.0(8.73%),B:555.7(1.45%),P:1e-5	Tpos:309.9,Tstd:250.7,Bpos:470.0,Bstd:352.2,StrandBias:-0.8,Multiplicity:1.00
0.001	0.001	0.997	0.001
0.001	0.001	0.997	0.001
0.001	0.860	0.138	0.001
0.001	0.997	0.001	0.001
0.997	0.001	0.001	0.001
0.997	0.001	0.001	0.001
0.001	0.001	0.997	0.001
0.001	0.001	0.997	0.001
>TCCCCTTT	4-TCCCCTTT	8.106309	-3.487854	0	T:20.0(15.87%),B:3895.7(10.18%),P:1e-1	Tpos:347.6,Tstd:262.6,Bpos:535.8,Bstd:344.1,StrandBias:2.5,Multiplicity:1.95
0.001	0.001	0.001	0.997
0.001	0.997	0.001	0.001
0.001	0.652	0.001	0.346
0.001	0.997	0.001	0.001
0.001	0.997	0.001	0.001
0.001	0.001	0.001	0.997
0.001	0.001	0.079	0.919
0.001	0.001	0.001	0.997
>CCCCCCCC	5-CCCCCCCC	8.490472	-2.689804	0	T:10.0(7.94%),B:1767.4(4.62%),P:1e-1	Tpos:423.4,Tstd:178.4,Bpos:542.9,Bstd:329.3,StrandBias:4.4,Multiplicity:1.20
0.001	0.951	0.047	0.001
0.001	0.997	0.001	0.001
0.001	0.997	0.001	0.001
0.001	0.997	0.001	0.001
0.001	0.922	0.001	0.076
0.001	0.819	0.086	0.094
0.001	0.997	0.001	0.001
0.001	0.997	0.001	0.001
