>AATAGAACGGAA	7-TTCCGTTCTATT	9.992174	-23.369968	0	T:31.0(11.27%),B:1074.3(2.76%),P:1e-10
0.923	0.001	0.001	0.075
0.788	0.091	0.092	0.029
0.189	0.024	0.078	0.709
0.747	0.025	0.086	0.142
0.019	0.126	0.738	0.117
0.933	0.001	0.038	0.028
0.843	0.063	0.093	0.001
0.039	0.757	0.175	0.029
0.013	0.043	0.937	0.007
0.013	0.124	0.838	0.025
0.896	0.001	0.039	0.064
0.897	0.028	0.042	0.033
