>TTAAACTTAAAT	22-TTAAACTTAAAT,BestGuess:fkh-2/MA0920.1/Jaspar(0.564)	10.983172	-13.103041	0	T:17.0(6.18%),B:599.8(1.54%),P:1e-5
0.001	0.018	0.001	0.980
0.109	0.042	0.042	0.807
0.932	0.029	0.015	0.024
0.760	0.159	0.040	0.041
0.942	0.019	0.030	0.009
0.001	0.698	0.291	0.010
0.253	0.001	0.061	0.685
0.201	0.021	0.013	0.765
0.543	0.102	0.140	0.215
0.702	0.001	0.273	0.024
0.606	0.022	0.142	0.230
0.096	0.218	0.267	0.419
