>AATATCRAAATG	18-CATTTYGATATT	11.122951	-19.095713	0	T:22.0(8.00%),B:670.8(1.72%),P:1e-8
0.864	0.046	0.027	0.063
0.905	0.019	0.061	0.015
0.282	0.023	0.016	0.679
0.697	0.042	0.051	0.210
0.262	0.053	0.021	0.664
0.024	0.463	0.273	0.240
0.295	0.147	0.393	0.165
0.896	0.036	0.024	0.044
0.843	0.038	0.074	0.045
0.728	0.038	0.018	0.216
0.019	0.177	0.011	0.793
0.030	0.026	0.737	0.207
