>GTGGTTTGTG	1-GTGGTTTGTG	10.490555	-23.993870	0	T:11.0(28.21%),B:539.0(1.69%),P:1e-10	Tpos:622.1,Tstd:364.0,Bpos:516.3,Bstd:313.9,StrandBias:-1.4,Multiplicity:1.00
0.085	0.001	0.836	0.078
0.001	0.001	0.143	0.855
0.167	0.001	0.831	0.001
0.001	0.001	0.997	0.001
0.001	0.001	0.001	0.997
0.001	0.001	0.001	0.997
0.001	0.001	0.001	0.997
0.001	0.087	0.911	0.001
0.114	0.145	0.001	0.740
0.090	0.001	0.908	0.001
>AAAGCACACT	2-AAAGCACACT	10.199668	-20.877034	0	T:12.0(30.77%),B:942.8(2.95%),P:1e-9	Tpos:523.8,Tstd:366.9,Bpos:515.4,Bstd:313.1,StrandBias:0.0,Multiplicity:1.17
0.882	0.001	0.116	0.001
0.865	0.001	0.001	0.133
0.997	0.001	0.001	0.001
0.059	0.001	0.867	0.073
0.001	0.997	0.001	0.001
0.997	0.001	0.001	0.001
0.077	0.921	0.001	0.001
0.843	0.001	0.155	0.001
0.001	0.928	0.001	0.070
0.077	0.124	0.001	0.798
>TGGTTGCGGG	3-TGGTTGCGGG	8.911565	-20.288385	0	T:6.0(15.38%),B:87.3(0.27%),P:1e-8	Tpos:555.3,Tstd:188.9,Bpos:529.3,Bstd:301.1,StrandBias:0.0,Multiplicity:1.00
0.001	0.001	0.001	0.997
0.123	0.001	0.875	0.001
0.001	0.001	0.997	0.001
0.001	0.001	0.001	0.997
0.001	0.001	0.001	0.997
0.001	0.001	0.997	0.001
0.001	0.997	0.001	0.001
0.001	0.048	0.950	0.001
0.001	0.001	0.997	0.001
0.172	0.001	0.826	0.001
>AACCCCCTTA	4-AACCCCCTTA	10.886580	-19.681736	0	T:7.0(17.95%),B:181.1(0.57%),P:1e-8	Tpos:483.2,Tstd:285.4,Bpos:497.1,Bstd:310.9,StrandBias:0.0,Multiplicity:1.14
0.997	0.001	0.001	0.001
0.997	0.001	0.001	0.001
0.121	0.877	0.001	0.001
0.001	0.997	0.001	0.001
0.001	0.599	0.222	0.178
0.001	0.997	0.001	0.001
0.001	0.826	0.001	0.172
0.001	0.001	0.001	0.997
0.001	0.001	0.001	0.997
0.867	0.001	0.001	0.131
>TGGCATCATA	5-TGGCATCATA	11.067404	-19.411238	0	T:8.0(20.51%),B:306.3(0.96%),P:1e-8	Tpos:483.1,Tstd:265.5,Bpos:479.3,Bstd:276.4,StrandBias:0.0,Multiplicity:1.00
0.001	0.001	0.001	0.997
0.001	0.001	0.840	0.158
0.131	0.001	0.867	0.001
0.001	0.997	0.001	0.001
0.997	0.001	0.001	0.001
0.162	0.001	0.001	0.836
0.001	0.818	0.180	0.001
0.997	0.001	0.001	0.001
0.001	0.174	0.001	0.824
0.997	0.001	0.001	0.001
>TTTATCGACG	6-TTTATCGACG	10.647237	-18.938589	0	T:9.0(23.08%),B:480.7(1.50%),P:1e-8	Tpos:500.1,Tstd:329.2,Bpos:521.2,Bstd:304.8,StrandBias:-0.3,Multiplicity:1.00
0.001	0.167	0.001	0.831
0.001	0.001	0.001	0.997
0.001	0.001	0.123	0.875
0.711	0.001	0.125	0.163
0.001	0.001	0.001	0.997
0.001	0.900	0.001	0.098
0.001	0.001	0.997	0.001
0.997	0.001	0.001	0.001
0.001	0.997	0.001	0.001
0.112	0.001	0.804	0.083
>GCTTGCTTCT	7-GCTTGCTTCT	8.992268	-17.975527	0	T:10.0(25.64%),B:737.7(2.31%),P:1e-7	Tpos:547.5,Tstd:285.1,Bpos:488.6,Bstd:310.0,StrandBias:1.4,Multiplicity:1.10
0.104	0.001	0.809	0.086
0.109	0.889	0.001	0.001
0.001	0.001	0.001	0.997
0.001	0.001	0.135	0.863
0.001	0.103	0.895	0.001
0.001	0.912	0.001	0.086
0.149	0.001	0.001	0.849
0.001	0.001	0.001	0.997
0.001	0.997	0.001	0.001
0.115	0.001	0.001	0.883
>CCAACTGATA	8-CCAACTGATA	10.242199	-16.327415	0	T:11.0(28.21%),B:1138.4(3.56%),P:1e-7	Tpos:545.9,Tstd:310.6,Bpos:525.8,Bstd:322.5,StrandBias:1.0,Multiplicity:1.09
0.001	0.828	0.110	0.061
0.072	0.926	0.001	0.001
0.997	0.001	0.001	0.001
0.854	0.144	0.001	0.001
0.091	0.816	0.001	0.092
0.140	0.001	0.001	0.858
0.001	0.001	0.997	0.001
0.997	0.001	0.001	0.001
0.068	0.129	0.001	0.802
0.997	0.001	0.001	0.001
>ANACACACGA	9-ANACACACGA	9.659988	-15.876293	0	T:10.0(25.64%),B:925.8(2.90%),P:1e-6	Tpos:513.3,Tstd:280.0,Bpos:546.6,Bstd:308.4,StrandBias:-1.6,Multiplicity:1.20
0.760	0.001	0.001	0.238
0.299	0.199	0.230	0.272
0.997	0.001	0.001	0.001
0.001	0.997	0.001	0.001
0.997	0.001	0.001	0.001
0.157	0.827	0.001	0.015
0.621	0.001	0.001	0.377
0.001	0.997	0.001	0.001
0.136	0.001	0.862	0.001
0.871	0.001	0.001	0.127
>GTCAAATGAT	10-GTCAAATGAT	11.719892	-15.778056	0	T:7.0(17.95%),B:326.0(1.02%),P:1e-6	Tpos:349.9,Tstd:150.6,Bpos:480.9,Bstd:317.4,StrandBias:1.3,Multiplicity:1.00
0.001	0.001	0.997	0.001
0.001	0.001	0.001	0.997
0.001	0.997	0.001	0.001
0.997	0.001	0.001	0.001
0.997	0.001	0.001	0.001
0.801	0.001	0.197	0.001
0.001	0.001	0.001	0.997
0.150	0.001	0.848	0.001
0.997	0.001	0.001	0.001
0.001	0.001	0.001	0.997
>TGTSATGTTG	11-TGTSATGTTG	9.195382	-15.334300	0	T:14.0(35.90%),B:2257.5(7.06%),P:1e-6	Tpos:324.7,Tstd:256.7,Bpos:500.6,Bstd:313.8,StrandBias:-1.2,Multiplicity:1.00
0.107	0.001	0.001	0.891
0.090	0.100	0.741	0.069
0.001	0.001	0.129	0.869
0.001	0.479	0.511	0.009
0.910	0.001	0.001	0.088
0.283	0.001	0.089	0.627
0.031	0.200	0.679	0.090
0.080	0.001	0.001	0.918
0.001	0.001	0.001	0.997
0.001	0.001	0.997	0.001
>GCCYACGBCT	12-GCCYACGBCT	10.287029	-14.072406	0	T:6.0(15.38%),B:258.9(0.81%),P:1e-6	Tpos:528.6,Tstd:267.9,Bpos:513.1,Bstd:301.8,StrandBias:1.6,Multiplicity:1.33
0.001	0.001	0.747	0.251
0.001	0.997	0.001	0.001
0.001	0.997	0.001	0.001
0.001	0.574	0.001	0.424
0.997	0.001	0.001	0.001
0.001	0.997	0.001	0.001
0.001	0.001	0.997	0.001
0.001	0.312	0.365	0.323
0.001	0.997	0.001	0.001
0.001	0.364	0.001	0.634
>AATCRTAAAC	13-AATCRTAAAC	9.556072	-13.658253	0	T:12.0(30.77%),B:1831.6(5.73%),P:1e-5	Tpos:509.4,Tstd:232.9,Bpos:520.6,Bstd:300.2,StrandBias:0.0,Multiplicity:1.17
0.877	0.121	0.001	0.001
0.882	0.001	0.001	0.116
0.001	0.032	0.001	0.966
0.092	0.850	0.057	0.001
0.425	0.001	0.573	0.001
0.233	0.023	0.001	0.743
0.997	0.001	0.001	0.001
0.618	0.063	0.189	0.130
0.902	0.096	0.001	0.001
0.001	0.935	0.063	0.001
>GCATAGAAGG	14-GCATAGAAGG	10.296193	-13.183878	0	T:3.0(7.69%),B:18.0(0.06%),P:1e-5	Tpos:320.3,Tstd:305.1,Bpos:573.1,Bstd:317.9,StrandBias:1.0,Multiplicity:1.00
0.100	0.100	0.700	0.100
0.100	0.700	0.100	0.100
0.700	0.100	0.100	0.100
0.100	0.100	0.100	0.700
0.700	0.100	0.100	0.100
0.100	0.100	0.700	0.100
0.700	0.100	0.100	0.100
0.700	0.100	0.100	0.100
0.100	0.100	0.700	0.100
0.100	0.100	0.700	0.100
>GCACGACNTG	15-GCACGACNTG	8.706854	-13.024964	0	T:7.0(17.95%),B:494.7(1.55%),P:1e-5	Tpos:446.0,Tstd:282.7,Bpos:507.3,Bstd:303.1,StrandBias:0.0,Multiplicity:1.43
0.199	0.001	0.799	0.001
0.001	0.997	0.001	0.001
0.658	0.001	0.340	0.001
0.001	0.997	0.001	0.001
0.001	0.001	0.792	0.206
0.707	0.001	0.001	0.291
0.026	0.745	0.001	0.228
0.246	0.232	0.291	0.231
0.272	0.001	0.001	0.726
0.001	0.001	0.997	0.001
>AACTTGTAAA	16-AACTTGTAAA	11.623573	-12.766962	0	T:7.0(17.95%),B:514.4(1.61%),P:1e-5	Tpos:499.9,Tstd:308.3,Bpos:519.8,Bstd:313.8,StrandBias:-0.4,Multiplicity:1.00
0.997	0.001	0.001	0.001
0.997	0.001	0.001	0.001
0.001	0.997	0.001	0.001
0.001	0.001	0.156	0.842
0.001	0.148	0.001	0.850
0.001	0.001	0.997	0.001
0.001	0.001	0.001	0.997
0.873	0.001	0.001	0.125
0.997	0.001	0.001	0.001
0.997	0.001	0.001	0.001
>CCTGMAGGAA	17-CCTGMAGGAA	10.734386	-12.742420	0	T:5.0(12.82%),B:179.8(0.56%),P:1e-5	Tpos:494.0,Tstd:379.0,Bpos:481.3,Bstd:288.1,StrandBias:-1.0,Multiplicity:1.00
0.001	0.997	0.001	0.001
0.001	0.807	0.191	0.001
0.001	0.001	0.001	0.997
0.001	0.001	0.997	0.001
0.574	0.424	0.001	0.001
0.997	0.001	0.001	0.001
0.001	0.001	0.997	0.001
0.001	0.129	0.869	0.001
0.746	0.001	0.252	0.001
0.997	0.001	0.001	0.001
>ACCTTCCRCC	18-ACCTTCCRCC	10.829516	-12.167751	0	T:5.0(12.82%),B:202.9(0.63%),P:1e-5	Tpos:469.0,Tstd:305.0,Bpos:549.8,Bstd:301.5,StrandBias:1.6,Multiplicity:1.60
0.997	0.001	0.001	0.001
0.001	0.997	0.001	0.001
0.001	0.873	0.001	0.125
0.001	0.001	0.001	0.997
0.001	0.145	0.149	0.705
0.001	0.997	0.001	0.001
0.001	0.997	0.001	0.001
0.440	0.001	0.558	0.001
0.001	0.997	0.001	0.001
0.001	0.997	0.001	0.001
>CTCCSSRAGC	19-CTCCSSRAGC	9.931055	-8.295718	0	T:6.0(15.38%),B:731.5(2.29%),P:1e-3	Tpos:487.2,Tstd:265.5,Bpos:483.8,Bstd:268.1,StrandBias:0.2,Multiplicity:1.67
0.001	0.997	0.001	0.001
0.001	0.022	0.001	0.976
0.001	0.997	0.001	0.001
0.001	0.557	0.196	0.246
0.234	0.443	0.322	0.001
0.001	0.480	0.518	0.001
0.497	0.001	0.501	0.001
0.997	0.001	0.001	0.001
0.001	0.001	0.997	0.001
0.001	0.997	0.001	0.001
>TGCAAATTTG	20-TGCAAATTTG	11.613032	-7.680696	0	T:5.0(12.82%),B:530.6(1.66%),P:1e-3	Tpos:311.5,Tstd:349.8,Bpos:473.8,Bstd:307.1,StrandBias:-1.6,Multiplicity:1.20
0.001	0.161	0.001	0.837
0.001	0.001	0.997	0.001
0.001	0.997	0.001	0.001
0.997	0.001	0.001	0.001
0.997	0.001	0.001	0.001
0.997	0.001	0.001	0.001
0.001	0.001	0.001	0.997
0.001	0.129	0.001	0.869
0.001	0.001	0.001	0.997
0.001	0.001	0.997	0.001
>CCCCCCCCCC	21-CCCCCCCCCC	8.635993	-7.645433	0	T:7.0(17.95%),B:1165.8(3.65%),P:1e-3	Tpos:311.2,Tstd:173.6,Bpos:534.6,Bstd:310.0,StrandBias:-1.6,Multiplicity:1.14
0.090	0.780	0.129	0.001
0.001	0.997	0.001	0.001
0.001	0.997	0.001	0.001
0.001	0.702	0.296	0.001
0.280	0.713	0.006	0.001
0.001	0.870	0.001	0.128
0.001	0.997	0.001	0.001
0.001	0.997	0.001	0.001
0.001	0.716	0.001	0.282
0.001	0.945	0.001	0.053
>AGGTGGGAAA	22-AGGTGGGAAA	11.271669	-5.084679	0	T:3.0(7.69%),B:304.2(0.95%),P:1e-2	Tpos:404.4,Tstd:249.1,Bpos:528.5,Bstd:303.3,StrandBias:-10.0,Multiplicity:2.67
0.997	0.001	0.001	0.001
0.001	0.001	0.997	0.001
0.001	0.001	0.997	0.001
0.001	0.001	0.001	0.997
0.108	0.001	0.890	0.001
0.001	0.001	0.997	0.001
0.001	0.407	0.591	0.001
0.796	0.001	0.001	0.202
0.718	0.001	0.280	0.001
0.997	0.001	0.001	0.001
