>TTCCCGCCCT	1-TTCCCGCCCT	9.559497	-30.934349	0	T:29.0(8.73%),B:588.1(1.44%),P:1e-13	Tpos:550.0,Tstd:308.7,Bpos:543.8,Bstd:298.1,StrandBias:0.9,Multiplicity:1.00
0.126	0.001	0.001	0.872
0.069	0.001	0.001	0.929
0.001	0.997	0.001	0.001
0.001	0.997	0.001	0.001
0.071	0.927	0.001	0.001
0.001	0.001	0.997	0.001
0.001	0.683	0.001	0.315
0.037	0.908	0.054	0.001
0.145	0.583	0.001	0.271
0.102	0.001	0.052	0.845
>TTTTATGGGT	2-TTTTATGGGT	9.417023	-24.514421	0	T:66.0(19.88%),B:3355.2(8.19%),P:1e-10	Tpos:553.3,Tstd:300.5,Bpos:507.7,Bstd:300.2,StrandBias:-0.0,Multiplicity:1.14
0.001	0.099	0.001	0.899
0.001	0.001	0.001	0.997
0.001	0.037	0.001	0.961
0.001	0.016	0.001	0.982
0.962	0.001	0.001	0.036
0.107	0.020	0.045	0.828
0.041	0.001	0.851	0.107
0.063	0.048	0.846	0.043
0.114	0.025	0.700	0.161
0.017	0.001	0.015	0.967
>TCAATTACTC	3-TCAATTACTC	9.271545	-22.330386	0	T:44.0(13.25%),B:1823.0(4.45%),P:1e-9	Tpos:517.6,Tstd:289.1,Bpos:509.9,Bstd:307.1,StrandBias:0.5,Multiplicity:1.07
0.027	0.026	0.001	0.946
0.137	0.841	0.021	0.001
0.927	0.039	0.001	0.033
0.855	0.143	0.001	0.001
0.047	0.001	0.001	0.951
0.001	0.032	0.028	0.939
0.945	0.011	0.043	0.001
0.045	0.859	0.001	0.095
0.016	0.102	0.057	0.825
0.040	0.942	0.001	0.017
>TTTTACACCT	4-TTTTACACCT	9.511511	-22.314242	0	T:57.0(17.17%),B:2803.7(6.85%),P:1e-9	Tpos:532.2,Tstd:233.2,Bpos:521.2,Bstd:308.7,StrandBias:-0.1,Multiplicity:1.05
0.001	0.001	0.001	0.997
0.001	0.001	0.001	0.997
0.001	0.050	0.001	0.948
0.014	0.032	0.001	0.953
0.955	0.001	0.001	0.043
0.122	0.790	0.053	0.035
0.883	0.068	0.001	0.048
0.082	0.916	0.001	0.001
0.001	0.811	0.090	0.098
0.088	0.001	0.029	0.882
>CTACCTCATT	5-CTACCTCATT	9.065323	-21.771532	0	T:33.0(9.94%),B:1114.4(2.72%),P:1e-9	Tpos:526.5,Tstd:281.1,Bpos:517.9,Bstd:310.7,StrandBias:0.3,Multiplicity:1.00
0.001	0.940	0.040	0.019
0.040	0.001	0.001	0.958
0.922	0.001	0.040	0.037
0.001	0.937	0.042	0.020
0.147	0.820	0.032	0.001
0.039	0.055	0.001	0.905
0.025	0.973	0.001	0.001
0.855	0.065	0.079	0.001
0.053	0.059	0.001	0.887
0.001	0.001	0.040	0.958
>CCCCCTTCTT	6-CCCCCTTCTT	7.691919	-21.647352	0	T:35.0(10.54%),B:1247.1(3.04%),P:1e-9	Tpos:582.8,Tstd:304.3,Bpos:535.8,Bstd:325.2,StrandBias:0.5,Multiplicity:1.03
0.163	0.773	0.048	0.016
0.127	0.644	0.172	0.057
0.036	0.752	0.036	0.176
0.177	0.497	0.156	0.170
0.119	0.473	0.218	0.190
0.175	0.046	0.043	0.736
0.226	0.177	0.017	0.580
0.218	0.560	0.200	0.022
0.022	0.270	0.044	0.664
0.034	0.302	0.025	0.639
>AATAAGAGGC	7-AATAAGAGGC	9.646631	-20.510619	0	T:22.0(6.63%),B:534.8(1.31%),P:1e-8	Tpos:637.9,Tstd:258.0,Bpos:523.8,Bstd:312.9,StrandBias:-1.5,Multiplicity:1.05
0.946	0.001	0.052	0.001
0.934	0.001	0.001	0.064
0.027	0.037	0.001	0.935
0.728	0.001	0.173	0.098
0.960	0.001	0.001	0.038
0.146	0.001	0.827	0.026
0.901	0.001	0.060	0.038
0.099	0.001	0.863	0.037
0.001	0.001	0.997	0.001
0.001	0.945	0.029	0.025
>TGGACTTCTA	8-TGGACTTCTA	7.182070	-20.465421	0	T:90.0(27.11%),B:5877.7(14.35%),P:1e-8	Tpos:473.6,Tstd:286.7,Bpos:487.5,Bstd:300.6,StrandBias:-0.3,Multiplicity:1.08
0.052	0.122	0.065	0.761
0.001	0.013	0.985	0.001
0.118	0.061	0.787	0.034
0.670	0.051	0.224	0.055
0.084	0.860	0.020	0.036
0.057	0.022	0.132	0.789
0.123	0.102	0.092	0.683
0.064	0.718	0.104	0.114
0.001	0.049	0.013	0.937
0.795	0.137	0.026	0.042
>TCTAAACCAT	9-TCTAAACCAT	8.131490	-19.704453	0	T:45.0(13.55%),B:2064.8(5.04%),P:1e-8	Tpos:462.7,Tstd:274.5,Bpos:499.5,Bstd:303.3,StrandBias:0.2,Multiplicity:1.02
0.126	0.134	0.113	0.627
0.119	0.716	0.073	0.092
0.108	0.088	0.099	0.705
0.800	0.023	0.008	0.169
0.564	0.174	0.149	0.113
0.602	0.230	0.029	0.139
0.133	0.730	0.008	0.129
0.001	0.815	0.130	0.054
0.810	0.150	0.008	0.032
0.001	0.146	0.226	0.627
>CCAGACTATC	10-CCAGACTATC	9.981678	-19.100167	0	T:14.0(4.22%),B:211.7(0.52%),P:1e-8	Tpos:515.3,Tstd:309.2,Bpos:547.8,Bstd:328.1,StrandBias:1.3,Multiplicity:1.00
0.222	0.720	0.001	0.057
0.043	0.955	0.001	0.001
0.901	0.001	0.001	0.097
0.033	0.045	0.921	0.001
0.897	0.101	0.001	0.001
0.032	0.919	0.001	0.048
0.050	0.067	0.001	0.882
0.953	0.001	0.001	0.045
0.001	0.001	0.001	0.997
0.075	0.923	0.001	0.001
>CCACCTTTTT	11-CCACCTTTTT	7.983752	-18.846846	0	T:146.0(43.98%),B:11900.2(29.06%),P:1e-8	Tpos:516.9,Tstd:281.3,Bpos:518.6,Bstd:301.4,StrandBias:0.9,Multiplicity:1.28
0.042	0.791	0.087	0.080
0.131	0.709	0.123	0.037
0.770	0.035	0.091	0.104
0.048	0.704	0.106	0.142
0.019	0.713	0.083	0.185
0.178	0.065	0.010	0.747
0.060	0.082	0.024	0.834
0.001	0.038	0.017	0.944
0.046	0.001	0.001	0.952
0.030	0.047	0.077	0.846
>GAAAVTBCCA	12-GAAAVTBCCA	5.754088	-17.476125	0	T:67.0(20.18%),B:4090.5(9.99%),P:1e-7	Tpos:493.1,Tstd:258.4,Bpos:503.5,Bstd:291.6,StrandBias:0.1,Multiplicity:1.09
0.056	0.103	0.514	0.327
0.577	0.105	0.314	0.004
0.619	0.345	0.004	0.032
0.547	0.307	0.104	0.042
0.219	0.244	0.366	0.171
0.205	0.037	0.270	0.488
0.208	0.213	0.217	0.362
0.052	0.495	0.172	0.281
0.071	0.518	0.295	0.116
0.476	0.278	0.004	0.242
>TCGTGATTTG	13-TCGTGATTTG	10.941374	-17.176085	0	T:29.0(8.73%),B:1081.0(2.64%),P:1e-7	Tpos:602.7,Tstd:292.0,Bpos:506.8,Bstd:294.3,StrandBias:0.2,Multiplicity:1.03
0.001	0.001	0.001	0.997
0.001	0.849	0.001	0.149
0.001	0.037	0.831	0.131
0.001	0.001	0.001	0.997
0.001	0.001	0.997	0.001
0.997	0.001	0.001	0.001
0.144	0.001	0.001	0.854
0.001	0.001	0.001	0.997
0.001	0.001	0.001	0.997
0.001	0.091	0.622	0.286
>CACTTAGATG	14-CACTTAGATG	9.983221	-17.171273	0	T:10.0(3.01%),B:105.2(0.26%),P:1e-7	Tpos:634.0,Tstd:257.6,Bpos:528.7,Bstd:308.4,StrandBias:0.0,Multiplicity:1.00
0.001	0.997	0.001	0.001
0.692	0.306	0.001	0.001
0.001	0.997	0.001	0.001
0.001	0.257	0.001	0.741
0.033	0.001	0.092	0.874
0.997	0.001	0.001	0.001
0.001	0.001	0.997	0.001
0.997	0.001	0.001	0.001
0.001	0.080	0.306	0.613
0.001	0.001	0.997	0.001
>TTCTGTTTGC	15-TTCTGTTTGC	9.388800	-17.163127	0	T:44.0(13.25%),B:2173.4(5.31%),P:1e-7	Tpos:508.2,Tstd:270.2,Bpos:525.1,Bstd:301.0,StrandBias:1.2,Multiplicity:1.07
0.001	0.001	0.073	0.925
0.001	0.001	0.001	0.997
0.001	0.729	0.035	0.235
0.001	0.001	0.089	0.909
0.001	0.037	0.930	0.032
0.001	0.080	0.066	0.853
0.070	0.001	0.001	0.928
0.077	0.001	0.001	0.921
0.001	0.001	0.997	0.001
0.001	0.802	0.196	0.001
>AGATGATCTA	16-AGATGATCTA	9.529691	-16.621734	0	T:23.0(6.93%),B:728.4(1.78%),P:1e-7	Tpos:489.6,Tstd:321.7,Bpos:514.5,Bstd:308.2,StrandBias:0.1,Multiplicity:1.00
0.912	0.064	0.001	0.023
0.001	0.048	0.918	0.033
0.917	0.001	0.001	0.081
0.001	0.001	0.001	0.997
0.037	0.120	0.736	0.107
0.955	0.043	0.001	0.001
0.030	0.001	0.001	0.968
0.028	0.970	0.001	0.001
0.016	0.048	0.001	0.935
0.773	0.180	0.046	0.001
>CCGTTGGGAA	17-CCGTTGGGAA	11.012907	-16.424078	0	T:9.0(2.71%),B:85.0(0.21%),P:1e-7	Tpos:626.4,Tstd:296.3,Bpos:510.3,Bstd:323.2,StrandBias:0.3,Multiplicity:1.00
0.001	0.997	0.001	0.001
0.001	0.997	0.001	0.001
0.001	0.001	0.997	0.001
0.001	0.001	0.093	0.905
0.001	0.001	0.001	0.997
0.001	0.001	0.997	0.001
0.001	0.001	0.997	0.001
0.001	0.001	0.889	0.109
0.804	0.194	0.001	0.001
0.886	0.001	0.112	0.001
>AAGGMGGAGM	18-AAGGMGGAGM	7.730564	-15.408281	0	T:64.0(19.28%),B:4050.0(9.89%),P:1e-6	Tpos:609.3,Tstd:293.1,Bpos:543.8,Bstd:317.5,StrandBias:-1.4,Multiplicity:1.19
0.853	0.107	0.039	0.001
0.613	0.145	0.241	0.001
0.001	0.001	0.777	0.221
0.001	0.001	0.997	0.001
0.364	0.358	0.083	0.196
0.177	0.001	0.821	0.001
0.001	0.001	0.997	0.001
0.577	0.001	0.211	0.211
0.073	0.081	0.577	0.269
0.348	0.461	0.001	0.190
>TTTCAGACAA	19-TTTCAGACAA	10.644113	-15.236932	0	T:36.0(10.84%),B:1699.6(4.15%),P:1e-6	Tpos:587.0,Tstd:275.3,Bpos:513.4,Bstd:324.2,StrandBias:0.4,Multiplicity:1.11
0.001	0.001	0.001	0.997
0.001	0.132	0.001	0.866
0.001	0.001	0.119	0.879
0.001	0.997	0.001	0.001
0.936	0.001	0.062	0.001
0.001	0.001	0.997	0.001
0.997	0.001	0.001	0.001
0.001	0.997	0.001	0.001
0.997	0.001	0.001	0.001
0.863	0.001	0.001	0.135
>GCGTTGAGCT	20-GCGTTGAGCT	8.337985	-14.573216	0	T:18.0(5.42%),B:520.0(1.27%),P:1e-6	Tpos:578.6,Tstd:302.3,Bpos:484.2,Bstd:297.6,StrandBias:0.8,Multiplicity:1.06
0.260	0.039	0.556	0.145
0.286	0.465	0.211	0.038
0.303	0.009	0.640	0.048
0.038	0.039	0.027	0.896
0.259	0.220	0.009	0.512
0.027	0.044	0.736	0.193
0.713	0.001	0.262	0.024
0.248	0.149	0.597	0.006
0.026	0.663	0.096	0.215
0.057	0.033	0.031	0.879
>CCCGAAGGGG	21-CCCGAAGGGG	13.681457	-14.478636	0	T:3.0(0.90%),B:0.9(0.00%),P:1e-6	Tpos:589.7,Tstd:273.1,Bpos:382.0,Bstd:0.0,StrandBias:-10.0,Multiplicity:1.00
0.001	0.997	0.001	0.001
0.001	0.997	0.001	0.001
0.001	0.997	0.001	0.001
0.001	0.001	0.997	0.001
0.944	0.001	0.001	0.054
0.905	0.093	0.001	0.001
0.001	0.001	0.997	0.001
0.001	0.001	0.997	0.001
0.001	0.001	0.997	0.001
0.001	0.001	0.997	0.001
>TTTRGTATAC	22-TTTRGTATAC	11.040235	-12.905977	0	T:15.0(4.52%),B:413.1(1.01%),P:1e-5	Tpos:527.6,Tstd:322.0,Bpos:464.3,Bstd:302.3,StrandBias:2.1,Multiplicity:1.07
0.001	0.001	0.001	0.997
0.001	0.001	0.001	0.997
0.001	0.001	0.001	0.997
0.387	0.102	0.510	0.001
0.001	0.001	0.997	0.001
0.001	0.001	0.194	0.804
0.997	0.001	0.001	0.001
0.022	0.001	0.001	0.976
0.826	0.172	0.001	0.001
0.001	0.997	0.001	0.001
>GTTACACGAA	23-GTTACACGAA	10.390834	-11.348404	0	T:8.0(2.41%),B:123.1(0.30%),P:1e-4	Tpos:202.4,Tstd:240.5,Bpos:461.0,Bstd:238.7,StrandBias:2.9,Multiplicity:3.12
0.069	0.162	0.768	0.001
0.094	0.252	0.151	0.503
0.001	0.001	0.001	0.997
0.753	0.134	0.078	0.035
0.001	0.997	0.001	0.001
0.935	0.001	0.001	0.063
0.001	0.930	0.068	0.001
0.181	0.001	0.817	0.001
0.617	0.001	0.381	0.001
0.658	0.001	0.245	0.096
>TATGTGTGTG	24-TATGTGTGTG	10.069208	-7.207684	0	T:31.0(9.34%),B:2043.6(4.99%),P:1e-3	Tpos:656.6,Tstd:271.2,Bpos:528.8,Bstd:328.3,StrandBias:-0.9,Multiplicity:1.10
0.001	0.001	0.098	0.900
0.744	0.082	0.117	0.057
0.001	0.001	0.001	0.997
0.001	0.322	0.676	0.001
0.001	0.001	0.001	0.997
0.001	0.001	0.997	0.001
0.001	0.001	0.001	0.997
0.001	0.001	0.997	0.001
0.001	0.001	0.001	0.997
0.322	0.001	0.676	0.001
>AACCTGACTG	25-AACCTGACTG	6.404373	-2.870974	0	T:143.0(43.07%),B:15832.3(38.66%),P:1e-1	Tpos:493.7,Tstd:274.9,Bpos:502.2,Bstd:302.9,StrandBias:-0.2,Multiplicity:1.32
0.700	0.100	0.100	0.100
0.700	0.100	0.100	0.100
0.100	0.700	0.100	0.100
0.100	0.700	0.100	0.100
0.100	0.100	0.100	0.700
0.100	0.100	0.700	0.100
0.700	0.100	0.100	0.100
0.100	0.700	0.100	0.100
0.100	0.100	0.100	0.700
0.100	0.100	0.700	0.100
>CCGGTTTTTGAC	1-CCGGTTTTTGAC	9.471523	-27.634678	0	T:48.0(14.46%),B:1804.8(4.41%),P:1e-12	Tpos:531.2,Tstd:305.0,Bpos:493.4,Bstd:297.5,StrandBias:0.4,Multiplicity:1.10
0.039	0.838	0.001	0.122
0.080	0.844	0.019	0.057
0.121	0.001	0.804	0.074
0.169	0.100	0.622	0.109
0.116	0.001	0.025	0.858
0.001	0.001	0.001	0.997
0.001	0.069	0.038	0.892
0.001	0.044	0.034	0.921
0.082	0.054	0.038	0.826
0.062	0.062	0.839	0.037
0.751	0.101	0.136	0.012
0.042	0.814	0.079	0.065
>AAACTTGTCTGA	2-AAACTTGTCTGA	12.763410	-26.933105	0	T:13.0(3.92%),B:88.9(0.22%),P:1e-11	Tpos:542.8,Tstd:200.9,Bpos:453.6,Bstd:313.3,StrandBias:-0.7,Multiplicity:1.00
0.997	0.001	0.001	0.001
0.997	0.001	0.001	0.001
0.878	0.120	0.001	0.001
0.051	0.947	0.001	0.001
0.057	0.001	0.001	0.941
0.001	0.001	0.001	0.997
0.001	0.001	0.973	0.025
0.001	0.001	0.108	0.890
0.331	0.667	0.001	0.001
0.001	0.108	0.001	0.890
0.001	0.001	0.921	0.077
0.936	0.001	0.001	0.062
>TATCAGTCGAGT	3-TATCAGTCGAGT	10.229950	-25.231153	0	T:19.0(5.72%),B:290.8(0.71%),P:1e-10	Tpos:495.2,Tstd:259.2,Bpos:466.9,Bstd:294.2,StrandBias:-0.2,Multiplicity:1.00
0.001	0.071	0.001	0.927
0.906	0.001	0.071	0.022
0.036	0.001	0.051	0.912
0.112	0.762	0.003	0.123
0.881	0.001	0.071	0.047
0.001	0.114	0.832	0.053
0.001	0.001	0.071	0.927
0.038	0.837	0.061	0.064
0.030	0.153	0.617	0.200
0.948	0.001	0.001	0.050
0.072	0.143	0.686	0.099
0.106	0.116	0.001	0.777
>CCATCCCAGAAR	4-CCATCCCAGAAR	10.556443	-23.875161	0	T:16.0(4.82%),B:205.9(0.50%),P:1e-10	Tpos:580.4,Tstd:256.0,Bpos:521.4,Bstd:306.2,StrandBias:0.4,Multiplicity:1.00
0.001	0.836	0.162	0.001
0.046	0.952	0.001	0.001
0.997	0.001	0.001	0.001
0.353	0.001	0.001	0.645
0.001	0.997	0.001	0.001
0.001	0.997	0.001	0.001
0.027	0.604	0.001	0.368
0.997	0.001	0.001	0.001
0.128	0.244	0.439	0.189
0.971	0.027	0.001	0.001
0.997	0.001	0.001	0.001
0.511	0.001	0.487	0.001
>GAGAAAAGTTTA	5-GAGAAAAGTTTA	10.574163	-23.835173	0	T:29.0(8.73%),B:796.1(1.94%),P:1e-10	Tpos:448.7,Tstd:248.8,Bpos:505.9,Bstd:304.0,StrandBias:-1.0,Multiplicity:1.03
0.198	0.120	0.551	0.131
0.749	0.014	0.197	0.040
0.265	0.001	0.543	0.191
0.604	0.016	0.225	0.155
0.902	0.042	0.043	0.013
0.941	0.017	0.006	0.036
0.728	0.219	0.017	0.036
0.126	0.026	0.693	0.155
0.270	0.031	0.013	0.686
0.190	0.013	0.191	0.606
0.018	0.047	0.199	0.736
0.723	0.038	0.211	0.028
>CTTGCCGCCCAA	6-CTTGCCGCCCAA	13.952046	-23.081076	0	T:7.0(2.11%),B:12.7(0.03%),P:1e-10	Tpos:627.9,Tstd:258.5,Bpos:559.9,Bstd:329.0,StrandBias:-0.4,Multiplicity:1.00
0.001	0.997	0.001	0.001
0.001	0.001	0.001	0.997
0.001	0.202	0.236	0.561
0.001	0.157	0.841	0.001
0.001	0.997	0.001	0.001
0.201	0.797	0.001	0.001
0.001	0.001	0.997	0.001
0.001	0.997	0.001	0.001
0.001	0.997	0.001	0.001
0.001	0.997	0.001	0.001
0.997	0.001	0.001	0.001
0.997	0.001	0.001	0.001
>TCATCTGATATA	7-TCATCTGATATA	13.241864	-23.008162	0	T:10.0(3.01%),B:54.1(0.13%),P:1e-9	Tpos:318.5,Tstd:277.3,Bpos:557.0,Bstd:299.0,StrandBias:0.6,Multiplicity:1.00
0.143	0.001	0.001	0.855
0.001	0.997	0.001	0.001
0.887	0.001	0.001	0.111
0.001	0.001	0.100	0.898
0.001	0.919	0.001	0.079
0.082	0.001	0.001	0.916
0.001	0.001	0.997	0.001
0.997	0.001	0.001	0.001
0.044	0.001	0.001	0.954
0.887	0.001	0.111	0.001
0.100	0.001	0.001	0.898
0.869	0.001	0.129	0.001
>TGATGGTTTAGA	8-TGATGGTTTAGA	13.009008	-22.848209	0	T:10.0(3.01%),B:55.9(0.14%),P:1e-9	Tpos:488.9,Tstd:277.9,Bpos:562.9,Bstd:316.7,StrandBias:-2.0,Multiplicity:1.00
0.001	0.001	0.001	0.997
0.001	0.001	0.997	0.001
0.997	0.001	0.001	0.001
0.001	0.001	0.001	0.997
0.085	0.001	0.913	0.001
0.001	0.001	0.946	0.052
0.097	0.001	0.169	0.733
0.145	0.107	0.001	0.747
0.001	0.001	0.001	0.997
0.932	0.001	0.001	0.066
0.001	0.001	0.868	0.130
0.997	0.001	0.001	0.001
>AAAGAATTAGAG	9-AAAGAATTAGAG	12.836835	-22.617588	0	T:15.0(4.52%),B:190.3(0.46%),P:1e-9	Tpos:613.6,Tstd:326.8,Bpos:521.1,Bstd:328.2,StrandBias:-1.0,Multiplicity:1.00
0.997	0.001	0.001	0.001
0.976	0.001	0.022	0.001
0.997	0.001	0.001	0.001
0.175	0.001	0.823	0.001
0.997	0.001	0.001	0.001
0.860	0.138	0.001	0.001
0.034	0.001	0.097	0.868
0.063	0.001	0.001	0.935
0.754	0.097	0.001	0.148
0.059	0.001	0.939	0.001
0.909	0.001	0.001	0.089
0.001	0.001	0.997	0.001
>CCGTTGGGAAAT	10-CCGTTGGGAAAT	14.645299	-22.360960	0	T:5.0(1.51%),B:1.8(0.00%),P:1e-9	Tpos:883.6,Tstd:65.7,Bpos:409.0,Bstd:222.4,StrandBias:0.6,Multiplicity:1.00
0.001	0.997	0.001	0.001
0.001	0.997	0.001	0.001
0.001	0.001	0.997	0.001
0.001	0.001	0.001	0.997
0.001	0.001	0.001	0.997
0.001	0.001	0.997	0.001
0.001	0.001	0.997	0.001
0.001	0.001	0.997	0.001
0.782	0.216	0.001	0.001
0.997	0.001	0.001	0.001
0.997	0.001	0.001	0.001
0.130	0.217	0.001	0.652
>TCTTTTTCGTTC	11-TCTTTTTCGTTC	11.371840	-22.295875	0	T:25.0(7.53%),B:633.7(1.55%),P:1e-9	Tpos:534.5,Tstd:246.2,Bpos:564.6,Bstd:307.9,StrandBias:0.4,Multiplicity:1.04
0.034	0.178	0.209	0.579
0.032	0.673	0.262	0.033
0.085	0.029	0.102	0.784
0.039	0.024	0.020	0.917
0.045	0.030	0.035	0.890
0.036	0.174	0.045	0.745
0.038	0.015	0.010	0.937
0.025	0.623	0.040	0.312
0.243	0.047	0.665	0.045
0.196	0.043	0.042	0.719
0.037	0.039	0.034	0.890
0.001	0.502	0.224	0.273
>ATACAAATATGT	12-ATACAAATATGT	11.441199	-21.762628	0	T:21.0(6.33%),B:450.3(1.10%),P:1e-9	Tpos:507.2,Tstd:269.8,Bpos:487.8,Bstd:306.8,StrandBias:-0.1,Multiplicity:1.10
0.886	0.001	0.112	0.001
0.001	0.095	0.001	0.903
0.832	0.001	0.109	0.058
0.001	0.924	0.001	0.074
0.997	0.001	0.001	0.001
0.944	0.001	0.001	0.054
0.997	0.001	0.001	0.001
0.028	0.001	0.001	0.970
0.997	0.001	0.001	0.001
0.093	0.001	0.143	0.763
0.062	0.082	0.789	0.067
0.001	0.001	0.001	0.997
>TTTTCACTTTCT	13-TTTTCACTTTCT	11.122782	-21.223213	0	T:60.0(18.07%),B:3132.2(7.65%),P:1e-9	Tpos:467.2,Tstd:271.0,Bpos:524.9,Bstd:304.3,StrandBias:1.2,Multiplicity:1.07
0.079	0.069	0.015	0.837
0.001	0.043	0.030	0.926
0.024	0.172	0.075	0.729
0.001	0.001	0.001	0.997
0.001	0.734	0.001	0.264
0.890	0.064	0.045	0.001
0.322	0.555	0.012	0.111
0.079	0.001	0.023	0.897
0.048	0.076	0.143	0.733
0.049	0.034	0.001	0.916
0.001	0.997	0.001	0.001
0.015	0.001	0.118	0.866
>CAAATTCTCATT	14-CAAATTCTCATT	9.453622	-20.784503	0	T:63.0(18.98%),B:3419.8(8.35%),P:1e-9	Tpos:451.0,Tstd:280.7,Bpos:503.2,Bstd:297.8,StrandBias:0.5,Multiplicity:1.13
0.027	0.818	0.054	0.101
0.801	0.055	0.089	0.055
0.903	0.040	0.047	0.010
0.893	0.011	0.016	0.080
0.025	0.035	0.039	0.901
0.036	0.090	0.027	0.847
0.053	0.820	0.096	0.031
0.132	0.047	0.091	0.730
0.020	0.883	0.062	0.035
0.790	0.065	0.061	0.084
0.126	0.034	0.088	0.752
0.048	0.064	0.020	0.868
>TGAATTGTTATC	15-TGAATTGTTATC	10.970767	-20.407123	0	T:24.0(7.23%),B:642.9(1.57%),P:1e-8	Tpos:585.2,Tstd:254.7,Bpos:511.8,Bstd:300.0,StrandBias:0.1,Multiplicity:1.04
0.086	0.092	0.001	0.821
0.056	0.001	0.896	0.047
0.917	0.001	0.081	0.001
0.610	0.001	0.001	0.388
0.001	0.001	0.001	0.997
0.001	0.203	0.001	0.795
0.066	0.291	0.601	0.042
0.001	0.001	0.001	0.997
0.098	0.003	0.190	0.709
0.907	0.066	0.001	0.026
0.001	0.001	0.001	0.997
0.001	0.965	0.001	0.033
>CAACAGGCGTGA	16-CAACAGGCGTGA	11.666909	-20.122485	0	T:8.0(2.41%),B:35.4(0.09%),P:1e-8	Tpos:545.6,Tstd:248.0,Bpos:491.1,Bstd:308.1,StrandBias:0.7,Multiplicity:1.00
0.008	0.990	0.001	0.001
0.997	0.001	0.001	0.001
0.675	0.001	0.323	0.001
0.001	0.869	0.001	0.129
0.997	0.001	0.001	0.001
0.001	0.001	0.997	0.001
0.001	0.194	0.675	0.130
0.194	0.682	0.001	0.123
0.001	0.130	0.746	0.123
0.001	0.193	0.001	0.805
0.193	0.001	0.805	0.001
0.796	0.001	0.009	0.194
>ACTTTTCAGACA	17-ACTTTTCAGACA	12.437738	-19.793499	0	T:21.0(6.33%),B:505.2(1.23%),P:1e-8	Tpos:619.5,Tstd:324.8,Bpos:504.4,Bstd:327.7,StrandBias:0.5,Multiplicity:1.05
0.922	0.001	0.076	0.001
0.061	0.889	0.001	0.049
0.065	0.001	0.001	0.933
0.001	0.001	0.001	0.997
0.001	0.095	0.001	0.903
0.001	0.099	0.001	0.899
0.056	0.942	0.001	0.001
0.903	0.001	0.095	0.001
0.001	0.065	0.933	0.001
0.849	0.085	0.065	0.001
0.001	0.959	0.001	0.039
0.924	0.001	0.074	0.001
>AATAGGCACCGC	18-AATAGGCACCGC	12.502904	-18.297718	0	T:7.0(2.11%),B:28.4(0.07%),P:1e-7	Tpos:382.1,Tstd:181.1,Bpos:540.7,Bstd:319.4,StrandBias:-0.4,Multiplicity:1.00
0.997	0.001	0.001	0.001
0.986	0.001	0.009	0.004
0.415	0.001	0.001	0.583
0.989	0.009	0.001	0.001
0.001	0.413	0.585	0.001
0.001	0.009	0.989	0.001
0.193	0.539	0.249	0.019
0.987	0.001	0.008	0.004
0.001	0.842	0.156	0.001
0.001	0.997	0.001	0.001
0.211	0.221	0.431	0.137
0.001	0.997	0.001	0.001
>TCTATTTATCGG	19-TCTATTTATCGG	12.142406	-17.549349	0	T:13.0(3.92%),B:201.1(0.49%),P:1e-7	Tpos:464.5,Tstd:373.7,Bpos:516.5,Bstd:279.6,StrandBias:0.7,Multiplicity:1.38
0.006	0.193	0.001	0.800
0.097	0.803	0.099	0.001
0.001	0.001	0.001	0.997
0.836	0.162	0.001	0.001
0.001	0.001	0.001	0.997
0.001	0.001	0.001	0.997
0.001	0.001	0.001	0.997
0.781	0.001	0.001	0.217
0.001	0.147	0.001	0.851
0.001	0.623	0.001	0.375
0.001	0.131	0.867	0.001
0.122	0.001	0.876	0.001
>CATGACACTTWG	20-CATGACACTTWG	10.977924	-16.574155	0	T:14.0(4.22%),B:261.2(0.64%),P:1e-7	Tpos:386.4,Tstd:296.2,Bpos:525.6,Bstd:297.7,StrandBias:0.0,Multiplicity:1.00
0.308	0.687	0.004	0.001
0.860	0.138	0.001	0.001
0.085	0.001	0.001	0.913
0.088	0.165	0.746	0.001
0.993	0.004	0.001	0.002
0.061	0.819	0.001	0.119
0.689	0.123	0.001	0.187
0.291	0.664	0.001	0.044
0.081	0.001	0.001	0.917
0.001	0.001	0.207	0.791
0.503	0.001	0.001	0.495
0.080	0.001	0.858	0.061
>ATCTACAGAACG	21-ATCTACAGAACG	13.627360	-16.204905	0	T:5.0(1.51%),B:10.8(0.03%),P:1e-7	Tpos:490.8,Tstd:254.5,Bpos:406.8,Bstd:237.0,StrandBias:-10.0,Multiplicity:1.20
0.852	0.001	0.001	0.146
0.001	0.001	0.001	0.997
0.001	0.828	0.001	0.170
0.001	0.001	0.001	0.997
0.828	0.170	0.001	0.001
0.001	0.997	0.001	0.001
0.997	0.001	0.001	0.001
0.113	0.001	0.885	0.001
0.997	0.001	0.001	0.001
0.997	0.001	0.001	0.001
0.001	0.828	0.170	0.001
0.001	0.001	0.920	0.078
>TCACGACAAAAT	22-TCACGACAAAAT	9.648526	-13.872823	0	T:34.0(10.24%),B:1647.6(4.02%),P:1e-6	Tpos:541.0,Tstd:276.4,Bpos:505.1,Bstd:295.4,StrandBias:0.4,Multiplicity:1.09
0.158	0.001	0.001	0.840
0.065	0.662	0.134	0.139
0.957	0.041	0.001	0.001
0.001	0.803	0.195	0.001
0.030	0.001	0.866	0.103
0.777	0.049	0.031	0.143
0.001	0.777	0.045	0.177
0.961	0.001	0.037	0.001
0.862	0.136	0.001	0.001
0.790	0.053	0.041	0.116
0.915	0.052	0.001	0.032
0.130	0.001	0.057	0.812
>TGTGTGTGTGTT	23-TGTGTGTGTGTT	12.292241	-12.190965	0	T:22.0(6.63%),B:881.3(2.15%),P:1e-5	Tpos:628.1,Tstd:292.9,Bpos:534.5,Bstd:326.4,StrandBias:-0.7,Multiplicity:1.05
0.001	0.001	0.001	0.997
0.001	0.121	0.742	0.136
0.001	0.001	0.001	0.997
0.001	0.001	0.936	0.062
0.056	0.001	0.001	0.942
0.001	0.001	0.997	0.001
0.079	0.076	0.001	0.844
0.001	0.001	0.997	0.001
0.001	0.001	0.001	0.997
0.035	0.001	0.866	0.098
0.001	0.001	0.103	0.895
0.012	0.001	0.189	0.798
>TGTTACACGAAA	24-TGTTACACGAAA	16.459438	-11.953865	0	T:5.0(1.51%),B:29.0(0.07%),P:1e-5	Tpos:134.4,Tstd:152.3,Bpos:431.5,Bstd:190.8,StrandBias:3.2,Multiplicity:4.20
0.001	0.001	0.096	0.902
0.001	0.001	0.997	0.001
0.001	0.001	0.001	0.997
0.001	0.001	0.001	0.997
0.997	0.001	0.001	0.001
0.001	0.997	0.001	0.001
0.997	0.001	0.001	0.001
0.001	0.997	0.001	0.001
0.040	0.001	0.958	0.001
0.997	0.001	0.001	0.001
0.997	0.001	0.001	0.001
0.997	0.001	0.001	0.001
>GCAGTCAGGTTA	25-GCAGTCAGGTTA	13.816963	-7.362858	0	T:2.0(0.60%),B:3.0(0.01%),P:1e-3	Tpos:496.1,Tstd:69.1,Bpos:627.1,Bstd:259.1,StrandBias:10.0,Multiplicity:7.00
0.001	0.001	0.997	0.001
0.001	0.997	0.001	0.001
0.997	0.001	0.001	0.001
0.001	0.001	0.997	0.001
0.001	0.001	0.001	0.997
0.066	0.932	0.001	0.001
0.997	0.001	0.001	0.001
0.001	0.001	0.932	0.066
0.001	0.001	0.997	0.001
0.001	0.001	0.001	0.997
0.001	0.001	0.001	0.997
0.997	0.001	0.001	0.001
>TACCGCCC	1-TACCGCCC	7.358549	-18.690202	0	T:45.0(13.55%),B:2136.9(5.22%),P:1e-8	Tpos:614.6,Tstd:299.7,Bpos:521.6,Bstd:317.1,StrandBias:0.4,Multiplicity:1.09
0.001	0.102	0.146	0.751
0.912	0.001	0.086	0.001
0.001	0.997	0.001	0.001
0.001	0.971	0.027	0.001
0.137	0.001	0.734	0.128
0.001	0.914	0.058	0.027
0.001	0.851	0.001	0.147
0.001	0.997	0.001	0.001
>GGGCGGAG	2-GGGCGGAG	7.984598	-18.074650	0	T:81.0(24.40%),B:5312.0(12.97%),P:1e-7	Tpos:618.4,Tstd:278.7,Bpos:566.6,Bstd:309.5,StrandBias:-1.1,Multiplicity:1.27
0.144	0.097	0.758	0.001
0.001	0.001	0.997	0.001
0.001	0.001	0.997	0.001
0.185	0.699	0.001	0.115
0.001	0.001	0.997	0.001
0.044	0.001	0.943	0.012
0.709	0.106	0.114	0.071
0.001	0.001	0.997	0.001
>GGCGGGAA	3-GGCGGGAA	8.236954	-16.196278	0	T:25.0(7.53%),B:870.1(2.12%),P:1e-7	Tpos:559.4,Tstd:281.5,Bpos:522.7,Bstd:308.5,StrandBias:-0.7,Multiplicity:1.04
0.100	0.100	0.700	0.100
0.100	0.100	0.700	0.100
0.100	0.700	0.100	0.100
0.100	0.100	0.700	0.100
0.100	0.100	0.700	0.100
0.100	0.100	0.700	0.100
0.700	0.100	0.100	0.100
0.700	0.100	0.100	0.100
>TCAGACAA	4-TCAGACAA	9.057031	-14.236865	0	T:72.0(21.69%),B:4943.8(12.07%),P:1e-6	Tpos:540.8,Tstd:302.4,Bpos:512.1,Bstd:309.8,StrandBias:0.8,Multiplicity:1.10
0.001	0.001	0.001	0.997
0.001	0.997	0.001	0.001
0.997	0.001	0.001	0.001
0.001	0.001	0.997	0.001
0.753	0.245	0.001	0.001
0.001	0.997	0.001	0.001
0.997	0.001	0.001	0.001
0.821	0.001	0.001	0.177
>YCGTGATT	5-YCGTGATT	8.074357	-13.356088	0	T:49.0(14.76%),B:2935.2(7.17%),P:1e-5	Tpos:549.1,Tstd:296.1,Bpos:507.4,Bstd:304.9,StrandBias:0.0,Multiplicity:1.10
0.001	0.562	0.001	0.436
0.070	0.928	0.001	0.001
0.001	0.001	0.997	0.001
0.001	0.001	0.001	0.997
0.001	0.001	0.997	0.001
0.838	0.160	0.001	0.001
0.001	0.154	0.001	0.844
0.001	0.001	0.296	0.702
>CWGTCASG	6-CWGTCASG	5.499380	-11.426156	0	T:153.0(46.08%),B:14166.0(34.59%),P:1e-4	Tpos:530.9,Tstd:283.6,Bpos:508.4,Bstd:307.1,StrandBias:0.1,Multiplicity:1.39
0.126	0.528	0.345	0.001
0.414	0.017	0.043	0.526
0.103	0.012	0.811	0.074
0.079	0.073	0.001	0.847
0.095	0.699	0.077	0.129
0.712	0.127	0.087	0.074
0.001	0.360	0.420	0.218
0.001	0.001	0.991	0.007
>AAAAATAG	7-AAAAATAG	9.103503	-10.008395	0	T:141.0(42.47%),B:13117.8(32.03%),P:1e-4	Tpos:491.3,Tstd:293.4,Bpos:518.4,Bstd:302.5,StrandBias:-0.4,Multiplicity:1.48
0.997	0.001	0.001	0.001
0.731	0.001	0.267	0.001
0.807	0.001	0.191	0.001
0.997	0.001	0.001	0.001
0.997	0.001	0.001	0.001
0.001	0.001	0.001	0.997
0.997	0.001	0.001	0.001
0.001	0.001	0.997	0.001
>CAGACTAT	8-CAGACTAT	8.236954	-9.384141	0	T:17.0(5.12%),B:700.5(1.71%),P:1e-4	Tpos:525.7,Tstd:254.4,Bpos:519.6,Bstd:304.5,StrandBias:2.2,Multiplicity:1.06
0.100	0.700	0.100	0.100
0.700	0.100	0.100	0.100
0.100	0.100	0.700	0.100
0.700	0.100	0.100	0.100
0.100	0.700	0.100	0.100
0.100	0.100	0.100	0.700
0.700	0.100	0.100	0.100
0.100	0.100	0.100	0.700
>AACATATG	9-AACATATG	8.236954	-8.583886	0	T:28.0(8.43%),B:1622.9(3.96%),P:1e-3	Tpos:520.8,Tstd:267.7,Bpos:516.1,Bstd:301.6,StrandBias:-0.1,Multiplicity:1.11
0.700	0.100	0.100	0.100
0.700	0.100	0.100	0.100
0.100	0.700	0.100	0.100
0.700	0.100	0.100	0.100
0.100	0.100	0.100	0.700
0.700	0.100	0.100	0.100
0.100	0.100	0.100	0.700
0.100	0.100	0.700	0.100
>GTTACACG	10-GTTACACG	8.236954	-5.899325	0	T:9.0(2.71%),B:351.6(0.86%),P:1e-2	Tpos:184.3,Tstd:224.7,Bpos:467.7,Bstd:269.2,StrandBias:2.1,Multiplicity:2.89
0.100	0.100	0.700	0.100
0.100	0.100	0.100	0.700
0.100	0.100	0.100	0.700
0.700	0.100	0.100	0.100
0.100	0.700	0.100	0.100
0.700	0.100	0.100	0.100
0.100	0.700	0.100	0.100
0.100	0.100	0.700	0.100
