>TTCRGTGACCTA	6-TAGGTCACYGAA	8.450565	-17.459418	0	T:21.0(21.21%),B:2065.0(5.10%),P:1e-7
0.001	0.045	0.066	0.888
0.001	0.128	0.001	0.870
0.001	0.895	0.059	0.045
0.535	0.001	0.454	0.010
0.001	0.041	0.890	0.068
0.164	0.054	0.001	0.781
0.209	0.133	0.657	0.001
0.562	0.001	0.319	0.118
0.033	0.867	0.004	0.096
0.001	0.776	0.001	0.222
0.212	0.062	0.059	0.667
0.825	0.001	0.061	0.113
