>ACTACAATCTAC	22-ACTACAATCTAC	9.713865	-5.274378	0	T:5.0(5.88%),B:502.7(1.29%),P:1e-2
0.852	0.058	0.001	0.089
0.074	0.821	0.058	0.047
0.056	0.001	0.056	0.887
0.697	0.114	0.075	0.114
0.225	0.433	0.227	0.115
0.715	0.057	0.114	0.114
0.731	0.103	0.130	0.036
0.119	0.227	0.213	0.441
0.090	0.597	0.227	0.086
0.090	0.170	0.170	0.570
0.674	0.057	0.114	0.155
0.060	0.589	0.209	0.142
