>TTATTATCAGTT	1-TTATTATCAGTT	11.796824	-27.061201	0	T:21.0(20.19%),B:1122.3(2.82%),P:1e-11	Tpos:596.4,Tstd:326.1,Bpos:554.6,Bstd:308.0,StrandBias:0.9,Multiplicity:1.10
0.097	0.144	0.001	0.758
0.001	0.001	0.001	0.997
0.599	0.288	0.001	0.112
0.001	0.001	0.001	0.997
0.001	0.001	0.001	0.997
0.997	0.001	0.001	0.001
0.001	0.001	0.001	0.997
0.001	0.997	0.001	0.001
0.997	0.001	0.001	0.001
0.059	0.001	0.866	0.074
0.001	0.136	0.001	0.862
0.001	0.001	0.001	0.997
>AGACAGTCATAG	2-AGACAGTCATAG	10.088413	-25.827430	0	T:15.0(14.42%),B:499.9(1.26%),P:1e-11	Tpos:535.4,Tstd:259.8,Bpos:542.8,Bstd:295.6,StrandBias:-0.2,Multiplicity:1.00
0.997	0.001	0.001	0.001
0.087	0.101	0.811	0.001
0.997	0.001	0.001	0.001
0.180	0.726	0.001	0.093
0.997	0.001	0.001	0.001
0.001	0.194	0.731	0.074
0.134	0.088	0.101	0.677
0.170	0.757	0.068	0.005
0.797	0.101	0.101	0.001
0.001	0.113	0.001	0.885
0.797	0.101	0.001	0.101
0.161	0.001	0.837	0.001
>CAGTTCATCTTT	3-CAGTTCATCTTT	13.431073	-25.158457	0	T:8.0(7.69%),B:61.4(0.15%),P:1e-10	Tpos:410.1,Tstd:199.2,Bpos:529.6,Bstd:342.5,StrandBias:0.7,Multiplicity:1.00
0.117	0.881	0.001	0.001
0.997	0.001	0.001	0.001
0.001	0.001	0.997	0.001
0.001	0.001	0.001	0.997
0.140	0.001	0.001	0.858
0.001	0.899	0.001	0.099
0.997	0.001	0.001	0.001
0.073	0.001	0.170	0.756
0.001	0.997	0.001	0.001
0.001	0.169	0.001	0.829
0.001	0.001	0.001	0.997
0.001	0.117	0.001	0.881
>ATAATTTTAGCT	4-ATAATTTTAGCT	12.785259	-24.436313	0	T:12.0(11.54%),B:288.8(0.73%),P:1e-10	Tpos:477.9,Tstd:299.8,Bpos:448.1,Bstd:302.1,StrandBias:0.5,Multiplicity:1.00
0.759	0.118	0.122	0.001
0.001	0.001	0.001	0.997
0.997	0.001	0.001	0.001
0.921	0.001	0.001	0.077
0.001	0.001	0.001	0.997
0.001	0.187	0.001	0.811
0.001	0.001	0.130	0.868
0.001	0.001	0.001	0.997
0.931	0.001	0.001	0.067
0.070	0.102	0.827	0.001
0.001	0.941	0.001	0.057
0.001	0.001	0.001	0.997
>TTTTCAGCCGAT	5-TTTTCAGCCGAT	11.708392	-24.056926	0	T:12.0(11.54%),B:298.8(0.75%),P:1e-10	Tpos:560.3,Tstd:235.3,Bpos:503.7,Bstd:293.9,StrandBias:-0.5,Multiplicity:1.00
0.140	0.001	0.001	0.858
0.001	0.001	0.001	0.997
0.001	0.001	0.001	0.997
0.001	0.001	0.001	0.997
0.001	0.879	0.001	0.119
0.997	0.001	0.001	0.001
0.001	0.001	0.884	0.114
0.100	0.822	0.001	0.077
0.094	0.811	0.094	0.001
0.001	0.001	0.997	0.001
0.889	0.001	0.001	0.109
0.060	0.001	0.001	0.938
>TCTTTCCCACTT	6-TCTTTCCCACTT	11.636374	-24.019713	0	T:12.0(11.54%),B:299.1(0.75%),P:1e-10	Tpos:654.1,Tstd:282.4,Bpos:520.2,Bstd:312.7,StrandBias:1.6,Multiplicity:1.00
0.278	0.127	0.001	0.594
0.158	0.779	0.062	0.001
0.232	0.001	0.089	0.678
0.001	0.001	0.001	0.997
0.001	0.076	0.001	0.922
0.112	0.608	0.097	0.183
0.341	0.554	0.051	0.054
0.046	0.952	0.001	0.001
0.831	0.001	0.076	0.092
0.046	0.899	0.054	0.001
0.001	0.001	0.001	0.997
0.001	0.001	0.001	0.997
>GATTCAGTTGCA	7-GATTCAGTTGCA	13.184967	-23.938767	0	T:8.0(7.69%),B:72.7(0.18%),P:1e-10	Tpos:489.8,Tstd:362.8,Bpos:523.7,Bstd:321.0,StrandBias:0.7,Multiplicity:1.00
0.104	0.001	0.770	0.125
0.915	0.001	0.001	0.083
0.001	0.001	0.001	0.997
0.001	0.001	0.001	0.997
0.001	0.997	0.001	0.001
0.997	0.001	0.001	0.001
0.001	0.116	0.767	0.116
0.001	0.001	0.001	0.997
0.001	0.001	0.001	0.997
0.001	0.001	0.997	0.001
0.001	0.997	0.001	0.001
0.663	0.001	0.178	0.158
>TAATTTATATAT	8-TAATTTATATAT	12.888777	-23.061025	0	T:12.0(11.54%),B:326.8(0.82%),P:1e-10	Tpos:694.8,Tstd:260.6,Bpos:497.5,Bstd:300.2,StrandBias:-1.6,Multiplicity:1.00
0.001	0.001	0.064	0.934
0.845	0.074	0.001	0.080
0.997	0.001	0.001	0.001
0.001	0.001	0.001	0.997
0.001	0.001	0.001	0.997
0.001	0.001	0.001	0.997
0.963	0.001	0.001	0.035
0.001	0.087	0.001	0.911
0.945	0.001	0.001	0.053
0.001	0.086	0.082	0.831
0.962	0.001	0.001	0.036
0.082	0.103	0.001	0.814
>AACCCTCCACCT	9-AACCCTCCACCT	9.212145	-21.363516	0	T:9.0(8.65%),B:155.6(0.39%),P:1e-9	Tpos:610.8,Tstd:282.5,Bpos:604.1,Bstd:300.0,StrandBias:-0.3,Multiplicity:1.00
0.707	0.283	0.001	0.009
0.997	0.001	0.001	0.001
0.001	0.717	0.281	0.001
0.001	0.687	0.012	0.300
0.001	0.989	0.001	0.009
0.001	0.012	0.014	0.973
0.282	0.716	0.001	0.001
0.001	0.997	0.001	0.001
0.718	0.001	0.280	0.001
0.001	0.997	0.001	0.001
0.001	0.997	0.001	0.001
0.001	0.368	0.012	0.619
>CAKGWYRTCAGC	10-CAKGWYRTCAGC	9.852041	-21.292942	0	T:7.0(6.73%),B:61.8(0.16%),P:1e-9	Tpos:624.1,Tstd:282.4,Bpos:477.4,Bstd:274.1,StrandBias:-0.4,Multiplicity:1.00
0.001	0.997	0.001	0.001
0.997	0.001	0.001	0.001
0.011	0.001	0.558	0.430
0.001	0.015	0.983	0.001
0.476	0.018	0.018	0.487
0.001	0.487	0.001	0.511
0.568	0.001	0.430	0.001
0.001	0.001	0.001	0.997
0.001	0.997	0.001	0.001
0.997	0.001	0.001	0.001
0.001	0.001	0.997	0.001
0.001	0.997	0.001	0.001
>AGACAAACGTTC	11-AGACAAACGTTC	14.081098	-21.252283	0	T:6.0(5.77%),B:31.2(0.08%),P:1e-9	Tpos:654.3,Tstd:268.2,Bpos:469.8,Bstd:388.5,StrandBias:1.0,Multiplicity:1.00
0.819	0.001	0.001	0.179
0.001	0.152	0.846	0.001
0.997	0.001	0.001	0.001
0.001	0.997	0.001	0.001
0.997	0.001	0.001	0.001
0.997	0.001	0.001	0.001
0.819	0.001	0.001	0.179
0.001	0.997	0.001	0.001
0.001	0.001	0.997	0.001
0.001	0.001	0.001	0.997
0.001	0.001	0.001	0.997
0.001	0.781	0.001	0.217
>GCTGATTGTACG	12-GCTGATTGTACG	15.116459	-21.153928	0	T:4.0(3.85%),B:2.9(0.01%),P:1e-9	Tpos:472.2,Tstd:331.9,Bpos:707.4,Bstd:225.7,StrandBias:-1.6,Multiplicity:1.00
0.001	0.001	0.997	0.001
0.001	0.997	0.001	0.001
0.001	0.001	0.001	0.997
0.001	0.001	0.997	0.001
0.652	0.001	0.001	0.346
0.001	0.001	0.001	0.997
0.001	0.001	0.001	0.997
0.001	0.001	0.997	0.001
0.001	0.001	0.001	0.997
0.997	0.001	0.001	0.001
0.001	0.997	0.001	0.001
0.346	0.001	0.652	0.001
>ATACACACATTT	13-ATACACACATTT	10.630976	-19.811417	0	T:20.0(19.23%),B:1511.2(3.80%),P:1e-8	Tpos:432.2,Tstd:321.6,Bpos:505.6,Bstd:310.5,StrandBias:-0.4,Multiplicity:1.11
0.884	0.084	0.031	0.001
0.131	0.030	0.069	0.770
0.890	0.048	0.034	0.028
0.097	0.669	0.126	0.108
0.887	0.038	0.001	0.074
0.023	0.781	0.099	0.097
0.851	0.106	0.001	0.042
0.149	0.833	0.001	0.017
0.841	0.046	0.001	0.112
0.110	0.028	0.001	0.861
0.030	0.001	0.001	0.968
0.082	0.143	0.001	0.774
>TATGTATATATA	14-TATGTATATATA	12.976901	-19.312549	0	T:11.0(10.58%),B:361.4(0.91%),P:1e-8	Tpos:524.9,Tstd:253.9,Bpos:545.5,Bstd:326.6,StrandBias:0.0,Multiplicity:1.00
0.001	0.001	0.001	0.997
0.789	0.001	0.085	0.125
0.001	0.001	0.001	0.997
0.001	0.001	0.919	0.079
0.001	0.001	0.001	0.997
0.788	0.001	0.112	0.099
0.102	0.068	0.001	0.829
0.931	0.001	0.067	0.001
0.075	0.001	0.001	0.923
0.997	0.001	0.001	0.001
0.001	0.001	0.001	0.997
0.893	0.001	0.105	0.001
>ATCGAAATGTAG	15-ATCGAAATGTAG	10.208329	-18.502312	0	T:19.0(18.27%),B:1466.6(3.68%),P:1e-8	Tpos:535.6,Tstd:271.4,Bpos:534.6,Bstd:312.4,StrandBias:-1.2,Multiplicity:1.21
0.832	0.001	0.001	0.166
0.192	0.092	0.001	0.715
0.001	0.735	0.001	0.263
0.206	0.111	0.580	0.103
0.827	0.001	0.069	0.103
0.903	0.001	0.092	0.004
0.995	0.001	0.003	0.001
0.001	0.125	0.001	0.873
0.058	0.001	0.940	0.001
0.001	0.001	0.001	0.997
0.886	0.111	0.002	0.001
0.174	0.001	0.733	0.092
>CGCAGTAAAAAA	16-CGCAGTAAAAAA	10.915491	-18.389575	0	T:15.0(14.42%),B:869.9(2.19%),P:1e-7	Tpos:364.1,Tstd:224.7,Bpos:517.1,Bstd:310.4,StrandBias:0.6,Multiplicity:1.07
0.023	0.715	0.102	0.160
0.058	0.088	0.780	0.074
0.054	0.855	0.051	0.040
0.901	0.001	0.001	0.097
0.066	0.001	0.835	0.098
0.187	0.125	0.038	0.650
0.885	0.067	0.001	0.047
0.943	0.001	0.055	0.001
0.826	0.003	0.170	0.001
0.997	0.001	0.001	0.001
0.846	0.001	0.084	0.069
0.781	0.001	0.091	0.127
>ACTTTTCTCAAC	17-ACTTTTCTCAAC	12.787401	-18.202757	0	T:10.0(9.62%),B:309.9(0.78%),P:1e-7	Tpos:450.6,Tstd:266.1,Bpos:492.1,Bstd:302.1,StrandBias:1.4,Multiplicity:1.10
0.997	0.001	0.001	0.001
0.063	0.867	0.001	0.069
0.001	0.001	0.001	0.997
0.001	0.125	0.161	0.713
0.001	0.001	0.001	0.997
0.001	0.001	0.001	0.997
0.001	0.942	0.001	0.056
0.001	0.001	0.001	0.997
0.001	0.997	0.001	0.001
0.768	0.125	0.001	0.106
0.877	0.121	0.001	0.001
0.001	0.931	0.001	0.067
>TAAATCGTMAAT	18-TAAATCGTMAAT	11.918352	-17.584981	0	T:13.0(12.50%),B:658.6(1.65%),P:1e-7	Tpos:527.3,Tstd:287.7,Bpos:526.6,Bstd:298.6,StrandBias:0.4,Multiplicity:1.08
0.001	0.001	0.001	0.997
0.805	0.193	0.001	0.001
0.997	0.001	0.001	0.001
0.997	0.001	0.001	0.001
0.275	0.001	0.001	0.723
0.001	0.603	0.102	0.294
0.086	0.102	0.720	0.092
0.117	0.001	0.001	0.881
0.416	0.454	0.129	0.001
0.997	0.001	0.001	0.001
0.997	0.001	0.001	0.001
0.098	0.001	0.001	0.900
>ARTGATAAGGCT	19-ARTGATAAGGCT	12.758021	-17.521824	0	T:7.0(6.73%),B:109.4(0.27%),P:1e-7	Tpos:597.1,Tstd:299.0,Bpos:566.1,Bstd:321.9,StrandBias:-0.7,Multiplicity:1.14
0.997	0.001	0.001	0.001
0.413	0.117	0.469	0.001
0.001	0.001	0.001	0.997
0.001	0.001	0.997	0.001
0.997	0.001	0.001	0.001
0.001	0.001	0.001	0.997
0.997	0.001	0.001	0.001
0.997	0.001	0.001	0.001
0.001	0.001	0.856	0.142
0.147	0.265	0.587	0.001
0.001	0.616	0.382	0.001
0.001	0.001	0.001	0.997
>ATGATTCGATTA	20-ATGATTCGATTA	13.442452	-17.403229	0	T:7.0(6.73%),B:111.9(0.28%),P:1e-7	Tpos:624.1,Tstd:313.9,Bpos:538.5,Bstd:325.3,StrandBias:0.0,Multiplicity:1.14
0.997	0.001	0.001	0.001
0.130	0.001	0.001	0.868
0.001	0.001	0.997	0.001
0.887	0.001	0.001	0.111
0.143	0.001	0.001	0.855
0.001	0.001	0.001	0.997
0.001	0.899	0.001	0.099
0.001	0.163	0.835	0.001
0.997	0.001	0.001	0.001
0.001	0.001	0.001	0.997
0.001	0.001	0.001	0.997
0.768	0.001	0.114	0.117
>ATATATTGACHG	21-ATATATTGACHG	10.354181	-16.942368	0	T:15.0(14.42%),B:972.2(2.44%),P:1e-7	Tpos:497.2,Tstd:339.8,Bpos:488.2,Bstd:303.1,StrandBias:0.2,Multiplicity:1.00
0.997	0.001	0.001	0.001
0.137	0.001	0.123	0.739
0.737	0.168	0.001	0.094
0.001	0.148	0.001	0.850
0.748	0.001	0.168	0.083
0.001	0.009	0.001	0.989
0.001	0.001	0.001	0.997
0.185	0.001	0.813	0.001
0.997	0.001	0.001	0.001
0.001	0.997	0.001	0.001
0.227	0.286	0.114	0.374
0.207	0.001	0.791	0.001
>GACTCTTATCAG	22-GACTCTTATCAG	11.161040	-16.124777	0	T:8.0(7.69%),B:206.0(0.52%),P:1e-7	Tpos:540.0,Tstd:236.6,Bpos:547.1,Bstd:307.0,StrandBias:1.8,Multiplicity:1.12
0.115	0.122	0.762	0.001
0.688	0.001	0.135	0.176
0.001	0.863	0.001	0.135
0.271	0.006	0.001	0.722
0.115	0.769	0.115	0.001
0.001	0.001	0.001	0.997
0.001	0.001	0.176	0.822
0.843	0.001	0.155	0.001
0.001	0.001	0.001	0.997
0.001	0.997	0.001	0.001
0.687	0.156	0.001	0.156
0.001	0.001	0.884	0.114
>AAGTGAGAAGGC	23-AAGTGAGAAGGC	11.426375	-15.878011	0	T:8.0(7.69%),B:213.2(0.54%),P:1e-6	Tpos:372.4,Tstd:129.9,Bpos:534.0,Bstd:311.2,StrandBias:-2.8,Multiplicity:1.00
0.992	0.006	0.001	0.001
0.869	0.001	0.129	0.001
0.090	0.001	0.908	0.001
0.001	0.001	0.001	0.997
0.001	0.091	0.789	0.119
0.724	0.001	0.001	0.274
0.001	0.001	0.974	0.024
0.997	0.001	0.001	0.001
0.763	0.001	0.001	0.235
0.006	0.252	0.467	0.275
0.001	0.001	0.851	0.147
0.225	0.637	0.001	0.137
>GTGATATCATTG	24-GTGATATCATTG	9.984613	-14.737381	0	T:16.0(15.38%),B:1325.5(3.33%),P:1e-6	Tpos:561.4,Tstd:286.0,Bpos:501.0,Bstd:309.0,StrandBias:0.5,Multiplicity:1.00
0.208	0.001	0.665	0.126
0.001	0.001	0.001	0.997
0.153	0.001	0.741	0.105
0.923	0.075	0.001	0.001
0.188	0.004	0.001	0.807
0.948	0.001	0.001	0.050
0.128	0.001	0.087	0.784
0.041	0.782	0.173	0.004
0.834	0.001	0.087	0.078
0.138	0.068	0.001	0.793
0.069	0.001	0.001	0.929
0.001	0.001	0.810	0.188
>GCATTTTTGGCC	25-GCATTTTTGGCC	13.792373	-14.122121	0	T:5.0(4.81%),B:59.5(0.15%),P:1e-6	Tpos:219.7,Tstd:89.9,Bpos:546.3,Bstd:280.3,StrandBias:0.4,Multiplicity:1.40
0.001	0.001	0.997	0.001
0.001	0.997	0.001	0.001
0.997	0.001	0.001	0.001
0.135	0.001	0.001	0.863
0.001	0.001	0.001	0.997
0.001	0.001	0.001	0.997
0.001	0.001	0.001	0.997
0.165	0.001	0.001	0.833
0.001	0.001	0.997	0.001
0.001	0.001	0.858	0.140
0.001	0.841	0.157	0.001
0.126	0.733	0.140	0.001
