>ATGCTCGGTT	1-ATGCTCGGTT	11.133823	-21.932037	0	T:8.0(21.05%),B:276.7(0.71%),P:1e-9	Tpos:432.9,Tstd:330.8,Bpos:496.4,Bstd:290.2,StrandBias:-0.7,Multiplicity:1.00
0.997	0.001	0.001	0.001
0.190	0.001	0.001	0.808
0.001	0.001	0.997	0.001
0.001	0.808	0.190	0.001
0.001	0.001	0.001	0.997
0.001	0.997	0.001	0.001
0.124	0.001	0.735	0.140
0.001	0.001	0.997	0.001
0.001	0.001	0.001	0.997
0.001	0.001	0.177	0.821
>TCTGCCTGCG	2-TCTGCCTGCG	10.783887	-21.787568	0	T:7.0(18.42%),B:166.2(0.43%),P:1e-9	Tpos:422.7,Tstd:213.1,Bpos:556.7,Bstd:315.3,StrandBias:-2.6,Multiplicity:1.00
0.001	0.001	0.001	0.997
0.001	0.871	0.001	0.127
0.001	0.001	0.001	0.997
0.001	0.001	0.997	0.001
0.001	0.776	0.142	0.081
0.001	0.843	0.155	0.001
0.001	0.001	0.001	0.997
0.001	0.149	0.849	0.001
0.001	0.883	0.001	0.115
0.109	0.001	0.889	0.001
>CGCTAACATG	3-CGCTAACATG	11.339820	-19.436042	0	T:6.0(15.79%),B:127.0(0.33%),P:1e-8	Tpos:567.0,Tstd:254.5,Bpos:514.3,Bstd:327.7,StrandBias:-1.0,Multiplicity:1.00
0.001	0.836	0.001	0.162
0.001	0.205	0.793	0.001
0.001	0.997	0.001	0.001
0.167	0.001	0.001	0.831
0.997	0.001	0.001	0.001
0.765	0.001	0.001	0.233
0.001	0.997	0.001	0.001
0.997	0.001	0.001	0.001
0.001	0.001	0.001	0.997
0.001	0.001	0.997	0.001
>ATCGAACACG	4-ATCGAACACG	9.302315	-18.956412	0	T:8.0(21.05%),B:407.8(1.05%),P:1e-8	Tpos:567.7,Tstd:271.9,Bpos:480.5,Bstd:323.7,StrandBias:0.3,Multiplicity:1.12
0.997	0.001	0.001	0.001
0.121	0.001	0.001	0.877
0.001	0.887	0.111	0.001
0.001	0.114	0.884	0.001
0.997	0.001	0.001	0.001
0.832	0.001	0.166	0.001
0.001	0.997	0.001	0.001
0.871	0.001	0.001	0.127
0.001	0.884	0.001	0.114
0.001	0.128	0.870	0.001
>AAGCTTTACA	5-AAGCTTTACA	10.011056	-18.844899	0	T:10.0(26.32%),B:841.4(2.17%),P:1e-8	Tpos:341.2,Tstd:304.0,Bpos:480.6,Bstd:304.6,StrandBias:0.0,Multiplicity:1.20
0.952	0.046	0.001	0.001
0.997	0.001	0.001	0.001
0.001	0.001	0.626	0.372
0.001	0.914	0.070	0.015
0.001	0.169	0.001	0.829
0.106	0.001	0.099	0.794
0.118	0.001	0.096	0.785
0.710	0.104	0.112	0.074
0.001	0.975	0.001	0.023
0.814	0.001	0.001	0.184
>ACAACTGTTC	6-ACAACTGTTC	10.355183	-15.595018	0	T:10.0(26.32%),B:1194.3(3.08%),P:1e-6	Tpos:431.8,Tstd:295.4,Bpos:500.0,Bstd:328.6,StrandBias:-2.3,Multiplicity:1.20
0.997	0.001	0.001	0.001
0.039	0.959	0.001	0.001
0.997	0.001	0.001	0.001
0.906	0.001	0.001	0.092
0.157	0.777	0.001	0.065
0.097	0.001	0.001	0.901
0.092	0.093	0.771	0.044
0.001	0.001	0.001	0.997
0.001	0.001	0.001	0.997
0.225	0.773	0.001	0.001
>TCCTTGAAGG	7-TCCTTGAAGG	10.974520	-15.161282	0	T:6.0(15.79%),B:267.5(0.69%),P:1e-6	Tpos:497.2,Tstd:254.5,Bpos:484.0,Bstd:335.4,StrandBias:0.7,Multiplicity:1.17
0.001	0.169	0.001	0.829
0.001	0.997	0.001	0.001
0.001	0.997	0.001	0.001
0.001	0.001	0.001	0.997
0.001	0.001	0.001	0.997
0.001	0.143	0.694	0.162
0.867	0.001	0.131	0.001
0.997	0.001	0.001	0.001
0.001	0.001	0.997	0.001
0.114	0.133	0.752	0.001
>ATCTCGGAAG	8-ATCTCGGAAG	7.506952	-12.698099	0	T:16.0(42.11%),B:4660.6(12.01%),P:1e-5	Tpos:452.2,Tstd:284.0,Bpos:488.3,Bstd:322.3,StrandBias:0.8,Multiplicity:1.19
0.883	0.001	0.001	0.115
0.121	0.001	0.126	0.752
0.001	0.944	0.054	0.001
0.051	0.001	0.075	0.873
0.124	0.686	0.189	0.001
0.085	0.128	0.540	0.247
0.001	0.001	0.927	0.071
0.997	0.001	0.001	0.001
0.778	0.091	0.073	0.058
0.001	0.284	0.647	0.068
>CGGTAATATC	9-CGGTAATATC	10.296193	-12.194699	0	T:3.0(7.89%),B:31.2(0.08%),P:1e-5	Tpos:465.3,Tstd:402.0,Bpos:357.2,Bstd:219.8,StrandBias:-1.0,Multiplicity:1.00
0.100	0.700	0.100	0.100
0.100	0.100	0.700	0.100
0.100	0.100	0.700	0.100
0.100	0.100	0.100	0.700
0.700	0.100	0.100	0.100
0.700	0.100	0.100	0.100
0.100	0.100	0.100	0.700
0.700	0.100	0.100	0.100
0.100	0.100	0.100	0.700
0.100	0.700	0.100	0.100
>TTGTTACACG	10-TTGTTACACG	10.854760	-11.160762	0	T:4.0(10.53%),B:146.6(0.38%),P:1e-4	Tpos:469.3,Tstd:180.3,Bpos:426.6,Bstd:292.6,StrandBias:10.0,Multiplicity:5.75
0.001	0.001	0.001	0.997
0.001	0.001	0.001	0.997
0.056	0.001	0.942	0.001
0.001	0.001	0.001	0.997
0.001	0.056	0.001	0.942
0.997	0.001	0.001	0.001
0.001	0.997	0.001	0.001
0.997	0.001	0.001	0.001
0.042	0.956	0.001	0.001
0.001	0.001	0.997	0.001
>GTCTAGACTG	11-GTCTAGACTG	9.858130	-9.344596	0	T:4.0(10.53%),B:235.4(0.61%),P:1e-4	Tpos:381.9,Tstd:219.1,Bpos:506.0,Bstd:351.3,StrandBias:0.3,Multiplicity:1.50
0.001	0.001	0.997	0.001
0.001	0.001	0.001	0.997
0.001	0.843	0.155	0.001
0.001	0.001	0.001	0.997
0.997	0.001	0.001	0.001
0.001	0.001	0.997	0.001
0.997	0.001	0.001	0.001
0.001	0.997	0.001	0.001
0.001	0.001	0.181	0.817
0.001	0.154	0.723	0.122
>TATCCTGGTA	12-TATCCTGGTA	13.424922	-8.279788	0	T:2.0(5.26%),B:22.8(0.06%),P:1e-3	Tpos:318.3,Tstd:68.9,Bpos:439.8,Bstd:312.8,StrandBias:10.0,Multiplicity:1.50
0.001	0.335	0.001	0.663
0.997	0.001	0.001	0.001
0.001	0.001	0.001	0.997
0.001	0.997	0.001	0.001
0.001	0.997	0.001	0.001
0.001	0.001	0.001	0.997
0.001	0.001	0.997	0.001
0.001	0.001	0.997	0.001
0.001	0.001	0.001	0.997
0.997	0.001	0.001	0.001
>ACTACAAACT	13-ACTACAAACT	11.682717	-6.424630	0	T:4.0(10.53%),B:515.2(1.33%),P:1e-2	Tpos:433.2,Tstd:246.6,Bpos:519.8,Bstd:297.8,StrandBias:0.3,Multiplicity:2.75
0.899	0.001	0.001	0.099
0.001	0.863	0.135	0.001
0.001	0.001	0.001	0.997
0.997	0.001	0.001	0.001
0.001	0.997	0.001	0.001
0.997	0.001	0.001	0.001
0.997	0.001	0.001	0.001
0.997	0.001	0.001	0.001
0.047	0.951	0.001	0.001
0.001	0.001	0.001	0.997
>AGTTAGAACG	14-AGTTAGAACG	10.296193	-4.228592	0	T:1.0(2.63%),B:14.1(0.04%),P:1e-1	Tpos:531.4,Tstd:83.7,Bpos:468.8,Bstd:274.7,StrandBias:-10.0,Multiplicity:8.00
0.700	0.100	0.100	0.100
0.100	0.100	0.700	0.100
0.100	0.100	0.100	0.700
0.100	0.100	0.100	0.700
0.700	0.100	0.100	0.100
0.100	0.100	0.700	0.100
0.700	0.100	0.100	0.100
0.700	0.100	0.100	0.100
0.100	0.700	0.100	0.100
0.100	0.100	0.700	0.100
>GTATATGAAT	15-GTATATGAAT	13.668666	-2.381213	0	T:1.0(2.63%),B:98.8(0.25%),P:1e-1	Tpos:560.3,Tstd:115.1,Bpos:527.0,Bstd:295.0,StrandBias:-3.0,Multiplicity:9.00
0.001	0.001	0.997	0.001
0.001	0.001	0.001	0.997
0.997	0.001	0.001	0.001
0.001	0.152	0.001	0.846
0.997	0.001	0.001	0.001
0.001	0.001	0.001	0.997
0.001	0.001	0.997	0.001
0.997	0.001	0.001	0.001
0.997	0.001	0.001	0.001
0.001	0.001	0.001	0.997
