>ATGCTCGGTT	1-ATGCTCGGTT	11.133823	-21.932037	0	T:8.0(21.05%),B:276.7(0.71%),P:1e-9	Tpos:432.9,Tstd:330.8,Bpos:496.4,Bstd:290.2,StrandBias:-0.7,Multiplicity:1.00
0.997	0.001	0.001	0.001
0.190	0.001	0.001	0.808
0.001	0.001	0.997	0.001
0.001	0.808	0.190	0.001
0.001	0.001	0.001	0.997
0.001	0.997	0.001	0.001
0.124	0.001	0.735	0.140
0.001	0.001	0.997	0.001
0.001	0.001	0.001	0.997
0.001	0.001	0.177	0.821
>TCTGCCTGCG	2-TCTGCCTGCG	10.783887	-21.787568	0	T:7.0(18.42%),B:166.2(0.43%),P:1e-9	Tpos:422.7,Tstd:213.1,Bpos:556.7,Bstd:315.3,StrandBias:-2.6,Multiplicity:1.00
0.001	0.001	0.001	0.997
0.001	0.871	0.001	0.127
0.001	0.001	0.001	0.997
0.001	0.001	0.997	0.001
0.001	0.776	0.142	0.081
0.001	0.843	0.155	0.001
0.001	0.001	0.001	0.997
0.001	0.149	0.849	0.001
0.001	0.883	0.001	0.115
0.109	0.001	0.889	0.001
>CGCTAACATG	3-CGCTAACATG	11.339820	-19.436042	0	T:6.0(15.79%),B:127.0(0.33%),P:1e-8	Tpos:567.0,Tstd:254.5,Bpos:514.3,Bstd:327.7,StrandBias:-1.0,Multiplicity:1.00
0.001	0.836	0.001	0.162
0.001	0.205	0.793	0.001
0.001	0.997	0.001	0.001
0.167	0.001	0.001	0.831
0.997	0.001	0.001	0.001
0.765	0.001	0.001	0.233
0.001	0.997	0.001	0.001
0.997	0.001	0.001	0.001
0.001	0.001	0.001	0.997
0.001	0.001	0.997	0.001
>ATCGAACACG	4-ATCGAACACG	9.302315	-18.956412	0	T:8.0(21.05%),B:407.8(1.05%),P:1e-8	Tpos:567.7,Tstd:271.9,Bpos:480.5,Bstd:323.7,StrandBias:0.3,Multiplicity:1.12
0.997	0.001	0.001	0.001
0.121	0.001	0.001	0.877
0.001	0.887	0.111	0.001
0.001	0.114	0.884	0.001
0.997	0.001	0.001	0.001
0.832	0.001	0.166	0.001
0.001	0.997	0.001	0.001
0.871	0.001	0.001	0.127
0.001	0.884	0.001	0.114
0.001	0.128	0.870	0.001
>AAGCTTTACA	5-AAGCTTTACA	10.011056	-18.844899	0	T:10.0(26.32%),B:841.4(2.17%),P:1e-8	Tpos:341.2,Tstd:304.0,Bpos:480.6,Bstd:304.6,StrandBias:0.0,Multiplicity:1.20
0.952	0.046	0.001	0.001
0.997	0.001	0.001	0.001
0.001	0.001	0.626	0.372
0.001	0.914	0.070	0.015
0.001	0.169	0.001	0.829
0.106	0.001	0.099	0.794
0.118	0.001	0.096	0.785
0.710	0.104	0.112	0.074
0.001	0.975	0.001	0.023
0.814	0.001	0.001	0.184
>ACAACTGTTC	6-ACAACTGTTC	10.355183	-15.595018	0	T:10.0(26.32%),B:1194.3(3.08%),P:1e-6	Tpos:431.8,Tstd:295.4,Bpos:500.0,Bstd:328.6,StrandBias:-2.3,Multiplicity:1.20
0.997	0.001	0.001	0.001
0.039	0.959	0.001	0.001
0.997	0.001	0.001	0.001
0.906	0.001	0.001	0.092
0.157	0.777	0.001	0.065
0.097	0.001	0.001	0.901
0.092	0.093	0.771	0.044
0.001	0.001	0.001	0.997
0.001	0.001	0.001	0.997
0.225	0.773	0.001	0.001
>TCCTTGAAGG	7-TCCTTGAAGG	10.974520	-15.161282	0	T:6.0(15.79%),B:267.5(0.69%),P:1e-6	Tpos:497.2,Tstd:254.5,Bpos:484.0,Bstd:335.4,StrandBias:0.7,Multiplicity:1.17
0.001	0.169	0.001	0.829
0.001	0.997	0.001	0.001
0.001	0.997	0.001	0.001
0.001	0.001	0.001	0.997
0.001	0.001	0.001	0.997
0.001	0.143	0.694	0.162
0.867	0.001	0.131	0.001
0.997	0.001	0.001	0.001
0.001	0.001	0.997	0.001
0.114	0.133	0.752	0.001
>ATCTCGGAAG	8-ATCTCGGAAG	7.506952	-12.698099	0	T:16.0(42.11%),B:4660.6(12.01%),P:1e-5	Tpos:452.2,Tstd:284.0,Bpos:488.3,Bstd:322.3,StrandBias:0.8,Multiplicity:1.19
0.883	0.001	0.001	0.115
0.121	0.001	0.126	0.752
0.001	0.944	0.054	0.001
0.051	0.001	0.075	0.873
0.124	0.686	0.189	0.001
0.085	0.128	0.540	0.247
0.001	0.001	0.927	0.071
0.997	0.001	0.001	0.001
0.778	0.091	0.073	0.058
0.001	0.284	0.647	0.068
>CGGTAATATC	9-CGGTAATATC	10.296193	-12.194699	0	T:3.0(7.89%),B:31.2(0.08%),P:1e-5	Tpos:465.3,Tstd:402.0,Bpos:357.2,Bstd:219.8,StrandBias:-1.0,Multiplicity:1.00
0.100	0.700	0.100	0.100
0.100	0.100	0.700	0.100
0.100	0.100	0.700	0.100
0.100	0.100	0.100	0.700
0.700	0.100	0.100	0.100
0.700	0.100	0.100	0.100
0.100	0.100	0.100	0.700
0.700	0.100	0.100	0.100
0.100	0.100	0.100	0.700
0.100	0.700	0.100	0.100
>TTGTTACACG	10-TTGTTACACG	10.854760	-11.160762	0	T:4.0(10.53%),B:146.6(0.38%),P:1e-4	Tpos:469.3,Tstd:180.3,Bpos:426.6,Bstd:292.6,StrandBias:10.0,Multiplicity:5.75
0.001	0.001	0.001	0.997
0.001	0.001	0.001	0.997
0.056	0.001	0.942	0.001
0.001	0.001	0.001	0.997
0.001	0.056	0.001	0.942
0.997	0.001	0.001	0.001
0.001	0.997	0.001	0.001
0.997	0.001	0.001	0.001
0.042	0.956	0.001	0.001
0.001	0.001	0.997	0.001
>GTCTAGACTG	11-GTCTAGACTG	9.858130	-9.344596	0	T:4.0(10.53%),B:235.4(0.61%),P:1e-4	Tpos:381.9,Tstd:219.1,Bpos:506.0,Bstd:351.3,StrandBias:0.3,Multiplicity:1.50
0.001	0.001	0.997	0.001
0.001	0.001	0.001	0.997
0.001	0.843	0.155	0.001
0.001	0.001	0.001	0.997
0.997	0.001	0.001	0.001
0.001	0.001	0.997	0.001
0.997	0.001	0.001	0.001
0.001	0.997	0.001	0.001
0.001	0.001	0.181	0.817
0.001	0.154	0.723	0.122
>TATCCTGGTA	12-TATCCTGGTA	13.424922	-8.279788	0	T:2.0(5.26%),B:22.8(0.06%),P:1e-3	Tpos:318.3,Tstd:68.9,Bpos:439.8,Bstd:312.8,StrandBias:10.0,Multiplicity:1.50
0.001	0.335	0.001	0.663
0.997	0.001	0.001	0.001
0.001	0.001	0.001	0.997
0.001	0.997	0.001	0.001
0.001	0.997	0.001	0.001
0.001	0.001	0.001	0.997
0.001	0.001	0.997	0.001
0.001	0.001	0.997	0.001
0.001	0.001	0.001	0.997
0.997	0.001	0.001	0.001
>ACTACAAACT	13-ACTACAAACT	11.682717	-6.424630	0	T:4.0(10.53%),B:515.2(1.33%),P:1e-2	Tpos:433.2,Tstd:246.6,Bpos:519.8,Bstd:297.8,StrandBias:0.3,Multiplicity:2.75
0.899	0.001	0.001	0.099
0.001	0.863	0.135	0.001
0.001	0.001	0.001	0.997
0.997	0.001	0.001	0.001
0.001	0.997	0.001	0.001
0.997	0.001	0.001	0.001
0.997	0.001	0.001	0.001
0.997	0.001	0.001	0.001
0.047	0.951	0.001	0.001
0.001	0.001	0.001	0.997
>AGTTAGAACG	14-AGTTAGAACG	10.296193	-4.228592	0	T:1.0(2.63%),B:14.1(0.04%),P:1e-1	Tpos:531.4,Tstd:83.7,Bpos:468.8,Bstd:274.7,StrandBias:-10.0,Multiplicity:8.00
0.700	0.100	0.100	0.100
0.100	0.100	0.700	0.100
0.100	0.100	0.100	0.700
0.100	0.100	0.100	0.700
0.700	0.100	0.100	0.100
0.100	0.100	0.700	0.100
0.700	0.100	0.100	0.100
0.700	0.100	0.100	0.100
0.100	0.700	0.100	0.100
0.100	0.100	0.700	0.100
>GTATATGAAT	15-GTATATGAAT	13.668666	-2.381213	0	T:1.0(2.63%),B:98.8(0.25%),P:1e-1	Tpos:560.3,Tstd:115.1,Bpos:527.0,Bstd:295.0,StrandBias:-3.0,Multiplicity:9.00
0.001	0.001	0.997	0.001
0.001	0.001	0.001	0.997
0.997	0.001	0.001	0.001
0.001	0.152	0.001	0.846
0.997	0.001	0.001	0.001
0.001	0.001	0.001	0.997
0.001	0.001	0.997	0.001
0.997	0.001	0.001	0.001
0.997	0.001	0.001	0.001
0.001	0.001	0.001	0.997
>GAAACGTACCTT	1-GAAACGTACCTT	14.435705	-21.683785	0	T:4.0(10.53%),B:8.5(0.02%),P:1e-9	Tpos:668.5,Tstd:153.2,Bpos:583.9,Bstd:392.8,StrandBias:0.0,Multiplicity:1.00
0.001	0.001	0.997	0.001
0.997	0.001	0.001	0.001
0.997	0.001	0.001	0.001
0.997	0.001	0.001	0.001
0.001	0.997	0.001	0.001
0.001	0.001	0.997	0.001
0.208	0.001	0.001	0.790
0.754	0.001	0.244	0.001
0.272	0.726	0.001	0.001
0.001	0.997	0.001	0.001
0.001	0.001	0.001	0.997
0.001	0.001	0.001	0.997
>RRCTWCWTTGAC	2-RRCTWCWTTGAC	9.976927	-19.714256	0	T:6.0(15.79%),B:121.3(0.31%),P:1e-8	Tpos:505.7,Tstd:296.6,Bpos:503.7,Bstd:312.3,StrandBias:-2.3,Multiplicity:1.00
0.439	0.001	0.559	0.001
0.510	0.001	0.488	0.001
0.001	0.997	0.001	0.001
0.001	0.001	0.001	0.997
0.439	0.001	0.001	0.559
0.001	0.980	0.001	0.018
0.492	0.001	0.001	0.506
0.001	0.001	0.001	0.997
0.001	0.017	0.001	0.981
0.001	0.001	0.997	0.001
0.997	0.001	0.001	0.001
0.001	0.997	0.001	0.001
>TACTATAAAAAG	3-TACTATAAAAAG	13.834754	-19.573486	0	T:6.0(15.79%),B:124.7(0.32%),P:1e-8	Tpos:567.7,Tstd:336.2,Bpos:491.8,Bstd:334.1,StrandBias:0.0,Multiplicity:1.00
0.119	0.164	0.001	0.716
0.997	0.001	0.001	0.001
0.001	0.865	0.001	0.133
0.138	0.001	0.001	0.860
0.997	0.001	0.001	0.001
0.001	0.001	0.001	0.997
0.760	0.001	0.238	0.001
0.997	0.001	0.001	0.001
0.997	0.001	0.001	0.001
0.997	0.001	0.001	0.001
0.997	0.001	0.001	0.001
0.001	0.001	0.997	0.001
>GATCTTTGTAAT	4-GATCTTTGTAAT	14.154660	-17.981725	0	T:5.0(13.16%),B:75.3(0.19%),P:1e-7	Tpos:465.5,Tstd:245.8,Bpos:544.5,Bstd:337.6,StrandBias:-1.0,Multiplicity:1.20
0.206	0.001	0.792	0.001
0.997	0.001	0.001	0.001
0.001	0.001	0.001	0.997
0.001	0.997	0.001	0.001
0.001	0.001	0.001	0.997
0.001	0.001	0.001	0.997
0.001	0.001	0.001	0.997
0.001	0.001	0.997	0.001
0.180	0.001	0.001	0.818
0.997	0.001	0.001	0.001
0.603	0.001	0.206	0.190
0.001	0.001	0.001	0.997
>CTACAAACTAGA	5-CTACAAACTAGA	10.098565	-15.379277	0	T:11.0(28.95%),B:1567.5(4.04%),P:1e-6	Tpos:516.3,Tstd:320.8,Bpos:518.0,Bstd:304.1,StrandBias:0.0,Multiplicity:1.64
0.001	0.617	0.187	0.195
0.395	0.001	0.001	0.603
0.798	0.001	0.001	0.200
0.001	0.997	0.001	0.001
0.997	0.001	0.001	0.001
0.997	0.001	0.001	0.001
0.997	0.001	0.001	0.001
0.001	0.997	0.001	0.001
0.187	0.001	0.001	0.811
0.616	0.187	0.001	0.196
0.001	0.218	0.780	0.001
0.803	0.001	0.195	0.001
>ACMGTCTAGACK	6-ACMGTCTAGACK	12.223730	-14.005146	0	T:3.0(7.89%),B:16.5(0.04%),P:1e-6	Tpos:368.3,Tstd:81.3,Bpos:448.6,Bstd:316.6,StrandBias:1.0,Multiplicity:1.00
0.693	0.115	0.191	0.001
0.181	0.415	0.240	0.164
0.391	0.490	0.001	0.118
0.001	0.001	0.997	0.001
0.009	0.001	0.001	0.989
0.001	0.830	0.168	0.001
0.115	0.001	0.001	0.883
0.997	0.001	0.001	0.001
0.115	0.129	0.755	0.001
0.987	0.001	0.001	0.011
0.001	0.830	0.001	0.168
0.129	0.001	0.443	0.427
>CATTSAACAGTT	7-CATTSAACAGTT	14.389420	-11.476939	0	T:3.0(7.89%),B:40.6(0.10%),P:1e-4	Tpos:695.2,Tstd:205.5,Bpos:556.8,Bstd:309.8,StrandBias:0.6,Multiplicity:1.67
0.001	0.997	0.001	0.001
0.724	0.001	0.274	0.001
0.001	0.001	0.001	0.997
0.001	0.001	0.001	0.997
0.001	0.548	0.450	0.001
0.997	0.001	0.001	0.001
0.997	0.001	0.001	0.001
0.001	0.997	0.001	0.001
0.997	0.001	0.001	0.001
0.001	0.001	0.997	0.001
0.001	0.001	0.001	0.997
0.274	0.001	0.001	0.724
>ACCGTTCYAATK	8-ACCGTTCYAATK	10.074644	-10.436618	0	T:6.0(15.79%),B:616.5(1.59%),P:1e-4	Tpos:544.1,Tstd:144.2,Bpos:490.5,Bstd:335.1,StrandBias:3.9,Multiplicity:2.67
0.664	0.001	0.185	0.150
0.001	0.997	0.001	0.001
0.013	0.761	0.225	0.001
0.410	0.001	0.588	0.001
0.185	0.001	0.001	0.813
0.001	0.001	0.001	0.997
0.001	0.997	0.001	0.001
0.001	0.400	0.152	0.447
0.979	0.001	0.019	0.001
0.986	0.001	0.012	0.001
0.001	0.380	0.019	0.600
0.152	0.001	0.475	0.372
>CGCGCGCGTGTB	9-CGCGCGCGTGTB	13.326978	-9.884830	0	T:2.0(5.26%),B:9.5(0.02%),P:1e-4	Tpos:641.5,Tstd:183.5,Bpos:538.3,Bstd:378.3,StrandBias:10.0,Multiplicity:1.00
0.001	0.997	0.001	0.001
0.001	0.001	0.997	0.001
0.001	0.997	0.001	0.001
0.001	0.001	0.997	0.001
0.001	0.997	0.001	0.001
0.001	0.002	0.996	0.001
0.001	0.662	0.001	0.336
0.001	0.334	0.664	0.001
0.001	0.019	0.001	0.979
0.301	0.001	0.697	0.001
0.002	0.352	0.001	0.645
0.001	0.335	0.383	0.281
>CCTTCAAGGAAT	10-CCTTCAAGGAAT	8.463612	-8.387158	0	T:10.0(26.32%),B:2732.7(7.04%),P:1e-3	Tpos:582.0,Tstd:255.9,Bpos:501.3,Bstd:319.4,StrandBias:-0.2,Multiplicity:1.10
0.100	0.700	0.100	0.100
0.100	0.700	0.100	0.100
0.100	0.100	0.100	0.700
0.100	0.100	0.100	0.700
0.100	0.700	0.100	0.100
0.700	0.100	0.100	0.100
0.700	0.100	0.100	0.100
0.100	0.100	0.700	0.100
0.100	0.100	0.700	0.100
0.700	0.100	0.100	0.100
0.700	0.100	0.100	0.100
0.100	0.100	0.100	0.700
>TGYAGGCATATM	11-TGYAGGCATATM	8.895396	-7.654083	0	T:3.0(7.89%),B:152.3(0.39%),P:1e-3	Tpos:406.8,Tstd:159.3,Bpos:447.2,Bstd:318.0,StrandBias:2.0,Multiplicity:1.67
0.018	0.001	0.016	0.965
0.001	0.001	0.997	0.001
0.001	0.495	0.001	0.503
0.997	0.001	0.001	0.001
0.001	0.001	0.997	0.001
0.001	0.001	0.997	0.001
0.001	0.997	0.001	0.001
0.997	0.001	0.001	0.001
0.001	0.001	0.001	0.997
0.909	0.001	0.089	0.001
0.001	0.017	0.001	0.981
0.562	0.414	0.001	0.023
>TATTTTTTTTGT	12-TATTTTTTTTGT	13.084924	-6.722000	0	T:5.0(13.16%),B:821.5(2.12%),P:1e-2	Tpos:451.6,Tstd:109.1,Bpos:519.0,Bstd:295.3,StrandBias:2.0,Multiplicity:1.00
0.030	0.152	0.001	0.817
0.846	0.001	0.014	0.139
0.181	0.001	0.001	0.817
0.001	0.001	0.001	0.997
0.001	0.001	0.001	0.997
0.001	0.117	0.001	0.881
0.001	0.001	0.001	0.997
0.001	0.001	0.341	0.657
0.181	0.001	0.001	0.817
0.341	0.001	0.001	0.657
0.001	0.001	0.742	0.256
0.021	0.152	0.001	0.826
>TAAAACAAGTTT	13-TAAAACAAGTTT	10.409522	-6.623916	0	T:7.0(18.42%),B:1733.0(4.46%),P:1e-2	Tpos:468.1,Tstd:218.8,Bpos:484.3,Bstd:298.5,StrandBias:0.3,Multiplicity:1.29
0.100	0.100	0.100	0.700
0.700	0.100	0.100	0.100
0.700	0.100	0.100	0.100
0.700	0.100	0.100	0.100
0.700	0.100	0.100	0.100
0.100	0.700	0.100	0.100
0.700	0.100	0.100	0.100
0.700	0.100	0.100	0.100
0.100	0.100	0.700	0.100
0.100	0.100	0.100	0.700
0.100	0.100	0.100	0.700
0.100	0.100	0.100	0.700
>GCAGTTTGTAGT	14-GCAGTTTGTAGT	12.355432	-5.322447	0	T:1.0(2.63%),B:4.3(0.01%),P:1e-2	Tpos:266.0,Tstd:0.0,Bpos:413.6,Bstd:67.4,StrandBias:10.0,Multiplicity:1.00
0.100	0.100	0.700	0.100
0.100	0.700	0.100	0.100
0.700	0.100	0.100	0.100
0.100	0.100	0.700	0.100
0.100	0.100	0.100	0.700
0.100	0.100	0.100	0.700
0.100	0.100	0.100	0.700
0.100	0.100	0.700	0.100
0.100	0.100	0.100	0.700
0.700	0.100	0.100	0.100
0.100	0.100	0.700	0.100
0.100	0.100	0.100	0.700
>ATTTTTCGTGTA	15-ATTTTTCGTGTA	16.543793	-3.166209	0	T:1.0(2.63%),B:43.0(0.11%),P:1e-1	Tpos:420.1,Tstd:117.2,Bpos:406.8,Bstd:277.4,StrandBias:-10.0,Multiplicity:20.00
0.997	0.001	0.001	0.001
0.001	0.001	0.001	0.997
0.001	0.001	0.001	0.997
0.001	0.001	0.001	0.997
0.001	0.001	0.001	0.997
0.001	0.001	0.001	0.997
0.001	0.997	0.001	0.001
0.001	0.001	0.943	0.055
0.001	0.001	0.001	0.997
0.001	0.001	0.997	0.001
0.001	0.001	0.001	0.997
0.997	0.001	0.001	0.001
>TTTAAAATTCAT	16-TTTAAAATTCAT	12.355432	-2.451255	0	T:1.0(2.63%),B:91.2(0.24%),P:1e-1	Tpos:547.0,Tstd:98.4,Bpos:532.9,Bstd:268.2,StrandBias:10.0,Multiplicity:9.00
0.100	0.100	0.100	0.700
0.100	0.100	0.100	0.700
0.100	0.100	0.100	0.700
0.700	0.100	0.100	0.100
0.700	0.100	0.100	0.100
0.700	0.100	0.100	0.100
0.700	0.100	0.100	0.100
0.100	0.100	0.100	0.700
0.100	0.100	0.100	0.700
0.100	0.700	0.100	0.100
0.700	0.100	0.100	0.100
0.100	0.100	0.100	0.700
>CTAACGTT	1-CTAACGTT	6.523912	-9.874537	0	T:17.0(44.74%),B:6500.5(16.75%),P:1e-4	Tpos:596.6,Tstd:229.8,Bpos:499.8,Bstd:324.3,StrandBias:0.3,Multiplicity:1.59
0.001	0.882	0.116	0.001
0.001	0.096	0.106	0.797
0.997	0.001	0.001	0.001
0.807	0.001	0.191	0.001
0.001	0.832	0.166	0.001
0.001	0.001	0.942	0.056
0.076	0.001	0.001	0.922
0.190	0.001	0.001	0.808
>GTCTAGAC	2-GTCTAGAC	8.236954	-8.360260	0	T:4.0(10.53%),B:305.9(0.79%),P:1e-3	Tpos:458.9,Tstd:262.1,Bpos:520.5,Bstd:351.9,StrandBias:0.0,Multiplicity:1.25
0.100	0.100	0.700	0.100
0.100	0.100	0.100	0.700
0.100	0.700	0.100	0.100
0.100	0.100	0.100	0.700
0.700	0.100	0.100	0.100
0.100	0.100	0.700	0.100
0.700	0.100	0.100	0.100
0.100	0.700	0.100	0.100
>ATGCCTRC	3-ATGCCTRC	7.418354	-7.376802	0	T:11.0(28.95%),B:3702.8(9.54%),P:1e-3	Tpos:403.7,Tstd:213.8,Bpos:493.6,Bstd:312.7,StrandBias:-0.1,Multiplicity:2.09
0.526	0.337	0.001	0.136
0.001	0.001	0.099	0.899
0.001	0.104	0.894	0.001
0.001	0.871	0.001	0.127
0.001	0.813	0.185	0.001
0.099	0.001	0.157	0.743
0.440	0.001	0.479	0.080
0.001	0.923	0.001	0.075
>ATACCGTT	4-ATACCGTT	8.236954	-5.500380	0	T:4.0(10.53%),B:667.6(1.72%),P:1e-2	Tpos:544.4,Tstd:217.2,Bpos:530.7,Bstd:325.7,StrandBias:0.8,Multiplicity:2.75
0.700	0.100	0.100	0.100
0.100	0.100	0.100	0.700
0.700	0.100	0.100	0.100
0.100	0.700	0.100	0.100
0.100	0.700	0.100	0.100
0.100	0.100	0.700	0.100
0.100	0.100	0.100	0.700
0.100	0.100	0.100	0.700
>TTTGTAGT	5-TTTGTAGT	8.236954	-5.498856	0	T:9.0(23.68%),B:3323.9(8.56%),P:1e-2	Tpos:471.8,Tstd:225.6,Bpos:515.3,Bstd:315.0,StrandBias:-0.2,Multiplicity:2.11
0.100	0.100	0.100	0.700
0.100	0.100	0.100	0.700
0.100	0.100	0.100	0.700
0.100	0.100	0.700	0.100
0.100	0.100	0.100	0.700
0.700	0.100	0.100	0.100
0.100	0.100	0.700	0.100
0.100	0.100	0.100	0.700
>AAATAGAT	6-AAATAGAT	9.694957	-5.362361	0	T:11.0(28.95%),B:4750.0(12.24%),P:1e-2	Tpos:464.5,Tstd:243.1,Bpos:497.9,Bstd:317.2,StrandBias:1.7,Multiplicity:2.64
0.997	0.001	0.001	0.001
0.997	0.001	0.001	0.001
0.745	0.253	0.001	0.001
0.001	0.001	0.001	0.997
0.997	0.001	0.001	0.001
0.001	0.001	0.997	0.001
0.997	0.001	0.001	0.001
0.001	0.001	0.001	0.997
>GTTACACG	7-GTTACACG	6.291044	-1.667479	0	T:13.0(34.21%),B:10330.2(26.61%),P:1e0	Tpos:438.8,Tstd:194.7,Bpos:512.3,Bstd:329.1,StrandBias:3.4,Multiplicity:2.69
0.100	0.100	0.700	0.100
0.100	0.100	0.100	0.700
0.100	0.100	0.100	0.700
0.700	0.100	0.100	0.100
0.100	0.700	0.100	0.100
0.700	0.100	0.100	0.100
0.100	0.700	0.100	0.100
0.100	0.100	0.700	0.100
