>ATACCCTCAT	1-ATACCCTCAT	9.462432	-22.889233	0	T:18.0(19.15%),B:1113.2(2.76%),P:1e-9	Tpos:560.1,Tstd:298.1,Bpos:506.5,Bstd:324.3,StrandBias:1.4,Multiplicity:1.06
0.838	0.001	0.001	0.160
0.134	0.001	0.001	0.864
0.758	0.001	0.001	0.240
0.001	0.883	0.001	0.115
0.001	0.997	0.001	0.001
0.001	0.800	0.001	0.198
0.001	0.170	0.001	0.828
0.007	0.710	0.282	0.001
0.896	0.102	0.001	0.001
0.001	0.001	0.001	0.997
>TGCATCGGGA	2-TGCATCGGGA	10.366570	-18.576560	0	T:11.0(11.70%),B:439.9(1.09%),P:1e-8	Tpos:528.7,Tstd:331.5,Bpos:463.6,Bstd:330.9,StrandBias:0.3,Multiplicity:1.00
0.130	0.001	0.001	0.868
0.001	0.001	0.902	0.096
0.084	0.796	0.119	0.001
0.882	0.001	0.001	0.116
0.001	0.001	0.001	0.997
0.001	0.997	0.001	0.001
0.001	0.001	0.925	0.073
0.001	0.001	0.873	0.125
0.001	0.125	0.873	0.001
0.997	0.001	0.001	0.001
>GAGGGAATAG	3-GAGGGAATAG	10.014672	-17.990400	0	T:12.0(12.77%),B:586.8(1.45%),P:1e-7	Tpos:755.9,Tstd:122.1,Bpos:565.5,Bstd:332.7,StrandBias:-1.7,Multiplicity:1.08
0.001	0.001	0.997	0.001
0.997	0.001	0.001	0.001
0.001	0.001	0.949	0.049
0.056	0.001	0.942	0.001
0.120	0.001	0.878	0.001
0.763	0.121	0.115	0.001
0.892	0.001	0.106	0.001
0.032	0.082	0.060	0.826
0.997	0.001	0.001	0.001
0.001	0.104	0.820	0.075
>CAGGCTAGGC	4-CAGGCTAGGC	11.198059	-17.981890	0	T:6.0(6.38%),B:64.2(0.16%),P:1e-7	Tpos:411.6,Tstd:295.0,Bpos:566.5,Bstd:298.4,StrandBias:-0.4,Multiplicity:1.00
0.001	0.997	0.001	0.001
0.997	0.001	0.001	0.001
0.001	0.218	0.780	0.001
0.001	0.001	0.845	0.153
0.001	0.808	0.001	0.190
0.001	0.001	0.001	0.997
0.997	0.001	0.001	0.001
0.001	0.001	0.997	0.001
0.001	0.263	0.735	0.001
0.001	0.997	0.001	0.001
>GTTGTTCTGT	5-GTTGTTCTGT	9.454219	-17.639396	0	T:19.0(20.21%),B:1754.3(4.34%),P:1e-7	Tpos:514.2,Tstd:274.7,Bpos:504.5,Bstd:313.0,StrandBias:0.1,Multiplicity:1.11
0.036	0.001	0.962	0.001
0.001	0.076	0.001	0.922
0.001	0.001	0.001	0.997
0.001	0.044	0.954	0.001
0.084	0.072	0.093	0.751
0.001	0.079	0.001	0.919
0.001	0.870	0.030	0.099
0.001	0.067	0.065	0.867
0.036	0.048	0.889	0.027
0.038	0.001	0.057	0.904
>AAGGCTCTTA	6-AAGGCTCTTA	10.096206	-15.809388	0	T:10.0(10.64%),B:454.6(1.13%),P:1e-6	Tpos:380.2,Tstd:245.6,Bpos:468.6,Bstd:327.1,StrandBias:-0.2,Multiplicity:1.30
0.908	0.001	0.001	0.090
0.889	0.001	0.109	0.001
0.001	0.001	0.943	0.055
0.001	0.190	0.808	0.001
0.074	0.853	0.001	0.072
0.001	0.001	0.001	0.997
0.001	0.925	0.001	0.073
0.001	0.116	0.001	0.882
0.001	0.001	0.001	0.997
0.932	0.001	0.001	0.066
>GTGTCTTCCC	7-GTGTCTTCCC	11.787307	-14.244467	0	T:5.0(5.32%),B:65.9(0.16%),P:1e-6	Tpos:285.0,Tstd:300.5,Bpos:643.9,Bstd:304.9,StrandBias:2.0,Multiplicity:1.00
0.001	0.001	0.997	0.001
0.001	0.001	0.001	0.997
0.001	0.107	0.891	0.001
0.001	0.001	0.001	0.997
0.001	0.997	0.001	0.001
0.001	0.170	0.001	0.828
0.001	0.001	0.001	0.997
0.001	0.997	0.001	0.001
0.152	0.846	0.001	0.001
0.001	0.997	0.001	0.001
>GTTGCTGGCG	8-GTTGCTGGCG	11.118545	-13.556840	0	T:6.0(6.38%),B:141.0(0.35%),P:1e-5	Tpos:366.1,Tstd:250.8,Bpos:542.3,Bstd:312.7,StrandBias:-1.6,Multiplicity:1.33
0.112	0.001	0.886	0.001
0.001	0.001	0.001	0.997
0.001	0.001	0.154	0.844
0.001	0.001	0.997	0.001
0.001	0.997	0.001	0.001
0.001	0.001	0.001	0.997
0.001	0.001	0.867	0.131
0.001	0.122	0.876	0.001
0.089	0.909	0.001	0.001
0.001	0.001	0.997	0.001
>ATTTTTGGGA	9-ATTTTTGGGA	10.793762	-12.136815	0	T:12.0(12.77%),B:1028.3(2.55%),P:1e-5	Tpos:550.7,Tstd:296.0,Bpos:509.8,Bstd:312.5,StrandBias:-0.4,Multiplicity:1.17
0.997	0.001	0.001	0.001
0.001	0.073	0.001	0.925
0.001	0.001	0.001	0.997
0.001	0.001	0.001	0.997
0.073	0.001	0.092	0.834
0.192	0.001	0.001	0.806
0.001	0.001	0.997	0.001
0.001	0.001	0.997	0.001
0.001	0.001	0.997	0.001
0.964	0.001	0.034	0.001
>KGCGCASCGG	10-KGCGCASCGG	8.957946	-11.826464	0	T:9.0(9.57%),B:559.4(1.39%),P:1e-5	Tpos:294.0,Tstd:214.5,Bpos:542.3,Bstd:319.9,StrandBias:1.0,Multiplicity:1.67
0.130	0.107	0.448	0.316
0.188	0.001	0.810	0.001
0.001	0.997	0.001	0.001
0.001	0.001	0.997	0.001
0.001	0.997	0.001	0.001
0.997	0.001	0.001	0.001
0.164	0.429	0.320	0.087
0.167	0.514	0.001	0.318
0.191	0.001	0.714	0.094
0.001	0.001	0.997	0.001
>ACTTCGAGGA	11-ACTTCGAGGA	8.350283	-10.466176	0	T:14.0(14.89%),B:1643.1(4.07%),P:1e-4	Tpos:408.5,Tstd:283.7,Bpos:496.0,Bstd:319.2,StrandBias:0.4,Multiplicity:1.08
0.700	0.100	0.100	0.100
0.100	0.700	0.100	0.100
0.100	0.100	0.100	0.700
0.100	0.100	0.100	0.700
0.100	0.700	0.100	0.100
0.100	0.100	0.700	0.100
0.700	0.100	0.100	0.100
0.100	0.100	0.700	0.100
0.100	0.100	0.700	0.100
0.700	0.100	0.100	0.100
>GAAACTTCAG	12-GAAACTTCAG	9.739125	-9.634982	0	T:12.0(12.77%),B:1331.0(3.30%),P:1e-4	Tpos:449.9,Tstd:276.7,Bpos:513.9,Bstd:320.2,StrandBias:0.2,Multiplicity:1.25
0.001	0.001	0.997	0.001
0.887	0.001	0.001	0.111
0.741	0.001	0.130	0.128
0.800	0.001	0.152	0.047
0.018	0.869	0.059	0.054
0.001	0.001	0.001	0.997
0.001	0.001	0.001	0.997
0.103	0.748	0.052	0.097
0.830	0.035	0.001	0.134
0.025	0.045	0.828	0.102
>CCCCGGAAGG	13-CCCCGGAAGG	11.598614	-8.147562	0	T:2.0(2.13%),B:9.8(0.02%),P:1e-3	Tpos:353.7,Tstd:171.0,Bpos:608.5,Bstd:302.7,StrandBias:10.0,Multiplicity:1.50
0.067	0.695	0.001	0.237
0.133	0.699	0.167	0.001
0.001	0.929	0.001	0.069
0.001	0.785	0.069	0.145
0.147	0.001	0.770	0.082
0.200	0.172	0.627	0.001
0.928	0.070	0.001	0.001
0.929	0.069	0.001	0.001
0.001	0.104	0.827	0.068
0.070	0.001	0.852	0.077
>GTATATGAAT	14-GTATATGAAT	6.444485	-3.977484	0	T:32.0(34.04%),B:9715.2(24.05%),P:1e-1	Tpos:485.7,Tstd:253.8,Bpos:505.1,Bstd:311.7,StrandBias:-0.9,Multiplicity:1.53
0.045	0.098	0.836	0.021
0.060	0.094	0.166	0.680
0.724	0.123	0.074	0.079
0.072	0.201	0.113	0.614
0.716	0.110	0.125	0.049
0.065	0.117	0.163	0.655
0.033	0.068	0.813	0.086
0.701	0.133	0.111	0.055
0.590	0.190	0.131	0.089
0.048	0.138	0.142	0.672
>AGTTAGAACG	15-AGTTAGAACG	10.296193	-3.441145	0	T:1.0(1.06%),B:13.8(0.03%),P:1e-1	Tpos:531.4,Tstd:83.7,Bpos:479.3,Bstd:229.5,StrandBias:-10.0,Multiplicity:8.00
0.700	0.100	0.100	0.100
0.100	0.100	0.700	0.100
0.100	0.100	0.100	0.700
0.100	0.100	0.100	0.700
0.700	0.100	0.100	0.100
0.100	0.100	0.700	0.100
0.700	0.100	0.100	0.100
0.700	0.100	0.100	0.100
0.100	0.700	0.100	0.100
0.100	0.100	0.700	0.100
