>GCGGAGACAC	1-GCGGAGACAC	10.752093	-18.355679	0	T:7.0(19.44%),B:270.4(0.76%),P:1e-7	Tpos:584.1,Tstd:270.3,Bpos:549.9,Bstd:378.7,StrandBias:-0.4,Multiplicity:1.00
0.001	0.001	0.856	0.142
0.001	0.881	0.001	0.117
0.101	0.001	0.897	0.001
0.001	0.145	0.853	0.001
0.997	0.001	0.001	0.001
0.001	0.001	0.997	0.001
0.893	0.105	0.001	0.001
0.001	0.997	0.001	0.001
0.860	0.138	0.001	0.001
0.135	0.863	0.001	0.001
>AGCCGTCTWA	2-AGCCGTCTWA	9.456077	-17.602259	0	T:8.0(22.22%),B:476.0(1.33%),P:1e-7	Tpos:588.9,Tstd:217.8,Bpos:460.4,Bstd:367.0,StrandBias:0.3,Multiplicity:1.12
0.820	0.178	0.001	0.001
0.001	0.001	0.997	0.001
0.001	0.997	0.001	0.001
0.001	0.997	0.001	0.001
0.001	0.001	0.997	0.001
0.001	0.001	0.001	0.997
0.001	0.997	0.001	0.001
0.001	0.298	0.001	0.700
0.355	0.220	0.001	0.424
0.465	0.001	0.298	0.235
>ATTCTTTTTC	3-ATTCTTTTTC	11.033686	-16.301970	0	T:11.0(30.56%),B:1399.4(3.92%),P:1e-7	Tpos:386.3,Tstd:299.9,Bpos:511.2,Bstd:320.0,StrandBias:1.0,Multiplicity:1.09
0.997	0.001	0.001	0.001
0.001	0.001	0.001	0.997
0.001	0.001	0.001	0.997
0.001	0.876	0.122	0.001
0.001	0.069	0.001	0.929
0.001	0.072	0.066	0.861
0.068	0.001	0.001	0.930
0.092	0.001	0.001	0.906
0.001	0.001	0.001	0.997
0.001	0.997	0.001	0.001
>CGCTGGCCGA	4-CGCTGGCCGA	8.236967	-15.819496	0	T:10.0(27.78%),B:1140.3(3.19%),P:1e-6	Tpos:350.3,Tstd:268.0,Bpos:485.9,Bstd:387.6,StrandBias:-0.2,Multiplicity:1.30
0.093	0.753	0.001	0.153
0.114	0.075	0.810	0.001
0.091	0.793	0.115	0.001
0.001	0.146	0.091	0.762
0.008	0.211	0.670	0.111
0.001	0.001	0.997	0.001
0.096	0.699	0.204	0.001
0.001	0.788	0.210	0.001
0.146	0.100	0.753	0.001
0.997	0.001	0.001	0.001
>TCCTGATTTC	5-TCCTGATTTC	10.373781	-14.451890	0	T:8.0(22.22%),B:722.3(2.02%),P:1e-6	Tpos:600.4,Tstd:271.6,Bpos:543.2,Bstd:345.6,StrandBias:10.0,Multiplicity:1.00
0.001	0.147	0.126	0.726
0.109	0.822	0.001	0.068
0.128	0.774	0.089	0.009
0.084	0.001	0.001	0.914
0.001	0.196	0.802	0.001
0.772	0.001	0.001	0.226
0.319	0.001	0.001	0.679
0.001	0.001	0.001	0.997
0.001	0.001	0.001	0.997
0.001	0.997	0.001	0.001
>TTCGCCGATT	6-TTCGCCGATT	10.589911	-13.439488	0	T:9.0(25.00%),B:1134.6(3.18%),P:1e-5	Tpos:526.4,Tstd:298.4,Bpos:511.1,Bstd:358.7,StrandBias:0.0,Multiplicity:1.33
0.001	0.001	0.001	0.997
0.001	0.001	0.001	0.997
0.001	0.918	0.001	0.080
0.001	0.001	0.905	0.093
0.104	0.781	0.114	0.001
0.116	0.791	0.001	0.092
0.001	0.001	0.997	0.001
0.997	0.001	0.001	0.001
0.001	0.138	0.001	0.860
0.001	0.001	0.001	0.997
>TTACTTTCCT	7-TTACTTTCCT	10.150137	-11.060851	0	T:9.0(25.00%),B:1524.2(4.27%),P:1e-4	Tpos:529.1,Tstd:269.1,Bpos:529.5,Bstd:329.6,StrandBias:1.7,Multiplicity:1.44
0.001	0.001	0.001	0.997
0.001	0.001	0.001	0.997
0.934	0.001	0.001	0.064
0.069	0.877	0.001	0.053
0.001	0.001	0.001	0.997
0.001	0.167	0.001	0.831
0.001	0.001	0.142	0.856
0.001	0.937	0.001	0.061
0.001	0.913	0.001	0.085
0.102	0.138	0.001	0.759
>ATTTGAATTC	8-ATTTGAATTC	10.720265	-8.502799	0	T:9.0(25.00%),B:2124.8(5.95%),P:1e-3	Tpos:624.2,Tstd:181.1,Bpos:519.4,Bstd:306.2,StrandBias:1.7,Multiplicity:1.22
0.776	0.001	0.001	0.222
0.001	0.001	0.001	0.997
0.001	0.001	0.001	0.997
0.001	0.001	0.001	0.997
0.001	0.001	0.997	0.001
0.997	0.001	0.001	0.001
0.997	0.001	0.001	0.001
0.001	0.124	0.001	0.874
0.001	0.001	0.001	0.997
0.065	0.933	0.001	0.001
>CCTACGCCTA	9-CCTACGCCTA	9.812035	-8.371956	0	T:4.0(11.11%),B:296.5(0.83%),P:1e-3	Tpos:310.2,Tstd:290.7,Bpos:456.9,Bstd:326.1,StrandBias:-1.6,Multiplicity:1.00
0.001	0.996	0.001	0.002
0.078	0.920	0.001	0.001
0.105	0.005	0.006	0.884
0.630	0.082	0.200	0.088
0.182	0.738	0.001	0.079
0.304	0.111	0.488	0.098
0.001	0.672	0.115	0.212
0.001	0.898	0.001	0.100
0.001	0.001	0.001	0.997
0.796	0.202	0.001	0.001
>ACTACTACTA	10-ACTACTACTA	8.267875	-7.727333	0	T:8.0(22.22%),B:1858.8(5.20%),P:1e-3	Tpos:388.3,Tstd:231.2,Bpos:515.7,Bstd:315.8,StrandBias:0.4,Multiplicity:1.50
0.966	0.001	0.001	0.032
0.127	0.727	0.109	0.037
0.136	0.107	0.002	0.755
0.955	0.001	0.043	0.001
0.071	0.732	0.173	0.024
0.113	0.064	0.001	0.822
0.850	0.041	0.029	0.080
0.115	0.585	0.209	0.091
0.153	0.034	0.082	0.731
0.890	0.001	0.084	0.025
