>CCCCTTACGGTC	23-CCCCTTACGGTC,BestGuess:MF0001.1_ETS_class/Jaspar(0.602)	7.175703	-12.938780	0	T:22.0(17.74%),B:2217.1(5.74%),P:1e-5
0.001	0.840	0.097	0.062
0.001	0.769	0.059	0.171
0.163	0.646	0.035	0.156
0.062	0.738	0.036	0.164
0.106	0.232	0.031	0.631
0.098	0.064	0.036	0.802
0.537	0.093	0.198	0.172
0.036	0.874	0.031	0.059
0.195	0.060	0.655	0.090
0.070	0.090	0.714	0.126
0.001	0.127	0.001	0.871
0.001	0.927	0.001	0.071
