>TTTGTTTATGTT	13-TTTGTTTATGTT,BestGuess:fkh-2/MA0920.1/Jaspar(0.711)	10.772739	-18.342272	0	T:12.0(9.68%),B:404.6(1.05%),P:1e-7
0.144	0.033	0.040	0.783
0.069	0.076	0.052	0.803
0.041	0.027	0.053	0.879
0.154	0.171	0.596	0.079
0.026	0.035	0.023	0.916
0.265	0.022	0.065	0.648
0.029	0.286	0.205	0.480
0.680	0.143	0.101	0.076
0.049	0.102	0.047	0.802
0.078	0.118	0.691	0.113
0.289	0.039	0.043	0.629
0.047	0.056	0.202	0.695
