>WTGATKKTCCGW	9-WTGATKKTCCGW,BestGuess:MF0003.1_REL_class/Jaspar(0.554)	9.580177	-21.032047	0	T:25.0(10.08%),B:864.5(2.24%),P:1e-9
0.562	0.001	0.001	0.436
0.001	0.113	0.331	0.555
0.029	0.108	0.821	0.042
0.834	0.001	0.121	0.044
0.001	0.001	0.332	0.666
0.002	0.001	0.550	0.447
0.001	0.001	0.477	0.521
0.001	0.121	0.001	0.877
0.040	0.873	0.001	0.086
0.001	0.867	0.131	0.001
0.055	0.129	0.519	0.297
0.507	0.103	0.001	0.389
