>CCGAGAGCCGGA	15-CCGAGAGCCGGA,BestGuess:eor-1/MA0543.1/Jaspar(0.565)	7.575349	-18.907736	0	T:42.0(16.94%),B:2432.2(6.29%),P:1e-8
0.210	0.642	0.068	0.080
0.069	0.628	0.136	0.167
0.115	0.059	0.814	0.012
0.802	0.043	0.063	0.092
0.138	0.082	0.707	0.073
0.868	0.083	0.001	0.048
0.081	0.073	0.786	0.060
0.125	0.718	0.075	0.082
0.151	0.664	0.068	0.117
0.109	0.100	0.688	0.103
0.037	0.131	0.776	0.056
0.909	0.015	0.045	0.031
