>GCGCCTTCAAAT	5-ATTTGAAGGCGC	8.189394	-8.355168	0	T:8.0(38.10%),B:2738.5(8.68%),P:1e-3
0.069	0.109	0.785	0.037
0.001	0.778	0.114	0.107
0.045	0.001	0.744	0.210
0.001	0.753	0.145	0.101
0.117	0.820	0.062	0.001
0.179	0.063	0.054	0.704
0.110	0.057	0.250	0.583
0.188	0.626	0.054	0.132
0.930	0.068	0.001	0.001
0.893	0.105	0.001	0.001
0.749	0.132	0.056	0.063
0.225	0.132	0.001	0.642
