>AGAGACGCAG	1-AGAGACGCAG	7.977159	-38.924957	0	T:69.0(39.20%),B:4821.1(13.29%),P:1e-16	Tpos:530.1,Tstd:288.5,Bpos:550.3,Bstd:357.0,StrandBias:-0.9,Multiplicity:1.26
0.872	0.001	0.078	0.049
0.241	0.047	0.711	0.001
0.876	0.001	0.067	0.056
0.095	0.001	0.903	0.001
0.794	0.060	0.074	0.072
0.001	0.894	0.001	0.104
0.265	0.001	0.733	0.001
0.001	0.920	0.078	0.001
0.675	0.039	0.105	0.181
0.001	0.029	0.969	0.001
>RCGAGACCGC	2-RCGAGACCGC	8.401893	-28.613611	0	T:33.0(18.75%),B:1486.0(4.10%),P:1e-12	Tpos:433.7,Tstd:275.6,Bpos:541.9,Bstd:350.5,StrandBias:-0.3,Multiplicity:1.09
0.541	0.001	0.457	0.001
0.189	0.809	0.001	0.001
0.001	0.001	0.997	0.001
0.918	0.001	0.001	0.080
0.001	0.001	0.997	0.001
0.800	0.001	0.193	0.006
0.191	0.720	0.001	0.088
0.004	0.824	0.171	0.001
0.253	0.119	0.627	0.001
0.001	0.607	0.334	0.058
>ATCGATCTCC	3-ATCGATCTCC	8.704161	-26.641044	0	T:44.0(25.00%),B:2793.0(7.70%),P:1e-11	Tpos:528.4,Tstd:303.8,Bpos:510.7,Bstd:388.2,StrandBias:0.7,Multiplicity:1.25
0.731	0.124	0.060	0.085
0.001	0.339	0.080	0.580
0.100	0.776	0.078	0.046
0.046	0.001	0.952	0.001
0.917	0.049	0.005	0.029
0.004	0.090	0.005	0.901
0.002	0.633	0.001	0.364
0.001	0.065	0.360	0.574
0.079	0.657	0.001	0.263
0.001	0.954	0.001	0.044
>GCGTGCAGTG	4-GCGTGCAGTG	10.330607	-25.216065	0	T:13.0(7.39%),B:178.3(0.49%),P:1e-10	Tpos:562.1,Tstd:291.9,Bpos:538.7,Bstd:339.2,StrandBias:-0.2,Multiplicity:1.00
0.103	0.098	0.798	0.001
0.066	0.832	0.101	0.001
0.001	0.124	0.874	0.001
0.001	0.001	0.001	0.997
0.103	0.001	0.895	0.001
0.001	0.903	0.001	0.095
0.927	0.001	0.071	0.001
0.001	0.001	0.997	0.001
0.001	0.001	0.001	0.997
0.112	0.001	0.886	0.001
>CGCGGCCGCT	5-CGCGGCCGCT	10.435830	-21.457153	0	T:12.0(6.82%),B:196.2(0.54%),P:1e-9	Tpos:640.0,Tstd:276.4,Bpos:553.6,Bstd:376.5,StrandBias:0.5,Multiplicity:1.00
0.001	0.997	0.001	0.001
0.001	0.001	0.997	0.001
0.001	0.919	0.001	0.079
0.100	0.048	0.851	0.001
0.001	0.001	0.868	0.130
0.001	0.880	0.118	0.001
0.001	0.997	0.001	0.001
0.090	0.001	0.908	0.001
0.146	0.852	0.001	0.001
0.100	0.001	0.074	0.825
>GGTAATGCAC	6-GGTAATGCAC	9.614768	-20.222587	0	T:13.0(7.39%),B:273.5(0.75%),P:1e-8	Tpos:480.3,Tstd:257.4,Bpos:511.1,Bstd:353.8,StrandBias:-1.2,Multiplicity:1.00
0.001	0.001	0.997	0.001
0.060	0.001	0.938	0.001
0.038	0.001	0.001	0.960
0.888	0.001	0.110	0.001
0.997	0.001	0.001	0.001
0.100	0.185	0.001	0.714
0.087	0.117	0.795	0.001
0.105	0.805	0.001	0.089
0.997	0.001	0.001	0.001
0.001	0.997	0.001	0.001
>TTTTCAGCGG	7-TTTTCAGCGG	9.542473	-19.828798	0	T:37.0(21.02%),B:2568.1(7.08%),P:1e-8	Tpos:550.8,Tstd:316.2,Bpos:510.8,Bstd:392.5,StrandBias:-0.1,Multiplicity:1.17
0.029	0.063	0.001	0.907
0.001	0.001	0.001	0.997
0.001	0.001	0.001	0.997
0.001	0.001	0.038	0.960
0.001	0.978	0.020	0.001
0.933	0.001	0.047	0.019
0.047	0.190	0.742	0.021
0.001	0.941	0.052	0.006
0.320	0.056	0.588	0.036
0.001	0.041	0.957	0.001
>AACTCGATGG	8-AACTCGATGG	8.544982	-19.723639	0	T:30.0(17.05%),B:1765.7(4.87%),P:1e-8	Tpos:421.8,Tstd:325.5,Bpos:481.3,Bstd:335.8,StrandBias:-0.3,Multiplicity:1.07
0.997	0.001	0.001	0.001
0.639	0.108	0.166	0.087
0.109	0.564	0.042	0.285
0.218	0.106	0.001	0.675
0.001	0.677	0.031	0.291
0.001	0.001	0.878	0.120
0.706	0.292	0.001	0.001
0.088	0.001	0.001	0.910
0.001	0.001	0.997	0.001
0.060	0.236	0.591	0.113
>AAAACGGGGG	9-AAAACGGGGG	9.533553	-19.523650	0	T:27.0(15.34%),B:1460.9(4.03%),P:1e-8	Tpos:464.0,Tstd:296.9,Bpos:539.7,Bstd:367.8,StrandBias:-1.9,Multiplicity:1.04
0.836	0.093	0.001	0.070
0.997	0.001	0.001	0.001
0.997	0.001	0.001	0.001
0.997	0.001	0.001	0.001
0.001	0.717	0.048	0.234
0.100	0.050	0.849	0.001
0.025	0.056	0.918	0.001
0.001	0.042	0.921	0.036
0.062	0.035	0.863	0.040
0.001	0.040	0.916	0.043
>TRTTTCTGGC	10-TRTTTCTGGC	9.138049	-19.410964	0	T:28.0(15.91%),B:1573.2(4.34%),P:1e-8	Tpos:521.6,Tstd:286.1,Bpos:484.9,Bstd:339.0,StrandBias:-0.9,Multiplicity:1.11
0.001	0.207	0.234	0.558
0.435	0.156	0.369	0.040
0.098	0.188	0.001	0.713
0.001	0.001	0.001	0.997
0.001	0.001	0.222	0.776
0.001	0.763	0.093	0.143
0.038	0.119	0.001	0.842
0.001	0.001	0.997	0.001
0.211	0.001	0.787	0.001
0.001	0.988	0.010	0.001
>CGAATAGCAG	11-CGAATAGCAG	7.922118	-17.577480	0	T:28.0(15.91%),B:1716.2(4.73%),P:1e-7	Tpos:357.6,Tstd:253.5,Bpos:507.7,Bstd:350.3,StrandBias:0.3,Multiplicity:1.21
0.001	0.857	0.036	0.106
0.001	0.109	0.889	0.001
0.694	0.030	0.142	0.134
0.811	0.019	0.029	0.141
0.001	0.094	0.142	0.763
0.691	0.188	0.070	0.051
0.017	0.167	0.815	0.001
0.031	0.764	0.001	0.204
0.799	0.054	0.031	0.116
0.031	0.036	0.932	0.001
>TGCCWCGCSG	12-TGCCWCGCSG	8.264702	-16.350580	0	T:25.0(14.20%),B:1484.8(4.09%),P:1e-7	Tpos:500.1,Tstd:288.3,Bpos:527.3,Bstd:369.4,StrandBias:0.0,Multiplicity:1.08
0.001	0.217	0.001	0.781
0.001	0.001	0.844	0.154
0.001	0.826	0.001	0.172
0.074	0.634	0.291	0.001
0.379	0.001	0.097	0.523
0.096	0.838	0.065	0.001
0.170	0.001	0.828	0.001
0.360	0.638	0.001	0.001
0.001	0.546	0.452	0.001
0.001	0.001	0.997	0.001
>CTTTTCGGGG	13-CTTTTCGGGG	9.411311	-14.231362	0	T:23.0(13.07%),B:1437.5(3.96%),P:1e-6	Tpos:513.8,Tstd:286.9,Bpos:509.8,Bstd:367.5,StrandBias:0.5,Multiplicity:1.09
0.001	0.769	0.048	0.182
0.081	0.001	0.001	0.917
0.001	0.001	0.001	0.997
0.131	0.001	0.001	0.867
0.001	0.001	0.001	0.997
0.001	0.964	0.001	0.034
0.064	0.001	0.934	0.001
0.041	0.059	0.857	0.043
0.064	0.028	0.875	0.033
0.048	0.063	0.888	0.001
>AAGATTGTAT	14-AAGATTGTAT	11.088492	-13.342034	0	T:13.0(7.39%),B:506.0(1.39%),P:1e-5	Tpos:432.4,Tstd:290.9,Bpos:493.3,Bstd:303.9,StrandBias:-0.4,Multiplicity:1.08
0.997	0.001	0.001	0.001
0.997	0.001	0.001	0.001
0.116	0.001	0.882	0.001
0.997	0.001	0.001	0.001
0.395	0.001	0.001	0.603
0.001	0.001	0.001	0.997
0.051	0.001	0.947	0.001
0.192	0.001	0.001	0.806
0.997	0.001	0.001	0.001
0.156	0.001	0.001	0.842
>TTTCACATTA	15-TTTCACATTA	10.746770	-13.262424	0	T:15.0(8.52%),B:684.8(1.89%),P:1e-5	Tpos:498.2,Tstd:313.7,Bpos:497.2,Bstd:310.6,StrandBias:0.9,Multiplicity:1.13
0.001	0.064	0.001	0.934
0.001	0.001	0.091	0.907
0.062	0.001	0.001	0.936
0.138	0.860	0.001	0.001
0.997	0.001	0.001	0.001
0.001	0.997	0.001	0.001
0.997	0.001	0.001	0.001
0.001	0.035	0.001	0.963
0.001	0.001	0.001	0.997
0.997	0.001	0.001	0.001
>CTCTCTCTCT	16-CTCTCTCTCT	9.887982	-12.634803	0	T:45.0(25.57%),B:4616.0(12.72%),P:1e-5	Tpos:480.7,Tstd:300.8,Bpos:559.2,Bstd:351.2,StrandBias:1.7,Multiplicity:1.24
0.001	0.619	0.005	0.375
0.304	0.001	0.001	0.694
0.001	0.666	0.001	0.332
0.001	0.001	0.001	0.997
0.001	0.583	0.001	0.415
0.001	0.001	0.001	0.997
0.001	0.726	0.177	0.096
0.001	0.001	0.147	0.851
0.001	0.888	0.001	0.110
0.157	0.001	0.064	0.778
>TGTTAACGGA	17-TGTTAACGGA	10.351784	-12.575036	0	T:11.0(6.25%),B:379.1(1.04%),P:1e-5	Tpos:650.9,Tstd:268.3,Bpos:531.1,Bstd:351.3,StrandBias:-0.2,Multiplicity:1.09
0.001	0.001	0.001	0.997
0.001	0.108	0.815	0.076
0.001	0.001	0.001	0.997
0.001	0.088	0.001	0.910
0.860	0.001	0.077	0.062
0.997	0.001	0.001	0.001
0.067	0.876	0.001	0.056
0.073	0.001	0.879	0.047
0.001	0.001	0.997	0.001
0.741	0.114	0.144	0.001
>CGTCAAATTC	18-CGTCAAATTC	10.097281	-12.257758	0	T:21.0(11.93%),B:1384.4(3.82%),P:1e-5	Tpos:411.3,Tstd:257.4,Bpos:494.1,Bstd:342.8,StrandBias:0.2,Multiplicity:1.10
0.001	0.883	0.001	0.115
0.001	0.052	0.859	0.088
0.001	0.052	0.001	0.946
0.001	0.820	0.001	0.178
0.777	0.001	0.221	0.001
0.997	0.001	0.001	0.001
0.997	0.001	0.001	0.001
0.042	0.001	0.001	0.956
0.001	0.001	0.001	0.997
0.001	0.883	0.057	0.059
>GAGCTTCGGT	19-GAGCTTCGGT	10.296193	-11.681387	0	T:4.0(2.27%),B:23.6(0.06%),P:1e-5	Tpos:369.8,Tstd:121.2,Bpos:411.0,Bstd:297.6,StrandBias:0.0,Multiplicity:1.00
0.100	0.100	0.700	0.100
0.700	0.100	0.100	0.100
0.100	0.100	0.700	0.100
0.100	0.700	0.100	0.100
0.100	0.100	0.100	0.700
0.100	0.100	0.100	0.700
0.100	0.700	0.100	0.100
0.100	0.100	0.700	0.100
0.100	0.100	0.700	0.100
0.100	0.100	0.100	0.700
>TAGATAGTCT	20-TAGATAGTCT	8.350283	-11.508021	0	T:19.0(10.80%),B:1223.8(3.37%),P:1e-4	Tpos:458.5,Tstd:289.6,Bpos:514.9,Bstd:325.4,StrandBias:-0.2,Multiplicity:1.06
0.100	0.100	0.100	0.700
0.700	0.100	0.100	0.100
0.100	0.100	0.700	0.100
0.700	0.100	0.100	0.100
0.100	0.100	0.100	0.700
0.700	0.100	0.100	0.100
0.100	0.100	0.700	0.100
0.100	0.100	0.100	0.700
0.100	0.700	0.100	0.100
0.100	0.100	0.100	0.700
>GATACCTAAC	21-GATACCTAAC	11.257332	-11.015839	0	T:6.0(3.41%),B:104.3(0.29%),P:1e-4	Tpos:379.2,Tstd:200.5,Bpos:501.9,Bstd:319.2,StrandBias:0.0,Multiplicity:1.00
0.001	0.082	0.916	0.001
0.743	0.001	0.001	0.255
0.001	0.001	0.001	0.997
0.997	0.001	0.001	0.001
0.001	0.997	0.001	0.001
0.001	0.997	0.001	0.001
0.221	0.023	0.217	0.539
0.997	0.001	0.001	0.001
0.997	0.001	0.001	0.001
0.001	0.793	0.001	0.205
>CTATATATTT	22-CTATATATTT	9.853817	-7.714957	0	T:32.0(18.18%),B:3538.1(9.75%),P:1e-3	Tpos:380.6,Tstd:329.8,Bpos:512.4,Bstd:312.7,StrandBias:0.5,Multiplicity:1.34
0.001	0.750	0.074	0.175
0.186	0.001	0.001	0.812
0.997	0.001	0.001	0.001
0.342	0.001	0.001	0.656
0.839	0.121	0.001	0.039
0.001	0.054	0.042	0.903
0.888	0.058	0.053	0.001
0.001	0.001	0.061	0.937
0.304	0.024	0.076	0.596
0.001	0.001	0.001	0.997
>TAAAATTCCC	23-TAAAATTCCC	12.058045	-1.670056	0	T:4.0(2.27%),B:461.8(1.27%),P:1e0	Tpos:287.5,Tstd:160.0,Bpos:483.4,Bstd:369.5,StrandBias:4.1,Multiplicity:4.50
0.001	0.169	0.001	0.829
0.997	0.001	0.001	0.001
0.997	0.001	0.001	0.001
0.997	0.001	0.001	0.001
0.997	0.001	0.001	0.001
0.001	0.001	0.001	0.997
0.001	0.001	0.001	0.997
0.001	0.997	0.001	0.001
0.001	0.997	0.001	0.001
0.001	0.997	0.001	0.001
