>CTGCGTCT	1-CTGCGTCT	8.043991	-24.258417	0	T:55.0(31.25%),B:4439.8(12.24%),P:1e-10	Tpos:537.1,Tstd:262.9,Bpos:540.3,Bstd:360.3,StrandBias:0.8,Multiplicity:1.17
0.001	0.958	0.040	0.001
0.001	0.001	0.141	0.857
0.001	0.098	0.900	0.001
0.001	0.997	0.001	0.001
0.001	0.001	0.997	0.001
0.076	0.001	0.001	0.922
0.001	0.868	0.130	0.001
0.001	0.017	0.001	0.981
>CGCGCGTS	2-CGCGCGTS	6.818410	-16.626921	0	T:52.0(29.55%),B:5024.9(13.85%),P:1e-7	Tpos:530.8,Tstd:278.4,Bpos:559.9,Bstd:383.1,StrandBias:0.0,Multiplicity:1.38
0.007	0.883	0.052	0.058
0.022	0.003	0.972	0.003
0.001	0.988	0.010	0.001
0.046	0.015	0.903	0.036
0.001	0.730	0.006	0.263
0.012	0.001	0.672	0.315
0.205	0.053	0.229	0.513
0.001	0.503	0.375	0.121
>GMATATCG	3-GMATATCG	7.805150	-13.854902	0	T:69.0(39.20%),B:8297.6(22.87%),P:1e-6	Tpos:545.6,Tstd:281.5,Bpos:513.0,Bstd:379.2,StrandBias:-0.4,Multiplicity:1.49
0.007	0.001	0.991	0.001
0.490	0.508	0.001	0.001
0.863	0.135	0.001	0.001
0.341	0.001	0.001	0.657
0.997	0.001	0.001	0.001
0.001	0.001	0.001	0.997
0.001	0.997	0.001	0.001
0.001	0.121	0.877	0.001
>AATCCCCC	4-AATCCCCC	4.701203	-13.086246	0	T:70.0(39.77%),B:8643.3(23.83%),P:1e-5	Tpos:502.2,Tstd:272.4,Bpos:513.1,Bstd:346.0,StrandBias:1.4,Multiplicity:1.46
0.997	0.001	0.001	0.001
0.726	0.001	0.001	0.272
0.001	0.001	0.001	0.997
0.001	0.909	0.001	0.089
0.001	0.997	0.001	0.001
0.161	0.837	0.001	0.001
0.001	0.997	0.001	0.001
0.001	0.982	0.001	0.016
>CCGCKGCG	5-CCGCKGCG	6.183677	-8.833735	0	T:61.0(34.66%),B:8127.1(22.40%),P:1e-3	Tpos:504.1,Tstd:286.8,Bpos:521.1,Bstd:376.8,StrandBias:-0.2,Multiplicity:1.68
0.022	0.976	0.001	0.001
0.052	0.671	0.212	0.065
0.211	0.001	0.787	0.001
0.001	0.997	0.001	0.001
0.078	0.171	0.327	0.423
0.226	0.144	0.484	0.146
0.020	0.978	0.001	0.001
0.001	0.093	0.858	0.048
