>AGCTGCTATTCG	1-AGCTGCTATTCG	13.982398	-30.799069	0	T:7.0(3.98%),B:5.2(0.01%),P:1e-13	Tpos:303.6,Tstd:184.5,Bpos:456.8,Bstd:313.6,StrandBias:-1.3,Multiplicity:1.00
0.844	0.001	0.001	0.154
0.001	0.001	0.821	0.177
0.001	0.997	0.001	0.001
0.177	0.001	0.001	0.821
0.001	0.001	0.997	0.001
0.001	0.997	0.001	0.001
0.001	0.001	0.154	0.844
0.997	0.001	0.001	0.001
0.001	0.177	0.001	0.821
0.001	0.001	0.001	0.997
0.001	0.997	0.001	0.001
0.001	0.001	0.997	0.001
>GAGACGCAGAGA	2-GAGACGCAGAGA	11.600691	-30.412934	0	T:33.0(18.75%),B:1391.0(3.83%),P:1e-13	Tpos:619.4,Tstd:249.8,Bpos:572.6,Bstd:357.0,StrandBias:-0.8,Multiplicity:1.06
0.001	0.078	0.920	0.001
0.997	0.001	0.001	0.001
0.001	0.001	0.997	0.001
0.782	0.090	0.063	0.065
0.001	0.866	0.079	0.054
0.001	0.001	0.925	0.073
0.041	0.873	0.085	0.001
0.997	0.001	0.001	0.001
0.001	0.001	0.997	0.001
0.943	0.001	0.001	0.055
0.024	0.143	0.832	0.001
0.997	0.001	0.001	0.001
>CMGTMSTYCGTG	3-CMGTMSTYCGTG	9.848939	-28.639228	0	T:8.0(4.55%),B:18.6(0.05%),P:1e-12	Tpos:498.8,Tstd:315.3,Bpos:352.1,Bstd:239.5,StrandBias:1.6,Multiplicity:1.00
0.001	0.997	0.001	0.001
0.542	0.456	0.001	0.001
0.001	0.001	0.997	0.001
0.001	0.001	0.001	0.997
0.542	0.456	0.001	0.001
0.001	0.542	0.456	0.001
0.014	0.001	0.016	0.969
0.001	0.457	0.010	0.532
0.001	0.983	0.001	0.015
0.001	0.001	0.997	0.001
0.001	0.001	0.015	0.983
0.001	0.001	0.997	0.001
>TTSCGTGAGGGT	4-TTSCGTGAGGGT	11.490206	-25.810241	0	T:11.0(6.25%),B:98.4(0.27%),P:1e-11	Tpos:650.5,Tstd:305.9,Bpos:594.7,Bstd:352.2,StrandBias:0.8,Multiplicity:1.00
0.001	0.001	0.001	0.997
0.001	0.001	0.162	0.836
0.223	0.389	0.250	0.139
0.001	0.997	0.001	0.001
0.001	0.001	0.997	0.001
0.001	0.001	0.001	0.997
0.001	0.186	0.812	0.001
0.758	0.001	0.103	0.138
0.006	0.093	0.738	0.163
0.001	0.001	0.812	0.186
0.001	0.001	0.860	0.138
0.001	0.001	0.001	0.997
>TTCATAGTAAAA	5-TTCATAGTAAAA	12.762053	-25.231738	0	T:16.0(9.09%),B:322.9(0.89%),P:1e-10	Tpos:502.8,Tstd:318.9,Bpos:478.5,Bstd:325.1,StrandBias:-0.4,Multiplicity:1.00
0.001	0.001	0.001	0.997
0.001	0.001	0.001	0.997
0.074	0.867	0.001	0.058
0.906	0.092	0.001	0.001
0.001	0.001	0.001	0.997
0.943	0.001	0.001	0.055
0.187	0.073	0.739	0.001
0.105	0.001	0.068	0.826
0.896	0.001	0.102	0.001
0.997	0.001	0.001	0.001
0.893	0.105	0.001	0.001
0.997	0.001	0.001	0.001
>GAAGGAAAATCG	6-GAAGGAAAATCG	10.351319	-24.590407	0	T:31.0(17.61%),B:1530.5(4.22%),P:1e-10	Tpos:543.9,Tstd:316.8,Bpos:535.2,Bstd:374.2,StrandBias:-0.5,Multiplicity:1.03
0.082	0.157	0.760	0.001
0.849	0.119	0.031	0.001
0.751	0.151	0.069	0.029
0.092	0.072	0.768	0.068
0.126	0.001	0.872	0.001
0.997	0.001	0.001	0.001
0.997	0.001	0.001	0.001
0.926	0.001	0.001	0.072
0.776	0.149	0.044	0.031
0.061	0.001	0.026	0.912
0.067	0.839	0.044	0.050
0.089	0.102	0.558	0.251
>TGGCGCCAAAAA	7-TGGCGCCAAAAA	13.574310	-23.483093	0	T:10.0(5.68%),B:90.2(0.25%),P:1e-10	Tpos:336.9,Tstd:293.6,Bpos:581.1,Bstd:332.2,StrandBias:0.0,Multiplicity:1.00
0.001	0.001	0.135	0.863
0.200	0.095	0.704	0.001
0.001	0.001	0.997	0.001
0.001	0.997	0.001	0.001
0.001	0.001	0.997	0.001
0.001	0.997	0.001	0.001
0.135	0.863	0.001	0.001
0.799	0.001	0.001	0.199
0.997	0.001	0.001	0.001
0.846	0.001	0.001	0.152
0.997	0.001	0.001	0.001
0.997	0.001	0.001	0.001
>AGCCGCCCCTTT	8-AGCCGCCCCTTT	9.205634	-22.990239	0	T:11.0(6.25%),B:130.6(0.36%),P:1e-9	Tpos:604.0,Tstd:242.0,Bpos:533.8,Bstd:342.3,StrandBias:0.8,Multiplicity:1.00
0.588	0.001	0.001	0.410
0.007	0.001	0.991	0.001
0.001	0.617	0.001	0.381
0.001	0.997	0.001	0.001
0.001	0.001	0.997	0.001
0.001	0.824	0.174	0.001
0.001	0.779	0.001	0.219
0.328	0.480	0.191	0.001
0.001	0.991	0.007	0.001
0.001	0.001	0.007	0.991
0.001	0.219	0.001	0.779
0.001	0.001	0.001	0.997
>TGCGGWTGTTYT	9-TGCGGWTGTTYT	10.493212	-21.557660	0	T:25.0(14.20%),B:1135.9(3.13%),P:1e-9	Tpos:510.5,Tstd:267.8,Bpos:507.9,Bstd:322.0,StrandBias:0.8,Multiplicity:1.08
0.001	0.001	0.001	0.997
0.064	0.226	0.588	0.122
0.001	0.662	0.001	0.336
0.234	0.001	0.579	0.186
0.122	0.001	0.706	0.171
0.353	0.173	0.197	0.277
0.001	0.001	0.001	0.997
0.399	0.001	0.599	0.001
0.001	0.001	0.001	0.997
0.001	0.001	0.001	0.997
0.001	0.491	0.001	0.507
0.001	0.001	0.001	0.997
>GATTTTAATCAA	10-GATTTTAATCAA	13.004953	-21.471705	0	T:17.0(9.66%),B:487.3(1.34%),P:1e-9	Tpos:579.1,Tstd:290.2,Bpos:520.6,Bstd:352.8,StrandBias:-0.2,Multiplicity:1.00
0.058	0.091	0.786	0.065
0.925	0.001	0.001	0.073
0.001	0.001	0.001	0.997
0.001	0.001	0.001	0.997
0.001	0.001	0.001	0.997
0.001	0.001	0.001	0.997
0.920	0.078	0.001	0.001
0.688	0.001	0.197	0.114
0.001	0.001	0.120	0.878
0.001	0.905	0.001	0.093
0.997	0.001	0.001	0.001
0.997	0.001	0.001	0.001
>TTCTTCCTTCTC	11-TTCTTCCTTCTC	12.971545	-21.272440	0	T:14.0(7.95%),B:304.4(0.84%),P:1e-9	Tpos:530.8,Tstd:363.4,Bpos:519.5,Bstd:344.0,StrandBias:1.3,Multiplicity:1.00
0.001	0.001	0.001	0.997
0.001	0.001	0.001	0.997
0.001	0.938	0.001	0.060
0.001	0.073	0.001	0.925
0.001	0.001	0.001	0.997
0.111	0.887	0.001	0.001
0.283	0.549	0.001	0.167
0.001	0.001	0.001	0.997
0.001	0.092	0.001	0.906
0.001	0.958	0.001	0.040
0.001	0.099	0.001	0.899
0.001	0.997	0.001	0.001
>AGAGAGATGCTG	12-AGAGAGATGCTG	10.329442	-20.610946	0	T:12.0(6.82%),B:212.0(0.58%),P:1e-8	Tpos:520.7,Tstd:249.8,Bpos:472.7,Bstd:320.3,StrandBias:-0.2,Multiplicity:1.08
0.839	0.001	0.001	0.159
0.001	0.083	0.841	0.075
0.790	0.112	0.097	0.001
0.001	0.001	0.997	0.001
0.838	0.097	0.064	0.001
0.136	0.001	0.751	0.112
0.609	0.278	0.112	0.001
0.080	0.028	0.001	0.891
0.001	0.115	0.883	0.001
0.064	0.787	0.075	0.074
0.028	0.078	0.003	0.891
0.002	0.097	0.900	0.001
>KSGGGTCTCGCS	13-KSGGGTCTCGCS	9.176935	-20.566174	0	T:13.0(7.39%),B:265.8(0.73%),P:1e-8	Tpos:543.0,Tstd:212.7,Bpos:548.8,Bstd:351.4,StrandBias:1.5,Multiplicity:1.15
0.009	0.001	0.451	0.539
0.001	0.480	0.518	0.001
0.001	0.001	0.997	0.001
0.001	0.001	0.997	0.001
0.001	0.001	0.997	0.001
0.001	0.001	0.001	0.997
0.001	0.997	0.001	0.001
0.001	0.001	0.001	0.997
0.001	0.615	0.001	0.383
0.001	0.001	0.997	0.001
0.001	0.925	0.001	0.073
0.004	0.469	0.523	0.004
>TCGCCACCCGTC	14-TCGCCACCCGTC	13.746106	-20.347526	0	T:6.0(3.41%),B:18.4(0.05%),P:1e-8	Tpos:322.2,Tstd:306.3,Bpos:414.0,Bstd:365.4,StrandBias:0.0,Multiplicity:1.00
0.001	0.001	0.001	0.997
0.001	0.997	0.001	0.001
0.001	0.001	0.997	0.001
0.187	0.811	0.001	0.001
0.421	0.577	0.001	0.001
0.797	0.201	0.001	0.001
0.001	0.997	0.001	0.001
0.001	0.997	0.001	0.001
0.001	0.997	0.001	0.001
0.001	0.001	0.997	0.001
0.168	0.001	0.001	0.830
0.001	0.997	0.001	0.001
>CGAAAATCGATA	15-CGAAAATCGATA	10.567333	-19.843885	0	T:40.0(22.73%),B:2940.9(8.11%),P:1e-8	Tpos:538.7,Tstd:295.8,Bpos:533.3,Bstd:391.2,StrandBias:-1.4,Multiplicity:1.20
0.134	0.815	0.001	0.050
0.215	0.001	0.731	0.053
0.915	0.001	0.083	0.001
0.997	0.001	0.001	0.001
0.997	0.001	0.001	0.001
0.997	0.001	0.001	0.001
0.001	0.001	0.001	0.997
0.001	0.997	0.001	0.001
0.045	0.001	0.869	0.085
0.900	0.098	0.001	0.001
0.040	0.001	0.001	0.958
0.888	0.076	0.035	0.001
>ATGTTTTTGGCC	16-ATGTTTTTGGCC	13.656532	-19.106452	0	T:6.0(3.41%),B:23.3(0.06%),P:1e-8	Tpos:572.5,Tstd:335.0,Bpos:634.0,Bstd:313.3,StrandBias:0.0,Multiplicity:1.00
0.751	0.001	0.120	0.128
0.001	0.161	0.001	0.837
0.072	0.001	0.852	0.075
0.001	0.001	0.001	0.997
0.001	0.001	0.001	0.997
0.001	0.001	0.001	0.997
0.140	0.001	0.001	0.858
0.001	0.001	0.001	0.997
0.001	0.001	0.997	0.001
0.001	0.001	0.997	0.001
0.001	0.997	0.001	0.001
0.075	0.811	0.001	0.113
>AGTAAAACTCCG	17-AGTAAAACTCCG	13.782372	-18.676198	0	T:6.0(3.41%),B:25.3(0.07%),P:1e-8	Tpos:571.4,Tstd:256.7,Bpos:518.6,Bstd:222.8,StrandBias:-0.4,Multiplicity:1.17
0.997	0.001	0.001	0.001
0.001	0.001	0.997	0.001
0.097	0.170	0.148	0.585
0.997	0.001	0.001	0.001
0.997	0.001	0.001	0.001
0.997	0.001	0.001	0.001
0.997	0.001	0.001	0.001
0.148	0.732	0.001	0.119
0.001	0.001	0.001	0.997
0.001	0.851	0.147	0.001
0.001	0.997	0.001	0.001
0.001	0.001	0.997	0.001
>TAKCAATAGAAC	18-TAKCAATAGAAC	13.640231	-16.611441	0	T:5.0(2.84%),B:17.3(0.05%),P:1e-7	Tpos:393.6,Tstd:105.8,Bpos:554.3,Bstd:260.6,StrandBias:0.6,Multiplicity:1.00
0.001	0.001	0.001	0.997
0.976	0.022	0.001	0.001
0.001	0.001	0.553	0.445
0.001	0.997	0.001	0.001
0.997	0.001	0.001	0.001
0.997	0.001	0.001	0.001
0.001	0.001	0.001	0.997
0.967	0.031	0.001	0.001
0.001	0.001	0.997	0.001
0.876	0.122	0.001	0.001
0.997	0.001	0.001	0.001
0.001	0.997	0.001	0.001
>ACTTTCAATTTA	19-ACTTTCAATTTA	12.758479	-16.173438	0	T:20.0(11.36%),B:981.9(2.71%),P:1e-7	Tpos:444.7,Tstd:255.0,Bpos:529.3,Bstd:315.2,StrandBias:-0.3,Multiplicity:1.10
0.997	0.001	0.001	0.001
0.007	0.641	0.001	0.351
0.001	0.001	0.001	0.997
0.001	0.001	0.001	0.997
0.001	0.001	0.179	0.819
0.037	0.859	0.103	0.001
0.997	0.001	0.001	0.001
0.734	0.001	0.151	0.114
0.103	0.001	0.001	0.895
0.001	0.001	0.001	0.997
0.001	0.001	0.001	0.997
0.753	0.130	0.001	0.116
>GGGAGAACACGA	20-GGGAGAACACGA	13.615772	-16.060274	0	T:6.0(3.41%),B:42.0(0.12%),P:1e-6	Tpos:388.5,Tstd:252.3,Bpos:468.5,Bstd:460.2,StrandBias:-1.0,Multiplicity:1.00
0.001	0.001	0.997	0.001
0.001	0.246	0.752	0.001
0.001	0.001	0.997	0.001
0.997	0.001	0.001	0.001
0.001	0.001	0.997	0.001
0.702	0.001	0.214	0.083
0.997	0.001	0.001	0.001
0.095	0.759	0.145	0.001
0.997	0.001	0.001	0.001
0.001	0.997	0.001	0.001
0.001	0.001	0.997	0.001
0.997	0.001	0.001	0.001
>TACATGTGAGCT	21-TACATGTGAGCT	12.355432	-16.016930	0	T:3.0(1.70%),B:0.0(0.00%),P:1e-6	Tpos:340.3,Tstd:279.6,Bpos:0.0,Bstd:0.0,StrandBias:1.0,Multiplicity:1.00
0.100	0.100	0.100	0.700
0.700	0.100	0.100	0.100
0.100	0.700	0.100	0.100
0.700	0.100	0.100	0.100
0.100	0.100	0.100	0.700
0.100	0.100	0.700	0.100
0.100	0.100	0.100	0.700
0.100	0.100	0.700	0.100
0.700	0.100	0.100	0.100
0.100	0.100	0.700	0.100
0.100	0.700	0.100	0.100
0.100	0.100	0.100	0.700
>GCTAAATATTTA	22-GCTAAATATTTA	13.179065	-8.595838	0	T:5.0(2.84%),B:103.1(0.28%),P:1e-3	Tpos:183.6,Tstd:124.5,Bpos:473.4,Bstd:352.5,StrandBias:-0.2,Multiplicity:2.40
0.042	0.059	0.898	0.001
0.038	0.912	0.001	0.049
0.001	0.001	0.001	0.997
0.938	0.001	0.060	0.001
0.919	0.001	0.001	0.079
0.997	0.001	0.001	0.001
0.001	0.001	0.001	0.997
0.997	0.001	0.001	0.001
0.001	0.103	0.001	0.895
0.001	0.001	0.001	0.997
0.001	0.001	0.001	0.997
0.946	0.001	0.052	0.001
>GGGAATTTTTDG	23-GGGAATTTTTDG	10.704765	-8.333741	0	T:11.0(6.25%),B:612.3(1.69%),P:1e-3	Tpos:385.5,Tstd:237.0,Bpos:514.5,Bstd:380.1,StrandBias:-2.4,Multiplicity:2.45
0.041	0.001	0.933	0.025
0.019	0.080	0.793	0.108
0.092	0.080	0.796	0.032
0.512	0.165	0.322	0.001
0.820	0.083	0.001	0.096
0.290	0.055	0.037	0.618
0.001	0.038	0.001	0.960
0.146	0.001	0.001	0.852
0.001	0.001	0.036	0.962
0.109	0.128	0.276	0.488
0.333	0.001	0.366	0.300
0.090	0.001	0.828	0.081
>AAAAACCCCAAT	24-AAAAACCCCAAT	13.094146	-7.886635	0	T:7.0(3.98%),B:265.8(0.73%),P:1e-3	Tpos:526.5,Tstd:232.0,Bpos:496.4,Bstd:340.1,StrandBias:1.5,Multiplicity:2.14
0.803	0.093	0.103	0.001
0.997	0.001	0.001	0.001
0.997	0.001	0.001	0.001
0.997	0.001	0.001	0.001
0.997	0.001	0.001	0.001
0.095	0.903	0.001	0.001
0.108	0.890	0.001	0.001
0.001	0.886	0.062	0.051
0.001	0.933	0.001	0.065
0.914	0.001	0.084	0.001
0.997	0.001	0.001	0.001
0.034	0.103	0.001	0.862
>ACCAAAGTTAGG	25-ACCAAAGTTAGG	15.874717	-5.333295	0	T:1.0(0.57%),B:0.2(0.00%),P:1e-2	Tpos:88.7,Tstd:95.8,Bpos:537.0,Bstd:0.0,StrandBias:10.0,Multiplicity:3.00
0.854	0.001	0.144	0.001
0.001	0.997	0.001	0.001
0.001	0.997	0.001	0.001
0.997	0.001	0.001	0.001
0.832	0.166	0.001	0.001
0.997	0.001	0.001	0.001
0.131	0.001	0.867	0.001
0.001	0.001	0.001	0.997
0.001	0.001	0.001	0.997
0.777	0.001	0.221	0.001
0.001	0.001	0.997	0.001
0.001	0.001	0.997	0.001
