>AGGCAATGAAGA	10-TCTTCATTGCCT	10.431121	-17.135386	0	T:13.0(12.15%),B:690.4(1.67%),P:1e-7
0.793	0.001	0.125	0.081
0.160	0.001	0.804	0.035
0.154	0.001	0.730	0.115
0.004	0.670	0.108	0.218
0.852	0.001	0.146	0.001
0.917	0.001	0.001	0.081
0.001	0.064	0.001	0.934
0.146	0.062	0.791	0.001
0.953	0.045	0.001	0.001
0.931	0.001	0.001	0.067
0.076	0.064	0.794	0.066
0.842	0.001	0.001	0.156
