>TGMTMAGGMT	1-TGMTMAGGMT	8.182805	-19.182966	0	T:14.0(43.75%),B:2384.4(6.60%),P:1e-8	Tpos:602.2,Tstd:268.5,Bpos:521.2,Bstd:333.4,StrandBias:-0.8,Multiplicity:1.36
0.001	0.360	0.001	0.638
0.001	0.001	0.997	0.001
0.560	0.438	0.001	0.001
0.001	0.001	0.001	0.997
0.560	0.438	0.001	0.001
0.997	0.001	0.001	0.001
0.001	0.001	0.997	0.001
0.035	0.361	0.603	0.001
0.567	0.431	0.001	0.001
0.128	0.001	0.001	0.870
>AGTTATCCCC	2-AGTTATCCCC	11.751397	-18.339134	0	T:5.0(15.62%),B:78.1(0.22%),P:1e-7	Tpos:311.2,Tstd:162.7,Bpos:549.7,Bstd:311.5,StrandBias:-0.6,Multiplicity:1.00
0.997	0.001	0.001	0.001
0.168	0.001	0.830	0.001
0.001	0.001	0.232	0.766
0.001	0.001	0.001	0.997
0.997	0.001	0.001	0.001
0.001	0.001	0.001	0.997
0.001	0.997	0.001	0.001
0.356	0.642	0.001	0.001
0.001	0.997	0.001	0.001
0.001	0.997	0.001	0.001
>TCGGCCTTCT	3-TCGGCCTTCT	8.563595	-14.095472	0	T:10.0(31.25%),B:1593.0(4.41%),P:1e-6	Tpos:466.5,Tstd:321.2,Bpos:498.7,Bstd:324.0,StrandBias:0.8,Multiplicity:1.10
0.001	0.001	0.332	0.666
0.001	0.997	0.001	0.001
0.252	0.001	0.746	0.001
0.001	0.114	0.884	0.001
0.119	0.696	0.184	0.001
0.001	0.487	0.309	0.202
0.001	0.001	0.001	0.997
0.001	0.001	0.215	0.783
0.001	0.870	0.001	0.128
0.001	0.001	0.001	0.997
>TTGAAACTGA	4-TTGAAACTGA	13.605758	-13.048819	0	T:7.0(21.88%),B:691.3(1.91%),P:1e-5	Tpos:551.9,Tstd:298.3,Bpos:545.4,Bstd:343.2,StrandBias:-0.4,Multiplicity:1.00
0.001	0.100	0.001	0.898
0.001	0.001	0.116	0.882
0.001	0.001	0.997	0.001
0.997	0.001	0.001	0.001
0.997	0.001	0.001	0.001
0.997	0.001	0.001	0.001
0.001	0.997	0.001	0.001
0.001	0.001	0.001	0.997
0.001	0.001	0.997	0.001
0.997	0.001	0.001	0.001
>TTAAACTTTC	5-TTAAACTTTC	10.420046	-12.854196	0	T:15.0(46.88%),B:4612.6(12.78%),P:1e-5	Tpos:504.2,Tstd:293.0,Bpos:504.6,Bstd:335.6,StrandBias:-0.3,Multiplicity:1.33
0.001	0.001	0.016	0.982
0.114	0.120	0.132	0.634
0.611	0.108	0.280	0.001
0.982	0.016	0.001	0.001
0.977	0.021	0.001	0.001
0.106	0.892	0.001	0.001
0.001	0.001	0.001	0.997
0.001	0.021	0.001	0.977
0.001	0.016	0.001	0.982
0.001	0.864	0.134	0.001
>GCGAATTGTC	6-GCGAATTGTC	6.407526	-11.847782	0	T:8.0(25.00%),B:1185.5(3.28%),P:1e-5	Tpos:499.5,Tstd:233.7,Bpos:500.2,Bstd:331.7,StrandBias:-0.7,Multiplicity:1.00
0.001	0.001	0.997	0.001
0.001	0.997	0.001	0.001
0.172	0.058	0.769	0.001
0.997	0.001	0.001	0.001
0.997	0.001	0.001	0.001
0.001	0.001	0.001	0.997
0.001	0.001	0.001	0.997
0.001	0.001	0.997	0.001
0.230	0.001	0.001	0.768
0.001	0.845	0.001	0.153
>MACATAGATC	7-MACATAGATC	11.155640	-10.428787	0	T:4.0(12.50%),B:197.8(0.55%),P:1e-4	Tpos:488.8,Tstd:296.4,Bpos:482.1,Bstd:344.6,StrandBias:-1.0,Multiplicity:1.50
0.537	0.461	0.001	0.001
0.793	0.001	0.205	0.001
0.001	0.838	0.001	0.160
0.997	0.001	0.001	0.001
0.001	0.001	0.001	0.997
0.997	0.001	0.001	0.001
0.001	0.001	0.997	0.001
0.997	0.001	0.001	0.001
0.001	0.001	0.001	0.997
0.001	0.997	0.001	0.001
>GTGAAGGTTT	8-GTGAAGGTTT	8.350283	-10.310414	0	T:11.0(34.38%),B:3006.4(8.33%),P:1e-4	Tpos:575.3,Tstd:203.2,Bpos:504.4,Bstd:343.5,StrandBias:0.0,Multiplicity:1.09
0.100	0.100	0.700	0.100
0.100	0.100	0.100	0.700
0.100	0.100	0.700	0.100
0.700	0.100	0.100	0.100
0.700	0.100	0.100	0.100
0.100	0.100	0.700	0.100
0.100	0.100	0.700	0.100
0.100	0.100	0.100	0.700
0.100	0.100	0.100	0.700
0.100	0.100	0.100	0.700
>ATTAAACTCA	9-ATTAAACTCA	11.938778	-10.275932	0	T:5.0(15.62%),B:421.9(1.17%),P:1e-4	Tpos:473.8,Tstd:239.7,Bpos:489.8,Bstd:328.8,StrandBias:0.0,Multiplicity:1.20
0.681	0.317	0.001	0.001
0.001	0.001	0.001	0.997
0.001	0.001	0.001	0.997
0.997	0.001	0.001	0.001
0.997	0.001	0.001	0.001
0.997	0.001	0.001	0.001
0.001	0.697	0.301	0.001
0.001	0.001	0.001	0.997
0.001	0.757	0.241	0.001
0.958	0.001	0.040	0.001
>KATAAAAAAT	10-KATAAAAAAT	11.043946	-8.301091	0	T:10.0(31.25%),B:3111.9(8.62%),P:1e-3	Tpos:453.9,Tstd:249.7,Bpos:506.2,Bstd:336.9,StrandBias:1.3,Multiplicity:1.40
0.001	0.001	0.553	0.445
0.829	0.001	0.169	0.001
0.001	0.001	0.001	0.997
0.997	0.001	0.001	0.001
0.997	0.001	0.001	0.001
0.652	0.346	0.001	0.001
0.997	0.001	0.001	0.001
0.997	0.001	0.001	0.001
0.997	0.001	0.001	0.001
0.001	0.001	0.001	0.997
>TTATSAGATCCG	1-TTATSAGATCCG	12.302940	-26.927226	0	T:6.0(18.75%),B:38.6(0.11%),P:1e-11	Tpos:535.3,Tstd:276.7,Bpos:475.2,Bstd:341.4,StrandBias:-2.3,Multiplicity:1.00
0.001	0.001	0.001	0.997
0.001	0.001	0.001	0.997
0.709	0.001	0.289	0.001
0.001	0.001	0.001	0.997
0.001	0.445	0.553	0.001
0.997	0.001	0.001	0.001
0.001	0.289	0.709	0.001
0.522	0.001	0.244	0.233
0.001	0.001	0.001	0.997
0.001	0.754	0.244	0.001
0.001	0.997	0.001	0.001
0.001	0.001	0.808	0.190
>TGTGCTCAGGCT	2-TGTGCTCAGGCT	14.977125	-22.968410	0	T:4.0(12.50%),B:6.5(0.02%),P:1e-9	Tpos:390.5,Tstd:101.4,Bpos:396.2,Bstd:356.3,StrandBias:1.6,Multiplicity:1.00
0.001	0.001	0.001	0.997
0.001	0.001	0.685	0.313
0.001	0.001	0.001	0.997
0.001	0.001	0.997	0.001
0.001	0.997	0.001	0.001
0.001	0.001	0.001	0.997
0.001	0.997	0.001	0.001
0.997	0.001	0.001	0.001
0.001	0.001	0.997	0.001
0.001	0.001	0.997	0.001
0.371	0.627	0.001	0.001
0.001	0.001	0.001	0.997
>TTCAAACTGATA	3-TTCAAACTGATA	10.377694	-22.817600	0	T:16.0(50.00%),B:2625.8(7.27%),P:1e-9	Tpos:511.0,Tstd:334.5,Bpos:510.2,Bstd:339.1,StrandBias:-0.7,Multiplicity:1.23
0.110	0.114	0.140	0.636
0.323	0.001	0.001	0.675
0.114	0.598	0.172	0.116
0.853	0.001	0.145	0.001
0.997	0.001	0.001	0.001
0.997	0.001	0.001	0.001
0.001	0.913	0.001	0.085
0.005	0.001	0.001	0.993
0.115	0.001	0.883	0.001
0.997	0.001	0.001	0.001
0.100	0.001	0.001	0.898
0.577	0.112	0.114	0.197
>TGGGAAAATGTC	4-TGGGAAAATGTC	14.230456	-22.210183	0	T:6.0(18.75%),B:88.4(0.24%),P:1e-9	Tpos:384.5,Tstd:218.8,Bpos:561.7,Bstd:282.8,StrandBias:0.0,Multiplicity:1.00
0.001	0.001	0.001	0.997
0.001	0.001	0.997	0.001
0.179	0.001	0.633	0.187
0.001	0.001	0.997	0.001
0.997	0.001	0.001	0.001
0.997	0.001	0.001	0.001
0.997	0.001	0.001	0.001
0.997	0.001	0.001	0.001
0.001	0.001	0.001	0.997
0.001	0.001	0.807	0.191
0.001	0.001	0.231	0.767
0.001	0.997	0.001	0.001
>TGCAACAAGATC	5-TGCAACAAGATC	15.044481	-20.812647	0	T:4.0(12.50%),B:12.2(0.03%),P:1e-9	Tpos:674.5,Tstd:293.1,Bpos:468.0,Bstd:301.1,StrandBias:0.0,Multiplicity:1.00
0.001	0.001	0.001	0.997
0.311	0.001	0.687	0.001
0.001	0.997	0.001	0.001
0.997	0.001	0.001	0.001
0.997	0.001	0.001	0.001
0.001	0.997	0.001	0.001
0.997	0.001	0.001	0.001
0.997	0.001	0.001	0.001
0.001	0.001	0.997	0.001
0.997	0.001	0.001	0.001
0.323	0.001	0.001	0.675
0.001	0.997	0.001	0.001
>AAAAAGCCCTTC	6-AAAAAGCCCTTC	13.741251	-20.733186	0	T:5.0(15.62%),B:47.7(0.13%),P:1e-9	Tpos:359.2,Tstd:233.4,Bpos:447.5,Bstd:370.7,StrandBias:0.6,Multiplicity:1.00
0.997	0.001	0.001	0.001
0.697	0.001	0.301	0.001
0.997	0.001	0.001	0.001
0.997	0.001	0.001	0.001
0.997	0.001	0.001	0.001
0.212	0.001	0.786	0.001
0.001	0.997	0.001	0.001
0.202	0.796	0.001	0.001
0.001	0.697	0.001	0.301
0.001	0.001	0.001	0.997
0.001	0.001	0.001	0.997
0.001	0.997	0.001	0.001
>GAAAATCTAGCC	7-GAAAATCTAGCC	14.536067	-20.058540	0	T:4.0(12.50%),B:15.9(0.04%),P:1e-8	Tpos:366.2,Tstd:221.5,Bpos:374.7,Bstd:265.2,StrandBias:-1.6,Multiplicity:1.00
0.234	0.001	0.764	0.001
0.997	0.001	0.001	0.001
0.997	0.001	0.001	0.001
0.997	0.001	0.001	0.001
0.997	0.001	0.001	0.001
0.001	0.001	0.001	0.997
0.273	0.725	0.001	0.001
0.001	0.001	0.001	0.997
0.742	0.001	0.256	0.001
0.001	0.001	0.997	0.001
0.001	0.997	0.001	0.001
0.001	0.997	0.001	0.001
>AATGATGACATT	8-AATGATGACATT	13.870028	-19.260231	0	T:6.0(18.75%),B:147.5(0.41%),P:1e-8	Tpos:605.0,Tstd:249.7,Bpos:548.3,Bstd:341.5,StrandBias:2.3,Multiplicity:1.00
0.777	0.001	0.001	0.221
0.851	0.001	0.001	0.147
0.001	0.001	0.001	0.997
0.001	0.001	0.997	0.001
0.997	0.001	0.001	0.001
0.001	0.001	0.001	0.997
0.001	0.001	0.816	0.182
0.856	0.001	0.001	0.142
0.001	0.997	0.001	0.001
0.839	0.001	0.001	0.159
0.001	0.001	0.001	0.997
0.001	0.001	0.001	0.997
>GACTTAAAATGA	9-GACTTAAAATGA	15.456778	-19.053141	0	T:4.0(12.50%),B:21.0(0.06%),P:1e-8	Tpos:415.0,Tstd:234.9,Bpos:511.0,Bstd:297.7,StrandBias:0.0,Multiplicity:1.00
0.001	0.001	0.997	0.001
0.997	0.001	0.001	0.001
0.001	0.997	0.001	0.001
0.001	0.001	0.001	0.997
0.001	0.318	0.001	0.680
0.997	0.001	0.001	0.001
0.997	0.001	0.001	0.001
0.997	0.001	0.001	0.001
0.997	0.001	0.001	0.001
0.001	0.001	0.001	0.997
0.001	0.001	0.997	0.001
0.997	0.001	0.001	0.001
>AAGATTCACACT	10-AAGATTCACACT	14.307557	-17.985477	0	T:5.0(15.62%),B:84.3(0.23%),P:1e-7	Tpos:653.6,Tstd:286.4,Bpos:492.4,Bstd:338.7,StrandBias:0.6,Multiplicity:1.00
0.997	0.001	0.001	0.001
0.997	0.001	0.001	0.001
0.389	0.001	0.609	0.001
0.997	0.001	0.001	0.001
0.001	0.001	0.001	0.997
0.001	0.001	0.001	0.997
0.001	0.997	0.001	0.001
0.645	0.353	0.001	0.001
0.001	0.997	0.001	0.001
0.997	0.001	0.001	0.001
0.255	0.743	0.001	0.001
0.001	0.001	0.001	0.997
>GTAGAAATTTCG	11-GTAGAAATTTCG	14.434781	-17.655677	0	T:5.0(15.62%),B:90.6(0.25%),P:1e-7	Tpos:453.2,Tstd:269.3,Bpos:469.6,Bstd:289.2,StrandBias:0.6,Multiplicity:1.00
0.001	0.288	0.710	0.001
0.001	0.001	0.001	0.997
0.774	0.001	0.001	0.224
0.001	0.001	0.997	0.001
0.997	0.001	0.001	0.001
0.997	0.001	0.001	0.001
0.997	0.001	0.001	0.001
0.001	0.001	0.001	0.997
0.001	0.001	0.001	0.997
0.001	0.001	0.001	0.997
0.001	0.791	0.001	0.207
0.001	0.001	0.997	0.001
>ATCACATAGHTC	12-ATCACATAGHTC	10.506030	-16.607526	0	T:5.0(15.62%),B:112.5(0.31%),P:1e-7	Tpos:522.3,Tstd:313.4,Bpos:520.5,Bstd:326.2,StrandBias:1.0,Multiplicity:1.20
0.997	0.001	0.001	0.001
0.028	0.001	0.001	0.970
0.012	0.986	0.001	0.001
0.997	0.001	0.001	0.001
0.001	0.664	0.001	0.334
0.664	0.001	0.334	0.001
0.001	0.001	0.001	0.997
0.716	0.001	0.282	0.001
0.001	0.001	0.997	0.001
0.382	0.335	0.001	0.282
0.001	0.001	0.334	0.664
0.001	0.997	0.001	0.001
>ATTAAAGTGATA	13-ATTAAAGTGATA	10.551351	-15.632997	0	T:10.0(31.25%),B:1346.0(3.73%),P:1e-6	Tpos:607.5,Tstd:295.7,Bpos:525.4,Bstd:331.8,StrandBias:-0.3,Multiplicity:1.10
0.874	0.001	0.124	0.001
0.181	0.001	0.001	0.817
0.145	0.001	0.001	0.853
0.834	0.079	0.001	0.086
0.730	0.161	0.108	0.001
0.909	0.001	0.001	0.089
0.059	0.166	0.651	0.124
0.001	0.001	0.001	0.997
0.198	0.007	0.794	0.001
0.905	0.001	0.001	0.093
0.001	0.087	0.001	0.911
0.752	0.161	0.086	0.001
>CTGATTACTTTT	14-CTGATTACTTTT	12.355432	-15.534160	0	T:3.0(9.38%),B:10.8(0.03%),P:1e-6	Tpos:385.7,Tstd:249.2,Bpos:583.6,Bstd:211.9,StrandBias:-1.0,Multiplicity:1.00
0.100	0.700	0.100	0.100
0.100	0.100	0.100	0.700
0.100	0.100	0.700	0.100
0.700	0.100	0.100	0.100
0.100	0.100	0.100	0.700
0.100	0.100	0.100	0.700
0.700	0.100	0.100	0.100
0.100	0.700	0.100	0.100
0.100	0.100	0.100	0.700
0.100	0.100	0.100	0.700
0.100	0.100	0.100	0.700
0.100	0.100	0.100	0.700
>GTTCAGTGTTCA	15-GTTCAGTGTTCA	11.216911	-15.128610	0	T:7.0(21.88%),B:504.5(1.40%),P:1e-6	Tpos:600.1,Tstd:293.9,Bpos:501.0,Bstd:338.9,StrandBias:-2.8,Multiplicity:1.14
0.280	0.001	0.602	0.117
0.001	0.001	0.001	0.997
0.180	0.001	0.001	0.818
0.001	0.858	0.001	0.140
0.997	0.001	0.001	0.001
0.188	0.001	0.806	0.005
0.139	0.204	0.191	0.467
0.203	0.001	0.795	0.001
0.006	0.001	0.001	0.992
0.001	0.001	0.001	0.997
0.112	0.697	0.190	0.001
0.997	0.001	0.001	0.001
>TAAACTTTCTTA	16-TAAACTTTCTTA	10.409522	-14.301395	0	T:8.0(25.00%),B:849.6(2.35%),P:1e-6	Tpos:648.4,Tstd:336.7,Bpos:506.3,Bstd:337.1,StrandBias:0.7,Multiplicity:1.00
0.100	0.100	0.100	0.700
0.700	0.100	0.100	0.100
0.700	0.100	0.100	0.100
0.700	0.100	0.100	0.100
0.100	0.700	0.100	0.100
0.100	0.100	0.100	0.700
0.100	0.100	0.100	0.700
0.100	0.100	0.100	0.700
0.100	0.700	0.100	0.100
0.100	0.100	0.100	0.700
0.100	0.100	0.100	0.700
0.700	0.100	0.100	0.100
>TCAAAAAGATTA	17-TCAAAAAGATTA	12.355432	-13.104803	0	T:3.0(9.38%),B:25.4(0.07%),P:1e-5	Tpos:439.7,Tstd:102.8,Bpos:605.1,Bstd:333.5,StrandBias:1.0,Multiplicity:1.00
0.100	0.100	0.100	0.700
0.100	0.700	0.100	0.100
0.700	0.100	0.100	0.100
0.700	0.100	0.100	0.100
0.700	0.100	0.100	0.100
0.700	0.100	0.100	0.100
0.700	0.100	0.100	0.100
0.100	0.100	0.700	0.100
0.700	0.100	0.100	0.100
0.100	0.100	0.100	0.700
0.100	0.100	0.100	0.700
0.700	0.100	0.100	0.100
>TKAAACTCAAAW	18-TKAAACTCAAAW	9.807404	-11.468003	0	T:19.0(59.38%),B:8286.6(22.95%),P:1e-4	Tpos:536.3,Tstd:279.9,Bpos:515.0,Bstd:340.8,StrandBias:-0.2,Multiplicity:1.26
0.001	0.379	0.001	0.619
0.197	0.001	0.439	0.363
0.692	0.182	0.001	0.125
0.874	0.124	0.001	0.001
0.997	0.001	0.001	0.001
0.124	0.874	0.001	0.001
0.001	0.001	0.001	0.997
0.227	0.560	0.212	0.001
0.997	0.001	0.001	0.001
0.997	0.001	0.001	0.001
0.772	0.226	0.001	0.001
0.395	0.055	0.197	0.353
>ATGCCTGAAATT	19-ATGCCTGAAATT	13.922103	-10.679044	0	T:3.0(9.38%),B:59.7(0.17%),P:1e-4	Tpos:561.8,Tstd:280.3,Bpos:480.2,Bstd:292.2,StrandBias:-1.6,Multiplicity:1.33
0.997	0.001	0.001	0.001
0.001	0.001	0.001	0.997
0.001	0.001	0.896	0.102
0.001	0.898	0.001	0.100
0.150	0.848	0.001	0.001
0.001	0.001	0.001	0.997
0.001	0.001	0.997	0.001
0.810	0.001	0.188	0.001
0.792	0.206	0.001	0.001
0.997	0.001	0.001	0.001
0.126	0.001	0.001	0.872
0.001	0.001	0.001	0.997
>TGACATCA	1-TGACATCA	7.729541	-18.187003	0	T:19.0(59.38%),B:5468.1(15.15%),P:1e-7	Tpos:661.9,Tstd:282.5,Bpos:509.8,Bstd:340.2,StrandBias:-0.1,Multiplicity:1.16
0.307	0.121	0.012	0.560
0.030	0.001	0.928	0.041
0.886	0.001	0.001	0.112
0.001	0.818	0.016	0.165
0.944	0.001	0.001	0.054
0.001	0.001	0.009	0.989
0.001	0.943	0.001	0.055
0.828	0.155	0.011	0.006
>CCTTATCA	2-CCTTATCA	7.435685	-14.791320	0	T:18.0(56.25%),B:5966.9(16.53%),P:1e-6	Tpos:653.2,Tstd:296.0,Bpos:549.3,Bstd:345.8,StrandBias:1.2,Multiplicity:1.44
0.001	0.659	0.001	0.339
0.001	0.997	0.001	0.001
0.001	0.001	0.001	0.997
0.001	0.001	0.049	0.949
0.997	0.001	0.001	0.001
0.001	0.066	0.001	0.932
0.001	0.997	0.001	0.001
0.870	0.063	0.066	0.001
>AACGCTCT	3-AACGCTCT	6.327958	-10.698665	0	T:16.0(50.00%),B:6233.7(17.27%),P:1e-4	Tpos:538.1,Tstd:259.7,Bpos:507.3,Bstd:330.3,StrandBias:0.5,Multiplicity:1.50
0.962	0.036	0.001	0.001
0.997	0.001	0.001	0.001
0.331	0.667	0.001	0.001
0.036	0.001	0.962	0.001
0.001	0.997	0.001	0.001
0.395	0.001	0.001	0.603
0.001	0.997	0.001	0.001
0.001	0.053	0.001	0.945
>TAAGAAAG	4-TAAGAAAG	4.081190	-10.175158	0	T:13.0(40.62%),B:4308.0(11.93%),P:1e-4	Tpos:539.1,Tstd:312.7,Bpos:520.4,Bstd:341.8,StrandBias:-1.1,Multiplicity:1.23
0.001	0.001	0.001	0.997
0.997	0.001	0.001	0.001
0.997	0.001	0.001	0.001
0.001	0.001	0.997	0.001
0.898	0.100	0.001	0.001
0.997	0.001	0.001	0.001
0.920	0.001	0.078	0.001
0.001	0.001	0.997	0.001
>GGGGATAA	5-GGGGATAA	7.802452	-9.605753	0	T:10.0(31.25%),B:2658.6(7.36%),P:1e-4	Tpos:581.5,Tstd:275.8,Bpos:527.8,Bstd:325.6,StrandBias:0.2,Multiplicity:1.30
0.001	0.001	0.997	0.001
0.001	0.001	0.997	0.001
0.024	0.001	0.859	0.116
0.084	0.001	0.914	0.001
0.997	0.001	0.001	0.001
0.001	0.176	0.001	0.822
0.602	0.001	0.198	0.199
0.718	0.280	0.001	0.001
