>TGMTMAGGMT	1-TGMTMAGGMT	8.182805	-19.182966	0	T:14.0(43.75%),B:2384.4(6.60%),P:1e-8	Tpos:602.2,Tstd:268.5,Bpos:521.2,Bstd:333.4,StrandBias:-0.8,Multiplicity:1.36
0.001	0.360	0.001	0.638
0.001	0.001	0.997	0.001
0.560	0.438	0.001	0.001
0.001	0.001	0.001	0.997
0.560	0.438	0.001	0.001
0.997	0.001	0.001	0.001
0.001	0.001	0.997	0.001
0.035	0.361	0.603	0.001
0.567	0.431	0.001	0.001
0.128	0.001	0.001	0.870
>AGTTATCCCC	2-AGTTATCCCC	11.751397	-18.339134	0	T:5.0(15.62%),B:78.1(0.22%),P:1e-7	Tpos:311.2,Tstd:162.7,Bpos:549.7,Bstd:311.5,StrandBias:-0.6,Multiplicity:1.00
0.997	0.001	0.001	0.001
0.168	0.001	0.830	0.001
0.001	0.001	0.232	0.766
0.001	0.001	0.001	0.997
0.997	0.001	0.001	0.001
0.001	0.001	0.001	0.997
0.001	0.997	0.001	0.001
0.356	0.642	0.001	0.001
0.001	0.997	0.001	0.001
0.001	0.997	0.001	0.001
>TCGGCCTTCT	3-TCGGCCTTCT	8.563595	-14.095472	0	T:10.0(31.25%),B:1593.0(4.41%),P:1e-6	Tpos:466.5,Tstd:321.2,Bpos:498.7,Bstd:324.0,StrandBias:0.8,Multiplicity:1.10
0.001	0.001	0.332	0.666
0.001	0.997	0.001	0.001
0.252	0.001	0.746	0.001
0.001	0.114	0.884	0.001
0.119	0.696	0.184	0.001
0.001	0.487	0.309	0.202
0.001	0.001	0.001	0.997
0.001	0.001	0.215	0.783
0.001	0.870	0.001	0.128
0.001	0.001	0.001	0.997
>TTGAAACTGA	4-TTGAAACTGA	13.605758	-13.048819	0	T:7.0(21.88%),B:691.3(1.91%),P:1e-5	Tpos:551.9,Tstd:298.3,Bpos:545.4,Bstd:343.2,StrandBias:-0.4,Multiplicity:1.00
0.001	0.100	0.001	0.898
0.001	0.001	0.116	0.882
0.001	0.001	0.997	0.001
0.997	0.001	0.001	0.001
0.997	0.001	0.001	0.001
0.997	0.001	0.001	0.001
0.001	0.997	0.001	0.001
0.001	0.001	0.001	0.997
0.001	0.001	0.997	0.001
0.997	0.001	0.001	0.001
>TTAAACTTTC	5-TTAAACTTTC	10.420046	-12.854196	0	T:15.0(46.88%),B:4612.6(12.78%),P:1e-5	Tpos:504.2,Tstd:293.0,Bpos:504.6,Bstd:335.6,StrandBias:-0.3,Multiplicity:1.33
0.001	0.001	0.016	0.982
0.114	0.120	0.132	0.634
0.611	0.108	0.280	0.001
0.982	0.016	0.001	0.001
0.977	0.021	0.001	0.001
0.106	0.892	0.001	0.001
0.001	0.001	0.001	0.997
0.001	0.021	0.001	0.977
0.001	0.016	0.001	0.982
0.001	0.864	0.134	0.001
>GCGAATTGTC	6-GCGAATTGTC	6.407526	-11.847782	0	T:8.0(25.00%),B:1185.5(3.28%),P:1e-5	Tpos:499.5,Tstd:233.7,Bpos:500.2,Bstd:331.7,StrandBias:-0.7,Multiplicity:1.00
0.001	0.001	0.997	0.001
0.001	0.997	0.001	0.001
0.172	0.058	0.769	0.001
0.997	0.001	0.001	0.001
0.997	0.001	0.001	0.001
0.001	0.001	0.001	0.997
0.001	0.001	0.001	0.997
0.001	0.001	0.997	0.001
0.230	0.001	0.001	0.768
0.001	0.845	0.001	0.153
>MACATAGATC	7-MACATAGATC	11.155640	-10.428787	0	T:4.0(12.50%),B:197.8(0.55%),P:1e-4	Tpos:488.8,Tstd:296.4,Bpos:482.1,Bstd:344.6,StrandBias:-1.0,Multiplicity:1.50
0.537	0.461	0.001	0.001
0.793	0.001	0.205	0.001
0.001	0.838	0.001	0.160
0.997	0.001	0.001	0.001
0.001	0.001	0.001	0.997
0.997	0.001	0.001	0.001
0.001	0.001	0.997	0.001
0.997	0.001	0.001	0.001
0.001	0.001	0.001	0.997
0.001	0.997	0.001	0.001
>GTGAAGGTTT	8-GTGAAGGTTT	8.350283	-10.310414	0	T:11.0(34.38%),B:3006.4(8.33%),P:1e-4	Tpos:575.3,Tstd:203.2,Bpos:504.4,Bstd:343.5,StrandBias:0.0,Multiplicity:1.09
0.100	0.100	0.700	0.100
0.100	0.100	0.100	0.700
0.100	0.100	0.700	0.100
0.700	0.100	0.100	0.100
0.700	0.100	0.100	0.100
0.100	0.100	0.700	0.100
0.100	0.100	0.700	0.100
0.100	0.100	0.100	0.700
0.100	0.100	0.100	0.700
0.100	0.100	0.100	0.700
>ATTAAACTCA	9-ATTAAACTCA	11.938778	-10.275932	0	T:5.0(15.62%),B:421.9(1.17%),P:1e-4	Tpos:473.8,Tstd:239.7,Bpos:489.8,Bstd:328.8,StrandBias:0.0,Multiplicity:1.20
0.681	0.317	0.001	0.001
0.001	0.001	0.001	0.997
0.001	0.001	0.001	0.997
0.997	0.001	0.001	0.001
0.997	0.001	0.001	0.001
0.997	0.001	0.001	0.001
0.001	0.697	0.301	0.001
0.001	0.001	0.001	0.997
0.001	0.757	0.241	0.001
0.958	0.001	0.040	0.001
>KATAAAAAAT	10-KATAAAAAAT	11.043946	-8.301091	0	T:10.0(31.25%),B:3111.9(8.62%),P:1e-3	Tpos:453.9,Tstd:249.7,Bpos:506.2,Bstd:336.9,StrandBias:1.3,Multiplicity:1.40
0.001	0.001	0.553	0.445
0.829	0.001	0.169	0.001
0.001	0.001	0.001	0.997
0.997	0.001	0.001	0.001
0.997	0.001	0.001	0.001
0.652	0.346	0.001	0.001
0.997	0.001	0.001	0.001
0.997	0.001	0.001	0.001
0.997	0.001	0.001	0.001
0.001	0.001	0.001	0.997
