>TGATAAGA	1-TGATAAGA	9.429425	-16.931584	0	T:163.0(17.18%),B:4553.2(11.21%),P:1e-7	Tpos:625.9,Tstd:288.4,Bpos:544.2,Bstd:312.3,StrandBias:-0.4,Multiplicity:1.09
0.001	0.001	0.001	0.997
0.001	0.001	0.997	0.001
0.997	0.001	0.001	0.001
0.001	0.001	0.001	0.997
0.997	0.001	0.001	0.001
0.997	0.001	0.001	0.001
0.001	0.001	0.997	0.001
0.804	0.194	0.001	0.001
>GTGTTCAC	2-GTGTTCAC	7.622997	-14.436711	0	T:220.0(23.18%),B:6851.4(16.87%),P:1e-6	Tpos:544.1,Tstd:288.8,Bpos:512.8,Bstd:309.5,StrandBias:0.0,Multiplicity:1.16
0.312	0.001	0.686	0.001
0.001	0.105	0.001	0.893
0.001	0.001	0.677	0.321
0.363	0.001	0.042	0.594
0.001	0.001	0.323	0.675
0.001	0.738	0.260	0.001
0.743	0.001	0.255	0.001
0.001	0.997	0.001	0.001
>TGCTACCT	3-TGCTACCT	5.437194	-13.458147	0	T:301.0(31.72%),B:10090.0(24.85%),P:1e-5	Tpos:513.6,Tstd:306.4,Bpos:507.6,Bstd:303.0,StrandBias:0.3,Multiplicity:1.22
0.001	0.081	0.027	0.891
0.001	0.001	0.964	0.034
0.033	0.873	0.045	0.049
0.020	0.027	0.091	0.862
0.872	0.041	0.045	0.042
0.038	0.811	0.092	0.059
0.056	0.854	0.049	0.041
0.064	0.064	0.001	0.871
>TATCGCTT	4-TATCGCTT	7.004153	-13.335578	0	T:365.0(38.46%),B:12669.9(31.20%),P:1e-5	Tpos:521.5,Tstd:292.2,Bpos:533.4,Bstd:317.9,StrandBias:0.5,Multiplicity:1.29
0.062	0.001	0.027	0.910
0.773	0.056	0.001	0.170
0.001	0.001	0.001	0.997
0.104	0.894	0.001	0.001
0.001	0.001	0.905	0.093
0.139	0.732	0.001	0.128
0.042	0.058	0.001	0.899
0.045	0.071	0.001	0.883
>CACGCCGC	5-CACGCCGC	6.221541	-13.072583	0	T:164.0(17.28%),B:4892.0(12.05%),P:1e-5	Tpos:524.0,Tstd:274.0,Bpos:524.1,Bstd:327.9,StrandBias:-0.0,Multiplicity:1.25
0.001	0.997	0.001	0.001
0.774	0.001	0.149	0.076
0.001	0.997	0.001	0.001
0.001	0.001	0.877	0.121
0.072	0.787	0.099	0.042
0.088	0.875	0.036	0.001
0.075	0.053	0.818	0.054
0.105	0.868	0.026	0.001
>TAAGTTCC	6-TAAGTTCC	8.236954	-10.332670	0	T:32.0(3.37%),B:603.6(1.49%),P:1e-4	Tpos:502.4,Tstd:294.9,Bpos:479.4,Bstd:299.5,StrandBias:0.7,Multiplicity:1.00
0.100	0.100	0.100	0.700
0.700	0.100	0.100	0.100
0.700	0.100	0.100	0.100
0.100	0.100	0.700	0.100
0.100	0.100	0.100	0.700
0.100	0.100	0.100	0.700
0.100	0.700	0.100	0.100
0.100	0.700	0.100	0.100
>GTTACACG	7-GTTACACG	7.884904	-7.375463	0	T:53.0(5.58%),B:1399.4(3.45%),P:1e-3	Tpos:478.6,Tstd:240.0,Bpos:491.1,Bstd:307.1,StrandBias:0.5,Multiplicity:1.49
0.001	0.001	0.997	0.001
0.001	0.061	0.001	0.937
0.001	0.001	0.001	0.997
0.997	0.001	0.001	0.001
0.001	0.997	0.001	0.001
0.790	0.001	0.079	0.130
0.001	0.997	0.001	0.001
0.001	0.144	0.854	0.001
>ACGGGTCT	8-ACGGGTCT	7.950815	-7.130129	0	T:53.0(5.58%),B:1415.2(3.48%),P:1e-3	Tpos:460.3,Tstd:300.4,Bpos:510.8,Bstd:309.2,StrandBias:0.3,Multiplicity:1.23
0.997	0.001	0.001	0.001
0.001	0.997	0.001	0.001
0.001	0.001	0.868	0.130
0.001	0.001	0.997	0.001
0.001	0.001	0.997	0.001
0.001	0.001	0.001	0.997
0.418	0.580	0.001	0.001
0.001	0.415	0.001	0.583
