>TACGGAATTC	1-TACGGAATTC	9.903359	-23.798363	0	T:49.0(5.16%),B:691.7(1.70%),P:1e-10	Tpos:462.5,Tstd:286.9,Bpos:488.7,Bstd:301.8,StrandBias:0.3,Multiplicity:1.02
0.001	0.001	0.018	0.980
0.700	0.025	0.001	0.274
0.100	0.825	0.001	0.074
0.081	0.011	0.878	0.030
0.019	0.001	0.937	0.043
0.928	0.023	0.024	0.025
0.933	0.001	0.014	0.052
0.007	0.001	0.001	0.991
0.001	0.001	0.018	0.980
0.001	0.874	0.001	0.124
>AGGCTTGTAC	2-AGGCTTGTAC	7.698840	-22.914093	0	T:41.0(4.32%),B:523.7(1.29%),P:1e-9	Tpos:485.0,Tstd:265.1,Bpos:485.8,Bstd:300.2,StrandBias:0.6,Multiplicity:1.02
0.794	0.075	0.073	0.058
0.131	0.034	0.680	0.155
0.097	0.191	0.570	0.142
0.158	0.664	0.161	0.017
0.230	0.236	0.022	0.512
0.047	0.060	0.052	0.841
0.043	0.172	0.601	0.184
0.042	0.160	0.264	0.534
0.695	0.266	0.024	0.015
0.010	0.647	0.217	0.126
>TTCGTCATTT	3-TTCGTCATTT	7.242236	-22.789471	0	T:463.0(48.79%),B:15635.1(38.50%),P:1e-9	Tpos:517.5,Tstd:289.8,Bpos:517.5,Bstd:314.7,StrandBias:0.5,Multiplicity:1.38
0.063	0.051	0.042	0.844
0.059	0.012	0.070	0.859
0.040	0.808	0.075	0.077
0.071	0.102	0.784	0.043
0.100	0.142	0.014	0.744
0.094	0.747	0.093	0.066
0.793	0.060	0.070	0.077
0.096	0.081	0.038	0.785
0.048	0.070	0.080	0.802
0.030	0.023	0.105	0.842
>GTGCATAACG	4-GTGCATAACG	9.445231	-22.481993	0	T:32.0(3.37%),B:338.1(0.83%),P:1e-9	Tpos:514.7,Tstd:265.3,Bpos:542.1,Bstd:302.2,StrandBias:-1.1,Multiplicity:1.00
0.001	0.001	0.997	0.001
0.001	0.057	0.001	0.941
0.001	0.001	0.997	0.001
0.030	0.932	0.001	0.037
0.997	0.001	0.001	0.001
0.096	0.001	0.029	0.874
0.649	0.001	0.260	0.090
0.913	0.055	0.001	0.031
0.001	0.845	0.098	0.056
0.015	0.050	0.934	0.001
>GCTAATCGGG	5-GCTAATCGGG	6.122151	-22.105239	0	T:69.0(7.27%),B:1254.6(3.09%),P:1e-9	Tpos:504.5,Tstd:268.7,Bpos:520.5,Bstd:310.2,StrandBias:-0.5,Multiplicity:1.01
0.147	0.119	0.582	0.152
0.090	0.598	0.160	0.152
0.142	0.158	0.134	0.566
0.557	0.124	0.146	0.173
0.635	0.125	0.070	0.170
0.153	0.160	0.159	0.528
0.150	0.624	0.123	0.103
0.154	0.121	0.636	0.089
0.146	0.034	0.660	0.160
0.140	0.078	0.618	0.164
>CTGAGGGCAT	6-CTGAGGGCAT	9.814330	-21.676400	0	T:24.0(2.53%),B:198.5(0.49%),P:1e-9	Tpos:465.1,Tstd:267.6,Bpos:474.4,Bstd:313.4,StrandBias:-1.2,Multiplicity:1.08
0.119	0.718	0.162	0.001
0.052	0.001	0.001	0.946
0.001	0.001	0.880	0.118
0.997	0.001	0.001	0.001
0.001	0.172	0.765	0.062
0.001	0.001	0.969	0.029
0.027	0.047	0.925	0.001
0.001	0.936	0.062	0.001
0.946	0.001	0.001	0.052
0.049	0.001	0.001	0.949
>GCGCTAGTTT	7-GCGCTAGTTT	7.256359	-19.839378	0	T:117.0(12.33%),B:2806.5(6.91%),P:1e-8	Tpos:504.3,Tstd:299.9,Bpos:500.6,Bstd:311.7,StrandBias:0.2,Multiplicity:1.12
0.059	0.065	0.830	0.046
0.091	0.775	0.041	0.093
0.065	0.057	0.819	0.059
0.040	0.831	0.088	0.041
0.054	0.058	0.079	0.809
0.823	0.024	0.045	0.108
0.025	0.076	0.790	0.109
0.101	0.104	0.082	0.713
0.096	0.065	0.025	0.814
0.048	0.097	0.054	0.801
>ATACATGATT	8-ATACATGATT	9.198984	-19.658631	0	T:99.0(10.43%),B:2239.8(5.52%),P:1e-8	Tpos:439.3,Tstd:280.5,Bpos:499.6,Bstd:304.1,StrandBias:-0.4,Multiplicity:1.10
0.655	0.177	0.001	0.167
0.223	0.001	0.001	0.775
0.997	0.001	0.001	0.001
0.254	0.655	0.001	0.090
0.774	0.001	0.224	0.001
0.263	0.021	0.001	0.715
0.001	0.049	0.790	0.160
0.927	0.001	0.001	0.071
0.146	0.001	0.001	0.852
0.001	0.170	0.095	0.734
>TGTCTACCAC	9-TGTCTACCAC	8.155432	-18.886372	0	T:60.0(6.32%),B:1106.1(2.72%),P:1e-8	Tpos:569.3,Tstd:264.0,Bpos:533.2,Bstd:302.4,StrandBias:0.0,Multiplicity:1.05
0.045	0.001	0.065	0.889
0.035	0.015	0.949	0.001
0.001	0.038	0.069	0.892
0.001	0.921	0.001	0.077
0.001	0.001	0.001	0.997
0.927	0.042	0.019	0.012
0.001	0.828	0.044	0.127
0.056	0.883	0.038	0.023
0.835	0.083	0.044	0.038
0.027	0.873	0.035	0.065
>AAATACGCGT	10-AAATACGCGT	9.660198	-16.844745	0	T:50.0(5.27%),B:894.7(2.20%),P:1e-7	Tpos:553.9,Tstd:272.3,Bpos:513.2,Bstd:316.9,StrandBias:-0.3,Multiplicity:1.06
0.952	0.001	0.001	0.046
0.997	0.001	0.001	0.001
0.921	0.001	0.049	0.029
0.001	0.232	0.001	0.766
0.997	0.001	0.001	0.001
0.001	0.952	0.046	0.001
0.051	0.001	0.812	0.136
0.132	0.866	0.001	0.001
0.001	0.001	0.997	0.001
0.001	0.151	0.121	0.727
>ATGGTGTCTG	11-ATGGTGTCTG	6.956726	-16.644013	0	T:153.0(16.12%),B:4220.6(10.39%),P:1e-7	Tpos:517.2,Tstd:289.0,Bpos:506.3,Bstd:301.6,StrandBias:0.3,Multiplicity:1.10
0.756	0.123	0.060	0.061
0.055	0.094	0.051	0.800
0.068	0.061	0.855	0.016
0.073	0.088	0.776	0.063
0.039	0.135	0.052	0.774
0.101	0.063	0.758	0.078
0.043	0.054	0.054	0.849
0.074	0.818	0.047	0.061
0.061	0.084	0.048	0.807
0.080	0.061	0.812	0.047
>TTTTGAACTT	12-TTTTGAACTT	10.911595	-16.301814	0	T:89.0(9.38%),B:2082.5(5.13%),P:1e-7	Tpos:508.5,Tstd:270.4,Bpos:513.6,Bstd:305.5,StrandBias:0.0,Multiplicity:1.02
0.001	0.001	0.001	0.997
0.001	0.001	0.001	0.997
0.001	0.001	0.061	0.937
0.001	0.001	0.057	0.941
0.001	0.001	0.997	0.001
0.997	0.001	0.001	0.001
0.872	0.126	0.001	0.001
0.001	0.997	0.001	0.001
0.001	0.001	0.081	0.917
0.001	0.001	0.146	0.852
>GGGTTTTTTG	13-GGGTTTTTTG	7.396912	-15.913459	0	T:388.0(40.89%),B:13294.1(32.73%),P:1e-6	Tpos:504.6,Tstd:292.9,Bpos:503.2,Bstd:311.5,StrandBias:-0.1,Multiplicity:1.38
0.055	0.084	0.808	0.053
0.099	0.050	0.757	0.094
0.143	0.062	0.715	0.080
0.078	0.045	0.076	0.801
0.062	0.020	0.088	0.830
0.077	0.054	0.033	0.836
0.047	0.045	0.055	0.853
0.056	0.095	0.066	0.783
0.083	0.089	0.064	0.764
0.071	0.056	0.857	0.016
>ATRTAGGTCA	14-ATRTAGGTCA	11.337406	-15.831657	0	T:16.0(1.69%),B:123.6(0.30%),P:1e-6	Tpos:479.3,Tstd:272.9,Bpos:496.0,Bstd:293.8,StrandBias:0.1,Multiplicity:1.31
0.748	0.250	0.001	0.001
0.001	0.001	0.001	0.997
0.562	0.001	0.436	0.001
0.001	0.203	0.087	0.709
0.997	0.001	0.001	0.001
0.001	0.001	0.997	0.001
0.001	0.001	0.997	0.001
0.001	0.001	0.060	0.938
0.001	0.939	0.001	0.059
0.923	0.001	0.075	0.001
>AGTCCGCAAA	15-AGTCCGCAAA	9.151651	-15.252519	0	T:60.0(6.32%),B:1234.6(3.04%),P:1e-6	Tpos:546.0,Tstd:276.4,Bpos:534.2,Bstd:321.4,StrandBias:-0.1,Multiplicity:1.07
0.917	0.001	0.081	0.001
0.063	0.001	0.826	0.110
0.001	0.027	0.133	0.839
0.069	0.793	0.001	0.137
0.001	0.932	0.013	0.054
0.109	0.001	0.889	0.001
0.053	0.931	0.001	0.015
0.954	0.001	0.044	0.001
0.970	0.001	0.028	0.001
0.944	0.025	0.001	0.030
>TGGTCAGAGC	16-TGGTCAGAGC	9.921495	-14.998203	0	T:25.0(2.63%),B:311.2(0.77%),P:1e-6	Tpos:511.4,Tstd:256.2,Bpos:455.9,Bstd:294.8,StrandBias:-1.4,Multiplicity:1.28
0.001	0.001	0.001	0.997
0.001	0.001	0.997	0.001
0.001	0.109	0.889	0.001
0.001	0.001	0.070	0.928
0.001	0.942	0.001	0.056
0.880	0.001	0.057	0.062
0.222	0.001	0.776	0.001
0.623	0.102	0.001	0.274
0.001	0.001	0.997	0.001
0.001	0.997	0.001	0.001
>GTACTACACG	17-GTACTACACG	10.340932	-14.966562	0	T:15.0(1.58%),B:115.3(0.28%),P:1e-6	Tpos:510.8,Tstd:329.2,Bpos:522.1,Bstd:327.6,StrandBias:0.0,Multiplicity:1.33
0.054	0.001	0.944	0.001
0.001	0.001	0.064	0.934
0.997	0.001	0.001	0.001
0.001	0.997	0.001	0.001
0.001	0.001	0.001	0.997
0.997	0.001	0.001	0.001
0.001	0.997	0.001	0.001
0.752	0.001	0.246	0.001
0.001	0.923	0.075	0.001
0.001	0.049	0.949	0.001
>TATCRTCGGT	18-TATCRTCGGT	8.373711	-14.490891	0	T:50.0(5.27%),B:971.6(2.39%),P:1e-6	Tpos:497.3,Tstd:282.3,Bpos:489.2,Bstd:309.5,StrandBias:0.3,Multiplicity:1.10
0.001	0.040	0.263	0.696
0.997	0.001	0.001	0.001
0.001	0.324	0.036	0.639
0.001	0.826	0.172	0.001
0.469	0.001	0.365	0.164
0.001	0.001	0.327	0.671
0.113	0.822	0.064	0.001
0.001	0.001	0.945	0.053
0.006	0.265	0.728	0.001
0.001	0.016	0.001	0.982
>CGCATCCGGT	19-CGCATCCGGT	10.296193	-14.350696	0	T:6.0(0.63%),B:9.9(0.02%),P:1e-6	Tpos:446.7,Tstd:336.6,Bpos:429.0,Bstd:269.0,StrandBias:1.0,Multiplicity:1.00
0.100	0.700	0.100	0.100
0.100	0.100	0.700	0.100
0.100	0.700	0.100	0.100
0.700	0.100	0.100	0.100
0.100	0.100	0.100	0.700
0.100	0.700	0.100	0.100
0.100	0.700	0.100	0.100
0.100	0.100	0.700	0.100
0.100	0.100	0.700	0.100
0.100	0.100	0.100	0.700
>GVGAAATCGA	20-GVGAAATCGA	7.857416	-11.369053	0	T:126.0(13.28%),B:3656.4(9.00%),P:1e-4	Tpos:563.8,Tstd:290.1,Bpos:531.3,Bstd:327.1,StrandBias:-0.7,Multiplicity:1.29
0.026	0.054	0.717	0.203
0.251	0.227	0.354	0.169
0.320	0.034	0.572	0.074
0.542	0.109	0.207	0.142
0.714	0.036	0.048	0.202
0.710	0.177	0.017	0.096
0.237	0.043	0.112	0.608
0.030	0.566	0.224	0.180
0.101	0.036	0.775	0.088
0.819	0.037	0.030	0.114
>TATATATATA	21-TATATATATA	8.034355	-10.578785	0	T:167.0(17.60%),B:5233.7(12.89%),P:1e-4	Tpos:536.6,Tstd:314.5,Bpos:520.9,Bstd:301.5,StrandBias:-0.1,Multiplicity:1.10
0.076	0.038	0.030	0.856
0.803	0.084	0.048	0.065
0.051	0.069	0.040	0.840
0.851	0.006	0.068	0.075
0.070	0.053	0.028	0.849
0.741	0.138	0.050	0.071
0.123	0.011	0.058	0.808
0.632	0.085	0.095	0.188
0.059	0.106	0.013	0.822
0.810	0.081	0.041	0.068
>ATAGATTGTT	22-ATAGATTGTT	9.580943	-9.626867	0	T:34.0(3.58%),B:685.9(1.69%),P:1e-4	Tpos:420.3,Tstd:188.1,Bpos:478.5,Bstd:290.2,StrandBias:0.6,Multiplicity:1.82
0.997	0.001	0.001	0.001
0.001	0.001	0.001	0.997
0.997	0.001	0.001	0.001
0.001	0.001	0.859	0.139
0.945	0.053	0.001	0.001
0.001	0.056	0.001	0.942
0.001	0.020	0.022	0.957
0.001	0.001	0.997	0.001
0.001	0.001	0.001	0.997
0.001	0.081	0.001	0.917
>CGAAAAGGGG	23-CGAAAAGGGG	9.431788	-7.690558	0	T:25.0(2.63%),B:495.9(1.22%),P:1e-3	Tpos:410.8,Tstd:225.7,Bpos:512.5,Bstd:296.5,StrandBias:-0.2,Multiplicity:2.44
0.001	0.997	0.001	0.001
0.184	0.001	0.814	0.001
0.974	0.001	0.024	0.001
0.966	0.032	0.001	0.001
0.958	0.001	0.040	0.001
0.997	0.001	0.001	0.001
0.001	0.086	0.912	0.001
0.001	0.001	0.997	0.001
0.001	0.018	0.980	0.001
0.001	0.001	0.997	0.001
>CCAGTAGATG	24-CCAGTAGATG	10.296193	-4.086084	0	T:3.0(0.32%),B:21.7(0.05%),P:1e-1	Tpos:130.0,Tstd:65.8,Bpos:462.0,Bstd:276.0,StrandBias:-3.3,Multiplicity:3.67
0.100	0.700	0.100	0.100
0.100	0.700	0.100	0.100
0.700	0.100	0.100	0.100
0.100	0.100	0.700	0.100
0.100	0.100	0.100	0.700
0.700	0.100	0.100	0.100
0.100	0.100	0.700	0.100
0.700	0.100	0.100	0.100
0.100	0.100	0.100	0.700
0.100	0.100	0.700	0.100
>CGACCTAGGT	25-CGACCTAGGT	11.541309	-3.671562	0	T:3.0(0.32%),B:25.3(0.06%),P:1e-1	Tpos:513.8,Tstd:277.8,Bpos:468.9,Bstd:364.4,StrandBias:0.6,Multiplicity:2.00
0.001	0.997	0.001	0.001
0.102	0.147	0.750	0.001
0.997	0.001	0.001	0.001
0.134	0.864	0.001	0.001
0.001	0.997	0.001	0.001
0.001	0.001	0.001	0.997
0.997	0.001	0.001	0.001
0.001	0.001	0.997	0.001
0.001	0.001	0.997	0.001
0.001	0.001	0.001	0.997
