>DAGTAATTAAAR	17-DAGTAATTAAAR	8.393298	-15.715441	0	T:15.0(19.23%),B:1430.2(3.67%),P:1e-6
0.333	0.160	0.292	0.215
0.655	0.069	0.127	0.149
0.200	0.107	0.570	0.123
0.182	0.159	0.091	0.568
0.661	0.101	0.132	0.106
0.690	0.123	0.065	0.122
0.212	0.106	0.105	0.577
0.245	0.076	0.155	0.524
0.672	0.056	0.094	0.178
0.684	0.142	0.118	0.056
0.697	0.120	0.093	0.090
0.371	0.169	0.242	0.218
