>GTGTTTGCGGAC	1-GTGTTTGCGGAC	9.987808	-41.934626	0	T:54.0(11.44%),B:945.0(2.60%),P:1e-18	Tpos:641.4,Tstd:221.7,Bpos:585.8,Bstd:366.5,StrandBias:0.1,Multiplicity:1.04
0.269	0.001	0.649	0.081
0.001	0.050	0.001	0.948
0.001	0.022	0.936	0.041
0.099	0.031	0.105	0.765
0.038	0.001	0.111	0.850
0.051	0.060	0.001	0.888
0.051	0.060	0.798	0.091
0.001	0.958	0.040	0.001
0.136	0.001	0.763	0.100
0.001	0.042	0.728	0.229
0.956	0.001	0.001	0.042
0.069	0.778	0.083	0.070
>TTAATTGATTTT	2-TTAATTGATTTT	10.719627	-38.791489	0	T:141.0(29.87%),B:5245.4(14.44%),P:1e-16	Tpos:621.8,Tstd:278.3,Bpos:543.3,Bstd:360.1,StrandBias:0.8,Multiplicity:1.17
0.032	0.179	0.001	0.788
0.284	0.081	0.001	0.634
0.458	0.255	0.001	0.286
0.922	0.001	0.036	0.041
0.128	0.067	0.001	0.804
0.001	0.001	0.270	0.728
0.197	0.001	0.729	0.073
0.574	0.225	0.165	0.036
0.068	0.001	0.001	0.930
0.001	0.001	0.001	0.997
0.001	0.001	0.001	0.997
0.023	0.204	0.001	0.772
>GCGCGTTGTTTA	3-GCGCGTTGTTTA	9.837225	-35.660390	0	T:47.0(9.96%),B:842.8(2.32%),P:1e-15	Tpos:615.9,Tstd:265.6,Bpos:581.0,Bstd:367.2,StrandBias:-0.3,Multiplicity:1.17
0.016	0.001	0.887	0.096
0.066	0.788	0.055	0.091
0.144	0.056	0.764	0.036
0.050	0.799	0.087	0.064
0.039	0.115	0.764	0.082
0.087	0.102	0.001	0.810
0.088	0.085	0.001	0.826
0.017	0.091	0.737	0.155
0.001	0.036	0.001	0.962
0.001	0.018	0.001	0.980
0.053	0.036	0.112	0.799
0.891	0.001	0.055	0.053
>AAAAATCGATTT	4-AAAAATCGATTT	8.852642	-34.128561	0	T:217.0(45.97%),B:10388.6(28.60%),P:1e-14	Tpos:562.6,Tstd:288.0,Bpos:521.0,Bstd:391.8,StrandBias:-0.1,Multiplicity:1.52
0.714	0.001	0.150	0.135
0.869	0.005	0.107	0.019
0.710	0.022	0.149	0.119
0.709	0.007	0.001	0.283
0.831	0.011	0.149	0.009
0.017	0.229	0.004	0.750
0.008	0.975	0.010	0.007
0.014	0.173	0.708	0.105
0.681	0.019	0.184	0.116
0.011	0.216	0.001	0.772
0.226	0.001	0.023	0.750
0.189	0.012	0.084	0.715
>TTTCTATTTATT	5-TTTCTATTTATT	11.561666	-30.798224	0	T:58.0(12.29%),B:1414.2(3.89%),P:1e-13	Tpos:617.9,Tstd:265.9,Bpos:527.1,Bstd:329.0,StrandBias:1.3,Multiplicity:1.00
0.001	0.199	0.001	0.799
0.037	0.031	0.001	0.931
0.032	0.001	0.001	0.966
0.001	0.752	0.053	0.194
0.001	0.001	0.001	0.997
0.941	0.001	0.001	0.057
0.001	0.001	0.001	0.997
0.001	0.033	0.250	0.716
0.001	0.001	0.001	0.997
0.997	0.001	0.001	0.001
0.255	0.001	0.001	0.743
0.030	0.001	0.001	0.968
>TCGGAGTGTTGT	6-TCGGAGTGTTGT	9.186747	-28.247049	0	T:47.0(9.96%),B:1041.2(2.87%),P:1e-12	Tpos:520.7,Tstd:263.4,Bpos:557.9,Bstd:348.0,StrandBias:0.1,Multiplicity:1.11
0.051	0.219	0.001	0.729
0.089	0.875	0.001	0.035
0.057	0.001	0.881	0.061
0.026	0.001	0.766	0.207
0.781	0.001	0.217	0.001
0.075	0.089	0.835	0.001
0.089	0.033	0.001	0.877
0.001	0.005	0.803	0.191
0.001	0.001	0.001	0.997
0.001	0.351	0.001	0.647
0.001	0.006	0.943	0.050
0.001	0.001	0.001	0.997
>AAATCAATTWTA	7-AAATCAATTWTA	10.659081	-27.939816	0	T:61.0(12.92%),B:1654.4(4.55%),P:1e-12	Tpos:567.0,Tstd:296.0,Bpos:519.4,Bstd:338.3,StrandBias:-0.3,Multiplicity:1.09
0.901	0.037	0.023	0.039
0.907	0.017	0.031	0.045
0.698	0.128	0.030	0.144
0.052	0.256	0.046	0.646
0.225	0.487	0.052	0.236
0.925	0.033	0.027	0.015
0.728	0.017	0.224	0.031
0.238	0.032	0.037	0.693
0.263	0.197	0.027	0.513
0.343	0.182	0.045	0.430
0.055	0.006	0.053	0.886
0.566	0.265	0.105	0.064
>GAAACGCGCCAG	8-GAAACGCGCCAG	10.671673	-27.906611	0	T:33.0(6.99%),B:534.5(1.47%),P:1e-12	Tpos:681.9,Tstd:221.6,Bpos:629.0,Bstd:357.3,StrandBias:-0.5,Multiplicity:1.34
0.085	0.152	0.586	0.177
0.859	0.064	0.076	0.001
0.997	0.001	0.001	0.001
0.762	0.001	0.236	0.001
0.001	0.720	0.001	0.278
0.155	0.001	0.640	0.204
0.001	0.997	0.001	0.001
0.001	0.001	0.997	0.001
0.076	0.787	0.001	0.136
0.109	0.826	0.001	0.064
0.997	0.001	0.001	0.001
0.131	0.001	0.867	0.001
>ATTGATAAATTA	9-ATTGATAAATTA	12.139058	-27.060004	0	T:38.0(8.05%),B:728.9(2.01%),P:1e-11	Tpos:647.0,Tstd:278.7,Bpos:519.8,Bstd:310.7,StrandBias:-0.7,Multiplicity:1.00
0.997	0.001	0.001	0.001
0.026	0.001	0.045	0.928
0.043	0.001	0.058	0.898
0.020	0.033	0.946	0.001
0.927	0.001	0.046	0.026
0.043	0.001	0.001	0.955
0.968	0.001	0.001	0.030
0.833	0.056	0.061	0.050
0.918	0.001	0.049	0.032
0.126	0.046	0.001	0.827
0.052	0.001	0.036	0.911
0.927	0.030	0.042	0.001
>KCATTTCCGCGT	10-KCATTTCCGCGT	11.755521	-24.135330	0	T:14.0(2.97%),B:84.2(0.23%),P:1e-10	Tpos:570.3,Tstd:325.4,Bpos:578.1,Bstd:339.3,StrandBias:-0.6,Multiplicity:1.07
0.001	0.001	0.449	0.549
0.003	0.995	0.001	0.001
0.997	0.001	0.001	0.001
0.001	0.100	0.001	0.898
0.001	0.001	0.001	0.997
0.001	0.001	0.247	0.751
0.001	0.927	0.001	0.071
0.085	0.832	0.001	0.082
0.039	0.315	0.643	0.003
0.001	0.862	0.001	0.136
0.005	0.001	0.992	0.002
0.004	0.001	0.214	0.781
>GGTTTTTTCCAT	11-GGTTTTTTCCAT	12.460388	-23.847420	0	T:23.0(4.87%),B:299.4(0.82%),P:1e-10	Tpos:470.3,Tstd:317.8,Bpos:518.9,Bstd:340.6,StrandBias:1.2,Multiplicity:1.00
0.052	0.036	0.911	0.001
0.001	0.041	0.957	0.001
0.063	0.001	0.063	0.873
0.001	0.001	0.001	0.997
0.001	0.001	0.001	0.997
0.001	0.001	0.001	0.997
0.001	0.063	0.001	0.935
0.072	0.001	0.094	0.833
0.055	0.821	0.059	0.065
0.001	0.845	0.153	0.001
0.920	0.078	0.001	0.001
0.041	0.001	0.001	0.957
>AAATTATGCTAT	12-AAATTATGCTAT	11.015354	-22.533817	0	T:23.0(4.87%),B:321.4(0.88%),P:1e-9	Tpos:496.7,Tstd:294.8,Bpos:523.9,Bstd:285.6,StrandBias:0.9,Multiplicity:1.00
0.909	0.033	0.025	0.033
0.538	0.187	0.022	0.253
0.530	0.125	0.173	0.172
0.029	0.079	0.027	0.865
0.040	0.001	0.010	0.949
0.639	0.017	0.137	0.207
0.029	0.028	0.001	0.942
0.001	0.001	0.744	0.254
0.185	0.559	0.124	0.132
0.175	0.001	0.026	0.798
0.611	0.200	0.015	0.174
0.001	0.049	0.034	0.916
>CTGAAACAAGTG	13-CTGAAACAAGTG	12.791766	-22.123732	0	T:18.0(3.81%),B:189.1(0.52%),P:1e-9	Tpos:635.3,Tstd:314.4,Bpos:552.5,Bstd:383.5,StrandBias:-0.3,Multiplicity:1.00
0.042	0.902	0.055	0.001
0.001	0.001	0.001	0.997
0.101	0.001	0.897	0.001
0.914	0.084	0.001	0.001
0.997	0.001	0.001	0.001
0.997	0.001	0.001	0.001
0.108	0.806	0.001	0.085
0.790	0.095	0.114	0.001
0.997	0.001	0.001	0.001
0.001	0.001	0.997	0.001
0.101	0.001	0.001	0.897
0.101	0.001	0.844	0.054
>CAAGTGCGCTCT	14-CAAGTGCGCTCT	7.909488	-21.118667	0	T:61.0(12.92%),B:1969.3(5.42%),P:1e-9	Tpos:610.1,Tstd:262.4,Bpos:558.9,Bstd:385.5,StrandBias:-0.2,Multiplicity:1.08
0.001	0.997	0.001	0.001
0.997	0.001	0.001	0.001
0.857	0.001	0.001	0.141
0.071	0.314	0.610	0.005
0.021	0.034	0.314	0.631
0.181	0.001	0.817	0.001
0.001	0.928	0.001	0.070
0.001	0.001	0.997	0.001
0.001	0.997	0.001	0.001
0.277	0.002	0.001	0.720
0.001	0.742	0.001	0.256
0.070	0.352	0.001	0.577
>GCAATTTTCCAG	15-GCAATTTTCCAG	10.308323	-20.965717	0	T:31.0(6.57%),B:629.9(1.73%),P:1e-9	Tpos:492.1,Tstd:324.0,Bpos:588.3,Bstd:413.9,StrandBias:0.9,Multiplicity:1.03
0.032	0.189	0.579	0.200
0.227	0.578	0.168	0.027
0.882	0.035	0.051	0.032
0.574	0.088	0.155	0.183
0.063	0.047	0.047	0.843
0.140	0.105	0.028	0.727
0.013	0.143	0.027	0.817
0.193	0.035	0.029	0.743
0.144	0.646	0.033	0.177
0.140	0.668	0.037	0.155
0.685	0.202	0.037	0.076
0.031	0.220	0.707	0.042
>ATCAAAGTCAGC	16-ATCAAAGTCAGC	10.814543	-20.154537	0	T:11.0(2.33%),B:60.8(0.17%),P:1e-8	Tpos:411.6,Tstd:232.5,Bpos:559.6,Bstd:278.8,StrandBias:-0.3,Multiplicity:1.00
0.997	0.001	0.001	0.001
0.001	0.001	0.001	0.997
0.001	0.931	0.067	0.001
0.997	0.001	0.001	0.001
0.997	0.001	0.001	0.001
0.997	0.001	0.001	0.001
0.001	0.001	0.997	0.001
0.001	0.001	0.001	0.997
0.001	0.733	0.265	0.001
0.785	0.001	0.001	0.213
0.195	0.001	0.803	0.001
0.001	0.997	0.001	0.001
>TTCGAATTTTCT	17-TTCGAATTTTCT	10.977442	-19.810333	0	T:86.0(18.22%),B:3394.1(9.34%),P:1e-8	Tpos:547.2,Tstd:290.5,Bpos:516.3,Bstd:373.5,StrandBias:0.5,Multiplicity:1.12
0.201	0.001	0.169	0.629
0.001	0.001	0.001	0.997
0.017	0.827	0.084	0.072
0.001	0.001	0.997	0.001
0.787	0.074	0.024	0.115
0.859	0.139	0.001	0.001
0.001	0.001	0.001	0.997
0.147	0.178	0.001	0.674
0.001	0.001	0.041	0.957
0.028	0.001	0.001	0.970
0.264	0.462	0.001	0.273
0.341	0.001	0.001	0.657
>ACGAWTTNAWCD	18-ACGAWTTNAWCD	8.371202	-18.433066	0	T:14.0(2.97%),B:136.9(0.38%),P:1e-8	Tpos:585.1,Tstd:284.1,Bpos:519.5,Bstd:314.7,StrandBias:-1.3,Multiplicity:1.00
0.536	0.353	0.006	0.105
0.133	0.651	0.092	0.124
0.142	0.287	0.477	0.094
0.707	0.064	0.072	0.157
0.484	0.093	0.004	0.418
0.114	0.174	0.106	0.606
0.290	0.064	0.171	0.474
0.345	0.203	0.235	0.216
0.614	0.091	0.029	0.266
0.552	0.004	0.006	0.438
0.153	0.675	0.078	0.094
0.329	0.043	0.302	0.326
>TTCGTAAATCGA	19-TTCGTAAATCGA	12.384756	-18.069147	0	T:22.0(4.66%),B:378.0(1.04%),P:1e-7	Tpos:670.0,Tstd:258.5,Bpos:485.2,Bstd:387.5,StrandBias:0.4,Multiplicity:1.10
0.051	0.001	0.001	0.947
0.001	0.198	0.048	0.753
0.001	0.997	0.001	0.001
0.111	0.132	0.756	0.001
0.097	0.001	0.001	0.901
0.997	0.001	0.001	0.001
0.997	0.001	0.001	0.001
0.997	0.001	0.001	0.001
0.001	0.001	0.098	0.900
0.074	0.871	0.001	0.054
0.001	0.067	0.894	0.038
0.997	0.001	0.001	0.001
>TTTAGSTCAAAA	20-TTTAGSTCAAAA	10.661536	-17.976273	0	T:71.0(15.04%),B:2686.2(7.39%),P:1e-7	Tpos:504.0,Tstd:298.1,Bpos:505.8,Bstd:383.6,StrandBias:-0.5,Multiplicity:1.40
0.280	0.016	0.015	0.689
0.071	0.018	0.018	0.893
0.047	0.063	0.070	0.820
0.724	0.035	0.195	0.046
0.215	0.058	0.706	0.021
0.054	0.412	0.367	0.167
0.017	0.071	0.043	0.869
0.133	0.602	0.217	0.048
0.816	0.075	0.073	0.036
0.826	0.001	0.072	0.101
0.956	0.015	0.014	0.015
0.976	0.001	0.001	0.022
>TTTSGCGATTTT	21-TTTSGCGATTTT	10.330679	-17.135650	0	T:131.0(27.75%),B:6380.0(17.56%),P:1e-7	Tpos:532.2,Tstd:304.3,Bpos:510.3,Bstd:391.9,StrandBias:0.7,Multiplicity:1.48
0.023	0.036	0.001	0.940
0.068	0.013	0.033	0.886
0.001	0.036	0.068	0.895
0.198	0.302	0.408	0.092
0.071	0.182	0.697	0.050
0.137	0.631	0.165	0.067
0.055	0.073	0.804	0.068
0.880	0.021	0.080	0.019
0.013	0.001	0.001	0.985
0.001	0.001	0.001	0.997
0.001	0.001	0.067	0.931
0.001	0.043	0.001	0.955
>CAATMTTYAGCA	22-CAATMTTYAGCA	11.016674	-17.064163	0	T:25.0(5.30%),B:510.1(1.40%),P:1e-7	Tpos:442.2,Tstd:299.1,Bpos:475.2,Bstd:334.3,StrandBias:0.2,Multiplicity:1.36
0.160	0.611	0.001	0.228
0.789	0.209	0.001	0.001
0.929	0.001	0.069	0.001
0.001	0.001	0.001	0.997
0.489	0.463	0.001	0.048
0.370	0.001	0.001	0.628
0.001	0.197	0.001	0.801
0.001	0.506	0.001	0.492
0.997	0.001	0.001	0.001
0.291	0.001	0.614	0.094
0.001	0.997	0.001	0.001
0.724	0.001	0.001	0.274
>CAGCATTTTTCA	23-CAGCATTTTTCA	12.013479	-15.690636	0	T:26.0(5.51%),B:591.0(1.63%),P:1e-6	Tpos:545.5,Tstd:287.2,Bpos:524.6,Bstd:340.2,StrandBias:1.8,Multiplicity:1.19
0.012	0.944	0.027	0.017
0.945	0.001	0.053	0.001
0.166	0.111	0.667	0.056
0.001	0.979	0.001	0.019
0.950	0.001	0.048	0.001
0.017	0.001	0.054	0.928
0.066	0.001	0.001	0.932
0.001	0.001	0.001	0.997
0.001	0.001	0.001	0.997
0.131	0.001	0.001	0.867
0.001	0.946	0.029	0.024
0.881	0.033	0.056	0.030
>TGGACATAGTCA	24-TGGACATAGTCA	10.758756	-11.200506	0	T:11.0(2.33%),B:159.6(0.44%),P:1e-4	Tpos:458.4,Tstd:223.7,Bpos:480.9,Bstd:302.3,StrandBias:0.2,Multiplicity:1.55
0.001	0.001	0.001	0.997
0.001	0.120	0.816	0.063
0.109	0.052	0.721	0.118
0.670	0.001	0.075	0.254
0.069	0.851	0.035	0.045
0.997	0.001	0.001	0.001
0.153	0.066	0.003	0.778
0.830	0.082	0.001	0.087
0.042	0.048	0.697	0.213
0.075	0.001	0.063	0.861
0.063	0.796	0.140	0.001
0.997	0.001	0.001	0.001
>CCDTACTTGGAT	25-CCDTACTTGGAT	13.824857	-10.791403	0	T:3.0(0.64%),B:2.5(0.01%),P:1e-4	Tpos:204.7,Tstd:117.2,Bpos:759.8,Bstd:95.6,StrandBias:10.0,Multiplicity:2.00
0.001	0.997	0.001	0.001
0.001	0.997	0.001	0.001
0.331	0.001	0.362	0.305
0.248	0.001	0.001	0.750
0.997	0.001	0.001	0.001
0.001	0.997	0.001	0.001
0.001	0.001	0.001	0.997
0.001	0.001	0.001	0.997
0.001	0.001	0.997	0.001
0.001	0.248	0.750	0.001
0.667	0.001	0.331	0.001
0.001	0.001	0.001	0.997
