>GTAACAATCTAT	20-ATAGATTGTTAC	10.396822	-11.354980	0	T:4.0(3.67%),B:46.7(0.12%),P:1e-4
0.151	0.109	0.583	0.157
0.160	0.101	0.114	0.625
0.690	0.100	0.107	0.103
0.742	0.072	0.082	0.104
0.198	0.538	0.125	0.139
0.745	0.086	0.073	0.096
0.716	0.082	0.083	0.119
0.106	0.079	0.081	0.734
0.154	0.602	0.088	0.156
0.146	0.079	0.114	0.661
0.636	0.111	0.095	0.158
0.103	0.109	0.059	0.729
