>TTCACGTRAACT	1-TTCACGTRAACT	9.437127	-29.308753	0	T:21.0(19.27%),B:929.0(2.37%),P:1e-12
0.153	0.181	0.056	0.610
0.223	0.001	0.001	0.775
0.001	0.776	0.034	0.189
0.732	0.188	0.044	0.036
0.001	0.666	0.332	0.001
0.080	0.002	0.751	0.167
0.001	0.114	0.361	0.524
0.524	0.001	0.474	0.001
0.798	0.054	0.101	0.047
0.499	0.209	0.202	0.090
0.197	0.657	0.054	0.092
0.035	0.001	0.001	0.963
