>CTGATAAG	1-CTGATAAG	8.725539	-28.421375	0	T:49.0(21.97%),B:2794.0(6.87%),P:1e-12	Tpos:652.6,Tstd:242.8,Bpos:537.1,Bstd:304.9,StrandBias:-0.6,Multiplicity:1.14
0.001	0.997	0.001	0.001
0.001	0.001	0.001	0.997
0.001	0.001	0.997	0.001
0.938	0.001	0.001	0.060
0.001	0.001	0.102	0.896
0.997	0.001	0.001	0.001
0.997	0.001	0.001	0.001
0.001	0.001	0.997	0.001
>TGGAGTCT	2-TGGAGTCT	6.384865	-16.619047	0	T:69.0(30.94%),B:6665.6(16.38%),P:1e-7	Tpos:486.5,Tstd:282.2,Bpos:507.1,Bstd:304.5,StrandBias:-0.1,Multiplicity:1.19
0.001	0.226	0.001	0.772
0.075	0.001	0.923	0.001
0.001	0.366	0.596	0.037
0.591	0.047	0.361	0.001
0.001	0.001	0.997	0.001
0.001	0.001	0.001	0.997
0.001	0.997	0.001	0.001
0.001	0.039	0.001	0.959
>GGGGGKAT	3-GGGGGKAT	7.343804	-13.246314	0	T:40.0(17.94%),B:3286.5(8.08%),P:1e-5	Tpos:557.0,Tstd:288.7,Bpos:523.8,Bstd:307.8,StrandBias:-0.8,Multiplicity:1.30
0.004	0.214	0.761	0.021
0.001	0.203	0.772	0.024
0.001	0.024	0.803	0.172
0.003	0.001	0.990	0.006
0.016	0.001	0.982	0.001
0.236	0.001	0.435	0.328
0.767	0.214	0.011	0.008
0.278	0.001	0.001	0.720
>TAGAGTTG	4-TAGAGTTG	8.514437	-11.058964	0	T:32.0(14.35%),B:2583.8(6.35%),P:1e-4	Tpos:505.9,Tstd:262.1,Bpos:506.6,Bstd:296.3,StrandBias:-0.9,Multiplicity:1.06
0.001	0.001	0.274	0.724
0.997	0.001	0.001	0.001
0.001	0.001	0.997	0.001
0.997	0.001	0.001	0.001
0.001	0.001	0.997	0.001
0.001	0.001	0.001	0.997
0.107	0.001	0.001	0.891
0.001	0.001	0.997	0.001
>GKGTAAAA	5-GKGTAAAA	9.811870	-9.731128	0	T:41.0(18.39%),B:3963.6(9.74%),P:1e-4	Tpos:525.5,Tstd:268.7,Bpos:520.6,Bstd:300.8,StrandBias:-0.1,Multiplicity:1.22
0.038	0.001	0.960	0.001
0.001	0.001	0.500	0.498
0.001	0.001	0.997	0.001
0.001	0.001	0.344	0.654
0.997	0.001	0.001	0.001
0.997	0.001	0.001	0.001
0.993	0.005	0.001	0.001
0.905	0.001	0.001	0.093
