>CACTGATAAG	1-CACTGATAAG	11.166003	-30.202570	0	T:30.0(13.45%),B:991.7(2.44%),P:1e-13	Tpos:632.2,Tstd:249.4,Bpos:593.1,Bstd:295.6,StrandBias:-0.6,Multiplicity:1.23
0.287	0.545	0.069	0.099
0.975	0.001	0.001	0.023
0.214	0.784	0.001	0.001
0.001	0.001	0.001	0.997
0.001	0.001	0.997	0.001
0.997	0.001	0.001	0.001
0.001	0.001	0.001	0.997
0.997	0.001	0.001	0.001
0.997	0.001	0.001	0.001
0.044	0.048	0.907	0.001
>CAGACTGCAT	2-CAGACTGCAT	8.408798	-26.815399	0	T:23.0(10.31%),B:634.8(1.56%),P:1e-11	Tpos:520.7,Tstd:277.0,Bpos:501.3,Bstd:300.6,StrandBias:-0.1,Multiplicity:1.00
0.033	0.810	0.081	0.076
0.946	0.010	0.030	0.014
0.067	0.048	0.680	0.205
0.686	0.233	0.033	0.048
0.172	0.718	0.060	0.050
0.271	0.078	0.159	0.492
0.254	0.019	0.636	0.091
0.077	0.887	0.007	0.029
0.503	0.188	0.116	0.193
0.299	0.168	0.008	0.525
>RCTCTAAGCT	3-RCTCTAAGCT	9.198155	-23.085029	0	T:22.0(9.87%),B:698.3(1.72%),P:1e-10	Tpos:541.5,Tstd:263.3,Bpos:499.0,Bstd:302.5,StrandBias:0.0,Multiplicity:1.09
0.515	0.001	0.476	0.008
0.001	0.908	0.090	0.001
0.001	0.144	0.115	0.740
0.063	0.636	0.049	0.252
0.001	0.001	0.001	0.997
0.939	0.001	0.059	0.001
0.997	0.001	0.001	0.001
0.001	0.001	0.997	0.001
0.069	0.871	0.001	0.059
0.070	0.001	0.001	0.928
>AGACCACAGT	4-AGACCACAGT	9.589992	-22.940733	0	T:20.0(8.97%),B:568.1(1.40%),P:1e-9	Tpos:456.4,Tstd:286.4,Bpos:479.5,Bstd:304.4,StrandBias:0.3,Multiplicity:1.05
0.892	0.001	0.106	0.001
0.001	0.001	0.997	0.001
0.937	0.001	0.001	0.061
0.170	0.745	0.040	0.045
0.052	0.946	0.001	0.001
0.855	0.143	0.001	0.001
0.001	0.997	0.001	0.001
0.997	0.001	0.001	0.001
0.048	0.089	0.862	0.001
0.073	0.077	0.001	0.849
>CGTGGTTTGT	5-CGTGGTTTGT	6.442029	-22.312260	0	T:49.0(21.97%),B:3328.7(8.18%),P:1e-9	Tpos:596.1,Tstd:284.7,Bpos:526.3,Bstd:308.3,StrandBias:0.2,Multiplicity:1.16
0.146	0.602	0.081	0.171
0.112	0.048	0.719	0.121
0.067	0.129	0.197	0.607
0.144	0.096	0.625	0.135
0.122	0.200	0.551	0.127
0.136	0.085	0.168	0.611
0.144	0.041	0.263	0.552
0.196	0.065	0.089	0.650
0.211	0.104	0.522	0.163
0.191	0.142	0.053	0.614
>GTGATGTCAT	6-GTGATGTCAT	8.410888	-22.247459	0	T:47.0(21.08%),B:3107.5(7.64%),P:1e-9	Tpos:464.7,Tstd:309.1,Bpos:490.7,Bstd:292.0,StrandBias:-0.6,Multiplicity:1.11
0.067	0.001	0.931	0.001
0.278	0.001	0.001	0.720
0.001	0.001	0.997	0.001
0.946	0.001	0.001	0.052
0.183	0.215	0.001	0.601
0.264	0.001	0.734	0.001
0.001	0.001	0.001	0.997
0.150	0.848	0.001	0.001
0.894	0.001	0.104	0.001
0.001	0.001	0.173	0.825
>ACCSAAAGCG	7-ACCSAAAGCG	9.324029	-20.553573	0	T:20.0(8.97%),B:655.8(1.61%),P:1e-8	Tpos:538.5,Tstd:282.3,Bpos:507.1,Bstd:300.7,StrandBias:-1.0,Multiplicity:1.05
0.738	0.001	0.001	0.260
0.158	0.787	0.001	0.054
0.001	0.779	0.001	0.219
0.068	0.469	0.462	0.001
0.870	0.001	0.128	0.001
0.997	0.001	0.001	0.001
0.997	0.001	0.001	0.001
0.001	0.001	0.997	0.001
0.001	0.879	0.001	0.119
0.144	0.174	0.681	0.001
>AGTGGCCAGT	8-AGTGGCCAGT	8.783774	-19.985106	0	T:16.0(7.17%),B:410.6(1.01%),P:1e-8	Tpos:556.7,Tstd:319.5,Bpos:497.7,Bstd:300.7,StrandBias:-2.1,Multiplicity:1.00
0.915	0.001	0.083	0.001
0.001	0.001	0.939	0.059
0.114	0.119	0.001	0.766
0.001	0.001	0.952	0.046
0.001	0.001	0.877	0.121
0.064	0.934	0.001	0.001
0.058	0.859	0.001	0.082
0.896	0.001	0.102	0.001
0.001	0.001	0.933	0.065
0.001	0.001	0.001	0.997
>TTCGCGACCA	9-TTCGCGACCA	10.092735	-19.175856	0	T:14.0(6.28%),B:316.8(0.78%),P:1e-8	Tpos:437.5,Tstd:311.1,Bpos:503.5,Bstd:284.4,StrandBias:0.8,Multiplicity:1.00
0.001	0.001	0.101	0.897
0.001	0.001	0.001	0.997
0.001	0.865	0.073	0.061
0.001	0.001	0.950	0.048
0.001	0.940	0.058	0.001
0.001	0.086	0.838	0.075
0.941	0.001	0.057	0.001
0.083	0.836	0.001	0.080
0.001	0.838	0.160	0.001
0.997	0.001	0.001	0.001
>TTCCTTATCA	10-TTCCTTATCA	9.141882	-18.886496	0	T:45.0(20.18%),B:3217.3(7.91%),P:1e-8	Tpos:662.5,Tstd:236.2,Bpos:535.1,Bstd:308.7,StrandBias:0.3,Multiplicity:1.20
0.046	0.029	0.043	0.882
0.032	0.066	0.001	0.901
0.024	0.869	0.001	0.106
0.023	0.919	0.018	0.040
0.022	0.036	0.048	0.894
0.075	0.001	0.064	0.860
0.979	0.001	0.019	0.001
0.030	0.001	0.055	0.914
0.022	0.899	0.078	0.001
0.922	0.030	0.028	0.020
>TAAACAGATG	11-TAAACAGATG	10.290488	-17.873172	0	T:16.0(7.17%),B:479.0(1.18%),P:1e-7	Tpos:591.2,Tstd:242.0,Bpos:535.9,Bstd:293.0,StrandBias:-1.6,Multiplicity:1.00
0.001	0.001	0.001	0.997
0.997	0.001	0.001	0.001
0.585	0.244	0.001	0.170
0.815	0.001	0.183	0.001
0.001	0.997	0.001	0.001
0.897	0.001	0.001	0.101
0.001	0.001	0.997	0.001
0.997	0.001	0.001	0.001
0.001	0.001	0.001	0.997
0.284	0.001	0.714	0.001
>CCTGCAGGAC	12-CCTGCAGGAC	10.344149	-17.725627	0	T:11.0(4.93%),B:194.9(0.48%),P:1e-7	Tpos:479.0,Tstd:314.0,Bpos:460.6,Bstd:294.4,StrandBias:0.0,Multiplicity:1.00
0.093	0.905	0.001	0.001
0.001	0.997	0.001	0.001
0.083	0.001	0.001	0.915
0.001	0.085	0.913	0.001
0.001	0.912	0.086	0.001
0.997	0.001	0.001	0.001
0.116	0.001	0.882	0.001
0.001	0.103	0.647	0.249
0.997	0.001	0.001	0.001
0.076	0.922	0.001	0.001
>GACTGTACTT	13-GACTGTACTT	7.006171	-17.724845	0	T:53.0(23.77%),B:4337.0(10.66%),P:1e-7	Tpos:528.2,Tstd:276.0,Bpos:499.9,Bstd:292.5,StrandBias:-0.5,Multiplicity:1.24
0.051	0.087	0.833	0.029
0.761	0.102	0.078	0.059
0.041	0.824	0.075	0.060
0.072	0.080	0.001	0.847
0.148	0.010	0.806	0.036
0.088	0.070	0.085	0.757
0.850	0.055	0.066	0.029
0.052	0.844	0.059	0.045
0.044	0.146	0.046	0.764
0.104	0.092	0.083	0.721
>AGTCTGTATG	14-AGTCTGTATG	8.309909	-16.933708	0	T:21.0(9.42%),B:902.5(2.22%),P:1e-7	Tpos:511.4,Tstd:265.2,Bpos:491.6,Bstd:292.2,StrandBias:-0.5,Multiplicity:1.05
0.997	0.001	0.001	0.001
0.046	0.096	0.805	0.053
0.072	0.123	0.001	0.804
0.001	0.921	0.042	0.036
0.001	0.001	0.001	0.997
0.083	0.075	0.841	0.001
0.073	0.001	0.001	0.925
0.841	0.060	0.050	0.049
0.001	0.001	0.001	0.997
0.001	0.001	0.939	0.059
>CGGTGGGGTA	15-CGGTGGGGTA	11.748760	-16.179591	0	T:6.0(2.69%),B:35.2(0.09%),P:1e-7	Tpos:252.0,Tstd:230.9,Bpos:455.4,Bstd:265.3,StrandBias:1.0,Multiplicity:1.00
0.151	0.847	0.001	0.001
0.001	0.001	0.997	0.001
0.001	0.001	0.997	0.001
0.001	0.001	0.001	0.997
0.179	0.001	0.819	0.001
0.001	0.001	0.997	0.001
0.001	0.001	0.997	0.001
0.001	0.001	0.997	0.001
0.001	0.001	0.001	0.997
0.997	0.001	0.001	0.001
>MCAACTCTAK	16-MCAACTCTAK	9.396503	-14.791551	0	T:40.0(17.94%),B:3088.6(7.59%),P:1e-6	Tpos:564.2,Tstd:264.0,Bpos:486.3,Bstd:291.7,StrandBias:0.2,Multiplicity:1.18
0.439	0.559	0.001	0.001
0.001	0.997	0.001	0.001
0.566	0.001	0.343	0.090
0.647	0.001	0.323	0.029
0.418	0.580	0.001	0.001
0.001	0.001	0.001	0.997
0.001	0.543	0.073	0.383
0.001	0.001	0.001	0.997
0.997	0.001	0.001	0.001
0.001	0.001	0.460	0.538
>GGAAAAACGG	17-GGAAAAACGG	9.692455	-12.558382	0	T:41.0(18.39%),B:3509.6(8.63%),P:1e-5	Tpos:483.6,Tstd:302.9,Bpos:509.9,Bstd:312.7,StrandBias:-0.8,Multiplicity:1.27
0.077	0.138	0.784	0.001
0.001	0.001	0.997	0.001
0.927	0.071	0.001	0.001
0.997	0.001	0.001	0.001
0.910	0.001	0.001	0.088
0.941	0.001	0.001	0.057
0.917	0.001	0.001	0.081
0.001	0.838	0.001	0.160
0.001	0.001	0.722	0.276
0.001	0.045	0.953	0.001
>AGCCTGCAAG	18-AGCCTGCAAG	8.609318	-12.546444	0	T:23.0(10.31%),B:1394.9(3.43%),P:1e-5	Tpos:550.6,Tstd:224.0,Bpos:499.5,Bstd:308.8,StrandBias:0.1,Multiplicity:1.09
0.872	0.001	0.126	0.001
0.369	0.001	0.629	0.001
0.001	0.951	0.001	0.047
0.001	0.679	0.112	0.208
0.034	0.244	0.001	0.721
0.001	0.189	0.750	0.060
0.018	0.741	0.163	0.078
0.904	0.094	0.001	0.001
0.997	0.001	0.001	0.001
0.127	0.001	0.871	0.001
>TCGGAAATTT	19-TCGGAAATTT	10.193875	-12.336347	0	T:64.0(28.70%),B:6732.6(16.55%),P:1e-5	Tpos:529.3,Tstd:288.6,Bpos:501.9,Bstd:300.2,StrandBias:0.0,Multiplicity:1.33
0.001	0.001	0.164	0.834
0.075	0.752	0.001	0.172
0.061	0.075	0.720	0.144
0.001	0.031	0.967	0.001
0.979	0.001	0.019	0.001
0.983	0.001	0.001	0.015
0.966	0.019	0.014	0.001
0.086	0.001	0.001	0.912
0.014	0.001	0.001	0.984
0.001	0.001	0.070	0.928
>YAATATWMCC	20-YAATATWMCC	7.976484	-11.973775	0	T:38.0(17.04%),B:3209.9(7.89%),P:1e-5	Tpos:404.9,Tstd:237.6,Bpos:504.5,Bstd:300.7,StrandBias:1.7,Multiplicity:1.42
0.008	0.445	0.150	0.396
0.858	0.089	0.001	0.052
0.588	0.046	0.166	0.200
0.361	0.039	0.071	0.529
0.696	0.077	0.149	0.078
0.063	0.057	0.037	0.843
0.403	0.037	0.034	0.526
0.414	0.524	0.016	0.046
0.011	0.897	0.058	0.034
0.207	0.674	0.078	0.041
>ATAGCGATTT	21-ATAGCGATTT	7.040548	-11.554184	0	T:99.0(44.39%),B:12424.9(30.54%),P:1e-5	Tpos:494.8,Tstd:290.3,Bpos:511.9,Bstd:310.3,StrandBias:0.3,Multiplicity:1.45
0.783	0.067	0.032	0.118
0.058	0.066	0.078	0.798
0.698	0.118	0.074	0.110
0.004	0.094	0.833	0.069
0.052	0.794	0.070	0.084
0.073	0.052	0.805	0.070
0.840	0.043	0.049	0.068
0.031	0.053	0.032	0.884
0.085	0.044	0.061	0.810
0.053	0.059	0.122	0.766
>GACGCAGCAA	22-GACGCAGCAA	8.016078	-9.538736	0	T:32.0(14.35%),B:2798.2(6.88%),P:1e-4	Tpos:518.7,Tstd:245.7,Bpos:500.5,Bstd:298.1,StrandBias:-0.2,Multiplicity:1.16
0.061	0.001	0.862	0.076
0.922	0.001	0.001	0.076
0.154	0.739	0.106	0.001
0.001	0.106	0.892	0.001
0.188	0.727	0.007	0.078
0.769	0.089	0.141	0.001
0.287	0.001	0.651	0.061
0.008	0.723	0.172	0.097
0.997	0.001	0.001	0.001
0.775	0.030	0.108	0.087
>ATCRAAAAAA	23-ATCRAAAAAA	8.582483	-9.033128	0	T:70.0(31.39%),B:8414.4(20.68%),P:1e-3	Tpos:542.9,Tstd:302.6,Bpos:513.1,Bstd:296.4,StrandBias:-0.5,Multiplicity:1.30
0.997	0.001	0.001	0.001
0.001	0.001	0.001	0.997
0.001	0.997	0.001	0.001
0.424	0.001	0.574	0.001
0.824	0.001	0.001	0.174
0.739	0.001	0.259	0.001
0.997	0.001	0.001	0.001
0.843	0.001	0.021	0.135
0.953	0.001	0.045	0.001
0.997	0.001	0.001	0.001
>CTCTACCCAC	24-CTCTACCCAC	10.296193	-7.351293	0	T:3.0(1.35%),B:28.5(0.07%),P:1e-3	Tpos:225.0,Tstd:136.1,Bpos:493.5,Bstd:341.1,StrandBias:0.6,Multiplicity:1.67
0.100	0.700	0.100	0.100
0.100	0.100	0.100	0.700
0.100	0.700	0.100	0.100
0.100	0.100	0.100	0.700
0.700	0.100	0.100	0.100
0.100	0.700	0.100	0.100
0.100	0.700	0.100	0.100
0.100	0.700	0.100	0.100
0.700	0.100	0.100	0.100
0.100	0.700	0.100	0.100
>TTTTTTACCY	25-TTTTTTACCY	8.873038	-6.703239	0	T:17.0(7.62%),B:1329.4(3.27%),P:1e-2	Tpos:432.4,Tstd:267.0,Bpos:530.7,Bstd:313.1,StrandBias:1.0,Multiplicity:1.41
0.328	0.001	0.139	0.532
0.201	0.160	0.239	0.401
0.001	0.141	0.001	0.857
0.199	0.001	0.261	0.539
0.001	0.011	0.210	0.778
0.001	0.010	0.112	0.877
0.463	0.275	0.001	0.260
0.287	0.685	0.001	0.027
0.001	0.997	0.001	0.001
0.001	0.539	0.001	0.459
>TCTTATCAGTAA	1-TCTTATCAGTAA	11.490630	-33.258905	0	T:24.0(10.76%),B:512.9(1.26%),P:1e-14	Tpos:677.9,Tstd:221.1,Bpos:591.0,Bstd:308.0,StrandBias:0.0,Multiplicity:1.08
0.089	0.001	0.080	0.830
0.077	0.808	0.069	0.046
0.001	0.001	0.001	0.997
0.001	0.110	0.001	0.888
0.997	0.001	0.001	0.001
0.001	0.001	0.001	0.997
0.001	0.997	0.001	0.001
0.997	0.001	0.001	0.001
0.001	0.001	0.997	0.001
0.047	0.001	0.098	0.854
0.738	0.001	0.219	0.042
0.936	0.001	0.001	0.062
>CAGACTGATAAG	2-CAGACTGATAAG	13.511155	-26.229622	0	T:11.0(4.93%),B:82.3(0.20%),P:1e-11	Tpos:657.0,Tstd:260.9,Bpos:603.8,Bstd:318.9,StrandBias:-2.2,Multiplicity:1.00
0.001	0.880	0.118	0.001
0.890	0.001	0.001	0.108
0.383	0.001	0.615	0.001
0.997	0.001	0.001	0.001
0.001	0.886	0.001	0.112
0.131	0.001	0.001	0.867
0.001	0.001	0.997	0.001
0.997	0.001	0.001	0.001
0.001	0.001	0.001	0.997
0.997	0.001	0.001	0.001
0.997	0.001	0.001	0.001
0.001	0.001	0.997	0.001
>CACACCGGCCAC	3-CACACCGGCCAC	13.900386	-26.010181	0	T:6.0(2.69%),B:4.6(0.01%),P:1e-11	Tpos:635.2,Tstd:401.9,Bpos:728.6,Bstd:188.9,StrandBias:1.0,Multiplicity:1.00
0.001	0.997	0.001	0.001
0.997	0.001	0.001	0.001
0.001	0.997	0.001	0.001
0.997	0.001	0.001	0.001
0.001	0.997	0.001	0.001
0.001	0.997	0.001	0.001
0.174	0.174	0.651	0.001
0.001	0.001	0.848	0.150
0.001	0.997	0.001	0.001
0.001	0.997	0.001	0.001
0.825	0.001	0.001	0.173
0.173	0.825	0.001	0.001
>AGGACTCTCGGT	4-AGGACTCTCGGT	14.522952	-24.317263	0	T:5.0(2.24%),B:2.0(0.00%),P:1e-10	Tpos:327.2,Tstd:351.9,Bpos:545.2,Bstd:332.8,StrandBias:-0.6,Multiplicity:1.00
0.997	0.001	0.001	0.001
0.001	0.001	0.997	0.001
0.001	0.001	0.997	0.001
0.997	0.001	0.001	0.001
0.001	0.740	0.258	0.001
0.001	0.001	0.001	0.997
0.001	0.997	0.001	0.001
0.001	0.001	0.001	0.997
0.001	0.997	0.001	0.001
0.258	0.258	0.483	0.001
0.001	0.001	0.997	0.001
0.001	0.001	0.001	0.997
>CTGCAGGTGACC	5-CTGCAGGTGACC	14.590978	-24.317263	0	T:5.0(2.24%),B:1.3(0.00%),P:1e-10	Tpos:543.6,Tstd:286.5,Bpos:496.0,Bstd:0.0,StrandBias:-2.0,Multiplicity:1.00
0.001	0.997	0.001	0.001
0.001	0.001	0.001	0.997
0.001	0.001	0.997	0.001
0.001	0.997	0.001	0.001
0.997	0.001	0.001	0.001
0.001	0.001	0.997	0.001
0.001	0.001	0.997	0.001
0.224	0.001	0.258	0.517
0.258	0.001	0.740	0.001
0.997	0.001	0.001	0.001
0.001	0.997	0.001	0.001
0.001	0.997	0.001	0.001
>GGGTAAAATATG	6-GGGTAAAATATG	11.031427	-24.088992	0	T:18.0(8.07%),B:412.5(1.01%),P:1e-10	Tpos:450.9,Tstd:275.8,Bpos:510.0,Bstd:329.6,StrandBias:-0.3,Multiplicity:1.00
0.052	0.107	0.840	0.001
0.086	0.001	0.662	0.251
0.001	0.411	0.587	0.001
0.001	0.001	0.281	0.717
0.795	0.001	0.078	0.126
0.997	0.001	0.001	0.001
0.997	0.001	0.001	0.001
0.840	0.091	0.001	0.068
0.240	0.001	0.068	0.691
0.800	0.155	0.001	0.044
0.097	0.001	0.001	0.901
0.001	0.091	0.792	0.116
>CGCAGCTYCGAA	7-CGCAGCTYCGAA	11.100283	-23.657040	0	T:12.0(5.38%),B:141.0(0.35%),P:1e-10	Tpos:399.3,Tstd:290.0,Bpos:489.2,Bstd:322.5,StrandBias:-0.4,Multiplicity:1.08
0.086	0.912	0.001	0.001
0.001	0.003	0.995	0.001
0.262	0.474	0.263	0.001
0.912	0.001	0.001	0.086
0.001	0.001	0.997	0.001
0.273	0.725	0.001	0.001
0.273	0.001	0.001	0.725
0.173	0.458	0.001	0.368
0.186	0.812	0.001	0.001
0.001	0.365	0.548	0.086
0.997	0.001	0.001	0.001
0.997	0.001	0.001	0.001
>AAGGCTTCATTC	8-AAGGCTTCATTC	12.313081	-22.806230	0	T:8.0(3.59%),B:37.2(0.09%),P:1e-9	Tpos:583.4,Tstd:278.6,Bpos:562.6,Bstd:249.9,StrandBias:0.7,Multiplicity:1.00
0.997	0.001	0.001	0.001
0.997	0.001	0.001	0.001
0.001	0.121	0.762	0.116
0.001	0.001	0.863	0.135
0.001	0.997	0.001	0.001
0.001	0.001	0.001	0.997
0.001	0.001	0.001	0.997
0.001	0.839	0.001	0.159
0.839	0.001	0.001	0.159
0.001	0.001	0.183	0.815
0.001	0.001	0.001	0.997
0.001	0.997	0.001	0.001
>TGGTGTTTTCCA	9-TGGTGTTTTCCA	13.371095	-22.709332	0	T:11.0(4.93%),B:117.9(0.29%),P:1e-9	Tpos:585.2,Tstd:229.6,Bpos:513.8,Bstd:281.1,StrandBias:2.2,Multiplicity:1.00
0.001	0.001	0.001	0.997
0.001	0.001	0.901	0.097
0.078	0.001	0.920	0.001
0.119	0.001	0.001	0.879
0.001	0.001	0.929	0.069
0.001	0.001	0.001	0.997
0.144	0.001	0.001	0.854
0.001	0.001	0.001	0.997
0.001	0.001	0.001	0.997
0.124	0.794	0.001	0.081
0.001	0.997	0.001	0.001
0.997	0.001	0.001	0.001
>TAGCTCAAAAGC	10-TAGCTCAAAAGC	13.310866	-21.703649	0	T:9.0(4.04%),B:67.8(0.17%),P:1e-9	Tpos:492.1,Tstd:292.1,Bpos:455.6,Bstd:346.7,StrandBias:-0.3,Multiplicity:1.00
0.087	0.001	0.001	0.911
0.997	0.001	0.001	0.001
0.001	0.144	0.854	0.001
0.170	0.828	0.001	0.001
0.001	0.001	0.001	0.997
0.001	0.843	0.001	0.155
0.997	0.001	0.001	0.001
0.997	0.001	0.001	0.001
0.997	0.001	0.001	0.001
0.997	0.001	0.001	0.001
0.001	0.001	0.813	0.185
0.001	0.869	0.001	0.129
>CCTCAAHCAAWC	11-CCTCAAHCAAWC	10.482506	-21.363893	0	T:16.0(7.17%),B:371.3(0.91%),P:1e-9	Tpos:514.4,Tstd:273.9,Bpos:501.3,Bstd:313.6,StrandBias:0.6,Multiplicity:1.25
0.001	0.997	0.001	0.001
0.001	0.997	0.001	0.001
0.045	0.001	0.001	0.953
0.001	0.918	0.080	0.001
0.670	0.074	0.255	0.001
0.997	0.001	0.001	0.001
0.391	0.276	0.001	0.332
0.001	0.918	0.001	0.080
0.760	0.001	0.238	0.001
0.778	0.001	0.001	0.220
0.442	0.081	0.001	0.477
0.232	0.766	0.001	0.001
>GCTCATGAGCTW	12-GCTCATGAGCTW	14.450804	-21.286091	0	T:5.0(2.24%),B:4.8(0.01%),P:1e-9	Tpos:544.4,Tstd:300.7,Bpos:456.4,Bstd:254.6,StrandBias:-0.6,Multiplicity:1.00
0.001	0.001	0.997	0.001
0.001	0.997	0.001	0.001
0.001	0.001	0.001	0.997
0.001	0.997	0.001	0.001
0.997	0.001	0.001	0.001
0.001	0.001	0.001	0.997
0.001	0.001	0.658	0.340
0.997	0.001	0.001	0.001
0.001	0.001	0.997	0.001
0.001	0.997	0.001	0.001
0.001	0.001	0.001	0.997
0.341	0.159	0.159	0.341
>CAATTCCCCCCG	13-CAATTCCCCCCG	11.703045	-21.228441	0	T:10.0(4.48%),B:101.7(0.25%),P:1e-9	Tpos:605.4,Tstd:295.5,Bpos:453.6,Bstd:313.1,StrandBias:2.2,Multiplicity:1.10
0.001	0.997	0.001	0.001
0.622	0.001	0.138	0.239
0.780	0.001	0.001	0.218
0.001	0.001	0.001	0.997
0.001	0.001	0.218	0.780
0.001	0.849	0.001	0.149
0.001	0.997	0.001	0.001
0.271	0.727	0.001	0.001
0.001	0.997	0.001	0.001
0.001	0.730	0.268	0.001
0.001	0.757	0.001	0.241
0.001	0.134	0.864	0.001
>TATTCCTTATCA	14-TATTCCTTATCA	9.516014	-20.952291	0	T:38.0(17.04%),B:2245.4(5.52%),P:1e-9	Tpos:605.7,Tstd:260.8,Bpos:532.7,Bstd:307.5,StrandBias:-0.2,Multiplicity:1.08
0.123	0.050	0.080	0.747
0.629	0.189	0.059	0.123
0.119	0.050	0.050	0.781
0.038	0.071	0.034	0.857
0.001	0.870	0.001	0.128
0.136	0.849	0.001	0.014
0.028	0.038	0.046	0.888
0.104	0.001	0.039	0.856
0.932	0.001	0.026	0.041
0.046	0.030	0.028	0.896
0.086	0.766	0.147	0.001
0.940	0.001	0.058	0.001
>TTTAAGATCAAT	15-TTTAAGATCAAT	12.844431	-20.481359	0	T:14.0(6.28%),B:284.8(0.70%),P:1e-8	Tpos:594.8,Tstd:301.9,Bpos:504.2,Bstd:299.3,StrandBias:0.6,Multiplicity:1.07
0.001	0.001	0.001	0.997
0.001	0.001	0.001	0.997
0.001	0.001	0.001	0.997
0.875	0.056	0.001	0.068
0.779	0.001	0.137	0.083
0.001	0.001	0.997	0.001
0.728	0.091	0.123	0.058
0.001	0.001	0.001	0.997
0.060	0.802	0.074	0.064
0.997	0.001	0.001	0.001
0.905	0.093	0.001	0.001
0.001	0.001	0.001	0.997
>GACCCATTTACC	16-GACCCATTTACC	14.284384	-18.980098	0	T:5.0(2.24%),B:8.1(0.02%),P:1e-8	Tpos:577.0,Tstd:341.4,Bpos:467.2,Bstd:262.0,StrandBias:1.0,Multiplicity:1.20
0.001	0.001	0.997	0.001
0.801	0.197	0.001	0.001
0.001	0.997	0.001	0.001
0.001	0.997	0.001	0.001
0.001	0.997	0.001	0.001
0.997	0.001	0.001	0.001
0.001	0.001	0.001	0.997
0.001	0.001	0.001	0.997
0.226	0.001	0.001	0.772
0.801	0.197	0.001	0.001
0.001	0.997	0.001	0.001
0.197	0.801	0.001	0.001
>ATCGTGCAAGTT	17-ATCGTGCAAGTT	12.897342	-17.544321	0	T:6.0(2.69%),B:27.3(0.07%),P:1e-7	Tpos:639.3,Tstd:287.7,Bpos:405.6,Bstd:291.7,StrandBias:0.0,Multiplicity:1.00
0.861	0.001	0.001	0.137
0.001	0.001	0.001	0.997
0.001	0.997	0.001	0.001
0.001	0.001	0.819	0.179
0.001	0.001	0.001	0.997
0.001	0.001	0.997	0.001
0.001	0.997	0.001	0.001
0.997	0.001	0.001	0.001
0.997	0.001	0.001	0.001
0.001	0.001	0.997	0.001
0.001	0.001	0.001	0.997
0.001	0.001	0.001	0.997
>TCTGAAATTTTC	18-TCTGAAATTTTC	11.794938	-16.838805	0	T:34.0(15.25%),B:2178.8(5.36%),P:1e-7	Tpos:563.6,Tstd:298.9,Bpos:514.9,Bstd:307.7,StrandBias:0.4,Multiplicity:1.06
0.032	0.001	0.039	0.928
0.166	0.721	0.001	0.112
0.034	0.044	0.043	0.879
0.001	0.001	0.997	0.001
0.997	0.001	0.001	0.001
0.857	0.001	0.070	0.072
0.876	0.001	0.060	0.063
0.117	0.240	0.001	0.642
0.001	0.001	0.001	0.997
0.001	0.052	0.058	0.889
0.057	0.315	0.001	0.627
0.118	0.746	0.135	0.001
>TTCATCTTGACA	19-TTCATCTTGACA	12.355432	-15.649231	0	T:3.0(1.35%),B:1.0(0.00%),P:1e-6	Tpos:881.7,Tstd:5.4,Bpos:827.0,Bstd:0.0,StrandBias:10.0,Multiplicity:1.00
0.100	0.100	0.100	0.700
0.100	0.100	0.100	0.700
0.100	0.700	0.100	0.100
0.700	0.100	0.100	0.100
0.100	0.100	0.100	0.700
0.100	0.700	0.100	0.100
0.100	0.100	0.100	0.700
0.100	0.100	0.100	0.700
0.100	0.100	0.700	0.100
0.700	0.100	0.100	0.100
0.100	0.700	0.100	0.100
0.700	0.100	0.100	0.100
>TCTCACTTCCAT	20-TCTCACTTCCAT	12.355432	-15.553271	0	T:4.0(1.79%),B:6.2(0.02%),P:1e-6	Tpos:628.2,Tstd:275.5,Bpos:272.9,Bstd:270.3,StrandBias:1.6,Multiplicity:1.00
0.100	0.100	0.100	0.700
0.100	0.700	0.100	0.100
0.100	0.100	0.100	0.700
0.100	0.700	0.100	0.100
0.700	0.100	0.100	0.100
0.100	0.700	0.100	0.100
0.100	0.100	0.100	0.700
0.100	0.100	0.100	0.700
0.100	0.700	0.100	0.100
0.100	0.700	0.100	0.100
0.700	0.100	0.100	0.100
0.100	0.100	0.100	0.700
>ATCCCTCTACCC	21-ATCCCTCTACCC	12.609813	-14.711251	0	T:5.0(2.24%),B:23.5(0.06%),P:1e-6	Tpos:246.9,Tstd:187.8,Bpos:379.7,Bstd:268.2,StrandBias:-0.4,Multiplicity:1.40
0.997	0.001	0.001	0.001
0.001	0.001	0.001	0.997
0.001	0.997	0.001	0.001
0.001	0.802	0.001	0.196
0.321	0.677	0.001	0.001
0.196	0.001	0.001	0.802
0.001	0.997	0.001	0.001
0.001	0.124	0.001	0.874
0.997	0.001	0.001	0.001
0.001	0.802	0.196	0.001
0.001	0.997	0.001	0.001
0.001	0.997	0.001	0.001
>CGGGGASTCGAA	22-CGGGGASTCGAA	11.553196	-12.220222	0	T:8.0(3.59%),B:163.0(0.40%),P:1e-5	Tpos:310.2,Tstd:236.7,Bpos:481.9,Bstd:294.2,StrandBias:-0.8,Multiplicity:1.38
0.001	0.926	0.072	0.001
0.001	0.001	0.858	0.140
0.001	0.166	0.693	0.140
0.001	0.001	0.997	0.001
0.316	0.001	0.682	0.001
0.997	0.001	0.001	0.001
0.214	0.368	0.277	0.141
0.001	0.291	0.001	0.707
0.001	0.997	0.001	0.001
0.165	0.001	0.833	0.001
0.997	0.001	0.001	0.001
0.997	0.001	0.001	0.001
>CCCTAAAATTCC	23-CCCTAAAATTCC	10.514668	-9.605401	0	T:11.0(4.93%),B:464.9(1.14%),P:1e-4	Tpos:500.3,Tstd:287.4,Bpos:503.2,Bstd:328.2,StrandBias:1.8,Multiplicity:2.09
0.214	0.784	0.001	0.001
0.065	0.933	0.001	0.001
0.033	0.965	0.001	0.001
0.001	0.105	0.056	0.838
0.762	0.123	0.114	0.001
0.863	0.001	0.076	0.060
0.943	0.055	0.001	0.001
0.799	0.066	0.001	0.134
0.197	0.043	0.133	0.627
0.091	0.048	0.001	0.860
0.123	0.837	0.039	0.001
0.001	0.810	0.076	0.113
>CCAACTTTAGCC	24-CCAACTTTAGCC	13.311085	-5.632113	0	T:3.0(1.35%),B:53.9(0.13%),P:1e-2	Tpos:630.7,Tstd:83.1,Bpos:474.5,Bstd:233.1,StrandBias:2.6,Multiplicity:2.33
0.001	0.997	0.001	0.001
0.001	0.997	0.001	0.001
0.997	0.001	0.001	0.001
0.997	0.001	0.001	0.001
0.001	0.924	0.074	0.001
0.001	0.001	0.001	0.997
0.001	0.001	0.001	0.997
0.001	0.001	0.001	0.997
0.904	0.001	0.001	0.094
0.001	0.001	0.861	0.137
0.001	0.997	0.001	0.001
0.288	0.493	0.218	0.001
>GGGAATTTTRAG	25-GGGAATTTTRAG	15.805733	-3.282290	0	T:1.0(0.45%),B:6.7(0.02%),P:1e-1	Tpos:232.0,Tstd:0.0,Bpos:428.9,Bstd:246.4,StrandBias:-10.0,Multiplicity:1.00
0.001	0.001	0.997	0.001
0.001	0.001	0.997	0.001
0.001	0.001	0.997	0.001
0.997	0.001	0.001	0.001
0.997	0.001	0.001	0.001
0.001	0.001	0.001	0.997
0.001	0.001	0.001	0.997
0.001	0.001	0.001	0.997
0.001	0.001	0.001	0.997
0.468	0.001	0.530	0.001
0.848	0.001	0.046	0.105
0.001	0.001	0.997	0.001
>CTGATAAG	1-CTGATAAG	8.725539	-28.421375	0	T:49.0(21.97%),B:2794.0(6.87%),P:1e-12	Tpos:652.6,Tstd:242.8,Bpos:537.1,Bstd:304.9,StrandBias:-0.6,Multiplicity:1.14
0.001	0.997	0.001	0.001
0.001	0.001	0.001	0.997
0.001	0.001	0.997	0.001
0.938	0.001	0.001	0.060
0.001	0.001	0.102	0.896
0.997	0.001	0.001	0.001
0.997	0.001	0.001	0.001
0.001	0.001	0.997	0.001
>TGGAGTCT	2-TGGAGTCT	6.384865	-16.619047	0	T:69.0(30.94%),B:6665.6(16.38%),P:1e-7	Tpos:486.5,Tstd:282.2,Bpos:507.1,Bstd:304.5,StrandBias:-0.1,Multiplicity:1.19
0.001	0.226	0.001	0.772
0.075	0.001	0.923	0.001
0.001	0.366	0.596	0.037
0.591	0.047	0.361	0.001
0.001	0.001	0.997	0.001
0.001	0.001	0.001	0.997
0.001	0.997	0.001	0.001
0.001	0.039	0.001	0.959
>GGGGGKAT	3-GGGGGKAT	7.343804	-13.246314	0	T:40.0(17.94%),B:3286.5(8.08%),P:1e-5	Tpos:557.0,Tstd:288.7,Bpos:523.8,Bstd:307.8,StrandBias:-0.8,Multiplicity:1.30
0.004	0.214	0.761	0.021
0.001	0.203	0.772	0.024
0.001	0.024	0.803	0.172
0.003	0.001	0.990	0.006
0.016	0.001	0.982	0.001
0.236	0.001	0.435	0.328
0.767	0.214	0.011	0.008
0.278	0.001	0.001	0.720
>TAGAGTTG	4-TAGAGTTG	8.514437	-11.058964	0	T:32.0(14.35%),B:2583.8(6.35%),P:1e-4	Tpos:505.9,Tstd:262.1,Bpos:506.6,Bstd:296.3,StrandBias:-0.9,Multiplicity:1.06
0.001	0.001	0.274	0.724
0.997	0.001	0.001	0.001
0.001	0.001	0.997	0.001
0.997	0.001	0.001	0.001
0.001	0.001	0.997	0.001
0.001	0.001	0.001	0.997
0.107	0.001	0.001	0.891
0.001	0.001	0.997	0.001
>GKGTAAAA	5-GKGTAAAA	9.811870	-9.731128	0	T:41.0(18.39%),B:3963.6(9.74%),P:1e-4	Tpos:525.5,Tstd:268.7,Bpos:520.6,Bstd:300.8,StrandBias:-0.1,Multiplicity:1.22
0.038	0.001	0.960	0.001
0.001	0.001	0.500	0.498
0.001	0.001	0.997	0.001
0.001	0.001	0.344	0.654
0.997	0.001	0.001	0.001
0.997	0.001	0.001	0.001
0.993	0.005	0.001	0.001
0.905	0.001	0.001	0.093
