>CACTGATAAG	1-CACTGATAAG	11.166003	-30.202570	0	T:30.0(13.45%),B:991.7(2.44%),P:1e-13	Tpos:632.2,Tstd:249.4,Bpos:593.1,Bstd:295.6,StrandBias:-0.6,Multiplicity:1.23
0.287	0.545	0.069	0.099
0.975	0.001	0.001	0.023
0.214	0.784	0.001	0.001
0.001	0.001	0.001	0.997
0.001	0.001	0.997	0.001
0.997	0.001	0.001	0.001
0.001	0.001	0.001	0.997
0.997	0.001	0.001	0.001
0.997	0.001	0.001	0.001
0.044	0.048	0.907	0.001
>CAGACTGCAT	2-CAGACTGCAT	8.408798	-26.815399	0	T:23.0(10.31%),B:634.8(1.56%),P:1e-11	Tpos:520.7,Tstd:277.0,Bpos:501.3,Bstd:300.6,StrandBias:-0.1,Multiplicity:1.00
0.033	0.810	0.081	0.076
0.946	0.010	0.030	0.014
0.067	0.048	0.680	0.205
0.686	0.233	0.033	0.048
0.172	0.718	0.060	0.050
0.271	0.078	0.159	0.492
0.254	0.019	0.636	0.091
0.077	0.887	0.007	0.029
0.503	0.188	0.116	0.193
0.299	0.168	0.008	0.525
>RCTCTAAGCT	3-RCTCTAAGCT	9.198155	-23.085029	0	T:22.0(9.87%),B:698.3(1.72%),P:1e-10	Tpos:541.5,Tstd:263.3,Bpos:499.0,Bstd:302.5,StrandBias:0.0,Multiplicity:1.09
0.515	0.001	0.476	0.008
0.001	0.908	0.090	0.001
0.001	0.144	0.115	0.740
0.063	0.636	0.049	0.252
0.001	0.001	0.001	0.997
0.939	0.001	0.059	0.001
0.997	0.001	0.001	0.001
0.001	0.001	0.997	0.001
0.069	0.871	0.001	0.059
0.070	0.001	0.001	0.928
>AGACCACAGT	4-AGACCACAGT	9.589992	-22.940733	0	T:20.0(8.97%),B:568.1(1.40%),P:1e-9	Tpos:456.4,Tstd:286.4,Bpos:479.5,Bstd:304.4,StrandBias:0.3,Multiplicity:1.05
0.892	0.001	0.106	0.001
0.001	0.001	0.997	0.001
0.937	0.001	0.001	0.061
0.170	0.745	0.040	0.045
0.052	0.946	0.001	0.001
0.855	0.143	0.001	0.001
0.001	0.997	0.001	0.001
0.997	0.001	0.001	0.001
0.048	0.089	0.862	0.001
0.073	0.077	0.001	0.849
>CGTGGTTTGT	5-CGTGGTTTGT	6.442029	-22.312260	0	T:49.0(21.97%),B:3328.7(8.18%),P:1e-9	Tpos:596.1,Tstd:284.7,Bpos:526.3,Bstd:308.3,StrandBias:0.2,Multiplicity:1.16
0.146	0.602	0.081	0.171
0.112	0.048	0.719	0.121
0.067	0.129	0.197	0.607
0.144	0.096	0.625	0.135
0.122	0.200	0.551	0.127
0.136	0.085	0.168	0.611
0.144	0.041	0.263	0.552
0.196	0.065	0.089	0.650
0.211	0.104	0.522	0.163
0.191	0.142	0.053	0.614
>GTGATGTCAT	6-GTGATGTCAT	8.410888	-22.247459	0	T:47.0(21.08%),B:3107.5(7.64%),P:1e-9	Tpos:464.7,Tstd:309.1,Bpos:490.7,Bstd:292.0,StrandBias:-0.6,Multiplicity:1.11
0.067	0.001	0.931	0.001
0.278	0.001	0.001	0.720
0.001	0.001	0.997	0.001
0.946	0.001	0.001	0.052
0.183	0.215	0.001	0.601
0.264	0.001	0.734	0.001
0.001	0.001	0.001	0.997
0.150	0.848	0.001	0.001
0.894	0.001	0.104	0.001
0.001	0.001	0.173	0.825
>ACCSAAAGCG	7-ACCSAAAGCG	9.324029	-20.553573	0	T:20.0(8.97%),B:655.8(1.61%),P:1e-8	Tpos:538.5,Tstd:282.3,Bpos:507.1,Bstd:300.7,StrandBias:-1.0,Multiplicity:1.05
0.738	0.001	0.001	0.260
0.158	0.787	0.001	0.054
0.001	0.779	0.001	0.219
0.068	0.469	0.462	0.001
0.870	0.001	0.128	0.001
0.997	0.001	0.001	0.001
0.997	0.001	0.001	0.001
0.001	0.001	0.997	0.001
0.001	0.879	0.001	0.119
0.144	0.174	0.681	0.001
>AGTGGCCAGT	8-AGTGGCCAGT	8.783774	-19.985106	0	T:16.0(7.17%),B:410.6(1.01%),P:1e-8	Tpos:556.7,Tstd:319.5,Bpos:497.7,Bstd:300.7,StrandBias:-2.1,Multiplicity:1.00
0.915	0.001	0.083	0.001
0.001	0.001	0.939	0.059
0.114	0.119	0.001	0.766
0.001	0.001	0.952	0.046
0.001	0.001	0.877	0.121
0.064	0.934	0.001	0.001
0.058	0.859	0.001	0.082
0.896	0.001	0.102	0.001
0.001	0.001	0.933	0.065
0.001	0.001	0.001	0.997
>TTCGCGACCA	9-TTCGCGACCA	10.092735	-19.175856	0	T:14.0(6.28%),B:316.8(0.78%),P:1e-8	Tpos:437.5,Tstd:311.1,Bpos:503.5,Bstd:284.4,StrandBias:0.8,Multiplicity:1.00
0.001	0.001	0.101	0.897
0.001	0.001	0.001	0.997
0.001	0.865	0.073	0.061
0.001	0.001	0.950	0.048
0.001	0.940	0.058	0.001
0.001	0.086	0.838	0.075
0.941	0.001	0.057	0.001
0.083	0.836	0.001	0.080
0.001	0.838	0.160	0.001
0.997	0.001	0.001	0.001
>TTCCTTATCA	10-TTCCTTATCA	9.141882	-18.886496	0	T:45.0(20.18%),B:3217.3(7.91%),P:1e-8	Tpos:662.5,Tstd:236.2,Bpos:535.1,Bstd:308.7,StrandBias:0.3,Multiplicity:1.20
0.046	0.029	0.043	0.882
0.032	0.066	0.001	0.901
0.024	0.869	0.001	0.106
0.023	0.919	0.018	0.040
0.022	0.036	0.048	0.894
0.075	0.001	0.064	0.860
0.979	0.001	0.019	0.001
0.030	0.001	0.055	0.914
0.022	0.899	0.078	0.001
0.922	0.030	0.028	0.020
>TAAACAGATG	11-TAAACAGATG	10.290488	-17.873172	0	T:16.0(7.17%),B:479.0(1.18%),P:1e-7	Tpos:591.2,Tstd:242.0,Bpos:535.9,Bstd:293.0,StrandBias:-1.6,Multiplicity:1.00
0.001	0.001	0.001	0.997
0.997	0.001	0.001	0.001
0.585	0.244	0.001	0.170
0.815	0.001	0.183	0.001
0.001	0.997	0.001	0.001
0.897	0.001	0.001	0.101
0.001	0.001	0.997	0.001
0.997	0.001	0.001	0.001
0.001	0.001	0.001	0.997
0.284	0.001	0.714	0.001
>CCTGCAGGAC	12-CCTGCAGGAC	10.344149	-17.725627	0	T:11.0(4.93%),B:194.9(0.48%),P:1e-7	Tpos:479.0,Tstd:314.0,Bpos:460.6,Bstd:294.4,StrandBias:0.0,Multiplicity:1.00
0.093	0.905	0.001	0.001
0.001	0.997	0.001	0.001
0.083	0.001	0.001	0.915
0.001	0.085	0.913	0.001
0.001	0.912	0.086	0.001
0.997	0.001	0.001	0.001
0.116	0.001	0.882	0.001
0.001	0.103	0.647	0.249
0.997	0.001	0.001	0.001
0.076	0.922	0.001	0.001
>GACTGTACTT	13-GACTGTACTT	7.006171	-17.724845	0	T:53.0(23.77%),B:4337.0(10.66%),P:1e-7	Tpos:528.2,Tstd:276.0,Bpos:499.9,Bstd:292.5,StrandBias:-0.5,Multiplicity:1.24
0.051	0.087	0.833	0.029
0.761	0.102	0.078	0.059
0.041	0.824	0.075	0.060
0.072	0.080	0.001	0.847
0.148	0.010	0.806	0.036
0.088	0.070	0.085	0.757
0.850	0.055	0.066	0.029
0.052	0.844	0.059	0.045
0.044	0.146	0.046	0.764
0.104	0.092	0.083	0.721
>AGTCTGTATG	14-AGTCTGTATG	8.309909	-16.933708	0	T:21.0(9.42%),B:902.5(2.22%),P:1e-7	Tpos:511.4,Tstd:265.2,Bpos:491.6,Bstd:292.2,StrandBias:-0.5,Multiplicity:1.05
0.997	0.001	0.001	0.001
0.046	0.096	0.805	0.053
0.072	0.123	0.001	0.804
0.001	0.921	0.042	0.036
0.001	0.001	0.001	0.997
0.083	0.075	0.841	0.001
0.073	0.001	0.001	0.925
0.841	0.060	0.050	0.049
0.001	0.001	0.001	0.997
0.001	0.001	0.939	0.059
>CGGTGGGGTA	15-CGGTGGGGTA	11.748760	-16.179591	0	T:6.0(2.69%),B:35.2(0.09%),P:1e-7	Tpos:252.0,Tstd:230.9,Bpos:455.4,Bstd:265.3,StrandBias:1.0,Multiplicity:1.00
0.151	0.847	0.001	0.001
0.001	0.001	0.997	0.001
0.001	0.001	0.997	0.001
0.001	0.001	0.001	0.997
0.179	0.001	0.819	0.001
0.001	0.001	0.997	0.001
0.001	0.001	0.997	0.001
0.001	0.001	0.997	0.001
0.001	0.001	0.001	0.997
0.997	0.001	0.001	0.001
>MCAACTCTAK	16-MCAACTCTAK	9.396503	-14.791551	0	T:40.0(17.94%),B:3088.6(7.59%),P:1e-6	Tpos:564.2,Tstd:264.0,Bpos:486.3,Bstd:291.7,StrandBias:0.2,Multiplicity:1.18
0.439	0.559	0.001	0.001
0.001	0.997	0.001	0.001
0.566	0.001	0.343	0.090
0.647	0.001	0.323	0.029
0.418	0.580	0.001	0.001
0.001	0.001	0.001	0.997
0.001	0.543	0.073	0.383
0.001	0.001	0.001	0.997
0.997	0.001	0.001	0.001
0.001	0.001	0.460	0.538
>GGAAAAACGG	17-GGAAAAACGG	9.692455	-12.558382	0	T:41.0(18.39%),B:3509.6(8.63%),P:1e-5	Tpos:483.6,Tstd:302.9,Bpos:509.9,Bstd:312.7,StrandBias:-0.8,Multiplicity:1.27
0.077	0.138	0.784	0.001
0.001	0.001	0.997	0.001
0.927	0.071	0.001	0.001
0.997	0.001	0.001	0.001
0.910	0.001	0.001	0.088
0.941	0.001	0.001	0.057
0.917	0.001	0.001	0.081
0.001	0.838	0.001	0.160
0.001	0.001	0.722	0.276
0.001	0.045	0.953	0.001
>AGCCTGCAAG	18-AGCCTGCAAG	8.609318	-12.546444	0	T:23.0(10.31%),B:1394.9(3.43%),P:1e-5	Tpos:550.6,Tstd:224.0,Bpos:499.5,Bstd:308.8,StrandBias:0.1,Multiplicity:1.09
0.872	0.001	0.126	0.001
0.369	0.001	0.629	0.001
0.001	0.951	0.001	0.047
0.001	0.679	0.112	0.208
0.034	0.244	0.001	0.721
0.001	0.189	0.750	0.060
0.018	0.741	0.163	0.078
0.904	0.094	0.001	0.001
0.997	0.001	0.001	0.001
0.127	0.001	0.871	0.001
>TCGGAAATTT	19-TCGGAAATTT	10.193875	-12.336347	0	T:64.0(28.70%),B:6732.6(16.55%),P:1e-5	Tpos:529.3,Tstd:288.6,Bpos:501.9,Bstd:300.2,StrandBias:0.0,Multiplicity:1.33
0.001	0.001	0.164	0.834
0.075	0.752	0.001	0.172
0.061	0.075	0.720	0.144
0.001	0.031	0.967	0.001
0.979	0.001	0.019	0.001
0.983	0.001	0.001	0.015
0.966	0.019	0.014	0.001
0.086	0.001	0.001	0.912
0.014	0.001	0.001	0.984
0.001	0.001	0.070	0.928
>YAATATWMCC	20-YAATATWMCC	7.976484	-11.973775	0	T:38.0(17.04%),B:3209.9(7.89%),P:1e-5	Tpos:404.9,Tstd:237.6,Bpos:504.5,Bstd:300.7,StrandBias:1.7,Multiplicity:1.42
0.008	0.445	0.150	0.396
0.858	0.089	0.001	0.052
0.588	0.046	0.166	0.200
0.361	0.039	0.071	0.529
0.696	0.077	0.149	0.078
0.063	0.057	0.037	0.843
0.403	0.037	0.034	0.526
0.414	0.524	0.016	0.046
0.011	0.897	0.058	0.034
0.207	0.674	0.078	0.041
>ATAGCGATTT	21-ATAGCGATTT	7.040548	-11.554184	0	T:99.0(44.39%),B:12424.9(30.54%),P:1e-5	Tpos:494.8,Tstd:290.3,Bpos:511.9,Bstd:310.3,StrandBias:0.3,Multiplicity:1.45
0.783	0.067	0.032	0.118
0.058	0.066	0.078	0.798
0.698	0.118	0.074	0.110
0.004	0.094	0.833	0.069
0.052	0.794	0.070	0.084
0.073	0.052	0.805	0.070
0.840	0.043	0.049	0.068
0.031	0.053	0.032	0.884
0.085	0.044	0.061	0.810
0.053	0.059	0.122	0.766
>GACGCAGCAA	22-GACGCAGCAA	8.016078	-9.538736	0	T:32.0(14.35%),B:2798.2(6.88%),P:1e-4	Tpos:518.7,Tstd:245.7,Bpos:500.5,Bstd:298.1,StrandBias:-0.2,Multiplicity:1.16
0.061	0.001	0.862	0.076
0.922	0.001	0.001	0.076
0.154	0.739	0.106	0.001
0.001	0.106	0.892	0.001
0.188	0.727	0.007	0.078
0.769	0.089	0.141	0.001
0.287	0.001	0.651	0.061
0.008	0.723	0.172	0.097
0.997	0.001	0.001	0.001
0.775	0.030	0.108	0.087
>ATCRAAAAAA	23-ATCRAAAAAA	8.582483	-9.033128	0	T:70.0(31.39%),B:8414.4(20.68%),P:1e-3	Tpos:542.9,Tstd:302.6,Bpos:513.1,Bstd:296.4,StrandBias:-0.5,Multiplicity:1.30
0.997	0.001	0.001	0.001
0.001	0.001	0.001	0.997
0.001	0.997	0.001	0.001
0.424	0.001	0.574	0.001
0.824	0.001	0.001	0.174
0.739	0.001	0.259	0.001
0.997	0.001	0.001	0.001
0.843	0.001	0.021	0.135
0.953	0.001	0.045	0.001
0.997	0.001	0.001	0.001
>CTCTACCCAC	24-CTCTACCCAC	10.296193	-7.351293	0	T:3.0(1.35%),B:28.5(0.07%),P:1e-3	Tpos:225.0,Tstd:136.1,Bpos:493.5,Bstd:341.1,StrandBias:0.6,Multiplicity:1.67
0.100	0.700	0.100	0.100
0.100	0.100	0.100	0.700
0.100	0.700	0.100	0.100
0.100	0.100	0.100	0.700
0.700	0.100	0.100	0.100
0.100	0.700	0.100	0.100
0.100	0.700	0.100	0.100
0.100	0.700	0.100	0.100
0.700	0.100	0.100	0.100
0.100	0.700	0.100	0.100
>TTTTTTACCY	25-TTTTTTACCY	8.873038	-6.703239	0	T:17.0(7.62%),B:1329.4(3.27%),P:1e-2	Tpos:432.4,Tstd:267.0,Bpos:530.7,Bstd:313.1,StrandBias:1.0,Multiplicity:1.41
0.328	0.001	0.139	0.532
0.201	0.160	0.239	0.401
0.001	0.141	0.001	0.857
0.199	0.001	0.261	0.539
0.001	0.011	0.210	0.778
0.001	0.010	0.112	0.877
0.463	0.275	0.001	0.260
0.287	0.685	0.001	0.027
0.001	0.997	0.001	0.001
0.001	0.539	0.001	0.459
