>TTTTCTTATCAG	1-TTTTCTTATCAG	12.546906	-37.829662	0	T:26.0(15.29%),B:676.2(1.69%),P:1e-16	Tpos:638.0,Tstd:248.2,Bpos:559.5,Bstd:297.6,StrandBias:-0.3,Multiplicity:1.00
0.098	0.001	0.054	0.847
0.001	0.001	0.001	0.997
0.056	0.068	0.001	0.875
0.001	0.001	0.001	0.997
0.001	0.912	0.042	0.045
0.001	0.001	0.001	0.997
0.071	0.001	0.001	0.927
0.997	0.001	0.001	0.001
0.001	0.001	0.001	0.997
0.077	0.822	0.100	0.001
0.845	0.090	0.001	0.064
0.065	0.001	0.849	0.085
>WTCCCTGACGCT	2-WTCCCTGACGCT	11.326112	-31.607344	0	T:10.0(5.88%),B:42.6(0.11%),P:1e-13	Tpos:449.5,Tstd:298.6,Bpos:504.8,Bstd:241.7,StrandBias:0.0,Multiplicity:1.00
0.470	0.001	0.001	0.528
0.001	0.001	0.001	0.997
0.001	0.997	0.001	0.001
0.001	0.997	0.001	0.001
0.191	0.660	0.001	0.148
0.001	0.216	0.001	0.782
0.001	0.001	0.585	0.413
0.618	0.001	0.380	0.001
0.001	0.997	0.001	0.001
0.001	0.001	0.850	0.148
0.223	0.559	0.001	0.217
0.001	0.147	0.001	0.851
>TCTTATCTCTGT	3-TCTTATCTCTGT	11.799375	-29.101104	0	T:12.0(7.06%),B:112.2(0.28%),P:1e-12	Tpos:719.5,Tstd:204.5,Bpos:557.3,Bstd:276.9,StrandBias:-0.5,Multiplicity:1.00
0.001	0.001	0.001	0.997
0.001	0.997	0.001	0.001
0.001	0.001	0.001	0.997
0.001	0.001	0.001	0.997
0.891	0.107	0.001	0.001
0.189	0.001	0.001	0.809
0.001	0.834	0.023	0.142
0.001	0.001	0.189	0.809
0.001	0.997	0.001	0.001
0.001	0.001	0.141	0.857
0.111	0.083	0.805	0.001
0.001	0.001	0.001	0.997
>TTCTCCCTCATT	4-TTCTCCCTCATT	12.941091	-24.719067	0	T:11.0(6.47%),B:126.8(0.32%),P:1e-10	Tpos:672.5,Tstd:231.5,Bpos:551.1,Bstd:274.8,StrandBias:0.3,Multiplicity:1.00
0.001	0.001	0.001	0.997
0.001	0.001	0.001	0.997
0.001	0.958	0.001	0.040
0.001	0.001	0.001	0.997
0.001	0.713	0.122	0.164
0.068	0.930	0.001	0.001
0.001	0.997	0.001	0.001
0.072	0.001	0.001	0.926
0.001	0.997	0.001	0.001
0.704	0.110	0.102	0.084
0.001	0.001	0.001	0.997
0.162	0.001	0.001	0.836
>ATTSCTCMGACT	5-ATTSCTCMGACT	12.093624	-21.785329	0	T:10.0(5.88%),B:125.7(0.31%),P:1e-9	Tpos:464.6,Tstd:284.6,Bpos:520.8,Bstd:310.0,StrandBias:-0.5,Multiplicity:1.20
0.997	0.001	0.001	0.001
0.001	0.001	0.001	0.997
0.001	0.001	0.001	0.997
0.001	0.565	0.433	0.001
0.001	0.997	0.001	0.001
0.001	0.001	0.007	0.991
0.001	0.578	0.001	0.420
0.358	0.466	0.001	0.175
0.167	0.001	0.831	0.001
0.997	0.001	0.001	0.001
0.001	0.856	0.001	0.142
0.001	0.001	0.207	0.791
>DAACTCAAAGGM	6-DAACTCAAAGGM	13.505097	-21.144449	0	T:6.0(3.53%),B:18.9(0.05%),P:1e-9	Tpos:378.1,Tstd:279.4,Bpos:538.3,Bstd:343.8,StrandBias:0.0,Multiplicity:1.33
0.301	0.001	0.320	0.378
0.633	0.001	0.365	0.001
0.997	0.001	0.001	0.001
0.001	0.997	0.001	0.001
0.001	0.001	0.001	0.997
0.001	0.751	0.247	0.001
0.997	0.001	0.001	0.001
0.997	0.001	0.001	0.001
0.997	0.001	0.001	0.001
0.001	0.001	0.997	0.001
0.001	0.001	0.997	0.001
0.432	0.320	0.001	0.248
>TGAAGTAAGTAT	7-TGAAGTAAGTAT	12.355432	-20.297723	0	T:4.0(2.35%),B:1.5(0.00%),P:1e-8	Tpos:389.2,Tstd:250.4,Bpos:539.5,Bstd:343.2,StrandBias:0.0,Multiplicity:1.00
0.100	0.100	0.100	0.700
0.100	0.100	0.700	0.100
0.700	0.100	0.100	0.100
0.700	0.100	0.100	0.100
0.100	0.100	0.700	0.100
0.100	0.100	0.100	0.700
0.700	0.100	0.100	0.100
0.700	0.100	0.100	0.100
0.100	0.100	0.700	0.100
0.100	0.100	0.100	0.700
0.700	0.100	0.100	0.100
0.100	0.100	0.100	0.700
>TGGTGATCGTTT	8-TGGTGATCGTTT	11.081077	-18.920147	0	T:11.0(6.47%),B:225.3(0.56%),P:1e-8	Tpos:444.0,Tstd:276.1,Bpos:507.3,Bstd:305.2,StrandBias:-0.2,Multiplicity:1.18
0.120	0.001	0.096	0.783
0.211	0.177	0.611	0.001
0.096	0.172	0.669	0.063
0.001	0.001	0.001	0.997
0.078	0.081	0.771	0.070
0.733	0.001	0.001	0.265
0.001	0.001	0.001	0.997
0.001	0.997	0.001	0.001
0.105	0.001	0.750	0.144
0.090	0.001	0.225	0.684
0.001	0.001	0.001	0.997
0.001	0.001	0.001	0.997
>TAVTTTTTGGCA	9-TAVTTTTTGGCA	11.753299	-18.406802	0	T:21.0(12.35%),B:1082.8(2.70%),P:1e-7	Tpos:471.5,Tstd:273.8,Bpos:508.5,Bstd:305.3,StrandBias:0.1,Multiplicity:1.19
0.173	0.001	0.001	0.825
0.997	0.001	0.001	0.001
0.356	0.385	0.259	0.001
0.001	0.001	0.001	0.997
0.001	0.001	0.001	0.997
0.001	0.001	0.001	0.997
0.001	0.001	0.001	0.997
0.001	0.366	0.001	0.632
0.001	0.001	0.997	0.001
0.204	0.300	0.495	0.001
0.001	0.997	0.001	0.001
0.717	0.001	0.001	0.281
>GGGCTCGTGCRC	10-GGGCTCGTGCRC	11.603414	-18.358422	0	T:4.0(2.35%),B:3.5(0.01%),P:1e-7	Tpos:376.5,Tstd:264.1,Bpos:409.6,Bstd:208.0,StrandBias:1.0,Multiplicity:1.50
0.082	0.001	0.916	0.001
0.001	0.001	0.997	0.001
0.001	0.001	0.997	0.001
0.001	0.997	0.001	0.001
0.001	0.001	0.001	0.997
0.001	0.997	0.001	0.001
0.001	0.001	0.997	0.001
0.001	0.001	0.001	0.997
0.001	0.001	0.997	0.001
0.001	0.997	0.001	0.001
0.458	0.001	0.458	0.082
0.001	0.997	0.001	0.001
>AGTASGCAAKGC	11-AGTASGCAAKGC	10.030128	-18.008855	0	T:6.0(3.53%),B:34.0(0.08%),P:1e-7	Tpos:698.7,Tstd:192.2,Bpos:599.2,Bstd:286.5,StrandBias:2.6,Multiplicity:1.17
0.982	0.001	0.016	0.001
0.001	0.001	0.997	0.001
0.001	0.001	0.001	0.997
0.981	0.017	0.001	0.001
0.001	0.514	0.484	0.001
0.001	0.001	0.997	0.001
0.414	0.584	0.001	0.001
0.584	0.001	0.001	0.414
0.997	0.001	0.001	0.001
0.001	0.001	0.484	0.514
0.012	0.001	0.986	0.001
0.016	0.966	0.017	0.001
>TTAAATGTATAT	12-TTAAATGTATAT	11.789386	-16.998791	0	T:9.0(5.29%),B:157.6(0.39%),P:1e-7	Tpos:447.8,Tstd:194.6,Bpos:523.0,Bstd:266.5,StrandBias:-1.0,Multiplicity:1.67
0.280	0.001	0.042	0.677
0.068	0.134	0.074	0.724
0.737	0.033	0.042	0.188
0.659	0.001	0.047	0.293
0.648	0.235	0.079	0.038
0.086	0.001	0.001	0.912
0.040	0.024	0.728	0.208
0.098	0.211	0.014	0.677
0.809	0.069	0.024	0.098
0.045	0.079	0.105	0.771
0.846	0.101	0.001	0.052
0.049	0.108	0.001	0.842
>GGAAAAATGCTT	13-GGAAAAATGCTT	12.355432	-13.470987	0	T:4.0(2.35%),B:16.4(0.04%),P:1e-5	Tpos:527.5,Tstd:304.6,Bpos:516.8,Bstd:378.2,StrandBias:0.0,Multiplicity:1.50
0.100	0.100	0.700	0.100
0.100	0.100	0.700	0.100
0.700	0.100	0.100	0.100
0.700	0.100	0.100	0.100
0.700	0.100	0.100	0.100
0.700	0.100	0.100	0.100
0.700	0.100	0.100	0.100
0.100	0.100	0.100	0.700
0.100	0.100	0.700	0.100
0.100	0.700	0.100	0.100
0.100	0.100	0.100	0.700
0.100	0.100	0.100	0.700
>TTCTTTGCTCAC	14-TTCTTTGCTCAC	12.355432	-12.876125	0	T:3.0(1.76%),B:4.4(0.01%),P:1e-5	Tpos:490.4,Tstd:318.1,Bpos:399.9,Bstd:386.6,StrandBias:0.6,Multiplicity:1.67
0.100	0.100	0.100	0.700
0.100	0.100	0.100	0.700
0.100	0.700	0.100	0.100
0.100	0.100	0.100	0.700
0.100	0.100	0.100	0.700
0.100	0.100	0.100	0.700
0.100	0.100	0.700	0.100
0.100	0.700	0.100	0.100
0.100	0.100	0.100	0.700
0.100	0.700	0.100	0.100
0.700	0.100	0.100	0.100
0.100	0.700	0.100	0.100
>AATTTSGGGGTC	15-AATTTSGGGGTC	10.989461	-12.212038	0	T:13.0(7.65%),B:644.3(1.61%),P:1e-5	Tpos:471.1,Tstd:262.2,Bpos:523.1,Bstd:343.7,StrandBias:-1.6,Multiplicity:1.54
0.997	0.001	0.001	0.001
0.761	0.001	0.237	0.001
0.297	0.001	0.001	0.701
0.011	0.001	0.001	0.987
0.001	0.001	0.001	0.997
0.160	0.389	0.450	0.001
0.123	0.001	0.864	0.012
0.001	0.001	0.997	0.001
0.001	0.001	0.997	0.001
0.001	0.001	0.635	0.363
0.001	0.001	0.001	0.997
0.001	0.606	0.001	0.392
>TTTTTTAGAGAG	16-TTTTTTAGAGAG	12.649673	-11.842926	0	T:12.0(7.06%),B:566.6(1.41%),P:1e-5	Tpos:410.2,Tstd:227.3,Bpos:494.3,Bstd:350.4,StrandBias:-1.7,Multiplicity:1.33
0.001	0.138	0.001	0.860
0.001	0.001	0.001	0.997
0.001	0.001	0.001	0.997
0.001	0.001	0.001	0.997
0.001	0.001	0.001	0.997
0.001	0.083	0.076	0.840
0.748	0.071	0.063	0.118
0.001	0.001	0.997	0.001
0.997	0.001	0.001	0.001
0.052	0.098	0.747	0.103
0.997	0.001	0.001	0.001
0.047	0.001	0.891	0.061
>AACATTTTGACC	17-AACATTTTGACC	14.202572	-11.672623	0	T:5.0(2.94%),B:60.4(0.15%),P:1e-5	Tpos:591.9,Tstd:279.2,Bpos:476.3,Bstd:326.5,StrandBias:1.6,Multiplicity:1.60
0.997	0.001	0.001	0.001
0.997	0.001	0.001	0.001
0.001	0.699	0.202	0.098
0.997	0.001	0.001	0.001
0.001	0.001	0.001	0.997
0.001	0.001	0.001	0.997
0.001	0.001	0.001	0.997
0.001	0.001	0.001	0.997
0.001	0.001	0.997	0.001
0.997	0.001	0.001	0.001
0.001	0.997	0.001	0.001
0.075	0.923	0.001	0.001
>CGTCAAACGTCG	18-CGTCAAACGTCG	12.355432	-10.940108	0	T:2.0(1.18%),B:0.7(0.00%),P:1e-4	Tpos:418.0,Tstd:322.2,Bpos:523.0,Bstd:0.0,StrandBias:0.0,Multiplicity:2.00
0.100	0.700	0.100	0.100
0.100	0.100	0.700	0.100
0.100	0.100	0.100	0.700
0.100	0.700	0.100	0.100
0.700	0.100	0.100	0.100
0.700	0.100	0.100	0.100
0.700	0.100	0.100	0.100
0.100	0.700	0.100	0.100
0.100	0.100	0.700	0.100
0.100	0.100	0.100	0.700
0.100	0.700	0.100	0.100
0.100	0.100	0.700	0.100
>ATTTAGCGGCCC	19-ATTTAGCGGCCC	9.716646	-9.871933	0	T:7.0(4.12%),B:218.1(0.54%),P:1e-4	Tpos:399.1,Tstd:282.4,Bpos:492.1,Bstd:326.6,StrandBias:2.1,Multiplicity:2.29
0.787	0.001	0.001	0.211
0.001	0.105	0.001	0.893
0.001	0.001	0.001	0.997
0.001	0.001	0.105	0.893
0.835	0.001	0.160	0.004
0.317	0.001	0.681	0.001
0.167	0.831	0.001	0.001
0.004	0.004	0.991	0.001
0.092	0.001	0.906	0.001
0.001	0.589	0.212	0.198
0.002	0.905	0.092	0.001
0.191	0.702	0.001	0.106
>ARKGTGACRTCA	20-ARKGTGACRTCA	-5.407035	-7.241641	0	T:107.0(62.94%),B:20225.1(50.46%),P:1e-3	Tpos:481.0,Tstd:278.8,Bpos:508.9,Bstd:302.7,StrandBias:0.2,Multiplicity:1.45
0.997	0.001	0.001	0.001
0.544	0.001	0.454	0.001
0.059	0.001	0.419	0.521
0.001	0.001	0.997	0.001
0.001	0.001	0.001	0.997
0.001	0.001	0.997	0.001
0.997	0.001	0.001	0.001
0.001	0.997	0.001	0.001
0.474	0.001	0.524	0.001
0.001	0.001	0.001	0.997
0.001	0.997	0.001	0.001
0.997	0.001	0.001	0.001
>TGGTTTTCGGCA	21-TGGTTTTCGGCA	14.848018	-6.614000	0	T:2.0(1.18%),B:12.0(0.03%),P:1e-2	Tpos:346.0,Tstd:102.3,Bpos:486.8,Bstd:254.4,StrandBias:-2.6,Multiplicity:3.50
0.001	0.001	0.001	0.997
0.001	0.001	0.997	0.001
0.001	0.001	0.997	0.001
0.001	0.001	0.001	0.997
0.001	0.001	0.173	0.825
0.001	0.001	0.001	0.997
0.001	0.001	0.001	0.997
0.001	0.997	0.001	0.001
0.001	0.001	0.997	0.001
0.001	0.001	0.997	0.001
0.001	0.997	0.001	0.001
0.997	0.001	0.001	0.001
>CAAAACTTTTTA	22-CAAAACTTTTTA	14.172063	-4.566824	0	T:3.0(1.76%),B:103.2(0.26%),P:1e-1	Tpos:400.6,Tstd:255.4,Bpos:515.9,Bstd:275.2,StrandBias:10.0,Multiplicity:4.33
0.001	0.997	0.001	0.001
0.997	0.001	0.001	0.001
0.910	0.001	0.088	0.001
0.997	0.001	0.001	0.001
0.997	0.001	0.001	0.001
0.001	0.997	0.001	0.001
0.001	0.001	0.001	0.997
0.001	0.001	0.001	0.997
0.001	0.001	0.001	0.997
0.001	0.001	0.001	0.997
0.001	0.001	0.001	0.997
0.997	0.001	0.001	0.001
>ATGTGCACTGGT	23-ATGTGCACTGGT	12.355432	-4.372706	0	T:1.0(0.59%),B:2.1(0.01%),P:1e-1	Tpos:310.0,Tstd:186.6,Bpos:214.9,Bstd:66.3,StrandBias:10.0,Multiplicity:11.00
0.700	0.100	0.100	0.100
0.100	0.100	0.100	0.700
0.100	0.100	0.700	0.100
0.100	0.100	0.100	0.700
0.100	0.100	0.700	0.100
0.100	0.700	0.100	0.100
0.700	0.100	0.100	0.100
0.100	0.700	0.100	0.100
0.100	0.100	0.100	0.700
0.100	0.100	0.700	0.100
0.100	0.100	0.700	0.100
0.100	0.100	0.100	0.700
>CTGAGAATTATG	24-CTGAGAATTATG	12.355432	-3.685850	0	T:1.0(0.59%),B:5.6(0.01%),P:1e-1	Tpos:339.0,Tstd:186.6,Bpos:389.0,Bstd:232.9,StrandBias:10.0,Multiplicity:11.00
0.100	0.700	0.100	0.100
0.100	0.100	0.100	0.700
0.100	0.100	0.700	0.100
0.700	0.100	0.100	0.100
0.100	0.100	0.700	0.100
0.700	0.100	0.100	0.100
0.700	0.100	0.100	0.100
0.100	0.100	0.100	0.700
0.100	0.100	0.100	0.700
0.700	0.100	0.100	0.100
0.100	0.100	0.100	0.700
0.100	0.100	0.700	0.100
>TTTTTCATGAAA	25-TTTTTCATGAAA	12.355432	-1.323712	0	T:2.0(1.18%),B:236.4(0.59%),P:1e0	Tpos:345.0,Tstd:225.2,Bpos:514.5,Bstd:330.6,StrandBias:-0.1,Multiplicity:6.00
0.100	0.100	0.100	0.700
0.100	0.100	0.100	0.700
0.100	0.100	0.100	0.700
0.100	0.100	0.100	0.700
0.100	0.100	0.100	0.700
0.100	0.700	0.100	0.100
0.700	0.100	0.100	0.100
0.100	0.100	0.100	0.700
0.100	0.100	0.700	0.100
0.700	0.100	0.100	0.100
0.700	0.100	0.100	0.100
0.700	0.100	0.100	0.100
