>CKGCGTTA	1-CKGCGTTA	7.748482	-9.541646	0	T:24.0(11.37%),B:1911.2(4.71%),P:1e-4	Tpos:522.4,Tstd:268.7,Bpos:505.7,Bstd:308.2,StrandBias:-0.5,Multiplicity:1.21
0.001	0.913	0.085	0.001
0.001	0.001	0.560	0.438
0.001	0.001	0.882	0.116
0.065	0.933	0.001	0.001
0.001	0.001	0.645	0.353
0.001	0.001	0.001	0.997
0.001	0.001	0.001	0.997
0.997	0.001	0.001	0.001
>TTATATGG	2-TTATATGG	7.240921	-9.310580	0	T:92.0(43.60%),B:12606.2(31.08%),P:1e-4	Tpos:583.3,Tstd:299.6,Bpos:517.9,Bstd:315.9,StrandBias:-0.2,Multiplicity:1.38
0.121	0.001	0.113	0.765
0.001	0.001	0.345	0.653
0.627	0.005	0.001	0.367
0.001	0.117	0.181	0.701
0.897	0.001	0.101	0.001
0.020	0.001	0.012	0.967
0.356	0.001	0.623	0.020
0.001	0.303	0.695	0.001
>TTCACCAA	3-TTCACCAA	7.770614	-8.246066	0	T:60.0(28.44%),B:7472.9(18.42%),P:1e-3	Tpos:526.0,Tstd:269.3,Bpos:504.9,Bstd:314.3,StrandBias:0.3,Multiplicity:1.25
0.001	0.001	0.001	0.997
0.001	0.001	0.374	0.624
0.001	0.997	0.001	0.001
0.779	0.219	0.001	0.001
0.001	0.997	0.001	0.001
0.001	0.997	0.001	0.001
0.997	0.001	0.001	0.001
0.872	0.001	0.001	0.126
>TTCGGGCY	4-TTCGGGCY	6.607535	-7.604985	0	T:33.0(15.64%),B:3440.8(8.48%),P:1e-3	Tpos:551.3,Tstd:269.4,Bpos:479.7,Bstd:333.0,StrandBias:0.5,Multiplicity:1.64
0.001	0.362	0.001	0.636
0.001	0.001	0.001	0.997
0.001	0.960	0.038	0.001
0.071	0.001	0.927	0.001
0.001	0.001	0.997	0.001
0.001	0.043	0.955	0.001
0.001	0.997	0.001	0.001
0.001	0.533	0.001	0.465
>ACGTAAAA	5-ACGTAAAA	9.261433	-7.133068	0	T:27.0(12.80%),B:2673.9(6.59%),P:1e-3	Tpos:577.5,Tstd:227.1,Bpos:506.0,Bstd:313.7,StrandBias:0.2,Multiplicity:1.26
0.997	0.001	0.001	0.001
0.001	0.997	0.001	0.001
0.001	0.001	0.997	0.001
0.001	0.001	0.001	0.997
0.997	0.001	0.001	0.001
0.997	0.001	0.001	0.001
0.997	0.001	0.001	0.001
0.834	0.001	0.001	0.164
