>TAATGCCTGT	1-TAATGCCTGT	9.701983	-23.997779	0	T:18.0(8.53%),B:438.6(1.08%),P:1e-10	Tpos:466.2,Tstd:291.0,Bpos:479.7,Bstd:306.1,StrandBias:0.3,Multiplicity:1.00
0.001	0.043	0.056	0.900
0.909	0.042	0.001	0.048
0.809	0.001	0.189	0.001
0.001	0.001	0.001	0.997
0.001	0.052	0.946	0.001
0.128	0.772	0.067	0.033
0.031	0.908	0.060	0.001
0.071	0.077	0.001	0.851
0.001	0.001	0.997	0.001
0.042	0.001	0.001	0.956
>GATTCGGGCT	2-GATTCGGGCT	7.991220	-22.787024	0	T:17.0(8.06%),B:412.2(1.02%),P:1e-9	Tpos:597.9,Tstd:254.5,Bpos:470.9,Bstd:325.3,StrandBias:-1.2,Multiplicity:1.18
0.059	0.034	0.841	0.066
0.568	0.157	0.062	0.213
0.308	0.025	0.164	0.503
0.073	0.094	0.075	0.758
0.018	0.737	0.014	0.231
0.145	0.181	0.637	0.037
0.034	0.221	0.708	0.037
0.140	0.147	0.569	0.144
0.036	0.729	0.041	0.194
0.087	0.231	0.037	0.645
>GTGTAATGCG	3-GTGTAATGCG	9.969720	-20.409765	0	T:16.0(7.58%),B:420.1(1.04%),P:1e-8	Tpos:477.7,Tstd:318.3,Bpos:511.4,Bstd:309.0,StrandBias:0.2,Multiplicity:1.19
0.001	0.001	0.997	0.001
0.100	0.001	0.001	0.898
0.001	0.001	0.997	0.001
0.054	0.073	0.001	0.872
0.926	0.001	0.072	0.001
0.828	0.001	0.001	0.170
0.001	0.108	0.001	0.890
0.069	0.001	0.863	0.067
0.001	0.855	0.096	0.048
0.052	0.001	0.946	0.001
>GATGGGACAC	4-GATGGGACAC	9.738755	-20.368523	0	T:17.0(8.06%),B:486.1(1.20%),P:1e-8	Tpos:473.9,Tstd:301.0,Bpos:491.8,Bstd:313.8,StrandBias:0.9,Multiplicity:1.00
0.043	0.054	0.840	0.063
0.997	0.001	0.001	0.001
0.056	0.001	0.077	0.866
0.084	0.001	0.836	0.079
0.001	0.086	0.849	0.064
0.001	0.001	0.997	0.001
0.997	0.001	0.001	0.001
0.030	0.755	0.214	0.001
0.997	0.001	0.001	0.001
0.042	0.914	0.001	0.043
>GTAGAACACG	5-GTAGAACACG	8.079218	-20.065103	0	T:21.0(9.95%),B:792.0(1.95%),P:1e-8	Tpos:566.8,Tstd:283.0,Bpos:509.8,Bstd:327.8,StrandBias:-1.1,Multiplicity:1.05
0.045	0.100	0.785	0.070
0.222	0.167	0.207	0.404
0.550	0.177	0.034	0.239
0.223	0.028	0.719	0.030
0.527	0.035	0.231	0.207
0.826	0.093	0.047	0.034
0.155	0.645	0.186	0.014
0.851	0.069	0.028	0.052
0.156	0.626	0.190	0.028
0.222	0.049	0.687	0.042
>GTAAAGCCTA	6-GTAAAGCCTA	6.788556	-19.418786	0	T:83.0(39.34%),B:8716.5(21.49%),P:1e-8	Tpos:466.5,Tstd:267.6,Bpos:489.2,Bstd:308.8,StrandBias:-0.1,Multiplicity:1.20
0.061	0.084	0.777	0.078
0.057	0.090	0.115	0.738
0.807	0.056	0.049	0.088
0.728	0.101	0.087	0.084
0.904	0.037	0.001	0.058
0.090	0.039	0.797	0.074
0.061	0.820	0.053	0.066
0.118	0.743	0.022	0.117
0.020	0.028	0.065	0.887
0.808	0.076	0.023	0.093
>CCCCCCAAGT	7-CCCCCCAAGT	10.279750	-19.175407	0	T:13.0(6.16%),B:277.5(0.68%),P:1e-8	Tpos:570.0,Tstd:306.9,Bpos:517.3,Bstd:355.5,StrandBias:0.2,Multiplicity:1.00
0.087	0.842	0.001	0.070
0.001	0.926	0.001	0.072
0.061	0.837	0.001	0.101
0.001	0.819	0.091	0.089
0.001	0.884	0.114	0.001
0.081	0.917	0.001	0.001
0.997	0.001	0.001	0.001
0.908	0.090	0.001	0.001
0.001	0.001	0.975	0.023
0.001	0.001	0.001	0.997
>GCTAGTTGAC	8-GCTAGTTGAC	10.440985	-18.162676	0	T:11.0(5.21%),B:196.9(0.49%),P:1e-7	Tpos:560.8,Tstd:233.7,Bpos:526.3,Bstd:284.9,StrandBias:0.2,Multiplicity:1.18
0.001	0.001	0.997	0.001
0.001	0.913	0.085	0.001
0.046	0.078	0.001	0.875
0.997	0.001	0.001	0.001
0.129	0.001	0.869	0.001
0.098	0.001	0.001	0.900
0.001	0.001	0.001	0.997
0.001	0.001	0.997	0.001
0.659	0.074	0.085	0.182
0.001	0.862	0.088	0.049
>CCGTTTTCCC	9-CCGTTTTCCC	9.550610	-17.734667	0	T:24.0(11.37%),B:1179.7(2.91%),P:1e-7	Tpos:513.3,Tstd:317.2,Bpos:531.6,Bstd:331.6,StrandBias:2.0,Multiplicity:1.04
0.035	0.910	0.054	0.001
0.273	0.594	0.042	0.091
0.001	0.059	0.925	0.015
0.001	0.001	0.058	0.940
0.001	0.001	0.001	0.997
0.001	0.100	0.001	0.898
0.001	0.052	0.001	0.946
0.001	0.953	0.045	0.001
0.040	0.945	0.001	0.014
0.001	0.972	0.026	0.001
>ATATCTCAAG	10-ATATCTCAAG	10.015170	-17.655995	0	T:23.0(10.90%),B:1091.2(2.69%),P:1e-7	Tpos:552.5,Tstd:326.4,Bpos:511.6,Bstd:296.0,StrandBias:-0.2,Multiplicity:1.04
0.869	0.087	0.001	0.043
0.020	0.001	0.001	0.978
0.774	0.048	0.048	0.130
0.048	0.001	0.001	0.950
0.001	0.877	0.001	0.121
0.034	0.080	0.001	0.885
0.001	0.940	0.001	0.058
0.883	0.054	0.001	0.062
0.942	0.001	0.056	0.001
0.001	0.001	0.946	0.052
>TCTAATAGTT	11-TCTAATAGTT	9.565877	-16.644480	0	T:33.0(15.64%),B:2207.8(5.44%),P:1e-7	Tpos:444.1,Tstd:239.3,Bpos:501.4,Bstd:293.3,StrandBias:0.1,Multiplicity:1.12
0.036	0.045	0.001	0.918
0.112	0.675	0.064	0.149
0.038	0.001	0.021	0.940
0.980	0.001	0.001	0.018
0.849	0.089	0.033	0.029
0.141	0.001	0.001	0.857
0.905	0.042	0.052	0.001
0.001	0.001	0.997	0.001
0.041	0.001	0.057	0.901
0.001	0.001	0.001	0.997
>TATAGGTCAC	12-TATAGGTCAC	9.594329	-16.193512	0	T:16.0(7.58%),B:574.7(1.42%),P:1e-7	Tpos:401.3,Tstd:265.7,Bpos:509.1,Bstd:319.7,StrandBias:-0.2,Multiplicity:1.19
0.061	0.001	0.001	0.937
0.706	0.058	0.161	0.075
0.001	0.001	0.001	0.997
0.914	0.001	0.084	0.001
0.116	0.135	0.686	0.063
0.001	0.204	0.726	0.069
0.001	0.001	0.001	0.997
0.001	0.997	0.001	0.001
0.997	0.001	0.001	0.001
0.070	0.851	0.001	0.078
>ATTGATAAGW	13-ATTGATAAGW	10.069901	-15.664472	0	T:23.0(10.90%),B:1222.3(3.01%),P:1e-6	Tpos:660.0,Tstd:281.9,Bpos:544.4,Bstd:314.1,StrandBias:-0.3,Multiplicity:1.14
0.997	0.001	0.001	0.001
0.001	0.001	0.001	0.997
0.001	0.001	0.001	0.997
0.001	0.001	0.997	0.001
0.997	0.001	0.001	0.001
0.001	0.001	0.001	0.997
0.997	0.001	0.001	0.001
0.933	0.001	0.001	0.065
0.001	0.001	0.997	0.001
0.461	0.001	0.183	0.355
>TCGATGCACC	14-TCGATGCACC	9.842011	-15.404625	0	T:17.0(8.06%),B:692.0(1.71%),P:1e-6	Tpos:604.7,Tstd:255.6,Bpos:488.4,Bstd:310.9,StrandBias:-0.9,Multiplicity:1.35
0.054	0.048	0.001	0.897
0.062	0.703	0.074	0.161
0.035	0.001	0.963	0.001
0.919	0.079	0.001	0.001
0.001	0.001	0.001	0.997
0.001	0.001	0.997	0.001
0.001	0.997	0.001	0.001
0.738	0.001	0.210	0.051
0.053	0.945	0.001	0.001
0.001	0.869	0.001	0.129
>AAGTCGTATC	15-AAGTCGTATC	10.064049	-15.052406	0	T:13.0(6.16%),B:400.9(0.99%),P:1e-6	Tpos:544.6,Tstd:304.1,Bpos:485.7,Bstd:304.6,StrandBias:1.0,Multiplicity:1.15
0.895	0.103	0.001	0.001
0.888	0.001	0.001	0.110
0.001	0.067	0.885	0.047
0.001	0.001	0.001	0.997
0.001	0.880	0.082	0.037
0.063	0.001	0.879	0.057
0.001	0.001	0.092	0.906
0.871	0.076	0.001	0.052
0.001	0.001	0.119	0.879
0.001	0.997	0.001	0.001
>AGATCAATTT	16-AGATCAATTT	8.957723	-14.029753	0	T:65.0(30.81%),B:6936.6(17.10%),P:1e-6	Tpos:506.3,Tstd:275.0,Bpos:492.4,Bstd:308.8,StrandBias:-0.5,Multiplicity:1.28
0.927	0.020	0.033	0.020
0.080	0.120	0.755	0.045
0.890	0.001	0.108	0.001
0.132	0.001	0.001	0.866
0.067	0.906	0.001	0.026
0.997	0.001	0.001	0.001
0.826	0.001	0.137	0.036
0.001	0.001	0.001	0.997
0.078	0.001	0.001	0.920
0.001	0.001	0.001	0.997
>TGMAGTACCG	17-TGMAGTACCG	10.772297	-12.469041	0	T:7.0(3.32%),B:116.9(0.29%),P:1e-5	Tpos:332.2,Tstd:231.0,Bpos:469.0,Bstd:313.7,StrandBias:0.0,Multiplicity:1.43
0.001	0.001	0.001	0.997
0.001	0.001	0.997	0.001
0.435	0.563	0.001	0.001
0.997	0.001	0.001	0.001
0.001	0.001	0.997	0.001
0.001	0.001	0.001	0.997
0.997	0.001	0.001	0.001
0.001	0.863	0.001	0.135
0.001	0.611	0.387	0.001
0.001	0.001	0.997	0.001
>GTTGAAAAGC	18-GTTGAAAAGC	7.906865	-12.263727	0	T:82.0(38.86%),B:10055.0(24.79%),P:1e-5	Tpos:502.6,Tstd:286.5,Bpos:507.5,Bstd:311.0,StrandBias:0.1,Multiplicity:1.27
0.011	0.106	0.748	0.135
0.061	0.001	0.024	0.914
0.026	0.001	0.306	0.667
0.118	0.069	0.736	0.077
0.768	0.036	0.012	0.184
0.885	0.028	0.001	0.086
0.733	0.047	0.001	0.219
0.952	0.013	0.034	0.001
0.108	0.067	0.678	0.147
0.204	0.555	0.141	0.100
>TTTTTCCCCG	19-TTTTTCCCCG	7.706548	-11.889919	0	T:30.0(14.22%),B:2365.8(5.83%),P:1e-5	Tpos:479.6,Tstd:303.5,Bpos:532.4,Bstd:334.8,StrandBias:1.6,Multiplicity:1.23
0.043	0.183	0.253	0.521
0.009	0.177	0.226	0.588
0.210	0.195	0.041	0.554
0.034	0.267	0.035	0.664
0.174	0.255	0.026	0.545
0.021	0.781	0.172	0.026
0.267	0.624	0.065	0.044
0.020	0.871	0.044	0.065
0.281	0.646	0.042	0.031
0.244	0.044	0.554	0.158
>TTGATCGTTT	20-TTGATCGTTT	10.441322	-10.177768	0	T:19.0(9.00%),B:1251.4(3.09%),P:1e-4	Tpos:581.4,Tstd:249.4,Bpos:518.6,Bstd:300.8,StrandBias:-2.1,Multiplicity:1.11
0.001	0.001	0.001	0.997
0.170	0.001	0.001	0.828
0.001	0.001	0.997	0.001
0.979	0.001	0.019	0.001
0.001	0.001	0.001	0.997
0.384	0.614	0.001	0.001
0.001	0.100	0.846	0.053
0.001	0.122	0.001	0.876
0.052	0.001	0.001	0.946
0.001	0.199	0.001	0.799
>GTAGATTAAC	21-GTAGATTAAC	8.487661	-10.034580	0	T:15.0(7.11%),B:839.2(2.07%),P:1e-4	Tpos:436.8,Tstd:259.1,Bpos:513.2,Bstd:305.1,StrandBias:0.8,Multiplicity:1.27
0.001	0.174	0.522	0.303
0.001	0.166	0.246	0.587
0.997	0.001	0.001	0.001
0.001	0.001	0.997	0.001
0.997	0.001	0.001	0.001
0.001	0.001	0.001	0.997
0.001	0.094	0.001	0.904
0.997	0.001	0.001	0.001
0.997	0.001	0.001	0.001
0.001	0.997	0.001	0.001
>GAGCAGAATC	22-GAGCAGAATC	11.325494	-8.751499	0	T:9.0(4.27%),B:366.0(0.90%),P:1e-3	Tpos:597.7,Tstd:319.9,Bpos:491.7,Bstd:314.1,StrandBias:-1.7,Multiplicity:1.44
0.001	0.370	0.628	0.001
0.624	0.001	0.001	0.374
0.001	0.001	0.997	0.001
0.001	0.997	0.001	0.001
0.997	0.001	0.001	0.001
0.240	0.001	0.758	0.001
0.997	0.001	0.001	0.001
0.856	0.142	0.001	0.001
0.001	0.001	0.001	0.997
0.001	0.997	0.001	0.001
>ATCGATTTTC	23-ATCGATTTTC	10.329687	-6.634347	0	T:45.0(21.33%),B:5498.6(13.56%),P:1e-2	Tpos:506.8,Tstd:275.7,Bpos:532.7,Bstd:330.8,StrandBias:0.4,Multiplicity:1.66
0.805	0.193	0.001	0.001
0.129	0.001	0.001	0.869
0.233	0.512	0.001	0.254
0.001	0.001	0.997	0.001
0.988	0.001	0.001	0.010
0.001	0.001	0.081	0.917
0.001	0.001	0.001	0.997
0.001	0.001	0.001	0.997
0.001	0.001	0.001	0.997
0.001	0.835	0.001	0.163
>GCGTCGTTAC	24-GCGTCGTTAC	10.296193	-3.202528	0	T:1.0(0.47%),B:7.7(0.02%),P:1e-1	Tpos:283.8,Tstd:191.2,Bpos:411.2,Bstd:176.6,StrandBias:-10.0,Multiplicity:6.00
0.100	0.100	0.700	0.100
0.100	0.700	0.100	0.100
0.100	0.100	0.700	0.100
0.100	0.100	0.100	0.700
0.100	0.700	0.100	0.100
0.100	0.100	0.700	0.100
0.100	0.100	0.100	0.700
0.100	0.100	0.100	0.700
0.700	0.100	0.100	0.100
0.100	0.700	0.100	0.100
>AGTCGTAGAT	25-AGTCGTAGAT	10.296193	-2.316852	0	T:1.0(0.47%),B:19.5(0.05%),P:1e-1	Tpos:308.6,Tstd:158.8,Bpos:376.4,Bstd:230.3,StrandBias:-10.0,Multiplicity:5.00
0.700	0.100	0.100	0.100
0.100	0.100	0.700	0.100
0.100	0.100	0.100	0.700
0.100	0.700	0.100	0.100
0.100	0.100	0.700	0.100
0.100	0.100	0.100	0.700
0.700	0.100	0.100	0.100
0.100	0.100	0.700	0.100
0.700	0.100	0.100	0.100
0.100	0.100	0.100	0.700
