>CATACTGCATGG	4-CATACTGCATGG,BestGuess:LIN-39(Homeobox)/cElegans.L3-LIN39-ChIP-Seq(modEncode)/Homer(0.514)	8.619561	-18.397743	0	T:12.0(44.44%),B:2037.5(5.74%),P:1e-7
0.401	0.597	0.001	0.001
0.919	0.001	0.001	0.079
0.074	0.076	0.001	0.849
0.716	0.001	0.089	0.194
0.148	0.711	0.001	0.140
0.172	0.001	0.001	0.826
0.146	0.084	0.588	0.182
0.149	0.849	0.001	0.001
0.703	0.001	0.295	0.001
0.083	0.001	0.098	0.818
0.001	0.001	0.587	0.411
0.001	0.072	0.844	0.083
