>ACTCTATTCT	1-ACTCTATTCT	9.144176	-22.378126	0	T:16.0(28.57%),B:1455.5(3.79%),P:1e-9	Tpos:578.7,Tstd:328.0,Bpos:526.3,Bstd:349.0,StrandBias:0.0,Multiplicity:1.00
0.849	0.091	0.001	0.059
0.062	0.936	0.001	0.001
0.001	0.001	0.001	0.997
0.001	0.997	0.001	0.001
0.001	0.083	0.001	0.915
0.894	0.001	0.001	0.104
0.125	0.001	0.001	0.873
0.128	0.121	0.001	0.750
0.084	0.866	0.001	0.049
0.001	0.001	0.001	0.997
>TTAAATGTAA	2-TTAAATGTAA	9.543093	-21.780961	0	T:22.0(39.29%),B:3258.7(8.49%),P:1e-9	Tpos:573.2,Tstd:266.0,Bpos:495.7,Bstd:322.9,StrandBias:-0.8,Multiplicity:1.14
0.001	0.001	0.048	0.950
0.063	0.043	0.001	0.893
0.903	0.037	0.034	0.026
0.937	0.001	0.061	0.001
0.997	0.001	0.001	0.001
0.021	0.072	0.057	0.850
0.098	0.032	0.869	0.001
0.001	0.001	0.077	0.921
0.836	0.049	0.084	0.031
0.868	0.049	0.054	0.029
>ATAGCGTTAT	3-ATAGCGTTAT	10.483525	-18.020708	0	T:9.0(16.07%),B:432.1(1.13%),P:1e-7	Tpos:521.1,Tstd:265.6,Bpos:485.8,Bstd:326.6,StrandBias:3.0,Multiplicity:1.00
0.842	0.001	0.001	0.156
0.001	0.150	0.001	0.848
0.997	0.001	0.001	0.001
0.001	0.136	0.767	0.096
0.001	0.997	0.001	0.001
0.001	0.001	0.915	0.083
0.169	0.001	0.001	0.829
0.001	0.001	0.001	0.997
0.915	0.001	0.001	0.083
0.001	0.001	0.001	0.997
>TCCCGACTGT	4-TCCCGACTGT	10.672218	-17.384563	0	T:8.0(14.29%),B:324.4(0.85%),P:1e-7	Tpos:613.2,Tstd:293.5,Bpos:490.3,Bstd:313.1,StrandBias:0.0,Multiplicity:1.25
0.001	0.001	0.001	0.997
0.123	0.789	0.001	0.087
0.108	0.890	0.001	0.001
0.001	0.997	0.001	0.001
0.095	0.001	0.789	0.115
0.997	0.001	0.001	0.001
0.103	0.794	0.001	0.102
0.001	0.001	0.001	0.997
0.001	0.137	0.861	0.001
0.001	0.001	0.001	0.997
>GTGAGGAGAT	5-GTGAGGAGAT	7.353452	-15.665291	0	T:27.0(48.21%),B:6770.3(17.64%),P:1e-6	Tpos:529.3,Tstd:303.3,Bpos:520.0,Bstd:334.0,StrandBias:-1.1,Multiplicity:1.41
0.032	0.032	0.901	0.035
0.001	0.001	0.001	0.997
0.001	0.036	0.894	0.069
0.737	0.088	0.072	0.103
0.037	0.118	0.781	0.064
0.138	0.001	0.715	0.146
0.660	0.095	0.083	0.162
0.143	0.001	0.702	0.154
0.894	0.074	0.031	0.001
0.154	0.001	0.108	0.737
>GGTCTTCTCG	6-GGTCTTCTCG	9.755519	-15.225181	0	T:11.0(19.64%),B:1021.9(2.66%),P:1e-6	Tpos:526.9,Tstd:284.8,Bpos:509.8,Bstd:346.1,StrandBias:2.5,Multiplicity:1.18
0.001	0.001	0.672	0.326
0.001	0.001	0.997	0.001
0.001	0.001	0.001	0.997
0.001	0.997	0.001	0.001
0.001	0.001	0.179	0.819
0.001	0.001	0.249	0.749
0.001	0.683	0.001	0.315
0.001	0.001	0.001	0.997
0.001	0.686	0.001	0.312
0.001	0.001	0.813	0.185
>TCAGCTAGCT	7-TCAGCTAGCT	11.066222	-14.843339	0	T:7.0(12.50%),B:305.9(0.80%),P:1e-6	Tpos:230.2,Tstd:256.6,Bpos:530.7,Bstd:299.6,StrandBias:1.0,Multiplicity:1.17
0.214	0.001	0.001	0.784
0.001	0.997	0.001	0.001
0.997	0.001	0.001	0.001
0.135	0.001	0.863	0.001
0.001	0.804	0.194	0.001
0.001	0.001	0.001	0.997
0.997	0.001	0.001	0.001
0.001	0.001	0.997	0.001
0.136	0.730	0.001	0.133
0.001	0.001	0.001	0.997
>CGCGTCATTC	8-CGCGTCATTC	11.820598	-13.902649	0	T:5.0(8.93%),B:115.2(0.30%),P:1e-6	Tpos:609.8,Tstd:310.6,Bpos:564.3,Bstd:351.2,StrandBias:2.0,Multiplicity:1.00
0.001	0.997	0.001	0.001
0.001	0.001	0.997	0.001
0.001	0.997	0.001	0.001
0.001	0.001	0.997	0.001
0.001	0.001	0.001	0.997
0.243	0.755	0.001	0.001
0.997	0.001	0.001	0.001
0.001	0.001	0.001	0.997
0.001	0.001	0.001	0.997
0.001	0.822	0.001	0.176
>TTGCGCATAG	9-TTGCGCATAG	10.269521	-13.686058	0	T:7.0(12.50%),B:364.7(0.95%),P:1e-5	Tpos:444.7,Tstd:270.2,Bpos:519.1,Bstd:331.2,StrandBias:2.3,Multiplicity:1.71
0.001	0.001	0.001	0.997
0.001	0.001	0.001	0.997
0.001	0.001	0.997	0.001
0.001	0.997	0.001	0.001
0.001	0.001	0.915	0.083
0.001	0.881	0.001	0.117
0.591	0.001	0.407	0.001
0.001	0.001	0.001	0.997
0.851	0.001	0.147	0.001
0.100	0.001	0.898	0.001
>CCAAYAATGA	10-CCAAYAATGA	9.119753	-13.448082	0	T:13.0(23.21%),B:1789.3(4.66%),P:1e-5	Tpos:552.7,Tstd:274.6,Bpos:496.8,Bstd:322.6,StrandBias:-0.2,Multiplicity:1.15
0.051	0.888	0.060	0.001
0.001	0.668	0.330	0.001
0.857	0.010	0.001	0.132
0.775	0.001	0.008	0.216
0.001	0.511	0.001	0.487
0.791	0.001	0.092	0.116
0.819	0.001	0.007	0.173
0.001	0.121	0.001	0.877
0.005	0.002	0.732	0.261
0.997	0.001	0.001	0.001
>CCAGAGAAGA	11-CCAGAGAAGA	10.298183	-13.409063	0	T:9.0(16.07%),B:754.6(1.97%),P:1e-5	Tpos:433.5,Tstd:285.2,Bpos:548.4,Bstd:343.0,StrandBias:-0.5,Multiplicity:1.33
0.146	0.852	0.001	0.001
0.001	0.925	0.073	0.001
0.858	0.140	0.001	0.001
0.001	0.001	0.997	0.001
0.997	0.001	0.001	0.001
0.072	0.001	0.926	0.001
0.997	0.001	0.001	0.001
0.997	0.001	0.001	0.001
0.049	0.100	0.748	0.103
0.775	0.126	0.001	0.098
>GCACTATGAT	12-GCACTATGAT	7.952822	-12.350632	0	T:14.0(25.00%),B:2308.9(6.01%),P:1e-5	Tpos:379.6,Tstd:269.6,Bpos:504.2,Bstd:319.6,StrandBias:-0.5,Multiplicity:1.21
0.001	0.170	0.668	0.161
0.077	0.919	0.002	0.002
0.901	0.004	0.001	0.094
0.002	0.731	0.264	0.003
0.006	0.005	0.224	0.765
0.604	0.152	0.183	0.061
0.006	0.002	0.111	0.881
0.001	0.029	0.969	0.001
0.873	0.120	0.005	0.002
0.161	0.002	0.178	0.659
>ATCATCCTTA	13-ATCATCCTTA	8.350283	-8.052584	0	T:10.0(17.86%),B:1850.6(4.82%),P:1e-3	Tpos:523.5,Tstd:284.0,Bpos:504.5,Bstd:339.3,StrandBias:3.3,Multiplicity:1.10
0.700	0.100	0.100	0.100
0.100	0.100	0.100	0.700
0.100	0.700	0.100	0.100
0.700	0.100	0.100	0.100
0.100	0.100	0.100	0.700
0.100	0.700	0.100	0.100
0.100	0.700	0.100	0.100
0.100	0.100	0.100	0.700
0.100	0.100	0.100	0.700
0.700	0.100	0.100	0.100
>ATCCCCGAGG	14-ATCCCCGAGG	10.296193	-4.457119	0	T:1.0(1.79%),B:7.4(0.02%),P:1e-1	Tpos:199.8,Tstd:41.1,Bpos:526.7,Bstd:353.0,StrandBias:10.0,Multiplicity:4.00
0.700	0.100	0.100	0.100
0.100	0.100	0.100	0.700
0.100	0.700	0.100	0.100
0.100	0.700	0.100	0.100
0.100	0.700	0.100	0.100
0.100	0.700	0.100	0.100
0.100	0.100	0.700	0.100
0.700	0.100	0.100	0.100
0.100	0.100	0.700	0.100
0.100	0.100	0.700	0.100
>TTAAAAAGAATT	1-TTAAAAAGAATT	13.386938	-21.883293	0	T:11.0(19.64%),B:528.9(1.38%),P:1e-9	Tpos:635.3,Tstd:217.2,Bpos:496.5,Bstd:305.3,StrandBias:-0.8,Multiplicity:1.00
0.001	0.001	0.001	0.997
0.094	0.001	0.001	0.904
0.921	0.001	0.001	0.077
0.997	0.001	0.001	0.001
0.997	0.001	0.001	0.001
0.997	0.001	0.001	0.001
0.905	0.001	0.001	0.093
0.001	0.157	0.841	0.001
0.904	0.001	0.001	0.094
0.874	0.001	0.124	0.001
0.001	0.001	0.132	0.866
0.116	0.001	0.001	0.882
>TGAAGGCTTAGC	2-TGAAGGCTTAGC	15.019765	-20.894896	0	T:4.0(7.14%),B:6.2(0.02%),P:1e-9	Tpos:463.0,Tstd:284.6,Bpos:529.8,Bstd:238.7,StrandBias:1.6,Multiplicity:1.00
0.001	0.001	0.001	0.997
0.001	0.001	0.997	0.001
0.997	0.001	0.001	0.001
0.997	0.001	0.001	0.001
0.001	0.001	0.678	0.320
0.001	0.001	0.997	0.001
0.001	0.997	0.001	0.001
0.358	0.001	0.001	0.640
0.001	0.001	0.001	0.997
0.997	0.001	0.001	0.001
0.001	0.001	0.997	0.001
0.001	0.997	0.001	0.001
>CATCTCCTCACA	3-CATCTCCTCACA	9.427664	-20.282668	0	T:10.0(17.86%),B:463.8(1.21%),P:1e-8	Tpos:396.2,Tstd:316.7,Bpos:503.9,Bstd:334.1,StrandBias:0.6,Multiplicity:1.00
0.006	0.807	0.186	0.001
0.997	0.001	0.001	0.001
0.001	0.001	0.001	0.997
0.423	0.575	0.001	0.001
0.223	0.001	0.001	0.775
0.185	0.813	0.001	0.001
0.001	0.997	0.001	0.001
0.386	0.001	0.001	0.612
0.001	0.997	0.001	0.001
0.830	0.168	0.001	0.001
0.001	0.990	0.001	0.008
0.631	0.193	0.007	0.169
>TATTAAGTCACA	4-TATTAAGTCACA	14.085522	-20.183802	0	T:5.0(8.93%),B:30.1(0.08%),P:1e-8	Tpos:382.8,Tstd:253.6,Bpos:552.9,Bstd:247.9,StrandBias:-2.0,Multiplicity:1.00
0.001	0.001	0.001	0.997
0.835	0.001	0.001	0.163
0.001	0.001	0.001	0.997
0.214	0.001	0.187	0.598
0.997	0.001	0.001	0.001
0.997	0.001	0.001	0.001
0.001	0.001	0.997	0.001
0.001	0.001	0.001	0.997
0.175	0.823	0.001	0.001
0.997	0.001	0.001	0.001
0.001	0.997	0.001	0.001
0.997	0.001	0.001	0.001
>CTTTTCTCTCCG	5-CTTTTCTCTCCG	14.011851	-19.729984	0	T:6.0(10.71%),B:78.4(0.20%),P:1e-8	Tpos:740.0,Tstd:187.2,Bpos:547.6,Bstd:342.1,StrandBias:0.0,Multiplicity:1.00
0.001	0.997	0.001	0.001
0.001	0.001	0.001	0.997
0.001	0.173	0.001	0.825
0.001	0.001	0.001	0.997
0.001	0.001	0.001	0.997
0.001	0.997	0.001	0.001
0.001	0.001	0.001	0.997
0.001	0.838	0.001	0.160
0.184	0.001	0.001	0.814
0.001	0.997	0.001	0.001
0.001	0.846	0.001	0.152
0.132	0.001	0.866	0.001
>YGSTGTGTWATG	6-YGSTGTGTWATG	10.200288	-17.139681	0	T:5.0(8.93%),B:58.6(0.15%),P:1e-7	Tpos:546.2,Tstd:124.9,Bpos:546.4,Bstd:324.2,StrandBias:-2.3,Multiplicity:1.20
0.001	0.574	0.001	0.424
0.001	0.001	0.997	0.001
0.001	0.514	0.484	0.001
0.001	0.001	0.001	0.997
0.001	0.001	0.997	0.001
0.001	0.001	0.001	0.997
0.001	0.001	0.997	0.001
0.001	0.001	0.001	0.997
0.484	0.001	0.001	0.514
0.592	0.001	0.001	0.406
0.021	0.001	0.001	0.977
0.001	0.001	0.977	0.021
>TGTCTTCTTGTG	7-TGTCTTCTTGTG	14.187204	-16.902828	0	T:5.0(8.93%),B:61.6(0.16%),P:1e-7	Tpos:451.2,Tstd:329.5,Bpos:498.5,Bstd:323.9,StrandBias:10.0,Multiplicity:1.20
0.001	0.001	0.001	0.997
0.001	0.001	0.997	0.001
0.001	0.001	0.001	0.997
0.001	0.997	0.001	0.001
0.001	0.001	0.001	0.997
0.001	0.001	0.001	0.997
0.001	0.997	0.001	0.001
0.001	0.001	0.001	0.997
0.001	0.247	0.001	0.751
0.001	0.001	0.997	0.001
0.188	0.001	0.001	0.810
0.185	0.001	0.629	0.185
>TTTTCTCTTATC	8-TTTTCTCTTATC	13.521989	-15.298138	0	T:6.0(10.71%),B:171.0(0.45%),P:1e-6	Tpos:730.8,Tstd:186.0,Bpos:559.0,Bstd:305.5,StrandBias:2.3,Multiplicity:1.00
0.125	0.001	0.001	0.873
0.001	0.129	0.001	0.869
0.001	0.001	0.001	0.997
0.001	0.001	0.001	0.997
0.001	0.997	0.001	0.001
0.001	0.001	0.001	0.997
0.001	0.890	0.108	0.001
0.001	0.001	0.001	0.997
0.001	0.001	0.001	0.997
0.859	0.089	0.001	0.051
0.152	0.001	0.001	0.846
0.001	0.760	0.167	0.072
>GCATCCCCGAGG	9-GCATCCCCGAGG	9.349029	-13.000475	0	T:6.0(10.71%),B:255.2(0.66%),P:1e-5	Tpos:462.6,Tstd:267.4,Bpos:458.7,Bstd:361.0,StrandBias:10.0,Multiplicity:1.50
0.083	0.001	0.823	0.093
0.165	0.650	0.001	0.184
0.815	0.092	0.092	0.001
0.092	0.092	0.092	0.724
0.001	0.916	0.001	0.082
0.092	0.527	0.012	0.369
0.175	0.557	0.001	0.267
0.092	0.825	0.082	0.001
0.196	0.001	0.802	0.001
0.722	0.001	0.001	0.276
0.175	0.001	0.732	0.092
0.001	0.001	0.916	0.082
>TTTCAGCTAGCT	10-TTTCAGCTAGCT	9.610932	-11.897713	0	T:7.0(12.50%),B:480.5(1.25%),P:1e-5	Tpos:296.2,Tstd:270.0,Bpos:523.9,Bstd:312.4,StrandBias:1.4,Multiplicity:1.29
0.241	0.001	0.001	0.757
0.306	0.001	0.001	0.692
0.306	0.001	0.001	0.692
0.001	0.997	0.001	0.001
0.724	0.001	0.274	0.001
0.007	0.274	0.718	0.001
0.001	0.989	0.009	0.001
0.001	0.001	0.001	0.997
0.869	0.001	0.001	0.129
0.001	0.001	0.997	0.001
0.009	0.611	0.001	0.379
0.001	0.001	0.001	0.997
>TCCTACGCGCAA	11-TCCTACGCGCAA	13.516674	-10.376798	0	T:2.0(3.57%),B:4.2(0.01%),P:1e-4	Tpos:523.2,Tstd:229.4,Bpos:486.6,Bstd:289.6,StrandBias:-2.3,Multiplicity:3.00
0.001	0.001	0.001	0.997
0.001	0.997	0.001	0.001
0.001	0.997	0.001	0.001
0.001	0.001	0.001	0.997
0.997	0.001	0.001	0.001
0.001	0.782	0.001	0.216
0.001	0.001	0.757	0.241
0.001	0.997	0.001	0.001
0.001	0.001	0.997	0.001
0.001	0.757	0.241	0.001
0.997	0.001	0.001	0.001
0.997	0.001	0.001	0.001
>ACAGTACCCCAA	12-ACAGTACCCCAA	14.623371	-6.723411	0	T:2.0(3.57%),B:33.5(0.09%),P:1e-2	Tpos:536.7,Tstd:276.8,Bpos:457.7,Bstd:341.0,StrandBias:-1.0,Multiplicity:1.50
0.997	0.001	0.001	0.001
0.001	0.997	0.001	0.001
0.796	0.202	0.001	0.001
0.001	0.001	0.997	0.001
0.001	0.001	0.001	0.997
0.997	0.001	0.001	0.001
0.001	0.997	0.001	0.001
0.001	0.997	0.001	0.001
0.001	0.997	0.001	0.001
0.001	0.569	0.212	0.218
0.997	0.001	0.001	0.001
0.814	0.001	0.001	0.184
>GGGTTTCA	1-GGGTTTCA	8.625017	-11.471004	0	T:23.0(41.07%),B:6297.9(16.41%),P:1e-4	Tpos:601.4,Tstd:289.4,Bpos:511.2,Bstd:317.1,StrandBias:-0.3,Multiplicity:1.26
0.001	0.001	0.997	0.001
0.001	0.001	0.656	0.342
0.001	0.001	0.997	0.001
0.001	0.001	0.001	0.997
0.001	0.001	0.001	0.997
0.001	0.001	0.001	0.997
0.001	0.745	0.001	0.253
0.997	0.001	0.001	0.001
>TCTTCTTG	2-TCTTCTTG	8.844432	-10.793570	0	T:24.0(42.86%),B:7057.0(18.38%),P:1e-4	Tpos:516.6,Tstd:283.8,Bpos:504.6,Bstd:335.5,StrandBias:0.8,Multiplicity:1.17
0.001	0.001	0.001	0.997
0.232	0.766	0.001	0.001
0.001	0.314	0.001	0.684
0.001	0.001	0.001	0.997
0.321	0.677	0.001	0.001
0.001	0.001	0.001	0.997
0.001	0.001	0.001	0.997
0.001	0.001	0.997	0.001
>GGTGTGTA	3-GGTGTGTA	6.866045	-9.892126	0	T:12.0(21.43%),B:2137.6(5.57%),P:1e-4	Tpos:445.2,Tstd:278.9,Bpos:510.3,Bstd:329.6,StrandBias:0.2,Multiplicity:1.08
0.001	0.001	0.997	0.001
0.001	0.001	0.997	0.001
0.001	0.001	0.414	0.584
0.001	0.001	0.997	0.001
0.203	0.001	0.001	0.795
0.001	0.001	0.997	0.001
0.001	0.001	0.032	0.966
0.997	0.001	0.001	0.001
>CCAGAGAA	4-CCAGAGAA	8.236954	-8.951716	0	T:9.0(16.07%),B:1333.6(3.47%),P:1e-3	Tpos:467.6,Tstd:285.9,Bpos:508.9,Bstd:343.2,StrandBias:0.0,Multiplicity:1.11
0.100	0.700	0.100	0.100
0.100	0.700	0.100	0.100
0.700	0.100	0.100	0.100
0.100	0.100	0.700	0.100
0.700	0.100	0.100	0.100
0.100	0.100	0.700	0.100
0.700	0.100	0.100	0.100
0.700	0.100	0.100	0.100
>TACGCGCA	5-TACGCGCA	6.452518	-7.940517	0	T:9.0(16.07%),B:1529.8(3.99%),P:1e-3	Tpos:396.4,Tstd:271.3,Bpos:526.3,Bstd:336.5,StrandBias:-2.1,Multiplicity:1.56
0.001	0.001	0.001	0.997
0.891	0.001	0.107	0.001
0.001	0.931	0.001	0.067
0.001	0.001	0.997	0.001
0.001	0.997	0.001	0.001
0.001	0.001	0.997	0.001
0.001	0.919	0.079	0.001
0.891	0.001	0.001	0.107
