>TTAAAAAGAATT	1-TTAAAAAGAATT	13.386938	-21.883293	0	T:11.0(19.64%),B:528.9(1.38%),P:1e-9	Tpos:635.3,Tstd:217.2,Bpos:496.5,Bstd:305.3,StrandBias:-0.8,Multiplicity:1.00
0.001	0.001	0.001	0.997
0.094	0.001	0.001	0.904
0.921	0.001	0.001	0.077
0.997	0.001	0.001	0.001
0.997	0.001	0.001	0.001
0.997	0.001	0.001	0.001
0.905	0.001	0.001	0.093
0.001	0.157	0.841	0.001
0.904	0.001	0.001	0.094
0.874	0.001	0.124	0.001
0.001	0.001	0.132	0.866
0.116	0.001	0.001	0.882
>TGAAGGCTTAGC	2-TGAAGGCTTAGC	15.019765	-20.894896	0	T:4.0(7.14%),B:6.2(0.02%),P:1e-9	Tpos:463.0,Tstd:284.6,Bpos:529.8,Bstd:238.7,StrandBias:1.6,Multiplicity:1.00
0.001	0.001	0.001	0.997
0.001	0.001	0.997	0.001
0.997	0.001	0.001	0.001
0.997	0.001	0.001	0.001
0.001	0.001	0.678	0.320
0.001	0.001	0.997	0.001
0.001	0.997	0.001	0.001
0.358	0.001	0.001	0.640
0.001	0.001	0.001	0.997
0.997	0.001	0.001	0.001
0.001	0.001	0.997	0.001
0.001	0.997	0.001	0.001
>CATCTCCTCACA	3-CATCTCCTCACA	9.427664	-20.282668	0	T:10.0(17.86%),B:463.8(1.21%),P:1e-8	Tpos:396.2,Tstd:316.7,Bpos:503.9,Bstd:334.1,StrandBias:0.6,Multiplicity:1.00
0.006	0.807	0.186	0.001
0.997	0.001	0.001	0.001
0.001	0.001	0.001	0.997
0.423	0.575	0.001	0.001
0.223	0.001	0.001	0.775
0.185	0.813	0.001	0.001
0.001	0.997	0.001	0.001
0.386	0.001	0.001	0.612
0.001	0.997	0.001	0.001
0.830	0.168	0.001	0.001
0.001	0.990	0.001	0.008
0.631	0.193	0.007	0.169
>TATTAAGTCACA	4-TATTAAGTCACA	14.085522	-20.183802	0	T:5.0(8.93%),B:30.1(0.08%),P:1e-8	Tpos:382.8,Tstd:253.6,Bpos:552.9,Bstd:247.9,StrandBias:-2.0,Multiplicity:1.00
0.001	0.001	0.001	0.997
0.835	0.001	0.001	0.163
0.001	0.001	0.001	0.997
0.214	0.001	0.187	0.598
0.997	0.001	0.001	0.001
0.997	0.001	0.001	0.001
0.001	0.001	0.997	0.001
0.001	0.001	0.001	0.997
0.175	0.823	0.001	0.001
0.997	0.001	0.001	0.001
0.001	0.997	0.001	0.001
0.997	0.001	0.001	0.001
>CTTTTCTCTCCG	5-CTTTTCTCTCCG	14.011851	-19.729984	0	T:6.0(10.71%),B:78.4(0.20%),P:1e-8	Tpos:740.0,Tstd:187.2,Bpos:547.6,Bstd:342.1,StrandBias:0.0,Multiplicity:1.00
0.001	0.997	0.001	0.001
0.001	0.001	0.001	0.997
0.001	0.173	0.001	0.825
0.001	0.001	0.001	0.997
0.001	0.001	0.001	0.997
0.001	0.997	0.001	0.001
0.001	0.001	0.001	0.997
0.001	0.838	0.001	0.160
0.184	0.001	0.001	0.814
0.001	0.997	0.001	0.001
0.001	0.846	0.001	0.152
0.132	0.001	0.866	0.001
>YGSTGTGTWATG	6-YGSTGTGTWATG	10.200288	-17.139681	0	T:5.0(8.93%),B:58.6(0.15%),P:1e-7	Tpos:546.2,Tstd:124.9,Bpos:546.4,Bstd:324.2,StrandBias:-2.3,Multiplicity:1.20
0.001	0.574	0.001	0.424
0.001	0.001	0.997	0.001
0.001	0.514	0.484	0.001
0.001	0.001	0.001	0.997
0.001	0.001	0.997	0.001
0.001	0.001	0.001	0.997
0.001	0.001	0.997	0.001
0.001	0.001	0.001	0.997
0.484	0.001	0.001	0.514
0.592	0.001	0.001	0.406
0.021	0.001	0.001	0.977
0.001	0.001	0.977	0.021
>TGTCTTCTTGTG	7-TGTCTTCTTGTG	14.187204	-16.902828	0	T:5.0(8.93%),B:61.6(0.16%),P:1e-7	Tpos:451.2,Tstd:329.5,Bpos:498.5,Bstd:323.9,StrandBias:10.0,Multiplicity:1.20
0.001	0.001	0.001	0.997
0.001	0.001	0.997	0.001
0.001	0.001	0.001	0.997
0.001	0.997	0.001	0.001
0.001	0.001	0.001	0.997
0.001	0.001	0.001	0.997
0.001	0.997	0.001	0.001
0.001	0.001	0.001	0.997
0.001	0.247	0.001	0.751
0.001	0.001	0.997	0.001
0.188	0.001	0.001	0.810
0.185	0.001	0.629	0.185
>TTTTCTCTTATC	8-TTTTCTCTTATC	13.521989	-15.298138	0	T:6.0(10.71%),B:171.0(0.45%),P:1e-6	Tpos:730.8,Tstd:186.0,Bpos:559.0,Bstd:305.5,StrandBias:2.3,Multiplicity:1.00
0.125	0.001	0.001	0.873
0.001	0.129	0.001	0.869
0.001	0.001	0.001	0.997
0.001	0.001	0.001	0.997
0.001	0.997	0.001	0.001
0.001	0.001	0.001	0.997
0.001	0.890	0.108	0.001
0.001	0.001	0.001	0.997
0.001	0.001	0.001	0.997
0.859	0.089	0.001	0.051
0.152	0.001	0.001	0.846
0.001	0.760	0.167	0.072
>GCATCCCCGAGG	9-GCATCCCCGAGG	9.349029	-13.000475	0	T:6.0(10.71%),B:255.2(0.66%),P:1e-5	Tpos:462.6,Tstd:267.4,Bpos:458.7,Bstd:361.0,StrandBias:10.0,Multiplicity:1.50
0.083	0.001	0.823	0.093
0.165	0.650	0.001	0.184
0.815	0.092	0.092	0.001
0.092	0.092	0.092	0.724
0.001	0.916	0.001	0.082
0.092	0.527	0.012	0.369
0.175	0.557	0.001	0.267
0.092	0.825	0.082	0.001
0.196	0.001	0.802	0.001
0.722	0.001	0.001	0.276
0.175	0.001	0.732	0.092
0.001	0.001	0.916	0.082
>TTTCAGCTAGCT	10-TTTCAGCTAGCT	9.610932	-11.897713	0	T:7.0(12.50%),B:480.5(1.25%),P:1e-5	Tpos:296.2,Tstd:270.0,Bpos:523.9,Bstd:312.4,StrandBias:1.4,Multiplicity:1.29
0.241	0.001	0.001	0.757
0.306	0.001	0.001	0.692
0.306	0.001	0.001	0.692
0.001	0.997	0.001	0.001
0.724	0.001	0.274	0.001
0.007	0.274	0.718	0.001
0.001	0.989	0.009	0.001
0.001	0.001	0.001	0.997
0.869	0.001	0.001	0.129
0.001	0.001	0.997	0.001
0.009	0.611	0.001	0.379
0.001	0.001	0.001	0.997
>TCCTACGCGCAA	11-TCCTACGCGCAA	13.516674	-10.376798	0	T:2.0(3.57%),B:4.2(0.01%),P:1e-4	Tpos:523.2,Tstd:229.4,Bpos:486.6,Bstd:289.6,StrandBias:-2.3,Multiplicity:3.00
0.001	0.001	0.001	0.997
0.001	0.997	0.001	0.001
0.001	0.997	0.001	0.001
0.001	0.001	0.001	0.997
0.997	0.001	0.001	0.001
0.001	0.782	0.001	0.216
0.001	0.001	0.757	0.241
0.001	0.997	0.001	0.001
0.001	0.001	0.997	0.001
0.001	0.757	0.241	0.001
0.997	0.001	0.001	0.001
0.997	0.001	0.001	0.001
>ACAGTACCCCAA	12-ACAGTACCCCAA	14.623371	-6.723411	0	T:2.0(3.57%),B:33.5(0.09%),P:1e-2	Tpos:536.7,Tstd:276.8,Bpos:457.7,Bstd:341.0,StrandBias:-1.0,Multiplicity:1.50
0.997	0.001	0.001	0.001
0.001	0.997	0.001	0.001
0.796	0.202	0.001	0.001
0.001	0.001	0.997	0.001
0.001	0.001	0.001	0.997
0.997	0.001	0.001	0.001
0.001	0.997	0.001	0.001
0.001	0.997	0.001	0.001
0.001	0.997	0.001	0.001
0.001	0.569	0.212	0.218
0.997	0.001	0.001	0.001
0.814	0.001	0.001	0.184
