>WTTTTGATCAGC	1-WTTTTGATCAGC	11.443407	-24.538009	0	T:14.0(14.29%),B:482.2(1.21%),P:1e-10	Tpos:528.1,Tstd:337.1,Bpos:516.7,Bstd:311.8,StrandBias:0.2,Multiplicity:1.07
0.488	0.001	0.001	0.510
0.001	0.001	0.001	0.997
0.110	0.001	0.289	0.600
0.001	0.001	0.098	0.900
0.001	0.110	0.001	0.888
0.088	0.001	0.910	0.001
0.776	0.001	0.001	0.222
0.060	0.240	0.001	0.699
0.001	0.860	0.001	0.138
0.802	0.001	0.196	0.001
0.302	0.001	0.617	0.080
0.001	0.997	0.001	0.001
>TRCSTCTGTCCA	2-TRCSTCTGTCCA	12.997643	-22.161908	0	T:5.0(5.10%),B:10.1(0.03%),P:1e-9	Tpos:400.6,Tstd:294.0,Bpos:604.6,Bstd:329.9,StrandBias:0.6,Multiplicity:1.00
0.240	0.001	0.001	0.758
0.526	0.001	0.472	0.001
0.001	0.997	0.001	0.001
0.001	0.472	0.526	0.001
0.272	0.001	0.001	0.726
0.001	0.758	0.001	0.240
0.001	0.001	0.001	0.997
0.038	0.001	0.960	0.001
0.001	0.001	0.001	0.997
0.001	0.799	0.001	0.199
0.001	0.997	0.001	0.001
0.997	0.001	0.001	0.001
>TCACCAATTCTT	3-TCACCAATTCTT	13.966074	-21.788495	0	T:6.0(6.12%),B:30.7(0.08%),P:1e-9	Tpos:595.5,Tstd:265.8,Bpos:586.5,Bstd:303.5,StrandBias:-1.0,Multiplicity:1.00
0.001	0.001	0.001	0.997
0.001	0.997	0.001	0.001
0.997	0.001	0.001	0.001
0.001	0.904	0.001	0.094
0.001	0.841	0.001	0.157
0.835	0.001	0.001	0.163
0.997	0.001	0.001	0.001
0.001	0.001	0.001	0.997
0.001	0.001	0.001	0.997
0.001	0.930	0.001	0.068
0.152	0.001	0.233	0.614
0.001	0.001	0.001	0.997
>TTAAYTACAGGC	4-TTAAYTACAGGC	11.432838	-21.024327	0	T:9.0(9.18%),B:172.9(0.43%),P:1e-9	Tpos:605.3,Tstd:304.5,Bpos:559.5,Bstd:334.0,StrandBias:-1.2,Multiplicity:1.11
0.001	0.001	0.001	0.997
0.098	0.001	0.178	0.723
0.676	0.001	0.001	0.322
0.899	0.001	0.001	0.099
0.001	0.566	0.001	0.432
0.001	0.237	0.006	0.756
0.609	0.001	0.211	0.179
0.001	0.992	0.006	0.001
0.863	0.001	0.001	0.135
0.004	0.001	0.920	0.075
0.001	0.001	0.660	0.338
0.178	0.807	0.001	0.014
>AACGCAAATTTT	5-AACGCAAATTTT	11.976367	-20.767308	0	T:11.0(11.22%),B:333.7(0.84%),P:1e-9	Tpos:569.5,Tstd:257.8,Bpos:522.3,Bstd:281.6,StrandBias:0.3,Multiplicity:1.00
0.797	0.120	0.059	0.024
0.710	0.001	0.001	0.288
0.128	0.822	0.001	0.049
0.114	0.174	0.489	0.224
0.263	0.502	0.105	0.130
0.968	0.030	0.001	0.001
0.785	0.025	0.140	0.050
0.872	0.001	0.044	0.083
0.023	0.121	0.032	0.824
0.001	0.099	0.124	0.776
0.001	0.042	0.082	0.875
0.001	0.265	0.105	0.629
>ACTGATGAATAT	6-ACTGATGAATAT	13.623704	-20.078753	0	T:8.0(8.16%),B:129.8(0.33%),P:1e-8	Tpos:552.8,Tstd:283.5,Bpos:465.4,Bstd:304.4,StrandBias:0.7,Multiplicity:1.00
0.997	0.001	0.001	0.001
0.126	0.872	0.001	0.001
0.001	0.001	0.001	0.997
0.001	0.001	0.997	0.001
0.888	0.001	0.001	0.110
0.001	0.001	0.001	0.997
0.001	0.141	0.857	0.001
0.997	0.001	0.001	0.001
0.840	0.001	0.001	0.158
0.001	0.001	0.166	0.832
0.872	0.001	0.001	0.126
0.001	0.001	0.001	0.997
>TTTCAGAATAGC	7-TTTCAGAATAGC	13.421442	-18.951845	0	T:8.0(8.16%),B:150.1(0.38%),P:1e-8	Tpos:534.2,Tstd:317.6,Bpos:517.0,Bstd:313.8,StrandBias:0.7,Multiplicity:1.00
0.001	0.001	0.001	0.997
0.001	0.001	0.001	0.997
0.001	0.001	0.001	0.997
0.001	0.997	0.001	0.001
0.784	0.001	0.001	0.214
0.001	0.001	0.997	0.001
0.784	0.001	0.001	0.214
0.997	0.001	0.001	0.001
0.085	0.001	0.139	0.775
0.997	0.001	0.001	0.001
0.001	0.117	0.788	0.094
0.001	0.997	0.001	0.001
>CATCGTAAAATT	8-CATCGTAAAATT	11.092240	-18.752586	0	T:10.0(10.20%),B:310.8(0.78%),P:1e-8	Tpos:527.2,Tstd:265.6,Bpos:481.1,Bstd:286.2,StrandBias:1.2,Multiplicity:1.00
0.001	0.997	0.001	0.001
0.869	0.129	0.001	0.001
0.001	0.001	0.001	0.997
0.001	0.885	0.113	0.001
0.001	0.001	0.997	0.001
0.094	0.001	0.001	0.904
0.705	0.180	0.001	0.114
0.686	0.001	0.312	0.001
0.800	0.001	0.001	0.198
0.563	0.122	0.153	0.162
0.001	0.244	0.001	0.754
0.001	0.161	0.001	0.837
>TGACGTGAAAAC	9-TGACGTGAAAAC	13.754429	-18.331282	0	T:5.0(5.10%),B:25.4(0.06%),P:1e-7	Tpos:591.6,Tstd:271.0,Bpos:381.6,Bstd:262.7,StrandBias:0.0,Multiplicity:2.00
0.001	0.001	0.001	0.997
0.001	0.001	0.997	0.001
0.997	0.001	0.001	0.001
0.001	0.997	0.001	0.001
0.001	0.001	0.997	0.001
0.001	0.001	0.084	0.914
0.001	0.001	0.997	0.001
0.997	0.001	0.001	0.001
0.884	0.001	0.001	0.114
0.997	0.001	0.001	0.001
0.884	0.001	0.114	0.001
0.001	0.875	0.123	0.001
>TATCTGGTATTA	10-TATCTGGTATTA	10.846076	-17.348096	0	T:8.0(8.16%),B:186.4(0.47%),P:1e-7	Tpos:395.4,Tstd:351.7,Bpos:516.8,Bstd:318.5,StrandBias:0.3,Multiplicity:1.12
0.001	0.084	0.143	0.772
0.935	0.001	0.001	0.063
0.001	0.001	0.001	0.997
0.001	0.881	0.001	0.117
0.120	0.001	0.161	0.718
0.001	0.001	0.867	0.131
0.004	0.001	0.852	0.143
0.085	0.264	0.143	0.508
0.935	0.001	0.001	0.063
0.142	0.001	0.001	0.856
0.001	0.001	0.161	0.837
0.860	0.138	0.001	0.001
>TTTTCTCAAGTT	11-TTTTCTCAAGTT	11.244187	-15.933353	0	T:28.0(28.57%),B:3857.9(9.69%),P:1e-6	Tpos:570.5,Tstd:259.4,Bpos:516.5,Bstd:299.6,StrandBias:0.0,Multiplicity:1.21
0.001	0.001	0.001	0.997
0.001	0.001	0.001	0.997
0.001	0.001	0.001	0.997
0.001	0.001	0.001	0.997
0.001	0.648	0.350	0.001
0.001	0.001	0.001	0.997
0.001	0.749	0.001	0.249
0.997	0.001	0.001	0.001
0.997	0.001	0.001	0.001
0.250	0.001	0.582	0.167
0.167	0.271	0.001	0.561
0.210	0.001	0.001	0.788
>ASCCGCTTTGAA	12-ASCCGCTTTGAA	12.617297	-15.880027	0	T:5.0(5.10%),B:43.2(0.11%),P:1e-6	Tpos:572.1,Tstd:292.8,Bpos:470.6,Bstd:335.9,StrandBias:1.3,Multiplicity:1.40
0.637	0.001	0.361	0.001
0.116	0.362	0.365	0.157
0.001	0.650	0.001	0.348
0.001	0.997	0.001	0.001
0.140	0.001	0.858	0.001
0.115	0.883	0.001	0.001
0.001	0.140	0.001	0.858
0.001	0.001	0.001	0.997
0.001	0.001	0.001	0.997
0.001	0.001	0.997	0.001
0.997	0.001	0.001	0.001
0.807	0.001	0.191	0.001
>TGTTCCCAATCC	13-TGTTCCCAATCC	14.087329	-15.643441	0	T:4.0(4.08%),B:16.3(0.04%),P:1e-6	Tpos:487.4,Tstd:236.9,Bpos:433.8,Bstd:232.4,StrandBias:2.0,Multiplicity:1.25
0.001	0.001	0.001	0.997
0.001	0.161	0.837	0.001
0.001	0.001	0.001	0.997
0.001	0.001	0.001	0.997
0.001	0.997	0.001	0.001
0.001	0.997	0.001	0.001
0.001	0.997	0.001	0.001
0.780	0.001	0.218	0.001
0.818	0.001	0.001	0.180
0.218	0.001	0.001	0.780
0.001	0.997	0.001	0.001
0.001	0.997	0.001	0.001
>CAAATCCAGTAA	14-CAAATCCAGTAA	13.926233	-15.470521	0	T:5.0(5.10%),B:47.6(0.12%),P:1e-6	Tpos:461.4,Tstd:279.9,Bpos:496.4,Bstd:302.3,StrandBias:2.0,Multiplicity:1.00
0.001	0.840	0.001	0.158
0.997	0.001	0.001	0.001
0.997	0.001	0.001	0.001
0.997	0.001	0.001	0.001
0.001	0.001	0.001	0.997
0.001	0.997	0.001	0.001
0.001	0.997	0.001	0.001
0.997	0.001	0.001	0.001
0.121	0.001	0.877	0.001
0.119	0.001	0.220	0.660
0.997	0.001	0.001	0.001
0.778	0.220	0.001	0.001
>TTGCAGAAACAA	15-TTGCAGAAACAA	10.505883	-15.307784	0	T:14.0(14.29%),B:1013.1(2.54%),P:1e-6	Tpos:572.3,Tstd:237.3,Bpos:529.7,Bstd:304.6,StrandBias:-1.3,Multiplicity:1.00
0.115	0.073	0.058	0.754
0.094	0.076	0.102	0.728
0.169	0.121	0.565	0.145
0.147	0.705	0.066	0.082
0.758	0.060	0.068	0.114
0.116	0.097	0.711	0.076
0.833	0.039	0.068	0.060
0.848	0.078	0.012	0.062
0.801	0.065	0.057	0.077
0.162	0.656	0.074	0.108
0.831	0.025	0.071	0.073
0.811	0.067	0.039	0.083
>AAGTTTCAGACC	16-AAGTTTCAGACC	12.850406	-14.071302	0	T:8.0(8.16%),B:290.7(0.73%),P:1e-6	Tpos:507.6,Tstd:333.4,Bpos:466.1,Bstd:345.0,StrandBias:-0.2,Multiplicity:1.62
0.997	0.001	0.001	0.001
0.997	0.001	0.001	0.001
0.105	0.166	0.626	0.103
0.001	0.001	0.001	0.997
0.001	0.001	0.001	0.997
0.001	0.001	0.001	0.997
0.001	0.997	0.001	0.001
0.705	0.001	0.293	0.001
0.001	0.001	0.997	0.001
0.997	0.001	0.001	0.001
0.225	0.773	0.001	0.001
0.001	0.997	0.001	0.001
>TGGTATAAATTA	17-TGGTATAAATTA	14.342831	-14.042252	0	T:3.0(3.06%),B:5.0(0.01%),P:1e-6	Tpos:220.7,Tstd:153.3,Bpos:478.0,Bstd:355.5,StrandBias:1.0,Multiplicity:1.00
0.001	0.001	0.001	0.997
0.117	0.158	0.582	0.143
0.214	0.001	0.658	0.127
0.075	0.155	0.001	0.769
0.862	0.001	0.001	0.136
0.070	0.072	0.122	0.736
0.922	0.076	0.001	0.001
0.997	0.001	0.001	0.001
0.854	0.070	0.075	0.001
0.137	0.001	0.001	0.861
0.064	0.001	0.065	0.870
0.922	0.076	0.001	0.001
>GACGTAAAATTT	18-GACGTAAAATTT	10.437092	-13.790545	0	T:17.0(17.35%),B:1714.2(4.31%),P:1e-5	Tpos:422.1,Tstd:248.8,Bpos:512.2,Bstd:300.2,StrandBias:0.3,Multiplicity:1.18
0.001	0.026	0.972	0.001
0.801	0.001	0.103	0.095
0.002	0.756	0.071	0.171
0.238	0.155	0.605	0.002
0.005	0.079	0.332	0.584
0.992	0.002	0.004	0.002
0.771	0.093	0.003	0.133
0.994	0.004	0.001	0.001
0.592	0.189	0.003	0.216
0.001	0.001	0.001	0.997
0.001	0.001	0.001	0.997
0.003	0.005	0.084	0.908
>TATCATGATAAA	19-TATCATGATAAA	9.782193	-12.662954	0	T:16.0(16.33%),B:1659.9(4.17%),P:1e-5	Tpos:556.4,Tstd:279.4,Bpos:502.1,Bstd:304.0,StrandBias:-0.9,Multiplicity:1.12
0.055	0.046	0.111	0.788
0.709	0.109	0.001	0.181
0.058	0.091	0.001	0.850
0.048	0.797	0.110	0.045
0.908	0.001	0.048	0.043
0.022	0.067	0.125	0.786
0.057	0.040	0.815	0.088
0.959	0.001	0.039	0.001
0.022	0.034	0.109	0.835
0.801	0.058	0.101	0.040
0.930	0.003	0.066	0.001
0.833	0.062	0.058	0.047
>TCACTCTGTTTT	20-TCACTCTGTTTT	16.328045	-12.420541	0	T:3.0(3.06%),B:10.9(0.03%),P:1e-5	Tpos:749.3,Tstd:160.7,Bpos:414.1,Bstd:364.5,StrandBias:-1.0,Multiplicity:1.00
0.001	0.001	0.001	0.997
0.001	0.997	0.001	0.001
0.760	0.001	0.001	0.238
0.001	0.997	0.001	0.001
0.001	0.001	0.001	0.997
0.001	0.997	0.001	0.001
0.001	0.001	0.001	0.997
0.001	0.001	0.997	0.001
0.001	0.001	0.001	0.997
0.001	0.001	0.001	0.997
0.001	0.001	0.001	0.997
0.001	0.001	0.001	0.997
>AGWCTGCCAAAA	21-AGWCTGCCAAAA	10.895275	-11.672690	0	T:12.0(12.24%),B:1016.2(2.55%),P:1e-5	Tpos:567.1,Tstd:290.7,Bpos:514.4,Bstd:322.1,StrandBias:0.2,Multiplicity:1.25
0.610	0.001	0.001	0.388
0.267	0.001	0.731	0.001
0.554	0.001	0.001	0.444
0.001	0.610	0.001	0.388
0.001	0.001	0.001	0.997
0.376	0.017	0.526	0.081
0.032	0.966	0.001	0.001
0.354	0.644	0.001	0.001
0.605	0.001	0.393	0.001
0.997	0.001	0.001	0.001
0.628	0.001	0.001	0.370
0.661	0.001	0.001	0.337
>TGTGACCTATAT	22-TGTGACCTATAT	14.239515	-8.456521	0	T:2.0(2.04%),B:7.8(0.02%),P:1e-3	Tpos:429.6,Tstd:298.8,Bpos:456.7,Bstd:278.1,StrandBias:-0.6,Multiplicity:2.50
0.001	0.001	0.001	0.997
0.001	0.001	0.871	0.127
0.001	0.001	0.001	0.997
0.001	0.001	0.997	0.001
0.997	0.001	0.001	0.001
0.001	0.867	0.001	0.131
0.001	0.827	0.171	0.001
0.001	0.001	0.001	0.997
0.827	0.001	0.171	0.001
0.001	0.127	0.001	0.871
0.997	0.001	0.001	0.001
0.001	0.001	0.001	0.997
>GAAACTGAAAAC	23-GAAACTGAAAAC	10.409522	-8.372071	0	T:13.0(13.27%),B:1661.8(4.17%),P:1e-3	Tpos:492.0,Tstd:206.3,Bpos:539.5,Bstd:302.4,StrandBias:0.4,Multiplicity:1.08
0.100	0.100	0.700	0.100
0.700	0.100	0.100	0.100
0.700	0.100	0.100	0.100
0.700	0.100	0.100	0.100
0.100	0.700	0.100	0.100
0.100	0.100	0.100	0.700
0.100	0.100	0.700	0.100
0.700	0.100	0.100	0.100
0.700	0.100	0.100	0.100
0.700	0.100	0.100	0.100
0.700	0.100	0.100	0.100
0.100	0.700	0.100	0.100
>GAGGRGTAGGTA	24-GAGGRGTAGGTA	13.888050	-6.712151	0	T:2.0(2.04%),B:19.1(0.05%),P:1e-2	Tpos:612.7,Tstd:291.3,Bpos:548.0,Bstd:271.0,StrandBias:-1.0,Multiplicity:3.00
0.001	0.001	0.997	0.001
0.997	0.001	0.001	0.001
0.001	0.001	0.997	0.001
0.001	0.001	0.997	0.001
0.553	0.001	0.445	0.001
0.188	0.001	0.810	0.001
0.001	0.001	0.147	0.851
0.997	0.001	0.001	0.001
0.001	0.001	0.997	0.001
0.001	0.001	0.997	0.001
0.001	0.001	0.001	0.997
0.997	0.001	0.001	0.001
>CTTTTTTGTACG	25-CTTTTTTGTACG	12.355432	-4.404713	0	T:1.0(1.02%),B:4.9(0.01%),P:1e-1	Tpos:409.5,Tstd:330.9,Bpos:557.0,Bstd:88.6,StrandBias:0.0,Multiplicity:4.00
0.100	0.700	0.100	0.100
0.100	0.100	0.100	0.700
0.100	0.100	0.100	0.700
0.100	0.100	0.100	0.700
0.100	0.100	0.100	0.700
0.100	0.100	0.100	0.700
0.100	0.100	0.100	0.700
0.100	0.100	0.700	0.100
0.100	0.100	0.100	0.700
0.700	0.100	0.100	0.100
0.100	0.700	0.100	0.100
0.100	0.100	0.700	0.100
