>ACTGATAAGAVA	1-ACTGATAAGAVA	9.630402	-148.605195	0	T:183.0(49.86%),B:5336.3(12.76%),P:1e-64	Tpos:687.9,Tstd:262.8,Bpos:546.9,Bstd:319.2,StrandBias:-0.6,Multiplicity:1.23
0.669	0.001	0.329	0.001
0.128	0.475	0.228	0.169
0.001	0.001	0.001	0.997
0.001	0.001	0.997	0.001
0.997	0.001	0.001	0.001
0.001	0.001	0.001	0.997
0.997	0.001	0.001	0.001
0.997	0.001	0.001	0.001
0.170	0.150	0.614	0.066
0.697	0.001	0.301	0.001
0.393	0.260	0.270	0.077
0.507	0.176	0.015	0.302
>TCACTGATAAGG	2-TCACTGATAAGG	10.011906	-48.762258	0	T:41.0(11.17%),B:654.9(1.57%),P:1e-21	Tpos:720.5,Tstd:249.5,Bpos:530.2,Bstd:297.3,StrandBias:0.0,Multiplicity:1.03
0.164	0.001	0.223	0.612
0.001	0.906	0.049	0.044
0.858	0.047	0.001	0.094
0.022	0.694	0.183	0.101
0.001	0.001	0.001	0.997
0.033	0.001	0.919	0.047
0.905	0.001	0.093	0.001
0.030	0.001	0.036	0.933
0.824	0.074	0.036	0.066
0.851	0.001	0.087	0.061
0.037	0.155	0.739	0.069
0.015	0.105	0.768	0.112
>GAATTCTTATCA	3-GAATTCTTATCA	9.224289	-47.854665	0	T:99.0(26.98%),B:3981.5(9.52%),P:1e-20	Tpos:517.3,Tstd:308.5,Bpos:511.2,Bstd:309.5,StrandBias:0.1,Multiplicity:1.14
0.135	0.078	0.658	0.129
0.892	0.017	0.030	0.061
0.708	0.113	0.071	0.108
0.065	0.001	0.074	0.860
0.009	0.022	0.044	0.925
0.085	0.781	0.102	0.032
0.077	0.057	0.062	0.804
0.025	0.025	0.062	0.888
0.833	0.065	0.025	0.077
0.013	0.054	0.029	0.904
0.033	0.912	0.001	0.054
0.842	0.033	0.050	0.075
>TTTGTCARTTGT	4-TTTGTCARTTGT	12.471520	-28.449496	0	T:19.0(5.18%),B:219.2(0.52%),P:1e-12	Tpos:482.8,Tstd:282.3,Bpos:535.4,Bstd:296.2,StrandBias:1.7,Multiplicity:1.11
0.091	0.078	0.001	0.830
0.001	0.081	0.119	0.799
0.001	0.001	0.001	0.997
0.001	0.001	0.997	0.001
0.052	0.001	0.001	0.946
0.001	0.865	0.133	0.001
0.839	0.001	0.001	0.159
0.447	0.001	0.551	0.001
0.001	0.001	0.090	0.908
0.191	0.001	0.001	0.807
0.090	0.001	0.908	0.001
0.001	0.001	0.001	0.997
>AACGAGCCTGCA	5-AACGAGCCTGCA	9.116097	-26.261805	0	T:24.0(6.54%),B:438.0(1.05%),P:1e-11	Tpos:446.9,Tstd:303.1,Bpos:469.7,Bstd:294.2,StrandBias:0.8,Multiplicity:1.09
0.576	0.278	0.079	0.067
0.927	0.001	0.001	0.071
0.056	0.864	0.079	0.001
0.001	0.083	0.808	0.108
0.823	0.001	0.001	0.175
0.001	0.001	0.997	0.001
0.200	0.732	0.001	0.067
0.001	0.761	0.079	0.159
0.072	0.067	0.189	0.672
0.001	0.001	0.785	0.213
0.061	0.937	0.001	0.001
0.650	0.135	0.001	0.214
>TGTGATCAGTGA	6-TGTGATCAGTGA	10.962559	-26.220345	0	T:28.0(7.63%),B:613.6(1.47%),P:1e-11	Tpos:595.4,Tstd:206.3,Bpos:510.4,Bstd:310.2,StrandBias:-0.2,Multiplicity:1.00
0.171	0.001	0.001	0.827
0.056	0.001	0.887	0.056
0.001	0.001	0.001	0.997
0.001	0.001	0.910	0.088
0.876	0.001	0.001	0.122
0.080	0.001	0.001	0.918
0.192	0.614	0.114	0.080
0.914	0.001	0.001	0.084
0.159	0.120	0.501	0.220
0.095	0.001	0.001	0.903
0.001	0.001	0.870	0.128
0.997	0.001	0.001	0.001
>AATGAAAGATCC	7-AATGAAAGATCC	13.274118	-25.466889	0	T:12.0(3.27%),B:71.8(0.17%),P:1e-11	Tpos:438.8,Tstd:233.1,Bpos:570.3,Bstd:286.2,StrandBias:0.5,Multiplicity:1.00
0.871	0.001	0.127	0.001
0.997	0.001	0.001	0.001
0.001	0.001	0.001	0.997
0.001	0.001	0.997	0.001
0.997	0.001	0.001	0.001
0.997	0.001	0.001	0.001
0.997	0.001	0.001	0.001
0.001	0.001	0.911	0.087
0.997	0.001	0.001	0.001
0.001	0.001	0.147	0.851
0.001	0.902	0.096	0.001
0.303	0.609	0.001	0.087
>ATACTTTTGAAT	8-ATACTTTTGAAT	12.301685	-23.921874	0	T:25.0(6.81%),B:538.0(1.29%),P:1e-10	Tpos:408.2,Tstd:268.8,Bpos:515.9,Bstd:316.7,StrandBias:-0.2,Multiplicity:1.12
0.946	0.052	0.001	0.001
0.001	0.034	0.001	0.964
0.790	0.001	0.208	0.001
0.001	0.888	0.090	0.021
0.031	0.001	0.001	0.967
0.001	0.001	0.046	0.952
0.001	0.064	0.001	0.934
0.001	0.001	0.062	0.936
0.030	0.030	0.939	0.001
0.939	0.001	0.001	0.059
0.955	0.001	0.001	0.043
0.001	0.001	0.051	0.947
>CTGAATATCCAA	9-CTGAATATCCAA	12.397888	-23.598015	0	T:15.0(4.09%),B:162.5(0.39%),P:1e-10	Tpos:530.6,Tstd:228.9,Bpos:473.2,Bstd:320.8,StrandBias:-1.0,Multiplicity:1.00
0.001	0.997	0.001	0.001
0.001	0.001	0.001	0.997
0.001	0.062	0.936	0.001
0.857	0.141	0.001	0.001
0.890	0.001	0.108	0.001
0.001	0.001	0.001	0.997
0.839	0.001	0.001	0.159
0.108	0.001	0.001	0.890
0.001	0.938	0.060	0.001
0.036	0.901	0.062	0.001
0.878	0.001	0.001	0.120
0.922	0.001	0.001	0.076
>AAACCTGATAAC	10-AAACCTGATAAC	13.200479	-23.579725	0	T:12.0(3.27%),B:85.1(0.20%),P:1e-10	Tpos:734.9,Tstd:204.5,Bpos:510.6,Bstd:324.7,StrandBias:-0.3,Multiplicity:1.00
0.901	0.097	0.001	0.001
0.997	0.001	0.001	0.001
0.835	0.001	0.163	0.001
0.238	0.760	0.001	0.001
0.001	0.959	0.001	0.039
0.001	0.001	0.001	0.997
0.001	0.001	0.997	0.001
0.997	0.001	0.001	0.001
0.042	0.001	0.001	0.956
0.761	0.001	0.140	0.098
0.997	0.001	0.001	0.001
0.001	0.916	0.001	0.082
>AAAAGTTCAAAG	11-AAAAGTTCAAAG	12.628838	-21.736157	0	T:29.0(7.90%),B:804.2(1.92%),P:1e-9	Tpos:576.2,Tstd:267.7,Bpos:511.0,Bstd:302.8,StrandBias:-1.0,Multiplicity:1.03
0.941	0.001	0.001	0.057
0.882	0.116	0.001	0.001
0.882	0.116	0.001	0.001
0.997	0.001	0.001	0.001
0.047	0.001	0.830	0.122
0.001	0.001	0.001	0.997
0.001	0.084	0.045	0.870
0.001	0.997	0.001	0.001
0.997	0.001	0.001	0.001
0.792	0.048	0.001	0.159
0.878	0.001	0.120	0.001
0.010	0.087	0.827	0.076
>TTTTATGATCTT	12-TTTTATGATCTT	12.353958	-21.444773	0	T:27.0(7.36%),B:709.7(1.70%),P:1e-9	Tpos:507.4,Tstd:242.7,Bpos:499.0,Bstd:309.8,StrandBias:-0.3,Multiplicity:1.00
0.001	0.001	0.001	0.997
0.066	0.001	0.001	0.932
0.076	0.001	0.001	0.922
0.068	0.001	0.057	0.874
0.895	0.035	0.001	0.069
0.001	0.085	0.001	0.913
0.001	0.001	0.967	0.031
0.915	0.055	0.001	0.029
0.001	0.001	0.061	0.937
0.078	0.772	0.001	0.149
0.044	0.001	0.001	0.954
0.052	0.001	0.001	0.946
>TAATACACATGT	13-TAATACACATGT	14.018873	-21.336338	0	T:7.0(1.91%),B:15.3(0.04%),P:1e-9	Tpos:478.7,Tstd:265.4,Bpos:496.5,Bstd:289.4,StrandBias:0.4,Multiplicity:1.00
0.001	0.001	0.001	0.997
0.884	0.001	0.114	0.001
0.997	0.001	0.001	0.001
0.001	0.001	0.001	0.997
0.997	0.001	0.001	0.001
0.001	0.997	0.001	0.001
0.997	0.001	0.001	0.001
0.001	0.997	0.001	0.001
0.997	0.001	0.001	0.001
0.001	0.201	0.001	0.797
0.001	0.001	0.997	0.001
0.172	0.001	0.001	0.826
>GTTATGATAACT	14-GTTATGATAACT	12.668025	-17.434023	0	T:12.0(3.27%),B:153.2(0.37%),P:1e-7	Tpos:378.6,Tstd:263.2,Bpos:550.7,Bstd:314.9,StrandBias:0.0,Multiplicity:1.08
0.071	0.001	0.862	0.066
0.001	0.001	0.001	0.997
0.146	0.001	0.107	0.746
0.877	0.075	0.001	0.047
0.001	0.001	0.001	0.997
0.001	0.092	0.906	0.001
0.997	0.001	0.001	0.001
0.001	0.001	0.042	0.956
0.801	0.097	0.001	0.101
0.997	0.001	0.001	0.001
0.082	0.916	0.001	0.001
0.001	0.001	0.001	0.997
>ATATATTTGCCA	15-ATATATTTGCCA	10.212624	-16.120613	0	T:35.0(9.54%),B:1438.0(3.44%),P:1e-7	Tpos:590.3,Tstd:295.6,Bpos:515.8,Bstd:310.1,StrandBias:1.0,Multiplicity:1.11
0.873	0.094	0.032	0.001
0.059	0.064	0.080	0.797
0.836	0.022	0.001	0.141
0.037	0.039	0.043	0.881
0.853	0.032	0.030	0.085
0.080	0.033	0.030	0.857
0.019	0.038	0.070	0.873
0.096	0.028	0.028	0.848
0.082	0.081	0.791	0.046
0.217	0.629	0.054	0.100
0.025	0.866	0.026	0.083
0.905	0.026	0.001	0.068
>TTGGTCAGTGCA	16-TTGGTCAGTGCA	9.960809	-15.467289	0	T:23.0(6.27%),B:717.6(1.72%),P:1e-6	Tpos:538.7,Tstd:230.6,Bpos:473.1,Bstd:313.6,StrandBias:0.3,Multiplicity:1.65
0.069	0.001	0.089	0.841
0.073	0.037	0.035	0.855
0.029	0.067	0.790	0.114
0.140	0.064	0.665	0.131
0.001	0.001	0.089	0.909
0.099	0.676	0.032	0.193
0.824	0.048	0.001	0.127
0.052	0.001	0.921	0.026
0.069	0.041	0.001	0.889
0.001	0.001	0.920	0.078
0.107	0.832	0.027	0.034
0.886	0.001	0.001	0.112
>AATATATACCTT	17-AATATATACCTT	14.481186	-14.774631	0	T:4.0(1.09%),B:4.5(0.01%),P:1e-6	Tpos:548.2,Tstd:271.2,Bpos:642.6,Bstd:223.3,StrandBias:0.0,Multiplicity:1.00
0.849	0.001	0.001	0.149
0.760	0.001	0.001	0.238
0.001	0.001	0.406	0.592
0.997	0.001	0.001	0.001
0.001	0.001	0.001	0.997
0.997	0.001	0.001	0.001
0.129	0.001	0.001	0.869
0.997	0.001	0.001	0.001
0.001	0.630	0.299	0.070
0.052	0.788	0.159	0.001
0.149	0.001	0.001	0.849
0.001	0.159	0.001	0.839
>TTTATTTTTCAT	18-TTTATTTTTCAT	11.934721	-14.403260	0	T:59.0(16.08%),B:3411.3(8.15%),P:1e-6	Tpos:533.2,Tstd:281.9,Bpos:528.5,Bstd:308.0,StrandBias:0.6,Multiplicity:1.15
0.001	0.038	0.001	0.960
0.001	0.026	0.032	0.941
0.001	0.144	0.001	0.854
0.864	0.027	0.001	0.108
0.001	0.001	0.001	0.997
0.001	0.001	0.096	0.902
0.026	0.001	0.001	0.972
0.122	0.001	0.001	0.876
0.001	0.051	0.001	0.947
0.035	0.796	0.001	0.168
0.979	0.019	0.001	0.001
0.096	0.001	0.001	0.902
>ATGGRWATTCAT	19-ATGGRWATTCAT	11.953680	-13.309157	0	T:16.0(4.36%),B:418.9(1.00%),P:1e-5	Tpos:365.4,Tstd:285.7,Bpos:477.5,Bstd:322.8,StrandBias:2.4,Multiplicity:1.56
0.591	0.001	0.001	0.407
0.001	0.001	0.001	0.997
0.001	0.220	0.504	0.275
0.001	0.174	0.824	0.001
0.438	0.001	0.560	0.001
0.523	0.001	0.001	0.475
0.662	0.041	0.001	0.296
0.001	0.001	0.001	0.997
0.001	0.001	0.001	0.997
0.102	0.896	0.001	0.001
0.997	0.001	0.001	0.001
0.001	0.001	0.289	0.709
>TATGCATTGGCG	20-TATGCATTGGCG	12.871944	-12.846151	0	T:4.0(1.09%),B:8.2(0.02%),P:1e-5	Tpos:472.5,Tstd:195.1,Bpos:430.5,Bstd:349.2,StrandBias:1.0,Multiplicity:1.50
0.001	0.001	0.001	0.997
0.826	0.001	0.001	0.172
0.001	0.001	0.001	0.997
0.001	0.001	0.997	0.001
0.001	0.997	0.001	0.001
0.997	0.001	0.001	0.001
0.001	0.001	0.001	0.997
0.001	0.001	0.001	0.997
0.001	0.001	0.997	0.001
0.001	0.001	0.997	0.001
0.001	0.997	0.001	0.001
0.001	0.139	0.859	0.001
>AGTGAATTATTG	21-AGTGAATTATTG	13.468063	-12.414496	0	T:8.0(2.18%),B:97.4(0.23%),P:1e-5	Tpos:448.6,Tstd:162.6,Bpos:490.9,Bstd:325.7,StrandBias:0.0,Multiplicity:1.25
0.939	0.001	0.001	0.059
0.042	0.059	0.747	0.152
0.081	0.001	0.001	0.917
0.185	0.001	0.754	0.060
0.997	0.001	0.001	0.001
0.917	0.001	0.081	0.001
0.001	0.001	0.108	0.890
0.001	0.001	0.001	0.997
0.997	0.001	0.001	0.001
0.001	0.001	0.001	0.997
0.001	0.108	0.001	0.890
0.001	0.001	0.997	0.001
>AGAAAAAGGGCA	22-AGAAAAAGGGCA	13.046207	-10.550346	0	T:9.0(2.45%),B:167.2(0.40%),P:1e-4	Tpos:286.3,Tstd:229.7,Bpos:557.7,Bstd:263.4,StrandBias:1.1,Multiplicity:2.11
0.997	0.001	0.001	0.001
0.001	0.001	0.997	0.001
0.997	0.001	0.001	0.001
0.997	0.001	0.001	0.001
0.997	0.001	0.001	0.001
0.997	0.001	0.001	0.001
0.997	0.001	0.001	0.001
0.001	0.001	0.910	0.088
0.001	0.001	0.997	0.001
0.001	0.237	0.562	0.200
0.001	0.880	0.118	0.001
0.650	0.348	0.001	0.001
>GCGACCCCGACC	23-GCGACCCCGACC	13.928510	-8.399503	0	T:2.0(0.54%),B:1.8(0.00%),P:1e-3	Tpos:468.5,Tstd:109.3,Bpos:177.7,Bstd:89.7,StrandBias:0.0,Multiplicity:3.00
0.001	0.170	0.828	0.001
0.145	0.853	0.001	0.001
0.001	0.001	0.997	0.001
0.828	0.001	0.001	0.170
0.001	0.828	0.170	0.001
0.170	0.828	0.001	0.001
0.001	0.997	0.001	0.001
0.001	0.997	0.001	0.001
0.001	0.001	0.997	0.001
0.997	0.001	0.001	0.001
0.001	0.997	0.001	0.001
0.001	0.997	0.001	0.001
>TGCGGCGGATTT	24-TGCGGCGGATTT	13.736586	-7.712135	0	T:2.0(0.54%),B:2.3(0.01%),P:1e-3	Tpos:210.8,Tstd:165.4,Bpos:351.8,Bstd:180.4,StrandBias:10.0,Multiplicity:7.00
0.001	0.001	0.001	0.997
0.001	0.001	0.997	0.001
0.001	0.932	0.001	0.066
0.001	0.001	0.997	0.001
0.066	0.001	0.932	0.001
0.001	0.997	0.001	0.001
0.078	0.001	0.920	0.001
0.001	0.001	0.997	0.001
0.997	0.001	0.001	0.001
0.001	0.001	0.001	0.997
0.001	0.001	0.001	0.997
0.001	0.001	0.001	0.997
>GTTAGACCAGTA	25-GTTAGACCAGTA	12.355432	-4.744814	0	T:1.0(0.27%),B:0.8(0.00%),P:1e-2	Tpos:123.0,Tstd:67.1,Bpos:355.0,Bstd:0.0,StrandBias:-10.0,Multiplicity:9.00
0.100	0.100	0.700	0.100
0.100	0.100	0.100	0.700
0.100	0.100	0.100	0.700
0.700	0.100	0.100	0.100
0.100	0.100	0.700	0.100
0.700	0.100	0.100	0.100
0.100	0.700	0.100	0.100
0.100	0.700	0.100	0.100
0.700	0.100	0.100	0.100
0.100	0.100	0.700	0.100
0.100	0.100	0.100	0.700
0.700	0.100	0.100	0.100
