>AATCCTTATCAA	6-AATCCTTATCAA	10.949867	-22.583354	0	T:15.0(10.71%),B:464.5(1.16%),P:1e-9
0.882	0.025	0.058	0.035
0.769	0.089	0.092	0.050
0.105	0.001	0.118	0.776
0.050	0.777	0.084	0.089
0.093	0.732	0.093	0.082
0.069	0.080	0.099	0.752
0.001	0.039	0.100	0.860
0.983	0.001	0.001	0.015
0.029	0.001	0.001	0.969
0.041	0.887	0.001	0.071
0.901	0.039	0.001	0.059
0.722	0.046	0.199	0.033
