>ATGTCAAGAG	1-ATGTCAAGAG	9.965796	-21.626179	0	T:13.0(18.57%),B:731.3(1.80%),P:1e-9	Tpos:425.5,Tstd:307.2,Bpos:499.9,Bstd:329.0,StrandBias:-1.7,Multiplicity:1.00
0.902	0.096	0.001	0.001
0.067	0.001	0.097	0.835
0.054	0.001	0.910	0.035
0.052	0.001	0.001	0.946
0.001	0.916	0.001	0.082
0.904	0.001	0.094	0.001
0.907	0.001	0.091	0.001
0.001	0.155	0.843	0.001
0.942	0.001	0.001	0.056
0.043	0.001	0.955	0.001
>CAGGAAGAGA	2-CAGGAAGAGA	9.914540	-21.469065	0	T:17.0(24.29%),B:1486.0(3.65%),P:1e-9	Tpos:628.8,Tstd:285.5,Bpos:529.1,Bstd:323.1,StrandBias:0.0,Multiplicity:1.06
0.042	0.787	0.103	0.068
0.997	0.001	0.001	0.001
0.047	0.092	0.779	0.082
0.051	0.001	0.947	0.001
0.883	0.115	0.001	0.001
0.911	0.001	0.087	0.001
0.056	0.102	0.841	0.001
0.920	0.001	0.001	0.078
0.001	0.001	0.997	0.001
0.997	0.001	0.001	0.001
>AGTGACCTTT	3-AGTGACCTTT	9.773991	-21.457105	0	T:15.0(21.43%),B:1086.7(2.67%),P:1e-9	Tpos:613.8,Tstd:262.2,Bpos:511.7,Bstd:317.8,StrandBias:0.4,Multiplicity:1.07
0.997	0.001	0.001	0.001
0.076	0.100	0.748	0.076
0.119	0.132	0.001	0.748
0.089	0.001	0.909	0.001
0.997	0.001	0.001	0.001
0.041	0.881	0.001	0.077
0.001	0.937	0.001	0.061
0.001	0.001	0.001	0.997
0.001	0.001	0.001	0.997
0.001	0.001	0.130	0.868
>GCGCCTAYGT	4-GCGCCTAYGT	9.073648	-20.132673	0	T:11.0(15.71%),B:522.0(1.28%),P:1e-8	Tpos:516.8,Tstd:226.4,Bpos:543.2,Bstd:310.1,StrandBias:0.5,Multiplicity:1.09
0.089	0.071	0.792	0.048
0.001	0.870	0.001	0.128
0.006	0.161	0.769	0.064
0.001	0.935	0.001	0.063
0.001	0.997	0.001	0.001
0.168	0.001	0.085	0.746
0.710	0.140	0.090	0.060
0.001	0.539	0.001	0.459
0.252	0.001	0.660	0.087
0.001	0.001	0.001	0.997
>TATATCTCTC	5-TATATCTCTC	9.992190	-19.637571	0	T:15.0(21.43%),B:1244.7(3.06%),P:1e-8	Tpos:645.8,Tstd:205.5,Bpos:534.5,Bstd:312.8,StrandBias:0.4,Multiplicity:1.00
0.052	0.068	0.001	0.879
0.816	0.077	0.066	0.041
0.001	0.001	0.001	0.997
0.905	0.093	0.001	0.001
0.001	0.001	0.001	0.997
0.001	0.964	0.001	0.034
0.094	0.001	0.127	0.778
0.001	0.997	0.001	0.001
0.001	0.001	0.098	0.900
0.063	0.820	0.069	0.048
>ACCTCACATC	6-ACCTCACATC	10.566702	-18.624226	0	T:10.0(14.29%),B:461.2(1.13%),P:1e-8	Tpos:455.7,Tstd:225.7,Bpos:520.7,Bstd:311.4,StrandBias:-0.6,Multiplicity:1.00
0.787	0.117	0.001	0.095
0.059	0.835	0.001	0.105
0.075	0.751	0.095	0.079
0.001	0.146	0.001	0.852
0.001	0.997	0.001	0.001
0.997	0.001	0.001	0.001
0.001	0.997	0.001	0.001
0.997	0.001	0.001	0.001
0.103	0.001	0.001	0.895
0.001	0.997	0.001	0.001
>TCTTTATCAT	7-TCTTTATCAT	8.887659	-17.680962	0	T:28.0(40.00%),B:5353.4(13.14%),P:1e-7	Tpos:588.4,Tstd:287.0,Bpos:513.4,Bstd:313.9,StrandBias:0.5,Multiplicity:1.21
0.160	0.001	0.001	0.838
0.159	0.778	0.001	0.062
0.292	0.081	0.001	0.626
0.001	0.001	0.001	0.997
0.001	0.089	0.215	0.695
0.877	0.001	0.001	0.121
0.195	0.001	0.001	0.803
0.001	0.869	0.001	0.129
0.632	0.001	0.097	0.270
0.001	0.061	0.056	0.882
>AGCAACTATC	8-AGCAACTATC	10.662746	-17.217099	0	T:10.0(14.29%),B:537.7(1.32%),P:1e-7	Tpos:644.6,Tstd:280.5,Bpos:510.2,Bstd:322.9,StrandBias:-0.3,Multiplicity:1.10
0.900	0.001	0.001	0.098
0.001	0.001	0.899	0.099
0.001	0.856	0.142	0.001
0.997	0.001	0.001	0.001
0.997	0.001	0.001	0.001
0.001	0.900	0.001	0.098
0.001	0.001	0.180	0.818
0.904	0.001	0.001	0.094
0.001	0.001	0.001	0.997
0.140	0.858	0.001	0.001
>CTGAGCAAAG	9-CTGAGCAAAG	7.066866	-16.813589	0	T:39.0(55.71%),B:10230.7(25.11%),P:1e-7	Tpos:494.2,Tstd:307.5,Bpos:499.1,Bstd:312.3,StrandBias:0.0,Multiplicity:1.33
0.391	0.541	0.001	0.067
0.185	0.103	0.001	0.711
0.001	0.001	0.828	0.170
0.919	0.001	0.067	0.013
0.060	0.101	0.783	0.056
0.001	0.997	0.001	0.001
0.997	0.001	0.001	0.001
0.997	0.001	0.001	0.001
0.526	0.197	0.088	0.189
0.001	0.137	0.693	0.169
>GTGAGAAAGA	10-GTGAGAAAGA	10.231349	-16.089592	0	T:16.0(22.86%),B:1882.5(4.62%),P:1e-6	Tpos:559.8,Tstd:311.5,Bpos:526.9,Bstd:307.0,StrandBias:-1.0,Multiplicity:1.12
0.001	0.001	0.997	0.001
0.001	0.001	0.001	0.997
0.001	0.252	0.746	0.001
0.997	0.001	0.001	0.001
0.001	0.283	0.715	0.001
0.997	0.001	0.001	0.001
0.618	0.380	0.001	0.001
0.997	0.001	0.001	0.001
0.083	0.001	0.580	0.336
0.997	0.001	0.001	0.001
>AACAAMAATG	11-AACAAMAATG	9.573861	-13.891876	0	T:26.0(37.14%),B:5607.2(13.76%),P:1e-6	Tpos:549.3,Tstd:300.7,Bpos:509.1,Bstd:305.5,StrandBias:-1.3,Multiplicity:1.40
0.916	0.082	0.001	0.001
0.837	0.080	0.082	0.001
0.001	0.937	0.035	0.027
0.857	0.036	0.033	0.074
0.888	0.110	0.001	0.001
0.511	0.474	0.001	0.014
0.801	0.116	0.001	0.082
0.849	0.001	0.080	0.070
0.001	0.001	0.080	0.918
0.001	0.001	0.973	0.025
>CAAACCACGC	12-CAAACCACGC	10.492466	-12.948421	0	T:7.0(10.00%),B:342.4(0.84%),P:1e-5	Tpos:460.3,Tstd:261.4,Bpos:532.3,Bstd:339.3,StrandBias:2.0,Multiplicity:1.43
0.001	0.761	0.111	0.127
0.997	0.001	0.001	0.001
0.997	0.001	0.001	0.001
0.757	0.001	0.104	0.138
0.001	0.997	0.001	0.001
0.099	0.899	0.001	0.001
0.856	0.001	0.142	0.001
0.001	0.997	0.001	0.001
0.001	0.096	0.902	0.001
0.087	0.911	0.001	0.001
>GGATGATCTT	13-GGATGATCTT	9.926030	-12.930238	0	T:10.0(14.29%),B:865.1(2.12%),P:1e-5	Tpos:445.1,Tstd:265.3,Bpos:497.9,Bstd:308.3,StrandBias:0.7,Multiplicity:1.50
0.277	0.001	0.500	0.222
0.001	0.001	0.997	0.001
0.997	0.001	0.001	0.001
0.179	0.001	0.001	0.819
0.166	0.189	0.644	0.001
0.971	0.001	0.001	0.027
0.001	0.001	0.144	0.854
0.134	0.864	0.001	0.001
0.001	0.001	0.001	0.997
0.001	0.001	0.355	0.643
>TTAAGGTCAM	14-TTAAGGTCAM	10.347769	-12.796244	0	T:6.0(8.57%),B:222.0(0.55%),P:1e-5	Tpos:640.1,Tstd:261.4,Bpos:458.9,Bstd:304.8,StrandBias:10.0,Multiplicity:1.17
0.001	0.001	0.422	0.576
0.001	0.001	0.001	0.997
0.997	0.001	0.001	0.001
0.997	0.001	0.001	0.001
0.001	0.001	0.997	0.001
0.001	0.001	0.997	0.001
0.001	0.001	0.001	0.997
0.019	0.886	0.001	0.094
0.997	0.001	0.001	0.001
0.561	0.437	0.001	0.001
>TTGAGGGTAC	15-TTGAGGGTAC	11.818496	-9.322119	0	T:3.0(4.29%),B:47.2(0.12%),P:1e-4	Tpos:383.7,Tstd:305.5,Bpos:520.3,Bstd:300.2,StrandBias:-2.6,Multiplicity:2.33
0.001	0.001	0.001	0.997
0.129	0.001	0.133	0.737
0.001	0.001	0.997	0.001
0.997	0.001	0.001	0.001
0.001	0.001	0.997	0.001
0.001	0.001	0.997	0.001
0.001	0.001	0.997	0.001
0.001	0.001	0.001	0.997
0.997	0.001	0.001	0.001
0.001	0.997	0.001	0.001
>GACTAACACA	16-GACTAACACA	8.350283	-7.760102	0	T:10.0(14.29%),B:1610.0(3.95%),P:1e-3	Tpos:525.2,Tstd:305.1,Bpos:535.3,Bstd:316.7,StrandBias:0.5,Multiplicity:1.20
0.100	0.100	0.700	0.100
0.700	0.100	0.100	0.100
0.100	0.700	0.100	0.100
0.100	0.100	0.100	0.700
0.700	0.100	0.100	0.100
0.700	0.100	0.100	0.100
0.100	0.700	0.100	0.100
0.700	0.100	0.100	0.100
0.100	0.700	0.100	0.100
0.700	0.100	0.100	0.100
>GGAGGAATCC	17-GGAGGAATCC	10.834403	-7.741187	0	T:5.0(7.14%),B:363.3(0.89%),P:1e-3	Tpos:343.4,Tstd:361.2,Bpos:483.0,Bstd:301.6,StrandBias:1.0,Multiplicity:1.80
0.001	0.001	0.997	0.001
0.001	0.001	0.997	0.001
0.867	0.001	0.001	0.131
0.101	0.001	0.773	0.125
0.001	0.001	0.997	0.001
0.836	0.001	0.001	0.162
0.997	0.001	0.001	0.001
0.001	0.001	0.001	0.997
0.130	0.868	0.001	0.001
0.115	0.773	0.111	0.001
>GGATCCTCCC	18-GGATCCTCCC	12.326309	-7.330332	0	T:2.0(2.86%),B:20.4(0.05%),P:1e-3	Tpos:393.0,Tstd:297.9,Bpos:466.4,Bstd:312.7,StrandBias:2.0,Multiplicity:2.50
0.001	0.001	0.997	0.001
0.001	0.001	0.997	0.001
0.997	0.001	0.001	0.001
0.001	0.001	0.001	0.997
0.001	0.997	0.001	0.001
0.001	0.997	0.001	0.001
0.001	0.001	0.001	0.997
0.001	0.997	0.001	0.001
0.221	0.621	0.001	0.157
0.001	0.997	0.001	0.001
>CCACAGTATC	19-CCACAGTATC	11.563217	-7.273239	0	T:3.0(4.29%),B:97.2(0.24%),P:1e-3	Tpos:395.6,Tstd:187.5,Bpos:491.8,Bstd:318.7,StrandBias:2.8,Multiplicity:2.67
0.001	0.997	0.001	0.001
0.001	0.997	0.001	0.001
0.997	0.001	0.001	0.001
0.001	0.997	0.001	0.001
0.997	0.001	0.001	0.001
0.001	0.001	0.997	0.001
0.001	0.120	0.001	0.878
0.881	0.001	0.117	0.001
0.001	0.001	0.001	0.997
0.001	0.997	0.001	0.001
>TATGATCATA	20-TATGATCATA	8.350283	-6.270495	0	T:9.0(12.86%),B:1628.4(4.00%),P:1e-2	Tpos:475.8,Tstd:273.6,Bpos:505.4,Bstd:308.1,StrandBias:0.0,Multiplicity:1.33
0.100	0.100	0.100	0.700
0.700	0.100	0.100	0.100
0.100	0.100	0.100	0.700
0.100	0.100	0.700	0.100
0.700	0.100	0.100	0.100
0.100	0.100	0.100	0.700
0.100	0.700	0.100	0.100
0.700	0.100	0.100	0.100
0.100	0.100	0.100	0.700
0.700	0.100	0.100	0.100
>GGTAACTACA	21-GGTAACTACA	11.795681	-5.121316	0	T:2.0(2.86%),B:65.3(0.16%),P:1e-2	Tpos:260.9,Tstd:171.0,Bpos:498.5,Bstd:305.1,StrandBias:10.0,Multiplicity:3.50
0.001	0.001	0.997	0.001
0.001	0.001	0.997	0.001
0.001	0.001	0.001	0.997
0.997	0.001	0.001	0.001
0.997	0.001	0.001	0.001
0.001	0.997	0.001	0.001
0.001	0.001	0.001	0.997
0.997	0.001	0.001	0.001
0.001	0.868	0.001	0.130
0.997	0.001	0.001	0.001
>GGATACCGTG	22-GGATACCGTG	13.299759	-4.294564	0	T:1.0(1.43%),B:7.2(0.02%),P:1e-1	Tpos:238.0,Tstd:131.5,Bpos:543.4,Bstd:220.4,StrandBias:-10.0,Multiplicity:5.00
0.001	0.001	0.997	0.001
0.001	0.001	0.997	0.001
0.997	0.001	0.001	0.001
0.001	0.001	0.001	0.997
0.997	0.001	0.001	0.001
0.001	0.997	0.001	0.001
0.001	0.585	0.001	0.413
0.001	0.001	0.997	0.001
0.001	0.001	0.001	0.997
0.001	0.001	0.997	0.001
>GCCAGCACTT	23-GCCAGCACTT	10.296193	-3.094171	0	T:1.0(1.43%),B:26.4(0.06%),P:1e-1	Tpos:314.5,Tstd:158.8,Bpos:513.9,Bstd:355.3,StrandBias:10.0,Multiplicity:6.00
0.100	0.100	0.700	0.100
0.100	0.700	0.100	0.100
0.100	0.700	0.100	0.100
0.700	0.100	0.100	0.100
0.100	0.100	0.700	0.100
0.100	0.700	0.100	0.100
0.700	0.100	0.100	0.100
0.100	0.700	0.100	0.100
0.100	0.100	0.100	0.700
0.100	0.100	0.100	0.700
