>GGAGCCTTCAGT	13-ACTGAAGGCTCC	7.994108	-15.989097	0	T:17.0(29.82%),B:2617.7(6.68%),P:1e-6
0.180	0.001	0.724	0.095
0.160	0.045	0.741	0.054
0.848	0.056	0.001	0.095
0.156	0.107	0.736	0.001
0.160	0.677	0.057	0.106
0.056	0.702	0.001	0.241
0.110	0.104	0.102	0.684
0.041	0.054	0.045	0.860
0.001	0.763	0.045	0.191
0.794	0.164	0.001	0.041
0.001	0.001	0.715	0.283
0.194	0.043	0.001	0.762
