>ACTGAAGGCTCC	13-ACTGAAGGCTCC,BestGuess:POL013.1_MED-1/Jaspar(0.598)	7.994108	-15.989097	0	T:17.0(29.82%),B:2617.7(6.68%),P:1e-6
0.762	0.001	0.043	0.194
0.283	0.715	0.001	0.001
0.041	0.001	0.164	0.794
0.191	0.045	0.763	0.001
0.860	0.045	0.054	0.041
0.684	0.102	0.104	0.110
0.241	0.001	0.702	0.056
0.106	0.057	0.677	0.160
0.001	0.736	0.107	0.156
0.095	0.001	0.056	0.848
0.054	0.741	0.045	0.160
0.095	0.724	0.001	0.180
