>AAAGATAA	1-AAAGATAA	6.238251	-66.185041	0	T:708.0(74.06%),B:21380.1(56.30%),P:1e-28	Tpos:538.1,Tstd:290.7,Bpos:525.3,Bstd:334.6,StrandBias:-1.0,Multiplicity:1.45
0.997	0.001	0.001	0.001
0.908	0.070	0.021	0.001
0.817	0.181	0.001	0.001
0.001	0.001	0.972	0.026
0.997	0.001	0.001	0.001
0.001	0.001	0.375	0.623
0.997	0.001	0.001	0.001
0.656	0.001	0.342	0.001
>CTCTCTCK	2-CTCTCTCK	6.292992	-60.791677	0	T:500.0(52.30%),B:13310.8(35.05%),P:1e-26	Tpos:509.9,Tstd:278.7,Bpos:543.0,Bstd:354.2,StrandBias:1.4,Multiplicity:1.36
0.043	0.712	0.147	0.098
0.215	0.064	0.127	0.594
0.098	0.541	0.183	0.178
0.077	0.066	0.001	0.856
0.034	0.824	0.021	0.121
0.109	0.109	0.014	0.768
0.049	0.841	0.038	0.072
0.121	0.055	0.387	0.437
>TCTCTCTC	3-TCTCTCTC	7.998818	-59.190136	0	T:359.0(37.55%),B:8415.2(22.16%),P:1e-25	Tpos:529.3,Tstd:284.0,Bpos:551.3,Bstd:365.9,StrandBias:1.3,Multiplicity:1.33
0.004	0.001	0.123	0.872
0.001	0.997	0.001	0.001
0.001	0.001	0.229	0.769
0.001	0.997	0.001	0.001
0.001	0.001	0.180	0.818
0.001	0.997	0.001	0.001
0.001	0.001	0.124	0.874
0.001	0.674	0.001	0.324
>TTCTCTCT	4-TTCTCTCT	8.237901	-56.205930	0	T:513.0(53.66%),B:14050.4(37.00%),P:1e-24	Tpos:535.7,Tstd:290.3,Bpos:541.6,Bstd:351.4,StrandBias:1.8,Multiplicity:1.38
0.031	0.001	0.034	0.934
0.001	0.081	0.001	0.917
0.001	0.675	0.001	0.323
0.001	0.001	0.001	0.997
0.001	0.997	0.001	0.001
0.001	0.045	0.001	0.953
0.256	0.742	0.001	0.001
0.142	0.001	0.083	0.774
>STGCGTCC	5-STGCGTCC	6.249759	-48.307447	0	T:321.0(33.58%),B:7666.4(20.19%),P:1e-20	Tpos:515.3,Tstd:287.7,Bpos:539.1,Bstd:352.8,StrandBias:0.4,Multiplicity:1.17
0.001	0.376	0.430	0.193
0.001	0.001	0.001	0.997
0.001	0.001	0.997	0.001
0.001	0.997	0.001	0.001
0.001	0.001	0.997	0.001
0.001	0.001	0.001	0.997
0.133	0.781	0.085	0.001
0.001	0.747	0.001	0.251
>TCTCTTCG	6-TCTCTTCG	6.140237	-46.998775	0	T:645.0(67.47%),B:19861.0(52.30%),P:1e-20	Tpos:525.1,Tstd:296.5,Bpos:526.8,Bstd:355.6,StrandBias:1.1,Multiplicity:1.57
0.001	0.085	0.001	0.913
0.001	0.888	0.001	0.110
0.001	0.001	0.001	0.997
0.083	0.803	0.001	0.113
0.061	0.035	0.001	0.903
0.028	0.110	0.036	0.826
0.001	0.920	0.001	0.078
0.113	0.001	0.788	0.098
>TCGTTCTC	7-TCGTTCTC	7.053249	-45.509894	0	T:529.0(55.33%),B:15309.3(40.31%),P:1e-19	Tpos:524.9,Tstd:291.5,Bpos:510.1,Bstd:348.9,StrandBias:1.1,Multiplicity:1.25
0.001	0.046	0.068	0.885
0.039	0.893	0.001	0.067
0.116	0.001	0.836	0.047
0.103	0.001	0.054	0.842
0.028	0.054	0.047	0.871
0.001	0.836	0.001	0.162
0.053	0.001	0.001	0.945
0.001	0.887	0.111	0.001
>CGCGTTGC	8-CGCGTTGC	6.224984	-41.747167	0	T:287.0(30.02%),B:6871.3(18.09%),P:1e-18	Tpos:525.4,Tstd:271.2,Bpos:536.7,Bstd:370.0,StrandBias:0.4,Multiplicity:1.32
0.001	0.744	0.001	0.254
0.001	0.108	0.768	0.123
0.004	0.873	0.075	0.048
0.116	0.001	0.882	0.001
0.131	0.170	0.001	0.698
0.001	0.247	0.257	0.495
0.130	0.147	0.719	0.004
0.001	0.821	0.001	0.177
>GTGTGTGC	9-GTGTGTGC	7.286742	-41.372567	0	T:345.0(36.09%),B:8843.0(23.29%),P:1e-17	Tpos:518.4,Tstd:284.8,Bpos:550.8,Bstd:352.4,StrandBias:0.1,Multiplicity:1.29
0.001	0.075	0.923	0.001
0.088	0.001	0.014	0.897
0.001	0.001	0.997	0.001
0.001	0.030	0.013	0.956
0.001	0.051	0.798	0.150
0.001	0.102	0.001	0.896
0.001	0.001	0.997	0.001
0.067	0.620	0.001	0.312
>GACGAGGG	10-GACGAGGG	6.770937	-41.278385	0	T:256.0(26.78%),B:5891.3(15.51%),P:1e-17	Tpos:510.7,Tstd:284.3,Bpos:532.4,Bstd:356.8,StrandBias:-1.1,Multiplicity:1.14
0.058	0.085	0.839	0.018
0.982	0.001	0.016	0.001
0.148	0.778	0.073	0.001
0.038	0.060	0.886	0.016
0.989	0.009	0.001	0.001
0.001	0.103	0.862	0.034
0.119	0.023	0.770	0.088
0.001	0.073	0.905	0.021
>ATCGATTA	11-ATCGATTA	7.385021	-39.087896	0	T:423.0(44.25%),B:11749.2(30.94%),P:1e-16	Tpos:548.6,Tstd:283.3,Bpos:531.1,Bstd:357.0,StrandBias:0.1,Multiplicity:1.41
0.923	0.032	0.001	0.044
0.001	0.034	0.001	0.964
0.001	0.902	0.001	0.096
0.001	0.001	0.931	0.067
0.932	0.001	0.001	0.066
0.001	0.001	0.001	0.997
0.140	0.001	0.044	0.815
0.611	0.001	0.135	0.253
>YCTTCTTT	12-YCTTCTTT	7.250265	-38.652486	0	T:672.0(70.29%),B:21578.3(56.82%),P:1e-16	Tpos:541.7,Tstd:285.2,Bpos:527.3,Bstd:341.0,StrandBias:1.3,Multiplicity:1.69
0.001	0.479	0.001	0.519
0.037	0.846	0.037	0.080
0.026	0.006	0.001	0.967
0.001	0.001	0.001	0.997
0.001	0.997	0.001	0.001
0.001	0.001	0.001	0.997
0.411	0.001	0.001	0.587
0.001	0.001	0.001	0.997
>CGAAACGA	13-CGAAACGA	6.844134	-34.131201	0	T:415.0(43.41%),B:11790.1(31.05%),P:1e-14	Tpos:519.5,Tstd:291.9,Bpos:524.7,Bstd:348.5,StrandBias:-0.6,Multiplicity:1.31
0.001	0.896	0.026	0.077
0.069	0.061	0.781	0.089
0.956	0.035	0.001	0.008
0.844	0.001	0.072	0.083
0.960	0.001	0.001	0.038
0.001	0.959	0.039	0.001
0.107	0.001	0.891	0.001
0.781	0.151	0.067	0.001
>ACTGCGGG	14-ACTGCGGG	6.407393	-29.037477	0	T:187.0(19.56%),B:4305.2(11.34%),P:1e-12	Tpos:468.7,Tstd:293.5,Bpos:521.3,Bstd:346.0,StrandBias:-0.3,Multiplicity:1.15
0.997	0.001	0.001	0.001
0.001	0.793	0.075	0.131
0.035	0.070	0.077	0.818
0.079	0.001	0.919	0.001
0.102	0.896	0.001	0.001
0.001	0.090	0.812	0.097
0.001	0.077	0.841	0.081
0.154	0.001	0.844	0.001
>AGAGGGMA	15-AGAGGGMA	5.972942	-27.604911	0	T:435.0(45.50%),B:13023.0(34.29%),P:1e-11	Tpos:525.9,Tstd:287.8,Bpos:539.9,Bstd:340.5,StrandBias:-1.5,Multiplicity:1.34
0.573	0.166	0.245	0.016
0.251	0.017	0.686	0.046
0.693	0.041	0.060	0.206
0.166	0.040	0.728	0.066
0.079	0.178	0.707	0.036
0.282	0.100	0.611	0.007
0.439	0.379	0.166	0.016
0.637	0.127	0.218	0.018
>TTTCGCAA	16-TTTCGCAA	9.032191	-26.275129	0	T:246.0(25.73%),B:6377.7(16.79%),P:1e-11	Tpos:507.0,Tstd:281.9,Bpos:519.5,Bstd:345.3,StrandBias:0.2,Multiplicity:1.17
0.001	0.001	0.054	0.944
0.068	0.001	0.001	0.930
0.001	0.001	0.001	0.997
0.001	0.997	0.001	0.001
0.001	0.001	0.997	0.001
0.001	0.734	0.001	0.264
0.779	0.001	0.001	0.219
0.913	0.001	0.001	0.085
>AATCAAGA	17-AATCAAGA	8.070867	-23.815970	0	T:398.0(41.63%),B:11956.0(31.48%),P:1e-10	Tpos:543.0,Tstd:281.3,Bpos:530.5,Bstd:340.1,StrandBias:-0.7,Multiplicity:1.32
0.774	0.086	0.139	0.001
0.997	0.001	0.001	0.001
0.324	0.001	0.001	0.674
0.298	0.700	0.001	0.001
0.866	0.001	0.132	0.001
0.619	0.379	0.001	0.001
0.001	0.106	0.522	0.371
0.997	0.001	0.001	0.001
>GACAAATA	18-GACAAATA	7.899738	-22.513105	0	T:260.0(27.20%),B:7108.0(18.72%),P:1e-9	Tpos:514.7,Tstd:286.0,Bpos:523.6,Bstd:340.5,StrandBias:-1.2,Multiplicity:1.16
0.001	0.001	0.997	0.001
0.997	0.001	0.001	0.001
0.001	0.683	0.315	0.001
0.865	0.001	0.133	0.001
0.997	0.001	0.001	0.001
0.997	0.001	0.001	0.001
0.001	0.001	0.001	0.997
0.997	0.001	0.001	0.001
>GTGCGCGC	19-GTGCGCGC	7.116103	-21.789167	0	T:178.0(18.62%),B:4409.5(11.61%),P:1e-9	Tpos:516.0,Tstd:280.3,Bpos:568.7,Bstd:367.9,StrandBias:-0.1,Multiplicity:1.14
0.001	0.035	0.871	0.093
0.087	0.111	0.001	0.801
0.001	0.023	0.975	0.001
0.066	0.895	0.038	0.001
0.001	0.082	0.816	0.101
0.001	0.970	0.028	0.001
0.075	0.001	0.780	0.144
0.061	0.888	0.001	0.050
>TTAAATAA	20-TTAAATAA	7.361324	-21.762387	0	T:311.0(32.53%),B:8956.8(23.59%),P:1e-9	Tpos:491.2,Tstd:283.7,Bpos:501.0,Bstd:313.4,StrandBias:-0.2,Multiplicity:1.19
0.001	0.001	0.001	0.997
0.001	0.001	0.001	0.997
0.997	0.001	0.001	0.001
0.997	0.001	0.001	0.001
0.881	0.001	0.117	0.001
0.001	0.001	0.001	0.997
0.789	0.209	0.001	0.001
0.997	0.001	0.001	0.001
>CTAAATAT	21-CTAAATAT	9.197164	-14.796844	0	T:232.0(24.27%),B:6745.5(17.76%),P:1e-6	Tpos:487.9,Tstd:295.6,Bpos:494.3,Bstd:325.6,StrandBias:0.0,Multiplicity:1.21
0.001	0.997	0.001	0.001
0.001	0.001	0.190	0.808
0.997	0.001	0.001	0.001
0.997	0.001	0.001	0.001
0.997	0.001	0.001	0.001
0.001	0.001	0.001	0.997
0.997	0.001	0.001	0.001
0.191	0.001	0.001	0.807
>CTAACTGA	22-CTAACTGA	8.949209	-12.668133	0	T:89.0(9.31%),B:2114.8(5.57%),P:1e-5	Tpos:515.8,Tstd:259.9,Bpos:504.4,Bstd:308.3,StrandBias:0.3,Multiplicity:1.06
0.001	0.997	0.001	0.001
0.001	0.001	0.001	0.997
0.997	0.001	0.001	0.001
0.997	0.001	0.001	0.001
0.001	0.997	0.001	0.001
0.154	0.001	0.001	0.844
0.221	0.001	0.777	0.001
0.997	0.001	0.001	0.001
