>TCTCTCTCTCTC	1-TCTCTCTCTCTC	6.892339	-74.360079	0	T:559.0(58.47%),B:14837.8(39.07%),P:1e-32	Tpos:528.6,Tstd:275.2,Bpos:567.9,Bstd:350.7,StrandBias:1.5,Multiplicity:1.77
0.068	0.061	0.039	0.832
0.029	0.841	0.038	0.092
0.082	0.028	0.016	0.874
0.054	0.767	0.059	0.120
0.073	0.049	0.051	0.827
0.051	0.806	0.018	0.125
0.101	0.056	0.037	0.806
0.021	0.861	0.023	0.095
0.056	0.046	0.027	0.871
0.013	0.817	0.042	0.128
0.044	0.040	0.006	0.910
0.023	0.797	0.044	0.136
>AAGAGACGCAGA	2-AAGAGACGCAGA	6.967620	-53.417060	0	T:529.0(55.33%),B:14820.5(39.03%),P:1e-23	Tpos:523.9,Tstd:283.6,Bpos:533.9,Bstd:353.4,StrandBias:-1.2,Multiplicity:1.41
0.771	0.073	0.061	0.095
0.838	0.076	0.039	0.047
0.188	0.090	0.638	0.084
0.736	0.127	0.069	0.068
0.117	0.087	0.654	0.142
0.754	0.083	0.089	0.074
0.146	0.709	0.050	0.095
0.100	0.049	0.811	0.040
0.149	0.686	0.073	0.092
0.766	0.104	0.095	0.035
0.114	0.017	0.838	0.031
0.802	0.089	0.058	0.051
>AGAAAAGAGAAT	3-AGAAAAGAGAAT	9.664483	-47.631468	0	T:209.0(21.86%),B:4184.0(11.02%),P:1e-20	Tpos:550.5,Tstd:282.1,Bpos:546.3,Bstd:344.3,StrandBias:-1.5,Multiplicity:1.11
0.797	0.082	0.058	0.063
0.052	0.033	0.858	0.057
0.844	0.031	0.052	0.073
0.857	0.045	0.051	0.047
0.819	0.065	0.075	0.041
0.885	0.047	0.046	0.022
0.044	0.044	0.871	0.041
0.825	0.055	0.095	0.025
0.120	0.033	0.779	0.068
0.893	0.035	0.014	0.058
0.854	0.020	0.049	0.077
0.100	0.097	0.077	0.726
>TTTTCATCGATT	4-TTTTCATCGATT	9.646462	-46.808556	0	T:243.0(25.42%),B:5238.8(13.80%),P:1e-20	Tpos:523.8,Tstd:280.4,Bpos:536.4,Bstd:360.6,StrandBias:1.1,Multiplicity:1.21
0.038	0.079	0.046	0.837
0.001	0.074	0.063	0.862
0.045	0.086	0.004	0.865
0.079	0.106	0.044	0.771
0.063	0.807	0.032	0.098
0.861	0.116	0.012	0.011
0.027	0.059	0.068	0.846
0.050	0.873	0.019	0.058
0.092	0.056	0.761	0.091
0.811	0.084	0.018	0.087
0.057	0.029	0.014	0.900
0.094	0.039	0.061	0.806
>ACACACACACAC	5-ACACACACACAC	7.338435	-40.701501	0	T:232.0(24.27%),B:5161.0(13.59%),P:1e-17	Tpos:513.4,Tstd:282.5,Bpos:560.9,Bstd:353.7,StrandBias:-0.0,Multiplicity:1.28
0.400	0.145	0.221	0.235
0.015	0.975	0.001	0.009
0.874	0.001	0.108	0.017
0.040	0.909	0.039	0.012
0.693	0.047	0.071	0.189
0.020	0.881	0.084	0.015
0.572	0.165	0.149	0.114
0.081	0.708	0.067	0.144
0.593	0.001	0.248	0.158
0.109	0.763	0.055	0.073
0.570	0.072	0.278	0.080
0.055	0.886	0.021	0.038
>CCCTTCTCCCGG	6-CCCTTCTCCCGG	9.441866	-33.566121	0	T:59.0(6.17%),B:677.3(1.78%),P:1e-14	Tpos:394.0,Tstd:268.2,Bpos:561.7,Bstd:364.3,StrandBias:0.4,Multiplicity:1.04
0.001	0.898	0.048	0.053
0.056	0.687	0.001	0.256
0.079	0.801	0.092	0.028
0.057	0.040	0.001	0.902
0.001	0.027	0.001	0.971
0.048	0.730	0.039	0.183
0.001	0.082	0.001	0.916
0.087	0.825	0.001	0.087
0.034	0.646	0.026	0.294
0.081	0.770	0.078	0.071
0.026	0.044	0.857	0.073
0.070	0.236	0.693	0.001
>TTTTTTCTTTCT	7-TTTTTTCTTTCT	11.009003	-31.475989	0	T:121.0(12.66%),B:2253.2(5.93%),P:1e-13	Tpos:578.2,Tstd:263.8,Bpos:549.4,Bstd:335.0,StrandBias:1.7,Multiplicity:1.06
0.001	0.119	0.046	0.834
0.068	0.001	0.026	0.905
0.026	0.001	0.048	0.925
0.001	0.014	0.109	0.876
0.001	0.001	0.001	0.997
0.001	0.129	0.085	0.785
0.001	0.997	0.001	0.001
0.073	0.074	0.001	0.852
0.001	0.001	0.038	0.960
0.001	0.083	0.001	0.915
0.092	0.906	0.001	0.001
0.001	0.046	0.055	0.898
>CAATTCCTTTTC	8-CAATTCCTTTTC	10.244236	-31.245206	0	T:74.0(7.74%),B:1054.0(2.78%),P:1e-13	Tpos:490.6,Tstd:264.9,Bpos:524.5,Bstd:343.9,StrandBias:1.4,Multiplicity:1.03
0.053	0.915	0.001	0.031
0.486	0.218	0.262	0.034
0.597	0.355	0.035	0.013
0.001	0.001	0.001	0.997
0.001	0.077	0.077	0.845
0.048	0.942	0.009	0.001
0.018	0.675	0.220	0.087
0.112	0.049	0.100	0.739
0.001	0.247	0.029	0.723
0.018	0.001	0.060	0.921
0.001	0.074	0.017	0.908
0.001	0.945	0.001	0.053
>ATGACTCATTTT	9-ATGACTCATTTT	11.962320	-31.196410	0	T:35.0(3.66%),B:264.7(0.70%),P:1e-13	Tpos:504.3,Tstd:265.2,Bpos:524.8,Bstd:310.9,StrandBias:0.2,Multiplicity:1.03
0.866	0.001	0.132	0.001
0.001	0.075	0.345	0.579
0.008	0.105	0.886	0.001
0.845	0.001	0.153	0.001
0.065	0.629	0.305	0.001
0.003	0.001	0.062	0.934
0.001	0.997	0.001	0.001
0.994	0.001	0.001	0.004
0.001	0.127	0.001	0.871
0.124	0.001	0.001	0.874
0.343	0.111	0.001	0.545
0.001	0.001	0.001	0.997
>TTGTTGCGAAAT	10-TTGTTGCGAAAT	9.722046	-28.613002	0	T:95.0(9.94%),B:1645.7(4.33%),P:1e-12	Tpos:507.0,Tstd:290.4,Bpos:528.6,Bstd:326.9,StrandBias:0.4,Multiplicity:1.04
0.042	0.072	0.070	0.816
0.086	0.047	0.107	0.760
0.049	0.058	0.877	0.016
0.037	0.035	0.060	0.868
0.080	0.043	0.069	0.808
0.098	0.019	0.804	0.079
0.040	0.799	0.089	0.072
0.055	0.071	0.806	0.068
0.812	0.088	0.011	0.089
0.890	0.052	0.020	0.038
0.910	0.022	0.036	0.032
0.055	0.031	0.056	0.858
>TAATTATTCTCT	11-TAATTATTCTCT	12.017152	-28.251481	0	T:40.0(4.18%),B:384.5(1.01%),P:1e-12	Tpos:552.1,Tstd:331.0,Bpos:507.2,Bstd:304.9,StrandBias:1.3,Multiplicity:1.00
0.001	0.110	0.001	0.888
0.883	0.001	0.115	0.001
0.866	0.132	0.001	0.001
0.090	0.001	0.001	0.908
0.047	0.136	0.001	0.816
0.578	0.001	0.167	0.254
0.001	0.089	0.001	0.909
0.001	0.001	0.001	0.997
0.001	0.827	0.171	0.001
0.125	0.001	0.078	0.796
0.003	0.695	0.072	0.230
0.001	0.001	0.142	0.856
>TTGCCATATTAA	12-TTGCCATATTAA	12.602588	-27.483450	0	T:23.0(2.41%),B:121.7(0.32%),P:1e-11	Tpos:423.0,Tstd:318.3,Bpos:486.9,Bstd:325.8,StrandBias:1.2,Multiplicity:1.00
0.001	0.001	0.089	0.909
0.001	0.001	0.001	0.997
0.001	0.001	0.922	0.076
0.001	0.945	0.001	0.053
0.001	0.909	0.001	0.089
0.909	0.001	0.001	0.089
0.104	0.001	0.001	0.894
0.830	0.001	0.078	0.091
0.001	0.001	0.001	0.997
0.001	0.001	0.069	0.929
0.879	0.042	0.001	0.078
0.941	0.001	0.057	0.001
>ACGACAGATTGC	13-ACGACAGATTGC	13.287336	-25.670098	0	T:15.0(1.57%),B:43.6(0.11%),P:1e-11	Tpos:555.1,Tstd:264.3,Bpos:594.2,Bstd:350.2,StrandBias:-0.2,Multiplicity:1.00
0.997	0.001	0.001	0.001
0.001	0.997	0.001	0.001
0.001	0.001	0.997	0.001
0.785	0.001	0.080	0.134
0.001	0.896	0.001	0.102
0.997	0.001	0.001	0.001
0.001	0.200	0.765	0.034
0.997	0.001	0.001	0.001
0.141	0.001	0.001	0.857
0.001	0.001	0.089	0.909
0.001	0.126	0.872	0.001
0.001	0.997	0.001	0.001
>CCGTCGTTTTCT	14-CCGTCGTTTTCT	10.751832	-25.500895	0	T:23.0(2.41%),B:135.3(0.36%),P:1e-11	Tpos:675.7,Tstd:301.9,Bpos:538.0,Bstd:330.7,StrandBias:0.6,Multiplicity:1.00
0.015	0.663	0.200	0.122
0.042	0.656	0.034	0.268
0.280	0.033	0.655	0.032
0.164	0.047	0.052	0.737
0.018	0.767	0.034	0.181
0.054	0.259	0.658	0.029
0.182	0.200	0.030	0.588
0.022	0.205	0.016	0.757
0.019	0.189	0.161	0.631
0.039	0.040	0.027	0.894
0.015	0.688	0.019	0.278
0.036	0.055	0.038	0.871
>TTCTGTTATTCT	15-TTCTGTTATTCT	12.410630	-25.059549	0	T:35.0(3.66%),B:334.1(0.88%),P:1e-10	Tpos:593.8,Tstd:266.6,Bpos:555.8,Bstd:345.6,StrandBias:1.5,Multiplicity:1.00
0.084	0.001	0.117	0.798
0.001	0.001	0.001	0.997
0.060	0.778	0.034	0.128
0.001	0.224	0.070	0.705
0.001	0.136	0.754	0.109
0.001	0.090	0.052	0.857
0.001	0.236	0.001	0.762
0.997	0.001	0.001	0.001
0.001	0.001	0.001	0.997
0.001	0.001	0.116	0.882
0.001	0.850	0.050	0.099
0.001	0.078	0.001	0.920
>TCTAGTCGCTCG	16-TCTAGTCGCTCG	9.855588	-24.112953	0	T:28.0(2.93%),B:223.6(0.59%),P:1e-10	Tpos:669.5,Tstd:256.7,Bpos:512.7,Bstd:380.2,StrandBias:0.6,Multiplicity:1.00
0.042	0.048	0.001	0.909
0.081	0.917	0.001	0.001
0.091	0.049	0.083	0.777
0.823	0.044	0.108	0.025
0.001	0.134	0.864	0.001
0.048	0.048	0.048	0.856
0.109	0.465	0.122	0.305
0.043	0.109	0.788	0.060
0.101	0.779	0.001	0.119
0.001	0.001	0.001	0.997
0.090	0.861	0.001	0.048
0.001	0.102	0.711	0.186
>KGCGCAGAGAAA	17-KGCGCAGAGAAA	11.921942	-23.553098	0	T:28.0(2.93%),B:229.1(0.60%),P:1e-10	Tpos:551.2,Tstd:242.1,Bpos:451.7,Bstd:363.1,StrandBias:-1.2,Multiplicity:1.00
0.050	0.001	0.505	0.444
0.001	0.001	0.997	0.001
0.001	0.762	0.092	0.145
0.001	0.001	0.997	0.001
0.219	0.779	0.001	0.001
0.997	0.001	0.001	0.001
0.001	0.001	0.997	0.001
0.794	0.113	0.001	0.092
0.001	0.001	0.919	0.079
0.997	0.001	0.001	0.001
0.919	0.001	0.001	0.079
0.847	0.001	0.151	0.001
>CGATCGDTTTTC	18-CGATCGDTTTTC	10.313799	-22.858638	0	T:36.0(3.77%),B:384.7(1.01%),P:1e-9	Tpos:543.7,Tstd:284.5,Bpos:524.9,Bstd:353.9,StrandBias:1.5,Multiplicity:1.03
0.005	0.634	0.006	0.355
0.215	0.295	0.483	0.006
0.585	0.249	0.001	0.165
0.143	0.167	0.166	0.524
0.001	0.681	0.007	0.311
0.001	0.014	0.981	0.004
0.288	0.009	0.279	0.424
0.270	0.010	0.024	0.696
0.001	0.001	0.011	0.987
0.001	0.017	0.011	0.971
0.001	0.354	0.030	0.615
0.261	0.520	0.007	0.212
>CAAAACAAGAGG	19-CAAAACAAGAGG	12.343407	-22.190554	0	T:24.0(2.51%),B:178.8(0.47%),P:1e-9	Tpos:543.4,Tstd:241.4,Bpos:499.1,Bstd:370.5,StrandBias:-0.7,Multiplicity:1.00
0.021	0.977	0.001	0.001
0.997	0.001	0.001	0.001
0.997	0.001	0.001	0.001
0.997	0.001	0.001	0.001
0.931	0.001	0.001	0.067
0.124	0.765	0.051	0.060
0.830	0.001	0.048	0.121
0.939	0.001	0.059	0.001
0.001	0.134	0.864	0.001
0.997	0.001	0.001	0.001
0.154	0.001	0.844	0.001
0.035	0.001	0.907	0.057
>CTGGCGCGCTTC	20-CTGGCGCGCTTC	11.610614	-21.806951	0	T:21.0(2.20%),B:136.1(0.36%),P:1e-9	Tpos:668.5,Tstd:230.5,Bpos:656.9,Bstd:334.4,StrandBias:0.2,Multiplicity:1.14
0.110	0.696	0.193	0.001
0.128	0.001	0.001	0.870
0.001	0.001	0.997	0.001
0.128	0.001	0.870	0.001
0.001	0.997	0.001	0.001
0.001	0.001	0.893	0.105
0.001	0.873	0.063	0.063
0.199	0.129	0.469	0.202
0.133	0.750	0.001	0.116
0.001	0.091	0.001	0.907
0.001	0.139	0.001	0.859
0.001	0.876	0.001	0.122
>AGAAGAACTCGC	21-AGAAGAACTCGC	9.762961	-21.176973	0	T:70.0(7.32%),B:1216.0(3.20%),P:1e-9	Tpos:521.8,Tstd:270.0,Bpos:509.3,Bstd:344.7,StrandBias:-0.6,Multiplicity:1.13
0.529	0.340	0.130	0.001
0.160	0.001	0.838	0.001
0.782	0.216	0.001	0.001
0.682	0.001	0.001	0.316
0.171	0.093	0.735	0.001
0.997	0.001	0.001	0.001
0.862	0.001	0.092	0.045
0.356	0.642	0.001	0.001
0.115	0.001	0.285	0.599
0.001	0.997	0.001	0.001
0.038	0.001	0.900	0.061
0.131	0.634	0.215	0.020
>TCCCCGTACACT	22-TCCCCGTACACT	11.865674	-19.844972	0	T:13.0(1.36%),B:48.2(0.13%),P:1e-8	Tpos:500.4,Tstd:269.6,Bpos:557.4,Bstd:323.8,StrandBias:1.7,Multiplicity:1.00
0.001	0.106	0.001	0.892
0.001	0.811	0.001	0.187
0.181	0.817	0.001	0.001
0.136	0.729	0.001	0.134
0.006	0.862	0.131	0.001
0.001	0.001	0.997	0.001
0.247	0.004	0.107	0.642
0.785	0.001	0.001	0.213
0.001	0.906	0.001	0.092
0.997	0.001	0.001	0.001
0.001	0.997	0.001	0.001
0.001	0.001	0.001	0.997
>ATCTMTWKGAAA	23-ATCTMTWKGAAA	12.602780	-12.423815	0	T:8.0(0.84%),B:31.9(0.08%),P:1e-5	Tpos:469.8,Tstd:259.4,Bpos:454.8,Bstd:308.9,StrandBias:0.8,Multiplicity:1.38
0.997	0.001	0.001	0.001
0.001	0.006	0.001	0.992
0.001	0.997	0.001	0.001
0.001	0.001	0.001	0.997
0.366	0.468	0.001	0.164
0.001	0.001	0.001	0.997
0.539	0.001	0.001	0.459
0.001	0.001	0.569	0.429
0.317	0.001	0.681	0.001
0.594	0.001	0.404	0.001
0.692	0.306	0.001	0.001
0.597	0.401	0.001	0.001
>GCTAAATATTTA	24-GCTAAATATTTA	12.825964	-10.821874	0	T:11.0(1.15%),B:83.1(0.22%),P:1e-4	Tpos:332.5,Tstd:277.0,Bpos:426.6,Bstd:341.7,StrandBias:-0.1,Multiplicity:1.82
0.001	0.001	0.997	0.001
0.085	0.913	0.001	0.001
0.001	0.001	0.001	0.997
0.997	0.001	0.001	0.001
0.997	0.001	0.001	0.001
0.997	0.001	0.001	0.001
0.001	0.001	0.001	0.997
0.997	0.001	0.001	0.001
0.029	0.001	0.001	0.969
0.001	0.001	0.049	0.949
0.001	0.001	0.045	0.953
0.945	0.001	0.053	0.001
>ACCAAAGTTAGG	25-ACCAAAGTTAGG	13.433212	-8.857883	0	T:3.0(0.31%),B:2.7(0.01%),P:1e-3	Tpos:211.5,Tstd:209.5,Bpos:92.1,Bstd:59.0,StrandBias:0.6,Multiplicity:3.33
0.888	0.001	0.066	0.045
0.090	0.714	0.159	0.037
0.037	0.852	0.045	0.066
0.836	0.090	0.037	0.037
0.677	0.119	0.090	0.114
0.747	0.126	0.001	0.126
0.003	0.037	0.842	0.118
0.001	0.073	0.090	0.836
0.110	0.047	0.001	0.842
0.562	0.045	0.384	0.009
0.001	0.036	0.927	0.036
0.001	0.110	0.844	0.045
