>CTCTCTCTCT	1-CTCTCTCTCT	7.395853	-61.312996	0	T:429.0(44.87%),B:10713.5(28.21%),P:1e-26	Tpos:529.2,Tstd:275.2,Bpos:566.6,Bstd:356.7,StrandBias:1.3,Multiplicity:1.59
0.001	0.779	0.149	0.071
0.080	0.046	0.152	0.722
0.001	0.821	0.049	0.129
0.165	0.190	0.103	0.542
0.067	0.786	0.001	0.146
0.072	0.059	0.124	0.745
0.001	0.791	0.035	0.173
0.095	0.001	0.001	0.903
0.021	0.901	0.001	0.077
0.044	0.001	0.112	0.843
>TTTATCGATT	2-TTTATCGATT	8.546081	-55.379479	0	T:395.0(41.32%),B:9822.2(25.86%),P:1e-24	Tpos:562.1,Tstd:278.9,Bpos:536.6,Bstd:356.3,StrandBias:1.0,Multiplicity:1.35
0.156	0.065	0.006	0.773
0.033	0.164	0.001	0.802
0.048	0.358	0.001	0.593
0.881	0.117	0.001	0.001
0.001	0.001	0.001	0.997
0.001	0.879	0.001	0.119
0.118	0.001	0.746	0.135
0.936	0.018	0.001	0.045
0.001	0.001	0.001	0.997
0.001	0.001	0.001	0.997
>AGAGACGCAG	3-AGAGACGCAG	6.774535	-54.843495	0	T:351.0(36.72%),B:8350.5(21.99%),P:1e-23	Tpos:498.4,Tstd:276.9,Bpos:536.7,Bstd:354.3,StrandBias:-0.9,Multiplicity:1.20
0.775	0.102	0.061	0.062
0.071	0.079	0.799	0.051
0.760	0.081	0.083	0.076
0.061	0.068	0.772	0.099
0.848	0.044	0.052	0.056
0.069	0.827	0.063	0.041
0.074	0.068	0.817	0.041
0.052	0.791	0.066	0.091
0.854	0.043	0.033	0.070
0.093	0.081	0.766	0.060
>TTTCTTCTCT	4-TTTCTTCTCT	6.066029	-50.021060	0	T:496.0(51.88%),B:13770.2(36.26%),P:1e-21	Tpos:559.0,Tstd:291.8,Bpos:545.6,Bstd:353.0,StrandBias:1.7,Multiplicity:1.55
0.001	0.001	0.001	0.997
0.001	0.421	0.001	0.577
0.001	0.001	0.001	0.997
0.001	0.997	0.001	0.001
0.001	0.001	0.001	0.997
0.001	0.001	0.001	0.997
0.001	0.997	0.001	0.001
0.001	0.001	0.001	0.997
0.001	0.997	0.001	0.001
0.001	0.001	0.001	0.997
>CCTCTCTCGT	5-CCTCTCTCGT	7.197310	-44.790774	0	T:207.0(21.65%),B:4231.2(11.14%),P:1e-19	Tpos:489.1,Tstd:275.1,Bpos:541.3,Bstd:357.0,StrandBias:1.2,Multiplicity:1.08
0.086	0.710	0.128	0.076
0.047	0.826	0.042	0.085
0.059	0.093	0.061	0.787
0.049	0.815	0.056	0.080
0.066	0.058	0.085	0.791
0.084	0.761	0.085	0.070
0.038	0.049	0.035	0.878
0.057	0.801	0.045	0.097
0.098	0.053	0.816	0.033
0.052	0.069	0.059	0.820
>CTTTCCTCCT	6-CTTTCCTCCT	6.937314	-43.942625	0	T:482.0(50.42%),B:13620.6(35.87%),P:1e-19	Tpos:533.4,Tstd:284.6,Bpos:537.0,Bstd:345.7,StrandBias:1.2,Multiplicity:1.31
0.092	0.756	0.045	0.107
0.073	0.038	0.070	0.819
0.035	0.071	0.074	0.820
0.073	0.082	0.056	0.789
0.054	0.792	0.044	0.110
0.038	0.794	0.080	0.088
0.067	0.068	0.038	0.827
0.042	0.815	0.079	0.064
0.054	0.775	0.116	0.055
0.066	0.054	0.059	0.821
>TTTTTCTCTT	7-TTTTTCTCTT	8.392232	-40.230143	0	T:465.0(48.64%),B:13225.2(34.83%),P:1e-17	Tpos:559.9,Tstd:289.0,Bpos:525.3,Bstd:334.1,StrandBias:1.4,Multiplicity:1.28
0.012	0.114	0.208	0.666
0.025	0.034	0.187	0.754
0.034	0.014	0.046	0.906
0.237	0.012	0.029	0.722
0.039	0.143	0.203	0.615
0.171	0.581	0.028	0.220
0.024	0.064	0.029	0.883
0.261	0.550	0.166	0.023
0.018	0.201	0.184	0.597
0.134	0.037	0.055	0.774
>RCGCGTSMGS	8-RCGCGTSMGS	6.619146	-40.190862	0	T:244.0(25.52%),B:5561.9(14.65%),P:1e-17	Tpos:541.0,Tstd:269.8,Bpos:560.4,Bstd:368.3,StrandBias:-0.2,Multiplicity:1.26
0.463	0.001	0.535	0.001
0.001	0.778	0.001	0.220
0.314	0.001	0.626	0.059
0.001	0.967	0.001	0.031
0.001	0.001	0.997	0.001
0.001	0.402	0.001	0.596
0.193	0.281	0.356	0.170
0.378	0.406	0.215	0.001
0.124	0.001	0.514	0.361
0.133	0.366	0.352	0.148
>CRTTRCGAAA	9-CRTTRCGAAA	9.516650	-37.872176	0	T:167.0(17.47%),B:3323.9(8.75%),P:1e-16	Tpos:523.1,Tstd:280.7,Bpos:533.4,Bstd:347.3,StrandBias:-0.7,Multiplicity:1.11
0.340	0.524	0.001	0.135
0.463	0.001	0.535	0.001
0.202	0.139	0.001	0.658
0.001	0.123	0.013	0.863
0.461	0.001	0.518	0.020
0.001	0.997	0.001	0.001
0.001	0.001	0.997	0.001
0.997	0.001	0.001	0.001
0.839	0.001	0.159	0.001
0.997	0.001	0.001	0.001
>TATTTCTCTC	10-TATTTCTCTC	8.921977	-37.542750	0	T:236.0(24.69%),B:5434.0(14.31%),P:1e-16	Tpos:545.4,Tstd:281.1,Bpos:531.8,Bstd:347.0,StrandBias:1.5,Multiplicity:1.12
0.054	0.001	0.001	0.944
0.920	0.001	0.044	0.035
0.001	0.001	0.001	0.997
0.001	0.026	0.015	0.958
0.001	0.072	0.032	0.895
0.086	0.826	0.001	0.087
0.020	0.001	0.041	0.938
0.001	0.918	0.001	0.080
0.032	0.103	0.049	0.816
0.132	0.778	0.001	0.089
>CGCAAACACA	11-CGCAAACACA	6.213022	-37.024290	0	T:325.0(34.00%),B:8405.7(22.13%),P:1e-16	Tpos:509.6,Tstd:283.5,Bpos:540.5,Bstd:337.9,StrandBias:-0.2,Multiplicity:1.23
0.133	0.535	0.097	0.235
0.086	0.084	0.759	0.071
0.069	0.662	0.090	0.179
0.491	0.291	0.118	0.100
0.680	0.072	0.104	0.144
0.655	0.132	0.128	0.085
0.096	0.767	0.056	0.081
0.671	0.087	0.165	0.077
0.203	0.607	0.119	0.071
0.455	0.136	0.302	0.107
>GRSKGAAWAG	12-GRSKGAAWAG	6.889632	-35.317194	0	T:301.0(31.49%),B:7686.9(20.24%),P:1e-15	Tpos:504.6,Tstd:297.8,Bpos:531.2,Bstd:343.7,StrandBias:-0.9,Multiplicity:1.14
0.001	0.336	0.535	0.128
0.475	0.197	0.327	0.001
0.001	0.360	0.488	0.150
0.197	0.162	0.383	0.257
0.116	0.160	0.723	0.001
0.612	0.001	0.332	0.055
0.546	0.322	0.131	0.001
0.566	0.001	0.001	0.432
0.678	0.093	0.001	0.228
0.001	0.001	0.997	0.001
>CGTTCGTTTT	13-CGTTCGTTTT	9.041443	-33.216984	0	T:153.0(16.00%),B:3095.7(8.15%),P:1e-14	Tpos:563.9,Tstd:258.1,Bpos:530.2,Bstd:345.9,StrandBias:0.9,Multiplicity:1.07
0.092	0.667	0.027	0.214
0.149	0.170	0.473	0.208
0.370	0.001	0.001	0.628
0.067	0.070	0.067	0.796
0.030	0.705	0.001	0.264
0.001	0.032	0.736	0.231
0.289	0.001	0.037	0.673
0.001	0.001	0.001	0.997
0.021	0.001	0.058	0.920
0.001	0.174	0.072	0.753
>TGTGTGTGTG	14-TGTGTGTGTG	7.511597	-32.993159	0	T:238.0(24.90%),B:5726.2(15.08%),P:1e-14	Tpos:515.2,Tstd:288.8,Bpos:552.1,Bstd:356.1,StrandBias:-0.0,Multiplicity:1.31
0.153	0.140	0.017	0.690
0.093	0.001	0.905	0.001
0.290	0.001	0.001	0.708
0.065	0.090	0.844	0.001
0.001	0.001	0.001	0.997
0.086	0.001	0.912	0.001
0.146	0.261	0.001	0.592
0.098	0.001	0.900	0.001
0.141	0.267	0.084	0.508
0.001	0.227	0.771	0.001
>ACGCGCCGCG	15-ACGCGCCGCG	6.163528	-32.010290	0	T:117.0(12.24%),B:2126.4(5.60%),P:1e-13	Tpos:499.8,Tstd:256.1,Bpos:516.2,Bstd:378.0,StrandBias:0.1,Multiplicity:1.13
0.965	0.001	0.001	0.033
0.001	0.974	0.001	0.024
0.038	0.077	0.884	0.001
0.001	0.909	0.089	0.001
0.041	0.001	0.957	0.001
0.263	0.607	0.001	0.129
0.047	0.891	0.001	0.061
0.001	0.001	0.903	0.095
0.016	0.982	0.001	0.001
0.019	0.018	0.921	0.042
>TTCCTTTTCC	16-TTCCTTTTCC	8.699758	-31.520654	0	T:207.0(21.65%),B:4810.3(12.67%),P:1e-13	Tpos:513.3,Tstd:289.2,Bpos:526.9,Bstd:346.4,StrandBias:1.6,Multiplicity:1.09
0.031	0.001	0.033	0.935
0.177	0.070	0.055	0.698
0.001	0.963	0.001	0.035
0.001	0.619	0.228	0.152
0.035	0.029	0.031	0.905
0.032	0.001	0.001	0.966
0.018	0.001	0.262	0.719
0.011	0.184	0.038	0.767
0.001	0.987	0.011	0.001
0.002	0.876	0.067	0.055
>GGCCGGGTCG	17-GGCCGGGTCG	8.334185	-29.998783	0	T:46.0(4.81%),B:473.3(1.25%),P:1e-13	Tpos:490.2,Tstd:225.6,Bpos:526.9,Bstd:363.6,StrandBias:-1.2,Multiplicity:1.05
0.180	0.001	0.818	0.001
0.001	0.001	0.997	0.001
0.001	0.499	0.180	0.321
0.134	0.702	0.076	0.088
0.160	0.005	0.736	0.099
0.001	0.119	0.879	0.001
0.001	0.133	0.865	0.001
0.001	0.001	0.001	0.997
0.001	0.766	0.122	0.111
0.070	0.001	0.928	0.001
>TTATTCTTTA	18-TTATTCTTTA	7.702964	-26.615493	0	T:470.0(49.16%),B:14430.1(38.00%),P:1e-11	Tpos:541.2,Tstd:290.5,Bpos:519.6,Bstd:330.3,StrandBias:0.9,Multiplicity:1.35
0.080	0.135	0.031	0.754
0.156	0.057	0.054	0.733
0.532	0.162	0.129	0.177
0.103	0.105	0.045	0.747
0.035	0.091	0.103	0.771
0.194	0.560	0.118	0.128
0.093	0.087	0.049	0.771
0.088	0.121	0.057	0.734
0.084	0.164	0.074	0.678
0.551	0.128	0.081	0.240
>TGTTATCACT	19-TGTTATCACT	7.992772	-26.135041	0	T:179.0(18.72%),B:4201.8(11.06%),P:1e-11	Tpos:531.2,Tstd:274.2,Bpos:531.2,Bstd:320.3,StrandBias:0.9,Multiplicity:1.10
0.200	0.084	0.091	0.625
0.099	0.191	0.477	0.233
0.064	0.269	0.020	0.647
0.129	0.060	0.168	0.643
0.735	0.001	0.109	0.155
0.006	0.112	0.019	0.863
0.029	0.820	0.048	0.103
0.636	0.200	0.039	0.125
0.127	0.556	0.133	0.184
0.001	0.008	0.006	0.985
>GAATGCGACC	20-GAATGCGACC	9.298933	-26.008985	0	T:38.0(3.97%),B:377.6(0.99%),P:1e-11	Tpos:366.2,Tstd:225.4,Bpos:509.1,Bstd:327.7,StrandBias:-0.5,Multiplicity:1.00
0.001	0.001	0.778	0.220
0.997	0.001	0.001	0.001
0.997	0.001	0.001	0.001
0.001	0.318	0.192	0.489
0.087	0.116	0.796	0.001
0.139	0.859	0.001	0.001
0.146	0.186	0.563	0.105
0.859	0.001	0.001	0.139
0.155	0.843	0.001	0.001
0.006	0.683	0.152	0.159
>CACCGCCCGC	21-CACCGCCCGC	6.665982	-24.575086	0	T:49.0(5.13%),B:625.1(1.65%),P:1e-10	Tpos:482.4,Tstd:255.4,Bpos:557.0,Bstd:345.8,StrandBias:0.1,Multiplicity:1.02
0.280	0.623	0.024	0.073
0.424	0.258	0.058	0.259
0.166	0.437	0.189	0.208
0.060	0.789	0.062	0.089
0.242	0.072	0.670	0.016
0.184	0.388	0.191	0.237
0.204	0.553	0.016	0.227
0.036	0.724	0.038	0.202
0.179	0.215	0.544	0.062
0.057	0.531	0.208	0.204
>AAACGCGCGT	22-AAACGCGCGT	7.081905	-21.169217	0	T:158.0(16.53%),B:3804.8(10.02%),P:1e-9	Tpos:548.7,Tstd:260.7,Bpos:522.9,Bstd:342.0,StrandBias:-0.1,Multiplicity:1.14
0.799	0.085	0.047	0.069
0.825	0.073	0.069	0.033
0.833	0.065	0.058	0.044
0.057	0.792	0.044	0.107
0.081	0.057	0.780	0.082
0.089	0.785	0.067	0.059
0.073	0.047	0.815	0.065
0.062	0.738	0.113	0.087
0.033	0.045	0.851	0.071
0.075	0.095	0.040	0.790
>AAATAGAGGG	23-AAATAGAGGG	9.815901	-19.620601	0	T:68.0(7.11%),B:1212.1(3.19%),P:1e-8	Tpos:524.3,Tstd:260.4,Bpos:526.8,Bstd:339.0,StrandBias:-1.6,Multiplicity:1.04
0.780	0.127	0.001	0.092
0.997	0.001	0.001	0.001
0.962	0.036	0.001	0.001
0.223	0.001	0.001	0.775
0.827	0.001	0.044	0.128
0.066	0.001	0.932	0.001
0.997	0.001	0.001	0.001
0.073	0.115	0.811	0.001
0.001	0.030	0.968	0.001
0.059	0.001	0.939	0.001
>CTCACGTCAG	24-CTCACGTCAG	11.756460	-14.888423	0	T:9.0(0.94%),B:30.4(0.08%),P:1e-6	Tpos:671.4,Tstd:145.5,Bpos:526.1,Bstd:285.7,StrandBias:-1.0,Multiplicity:1.00
0.001	0.997	0.001	0.001
0.001	0.001	0.001	0.997
0.001	0.997	0.001	0.001
0.997	0.001	0.001	0.001
0.001	0.873	0.125	0.001
0.001	0.001	0.997	0.001
0.001	0.001	0.001	0.997
0.001	0.997	0.001	0.001
0.997	0.001	0.001	0.001
0.001	0.001	0.997	0.001
>CGAAATAGTT	25-CGAAATAGTT	11.570651	-12.933403	0	T:66.0(6.90%),B:1407.2(3.71%),P:1e-5	Tpos:449.3,Tstd:282.9,Bpos:514.9,Bstd:332.8,StrandBias:0.2,Multiplicity:1.15
0.001	0.997	0.001	0.001
0.001	0.001	0.665	0.333
0.997	0.001	0.001	0.001
0.997	0.001	0.001	0.001
0.997	0.001	0.001	0.001
0.001	0.001	0.001	0.997
0.997	0.001	0.001	0.001
0.001	0.001	0.630	0.368
0.001	0.001	0.156	0.842
0.001	0.001	0.001	0.997
>TCTCTCTCTCTC	1-TCTCTCTCTCTC	6.892339	-74.360079	0	T:559.0(58.47%),B:14837.8(39.07%),P:1e-32	Tpos:528.6,Tstd:275.2,Bpos:567.9,Bstd:350.7,StrandBias:1.5,Multiplicity:1.77
0.068	0.061	0.039	0.832
0.029	0.841	0.038	0.092
0.082	0.028	0.016	0.874
0.054	0.767	0.059	0.120
0.073	0.049	0.051	0.827
0.051	0.806	0.018	0.125
0.101	0.056	0.037	0.806
0.021	0.861	0.023	0.095
0.056	0.046	0.027	0.871
0.013	0.817	0.042	0.128
0.044	0.040	0.006	0.910
0.023	0.797	0.044	0.136
>AAGAGACGCAGA	2-AAGAGACGCAGA	6.967620	-53.417060	0	T:529.0(55.33%),B:14820.5(39.03%),P:1e-23	Tpos:523.9,Tstd:283.6,Bpos:533.9,Bstd:353.4,StrandBias:-1.2,Multiplicity:1.41
0.771	0.073	0.061	0.095
0.838	0.076	0.039	0.047
0.188	0.090	0.638	0.084
0.736	0.127	0.069	0.068
0.117	0.087	0.654	0.142
0.754	0.083	0.089	0.074
0.146	0.709	0.050	0.095
0.100	0.049	0.811	0.040
0.149	0.686	0.073	0.092
0.766	0.104	0.095	0.035
0.114	0.017	0.838	0.031
0.802	0.089	0.058	0.051
>AGAAAAGAGAAT	3-AGAAAAGAGAAT	9.664483	-47.631468	0	T:209.0(21.86%),B:4184.0(11.02%),P:1e-20	Tpos:550.5,Tstd:282.1,Bpos:546.3,Bstd:344.3,StrandBias:-1.5,Multiplicity:1.11
0.797	0.082	0.058	0.063
0.052	0.033	0.858	0.057
0.844	0.031	0.052	0.073
0.857	0.045	0.051	0.047
0.819	0.065	0.075	0.041
0.885	0.047	0.046	0.022
0.044	0.044	0.871	0.041
0.825	0.055	0.095	0.025
0.120	0.033	0.779	0.068
0.893	0.035	0.014	0.058
0.854	0.020	0.049	0.077
0.100	0.097	0.077	0.726
>TTTTCATCGATT	4-TTTTCATCGATT	9.646462	-46.808556	0	T:243.0(25.42%),B:5238.8(13.80%),P:1e-20	Tpos:523.8,Tstd:280.4,Bpos:536.4,Bstd:360.6,StrandBias:1.1,Multiplicity:1.21
0.038	0.079	0.046	0.837
0.001	0.074	0.063	0.862
0.045	0.086	0.004	0.865
0.079	0.106	0.044	0.771
0.063	0.807	0.032	0.098
0.861	0.116	0.012	0.011
0.027	0.059	0.068	0.846
0.050	0.873	0.019	0.058
0.092	0.056	0.761	0.091
0.811	0.084	0.018	0.087
0.057	0.029	0.014	0.900
0.094	0.039	0.061	0.806
>ACACACACACAC	5-ACACACACACAC	7.338435	-40.701501	0	T:232.0(24.27%),B:5161.0(13.59%),P:1e-17	Tpos:513.4,Tstd:282.5,Bpos:560.9,Bstd:353.7,StrandBias:-0.0,Multiplicity:1.28
0.400	0.145	0.221	0.235
0.015	0.975	0.001	0.009
0.874	0.001	0.108	0.017
0.040	0.909	0.039	0.012
0.693	0.047	0.071	0.189
0.020	0.881	0.084	0.015
0.572	0.165	0.149	0.114
0.081	0.708	0.067	0.144
0.593	0.001	0.248	0.158
0.109	0.763	0.055	0.073
0.570	0.072	0.278	0.080
0.055	0.886	0.021	0.038
>CCCTTCTCCCGG	6-CCCTTCTCCCGG	9.441866	-33.566121	0	T:59.0(6.17%),B:677.3(1.78%),P:1e-14	Tpos:394.0,Tstd:268.2,Bpos:561.7,Bstd:364.3,StrandBias:0.4,Multiplicity:1.04
0.001	0.898	0.048	0.053
0.056	0.687	0.001	0.256
0.079	0.801	0.092	0.028
0.057	0.040	0.001	0.902
0.001	0.027	0.001	0.971
0.048	0.730	0.039	0.183
0.001	0.082	0.001	0.916
0.087	0.825	0.001	0.087
0.034	0.646	0.026	0.294
0.081	0.770	0.078	0.071
0.026	0.044	0.857	0.073
0.070	0.236	0.693	0.001
>TTTTTTCTTTCT	7-TTTTTTCTTTCT	11.009003	-31.475989	0	T:121.0(12.66%),B:2253.2(5.93%),P:1e-13	Tpos:578.2,Tstd:263.8,Bpos:549.4,Bstd:335.0,StrandBias:1.7,Multiplicity:1.06
0.001	0.119	0.046	0.834
0.068	0.001	0.026	0.905
0.026	0.001	0.048	0.925
0.001	0.014	0.109	0.876
0.001	0.001	0.001	0.997
0.001	0.129	0.085	0.785
0.001	0.997	0.001	0.001
0.073	0.074	0.001	0.852
0.001	0.001	0.038	0.960
0.001	0.083	0.001	0.915
0.092	0.906	0.001	0.001
0.001	0.046	0.055	0.898
>CAATTCCTTTTC	8-CAATTCCTTTTC	10.244236	-31.245206	0	T:74.0(7.74%),B:1054.0(2.78%),P:1e-13	Tpos:490.6,Tstd:264.9,Bpos:524.5,Bstd:343.9,StrandBias:1.4,Multiplicity:1.03
0.053	0.915	0.001	0.031
0.486	0.218	0.262	0.034
0.597	0.355	0.035	0.013
0.001	0.001	0.001	0.997
0.001	0.077	0.077	0.845
0.048	0.942	0.009	0.001
0.018	0.675	0.220	0.087
0.112	0.049	0.100	0.739
0.001	0.247	0.029	0.723
0.018	0.001	0.060	0.921
0.001	0.074	0.017	0.908
0.001	0.945	0.001	0.053
>ATGACTCATTTT	9-ATGACTCATTTT	11.962320	-31.196410	0	T:35.0(3.66%),B:264.7(0.70%),P:1e-13	Tpos:504.3,Tstd:265.2,Bpos:524.8,Bstd:310.9,StrandBias:0.2,Multiplicity:1.03
0.866	0.001	0.132	0.001
0.001	0.075	0.345	0.579
0.008	0.105	0.886	0.001
0.845	0.001	0.153	0.001
0.065	0.629	0.305	0.001
0.003	0.001	0.062	0.934
0.001	0.997	0.001	0.001
0.994	0.001	0.001	0.004
0.001	0.127	0.001	0.871
0.124	0.001	0.001	0.874
0.343	0.111	0.001	0.545
0.001	0.001	0.001	0.997
>TTGTTGCGAAAT	10-TTGTTGCGAAAT	9.722046	-28.613002	0	T:95.0(9.94%),B:1645.7(4.33%),P:1e-12	Tpos:507.0,Tstd:290.4,Bpos:528.6,Bstd:326.9,StrandBias:0.4,Multiplicity:1.04
0.042	0.072	0.070	0.816
0.086	0.047	0.107	0.760
0.049	0.058	0.877	0.016
0.037	0.035	0.060	0.868
0.080	0.043	0.069	0.808
0.098	0.019	0.804	0.079
0.040	0.799	0.089	0.072
0.055	0.071	0.806	0.068
0.812	0.088	0.011	0.089
0.890	0.052	0.020	0.038
0.910	0.022	0.036	0.032
0.055	0.031	0.056	0.858
>TAATTATTCTCT	11-TAATTATTCTCT	12.017152	-28.251481	0	T:40.0(4.18%),B:384.5(1.01%),P:1e-12	Tpos:552.1,Tstd:331.0,Bpos:507.2,Bstd:304.9,StrandBias:1.3,Multiplicity:1.00
0.001	0.110	0.001	0.888
0.883	0.001	0.115	0.001
0.866	0.132	0.001	0.001
0.090	0.001	0.001	0.908
0.047	0.136	0.001	0.816
0.578	0.001	0.167	0.254
0.001	0.089	0.001	0.909
0.001	0.001	0.001	0.997
0.001	0.827	0.171	0.001
0.125	0.001	0.078	0.796
0.003	0.695	0.072	0.230
0.001	0.001	0.142	0.856
>TTGCCATATTAA	12-TTGCCATATTAA	12.602588	-27.483450	0	T:23.0(2.41%),B:121.7(0.32%),P:1e-11	Tpos:423.0,Tstd:318.3,Bpos:486.9,Bstd:325.8,StrandBias:1.2,Multiplicity:1.00
0.001	0.001	0.089	0.909
0.001	0.001	0.001	0.997
0.001	0.001	0.922	0.076
0.001	0.945	0.001	0.053
0.001	0.909	0.001	0.089
0.909	0.001	0.001	0.089
0.104	0.001	0.001	0.894
0.830	0.001	0.078	0.091
0.001	0.001	0.001	0.997
0.001	0.001	0.069	0.929
0.879	0.042	0.001	0.078
0.941	0.001	0.057	0.001
>ACGACAGATTGC	13-ACGACAGATTGC	13.287336	-25.670098	0	T:15.0(1.57%),B:43.6(0.11%),P:1e-11	Tpos:555.1,Tstd:264.3,Bpos:594.2,Bstd:350.2,StrandBias:-0.2,Multiplicity:1.00
0.997	0.001	0.001	0.001
0.001	0.997	0.001	0.001
0.001	0.001	0.997	0.001
0.785	0.001	0.080	0.134
0.001	0.896	0.001	0.102
0.997	0.001	0.001	0.001
0.001	0.200	0.765	0.034
0.997	0.001	0.001	0.001
0.141	0.001	0.001	0.857
0.001	0.001	0.089	0.909
0.001	0.126	0.872	0.001
0.001	0.997	0.001	0.001
>CCGTCGTTTTCT	14-CCGTCGTTTTCT	10.751832	-25.500895	0	T:23.0(2.41%),B:135.3(0.36%),P:1e-11	Tpos:675.7,Tstd:301.9,Bpos:538.0,Bstd:330.7,StrandBias:0.6,Multiplicity:1.00
0.015	0.663	0.200	0.122
0.042	0.656	0.034	0.268
0.280	0.033	0.655	0.032
0.164	0.047	0.052	0.737
0.018	0.767	0.034	0.181
0.054	0.259	0.658	0.029
0.182	0.200	0.030	0.588
0.022	0.205	0.016	0.757
0.019	0.189	0.161	0.631
0.039	0.040	0.027	0.894
0.015	0.688	0.019	0.278
0.036	0.055	0.038	0.871
>TTCTGTTATTCT	15-TTCTGTTATTCT	12.410630	-25.059549	0	T:35.0(3.66%),B:334.1(0.88%),P:1e-10	Tpos:593.8,Tstd:266.6,Bpos:555.8,Bstd:345.6,StrandBias:1.5,Multiplicity:1.00
0.084	0.001	0.117	0.798
0.001	0.001	0.001	0.997
0.060	0.778	0.034	0.128
0.001	0.224	0.070	0.705
0.001	0.136	0.754	0.109
0.001	0.090	0.052	0.857
0.001	0.236	0.001	0.762
0.997	0.001	0.001	0.001
0.001	0.001	0.001	0.997
0.001	0.001	0.116	0.882
0.001	0.850	0.050	0.099
0.001	0.078	0.001	0.920
>TCTAGTCGCTCG	16-TCTAGTCGCTCG	9.855588	-24.112953	0	T:28.0(2.93%),B:223.6(0.59%),P:1e-10	Tpos:669.5,Tstd:256.7,Bpos:512.7,Bstd:380.2,StrandBias:0.6,Multiplicity:1.00
0.042	0.048	0.001	0.909
0.081	0.917	0.001	0.001
0.091	0.049	0.083	0.777
0.823	0.044	0.108	0.025
0.001	0.134	0.864	0.001
0.048	0.048	0.048	0.856
0.109	0.465	0.122	0.305
0.043	0.109	0.788	0.060
0.101	0.779	0.001	0.119
0.001	0.001	0.001	0.997
0.090	0.861	0.001	0.048
0.001	0.102	0.711	0.186
>KGCGCAGAGAAA	17-KGCGCAGAGAAA	11.921942	-23.553098	0	T:28.0(2.93%),B:229.1(0.60%),P:1e-10	Tpos:551.2,Tstd:242.1,Bpos:451.7,Bstd:363.1,StrandBias:-1.2,Multiplicity:1.00
0.050	0.001	0.505	0.444
0.001	0.001	0.997	0.001
0.001	0.762	0.092	0.145
0.001	0.001	0.997	0.001
0.219	0.779	0.001	0.001
0.997	0.001	0.001	0.001
0.001	0.001	0.997	0.001
0.794	0.113	0.001	0.092
0.001	0.001	0.919	0.079
0.997	0.001	0.001	0.001
0.919	0.001	0.001	0.079
0.847	0.001	0.151	0.001
>CGATCGDTTTTC	18-CGATCGDTTTTC	10.313799	-22.858638	0	T:36.0(3.77%),B:384.7(1.01%),P:1e-9	Tpos:543.7,Tstd:284.5,Bpos:524.9,Bstd:353.9,StrandBias:1.5,Multiplicity:1.03
0.005	0.634	0.006	0.355
0.215	0.295	0.483	0.006
0.585	0.249	0.001	0.165
0.143	0.167	0.166	0.524
0.001	0.681	0.007	0.311
0.001	0.014	0.981	0.004
0.288	0.009	0.279	0.424
0.270	0.010	0.024	0.696
0.001	0.001	0.011	0.987
0.001	0.017	0.011	0.971
0.001	0.354	0.030	0.615
0.261	0.520	0.007	0.212
>CAAAACAAGAGG	19-CAAAACAAGAGG	12.343407	-22.190554	0	T:24.0(2.51%),B:178.8(0.47%),P:1e-9	Tpos:543.4,Tstd:241.4,Bpos:499.1,Bstd:370.5,StrandBias:-0.7,Multiplicity:1.00
0.021	0.977	0.001	0.001
0.997	0.001	0.001	0.001
0.997	0.001	0.001	0.001
0.997	0.001	0.001	0.001
0.931	0.001	0.001	0.067
0.124	0.765	0.051	0.060
0.830	0.001	0.048	0.121
0.939	0.001	0.059	0.001
0.001	0.134	0.864	0.001
0.997	0.001	0.001	0.001
0.154	0.001	0.844	0.001
0.035	0.001	0.907	0.057
>CTGGCGCGCTTC	20-CTGGCGCGCTTC	11.610614	-21.806951	0	T:21.0(2.20%),B:136.1(0.36%),P:1e-9	Tpos:668.5,Tstd:230.5,Bpos:656.9,Bstd:334.4,StrandBias:0.2,Multiplicity:1.14
0.110	0.696	0.193	0.001
0.128	0.001	0.001	0.870
0.001	0.001	0.997	0.001
0.128	0.001	0.870	0.001
0.001	0.997	0.001	0.001
0.001	0.001	0.893	0.105
0.001	0.873	0.063	0.063
0.199	0.129	0.469	0.202
0.133	0.750	0.001	0.116
0.001	0.091	0.001	0.907
0.001	0.139	0.001	0.859
0.001	0.876	0.001	0.122
>AGAAGAACTCGC	21-AGAAGAACTCGC	9.762961	-21.176973	0	T:70.0(7.32%),B:1216.0(3.20%),P:1e-9	Tpos:521.8,Tstd:270.0,Bpos:509.3,Bstd:344.7,StrandBias:-0.6,Multiplicity:1.13
0.529	0.340	0.130	0.001
0.160	0.001	0.838	0.001
0.782	0.216	0.001	0.001
0.682	0.001	0.001	0.316
0.171	0.093	0.735	0.001
0.997	0.001	0.001	0.001
0.862	0.001	0.092	0.045
0.356	0.642	0.001	0.001
0.115	0.001	0.285	0.599
0.001	0.997	0.001	0.001
0.038	0.001	0.900	0.061
0.131	0.634	0.215	0.020
>TCCCCGTACACT	22-TCCCCGTACACT	11.865674	-19.844972	0	T:13.0(1.36%),B:48.2(0.13%),P:1e-8	Tpos:500.4,Tstd:269.6,Bpos:557.4,Bstd:323.8,StrandBias:1.7,Multiplicity:1.00
0.001	0.106	0.001	0.892
0.001	0.811	0.001	0.187
0.181	0.817	0.001	0.001
0.136	0.729	0.001	0.134
0.006	0.862	0.131	0.001
0.001	0.001	0.997	0.001
0.247	0.004	0.107	0.642
0.785	0.001	0.001	0.213
0.001	0.906	0.001	0.092
0.997	0.001	0.001	0.001
0.001	0.997	0.001	0.001
0.001	0.001	0.001	0.997
>ATCTMTWKGAAA	23-ATCTMTWKGAAA	12.602780	-12.423815	0	T:8.0(0.84%),B:31.9(0.08%),P:1e-5	Tpos:469.8,Tstd:259.4,Bpos:454.8,Bstd:308.9,StrandBias:0.8,Multiplicity:1.38
0.997	0.001	0.001	0.001
0.001	0.006	0.001	0.992
0.001	0.997	0.001	0.001
0.001	0.001	0.001	0.997
0.366	0.468	0.001	0.164
0.001	0.001	0.001	0.997
0.539	0.001	0.001	0.459
0.001	0.001	0.569	0.429
0.317	0.001	0.681	0.001
0.594	0.001	0.404	0.001
0.692	0.306	0.001	0.001
0.597	0.401	0.001	0.001
>GCTAAATATTTA	24-GCTAAATATTTA	12.825964	-10.821874	0	T:11.0(1.15%),B:83.1(0.22%),P:1e-4	Tpos:332.5,Tstd:277.0,Bpos:426.6,Bstd:341.7,StrandBias:-0.1,Multiplicity:1.82
0.001	0.001	0.997	0.001
0.085	0.913	0.001	0.001
0.001	0.001	0.001	0.997
0.997	0.001	0.001	0.001
0.997	0.001	0.001	0.001
0.997	0.001	0.001	0.001
0.001	0.001	0.001	0.997
0.997	0.001	0.001	0.001
0.029	0.001	0.001	0.969
0.001	0.001	0.049	0.949
0.001	0.001	0.045	0.953
0.945	0.001	0.053	0.001
>ACCAAAGTTAGG	25-ACCAAAGTTAGG	13.433212	-8.857883	0	T:3.0(0.31%),B:2.7(0.01%),P:1e-3	Tpos:211.5,Tstd:209.5,Bpos:92.1,Bstd:59.0,StrandBias:0.6,Multiplicity:3.33
0.888	0.001	0.066	0.045
0.090	0.714	0.159	0.037
0.037	0.852	0.045	0.066
0.836	0.090	0.037	0.037
0.677	0.119	0.090	0.114
0.747	0.126	0.001	0.126
0.003	0.037	0.842	0.118
0.001	0.073	0.090	0.836
0.110	0.047	0.001	0.842
0.562	0.045	0.384	0.009
0.001	0.036	0.927	0.036
0.001	0.110	0.844	0.045
>AAAGATAA	1-AAAGATAA	6.238251	-66.185041	0	T:708.0(74.06%),B:21380.1(56.30%),P:1e-28	Tpos:538.1,Tstd:290.7,Bpos:525.3,Bstd:334.6,StrandBias:-1.0,Multiplicity:1.45
0.997	0.001	0.001	0.001
0.908	0.070	0.021	0.001
0.817	0.181	0.001	0.001
0.001	0.001	0.972	0.026
0.997	0.001	0.001	0.001
0.001	0.001	0.375	0.623
0.997	0.001	0.001	0.001
0.656	0.001	0.342	0.001
>CTCTCTCK	2-CTCTCTCK	6.292992	-60.791677	0	T:500.0(52.30%),B:13310.8(35.05%),P:1e-26	Tpos:509.9,Tstd:278.7,Bpos:543.0,Bstd:354.2,StrandBias:1.4,Multiplicity:1.36
0.043	0.712	0.147	0.098
0.215	0.064	0.127	0.594
0.098	0.541	0.183	0.178
0.077	0.066	0.001	0.856
0.034	0.824	0.021	0.121
0.109	0.109	0.014	0.768
0.049	0.841	0.038	0.072
0.121	0.055	0.387	0.437
>TCTCTCTC	3-TCTCTCTC	7.998818	-59.190136	0	T:359.0(37.55%),B:8415.2(22.16%),P:1e-25	Tpos:529.3,Tstd:284.0,Bpos:551.3,Bstd:365.9,StrandBias:1.3,Multiplicity:1.33
0.004	0.001	0.123	0.872
0.001	0.997	0.001	0.001
0.001	0.001	0.229	0.769
0.001	0.997	0.001	0.001
0.001	0.001	0.180	0.818
0.001	0.997	0.001	0.001
0.001	0.001	0.124	0.874
0.001	0.674	0.001	0.324
>TTCTCTCT	4-TTCTCTCT	8.237901	-56.205930	0	T:513.0(53.66%),B:14050.4(37.00%),P:1e-24	Tpos:535.7,Tstd:290.3,Bpos:541.6,Bstd:351.4,StrandBias:1.8,Multiplicity:1.38
0.031	0.001	0.034	0.934
0.001	0.081	0.001	0.917
0.001	0.675	0.001	0.323
0.001	0.001	0.001	0.997
0.001	0.997	0.001	0.001
0.001	0.045	0.001	0.953
0.256	0.742	0.001	0.001
0.142	0.001	0.083	0.774
>STGCGTCC	5-STGCGTCC	6.249759	-48.307447	0	T:321.0(33.58%),B:7666.4(20.19%),P:1e-20	Tpos:515.3,Tstd:287.7,Bpos:539.1,Bstd:352.8,StrandBias:0.4,Multiplicity:1.17
0.001	0.376	0.430	0.193
0.001	0.001	0.001	0.997
0.001	0.001	0.997	0.001
0.001	0.997	0.001	0.001
0.001	0.001	0.997	0.001
0.001	0.001	0.001	0.997
0.133	0.781	0.085	0.001
0.001	0.747	0.001	0.251
>TCTCTTCG	6-TCTCTTCG	6.140237	-46.998775	0	T:645.0(67.47%),B:19861.0(52.30%),P:1e-20	Tpos:525.1,Tstd:296.5,Bpos:526.8,Bstd:355.6,StrandBias:1.1,Multiplicity:1.57
0.001	0.085	0.001	0.913
0.001	0.888	0.001	0.110
0.001	0.001	0.001	0.997
0.083	0.803	0.001	0.113
0.061	0.035	0.001	0.903
0.028	0.110	0.036	0.826
0.001	0.920	0.001	0.078
0.113	0.001	0.788	0.098
>TCGTTCTC	7-TCGTTCTC	7.053249	-45.509894	0	T:529.0(55.33%),B:15309.3(40.31%),P:1e-19	Tpos:524.9,Tstd:291.5,Bpos:510.1,Bstd:348.9,StrandBias:1.1,Multiplicity:1.25
0.001	0.046	0.068	0.885
0.039	0.893	0.001	0.067
0.116	0.001	0.836	0.047
0.103	0.001	0.054	0.842
0.028	0.054	0.047	0.871
0.001	0.836	0.001	0.162
0.053	0.001	0.001	0.945
0.001	0.887	0.111	0.001
>CGCGTTGC	8-CGCGTTGC	6.224984	-41.747167	0	T:287.0(30.02%),B:6871.3(18.09%),P:1e-18	Tpos:525.4,Tstd:271.2,Bpos:536.7,Bstd:370.0,StrandBias:0.4,Multiplicity:1.32
0.001	0.744	0.001	0.254
0.001	0.108	0.768	0.123
0.004	0.873	0.075	0.048
0.116	0.001	0.882	0.001
0.131	0.170	0.001	0.698
0.001	0.247	0.257	0.495
0.130	0.147	0.719	0.004
0.001	0.821	0.001	0.177
>GTGTGTGC	9-GTGTGTGC	7.286742	-41.372567	0	T:345.0(36.09%),B:8843.0(23.29%),P:1e-17	Tpos:518.4,Tstd:284.8,Bpos:550.8,Bstd:352.4,StrandBias:0.1,Multiplicity:1.29
0.001	0.075	0.923	0.001
0.088	0.001	0.014	0.897
0.001	0.001	0.997	0.001
0.001	0.030	0.013	0.956
0.001	0.051	0.798	0.150
0.001	0.102	0.001	0.896
0.001	0.001	0.997	0.001
0.067	0.620	0.001	0.312
>GACGAGGG	10-GACGAGGG	6.770937	-41.278385	0	T:256.0(26.78%),B:5891.3(15.51%),P:1e-17	Tpos:510.7,Tstd:284.3,Bpos:532.4,Bstd:356.8,StrandBias:-1.1,Multiplicity:1.14
0.058	0.085	0.839	0.018
0.982	0.001	0.016	0.001
0.148	0.778	0.073	0.001
0.038	0.060	0.886	0.016
0.989	0.009	0.001	0.001
0.001	0.103	0.862	0.034
0.119	0.023	0.770	0.088
0.001	0.073	0.905	0.021
>ATCGATTA	11-ATCGATTA	7.385021	-39.087896	0	T:423.0(44.25%),B:11749.2(30.94%),P:1e-16	Tpos:548.6,Tstd:283.3,Bpos:531.1,Bstd:357.0,StrandBias:0.1,Multiplicity:1.41
0.923	0.032	0.001	0.044
0.001	0.034	0.001	0.964
0.001	0.902	0.001	0.096
0.001	0.001	0.931	0.067
0.932	0.001	0.001	0.066
0.001	0.001	0.001	0.997
0.140	0.001	0.044	0.815
0.611	0.001	0.135	0.253
>YCTTCTTT	12-YCTTCTTT	7.250265	-38.652486	0	T:672.0(70.29%),B:21578.3(56.82%),P:1e-16	Tpos:541.7,Tstd:285.2,Bpos:527.3,Bstd:341.0,StrandBias:1.3,Multiplicity:1.69
0.001	0.479	0.001	0.519
0.037	0.846	0.037	0.080
0.026	0.006	0.001	0.967
0.001	0.001	0.001	0.997
0.001	0.997	0.001	0.001
0.001	0.001	0.001	0.997
0.411	0.001	0.001	0.587
0.001	0.001	0.001	0.997
>CGAAACGA	13-CGAAACGA	6.844134	-34.131201	0	T:415.0(43.41%),B:11790.1(31.05%),P:1e-14	Tpos:519.5,Tstd:291.9,Bpos:524.7,Bstd:348.5,StrandBias:-0.6,Multiplicity:1.31
0.001	0.896	0.026	0.077
0.069	0.061	0.781	0.089
0.956	0.035	0.001	0.008
0.844	0.001	0.072	0.083
0.960	0.001	0.001	0.038
0.001	0.959	0.039	0.001
0.107	0.001	0.891	0.001
0.781	0.151	0.067	0.001
>ACTGCGGG	14-ACTGCGGG	6.407393	-29.037477	0	T:187.0(19.56%),B:4305.2(11.34%),P:1e-12	Tpos:468.7,Tstd:293.5,Bpos:521.3,Bstd:346.0,StrandBias:-0.3,Multiplicity:1.15
0.997	0.001	0.001	0.001
0.001	0.793	0.075	0.131
0.035	0.070	0.077	0.818
0.079	0.001	0.919	0.001
0.102	0.896	0.001	0.001
0.001	0.090	0.812	0.097
0.001	0.077	0.841	0.081
0.154	0.001	0.844	0.001
>AGAGGGMA	15-AGAGGGMA	5.972942	-27.604911	0	T:435.0(45.50%),B:13023.0(34.29%),P:1e-11	Tpos:525.9,Tstd:287.8,Bpos:539.9,Bstd:340.5,StrandBias:-1.5,Multiplicity:1.34
0.573	0.166	0.245	0.016
0.251	0.017	0.686	0.046
0.693	0.041	0.060	0.206
0.166	0.040	0.728	0.066
0.079	0.178	0.707	0.036
0.282	0.100	0.611	0.007
0.439	0.379	0.166	0.016
0.637	0.127	0.218	0.018
>TTTCGCAA	16-TTTCGCAA	9.032191	-26.275129	0	T:246.0(25.73%),B:6377.7(16.79%),P:1e-11	Tpos:507.0,Tstd:281.9,Bpos:519.5,Bstd:345.3,StrandBias:0.2,Multiplicity:1.17
0.001	0.001	0.054	0.944
0.068	0.001	0.001	0.930
0.001	0.001	0.001	0.997
0.001	0.997	0.001	0.001
0.001	0.001	0.997	0.001
0.001	0.734	0.001	0.264
0.779	0.001	0.001	0.219
0.913	0.001	0.001	0.085
>AATCAAGA	17-AATCAAGA	8.070867	-23.815970	0	T:398.0(41.63%),B:11956.0(31.48%),P:1e-10	Tpos:543.0,Tstd:281.3,Bpos:530.5,Bstd:340.1,StrandBias:-0.7,Multiplicity:1.32
0.774	0.086	0.139	0.001
0.997	0.001	0.001	0.001
0.324	0.001	0.001	0.674
0.298	0.700	0.001	0.001
0.866	0.001	0.132	0.001
0.619	0.379	0.001	0.001
0.001	0.106	0.522	0.371
0.997	0.001	0.001	0.001
>GACAAATA	18-GACAAATA	7.899738	-22.513105	0	T:260.0(27.20%),B:7108.0(18.72%),P:1e-9	Tpos:514.7,Tstd:286.0,Bpos:523.6,Bstd:340.5,StrandBias:-1.2,Multiplicity:1.16
0.001	0.001	0.997	0.001
0.997	0.001	0.001	0.001
0.001	0.683	0.315	0.001
0.865	0.001	0.133	0.001
0.997	0.001	0.001	0.001
0.997	0.001	0.001	0.001
0.001	0.001	0.001	0.997
0.997	0.001	0.001	0.001
>GTGCGCGC	19-GTGCGCGC	7.116103	-21.789167	0	T:178.0(18.62%),B:4409.5(11.61%),P:1e-9	Tpos:516.0,Tstd:280.3,Bpos:568.7,Bstd:367.9,StrandBias:-0.1,Multiplicity:1.14
0.001	0.035	0.871	0.093
0.087	0.111	0.001	0.801
0.001	0.023	0.975	0.001
0.066	0.895	0.038	0.001
0.001	0.082	0.816	0.101
0.001	0.970	0.028	0.001
0.075	0.001	0.780	0.144
0.061	0.888	0.001	0.050
>TTAAATAA	20-TTAAATAA	7.361324	-21.762387	0	T:311.0(32.53%),B:8956.8(23.59%),P:1e-9	Tpos:491.2,Tstd:283.7,Bpos:501.0,Bstd:313.4,StrandBias:-0.2,Multiplicity:1.19
0.001	0.001	0.001	0.997
0.001	0.001	0.001	0.997
0.997	0.001	0.001	0.001
0.997	0.001	0.001	0.001
0.881	0.001	0.117	0.001
0.001	0.001	0.001	0.997
0.789	0.209	0.001	0.001
0.997	0.001	0.001	0.001
>CTAAATAT	21-CTAAATAT	9.197164	-14.796844	0	T:232.0(24.27%),B:6745.5(17.76%),P:1e-6	Tpos:487.9,Tstd:295.6,Bpos:494.3,Bstd:325.6,StrandBias:0.0,Multiplicity:1.21
0.001	0.997	0.001	0.001
0.001	0.001	0.190	0.808
0.997	0.001	0.001	0.001
0.997	0.001	0.001	0.001
0.997	0.001	0.001	0.001
0.001	0.001	0.001	0.997
0.997	0.001	0.001	0.001
0.191	0.001	0.001	0.807
>CTAACTGA	22-CTAACTGA	8.949209	-12.668133	0	T:89.0(9.31%),B:2114.8(5.57%),P:1e-5	Tpos:515.8,Tstd:259.9,Bpos:504.4,Bstd:308.3,StrandBias:0.3,Multiplicity:1.06
0.001	0.997	0.001	0.001
0.001	0.001	0.001	0.997
0.997	0.001	0.001	0.001
0.997	0.001	0.001	0.001
0.001	0.997	0.001	0.001
0.154	0.001	0.001	0.844
0.221	0.001	0.777	0.001
0.997	0.001	0.001	0.001
