>CTCTCTCTCT	1-CTCTCTCTCT	7.395853	-61.312996	0	T:429.0(44.87%),B:10713.5(28.21%),P:1e-26	Tpos:529.2,Tstd:275.2,Bpos:566.6,Bstd:356.7,StrandBias:1.3,Multiplicity:1.59
0.001	0.779	0.149	0.071
0.080	0.046	0.152	0.722
0.001	0.821	0.049	0.129
0.165	0.190	0.103	0.542
0.067	0.786	0.001	0.146
0.072	0.059	0.124	0.745
0.001	0.791	0.035	0.173
0.095	0.001	0.001	0.903
0.021	0.901	0.001	0.077
0.044	0.001	0.112	0.843
>TTTATCGATT	2-TTTATCGATT	8.546081	-55.379479	0	T:395.0(41.32%),B:9822.2(25.86%),P:1e-24	Tpos:562.1,Tstd:278.9,Bpos:536.6,Bstd:356.3,StrandBias:1.0,Multiplicity:1.35
0.156	0.065	0.006	0.773
0.033	0.164	0.001	0.802
0.048	0.358	0.001	0.593
0.881	0.117	0.001	0.001
0.001	0.001	0.001	0.997
0.001	0.879	0.001	0.119
0.118	0.001	0.746	0.135
0.936	0.018	0.001	0.045
0.001	0.001	0.001	0.997
0.001	0.001	0.001	0.997
>AGAGACGCAG	3-AGAGACGCAG	6.774535	-54.843495	0	T:351.0(36.72%),B:8350.5(21.99%),P:1e-23	Tpos:498.4,Tstd:276.9,Bpos:536.7,Bstd:354.3,StrandBias:-0.9,Multiplicity:1.20
0.775	0.102	0.061	0.062
0.071	0.079	0.799	0.051
0.760	0.081	0.083	0.076
0.061	0.068	0.772	0.099
0.848	0.044	0.052	0.056
0.069	0.827	0.063	0.041
0.074	0.068	0.817	0.041
0.052	0.791	0.066	0.091
0.854	0.043	0.033	0.070
0.093	0.081	0.766	0.060
>TTTCTTCTCT	4-TTTCTTCTCT	6.066029	-50.021060	0	T:496.0(51.88%),B:13770.2(36.26%),P:1e-21	Tpos:559.0,Tstd:291.8,Bpos:545.6,Bstd:353.0,StrandBias:1.7,Multiplicity:1.55
0.001	0.001	0.001	0.997
0.001	0.421	0.001	0.577
0.001	0.001	0.001	0.997
0.001	0.997	0.001	0.001
0.001	0.001	0.001	0.997
0.001	0.001	0.001	0.997
0.001	0.997	0.001	0.001
0.001	0.001	0.001	0.997
0.001	0.997	0.001	0.001
0.001	0.001	0.001	0.997
>CCTCTCTCGT	5-CCTCTCTCGT	7.197310	-44.790774	0	T:207.0(21.65%),B:4231.2(11.14%),P:1e-19	Tpos:489.1,Tstd:275.1,Bpos:541.3,Bstd:357.0,StrandBias:1.2,Multiplicity:1.08
0.086	0.710	0.128	0.076
0.047	0.826	0.042	0.085
0.059	0.093	0.061	0.787
0.049	0.815	0.056	0.080
0.066	0.058	0.085	0.791
0.084	0.761	0.085	0.070
0.038	0.049	0.035	0.878
0.057	0.801	0.045	0.097
0.098	0.053	0.816	0.033
0.052	0.069	0.059	0.820
>CTTTCCTCCT	6-CTTTCCTCCT	6.937314	-43.942625	0	T:482.0(50.42%),B:13620.6(35.87%),P:1e-19	Tpos:533.4,Tstd:284.6,Bpos:537.0,Bstd:345.7,StrandBias:1.2,Multiplicity:1.31
0.092	0.756	0.045	0.107
0.073	0.038	0.070	0.819
0.035	0.071	0.074	0.820
0.073	0.082	0.056	0.789
0.054	0.792	0.044	0.110
0.038	0.794	0.080	0.088
0.067	0.068	0.038	0.827
0.042	0.815	0.079	0.064
0.054	0.775	0.116	0.055
0.066	0.054	0.059	0.821
>TTTTTCTCTT	7-TTTTTCTCTT	8.392232	-40.230143	0	T:465.0(48.64%),B:13225.2(34.83%),P:1e-17	Tpos:559.9,Tstd:289.0,Bpos:525.3,Bstd:334.1,StrandBias:1.4,Multiplicity:1.28
0.012	0.114	0.208	0.666
0.025	0.034	0.187	0.754
0.034	0.014	0.046	0.906
0.237	0.012	0.029	0.722
0.039	0.143	0.203	0.615
0.171	0.581	0.028	0.220
0.024	0.064	0.029	0.883
0.261	0.550	0.166	0.023
0.018	0.201	0.184	0.597
0.134	0.037	0.055	0.774
>RCGCGTSMGS	8-RCGCGTSMGS	6.619146	-40.190862	0	T:244.0(25.52%),B:5561.9(14.65%),P:1e-17	Tpos:541.0,Tstd:269.8,Bpos:560.4,Bstd:368.3,StrandBias:-0.2,Multiplicity:1.26
0.463	0.001	0.535	0.001
0.001	0.778	0.001	0.220
0.314	0.001	0.626	0.059
0.001	0.967	0.001	0.031
0.001	0.001	0.997	0.001
0.001	0.402	0.001	0.596
0.193	0.281	0.356	0.170
0.378	0.406	0.215	0.001
0.124	0.001	0.514	0.361
0.133	0.366	0.352	0.148
>CRTTRCGAAA	9-CRTTRCGAAA	9.516650	-37.872176	0	T:167.0(17.47%),B:3323.9(8.75%),P:1e-16	Tpos:523.1,Tstd:280.7,Bpos:533.4,Bstd:347.3,StrandBias:-0.7,Multiplicity:1.11
0.340	0.524	0.001	0.135
0.463	0.001	0.535	0.001
0.202	0.139	0.001	0.658
0.001	0.123	0.013	0.863
0.461	0.001	0.518	0.020
0.001	0.997	0.001	0.001
0.001	0.001	0.997	0.001
0.997	0.001	0.001	0.001
0.839	0.001	0.159	0.001
0.997	0.001	0.001	0.001
>TATTTCTCTC	10-TATTTCTCTC	8.921977	-37.542750	0	T:236.0(24.69%),B:5434.0(14.31%),P:1e-16	Tpos:545.4,Tstd:281.1,Bpos:531.8,Bstd:347.0,StrandBias:1.5,Multiplicity:1.12
0.054	0.001	0.001	0.944
0.920	0.001	0.044	0.035
0.001	0.001	0.001	0.997
0.001	0.026	0.015	0.958
0.001	0.072	0.032	0.895
0.086	0.826	0.001	0.087
0.020	0.001	0.041	0.938
0.001	0.918	0.001	0.080
0.032	0.103	0.049	0.816
0.132	0.778	0.001	0.089
>CGCAAACACA	11-CGCAAACACA	6.213022	-37.024290	0	T:325.0(34.00%),B:8405.7(22.13%),P:1e-16	Tpos:509.6,Tstd:283.5,Bpos:540.5,Bstd:337.9,StrandBias:-0.2,Multiplicity:1.23
0.133	0.535	0.097	0.235
0.086	0.084	0.759	0.071
0.069	0.662	0.090	0.179
0.491	0.291	0.118	0.100
0.680	0.072	0.104	0.144
0.655	0.132	0.128	0.085
0.096	0.767	0.056	0.081
0.671	0.087	0.165	0.077
0.203	0.607	0.119	0.071
0.455	0.136	0.302	0.107
>GRSKGAAWAG	12-GRSKGAAWAG	6.889632	-35.317194	0	T:301.0(31.49%),B:7686.9(20.24%),P:1e-15	Tpos:504.6,Tstd:297.8,Bpos:531.2,Bstd:343.7,StrandBias:-0.9,Multiplicity:1.14
0.001	0.336	0.535	0.128
0.475	0.197	0.327	0.001
0.001	0.360	0.488	0.150
0.197	0.162	0.383	0.257
0.116	0.160	0.723	0.001
0.612	0.001	0.332	0.055
0.546	0.322	0.131	0.001
0.566	0.001	0.001	0.432
0.678	0.093	0.001	0.228
0.001	0.001	0.997	0.001
>CGTTCGTTTT	13-CGTTCGTTTT	9.041443	-33.216984	0	T:153.0(16.00%),B:3095.7(8.15%),P:1e-14	Tpos:563.9,Tstd:258.1,Bpos:530.2,Bstd:345.9,StrandBias:0.9,Multiplicity:1.07
0.092	0.667	0.027	0.214
0.149	0.170	0.473	0.208
0.370	0.001	0.001	0.628
0.067	0.070	0.067	0.796
0.030	0.705	0.001	0.264
0.001	0.032	0.736	0.231
0.289	0.001	0.037	0.673
0.001	0.001	0.001	0.997
0.021	0.001	0.058	0.920
0.001	0.174	0.072	0.753
>TGTGTGTGTG	14-TGTGTGTGTG	7.511597	-32.993159	0	T:238.0(24.90%),B:5726.2(15.08%),P:1e-14	Tpos:515.2,Tstd:288.8,Bpos:552.1,Bstd:356.1,StrandBias:-0.0,Multiplicity:1.31
0.153	0.140	0.017	0.690
0.093	0.001	0.905	0.001
0.290	0.001	0.001	0.708
0.065	0.090	0.844	0.001
0.001	0.001	0.001	0.997
0.086	0.001	0.912	0.001
0.146	0.261	0.001	0.592
0.098	0.001	0.900	0.001
0.141	0.267	0.084	0.508
0.001	0.227	0.771	0.001
>ACGCGCCGCG	15-ACGCGCCGCG	6.163528	-32.010290	0	T:117.0(12.24%),B:2126.4(5.60%),P:1e-13	Tpos:499.8,Tstd:256.1,Bpos:516.2,Bstd:378.0,StrandBias:0.1,Multiplicity:1.13
0.965	0.001	0.001	0.033
0.001	0.974	0.001	0.024
0.038	0.077	0.884	0.001
0.001	0.909	0.089	0.001
0.041	0.001	0.957	0.001
0.263	0.607	0.001	0.129
0.047	0.891	0.001	0.061
0.001	0.001	0.903	0.095
0.016	0.982	0.001	0.001
0.019	0.018	0.921	0.042
>TTCCTTTTCC	16-TTCCTTTTCC	8.699758	-31.520654	0	T:207.0(21.65%),B:4810.3(12.67%),P:1e-13	Tpos:513.3,Tstd:289.2,Bpos:526.9,Bstd:346.4,StrandBias:1.6,Multiplicity:1.09
0.031	0.001	0.033	0.935
0.177	0.070	0.055	0.698
0.001	0.963	0.001	0.035
0.001	0.619	0.228	0.152
0.035	0.029	0.031	0.905
0.032	0.001	0.001	0.966
0.018	0.001	0.262	0.719
0.011	0.184	0.038	0.767
0.001	0.987	0.011	0.001
0.002	0.876	0.067	0.055
>GGCCGGGTCG	17-GGCCGGGTCG	8.334185	-29.998783	0	T:46.0(4.81%),B:473.3(1.25%),P:1e-13	Tpos:490.2,Tstd:225.6,Bpos:526.9,Bstd:363.6,StrandBias:-1.2,Multiplicity:1.05
0.180	0.001	0.818	0.001
0.001	0.001	0.997	0.001
0.001	0.499	0.180	0.321
0.134	0.702	0.076	0.088
0.160	0.005	0.736	0.099
0.001	0.119	0.879	0.001
0.001	0.133	0.865	0.001
0.001	0.001	0.001	0.997
0.001	0.766	0.122	0.111
0.070	0.001	0.928	0.001
>TTATTCTTTA	18-TTATTCTTTA	7.702964	-26.615493	0	T:470.0(49.16%),B:14430.1(38.00%),P:1e-11	Tpos:541.2,Tstd:290.5,Bpos:519.6,Bstd:330.3,StrandBias:0.9,Multiplicity:1.35
0.080	0.135	0.031	0.754
0.156	0.057	0.054	0.733
0.532	0.162	0.129	0.177
0.103	0.105	0.045	0.747
0.035	0.091	0.103	0.771
0.194	0.560	0.118	0.128
0.093	0.087	0.049	0.771
0.088	0.121	0.057	0.734
0.084	0.164	0.074	0.678
0.551	0.128	0.081	0.240
>TGTTATCACT	19-TGTTATCACT	7.992772	-26.135041	0	T:179.0(18.72%),B:4201.8(11.06%),P:1e-11	Tpos:531.2,Tstd:274.2,Bpos:531.2,Bstd:320.3,StrandBias:0.9,Multiplicity:1.10
0.200	0.084	0.091	0.625
0.099	0.191	0.477	0.233
0.064	0.269	0.020	0.647
0.129	0.060	0.168	0.643
0.735	0.001	0.109	0.155
0.006	0.112	0.019	0.863
0.029	0.820	0.048	0.103
0.636	0.200	0.039	0.125
0.127	0.556	0.133	0.184
0.001	0.008	0.006	0.985
>GAATGCGACC	20-GAATGCGACC	9.298933	-26.008985	0	T:38.0(3.97%),B:377.6(0.99%),P:1e-11	Tpos:366.2,Tstd:225.4,Bpos:509.1,Bstd:327.7,StrandBias:-0.5,Multiplicity:1.00
0.001	0.001	0.778	0.220
0.997	0.001	0.001	0.001
0.997	0.001	0.001	0.001
0.001	0.318	0.192	0.489
0.087	0.116	0.796	0.001
0.139	0.859	0.001	0.001
0.146	0.186	0.563	0.105
0.859	0.001	0.001	0.139
0.155	0.843	0.001	0.001
0.006	0.683	0.152	0.159
>CACCGCCCGC	21-CACCGCCCGC	6.665982	-24.575086	0	T:49.0(5.13%),B:625.1(1.65%),P:1e-10	Tpos:482.4,Tstd:255.4,Bpos:557.0,Bstd:345.8,StrandBias:0.1,Multiplicity:1.02
0.280	0.623	0.024	0.073
0.424	0.258	0.058	0.259
0.166	0.437	0.189	0.208
0.060	0.789	0.062	0.089
0.242	0.072	0.670	0.016
0.184	0.388	0.191	0.237
0.204	0.553	0.016	0.227
0.036	0.724	0.038	0.202
0.179	0.215	0.544	0.062
0.057	0.531	0.208	0.204
>AAACGCGCGT	22-AAACGCGCGT	7.081905	-21.169217	0	T:158.0(16.53%),B:3804.8(10.02%),P:1e-9	Tpos:548.7,Tstd:260.7,Bpos:522.9,Bstd:342.0,StrandBias:-0.1,Multiplicity:1.14
0.799	0.085	0.047	0.069
0.825	0.073	0.069	0.033
0.833	0.065	0.058	0.044
0.057	0.792	0.044	0.107
0.081	0.057	0.780	0.082
0.089	0.785	0.067	0.059
0.073	0.047	0.815	0.065
0.062	0.738	0.113	0.087
0.033	0.045	0.851	0.071
0.075	0.095	0.040	0.790
>AAATAGAGGG	23-AAATAGAGGG	9.815901	-19.620601	0	T:68.0(7.11%),B:1212.1(3.19%),P:1e-8	Tpos:524.3,Tstd:260.4,Bpos:526.8,Bstd:339.0,StrandBias:-1.6,Multiplicity:1.04
0.780	0.127	0.001	0.092
0.997	0.001	0.001	0.001
0.962	0.036	0.001	0.001
0.223	0.001	0.001	0.775
0.827	0.001	0.044	0.128
0.066	0.001	0.932	0.001
0.997	0.001	0.001	0.001
0.073	0.115	0.811	0.001
0.001	0.030	0.968	0.001
0.059	0.001	0.939	0.001
>CTCACGTCAG	24-CTCACGTCAG	11.756460	-14.888423	0	T:9.0(0.94%),B:30.4(0.08%),P:1e-6	Tpos:671.4,Tstd:145.5,Bpos:526.1,Bstd:285.7,StrandBias:-1.0,Multiplicity:1.00
0.001	0.997	0.001	0.001
0.001	0.001	0.001	0.997
0.001	0.997	0.001	0.001
0.997	0.001	0.001	0.001
0.001	0.873	0.125	0.001
0.001	0.001	0.997	0.001
0.001	0.001	0.001	0.997
0.001	0.997	0.001	0.001
0.997	0.001	0.001	0.001
0.001	0.001	0.997	0.001
>CGAAATAGTT	25-CGAAATAGTT	11.570651	-12.933403	0	T:66.0(6.90%),B:1407.2(3.71%),P:1e-5	Tpos:449.3,Tstd:282.9,Bpos:514.9,Bstd:332.8,StrandBias:0.2,Multiplicity:1.15
0.001	0.997	0.001	0.001
0.001	0.001	0.665	0.333
0.997	0.001	0.001	0.001
0.997	0.001	0.001	0.001
0.997	0.001	0.001	0.001
0.001	0.001	0.001	0.997
0.997	0.001	0.001	0.001
0.001	0.001	0.630	0.368
0.001	0.001	0.156	0.842
0.001	0.001	0.001	0.997
