>SWTCAWAGAACR	1-SWTCAWAGAACR	8.690403	-50.799501	0	T:60.0(34.09%),B:3226.1(7.95%),P:1e-22	Tpos:584.5,Tstd:246.4,Bpos:506.6,Bstd:315.5,StrandBias:-0.4,Multiplicity:1.17
0.072	0.433	0.443	0.052
0.549	0.001	0.001	0.449
0.026	0.248	0.184	0.542
0.074	0.813	0.039	0.074
0.978	0.001	0.001	0.020
0.510	0.024	0.062	0.404
0.765	0.001	0.001	0.233
0.014	0.054	0.837	0.095
0.966	0.001	0.001	0.032
0.979	0.001	0.019	0.001
0.090	0.814	0.061	0.035
0.481	0.120	0.343	0.057
>TGTTCTTTGCCC	2-TGTTCTTTGCCC	13.295359	-33.197796	0	T:10.0(5.68%),B:34.6(0.09%),P:1e-14	Tpos:630.9,Tstd:160.1,Bpos:491.9,Bstd:321.1,StrandBias:2.0,Multiplicity:1.00
0.001	0.137	0.001	0.861
0.001	0.001	0.997	0.001
0.001	0.001	0.001	0.997
0.001	0.001	0.001	0.997
0.001	0.831	0.088	0.080
0.001	0.001	0.137	0.861
0.001	0.001	0.001	0.997
0.001	0.001	0.001	0.997
0.119	0.001	0.879	0.001
0.001	0.879	0.001	0.119
0.085	0.913	0.001	0.001
0.001	0.889	0.001	0.109
>ACTGATAACAAA	3-ACTGATAACAAA	12.038024	-29.083352	0	T:20.0(11.36%),B:511.6(1.26%),P:1e-12	Tpos:693.5,Tstd:229.6,Bpos:572.0,Bstd:307.6,StrandBias:0.7,Multiplicity:1.05
0.929	0.001	0.069	0.001
0.097	0.901	0.001	0.001
0.209	0.001	0.001	0.789
0.001	0.001	0.997	0.001
0.997	0.001	0.001	0.001
0.001	0.001	0.108	0.890
0.917	0.001	0.001	0.081
0.788	0.001	0.210	0.001
0.039	0.910	0.050	0.001
0.811	0.001	0.187	0.001
0.773	0.001	0.001	0.225
0.841	0.001	0.001	0.157
>GTTCTTTGTGTG	4-GTTCTTTGTGTG	12.212739	-26.589331	0	T:11.0(6.25%),B:102.8(0.25%),P:1e-11	Tpos:541.1,Tstd:251.0,Bpos:515.9,Bstd:286.2,StrandBias:1.0,Multiplicity:1.09
0.167	0.001	0.831	0.001
0.001	0.001	0.001	0.997
0.114	0.001	0.001	0.884
0.091	0.907	0.001	0.001
0.001	0.001	0.001	0.997
0.001	0.001	0.001	0.997
0.001	0.001	0.001	0.997
0.001	0.001	0.997	0.001
0.135	0.001	0.001	0.863
0.001	0.001	0.997	0.001
0.001	0.001	0.001	0.997
0.001	0.226	0.678	0.095
>AAAATGCTATCA	5-AAAATGCTATCA	10.903651	-23.992343	0	T:26.0(14.77%),B:1225.5(3.02%),P:1e-10	Tpos:497.5,Tstd:296.7,Bpos:514.0,Bstd:306.7,StrandBias:0.9,Multiplicity:1.12
0.997	0.001	0.001	0.001
0.997	0.001	0.001	0.001
0.800	0.001	0.001	0.198
0.929	0.001	0.069	0.001
0.001	0.076	0.001	0.922
0.001	0.197	0.622	0.180
0.191	0.731	0.001	0.077
0.088	0.120	0.004	0.788
0.968	0.030	0.001	0.001
0.066	0.004	0.106	0.824
0.029	0.928	0.001	0.042
0.679	0.224	0.096	0.001
>TGATCTATTGGT	6-TGATCTATTGGT	13.754653	-23.939770	0	T:8.0(4.55%),B:41.8(0.10%),P:1e-10	Tpos:520.2,Tstd:225.6,Bpos:496.8,Bstd:304.5,StrandBias:-0.7,Multiplicity:1.00
0.001	0.001	0.001	0.997
0.001	0.001	0.997	0.001
0.866	0.001	0.001	0.132
0.139	0.001	0.001	0.859
0.001	0.997	0.001	0.001
0.001	0.001	0.001	0.997
0.997	0.001	0.001	0.001
0.001	0.001	0.001	0.997
0.197	0.001	0.001	0.801
0.158	0.001	0.730	0.111
0.001	0.001	0.997	0.001
0.001	0.001	0.132	0.866
>GACTTCTTCATT	7-GACTTCTTCATT	13.120605	-23.878805	0	T:12.0(6.82%),B:176.7(0.44%),P:1e-10	Tpos:454.7,Tstd:366.6,Bpos:503.9,Bstd:298.3,StrandBias:0.5,Multiplicity:1.00
0.070	0.001	0.837	0.092
0.815	0.108	0.001	0.076
0.001	0.997	0.001	0.001
0.142	0.001	0.001	0.856
0.001	0.001	0.001	0.997
0.001	0.918	0.001	0.080
0.176	0.001	0.001	0.822
0.001	0.001	0.001	0.997
0.176	0.822	0.001	0.001
0.997	0.001	0.001	0.001
0.001	0.001	0.001	0.997
0.001	0.001	0.001	0.997
>CTGCAGAAACTA	8-CTGCAGAAACTA	13.740690	-23.122112	0	T:8.0(4.55%),B:46.2(0.11%),P:1e-10	Tpos:293.5,Tstd:152.3,Bpos:443.7,Bstd:349.3,StrandBias:0.7,Multiplicity:1.00
0.001	0.997	0.001	0.001
0.001	0.001	0.001	0.997
0.128	0.001	0.870	0.001
0.110	0.708	0.181	0.001
0.865	0.001	0.001	0.133
0.001	0.001	0.997	0.001
0.997	0.001	0.001	0.001
0.997	0.001	0.001	0.001
0.997	0.001	0.001	0.001
0.001	0.997	0.001	0.001
0.001	0.165	0.001	0.833
0.865	0.001	0.133	0.001
>TGATAAGAAAGA	9-TGATAAGAAAGA	12.085511	-22.746041	0	T:16.0(9.09%),B:430.5(1.06%),P:1e-9	Tpos:642.5,Tstd:281.1,Bpos:533.1,Bstd:319.5,StrandBias:-0.6,Multiplicity:1.00
0.001	0.001	0.001	0.997
0.001	0.001	0.997	0.001
0.997	0.001	0.001	0.001
0.001	0.114	0.001	0.884
0.997	0.001	0.001	0.001
0.834	0.001	0.001	0.164
0.181	0.001	0.817	0.001
0.873	0.001	0.125	0.001
0.880	0.001	0.118	0.001
0.875	0.001	0.123	0.001
0.032	0.001	0.966	0.001
0.878	0.001	0.120	0.001
>ATTCATAGATTT	10-ATTCATAGATTT	11.612576	-22.274032	0	T:26.0(14.77%),B:1329.5(3.28%),P:1e-9	Tpos:480.2,Tstd:236.9,Bpos:522.1,Bstd:301.0,StrandBias:-0.3,Multiplicity:1.04
0.919	0.079	0.001	0.001
0.001	0.001	0.001	0.997
0.001	0.001	0.001	0.997
0.001	0.658	0.152	0.189
0.997	0.001	0.001	0.001
0.001	0.001	0.271	0.727
0.944	0.054	0.001	0.001
0.074	0.001	0.664	0.261
0.782	0.001	0.001	0.216
0.001	0.108	0.240	0.651
0.001	0.001	0.001	0.997
0.001	0.001	0.001	0.997
>GGAAGATAGAGG	11-GGAAGATAGAGG	13.930840	-22.107411	0	T:8.0(4.55%),B:53.3(0.13%),P:1e-9	Tpos:651.4,Tstd:262.1,Bpos:498.1,Bstd:324.3,StrandBias:-1.6,Multiplicity:1.00
0.001	0.001	0.997	0.001
0.001	0.001	0.997	0.001
0.997	0.001	0.001	0.001
0.997	0.001	0.001	0.001
0.001	0.001	0.997	0.001
0.997	0.001	0.001	0.001
0.141	0.001	0.137	0.721
0.997	0.001	0.001	0.001
0.001	0.001	0.817	0.181
0.997	0.001	0.001	0.001
0.225	0.001	0.614	0.160
0.001	0.001	0.997	0.001
>CCGTGATAAATT	12-CCGTGATAAATT	10.492644	-21.829171	0	T:16.0(9.09%),B:459.8(1.13%),P:1e-9	Tpos:483.8,Tstd:252.9,Bpos:511.6,Bstd:295.3,StrandBias:-1.6,Multiplicity:1.00
0.025	0.473	0.303	0.198
0.170	0.826	0.001	0.003
0.001	0.001	0.997	0.001
0.001	0.014	0.289	0.696
0.075	0.124	0.565	0.236
0.763	0.001	0.235	0.001
0.059	0.001	0.004	0.936
0.911	0.001	0.001	0.087
0.872	0.123	0.001	0.004
0.993	0.001	0.001	0.005
0.025	0.123	0.001	0.851
0.002	0.001	0.001	0.996
>CAGCCACGTGGT	13-CAGCCACGTGGT	10.470180	-21.548962	0	T:12.0(6.82%),B:218.8(0.54%),P:1e-9	Tpos:508.4,Tstd:304.9,Bpos:531.7,Bstd:300.6,StrandBias:1.0,Multiplicity:1.00
0.270	0.620	0.001	0.109
0.609	0.001	0.109	0.281
0.190	0.078	0.731	0.001
0.081	0.913	0.005	0.001
0.109	0.889	0.001	0.001
0.889	0.001	0.109	0.001
0.088	0.692	0.001	0.219
0.109	0.001	0.889	0.001
0.004	0.001	0.001	0.994
0.109	0.001	0.887	0.003
0.001	0.001	0.997	0.001
0.001	0.001	0.093	0.905
>CTGCGTCTCTTC	14-CTGCGTCTCTTC	12.428747	-20.136447	0	T:18.0(10.23%),B:681.5(1.68%),P:1e-8	Tpos:707.1,Tstd:243.0,Bpos:557.8,Bstd:313.4,StrandBias:0.9,Multiplicity:1.11
0.086	0.849	0.001	0.064
0.001	0.001	0.107	0.891
0.001	0.001	0.941	0.057
0.001	0.957	0.001	0.041
0.076	0.001	0.922	0.001
0.001	0.001	0.001	0.997
0.001	0.997	0.001	0.001
0.001	0.001	0.001	0.997
0.115	0.787	0.001	0.097
0.077	0.001	0.068	0.854
0.040	0.074	0.001	0.885
0.001	0.939	0.001	0.059
>GGAAGATCAAAA	15-GGAAGATCAAAA	13.237440	-19.543247	0	T:10.0(5.68%),B:156.2(0.39%),P:1e-8	Tpos:529.8,Tstd:327.4,Bpos:479.3,Bstd:325.0,StrandBias:-0.6,Multiplicity:1.00
0.088	0.001	0.836	0.075
0.001	0.001	0.997	0.001
0.952	0.001	0.001	0.046
0.854	0.001	0.144	0.001
0.039	0.087	0.805	0.069
0.997	0.001	0.001	0.001
0.001	0.124	0.001	0.874
0.001	0.887	0.001	0.111
0.997	0.001	0.001	0.001
0.997	0.001	0.001	0.001
0.997	0.001	0.001	0.001
0.892	0.001	0.001	0.106
>GTTCAAACAGTC	16-GTTCAAACAGTC	13.432400	-19.348190	0	T:9.0(5.11%),B:115.5(0.28%),P:1e-8	Tpos:400.8,Tstd:234.3,Bpos:552.2,Bstd:266.9,StrandBias:-0.3,Multiplicity:1.00
0.001	0.001	0.997	0.001
0.001	0.001	0.001	0.997
0.001	0.001	0.001	0.997
0.001	0.997	0.001	0.001
0.997	0.001	0.001	0.001
0.821	0.001	0.177	0.001
0.997	0.001	0.001	0.001
0.085	0.771	0.001	0.143
0.997	0.001	0.001	0.001
0.098	0.001	0.785	0.116
0.001	0.001	0.143	0.855
0.001	0.886	0.001	0.112
>GCGTAATCTCTA	17-GCGTAATCTCTA	14.164469	-19.306892	0	T:5.0(2.84%),B:10.7(0.03%),P:1e-8	Tpos:743.0,Tstd:199.5,Bpos:427.5,Bstd:268.2,StrandBias:2.0,Multiplicity:1.00
0.001	0.001	0.997	0.001
0.227	0.771	0.001	0.001
0.001	0.001	0.997	0.001
0.182	0.001	0.001	0.816
0.997	0.001	0.001	0.001
0.800	0.001	0.198	0.001
0.227	0.001	0.001	0.771
0.001	0.997	0.001	0.001
0.001	0.001	0.001	0.997
0.001	0.997	0.001	0.001
0.001	0.001	0.001	0.997
0.997	0.001	0.001	0.001
>TTHACTGATAAG	18-TTHACTGATAAG	9.636296	-19.157943	0	T:32.0(18.18%),B:2278.6(5.62%),P:1e-8	Tpos:580.0,Tstd:270.3,Bpos:533.3,Bstd:313.6,StrandBias:0.6,Multiplicity:1.10
0.142	0.001	0.028	0.829
0.185	0.167	0.001	0.647
0.234	0.320	0.137	0.309
0.560	0.103	0.001	0.336
0.136	0.554	0.211	0.099
0.131	0.034	0.001	0.834
0.001	0.160	0.838	0.001
0.967	0.001	0.001	0.031
0.001	0.001	0.244	0.754
0.826	0.001	0.172	0.001
0.997	0.001	0.001	0.001
0.177	0.196	0.626	0.001
>TGTTCTTATTCT	19-TGTTCTTATTCT	13.133999	-18.710423	0	T:10.0(5.68%),B:171.3(0.42%),P:1e-8	Tpos:468.4,Tstd:195.1,Bpos:528.6,Bstd:306.4,StrandBias:0.6,Multiplicity:1.00
0.001	0.001	0.001	0.997
0.001	0.031	0.937	0.031
0.086	0.001	0.001	0.912
0.088	0.001	0.001	0.910
0.069	0.824	0.072	0.035
0.001	0.001	0.121	0.877
0.001	0.001	0.001	0.997
0.967	0.001	0.001	0.031
0.077	0.001	0.001	0.921
0.001	0.001	0.001	0.997
0.071	0.807	0.085	0.037
0.097	0.001	0.001	0.901
>CTGATCTCTGAT	20-CTGATCTCTGAT	13.858024	-17.713536	0	T:6.0(3.41%),B:34.4(0.08%),P:1e-7	Tpos:514.1,Tstd:249.8,Bpos:482.7,Bstd:290.6,StrandBias:-0.4,Multiplicity:1.17
0.001	0.997	0.001	0.001
0.001	0.001	0.001	0.997
0.140	0.001	0.858	0.001
0.842	0.001	0.001	0.156
0.001	0.001	0.001	0.997
0.135	0.760	0.001	0.104
0.001	0.001	0.001	0.997
0.001	0.842	0.156	0.001
0.001	0.001	0.001	0.997
0.001	0.001	0.997	0.001
0.842	0.001	0.001	0.156
0.001	0.001	0.001	0.997
>CAAAAATGCTTG	21-CAAAAATGCTTG	12.578108	-17.619829	0	T:13.0(7.39%),B:384.4(0.95%),P:1e-7	Tpos:471.6,Tstd:262.0,Bpos:501.3,Bstd:282.4,StrandBias:0.0,Multiplicity:1.08
0.001	0.902	0.001	0.096
0.997	0.001	0.001	0.001
0.997	0.001	0.001	0.001
0.997	0.001	0.001	0.001
0.997	0.001	0.001	0.001
0.868	0.130	0.001	0.001
0.096	0.001	0.001	0.902
0.001	0.001	0.814	0.184
0.151	0.811	0.001	0.037
0.001	0.001	0.001	0.997
0.001	0.088	0.001	0.910
0.001	0.091	0.907	0.001
>AATTCCTGCTCA	22-AATTCCTGCTCA	14.158638	-14.967247	0	T:3.0(1.70%),B:1.1(0.00%),P:1e-6	Tpos:826.3,Tstd:69.9,Bpos:981.5,Bstd:0.4,StrandBias:1.0,Multiplicity:1.00
0.912	0.001	0.001	0.086
0.997	0.001	0.001	0.001
0.001	0.001	0.145	0.853
0.001	0.001	0.001	0.997
0.167	0.408	0.237	0.188
0.111	0.887	0.001	0.001
0.001	0.001	0.124	0.874
0.169	0.001	0.829	0.001
0.087	0.767	0.145	0.001
0.001	0.001	0.001	0.997
0.001	0.762	0.236	0.001
0.711	0.001	0.287	0.001
>AACACCATTCGA	23-AACACCATTCGA	12.355432	-14.967247	0	T:3.0(1.70%),B:1.0(0.00%),P:1e-6	Tpos:368.0,Tstd:144.5,Bpos:472.0,Bstd:0.0,StrandBias:1.0,Multiplicity:1.00
0.700	0.100	0.100	0.100
0.700	0.100	0.100	0.100
0.100	0.700	0.100	0.100
0.700	0.100	0.100	0.100
0.100	0.700	0.100	0.100
0.100	0.700	0.100	0.100
0.700	0.100	0.100	0.100
0.100	0.100	0.100	0.700
0.100	0.100	0.100	0.700
0.100	0.700	0.100	0.100
0.100	0.100	0.700	0.100
0.700	0.100	0.100	0.100
>GCGGTTTTGAAC	24-GCGGTTTTGAAC	12.355432	-14.054146	0	T:3.0(1.70%),B:2.7(0.01%),P:1e-6	Tpos:512.7,Tstd:298.5,Bpos:669.5,Bstd:109.5,StrandBias:1.0,Multiplicity:1.00
0.100	0.100	0.700	0.100
0.100	0.700	0.100	0.100
0.100	0.100	0.700	0.100
0.100	0.100	0.700	0.100
0.100	0.100	0.100	0.700
0.100	0.100	0.100	0.700
0.100	0.100	0.100	0.700
0.100	0.100	0.100	0.700
0.100	0.100	0.700	0.100
0.700	0.100	0.100	0.100
0.700	0.100	0.100	0.100
0.100	0.700	0.100	0.100
>ATTTTTCGTGTA	25-ATTTTTCGTGTA	13.501389	-2.886083	0	T:2.0(1.14%),B:86.2(0.21%),P:1e-1	Tpos:435.0,Tstd:132.2,Bpos:416.4,Bstd:269.2,StrandBias:-4.3,Multiplicity:10.50
0.997	0.001	0.001	0.001
0.001	0.001	0.001	0.997
0.001	0.001	0.001	0.997
0.001	0.001	0.001	0.997
0.001	0.001	0.001	0.997
0.001	0.001	0.001	0.997
0.001	0.997	0.001	0.001
0.001	0.001	0.997	0.001
0.045	0.001	0.001	0.953
0.001	0.001	0.997	0.001
0.001	0.001	0.001	0.997
0.997	0.001	0.001	0.001
