>AGCCTTACTC	1-AGCCTTACTC	9.888885	-20.101780	0	T:14.0(5.98%),B:284.3(0.69%),P:1e-8	Tpos:491.6,Tstd:303.5,Bpos:497.0,Bstd:312.4,StrandBias:0.0,Multiplicity:1.14
0.881	0.001	0.117	0.001
0.055	0.001	0.873	0.071
0.001	0.997	0.001	0.001
0.051	0.947	0.001	0.001
0.075	0.001	0.001	0.923
0.001	0.192	0.001	0.806
0.949	0.001	0.001	0.049
0.001	0.943	0.001	0.055
0.001	0.110	0.001	0.888
0.001	0.848	0.085	0.066
>CAGTGAGCCA	2-CAGTGAGCCA	9.873972	-19.429271	0	T:16.0(6.84%),B:414.4(1.00%),P:1e-8	Tpos:516.5,Tstd:302.6,Bpos:498.8,Bstd:314.4,StrandBias:0.5,Multiplicity:1.06
0.001	0.862	0.069	0.068
0.947	0.001	0.001	0.051
0.001	0.034	0.933	0.032
0.001	0.001	0.001	0.997
0.001	0.001	0.997	0.001
0.879	0.001	0.001	0.119
0.057	0.001	0.885	0.057
0.001	0.997	0.001	0.001
0.032	0.886	0.081	0.001
0.661	0.054	0.284	0.001
>CCAGGATCGT	3-CCAGGATCGT	9.065630	-18.772518	0	T:11.0(4.70%),B:169.2(0.41%),P:1e-8	Tpos:477.6,Tstd:250.5,Bpos:424.7,Bstd:290.1,StrandBias:2.5,Multiplicity:1.18
0.001	0.997	0.001	0.001
0.001	0.894	0.104	0.001
0.997	0.001	0.001	0.001
0.001	0.106	0.892	0.001
0.001	0.001	0.997	0.001
0.894	0.001	0.001	0.104
0.001	0.001	0.001	0.997
0.001	0.997	0.001	0.001
0.094	0.001	0.904	0.001
0.076	0.125	0.001	0.798
>AAGCCTAGGC	4-AAGCCTAGGC	7.134583	-18.580176	0	T:46.0(19.66%),B:3261.2(7.86%),P:1e-8	Tpos:456.7,Tstd:271.0,Bpos:488.2,Bstd:314.8,StrandBias:-0.3,Multiplicity:1.27
0.866	0.060	0.026	0.048
0.898	0.001	0.022	0.079
0.093	0.025	0.777	0.105
0.030	0.880	0.019	0.071
0.061	0.752	0.073	0.114
0.008	0.082	0.079	0.831
0.844	0.046	0.045	0.065
0.083	0.035	0.827	0.055
0.138	0.053	0.707	0.102
0.146	0.628	0.122	0.104
>GTGCTWCCGT	5-GTGCTWCCGT	9.819508	-17.940560	0	T:15.0(6.41%),B:399.9(0.96%),P:1e-7	Tpos:463.2,Tstd:234.5,Bpos:453.1,Bstd:307.5,StrandBias:-0.7,Multiplicity:1.07
0.001	0.150	0.522	0.327
0.017	0.001	0.155	0.827
0.001	0.001	0.840	0.158
0.168	0.692	0.139	0.001
0.001	0.192	0.001	0.806
0.563	0.001	0.001	0.435
0.001	0.997	0.001	0.001
0.168	0.830	0.001	0.001
0.001	0.001	0.997	0.001
0.001	0.002	0.001	0.996
>ATGGTGTCGA	6-ATGGTGTCGA	7.449406	-17.069447	0	T:38.0(16.24%),B:2518.5(6.07%),P:1e-7	Tpos:497.8,Tstd:311.7,Bpos:488.9,Bstd:310.2,StrandBias:-1.2,Multiplicity:1.13
0.725	0.055	0.142	0.078
0.078	0.067	0.077	0.778
0.041	0.108	0.775	0.076
0.045	0.064	0.841	0.050
0.056	0.014	0.052	0.878
0.041	0.053	0.830	0.076
0.121	0.054	0.033	0.792
0.050	0.843	0.015	0.092
0.081	0.100	0.773	0.046
0.774	0.079	0.082	0.065
>TGAGGTAATA	7-TGAGGTAATA	9.096330	-16.922874	0	T:25.0(10.68%),B:1220.4(2.94%),P:1e-7	Tpos:622.3,Tstd:273.8,Bpos:497.8,Bstd:304.8,StrandBias:-0.1,Multiplicity:1.08
0.001	0.079	0.001	0.919
0.001	0.001	0.949	0.049
0.880	0.001	0.069	0.050
0.030	0.001	0.929	0.040
0.214	0.053	0.693	0.040
0.050	0.062	0.047	0.841
0.997	0.001	0.001	0.001
0.909	0.089	0.001	0.001
0.001	0.001	0.001	0.997
0.936	0.062	0.001	0.001
>AGCATGCTAG	8-AGCATGCTAG	10.128287	-16.549807	0	T:10.0(4.27%),B:165.3(0.40%),P:1e-7	Tpos:421.5,Tstd:291.8,Bpos:430.6,Bstd:304.3,StrandBias:0.8,Multiplicity:1.00
0.893	0.105	0.001	0.001
0.001	0.001	0.997	0.001
0.001	0.858	0.090	0.051
0.915	0.001	0.001	0.083
0.001	0.133	0.001	0.865
0.001	0.097	0.852	0.050
0.001	0.997	0.001	0.001
0.001	0.001	0.001	0.997
0.858	0.055	0.086	0.001
0.054	0.097	0.848	0.001
>CKHGGTATTT	9-CKHGGTATTT	6.458758	-15.601553	0	T:43.0(18.38%),B:3249.9(7.84%),P:1e-6	Tpos:479.3,Tstd:271.7,Bpos:495.1,Bstd:299.4,StrandBias:-0.2,Multiplicity:1.19
0.027	0.547	0.195	0.231
0.197	0.163	0.245	0.394
0.261	0.286	0.074	0.380
0.129	0.123	0.700	0.048
0.044	0.260	0.470	0.226
0.311	0.078	0.094	0.517
0.429	0.274	0.071	0.226
0.325	0.072	0.089	0.514
0.141	0.089	0.070	0.700
0.105	0.128	0.066	0.701
>CGATTGGAAC	10-CGATTGGAAC	11.471516	-15.552241	0	T:8.0(3.42%),B:99.8(0.24%),P:1e-6	Tpos:444.9,Tstd:208.9,Bpos:435.7,Bstd:271.5,StrandBias:0.7,Multiplicity:1.00
0.001	0.997	0.001	0.001
0.001	0.115	0.883	0.001
0.815	0.001	0.183	0.001
0.001	0.001	0.001	0.997
0.001	0.001	0.001	0.997
0.001	0.001	0.997	0.001
0.001	0.001	0.997	0.001
0.997	0.001	0.001	0.001
0.997	0.001	0.001	0.001
0.001	0.997	0.001	0.001
>CGGGACATGT	11-CGGGACATGT	10.358560	-15.105086	0	T:9.0(3.85%),B:147.7(0.36%),P:1e-6	Tpos:392.5,Tstd:266.3,Bpos:455.4,Bstd:287.2,StrandBias:-0.8,Multiplicity:1.11
0.001	0.911	0.087	0.001
0.001	0.001	0.997	0.001
0.001	0.001	0.906	0.092
0.001	0.001	0.916	0.082
0.800	0.134	0.065	0.001
0.064	0.882	0.053	0.001
0.912	0.086	0.001	0.001
0.086	0.001	0.001	0.912
0.103	0.001	0.839	0.057
0.001	0.001	0.001	0.997
>ATGWCWGCCT	12-ATGWCWGCCT	8.164288	-14.687189	0	T:19.0(8.12%),B:832.0(2.01%),P:1e-6	Tpos:421.4,Tstd:281.1,Bpos:491.2,Bstd:313.1,StrandBias:0.4,Multiplicity:1.05
0.583	0.399	0.001	0.017
0.041	0.296	0.209	0.454
0.081	0.154	0.701	0.064
0.430	0.001	0.023	0.546
0.186	0.622	0.147	0.045
0.418	0.028	0.034	0.520
0.176	0.104	0.719	0.001
0.001	0.754	0.001	0.244
0.070	0.806	0.001	0.123
0.001	0.042	0.001	0.956
>CTGAAATTCG	13-CTGAAATTCG	9.741464	-12.791382	0	T:40.0(17.09%),B:3244.3(7.82%),P:1e-5	Tpos:478.5,Tstd:285.6,Bpos:513.6,Bstd:327.6,StrandBias:-0.1,Multiplicity:1.15
0.001	0.962	0.001	0.036
0.100	0.001	0.001	0.898
0.001	0.001	0.997	0.001
0.997	0.001	0.001	0.001
0.912	0.001	0.001	0.086
0.997	0.001	0.001	0.001
0.120	0.001	0.147	0.732
0.001	0.001	0.001	0.997
0.088	0.868	0.043	0.001
0.114	0.034	0.662	0.190
>AGTGTGTGCA	14-AGTGTGTGCA	7.953038	-11.943902	0	T:40.0(17.09%),B:3362.8(8.11%),P:1e-5	Tpos:466.3,Tstd:295.1,Bpos:533.9,Bstd:314.4,StrandBias:-0.3,Multiplicity:1.23
0.583	0.037	0.330	0.050
0.037	0.224	0.737	0.002
0.085	0.001	0.001	0.913
0.001	0.023	0.950	0.026
0.002	0.001	0.026	0.971
0.020	0.048	0.737	0.195
0.017	0.151	0.019	0.813
0.071	0.065	0.778	0.086
0.001	0.766	0.186	0.047
0.767	0.133	0.028	0.072
>GATTTCTGTT	15-GATTTCTGTT	11.448146	-11.914156	0	T:12.0(5.13%),B:418.6(1.01%),P:1e-5	Tpos:516.7,Tstd:272.7,Bpos:506.0,Bstd:314.4,StrandBias:0.5,Multiplicity:1.00
0.001	0.001	0.997	0.001
0.997	0.001	0.001	0.001
0.001	0.001	0.001	0.997
0.105	0.001	0.001	0.893
0.001	0.001	0.001	0.997
0.001	0.997	0.001	0.001
0.001	0.001	0.001	0.997
0.001	0.001	0.997	0.001
0.001	0.001	0.001	0.997
0.001	0.001	0.126	0.872
>GTCAGTTCAA	16-GTCAGTTCAA	9.317067	-11.423713	0	T:30.0(12.82%),B:2224.1(5.36%),P:1e-4	Tpos:509.7,Tstd:289.9,Bpos:494.2,Bstd:292.8,StrandBias:0.8,Multiplicity:1.27
0.033	0.053	0.819	0.095
0.036	0.049	0.001	0.914
0.131	0.807	0.032	0.030
0.901	0.001	0.059	0.039
0.001	0.029	0.938	0.032
0.041	0.001	0.001	0.957
0.001	0.001	0.243	0.755
0.001	0.997	0.001	0.001
0.936	0.001	0.062	0.001
0.997	0.001	0.001	0.001
>AAGTCTGAAA	17-AAGTCTGAAA	9.025301	-10.671746	0	T:64.0(27.35%),B:6861.3(16.54%),P:1e-4	Tpos:540.6,Tstd:283.0,Bpos:507.8,Bstd:309.4,StrandBias:-0.2,Multiplicity:1.36
0.876	0.054	0.052	0.018
0.972	0.012	0.015	0.001
0.121	0.041	0.837	0.001
0.021	0.072	0.014	0.893
0.036	0.909	0.001	0.054
0.118	0.029	0.015	0.838
0.056	0.001	0.928	0.015
0.948	0.021	0.001	0.030
0.928	0.039	0.032	0.001
0.904	0.001	0.033	0.062
>CCRADGTTAT	18-CCRADGTTAT	7.447535	-10.021946	0	T:24.0(10.26%),B:1701.3(4.10%),P:1e-4	Tpos:451.5,Tstd:234.2,Bpos:491.3,Bstd:297.4,StrandBias:0.2,Multiplicity:1.25
0.185	0.562	0.164	0.089
0.041	0.585	0.168	0.206
0.478	0.007	0.514	0.001
0.525	0.246	0.204	0.025
0.377	0.071	0.248	0.304
0.042	0.065	0.819	0.074
0.024	0.039	0.319	0.618
0.037	0.043	0.237	0.683
0.838	0.048	0.074	0.040
0.359	0.032	0.021	0.588
