>AATTTTTATSAR	8-AATTTTTATSAR	10.170789	-17.428497	0	T:28.0(30.77%),B:3920.1(9.81%),P:1e-7
0.900	0.023	0.032	0.045
0.934	0.001	0.028	0.037
0.018	0.236	0.058	0.688
0.001	0.057	0.001	0.941
0.003	0.109	0.046	0.842
0.001	0.001	0.029	0.969
0.318	0.041	0.001	0.640
0.983	0.001	0.015	0.001
0.021	0.001	0.024	0.954
0.001	0.532	0.431	0.036
0.863	0.038	0.037	0.062
0.358	0.110	0.399	0.133
