>CTATAACAGC	1-CTATAACAGC	9.256374	-24.704724	0	T:37.0(4.61%),B:479.7(1.19%),P:1e-10	Tpos:435.9,Tstd:279.2,Bpos:489.9,Bstd:288.0,StrandBias:-0.6,Multiplicity:1.06
0.062	0.936	0.001	0.001
0.090	0.001	0.001	0.908
0.884	0.088	0.001	0.027
0.056	0.020	0.029	0.895
0.888	0.001	0.045	0.066
0.945	0.001	0.053	0.001
0.025	0.918	0.031	0.026
0.928	0.070	0.001	0.001
0.001	0.001	0.799	0.199
0.080	0.918	0.001	0.001
>GGATATCATA	2-GGATATCATA	9.310198	-22.256712	0	T:44.0(5.48%),B:712.4(1.77%),P:1e-9	Tpos:514.6,Tstd:256.5,Bpos:502.7,Bstd:283.6,StrandBias:-0.6,Multiplicity:1.05
0.021	0.001	0.835	0.143
0.001	0.001	0.997	0.001
0.987	0.001	0.001	0.011
0.074	0.083	0.080	0.763
0.966	0.032	0.001	0.001
0.021	0.001	0.001	0.977
0.001	0.920	0.020	0.059
0.874	0.090	0.035	0.001
0.093	0.020	0.001	0.886
0.931	0.015	0.025	0.029
>AACAAGTAGT	3-AACAAGTAGT	7.528695	-22.074346	0	T:80.0(9.96%),B:1845.0(4.59%),P:1e-9	Tpos:466.6,Tstd:297.1,Bpos:523.4,Bstd:298.2,StrandBias:-0.1,Multiplicity:1.05
0.575	0.254	0.167	0.004
0.606	0.254	0.001	0.139
0.224	0.631	0.143	0.002
0.502	0.173	0.305	0.020
0.682	0.270	0.037	0.011
0.056	0.006	0.813	0.125
0.231	0.094	0.014	0.661
0.475	0.199	0.171	0.155
0.140	0.007	0.609	0.244
0.267	0.127	0.041	0.565
>ATTAATCAGC	4-ATTAATCAGC	5.996964	-22.065023	0	T:128.0(15.94%),B:3594.8(8.95%),P:1e-9	Tpos:474.1,Tstd:289.4,Bpos:499.0,Bstd:297.1,StrandBias:0.2,Multiplicity:1.10
0.423	0.172	0.191	0.213
0.104	0.153	0.154	0.589
0.103	0.116	0.132	0.649
0.587	0.155	0.128	0.130
0.558	0.173	0.133	0.136
0.101	0.132	0.126	0.641
0.131	0.608	0.145	0.116
0.488	0.265	0.128	0.119
0.123	0.137	0.622	0.118
0.215	0.473	0.178	0.133
>TTGCCAGCAC	5-TTGCCAGCAC	6.271380	-21.491531	0	T:89.0(11.08%),B:2182.4(5.43%),P:1e-9	Tpos:543.6,Tstd:291.6,Bpos:509.9,Bstd:304.0,StrandBias:-0.1,Multiplicity:1.08
0.144	0.084	0.080	0.692
0.190	0.192	0.136	0.482
0.131	0.104	0.645	0.120
0.188	0.599	0.147	0.066
0.128	0.626	0.192	0.054
0.566	0.229	0.172	0.033
0.136	0.107	0.606	0.151
0.139	0.688	0.057	0.116
0.578	0.195	0.145	0.082
0.138	0.554	0.178	0.130
>ATCGTTGGAG	6-ATCGTTGGAG	8.818465	-19.695750	0	T:48.0(5.98%),B:896.7(2.23%),P:1e-8	Tpos:525.1,Tstd:273.8,Bpos:492.7,Bstd:320.8,StrandBias:-0.6,Multiplicity:1.00
0.830	0.031	0.029	0.110
0.026	0.001	0.102	0.871
0.054	0.944	0.001	0.001
0.001	0.001	0.997	0.001
0.114	0.001	0.125	0.760
0.001	0.028	0.038	0.933
0.052	0.029	0.869	0.050
0.011	0.083	0.872	0.034
0.997	0.001	0.001	0.001
0.011	0.038	0.918	0.033
>ACTTTADCGA	7-ACTTTADCGA	8.811244	-19.686330	0	T:59.0(7.35%),B:1239.8(3.09%),P:1e-8	Tpos:443.4,Tstd:268.9,Bpos:511.0,Bstd:312.6,StrandBias:-0.5,Multiplicity:1.12
0.740	0.187	0.072	0.001
0.001	0.681	0.317	0.001
0.035	0.001	0.001	0.963
0.001	0.001	0.001	0.997
0.001	0.013	0.393	0.593
0.997	0.001	0.001	0.001
0.317	0.001	0.304	0.378
0.001	0.965	0.001	0.033
0.001	0.001	0.997	0.001
0.981	0.011	0.001	0.007
>GCGTTTCGAC	8-GCGTTTCGAC	8.696611	-19.503019	0	T:27.0(3.36%),B:331.2(0.82%),P:1e-8	Tpos:500.8,Tstd:284.1,Bpos:539.8,Bstd:305.9,StrandBias:1.6,Multiplicity:1.04
0.001	0.001	0.897	0.101
0.001	0.962	0.036	0.001
0.001	0.001	0.997	0.001
0.070	0.001	0.095	0.834
0.001	0.001	0.090	0.908
0.001	0.126	0.001	0.872
0.001	0.916	0.082	0.001
0.053	0.001	0.873	0.073
0.926	0.072	0.001	0.001
0.061	0.824	0.001	0.114
>TATAGAGTCC	9-TATAGAGTCC	9.210756	-19.373465	0	T:32.0(3.99%),B:456.4(1.14%),P:1e-8	Tpos:464.8,Tstd:308.7,Bpos:497.5,Bstd:323.4,StrandBias:-0.4,Multiplicity:1.00
0.023	0.085	0.001	0.891
0.942	0.001	0.056	0.001
0.038	0.053	0.045	0.864
0.871	0.043	0.047	0.039
0.001	0.001	0.967	0.031
0.944	0.001	0.001	0.054
0.167	0.001	0.831	0.001
0.036	0.001	0.001	0.962
0.094	0.865	0.040	0.001
0.027	0.927	0.001	0.045
>GATCTGTGTA	10-GATCTGTGTA	7.158516	-19.211061	0	T:113.0(14.07%),B:3188.0(7.93%),P:1e-8	Tpos:498.4,Tstd:293.3,Bpos:516.8,Bstd:301.2,StrandBias:-0.2,Multiplicity:1.15
0.079	0.069	0.759	0.093
0.792	0.074	0.056	0.078
0.047	0.027	0.057	0.869
0.057	0.803	0.079	0.061
0.064	0.045	0.121	0.770
0.068	0.065	0.796	0.071
0.047	0.091	0.079	0.783
0.080	0.060	0.762	0.098
0.034	0.085	0.031	0.850
0.822	0.056	0.070	0.052
>CGCAGACCTA	11-CGCAGACCTA	9.835577	-17.435796	0	T:13.0(1.62%),B:78.8(0.20%),P:1e-7	Tpos:551.8,Tstd:183.2,Bpos:505.2,Bstd:334.5,StrandBias:1.0,Multiplicity:1.38
0.001	0.946	0.052	0.001
0.150	0.162	0.687	0.001
0.001	0.997	0.001	0.001
0.997	0.001	0.001	0.001
0.001	0.086	0.912	0.001
0.803	0.195	0.001	0.001
0.001	0.997	0.001	0.001
0.001	0.997	0.001	0.001
0.001	0.001	0.185	0.813
0.848	0.001	0.150	0.001
>GTCATCGCCC	12-GTCATCGCCC	9.321139	-17.326018	0	T:25.0(3.11%),B:321.9(0.80%),P:1e-7	Tpos:537.9,Tstd:267.9,Bpos:498.3,Bstd:307.1,StrandBias:0.3,Multiplicity:1.00
0.001	0.143	0.825	0.031
0.001	0.050	0.001	0.948
0.001	0.997	0.001	0.001
0.790	0.132	0.039	0.039
0.063	0.078	0.001	0.858
0.001	0.997	0.001	0.001
0.047	0.001	0.910	0.042
0.001	0.963	0.001	0.035
0.128	0.824	0.001	0.047
0.001	0.939	0.032	0.028
>CTCGGTTGAT	13-CTCGGTTGAT	9.369702	-17.007318	0	T:33.0(4.11%),B:535.6(1.33%),P:1e-7	Tpos:499.4,Tstd:277.0,Bpos:477.9,Bstd:312.5,StrandBias:-0.8,Multiplicity:1.00
0.001	0.964	0.034	0.001
0.053	0.001	0.001	0.945
0.041	0.895	0.044	0.020
0.001	0.199	0.687	0.113
0.016	0.085	0.898	0.001
0.028	0.039	0.063	0.870
0.035	0.041	0.001	0.923
0.045	0.001	0.920	0.034
0.938	0.001	0.041	0.020
0.001	0.001	0.001	0.997
>TTGGGGCTCA	14-TTGGGGCTCA	9.036871	-16.939364	0	T:29.0(3.61%),B:429.0(1.07%),P:1e-7	Tpos:473.8,Tstd:281.0,Bpos:468.4,Bstd:315.9,StrandBias:-0.3,Multiplicity:1.17
0.279	0.025	0.090	0.606
0.026	0.029	0.197	0.748
0.251	0.104	0.644	0.001
0.175	0.188	0.610	0.027
0.216	0.104	0.513	0.167
0.001	0.014	0.807	0.178
0.108	0.857	0.001	0.034
0.012	0.025	0.036	0.927
0.047	0.889	0.053	0.011
0.609	0.221	0.016	0.154
>GRGGGAAATT	15-GRGGGAAATT	6.711099	-16.910945	0	T:153.0(19.05%),B:4948.6(12.31%),P:1e-7	Tpos:535.3,Tstd:288.6,Bpos:516.0,Bstd:308.5,StrandBias:-1.0,Multiplicity:1.26
0.024	0.234	0.465	0.278
0.447	0.022	0.323	0.208
0.017	0.233	0.721	0.029
0.028	0.234	0.715	0.023
0.202	0.024	0.591	0.183
0.497	0.181	0.295	0.027
0.664	0.033	0.191	0.112
0.470	0.149	0.091	0.290
0.130	0.198	0.209	0.463
0.034	0.186	0.028	0.752
>AGTATGCACG	16-AGTATGCACG	10.555921	-14.152263	0	T:12.0(1.49%),B:89.7(0.22%),P:1e-6	Tpos:636.3,Tstd:306.3,Bpos:547.8,Bstd:279.2,StrandBias:-1.0,Multiplicity:1.00
0.997	0.001	0.001	0.001
0.001	0.001	0.997	0.001
0.001	0.294	0.224	0.481
0.997	0.001	0.001	0.001
0.001	0.001	0.001	0.997
0.001	0.001	0.997	0.001
0.001	0.997	0.001	0.001
0.659	0.339	0.001	0.001
0.001	0.997	0.001	0.001
0.118	0.001	0.880	0.001
>CCTCAATTTA	17-CCTCAATTTA	7.802330	-14.086276	0	T:216.0(26.90%),B:7935.4(19.75%),P:1e-6	Tpos:502.6,Tstd:281.3,Bpos:511.0,Bstd:302.9,StrandBias:0.5,Multiplicity:1.23
0.076	0.761	0.042	0.121
0.157	0.752	0.046	0.045
0.035	0.088	0.037	0.840
0.205	0.667	0.073	0.055
0.913	0.051	0.025	0.011
0.800	0.062	0.019	0.119
0.108	0.114	0.039	0.739
0.029	0.001	0.029	0.941
0.014	0.120	0.059	0.807
0.790	0.107	0.047	0.056
>CCTCTGCCAG	18-CCTCTGCCAG	6.970568	-13.984999	0	T:77.0(9.59%),B:2132.2(5.31%),P:1e-6	Tpos:501.0,Tstd:277.4,Bpos:496.0,Bstd:316.3,StrandBias:-0.1,Multiplicity:1.08
0.044	0.812	0.059	0.085
0.040	0.818	0.067	0.075
0.079	0.059	0.069	0.793
0.050	0.790	0.086	0.074
0.088	0.057	0.092	0.763
0.082	0.083	0.813	0.022
0.068	0.810	0.051	0.071
0.055	0.787	0.079	0.079
0.789	0.066	0.070	0.075
0.076	0.045	0.826	0.053
>CGTATTTTGT	19-CGTATTTTGT	9.293990	-13.823040	0	T:121.0(15.07%),B:3877.7(9.65%),P:1e-6	Tpos:517.7,Tstd:276.0,Bpos:523.2,Bstd:296.4,StrandBias:0.6,Multiplicity:1.08
0.059	0.807	0.087	0.047
0.032	0.026	0.864	0.078
0.001	0.001	0.001	0.997
0.900	0.001	0.037	0.062
0.001	0.039	0.072	0.888
0.001	0.029	0.016	0.954
0.001	0.001	0.017	0.981
0.019	0.001	0.001	0.979
0.021	0.055	0.803	0.121
0.001	0.028	0.001	0.970
>ATTGATAAGA	20-ATTGATAAGA	11.230112	-13.618016	0	T:53.0(6.60%),B:1281.9(3.19%),P:1e-5	Tpos:493.4,Tstd:319.6,Bpos:535.2,Bstd:308.0,StrandBias:-0.7,Multiplicity:1.06
0.997	0.001	0.001	0.001
0.001	0.001	0.001	0.997
0.001	0.101	0.001	0.897
0.001	0.001	0.997	0.001
0.997	0.001	0.001	0.001
0.001	0.001	0.145	0.853
0.997	0.001	0.001	0.001
0.997	0.001	0.001	0.001
0.001	0.001	0.852	0.146
0.997	0.001	0.001	0.001
>TATATCAATC	21-TATATCAATC	11.580817	-13.469672	0	T:19.0(2.37%),B:245.1(0.61%),P:1e-5	Tpos:549.2,Tstd:280.0,Bpos:504.3,Bstd:297.3,StrandBias:0.5,Multiplicity:1.00
0.001	0.001	0.001	0.997
0.997	0.001	0.001	0.001
0.001	0.148	0.001	0.850
0.997	0.001	0.001	0.001
0.001	0.001	0.001	0.997
0.001	0.875	0.123	0.001
0.997	0.001	0.001	0.001
0.997	0.001	0.001	0.001
0.001	0.001	0.001	0.997
0.001	0.997	0.001	0.001
>TSTCTTGTCA	22-TSTCTTGTCA	8.516011	-12.702805	0	T:37.0(4.61%),B:782.9(1.95%),P:1e-5	Tpos:525.5,Tstd:252.2,Bpos:520.4,Bstd:308.1,StrandBias:0.5,Multiplicity:1.05
0.001	0.001	0.001	0.997
0.001	0.546	0.452	0.001
0.001	0.001	0.001	0.997
0.001	0.997	0.001	0.001
0.001	0.001	0.001	0.997
0.001	0.297	0.069	0.633
0.001	0.001	0.997	0.001
0.001	0.001	0.001	0.997
0.001	0.997	0.001	0.001
0.915	0.017	0.067	0.001
>ACAATGCCAG	23-ACAATGCCAG	9.924763	-12.053406	0	T:24.0(2.99%),B:407.7(1.01%),P:1e-5	Tpos:377.4,Tstd:237.2,Bpos:462.4,Bstd:293.6,StrandBias:-0.7,Multiplicity:1.29
0.815	0.183	0.001	0.001
0.001	0.876	0.122	0.001
0.951	0.001	0.047	0.001
0.894	0.001	0.104	0.001
0.125	0.001	0.001	0.873
0.001	0.001	0.997	0.001
0.001	0.877	0.080	0.042
0.001	0.997	0.001	0.001
0.997	0.001	0.001	0.001
0.142	0.001	0.856	0.001
>TTTAAAGGCG	24-TTTAAAGGCG	8.427500	-11.535895	0	T:45.0(5.60%),B:1098.6(2.73%),P:1e-5	Tpos:484.4,Tstd:260.5,Bpos:534.0,Bstd:298.3,StrandBias:0.2,Multiplicity:1.18
0.001	0.001	0.001	0.997
0.001	0.001	0.043	0.955
0.001	0.001	0.063	0.935
0.997	0.001	0.001	0.001
0.957	0.001	0.041	0.001
0.927	0.001	0.071	0.001
0.001	0.020	0.893	0.086
0.001	0.001	0.997	0.001
0.001	0.880	0.055	0.064
0.001	0.001	0.958	0.040
>AAATAGATTG	25-AAATAGATTG	10.296193	-5.143767	0	T:11.0(1.37%),B:218.5(0.54%),P:1e-2	Tpos:347.6,Tstd:238.7,Bpos:458.0,Bstd:250.0,StrandBias:2.0,Multiplicity:4.64
0.700	0.100	0.100	0.100
0.700	0.100	0.100	0.100
0.700	0.100	0.100	0.100
0.100	0.100	0.100	0.700
0.700	0.100	0.100	0.100
0.100	0.100	0.700	0.100
0.700	0.100	0.100	0.100
0.100	0.100	0.100	0.700
0.100	0.100	0.100	0.700
0.100	0.100	0.700	0.100
