>CCCCCCCCCCCY	18-CCCCCCCCCCCY	7.703516	-3.013959	0	T:4.0(11.76%),B:1623.8(4.09%),P:1e-1
0.145	0.640	0.002	0.213
0.213	0.537	0.072	0.178
0.143	0.678	0.107	0.072
0.071	0.749	0.071	0.109
0.178	0.572	0.037	0.213
0.213	0.573	0.107	0.107
0.178	0.644	0.107	0.071
0.179	0.643	0.107	0.071
0.108	0.748	0.143	0.001
0.178	0.643	0.071	0.108
0.107	0.573	0.142	0.178
0.072	0.393	0.072	0.462
