>CCGGSAGG	1-CCGGSAGG	6.941655	-12.804269	0	T:23.0(23.96%),B:3259.1(8.25%),P:1e-5	Tpos:537.8,Tstd:298.6,Bpos:518.0,Bstd:318.4,StrandBias:-0.5,Multiplicity:1.39
0.001	0.844	0.154	0.001
0.001	0.939	0.059	0.001
0.133	0.001	0.553	0.313
0.001	0.001	0.997	0.001
0.001	0.438	0.560	0.001
0.679	0.001	0.237	0.083
0.106	0.001	0.813	0.080
0.001	0.001	0.956	0.042
>CGTCTCGA	2-CGTCTCGA	8.148631	-11.146182	0	T:14.0(14.58%),B:1476.2(3.74%),P:1e-4	Tpos:508.4,Tstd:311.7,Bpos:507.4,Bstd:305.4,StrandBias:-1.3,Multiplicity:1.00
0.088	0.910	0.001	0.001
0.001	0.001	0.997	0.001
0.001	0.001	0.001	0.997
0.001	0.997	0.001	0.001
0.001	0.106	0.001	0.892
0.001	0.997	0.001	0.001
0.001	0.001	0.997	0.001
0.932	0.001	0.066	0.001
>AAACGCGT	3-AAACGCGT	8.042485	-11.086733	0	T:23.0(23.96%),B:3619.4(9.17%),P:1e-4	Tpos:485.8,Tstd:282.1,Bpos:524.6,Bstd:320.7,StrandBias:-0.1,Multiplicity:1.09
0.706	0.113	0.001	0.180
0.957	0.041	0.001	0.001
0.817	0.143	0.039	0.001
0.176	0.822	0.001	0.001
0.001	0.001	0.997	0.001
0.001	0.997	0.001	0.001
0.001	0.001	0.997	0.001
0.327	0.001	0.069	0.603
>GTCTGCTA	4-GTCTGCTA	7.955273	-9.164426	0	T:15.0(15.62%),B:2007.9(5.09%),P:1e-3	Tpos:613.1,Tstd:261.5,Bpos:522.9,Bstd:332.4,StrandBias:0.1,Multiplicity:1.80
0.201	0.001	0.797	0.001
0.001	0.001	0.001	0.997
0.001	0.939	0.059	0.001
0.001	0.001	0.001	0.997
0.059	0.001	0.939	0.001
0.001	0.997	0.001	0.001
0.001	0.001	0.001	0.997
0.997	0.001	0.001	0.001
>TCTAGATT	5-TCTAGATT	8.972111	-8.714823	0	T:18.0(18.75%),B:2846.2(7.21%),P:1e-3	Tpos:578.6,Tstd:231.2,Bpos:494.2,Bstd:301.2,StrandBias:0.8,Multiplicity:1.06
0.001	0.001	0.001	0.997
0.001	0.997	0.001	0.001
0.001	0.001	0.001	0.997
0.997	0.001	0.001	0.001
0.001	0.001	0.997	0.001
0.997	0.001	0.001	0.001
0.001	0.151	0.053	0.795
0.154	0.001	0.048	0.797
