>CCGCTATBCGGC	1-CCGCTATBCGGC	9.656959	-24.150147	0	T:4.0(4.17%),B:0.0(0.00%),P:1e-10	Tpos:401.2,Tstd:354.9,Bpos:0.0,Bstd:0.0,StrandBias:0.0,Multiplicity:1.00
0.001	0.997	0.001	0.001
0.001	0.997	0.001	0.001
0.001	0.001	0.947	0.051
0.001	0.997	0.001	0.001
0.001	0.001	0.001	0.997
0.947	0.051	0.001	0.001
0.001	0.001	0.001	0.997
0.001	0.316	0.368	0.316
0.001	0.997	0.001	0.001
0.001	0.001	0.997	0.001
0.001	0.001	0.997	0.001
0.001	0.997	0.001	0.001
>AATGWTAAGGAA	2-AATGWTAAGGAA	12.115650	-23.622139	0	T:12.0(12.50%),B:335.5(0.85%),P:1e-10	Tpos:490.6,Tstd:272.1,Bpos:496.1,Bstd:301.2,StrandBias:-1.0,Multiplicity:1.00
0.701	0.001	0.001	0.297
0.895	0.001	0.103	0.001
0.248	0.001	0.001	0.750
0.170	0.001	0.747	0.082
0.423	0.010	0.001	0.566
0.001	0.001	0.135	0.863
0.997	0.001	0.001	0.001
0.997	0.001	0.001	0.001
0.001	0.001	0.997	0.001
0.065	0.001	0.933	0.001
0.997	0.001	0.001	0.001
0.800	0.001	0.001	0.198
>AAAAAATTTATC	3-AAAAAATTTATC	12.429614	-22.922336	0	T:20.0(20.83%),B:1363.5(3.45%),P:1e-9	Tpos:341.1,Tstd:275.5,Bpos:492.7,Bstd:306.7,StrandBias:-0.8,Multiplicity:1.10
0.997	0.001	0.001	0.001
0.997	0.001	0.001	0.001
0.815	0.090	0.094	0.001
0.997	0.001	0.001	0.001
0.945	0.001	0.001	0.053
0.997	0.001	0.001	0.001
0.001	0.001	0.055	0.943
0.049	0.089	0.001	0.861
0.049	0.001	0.065	0.885
0.957	0.041	0.001	0.001
0.082	0.125	0.055	0.738
0.097	0.901	0.001	0.001
>AACAAAAATTGC	4-AACAAAAATTGC	12.773384	-22.076088	0	T:17.0(17.71%),B:975.2(2.47%),P:1e-9	Tpos:551.2,Tstd:269.8,Bpos:466.2,Bstd:318.5,StrandBias:-0.9,Multiplicity:1.06
0.884	0.001	0.014	0.101
0.997	0.001	0.001	0.001
0.133	0.786	0.001	0.080
0.997	0.001	0.001	0.001
0.997	0.001	0.001	0.001
0.997	0.001	0.001	0.001
0.997	0.001	0.001	0.001
0.861	0.001	0.001	0.137
0.001	0.183	0.001	0.815
0.001	0.001	0.271	0.727
0.001	0.001	0.997	0.001
0.162	0.836	0.001	0.001
>GCACCTAGAAAG	5-GCACCTAGAAAG	14.213129	-21.445819	0	T:4.0(4.17%),B:2.9(0.01%),P:1e-9	Tpos:227.0,Tstd:278.4,Bpos:461.4,Bstd:276.0,StrandBias:0.6,Multiplicity:1.25
0.001	0.001	0.997	0.001
0.001	0.997	0.001	0.001
0.997	0.001	0.001	0.001
0.001	0.997	0.001	0.001
0.001	0.789	0.001	0.209
0.001	0.001	0.001	0.997
0.789	0.209	0.001	0.001
0.185	0.001	0.813	0.001
0.997	0.001	0.001	0.001
0.789	0.001	0.001	0.209
0.997	0.001	0.001	0.001
0.001	0.001	0.997	0.001
>TTTTATACTGGC	6-TTTTATACTGGC	14.024736	-20.886764	0	T:6.0(6.25%),B:36.6(0.09%),P:1e-9	Tpos:720.5,Tstd:237.5,Bpos:529.6,Bstd:277.2,StrandBias:0.0,Multiplicity:1.00
0.001	0.001	0.001	0.997
0.001	0.001	0.001	0.997
0.001	0.001	0.001	0.997
0.001	0.226	0.001	0.772
0.997	0.001	0.001	0.001
0.001	0.001	0.001	0.997
0.997	0.001	0.001	0.001
0.001	0.997	0.001	0.001
0.001	0.001	0.001	0.997
0.256	0.001	0.615	0.128
0.001	0.001	0.839	0.159
0.001	0.997	0.001	0.001
>CTTACCATTTCT	7-CTTACCATTTCT	13.431530	-20.416613	0	T:8.0(8.33%),B:125.3(0.32%),P:1e-8	Tpos:261.1,Tstd:262.4,Bpos:553.9,Bstd:301.3,StrandBias:-0.7,Multiplicity:1.00
0.001	0.997	0.001	0.001
0.001	0.001	0.171	0.827
0.001	0.001	0.001	0.997
0.896	0.102	0.001	0.001
0.001	0.901	0.001	0.097
0.001	0.997	0.001	0.001
0.997	0.001	0.001	0.001
0.001	0.001	0.001	0.997
0.001	0.001	0.001	0.997
0.001	0.001	0.233	0.765
0.001	0.895	0.001	0.103
0.001	0.158	0.001	0.840
>ATATGTGTTCCG	8-ATATGTGTTCCG	11.552859	-20.347808	0	T:9.0(9.38%),B:189.1(0.48%),P:1e-8	Tpos:525.9,Tstd:288.1,Bpos:474.4,Bstd:287.0,StrandBias:0.0,Multiplicity:1.11
0.997	0.001	0.001	0.001
0.112	0.181	0.001	0.706
0.819	0.001	0.005	0.175
0.001	0.001	0.001	0.997
0.175	0.001	0.724	0.100
0.001	0.001	0.001	0.997
0.201	0.001	0.698	0.100
0.200	0.001	0.001	0.798
0.001	0.001	0.001	0.997
0.001	0.792	0.001	0.206
0.116	0.882	0.001	0.001
0.001	0.376	0.622	0.001
>CATATCCCGGCG	9-CATATCCCGGCG	13.115970	-19.909097	0	T:4.0(4.17%),B:4.9(0.01%),P:1e-8	Tpos:546.5,Tstd:205.4,Bpos:256.9,Bstd:91.2,StrandBias:0.0,Multiplicity:1.00
0.189	0.529	0.281	0.001
0.997	0.001	0.001	0.001
0.001	0.280	0.001	0.718
0.856	0.001	0.001	0.142
0.001	0.001	0.010	0.988
0.248	0.750	0.001	0.001
0.001	0.997	0.001	0.001
0.142	0.856	0.001	0.001
0.001	0.001	0.997	0.001
0.001	0.012	0.986	0.001
0.010	0.988	0.001	0.001
0.001	0.001	0.718	0.280
>GTTCTTTTTCTC	10-GTTCTTTTTCTC	12.006546	-18.818701	0	T:15.0(15.62%),B:909.3(2.30%),P:1e-8	Tpos:576.9,Tstd:285.3,Bpos:543.2,Bstd:308.8,StrandBias:0.7,Multiplicity:1.07
0.100	0.001	0.811	0.088
0.001	0.075	0.001	0.923
0.001	0.001	0.001	0.997
0.001	0.957	0.001	0.041
0.104	0.001	0.001	0.894
0.001	0.001	0.001	0.997
0.001	0.001	0.001	0.997
0.001	0.001	0.001	0.997
0.001	0.163	0.001	0.835
0.001	0.935	0.001	0.063
0.001	0.001	0.001	0.997
0.125	0.873	0.001	0.001
>AMTCTGTAAACG	11-AMTCTGTAAACG	13.390616	-18.769393	0	T:6.0(6.25%),B:53.6(0.14%),P:1e-8	Tpos:504.4,Tstd:328.8,Bpos:539.0,Bstd:294.6,StrandBias:-0.4,Multiplicity:1.17
0.997	0.001	0.001	0.001
0.523	0.475	0.001	0.001
0.001	0.001	0.001	0.997
0.001	0.997	0.001	0.001
0.001	0.186	0.001	0.812
0.001	0.001	0.997	0.001
0.001	0.138	0.001	0.860
0.997	0.001	0.001	0.001
0.997	0.001	0.001	0.001
0.997	0.001	0.001	0.001
0.248	0.750	0.001	0.001
0.001	0.001	0.997	0.001
>TAGCAGACCCAA	12-TAGCAGACCCAA	9.493527	-18.443707	0	T:12.0(12.50%),B:537.6(1.36%),P:1e-8	Tpos:626.1,Tstd:245.0,Bpos:517.0,Bstd:332.9,StrandBias:0.5,Multiplicity:1.58
0.002	0.001	0.001	0.996
0.874	0.124	0.001	0.001
0.001	0.001	0.997	0.001
0.001	0.874	0.124	0.001
0.889	0.109	0.001	0.001
0.001	0.109	0.889	0.001
0.655	0.124	0.001	0.220
0.001	0.698	0.001	0.300
0.001	0.575	0.212	0.212
0.200	0.573	0.001	0.226
0.997	0.001	0.001	0.001
0.991	0.005	0.003	0.001
>ATCGTGAATCTA	13-ATCGTGAATCTA	14.076662	-18.053196	0	T:5.0(5.21%),B:27.8(0.07%),P:1e-7	Tpos:545.6,Tstd:372.5,Bpos:566.6,Bstd:307.4,StrandBias:0.6,Multiplicity:1.00
0.997	0.001	0.001	0.001
0.001	0.001	0.001	0.997
0.001	0.997	0.001	0.001
0.231	0.001	0.601	0.167
0.001	0.001	0.001	0.997
0.166	0.001	0.832	0.001
0.997	0.001	0.001	0.001
0.797	0.001	0.001	0.201
0.001	0.001	0.001	0.997
0.001	0.997	0.001	0.001
0.001	0.001	0.001	0.997
0.997	0.001	0.001	0.001
>CTAAGAAATGTC	14-CTAAGAAATGTC	11.259957	-17.934238	0	T:12.0(12.50%),B:563.3(1.43%),P:1e-7	Tpos:548.6,Tstd:258.0,Bpos:511.0,Bstd:292.4,StrandBias:0.5,Multiplicity:1.00
0.062	0.756	0.001	0.181
0.275	0.001	0.001	0.723
0.992	0.001	0.006	0.001
0.747	0.151	0.101	0.001
0.062	0.001	0.778	0.159
0.997	0.001	0.001	0.001
0.997	0.001	0.001	0.001
0.815	0.001	0.125	0.059
0.001	0.001	0.001	0.997
0.001	0.001	0.743	0.255
0.001	0.001	0.139	0.859
0.001	0.614	0.086	0.299
>AATTCTTTTGAA	15-AATTCTTTTGAA	12.514232	-17.010854	0	T:11.0(11.46%),B:491.2(1.24%),P:1e-7	Tpos:376.7,Tstd:244.0,Bpos:502.0,Bstd:301.9,StrandBias:-0.8,Multiplicity:1.00
0.997	0.001	0.001	0.001
0.624	0.374	0.001	0.001
0.001	0.001	0.001	0.997
0.296	0.212	0.001	0.491
0.127	0.871	0.001	0.001
0.001	0.001	0.001	0.997
0.342	0.001	0.001	0.656
0.001	0.001	0.001	0.997
0.001	0.001	0.001	0.997
0.001	0.001	0.771	0.227
0.889	0.001	0.001	0.109
0.769	0.001	0.001	0.229
>ACAGTGTTTTTG	16-ACAGTGTTTTTG	10.287639	-16.420105	0	T:18.0(18.75%),B:1621.5(4.11%),P:1e-7	Tpos:415.7,Tstd:252.4,Bpos:496.1,Bstd:300.0,StrandBias:-0.4,Multiplicity:1.28
0.755	0.078	0.072	0.095
0.046	0.775	0.001	0.178
0.696	0.001	0.196	0.107
0.082	0.118	0.757	0.043
0.001	0.093	0.054	0.852
0.048	0.001	0.859	0.092
0.102	0.001	0.203	0.694
0.001	0.001	0.001	0.997
0.050	0.001	0.001	0.948
0.001	0.075	0.044	0.880
0.001	0.001	0.035	0.963
0.053	0.001	0.836	0.110
>TGAATTACCCGT	17-TGAATTACCCGT	14.363892	-14.743802	0	T:4.0(4.17%),B:21.9(0.06%),P:1e-6	Tpos:438.8,Tstd:111.8,Bpos:338.4,Bstd:218.2,StrandBias:-10.0,Multiplicity:1.00
0.001	0.001	0.001	0.997
0.001	0.222	0.776	0.001
0.997	0.001	0.001	0.001
0.997	0.001	0.001	0.001
0.001	0.001	0.001	0.997
0.001	0.001	0.222	0.776
0.997	0.001	0.001	0.001
0.001	0.997	0.001	0.001
0.001	0.997	0.001	0.001
0.001	0.997	0.001	0.001
0.177	0.001	0.821	0.001
0.251	0.001	0.001	0.747
>ATAGTTAGCGGA	18-ATAGTTAGCGGA	11.431697	-13.932720	0	T:6.0(6.25%),B:126.7(0.32%),P:1e-6	Tpos:482.1,Tstd:275.9,Bpos:546.6,Bstd:316.1,StrandBias:-0.7,Multiplicity:1.33
0.997	0.001	0.001	0.001
0.148	0.132	0.001	0.719
0.997	0.001	0.001	0.001
0.297	0.001	0.701	0.001
0.001	0.192	0.001	0.806
0.001	0.192	0.001	0.806
0.867	0.001	0.001	0.131
0.001	0.001	0.997	0.001
0.011	0.987	0.001	0.001
0.114	0.193	0.545	0.148
0.001	0.192	0.806	0.001
0.806	0.001	0.001	0.192
>TTCAGCCATCTA	19-TTCAGCCATCTA	14.156298	-13.843736	0	T:4.0(4.17%),B:27.0(0.07%),P:1e-6	Tpos:614.2,Tstd:240.8,Bpos:495.5,Bstd:320.0,StrandBias:-0.6,Multiplicity:1.25
0.001	0.001	0.001	0.997
0.001	0.001	0.001	0.997
0.001	0.997	0.001	0.001
0.997	0.001	0.001	0.001
0.001	0.001	0.997	0.001
0.001	0.719	0.279	0.001
0.001	0.997	0.001	0.001
0.997	0.001	0.001	0.001
0.001	0.001	0.001	0.997
0.001	0.997	0.001	0.001
0.196	0.001	0.001	0.802
0.611	0.001	0.248	0.140
>TTTGCAAAAACC	20-TTTGCAAAAACC	8.769742	-13.210238	0	T:9.0(9.38%),B:449.9(1.14%),P:1e-5	Tpos:594.1,Tstd:346.3,Bpos:516.3,Bstd:310.0,StrandBias:3.0,Multiplicity:1.00
0.001	0.001	0.001	0.997
0.001	0.001	0.004	0.994
0.001	0.001	0.272	0.726
0.001	0.001	0.997	0.001
0.001	0.995	0.003	0.001
0.994	0.004	0.001	0.001
0.681	0.317	0.001	0.001
0.681	0.001	0.001	0.317
0.653	0.345	0.001	0.001
0.993	0.001	0.005	0.001
0.001	0.997	0.001	0.001
0.320	0.678	0.001	0.001
>TGGAGCTCCAGS	21-TGGAGCTCCAGS	10.388432	-11.946297	0	T:6.0(6.25%),B:180.7(0.46%),P:1e-5	Tpos:523.8,Tstd:279.6,Bpos:435.3,Bstd:305.3,StrandBias:-0.3,Multiplicity:1.33
0.189	0.005	0.001	0.805
0.001	0.001	0.997	0.001
0.001	0.001	0.997	0.001
0.763	0.001	0.008	0.228
0.001	0.228	0.763	0.008
0.189	0.809	0.001	0.001
0.001	0.005	0.001	0.993
0.159	0.839	0.001	0.001
0.001	0.809	0.001	0.189
0.809	0.001	0.189	0.001
0.001	0.001	0.997	0.001
0.001	0.386	0.453	0.160
>TTCTGCAATTTG	22-TTCTGCAATTTG	13.394606	-11.108165	0	T:8.0(8.33%),B:444.8(1.13%),P:1e-4	Tpos:420.3,Tstd:230.6,Bpos:517.7,Bstd:329.1,StrandBias:-0.2,Multiplicity:1.62
0.138	0.001	0.001	0.860
0.001	0.001	0.001	0.997
0.164	0.834	0.001	0.001
0.001	0.001	0.001	0.997
0.001	0.001	0.897	0.101
0.001	0.997	0.001	0.001
0.997	0.001	0.001	0.001
0.810	0.001	0.001	0.188
0.001	0.001	0.001	0.997
0.001	0.001	0.001	0.997
0.001	0.001	0.001	0.997
0.112	0.082	0.681	0.125
>GAGCTAAATTTC	23-GAGCTAAATTTC	11.484274	-9.977119	0	T:9.0(9.38%),B:679.5(1.72%),P:1e-4	Tpos:617.8,Tstd:214.7,Bpos:495.9,Bstd:304.5,StrandBias:-1.2,Multiplicity:1.44
0.204	0.001	0.630	0.165
0.815	0.001	0.001	0.183
0.001	0.001	0.707	0.291
0.190	0.633	0.001	0.176
0.091	0.001	0.001	0.907
0.797	0.091	0.001	0.111
0.775	0.001	0.001	0.223
0.900	0.001	0.001	0.098
0.001	0.001	0.001	0.997
0.001	0.001	0.001	0.997
0.001	0.001	0.001	0.997
0.001	0.880	0.118	0.001
>CGTGGCCGTGTG	24-CGTGGCCGTGTG	12.242009	-8.677595	0	T:3.0(3.12%),B:41.9(0.11%),P:1e-3	Tpos:479.7,Tstd:57.2,Bpos:577.9,Bstd:330.4,StrandBias:1.0,Multiplicity:1.00
0.001	0.646	0.346	0.007
0.334	0.001	0.664	0.001
0.001	0.291	0.001	0.707
0.001	0.001	0.997	0.001
0.001	0.001	0.945	0.053
0.007	0.627	0.001	0.365
0.001	0.689	0.001	0.309
0.001	0.053	0.945	0.001
0.293	0.001	0.001	0.705
0.001	0.001	0.997	0.001
0.001	0.060	0.001	0.938
0.001	0.001	0.698	0.300
>GCCGAGTTTTCT	25-GCCGAGTTTTCT	14.391052	-3.960513	0	T:2.0(2.08%),B:86.0(0.22%),P:1e-1	Tpos:529.5,Tstd:342.5,Bpos:538.6,Bstd:345.0,StrandBias:0.0,Multiplicity:1.00
0.001	0.001	0.997	0.001
0.001	0.831	0.001	0.167
0.001	0.997	0.001	0.001
0.160	0.001	0.838	0.001
0.766	0.001	0.001	0.232
0.001	0.001	0.997	0.001
0.001	0.001	0.001	0.997
0.001	0.001	0.001	0.997
0.001	0.001	0.001	0.997
0.001	0.001	0.001	0.997
0.136	0.779	0.001	0.084
0.138	0.001	0.001	0.860
