>TGACCATGAG	1-TGACCATGAG	9.039216	-22.892168	0	T:14.0(14.58%),B:556.3(1.41%),P:1e-9	Tpos:561.1,Tstd:287.5,Bpos:489.6,Bstd:305.7,StrandBias:-0.4,Multiplicity:1.00
0.001	0.001	0.001	0.997
0.001	0.001	0.997	0.001
0.843	0.001	0.155	0.001
0.001	0.927	0.071	0.001
0.058	0.864	0.077	0.001
0.595	0.152	0.107	0.146
0.001	0.001	0.001	0.997
0.001	0.001	0.997	0.001
0.892	0.001	0.001	0.106
0.001	0.001	0.997	0.001
>TATCCCGGCG	2-TATCCCGGCG	10.753371	-22.018558	0	T:7.0(7.29%),B:59.8(0.15%),P:1e-9	Tpos:451.0,Tstd:206.0,Bpos:495.9,Bstd:290.3,StrandBias:-1.3,Multiplicity:1.00
0.001	0.120	0.001	0.878
0.899	0.099	0.001	0.001
0.001	0.001	0.149	0.849
0.161	0.837	0.001	0.001
0.001	0.997	0.001	0.001
0.001	0.997	0.001	0.001
0.001	0.001	0.997	0.001
0.001	0.101	0.897	0.001
0.103	0.895	0.001	0.001
0.001	0.001	0.888	0.110
>TGGTCGCTAT	3-TGGTCGCTAT	10.844644	-20.239276	0	T:8.0(8.33%),B:129.0(0.33%),P:1e-8	Tpos:433.6,Tstd:306.3,Bpos:518.2,Bstd:305.4,StrandBias:3.0,Multiplicity:1.12
0.001	0.139	0.001	0.859
0.001	0.001	0.997	0.001
0.127	0.001	0.743	0.129
0.171	0.001	0.001	0.827
0.001	0.997	0.001	0.001
0.111	0.001	0.887	0.001
0.001	0.997	0.001	0.001
0.001	0.151	0.001	0.847
0.997	0.001	0.001	0.001
0.001	0.001	0.001	0.997
>CGACAAATTC	4-CGACAAATTC	9.648611	-18.162827	0	T:13.0(13.54%),B:676.2(1.71%),P:1e-7	Tpos:429.6,Tstd:276.8,Bpos:473.4,Bstd:298.1,StrandBias:1.3,Multiplicity:1.08
0.061	0.937	0.001	0.001
0.001	0.001	0.997	0.001
0.719	0.001	0.279	0.001
0.001	0.949	0.001	0.049
0.732	0.140	0.127	0.001
0.636	0.001	0.267	0.096
0.628	0.001	0.370	0.001
0.050	0.001	0.001	0.948
0.001	0.001	0.001	0.997
0.177	0.821	0.001	0.001
>TGATARTAMT	5-TGATARTAMT	9.542118	-16.531204	0	T:17.0(17.71%),B:1426.1(3.61%),P:1e-7	Tpos:527.6,Tstd:323.3,Bpos:491.7,Bstd:286.8,StrandBias:-0.7,Multiplicity:1.06
0.001	0.001	0.001	0.997
0.001	0.008	0.907	0.084
0.875	0.123	0.001	0.001
0.006	0.160	0.099	0.735
0.669	0.246	0.001	0.084
0.561	0.001	0.436	0.002
0.001	0.010	0.088	0.901
0.986	0.001	0.008	0.005
0.438	0.489	0.072	0.001
0.001	0.001	0.001	0.997
>GGTCTGCTAG	6-GGTCTGCTAG	10.660042	-16.304843	0	T:9.0(9.38%),B:307.7(0.78%),P:1e-7	Tpos:691.2,Tstd:134.0,Bpos:521.6,Bstd:358.2,StrandBias:-0.9,Multiplicity:1.89
0.119	0.001	0.811	0.069
0.094	0.001	0.904	0.001
0.001	0.001	0.130	0.868
0.001	0.906	0.001	0.092
0.001	0.001	0.001	0.997
0.001	0.001	0.903	0.095
0.001	0.997	0.001	0.001
0.001	0.001	0.001	0.997
0.901	0.001	0.001	0.097
0.137	0.001	0.861	0.001
>TGTGTTCCGT	7-TGTGTTCCGT	8.776179	-15.421218	0	T:15.0(15.62%),B:1184.8(3.00%),P:1e-6	Tpos:497.6,Tstd:294.8,Bpos:496.0,Bstd:293.6,StrandBias:1.7,Multiplicity:1.13
0.001	0.001	0.001	0.997
0.085	0.001	0.854	0.060
0.100	0.001	0.001	0.898
0.104	0.001	0.861	0.034
0.001	0.001	0.120	0.878
0.001	0.001	0.001	0.997
0.001	0.931	0.001	0.067
0.058	0.881	0.001	0.060
0.064	0.001	0.871	0.064
0.089	0.001	0.001	0.909
>TCTTTTTCTC	8-TCTTTTTCTC	10.120662	-15.144757	0	T:21.0(21.88%),B:2394.5(6.06%),P:1e-6	Tpos:607.8,Tstd:275.3,Bpos:544.3,Bstd:326.5,StrandBias:0.8,Multiplicity:1.05
0.001	0.001	0.001	0.997
0.001	0.997	0.001	0.001
0.001	0.001	0.034	0.964
0.001	0.001	0.001	0.997
0.063	0.001	0.001	0.935
0.001	0.001	0.001	0.997
0.001	0.001	0.058	0.940
0.136	0.862	0.001	0.001
0.001	0.001	0.064	0.934
0.001	0.997	0.001	0.001
>CCATATCHCA	9-CCATATCHCA	10.343966	-14.222471	0	T:9.0(9.38%),B:396.6(1.00%),P:1e-6	Tpos:447.6,Tstd:302.7,Bpos:518.1,Bstd:287.9,StrandBias:-0.6,Multiplicity:1.11
0.216	0.782	0.001	0.001
0.001	0.889	0.001	0.109
0.997	0.001	0.001	0.001
0.001	0.001	0.001	0.997
0.997	0.001	0.001	0.001
0.001	0.001	0.001	0.997
0.001	0.997	0.001	0.001
0.355	0.357	0.001	0.287
0.001	0.997	0.001	0.001
0.997	0.001	0.001	0.001
>TAGGCAGACA	10-TAGGCAGACA	9.309905	-14.125730	0	T:11.0(11.46%),B:660.8(1.67%),P:1e-6	Tpos:565.5,Tstd:251.2,Bpos:504.6,Bstd:295.4,StrandBias:-1.2,Multiplicity:1.09
0.107	0.001	0.001	0.891
0.997	0.001	0.001	0.001
0.001	0.001	0.997	0.001
0.128	0.001	0.837	0.034
0.108	0.771	0.001	0.120
0.997	0.001	0.001	0.001
0.085	0.091	0.695	0.129
0.997	0.001	0.001	0.001
0.001	0.997	0.001	0.001
0.823	0.001	0.001	0.175
>ACAAAAATTC	11-ACAAAAATTC	10.781007	-13.547631	0	T:30.0(31.25%),B:4951.7(12.54%),P:1e-5	Tpos:457.5,Tstd:299.0,Bpos:498.4,Bstd:310.1,StrandBias:-0.1,Multiplicity:1.37
0.711	0.001	0.070	0.218
0.001	0.943	0.001	0.055
0.806	0.192	0.001	0.001
0.997	0.001	0.001	0.001
0.913	0.001	0.001	0.085
0.787	0.211	0.001	0.001
0.681	0.001	0.001	0.317
0.001	0.001	0.001	0.997
0.001	0.001	0.008	0.990
0.001	0.740	0.258	0.001
>AAAAAATTTA	12-AAAAAATTTA	11.982733	-12.768018	0	T:27.0(28.12%),B:4308.9(10.91%),P:1e-5	Tpos:392.8,Tstd:299.5,Bpos:505.9,Bstd:308.5,StrandBias:-0.9,Multiplicity:1.15
0.997	0.001	0.001	0.001
0.785	0.001	0.213	0.001
0.831	0.167	0.001	0.001
0.974	0.001	0.024	0.001
0.901	0.001	0.001	0.097
0.997	0.001	0.001	0.001
0.001	0.001	0.001	0.997
0.001	0.001	0.001	0.997
0.001	0.001	0.001	0.997
0.997	0.001	0.001	0.001
>TTCAGCCATC	13-TTCAGCCATC	11.029764	-11.585667	0	T:8.0(8.33%),B:415.8(1.05%),P:1e-5	Tpos:526.5,Tstd:303.6,Bpos:489.9,Bstd:319.7,StrandBias:0.0,Multiplicity:1.25
0.001	0.001	0.001	0.997
0.001	0.001	0.001	0.997
0.001	0.997	0.001	0.001
0.900	0.001	0.098	0.001
0.001	0.001	0.997	0.001
0.001	0.874	0.124	0.001
0.001	0.785	0.122	0.092
0.997	0.001	0.001	0.001
0.001	0.097	0.001	0.901
0.001	0.997	0.001	0.001
>GGGYYTCCAG	14-GGGYYTCCAG	8.323251	-10.537456	0	T:13.0(13.54%),B:1354.2(3.43%),P:1e-4	Tpos:432.7,Tstd:259.5,Bpos:492.9,Bstd:311.4,StrandBias:0.0,Multiplicity:1.46
0.060	0.142	0.797	0.001
0.035	0.143	0.795	0.027
0.285	0.001	0.547	0.167
0.001	0.445	0.121	0.433
0.001	0.426	0.001	0.572
0.001	0.001	0.001	0.997
0.058	0.783	0.024	0.135
0.026	0.857	0.116	0.001
0.811	0.117	0.036	0.036
0.017	0.146	0.814	0.023
>GCTAAATTTC	15-GCTAAATTTC	9.558937	-10.371226	0	T:11.0(11.46%),B:988.4(2.50%),P:1e-4	Tpos:557.0,Tstd:279.4,Bpos:485.2,Bstd:316.3,StrandBias:0.0,Multiplicity:1.45
0.001	0.001	0.997	0.001
0.167	0.831	0.001	0.001
0.001	0.001	0.001	0.997
0.997	0.001	0.001	0.001
0.901	0.001	0.001	0.097
0.997	0.001	0.001	0.001
0.001	0.001	0.001	0.997
0.001	0.001	0.001	0.997
0.146	0.001	0.001	0.852
0.001	0.997	0.001	0.001
>TGTCCACTGA	16-TGTCCACTGA	8.350283	-10.120423	0	T:14.0(14.58%),B:1622.7(4.11%),P:1e-4	Tpos:354.8,Tstd:291.4,Bpos:512.0,Bstd:294.7,StrandBias:0.4,Multiplicity:1.08
0.100	0.100	0.100	0.700
0.100	0.100	0.700	0.100
0.100	0.100	0.100	0.700
0.100	0.700	0.100	0.100
0.100	0.700	0.100	0.100
0.700	0.100	0.100	0.100
0.100	0.700	0.100	0.100
0.100	0.100	0.100	0.700
0.100	0.100	0.700	0.100
0.700	0.100	0.100	0.100
>CTCGACCACC	17-CTCGACCACC	11.081649	-7.870296	0	T:6.0(6.25%),B:383.8(0.97%),P:1e-3	Tpos:403.3,Tstd:261.9,Bpos:519.2,Bstd:338.2,StrandBias:-0.3,Multiplicity:1.83
0.147	0.724	0.001	0.128
0.001	0.001	0.001	0.997
0.001	0.997	0.001	0.001
0.001	0.049	0.949	0.001
0.619	0.149	0.231	0.001
0.001	0.997	0.001	0.001
0.001	0.997	0.001	0.001
0.997	0.001	0.001	0.001
0.001	0.997	0.001	0.001
0.001	0.839	0.159	0.001
