>TGATAAGA	1-TGATAAGA	8.381075	-34.371531	0	T:34.0(52.31%),B:4609.3(11.53%),P:1e-14	Tpos:710.1,Tstd:264.8,Bpos:555.5,Bstd:337.6,StrandBias:-0.9,Multiplicity:1.18
0.001	0.001	0.001	0.997
0.001	0.001	0.997	0.001
0.997	0.001	0.001	0.001
0.001	0.001	0.001	0.997
0.997	0.001	0.001	0.001
0.930	0.001	0.068	0.001
0.001	0.001	0.997	0.001
0.997	0.001	0.001	0.001
>CATMTTAT	2-CATMTTAT	8.159147	-15.551351	0	T:30.0(46.15%),B:7192.0(17.99%),P:1e-6	Tpos:626.8,Tstd:258.9,Bpos:510.4,Bstd:325.8,StrandBias:0.4,Multiplicity:1.31
0.169	0.814	0.001	0.016
0.997	0.001	0.001	0.001
0.001	0.005	0.037	0.957
0.490	0.444	0.061	0.005
0.270	0.001	0.239	0.490
0.001	0.001	0.001	0.997
0.763	0.001	0.058	0.178
0.020	0.169	0.058	0.753
>ACTGATAC	3-ACTGATAC	10.017871	-12.948752	0	T:22.0(33.85%),B:4667.9(11.67%),P:1e-5	Tpos:570.9,Tstd:296.4,Bpos:538.1,Bstd:345.5,StrandBias:-0.2,Multiplicity:1.41
0.997	0.001	0.001	0.001
0.001	0.997	0.001	0.001
0.001	0.001	0.001	0.997
0.001	0.001	0.997	0.001
0.997	0.001	0.001	0.001
0.001	0.064	0.001	0.934
0.997	0.001	0.001	0.001
0.373	0.625	0.001	0.001
>AGGTCAAA	4-AGGTCAAA	3.445320	-11.870743	0	T:41.0(63.08%),B:14299.0(35.76%),P:1e-5	Tpos:542.2,Tstd:280.1,Bpos:499.6,Bstd:311.8,StrandBias:-0.3,Multiplicity:1.46
0.863	0.066	0.001	0.070
0.001	0.001	0.997	0.001
0.001	0.001	0.997	0.001
0.001	0.001	0.259	0.739
0.001	0.997	0.001	0.001
0.932	0.001	0.066	0.001
0.997	0.001	0.001	0.001
0.602	0.001	0.001	0.396
>AAGGAGCT	5-AAGGAGCT	7.762536	-8.725971	0	T:18.0(27.69%),B:4387.6(10.97%),P:1e-3	Tpos:509.8,Tstd:316.7,Bpos:480.7,Bstd:314.7,StrandBias:-1.1,Multiplicity:1.39
0.598	0.324	0.001	0.077
0.799	0.041	0.159	0.001
0.203	0.001	0.795	0.001
0.001	0.001	0.889	0.109
0.718	0.175	0.106	0.001
0.001	0.082	0.916	0.001
0.001	0.997	0.001	0.001
0.299	0.001	0.001	0.699
>CGCCKCCC	6-CGCCKCCC	6.258314	-6.116146	0	T:13.0(20.00%),B:3286.0(8.22%),P:1e-2	Tpos:572.3,Tstd:257.2,Bpos:516.0,Bstd:301.3,StrandBias:1.0,Multiplicity:1.15
0.048	0.915	0.001	0.036
0.001	0.001	0.997	0.001
0.001	0.997	0.001	0.001
0.001	0.997	0.001	0.001
0.001	0.001	0.508	0.490
0.001	0.997	0.001	0.001
0.001	0.997	0.001	0.001
0.001	0.615	0.344	0.040
