>TTATCAGTTGTA	6-TTATCAGTTGTA	9.883510	-28.318194	0	T:40.0(21.62%),B:2343.8(5.77%),P:1e-12
0.126	0.001	0.001	0.872
0.001	0.034	0.001	0.964
0.860	0.077	0.049	0.014
0.031	0.001	0.001	0.967
0.056	0.929	0.001	0.014
0.784	0.150	0.036	0.030
0.072	0.041	0.684	0.203
0.001	0.042	0.001	0.956
0.092	0.056	0.050	0.802
0.096	0.087	0.704	0.113
0.194	0.120	0.065	0.621
0.868	0.033	0.081	0.018
