>TATTATTGRTTA	21-TAAYCAATAATA	11.428021	-12.231986	0	T:10.0(5.41%),B:338.3(0.83%),P:1e-5
0.064	0.001	0.220	0.715
0.677	0.013	0.092	0.218
0.045	0.019	0.001	0.935
0.050	0.001	0.395	0.554
0.650	0.023	0.001	0.326
0.090	0.046	0.062	0.802
0.001	0.031	0.001	0.967
0.019	0.027	0.738	0.216
0.378	0.071	0.492	0.059
0.037	0.001	0.122	0.840
0.160	0.120	0.001	0.719
0.719	0.029	0.016	0.236
