>TCGTATTTCATC	4-TCGTATTTCATC,BestGuess:skn-1/MA0547.1/Jaspar(0.561)	9.689267	-29.345258	0	T:67.0(9.48%),B:1316.1(3.37%),P:1e-12
0.072	0.039	0.051	0.838
0.080	0.864	0.001	0.055
0.057	0.121	0.734	0.088
0.067	0.084	0.039	0.810
0.754	0.081	0.056	0.109
0.053	0.049	0.017	0.881
0.023	0.073	0.048	0.856
0.044	0.055	0.023	0.878
0.094	0.843	0.012	0.051
0.848	0.089	0.014	0.049
0.078	0.044	0.057	0.821
0.062	0.881	0.017	0.040
