>CGGAAAACAAGA	5-CGGAAAACAAGA,BestGuess:fkh-9/MA1440.1/Jaspar(0.721)	10.223406	-29.128823	0	T:66.0(9.34%),B:1290.5(3.30%),P:1e-12
0.082	0.718	0.102	0.098
0.072	0.058	0.806	0.064
0.113	0.038	0.844	0.005
0.878	0.010	0.063	0.049
0.915	0.009	0.038	0.038
0.852	0.001	0.103	0.044
0.818	0.109	0.023	0.050
0.086	0.764	0.056	0.094
0.827	0.027	0.079	0.067
0.852	0.063	0.023	0.062
0.044	0.044	0.883	0.029
0.849	0.034	0.063	0.054
