>TCCCTCTCTTTT	10-TCCCTCTCTTTT	10.048712	-24.101440	0	T:35.0(4.95%),B:490.0(1.25%),P:1e-10
0.148	0.043	0.138	0.671
0.030	0.724	0.218	0.028
0.198	0.596	0.163	0.043
0.150	0.578	0.099	0.173
0.038	0.138	0.198	0.626
0.039	0.868	0.039	0.054
0.167	0.037	0.125	0.671
0.224	0.693	0.034	0.049
0.051	0.047	0.098	0.804
0.030	0.217	0.039	0.714
0.030	0.165	0.033	0.772
0.120	0.170	0.025	0.685
