>TWGCBCSKAAAT	18-TWGCBCSKAAAT,BestGuess:efl-1/MA0541.1/Jaspar(0.556)	10.179706	-20.288937	0	T:27.0(3.82%),B:353.5(0.91%),P:1e-8
0.019	0.047	0.187	0.747
0.520	0.026	0.043	0.411
0.055	0.082	0.781	0.082
0.085	0.863	0.008	0.044
0.024	0.354	0.307	0.315
0.041	0.585	0.310	0.064
0.249	0.429	0.321	0.001
0.104	0.185	0.310	0.400
0.933	0.033	0.024	0.010
0.974	0.001	0.001	0.024
0.886	0.016	0.012	0.086
0.393	0.016	0.001	0.590
