>ATTTMSGVGCWA	18-TWGCBCSKAAAT	10.179706	-20.288937	0	T:27.0(3.82%),B:353.5(0.91%),P:1e-8
0.590	0.001	0.016	0.393
0.086	0.012	0.016	0.886
0.024	0.001	0.001	0.974
0.010	0.024	0.033	0.933
0.400	0.310	0.185	0.104
0.001	0.321	0.429	0.249
0.064	0.310	0.585	0.041
0.315	0.307	0.354	0.024
0.044	0.008	0.863	0.085
0.082	0.781	0.082	0.055
0.411	0.043	0.026	0.520
0.747	0.187	0.047	0.019
