>SBTTTTATAC	1-SBTTTTATAC	9.568598	-30.789626	0	T:28.0(22.40%),B:1546.5(3.83%),P:1e-13	Tpos:821.9,Tstd:264.8,Bpos:614.3,Bstd:363.2,StrandBias:-3.2,Multiplicity:1.07
0.073	0.403	0.323	0.202
0.018	0.388	0.239	0.355
0.033	0.060	0.040	0.867
0.001	0.036	0.033	0.930
0.150	0.021	0.117	0.712
0.060	0.038	0.094	0.808
0.667	0.326	0.006	0.001
0.091	0.042	0.033	0.834
0.944	0.020	0.020	0.016
0.236	0.733	0.030	0.001
>CGATATGCAT	2-CGATATGCAT	10.054119	-25.041030	0	T:14.0(11.20%),B:362.0(0.90%),P:1e-10	Tpos:424.5,Tstd:277.6,Bpos:484.7,Bstd:321.5,StrandBias:0.8,Multiplicity:1.00
0.050	0.881	0.068	0.001
0.044	0.001	0.954	0.001
0.879	0.119	0.001	0.001
0.056	0.001	0.001	0.942
0.997	0.001	0.001	0.001
0.069	0.001	0.082	0.848
0.001	0.001	0.946	0.052
0.001	0.850	0.081	0.068
0.876	0.122	0.001	0.001
0.001	0.001	0.098	0.900
>CCTATTGAGT	3-CCTATTGAGT	10.361719	-23.300622	0	T:12.0(9.60%),B:266.7(0.66%),P:1e-10	Tpos:631.6,Tstd:219.6,Bpos:524.4,Bstd:298.6,StrandBias:0.0,Multiplicity:1.00
0.001	0.925	0.001	0.073
0.001	0.884	0.114	0.001
0.001	0.106	0.001	0.892
0.772	0.111	0.116	0.001
0.081	0.001	0.001	0.917
0.001	0.001	0.001	0.997
0.001	0.072	0.926	0.001
0.997	0.001	0.001	0.001
0.001	0.001	0.935	0.063
0.001	0.001	0.138	0.860
>TCGTATCTTC	4-TCGTATCTTC	10.422246	-23.025503	0	T:18.0(14.40%),B:810.4(2.01%),P:1e-9	Tpos:580.6,Tstd:313.3,Bpos:524.3,Bstd:319.8,StrandBias:1.0,Multiplicity:1.00
0.001	0.001	0.001	0.997
0.001	0.604	0.083	0.312
0.001	0.001	0.997	0.001
0.053	0.001	0.001	0.945
0.911	0.001	0.001	0.087
0.001	0.001	0.001	0.997
0.001	0.793	0.090	0.116
0.086	0.001	0.001	0.912
0.001	0.001	0.001	0.997
0.001	0.903	0.095	0.001
>ATTAACGCAT	5-ATTAACGCAT	9.647063	-22.709368	0	T:17.0(13.60%),B:719.5(1.78%),P:1e-9	Tpos:498.1,Tstd:236.1,Bpos:522.3,Bstd:321.5,StrandBias:1.7,Multiplicity:1.00
0.769	0.229	0.001	0.001
0.149	0.107	0.001	0.743
0.001	0.001	0.071	0.927
0.667	0.238	0.001	0.094
0.997	0.001	0.001	0.001
0.001	0.997	0.001	0.001
0.001	0.087	0.911	0.001
0.053	0.811	0.001	0.135
0.931	0.001	0.001	0.067
0.063	0.001	0.001	0.935
>TTAHGTATAA	6-TTAHGTATAA	8.774364	-22.708265	0	T:40.0(32.00%),B:4343.7(10.75%),P:1e-9	Tpos:515.7,Tstd:271.6,Bpos:514.1,Bstd:318.2,StrandBias:-0.3,Multiplicity:1.16
0.013	0.001	0.001	0.985
0.091	0.001	0.001	0.907
0.784	0.127	0.001	0.088
0.307	0.410	0.001	0.283
0.001	0.126	0.835	0.038
0.072	0.001	0.173	0.754
0.925	0.073	0.001	0.001
0.001	0.220	0.001	0.778
0.964	0.034	0.001	0.001
0.832	0.001	0.166	0.001
>TTACCAGTTG	7-TTACCAGTTG	9.735966	-20.894311	0	T:20.0(16.00%),B:1178.5(2.92%),P:1e-9	Tpos:616.0,Tstd:304.9,Bpos:515.1,Bstd:327.9,StrandBias:-0.5,Multiplicity:1.20
0.062	0.001	0.065	0.872
0.074	0.062	0.060	0.804
0.980	0.001	0.001	0.018
0.040	0.654	0.001	0.305
0.001	0.942	0.001	0.056
0.997	0.001	0.001	0.001
0.034	0.001	0.921	0.044
0.001	0.001	0.001	0.997
0.001	0.001	0.001	0.997
0.056	0.069	0.874	0.001
>ATAGCCTGGT	8-ATAGCCTGGT	11.651434	-20.765496	0	T:7.0(5.60%),B:55.9(0.14%),P:1e-9	Tpos:567.4,Tstd:299.1,Bpos:481.3,Bstd:343.0,StrandBias:0.4,Multiplicity:1.00
0.825	0.001	0.001	0.173
0.001	0.001	0.001	0.997
0.997	0.001	0.001	0.001
0.001	0.001	0.862	0.136
0.001	0.997	0.001	0.001
0.001	0.997	0.001	0.001
0.001	0.001	0.001	0.997
0.001	0.001	0.997	0.001
0.001	0.001	0.997	0.001
0.001	0.001	0.001	0.997
>AATTCCGCTC	9-AATTCCGCTC	9.617328	-20.590931	0	T:18.0(14.40%),B:947.1(2.34%),P:1e-8	Tpos:435.4,Tstd:315.2,Bpos:505.2,Bstd:301.1,StrandBias:-0.6,Multiplicity:1.11
0.917	0.081	0.001	0.001
0.923	0.075	0.001	0.001
0.061	0.077	0.001	0.861
0.001	0.081	0.001	0.917
0.001	0.958	0.001	0.040
0.043	0.848	0.073	0.036
0.037	0.001	0.961	0.001
0.041	0.880	0.078	0.001
0.001	0.078	0.001	0.920
0.062	0.881	0.056	0.001
>TATCACTTTC	10-TATCACTTTC	8.494911	-20.334488	0	T:39.0(31.20%),B:4500.7(11.14%),P:1e-8	Tpos:480.3,Tstd:327.0,Bpos:517.0,Bstd:331.1,StrandBias:-0.3,Multiplicity:1.13
0.043	0.001	0.148	0.808
0.878	0.026	0.080	0.016
0.001	0.239	0.001	0.759
0.149	0.639	0.145	0.067
0.771	0.001	0.065	0.163
0.061	0.821	0.117	0.001
0.001	0.305	0.001	0.693
0.001	0.001	0.001	0.997
0.100	0.001	0.074	0.825
0.001	0.814	0.184	0.001
>CTAACTGGTT	11-CTAACTGGTT	9.427027	-19.978022	0	T:15.0(12.00%),B:642.2(1.59%),P:1e-8	Tpos:562.0,Tstd:287.5,Bpos:501.2,Bstd:326.1,StrandBias:0.4,Multiplicity:1.07
0.031	0.883	0.085	0.001
0.001	0.001	0.001	0.997
0.901	0.001	0.097	0.001
0.757	0.001	0.132	0.110
0.001	0.997	0.001	0.001
0.001	0.134	0.001	0.864
0.085	0.001	0.913	0.001
0.001	0.109	0.847	0.043
0.001	0.001	0.001	0.997
0.152	0.001	0.001	0.846
>YGCTGTGGTT	12-YGCTGTGGTT	8.170472	-19.646587	0	T:34.0(27.20%),B:3607.1(8.93%),P:1e-8	Tpos:541.7,Tstd:300.9,Bpos:499.2,Bstd:329.8,StrandBias:0.4,Multiplicity:1.15
0.001	0.512	0.002	0.485
0.040	0.069	0.840	0.051
0.001	0.719	0.003	0.277
0.001	0.001	0.001	0.997
0.001	0.076	0.833	0.090
0.197	0.001	0.005	0.797
0.001	0.001	0.741	0.257
0.393	0.002	0.564	0.041
0.100	0.081	0.081	0.738
0.156	0.002	0.002	0.840
>GGGCACTCTA	13-GGGCACTCTA	10.331045	-19.638871	0	T:9.0(7.20%),B:159.8(0.40%),P:1e-8	Tpos:503.9,Tstd:256.3,Bpos:579.3,Bstd:341.9,StrandBias:10.0,Multiplicity:1.11
0.001	0.141	0.857	0.001
0.001	0.001	0.997	0.001
0.001	0.095	0.903	0.001
0.078	0.827	0.094	0.001
0.997	0.001	0.001	0.001
0.065	0.825	0.001	0.109
0.001	0.001	0.001	0.997
0.001	0.910	0.001	0.088
0.001	0.121	0.096	0.782
0.997	0.001	0.001	0.001
>ATACTGACCT	14-ATACTGACCT	9.971929	-18.133661	0	T:14.0(11.20%),B:628.7(1.56%),P:1e-7	Tpos:409.8,Tstd:284.4,Bpos:514.2,Bstd:331.1,StrandBias:0.4,Multiplicity:1.00
0.909	0.089	0.001	0.001
0.057	0.097	0.001	0.845
0.865	0.133	0.001	0.001
0.001	0.997	0.001	0.001
0.001	0.001	0.001	0.997
0.066	0.001	0.932	0.001
0.808	0.113	0.001	0.078
0.048	0.889	0.001	0.062
0.001	0.918	0.001	0.080
0.066	0.001	0.001	0.932
>ATCATTGTTC	15-ATCATTGTTC	10.722094	-17.881253	0	T:15.0(12.00%),B:754.4(1.87%),P:1e-7	Tpos:491.2,Tstd:342.5,Bpos:484.4,Bstd:337.1,StrandBias:0.4,Multiplicity:1.07
0.914	0.001	0.084	0.001
0.001	0.001	0.075	0.923
0.001	0.997	0.001	0.001
0.861	0.001	0.001	0.137
0.001	0.071	0.001	0.927
0.001	0.001	0.001	0.997
0.116	0.001	0.882	0.001
0.001	0.001	0.091	0.907
0.001	0.001	0.001	0.997
0.001	0.997	0.001	0.001
>GTTCTAGGAT	16-GTTCTAGGAT	9.365384	-16.758523	0	T:15.0(12.00%),B:823.8(2.04%),P:1e-7	Tpos:486.6,Tstd:256.8,Bpos:495.2,Bstd:336.2,StrandBias:0.2,Multiplicity:1.13
0.001	0.001	0.997	0.001
0.272	0.001	0.001	0.726
0.001	0.001	0.001	0.997
0.131	0.779	0.031	0.059
0.075	0.001	0.001	0.923
0.915	0.001	0.001	0.083
0.001	0.001	0.997	0.001
0.001	0.147	0.714	0.138
0.900	0.001	0.001	0.098
0.078	0.001	0.001	0.920
>GCATTATTAC	17-GCATTATTAC	8.892149	-16.051197	0	T:18.0(14.40%),B:1281.6(3.17%),P:1e-6	Tpos:524.3,Tstd:256.7,Bpos:497.5,Bstd:322.0,StrandBias:0.5,Multiplicity:1.06
0.001	0.001	0.997	0.001
0.001	0.888	0.001	0.110
0.620	0.001	0.001	0.378
0.006	0.130	0.001	0.863
0.001	0.001	0.374	0.624
0.526	0.181	0.292	0.001
0.013	0.005	0.001	0.981
0.089	0.233	0.001	0.677
0.834	0.159	0.006	0.001
0.126	0.705	0.081	0.088
>CAGACCCGGA	18-CAGACCCGGA	10.888977	-15.885781	0	T:8.0(6.40%),B:178.1(0.44%),P:1e-6	Tpos:417.1,Tstd:183.2,Bpos:517.4,Bstd:311.3,StrandBias:0.6,Multiplicity:1.25
0.001	0.885	0.113	0.001
0.997	0.001	0.001	0.001
0.120	0.001	0.878	0.001
0.997	0.001	0.001	0.001
0.107	0.790	0.001	0.102
0.114	0.884	0.001	0.001
0.001	0.872	0.001	0.126
0.001	0.001	0.997	0.001
0.001	0.142	0.856	0.001
0.997	0.001	0.001	0.001
>GAATGMCATA	19-GAATGMCATA	7.326832	-13.761432	0	T:39.0(31.20%),B:5744.6(14.22%),P:1e-5	Tpos:498.4,Tstd:302.0,Bpos:499.9,Bstd:329.4,StrandBias:-0.9,Multiplicity:1.10
0.034	0.069	0.896	0.001
0.930	0.011	0.001	0.058
0.997	0.001	0.001	0.001
0.055	0.067	0.052	0.826
0.001	0.060	0.908	0.031
0.517	0.470	0.006	0.007
0.014	0.789	0.129	0.068
0.880	0.001	0.060	0.059
0.020	0.155	0.001	0.824
0.633	0.054	0.312	0.001
>GTTTTAAACT	20-GTTTTAAACT	12.167247	-13.334837	0	T:14.0(11.20%),B:941.0(2.33%),P:1e-5	Tpos:538.8,Tstd:257.9,Bpos:514.4,Bstd:318.5,StrandBias:0.4,Multiplicity:1.00
0.001	0.001	0.997	0.001
0.001	0.001	0.001	0.997
0.001	0.001	0.001	0.997
0.063	0.001	0.001	0.935
0.128	0.201	0.118	0.553
0.997	0.001	0.001	0.001
0.997	0.001	0.001	0.001
0.997	0.001	0.001	0.001
0.001	0.997	0.001	0.001
0.001	0.001	0.001	0.997
>CTGGAATTCC	21-CTGGAATTCC	9.906357	-12.855127	0	T:15.0(12.00%),B:1128.6(2.79%),P:1e-5	Tpos:460.8,Tstd:238.2,Bpos:467.4,Bstd:304.7,StrandBias:0.5,Multiplicity:1.21
0.001	0.997	0.001	0.001
0.001	0.121	0.001	0.877
0.073	0.001	0.878	0.048
0.066	0.001	0.863	0.070
0.997	0.001	0.001	0.001
0.909	0.001	0.089	0.001
0.064	0.101	0.089	0.746
0.098	0.001	0.001	0.900
0.001	0.948	0.050	0.001
0.001	0.949	0.001	0.049
>TTTTGATAAG	22-TTTTGATAAG	10.304163	-11.661787	0	T:16.0(12.80%),B:1411.0(3.49%),P:1e-5	Tpos:499.3,Tstd:336.4,Bpos:515.5,Bstd:324.2,StrandBias:-0.7,Multiplicity:1.12
0.001	0.094	0.001	0.904
0.001	0.081	0.001	0.917
0.001	0.001	0.001	0.997
0.083	0.063	0.001	0.853
0.001	0.001	0.997	0.001
0.997	0.001	0.001	0.001
0.001	0.001	0.001	0.997
0.997	0.001	0.001	0.001
0.881	0.077	0.041	0.001
0.001	0.001	0.997	0.001
>TTACATGGAA	23-TTACATGGAA	10.315591	-10.877807	0	T:16.0(12.80%),B:1504.5(3.72%),P:1e-4	Tpos:502.2,Tstd:293.3,Bpos:514.5,Bstd:330.9,StrandBias:0.0,Multiplicity:1.25
0.001	0.001	0.001	0.997
0.109	0.001	0.001	0.889
0.997	0.001	0.001	0.001
0.110	0.888	0.001	0.001
0.839	0.078	0.001	0.082
0.001	0.001	0.284	0.714
0.086	0.001	0.665	0.248
0.001	0.001	0.997	0.001
0.997	0.001	0.001	0.001
0.997	0.001	0.001	0.001
>GAACAATGATCT	1-GAACAATGATCT	11.333723	-33.708237	0	T:18.0(14.40%),B:419.1(1.04%),P:1e-14	Tpos:512.9,Tstd:323.2,Bpos:488.5,Bstd:316.9,StrandBias:-0.7,Multiplicity:1.06
0.001	0.001	0.892	0.106
0.997	0.001	0.001	0.001
0.997	0.001	0.001	0.001
0.001	0.788	0.001	0.210
0.997	0.001	0.001	0.001
0.997	0.001	0.001	0.001
0.347	0.001	0.001	0.651
0.001	0.001	0.997	0.001
0.668	0.232	0.001	0.099
0.001	0.116	0.249	0.634
0.223	0.563	0.150	0.064
0.174	0.001	0.001	0.824
>TCCTTTTATACA	2-TCCTTTTATACA	9.670754	-29.933085	0	T:34.0(27.20%),B:2457.1(6.08%),P:1e-12	Tpos:641.5,Tstd:331.2,Bpos:557.3,Bstd:337.8,StrandBias:-1.4,Multiplicity:1.09
0.026	0.074	0.001	0.899
0.132	0.684	0.039	0.145
0.031	0.723	0.047	0.199
0.071	0.001	0.045	0.883
0.080	0.001	0.049	0.870
0.098	0.035	0.045	0.822
0.001	0.029	0.001	0.969
0.780	0.043	0.074	0.103
0.104	0.001	0.001	0.894
0.891	0.001	0.092	0.016
0.096	0.752	0.071	0.081
0.839	0.027	0.039	0.095
>ACTGCGATGATG	3-ACTGCGATGATG	14.132340	-25.412768	0	T:6.0(4.80%),B:11.9(0.03%),P:1e-11	Tpos:355.8,Tstd:211.9,Bpos:542.5,Bstd:169.0,StrandBias:1.0,Multiplicity:1.00
0.997	0.001	0.001	0.001
0.001	0.997	0.001	0.001
0.001	0.001	0.001	0.997
0.001	0.001	0.997	0.001
0.001	0.812	0.186	0.001
0.001	0.001	0.823	0.175
0.997	0.001	0.001	0.001
0.001	0.001	0.001	0.997
0.001	0.230	0.768	0.001
0.768	0.230	0.001	0.001
0.001	0.001	0.001	0.997
0.001	0.001	0.997	0.001
>ACTTTATCAATT	4-ACTTTATCAATT	9.933865	-24.967294	0	T:43.0(34.40%),B:4618.3(11.43%),P:1e-10	Tpos:545.3,Tstd:303.6,Bpos:518.1,Bstd:310.7,StrandBias:0.1,Multiplicity:1.09
0.889	0.018	0.060	0.033
0.061	0.709	0.045	0.185
0.030	0.083	0.113	0.774
0.084	0.066	0.138	0.712
0.001	0.033	0.001	0.965
0.817	0.061	0.014	0.108
0.133	0.001	0.068	0.798
0.008	0.802	0.074	0.116
0.915	0.001	0.021	0.063
0.840	0.001	0.067	0.092
0.056	0.100	0.001	0.843
0.024	0.032	0.001	0.943
>TCGTATTTTCAT	5-TCGTATTTTCAT	9.366672	-24.949180	0	T:9.0(7.20%),B:84.8(0.21%),P:1e-10	Tpos:490.3,Tstd:267.5,Bpos:518.0,Bstd:295.0,StrandBias:0.3,Multiplicity:1.00
0.001	0.001	0.051	0.947
0.001	0.997	0.001	0.001
0.001	0.001	0.997	0.001
0.001	0.001	0.001	0.997
0.997	0.001	0.001	0.001
0.001	0.001	0.051	0.947
0.001	0.001	0.207	0.791
0.001	0.001	0.001	0.997
0.001	0.001	0.001	0.997
0.001	0.997	0.001	0.001
0.796	0.202	0.001	0.001
0.001	0.001	0.001	0.997
>GTACAAAAACAA	6-GTACAAAAACAA	12.813191	-23.203651	0	T:15.0(12.00%),B:504.9(1.25%),P:1e-10	Tpos:625.7,Tstd:343.0,Bpos:513.7,Bstd:309.2,StrandBias:0.2,Multiplicity:1.00
0.001	0.001	0.941	0.057
0.052	0.104	0.001	0.843
0.997	0.001	0.001	0.001
0.055	0.849	0.001	0.095
0.997	0.001	0.001	0.001
0.997	0.001	0.001	0.001
0.725	0.001	0.168	0.106
0.997	0.001	0.001	0.001
0.997	0.001	0.001	0.001
0.001	0.922	0.001	0.076
0.914	0.001	0.001	0.084
0.891	0.001	0.001	0.107
>GCTCTTAACTCC	7-GCTCTTAACTCC	14.212583	-22.329406	0	T:5.0(4.00%),B:7.6(0.02%),P:1e-9	Tpos:639.6,Tstd:206.1,Bpos:439.2,Bstd:323.0,StrandBias:10.0,Multiplicity:1.00
0.194	0.001	0.804	0.001
0.001	0.997	0.001	0.001
0.001	0.001	0.001	0.997
0.001	0.997	0.001	0.001
0.221	0.001	0.194	0.584
0.001	0.001	0.001	0.997
0.997	0.001	0.001	0.001
0.997	0.001	0.001	0.001
0.001	0.997	0.001	0.001
0.001	0.001	0.001	0.997
0.001	0.804	0.001	0.194
0.001	0.997	0.001	0.001
>ADTTAACTGATA	8-ADTTAACTGATA	12.203195	-21.694039	0	T:11.0(8.80%),B:238.0(0.59%),P:1e-9	Tpos:394.5,Tstd:240.1,Bpos:502.5,Bstd:338.7,StrandBias:-0.8,Multiplicity:1.00
0.873	0.125	0.001	0.001
0.270	0.001	0.339	0.390
0.001	0.001	0.153	0.845
0.001	0.001	0.001	0.997
0.889	0.109	0.001	0.001
0.549	0.321	0.001	0.129
0.001	0.997	0.001	0.001
0.001	0.001	0.001	0.997
0.001	0.001	0.997	0.001
0.997	0.001	0.001	0.001
0.001	0.295	0.001	0.703
0.997	0.001	0.001	0.001
>AACAGTATAGTA	9-AACAGTATAGTA	11.331846	-20.949473	0	T:13.0(10.40%),B:411.9(1.02%),P:1e-9	Tpos:439.0,Tstd:257.6,Bpos:509.8,Bstd:325.5,StrandBias:-1.5,Multiplicity:1.15
0.997	0.001	0.001	0.001
0.997	0.001	0.001	0.001
0.189	0.809	0.001	0.001
0.875	0.001	0.001	0.123
0.270	0.001	0.534	0.195
0.001	0.001	0.150	0.848
0.885	0.001	0.113	0.001
0.001	0.001	0.001	0.997
0.827	0.001	0.171	0.001
0.080	0.235	0.684	0.001
0.001	0.001	0.171	0.827
0.729	0.001	0.269	0.001
>CTAGTAATTCTT	10-CTAGTAATTCTT	13.526138	-20.845139	0	T:8.0(6.40%),B:91.4(0.23%),P:1e-9	Tpos:347.9,Tstd:227.7,Bpos:534.0,Bstd:322.4,StrandBias:-0.7,Multiplicity:1.00
0.001	0.997	0.001	0.001
0.001	0.001	0.001	0.997
0.997	0.001	0.001	0.001
0.001	0.001	0.880	0.118
0.001	0.001	0.001	0.997
0.997	0.001	0.001	0.001
0.637	0.001	0.209	0.153
0.001	0.001	0.001	0.997
0.001	0.001	0.001	0.997
0.131	0.610	0.144	0.115
0.001	0.001	0.001	0.997
0.001	0.001	0.001	0.997
>AGCGTTCAGTAA	11-AGCGTTCAGTAA	13.372709	-20.208218	0	T:7.0(5.60%),B:60.7(0.15%),P:1e-8	Tpos:278.6,Tstd:191.0,Bpos:595.0,Bstd:309.8,StrandBias:0.4,Multiplicity:1.00
0.997	0.001	0.001	0.001
0.001	0.001	0.997	0.001
0.153	0.663	0.001	0.183
0.001	0.001	0.997	0.001
0.001	0.001	0.001	0.997
0.001	0.001	0.001	0.997
0.001	0.997	0.001	0.001
0.733	0.001	0.001	0.265
0.001	0.001	0.997	0.001
0.187	0.001	0.001	0.811
0.997	0.001	0.001	0.001
0.997	0.001	0.001	0.001
>ATTGGTTTTCAG	12-ATTGGTTTTCAG	12.368329	-19.698632	0	T:14.0(11.20%),B:553.0(1.37%),P:1e-8	Tpos:371.6,Tstd:296.9,Bpos:522.9,Bstd:332.5,StrandBias:-0.4,Multiplicity:1.14
0.919	0.001	0.001	0.079
0.001	0.001	0.134	0.864
0.001	0.001	0.126	0.872
0.096	0.001	0.708	0.195
0.049	0.107	0.798	0.046
0.001	0.001	0.001	0.997
0.001	0.001	0.001	0.997
0.001	0.001	0.001	0.997
0.001	0.001	0.001	0.997
0.001	0.997	0.001	0.001
0.917	0.001	0.001	0.081
0.001	0.001	0.997	0.001
>GSCAGGAAAAGA	13-GSCAGGAAAAGA	12.616294	-19.498840	0	T:7.0(5.60%),B:67.6(0.17%),P:1e-8	Tpos:595.7,Tstd:323.4,Bpos:504.7,Bstd:318.4,StrandBias:1.3,Multiplicity:1.00
0.001	0.001	0.862	0.136
0.001	0.461	0.537	0.001
0.001	0.792	0.001	0.206
0.997	0.001	0.001	0.001
0.001	0.001	0.997	0.001
0.001	0.001	0.997	0.001
0.997	0.001	0.001	0.001
0.997	0.001	0.001	0.001
0.997	0.001	0.001	0.001
0.997	0.001	0.001	0.001
0.001	0.001	0.805	0.193
0.997	0.001	0.001	0.001
>GTAGKRTKGAYR	14-GTAGKRTKGAYR	10.218525	-18.028136	0	T:11.0(8.80%),B:343.6(0.85%),P:1e-7	Tpos:449.4,Tstd:284.0,Bpos:459.7,Bstd:319.7,StrandBias:1.0,Multiplicity:1.09
0.095	0.001	0.903	0.001
0.169	0.138	0.089	0.604
0.997	0.001	0.001	0.001
0.356	0.001	0.642	0.001
0.181	0.001	0.425	0.393
0.569	0.001	0.429	0.001
0.299	0.001	0.001	0.699
0.001	0.001	0.512	0.486
0.008	0.001	0.693	0.298
0.997	0.001	0.001	0.001
0.089	0.416	0.001	0.494
0.474	0.001	0.524	0.001
>TATCGGCTGTTT	15-TATCGGCTGTTT	15.330513	-17.367651	0	T:3.0(2.40%),B:0.0(0.00%),P:1e-7	Tpos:284.7,Tstd:235.4,Bpos:0.0,Bstd:0.0,StrandBias:-1.0,Multiplicity:1.00
0.001	0.001	0.001	0.997
0.997	0.001	0.001	0.001
0.177	0.001	0.001	0.821
0.277	0.544	0.001	0.178
0.001	0.001	0.997	0.001
0.001	0.001	0.997	0.001
0.262	0.736	0.001	0.001
0.001	0.001	0.153	0.845
0.001	0.001	0.997	0.001
0.001	0.001	0.001	0.997
0.001	0.001	0.001	0.997
0.001	0.001	0.001	0.997
>AAATAACCAGTT	16-AAATAACCAGTT	10.307238	-16.974307	0	T:19.0(15.20%),B:1346.2(3.33%),P:1e-7	Tpos:670.2,Tstd:251.9,Bpos:508.7,Bstd:314.6,StrandBias:-0.1,Multiplicity:1.21
0.857	0.001	0.106	0.036
0.789	0.131	0.002	0.078
0.795	0.096	0.087	0.022
0.122	0.062	0.047	0.769
0.762	0.029	0.056	0.153
0.862	0.001	0.001	0.136
0.080	0.797	0.081	0.042
0.103	0.846	0.001	0.050
0.938	0.001	0.001	0.060
0.054	0.028	0.854	0.064
0.074	0.001	0.001	0.924
0.098	0.084	0.001	0.817
>AACTGGCATAAA	17-AACTGGCATAAA	10.698570	-16.742858	0	T:18.0(14.40%),B:1222.1(3.03%),P:1e-7	Tpos:588.4,Tstd:312.9,Bpos:500.0,Bstd:319.8,StrandBias:0.6,Multiplicity:1.11
0.997	0.001	0.001	0.001
0.997	0.001	0.001	0.001
0.001	0.938	0.001	0.060
0.001	0.111	0.001	0.887
0.001	0.001	0.615	0.383
0.001	0.088	0.734	0.177
0.084	0.681	0.001	0.234
0.922	0.001	0.001	0.076
0.134	0.001	0.071	0.794
0.587	0.411	0.001	0.001
0.907	0.001	0.001	0.091
0.609	0.001	0.309	0.081
>CACTCAACTTGG	18-CACTCAACTTGG	15.050537	-16.622298	0	T:4.0(3.20%),B:9.4(0.02%),P:1e-7	Tpos:386.8,Tstd:205.2,Bpos:604.1,Bstd:274.8,StrandBias:0.0,Multiplicity:1.50
0.001	0.997	0.001	0.001
0.997	0.001	0.001	0.001
0.001	0.997	0.001	0.001
0.001	0.001	0.001	0.997
0.001	0.668	0.330	0.001
0.997	0.001	0.001	0.001
0.997	0.001	0.001	0.001
0.001	0.997	0.001	0.001
0.001	0.001	0.001	0.997
0.001	0.001	0.001	0.997
0.001	0.358	0.640	0.001
0.001	0.001	0.997	0.001
>TACAAATTTTCC	19-TACAAATTTTCC	14.300562	-15.782915	0	T:7.0(5.60%),B:119.5(0.30%),P:1e-6	Tpos:659.0,Tstd:216.5,Bpos:551.0,Bstd:296.3,StrandBias:-0.4,Multiplicity:1.00
0.001	0.001	0.001	0.997
0.997	0.001	0.001	0.001
0.001	0.844	0.154	0.001
0.997	0.001	0.001	0.001
0.997	0.001	0.001	0.001
0.860	0.001	0.001	0.138
0.001	0.001	0.001	0.997
0.001	0.001	0.001	0.997
0.001	0.001	0.001	0.997
0.001	0.001	0.001	0.997
0.001	0.854	0.144	0.001
0.001	0.997	0.001	0.001
>TCGAGAAATACC	20-TCGAGAAATACC	10.652720	-15.625384	0	T:11.0(8.80%),B:438.5(1.09%),P:1e-6	Tpos:450.8,Tstd:238.1,Bpos:485.0,Bstd:320.3,StrandBias:-0.2,Multiplicity:1.18
0.149	0.001	0.001	0.849
0.001	0.997	0.001	0.001
0.001	0.001	0.997	0.001
0.803	0.001	0.001	0.195
0.157	0.001	0.572	0.270
0.630	0.368	0.001	0.001
0.821	0.001	0.001	0.177
0.997	0.001	0.001	0.001
0.094	0.001	0.224	0.681
0.997	0.001	0.001	0.001
0.001	0.970	0.001	0.028
0.001	0.634	0.294	0.071
>ACTATTGAATAG	21-ACTATTGAATAG	12.149849	-14.526010	0	T:9.0(7.20%),B:296.1(0.73%),P:1e-6	Tpos:391.6,Tstd:254.2,Bpos:517.7,Bstd:332.1,StrandBias:-0.4,Multiplicity:1.00
0.997	0.001	0.001	0.001
0.104	0.643	0.147	0.106
0.001	0.001	0.001	0.997
0.701	0.001	0.207	0.091
0.001	0.001	0.001	0.997
0.001	0.001	0.001	0.997
0.001	0.363	0.635	0.001
0.870	0.001	0.001	0.128
0.997	0.001	0.001	0.001
0.337	0.001	0.001	0.661
0.997	0.001	0.001	0.001
0.090	0.099	0.810	0.001
>AAGTTTTAWGTA	22-AAGTTTTAWGTA	11.837679	-11.973204	0	T:12.0(9.60%),B:775.5(1.92%),P:1e-5	Tpos:330.2,Tstd:215.4,Bpos:505.7,Bstd:313.4,StrandBias:-0.4,Multiplicity:1.17
0.984	0.001	0.005	0.010
0.872	0.001	0.001	0.126
0.132	0.006	0.858	0.004
0.109	0.008	0.001	0.882
0.166	0.001	0.226	0.607
0.001	0.001	0.001	0.997
0.001	0.001	0.236	0.762
0.634	0.001	0.001	0.364
0.450	0.001	0.005	0.544
0.001	0.001	0.997	0.001
0.079	0.004	0.001	0.916
0.990	0.007	0.001	0.002
>TGGAGGAGGCCG	23-TGGAGGAGGCCG	9.159289	-10.622742	0	T:5.0(4.00%),B:105.3(0.26%),P:1e-4	Tpos:417.6,Tstd:223.3,Bpos:492.1,Bstd:283.5,StrandBias:1.8,Multiplicity:1.80
0.001	0.408	0.001	0.590
0.001	0.295	0.703	0.001
0.001	0.001	0.997	0.001
0.997	0.001	0.001	0.001
0.001	0.295	0.703	0.001
0.001	0.001	0.997	0.001
0.590	0.408	0.001	0.001
0.001	0.001	0.997	0.001
0.001	0.001	0.978	0.020
0.013	0.744	0.001	0.242
0.001	0.774	0.001	0.224
0.001	0.001	0.997	0.001
>AGGTATACCTAA	24-AGGTATACCTAA	12.355432	-9.782675	0	T:2.0(1.60%),B:2.5(0.01%),P:1e-4	Tpos:519.5,Tstd:18.1,Bpos:746.5,Bstd:206.2,StrandBias:0.0,Multiplicity:1.00
0.700	0.100	0.100	0.100
0.100	0.100	0.700	0.100
0.100	0.100	0.700	0.100
0.100	0.100	0.100	0.700
0.700	0.100	0.100	0.100
0.100	0.100	0.100	0.700
0.700	0.100	0.100	0.100
0.100	0.700	0.100	0.100
0.100	0.700	0.100	0.100
0.100	0.100	0.100	0.700
0.700	0.100	0.100	0.100
0.700	0.100	0.100	0.100
>GATAAGCTATCA	25-GATAAGCTATCA	12.355432	-9.273875	0	T:2.0(1.60%),B:3.3(0.01%),P:1e-4	Tpos:519.5,Tstd:408.6,Bpos:516.0,Bstd:151.4,StrandBias:0.0,Multiplicity:2.00
0.100	0.100	0.700	0.100
0.700	0.100	0.100	0.100
0.100	0.100	0.100	0.700
0.700	0.100	0.100	0.100
0.700	0.100	0.100	0.100
0.100	0.100	0.700	0.100
0.100	0.700	0.100	0.100
0.100	0.100	0.100	0.700
0.700	0.100	0.100	0.100
0.100	0.100	0.100	0.700
0.100	0.700	0.100	0.100
0.700	0.100	0.100	0.100
>ACCAGTCA	1-ACCAGTCA	6.745153	-23.103991	0	T:35.0(28.00%),B:3336.3(8.26%),P:1e-10	Tpos:623.7,Tstd:294.7,Bpos:505.7,Bstd:327.1,StrandBias:0.2,Multiplicity:1.11
0.997	0.001	0.001	0.001
0.001	0.997	0.001	0.001
0.001	0.997	0.001	0.001
0.920	0.001	0.078	0.001
0.001	0.001	0.997	0.001
0.001	0.001	0.001	0.997
0.001	0.680	0.001	0.318
0.953	0.001	0.045	0.001
>GTATAAAA	2-GTATAAAA	8.236954	-23.041743	0	T:40.0(32.00%),B:4295.1(10.63%),P:1e-10	Tpos:769.2,Tstd:302.2,Bpos:558.4,Bstd:354.2,StrandBias:1.9,Multiplicity:1.07
0.100	0.100	0.700	0.100
0.100	0.100	0.100	0.700
0.700	0.100	0.100	0.100
0.100	0.100	0.100	0.700
0.700	0.100	0.100	0.100
0.700	0.100	0.100	0.100
0.700	0.100	0.100	0.100
0.700	0.100	0.100	0.100
>AGCCTGGT	3-AGCCTGGT	7.859160	-13.976837	0	T:14.0(11.20%),B:890.4(2.20%),P:1e-6	Tpos:506.1,Tstd:255.0,Bpos:487.3,Bstd:321.2,StrandBias:0.7,Multiplicity:1.14
0.949	0.049	0.001	0.001
0.001	0.001	0.997	0.001
0.001	0.997	0.001	0.001
0.001	0.997	0.001	0.001
0.001	0.001	0.001	0.997
0.001	0.001	0.997	0.001
0.177	0.001	0.821	0.001
0.001	0.001	0.001	0.997
>TGAAGTTT	4-TGAAGTTT	8.236954	-11.353032	0	T:35.0(28.00%),B:5374.8(13.31%),P:1e-4	Tpos:501.8,Tstd:299.3,Bpos:505.9,Bstd:315.1,StrandBias:0.0,Multiplicity:1.14
0.100	0.100	0.100	0.700
0.100	0.100	0.700	0.100
0.700	0.100	0.100	0.100
0.700	0.100	0.100	0.100
0.100	0.100	0.700	0.100
0.100	0.100	0.100	0.700
0.100	0.100	0.100	0.700
0.100	0.100	0.100	0.700
>TCSTATGT	5-TCSTATGT	8.156345	-9.536861	0	T:21.0(16.80%),B:2662.8(6.59%),P:1e-4	Tpos:480.8,Tstd:245.2,Bpos:490.0,Bstd:322.0,StrandBias:1.2,Multiplicity:1.10
0.001	0.001	0.046	0.952
0.001	0.997	0.001	0.001
0.001	0.516	0.482	0.001
0.001	0.001	0.071	0.927
0.997	0.001	0.001	0.001
0.001	0.292	0.056	0.651
0.077	0.273	0.649	0.001
0.378	0.001	0.001	0.620
