>GGTCCGCC	1-GGTCCGCC	7.298855	-14.051690	0	T:14.0(43.75%),B:3758.0(9.96%),P:1e-6	Tpos:516.9,Tstd:270.9,Bpos:532.1,Bstd:397.3,StrandBias:-0.7,Multiplicity:1.29
0.001	0.071	0.871	0.057
0.069	0.291	0.592	0.048
0.001	0.080	0.001	0.918
0.001	0.997	0.001	0.001
0.075	0.923	0.001	0.001
0.062	0.051	0.886	0.001
0.001	0.997	0.001	0.001
0.001	0.896	0.102	0.001
>TGTTCCSG	2-TGTTCCSG	8.167021	-13.654383	0	T:10.0(31.25%),B:1748.1(4.63%),P:1e-5	Tpos:480.0,Tstd:292.3,Bpos:487.9,Bstd:344.9,StrandBias:1.2,Multiplicity:1.20
0.001	0.375	0.001	0.623
0.001	0.137	0.624	0.238
0.001	0.042	0.001	0.956
0.001	0.001	0.001	0.997
0.148	0.850	0.001	0.001
0.001	0.632	0.366	0.001
0.001	0.450	0.548	0.001
0.001	0.001	0.997	0.001
>ACGGTTGA	3-ACGGTTGA	7.434597	-11.304580	0	T:12.0(37.50%),B:3418.0(9.06%),P:1e-4	Tpos:474.9,Tstd:279.3,Bpos:518.1,Bstd:330.6,StrandBias:-1.3,Multiplicity:1.42
0.997	0.001	0.001	0.001
0.001	0.997	0.001	0.001
0.001	0.001	0.997	0.001
0.001	0.001	0.894	0.104
0.001	0.001	0.001	0.997
0.253	0.001	0.072	0.674
0.001	0.001	0.997	0.001
0.997	0.001	0.001	0.001
>AACAGATR	4-AACAGATR	7.325799	-10.635678	0	T:19.0(59.38%),B:9143.8(24.24%),P:1e-4	Tpos:539.4,Tstd:305.1,Bpos:519.2,Bstd:325.5,StrandBias:-0.1,Multiplicity:1.42
0.997	0.001	0.001	0.001
0.916	0.082	0.001	0.001
0.091	0.857	0.001	0.051
0.997	0.001	0.001	0.001
0.001	0.001	0.997	0.001
0.646	0.352	0.001	0.001
0.001	0.001	0.153	0.845
0.514	0.001	0.484	0.001
>GTCCTGGC	5-GTCCTGGC	6.795004	-5.237207	0	T:9.0(28.12%),B:4048.2(10.73%),P:1e-2	Tpos:340.2,Tstd:250.2,Bpos:482.3,Bstd:364.5,StrandBias:-0.9,Multiplicity:2.89
0.001	0.151	0.734	0.114
0.001	0.001	0.001	0.997
0.001	0.924	0.041	0.034
0.001	0.969	0.001	0.029
0.056	0.001	0.001	0.942
0.001	0.001	0.958	0.040
0.056	0.051	0.892	0.001
0.073	0.619	0.001	0.307
