>TGTTCACGYA	1-TGTTCACGYA	10.114884	-18.897773	0	T:7.0(21.88%),B:300.3(0.80%),P:1e-8	Tpos:536.0,Tstd:294.4,Bpos:516.4,Bstd:314.2,StrandBias:1.3,Multiplicity:1.00
0.001	0.001	0.001	0.997
0.001	0.001	0.997	0.001
0.001	0.001	0.001	0.997
0.001	0.001	0.001	0.997
0.001	0.997	0.001	0.001
0.861	0.114	0.001	0.024
0.001	0.997	0.001	0.001
0.001	0.001	0.580	0.418
0.001	0.505	0.001	0.493
0.997	0.001	0.001	0.001
>GACGTTAGAG	2-GACGTTAGAG	11.111935	-18.381561	0	T:6.0(18.75%),B:179.6(0.48%),P:1e-7	Tpos:648.4,Tstd:222.7,Bpos:536.8,Bstd:357.3,StrandBias:-1.3,Multiplicity:1.17
0.001	0.001	0.997	0.001
0.997	0.001	0.001	0.001
0.001	0.847	0.151	0.001
0.001	0.001	0.997	0.001
0.001	0.001	0.001	0.997
0.233	0.128	0.001	0.638
0.997	0.001	0.001	0.001
0.001	0.001	0.997	0.001
0.997	0.001	0.001	0.001
0.154	0.001	0.677	0.168
>ACTGAGAACG	3-ACTGAGAACG	10.821830	-18.035489	0	T:8.0(25.00%),B:541.5(1.44%),P:1e-7	Tpos:391.3,Tstd:304.5,Bpos:517.3,Bstd:349.2,StrandBias:-1.8,Multiplicity:1.12
0.842	0.001	0.156	0.001
0.107	0.787	0.001	0.105
0.127	0.001	0.001	0.871
0.001	0.001	0.997	0.001
0.997	0.001	0.001	0.001
0.001	0.001	0.771	0.227
0.997	0.001	0.001	0.001
0.997	0.001	0.001	0.001
0.109	0.889	0.001	0.001
0.001	0.001	0.997	0.001
>GGCTTTACCG	4-GGCTTTACCG	11.411327	-17.563465	0	T:5.0(15.62%),B:96.9(0.26%),P:1e-7	Tpos:468.5,Tstd:195.2,Bpos:432.0,Bstd:295.9,StrandBias:-1.0,Multiplicity:1.20
0.001	0.001	0.792	0.206
0.001	0.001	0.997	0.001
0.001	0.810	0.001	0.188
0.001	0.001	0.001	0.997
0.001	0.001	0.001	0.997
0.001	0.001	0.001	0.997
0.826	0.172	0.001	0.001
0.001	0.997	0.001	0.001
0.001	0.795	0.203	0.001
0.001	0.001	0.997	0.001
>GGCACACAAC	5-GGCACACAAC	11.840883	-14.760130	0	T:5.0(15.62%),B:172.5(0.46%),P:1e-6	Tpos:690.6,Tstd:268.7,Bpos:500.6,Bstd:294.4,StrandBias:0.6,Multiplicity:1.00
0.001	0.001	0.997	0.001
0.001	0.001	0.741	0.257
0.001	0.997	0.001	0.001
0.997	0.001	0.001	0.001
0.001	0.997	0.001	0.001
0.997	0.001	0.001	0.001
0.001	0.997	0.001	0.001
0.997	0.001	0.001	0.001
0.997	0.001	0.001	0.001
0.183	0.815	0.001	0.001
>TGAATCGAGA	6-TGAATCGAGA	10.508512	-14.326115	0	T:9.0(28.12%),B:1228.5(3.26%),P:1e-6	Tpos:581.2,Tstd:296.5,Bpos:542.2,Bstd:336.7,StrandBias:-3.3,Multiplicity:1.22
0.098	0.001	0.001	0.900
0.001	0.001	0.997	0.001
0.997	0.001	0.001	0.001
0.997	0.001	0.001	0.001
0.097	0.001	0.135	0.767
0.099	0.899	0.001	0.001
0.112	0.001	0.886	0.001
0.997	0.001	0.001	0.001
0.077	0.001	0.820	0.102
0.835	0.001	0.163	0.001
>GWTGCTGRAG	7-GWTGCTGRAG	10.528109	-12.894086	0	T:6.0(18.75%),B:465.1(1.23%),P:1e-5	Tpos:444.8,Tstd:280.8,Bpos:473.4,Bstd:376.4,StrandBias:1.0,Multiplicity:1.20
0.001	0.001	0.997	0.001
0.514	0.001	0.001	0.484
0.001	0.001	0.249	0.749
0.001	0.249	0.749	0.001
0.001	0.997	0.001	0.001
0.264	0.001	0.001	0.734
0.001	0.001	0.997	0.001
0.475	0.001	0.523	0.001
0.997	0.001	0.001	0.001
0.001	0.001	0.997	0.001
>GGACAGCCTG	8-GGACAGCCTG	11.530166	-10.907965	0	T:3.0(9.38%),B:57.1(0.15%),P:1e-4	Tpos:531.0,Tstd:319.7,Bpos:505.4,Bstd:385.5,StrandBias:1.0,Multiplicity:1.00
0.001	0.001	0.997	0.001
0.001	0.001	0.997	0.001
0.997	0.001	0.001	0.001
0.001	0.841	0.157	0.001
0.797	0.001	0.001	0.201
0.131	0.001	0.867	0.001
0.001	0.997	0.001	0.001
0.001	0.800	0.198	0.001
0.142	0.001	0.001	0.856
0.001	0.001	0.997	0.001
>ATCGCCAGGA	9-ATCGCCAGGA	11.468206	-9.041704	0	T:3.0(9.38%),B:109.5(0.29%),P:1e-3	Tpos:471.4,Tstd:231.1,Bpos:461.5,Bstd:327.3,StrandBias:2.6,Multiplicity:2.33
0.997	0.001	0.001	0.001
0.001	0.001	0.001	0.997
0.001	0.805	0.001	0.193
0.001	0.001	0.607	0.391
0.001	0.997	0.001	0.001
0.001	0.997	0.001	0.001
0.997	0.001	0.001	0.001
0.203	0.001	0.795	0.001
0.001	0.001	0.997	0.001
0.997	0.001	0.001	0.001
>GCGGAGCGTA	10-GCGGAGCGTA	8.350283	-7.395427	0	T:5.0(15.62%),B:822.5(2.18%),P:1e-3	Tpos:538.8,Tstd:242.3,Bpos:535.1,Bstd:370.5,StrandBias:0.7,Multiplicity:1.60
0.100	0.100	0.700	0.100
0.100	0.700	0.100	0.100
0.100	0.100	0.700	0.100
0.100	0.100	0.700	0.100
0.700	0.100	0.100	0.100
0.100	0.100	0.700	0.100
0.100	0.700	0.100	0.100
0.100	0.100	0.700	0.100
0.100	0.100	0.100	0.700
0.700	0.100	0.100	0.100
>CATGTCACAT	11-CATGTCACAT	8.350283	-6.248712	0	T:6.0(18.75%),B:1581.5(4.19%),P:1e-2	Tpos:668.1,Tstd:191.9,Bpos:505.9,Bstd:314.9,StrandBias:0.0,Multiplicity:1.17
0.100	0.700	0.100	0.100
0.700	0.100	0.100	0.100
0.100	0.100	0.100	0.700
0.100	0.100	0.700	0.100
0.100	0.100	0.100	0.700
0.100	0.700	0.100	0.100
0.700	0.100	0.100	0.100
0.100	0.700	0.100	0.100
0.700	0.100	0.100	0.100
0.100	0.100	0.100	0.700
>CCACCAGGAC	12-CCACCAGGAC	11.205647	-5.742393	0	T:2.0(6.25%),B:97.8(0.26%),P:1e-2	Tpos:332.0,Tstd:109.0,Bpos:431.8,Bstd:422.9,StrandBias:1.6,Multiplicity:2.00
0.136	0.766	0.097	0.001
0.114	0.884	0.001	0.001
0.997	0.001	0.001	0.001
0.001	0.997	0.001	0.001
0.080	0.918	0.001	0.001
0.884	0.001	0.114	0.001
0.001	0.001	0.997	0.001
0.001	0.105	0.893	0.001
0.882	0.116	0.001	0.001
0.001	0.921	0.077	0.001
>TTCTGTCTAT	13-TTCTGTCTAT	8.350283	-5.577621	0	T:8.0(25.00%),B:3118.5(8.27%),P:1e-2	Tpos:461.8,Tstd:237.2,Bpos:525.1,Bstd:326.6,StrandBias:-1.0,Multiplicity:1.50
0.100	0.100	0.100	0.700
0.100	0.100	0.100	0.700
0.100	0.700	0.100	0.100
0.100	0.100	0.100	0.700
0.100	0.100	0.700	0.100
0.100	0.100	0.100	0.700
0.100	0.700	0.100	0.100
0.100	0.100	0.100	0.700
0.700	0.100	0.100	0.100
0.100	0.100	0.100	0.700
