>TGATAAGG	1-TGATAAGG	8.449295	-21.966843	0	T:29.0(49.15%),B:5798.9(14.43%),P:1e-9	Tpos:642.5,Tstd:266.0,Bpos:548.8,Bstd:328.3,StrandBias:0.1,Multiplicity:1.48
0.001	0.001	0.001	0.997
0.001	0.001	0.997	0.001
0.688	0.310	0.001	0.001
0.001	0.001	0.001	0.997
0.683	0.001	0.001	0.315
0.839	0.001	0.159	0.001
0.001	0.001	0.997	0.001
0.183	0.001	0.815	0.001
>TGTWACAT	2-TGTWACAT	7.502713	-14.534798	0	T:30.0(50.85%),B:8511.6(21.19%),P:1e-6	Tpos:531.3,Tstd:297.8,Bpos:501.3,Bstd:317.2,StrandBias:0.1,Multiplicity:1.33
0.001	0.161	0.132	0.706
0.001	0.001	0.997	0.001
0.001	0.001	0.001	0.997
0.510	0.106	0.001	0.383
0.997	0.001	0.001	0.001
0.001	0.905	0.001	0.093
0.943	0.055	0.001	0.001
0.001	0.114	0.001	0.884
>AATGATTG	3-AATGATTG	8.475760	-14.325715	0	T:26.0(44.07%),B:6615.4(16.47%),P:1e-6	Tpos:523.1,Tstd:289.4,Bpos:506.3,Bstd:322.9,StrandBias:0.3,Multiplicity:1.31
0.619	0.107	0.001	0.273
0.997	0.001	0.001	0.001
0.001	0.273	0.001	0.725
0.001	0.001	0.997	0.001
0.997	0.001	0.001	0.001
0.001	0.001	0.001	0.997
0.001	0.001	0.001	0.997
0.001	0.001	0.997	0.001
>CCCTACCT	4-CCCTACCT	5.769917	-13.625531	0	T:24.0(40.68%),B:5921.2(14.74%),P:1e-5	Tpos:534.3,Tstd:239.7,Bpos:509.7,Bstd:307.0,StrandBias:0.8,Multiplicity:1.17
0.001	0.581	0.001	0.417
0.001	0.918	0.080	0.001
0.001	0.661	0.001	0.337
0.001	0.316	0.001	0.682
0.997	0.001	0.001	0.001
0.001	0.997	0.001	0.001
0.001	0.997	0.001	0.001
0.001	0.001	0.001	0.997
>CTTGCYAA	5-CTTGCYAA	7.601569	-8.702115	0	T:25.0(42.37%),B:8414.3(20.94%),P:1e-3	Tpos:424.7,Tstd:281.3,Bpos:500.8,Bstd:306.5,StrandBias:0.2,Multiplicity:1.40
0.001	0.997	0.001	0.001
0.001	0.148	0.284	0.567
0.320	0.001	0.001	0.678
0.001	0.001	0.750	0.248
0.001	0.997	0.001	0.001
0.001	0.468	0.001	0.530
0.853	0.145	0.001	0.001
0.997	0.001	0.001	0.001
>TGGCCTAC	6-TGGCCTAC	6.913721	-7.353191	0	T:16.0(27.12%),B:4529.2(11.27%),P:1e-3	Tpos:532.0,Tstd:251.1,Bpos:498.2,Bstd:293.5,StrandBias:0.1,Multiplicity:1.81
0.001	0.001	0.001	0.997
0.055	0.001	0.943	0.001
0.077	0.001	0.921	0.001
0.001	0.928	0.070	0.001
0.001	0.953	0.001	0.045
0.001	0.001	0.001	0.997
0.942	0.001	0.001	0.056
0.300	0.452	0.206	0.042
