>TTYTTATCAC	1-TTYTTATCAC	9.512164	-19.111980	0	T:20.0(33.90%),B:3006.2(7.48%),P:1e-8	Tpos:511.6,Tstd:250.6,Bpos:530.5,Bstd:323.0,StrandBias:0.2,Multiplicity:1.27
0.091	0.267	0.001	0.641
0.001	0.099	0.001	0.899
0.001	0.475	0.191	0.333
0.084	0.001	0.001	0.914
0.001	0.001	0.001	0.997
0.905	0.093	0.001	0.001
0.090	0.001	0.001	0.908
0.001	0.896	0.102	0.001
0.924	0.074	0.001	0.001
0.075	0.848	0.076	0.001
>GTGAGTAAGT	2-GTGAGTAAGT	9.737298	-17.829190	0	T:11.0(18.64%),B:777.2(1.93%),P:1e-7	Tpos:435.9,Tstd:262.5,Bpos:499.9,Bstd:309.1,StrandBias:-0.8,Multiplicity:1.00
0.001	0.001	0.929	0.069
0.001	0.001	0.001	0.997
0.001	0.119	0.879	0.001
0.997	0.001	0.001	0.001
0.143	0.209	0.535	0.113
0.001	0.001	0.214	0.784
0.840	0.001	0.001	0.158
0.979	0.001	0.001	0.019
0.067	0.001	0.720	0.212
0.001	0.001	0.001	0.997
>MTTATCANYT	3-MTTATCANYT	8.977958	-17.766940	0	T:20.0(33.90%),B:3256.9(8.11%),P:1e-7	Tpos:758.9,Tstd:222.3,Bpos:561.8,Bstd:326.6,StrandBias:0.4,Multiplicity:1.50
0.369	0.476	0.001	0.154
0.001	0.208	0.001	0.790
0.222	0.001	0.001	0.776
0.679	0.319	0.001	0.001
0.001	0.001	0.001	0.997
0.001	0.997	0.001	0.001
0.997	0.001	0.001	0.001
0.181	0.304	0.324	0.191
0.163	0.414	0.001	0.422
0.121	0.001	0.287	0.591
>TCTTTRTKTC	4-TCTTTRTKTC	8.225260	-17.596734	0	T:16.0(27.12%),B:2012.5(5.01%),P:1e-7	Tpos:450.9,Tstd:344.1,Bpos:530.5,Bstd:318.5,StrandBias:0.3,Multiplicity:1.25
0.001	0.001	0.146	0.852
0.181	0.597	0.137	0.085
0.001	0.169	0.127	0.703
0.249	0.001	0.153	0.597
0.001	0.254	0.001	0.744
0.510	0.001	0.390	0.099
0.001	0.336	0.001	0.662
0.203	0.001	0.419	0.377
0.284	0.001	0.001	0.714
0.162	0.696	0.001	0.141
>GCCTTTCTAA	5-GCCTTTCTAA	9.086187	-17.131698	0	T:13.0(22.03%),B:1276.4(3.18%),P:1e-7	Tpos:518.4,Tstd:235.9,Bpos:530.5,Bstd:287.4,StrandBias:-0.2,Multiplicity:1.00
0.001	0.160	0.578	0.261
0.037	0.795	0.078	0.090
0.001	0.997	0.001	0.001
0.001	0.001	0.001	0.997
0.001	0.128	0.159	0.712
0.106	0.001	0.001	0.892
0.001	0.909	0.089	0.001
0.001	0.105	0.129	0.765
0.971	0.027	0.001	0.001
0.924	0.001	0.001	0.074
>AACATATGCG	6-AACATATGCG	10.671293	-16.316490	0	T:9.0(15.25%),B:524.8(1.31%),P:1e-7	Tpos:486.0,Tstd:281.5,Bpos:518.9,Bstd:312.4,StrandBias:-0.6,Multiplicity:1.11
0.997	0.001	0.001	0.001
0.997	0.001	0.001	0.001
0.001	0.997	0.001	0.001
0.997	0.001	0.001	0.001
0.001	0.001	0.001	0.997
0.894	0.001	0.001	0.104
0.001	0.001	0.001	0.997
0.001	0.001	0.897	0.101
0.001	0.595	0.164	0.240
0.090	0.001	0.779	0.130
>ACATATTACA	7-ACATATTACA	10.719165	-15.905050	0	T:10.0(16.95%),B:735.0(1.83%),P:1e-6	Tpos:504.4,Tstd:312.4,Bpos:522.5,Bstd:301.8,StrandBias:-2.2,Multiplicity:1.10
0.891	0.107	0.001	0.001
0.001	0.997	0.001	0.001
0.997	0.001	0.001	0.001
0.001	0.001	0.001	0.997
0.806	0.095	0.098	0.001
0.075	0.001	0.001	0.923
0.001	0.001	0.001	0.997
0.997	0.001	0.001	0.001
0.001	0.905	0.093	0.001
0.898	0.001	0.001	0.100
>TTAAAGATGG	8-TTAAAGATGG	10.211219	-14.805160	0	T:9.0(15.25%),B:629.2(1.57%),P:1e-6	Tpos:508.4,Tstd:226.7,Bpos:485.1,Bstd:309.5,StrandBias:-0.8,Multiplicity:1.22
0.001	0.223	0.001	0.775
0.001	0.231	0.001	0.767
0.794	0.001	0.092	0.113
0.855	0.001	0.143	0.001
0.997	0.001	0.001	0.001
0.001	0.001	0.997	0.001
0.548	0.001	0.376	0.075
0.001	0.156	0.001	0.842
0.001	0.001	0.997	0.001
0.010	0.001	0.988	0.001
>GATAACGCCB	9-GATAACGCCB	9.732359	-12.344537	0	T:6.0(10.17%),B:284.7(0.71%),P:1e-5	Tpos:683.4,Tstd:234.8,Bpos:521.3,Bstd:306.5,StrandBias:1.3,Multiplicity:1.17
0.001	0.001	0.997	0.001
0.734	0.264	0.001	0.001
0.159	0.001	0.001	0.839
0.997	0.001	0.001	0.001
0.692	0.001	0.306	0.001
0.001	0.997	0.001	0.001
0.001	0.207	0.791	0.001
0.001	0.997	0.001	0.001
0.001	0.692	0.001	0.306
0.001	0.366	0.368	0.265
>TGGTCTAACT	10-TGGTCTAACT	8.517050	-10.223906	0	T:8.0(13.56%),B:854.2(2.13%),P:1e-4	Tpos:623.7,Tstd:166.6,Bpos:492.5,Bstd:321.8,StrandBias:1.6,Multiplicity:1.50
0.137	0.001	0.100	0.762
0.061	0.119	0.667	0.153
0.149	0.073	0.644	0.134
0.137	0.140	0.095	0.628
0.033	0.740	0.135	0.092
0.247	0.016	0.133	0.604
0.899	0.019	0.031	0.051
0.824	0.099	0.022	0.055
0.074	0.547	0.044	0.335
0.054	0.001	0.243	0.702
>TTACCACMAT	11-TTACCACMAT	7.174804	-10.098730	0	T:37.0(62.71%),B:14692.4(36.57%),P:1e-4	Tpos:514.4,Tstd:273.1,Bpos:506.1,Bstd:313.5,StrandBias:0.0,Multiplicity:1.51
0.073	0.021	0.053	0.853
0.010	0.101	0.093	0.796
0.561	0.034	0.012	0.393
0.254	0.424	0.190	0.133
0.273	0.686	0.040	0.001
0.872	0.034	0.040	0.054
0.010	0.876	0.050	0.064
0.441	0.517	0.001	0.041
0.866	0.042	0.037	0.055
0.021	0.029	0.086	0.864
>GGCCTACTTT	12-GGCCTACTTT	10.495263	-10.019890	0	T:6.0(10.17%),B:432.3(1.08%),P:1e-4	Tpos:428.2,Tstd:312.5,Bpos:517.5,Bstd:303.2,StrandBias:-1.2,Multiplicity:1.67
0.001	0.071	0.927	0.001
0.227	0.001	0.771	0.001
0.001	0.997	0.001	0.001
0.001	0.997	0.001	0.001
0.001	0.001	0.001	0.997
0.835	0.001	0.163	0.001
0.001	0.919	0.079	0.001
0.001	0.001	0.001	0.997
0.001	0.001	0.001	0.997
0.001	0.165	0.001	0.833
>TAGTCAGCAT	13-TAGTCAGCAT	8.350283	-8.610715	0	T:9.0(15.25%),B:1382.5(3.44%),P:1e-3	Tpos:422.9,Tstd:269.1,Bpos:506.8,Bstd:321.7,StrandBias:0.3,Multiplicity:1.22
0.100	0.100	0.100	0.700
0.700	0.100	0.100	0.100
0.100	0.100	0.700	0.100
0.100	0.100	0.100	0.700
0.100	0.700	0.100	0.100
0.700	0.100	0.100	0.100
0.100	0.100	0.700	0.100
0.100	0.700	0.100	0.100
0.700	0.100	0.100	0.100
0.100	0.100	0.100	0.700
>GGCCAATGAA	14-GGCCAATGAA	9.436166	-6.587680	0	T:8.0(13.56%),B:1473.0(3.67%),P:1e-2	Tpos:458.4,Tstd:235.4,Bpos:496.3,Bstd:307.3,StrandBias:-0.8,Multiplicity:1.38
0.001	0.234	0.640	0.125
0.001	0.001	0.874	0.124
0.234	0.764	0.001	0.001
0.202	0.670	0.001	0.127
0.997	0.001	0.001	0.001
0.797	0.001	0.001	0.201
0.001	0.311	0.001	0.687
0.311	0.001	0.687	0.001
0.997	0.001	0.001	0.001
0.997	0.001	0.001	0.001
