>AAATCATTTTAA	7-TTAAAATGATTT	10.240131	-27.632835	0	T:53.0(15.01%),B:1827.9(4.91%),P:1e-12
0.747	0.026	0.025	0.202
0.917	0.026	0.025	0.032
0.668	0.032	0.143	0.157
0.177	0.104	0.135	0.584
0.275	0.540	0.150	0.035
0.649	0.155	0.159	0.037
0.216	0.121	0.034	0.629
0.168	0.032	0.129	0.671
0.167	0.031	0.039	0.763
0.164	0.030	0.182	0.624
0.670	0.164	0.142	0.024
0.757	0.037	0.165	0.041
