>GTGWTTGCGGAC	1-GTGWTTGCGGAC,BestGuess:PHA-4(Forkhead)/cElegans-Embryos-PHA4-ChIP-Seq(modEncode)/Homer(0.669)	9.909011	-34.297465	0	T:39.0(11.05%),B:838.7(2.26%),P:1e-14
0.165	0.001	0.799	0.035
0.233	0.090	0.001	0.676
0.077	0.001	0.875	0.047
0.366	0.131	0.019	0.485
0.001	0.053	0.001	0.945
0.001	0.099	0.042	0.858
0.001	0.091	0.907	0.001
0.079	0.870	0.050	0.001
0.099	0.001	0.681	0.219
0.056	0.050	0.854	0.040
0.716	0.282	0.001	0.001
0.168	0.701	0.001	0.130
