>TTGATCATCA	1-TTGATCATCA	11.115148	-24.935824	0	T:12.0(17.91%),B:435.1(1.12%),P:1e-10	Tpos:478.9,Tstd:263.5,Bpos:509.0,Bstd:326.5,StrandBias:-1.0,Multiplicity:1.00
0.001	0.001	0.001	0.997
0.001	0.001	0.001	0.997
0.001	0.001	0.997	0.001
0.997	0.001	0.001	0.001
0.001	0.103	0.001	0.895
0.001	0.997	0.001	0.001
0.875	0.123	0.001	0.001
0.272	0.001	0.001	0.726
0.001	0.997	0.001	0.001
0.997	0.001	0.001	0.001
>TGACCTTGRA	2-TGACCTTGRA	8.014099	-22.766584	0	T:23.0(34.33%),B:2808.6(7.20%),P:1e-9	Tpos:587.3,Tstd:260.0,Bpos:507.5,Bstd:321.2,StrandBias:1.2,Multiplicity:1.17
0.037	0.001	0.109	0.853
0.089	0.001	0.668	0.242
0.759	0.074	0.105	0.062
0.035	0.912	0.030	0.023
0.050	0.926	0.001	0.023
0.082	0.092	0.063	0.763
0.001	0.001	0.001	0.997
0.072	0.246	0.640	0.042
0.415	0.153	0.332	0.099
0.844	0.070	0.001	0.085
>KGTCACYTTT	3-KGTCACYTTT	8.863949	-19.913978	0	T:22.0(32.84%),B:2958.6(7.59%),P:1e-8	Tpos:589.1,Tstd:306.7,Bpos:505.5,Bstd:323.9,StrandBias:-0.2,Multiplicity:1.09
0.021	0.130	0.461	0.388
0.026	0.002	0.932	0.040
0.185	0.052	0.094	0.669
0.026	0.668	0.001	0.305
0.885	0.002	0.049	0.064
0.001	0.927	0.033	0.039
0.002	0.434	0.029	0.535
0.089	0.040	0.001	0.870
0.035	0.061	0.135	0.769
0.001	0.158	0.001	0.840
>TGACCCATTG	4-TGACCCATTG	9.673737	-18.100362	0	T:11.0(16.42%),B:639.5(1.64%),P:1e-7	Tpos:536.5,Tstd:237.8,Bpos:492.0,Bstd:313.7,StrandBias:1.6,Multiplicity:1.09
0.001	0.001	0.001	0.997
0.001	0.001	0.997	0.001
0.997	0.001	0.001	0.001
0.001	0.922	0.076	0.001
0.001	0.821	0.108	0.070
0.077	0.921	0.001	0.001
0.765	0.124	0.001	0.110
0.001	0.001	0.001	0.997
0.001	0.001	0.001	0.997
0.001	0.126	0.695	0.178
>TGGTCATCGG	5-TGGTCATCGG	10.647702	-17.047879	0	T:8.0(11.94%),B:284.5(0.73%),P:1e-7	Tpos:427.6,Tstd:305.4,Bpos:485.6,Bstd:314.3,StrandBias:0.0,Multiplicity:1.25
0.153	0.001	0.001	0.845
0.001	0.001	0.900	0.098
0.001	0.001	0.904	0.094
0.001	0.001	0.001	0.997
0.136	0.862	0.001	0.001
0.997	0.001	0.001	0.001
0.001	0.001	0.001	0.997
0.001	0.902	0.001	0.096
0.267	0.001	0.731	0.001
0.001	0.001	0.997	0.001
>TACTGTTCTT	6-TACTGTTCTT	10.293668	-16.545643	0	T:13.0(19.40%),B:1133.7(2.91%),P:1e-7	Tpos:559.4,Tstd:272.2,Bpos:513.8,Bstd:321.9,StrandBias:0.7,Multiplicity:1.08
0.001	0.175	0.001	0.823
0.913	0.001	0.001	0.085
0.001	0.899	0.001	0.099
0.001	0.001	0.001	0.997
0.001	0.155	0.843	0.001
0.213	0.001	0.001	0.785
0.001	0.001	0.001	0.997
0.001	0.997	0.001	0.001
0.172	0.001	0.001	0.826
0.001	0.001	0.077	0.921
>AAGGGTATTA	7-AAGGGTATTA	10.396258	-15.695227	0	T:12.0(17.91%),B:1009.3(2.59%),P:1e-6	Tpos:565.3,Tstd:309.8,Bpos:516.9,Bstd:302.1,StrandBias:0.0,Multiplicity:1.00
0.997	0.001	0.001	0.001
0.997	0.001	0.001	0.001
0.186	0.001	0.505	0.308
0.227	0.001	0.668	0.104
0.248	0.001	0.666	0.085
0.001	0.001	0.001	0.997
0.623	0.001	0.001	0.375
0.001	0.001	0.001	0.997
0.001	0.001	0.001	0.997
0.997	0.001	0.001	0.001
>TGTACTTCCT	8-TGTACTTCCT	10.034042	-15.241052	0	T:13.0(19.40%),B:1271.4(3.26%),P:1e-6	Tpos:615.6,Tstd:269.0,Bpos:504.7,Bstd:322.3,StrandBias:1.1,Multiplicity:1.23
0.001	0.001	0.001	0.997
0.001	0.078	0.858	0.063
0.069	0.001	0.001	0.929
0.733	0.100	0.001	0.166
0.093	0.905	0.001	0.001
0.001	0.001	0.001	0.997
0.001	0.001	0.001	0.997
0.090	0.857	0.001	0.052
0.001	0.800	0.139	0.060
0.001	0.001	0.001	0.997
>CTAATTTGAC	9-CTAATTTGAC	9.520940	-13.529416	0	T:17.0(25.37%),B:2590.6(6.64%),P:1e-5	Tpos:459.5,Tstd:303.0,Bpos:501.3,Bstd:321.0,StrandBias:-0.8,Multiplicity:1.12
0.104	0.613	0.171	0.112
0.001	0.283	0.183	0.533
0.782	0.216	0.001	0.001
0.815	0.001	0.001	0.183
0.001	0.001	0.001	0.997
0.001	0.001	0.001	0.997
0.001	0.001	0.001	0.997
0.001	0.132	0.866	0.001
0.997	0.001	0.001	0.001
0.080	0.493	0.311	0.116
>TCAGTGACTA	10-TCAGTGACTA	10.296193	-12.606073	0	T:4.0(5.97%),B:55.7(0.14%),P:1e-5	Tpos:689.8,Tstd:80.2,Bpos:535.3,Bstd:329.9,StrandBias:1.6,Multiplicity:1.00
0.100	0.100	0.100	0.700
0.100	0.700	0.100	0.100
0.700	0.100	0.100	0.100
0.100	0.100	0.700	0.100
0.100	0.100	0.100	0.700
0.100	0.100	0.700	0.100
0.700	0.100	0.100	0.100
0.100	0.700	0.100	0.100
0.100	0.100	0.100	0.700
0.700	0.100	0.100	0.100
>TCGAGACATT	11-TCGAGACATT	8.350283	-8.979094	0	T:15.0(22.39%),B:2960.6(7.59%),P:1e-3	Tpos:483.0,Tstd:299.3,Bpos:494.4,Bstd:303.8,StrandBias:1.3,Multiplicity:1.13
0.100	0.100	0.100	0.700
0.100	0.700	0.100	0.100
0.100	0.100	0.700	0.100
0.700	0.100	0.100	0.100
0.100	0.100	0.700	0.100
0.700	0.100	0.100	0.100
0.100	0.700	0.100	0.100
0.700	0.100	0.100	0.100
0.100	0.100	0.100	0.700
0.100	0.100	0.100	0.700
