>WTTAABCRGAAG	19-WTTAABCRGAAG,BestGuess:MF0001.1_ETS_class/Jaspar(0.702)	9.414640	-16.988937	0	T:23.0(10.09%),B:1079.1(2.58%),P:1e-7
0.411	0.052	0.024	0.513
0.074	0.050	0.022	0.854
0.246	0.190	0.054	0.510
0.727	0.217	0.001	0.055
0.959	0.001	0.001	0.039
0.100	0.268	0.243	0.389
0.275	0.481	0.218	0.026
0.371	0.111	0.517	0.001
0.021	0.020	0.900	0.059
0.720	0.233	0.046	0.001
0.844	0.001	0.113	0.042
0.051	0.034	0.696	0.219
