>CACACYCTGC	1-CACACYCTGC	10.015195	-21.719223	0	T:16.0(7.14%),B:355.6(0.89%),P:1e-9	Tpos:519.2,Tstd:307.4,Bpos:541.9,Bstd:333.4,StrandBias:-0.2,Multiplicity:1.06
0.364	0.634	0.001	0.001
0.786	0.111	0.001	0.102
0.001	0.876	0.122	0.001
0.901	0.001	0.001	0.097
0.001	0.994	0.001	0.004
0.238	0.401	0.001	0.360
0.004	0.994	0.001	0.001
0.124	0.004	0.004	0.868
0.003	0.001	0.995	0.001
0.001	0.496	0.267	0.236
>TTCGGGATAG	2-TTCGGGATAG	9.863824	-20.633487	0	T:18.0(8.04%),B:506.7(1.26%),P:1e-8	Tpos:450.2,Tstd:286.5,Bpos:471.2,Bstd:357.8,StrandBias:0.3,Multiplicity:1.00
0.001	0.001	0.001	0.997
0.001	0.170	0.001	0.828
0.079	0.801	0.073	0.047
0.059	0.074	0.866	0.001
0.043	0.001	0.870	0.086
0.001	0.001	0.997	0.001
0.900	0.098	0.001	0.001
0.048	0.001	0.001	0.950
0.997	0.001	0.001	0.001
0.001	0.001	0.876	0.122
>TTAAACGCAT	3-TTAAACGCAT	10.609503	-20.364119	0	T:13.0(5.80%),B:232.3(0.58%),P:1e-8	Tpos:700.1,Tstd:206.2,Bpos:487.0,Bstd:288.4,StrandBias:-1.2,Multiplicity:1.00
0.001	0.001	0.083	0.915
0.001	0.075	0.001	0.923
0.924	0.074	0.001	0.001
0.839	0.001	0.159	0.001
0.759	0.163	0.077	0.001
0.001	0.997	0.001	0.001
0.001	0.001	0.701	0.297
0.001	0.838	0.087	0.074
0.922	0.001	0.001	0.076
0.001	0.144	0.001	0.854
>CTTAVTAGGT	4-CTTAVTAGGT	8.185961	-19.786455	0	T:19.0(8.48%),B:603.9(1.50%),P:1e-8	Tpos:468.0,Tstd:280.3,Bpos:469.8,Bstd:309.9,StrandBias:-1.0,Multiplicity:1.11
0.222	0.600	0.017	0.161
0.031	0.058	0.069	0.842
0.182	0.063	0.051	0.704
0.615	0.256	0.073	0.056
0.370	0.225	0.257	0.147
0.034	0.041	0.048	0.877
0.693	0.039	0.039	0.229
0.052	0.055	0.844	0.049
0.230	0.182	0.568	0.020
0.234	0.044	0.157	0.565
>AATCCTCCAC	5-AATCCTCCAC	9.535544	-19.276601	0	T:22.0(9.82%),B:847.5(2.11%),P:1e-8	Tpos:528.2,Tstd:321.9,Bpos:502.7,Bstd:318.5,StrandBias:1.2,Multiplicity:1.05
0.997	0.001	0.001	0.001
0.997	0.001	0.001	0.001
0.088	0.171	0.001	0.740
0.037	0.796	0.089	0.078
0.117	0.881	0.001	0.001
0.114	0.001	0.001	0.884
0.001	0.960	0.001	0.038
0.085	0.913	0.001	0.001
0.913	0.001	0.001	0.085
0.001	0.914	0.001	0.084
>GCAGTCTAGA	6-GCAGTCTAGA	10.058374	-18.863629	0	T:16.0(7.14%),B:437.1(1.09%),P:1e-8	Tpos:595.8,Tstd:242.2,Bpos:503.0,Bstd:332.6,StrandBias:0.9,Multiplicity:1.06
0.001	0.104	0.821	0.074
0.001	0.920	0.001	0.078
0.893	0.001	0.001	0.105
0.001	0.001	0.942	0.056
0.101	0.001	0.001	0.897
0.107	0.795	0.097	0.001
0.081	0.001	0.001	0.917
0.997	0.001	0.001	0.001
0.091	0.001	0.907	0.001
0.997	0.001	0.001	0.001
>TTGCGATCTT	7-TTGCGATCTT	11.918579	-18.556395	0	T:8.0(3.57%),B:66.9(0.17%),P:1e-8	Tpos:363.2,Tstd:304.0,Bpos:543.6,Bstd:270.6,StrandBias:1.0,Multiplicity:1.12
0.001	0.001	0.001	0.997
0.001	0.001	0.001	0.997
0.001	0.001	0.997	0.001
0.001	0.997	0.001	0.001
0.001	0.001	0.997	0.001
0.997	0.001	0.001	0.001
0.001	0.001	0.001	0.997
0.001	0.997	0.001	0.001
0.001	0.001	0.147	0.851
0.001	0.001	0.001	0.997
>AAACGTTCCA	8-AAACGTTCCA	9.955879	-18.355547	0	T:36.0(16.07%),B:2215.8(5.52%),P:1e-7	Tpos:411.5,Tstd:285.6,Bpos:490.6,Bstd:315.9,StrandBias:-0.6,Multiplicity:1.06
0.997	0.001	0.001	0.001
0.997	0.001	0.001	0.001
0.942	0.056	0.001	0.001
0.115	0.693	0.001	0.191
0.066	0.001	0.812	0.121
0.001	0.073	0.001	0.925
0.001	0.091	0.001	0.907
0.039	0.854	0.027	0.080
0.001	0.963	0.001	0.035
0.930	0.068	0.001	0.001
>AAAAACCCCA	9-AAAAACCCCA	9.097805	-16.744185	0	T:47.0(20.98%),B:3639.1(9.07%),P:1e-7	Tpos:441.8,Tstd:311.1,Bpos:497.4,Bstd:333.5,StrandBias:0.2,Multiplicity:1.13
0.861	0.137	0.001	0.001
0.763	0.112	0.001	0.124
0.859	0.139	0.001	0.001
0.919	0.001	0.001	0.079
0.997	0.001	0.001	0.001
0.036	0.814	0.001	0.149
0.001	0.997	0.001	0.001
0.001	0.997	0.001	0.001
0.030	0.847	0.122	0.001
0.930	0.068	0.001	0.001
>CCAGTGTATA	10-CCAGTGTATA	9.824035	-15.471106	0	T:14.0(6.25%),B:423.8(1.06%),P:1e-6	Tpos:509.1,Tstd:240.1,Bpos:464.9,Bstd:291.1,StrandBias:1.1,Multiplicity:1.14
0.057	0.941	0.001	0.001
0.049	0.604	0.001	0.346
0.997	0.001	0.001	0.001
0.050	0.001	0.948	0.001
0.001	0.001	0.001	0.997
0.001	0.001	0.957	0.041
0.001	0.001	0.001	0.997
0.923	0.001	0.075	0.001
0.251	0.001	0.001	0.747
0.948	0.001	0.001	0.050
>GGCCTGAATM	11-GGCCTGAATM	8.275246	-14.583876	0	T:23.0(10.27%),B:1210.4(3.02%),P:1e-6	Tpos:483.9,Tstd:249.5,Bpos:481.8,Bstd:326.9,StrandBias:-1.2,Multiplicity:1.43
0.220	0.001	0.778	0.001
0.037	0.004	0.958	0.001
0.093	0.905	0.001	0.001
0.001	0.942	0.001	0.056
0.059	0.005	0.170	0.766
0.055	0.001	0.865	0.079
0.504	0.001	0.204	0.291
0.787	0.149	0.003	0.061
0.153	0.001	0.002	0.844
0.362	0.425	0.211	0.002
>CTACAAAACA	12-CTACAAAACA	9.208277	-13.978562	0	T:50.0(22.32%),B:4394.8(10.95%),P:1e-6	Tpos:518.6,Tstd:283.2,Bpos:502.1,Bstd:310.3,StrandBias:0.1,Multiplicity:1.22
0.001	0.889	0.109	0.001
0.071	0.001	0.001	0.927
0.819	0.140	0.040	0.001
0.189	0.710	0.031	0.070
0.997	0.001	0.001	0.001
0.997	0.001	0.001	0.001
0.891	0.001	0.001	0.107
0.970	0.001	0.001	0.028
0.069	0.882	0.026	0.023
0.908	0.001	0.090	0.001
>GCTCAAACTT	13-GCTCAAACTT	9.840543	-13.839890	0	T:33.0(14.73%),B:2325.6(5.79%),P:1e-6	Tpos:474.4,Tstd:270.8,Bpos:483.4,Bstd:323.7,StrandBias:0.6,Multiplicity:1.15
0.001	0.001	0.997	0.001
0.074	0.838	0.001	0.087
0.001	0.258	0.057	0.684
0.001	0.997	0.001	0.001
0.925	0.001	0.073	0.001
0.926	0.072	0.001	0.001
0.936	0.001	0.001	0.062
0.160	0.742	0.001	0.097
0.001	0.001	0.001	0.997
0.053	0.001	0.001	0.945
>GTCCCCTTTT	14-GTCCCCTTTT	10.547097	-13.802434	0	T:21.0(9.38%),B:1077.5(2.68%),P:1e-5	Tpos:435.7,Tstd:303.2,Bpos:541.4,Bstd:326.6,StrandBias:1.4,Multiplicity:1.53
0.089	0.235	0.520	0.156
0.001	0.001	0.001	0.997
0.001	0.997	0.001	0.001
0.028	0.816	0.047	0.109
0.024	0.872	0.001	0.103
0.001	0.968	0.001	0.030
0.054	0.001	0.001	0.944
0.001	0.001	0.001	0.997
0.001	0.001	0.001	0.997
0.001	0.078	0.001	0.920
>GCGGGACGAG	15-GCGGGACGAG	10.483097	-13.665173	0	T:10.0(4.46%),B:232.2(0.58%),P:1e-5	Tpos:418.0,Tstd:195.7,Bpos:530.1,Bstd:330.9,StrandBias:0.0,Multiplicity:1.40
0.001	0.001	0.997	0.001
0.001	0.818	0.078	0.103
0.001	0.001	0.904	0.094
0.001	0.001	0.997	0.001
0.001	0.001	0.997	0.001
0.760	0.001	0.091	0.148
0.351	0.647	0.001	0.001
0.001	0.001	0.997	0.001
0.997	0.001	0.001	0.001
0.001	0.001	0.997	0.001
>TTTGTGCACC	16-TTTGTGCACC	10.313672	-13.630529	0	T:21.0(9.38%),B:1089.2(2.71%),P:1e-5	Tpos:558.3,Tstd:279.0,Bpos:537.0,Bstd:330.9,StrandBias:0.4,Multiplicity:1.00
0.001	0.001	0.001	0.997
0.001	0.001	0.001	0.997
0.001	0.001	0.001	0.997
0.137	0.124	0.630	0.109
0.084	0.001	0.001	0.914
0.001	0.001	0.911	0.087
0.085	0.913	0.001	0.001
0.785	0.102	0.001	0.112
0.001	0.997	0.001	0.001
0.001	0.842	0.156	0.001
>ACTTTTAAAG	17-ACTTTTAAAG	12.208379	-12.249080	0	T:13.0(5.80%),B:484.0(1.21%),P:1e-5	Tpos:580.2,Tstd:300.5,Bpos:483.5,Bstd:305.3,StrandBias:-0.7,Multiplicity:1.00
0.606	0.286	0.001	0.107
0.001	0.997	0.001	0.001
0.001	0.001	0.001	0.997
0.001	0.001	0.001	0.997
0.001	0.001	0.001	0.997
0.271	0.001	0.001	0.727
0.997	0.001	0.001	0.001
0.939	0.001	0.059	0.001
0.997	0.001	0.001	0.001
0.001	0.001	0.997	0.001
>AGCWGACCCA	18-AGCWGACCCA	8.839302	-10.826342	0	T:22.0(9.82%),B:1419.8(3.54%),P:1e-4	Tpos:555.7,Tstd:261.4,Bpos:507.3,Bstd:343.0,StrandBias:-0.7,Multiplicity:1.52
0.997	0.001	0.001	0.001
0.001	0.221	0.777	0.001
0.002	0.809	0.188	0.001
0.389	0.001	0.181	0.429
0.001	0.001	0.997	0.001
0.516	0.091	0.170	0.223
0.001	0.712	0.001	0.286
0.001	0.698	0.001	0.300
0.388	0.610	0.001	0.001
0.997	0.001	0.001	0.001
>ACATGAATCT	19-ACATGAATCT	10.951358	-10.396424	0	T:9.0(4.02%),B:273.0(0.68%),P:1e-4	Tpos:306.6,Tstd:243.0,Bpos:467.1,Bstd:299.6,StrandBias:-1.0,Multiplicity:1.33
0.911	0.001	0.087	0.001
0.001	0.997	0.001	0.001
0.997	0.001	0.001	0.001
0.001	0.001	0.001	0.997
0.001	0.001	0.997	0.001
0.895	0.001	0.103	0.001
0.997	0.001	0.001	0.001
0.001	0.100	0.001	0.898
0.001	0.997	0.001	0.001
0.001	0.001	0.206	0.792
>ACCTGGGGTA	20-ACCTGGGGTA	9.287615	-10.269049	0	T:8.0(3.57%),B:212.6(0.53%),P:1e-4	Tpos:546.3,Tstd:271.6,Bpos:510.4,Bstd:350.0,StrandBias:1.0,Multiplicity:1.50
0.559	0.247	0.001	0.193
0.001	0.655	0.343	0.001
0.001	0.810	0.188	0.001
0.001	0.227	0.001	0.771
0.203	0.001	0.795	0.001
0.001	0.001	0.815	0.183
0.001	0.001	0.997	0.001
0.001	0.001	0.997	0.001
0.001	0.001	0.134	0.864
0.997	0.001	0.001	0.001
>TACTACACGA	21-TACTACACGA	9.684301	-10.151156	0	T:10.0(4.46%),B:352.9(0.88%),P:1e-4	Tpos:428.9,Tstd:137.6,Bpos:461.6,Bstd:313.2,StrandBias:2.4,Multiplicity:2.50
0.001	0.111	0.001	0.887
0.595	0.001	0.403	0.001
0.001	0.834	0.001	0.164
0.001	0.153	0.001	0.845
0.821	0.001	0.177	0.001
0.001	0.885	0.113	0.001
0.849	0.149	0.001	0.001
0.001	0.878	0.120	0.001
0.001	0.001	0.997	0.001
0.882	0.116	0.001	0.001
>YAAAATCCCC	22-YAAAATCCCC	9.983554	-8.486588	0	T:18.0(8.04%),B:1218.4(3.04%),P:1e-3	Tpos:385.8,Tstd:219.6,Bpos:512.7,Bstd:340.1,StrandBias:2.6,Multiplicity:1.94
0.001	0.440	0.001	0.558
0.789	0.070	0.140	0.001
0.997	0.001	0.001	0.001
0.513	0.001	0.153	0.333
0.925	0.073	0.001	0.001
0.172	0.001	0.001	0.826
0.001	0.683	0.001	0.315
0.001	0.997	0.001	0.001
0.001	0.997	0.001	0.001
0.001	0.997	0.001	0.001
>GGGTTCGAAC	23-GGGTTCGAAC	10.754112	-7.597817	0	T:6.0(2.68%),B:172.1(0.43%),P:1e-3	Tpos:456.9,Tstd:281.3,Bpos:460.7,Bstd:318.7,StrandBias:-0.3,Multiplicity:1.17
0.190	0.001	0.736	0.073
0.001	0.001	0.997	0.001
0.001	0.001	0.997	0.001
0.057	0.041	0.001	0.901
0.001	0.001	0.001	0.997
0.108	0.760	0.001	0.131
0.001	0.001	0.997	0.001
0.866	0.001	0.132	0.001
0.776	0.001	0.052	0.171
0.001	0.939	0.001	0.059
>GTAGATTTAC	24-GTAGATTTAC	10.375795	-4.873125	0	T:8.0(3.57%),B:498.2(1.24%),P:1e-2	Tpos:293.9,Tstd:191.3,Bpos:497.6,Bstd:319.2,StrandBias:-0.4,Multiplicity:3.12
0.001	0.001	0.997	0.001
0.001	0.001	0.001	0.997
0.997	0.001	0.001	0.001
0.068	0.032	0.899	0.001
0.997	0.001	0.001	0.001
0.040	0.001	0.055	0.904
0.001	0.001	0.001	0.997
0.001	0.041	0.001	0.957
0.997	0.001	0.001	0.001
0.093	0.905	0.001	0.001
>CTCCCCCCCC	25-CTCCCCCCCC	8.320750	-3.412908	0	T:23.0(10.27%),B:2729.7(6.80%),P:1e-1	Tpos:671.5,Tstd:274.7,Bpos:544.1,Bstd:365.5,StrandBias:1.7,Multiplicity:1.13
0.106	0.785	0.001	0.108
0.047	0.280	0.001	0.672
0.001	0.818	0.001	0.180
0.084	0.873	0.001	0.042
0.027	0.968	0.001	0.004
0.044	0.782	0.001	0.173
0.087	0.771	0.001	0.141
0.001	0.957	0.001	0.041
0.204	0.740	0.001	0.055
0.223	0.674	0.001	0.102
