>AATCGATTTTTA	1-AATCGATTTTTA	10.381374	-28.418599	0	T:89.0(45.18%),B:7631.1(21.93%),P:1e-12	Tpos:541.8,Tstd:287.4,Bpos:528.4,Bstd:379.7,StrandBias:0.0,Multiplicity:1.33
0.895	0.001	0.001	0.103
0.898	0.001	0.001	0.100
0.001	0.056	0.001	0.942
0.022	0.562	0.209	0.207
0.230	0.157	0.544	0.069
0.997	0.001	0.001	0.001
0.091	0.001	0.001	0.907
0.121	0.001	0.001	0.877
0.001	0.001	0.001	0.997
0.062	0.001	0.001	0.936
0.140	0.024	0.001	0.835
0.632	0.294	0.039	0.035
>TCACTTATTGAT	2-TCACTTATTGAT	12.478275	-25.613021	0	T:13.0(6.60%),B:147.0(0.42%),P:1e-11	Tpos:503.1,Tstd:298.7,Bpos:552.3,Bstd:307.1,StrandBias:1.2,Multiplicity:1.00
0.141	0.001	0.001	0.857
0.001	0.997	0.001	0.001
0.997	0.001	0.001	0.001
0.058	0.775	0.001	0.166
0.101	0.001	0.001	0.897
0.001	0.001	0.001	0.997
0.882	0.001	0.001	0.116
0.001	0.001	0.001	0.997
0.141	0.001	0.001	0.857
0.182	0.001	0.816	0.001
0.905	0.093	0.001	0.001
0.001	0.001	0.001	0.997
>TGTWTTTCTTCT	3-TGTWTTTCTTCT	8.675971	-24.122637	0	T:39.0(19.80%),B:2053.0(5.90%),P:1e-10	Tpos:597.2,Tstd:283.1,Bpos:532.6,Bstd:346.3,StrandBias:1.2,Multiplicity:1.05
0.001	0.001	0.001	0.997
0.006	0.005	0.637	0.352
0.005	0.001	0.001	0.993
0.534	0.001	0.001	0.464
0.001	0.001	0.412	0.586
0.007	0.007	0.001	0.985
0.001	0.001	0.001	0.997
0.224	0.774	0.001	0.001
0.001	0.001	0.001	0.997
0.001	0.001	0.136	0.862
0.001	0.997	0.001	0.001
0.001	0.001	0.001	0.997
>GCCTAAAATCGA	4-GCCTAAAATCGA	12.791143	-23.639620	0	T:12.0(6.09%),B:136.6(0.39%),P:1e-10	Tpos:545.9,Tstd:327.5,Bpos:491.2,Bstd:413.8,StrandBias:0.7,Multiplicity:1.08
0.001	0.001	0.997	0.001
0.001	0.913	0.085	0.001
0.075	0.833	0.091	0.001
0.001	0.078	0.053	0.868
0.900	0.001	0.098	0.001
0.997	0.001	0.001	0.001
0.900	0.001	0.001	0.098
0.997	0.001	0.001	0.001
0.001	0.001	0.001	0.997
0.001	0.929	0.001	0.069
0.050	0.001	0.841	0.108
0.872	0.067	0.001	0.060
>AAATTATTCCTT	5-AAATTATTCCTT	11.997332	-23.357138	0	T:20.0(10.15%),B:539.7(1.55%),P:1e-10	Tpos:574.3,Tstd:262.5,Bpos:497.4,Bstd:366.5,StrandBias:1.0,Multiplicity:1.05
0.997	0.001	0.001	0.001
0.997	0.001	0.001	0.001
0.895	0.001	0.001	0.103
0.001	0.001	0.001	0.997
0.001	0.001	0.225	0.773
0.840	0.071	0.001	0.088
0.066	0.001	0.001	0.932
0.001	0.001	0.001	0.997
0.079	0.769	0.052	0.100
0.001	0.653	0.345	0.001
0.001	0.212	0.133	0.654
0.068	0.001	0.001	0.930
>TTTACCCTGAAA	6-TTTACCCTGAAA	11.421506	-22.780379	0	T:17.0(8.63%),B:380.0(1.09%),P:1e-9	Tpos:701.8,Tstd:301.4,Bpos:565.5,Bstd:381.0,StrandBias:-0.5,Multiplicity:1.00
0.079	0.001	0.001	0.919
0.001	0.001	0.001	0.997
0.086	0.001	0.001	0.912
0.905	0.062	0.001	0.032
0.072	0.857	0.001	0.070
0.047	0.903	0.049	0.001
0.001	0.915	0.001	0.083
0.001	0.137	0.001	0.861
0.001	0.001	0.997	0.001
0.901	0.001	0.097	0.001
0.997	0.001	0.001	0.001
0.878	0.001	0.001	0.120
>TTATATTGATTT	7-TTATATTGATTT	12.641299	-21.087275	0	T:29.0(14.72%),B:1324.5(3.81%),P:1e-9	Tpos:518.7,Tstd:239.7,Bpos:575.5,Bstd:365.4,StrandBias:-0.3,Multiplicity:1.00
0.001	0.001	0.088	0.910
0.049	0.001	0.060	0.890
0.725	0.040	0.054	0.181
0.038	0.001	0.001	0.960
0.850	0.068	0.061	0.021
0.061	0.001	0.001	0.937
0.001	0.050	0.001	0.948
0.045	0.001	0.880	0.074
0.997	0.001	0.001	0.001
0.057	0.001	0.001	0.941
0.001	0.001	0.001	0.997
0.001	0.001	0.001	0.997
>TTCGGTAACACT	8-TTCGGTAACACT	8.639224	-20.035683	0	T:32.0(16.24%),B:1667.2(4.79%),P:1e-8	Tpos:559.2,Tstd:278.4,Bpos:520.2,Bstd:330.4,StrandBias:-0.8,Multiplicity:1.09
0.063	0.034	0.002	0.901
0.255	0.001	0.038	0.706
0.067	0.931	0.001	0.001
0.020	0.124	0.709	0.147
0.160	0.063	0.675	0.102
0.151	0.001	0.024	0.824
0.433	0.282	0.109	0.176
0.724	0.073	0.145	0.058
0.069	0.773	0.071	0.087
0.911	0.049	0.001	0.039
0.084	0.718	0.038	0.160
0.095	0.033	0.001	0.871
>AAAAATGGTGAA	9-AAAAATGGTGAA	12.079002	-19.746732	0	T:43.0(21.83%),B:2831.0(8.14%),P:1e-8	Tpos:607.2,Tstd:279.0,Bpos:522.2,Bstd:385.3,StrandBias:-0.4,Multiplicity:1.27
0.997	0.001	0.001	0.001
0.997	0.001	0.001	0.001
0.997	0.001	0.001	0.001
0.997	0.001	0.001	0.001
0.651	0.001	0.001	0.347
0.001	0.001	0.001	0.997
0.001	0.212	0.786	0.001
0.172	0.227	0.600	0.001
0.232	0.042	0.185	0.541
0.083	0.001	0.915	0.001
0.997	0.001	0.001	0.001
0.906	0.001	0.001	0.092
>CTCGTTTCTCTG	10-CTCGTTTCTCTG	12.315726	-19.736478	0	T:14.0(7.11%),B:293.9(0.84%),P:1e-8	Tpos:614.6,Tstd:254.3,Bpos:483.5,Bstd:375.5,StrandBias:2.1,Multiplicity:1.14
0.001	0.889	0.009	0.101
0.001	0.001	0.001	0.997
0.001	0.666	0.332	0.001
0.167	0.145	0.506	0.182
0.001	0.001	0.001	0.997
0.001	0.189	0.001	0.809
0.208	0.001	0.001	0.790
0.001	0.997	0.001	0.001
0.001	0.007	0.001	0.991
0.001	0.997	0.001	0.001
0.001	0.001	0.001	0.997
0.001	0.001	0.923	0.075
>AWCCWMCGTGTT	11-AWCCWMCGTGTT	9.575914	-19.575548	0	T:24.0(12.18%),B:984.5(2.83%),P:1e-8	Tpos:444.2,Tstd:283.2,Bpos:485.5,Bstd:368.3,StrandBias:0.4,Multiplicity:1.38
0.822	0.136	0.001	0.041
0.361	0.035	0.134	0.471
0.068	0.865	0.035	0.032
0.001	0.849	0.068	0.082
0.401	0.188	0.001	0.411
0.463	0.426	0.001	0.110
0.001	0.997	0.001	0.001
0.085	0.001	0.861	0.053
0.343	0.001	0.001	0.655
0.001	0.001	0.576	0.422
0.001	0.001	0.001	0.997
0.118	0.001	0.122	0.759
>AGGTTTCGAAAT	12-AGGTTTCGAAAT	13.175862	-19.320802	0	T:10.0(5.08%),B:121.6(0.35%),P:1e-8	Tpos:602.4,Tstd:331.0,Bpos:599.4,Bstd:401.9,StrandBias:-0.3,Multiplicity:1.00
0.997	0.001	0.001	0.001
0.120	0.001	0.830	0.049
0.052	0.094	0.853	0.001
0.001	0.001	0.001	0.997
0.001	0.001	0.001	0.997
0.001	0.001	0.001	0.997
0.001	0.778	0.154	0.067
0.001	0.001	0.997	0.001
0.997	0.001	0.001	0.001
0.802	0.196	0.001	0.001
0.997	0.001	0.001	0.001
0.001	0.154	0.001	0.844
>GCGGCAAACACA	13-GCGGCAAACACA	13.697921	-19.247794	0	T:7.0(3.55%),B:36.8(0.11%),P:1e-8	Tpos:598.6,Tstd:193.6,Bpos:511.9,Bstd:400.8,StrandBias:0.4,Multiplicity:1.00
0.001	0.001	0.997	0.001
0.001	0.997	0.001	0.001
0.001	0.001	0.997	0.001
0.001	0.001	0.765	0.233
0.001	0.997	0.001	0.001
0.997	0.001	0.001	0.001
0.864	0.001	0.134	0.001
0.997	0.001	0.001	0.001
0.125	0.873	0.001	0.001
0.997	0.001	0.001	0.001
0.140	0.657	0.202	0.001
0.997	0.001	0.001	0.001
>AAATGGGCGTAT	14-AAATGGGCGTAT	10.416546	-18.970617	0	T:16.0(8.12%),B:429.4(1.23%),P:1e-8	Tpos:502.7,Tstd:251.3,Bpos:492.8,Bstd:320.8,StrandBias:-0.4,Multiplicity:1.31
0.884	0.114	0.001	0.001
0.853	0.145	0.001	0.001
0.738	0.001	0.260	0.001
0.115	0.127	0.127	0.631
0.001	0.001	0.997	0.001
0.001	0.215	0.658	0.126
0.226	0.001	0.772	0.001
0.001	0.517	0.126	0.356
0.001	0.023	0.975	0.001
0.001	0.001	0.001	0.997
0.997	0.001	0.001	0.001
0.001	0.001	0.001	0.997
>GCGGGGCTAAAC	15-GCGGGGCTAAAC	14.446482	-18.825666	0	T:5.0(2.54%),B:8.9(0.03%),P:1e-8	Tpos:497.2,Tstd:305.0,Bpos:634.2,Bstd:555.5,StrandBias:0.6,Multiplicity:1.00
0.001	0.001	0.997	0.001
0.001	0.997	0.001	0.001
0.001	0.001	0.997	0.001
0.001	0.001	0.997	0.001
0.001	0.001	0.997	0.001
0.001	0.001	0.997	0.001
0.001	0.997	0.001	0.001
0.001	0.278	0.240	0.481
0.997	0.001	0.001	0.001
0.997	0.001	0.001	0.001
0.997	0.001	0.001	0.001
0.240	0.758	0.001	0.001
>AATTTTTATCGA	16-AATTTTTATCGA	12.251683	-18.775352	0	T:23.0(11.68%),B:944.6(2.71%),P:1e-8	Tpos:524.6,Tstd:298.0,Bpos:538.3,Bstd:372.3,StrandBias:1.1,Multiplicity:1.22
0.910	0.056	0.033	0.001
0.777	0.060	0.126	0.037
0.034	0.001	0.001	0.964
0.001	0.001	0.001	0.997
0.001	0.001	0.001	0.997
0.001	0.072	0.070	0.857
0.077	0.001	0.056	0.866
0.997	0.001	0.001	0.001
0.048	0.052	0.001	0.899
0.103	0.812	0.042	0.043
0.001	0.001	0.997	0.001
0.943	0.001	0.055	0.001
>GCCACGGTTCAG	17-GCCACGGTTCAG	11.827678	-16.821985	0	T:10.0(5.08%),B:160.4(0.46%),P:1e-7	Tpos:385.5,Tstd:266.2,Bpos:463.6,Bstd:323.2,StrandBias:1.2,Multiplicity:1.30
0.001	0.001	0.997	0.001
0.001	0.809	0.189	0.001
0.189	0.809	0.001	0.001
0.997	0.001	0.001	0.001
0.189	0.809	0.001	0.001
0.001	0.001	0.809	0.189
0.001	0.313	0.685	0.001
0.001	0.189	0.001	0.809
0.001	0.001	0.001	0.997
0.001	0.997	0.001	0.001
0.729	0.001	0.001	0.269
0.123	0.001	0.875	0.001
>AGACACTCCGAH	18-AGACACTCCGAH	9.215754	-16.800015	0	T:19.0(9.64%),B:724.8(2.08%),P:1e-7	Tpos:547.1,Tstd:304.7,Bpos:550.0,Bstd:343.7,StrandBias:-0.1,Multiplicity:1.11
0.863	0.041	0.036	0.060
0.009	0.063	0.815	0.113
0.775	0.121	0.068	0.036
0.211	0.604	0.088	0.097
0.808	0.036	0.083	0.073
0.001	0.906	0.001	0.092
0.115	0.036	0.001	0.848
0.049	0.725	0.069	0.157
0.088	0.786	0.059	0.067
0.006	0.027	0.868	0.099
0.596	0.036	0.052	0.316
0.367	0.286	0.001	0.346
>TGAAAAGCTTGT	19-TGAAAAGCTTGT	10.020302	-16.065628	0	T:24.0(12.18%),B:1190.8(3.42%),P:1e-6	Tpos:538.4,Tstd:322.5,Bpos:519.8,Bstd:338.3,StrandBias:-0.7,Multiplicity:1.08
0.038	0.131	0.001	0.830
0.064	0.067	0.831	0.038
0.997	0.001	0.001	0.001
0.794	0.039	0.103	0.064
0.782	0.001	0.164	0.053
0.835	0.064	0.098	0.003
0.001	0.001	0.985	0.013
0.125	0.843	0.031	0.001
0.001	0.001	0.131	0.867
0.076	0.089	0.001	0.834
0.035	0.138	0.624	0.203
0.110	0.093	0.037	0.760
>GCAACTGCCGCA	20-GCAACTGCCGCA	11.560318	-15.729066	0	T:10.0(5.08%),B:181.4(0.52%),P:1e-6	Tpos:369.6,Tstd:253.7,Bpos:479.6,Bstd:352.6,StrandBias:-0.2,Multiplicity:1.30
0.001	0.001	0.997	0.001
0.001	0.686	0.001	0.312
0.722	0.276	0.001	0.001
0.831	0.001	0.167	0.001
0.005	0.989	0.005	0.001
0.001	0.076	0.132	0.791
0.001	0.001	0.777	0.221
0.001	0.997	0.001	0.001
0.001	0.831	0.167	0.001
0.145	0.001	0.554	0.300
0.006	0.987	0.006	0.001
0.867	0.131	0.001	0.001
>GMAAACTACSGW	21-GMAAACTACSGW	11.616680	-14.529479	0	T:16.0(8.12%),B:600.6(1.73%),P:1e-6	Tpos:396.2,Tstd:320.0,Bpos:517.2,Bstd:334.7,StrandBias:-0.3,Multiplicity:1.12
0.001	0.001	0.997	0.001
0.564	0.420	0.015	0.001
0.969	0.029	0.001	0.001
0.997	0.001	0.001	0.001
0.963	0.001	0.035	0.001
0.370	0.628	0.001	0.001
0.001	0.423	0.001	0.575
0.997	0.001	0.001	0.001
0.001	0.997	0.001	0.001
0.175	0.378	0.446	0.001
0.001	0.001	0.997	0.001
0.538	0.001	0.001	0.460
>ATCCMCCCAGTT	22-ATCCMCCCAGTT	12.518316	-14.180191	0	T:9.0(4.57%),B:165.1(0.47%),P:1e-6	Tpos:368.8,Tstd:237.2,Bpos:457.0,Bstd:338.2,StrandBias:0.5,Multiplicity:1.33
0.997	0.001	0.001	0.001
0.001	0.150	0.001	0.848
0.001	0.997	0.001	0.001
0.001	0.671	0.178	0.150
0.356	0.465	0.001	0.178
0.001	0.997	0.001	0.001
0.301	0.697	0.001	0.001
0.001	0.975	0.023	0.001
0.848	0.150	0.001	0.001
0.164	0.001	0.534	0.301
0.001	0.001	0.001	0.997
0.001	0.001	0.001	0.997
>AATGCACTRAYC	23-AATGCACTRAYC	11.757525	-11.393352	0	T:5.0(2.54%),B:47.2(0.14%),P:1e-4	Tpos:532.2,Tstd:185.8,Bpos:563.1,Bstd:296.2,StrandBias:-1.0,Multiplicity:2.40
0.991	0.001	0.007	0.001
0.744	0.001	0.254	0.001
0.001	0.001	0.001	0.997
0.001	0.001	0.997	0.001
0.001	0.767	0.231	0.001
0.744	0.001	0.001	0.254
0.001	0.796	0.202	0.001
0.001	0.001	0.001	0.997
0.494	0.001	0.504	0.001
0.729	0.001	0.269	0.001
0.001	0.497	0.001	0.501
0.001	0.997	0.001	0.001
>TTGGGTATGCTA	24-TTGGGTATGCTA	9.734372	-5.441417	0	T:8.0(4.06%),B:445.2(1.28%),P:1e-2	Tpos:366.1,Tstd:196.3,Bpos:501.3,Bstd:353.5,StrandBias:-0.2,Multiplicity:3.50
0.001	0.131	0.001	0.867
0.131	0.001	0.001	0.867
0.001	0.001	0.818	0.180
0.001	0.001	0.867	0.131
0.001	0.095	0.903	0.001
0.001	0.001	0.001	0.997
0.818	0.180	0.001	0.001
0.072	0.001	0.001	0.926
0.001	0.095	0.903	0.001
0.228	0.585	0.114	0.073
0.132	0.001	0.132	0.735
0.735	0.132	0.001	0.132
>CTTGTAGTTTGT	25-CTTGTAGTTTGT	14.143718	-5.277398	0	T:4.0(2.03%),B:118.8(0.34%),P:1e-2	Tpos:300.4,Tstd:209.5,Bpos:439.7,Bstd:394.4,StrandBias:-10.0,Multiplicity:4.25
0.001	0.895	0.103	0.001
0.111	0.001	0.060	0.828
0.001	0.001	0.001	0.997
0.001	0.001	0.997	0.001
0.001	0.001	0.001	0.997
0.997	0.001	0.001	0.001
0.001	0.001	0.997	0.001
0.001	0.001	0.001	0.997
0.001	0.001	0.001	0.997
0.001	0.001	0.001	0.997
0.001	0.001	0.997	0.001
0.001	0.001	0.001	0.997
