>NAAAATCGAT	1-NAAAATCGAT	9.257727	-32.711122	0	T:89.0(45.18%),B:7105.3(20.42%),P:1e-14	Tpos:583.2,Tstd:277.8,Bpos:535.1,Bstd:405.8,StrandBias:-0.4,Multiplicity:1.51
0.314	0.249	0.245	0.192
0.802	0.016	0.053	0.129
0.929	0.001	0.001	0.069
0.911	0.001	0.001	0.087
0.914	0.001	0.001	0.084
0.001	0.124	0.001	0.874
0.062	0.926	0.011	0.001
0.020	0.026	0.953	0.001
0.783	0.133	0.083	0.001
0.001	0.008	0.085	0.906
>ATCGGTTAAA	2-ATCGGTTAAA	9.977120	-25.565465	0	T:23.0(11.68%),B:658.9(1.89%),P:1e-11	Tpos:606.0,Tstd:246.2,Bpos:523.0,Bstd:352.1,StrandBias:0.4,Multiplicity:1.05
0.948	0.001	0.001	0.050
0.001	0.001	0.001	0.997
0.027	0.770	0.037	0.166
0.001	0.033	0.965	0.001
0.001	0.028	0.970	0.001
0.154	0.001	0.001	0.844
0.044	0.029	0.077	0.850
0.941	0.001	0.021	0.037
0.997	0.001	0.001	0.001
0.849	0.107	0.001	0.043
>CTYATTGATT	3-CTYATTGATT	8.268145	-25.122920	0	T:102.0(51.78%),B:10013.7(28.78%),P:1e-10	Tpos:520.1,Tstd:272.3,Bpos:518.1,Bstd:350.0,StrandBias:0.2,Multiplicity:1.36
0.072	0.542	0.001	0.385
0.001	0.001	0.001	0.997
0.127	0.350	0.125	0.398
0.713	0.110	0.174	0.003
0.117	0.001	0.001	0.881
0.001	0.001	0.001	0.997
0.001	0.001	0.997	0.001
0.973	0.025	0.001	0.001
0.019	0.179	0.001	0.801
0.050	0.230	0.278	0.442
>CGCTCHDTYG	4-CGCTCHDTYG	6.923021	-23.088164	0	T:34.0(17.26%),B:1650.6(4.74%),P:1e-10	Tpos:540.7,Tstd:263.0,Bpos:553.1,Bstd:381.5,StrandBias:-0.2,Multiplicity:1.15
0.011	0.637	0.234	0.118
0.168	0.208	0.597	0.027
0.141	0.482	0.118	0.259
0.033	0.160	0.029	0.778
0.179	0.497	0.151	0.172
0.295	0.322	0.021	0.363
0.402	0.020	0.255	0.324
0.011	0.200	0.006	0.783
0.012	0.341	0.200	0.447
0.020	0.015	0.674	0.291
>CGATATCGCG	5-CGATATCGCG	10.180981	-22.831153	0	T:14.0(7.11%),B:228.6(0.66%),P:1e-9	Tpos:580.0,Tstd:317.0,Bpos:489.5,Bstd:340.2,StrandBias:0.2,Multiplicity:1.07
0.001	0.871	0.127	0.001
0.080	0.001	0.918	0.001
0.997	0.001	0.001	0.001
0.130	0.001	0.001	0.868
0.939	0.001	0.001	0.059
0.001	0.001	0.001	0.997
0.001	0.929	0.069	0.001
0.075	0.001	0.923	0.001
0.129	0.784	0.001	0.086
0.001	0.078	0.920	0.001
>AACGAGTGTC	6-AACGAGTGTC	8.796873	-22.146551	0	T:20.0(10.15%),B:579.6(1.67%),P:1e-9	Tpos:558.6,Tstd:213.3,Bpos:519.2,Bstd:327.6,StrandBias:0.5,Multiplicity:1.00
0.910	0.088	0.001	0.001
0.997	0.001	0.001	0.001
0.001	0.950	0.001	0.048
0.001	0.092	0.906	0.001
0.906	0.092	0.001	0.001
0.073	0.001	0.869	0.057
0.070	0.001	0.001	0.928
0.001	0.001	0.997	0.001
0.001	0.099	0.079	0.821
0.001	0.772	0.133	0.094
>CGCAAACGTT	7-CGCAAACGTT	8.694041	-19.950695	0	T:28.0(14.21%),B:1304.9(3.75%),P:1e-8	Tpos:571.0,Tstd:288.1,Bpos:502.4,Bstd:338.9,StrandBias:0.5,Multiplicity:1.04
0.157	0.841	0.001	0.001
0.051	0.237	0.711	0.001
0.123	0.632	0.199	0.046
0.767	0.222	0.001	0.010
0.738	0.260	0.001	0.001
0.767	0.001	0.001	0.231
0.162	0.605	0.156	0.077
0.001	0.036	0.784	0.179
0.001	0.061	0.001	0.937
0.001	0.001	0.090	0.908
>CTTTCAGGTA	8-CTTTCAGGTA	10.143662	-18.933866	0	T:26.0(13.20%),B:1189.1(3.42%),P:1e-8	Tpos:633.8,Tstd:392.9,Bpos:571.4,Bstd:383.6,StrandBias:1.5,Multiplicity:1.04
0.001	0.845	0.001	0.153
0.001	0.001	0.001	0.997
0.040	0.001	0.001	0.958
0.001	0.206	0.001	0.792
0.001	0.677	0.248	0.074
0.997	0.001	0.001	0.001
0.001	0.001	0.997	0.001
0.001	0.001	0.997	0.001
0.001	0.192	0.001	0.806
0.804	0.001	0.194	0.001
>GAGACCCGAG	9-GAGACCCGAG	7.839982	-18.733764	0	T:30.0(15.23%),B:1568.3(4.51%),P:1e-8	Tpos:524.6,Tstd:218.4,Bpos:527.1,Bstd:364.8,StrandBias:-1.3,Multiplicity:1.17
0.042	0.057	0.900	0.001
0.903	0.001	0.029	0.067
0.069	0.019	0.860	0.052
0.856	0.068	0.051	0.025
0.048	0.753	0.126	0.073
0.089	0.651	0.079	0.181
0.115	0.774	0.061	0.050
0.072	0.080	0.766	0.082
0.761	0.073	0.037	0.129
0.045	0.108	0.785	0.062
>AGTGGATTGC	10-AGTGGATTGC	10.038305	-18.443897	0	T:16.0(8.12%),B:446.0(1.28%),P:1e-8	Tpos:480.5,Tstd:259.9,Bpos:454.1,Bstd:301.5,StrandBias:-0.5,Multiplicity:1.06
0.997	0.001	0.001	0.001
0.058	0.001	0.940	0.001
0.079	0.001	0.001	0.919
0.092	0.089	0.772	0.047
0.001	0.001	0.997	0.001
0.930	0.001	0.001	0.068
0.073	0.001	0.102	0.824
0.001	0.149	0.001	0.849
0.001	0.001	0.950	0.048
0.056	0.875	0.001	0.068
>AGGTAAAAAT	11-AGGTAAAAAT	9.939048	-18.075261	0	T:48.0(24.37%),B:3585.9(10.31%),P:1e-7	Tpos:498.7,Tstd:307.0,Bpos:511.2,Bstd:352.3,StrandBias:-0.9,Multiplicity:1.19
0.657	0.124	0.218	0.001
0.001	0.001	0.895	0.103
0.096	0.104	0.663	0.137
0.001	0.062	0.001	0.936
0.953	0.018	0.028	0.001
0.997	0.001	0.001	0.001
0.972	0.001	0.001	0.026
0.997	0.001	0.001	0.001
0.997	0.001	0.001	0.001
0.059	0.001	0.001	0.939
>CGTTTCTCTT	12-CGTTTCTCTT	9.413458	-17.501961	0	T:38.0(19.29%),B:2494.4(7.17%),P:1e-7	Tpos:617.4,Tstd:269.4,Bpos:538.7,Bstd:353.8,StrandBias:1.5,Multiplicity:1.18
0.001	0.819	0.001	0.179
0.063	0.070	0.866	0.001
0.038	0.001	0.001	0.960
0.001	0.001	0.001	0.997
0.001	0.001	0.001	0.997
0.001	0.997	0.001	0.001
0.001	0.001	0.001	0.997
0.001	0.897	0.101	0.001
0.090	0.001	0.100	0.809
0.001	0.025	0.329	0.645
>GTAATCCACC	13-GTAATCCACC	9.772350	-17.180856	0	T:16.0(8.12%),B:490.8(1.41%),P:1e-7	Tpos:451.1,Tstd:238.0,Bpos:474.0,Bstd:345.3,StrandBias:0.7,Multiplicity:1.20
0.062	0.001	0.936	0.001
0.042	0.001	0.069	0.888
0.997	0.001	0.001	0.001
0.824	0.001	0.098	0.077
0.001	0.001	0.001	0.997
0.001	0.997	0.001	0.001
0.081	0.917	0.001	0.001
0.655	0.343	0.001	0.001
0.001	0.940	0.001	0.058
0.001	0.923	0.075	0.001
>TGCATTACGC	14-TGCATTACGC	10.253740	-16.705426	0	T:11.0(5.58%),B:209.6(0.60%),P:1e-7	Tpos:397.5,Tstd:239.9,Bpos:475.2,Bstd:328.4,StrandBias:0.2,Multiplicity:1.36
0.001	0.001	0.001	0.997
0.001	0.001	0.997	0.001
0.001	0.895	0.103	0.001
0.918	0.001	0.001	0.080
0.298	0.089	0.001	0.612
0.001	0.001	0.069	0.929
0.956	0.001	0.001	0.042
0.001	0.997	0.001	0.001
0.001	0.097	0.838	0.064
0.073	0.925	0.001	0.001
>ATTTCATCAA	15-ATTTCATCAA	9.772404	-16.366765	0	T:44.0(22.34%),B:3304.2(9.50%),P:1e-7	Tpos:433.1,Tstd:285.3,Bpos:496.6,Bstd:354.4,StrandBias:-0.2,Multiplicity:1.20
0.785	0.001	0.213	0.001
0.009	0.001	0.001	0.989
0.001	0.001	0.045	0.953
0.039	0.001	0.050	0.910
0.142	0.601	0.190	0.067
0.579	0.001	0.001	0.419
0.001	0.004	0.419	0.576
0.001	0.934	0.010	0.055
0.522	0.001	0.278	0.199
0.907	0.001	0.001	0.091
>AAACTACGCG	16-AAACTACGCG	8.826294	-15.819546	0	T:26.0(13.20%),B:1395.2(4.01%),P:1e-6	Tpos:598.4,Tstd:263.4,Bpos:522.0,Bstd:359.3,StrandBias:0.6,Multiplicity:1.08
0.800	0.106	0.001	0.093
0.906	0.006	0.006	0.082
0.901	0.001	0.005	0.093
0.003	0.947	0.004	0.046
0.272	0.001	0.001	0.726
0.903	0.001	0.001	0.095
0.053	0.894	0.052	0.001
0.093	0.001	0.905	0.001
0.286	0.634	0.079	0.001
0.001	0.277	0.643	0.079
>CGAAAMCCAC	17-CGAAAMCCAC	8.779092	-15.489272	0	T:29.0(14.72%),B:1719.4(4.94%),P:1e-6	Tpos:570.2,Tstd:247.3,Bpos:540.9,Bstd:367.8,StrandBias:1.1,Multiplicity:1.11
0.001	0.837	0.045	0.117
0.027	0.031	0.695	0.247
0.815	0.002	0.125	0.058
0.568	0.296	0.135	0.001
0.857	0.002	0.139	0.002
0.521	0.391	0.011	0.077
0.096	0.901	0.001	0.002
0.001	0.830	0.100	0.069
0.899	0.098	0.002	0.001
0.038	0.959	0.002	0.001
>CCGGAGATGA	18-CCGGAGATGA	10.399998	-14.243174	0	T:12.0(6.09%),B:331.5(0.95%),P:1e-6	Tpos:333.9,Tstd:197.1,Bpos:502.5,Bstd:375.8,StrandBias:-0.7,Multiplicity:1.08
0.001	0.797	0.128	0.074
0.001	0.851	0.098	0.050
0.001	0.001	0.997	0.001
0.150	0.001	0.848	0.001
0.997	0.001	0.001	0.001
0.053	0.001	0.945	0.001
0.909	0.001	0.001	0.089
0.023	0.001	0.001	0.975
0.001	0.001	0.997	0.001
0.707	0.117	0.175	0.001
>GTARTYTGTA	19-GTARTYTGTA	8.901073	-11.701729	0	T:23.0(11.68%),B:1429.6(4.11%),P:1e-5	Tpos:414.3,Tstd:288.5,Bpos:489.0,Bstd:341.6,StrandBias:-0.9,Multiplicity:1.78
0.001	0.001	0.951	0.047
0.001	0.001	0.286	0.712
0.997	0.001	0.001	0.001
0.538	0.001	0.460	0.001
0.001	0.001	0.001	0.997
0.198	0.339	0.001	0.463
0.001	0.001	0.001	0.997
0.001	0.001	0.997	0.001
0.001	0.001	0.001	0.997
0.997	0.001	0.001	0.001
>CCAATTTGGG	20-CCAATTTGGG	11.087030	-10.155244	0	T:6.0(3.05%),B:104.7(0.30%),P:1e-4	Tpos:646.6,Tstd:204.7,Bpos:458.7,Bstd:328.1,StrandBias:-0.4,Multiplicity:1.00
0.001	0.997	0.001	0.001
0.001	0.997	0.001	0.001
0.997	0.001	0.001	0.001
0.997	0.001	0.001	0.001
0.335	0.064	0.001	0.600
0.001	0.001	0.001	0.997
0.001	0.001	0.001	0.997
0.001	0.001	0.997	0.001
0.001	0.001	0.997	0.001
0.001	0.001	0.997	0.001
>ATCCCACCAG	21-ATCCCACCAG	10.271710	-9.686896	0	T:8.0(4.06%),B:228.5(0.66%),P:1e-4	Tpos:422.0,Tstd:256.2,Bpos:484.1,Bstd:343.7,StrandBias:0.7,Multiplicity:2.25
0.997	0.001	0.001	0.001
0.001	0.001	0.001	0.997
0.001	0.997	0.001	0.001
0.001	0.997	0.001	0.001
0.001	0.997	0.001	0.001
0.649	0.311	0.001	0.039
0.001	0.997	0.001	0.001
0.001	0.802	0.196	0.001
0.997	0.001	0.001	0.001
0.098	0.001	0.900	0.001
>GWGTGTSTGY	22-GWGTGTSTGY	9.590338	-9.484026	0	T:23.0(11.68%),B:1652.5(4.75%),P:1e-4	Tpos:518.3,Tstd:268.1,Bpos:549.7,Bstd:351.1,StrandBias:0.4,Multiplicity:1.23
0.001	0.193	0.731	0.075
0.550	0.001	0.001	0.448
0.001	0.001	0.997	0.001
0.396	0.001	0.001	0.602
0.001	0.001	0.997	0.001
0.140	0.001	0.001	0.858
0.001	0.429	0.569	0.001
0.285	0.001	0.001	0.713
0.001	0.171	0.827	0.001
0.047	0.546	0.001	0.406
>ATGCACTGAC	23-ATGCACTGAC	8.599114	-8.422240	0	T:9.0(4.57%),B:351.7(1.01%),P:1e-3	Tpos:482.3,Tstd:221.2,Bpos:471.1,Bstd:293.6,StrandBias:-2.0,Multiplicity:1.67
0.997	0.001	0.001	0.001
0.001	0.001	0.001	0.997
0.001	0.001	0.997	0.001
0.001	0.997	0.001	0.001
0.997	0.001	0.001	0.001
0.001	0.917	0.081	0.001
0.080	0.001	0.001	0.918
0.108	0.082	0.809	0.001
0.876	0.001	0.122	0.001
0.001	0.997	0.001	0.001
>AGAACCGTGC	24-AGAACCGTGC	2.390690	-7.794394	0	T:94.0(47.72%),B:12459.2(35.81%),P:1e-3	Tpos:468.0,Tstd:278.0,Bpos:513.6,Bstd:363.4,StrandBias:-0.5,Multiplicity:1.51
0.997	0.001	0.001	0.001
0.235	0.001	0.700	0.064
0.997	0.001	0.001	0.001
0.911	0.001	0.087	0.001
0.001	0.931	0.001	0.067
0.001	0.928	0.070	0.001
0.001	0.001	0.997	0.001
0.001	0.001	0.126	0.872
0.001	0.001	0.997	0.001
0.001	0.708	0.290	0.001
>TGGGTCTGCT	25-TGGGTCTGCT	8.383233	-4.505481	0	T:9.0(4.57%),B:634.6(1.82%),P:1e-1	Tpos:450.2,Tstd:226.3,Bpos:505.4,Bstd:377.0,StrandBias:0.2,Multiplicity:3.33
0.001	0.001	0.001	0.997
0.001	0.001	0.884	0.114
0.001	0.001	0.997	0.001
0.001	0.055	0.943	0.001
0.001	0.001	0.001	0.997
0.203	0.648	0.066	0.083
0.001	0.001	0.001	0.997
0.001	0.065	0.899	0.035
0.063	0.935	0.001	0.001
0.001	0.001	0.001	0.997
