>ATCGATTT	1-ATCGATTT	9.006615	-26.014694	0	T:85.0(43.15%),B:7389.2(21.24%),P:1e-11	Tpos:581.8,Tstd:276.2,Bpos:530.7,Bstd:404.5,StrandBias:0.3,Multiplicity:1.49
0.997	0.001	0.001	0.001
0.001	0.001	0.146	0.852
0.001	0.997	0.001	0.001
0.001	0.001	0.997	0.001
0.868	0.001	0.130	0.001
0.001	0.001	0.001	0.997
0.001	0.001	0.001	0.997
0.001	0.001	0.001	0.997
>TCCCGCAC	2-TCCCGCAC	6.464391	-24.627792	0	T:76.0(38.58%),B:6340.3(18.22%),P:1e-10	Tpos:455.3,Tstd:265.8,Bpos:516.8,Bstd:365.9,StrandBias:0.8,Multiplicity:1.26
0.012	0.001	0.001	0.986
0.001	0.812	0.186	0.001
0.021	0.914	0.001	0.064
0.040	0.918	0.041	0.001
0.060	0.001	0.938	0.001
0.001	0.905	0.063	0.031
0.687	0.065	0.087	0.161
0.048	0.900	0.025	0.027
>TCGCCGCG	3-TCGCCGCG	7.259788	-24.065899	0	T:67.0(34.01%),B:5233.6(15.04%),P:1e-10	Tpos:537.9,Tstd:268.4,Bpos:514.6,Bstd:387.5,StrandBias:0.4,Multiplicity:1.14
0.001	0.100	0.001	0.898
0.001	0.926	0.072	0.001
0.001	0.001	0.997	0.001
0.001	0.928	0.001	0.070
0.061	0.875	0.001	0.063
0.067	0.074	0.806	0.053
0.001	0.813	0.103	0.083
0.001	0.001	0.748	0.250
>AGAACGCG	4-AGAACGCG	7.681993	-23.253896	0	T:64.0(32.49%),B:4949.3(14.22%),P:1e-10	Tpos:501.8,Tstd:281.7,Bpos:529.6,Bstd:376.9,StrandBias:-0.4,Multiplicity:1.22
0.899	0.068	0.001	0.032
0.161	0.144	0.694	0.001
0.966	0.001	0.032	0.001
0.867	0.048	0.084	0.001
0.001	0.912	0.001	0.086
0.001	0.001	0.852	0.146
0.001	0.997	0.001	0.001
0.001	0.101	0.867	0.031
>CTCGATAA	5-CTCGATAA	6.104532	-23.092060	0	T:111.0(56.35%),B:11772.0(33.83%),P:1e-10	Tpos:533.3,Tstd:281.6,Bpos:524.9,Bstd:352.6,StrandBias:-0.3,Multiplicity:1.42
0.146	0.852	0.001	0.001
0.001	0.001	0.001	0.997
0.001	0.997	0.001	0.001
0.215	0.001	0.783	0.001
0.997	0.001	0.001	0.001
0.001	0.001	0.001	0.997
0.975	0.001	0.023	0.001
0.772	0.001	0.226	0.001
>CACGAGAG	6-CACGAGAG	6.959414	-21.686495	0	T:72.0(36.55%),B:6192.4(17.80%),P:1e-9	Tpos:504.8,Tstd:288.7,Bpos:524.2,Bstd:352.2,StrandBias:-0.6,Multiplicity:1.31
0.182	0.712	0.105	0.001
0.989	0.009	0.001	0.001
0.001	0.863	0.039	0.097
0.045	0.022	0.926	0.007
0.875	0.001	0.019	0.105
0.097	0.001	0.851	0.051
0.913	0.078	0.008	0.001
0.001	0.042	0.942	0.015
>CTCGCAAT	7-CTCGCAAT	7.533760	-17.412354	0	T:62.0(31.47%),B:5452.8(15.67%),P:1e-7	Tpos:510.4,Tstd:271.1,Bpos:525.5,Bstd:365.1,StrandBias:0.6,Multiplicity:1.19
0.001	0.903	0.001	0.095
0.001	0.001	0.114	0.884
0.001	0.997	0.001	0.001
0.001	0.001	0.997	0.001
0.001	0.997	0.001	0.001
0.926	0.001	0.001	0.072
0.607	0.202	0.190	0.001
0.388	0.001	0.001	0.610
>CCATCACG	8-CCATCACG	7.993061	-16.449549	0	T:27.0(13.71%),B:1445.6(4.15%),P:1e-7	Tpos:504.2,Tstd:306.7,Bpos:504.5,Bstd:362.8,StrandBias:0.3,Multiplicity:1.07
0.001	0.927	0.071	0.001
0.001	0.997	0.001	0.001
0.890	0.001	0.108	0.001
0.001	0.001	0.001	0.997
0.186	0.812	0.001	0.001
0.891	0.001	0.107	0.001
0.001	0.997	0.001	0.001
0.001	0.001	0.997	0.001
>GATTAAAA	9-GATTAAAA	10.047671	-14.641881	0	T:63.0(31.98%),B:6024.8(17.32%),P:1e-6	Tpos:556.8,Tstd:275.2,Bpos:519.2,Bstd:355.3,StrandBias:-0.7,Multiplicity:1.27
0.001	0.001	0.997	0.001
0.638	0.001	0.360	0.001
0.001	0.001	0.001	0.997
0.001	0.001	0.001	0.997
0.997	0.001	0.001	0.001
0.997	0.001	0.001	0.001
0.997	0.001	0.001	0.001
0.997	0.001	0.001	0.001
>TTCGCCGM	10-TTCGCCGM	8.018273	-12.573348	0	T:58.0(29.44%),B:5686.5(16.34%),P:1e-5	Tpos:552.2,Tstd:268.2,Bpos:502.8,Bstd:391.6,StrandBias:0.2,Multiplicity:1.21
0.001	0.001	0.001	0.997
0.001	0.074	0.001	0.924
0.001	0.849	0.001	0.149
0.001	0.001	0.997	0.001
0.001	0.997	0.001	0.001
0.162	0.626	0.001	0.211
0.001	0.001	0.997	0.001
0.454	0.544	0.001	0.001
>RGAAATCC	11-RGAAATCC	5.629339	-12.216173	0	T:121.0(61.42%),B:15805.8(45.43%),P:1e-5	Tpos:480.4,Tstd:284.7,Bpos:495.6,Bstd:351.9,StrandBias:-0.3,Multiplicity:1.55
0.334	0.205	0.460	0.001
0.001	0.001	0.899	0.099
0.741	0.001	0.001	0.257
0.632	0.366	0.001	0.001
0.997	0.001	0.001	0.001
0.001	0.001	0.001	0.997
0.001	0.997	0.001	0.001
0.001	0.779	0.219	0.001
>AGGATTGG	12-AGGATTGG	8.458378	-12.135522	0	T:29.0(14.72%),B:2038.3(5.86%),P:1e-5	Tpos:423.5,Tstd:262.5,Bpos:494.8,Bstd:322.0,StrandBias:-0.3,Multiplicity:1.14
0.805	0.001	0.193	0.001
0.001	0.001	0.997	0.001
0.001	0.001	0.997	0.001
0.512	0.210	0.001	0.277
0.001	0.001	0.001	0.997
0.001	0.001	0.001	0.997
0.001	0.001	0.997	0.001
0.001	0.259	0.739	0.001
>CACACTCT	13-CACACTCT	6.792611	-11.074262	0	T:64.0(32.49%),B:6841.8(19.66%),P:1e-4	Tpos:495.9,Tstd:292.6,Bpos:529.5,Bstd:358.0,StrandBias:0.8,Multiplicity:1.31
0.001	0.986	0.001	0.012
0.895	0.001	0.090	0.014
0.001	0.796	0.200	0.003
0.739	0.188	0.072	0.001
0.001	0.921	0.077	0.001
0.003	0.059	0.188	0.750
0.122	0.850	0.027	0.001
0.001	0.001	0.178	0.820
>ATACGCCC	14-ATACGCCC	7.761638	-11.012091	0	T:18.0(9.14%),B:984.3(2.83%),P:1e-4	Tpos:472.7,Tstd:232.7,Bpos:499.7,Bstd:341.6,StrandBias:0.5,Multiplicity:1.22
0.951	0.047	0.001	0.001
0.001	0.001	0.001	0.997
0.997	0.001	0.001	0.001
0.001	0.997	0.001	0.001
0.136	0.001	0.862	0.001
0.001	0.997	0.001	0.001
0.100	0.898	0.001	0.001
0.001	0.997	0.001	0.001
>CAGACCCG	15-CAGACCCG	8.728614	-9.959787	0	T:24.0(12.18%),B:1712.8(4.92%),P:1e-4	Tpos:417.7,Tstd:267.0,Bpos:509.1,Bstd:368.6,StrandBias:-0.8,Multiplicity:2.08
0.001	0.744	0.254	0.001
0.997	0.001	0.001	0.001
0.001	0.001	0.997	0.001
0.964	0.034	0.001	0.001
0.211	0.667	0.078	0.044
0.001	0.997	0.001	0.001
0.016	0.982	0.001	0.001
0.327	0.032	0.640	0.001
>AAACTACA	16-AAACTACA	7.780450	-1.839494	0	T:30.0(15.23%),B:4386.2(12.61%),P:1e0	Tpos:433.9,Tstd:293.7,Bpos:504.5,Bstd:329.4,StrandBias:1.8,Multiplicity:2.37
0.886	0.001	0.112	0.001
0.666	0.001	0.332	0.001
0.997	0.001	0.001	0.001
0.001	0.997	0.001	0.001
0.001	0.001	0.001	0.997
0.997	0.001	0.001	0.001
0.001	0.997	0.001	0.001
0.997	0.001	0.001	0.001
