>CTCTTGATGTTT	10-AAACATCAAGAG	10.504869	-22.916647	0	T:23.0(14.29%),B:1074.0(2.70%),P:1e-9
0.027	0.757	0.088	0.128
0.064	0.096	0.026	0.814
0.125	0.726	0.045	0.104
0.044	0.050	0.040	0.866
0.044	0.063	0.001	0.892
0.023	0.085	0.725	0.167
0.904	0.001	0.001	0.094
0.072	0.040	0.140	0.748
0.102	0.031	0.846	0.021
0.001	0.001	0.043	0.955
0.001	0.066	0.081	0.852
0.031	0.001	0.044	0.924
