>CCAAYCTC	1-CCAAYCTC	8.730320	-14.660249	0	T:18.0(18.00%),B:1774.0(4.43%),P:1e-6	Tpos:512.8,Tstd:294.8,Bpos:492.0,Bstd:324.8,StrandBias:0.9,Multiplicity:1.11
0.001	0.667	0.001	0.331
0.001	0.997	0.001	0.001
0.997	0.001	0.001	0.001
0.597	0.001	0.001	0.401
0.001	0.558	0.001	0.440
0.001	0.997	0.001	0.001
0.001	0.206	0.001	0.792
0.001	0.806	0.001	0.192
>GGCGGGAA	2-GGCGGGAA	6.039751	-10.580677	0	T:24.0(24.00%),B:3886.1(9.71%),P:1e-4	Tpos:389.6,Tstd:315.9,Bpos:532.7,Bstd:333.0,StrandBias:-1.2,Multiplicity:1.25
0.001	0.001	0.997	0.001
0.001	0.001	0.997	0.001
0.001	0.828	0.001	0.170
0.001	0.001	0.997	0.001
0.001	0.001	0.963	0.035
0.001	0.001	0.880	0.118
0.953	0.045	0.001	0.001
0.997	0.001	0.001	0.001
>GCGCGAGC	3-GCGCGAGC	7.570747	-9.361028	0	T:17.0(17.00%),B:2380.1(5.95%),P:1e-4	Tpos:478.1,Tstd:311.7,Bpos:541.2,Bstd:347.9,StrandBias:-0.2,Multiplicity:1.18
0.001	0.001	0.997	0.001
0.347	0.651	0.001	0.001
0.001	0.103	0.820	0.076
0.001	0.997	0.001	0.001
0.001	0.001	0.997	0.001
0.843	0.001	0.001	0.155
0.119	0.001	0.879	0.001
0.001	0.815	0.183	0.001
>GGCGGAGT	4-GGCGGAGT	6.061707	-7.987473	0	T:32.0(32.00%),B:7032.0(17.57%),P:1e-3	Tpos:514.2,Tstd:294.1,Bpos:521.5,Bstd:334.4,StrandBias:-0.9,Multiplicity:1.53
0.015	0.032	0.952	0.001
0.015	0.031	0.936	0.018
0.014	0.851	0.019	0.116
0.039	0.308	0.652	0.001
0.023	0.015	0.931	0.031
0.951	0.023	0.016	0.010
0.001	0.094	0.893	0.012
0.013	0.115	0.001	0.871
>CTCAAGTT	5-CTCAAGTT	9.781968	-7.182266	0	T:16.0(16.00%),B:2608.2(6.52%),P:1e-3	Tpos:593.9,Tstd:313.3,Bpos:516.6,Bstd:310.3,StrandBias:1.3,Multiplicity:1.31
0.001	0.997	0.001	0.001
0.001	0.001	0.001	0.997
0.001	0.997	0.001	0.001
0.722	0.001	0.001	0.276
0.997	0.001	0.001	0.001
0.001	0.001	0.997	0.001
0.001	0.001	0.001	0.997
0.001	0.001	0.001	0.997
