>TTTTTKTGAGGC	1-TTTTTKTGAGGC	11.303015	-20.344350	0	T:14.0(14.00%),B:660.6(1.65%),P:1e-8	Tpos:405.5,Tstd:241.6,Bpos:506.7,Bstd:315.1,StrandBias:0.6,Multiplicity:1.07
0.001	0.249	0.001	0.749
0.210	0.001	0.001	0.788
0.155	0.001	0.001	0.843
0.155	0.001	0.001	0.843
0.001	0.001	0.001	0.997
0.001	0.148	0.439	0.412
0.001	0.001	0.001	0.997
0.078	0.001	0.836	0.085
0.984	0.001	0.014	0.001
0.113	0.092	0.794	0.001
0.001	0.001	0.804	0.194
0.001	0.797	0.001	0.201
>CAGGCGGSAACT	2-CAGGCGGSAACT	9.517405	-20.017329	0	T:10.0(10.00%),B:266.2(0.67%),P:1e-8	Tpos:432.5,Tstd:144.7,Bpos:537.5,Bstd:339.4,StrandBias:0.3,Multiplicity:1.10
0.001	0.997	0.001	0.001
0.645	0.177	0.177	0.001
0.001	0.029	0.793	0.177
0.156	0.001	0.842	0.001
0.014	0.797	0.012	0.177
0.026	0.180	0.793	0.001
0.001	0.001	0.997	0.001
0.002	0.485	0.512	0.001
0.997	0.001	0.001	0.001
0.842	0.001	0.001	0.156
0.124	0.718	0.001	0.157
0.177	0.001	0.124	0.698
>AAAAATGTCTGT	3-AAAAATGTCTGT	10.575477	-18.205005	0	T:18.0(18.00%),B:1395.3(3.49%),P:1e-7	Tpos:473.4,Tstd:272.6,Bpos:506.2,Bstd:293.7,StrandBias:0.1,Multiplicity:1.17
0.971	0.001	0.001	0.027
0.860	0.001	0.138	0.001
0.997	0.001	0.001	0.001
0.795	0.001	0.076	0.128
0.706	0.076	0.100	0.118
0.120	0.001	0.098	0.781
0.053	0.049	0.897	0.001
0.058	0.046	0.001	0.895
0.091	0.742	0.086	0.081
0.097	0.104	0.084	0.715
0.107	0.135	0.728	0.030
0.075	0.001	0.001	0.923
>ATGAAAACTCTG	4-ATGAAAACTCTG	13.403114	-17.538136	0	T:7.0(7.00%),B:114.2(0.29%),P:1e-7	Tpos:471.9,Tstd:257.5,Bpos:467.1,Bstd:281.7,StrandBias:1.0,Multiplicity:1.29
0.997	0.001	0.001	0.001
0.001	0.245	0.001	0.753
0.171	0.001	0.827	0.001
0.997	0.001	0.001	0.001
0.997	0.001	0.001	0.001
0.997	0.001	0.001	0.001
0.997	0.001	0.001	0.001
0.001	0.842	0.156	0.001
0.001	0.001	0.001	0.997
0.001	0.908	0.001	0.090
0.001	0.001	0.001	0.997
0.144	0.001	0.854	0.001
>GCTCGAGCTCMT	5-GCTCGAGCTCMT	11.150708	-16.877270	0	T:5.0(5.00%),B:34.3(0.09%),P:1e-7	Tpos:421.0,Tstd:265.1,Bpos:450.9,Bstd:309.6,StrandBias:-2.0,Multiplicity:1.00
0.068	0.129	0.702	0.101
0.001	0.951	0.001	0.047
0.049	0.001	0.067	0.883
0.067	0.693	0.129	0.111
0.062	0.001	0.826	0.111
0.932	0.066	0.001	0.001
0.001	0.067	0.881	0.051
0.128	0.870	0.001	0.001
0.001	0.067	0.278	0.654
0.130	0.677	0.073	0.120
0.436	0.342	0.211	0.011
0.150	0.191	0.067	0.592
>CAATTAATTGTT	6-CAATTAATTGTT	11.074158	-16.636797	0	T:12.0(12.00%),B:617.2(1.54%),P:1e-7	Tpos:423.8,Tstd:252.3,Bpos:524.3,Bstd:299.2,StrandBias:0.8,Multiplicity:1.00
0.110	0.728	0.133	0.029
0.837	0.069	0.037	0.057
0.843	0.083	0.019	0.055
0.066	0.023	0.039	0.872
0.360	0.029	0.065	0.546
0.578	0.057	0.055	0.310
0.611	0.034	0.085	0.270
0.036	0.063	0.035	0.866
0.104	0.041	0.033	0.822
0.066	0.070	0.809	0.055
0.120	0.094	0.062	0.724
0.091	0.138	0.088	0.683
>TGCTCGGAGCAC	7-TGCTCGGAGCAC	14.159935	-16.554799	0	T:4.0(4.00%),B:12.9(0.03%),P:1e-7	Tpos:578.2,Tstd:254.1,Bpos:582.4,Bstd:393.0,StrandBias:-0.6,Multiplicity:1.00
0.001	0.001	0.191	0.807
0.001	0.001	0.997	0.001
0.001	0.997	0.001	0.001
0.001	0.001	0.001	0.997
0.001	0.997	0.001	0.001
0.235	0.192	0.572	0.001
0.001	0.001	0.997	0.001
0.997	0.001	0.001	0.001
0.001	0.001	0.997	0.001
0.001	0.997	0.001	0.001
0.791	0.001	0.001	0.207
0.001	0.997	0.001	0.001
>TTATCAGTGAAA	8-TTATCAGTGAAA	13.304814	-16.280042	0	T:9.0(9.00%),B:299.1(0.75%),P:1e-7	Tpos:549.1,Tstd:292.7,Bpos:545.2,Bstd:310.0,StrandBias:-0.3,Multiplicity:1.00
0.001	0.001	0.001	0.997
0.104	0.001	0.001	0.894
0.926	0.001	0.001	0.072
0.117	0.001	0.001	0.881
0.001	0.888	0.001	0.110
0.851	0.001	0.001	0.147
0.090	0.001	0.822	0.087
0.001	0.001	0.001	0.997
0.090	0.001	0.908	0.001
0.997	0.001	0.001	0.001
0.910	0.001	0.001	0.088
0.997	0.001	0.001	0.001
>TBTGTGTAGCCT	9-TBTGTGTAGCCT	9.523297	-16.104112	0	T:7.0(7.00%),B:142.4(0.36%),P:1e-6	Tpos:495.1,Tstd:259.7,Bpos:554.1,Bstd:296.2,StrandBias:0.3,Multiplicity:1.29
0.001	0.001	0.001	0.997
0.001	0.335	0.390	0.274
0.001	0.001	0.001	0.997
0.001	0.001	0.997	0.001
0.001	0.001	0.001	0.997
0.001	0.013	0.985	0.001
0.001	0.001	0.001	0.997
0.664	0.001	0.334	0.001
0.001	0.001	0.997	0.001
0.352	0.634	0.001	0.013
0.001	0.997	0.001	0.001
0.390	0.001	0.001	0.608
>TTCGCCTAYTTA	10-TTCGCCTAYTTA	12.855985	-15.203423	0	T:5.0(5.00%),B:49.6(0.12%),P:1e-6	Tpos:522.2,Tstd:307.8,Bpos:608.5,Bstd:299.8,StrandBias:-2.0,Multiplicity:1.00
0.001	0.001	0.001	0.997
0.001	0.341	0.001	0.657
0.001	0.997	0.001	0.001
0.001	0.275	0.530	0.194
0.001	0.997	0.001	0.001
0.001	0.997	0.001	0.001
0.192	0.313	0.001	0.494
0.997	0.001	0.001	0.001
0.001	0.551	0.001	0.447
0.001	0.001	0.001	0.997
0.001	0.001	0.001	0.997
0.633	0.365	0.001	0.001
>AAAATGTCCCAG	11-AAAATGTCCCAG	13.626858	-14.580344	0	T:6.0(6.00%),B:109.1(0.27%),P:1e-6	Tpos:458.3,Tstd:295.3,Bpos:482.0,Bstd:296.5,StrandBias:1.3,Multiplicity:1.17
0.997	0.001	0.001	0.001
0.997	0.001	0.001	0.001
0.997	0.001	0.001	0.001
0.812	0.001	0.001	0.186
0.001	0.001	0.001	0.997
0.001	0.001	0.891	0.107
0.001	0.001	0.001	0.997
0.001	0.891	0.001	0.107
0.001	0.818	0.001	0.180
0.001	0.997	0.001	0.001
0.997	0.001	0.001	0.001
0.001	0.202	0.796	0.001
>AACGTTTTCCAC	12-AACGTTTTCCAC	11.499136	-13.783628	0	T:7.0(7.00%),B:203.4(0.51%),P:1e-5	Tpos:652.5,Tstd:231.5,Bpos:486.7,Bstd:306.1,StrandBias:1.6,Multiplicity:1.14
0.654	0.322	0.001	0.023
0.768	0.230	0.001	0.001
0.115	0.719	0.034	0.132
0.195	0.001	0.749	0.055
0.101	0.123	0.001	0.775
0.001	0.001	0.001	0.997
0.149	0.086	0.001	0.764
0.034	0.001	0.001	0.964
0.098	0.653	0.197	0.052
0.281	0.453	0.001	0.265
0.817	0.001	0.117	0.065
0.206	0.607	0.134	0.053
>AATCTTTTTTGA	13-AATCTTTTTTGA	12.355432	-11.253141	0	T:4.0(4.00%),B:53.1(0.13%),P:1e-4	Tpos:322.0,Tstd:259.9,Bpos:497.1,Bstd:322.4,StrandBias:-1.6,Multiplicity:1.00
0.700	0.100	0.100	0.100
0.700	0.100	0.100	0.100
0.100	0.100	0.100	0.700
0.100	0.700	0.100	0.100
0.100	0.100	0.100	0.700
0.100	0.100	0.100	0.700
0.100	0.100	0.100	0.700
0.100	0.100	0.100	0.700
0.100	0.100	0.100	0.700
0.100	0.100	0.100	0.700
0.100	0.100	0.700	0.100
0.700	0.100	0.100	0.100
>TGTGACCTATAT	14-TGTGACCTATAT	11.638347	-8.882326	0	T:3.0(3.00%),B:37.7(0.09%),P:1e-3	Tpos:541.0,Tstd:325.2,Bpos:536.8,Bstd:280.0,StrandBias:0.3,Multiplicity:3.00
0.109	0.001	0.004	0.886
0.001	0.004	0.642	0.353
0.091	0.001	0.095	0.813
0.067	0.109	0.823	0.001
0.804	0.004	0.001	0.191
0.005	0.757	0.001	0.237
0.001	0.727	0.193	0.079
0.067	0.079	0.001	0.853
0.640	0.001	0.280	0.079
0.205	0.110	0.238	0.446
0.892	0.001	0.001	0.106
0.159	0.109	0.001	0.731
>TTTTTTCGCGTT	15-TTTTTTCGCGTT	10.409522	-7.193968	0	T:12.0(12.00%),B:1618.6(4.04%),P:1e-3	Tpos:533.7,Tstd:303.7,Bpos:528.1,Bstd:353.5,StrandBias:0.0,Multiplicity:1.17
0.100	0.100	0.100	0.700
0.100	0.100	0.100	0.700
0.100	0.100	0.100	0.700
0.100	0.100	0.100	0.700
0.100	0.100	0.100	0.700
0.100	0.100	0.100	0.700
0.100	0.700	0.100	0.100
0.100	0.100	0.700	0.100
0.100	0.700	0.100	0.100
0.100	0.100	0.700	0.100
0.100	0.100	0.100	0.700
0.100	0.100	0.100	0.700
>TATTTTCGAATA	16-TATTTTCGAATA	10.409522	-6.881830	0	T:12.0(12.00%),B:1678.1(4.19%),P:1e-2	Tpos:591.4,Tstd:240.6,Bpos:502.8,Bstd:303.4,StrandBias:-0.4,Multiplicity:1.17
0.100	0.100	0.100	0.700
0.700	0.100	0.100	0.100
0.100	0.100	0.100	0.700
0.100	0.100	0.100	0.700
0.100	0.100	0.100	0.700
0.100	0.100	0.100	0.700
0.100	0.700	0.100	0.100
0.100	0.100	0.700	0.100
0.700	0.100	0.100	0.100
0.700	0.100	0.100	0.100
0.100	0.100	0.100	0.700
0.700	0.100	0.100	0.100
>TACYCCTCAAGT	17-TACYCCTCAAGT	8.881060	-6.686853	0	T:9.0(9.00%),B:1039.5(2.60%),P:1e-2	Tpos:541.6,Tstd:348.4,Bpos:538.5,Bstd:329.6,StrandBias:0.8,Multiplicity:1.56
0.001	0.001	0.154	0.844
0.797	0.201	0.001	0.001
0.001	0.871	0.001	0.127
0.001	0.468	0.001	0.530
0.001	0.851	0.001	0.147
0.001	0.997	0.001	0.001
0.001	0.001	0.001	0.997
0.132	0.666	0.001	0.201
0.997	0.001	0.001	0.001
0.844	0.154	0.001	0.001
0.132	0.147	0.720	0.001
0.001	0.001	0.001	0.997
>ATGGCCGAGTTT	18-ATGGCCGAGTTT	9.810914	-6.173386	0	T:9.0(9.00%),B:1121.4(2.80%),P:1e-2	Tpos:524.9,Tstd:244.7,Bpos:494.7,Bstd:328.9,StrandBias:-0.7,Multiplicity:2.33
0.727	0.001	0.175	0.097
0.001	0.128	0.001	0.870
0.001	0.001	0.905	0.093
0.085	0.001	0.913	0.001
0.001	0.905	0.093	0.001
0.094	0.693	0.134	0.079
0.001	0.001	0.996	0.002
0.713	0.001	0.001	0.285
0.202	0.001	0.718	0.079
0.151	0.001	0.134	0.714
0.001	0.001	0.001	0.997
0.001	0.133	0.001	0.865
>TACTCCTCAAGT	19-TACTCCTCAAGT	15.672785	-5.994460	0	T:1.0(1.00%),B:0.0(0.00%),P:1e-2	Tpos:653.0,Tstd:0.0,Bpos:0.0,Bstd:0.0,StrandBias:10.0,Multiplicity:1.00
0.001	0.001	0.001	0.997
0.816	0.182	0.001	0.001
0.001	0.882	0.001	0.116
0.001	0.332	0.001	0.666
0.001	0.997	0.001	0.001
0.001	0.997	0.001	0.001
0.001	0.001	0.001	0.997
0.001	0.816	0.001	0.182
0.997	0.001	0.001	0.001
0.997	0.001	0.001	0.001
0.001	0.001	0.997	0.001
0.001	0.001	0.001	0.997
>GACGTGAAAACC	20-GACGTGAAAACC	16.389289	-4.898316	0	T:1.0(1.00%),B:2.0(0.01%),P:1e-2	Tpos:557.6,Tstd:217.5,Bpos:621.7,Bstd:361.6,StrandBias:0.6,Multiplicity:5.00
0.001	0.001	0.997	0.001
0.997	0.001	0.001	0.001
0.001	0.997	0.001	0.001
0.001	0.001	0.997	0.001
0.001	0.001	0.001	0.997
0.001	0.001	0.997	0.001
0.997	0.001	0.001	0.001
0.997	0.001	0.001	0.001
0.997	0.001	0.001	0.001
0.808	0.001	0.190	0.001
0.001	0.997	0.001	0.001
0.001	0.997	0.001	0.001
>CTTTTTTGTACG	21-CTTTTTTGTACG	12.355432	-3.923650	0	T:1.0(1.00%),B:7.5(0.02%),P:1e-1	Tpos:409.5,Tstd:330.9,Bpos:577.1,Bstd:136.6,StrandBias:0.0,Multiplicity:4.00
0.100	0.700	0.100	0.100
0.100	0.100	0.100	0.700
0.100	0.100	0.100	0.700
0.100	0.100	0.100	0.700
0.100	0.100	0.100	0.700
0.100	0.100	0.100	0.700
0.100	0.100	0.100	0.700
0.100	0.100	0.700	0.100
0.100	0.100	0.100	0.700
0.700	0.100	0.100	0.100
0.100	0.700	0.100	0.100
0.100	0.100	0.700	0.100
