>VTTGCGATATGG	1-VTTGCGATATGG	13.302999	-25.213702	0	T:6.0(5.94%),B:15.2(0.04%),P:1e-10	Tpos:586.8,Tstd:257.9,Bpos:537.4,Bstd:278.1,StrandBias:0.0,Multiplicity:1.00
0.356	0.289	0.354	0.001
0.001	0.001	0.261	0.737
0.001	0.001	0.001	0.997
0.001	0.001	0.737	0.261
0.001	0.645	0.001	0.353
0.001	0.001	0.997	0.001
0.997	0.001	0.001	0.001
0.001	0.001	0.001	0.997
0.997	0.001	0.001	0.001
0.001	0.001	0.001	0.997
0.340	0.001	0.658	0.001
0.001	0.001	0.997	0.001
>TATAACTCTTTA	2-TATAACTCTTTA	13.402941	-22.471468	0	T:7.0(6.93%),B:53.7(0.13%),P:1e-9	Tpos:421.7,Tstd:238.0,Bpos:540.0,Bstd:303.6,StrandBias:2.6,Multiplicity:1.00
0.001	0.184	0.001	0.814
0.997	0.001	0.001	0.001
0.001	0.001	0.124	0.874
0.997	0.001	0.001	0.001
0.997	0.001	0.001	0.001
0.108	0.740	0.151	0.001
0.001	0.001	0.001	0.997
0.001	0.949	0.001	0.049
0.001	0.001	0.001	0.997
0.001	0.001	0.001	0.997
0.124	0.001	0.001	0.874
0.906	0.001	0.001	0.092
>CAACTAGAATAG	3-CAACTAGAATAG	13.916351	-21.843740	0	T:6.0(5.94%),B:30.0(0.07%),P:1e-9	Tpos:416.7,Tstd:143.1,Bpos:482.8,Bstd:292.2,StrandBias:-2.3,Multiplicity:1.00
0.001	0.997	0.001	0.001
0.997	0.001	0.001	0.001
0.997	0.001	0.001	0.001
0.001	0.997	0.001	0.001
0.001	0.001	0.186	0.812
0.997	0.001	0.001	0.001
0.001	0.001	0.997	0.001
0.826	0.001	0.172	0.001
0.812	0.001	0.001	0.186
0.001	0.001	0.001	0.997
0.997	0.001	0.001	0.001
0.001	0.173	0.702	0.124
>AGACCCTACCCA	4-AGACCCTACCCA	14.537564	-21.311804	0	T:4.0(3.96%),B:2.9(0.01%),P:1e-9	Tpos:488.5,Tstd:354.3,Bpos:501.7,Bstd:143.6,StrandBias:1.6,Multiplicity:1.00
0.997	0.001	0.001	0.001
0.001	0.001	0.997	0.001
0.997	0.001	0.001	0.001
0.234	0.764	0.001	0.001
0.001	0.734	0.001	0.264
0.001	0.734	0.001	0.264
0.001	0.001	0.001	0.997
0.997	0.001	0.001	0.001
0.001	0.997	0.001	0.001
0.001	0.997	0.001	0.001
0.001	0.997	0.001	0.001
0.997	0.001	0.001	0.001
>GTTTGAAATGAG	5-GTTTGAAATGAG	10.495290	-21.017483	0	T:18.0(17.82%),B:1154.6(2.87%),P:1e-9	Tpos:496.6,Tstd:286.9,Bpos:512.4,Bstd:311.6,StrandBias:-0.3,Multiplicity:1.11
0.100	0.048	0.789	0.063
0.001	0.038	0.001	0.960
0.033	0.001	0.127	0.839
0.001	0.086	0.001	0.912
0.001	0.130	0.818	0.051
0.833	0.001	0.070	0.096
0.860	0.002	0.061	0.077
0.887	0.001	0.001	0.111
0.046	0.054	0.040	0.860
0.001	0.190	0.671	0.138
0.723	0.091	0.061	0.125
0.079	0.031	0.851	0.039
>AAAAACCCTATG	6-AAAAACCCTATG	13.458183	-20.316735	0	T:7.0(6.93%),B:74.9(0.19%),P:1e-8	Tpos:574.7,Tstd:260.8,Bpos:473.7,Bstd:303.4,StrandBias:0.4,Multiplicity:1.00
0.997	0.001	0.001	0.001
0.997	0.001	0.001	0.001
0.997	0.001	0.001	0.001
0.997	0.001	0.001	0.001
0.793	0.205	0.001	0.001
0.001	0.997	0.001	0.001
0.001	0.840	0.001	0.158
0.001	0.898	0.001	0.100
0.095	0.001	0.001	0.903
0.997	0.001	0.001	0.001
0.001	0.150	0.001	0.848
0.117	0.001	0.881	0.001
>TTCTGAATTGTA	7-TTCTGAATTGTA	12.305192	-20.184472	0	T:11.0(10.89%),B:345.9(0.86%),P:1e-8	Tpos:529.2,Tstd:309.4,Bpos:508.2,Bstd:311.5,StrandBias:0.0,Multiplicity:1.09
0.001	0.001	0.001	0.997
0.001	0.001	0.001	0.997
0.001	0.876	0.122	0.001
0.001	0.001	0.001	0.997
0.001	0.143	0.855	0.001
0.818	0.001	0.180	0.001
0.997	0.001	0.001	0.001
0.001	0.001	0.001	0.997
0.001	0.001	0.001	0.997
0.001	0.120	0.878	0.001
0.199	0.001	0.001	0.799
0.899	0.001	0.001	0.099
>CTACGTAAAAAT	8-CTACGTAAAAAT	12.221185	-19.478967	0	T:11.0(10.89%),B:370.6(0.92%),P:1e-8	Tpos:524.7,Tstd:313.7,Bpos:502.7,Bstd:315.0,StrandBias:0.8,Multiplicity:1.00
0.121	0.877	0.001	0.001
0.108	0.001	0.117	0.774
0.897	0.001	0.001	0.101
0.345	0.566	0.001	0.088
0.194	0.001	0.804	0.001
0.001	0.001	0.130	0.868
0.902	0.001	0.096	0.001
0.997	0.001	0.001	0.001
0.997	0.001	0.001	0.001
0.997	0.001	0.001	0.001
0.997	0.001	0.001	0.001
0.001	0.001	0.234	0.764
>ATTTTTACTTCC	9-ATTTTTACTTCC	12.937797	-18.258612	0	T:10.0(9.90%),B:320.5(0.80%),P:1e-7	Tpos:504.3,Tstd:307.4,Bpos:522.2,Bstd:306.5,StrandBias:0.6,Multiplicity:1.00
0.997	0.001	0.001	0.001
0.001	0.001	0.001	0.997
0.001	0.001	0.001	0.997
0.001	0.187	0.001	0.811
0.001	0.001	0.001	0.997
0.001	0.118	0.188	0.693
0.907	0.001	0.001	0.091
0.001	0.935	0.001	0.063
0.001	0.001	0.001	0.997
0.001	0.001	0.001	0.997
0.001	0.788	0.134	0.077
0.001	0.997	0.001	0.001
>AAAGTGTCTTAG	10-AAAGTGTCTTAG	14.157322	-17.996910	0	T:3.0(2.97%),B:0.9(0.00%),P:1e-7	Tpos:901.0,Tstd:41.9,Bpos:623.0,Bstd:0.0,StrandBias:1.0,Multiplicity:1.00
0.997	0.001	0.001	0.001
0.997	0.001	0.001	0.001
0.997	0.001	0.001	0.001
0.266	0.001	0.532	0.201
0.001	0.001	0.164	0.834
0.001	0.001	0.997	0.001
0.136	0.001	0.121	0.742
0.001	0.997	0.001	0.001
0.001	0.127	0.001	0.871
0.148	0.249	0.001	0.602
0.715	0.001	0.283	0.001
0.308	0.001	0.690	0.001
>CTGTTTTATGCA	11-CTGTTTTATGCA	11.212905	-17.649828	0	T:10.0(9.90%),B:342.7(0.85%),P:1e-7	Tpos:571.7,Tstd:283.8,Bpos:494.4,Bstd:304.3,StrandBias:3.2,Multiplicity:1.00
0.001	0.767	0.165	0.067
0.055	0.001	0.001	0.943
0.112	0.001	0.748	0.139
0.001	0.164	0.001	0.834
0.001	0.001	0.001	0.997
0.001	0.137	0.165	0.697
0.001	0.143	0.001	0.855
0.597	0.165	0.131	0.107
0.001	0.001	0.111	0.887
0.001	0.001	0.997	0.001
0.059	0.846	0.094	0.001
0.855	0.143	0.001	0.001
>TGTCAAATTATA	12-TGTCAAATTATA	12.609607	-17.368202	0	T:11.0(10.89%),B:457.9(1.14%),P:1e-7	Tpos:448.0,Tstd:277.5,Bpos:483.0,Bstd:318.2,StrandBias:-0.8,Multiplicity:1.00
0.088	0.001	0.001	0.910
0.001	0.001	0.952	0.046
0.096	0.001	0.136	0.767
0.080	0.918	0.001	0.001
0.809	0.001	0.189	0.001
0.997	0.001	0.001	0.001
0.997	0.001	0.001	0.001
0.001	0.001	0.001	0.997
0.001	0.001	0.001	0.997
0.918	0.001	0.001	0.080
0.076	0.001	0.001	0.922
0.895	0.001	0.103	0.001
>ATCTAACGTCTC	13-ATCTAACGTCTC	9.196302	-17.347151	0	T:8.0(7.92%),B:182.0(0.45%),P:1e-7	Tpos:465.1,Tstd:174.4,Bpos:535.9,Bstd:324.0,StrandBias:0.0,Multiplicity:1.00
0.745	0.001	0.001	0.253
0.224	0.001	0.296	0.479
0.001	0.997	0.001	0.001
0.001	0.001	0.253	0.745
0.997	0.001	0.001	0.001
0.997	0.001	0.001	0.001
0.001	0.983	0.015	0.001
0.009	0.001	0.989	0.001
0.001	0.001	0.001	0.997
0.001	0.997	0.001	0.001
0.253	0.001	0.001	0.745
0.224	0.551	0.001	0.224
>AACAACATCSTC	14-AACAACATCSTC	12.056514	-17.164226	0	T:7.0(6.93%),B:120.9(0.30%),P:1e-7	Tpos:442.3,Tstd:245.6,Bpos:477.9,Bstd:301.9,StrandBias:0.4,Multiplicity:1.00
0.886	0.112	0.001	0.001
0.867	0.001	0.131	0.001
0.003	0.779	0.086	0.132
0.873	0.122	0.004	0.001
0.816	0.122	0.001	0.061
0.064	0.934	0.001	0.001
0.997	0.001	0.001	0.001
0.001	0.001	0.148	0.850
0.001	0.997	0.001	0.001
0.147	0.381	0.284	0.187
0.362	0.001	0.001	0.636
0.001	0.997	0.001	0.001
>TTCAAAGTTTCG	15-TTCAAAGTTTCG	11.674431	-17.070535	0	T:16.0(15.84%),B:1159.4(2.88%),P:1e-7	Tpos:609.8,Tstd:273.9,Bpos:491.1,Bstd:312.2,StrandBias:-1.6,Multiplicity:1.07
0.001	0.001	0.001	0.997
0.174	0.001	0.001	0.824
0.001	0.961	0.001	0.037
0.613	0.214	0.172	0.001
0.997	0.001	0.001	0.001
0.543	0.001	0.173	0.283
0.217	0.001	0.753	0.029
0.001	0.001	0.001	0.997
0.001	0.001	0.086	0.912
0.001	0.001	0.001	0.997
0.001	0.965	0.001	0.033
0.001	0.051	0.667	0.281
>HATTGGAGTTTT	16-HATTGGAGTTTT	12.922607	-16.540237	0	T:9.0(8.91%),B:289.0(0.72%),P:1e-7	Tpos:425.2,Tstd:317.8,Bpos:513.9,Bstd:322.5,StrandBias:0.3,Multiplicity:1.00
0.317	0.388	0.001	0.294
0.997	0.001	0.001	0.001
0.001	0.001	0.001	0.997
0.001	0.001	0.001	0.997
0.001	0.001	0.997	0.001
0.001	0.001	0.997	0.001
0.899	0.001	0.001	0.099
0.001	0.001	0.997	0.001
0.199	0.001	0.001	0.799
0.001	0.001	0.001	0.997
0.001	0.001	0.001	0.997
0.001	0.001	0.001	0.997
>TGTGTTCCTVTT	17-TGTGTTCCTVTT	11.700656	-16.538947	0	T:11.0(10.89%),B:497.8(1.24%),P:1e-7	Tpos:634.5,Tstd:243.4,Bpos:532.6,Bstd:307.3,StrandBias:1.6,Multiplicity:1.09
0.114	0.001	0.001	0.884
0.001	0.199	0.669	0.131
0.001	0.001	0.001	0.997
0.001	0.001	0.859	0.139
0.001	0.001	0.001	0.997
0.001	0.001	0.001	0.997
0.001	0.848	0.076	0.075
0.237	0.550	0.120	0.093
0.093	0.001	0.001	0.905
0.235	0.363	0.264	0.139
0.001	0.001	0.001	0.997
0.001	0.001	0.001	0.997
>ACATTTTTACAT	18-ACATTTTTACAT	12.745980	-16.385545	0	T:12.0(11.88%),B:628.0(1.56%),P:1e-7	Tpos:504.5,Tstd:257.5,Bpos:502.7,Bstd:312.4,StrandBias:-0.2,Multiplicity:1.08
0.997	0.001	0.001	0.001
0.001	0.933	0.001	0.065
0.881	0.001	0.117	0.001
0.001	0.001	0.147	0.851
0.001	0.001	0.001	0.997
0.001	0.001	0.142	0.856
0.001	0.001	0.001	0.997
0.001	0.001	0.001	0.997
0.943	0.001	0.001	0.055
0.038	0.851	0.063	0.048
0.881	0.001	0.117	0.001
0.054	0.001	0.078	0.867
>AAAGATCAAATA	19-AAAGATCAAATA	13.197061	-16.180461	0	T:8.0(7.92%),B:213.2(0.53%),P:1e-7	Tpos:444.0,Tstd:230.0,Bpos:557.5,Bstd:295.1,StrandBias:-1.0,Multiplicity:1.12
0.997	0.001	0.001	0.001
0.997	0.001	0.001	0.001
0.622	0.001	0.001	0.376
0.001	0.001	0.997	0.001
0.997	0.001	0.001	0.001
0.001	0.001	0.125	0.873
0.001	0.997	0.001	0.001
0.997	0.001	0.001	0.001
0.997	0.001	0.001	0.001
0.997	0.001	0.001	0.001
0.001	0.001	0.296	0.702
0.997	0.001	0.001	0.001
>AAATTTTGGTAT	20-AAATTTTGGTAT	13.031831	-15.269026	0	T:8.0(7.92%),B:241.2(0.60%),P:1e-6	Tpos:219.8,Tstd:234.5,Bpos:514.3,Bstd:286.9,StrandBias:-0.3,Multiplicity:1.12
0.997	0.001	0.001	0.001
0.719	0.279	0.001	0.001
0.638	0.001	0.001	0.360
0.127	0.001	0.001	0.871
0.001	0.001	0.001	0.997
0.001	0.001	0.001	0.997
0.001	0.210	0.001	0.788
0.046	0.001	0.952	0.001
0.001	0.381	0.617	0.001
0.001	0.052	0.001	0.946
0.997	0.001	0.001	0.001
0.041	0.001	0.001	0.957
>ATGGAAGAAACA	21-ATGGAAGAAACA	9.914255	-14.403522	0	T:22.0(21.78%),B:2633.7(6.55%),P:1e-6	Tpos:465.3,Tstd:265.1,Bpos:511.4,Bstd:312.3,StrandBias:-0.3,Multiplicity:1.23
0.949	0.001	0.002	0.048
0.019	0.087	0.053	0.841
0.095	0.001	0.805	0.099
0.001	0.033	0.965	0.001
0.764	0.036	0.041	0.159
0.729	0.001	0.048	0.222
0.111	0.001	0.887	0.001
0.827	0.061	0.038	0.074
0.806	0.128	0.065	0.001
0.815	0.001	0.001	0.183
0.213	0.653	0.133	0.001
0.851	0.001	0.034	0.114
>AGTAACCGGTTA	22-AGTAACCGGTTA	14.172930	-12.619706	0	T:3.0(2.97%),B:9.1(0.02%),P:1e-5	Tpos:565.2,Tstd:300.6,Bpos:531.7,Bstd:224.3,StrandBias:-0.6,Multiplicity:1.00
0.613	0.001	0.185	0.201
0.226	0.001	0.772	0.001
0.001	0.001	0.001	0.997
0.997	0.001	0.001	0.001
0.997	0.001	0.001	0.001
0.001	0.997	0.001	0.001
0.001	0.997	0.001	0.001
0.001	0.001	0.997	0.001
0.001	0.001	0.997	0.001
0.001	0.001	0.001	0.997
0.001	0.001	0.185	0.813
0.997	0.001	0.001	0.001
>TGCACCATGTTT	23-TGCACCATGTTT	13.648436	-4.815566	0	T:3.0(2.97%),B:160.7(0.40%),P:1e-2	Tpos:397.9,Tstd:301.6,Bpos:488.9,Bstd:273.1,StrandBias:1.3,Multiplicity:2.33
0.001	0.001	0.001	0.997
0.001	0.001	0.997	0.001
0.001	0.997	0.001	0.001
0.997	0.001	0.001	0.001
0.001	0.862	0.001	0.136
0.001	0.997	0.001	0.001
0.997	0.001	0.001	0.001
0.001	0.001	0.001	0.997
0.001	0.001	0.997	0.001
0.166	0.245	0.001	0.588
0.001	0.102	0.001	0.896
0.155	0.123	0.001	0.721
>CCCCCCCCCCCC	24-CCCCCCCCCCCC	1.638974	-3.858054	0	T:18.0(17.82%),B:4303.1(10.70%),P:1e-1	Tpos:640.1,Tstd:287.9,Bpos:540.7,Bstd:305.5,StrandBias:1.8,Multiplicity:1.11
0.034	0.874	0.054	0.038
0.001	0.997	0.001	0.001
0.001	0.997	0.001	0.001
0.001	0.997	0.001	0.001
0.001	0.997	0.001	0.001
0.001	0.894	0.001	0.104
0.001	0.878	0.001	0.120
0.001	0.879	0.001	0.119
0.001	0.898	0.001	0.100
0.001	0.927	0.001	0.071
0.001	0.956	0.001	0.042
0.001	0.924	0.001	0.074
