>TCACAGATTTTT	20-TCACAGATTTTT	9.840628	-14.075588	0	T:18.0(13.33%),B:1396.6(3.36%),P:1e-6
0.109	0.117	0.052	0.722
0.151	0.580	0.071	0.198
0.633	0.095	0.093	0.179
0.250	0.565	0.115	0.070
0.656	0.104	0.090	0.150
0.206	0.094	0.523	0.177
0.681	0.091	0.108	0.120
0.093	0.100	0.063	0.744
0.159	0.072	0.069	0.700
0.096	0.044	0.017	0.843
0.123	0.070	0.122	0.685
0.098	0.137	0.094	0.671
