>GAAAAGAGGAAA	11-TTTCCTCTTTTC	9.591973	-11.209514	0	T:15.0(26.32%),B:2969.6(7.46%),P:1e-4
0.202	0.078	0.658	0.062
0.622	0.086	0.131	0.161
0.782	0.046	0.062	0.110
0.707	0.122	0.104	0.067
0.631	0.200	0.082	0.087
0.223	0.086	0.578	0.113
0.656	0.057	0.171	0.116
0.214	0.085	0.508	0.193
0.155	0.107	0.640	0.098
0.798	0.001	0.143	0.058
0.703	0.139	0.057	0.101
0.723	0.060	0.154	0.063
