>AACTATAGAC	1-AACTATAGAC	8.784038	-22.070229	0	T:41.0(10.73%),B:1359.1(3.43%),P:1e-9	Tpos:623.4,Tstd:244.0,Bpos:513.9,Bstd:289.9,StrandBias:-0.3,Multiplicity:1.05
0.933	0.001	0.001	0.065
0.896	0.048	0.055	0.001
0.019	0.856	0.064	0.061
0.001	0.044	0.001	0.954
0.918	0.033	0.031	0.018
0.033	0.026	0.022	0.919
0.997	0.001	0.001	0.001
0.001	0.028	0.970	0.001
0.923	0.041	0.001	0.035
0.135	0.702	0.001	0.162
>TACCTCGGCT	2-TACCTCGGCT	9.994653	-20.347231	0	T:15.0(3.93%),B:189.1(0.48%),P:1e-8	Tpos:618.8,Tstd:247.5,Bpos:457.2,Bstd:330.8,StrandBias:3.8,Multiplicity:1.00
0.001	0.085	0.001	0.913
0.891	0.001	0.071	0.037
0.001	0.976	0.001	0.022
0.001	0.885	0.113	0.001
0.001	0.001	0.001	0.997
0.001	0.863	0.069	0.067
0.054	0.001	0.944	0.001
0.001	0.157	0.778	0.064
0.001	0.938	0.001	0.060
0.001	0.121	0.001	0.877
>GCATGATCCT	3-GCATGATCCT	9.824551	-20.216957	0	T:20.0(5.24%),B:371.1(0.94%),P:1e-8	Tpos:558.7,Tstd:275.1,Bpos:495.6,Bstd:315.5,StrandBias:0.3,Multiplicity:1.00
0.054	0.001	0.944	0.001
0.001	0.844	0.154	0.001
0.941	0.001	0.001	0.057
0.054	0.001	0.001	0.944
0.043	0.054	0.902	0.001
0.833	0.076	0.001	0.090
0.001	0.001	0.001	0.997
0.001	0.941	0.057	0.001
0.053	0.846	0.100	0.001
0.001	0.122	0.001	0.876
>CAGATAGCCA	4-CAGATAGCCA	8.427659	-19.224386	0	T:26.0(6.81%),B:668.7(1.69%),P:1e-8	Tpos:500.0,Tstd:334.6,Bpos:515.9,Bstd:297.3,StrandBias:-0.9,Multiplicity:1.08
0.001	0.903	0.095	0.001
0.926	0.072	0.001	0.001
0.033	0.069	0.897	0.001
0.809	0.123	0.067	0.001
0.028	0.001	0.046	0.925
0.887	0.076	0.001	0.036
0.041	0.001	0.914	0.044
0.001	0.942	0.001	0.056
0.001	0.863	0.067	0.069
0.997	0.001	0.001	0.001
>ATGCACCATG	5-ATGCACCATG	9.310184	-18.954340	0	T:32.0(8.38%),B:992.4(2.50%),P:1e-8	Tpos:468.8,Tstd:273.9,Bpos:479.9,Bstd:295.5,StrandBias:-0.4,Multiplicity:1.22
0.788	0.089	0.122	0.001
0.190	0.001	0.005	0.804
0.001	0.001	0.957	0.041
0.037	0.611	0.001	0.351
0.997	0.001	0.001	0.001
0.001	0.867	0.001	0.131
0.068	0.806	0.070	0.056
0.776	0.001	0.076	0.147
0.001	0.001	0.060	0.938
0.001	0.001	0.997	0.001
>TAMBTGAGGR	6-TAMBTGAGGR	7.933847	-18.579565	0	T:67.0(17.54%),B:3316.4(8.36%),P:1e-8	Tpos:511.6,Tstd:291.8,Bpos:510.3,Bstd:306.8,StrandBias:-0.8,Multiplicity:1.04
0.185	0.171	0.001	0.643
0.847	0.001	0.001	0.151
0.389	0.454	0.155	0.001
0.001	0.365	0.295	0.338
0.001	0.001	0.001	0.997
0.046	0.063	0.890	0.001
0.586	0.071	0.001	0.342
0.001	0.076	0.922	0.001
0.027	0.001	0.936	0.036
0.408	0.046	0.545	0.001
>CCTCCGCGAA	7-CCTCCGCGAA	7.987212	-17.530393	0	T:27.0(7.07%),B:781.0(1.97%),P:1e-7	Tpos:501.5,Tstd:319.4,Bpos:506.5,Bstd:324.3,StrandBias:2.4,Multiplicity:1.15
0.001	0.918	0.080	0.001
0.001	0.916	0.001	0.082
0.001	0.001	0.052	0.946
0.001	0.822	0.098	0.079
0.001	0.907	0.091	0.001
0.001	0.079	0.868	0.052
0.001	0.881	0.059	0.059
0.001	0.054	0.944	0.001
0.924	0.074	0.001	0.001
0.883	0.027	0.001	0.089
>TCCCTGAAGA	8-TCCCTGAAGA	9.936565	-17.125652	0	T:15.0(3.93%),B:244.2(0.62%),P:1e-7	Tpos:553.8,Tstd:347.5,Bpos:519.4,Bstd:332.1,StrandBias:-1.6,Multiplicity:1.07
0.060	0.089	0.082	0.769
0.016	0.911	0.029	0.044
0.037	0.961	0.001	0.001
0.001	0.834	0.035	0.130
0.023	0.032	0.001	0.944
0.053	0.001	0.945	0.001
0.946	0.052	0.001	0.001
0.873	0.001	0.072	0.054
0.001	0.001	0.957	0.041
0.906	0.001	0.092	0.001
>CTCAWCCCTG	9-CTCAWCCCTG	7.729725	-16.450190	0	T:43.0(11.26%),B:1798.4(4.53%),P:1e-7	Tpos:554.8,Tstd:327.5,Bpos:515.1,Bstd:304.6,StrandBias:1.6,Multiplicity:1.00
0.128	0.840	0.001	0.031
0.001	0.001	0.001	0.997
0.001	0.754	0.001	0.244
0.761	0.001	0.043	0.195
0.388	0.192	0.156	0.264
0.001	0.850	0.148	0.001
0.001	0.918	0.080	0.001
0.001	0.754	0.244	0.001
0.001	0.074	0.001	0.924
0.348	0.071	0.580	0.001
>ACGAGTGCCC	10-ACGAGTGCCC	10.977335	-16.272966	0	T:10.0(2.62%),B:97.9(0.25%),P:1e-7	Tpos:621.4,Tstd:219.9,Bpos:501.4,Bstd:297.7,StrandBias:2.0,Multiplicity:1.00
0.997	0.001	0.001	0.001
0.001	0.997	0.001	0.001
0.001	0.001	0.997	0.001
0.997	0.001	0.001	0.001
0.135	0.001	0.863	0.001
0.083	0.001	0.001	0.915
0.001	0.001	0.911	0.087
0.001	0.997	0.001	0.001
0.001	0.997	0.001	0.001
0.127	0.871	0.001	0.001
>ASGGAAGAKT	11-ASGGAAGAKT	6.922065	-15.508081	0	T:38.0(9.95%),B:1533.9(3.87%),P:1e-6	Tpos:513.4,Tstd:266.7,Bpos:508.8,Bstd:309.6,StrandBias:0.2,Multiplicity:1.24
0.564	0.383	0.027	0.026
0.023	0.539	0.427	0.011
0.217	0.032	0.725	0.026
0.220	0.179	0.567	0.034
0.494	0.204	0.030	0.272
0.641	0.048	0.251	0.060
0.031	0.164	0.532	0.273
0.464	0.037	0.239	0.261
0.227	0.025	0.321	0.427
0.036	0.196	0.169	0.599
>MCTGTCCAGT	12-MCTGTCCAGT	9.055318	-15.408243	0	T:28.0(7.33%),B:928.4(2.34%),P:1e-6	Tpos:413.2,Tstd:299.8,Bpos:520.8,Bstd:288.2,StrandBias:0.3,Multiplicity:1.07
0.485	0.513	0.001	0.001
0.077	0.786	0.001	0.136
0.005	0.001	0.011	0.983
0.103	0.001	0.816	0.080
0.001	0.004	0.187	0.808
0.342	0.655	0.002	0.001
0.202	0.736	0.001	0.061
0.997	0.001	0.001	0.001
0.005	0.372	0.622	0.001
0.001	0.122	0.001	0.876
>TCATCAATCT	13-TCATCAATCT	10.909693	-14.495199	0	T:33.0(8.64%),B:1277.9(3.22%),P:1e-6	Tpos:482.7,Tstd:264.1,Bpos:505.8,Bstd:305.8,StrandBias:-0.3,Multiplicity:1.03
0.001	0.001	0.001	0.997
0.001	0.997	0.001	0.001
0.997	0.001	0.001	0.001
0.001	0.020	0.340	0.639
0.001	0.997	0.001	0.001
0.814	0.184	0.001	0.001
0.791	0.001	0.207	0.001
0.307	0.001	0.001	0.691
0.001	0.788	0.001	0.210
0.001	0.001	0.001	0.997
>TRTCVMTTTT	14-TRTCVMTTTT	8.798267	-14.243661	0	T:80.0(20.94%),B:4772.1(12.03%),P:1e-6	Tpos:495.9,Tstd:285.7,Bpos:520.4,Bstd:313.3,StrandBias:-0.1,Multiplicity:1.34
0.237	0.001	0.281	0.481
0.414	0.023	0.505	0.058
0.272	0.162	0.001	0.565
0.048	0.593	0.024	0.335
0.292	0.380	0.305	0.022
0.416	0.447	0.045	0.092
0.020	0.023	0.020	0.937
0.042	0.115	0.001	0.842
0.017	0.001	0.001	0.981
0.001	0.010	0.025	0.964
>AAATTTGAGC	15-AAATTTGAGC	10.892419	-13.668798	0	T:47.0(12.30%),B:2283.9(5.76%),P:1e-5	Tpos:497.2,Tstd:311.9,Bpos:511.7,Bstd:310.4,StrandBias:0.1,Multiplicity:1.09
0.997	0.001	0.001	0.001
0.980	0.018	0.001	0.001
0.888	0.001	0.001	0.110
0.286	0.001	0.001	0.712
0.052	0.001	0.026	0.921
0.027	0.001	0.042	0.930
0.054	0.145	0.800	0.001
0.997	0.001	0.001	0.001
0.063	0.001	0.900	0.036
0.001	0.863	0.001	0.135
>GCGRAGCBAA	16-GCGRAGCBAA	7.733218	-12.624630	0	T:35.0(9.16%),B:1529.5(3.86%),P:1e-5	Tpos:477.6,Tstd:295.0,Bpos:503.6,Bstd:315.7,StrandBias:0.0,Multiplicity:1.27
0.026	0.044	0.701	0.229
0.022	0.731	0.207	0.040
0.071	0.063	0.840	0.026
0.421	0.062	0.492	0.026
0.611	0.152	0.197	0.040
0.212	0.187	0.556	0.045
0.124	0.587	0.046	0.243
0.111	0.291	0.249	0.350
0.858	0.055	0.040	0.047
0.830	0.065	0.059	0.046
>CCGGGAAAAC	17-CCGGGAAAAC	7.368254	-12.230549	0	T:60.0(15.71%),B:3404.2(8.58%),P:1e-5	Tpos:457.1,Tstd:302.6,Bpos:509.6,Bstd:316.0,StrandBias:-0.8,Multiplicity:1.14
0.089	0.733	0.094	0.084
0.023	0.784	0.098	0.095
0.042	0.073	0.825	0.060
0.055	0.062	0.825	0.058
0.093	0.064	0.804	0.039
0.822	0.016	0.082	0.080
0.790	0.066	0.084	0.060
0.796	0.082	0.070	0.052
0.809	0.054	0.061	0.076
0.073	0.820	0.051	0.056
>ATCCTGTTAT	18-ATCCTGTTAT	7.479866	-11.922904	0	T:46.0(12.04%),B:2366.1(5.96%),P:1e-5	Tpos:540.1,Tstd:311.7,Bpos:509.2,Bstd:295.3,StrandBias:1.0,Multiplicity:1.22
0.765	0.088	0.056	0.091
0.028	0.060	0.097	0.815
0.080	0.723	0.134	0.063
0.083	0.780	0.073	0.064
0.012	0.125	0.063	0.800
0.031	0.054	0.851	0.064
0.049	0.067	0.084	0.800
0.048	0.073	0.053	0.826
0.814	0.069	0.065	0.052
0.047	0.084	0.034	0.835
>CAAAATTGCC	19-CAAAATTGCC	7.023923	-10.328229	0	T:236.0(61.78%),B:20407.6(51.44%),P:1e-4	Tpos:476.7,Tstd:282.8,Bpos:501.1,Bstd:305.1,StrandBias:0.1,Multiplicity:1.75
0.118	0.713	0.113	0.056
0.778	0.049	0.086	0.087
0.805	0.033	0.077	0.085
0.821	0.054	0.066	0.059
0.816	0.061	0.065	0.058
0.041	0.071	0.057	0.831
0.045	0.033	0.039	0.883
0.057	0.065	0.742	0.136
0.082	0.780	0.043	0.095
0.046	0.834	0.057	0.063
>ATTTCCTTGA	20-ATTTCCTTGA	10.296193	-8.022388	0	T:9.0(2.36%),B:215.5(0.54%),P:1e-3	Tpos:555.1,Tstd:311.9,Bpos:507.9,Bstd:301.2,StrandBias:0.0,Multiplicity:1.11
0.700	0.100	0.100	0.100
0.100	0.100	0.100	0.700
0.100	0.100	0.100	0.700
0.100	0.100	0.100	0.700
0.100	0.700	0.100	0.100
0.100	0.700	0.100	0.100
0.100	0.100	0.100	0.700
0.100	0.100	0.100	0.700
0.100	0.100	0.700	0.100
0.700	0.100	0.100	0.100
>TTTTTGCTTV	21-TTTTTGCTTV	10.337222	-8.019863	0	T:69.0(18.06%),B:4730.0(11.92%),P:1e-3	Tpos:575.5,Tstd:283.1,Bpos:504.2,Bstd:298.8,StrandBias:-0.1,Multiplicity:1.18
0.001	0.035	0.001	0.963
0.001	0.071	0.001	0.927
0.097	0.233	0.001	0.669
0.001	0.001	0.001	0.997
0.001	0.001	0.001	0.997
0.001	0.001	0.997	0.001
0.001	0.997	0.001	0.001
0.399	0.001	0.001	0.599
0.387	0.001	0.001	0.611
0.285	0.391	0.323	0.001
>CATGGTCAAA	22-CATGGTCAAA	10.296193	-6.857814	0	T:4.0(1.05%),B:43.6(0.11%),P:1e-2	Tpos:538.7,Tstd:174.4,Bpos:508.9,Bstd:300.9,StrandBias:0.4,Multiplicity:1.75
0.100	0.700	0.100	0.100
0.700	0.100	0.100	0.100
0.100	0.100	0.100	0.700
0.100	0.100	0.700	0.100
0.100	0.100	0.700	0.100
0.100	0.100	0.100	0.700
0.100	0.700	0.100	0.100
0.700	0.100	0.100	0.100
0.700	0.100	0.100	0.100
0.700	0.100	0.100	0.100
>ATCTTGTSGT	23-ATCTTGTSGT	8.912688	-6.121900	0	T:28.0(7.33%),B:1604.0(4.04%),P:1e-2	Tpos:573.9,Tstd:287.7,Bpos:485.2,Bstd:296.7,StrandBias:-0.1,Multiplicity:1.32
0.888	0.001	0.110	0.001
0.001	0.001	0.401	0.597
0.009	0.987	0.003	0.001
0.005	0.013	0.001	0.981
0.176	0.005	0.005	0.814
0.005	0.001	0.788	0.206
0.200	0.001	0.079	0.720
0.001	0.541	0.457	0.001
0.008	0.001	0.983	0.008
0.099	0.150	0.119	0.632
>AACCTGACTG	24-AACCTGACTG	10.296193	-4.735719	0	T:2.0(0.52%),B:14.0(0.04%),P:1e-2	Tpos:523.3,Tstd:67.7,Bpos:515.5,Bstd:257.7,StrandBias:-3.6,Multiplicity:6.50
0.700	0.100	0.100	0.100
0.700	0.100	0.100	0.100
0.100	0.700	0.100	0.100
0.100	0.700	0.100	0.100
0.100	0.100	0.100	0.700
0.100	0.100	0.700	0.100
0.700	0.100	0.100	0.100
0.100	0.700	0.100	0.100
0.100	0.100	0.100	0.700
0.100	0.100	0.700	0.100
>TTTTCGTGTA	25-TTTTCGTGTA	10.296193	-3.548166	0	T:6.0(1.57%),B:235.6(0.59%),P:1e-1	Tpos:401.1,Tstd:221.1,Bpos:469.8,Bstd:265.7,StrandBias:-2.3,Multiplicity:7.83
0.100	0.100	0.100	0.700
0.100	0.100	0.100	0.700
0.100	0.100	0.100	0.700
0.100	0.100	0.100	0.700
0.100	0.700	0.100	0.100
0.100	0.100	0.700	0.100
0.100	0.100	0.100	0.700
0.100	0.100	0.700	0.100
0.100	0.100	0.100	0.700
0.700	0.100	0.100	0.100
