>GCGTAAAA	1-GCGTAAAA	8.682000	-14.867341	0	T:21.0(21.88%),B:2446.8(6.17%),P:1e-6	Tpos:564.5,Tstd:261.5,Bpos:523.4,Bstd:316.7,StrandBias:0.0,Multiplicity:1.14
0.001	0.001	0.997	0.001
0.001	0.997	0.001	0.001
0.154	0.001	0.844	0.001
0.001	0.001	0.001	0.997
0.842	0.001	0.156	0.001
0.710	0.001	0.001	0.288
0.974	0.001	0.001	0.024
0.997	0.001	0.001	0.001
>TGCGTTTG	2-TGCGTTTG	7.629682	-13.530557	0	T:18.0(18.75%),B:1989.9(5.02%),P:1e-5	Tpos:538.2,Tstd:295.0,Bpos:521.6,Bstd:302.6,StrandBias:0.8,Multiplicity:1.06
0.001	0.001	0.001	0.997
0.001	0.001	0.997	0.001
0.001	0.997	0.001	0.001
0.001	0.205	0.793	0.001
0.001	0.001	0.001	0.997
0.001	0.001	0.001	0.997
0.001	0.156	0.001	0.842
0.001	0.001	0.997	0.001
>CTCAGCCT	3-CTCAGCCT	6.624296	-13.444616	0	T:35.0(36.46%),B:6456.4(16.28%),P:1e-5	Tpos:520.5,Tstd:309.2,Bpos:510.6,Bstd:322.7,StrandBias:0.5,Multiplicity:1.23
0.018	0.934	0.031	0.017
0.020	0.001	0.047	0.932
0.019	0.939	0.041	0.001
0.810	0.161	0.028	0.001
0.001	0.019	0.901	0.079
0.016	0.832	0.071	0.081
0.018	0.783	0.026	0.173
0.034	0.040	0.035	0.891
>GSCTGACT	4-GSCTGACT	7.241705	-11.521287	0	T:20.0(20.83%),B:2778.6(7.01%),P:1e-5	Tpos:484.7,Tstd:296.0,Bpos:499.1,Bstd:315.8,StrandBias:0.8,Multiplicity:1.32
0.001	0.115	0.727	0.157
0.001	0.505	0.445	0.049
0.149	0.797	0.053	0.001
0.055	0.071	0.025	0.849
0.001	0.001	0.997	0.001
0.913	0.028	0.058	0.001
0.272	0.685	0.001	0.042
0.001	0.099	0.263	0.637
>ATCCACAT	5-ATCCACAT	10.832333	-10.909603	0	T:11.0(11.46%),B:935.7(2.36%),P:1e-4	Tpos:253.9,Tstd:228.7,Bpos:487.7,Bstd:301.1,StrandBias:1.6,Multiplicity:1.09
0.997	0.001	0.001	0.001
0.001	0.001	0.001	0.997
0.001	0.997	0.001	0.001
0.001	0.997	0.001	0.001
0.997	0.001	0.001	0.001
0.001	0.997	0.001	0.001
0.789	0.001	0.001	0.209
0.001	0.001	0.001	0.997
>KGGKCATG	6-KGGKCATG	9.553356	-9.834834	0	T:11.0(11.46%),B:1054.9(2.66%),P:1e-4	Tpos:446.4,Tstd:229.5,Bpos:489.4,Bstd:282.6,StrandBias:-0.5,Multiplicity:1.09
0.001	0.001	0.437	0.561
0.001	0.001	0.997	0.001
0.001	0.001	0.997	0.001
0.001	0.001	0.497	0.501
0.001	0.997	0.001	0.001
0.997	0.001	0.001	0.001
0.001	0.001	0.001	0.997
0.001	0.001	0.997	0.001
>GTTMARAG	7-GTTMARAG	9.585646	-9.426202	0	T:19.0(19.79%),B:2958.4(7.46%),P:1e-4	Tpos:557.4,Tstd:247.0,Bpos:508.0,Bstd:305.7,StrandBias:-0.6,Multiplicity:1.05
0.001	0.001	0.997	0.001
0.001	0.001	0.001	0.997
0.001	0.001	0.001	0.997
0.507	0.491	0.001	0.001
0.997	0.001	0.001	0.001
0.446	0.001	0.552	0.001
0.997	0.001	0.001	0.001
0.001	0.001	0.997	0.001
>CTAAATAG	8-CTAAATAG	9.555195	-5.009856	0	T:9.0(9.38%),B:1387.9(3.50%),P:1e-2	Tpos:487.3,Tstd:111.4,Bpos:502.8,Bstd:302.1,StrandBias:-0.1,Multiplicity:2.00
0.001	0.997	0.001	0.001
0.001	0.001	0.001	0.997
0.997	0.001	0.001	0.001
0.997	0.001	0.001	0.001
0.778	0.001	0.001	0.220
0.001	0.001	0.001	0.997
0.997	0.001	0.001	0.001
0.001	0.001	0.997	0.001
