>GCTYAWCTTA	1-GCTYAWCTTA	7.191706	-22.690750	0	T:12.0(12.50%),B:366.2(0.92%),P:1e-9	Tpos:531.5,Tstd:289.8,Bpos:534.0,Bstd:287.1,StrandBias:0.5,Multiplicity:1.00
0.003	0.001	0.995	0.001
0.001	0.997	0.001	0.001
0.001	0.001	0.007	0.991
0.001	0.562	0.001	0.436
0.993	0.005	0.001	0.001
0.385	0.001	0.148	0.466
0.001	0.997	0.001	0.001
0.001	0.005	0.001	0.993
0.001	0.001	0.001	0.997
0.997	0.001	0.001	0.001
>TCGATAAGCT	2-TCGATAAGCT	10.051787	-20.897663	0	T:17.0(17.71%),B:1060.2(2.67%),P:1e-9	Tpos:601.6,Tstd:246.1,Bpos:534.9,Bstd:331.0,StrandBias:0.5,Multiplicity:1.00
0.001	0.001	0.001	0.997
0.001	0.941	0.001	0.057
0.001	0.001	0.886	0.112
0.997	0.001	0.001	0.001
0.001	0.132	0.001	0.866
0.925	0.001	0.073	0.001
0.997	0.001	0.001	0.001
0.063	0.001	0.875	0.061
0.001	0.819	0.114	0.066
0.104	0.125	0.001	0.770
>GGCYGACTAA	3-GGCYGACTAA	8.894228	-20.704841	0	T:14.0(14.58%),B:664.3(1.67%),P:1e-8	Tpos:544.0,Tstd:252.2,Bpos:503.1,Bstd:306.1,StrandBias:-1.6,Multiplicity:1.14
0.001	0.001	0.997	0.001
0.001	0.001	0.997	0.001
0.149	0.744	0.106	0.001
0.208	0.405	0.001	0.386
0.001	0.001	0.997	0.001
0.858	0.001	0.140	0.001
0.001	0.767	0.231	0.001
0.001	0.001	0.001	0.997
0.490	0.270	0.239	0.001
0.857	0.141	0.001	0.001
>CATTCTCCGC	4-CATTCTCCGC	10.728826	-20.430847	0	T:9.0(9.38%),B:188.5(0.48%),P:1e-8	Tpos:616.4,Tstd:238.2,Bpos:530.1,Bstd:299.8,StrandBias:-0.3,Multiplicity:1.00
0.001	0.997	0.001	0.001
0.906	0.092	0.001	0.001
0.001	0.001	0.001	0.997
0.001	0.001	0.124	0.874
0.001	0.812	0.148	0.039
0.109	0.001	0.001	0.889
0.104	0.894	0.001	0.001
0.089	0.909	0.001	0.001
0.001	0.001	0.997	0.001
0.085	0.813	0.101	0.001
>GGCTATACAG	5-GGCTATACAG	7.271527	-19.229032	0	T:15.0(15.62%),B:885.8(2.23%),P:1e-8	Tpos:626.2,Tstd:238.5,Bpos:512.4,Bstd:308.8,StrandBias:-0.2,Multiplicity:1.00
0.001	0.001	0.943	0.055
0.001	0.001	0.997	0.001
0.205	0.793	0.001	0.001
0.001	0.001	0.001	0.997
0.954	0.001	0.001	0.044
0.055	0.001	0.044	0.900
0.997	0.001	0.001	0.001
0.001	0.774	0.224	0.001
0.997	0.001	0.001	0.001
0.018	0.001	0.980	0.001
>CGATATTCTT	6-CGATATTCTT	10.073235	-17.936885	0	T:17.0(17.71%),B:1298.5(3.27%),P:1e-7	Tpos:398.4,Tstd:281.1,Bpos:501.8,Bstd:313.1,StrandBias:0.0,Multiplicity:1.18
0.143	0.855	0.001	0.001
0.032	0.058	0.849	0.061
0.929	0.001	0.001	0.069
0.097	0.001	0.069	0.833
0.904	0.060	0.001	0.035
0.001	0.001	0.001	0.997
0.001	0.001	0.001	0.997
0.056	0.883	0.060	0.001
0.001	0.090	0.107	0.802
0.001	0.001	0.001	0.997
>CCTTACCGTG	7-CCTTACCGTG	8.825688	-17.855725	0	T:11.0(11.46%),B:453.7(1.14%),P:1e-7	Tpos:412.1,Tstd:294.8,Bpos:507.3,Bstd:307.3,StrandBias:0.7,Multiplicity:1.18
0.085	0.913	0.001	0.001
0.001	0.623	0.001	0.375
0.223	0.001	0.090	0.686
0.129	0.001	0.001	0.869
0.836	0.090	0.001	0.073
0.068	0.775	0.156	0.001
0.001	0.674	0.324	0.001
0.162	0.001	0.836	0.001
0.001	0.001	0.001	0.997
0.091	0.001	0.835	0.073
>GCGAGAACTG	8-GCGAGAACTG	10.106721	-17.774867	0	T:12.0(12.50%),B:574.0(1.45%),P:1e-7	Tpos:568.8,Tstd:320.8,Bpos:511.1,Bstd:317.6,StrandBias:0.5,Multiplicity:1.00
0.062	0.001	0.936	0.001
0.071	0.927	0.001	0.001
0.001	0.001	0.880	0.118
0.880	0.001	0.118	0.001
0.054	0.094	0.851	0.001
0.997	0.001	0.001	0.001
0.823	0.066	0.110	0.001
0.001	0.922	0.001	0.076
0.001	0.144	0.001	0.854
0.001	0.001	0.997	0.001
>ATCCACATTT	9-ATCCACATTT	11.548476	-17.037734	0	T:13.0(13.54%),B:749.3(1.89%),P:1e-7	Tpos:223.1,Tstd:171.9,Bpos:522.9,Bstd:311.1,StrandBias:0.8,Multiplicity:1.08
0.997	0.001	0.001	0.001
0.001	0.001	0.001	0.997
0.001	0.997	0.001	0.001
0.001	0.997	0.001	0.001
0.616	0.184	0.199	0.001
0.001	0.997	0.001	0.001
0.760	0.001	0.001	0.238
0.001	0.001	0.001	0.997
0.257	0.001	0.001	0.741
0.027	0.001	0.001	0.971
>AAGCCTGAAT	10-AAGCCTGAAT	8.242437	-17.001833	0	T:12.0(12.50%),B:617.7(1.56%),P:1e-7	Tpos:492.6,Tstd:297.0,Bpos:501.3,Bstd:306.0,StrandBias:0.8,Multiplicity:1.17
0.605	0.305	0.052	0.038
0.476	0.229	0.108	0.187
0.015	0.027	0.729	0.229
0.252	0.541	0.202	0.005
0.242	0.429	0.177	0.152
0.252	0.011	0.211	0.526
0.044	0.094	0.802	0.060
0.875	0.038	0.031	0.056
0.671	0.033	0.028	0.268
0.053	0.093	0.050	0.804
>TAGAAGCTAA	11-TAGAAGCTAA	10.411553	-16.931630	0	T:13.0(13.54%),B:756.8(1.91%),P:1e-7	Tpos:609.2,Tstd:280.4,Bpos:491.4,Bstd:297.3,StrandBias:-0.2,Multiplicity:1.15
0.001	0.001	0.001	0.997
0.853	0.001	0.101	0.045
0.001	0.001	0.997	0.001
0.862	0.001	0.136	0.001
0.997	0.001	0.001	0.001
0.109	0.001	0.889	0.001
0.001	0.888	0.110	0.001
0.001	0.080	0.094	0.825
0.756	0.078	0.067	0.099
0.997	0.001	0.001	0.001
>CTCCTCTTCT	12-CTCCTCTTCT	10.127922	-15.863885	0	T:17.0(17.71%),B:1502.3(3.79%),P:1e-6	Tpos:448.4,Tstd:307.6,Bpos:527.2,Bstd:326.4,StrandBias:0.0,Multiplicity:1.18
0.054	0.801	0.144	0.001
0.060	0.001	0.001	0.938
0.001	0.820	0.059	0.120
0.001	0.958	0.040	0.001
0.064	0.001	0.001	0.934
0.001	0.970	0.001	0.028
0.059	0.035	0.001	0.905
0.077	0.001	0.001	0.921
0.001	0.858	0.001	0.140
0.001	0.001	0.072	0.926
>ATAATCGTGG	13-ATAATCGTGG	10.409364	-15.454390	0	T:9.0(9.38%),B:342.9(0.86%),P:1e-6	Tpos:533.3,Tstd:302.5,Bpos:524.7,Bstd:307.7,StrandBias:-0.6,Multiplicity:1.11
0.894	0.001	0.001	0.104
0.041	0.001	0.001	0.957
0.905	0.093	0.001	0.001
0.907	0.001	0.001	0.091
0.088	0.001	0.001	0.910
0.065	0.879	0.001	0.055
0.001	0.001	0.912	0.086
0.001	0.113	0.001	0.885
0.001	0.076	0.922	0.001
0.001	0.001	0.918	0.080
>ACCACTTACC	14-ACCACTTACC	10.927859	-15.088100	0	T:8.0(8.33%),B:257.2(0.65%),P:1e-6	Tpos:529.0,Tstd:314.0,Bpos:442.2,Bstd:295.2,StrandBias:1.2,Multiplicity:1.25
0.997	0.001	0.001	0.001
0.001	0.704	0.180	0.115
0.106	0.739	0.154	0.001
0.997	0.001	0.001	0.001
0.001	0.997	0.001	0.001
0.160	0.001	0.001	0.838
0.001	0.001	0.001	0.997
0.865	0.001	0.133	0.001
0.001	0.997	0.001	0.001
0.001	0.997	0.001	0.001
>GAGTATATTT	15-GAGTATATTT	11.366600	-14.545456	0	T:10.0(10.42%),B:502.5(1.27%),P:1e-6	Tpos:359.0,Tstd:178.6,Bpos:497.8,Bstd:280.9,StrandBias:-0.5,Multiplicity:1.20
0.001	0.001	0.708	0.290
0.997	0.001	0.001	0.001
0.001	0.001	0.997	0.001
0.001	0.001	0.001	0.997
0.997	0.001	0.001	0.001
0.001	0.001	0.001	0.997
0.997	0.001	0.001	0.001
0.001	0.155	0.291	0.553
0.001	0.001	0.001	0.997
0.001	0.001	0.001	0.997
>GATCAATTTC	16-GATCAATTTC	9.969637	-14.080773	0	T:21.0(21.88%),B:2568.5(6.48%),P:1e-6	Tpos:501.8,Tstd:313.6,Bpos:513.1,Bstd:305.2,StrandBias:0.1,Multiplicity:1.10
0.001	0.302	0.619	0.078
0.894	0.001	0.001	0.104
0.099	0.001	0.001	0.899
0.001	0.938	0.001	0.060
0.876	0.001	0.001	0.122
0.944	0.001	0.001	0.054
0.001	0.001	0.104	0.894
0.001	0.001	0.001	0.997
0.001	0.001	0.001	0.997
0.001	0.929	0.069	0.001
>TACAAAACTC	17-TACAAAACTC	10.714092	-14.013434	0	T:13.0(13.54%),B:981.3(2.47%),P:1e-6	Tpos:513.5,Tstd:259.2,Bpos:539.1,Bstd:298.8,StrandBias:0.6,Multiplicity:1.15
0.001	0.001	0.001	0.997
0.997	0.001	0.001	0.001
0.001	0.810	0.001	0.188
0.538	0.120	0.341	0.001
0.690	0.001	0.001	0.308
0.693	0.305	0.001	0.001
0.997	0.001	0.001	0.001
0.209	0.789	0.001	0.001
0.001	0.001	0.001	0.997
0.001	0.997	0.001	0.001
>AAATSWCATT	18-AAATSWCATT	8.527685	-13.657242	0	T:37.0(38.54%),B:7008.8(17.67%),P:1e-5	Tpos:471.7,Tstd:290.3,Bpos:500.3,Bstd:299.7,StrandBias:0.0,Multiplicity:1.14
0.857	0.057	0.044	0.042
0.909	0.047	0.027	0.017
0.892	0.106	0.001	0.001
0.020	0.055	0.083	0.842
0.015	0.502	0.402	0.081
0.449	0.001	0.001	0.549
0.001	0.833	0.106	0.060
0.618	0.361	0.006	0.015
0.369	0.003	0.003	0.625
0.028	0.023	0.159	0.790
>GGACWGTGTT	19-GGACWGTGTT	10.628302	-13.000704	0	T:9.0(9.38%),B:463.4(1.17%),P:1e-5	Tpos:315.1,Tstd:249.8,Bpos:494.3,Bstd:305.4,StrandBias:0.3,Multiplicity:1.00
0.001	0.001	0.608	0.390
0.001	0.001	0.997	0.001
0.997	0.001	0.001	0.001
0.001	0.583	0.415	0.001
0.415	0.194	0.001	0.390
0.001	0.001	0.997	0.001
0.001	0.001	0.001	0.997
0.001	0.001	0.997	0.001
0.415	0.001	0.001	0.583
0.001	0.001	0.001	0.997
>TACGAGTTAT	20-TACGAGTTAT	8.908537	-12.991774	0	T:15.0(15.62%),B:1448.2(3.65%),P:1e-5	Tpos:450.9,Tstd:290.9,Bpos:514.2,Bstd:289.1,StrandBias:-1.3,Multiplicity:1.13
0.072	0.001	0.001	0.926
0.902	0.001	0.001	0.096
0.001	0.666	0.099	0.234
0.001	0.001	0.864	0.134
0.688	0.001	0.144	0.167
0.001	0.135	0.691	0.173
0.001	0.001	0.001	0.997
0.167	0.125	0.001	0.707
0.597	0.100	0.237	0.066
0.001	0.001	0.138	0.860
>AGACACCATC	21-AGACACCATC	11.663967	-11.555107	0	T:5.0(5.21%),B:112.0(0.28%),P:1e-5	Tpos:640.7,Tstd:333.3,Bpos:536.2,Bstd:330.3,StrandBias:1.0,Multiplicity:1.20
0.997	0.001	0.001	0.001
0.001	0.001	0.997	0.001
0.997	0.001	0.001	0.001
0.001	0.997	0.001	0.001
0.733	0.265	0.001	0.001
0.001	0.997	0.001	0.001
0.001	0.997	0.001	0.001
0.997	0.001	0.001	0.001
0.001	0.001	0.001	0.997
0.155	0.843	0.001	0.001
>TGACGAAACG	22-TGACGAAACG	8.350283	-8.680155	0	T:13.0(13.54%),B:1638.7(4.13%),P:1e-3	Tpos:548.5,Tstd:243.7,Bpos:539.4,Bstd:320.1,StrandBias:-1.3,Multiplicity:1.08
0.100	0.100	0.100	0.700
0.100	0.100	0.700	0.100
0.700	0.100	0.100	0.100
0.100	0.700	0.100	0.100
0.100	0.100	0.700	0.100
0.700	0.100	0.100	0.100
0.700	0.100	0.100	0.100
0.700	0.100	0.100	0.100
0.100	0.700	0.100	0.100
0.100	0.100	0.700	0.100
>GGCCSGGCCT	23-GGCCSGGCCT	12.782793	-8.268832	0	T:2.0(2.08%),B:8.3(0.02%),P:1e-3	Tpos:520.4,Tstd:192.4,Bpos:668.6,Bstd:182.0,StrandBias:-0.4,Multiplicity:2.00
0.001	0.001	0.997	0.001
0.001	0.001	0.997	0.001
0.001	0.997	0.001	0.001
0.001	0.997	0.001	0.001
0.111	0.401	0.393	0.095
0.001	0.001	0.997	0.001
0.001	0.001	0.997	0.001
0.001	0.997	0.001	0.001
0.001	0.997	0.001	0.001
0.113	0.001	0.001	0.885
