>GCTYAWCTTA	1-GCTYAWCTTA	7.191706	-22.690750	0	T:12.0(12.50%),B:366.2(0.92%),P:1e-9	Tpos:531.5,Tstd:289.8,Bpos:534.0,Bstd:287.1,StrandBias:0.5,Multiplicity:1.00
0.003	0.001	0.995	0.001
0.001	0.997	0.001	0.001
0.001	0.001	0.007	0.991
0.001	0.562	0.001	0.436
0.993	0.005	0.001	0.001
0.385	0.001	0.148	0.466
0.001	0.997	0.001	0.001
0.001	0.005	0.001	0.993
0.001	0.001	0.001	0.997
0.997	0.001	0.001	0.001
>TCGATAAGCT	2-TCGATAAGCT	10.051787	-20.897663	0	T:17.0(17.71%),B:1060.2(2.67%),P:1e-9	Tpos:601.6,Tstd:246.1,Bpos:534.9,Bstd:331.0,StrandBias:0.5,Multiplicity:1.00
0.001	0.001	0.001	0.997
0.001	0.941	0.001	0.057
0.001	0.001	0.886	0.112
0.997	0.001	0.001	0.001
0.001	0.132	0.001	0.866
0.925	0.001	0.073	0.001
0.997	0.001	0.001	0.001
0.063	0.001	0.875	0.061
0.001	0.819	0.114	0.066
0.104	0.125	0.001	0.770
>GGCYGACTAA	3-GGCYGACTAA	8.894228	-20.704841	0	T:14.0(14.58%),B:664.3(1.67%),P:1e-8	Tpos:544.0,Tstd:252.2,Bpos:503.1,Bstd:306.1,StrandBias:-1.6,Multiplicity:1.14
0.001	0.001	0.997	0.001
0.001	0.001	0.997	0.001
0.149	0.744	0.106	0.001
0.208	0.405	0.001	0.386
0.001	0.001	0.997	0.001
0.858	0.001	0.140	0.001
0.001	0.767	0.231	0.001
0.001	0.001	0.001	0.997
0.490	0.270	0.239	0.001
0.857	0.141	0.001	0.001
>CATTCTCCGC	4-CATTCTCCGC	10.728826	-20.430847	0	T:9.0(9.38%),B:188.5(0.48%),P:1e-8	Tpos:616.4,Tstd:238.2,Bpos:530.1,Bstd:299.8,StrandBias:-0.3,Multiplicity:1.00
0.001	0.997	0.001	0.001
0.906	0.092	0.001	0.001
0.001	0.001	0.001	0.997
0.001	0.001	0.124	0.874
0.001	0.812	0.148	0.039
0.109	0.001	0.001	0.889
0.104	0.894	0.001	0.001
0.089	0.909	0.001	0.001
0.001	0.001	0.997	0.001
0.085	0.813	0.101	0.001
>GGCTATACAG	5-GGCTATACAG	7.271527	-19.229032	0	T:15.0(15.62%),B:885.8(2.23%),P:1e-8	Tpos:626.2,Tstd:238.5,Bpos:512.4,Bstd:308.8,StrandBias:-0.2,Multiplicity:1.00
0.001	0.001	0.943	0.055
0.001	0.001	0.997	0.001
0.205	0.793	0.001	0.001
0.001	0.001	0.001	0.997
0.954	0.001	0.001	0.044
0.055	0.001	0.044	0.900
0.997	0.001	0.001	0.001
0.001	0.774	0.224	0.001
0.997	0.001	0.001	0.001
0.018	0.001	0.980	0.001
>CGATATTCTT	6-CGATATTCTT	10.073235	-17.936885	0	T:17.0(17.71%),B:1298.5(3.27%),P:1e-7	Tpos:398.4,Tstd:281.1,Bpos:501.8,Bstd:313.1,StrandBias:0.0,Multiplicity:1.18
0.143	0.855	0.001	0.001
0.032	0.058	0.849	0.061
0.929	0.001	0.001	0.069
0.097	0.001	0.069	0.833
0.904	0.060	0.001	0.035
0.001	0.001	0.001	0.997
0.001	0.001	0.001	0.997
0.056	0.883	0.060	0.001
0.001	0.090	0.107	0.802
0.001	0.001	0.001	0.997
>CCTTACCGTG	7-CCTTACCGTG	8.825688	-17.855725	0	T:11.0(11.46%),B:453.7(1.14%),P:1e-7	Tpos:412.1,Tstd:294.8,Bpos:507.3,Bstd:307.3,StrandBias:0.7,Multiplicity:1.18
0.085	0.913	0.001	0.001
0.001	0.623	0.001	0.375
0.223	0.001	0.090	0.686
0.129	0.001	0.001	0.869
0.836	0.090	0.001	0.073
0.068	0.775	0.156	0.001
0.001	0.674	0.324	0.001
0.162	0.001	0.836	0.001
0.001	0.001	0.001	0.997
0.091	0.001	0.835	0.073
>GCGAGAACTG	8-GCGAGAACTG	10.106721	-17.774867	0	T:12.0(12.50%),B:574.0(1.45%),P:1e-7	Tpos:568.8,Tstd:320.8,Bpos:511.1,Bstd:317.6,StrandBias:0.5,Multiplicity:1.00
0.062	0.001	0.936	0.001
0.071	0.927	0.001	0.001
0.001	0.001	0.880	0.118
0.880	0.001	0.118	0.001
0.054	0.094	0.851	0.001
0.997	0.001	0.001	0.001
0.823	0.066	0.110	0.001
0.001	0.922	0.001	0.076
0.001	0.144	0.001	0.854
0.001	0.001	0.997	0.001
>ATCCACATTT	9-ATCCACATTT	11.548476	-17.037734	0	T:13.0(13.54%),B:749.3(1.89%),P:1e-7	Tpos:223.1,Tstd:171.9,Bpos:522.9,Bstd:311.1,StrandBias:0.8,Multiplicity:1.08
0.997	0.001	0.001	0.001
0.001	0.001	0.001	0.997
0.001	0.997	0.001	0.001
0.001	0.997	0.001	0.001
0.616	0.184	0.199	0.001
0.001	0.997	0.001	0.001
0.760	0.001	0.001	0.238
0.001	0.001	0.001	0.997
0.257	0.001	0.001	0.741
0.027	0.001	0.001	0.971
>AAGCCTGAAT	10-AAGCCTGAAT	8.242437	-17.001833	0	T:12.0(12.50%),B:617.7(1.56%),P:1e-7	Tpos:492.6,Tstd:297.0,Bpos:501.3,Bstd:306.0,StrandBias:0.8,Multiplicity:1.17
0.605	0.305	0.052	0.038
0.476	0.229	0.108	0.187
0.015	0.027	0.729	0.229
0.252	0.541	0.202	0.005
0.242	0.429	0.177	0.152
0.252	0.011	0.211	0.526
0.044	0.094	0.802	0.060
0.875	0.038	0.031	0.056
0.671	0.033	0.028	0.268
0.053	0.093	0.050	0.804
>TAGAAGCTAA	11-TAGAAGCTAA	10.411553	-16.931630	0	T:13.0(13.54%),B:756.8(1.91%),P:1e-7	Tpos:609.2,Tstd:280.4,Bpos:491.4,Bstd:297.3,StrandBias:-0.2,Multiplicity:1.15
0.001	0.001	0.001	0.997
0.853	0.001	0.101	0.045
0.001	0.001	0.997	0.001
0.862	0.001	0.136	0.001
0.997	0.001	0.001	0.001
0.109	0.001	0.889	0.001
0.001	0.888	0.110	0.001
0.001	0.080	0.094	0.825
0.756	0.078	0.067	0.099
0.997	0.001	0.001	0.001
>CTCCTCTTCT	12-CTCCTCTTCT	10.127922	-15.863885	0	T:17.0(17.71%),B:1502.3(3.79%),P:1e-6	Tpos:448.4,Tstd:307.6,Bpos:527.2,Bstd:326.4,StrandBias:0.0,Multiplicity:1.18
0.054	0.801	0.144	0.001
0.060	0.001	0.001	0.938
0.001	0.820	0.059	0.120
0.001	0.958	0.040	0.001
0.064	0.001	0.001	0.934
0.001	0.970	0.001	0.028
0.059	0.035	0.001	0.905
0.077	0.001	0.001	0.921
0.001	0.858	0.001	0.140
0.001	0.001	0.072	0.926
>ATAATCGTGG	13-ATAATCGTGG	10.409364	-15.454390	0	T:9.0(9.38%),B:342.9(0.86%),P:1e-6	Tpos:533.3,Tstd:302.5,Bpos:524.7,Bstd:307.7,StrandBias:-0.6,Multiplicity:1.11
0.894	0.001	0.001	0.104
0.041	0.001	0.001	0.957
0.905	0.093	0.001	0.001
0.907	0.001	0.001	0.091
0.088	0.001	0.001	0.910
0.065	0.879	0.001	0.055
0.001	0.001	0.912	0.086
0.001	0.113	0.001	0.885
0.001	0.076	0.922	0.001
0.001	0.001	0.918	0.080
>ACCACTTACC	14-ACCACTTACC	10.927859	-15.088100	0	T:8.0(8.33%),B:257.2(0.65%),P:1e-6	Tpos:529.0,Tstd:314.0,Bpos:442.2,Bstd:295.2,StrandBias:1.2,Multiplicity:1.25
0.997	0.001	0.001	0.001
0.001	0.704	0.180	0.115
0.106	0.739	0.154	0.001
0.997	0.001	0.001	0.001
0.001	0.997	0.001	0.001
0.160	0.001	0.001	0.838
0.001	0.001	0.001	0.997
0.865	0.001	0.133	0.001
0.001	0.997	0.001	0.001
0.001	0.997	0.001	0.001
>GAGTATATTT	15-GAGTATATTT	11.366600	-14.545456	0	T:10.0(10.42%),B:502.5(1.27%),P:1e-6	Tpos:359.0,Tstd:178.6,Bpos:497.8,Bstd:280.9,StrandBias:-0.5,Multiplicity:1.20
0.001	0.001	0.708	0.290
0.997	0.001	0.001	0.001
0.001	0.001	0.997	0.001
0.001	0.001	0.001	0.997
0.997	0.001	0.001	0.001
0.001	0.001	0.001	0.997
0.997	0.001	0.001	0.001
0.001	0.155	0.291	0.553
0.001	0.001	0.001	0.997
0.001	0.001	0.001	0.997
>GATCAATTTC	16-GATCAATTTC	9.969637	-14.080773	0	T:21.0(21.88%),B:2568.5(6.48%),P:1e-6	Tpos:501.8,Tstd:313.6,Bpos:513.1,Bstd:305.2,StrandBias:0.1,Multiplicity:1.10
0.001	0.302	0.619	0.078
0.894	0.001	0.001	0.104
0.099	0.001	0.001	0.899
0.001	0.938	0.001	0.060
0.876	0.001	0.001	0.122
0.944	0.001	0.001	0.054
0.001	0.001	0.104	0.894
0.001	0.001	0.001	0.997
0.001	0.001	0.001	0.997
0.001	0.929	0.069	0.001
>TACAAAACTC	17-TACAAAACTC	10.714092	-14.013434	0	T:13.0(13.54%),B:981.3(2.47%),P:1e-6	Tpos:513.5,Tstd:259.2,Bpos:539.1,Bstd:298.8,StrandBias:0.6,Multiplicity:1.15
0.001	0.001	0.001	0.997
0.997	0.001	0.001	0.001
0.001	0.810	0.001	0.188
0.538	0.120	0.341	0.001
0.690	0.001	0.001	0.308
0.693	0.305	0.001	0.001
0.997	0.001	0.001	0.001
0.209	0.789	0.001	0.001
0.001	0.001	0.001	0.997
0.001	0.997	0.001	0.001
>AAATSWCATT	18-AAATSWCATT	8.527685	-13.657242	0	T:37.0(38.54%),B:7008.8(17.67%),P:1e-5	Tpos:471.7,Tstd:290.3,Bpos:500.3,Bstd:299.7,StrandBias:0.0,Multiplicity:1.14
0.857	0.057	0.044	0.042
0.909	0.047	0.027	0.017
0.892	0.106	0.001	0.001
0.020	0.055	0.083	0.842
0.015	0.502	0.402	0.081
0.449	0.001	0.001	0.549
0.001	0.833	0.106	0.060
0.618	0.361	0.006	0.015
0.369	0.003	0.003	0.625
0.028	0.023	0.159	0.790
>GGACWGTGTT	19-GGACWGTGTT	10.628302	-13.000704	0	T:9.0(9.38%),B:463.4(1.17%),P:1e-5	Tpos:315.1,Tstd:249.8,Bpos:494.3,Bstd:305.4,StrandBias:0.3,Multiplicity:1.00
0.001	0.001	0.608	0.390
0.001	0.001	0.997	0.001
0.997	0.001	0.001	0.001
0.001	0.583	0.415	0.001
0.415	0.194	0.001	0.390
0.001	0.001	0.997	0.001
0.001	0.001	0.001	0.997
0.001	0.001	0.997	0.001
0.415	0.001	0.001	0.583
0.001	0.001	0.001	0.997
>TACGAGTTAT	20-TACGAGTTAT	8.908537	-12.991774	0	T:15.0(15.62%),B:1448.2(3.65%),P:1e-5	Tpos:450.9,Tstd:290.9,Bpos:514.2,Bstd:289.1,StrandBias:-1.3,Multiplicity:1.13
0.072	0.001	0.001	0.926
0.902	0.001	0.001	0.096
0.001	0.666	0.099	0.234
0.001	0.001	0.864	0.134
0.688	0.001	0.144	0.167
0.001	0.135	0.691	0.173
0.001	0.001	0.001	0.997
0.167	0.125	0.001	0.707
0.597	0.100	0.237	0.066
0.001	0.001	0.138	0.860
>AGACACCATC	21-AGACACCATC	11.663967	-11.555107	0	T:5.0(5.21%),B:112.0(0.28%),P:1e-5	Tpos:640.7,Tstd:333.3,Bpos:536.2,Bstd:330.3,StrandBias:1.0,Multiplicity:1.20
0.997	0.001	0.001	0.001
0.001	0.001	0.997	0.001
0.997	0.001	0.001	0.001
0.001	0.997	0.001	0.001
0.733	0.265	0.001	0.001
0.001	0.997	0.001	0.001
0.001	0.997	0.001	0.001
0.997	0.001	0.001	0.001
0.001	0.001	0.001	0.997
0.155	0.843	0.001	0.001
>TGACGAAACG	22-TGACGAAACG	8.350283	-8.680155	0	T:13.0(13.54%),B:1638.7(4.13%),P:1e-3	Tpos:548.5,Tstd:243.7,Bpos:539.4,Bstd:320.1,StrandBias:-1.3,Multiplicity:1.08
0.100	0.100	0.100	0.700
0.100	0.100	0.700	0.100
0.700	0.100	0.100	0.100
0.100	0.700	0.100	0.100
0.100	0.100	0.700	0.100
0.700	0.100	0.100	0.100
0.700	0.100	0.100	0.100
0.700	0.100	0.100	0.100
0.100	0.700	0.100	0.100
0.100	0.100	0.700	0.100
>GGCCSGGCCT	23-GGCCSGGCCT	12.782793	-8.268832	0	T:2.0(2.08%),B:8.3(0.02%),P:1e-3	Tpos:520.4,Tstd:192.4,Bpos:668.6,Bstd:182.0,StrandBias:-0.4,Multiplicity:2.00
0.001	0.001	0.997	0.001
0.001	0.001	0.997	0.001
0.001	0.997	0.001	0.001
0.001	0.997	0.001	0.001
0.111	0.401	0.393	0.095
0.001	0.001	0.997	0.001
0.001	0.001	0.997	0.001
0.001	0.997	0.001	0.001
0.001	0.997	0.001	0.001
0.113	0.001	0.001	0.885
>AWGCACTTAAAT	1-AWGCACTTAAAT	12.002826	-26.876430	0	T:10.0(10.42%),B:132.5(0.33%),P:1e-11	Tpos:565.7,Tstd:253.7,Bpos:513.7,Bstd:301.3,StrandBias:-1.2,Multiplicity:1.00
0.997	0.001	0.001	0.001
0.454	0.001	0.001	0.544
0.001	0.001	0.858	0.140
0.001	0.997	0.001	0.001
0.795	0.001	0.203	0.001
0.153	0.845	0.001	0.001
0.001	0.001	0.001	0.997
0.001	0.001	0.001	0.997
0.772	0.226	0.001	0.001
0.772	0.226	0.001	0.001
0.997	0.001	0.001	0.001
0.001	0.001	0.001	0.997
>AGGCGAGAAAGC	2-AGGCGAGAAAGC	12.618871	-25.545300	0	T:7.0(7.29%),B:35.0(0.09%),P:1e-11	Tpos:680.4,Tstd:343.1,Bpos:604.9,Bstd:330.4,StrandBias:-1.3,Multiplicity:1.00
0.997	0.001	0.001	0.001
0.139	0.001	0.859	0.001
0.001	0.290	0.708	0.001
0.001	0.859	0.001	0.139
0.001	0.150	0.848	0.001
0.848	0.001	0.150	0.001
0.001	0.001	0.997	0.001
0.997	0.001	0.001	0.001
0.997	0.001	0.001	0.001
0.997	0.001	0.001	0.001
0.001	0.001	0.722	0.276
0.001	0.997	0.001	0.001
>ATCGCATAATTT	3-ATCGCATAATTT	10.062388	-22.289893	0	T:19.0(19.79%),B:1261.4(3.18%),P:1e-9	Tpos:515.4,Tstd:303.8,Bpos:515.7,Bstd:304.6,StrandBias:0.3,Multiplicity:1.05
0.997	0.001	0.001	0.001
0.001	0.001	0.304	0.694
0.001	0.940	0.001	0.058
0.001	0.001	0.899	0.099
0.028	0.794	0.089	0.089
0.915	0.001	0.001	0.083
0.180	0.238	0.001	0.581
0.878	0.001	0.001	0.120
0.806	0.192	0.001	0.001
0.320	0.101	0.001	0.578
0.001	0.070	0.001	0.928
0.369	0.001	0.001	0.629
>GGGACCGTGTTG	4-GGGACCGTGTTG	14.577376	-21.463651	0	T:4.0(4.17%),B:2.7(0.01%),P:1e-9	Tpos:346.0,Tstd:282.7,Bpos:688.6,Bstd:184.9,StrandBias:-1.6,Multiplicity:1.00
0.001	0.001	0.997	0.001
0.001	0.001	0.997	0.001
0.001	0.001	0.742	0.256
0.997	0.001	0.001	0.001
0.001	0.997	0.001	0.001
0.001	0.997	0.001	0.001
0.001	0.001	0.997	0.001
0.001	0.001	0.001	0.997
0.001	0.001	0.997	0.001
0.001	0.001	0.001	0.997
0.001	0.001	0.001	0.997
0.228	0.257	0.514	0.001
>TTAGGCTATCCT	5-TTAGGCTATCCT	14.993605	-21.463651	0	T:4.0(4.17%),B:2.1(0.01%),P:1e-9	Tpos:528.0,Tstd:275.5,Bpos:505.5,Bstd:214.8,StrandBias:0.0,Multiplicity:1.00
0.001	0.001	0.001	0.997
0.001	0.001	0.001	0.997
0.997	0.001	0.001	0.001
0.001	0.001	0.997	0.001
0.001	0.001	0.997	0.001
0.001	0.652	0.001	0.346
0.001	0.001	0.001	0.997
0.997	0.001	0.001	0.001
0.001	0.001	0.001	0.997
0.001	0.997	0.001	0.001
0.306	0.692	0.001	0.001
0.001	0.001	0.001	0.997
>CATCTTATTGCG	6-CATCTTATTGCG	14.459635	-21.205700	0	T:5.0(5.21%),B:13.5(0.03%),P:1e-9	Tpos:542.6,Tstd:334.4,Bpos:544.3,Bstd:272.0,StrandBias:0.6,Multiplicity:1.00
0.001	0.997	0.001	0.001
0.997	0.001	0.001	0.001
0.001	0.001	0.001	0.997
0.001	0.997	0.001	0.001
0.001	0.268	0.001	0.730
0.001	0.001	0.001	0.997
0.750	0.248	0.001	0.001
0.001	0.001	0.001	0.997
0.001	0.001	0.001	0.997
0.001	0.001	0.997	0.001
0.001	0.997	0.001	0.001
0.213	0.001	0.785	0.001
>YCCTATACMACW	7-YCCTATACMACW	10.611398	-18.685590	0	T:10.0(10.42%),B:318.4(0.80%),P:1e-8	Tpos:639.3,Tstd:274.4,Bpos:495.4,Bstd:301.4,StrandBias:2.2,Multiplicity:1.10
0.001	0.461	0.001	0.537
0.001	0.996	0.001	0.002
0.001	0.997	0.001	0.001
0.001	0.001	0.001	0.997
0.598	0.178	0.001	0.223
0.168	0.252	0.001	0.579
0.827	0.001	0.001	0.171
0.001	0.997	0.001	0.001
0.307	0.437	0.001	0.255
0.997	0.001	0.001	0.001
0.171	0.605	0.001	0.223
0.485	0.001	0.001	0.513
>GTACCCATTCTT	8-GTACCCATTCTT	11.196231	-18.197316	0	T:8.0(8.33%),B:169.4(0.43%),P:1e-7	Tpos:484.5,Tstd:342.7,Bpos:499.1,Bstd:316.4,StrandBias:0.0,Multiplicity:1.00
0.001	0.162	0.836	0.001
0.001	0.001	0.001	0.997
0.857	0.001	0.001	0.141
0.001	0.882	0.001	0.116
0.117	0.557	0.325	0.001
0.111	0.615	0.163	0.111
0.997	0.001	0.001	0.001
0.252	0.001	0.001	0.746
0.009	0.001	0.001	0.989
0.009	0.874	0.001	0.116
0.001	0.001	0.001	0.997
0.162	0.001	0.162	0.675
>TTGATWTATCCT	9-TTGATWTATCCT	13.274471	-18.107921	0	T:6.0(6.25%),B:60.5(0.15%),P:1e-7	Tpos:629.2,Tstd:321.1,Bpos:463.8,Bstd:297.1,StrandBias:2.3,Multiplicity:1.00
0.001	0.001	0.001	0.997
0.001	0.001	0.001	0.997
0.001	0.001	0.997	0.001
0.702	0.001	0.296	0.001
0.001	0.001	0.001	0.997
0.549	0.001	0.001	0.449
0.001	0.001	0.001	0.997
0.639	0.359	0.001	0.001
0.001	0.001	0.001	0.997
0.001	0.826	0.001	0.172
0.001	0.997	0.001	0.001
0.213	0.001	0.001	0.785
>TTTCAAACAAAC	10-TTTCAAACAAAC	9.288258	-17.805384	0	T:10.0(10.42%),B:350.7(0.88%),P:1e-7	Tpos:513.5,Tstd:380.4,Bpos:498.0,Bstd:288.4,StrandBias:-0.3,Multiplicity:1.10
0.001	0.001	0.001	0.997
0.001	0.001	0.001	0.997
0.001	0.001	0.001	0.997
0.001	0.664	0.293	0.042
0.997	0.001	0.001	0.001
0.997	0.001	0.001	0.001
0.997	0.001	0.001	0.001
0.001	0.997	0.001	0.001
0.933	0.065	0.001	0.001
0.997	0.001	0.001	0.001
0.997	0.001	0.001	0.001
0.001	0.997	0.001	0.001
>CGTYTCGATTTG	11-CGTYTCGATTTG	12.069748	-17.344197	0	T:9.0(9.38%),B:272.4(0.69%),P:1e-7	Tpos:515.6,Tstd:320.4,Bpos:523.7,Bstd:314.5,StrandBias:1.0,Multiplicity:1.00
0.163	0.681	0.155	0.001
0.001	0.001	0.997	0.001
0.001	0.001	0.001	0.997
0.001	0.412	0.192	0.394
0.001	0.001	0.001	0.997
0.001	0.997	0.001	0.001
0.001	0.001	0.997	0.001
0.575	0.001	0.232	0.192
0.001	0.214	0.001	0.784
0.001	0.001	0.001	0.997
0.001	0.001	0.001	0.997
0.001	0.001	0.629	0.369
>TACCTCTCCAMA	12-TACCTCTCCAMA	8.456125	-17.223042	0	T:9.0(9.38%),B:276.1(0.70%),P:1e-7	Tpos:415.7,Tstd:228.4,Bpos:524.7,Bstd:320.9,StrandBias:1.8,Multiplicity:1.00
0.001	0.001	0.001	0.997
0.572	0.001	0.412	0.015
0.001	0.907	0.091	0.001
0.001	0.997	0.001	0.001
0.001	0.001	0.001	0.997
0.001	0.982	0.001	0.016
0.001	0.001	0.001	0.997
0.001	0.982	0.001	0.016
0.019	0.979	0.001	0.001
0.997	0.001	0.001	0.001
0.503	0.495	0.001	0.001
0.997	0.001	0.001	0.001
>TTTTTCATTCTT	13-TTTTTCATTCTT	13.800624	-16.957038	0	T:9.0(9.38%),B:285.4(0.72%),P:1e-7	Tpos:681.0,Tstd:270.9,Bpos:563.5,Bstd:314.0,StrandBias:1.8,Multiplicity:1.00
0.001	0.001	0.001	0.997
0.001	0.119	0.001	0.879
0.001	0.001	0.001	0.997
0.001	0.001	0.125	0.873
0.001	0.001	0.001	0.997
0.001	0.916	0.082	0.001
0.997	0.001	0.001	0.001
0.001	0.001	0.090	0.908
0.001	0.001	0.001	0.997
0.001	0.948	0.050	0.001
0.001	0.001	0.001	0.997
0.001	0.001	0.001	0.997
>AATCCACATTTA	14-AATCCACATTTA	11.660794	-16.432258	0	T:11.0(11.46%),B:523.9(1.32%),P:1e-7	Tpos:350.2,Tstd:256.3,Bpos:502.6,Bstd:322.2,StrandBias:0.2,Multiplicity:1.18
0.997	0.001	0.001	0.001
0.997	0.001	0.001	0.001
0.001	0.001	0.001	0.997
0.101	0.788	0.001	0.110
0.001	0.598	0.400	0.001
0.686	0.001	0.312	0.001
0.107	0.891	0.001	0.001
0.997	0.001	0.001	0.001
0.001	0.001	0.001	0.997
0.142	0.001	0.001	0.856
0.001	0.001	0.001	0.997
0.672	0.131	0.001	0.196
>CAAAATTAAATG	15-CAAAATTAAATG	11.694836	-16.310498	0	T:17.0(17.71%),B:1455.0(3.67%),P:1e-7	Tpos:470.7,Tstd:287.9,Bpos:514.9,Bstd:300.1,StrandBias:-0.7,Multiplicity:1.12
0.393	0.605	0.001	0.001
0.997	0.001	0.001	0.001
0.997	0.001	0.001	0.001
0.645	0.001	0.001	0.353
0.918	0.001	0.001	0.080
0.001	0.001	0.001	0.997
0.001	0.004	0.001	0.994
0.829	0.087	0.001	0.083
0.997	0.001	0.001	0.001
0.809	0.189	0.001	0.001
0.003	0.001	0.045	0.951
0.001	0.144	0.854	0.001
>TGACTAATTAGT	16-TGACTAATTAGT	14.154692	-15.933222	0	T:4.0(4.17%),B:15.9(0.04%),P:1e-6	Tpos:507.0,Tstd:127.0,Bpos:479.1,Bstd:258.1,StrandBias:-0.6,Multiplicity:1.00
0.257	0.001	0.001	0.741
0.189	0.001	0.809	0.001
0.997	0.001	0.001	0.001
0.152	0.846	0.001	0.001
0.001	0.001	0.001	0.997
0.997	0.001	0.001	0.001
0.997	0.001	0.001	0.001
0.001	0.001	0.001	0.997
0.001	0.001	0.001	0.997
0.997	0.001	0.001	0.001
0.001	0.001	0.829	0.169
0.001	0.001	0.001	0.997
>TTCTTTCTCAAA	17-TTCTTTCTCAAA	12.008260	-15.598372	0	T:18.0(18.75%),B:1722.5(4.34%),P:1e-6	Tpos:496.9,Tstd:230.9,Bpos:529.6,Bstd:318.5,StrandBias:0.5,Multiplicity:1.06
0.001	0.001	0.192	0.806
0.001	0.001	0.001	0.997
0.086	0.735	0.001	0.178
0.001	0.001	0.001	0.997
0.001	0.001	0.001	0.997
0.001	0.001	0.001	0.997
0.001	0.960	0.001	0.038
0.001	0.001	0.001	0.997
0.084	0.835	0.080	0.001
0.866	0.001	0.001	0.132
0.997	0.001	0.001	0.001
0.898	0.001	0.001	0.100
>VTTKTTTCAGCC	18-VTTKTTTCAGCC	9.550636	-15.435748	0	T:11.0(11.46%),B:579.9(1.46%),P:1e-6	Tpos:601.2,Tstd:329.0,Bpos:518.2,Bstd:319.2,StrandBias:0.3,Multiplicity:1.00
0.340	0.302	0.357	0.001
0.001	0.001	0.001	0.997
0.001	0.001	0.372	0.626
0.014	0.260	0.424	0.302
0.001	0.001	0.001	0.997
0.001	0.001	0.001	0.997
0.001	0.001	0.001	0.997
0.001	0.997	0.001	0.001
0.997	0.001	0.001	0.001
0.001	0.001	0.997	0.001
0.019	0.964	0.016	0.001
0.001	0.997	0.001	0.001
>TRAACCAATAAG	19-TRAACCAATAAG	13.038745	-15.269879	0	T:5.0(5.21%),B:50.1(0.13%),P:1e-6	Tpos:328.8,Tstd:212.6,Bpos:525.3,Bstd:334.5,StrandBias:-1.0,Multiplicity:1.20
0.001	0.001	0.325	0.673
0.452	0.001	0.546	0.001
0.997	0.001	0.001	0.001
0.997	0.001	0.001	0.001
0.001	0.810	0.001	0.188
0.001	0.997	0.001	0.001
0.997	0.001	0.001	0.001
0.997	0.001	0.001	0.001
0.163	0.001	0.001	0.835
0.732	0.001	0.001	0.266
0.997	0.001	0.001	0.001
0.012	0.326	0.661	0.001
>AWTTTWATTGTC	20-AWTTTWATTGTC	13.996978	-15.076099	0	T:7.0(7.29%),B:172.9(0.44%),P:1e-6	Tpos:444.0,Tstd:311.5,Bpos:523.4,Bstd:299.9,StrandBias:1.3,Multiplicity:1.00
0.997	0.001	0.001	0.001
0.532	0.001	0.001	0.466
0.001	0.001	0.001	0.997
0.001	0.001	0.001	0.997
0.001	0.001	0.001	0.997
0.436	0.001	0.001	0.562
0.997	0.001	0.001	0.001
0.001	0.001	0.001	0.997
0.001	0.001	0.001	0.997
0.001	0.001	0.618	0.380
0.001	0.001	0.415	0.583
0.001	0.997	0.001	0.001
>CYTSCGCAAAAA	21-CYTSCGCAAAAA	9.833749	-14.462591	0	T:20.0(20.83%),B:2286.4(5.76%),P:1e-6	Tpos:506.3,Tstd:268.0,Bpos:511.2,Bstd:309.7,StrandBias:-0.4,Multiplicity:1.30
0.109	0.760	0.001	0.130
0.003	0.450	0.001	0.546
0.001	0.001	0.119	0.879
0.212	0.246	0.386	0.156
0.134	0.643	0.218	0.005
0.001	0.001	0.857	0.141
0.003	0.866	0.055	0.076
0.997	0.001	0.001	0.001
0.904	0.094	0.001	0.001
0.889	0.001	0.109	0.001
0.997	0.001	0.001	0.001
0.707	0.243	0.001	0.049
>GAAGAATATCDA	22-GAAGAATATCDA	13.976256	-13.322660	0	T:5.0(5.21%),B:76.9(0.19%),P:1e-5	Tpos:394.0,Tstd:221.7,Bpos:535.1,Bstd:322.7,StrandBias:-0.6,Multiplicity:1.00
0.204	0.001	0.794	0.001
0.997	0.001	0.001	0.001
0.997	0.001	0.001	0.001
0.001	0.001	0.607	0.391
0.997	0.001	0.001	0.001
0.997	0.001	0.001	0.001
0.001	0.001	0.001	0.997
0.997	0.001	0.001	0.001
0.001	0.001	0.001	0.997
0.191	0.658	0.150	0.001
0.351	0.001	0.396	0.253
0.997	0.001	0.001	0.001
>ACCCTTATGAAA	23-ACCCTTATGAAA	16.251505	-13.018202	0	T:3.0(3.12%),B:9.0(0.02%),P:1e-5	Tpos:598.3,Tstd:179.7,Bpos:513.6,Bstd:155.3,StrandBias:1.0,Multiplicity:1.00
0.704	0.294	0.001	0.001
0.001	0.997	0.001	0.001
0.001	0.997	0.001	0.001
0.001	0.997	0.001	0.001
0.001	0.001	0.001	0.997
0.001	0.001	0.001	0.997
0.997	0.001	0.001	0.001
0.001	0.001	0.001	0.997
0.001	0.001	0.997	0.001
0.997	0.001	0.001	0.001
0.997	0.001	0.001	0.001
0.997	0.001	0.001	0.001
>AGGCCCGGCCTA	24-AGGCCCGGCCTA	13.840865	-10.274278	0	T:2.0(2.08%),B:2.5(0.01%),P:1e-4	Tpos:491.4,Tstd:186.0,Bpos:596.5,Bstd:108.0,StrandBias:2.0,Multiplicity:2.00
0.991	0.001	0.001	0.007
0.001	0.001	0.997	0.001
0.001	0.001	0.683	0.315
0.001	0.997	0.001	0.001
0.001	0.683	0.001	0.315
0.008	0.638	0.346	0.008
0.001	0.001	0.997	0.001
0.001	0.001	0.997	0.001
0.001	0.997	0.001	0.001
0.001	0.997	0.001	0.001
0.315	0.001	0.001	0.683
0.670	0.001	0.323	0.006
>SATCTAAWTAGR	25-SATCTAAWTAGR	13.177787	-6.432921	0	T:3.0(3.12%),B:92.4(0.23%),P:1e-2	Tpos:509.7,Tstd:131.8,Bpos:435.8,Bstd:290.6,StrandBias:0.4,Multiplicity:2.00
0.001	0.450	0.548	0.001
0.595	0.001	0.001	0.403
0.001	0.222	0.001	0.776
0.001	0.997	0.001	0.001
0.001	0.001	0.001	0.997
0.997	0.001	0.001	0.001
0.863	0.001	0.001	0.135
0.494	0.001	0.001	0.504
0.001	0.001	0.001	0.997
0.997	0.001	0.001	0.001
0.001	0.001	0.997	0.001
0.559	0.001	0.439	0.001
>GCGTAAAA	1-GCGTAAAA	8.682000	-14.867341	0	T:21.0(21.88%),B:2446.8(6.17%),P:1e-6	Tpos:564.5,Tstd:261.5,Bpos:523.4,Bstd:316.7,StrandBias:0.0,Multiplicity:1.14
0.001	0.001	0.997	0.001
0.001	0.997	0.001	0.001
0.154	0.001	0.844	0.001
0.001	0.001	0.001	0.997
0.842	0.001	0.156	0.001
0.710	0.001	0.001	0.288
0.974	0.001	0.001	0.024
0.997	0.001	0.001	0.001
>TGCGTTTG	2-TGCGTTTG	7.629682	-13.530557	0	T:18.0(18.75%),B:1989.9(5.02%),P:1e-5	Tpos:538.2,Tstd:295.0,Bpos:521.6,Bstd:302.6,StrandBias:0.8,Multiplicity:1.06
0.001	0.001	0.001	0.997
0.001	0.001	0.997	0.001
0.001	0.997	0.001	0.001
0.001	0.205	0.793	0.001
0.001	0.001	0.001	0.997
0.001	0.001	0.001	0.997
0.001	0.156	0.001	0.842
0.001	0.001	0.997	0.001
>CTCAGCCT	3-CTCAGCCT	6.624296	-13.444616	0	T:35.0(36.46%),B:6456.4(16.28%),P:1e-5	Tpos:520.5,Tstd:309.2,Bpos:510.6,Bstd:322.7,StrandBias:0.5,Multiplicity:1.23
0.018	0.934	0.031	0.017
0.020	0.001	0.047	0.932
0.019	0.939	0.041	0.001
0.810	0.161	0.028	0.001
0.001	0.019	0.901	0.079
0.016	0.832	0.071	0.081
0.018	0.783	0.026	0.173
0.034	0.040	0.035	0.891
>GSCTGACT	4-GSCTGACT	7.241705	-11.521287	0	T:20.0(20.83%),B:2778.6(7.01%),P:1e-5	Tpos:484.7,Tstd:296.0,Bpos:499.1,Bstd:315.8,StrandBias:0.8,Multiplicity:1.32
0.001	0.115	0.727	0.157
0.001	0.505	0.445	0.049
0.149	0.797	0.053	0.001
0.055	0.071	0.025	0.849
0.001	0.001	0.997	0.001
0.913	0.028	0.058	0.001
0.272	0.685	0.001	0.042
0.001	0.099	0.263	0.637
>ATCCACAT	5-ATCCACAT	10.832333	-10.909603	0	T:11.0(11.46%),B:935.7(2.36%),P:1e-4	Tpos:253.9,Tstd:228.7,Bpos:487.7,Bstd:301.1,StrandBias:1.6,Multiplicity:1.09
0.997	0.001	0.001	0.001
0.001	0.001	0.001	0.997
0.001	0.997	0.001	0.001
0.001	0.997	0.001	0.001
0.997	0.001	0.001	0.001
0.001	0.997	0.001	0.001
0.789	0.001	0.001	0.209
0.001	0.001	0.001	0.997
>KGGKCATG	6-KGGKCATG	9.553356	-9.834834	0	T:11.0(11.46%),B:1054.9(2.66%),P:1e-4	Tpos:446.4,Tstd:229.5,Bpos:489.4,Bstd:282.6,StrandBias:-0.5,Multiplicity:1.09
0.001	0.001	0.437	0.561
0.001	0.001	0.997	0.001
0.001	0.001	0.997	0.001
0.001	0.001	0.497	0.501
0.001	0.997	0.001	0.001
0.997	0.001	0.001	0.001
0.001	0.001	0.001	0.997
0.001	0.001	0.997	0.001
>GTTMARAG	7-GTTMARAG	9.585646	-9.426202	0	T:19.0(19.79%),B:2958.4(7.46%),P:1e-4	Tpos:557.4,Tstd:247.0,Bpos:508.0,Bstd:305.7,StrandBias:-0.6,Multiplicity:1.05
0.001	0.001	0.997	0.001
0.001	0.001	0.001	0.997
0.001	0.001	0.001	0.997
0.507	0.491	0.001	0.001
0.997	0.001	0.001	0.001
0.446	0.001	0.552	0.001
0.997	0.001	0.001	0.001
0.001	0.001	0.997	0.001
>CTAAATAG	8-CTAAATAG	9.555195	-5.009856	0	T:9.0(9.38%),B:1387.9(3.50%),P:1e-2	Tpos:487.3,Tstd:111.4,Bpos:502.8,Bstd:302.1,StrandBias:-0.1,Multiplicity:2.00
0.001	0.997	0.001	0.001
0.001	0.001	0.001	0.997
0.997	0.001	0.001	0.001
0.997	0.001	0.001	0.001
0.778	0.001	0.001	0.220
0.001	0.001	0.001	0.997
0.997	0.001	0.001	0.001
0.001	0.001	0.997	0.001
