>GGCCTACGTGCT	8-GGCCTACGTGCT,BestGuess:PL0014.1_mxl-1::mdl-1/Jaspar(0.481)	8.755230	-11.923404	0	T:5.0(27.78%),B:637.5(1.55%),P:1e-5
0.001	0.001	0.836	0.162
0.001	0.162	0.836	0.001
0.163	0.673	0.163	0.001
0.165	0.508	0.326	0.001
0.018	0.001	0.001	0.980
0.836	0.001	0.001	0.162
0.019	0.652	0.163	0.166
0.163	0.163	0.511	0.163
0.326	0.163	0.001	0.510
0.001	0.002	0.834	0.163
0.001	0.817	0.181	0.001
0.326	0.163	0.001	0.510
