>HACGCSTCGCGT	9-HACGCSTCGCGT,BestGuess:PL0008.1_hlh-29/Jaspar(0.564)	10.933596	-8.465949	0	T:2.0(11.11%),B:47.1(0.11%),P:1e-3
0.358	0.385	0.001	0.256
0.742	0.001	0.256	0.001
0.128	0.743	0.128	0.001
0.128	0.001	0.743	0.128
0.001	0.871	0.127	0.001
0.001	0.385	0.529	0.085
0.256	0.128	0.001	0.615
0.256	0.530	0.213	0.001
0.085	0.001	0.786	0.128
0.357	0.641	0.001	0.001
0.084	0.001	0.914	0.001
0.001	0.127	0.001	0.871
