>ACGCGASGCGTD	9-HACGCSTCGCGT	10.933596	-8.465949	0	T:2.0(11.11%),B:47.1(0.11%),P:1e-3
0.871	0.001	0.127	0.001
0.001	0.914	0.001	0.084
0.001	0.001	0.641	0.357
0.128	0.786	0.001	0.085
0.001	0.213	0.530	0.256
0.615	0.001	0.128	0.256
0.085	0.529	0.385	0.001
0.001	0.127	0.871	0.001
0.128	0.743	0.001	0.128
0.001	0.128	0.743	0.128
0.001	0.256	0.001	0.742
0.256	0.001	0.385	0.358
