>CTAGGTCACCAM	25-CTAGGTCACCAM	9.781847	-5.952292	0	T:3.0(16.67%),B:639.8(1.56%),P:1e-2
0.001	0.899	0.001	0.099
0.143	0.001	0.001	0.855
0.726	0.073	0.001	0.200
0.111	0.096	0.792	0.001
0.241	0.100	0.658	0.001
0.144	0.295	0.001	0.560
0.001	0.895	0.103	0.001
0.875	0.001	0.001	0.123
0.103	0.895	0.001	0.001
0.001	0.895	0.103	0.001
0.472	0.001	0.309	0.218
0.489	0.509	0.001	0.001
