>BAACTAGTTGAT	1-BAACTAGTTGAT	9.234672	-22.138933	0	T:7.0(24.14%),B:207.4(0.55%),P:1e-9	Tpos:565.6,Tstd:113.5,Bpos:528.8,Bstd:340.2,StrandBias:-1.6,Multiplicity:1.00
0.001	0.358	0.387	0.255
0.650	0.001	0.001	0.348
0.997	0.001	0.001	0.001
0.001	0.997	0.001	0.001
0.001	0.001	0.008	0.990
0.997	0.001	0.001	0.001
0.009	0.001	0.989	0.001
0.010	0.001	0.001	0.988
0.001	0.001	0.348	0.650
0.001	0.001	0.997	0.001
0.744	0.001	0.001	0.254
0.001	0.348	0.001	0.650
>AAGGTTCTAGTA	2-AAGGTTCTAGTA	11.577061	-17.807719	0	T:6.0(20.69%),B:220.8(0.59%),P:1e-7	Tpos:813.2,Tstd:125.2,Bpos:489.2,Bstd:319.6,StrandBias:-1.0,Multiplicity:1.00
0.795	0.001	0.008	0.196
0.997	0.001	0.001	0.001
0.149	0.001	0.645	0.205
0.180	0.131	0.548	0.141
0.001	0.001	0.001	0.997
0.001	0.001	0.001	0.997
0.001	0.830	0.001	0.168
0.006	0.180	0.001	0.813
0.997	0.001	0.001	0.001
0.001	0.001	0.997	0.001
0.130	0.001	0.001	0.868
0.539	0.319	0.001	0.141
>CTGTCACGTATT	3-CTGTCACGTATT	10.441934	-17.054307	0	T:9.0(31.03%),B:991.4(2.63%),P:1e-7	Tpos:484.7,Tstd:262.7,Bpos:548.9,Bstd:309.5,StrandBias:1.0,Multiplicity:1.00
0.120	0.544	0.001	0.335
0.001	0.001	0.001	0.997
0.001	0.142	0.568	0.289
0.001	0.176	0.001	0.822
0.001	0.997	0.001	0.001
0.979	0.001	0.001	0.019
0.231	0.748	0.020	0.001
0.001	0.112	0.777	0.110
0.415	0.001	0.001	0.583
0.527	0.177	0.120	0.176
0.112	0.001	0.120	0.767
0.159	0.001	0.001	0.839
>TTAATAGTCTCG	4-TTAATAGTCTCG	14.581123	-14.746699	0	T:3.0(10.34%),B:16.7(0.04%),P:1e-6	Tpos:538.5,Tstd:347.0,Bpos:510.1,Bstd:307.4,StrandBias:0.0,Multiplicity:1.33
0.001	0.001	0.001	0.997
0.257	0.001	0.001	0.741
0.997	0.001	0.001	0.001
0.997	0.001	0.001	0.001
0.001	0.001	0.001	0.997
0.997	0.001	0.001	0.001
0.236	0.001	0.762	0.001
0.001	0.001	0.001	0.997
0.001	0.753	0.001	0.245
0.001	0.001	0.001	0.997
0.001	0.997	0.001	0.001
0.001	0.001	0.997	0.001
>SGYACKGAWWGT	5-SGYACKGAWWGT	10.707218	-13.843274	0	T:4.0(13.79%),B:94.2(0.25%),P:1e-6	Tpos:315.2,Tstd:209.9,Bpos:501.1,Bstd:311.4,StrandBias:1.6,Multiplicity:1.00
0.001	0.502	0.496	0.001
0.001	0.001	0.962	0.036
0.036	0.502	0.001	0.461
0.966	0.001	0.001	0.032
0.001	0.997	0.001	0.001
0.001	0.001	0.572	0.426
0.001	0.001	0.997	0.001
0.997	0.001	0.001	0.001
0.572	0.001	0.001	0.426
0.529	0.001	0.001	0.469
0.075	0.001	0.923	0.001
0.001	0.001	0.001	0.997
>TACATTTGGAGG	6-TACATTTGGAGG	14.597144	-13.424562	0	T:3.0(10.34%),B:26.9(0.07%),P:1e-5	Tpos:622.5,Tstd:117.4,Bpos:514.7,Bstd:260.8,StrandBias:1.6,Multiplicity:1.33
0.001	0.001	0.001	0.997
0.997	0.001	0.001	0.001
0.001	0.749	0.001	0.249
0.997	0.001	0.001	0.001
0.001	0.001	0.001	0.997
0.001	0.001	0.001	0.997
0.001	0.001	0.001	0.997
0.001	0.001	0.997	0.001
0.001	0.001	0.997	0.001
0.997	0.001	0.001	0.001
0.201	0.001	0.539	0.259
0.001	0.001	0.997	0.001
>TATACAATTGTA	7-TATACAATTGTA	16.285028	-10.571031	0	T:2.0(6.90%),B:8.5(0.02%),P:1e-4	Tpos:544.3,Tstd:21.0,Bpos:520.5,Bstd:187.9,StrandBias:1.0,Multiplicity:1.00
0.001	0.001	0.001	0.997
0.728	0.001	0.001	0.270
0.001	0.001	0.001	0.997
0.997	0.001	0.001	0.001
0.001	0.997	0.001	0.001
0.997	0.001	0.001	0.001
0.997	0.001	0.001	0.001
0.001	0.001	0.001	0.997
0.001	0.001	0.001	0.997
0.001	0.001	0.997	0.001
0.001	0.001	0.001	0.997
0.997	0.001	0.001	0.001
>WTAAACAATTTB	8-WTAAACAATTTB	11.487774	-7.924507	0	T:9.0(31.03%),B:3077.2(8.17%),P:1e-3	Tpos:392.1,Tstd:249.8,Bpos:496.5,Bstd:305.0,StrandBias:0.0,Multiplicity:1.33
0.451	0.001	0.186	0.362
0.127	0.279	0.001	0.593
0.997	0.001	0.001	0.001
0.997	0.001	0.001	0.001
0.997	0.001	0.001	0.001
0.001	0.997	0.001	0.001
0.847	0.001	0.001	0.151
0.997	0.001	0.001	0.001
0.001	0.001	0.001	0.997
0.001	0.001	0.203	0.795
0.001	0.001	0.001	0.997
0.001	0.413	0.313	0.273
