>RTGAGATG	1-RTGAGATG	7.833175	-11.790606	0	T:15.0(51.72%),B:5920.9(15.73%),P:1e-5	Tpos:628.6,Tstd:321.5,Bpos:508.4,Bstd:327.4,StrandBias:0.2,Multiplicity:1.27
0.563	0.001	0.435	0.001
0.001	0.001	0.001	0.997
0.347	0.001	0.651	0.001
0.860	0.001	0.001	0.138
0.001	0.001	0.997	0.001
0.997	0.001	0.001	0.001
0.001	0.001	0.001	0.997
0.001	0.001	0.997	0.001
>CRCATCTG	2-CRCATCTG	7.841441	-10.738112	0	T:9.0(31.03%),B:2134.1(5.67%),P:1e-4	Tpos:463.9,Tstd:217.8,Bpos:488.6,Bstd:327.9,StrandBias:0.8,Multiplicity:1.11
0.022	0.965	0.012	0.001
0.431	0.012	0.547	0.010
0.001	0.618	0.273	0.108
0.989	0.001	0.001	0.009
0.112	0.039	0.036	0.813
0.001	0.997	0.001	0.001
0.035	0.001	0.001	0.963
0.112	0.001	0.882	0.005
>ACTAGAAC	3-ACTAGAAC	6.769866	-10.001939	0	T:10.0(34.48%),B:2961.0(7.87%),P:1e-4	Tpos:564.3,Tstd:252.6,Bpos:504.2,Bstd:321.1,StrandBias:0.0,Multiplicity:1.20
0.879	0.001	0.119	0.001
0.001	0.945	0.053	0.001
0.001	0.001	0.001	0.997
0.997	0.001	0.001	0.001
0.001	0.001	0.997	0.001
0.783	0.120	0.001	0.096
0.997	0.001	0.001	0.001
0.001	0.997	0.001	0.001
>CAACTAGT	4-CAACTAGT	10.966182	-7.798945	0	T:5.0(17.24%),B:833.3(2.21%),P:1e-3	Tpos:636.2,Tstd:207.1,Bpos:529.7,Bstd:329.7,StrandBias:0.0,Multiplicity:1.00
0.001	0.902	0.001	0.096
0.997	0.001	0.001	0.001
0.997	0.001	0.001	0.001
0.001	0.997	0.001	0.001
0.001	0.001	0.001	0.997
0.997	0.001	0.001	0.001
0.001	0.001	0.997	0.001
0.001	0.001	0.001	0.997
>TWCAGTGA	5-TWCAGTGA	9.402008	-6.382540	0	T:11.0(37.93%),B:5480.6(14.56%),P:1e-2	Tpos:488.4,Tstd:323.0,Bpos:516.7,Bstd:311.4,StrandBias:0.2,Multiplicity:1.55
0.001	0.001	0.001	0.997
0.447	0.040	0.001	0.512
0.001	0.577	0.421	0.001
0.997	0.001	0.001	0.001
0.001	0.001	0.997	0.001
0.001	0.001	0.001	0.997
0.001	0.001	0.997	0.001
0.997	0.001	0.001	0.001
