>CACAGATGGA	1-CACAGATGGA	9.250023	-24.870410	0	T:23.0(12.78%),B:855.0(2.16%),P:1e-10	Tpos:494.2,Tstd:287.9,Bpos:495.7,Bstd:293.4,StrandBias:-0.5,Multiplicity:1.04
0.118	0.658	0.223	0.001
0.997	0.001	0.001	0.001
0.058	0.560	0.001	0.381
0.931	0.001	0.001	0.067
0.042	0.001	0.956	0.001
0.853	0.001	0.001	0.145
0.001	0.001	0.001	0.997
0.001	0.187	0.811	0.001
0.001	0.220	0.778	0.001
0.798	0.200	0.001	0.001
>TCTCGTCTAC	2-TCTCGTCTAC	7.114344	-22.037924	0	T:38.0(21.11%),B:2640.7(6.69%),P:1e-9	Tpos:475.2,Tstd:263.1,Bpos:513.9,Bstd:304.9,StrandBias:-0.8,Multiplicity:1.08
0.308	0.001	0.001	0.690
0.001	0.745	0.001	0.253
0.409	0.027	0.001	0.563
0.001	0.997	0.001	0.001
0.016	0.017	0.966	0.001
0.001	0.042	0.001	0.956
0.001	0.997	0.001	0.001
0.001	0.001	0.001	0.997
0.693	0.001	0.001	0.305
0.026	0.678	0.295	0.001
>TTATAGACTG	3-TTATAGACTG	9.565536	-20.170773	0	T:18.0(10.00%),B:646.2(1.64%),P:1e-8	Tpos:556.4,Tstd:358.3,Bpos:504.4,Bstd:290.0,StrandBias:-0.7,Multiplicity:1.00
0.001	0.001	0.001	0.997
0.079	0.001	0.001	0.919
0.823	0.055	0.055	0.067
0.052	0.077	0.060	0.811
0.969	0.001	0.001	0.029
0.027	0.059	0.882	0.032
0.905	0.001	0.093	0.001
0.031	0.933	0.001	0.035
0.064	0.087	0.001	0.848
0.001	0.001	0.969	0.029
>TTTAGAGCTG	4-TTTAGAGCTG	7.535471	-19.823971	0	T:42.0(23.33%),B:3400.9(8.61%),P:1e-8	Tpos:450.1,Tstd:297.4,Bpos:491.0,Bstd:315.8,StrandBias:0.2,Multiplicity:1.14
0.081	0.013	0.029	0.877
0.092	0.074	0.066	0.768
0.023	0.090	0.032	0.855
0.698	0.125	0.088	0.089
0.098	0.067	0.778	0.057
0.799	0.069	0.070	0.062
0.028	0.046	0.858	0.068
0.061	0.793	0.102	0.044
0.072	0.109	0.049	0.770
0.073	0.053	0.815	0.059
>TGGTAGGAAC	5-TGGTAGGAAC	10.151403	-19.821416	0	T:15.0(8.33%),B:432.5(1.09%),P:1e-8	Tpos:517.0,Tstd:258.6,Bpos:489.7,Bstd:284.7,StrandBias:0.0,Multiplicity:1.07
0.076	0.001	0.001	0.922
0.100	0.001	0.828	0.071
0.001	0.116	0.812	0.071
0.001	0.001	0.001	0.997
0.924	0.001	0.074	0.001
0.001	0.001	0.997	0.001
0.056	0.096	0.847	0.001
0.860	0.138	0.001	0.001
0.997	0.001	0.001	0.001
0.104	0.894	0.001	0.001
>TAAATCGCCT	6-TAAATCGCCT	9.053516	-19.369266	0	T:22.0(12.22%),B:1044.3(2.64%),P:1e-8	Tpos:502.2,Tstd:320.9,Bpos:488.7,Bstd:319.1,StrandBias:0.3,Multiplicity:1.14
0.001	0.001	0.094	0.904
0.713	0.285	0.001	0.001
0.672	0.326	0.001	0.001
0.661	0.337	0.001	0.001
0.001	0.001	0.001	0.997
0.001	0.806	0.001	0.192
0.001	0.068	0.930	0.001
0.001	0.706	0.114	0.179
0.089	0.909	0.001	0.001
0.110	0.001	0.077	0.812
>GTCTGGATTA	7-GTCTGGATTA	10.195078	-19.194686	0	T:11.0(6.11%),B:203.3(0.51%),P:1e-8	Tpos:486.4,Tstd:240.8,Bpos:479.9,Bstd:260.6,StrandBias:-0.3,Multiplicity:1.00
0.001	0.001	0.967	0.031
0.072	0.001	0.001	0.926
0.074	0.829	0.096	0.001
0.001	0.001	0.001	0.997
0.001	0.001	0.933	0.065
0.052	0.001	0.946	0.001
0.876	0.122	0.001	0.001
0.039	0.001	0.079	0.881
0.001	0.186	0.047	0.766
0.949	0.001	0.001	0.049
>AGCTTAGTAA	8-AGCTTAGTAA	9.315064	-18.707280	0	T:16.0(8.89%),B:547.1(1.39%),P:1e-8	Tpos:483.7,Tstd:273.7,Bpos:505.7,Bstd:296.5,StrandBias:-0.7,Multiplicity:1.12
0.520	0.001	0.127	0.352
0.001	0.001	0.902	0.096
0.001	0.997	0.001	0.001
0.117	0.001	0.326	0.556
0.001	0.001	0.001	0.997
0.997	0.001	0.001	0.001
0.080	0.095	0.824	0.001
0.001	0.208	0.150	0.641
0.997	0.001	0.001	0.001
0.997	0.001	0.001	0.001
>AGATTTGAGT	9-AGATTTGAGT	7.911822	-18.651470	0	T:30.0(16.67%),B:1969.1(4.98%),P:1e-8	Tpos:433.6,Tstd:294.1,Bpos:489.6,Bstd:298.6,StrandBias:-0.5,Multiplicity:1.13
0.488	0.196	0.306	0.010
0.206	0.237	0.543	0.014
0.597	0.006	0.225	0.172
0.001	0.006	0.024	0.969
0.241	0.019	0.042	0.698
0.253	0.165	0.019	0.563
0.054	0.228	0.587	0.131
0.490	0.312	0.001	0.197
0.004	0.023	0.824	0.149
0.133	0.192	0.028	0.647
>TCAGTTAGAT	10-TCAGTTAGAT	9.823672	-17.686794	0	T:19.0(10.56%),B:854.9(2.16%),P:1e-7	Tpos:489.2,Tstd:331.2,Bpos:508.5,Bstd:293.7,StrandBias:-0.6,Multiplicity:1.05
0.055	0.088	0.082	0.775
0.001	0.997	0.001	0.001
0.861	0.001	0.067	0.071
0.033	0.001	0.923	0.043
0.001	0.052	0.001	0.946
0.001	0.001	0.001	0.997
0.943	0.055	0.001	0.001
0.001	0.062	0.897	0.040
0.817	0.001	0.101	0.081
0.044	0.001	0.066	0.889
>TAGGCCTACT	11-TAGGCCTACT	8.575918	-16.703990	0	T:13.0(7.22%),B:396.9(1.00%),P:1e-7	Tpos:371.1,Tstd:261.2,Bpos:484.6,Bstd:327.7,StrandBias:-1.4,Multiplicity:1.08
0.001	0.001	0.001	0.997
0.997	0.001	0.001	0.001
0.001	0.001	0.945	0.053
0.001	0.115	0.883	0.001
0.001	0.892	0.106	0.001
0.001	0.905	0.001	0.093
0.085	0.001	0.102	0.812
0.919	0.001	0.001	0.079
0.077	0.823	0.099	0.001
0.001	0.096	0.001	0.902
>CCCAATTTCC	12-CCCAATTTCC	10.795625	-15.504070	0	T:13.0(7.22%),B:442.0(1.12%),P:1e-6	Tpos:440.9,Tstd:303.8,Bpos:536.3,Bstd:330.2,StrandBias:2.7,Multiplicity:1.15
0.001	0.997	0.001	0.001
0.001	0.997	0.001	0.001
0.001	0.997	0.001	0.001
0.917	0.001	0.001	0.081
0.997	0.001	0.001	0.001
0.001	0.182	0.001	0.816
0.001	0.001	0.001	0.997
0.093	0.094	0.001	0.812
0.001	0.997	0.001	0.001
0.001	0.920	0.078	0.001
>GACTAATGAG	13-GACTAATGAG	9.923451	-14.850751	0	T:11.0(6.11%),B:317.2(0.80%),P:1e-6	Tpos:494.3,Tstd:314.4,Bpos:513.7,Bstd:305.2,StrandBias:-0.2,Multiplicity:1.18
0.001	0.001	0.937	0.061
0.820	0.001	0.001	0.178
0.063	0.893	0.043	0.001
0.001	0.001	0.114	0.884
0.997	0.001	0.001	0.001
0.794	0.204	0.001	0.001
0.175	0.194	0.001	0.630
0.001	0.006	0.992	0.001
0.973	0.007	0.019	0.001
0.001	0.001	0.997	0.001
>TGAAYTTGTG	14-TGAAYTTGTG	7.340059	-14.758917	0	T:71.0(39.44%),B:8971.4(22.71%),P:1e-6	Tpos:477.4,Tstd:282.4,Bpos:507.4,Bstd:302.1,StrandBias:-0.1,Multiplicity:1.23
0.145	0.110	0.119	0.626
0.188	0.149	0.557	0.106
0.759	0.044	0.101	0.096
0.782	0.046	0.047	0.125
0.184	0.359	0.161	0.296
0.121	0.055	0.082	0.742
0.113	0.054	0.079	0.754
0.105	0.148	0.518	0.229
0.155	0.060	0.065	0.720
0.108	0.144	0.534	0.214
>TGTTGTACAA	15-TGTTGTACAA	9.342617	-14.466144	0	T:34.0(18.89%),B:2943.8(7.45%),P:1e-6	Tpos:549.6,Tstd:269.1,Bpos:509.3,Bstd:290.7,StrandBias:0.0,Multiplicity:1.03
0.109	0.150	0.004	0.737
0.001	0.001	0.666	0.332
0.001	0.104	0.008	0.887
0.076	0.010	0.001	0.913
0.071	0.305	0.623	0.001
0.001	0.372	0.021	0.606
0.930	0.068	0.001	0.001
0.002	0.937	0.001	0.060
0.795	0.060	0.022	0.123
0.893	0.105	0.001	0.001
>GCTCGAGCCC	16-GCTCGAGCCC	7.622038	-14.217780	0	T:21.0(11.67%),B:1297.6(3.28%),P:1e-6	Tpos:442.6,Tstd:270.8,Bpos:496.9,Bstd:322.4,StrandBias:-0.4,Multiplicity:1.10
0.148	0.107	0.655	0.090
0.059	0.798	0.001	0.142
0.041	0.092	0.096	0.771
0.064	0.832	0.015	0.089
0.001	0.062	0.880	0.057
0.913	0.050	0.001	0.036
0.021	0.060	0.918	0.001
0.130	0.738	0.060	0.072
0.098	0.674	0.116	0.112
0.024	0.832	0.055	0.089
>GCACAATTGG	17-GCACAATTGG	9.564942	-13.444778	0	T:20.0(11.11%),B:1247.0(3.16%),P:1e-5	Tpos:474.5,Tstd:298.8,Bpos:485.1,Bstd:301.8,StrandBias:-0.5,Multiplicity:1.20
0.041	0.001	0.957	0.001
0.001	0.997	0.001	0.001
0.957	0.001	0.001	0.041
0.083	0.855	0.001	0.061
0.792	0.106	0.101	0.001
0.839	0.083	0.077	0.001
0.054	0.001	0.001	0.944
0.001	0.001	0.001	0.997
0.001	0.070	0.819	0.110
0.034	0.049	0.881	0.036
>ACATGTCCCA	18-ACATGTCCCA	10.967816	-12.340278	0	T:7.0(3.89%),B:136.9(0.35%),P:1e-5	Tpos:502.0,Tstd:268.4,Bpos:491.7,Bstd:322.1,StrandBias:1.2,Multiplicity:1.43
0.997	0.001	0.001	0.001
0.001	0.890	0.108	0.001
0.876	0.122	0.001	0.001
0.001	0.001	0.001	0.997
0.001	0.001	0.997	0.001
0.001	0.128	0.001	0.870
0.001	0.997	0.001	0.001
0.083	0.915	0.001	0.001
0.001	0.997	0.001	0.001
0.997	0.001	0.001	0.001
>AGTCGAAAGA	19-AGTCGAAAGA	8.504728	-12.071674	0	T:24.0(13.33%),B:1873.4(4.74%),P:1e-5	Tpos:505.9,Tstd:298.6,Bpos:513.6,Bstd:298.2,StrandBias:-0.3,Multiplicity:1.21
0.817	0.044	0.001	0.138
0.001	0.043	0.955	0.001
0.001	0.233	0.081	0.685
0.001	0.911	0.001	0.087
0.087	0.003	0.819	0.091
0.882	0.077	0.001	0.040
0.668	0.090	0.050	0.192
0.839	0.039	0.001	0.121
0.027	0.040	0.932	0.001
0.528	0.050	0.102	0.320
>GGGTSTCKCC	20-GGGTSTCKCC	5.648976	-11.853859	0	T:18.0(10.00%),B:1152.1(2.92%),P:1e-5	Tpos:578.3,Tstd:264.3,Bpos:532.0,Bstd:312.0,StrandBias:0.4,Multiplicity:1.28
0.001	0.001	0.997	0.001
0.001	0.001	0.997	0.001
0.001	0.001	0.997	0.001
0.066	0.071	0.001	0.862
0.001	0.516	0.402	0.081
0.001	0.001	0.001	0.997
0.001	0.997	0.001	0.001
0.001	0.001	0.515	0.483
0.001	0.620	0.378	0.001
0.001	0.997	0.001	0.001
>CGCYTGGTCC	21-CGCYTGGTCC	8.190659	-10.689014	0	T:13.0(7.22%),B:693.4(1.76%),P:1e-4	Tpos:504.5,Tstd:295.3,Bpos:540.1,Bstd:303.3,StrandBias:0.8,Multiplicity:1.17
0.001	0.997	0.001	0.001
0.001	0.001	0.997	0.001
0.001	0.985	0.013	0.001
0.200	0.406	0.001	0.393
0.169	0.001	0.001	0.829
0.248	0.001	0.750	0.001
0.157	0.001	0.841	0.001
0.165	0.001	0.001	0.833
0.001	0.833	0.165	0.001
0.370	0.628	0.001	0.001
>GCCATCGTGT	22-GCCATCGTGT	10.980156	-10.501783	0	T:6.0(3.33%),B:122.3(0.31%),P:1e-4	Tpos:479.0,Tstd:328.6,Bpos:455.3,Bstd:294.0,StrandBias:-1.2,Multiplicity:1.67
0.001	0.001	0.900	0.098
0.001	0.997	0.001	0.001
0.001	0.997	0.001	0.001
0.997	0.001	0.001	0.001
0.108	0.001	0.145	0.746
0.001	0.997	0.001	0.001
0.001	0.001	0.891	0.107
0.001	0.001	0.001	0.997
0.123	0.001	0.875	0.001
0.001	0.001	0.001	0.997
>SCGCGGCSCC	23-SCGCGGCSCC	6.971141	-9.340081	0	T:25.0(13.89%),B:2370.7(6.00%),P:1e-4	Tpos:594.3,Tstd:265.5,Bpos:512.1,Bstd:338.1,StrandBias:0.0,Multiplicity:1.25
0.207	0.367	0.265	0.161
0.058	0.544	0.160	0.238
0.297	0.030	0.672	0.001
0.059	0.862	0.078	0.001
0.157	0.051	0.648	0.144
0.001	0.104	0.894	0.001
0.030	0.894	0.001	0.075
0.001	0.476	0.342	0.181
0.168	0.717	0.025	0.090
0.001	0.851	0.001	0.147
>CACTAATTAG	24-CACTAATTAG	8.621811	-9.074511	0	T:7.0(3.89%),B:231.7(0.59%),P:1e-3	Tpos:569.2,Tstd:285.4,Bpos:547.4,Bstd:279.2,StrandBias:-0.7,Multiplicity:1.43
0.001	0.997	0.001	0.001
0.997	0.001	0.001	0.001
0.001	0.935	0.001	0.063
0.001	0.001	0.001	0.997
0.997	0.001	0.001	0.001
0.997	0.001	0.001	0.001
0.001	0.001	0.001	0.997
0.001	0.001	0.094	0.904
0.997	0.001	0.001	0.001
0.001	0.085	0.913	0.001
>CGCTTGGCAT	25-CGCTTGGCAT	10.065628	-7.712646	0	T:5.0(2.78%),B:134.2(0.34%),P:1e-3	Tpos:410.1,Tstd:188.5,Bpos:465.2,Bstd:291.6,StrandBias:3.0,Multiplicity:1.80
0.001	0.739	0.259	0.001
0.001	0.001	0.997	0.001
0.001	0.697	0.301	0.001
0.091	0.001	0.001	0.907
0.001	0.001	0.001	0.997
0.001	0.001	0.997	0.001
0.001	0.001	0.997	0.001
0.001	0.997	0.001	0.001
0.675	0.323	0.001	0.001
0.001	0.001	0.001	0.997
