>TGTGCGGAAAGG	1-TGTGCGGAAAGG	13.677032	-24.873227	0	T:7.0(3.89%),B:18.0(0.05%),P:1e-10	Tpos:472.0,Tstd:248.6,Bpos:520.2,Bstd:270.0,StrandBias:2.6,Multiplicity:1.00
0.001	0.001	0.001	0.997
0.001	0.198	0.628	0.173
0.001	0.001	0.001	0.997
0.001	0.001	0.997	0.001
0.001	0.826	0.001	0.172
0.001	0.001	0.997	0.001
0.001	0.001	0.997	0.001
0.997	0.001	0.001	0.001
0.997	0.001	0.001	0.001
0.997	0.001	0.001	0.001
0.122	0.001	0.876	0.001
0.158	0.001	0.840	0.001
>CTTTGTTGTACG	2-CTTTGTTGTACG	13.969973	-24.873227	0	T:7.0(3.89%),B:18.0(0.05%),P:1e-10	Tpos:465.6,Tstd:193.1,Bpos:686.5,Bstd:202.3,StrandBias:1.3,Multiplicity:1.00
0.001	0.997	0.001	0.001
0.001	0.001	0.001	0.997
0.001	0.001	0.001	0.997
0.001	0.001	0.001	0.997
0.001	0.001	0.997	0.001
0.001	0.001	0.001	0.997
0.001	0.001	0.001	0.997
0.178	0.001	0.684	0.137
0.001	0.001	0.001	0.997
0.794	0.204	0.001	0.001
0.001	0.997	0.001	0.001
0.001	0.001	0.657	0.341
>ATCTCCAAAATC	3-ATCTCCAAAATC	12.689625	-20.137821	0	T:13.0(7.22%),B:293.3(0.74%),P:1e-8	Tpos:387.7,Tstd:241.1,Bpos:476.9,Bstd:291.5,StrandBias:-0.8,Multiplicity:1.08
0.908	0.001	0.001	0.090
0.001	0.132	0.001	0.866
0.001	0.947	0.001	0.051
0.087	0.001	0.001	0.911
0.001	0.852	0.095	0.052
0.001	0.997	0.001	0.001
0.997	0.001	0.001	0.001
0.848	0.150	0.001	0.001
0.997	0.001	0.001	0.001
0.861	0.001	0.001	0.137
0.001	0.001	0.001	0.997
0.001	0.861	0.137	0.001
>SGGAAAAACCCC	4-SGGAAAAACCCC	9.322282	-20.095900	0	T:20.0(11.11%),B:819.7(2.08%),P:1e-8	Tpos:555.1,Tstd:288.5,Bpos:510.1,Bstd:312.8,StrandBias:0.5,Multiplicity:1.20
0.072	0.519	0.400	0.009
0.055	0.072	0.847	0.026
0.001	0.172	0.826	0.001
0.955	0.001	0.001	0.043
0.613	0.001	0.385	0.001
0.783	0.153	0.001	0.063
0.687	0.154	0.158	0.001
0.629	0.055	0.261	0.055
0.034	0.929	0.001	0.036
0.249	0.749	0.001	0.001
0.326	0.531	0.088	0.055
0.135	0.863	0.001	0.001
>AGTTTTCTGCTA	5-AGTTTTCTGCTA	13.195338	-19.196544	0	T:10.0(5.56%),B:154.5(0.39%),P:1e-8	Tpos:624.3,Tstd:249.3,Bpos:512.9,Bstd:290.4,StrandBias:1.4,Multiplicity:1.10
0.997	0.001	0.001	0.001
0.001	0.119	0.879	0.001
0.001	0.001	0.180	0.818
0.001	0.001	0.001	0.997
0.001	0.001	0.001	0.997
0.001	0.001	0.001	0.997
0.001	0.908	0.001	0.090
0.091	0.146	0.001	0.762
0.001	0.001	0.919	0.079
0.001	0.903	0.001	0.095
0.001	0.001	0.001	0.997
0.917	0.001	0.001	0.081
>TCTACACTAGAC	6-TCTACACTAGAC	13.879961	-19.063695	0	T:5.0(2.78%),B:10.6(0.03%),P:1e-8	Tpos:338.8,Tstd:315.9,Bpos:499.6,Bstd:335.9,StrandBias:-0.6,Multiplicity:1.00
0.001	0.001	0.001	0.997
0.001	0.997	0.001	0.001
0.001	0.001	0.001	0.997
0.997	0.001	0.001	0.001
0.001	0.826	0.172	0.001
0.997	0.001	0.001	0.001
0.001	0.667	0.001	0.331
0.001	0.001	0.001	0.997
0.667	0.001	0.001	0.331
0.001	0.001	0.997	0.001
0.997	0.001	0.001	0.001
0.147	0.851	0.001	0.001
>CCTAAAGAAMTT	7-CCTAAAGAAMTT	12.859790	-18.928784	0	T:8.0(4.44%),B:78.1(0.20%),P:1e-8	Tpos:514.7,Tstd:244.6,Bpos:486.5,Bstd:289.0,StrandBias:-0.8,Multiplicity:1.38
0.222	0.776	0.001	0.001
0.001	0.780	0.001	0.218
0.078	0.001	0.003	0.918
0.997	0.001	0.001	0.001
0.997	0.001	0.001	0.001
0.939	0.001	0.001	0.059
0.001	0.001	0.997	0.001
0.997	0.001	0.001	0.001
0.997	0.001	0.001	0.001
0.528	0.470	0.001	0.001
0.001	0.001	0.001	0.997
0.001	0.001	0.001	0.997
>AGCTCCAGAAAG	8-AGCTCCAGAAAG	13.703305	-18.641926	0	T:6.0(3.33%),B:27.2(0.07%),P:1e-8	Tpos:375.9,Tstd:275.5,Bpos:404.7,Bstd:267.0,StrandBias:-0.4,Multiplicity:1.17
0.792	0.001	0.206	0.001
0.001	0.001	0.997	0.001
0.001	0.997	0.001	0.001
0.001	0.001	0.001	0.997
0.001	0.997	0.001	0.001
0.001	0.997	0.001	0.001
0.866	0.001	0.001	0.132
0.115	0.001	0.883	0.001
0.792	0.001	0.001	0.206
0.997	0.001	0.001	0.001
0.997	0.001	0.001	0.001
0.001	0.001	0.871	0.127
>CCCAATTTCCCC	9-CCCAATTTCCCC	14.308167	-18.088676	0	T:6.0(3.33%),B:30.5(0.08%),P:1e-7	Tpos:337.1,Tstd:346.7,Bpos:477.8,Bstd:332.7,StrandBias:2.6,Multiplicity:1.17
0.001	0.997	0.001	0.001
0.001	0.997	0.001	0.001
0.001	0.997	0.001	0.001
0.997	0.001	0.001	0.001
0.997	0.001	0.001	0.001
0.001	0.001	0.001	0.997
0.001	0.001	0.001	0.997
0.174	0.001	0.001	0.824
0.001	0.997	0.001	0.001
0.001	0.690	0.187	0.122
0.001	0.997	0.001	0.001
0.001	0.997	0.001	0.001
>CTGGKSKCCSTG	10-CTGGKSKCCSTG	7.565118	-16.601067	0	T:32.0(17.78%),B:2419.0(6.12%),P:1e-7	Tpos:542.0,Tstd:303.0,Bpos:496.4,Bstd:308.9,StrandBias:0.1,Multiplicity:1.26
0.081	0.502	0.336	0.081
0.001	0.065	0.224	0.710
0.092	0.336	0.571	0.001
0.001	0.001	0.997	0.001
0.001	0.001	0.571	0.427
0.001	0.381	0.445	0.173
0.001	0.001	0.542	0.456
0.092	0.877	0.001	0.030
0.374	0.541	0.084	0.001
0.001	0.486	0.512	0.001
0.003	0.302	0.001	0.694
0.229	0.226	0.544	0.001
>ATTAAATCGCCT	11-ATTAAATCGCCT	11.107339	-16.336032	0	T:9.0(5.00%),B:158.7(0.40%),P:1e-7	Tpos:504.2,Tstd:352.2,Bpos:480.6,Bstd:331.1,StrandBias:-1.4,Multiplicity:1.22
0.870	0.001	0.001	0.128
0.108	0.001	0.234	0.657
0.081	0.001	0.003	0.915
0.666	0.001	0.234	0.099
0.851	0.001	0.147	0.001
0.997	0.001	0.001	0.001
0.001	0.001	0.001	0.997
0.083	0.808	0.001	0.108
0.047	0.089	0.783	0.081
0.047	0.767	0.001	0.185
0.187	0.811	0.001	0.001
0.092	0.001	0.003	0.904
>TTTGTTATCAAT	12-TTTGTTATCAAT	13.731358	-16.083418	0	T:9.0(5.00%),B:163.4(0.41%),P:1e-6	Tpos:664.4,Tstd:284.1,Bpos:546.8,Bstd:292.8,StrandBias:-0.3,Multiplicity:1.00
0.098	0.001	0.001	0.900
0.001	0.001	0.001	0.997
0.001	0.139	0.001	0.859
0.001	0.001	0.997	0.001
0.001	0.173	0.001	0.825
0.001	0.001	0.001	0.997
0.910	0.088	0.001	0.001
0.001	0.001	0.001	0.997
0.001	0.997	0.001	0.001
0.997	0.001	0.001	0.001
0.997	0.001	0.001	0.001
0.001	0.001	0.001	0.997
>ATTTTTCGGCTA	13-ATTTTTCGGCTA	12.607848	-15.066784	0	T:14.0(7.78%),B:541.3(1.37%),P:1e-6	Tpos:419.2,Tstd:235.1,Bpos:485.9,Bstd:331.6,StrandBias:-0.5,Multiplicity:1.21
0.887	0.001	0.111	0.001
0.001	0.001	0.001	0.997
0.001	0.001	0.001	0.997
0.001	0.001	0.001	0.997
0.001	0.001	0.001	0.997
0.001	0.001	0.001	0.997
0.001	0.869	0.001	0.129
0.044	0.001	0.885	0.070
0.001	0.001	0.917	0.081
0.001	0.997	0.001	0.001
0.050	0.090	0.001	0.859
0.679	0.171	0.077	0.073
>AAACATGTCCCA	14-AAACATGTCCCA	13.195846	-15.033848	0	T:6.0(3.33%),B:53.6(0.14%),P:1e-6	Tpos:441.7,Tstd:258.2,Bpos:497.0,Bstd:293.0,StrandBias:1.0,Multiplicity:1.50
0.997	0.001	0.001	0.001
0.997	0.001	0.001	0.001
0.997	0.001	0.001	0.001
0.136	0.645	0.218	0.001
0.525	0.256	0.001	0.218
0.001	0.001	0.001	0.997
0.001	0.001	0.997	0.001
0.001	0.001	0.001	0.997
0.001	0.997	0.001	0.001
0.159	0.839	0.001	0.001
0.174	0.824	0.001	0.001
0.997	0.001	0.001	0.001
>ADGCATGGCATT	15-ADGCATGGCATT	9.368605	-14.872683	0	T:22.0(12.22%),B:1357.3(3.44%),P:1e-6	Tpos:432.7,Tstd:226.2,Bpos:506.9,Bstd:292.7,StrandBias:0.5,Multiplicity:1.23
0.896	0.001	0.102	0.001
0.265	0.109	0.275	0.351
0.202	0.103	0.546	0.149
0.001	0.817	0.001	0.181
0.711	0.001	0.287	0.001
0.007	0.001	0.004	0.988
0.083	0.001	0.905	0.011
0.183	0.001	0.671	0.145
0.299	0.478	0.220	0.003
0.676	0.322	0.001	0.001
0.117	0.001	0.001	0.881
0.001	0.001	0.001	0.997
>CAAAAGTTCAAA	16-CAAAAGTTCAAA	13.187473	-14.119612	0	T:14.0(7.78%),B:587.5(1.49%),P:1e-6	Tpos:529.7,Tstd:275.6,Bpos:517.9,Bstd:294.7,StrandBias:-1.1,Multiplicity:1.14
0.001	0.997	0.001	0.001
0.997	0.001	0.001	0.001
0.997	0.001	0.001	0.001
0.997	0.001	0.001	0.001
0.997	0.001	0.001	0.001
0.001	0.108	0.890	0.001
0.001	0.001	0.001	0.997
0.001	0.001	0.001	0.997
0.001	0.715	0.283	0.001
0.997	0.001	0.001	0.001
0.512	0.231	0.001	0.256
0.898	0.001	0.001	0.100
>TVGTACTTTTGG	17-TVGTACTTTTGG	12.194468	-13.856877	0	T:8.0(4.44%),B:157.8(0.40%),P:1e-6	Tpos:474.4,Tstd:240.0,Bpos:471.4,Bstd:310.3,StrandBias:0.3,Multiplicity:1.12
0.154	0.001	0.001	0.844
0.353	0.344	0.302	0.001
0.001	0.001	0.997	0.001
0.001	0.001	0.001	0.997
0.693	0.001	0.305	0.001
0.001	0.859	0.139	0.001
0.001	0.001	0.001	0.997
0.001	0.001	0.001	0.997
0.001	0.001	0.001	0.997
0.139	0.001	0.001	0.859
0.147	0.001	0.744	0.108
0.271	0.001	0.727	0.001
>ACTAATTAGTRC	18-ACTAATTAGTRC	9.206699	-12.601578	0	T:10.0(5.56%),B:324.3(0.82%),P:1e-5	Tpos:662.4,Tstd:286.2,Bpos:505.7,Bstd:309.3,StrandBias:-0.2,Multiplicity:1.30
0.997	0.001	0.001	0.001
0.001	0.788	0.210	0.001
0.011	0.001	0.001	0.987
0.997	0.001	0.001	0.001
0.910	0.001	0.088	0.001
0.001	0.001	0.001	0.997
0.001	0.001	0.001	0.997
0.903	0.095	0.001	0.001
0.314	0.068	0.617	0.001
0.001	0.001	0.001	0.997
0.475	0.001	0.523	0.001
0.001	0.583	0.302	0.114
>GCGCTGCGAAAA	19-GCGCTGCGAAAA	14.221951	-11.774416	0	T:4.0(2.22%),B:24.6(0.06%),P:1e-5	Tpos:307.6,Tstd:286.4,Bpos:516.8,Bstd:333.6,StrandBias:0.4,Multiplicity:1.75
0.001	0.001	0.997	0.001
0.001	0.997	0.001	0.001
0.001	0.001	0.997	0.001
0.191	0.458	0.219	0.131
0.001	0.001	0.001	0.997
0.001	0.001	0.997	0.001
0.001	0.997	0.001	0.001
0.001	0.001	0.704	0.294
0.997	0.001	0.001	0.001
0.997	0.001	0.001	0.001
0.997	0.001	0.001	0.001
0.997	0.001	0.001	0.001
>TAGTTTCAGTTA	20-TAGTTTCAGTTA	11.132675	-9.100714	0	T:10.0(5.56%),B:494.1(1.25%),P:1e-3	Tpos:462.3,Tstd:353.9,Bpos:497.2,Bstd:294.7,StrandBias:-0.6,Multiplicity:1.00
0.107	0.006	0.053	0.834
0.612	0.223	0.164	0.001
0.128	0.087	0.726	0.059
0.163	0.001	0.001	0.835
0.001	0.001	0.005	0.993
0.001	0.023	0.001	0.975
0.001	0.927	0.071	0.001
0.667	0.181	0.001	0.151
0.001	0.001	0.997	0.001
0.001	0.290	0.007	0.702
0.134	0.001	0.066	0.799
0.901	0.006	0.092	0.001
>TTAGAACACGAT	21-TTAGAACACGAT	9.810746	-8.901258	0	T:13.0(7.22%),B:830.3(2.10%),P:1e-3	Tpos:455.6,Tstd:305.4,Bpos:472.4,Bstd:307.9,StrandBias:1.4,Multiplicity:1.38
0.001	0.001	0.113	0.885
0.001	0.001	0.204	0.794
0.997	0.001	0.001	0.001
0.001	0.119	0.879	0.001
0.697	0.001	0.001	0.301
0.750	0.001	0.001	0.248
0.100	0.770	0.001	0.129
0.899	0.099	0.001	0.001
0.001	0.993	0.001	0.005
0.113	0.001	0.745	0.141
0.633	0.108	0.001	0.258
0.001	0.001	0.001	0.997
>TCTATATGTATA	22-TCTATATGTATA	12.355432	-7.234362	0	T:2.0(1.11%),B:7.4(0.02%),P:1e-3	Tpos:310.2,Tstd:128.8,Bpos:313.8,Bstd:225.1,StrandBias:-1.6,Multiplicity:2.00
0.100	0.100	0.100	0.700
0.100	0.700	0.100	0.100
0.100	0.100	0.100	0.700
0.700	0.100	0.100	0.100
0.100	0.100	0.100	0.700
0.700	0.100	0.100	0.100
0.100	0.100	0.100	0.700
0.100	0.100	0.700	0.100
0.100	0.100	0.100	0.700
0.700	0.100	0.100	0.100
0.100	0.100	0.100	0.700
0.700	0.100	0.100	0.100
>ATCCCCGGAGGG	23-ATCCCCGGAGGG	12.355432	-5.395696	0	T:1.0(0.56%),B:0.0(0.00%),P:1e-2	Tpos:821.0,Tstd:127.4,Bpos:0.0,Bstd:0.0,StrandBias:10.0,Multiplicity:3.00
0.700	0.100	0.100	0.100
0.100	0.100	0.100	0.700
0.100	0.700	0.100	0.100
0.100	0.700	0.100	0.100
0.100	0.700	0.100	0.100
0.100	0.700	0.100	0.100
0.100	0.100	0.700	0.100
0.100	0.100	0.700	0.100
0.700	0.100	0.100	0.100
0.100	0.100	0.700	0.100
0.100	0.100	0.700	0.100
0.100	0.100	0.700	0.100
>GTTCCAGTTATT	24-GTTCCAGTTATT	14.925835	-4.741321	0	T:2.0(1.11%),B:29.3(0.07%),P:1e-2	Tpos:479.2,Tstd:307.0,Bpos:511.5,Bstd:266.3,StrandBias:-2.0,Multiplicity:2.50
0.001	0.001	0.997	0.001
0.001	0.001	0.001	0.997
0.001	0.001	0.001	0.997
0.001	0.997	0.001	0.001
0.001	0.997	0.001	0.001
0.997	0.001	0.001	0.001
0.001	0.001	0.997	0.001
0.001	0.001	0.001	0.997
0.001	0.187	0.001	0.811
0.997	0.001	0.001	0.001
0.001	0.001	0.001	0.997
0.001	0.001	0.001	0.997
>CAAGCTATGAAT	25-CAAGCTATGAAT	12.355432	-4.301598	0	T:1.0(0.56%),B:2.7(0.01%),P:1e-1	Tpos:325.5,Tstd:200.1,Bpos:483.0,Bstd:184.9,StrandBias:10.0,Multiplicity:4.00
0.100	0.700	0.100	0.100
0.700	0.100	0.100	0.100
0.700	0.100	0.100	0.100
0.100	0.100	0.700	0.100
0.100	0.700	0.100	0.100
0.100	0.100	0.100	0.700
0.700	0.100	0.100	0.100
0.100	0.100	0.100	0.700
0.100	0.100	0.700	0.100
0.700	0.100	0.100	0.100
0.700	0.100	0.100	0.100
0.100	0.100	0.100	0.700
