>TTTTATTCTTTA	9-TTTTATTCTTTA	10.589015	-19.751557	0	T:34.0(10.97%),B:1286.5(3.35%),P:1e-8
0.036	0.189	0.031	0.744
0.036	0.040	0.198	0.726
0.158	0.039	0.043	0.760
0.173	0.038	0.028	0.761
0.580	0.132	0.170	0.118
0.182	0.051	0.042	0.725
0.044	0.050	0.045	0.861
0.034	0.574	0.026	0.366
0.142	0.165	0.024	0.669
0.050	0.214	0.026	0.710
0.183	0.122	0.170	0.525
0.703	0.205	0.067	0.025
