>GGAATTTCGGCC	3-GGCCGAAATTCC	9.695322	-24.116727	0	T:24.0(7.74%),B:533.9(1.39%),P:1e-10
0.001	0.001	0.939	0.059
0.060	0.060	0.826	0.054
0.768	0.172	0.059	0.001
0.865	0.001	0.001	0.133
0.001	0.068	0.001	0.930
0.001	0.059	0.001	0.939
0.069	0.069	0.060	0.802
0.188	0.692	0.119	0.001
0.001	0.059	0.891	0.049
0.001	0.001	0.896	0.102
0.182	0.679	0.138	0.001
0.096	0.793	0.108	0.003
