>TGTRATAAATTR	4-YAATTTATYACA	10.505128	-22.561153	0	T:18.0(5.81%),B:303.2(0.79%),P:1e-9
0.061	0.014	0.032	0.893
0.087	0.312	0.550	0.051
0.080	0.058	0.077	0.785
0.379	0.191	0.415	0.016
0.864	0.052	0.037	0.047
0.304	0.016	0.044	0.636
0.588	0.037	0.020	0.355
0.848	0.026	0.065	0.061
0.472	0.023	0.277	0.227
0.310	0.027	0.023	0.640
0.108	0.042	0.050	0.800
0.285	0.017	0.427	0.272
