>AGAGACACAGAC	15-AGAGACACAGAC	10.237241	-17.399652	0	T:41.0(13.23%),B:1937.8(5.05%),P:1e-7
0.956	0.001	0.001	0.042
0.043	0.143	0.773	0.041
0.820	0.001	0.001	0.178
0.109	0.001	0.845	0.045
0.909	0.001	0.089	0.001
0.125	0.690	0.151	0.034
0.843	0.052	0.104	0.001
0.102	0.652	0.144	0.102
0.965	0.033	0.001	0.001
0.074	0.043	0.837	0.046
0.954	0.001	0.044	0.001
0.034	0.764	0.116	0.086
