>AAAATCAATAAA	8-AAAATCAATAAA	11.691140	-19.755160	0	T:77.0(24.84%),B:4792.9(12.48%),P:1e-8
0.873	0.109	0.001	0.017
0.985	0.001	0.001	0.013
0.971	0.001	0.001	0.027
0.977	0.001	0.021	0.001
0.001	0.044	0.001	0.954
0.001	0.913	0.053	0.033
0.856	0.054	0.089	0.001
0.935	0.001	0.001	0.063
0.109	0.027	0.079	0.785
0.911	0.023	0.065	0.001
0.962	0.022	0.015	0.001
0.935	0.001	0.063	0.001
