>TGTGAAATTMGA	13-TCKAATTTCACA	10.326026	-18.536983	0	T:24.0(7.74%),B:714.0(1.86%),P:1e-8
0.045	0.022	0.033	0.900
0.171	0.039	0.548	0.242
0.232	0.180	0.050	0.538
0.200	0.043	0.667	0.090
0.879	0.016	0.037	0.068
0.642	0.001	0.028	0.329
0.627	0.033	0.032	0.308
0.182	0.018	0.021	0.779
0.016	0.036	0.052	0.896
0.321	0.395	0.153	0.132
0.043	0.063	0.598	0.296
0.723	0.036	0.186	0.055
