>CTTTTATACT	1-CTTTTATACT	10.059172	-40.382678	0	T:40.0(17.78%),B:1280.3(3.21%),P:1e-17	Tpos:839.9,Tstd:207.1,Bpos:637.3,Bstd:340.1,StrandBias:-2.5,Multiplicity:1.00
0.001	0.997	0.001	0.001
0.001	0.001	0.001	0.997
0.001	0.040	0.001	0.958
0.001	0.001	0.039	0.959
0.001	0.001	0.001	0.997
0.997	0.001	0.001	0.001
0.001	0.056	0.001	0.942
0.997	0.001	0.001	0.001
0.001	0.864	0.134	0.001
0.083	0.087	0.086	0.744
>GTGATAAGAT	2-GTGATAAGAT	9.175603	-26.218355	0	T:46.0(20.44%),B:2578.6(6.46%),P:1e-11	Tpos:557.6,Tstd:293.7,Bpos:540.8,Bstd:323.9,StrandBias:-0.7,Multiplicity:1.13
0.067	0.118	0.685	0.130
0.001	0.042	0.001	0.956
0.032	0.053	0.914	0.001
0.901	0.001	0.056	0.042
0.001	0.035	0.001	0.963
0.976	0.001	0.022	0.001
0.950	0.048	0.001	0.001
0.040	0.001	0.909	0.050
0.947	0.001	0.029	0.023
0.033	0.129	0.043	0.795
>TTTAGCCGGC	3-TTTAGCCGGC	10.192656	-24.911742	0	T:12.0(5.33%),B:121.4(0.30%),P:1e-10	Tpos:631.5,Tstd:311.0,Bpos:547.2,Bstd:276.4,StrandBias:0.0,Multiplicity:1.00
0.121	0.001	0.108	0.770
0.121	0.001	0.096	0.782
0.001	0.001	0.001	0.997
0.814	0.070	0.078	0.038
0.001	0.001	0.997	0.001
0.055	0.943	0.001	0.001
0.001	0.997	0.001	0.001
0.001	0.001	0.845	0.153
0.001	0.001	0.997	0.001
0.066	0.932	0.001	0.001
>TGACCATGAC	4-TGACCATGAC	9.573053	-21.373006	0	T:18.0(8.00%),B:477.8(1.20%),P:1e-9	Tpos:604.6,Tstd:246.5,Bpos:508.7,Bstd:321.0,StrandBias:0.5,Multiplicity:1.06
0.001	0.001	0.001	0.997
0.001	0.001	0.997	0.001
0.997	0.001	0.001	0.001
0.038	0.960	0.001	0.001
0.031	0.933	0.035	0.001
0.816	0.067	0.060	0.057
0.001	0.068	0.087	0.844
0.095	0.050	0.807	0.048
0.997	0.001	0.001	0.001
0.234	0.704	0.061	0.001
>TTCTGTGTTC	5-TTCTGTGTTC	8.125120	-21.111123	0	T:105.0(46.67%),B:10945.4(27.43%),P:1e-9	Tpos:572.8,Tstd:292.5,Bpos:525.8,Bstd:319.5,StrandBias:1.0,Multiplicity:1.34
0.040	0.048	0.001	0.911
0.009	0.001	0.001	0.989
0.040	0.760	0.132	0.068
0.035	0.156	0.124	0.685
0.018	0.035	0.866	0.081
0.042	0.036	0.027	0.895
0.059	0.129	0.506	0.306
0.103	0.030	0.001	0.866
0.017	0.128	0.020	0.835
0.046	0.701	0.095	0.158
>TCTATCTCTT	6-TCTATCTCTT	7.081375	-20.578492	0	T:132.0(58.67%),B:15429.4(38.66%),P:1e-8	Tpos:619.9,Tstd:261.4,Bpos:546.3,Bstd:330.0,StrandBias:0.9,Multiplicity:1.56
0.064	0.134	0.045	0.757
0.066	0.798	0.029	0.107
0.078	0.043	0.050	0.829
0.761	0.076	0.060	0.103
0.059	0.009	0.058	0.874
0.038	0.867	0.041	0.054
0.095	0.080	0.031	0.794
0.088	0.754	0.061	0.097
0.059	0.079	0.060	0.802
0.088	0.068	0.075	0.769
>GCGGTGATTT	7-GCGGTGATTT	9.735775	-20.188910	0	T:24.0(10.67%),B:951.4(2.38%),P:1e-8	Tpos:586.4,Tstd:281.9,Bpos:511.3,Bstd:300.6,StrandBias:-0.7,Multiplicity:1.00
0.051	0.001	0.882	0.066
0.061	0.814	0.079	0.046
0.097	0.001	0.863	0.039
0.001	0.084	0.914	0.001
0.052	0.001	0.001	0.946
0.047	0.001	0.951	0.001
0.997	0.001	0.001	0.001
0.001	0.001	0.001	0.997
0.001	0.111	0.111	0.777
0.001	0.091	0.001	0.907
>TCACGTGACT	8-TCACGTGACT	8.351017	-20.065236	0	T:30.0(13.33%),B:1473.5(3.69%),P:1e-8	Tpos:587.7,Tstd:257.1,Bpos:516.4,Bstd:319.4,StrandBias:0.3,Multiplicity:1.00
0.050	0.235	0.091	0.624
0.093	0.640	0.266	0.001
0.683	0.113	0.001	0.203
0.001	0.997	0.001	0.001
0.183	0.030	0.632	0.155
0.001	0.203	0.001	0.795
0.003	0.024	0.937	0.036
0.951	0.047	0.001	0.001
0.001	0.947	0.051	0.001
0.001	0.043	0.093	0.863
>GGAGAGAAGA	9-GGAGAGAAGA	7.472785	-19.965965	0	T:84.0(37.33%),B:8028.1(20.12%),P:1e-8	Tpos:587.2,Tstd:282.6,Bpos:555.2,Bstd:334.9,StrandBias:-1.1,Multiplicity:1.27
0.098	0.018	0.883	0.001
0.104	0.001	0.741	0.154
0.905	0.073	0.021	0.001
0.001	0.001	0.997	0.001
0.997	0.001	0.001	0.001
0.001	0.032	0.938	0.029
0.945	0.033	0.021	0.001
0.901	0.039	0.001	0.059
0.103	0.029	0.838	0.030
0.877	0.094	0.001	0.028
>ATCAATGATA	10-ATCAATGATA	9.276571	-19.260178	0	T:37.0(16.44%),B:2218.3(5.56%),P:1e-8	Tpos:497.7,Tstd:283.6,Bpos:499.7,Bstd:306.1,StrandBias:-0.6,Multiplicity:1.03
0.926	0.032	0.041	0.001
0.001	0.001	0.001	0.997
0.106	0.754	0.001	0.139
0.878	0.035	0.049	0.038
0.940	0.001	0.019	0.040
0.018	0.001	0.001	0.980
0.001	0.001	0.961	0.037
0.950	0.001	0.048	0.001
0.041	0.117	0.016	0.826
0.840	0.023	0.024	0.113
>GACTGATGTG	11-GACTGATGTG	9.588252	-18.330972	0	T:20.0(8.89%),B:729.7(1.83%),P:1e-7	Tpos:563.7,Tstd:285.1,Bpos:501.5,Bstd:322.5,StrandBias:-0.6,Multiplicity:1.15
0.218	0.001	0.744	0.037
0.915	0.001	0.001	0.083
0.001	0.997	0.001	0.001
0.001	0.001	0.001	0.997
0.072	0.001	0.926	0.001
0.858	0.001	0.093	0.048
0.001	0.099	0.001	0.899
0.001	0.066	0.679	0.254
0.001	0.001	0.077	0.921
0.075	0.001	0.823	0.101
>CGTCTCTCTT	12-CGTCTCTCTT	9.766287	-18.253537	0	T:25.0(11.11%),B:1140.3(2.86%),P:1e-7	Tpos:627.5,Tstd:249.5,Bpos:556.1,Bstd:324.0,StrandBias:0.8,Multiplicity:1.00
0.079	0.919	0.001	0.001
0.187	0.001	0.811	0.001
0.001	0.001	0.001	0.997
0.001	0.997	0.001	0.001
0.001	0.001	0.001	0.997
0.179	0.819	0.001	0.001
0.001	0.135	0.001	0.863
0.080	0.783	0.001	0.136
0.110	0.001	0.001	0.888
0.089	0.001	0.001	0.909
>AAATAAGAAG	13-AAATAAGAAG	8.860271	-18.191131	0	T:55.0(24.44%),B:4401.4(11.03%),P:1e-7	Tpos:489.6,Tstd:301.8,Bpos:517.0,Bstd:318.1,StrandBias:-0.5,Multiplicity:1.14
0.801	0.035	0.030	0.134
0.576	0.180	0.123	0.121
0.641	0.039	0.008	0.312
0.022	0.106	0.011	0.861
0.724	0.033	0.026	0.217
0.828	0.057	0.114	0.001
0.147	0.022	0.757	0.074
0.590	0.003	0.210	0.197
0.965	0.001	0.023	0.011
0.206	0.259	0.526	0.009
>AGTGTAGAGT	14-AGTGTAGAGT	9.902799	-17.767673	0	T:20.0(8.89%),B:755.2(1.89%),P:1e-7	Tpos:507.7,Tstd:321.1,Bpos:554.6,Bstd:328.0,StrandBias:0.0,Multiplicity:1.10
0.954	0.001	0.001	0.044
0.001	0.062	0.936	0.001
0.048	0.001	0.001	0.950
0.001	0.001	0.953	0.045
0.052	0.001	0.057	0.890
0.997	0.001	0.001	0.001
0.043	0.001	0.760	0.196
0.817	0.001	0.111	0.071
0.001	0.001	0.959	0.039
0.001	0.001	0.053	0.945
>CGGGTTTSTC	15-CGGGTTTSTC	9.199343	-17.350693	0	T:24.0(10.67%),B:1107.6(2.78%),P:1e-7	Tpos:522.4,Tstd:269.5,Bpos:527.1,Bstd:314.9,StrandBias:0.3,Multiplicity:1.04
0.001	0.748	0.250	0.001
0.121	0.001	0.877	0.001
0.093	0.001	0.905	0.001
0.137	0.202	0.490	0.172
0.001	0.001	0.121	0.877
0.001	0.001	0.001	0.997
0.001	0.001	0.001	0.997
0.109	0.407	0.483	0.001
0.106	0.001	0.001	0.892
0.001	0.997	0.001	0.001
>CTAACCTTTT	16-CTAACCTTTT	9.403773	-17.133341	0	T:36.0(16.00%),B:2302.2(5.77%),P:1e-7	Tpos:525.6,Tstd:298.6,Bpos:514.7,Bstd:307.0,StrandBias:1.5,Multiplicity:1.11
0.001	0.931	0.001	0.067
0.062	0.001	0.036	0.901
0.922	0.048	0.001	0.029
0.900	0.038	0.061	0.001
0.001	0.867	0.044	0.088
0.001	0.916	0.026	0.057
0.025	0.001	0.048	0.926
0.001	0.055	0.067	0.877
0.001	0.001	0.001	0.997
0.057	0.048	0.073	0.822
>GACCTTTATG	17-GACCTTTATG	10.112274	-16.472190	0	T:15.0(6.67%),B:449.1(1.13%),P:1e-7	Tpos:435.0,Tstd:290.5,Bpos:509.4,Bstd:302.0,StrandBias:1.0,Multiplicity:1.00
0.066	0.001	0.932	0.001
0.899	0.001	0.099	0.001
0.001	0.879	0.064	0.056
0.038	0.804	0.073	0.085
0.104	0.001	0.001	0.894
0.097	0.001	0.001	0.901
0.001	0.085	0.001	0.913
0.902	0.062	0.001	0.035
0.001	0.001	0.001	0.997
0.001	0.001	0.942	0.056
>CGCGAGGAAA	18-CGCGAGGAAA	9.249696	-16.409675	0	T:25.0(11.11%),B:1257.2(3.15%),P:1e-7	Tpos:523.2,Tstd:308.8,Bpos:532.2,Bstd:325.2,StrandBias:-1.4,Multiplicity:1.04
0.106	0.810	0.083	0.001
0.001	0.001	0.817	0.181
0.060	0.560	0.246	0.134
0.061	0.044	0.860	0.035
0.653	0.045	0.181	0.121
0.095	0.006	0.854	0.045
0.185	0.001	0.813	0.001
0.997	0.001	0.001	0.001
0.880	0.001	0.118	0.001
0.804	0.119	0.076	0.001
>TGCATTGRCC	19-TGCATTGRCC	8.429992	-15.921014	0	T:24.0(10.67%),B:1198.6(3.00%),P:1e-6	Tpos:480.1,Tstd:199.7,Bpos:509.6,Bstd:314.4,StrandBias:-0.1,Multiplicity:1.38
0.001	0.001	0.104	0.894
0.065	0.001	0.933	0.001
0.001	0.925	0.001	0.073
0.792	0.094	0.113	0.001
0.185	0.159	0.032	0.624
0.001	0.001	0.001	0.997
0.001	0.072	0.926	0.001
0.517	0.001	0.481	0.001
0.001	0.826	0.089	0.084
0.219	0.779	0.001	0.001
>GAGTTGCTTA	20-GAGTTGCTTA	8.678104	-15.605445	0	T:20.0(8.89%),B:866.4(2.17%),P:1e-6	Tpos:469.7,Tstd:264.6,Bpos:501.6,Bstd:311.0,StrandBias:-0.1,Multiplicity:1.05
0.001	0.001	0.900	0.098
0.997	0.001	0.001	0.001
0.061	0.001	0.877	0.061
0.001	0.001	0.001	0.997
0.001	0.001	0.001	0.997
0.001	0.104	0.845	0.050
0.001	0.892	0.001	0.106
0.088	0.001	0.001	0.910
0.001	0.065	0.055	0.879
0.812	0.073	0.062	0.053
>CAGGKTGAWT	21-CAGGKTGAWT	9.755585	-14.713311	0	T:17.0(7.56%),B:669.6(1.68%),P:1e-6	Tpos:694.8,Tstd:245.1,Bpos:501.8,Bstd:332.7,StrandBias:0.5,Multiplicity:1.00
0.356	0.642	0.001	0.001
0.997	0.001	0.001	0.001
0.001	0.166	0.832	0.001
0.001	0.001	0.997	0.001
0.012	0.001	0.563	0.424
0.001	0.001	0.001	0.997
0.001	0.001	0.997	0.001
0.818	0.180	0.001	0.001
0.536	0.001	0.001	0.462
0.001	0.236	0.001	0.762
>TTGCAGCGTC	22-TTGCAGCGTC	9.881758	-14.074434	0	T:16.0(7.11%),B:622.8(1.56%),P:1e-6	Tpos:637.3,Tstd:261.0,Bpos:537.1,Bstd:324.3,StrandBias:1.0,Multiplicity:1.12
0.001	0.001	0.140	0.858
0.001	0.001	0.001	0.997
0.079	0.001	0.886	0.034
0.036	0.962	0.001	0.001
0.934	0.001	0.001	0.064
0.055	0.001	0.878	0.066
0.001	0.949	0.001	0.049
0.051	0.001	0.867	0.081
0.001	0.001	0.062	0.936
0.001	0.785	0.001	0.213
>CGGAACCGTT	23-CGGAACCGTT	7.366373	-13.591464	0	T:40.0(17.78%),B:3148.6(7.89%),P:1e-5	Tpos:532.0,Tstd:282.9,Bpos:494.6,Bstd:310.8,StrandBias:-0.5,Multiplicity:1.12
0.039	0.779	0.078	0.104
0.082	0.107	0.740	0.071
0.094	0.112	0.735	0.059
0.843	0.037	0.023	0.097
0.903	0.022	0.039	0.036
0.090	0.772	0.075	0.063
0.075	0.777	0.044	0.104
0.068	0.041	0.855	0.036
0.035	0.001	0.115	0.849
0.093	0.021	0.128	0.758
>TTGACGCGCA	24-TTGACGCGCA	10.320661	-13.464697	0	T:12.0(5.33%),B:358.1(0.90%),P:1e-5	Tpos:372.2,Tstd:230.6,Bpos:506.5,Bstd:295.8,StrandBias:-0.4,Multiplicity:1.33
0.086	0.001	0.001	0.912
0.001	0.078	0.001	0.920
0.120	0.054	0.782	0.044
0.892	0.106	0.001	0.001
0.058	0.940	0.001	0.001
0.001	0.001	0.898	0.100
0.001	0.997	0.001	0.001
0.062	0.001	0.936	0.001
0.001	0.912	0.001	0.086
0.997	0.001	0.001	0.001
>TGATTACCAG	25-TGATTACCAG	10.296193	-13.265623	0	T:5.0(2.22%),B:31.6(0.08%),P:1e-5	Tpos:724.2,Tstd:224.4,Bpos:491.8,Bstd:337.9,StrandBias:0.6,Multiplicity:1.00
0.100	0.100	0.100	0.700
0.100	0.100	0.700	0.100
0.700	0.100	0.100	0.100
0.100	0.100	0.100	0.700
0.100	0.100	0.100	0.700
0.700	0.100	0.100	0.100
0.100	0.700	0.100	0.100
0.100	0.700	0.100	0.100
0.700	0.100	0.100	0.100
0.100	0.100	0.700	0.100
>AGTATAAAAGAA	1-AGTATAAAAGAA	12.619937	-40.900954	0	T:21.0(9.33%),B:233.3(0.58%),P:1e-17	Tpos:874.6,Tstd:169.9,Bpos:657.5,Bstd:363.4,StrandBias:3.2,Multiplicity:1.00
0.874	0.001	0.001	0.124
0.033	0.163	0.803	0.001
0.001	0.001	0.001	0.997
0.997	0.001	0.001	0.001
0.001	0.001	0.042	0.956
0.997	0.001	0.001	0.001
0.931	0.001	0.001	0.067
0.997	0.001	0.001	0.001
0.997	0.001	0.001	0.001
0.001	0.001	0.997	0.001
0.865	0.001	0.133	0.001
0.613	0.077	0.221	0.089
>ACTGATTACCAG	2-ACTGATTACCAG	14.803798	-26.753364	0	T:6.0(2.67%),B:3.2(0.01%),P:1e-11	Tpos:734.5,Tstd:206.9,Bpos:577.8,Bstd:220.9,StrandBias:0.0,Multiplicity:1.00
0.997	0.001	0.001	0.001
0.258	0.740	0.001	0.001
0.001	0.001	0.001	0.997
0.001	0.001	0.775	0.223
0.997	0.001	0.001	0.001
0.001	0.001	0.001	0.997
0.001	0.001	0.001	0.997
0.997	0.001	0.001	0.001
0.001	0.997	0.001	0.001
0.001	0.997	0.001	0.001
0.997	0.001	0.001	0.001
0.001	0.001	0.997	0.001
>GAATTGATAAGA	3-GAATTGATAAGA	11.254255	-24.924287	0	T:30.0(13.33%),B:1195.5(3.00%),P:1e-10	Tpos:555.6,Tstd:290.7,Bpos:561.3,Bstd:325.6,StrandBias:-0.4,Multiplicity:1.00
0.256	0.043	0.700	0.001
0.539	0.217	0.001	0.243
0.666	0.001	0.278	0.055
0.001	0.100	0.308	0.591
0.001	0.001	0.001	0.997
0.001	0.001	0.997	0.001
0.997	0.001	0.001	0.001
0.120	0.001	0.001	0.878
0.997	0.001	0.001	0.001
0.676	0.322	0.001	0.001
0.053	0.001	0.945	0.001
0.997	0.001	0.001	0.001
>TCTGAATTCACC	4-TCTGAATTCACC	10.262759	-24.730886	0	T:19.0(8.44%),B:439.1(1.10%),P:1e-10	Tpos:552.3,Tstd:271.0,Bpos:487.3,Bstd:326.3,StrandBias:0.5,Multiplicity:1.00
0.002	0.051	0.186	0.761
0.126	0.680	0.160	0.034
0.033	0.002	0.054	0.911
0.169	0.001	0.648	0.182
0.896	0.001	0.001	0.102
0.892	0.001	0.001	0.106
0.207	0.064	0.001	0.728
0.001	0.001	0.035	0.963
0.001	0.945	0.001	0.053
0.860	0.001	0.074	0.065
0.001	0.965	0.001	0.033
0.107	0.764	0.001	0.128
>GCGCAATTTTAT	5-GCGCAATTTTAT	12.841143	-23.968826	0	T:11.0(4.89%),B:100.4(0.25%),P:1e-10	Tpos:510.1,Tstd:280.6,Bpos:549.0,Bstd:299.4,StrandBias:-1.4,Multiplicity:1.00
0.001	0.001	0.997	0.001
0.232	0.766	0.001	0.001
0.001	0.001	0.997	0.001
0.075	0.923	0.001	0.001
0.822	0.001	0.176	0.001
0.997	0.001	0.001	0.001
0.001	0.001	0.001	0.997
0.001	0.001	0.001	0.997
0.001	0.001	0.001	0.997
0.001	0.134	0.149	0.716
0.876	0.122	0.001	0.001
0.001	0.001	0.001	0.997
>CAATACCTCATC	6-CAATACCTCATC	11.546890	-23.307234	0	T:13.0(5.78%),B:178.5(0.45%),P:1e-10	Tpos:472.2,Tstd:278.4,Bpos:509.1,Bstd:296.1,StrandBias:-1.2,Multiplicity:1.00
0.118	0.880	0.001	0.001
0.997	0.001	0.001	0.001
0.997	0.001	0.001	0.001
0.001	0.001	0.001	0.997
0.997	0.001	0.001	0.001
0.195	0.590	0.214	0.001
0.001	0.561	0.257	0.181
0.001	0.001	0.001	0.997
0.109	0.547	0.138	0.206
0.997	0.001	0.001	0.001
0.100	0.001	0.001	0.898
0.129	0.869	0.001	0.001
>TACATCAAAGAT	7-TACATCAAAGAT	13.016301	-22.846913	0	T:11.0(4.89%),B:112.4(0.28%),P:1e-9	Tpos:520.1,Tstd:312.1,Bpos:578.2,Bstd:312.6,StrandBias:0.3,Multiplicity:1.00
0.074	0.001	0.001	0.924
0.832	0.105	0.001	0.062
0.001	0.931	0.001	0.067
0.997	0.001	0.001	0.001
0.001	0.001	0.001	0.997
0.062	0.851	0.086	0.001
0.875	0.001	0.001	0.123
0.762	0.124	0.113	0.001
0.997	0.001	0.001	0.001
0.001	0.001	0.997	0.001
0.931	0.001	0.001	0.067
0.001	0.001	0.001	0.997
>ACCAACACTTCG	8-ACCAACACTTCG	11.480489	-22.081889	0	T:11.0(4.89%),B:121.2(0.30%),P:1e-9	Tpos:500.3,Tstd:185.2,Bpos:450.7,Bstd:333.1,StrandBias:0.5,Multiplicity:1.09
0.997	0.001	0.001	0.001
0.001	0.894	0.104	0.001
0.001	0.997	0.001	0.001
0.520	0.358	0.001	0.121
0.703	0.121	0.175	0.001
0.001	0.894	0.001	0.104
0.762	0.095	0.001	0.142
0.065	0.566	0.001	0.368
0.120	0.001	0.001	0.878
0.001	0.001	0.001	0.997
0.001	0.997	0.001	0.001
0.001	0.308	0.690	0.001
>CCATCTATCTCT	9-CCATCTATCTCT	9.734300	-21.725955	0	T:28.0(12.44%),B:1198.8(3.00%),P:1e-9	Tpos:627.0,Tstd:201.6,Bpos:518.2,Bstd:341.6,StrandBias:1.6,Multiplicity:1.00
0.071	0.766	0.035	0.128
0.056	0.900	0.043	0.001
0.782	0.076	0.047	0.095
0.001	0.052	0.001	0.946
0.065	0.814	0.001	0.120
0.062	0.129	0.046	0.763
0.729	0.056	0.066	0.149
0.001	0.041	0.001	0.957
0.072	0.853	0.029	0.046
0.001	0.054	0.045	0.900
0.053	0.766	0.083	0.098
0.087	0.001	0.082	0.830
>AAAAGAACCGAT	10-AAAAGAACCGAT	12.997387	-20.754731	0	T:12.0(5.33%),B:178.2(0.45%),P:1e-9	Tpos:574.9,Tstd:325.9,Bpos:617.2,Bstd:333.3,StrandBias:-1.0,Multiplicity:1.00
0.997	0.001	0.001	0.001
0.997	0.001	0.001	0.001
0.997	0.001	0.001	0.001
0.844	0.154	0.001	0.001
0.001	0.154	0.844	0.001
0.997	0.001	0.001	0.001
0.997	0.001	0.001	0.001
0.061	0.849	0.001	0.089
0.001	0.900	0.001	0.098
0.001	0.001	0.997	0.001
0.869	0.129	0.001	0.001
0.076	0.001	0.135	0.788
>TTGTTGTCTTCT	11-TTGTTGTCTTCT	9.244948	-20.724420	0	T:61.0(27.11%),B:4830.3(12.10%),P:1e-9	Tpos:555.6,Tstd:266.1,Bpos:534.4,Bstd:332.7,StrandBias:0.9,Multiplicity:1.20
0.070	0.064	0.176	0.690
0.024	0.035	0.132	0.809
0.035	0.076	0.768	0.121
0.017	0.050	0.074	0.859
0.001	0.073	0.072	0.854
0.065	0.052	0.772	0.111
0.047	0.001	0.067	0.885
0.026	0.828	0.028	0.118
0.067	0.030	0.056	0.847
0.001	0.001	0.001	0.997
0.113	0.783	0.080	0.024
0.063	0.025	0.001	0.911
>TACMCAACACAT	12-TACMCAACACAT	9.815890	-20.642978	0	T:22.0(9.78%),B:776.5(1.95%),P:1e-8	Tpos:547.7,Tstd:271.6,Bpos:496.0,Bstd:327.7,StrandBias:0.1,Multiplicity:1.05
0.001	0.099	0.055	0.845
0.630	0.055	0.204	0.111
0.038	0.856	0.001	0.105
0.480	0.432	0.044	0.044
0.183	0.780	0.036	0.001
0.997	0.001	0.001	0.001
0.837	0.001	0.001	0.161
0.068	0.657	0.274	0.001
0.742	0.166	0.001	0.091
0.001	0.629	0.001	0.369
0.576	0.422	0.001	0.001
0.001	0.057	0.001	0.941
>TTCAAATCACTT	13-TTCAAATCACTT	12.341600	-20.265010	0	T:18.0(8.00%),B:513.7(1.29%),P:1e-8	Tpos:549.2,Tstd:346.5,Bpos:538.2,Bstd:306.9,StrandBias:1.1,Multiplicity:1.06
0.001	0.001	0.165	0.833
0.001	0.001	0.001	0.997
0.070	0.769	0.072	0.089
0.997	0.001	0.001	0.001
0.997	0.001	0.001	0.001
0.997	0.001	0.001	0.001
0.001	0.110	0.001	0.888
0.034	0.884	0.081	0.001
0.997	0.001	0.001	0.001
0.045	0.767	0.149	0.039
0.061	0.001	0.001	0.937
0.001	0.001	0.001	0.997
>CTAAGATACAAA	14-CTAAGATACAAA	13.399049	-20.047997	0	T:8.0(3.56%),B:53.4(0.13%),P:1e-8	Tpos:634.0,Tstd:258.9,Bpos:538.5,Bstd:314.7,StrandBias:0.0,Multiplicity:1.00
0.092	0.906	0.001	0.001
0.090	0.135	0.001	0.774
0.997	0.001	0.001	0.001
0.827	0.001	0.001	0.171
0.001	0.096	0.902	0.001
0.908	0.001	0.001	0.090
0.001	0.001	0.001	0.997
0.997	0.001	0.001	0.001
0.148	0.850	0.001	0.001
0.997	0.001	0.001	0.001
0.997	0.001	0.001	0.001
0.997	0.001	0.001	0.001
>CCSAAAAAGTAA	15-CCSAAAAAGTAA	11.889960	-19.833939	0	T:15.0(6.67%),B:345.9(0.87%),P:1e-8	Tpos:540.0,Tstd:313.8,Bpos:500.8,Bstd:318.9,StrandBias:-0.7,Multiplicity:1.07
0.001	0.832	0.001	0.166
0.203	0.704	0.092	0.001
0.001	0.448	0.305	0.246
0.997	0.001	0.001	0.001
0.822	0.001	0.176	0.001
0.997	0.001	0.001	0.001
0.997	0.001	0.001	0.001
0.864	0.001	0.134	0.001
0.001	0.001	0.997	0.001
0.092	0.001	0.001	0.906
0.904	0.001	0.094	0.001
0.803	0.195	0.001	0.001
>TCATCACCTTAT	16-TCATCACCTTAT	13.563090	-19.440960	0	T:9.0(4.00%),B:86.5(0.22%),P:1e-8	Tpos:568.0,Tstd:286.9,Bpos:524.3,Bstd:356.8,StrandBias:1.0,Multiplicity:1.00
0.001	0.001	0.001	0.997
0.001	0.880	0.001	0.118
0.844	0.001	0.001	0.154
0.001	0.001	0.001	0.997
0.001	0.997	0.001	0.001
0.997	0.001	0.001	0.001
0.001	0.894	0.001	0.104
0.001	0.997	0.001	0.001
0.149	0.001	0.001	0.849
0.001	0.139	0.001	0.859
0.837	0.001	0.001	0.161
0.001	0.001	0.001	0.997
>CGCGTGGAAAAC	17-CGCGTGGAAAAC	9.190232	-18.742276	0	T:12.0(5.33%),B:215.1(0.54%),P:1e-8	Tpos:464.6,Tstd:300.0,Bpos:486.5,Bstd:313.0,StrandBias:1.6,Multiplicity:1.00
0.001	0.997	0.001	0.001
0.001	0.066	0.932	0.001
0.001	0.997	0.001	0.001
0.001	0.001	0.785	0.213
0.367	0.001	0.001	0.631
0.032	0.001	0.966	0.001
0.001	0.001	0.997	0.001
0.997	0.001	0.001	0.001
0.930	0.001	0.068	0.001
0.617	0.001	0.381	0.001
0.668	0.330	0.001	0.001
0.001	0.668	0.001	0.330
>AGAGTCACGTGA	18-AGAGTCACGTGA	12.684325	-17.988293	0	T:6.0(2.67%),B:24.8(0.06%),P:1e-7	Tpos:710.8,Tstd:123.3,Bpos:446.7,Bstd:317.8,StrandBias:0.0,Multiplicity:1.00
0.823	0.175	0.001	0.001
0.001	0.176	0.663	0.160
0.997	0.001	0.001	0.001
0.001	0.001	0.997	0.001
0.001	0.001	0.001	0.997
0.001	0.850	0.148	0.001
0.997	0.001	0.001	0.001
0.001	0.838	0.001	0.160
0.001	0.001	0.997	0.001
0.001	0.001	0.001	0.997
0.001	0.001	0.997	0.001
0.997	0.001	0.001	0.001
>TTTGAAGAAACA	19-TTTGAAGAAACA	12.558906	-17.458240	0	T:16.0(7.11%),B:480.2(1.20%),P:1e-7	Tpos:529.4,Tstd:282.7,Bpos:496.6,Bstd:312.2,StrandBias:0.5,Multiplicity:1.19
0.059	0.001	0.080	0.860
0.001	0.119	0.098	0.782
0.089	0.001	0.001	0.909
0.001	0.044	0.921	0.034
0.939	0.001	0.001	0.059
0.924	0.074	0.001	0.001
0.001	0.001	0.949	0.049
0.904	0.001	0.094	0.001
0.997	0.001	0.001	0.001
0.997	0.001	0.001	0.001
0.025	0.903	0.001	0.071
0.944	0.001	0.001	0.054
>AAAGAAATATCA	20-AAAGAAATATCA	10.540816	-16.353802	0	T:28.0(12.44%),B:1546.8(3.88%),P:1e-7	Tpos:537.6,Tstd:278.4,Bpos:518.3,Bstd:310.6,StrandBias:-1.4,Multiplicity:1.14
0.870	0.032	0.049	0.049
0.633	0.061	0.053	0.253
0.623	0.149	0.017	0.211
0.204	0.049	0.719	0.028
0.860	0.035	0.050	0.055
0.708	0.032	0.215	0.045
0.909	0.034	0.011	0.046
0.288	0.045	0.151	0.516
0.538	0.097	0.213	0.152
0.044	0.193	0.046	0.717
0.043	0.488	0.322	0.147
0.912	0.024	0.034	0.030
>CTTTACTTCTTM	21-CTTTACTTCTTM	13.250130	-16.164374	0	T:9.0(4.00%),B:129.3(0.32%),P:1e-7	Tpos:520.0,Tstd:316.7,Bpos:504.6,Bstd:312.3,StrandBias:1.0,Multiplicity:1.00
0.001	0.751	0.247	0.001
0.001	0.001	0.001	0.997
0.001	0.001	0.159	0.839
0.001	0.001	0.247	0.751
0.867	0.001	0.131	0.001
0.001	0.946	0.001	0.052
0.001	0.001	0.001	0.997
0.001	0.001	0.001	0.997
0.001	0.663	0.001	0.335
0.001	0.001	0.001	0.997
0.001	0.001	0.104	0.894
0.545	0.453	0.001	0.001
>GGCDACGTTGAG	22-GGCDACGTTGAG	12.650510	-16.015225	0	T:6.0(2.67%),B:35.5(0.09%),P:1e-6	Tpos:364.5,Tstd:220.9,Bpos:595.7,Bstd:328.3,StrandBias:0.0,Multiplicity:1.00
0.001	0.001	0.997	0.001
0.318	0.001	0.680	0.001
0.001	0.997	0.001	0.001
0.390	0.001	0.290	0.319
0.997	0.001	0.001	0.001
0.001	0.680	0.318	0.001
0.001	0.318	0.680	0.001
0.001	0.001	0.001	0.997
0.001	0.290	0.001	0.708
0.001	0.001	0.997	0.001
0.997	0.001	0.001	0.001
0.001	0.001	0.997	0.001
>GTGTATACACTT	23-GTGTATACACTT	11.655351	-13.139047	0	T:8.0(3.56%),B:139.4(0.35%),P:1e-5	Tpos:367.5,Tstd:176.0,Bpos:546.1,Bstd:276.1,StrandBias:-0.8,Multiplicity:1.12
0.001	0.355	0.643	0.001
0.001	0.172	0.001	0.826
0.001	0.001	0.997	0.001
0.001	0.001	0.001	0.997
0.883	0.001	0.001	0.115
0.001	0.172	0.001	0.826
0.578	0.001	0.132	0.289
0.001	0.997	0.001	0.001
0.997	0.001	0.001	0.001
0.001	0.799	0.199	0.001
0.001	0.001	0.172	0.826
0.189	0.001	0.001	0.809
>WATTTGACGCGC	24-WATTTGACGCGC	11.626796	-11.531474	0	T:7.0(3.11%),B:125.0(0.31%),P:1e-5	Tpos:359.3,Tstd:203.3,Bpos:522.1,Bstd:296.5,StrandBias:0.8,Multiplicity:1.57
0.294	0.154	0.194	0.358
0.997	0.001	0.001	0.001
0.001	0.001	0.164	0.834
0.189	0.001	0.001	0.809
0.001	0.005	0.001	0.993
0.001	0.150	0.844	0.005
0.997	0.001	0.001	0.001
0.001	0.997	0.001	0.001
0.110	0.001	0.888	0.001
0.164	0.834	0.001	0.001
0.001	0.164	0.834	0.001
0.001	0.803	0.001	0.195
>TTGTCAGTGCAA	25-TTGTCAGTGCAA	12.925413	-10.883913	0	T:6.0(2.67%),B:91.5(0.23%),P:1e-4	Tpos:495.8,Tstd:221.0,Bpos:455.1,Bstd:255.7,StrandBias:-2.6,Multiplicity:2.33
0.001	0.001	0.001	0.997
0.001	0.001	0.343	0.655
0.064	0.001	0.891	0.044
0.001	0.001	0.104	0.894
0.001	0.916	0.001	0.082
0.879	0.001	0.119	0.001
0.001	0.001	0.997	0.001
0.001	0.001	0.001	0.997
0.001	0.001	0.997	0.001
0.077	0.921	0.001	0.001
0.894	0.001	0.001	0.104
0.997	0.001	0.001	0.001
>ATARAAAG	1-ATARAAAG	6.856120	-25.130341	0	T:114.0(50.67%),B:11634.6(29.15%),P:1e-10	Tpos:564.8,Tstd:294.6,Bpos:523.4,Bstd:324.6,StrandBias:-0.5,Multiplicity:1.23
0.997	0.001	0.001	0.001
0.001	0.001	0.001	0.997
0.997	0.001	0.001	0.001
0.486	0.038	0.475	0.001
0.951	0.001	0.047	0.001
0.644	0.354	0.001	0.001
0.997	0.001	0.001	0.001
0.001	0.001	0.997	0.001
>CTTTTATA	2-CTTTTATA	9.096041	-19.793547	0	T:56.0(24.89%),B:4325.5(10.84%),P:1e-8	Tpos:773.9,Tstd:265.6,Bpos:568.9,Bstd:341.1,StrandBias:-2.3,Multiplicity:1.04
0.001	0.997	0.001	0.001
0.001	0.001	0.139	0.859
0.001	0.001	0.001	0.997
0.001	0.001	0.001	0.997
0.001	0.001	0.001	0.997
0.997	0.001	0.001	0.001
0.001	0.001	0.001	0.997
0.997	0.001	0.001	0.001
>TATAGGTC	3-TATAGGTC	7.951253	-17.645052	0	T:50.0(22.22%),B:3854.1(9.66%),P:1e-7	Tpos:531.0,Tstd:272.0,Bpos:506.3,Bstd:315.5,StrandBias:0.0,Multiplicity:1.14
0.268	0.001	0.001	0.730
0.997	0.001	0.001	0.001
0.001	0.001	0.181	0.817
0.753	0.002	0.001	0.244
0.001	0.001	0.997	0.001
0.001	0.001	0.686	0.312
0.001	0.001	0.173	0.825
0.224	0.774	0.001	0.001
>TGATAAGA	4-TGATAAGA	8.376080	-17.551217	0	T:84.0(37.33%),B:8443.8(21.16%),P:1e-7	Tpos:504.0,Tstd:290.9,Bpos:523.9,Bstd:321.7,StrandBias:-0.4,Multiplicity:1.32
0.001	0.001	0.001	0.997
0.001	0.001	0.997	0.001
0.875	0.001	0.123	0.001
0.001	0.001	0.001	0.997
0.898	0.001	0.100	0.001
0.933	0.038	0.028	0.001
0.001	0.069	0.795	0.135
0.816	0.001	0.044	0.139
>CCTWCCCK	5-CCTWCCCK	7.952632	-16.952365	0	T:36.0(16.00%),B:2319.7(5.81%),P:1e-7	Tpos:637.2,Tstd:255.3,Bpos:560.0,Bstd:337.0,StrandBias:0.3,Multiplicity:1.11
0.178	0.820	0.001	0.001
0.001	0.997	0.001	0.001
0.001	0.001	0.001	0.997
0.491	0.001	0.001	0.507
0.248	0.750	0.001	0.001
0.001	0.997	0.001	0.001
0.001	0.720	0.001	0.278
0.001	0.001	0.493	0.505
>TTGCGTGT	6-TTGCGTGT	7.598023	-14.130802	0	T:90.0(40.00%),B:10024.9(25.12%),P:1e-6	Tpos:552.8,Tstd:304.5,Bpos:522.8,Bstd:319.1,StrandBias:0.3,Multiplicity:1.21
0.001	0.001	0.040	0.958
0.001	0.001	0.001	0.997
0.004	0.422	0.573	0.001
0.001	0.516	0.165	0.318
0.122	0.006	0.758	0.114
0.001	0.129	0.001	0.869
0.332	0.081	0.586	0.001
0.125	0.001	0.001	0.873
>GACCATGA	7-GACCATGA	10.861067	-13.468102	0	T:13.0(5.78%),B:426.7(1.07%),P:1e-5	Tpos:571.8,Tstd:298.6,Bpos:472.3,Bstd:307.6,StrandBias:0.7,Multiplicity:1.00
0.001	0.001	0.997	0.001
0.997	0.001	0.001	0.001
0.001	0.997	0.001	0.001
0.001	0.997	0.001	0.001
0.812	0.001	0.001	0.186
0.001	0.001	0.001	0.997
0.001	0.001	0.997	0.001
0.997	0.001	0.001	0.001
>TCTCTAKC	8-TCTCTAKC	8.084286	-13.442652	0	T:86.0(38.22%),B:9562.4(23.96%),P:1e-5	Tpos:608.4,Tstd:251.8,Bpos:560.0,Bstd:333.4,StrandBias:0.6,Multiplicity:1.37
0.001	0.001	0.001	0.997
0.001	0.806	0.001	0.192
0.001	0.001	0.001	0.997
0.001	0.997	0.001	0.001
0.001	0.001	0.001	0.997
0.620	0.378	0.001	0.001
0.001	0.214	0.363	0.422
0.001	0.997	0.001	0.001
>ATGCGCTA	9-ATGCGCTA	7.447593	-12.081128	0	T:36.0(16.00%),B:2859.3(7.16%),P:1e-5	Tpos:449.1,Tstd:247.5,Bpos:519.0,Bstd:314.0,StrandBias:0.3,Multiplicity:1.20
0.898	0.100	0.001	0.001
0.001	0.396	0.001	0.602
0.001	0.001	0.997	0.001
0.001	0.688	0.126	0.185
0.001	0.240	0.758	0.001
0.001	0.696	0.141	0.162
0.313	0.001	0.001	0.685
0.938	0.001	0.060	0.001
>TCTTTTGT	10-TCTTTTGT	9.403314	-7.693161	0	T:45.0(20.00%),B:4806.3(12.04%),P:1e-3	Tpos:555.8,Tstd:290.0,Bpos:526.3,Bstd:329.2,StrandBias:1.0,Multiplicity:1.20
0.001	0.001	0.001	0.997
0.001	0.997	0.001	0.001
0.001	0.001	0.001	0.997
0.001	0.001	0.001	0.997
0.001	0.001	0.189	0.809
0.001	0.001	0.001	0.997
0.001	0.001	0.997	0.001
0.001	0.001	0.001	0.997
