>CAAATTTCCATC	14-CAAATTTCCATC,BestGuess:SD0003.1_at_AC_acceptor/Jaspar(0.533)	9.507694	-14.442126	0	T:46.0(16.91%),B:3122.0(7.73%),P:1e-6
0.043	0.886	0.023	0.048
0.717	0.142	0.001	0.140
0.863	0.025	0.052	0.060
0.898	0.046	0.055	0.001
0.043	0.071	0.052	0.834
0.001	0.037	0.043	0.919
0.085	0.001	0.090	0.824
0.047	0.862	0.001	0.090
0.077	0.756	0.077	0.090
0.917	0.057	0.001	0.025
0.142	0.026	0.076	0.756
0.140	0.787	0.024	0.049
