>GATTCGTAAGCC	3-GATTCGTAAGCC,BestGuess:cebp-1/MA1444.1/Jaspar(0.550)	8.326811	-20.346138	0	T:21.0(29.17%),B:2227.8(6.16%),P:1e-8
0.053	0.001	0.734	0.212
0.757	0.064	0.001	0.178
0.185	0.001	0.001	0.813
0.064	0.001	0.064	0.871
0.174	0.671	0.001	0.154
0.187	0.148	0.637	0.028
0.247	0.119	0.126	0.508
0.938	0.057	0.004	0.001
0.857	0.001	0.030	0.112
0.147	0.005	0.847	0.001
0.036	0.854	0.046	0.064
0.238	0.520	0.053	0.189
