>GCGCACTTGC	1-GCGCACTTGC	6.843928	-58.391486	0	T:127.0(35.57%),B:5307.6(13.36%),P:1e-25	Tpos:585.3,Tstd:246.8,Bpos:538.4,Bstd:354.2,StrandBias:-0.1,Multiplicity:1.22
0.031	0.049	0.906	0.014
0.062	0.797	0.034	0.107
0.038	0.094	0.807	0.061
0.031	0.750	0.084	0.135
0.756	0.045	0.127	0.072
0.126	0.699	0.081	0.094
0.038	0.057	0.108	0.797
0.051	0.042	0.053	0.854
0.079	0.065	0.833	0.023
0.038	0.805	0.070	0.087
>AACGCAACGT	2-AACGCAACGT	6.973660	-42.389806	0	T:116.0(32.49%),B:5503.4(13.85%),P:1e-18	Tpos:519.6,Tstd:276.6,Bpos:519.0,Bstd:346.0,StrandBias:-0.5,Multiplicity:1.14
0.742	0.107	0.068	0.083
0.783	0.073	0.095	0.049
0.038	0.816	0.073	0.073
0.082	0.029	0.795	0.094
0.084	0.760	0.078	0.078
0.846	0.029	0.048	0.077
0.861	0.023	0.081	0.035
0.049	0.775	0.097	0.079
0.050	0.055	0.864	0.031
0.076	0.101	0.061	0.762
>AATCGATAAG	3-AATCGATAAG	6.962086	-41.406863	0	T:197.0(55.18%),B:12878.8(32.41%),P:1e-17	Tpos:572.3,Tstd:290.3,Bpos:530.8,Bstd:330.7,StrandBias:-0.8,Multiplicity:1.37
0.845	0.056	0.048	0.051
0.829	0.023	0.088	0.060
0.063	0.088	0.063	0.786
0.133	0.777	0.035	0.055
0.108	0.082	0.768	0.042
0.847	0.061	0.040	0.052
0.017	0.067	0.048	0.868
0.783	0.041	0.060	0.116
0.726	0.071	0.102	0.101
0.095	0.077	0.776	0.052
>AGAGACGCAG	4-AGAGACGCAG	7.467554	-40.154155	0	T:110.0(30.81%),B:5196.6(13.08%),P:1e-17	Tpos:582.9,Tstd:258.9,Bpos:565.4,Bstd:348.5,StrandBias:-1.0,Multiplicity:1.15
0.721	0.072	0.063	0.144
0.064	0.087	0.760	0.089
0.905	0.020	0.028	0.047
0.084	0.107	0.739	0.070
0.858	0.033	0.044	0.065
0.042	0.765	0.109	0.084
0.041	0.030	0.881	0.048
0.082	0.751	0.063	0.104
0.826	0.038	0.101	0.035
0.105	0.038	0.801	0.056
>TCTCTCTCTC	5-TCTCTCTCTC	6.992890	-37.292358	0	T:193.0(54.06%),B:12928.8(32.53%),P:1e-16	Tpos:584.4,Tstd:256.5,Bpos:567.2,Bstd:354.2,StrandBias:1.4,Multiplicity:1.67
0.130	0.082	0.217	0.571
0.001	0.884	0.074	0.041
0.167	0.001	0.071	0.761
0.031	0.926	0.001	0.042
0.001	0.077	0.064	0.858
0.001	0.926	0.001	0.072
0.001	0.015	0.026	0.958
0.001	0.630	0.036	0.333
0.096	0.049	0.210	0.645
0.001	0.874	0.001	0.124
>CGCGTCAGCA	6-CGCGTCAGCA	7.418592	-35.822193	0	T:56.0(15.69%),B:1733.9(4.36%),P:1e-15	Tpos:598.2,Tstd:285.4,Bpos:555.1,Bstd:363.9,StrandBias:-0.1,Multiplicity:1.08
0.001	0.672	0.130	0.197
0.261	0.015	0.668	0.056
0.095	0.553	0.227	0.125
0.033	0.001	0.965	0.001
0.192	0.147	0.099	0.562
0.069	0.685	0.245	0.001
0.648	0.125	0.007	0.220
0.104	0.001	0.788	0.107
0.069	0.717	0.126	0.088
0.749	0.060	0.001	0.190
>ACACACACAC	7-ACACACACAC	7.658688	-34.411794	0	T:109.0(30.53%),B:5555.1(13.98%),P:1e-14	Tpos:472.9,Tstd:255.6,Bpos:558.6,Bstd:389.8,StrandBias:-0.2,Multiplicity:1.23
0.723	0.001	0.219	0.057
0.059	0.939	0.001	0.001
0.632	0.001	0.190	0.177
0.001	0.907	0.001	0.091
0.644	0.001	0.153	0.202
0.001	0.913	0.001	0.085
0.564	0.001	0.237	0.198
0.001	0.863	0.001	0.135
0.677	0.001	0.311	0.011
0.001	0.893	0.001	0.105
>GGAGAGGCWA	8-GGAGAGGCWA	9.437799	-32.211076	0	T:31.0(8.68%),B:583.0(1.47%),P:1e-13	Tpos:549.1,Tstd:248.9,Bpos:510.8,Bstd:352.1,StrandBias:-2.8,Multiplicity:1.03
0.001	0.055	0.899	0.045
0.041	0.001	0.957	0.001
0.431	0.152	0.213	0.204
0.195	0.124	0.634	0.047
0.997	0.001	0.001	0.001
0.001	0.001	0.997	0.001
0.237	0.001	0.761	0.001
0.001	0.946	0.001	0.052
0.421	0.001	0.166	0.411
0.556	0.379	0.064	0.001
>GCCGCGTTGG	9-GCCGCGTTGG	7.156386	-31.101287	0	T:59.0(16.53%),B:2133.4(5.37%),P:1e-13	Tpos:573.1,Tstd:269.4,Bpos:539.5,Bstd:355.9,StrandBias:0.5,Multiplicity:1.16
0.073	0.049	0.818	0.060
0.022	0.888	0.040	0.050
0.027	0.762	0.070	0.141
0.028	0.088	0.859	0.025
0.110	0.739	0.097	0.054
0.024	0.029	0.875	0.072
0.102	0.066	0.088	0.744
0.055	0.053	0.090	0.802
0.020	0.079	0.808	0.093
0.093	0.130	0.712	0.065
>TCTTTCCTTT	10-TCTTTCCTTT	9.083959	-30.622827	0	T:143.0(40.06%),B:8852.8(22.28%),P:1e-13	Tpos:536.0,Tstd:307.3,Bpos:534.7,Bstd:336.5,StrandBias:1.6,Multiplicity:1.16
0.001	0.064	0.012	0.923
0.001	0.798	0.126	0.075
0.005	0.020	0.001	0.974
0.018	0.018	0.001	0.963
0.001	0.005	0.018	0.976
0.050	0.698	0.026	0.226
0.061	0.885	0.001	0.053
0.011	0.009	0.075	0.905
0.014	0.008	0.049	0.929
0.024	0.001	0.016	0.959
>TTTCTTCTCT	11-TTTCTTCTCT	8.707909	-29.372756	0	T:152.0(42.58%),B:9831.9(24.74%),P:1e-12	Tpos:579.0,Tstd:270.7,Bpos:541.3,Bstd:344.3,StrandBias:1.6,Multiplicity:1.27
0.400	0.001	0.001	0.598
0.001	0.138	0.248	0.613
0.001	0.092	0.001	0.906
0.001	0.948	0.050	0.001
0.312	0.001	0.060	0.627
0.001	0.001	0.001	0.997
0.001	0.794	0.001	0.204
0.045	0.001	0.001	0.953
0.001	0.923	0.001	0.075
0.109	0.001	0.001	0.889
>WGTGTCGTCC	12-WGTGTCGTCC	7.899415	-27.065363	0	T:36.0(10.08%),B:964.3(2.43%),P:1e-11	Tpos:501.9,Tstd:292.2,Bpos:535.1,Bstd:362.4,StrandBias:0.2,Multiplicity:1.11
0.367	0.202	0.048	0.383
0.028	0.192	0.613	0.167
0.037	0.040	0.001	0.922
0.343	0.001	0.638	0.018
0.292	0.022	0.024	0.662
0.171	0.601	0.207	0.021
0.015	0.235	0.749	0.001
0.022	0.036	0.026	0.916
0.278	0.497	0.026	0.199
0.230	0.499	0.256	0.015
>AAACAAAGAC	13-AAACAAAGAC	8.840666	-26.368730	0	T:87.0(24.37%),B:4466.0(11.24%),P:1e-11	Tpos:555.9,Tstd:259.8,Bpos:514.4,Bstd:329.6,StrandBias:-0.9,Multiplicity:1.11
0.810	0.104	0.085	0.001
0.645	0.078	0.174	0.103
0.849	0.149	0.001	0.001
0.119	0.810	0.019	0.052
0.953	0.045	0.001	0.001
0.757	0.033	0.088	0.122
0.626	0.084	0.040	0.250
0.001	0.283	0.558	0.158
0.997	0.001	0.001	0.001
0.089	0.764	0.073	0.074
>CCTATCGACC	14-CCTATCGACC	9.551953	-25.955820	0	T:19.0(5.32%),B:249.2(0.63%),P:1e-11	Tpos:546.1,Tstd:283.5,Bpos:573.9,Bstd:333.4,StrandBias:0.5,Multiplicity:1.00
0.069	0.929	0.001	0.001
0.001	0.762	0.236	0.001
0.001	0.001	0.001	0.997
0.997	0.001	0.001	0.001
0.001	0.001	0.001	0.997
0.001	0.997	0.001	0.001
0.001	0.001	0.997	0.001
0.773	0.001	0.001	0.225
0.175	0.547	0.001	0.277
0.001	0.997	0.001	0.001
>GCTGCGTACG	15-GCTGCGTACG	10.067947	-25.807826	0	T:12.0(3.36%),B:67.4(0.17%),P:1e-11	Tpos:620.9,Tstd:234.7,Bpos:463.1,Bstd:364.9,StrandBias:0.8,Multiplicity:1.00
0.001	0.298	0.700	0.001
0.055	0.943	0.001	0.001
0.001	0.001	0.001	0.997
0.264	0.094	0.641	0.001
0.087	0.854	0.001	0.058
0.001	0.001	0.997	0.001
0.001	0.001	0.068	0.930
0.997	0.001	0.001	0.001
0.001	0.997	0.001	0.001
0.001	0.001	0.997	0.001
>GGTCAGTGCA	16-GGTCAGTGCA	9.485987	-25.473775	0	T:25.0(7.00%),B:486.6(1.22%),P:1e-11	Tpos:524.4,Tstd:241.8,Bpos:469.0,Bstd:356.1,StrandBias:0.1,Multiplicity:1.72
0.019	0.001	0.863	0.117
0.046	0.022	0.931	0.001
0.033	0.036	0.001	0.930
0.001	0.944	0.022	0.033
0.968	0.001	0.030	0.001
0.001	0.024	0.955	0.020
0.001	0.042	0.001	0.956
0.001	0.001	0.997	0.001
0.001	0.997	0.001	0.001
0.870	0.055	0.024	0.051
>TCCGTTWGTC	17-TCCGTTWGTC	7.885367	-25.037691	0	T:55.0(15.41%),B:2205.3(5.55%),P:1e-10	Tpos:575.6,Tstd:280.3,Bpos:525.0,Bstd:348.7,StrandBias:1.7,Multiplicity:1.10
0.246	0.145	0.044	0.565
0.162	0.506	0.331	0.001
0.001	0.853	0.145	0.001
0.001	0.001	0.997	0.001
0.001	0.134	0.050	0.815
0.156	0.001	0.001	0.842
0.426	0.190	0.001	0.382
0.001	0.135	0.863	0.001
0.061	0.198	0.001	0.740
0.110	0.758	0.001	0.131
>ATTTGTTACC	18-ATTTGTTACC	8.525684	-24.952769	0	T:42.0(11.76%),B:1384.3(3.48%),P:1e-10	Tpos:517.7,Tstd:324.6,Bpos:539.0,Bstd:340.9,StrandBias:0.5,Multiplicity:1.12
0.445	0.146	0.246	0.164
0.001	0.157	0.001	0.841
0.001	0.211	0.221	0.567
0.258	0.261	0.001	0.480
0.001	0.001	0.997	0.001
0.001	0.001	0.001	0.997
0.310	0.001	0.181	0.508
0.533	0.001	0.240	0.226
0.001	0.625	0.016	0.358
0.195	0.803	0.001	0.001
>GTGAGCGGCA	19-GTGAGCGGCA	8.654258	-24.652072	0	T:30.0(8.40%),B:739.3(1.86%),P:1e-10	Tpos:477.1,Tstd:224.2,Bpos:520.7,Bstd:345.8,StrandBias:-0.9,Multiplicity:1.04
0.001	0.001	0.959	0.039
0.055	0.054	0.098	0.793
0.001	0.001	0.997	0.001
0.684	0.154	0.121	0.041
0.001	0.001	0.927	0.071
0.064	0.934	0.001	0.001
0.001	0.001	0.997	0.001
0.072	0.090	0.764	0.074
0.036	0.962	0.001	0.001
0.997	0.001	0.001	0.001
>AGAGAAAAAC	20-AGAGAAAAAC	8.989000	-23.190166	0	T:163.0(45.66%),B:11693.3(29.42%),P:1e-10	Tpos:554.8,Tstd:271.7,Bpos:525.8,Bstd:328.5,StrandBias:-1.4,Multiplicity:1.35
0.934	0.001	0.001	0.064
0.001	0.001	0.913	0.085
0.997	0.001	0.001	0.001
0.177	0.001	0.785	0.037
0.981	0.017	0.001	0.001
0.927	0.042	0.016	0.015
0.932	0.011	0.001	0.056
0.913	0.085	0.001	0.001
0.918	0.016	0.065	0.001
0.131	0.768	0.060	0.041
>CCTCGCAATG	21-CCTCGCAATG	8.020556	-23.186240	0	T:30.0(8.40%),B:787.5(1.98%),P:1e-10	Tpos:444.7,Tstd:243.6,Bpos:538.6,Bstd:341.0,StrandBias:0.3,Multiplicity:1.07
0.001	0.903	0.043	0.053
0.001	0.950	0.001	0.048
0.001	0.082	0.001	0.916
0.063	0.752	0.069	0.116
0.045	0.038	0.882	0.035
0.034	0.964	0.001	0.001
0.900	0.098	0.001	0.001
0.795	0.094	0.110	0.001
0.001	0.001	0.001	0.997
0.001	0.001	0.997	0.001
>AGCGCTCTCA	22-AGCGCTCTCA	8.778696	-22.619744	0	T:29.0(8.12%),B:755.3(1.90%),P:1e-9	Tpos:494.1,Tstd:287.4,Bpos:538.2,Bstd:362.1,StrandBias:0.8,Multiplicity:1.04
0.726	0.075	0.001	0.198
0.001	0.156	0.842	0.001
0.001	0.965	0.001	0.033
0.089	0.070	0.727	0.114
0.065	0.933	0.001	0.001
0.001	0.171	0.001	0.827
0.083	0.708	0.153	0.056
0.067	0.001	0.091	0.841
0.001	0.922	0.076	0.001
0.997	0.001	0.001	0.001
>CGCAATKGAA	23-CGCAATKGAA	11.262844	-22.367822	0	T:20.0(5.60%),B:350.5(0.88%),P:1e-9	Tpos:483.2,Tstd:257.2,Bpos:485.2,Bstd:351.9,StrandBias:-0.7,Multiplicity:1.05
0.001	0.767	0.231	0.001
0.001	0.001	0.997	0.001
0.001	0.997	0.001	0.001
0.853	0.018	0.128	0.001
0.997	0.001	0.001	0.001
0.001	0.001	0.001	0.997
0.001	0.001	0.478	0.520
0.001	0.001	0.997	0.001
0.997	0.001	0.001	0.001
0.738	0.001	0.001	0.260
>CCGCGGCCTA	24-CCGCGGCCTA	10.256680	-16.455172	0	T:14.0(3.92%),B:238.0(0.60%),P:1e-7	Tpos:632.8,Tstd:287.6,Bpos:568.1,Bstd:330.8,StrandBias:0.7,Multiplicity:1.14
0.001	0.883	0.001	0.115
0.001	0.925	0.073	0.001
0.001	0.001	0.997	0.001
0.001	0.835	0.001	0.163
0.001	0.001	0.997	0.001
0.001	0.001	0.997	0.001
0.090	0.908	0.001	0.001
0.001	0.997	0.001	0.001
0.100	0.116	0.064	0.720
0.781	0.107	0.001	0.111
>TACTGGTCTA	25-TACTGGTCTA	8.350283	-3.011041	0	T:13.0(3.64%),B:856.4(2.15%),P:1e-1	Tpos:364.2,Tstd:302.2,Bpos:508.4,Bstd:328.3,StrandBias:0.7,Multiplicity:1.62
0.100	0.100	0.100	0.700
0.700	0.100	0.100	0.100
0.100	0.700	0.100	0.100
0.100	0.100	0.100	0.700
0.100	0.100	0.700	0.100
0.100	0.100	0.700	0.100
0.100	0.100	0.100	0.700
0.100	0.700	0.100	0.100
0.100	0.100	0.100	0.700
0.700	0.100	0.100	0.100
>SNSTGAGWGYGY	1-SNSTGAGWGYGY	6.832622	-52.449637	0	T:146.0(40.90%),B:7188.4(18.09%),P:1e-22	Tpos:529.7,Tstd:246.2,Bpos:554.3,Bstd:380.3,StrandBias:0.2,Multiplicity:1.33
0.136	0.381	0.409	0.074
0.239	0.237	0.188	0.336
0.166	0.356	0.477	0.001
0.216	0.286	0.001	0.497
0.325	0.001	0.625	0.049
0.454	0.278	0.001	0.267
0.073	0.121	0.805	0.001
0.445	0.126	0.001	0.428
0.293	0.001	0.705	0.001
0.193	0.396	0.008	0.404
0.001	0.001	0.997	0.001
0.001	0.464	0.061	0.473
>GGAGCGCGTTTG	2-GGAGCGCGTTTG	9.788620	-44.865869	0	T:44.0(12.32%),B:840.2(2.11%),P:1e-19	Tpos:636.3,Tstd:226.8,Bpos:556.1,Bstd:345.9,StrandBias:-0.7,Multiplicity:1.07
0.284	0.049	0.666	0.001
0.001	0.302	0.627	0.070
0.945	0.053	0.001	0.001
0.001	0.001	0.635	0.363
0.001	0.997	0.001	0.001
0.069	0.001	0.929	0.001
0.163	0.655	0.070	0.112
0.335	0.001	0.663	0.001
0.081	0.001	0.065	0.853
0.001	0.001	0.001	0.997
0.070	0.001	0.142	0.787
0.181	0.001	0.817	0.001
>TATHGATTTTGW	3-TATHGATTTTGW	11.294340	-37.584758	0	T:58.0(16.25%),B:1776.7(4.47%),P:1e-16	Tpos:609.3,Tstd:278.2,Bpos:521.6,Bstd:305.5,StrandBias:0.6,Multiplicity:1.05
0.001	0.135	0.001	0.863
0.997	0.001	0.001	0.001
0.001	0.001	0.001	0.997
0.335	0.407	0.001	0.257
0.136	0.001	0.563	0.300
0.997	0.001	0.001	0.001
0.090	0.001	0.001	0.908
0.001	0.001	0.001	0.997
0.001	0.001	0.001	0.997
0.137	0.001	0.253	0.609
0.243	0.150	0.606	0.001
0.431	0.183	0.001	0.385
>CTCTYCTCTCTC	4-CTCTYCTCTCTC	9.089022	-35.747391	0	T:114.0(31.93%),B:5851.0(14.72%),P:1e-15	Tpos:594.8,Tstd:250.2,Bpos:571.1,Bstd:354.7,StrandBias:1.8,Multiplicity:1.25
0.001	0.962	0.036	0.001
0.229	0.066	0.001	0.704
0.001	0.623	0.001	0.375
0.001	0.191	0.001	0.807
0.067	0.390	0.091	0.452
0.018	0.540	0.143	0.299
0.122	0.258	0.096	0.524
0.001	0.797	0.001	0.201
0.061	0.094	0.229	0.616
0.001	0.792	0.001	0.206
0.001	0.001	0.001	0.997
0.001	0.861	0.001	0.137
>CTGCSTCTCTCN	5-CTGCSTCTCTCN	8.178277	-34.808226	0	T:87.0(24.37%),B:3834.5(9.65%),P:1e-15	Tpos:601.2,Tstd:236.2,Bpos:570.5,Bstd:354.9,StrandBias:1.1,Multiplicity:1.12
0.207	0.661	0.001	0.131
0.001	0.166	0.020	0.813
0.138	0.160	0.562	0.140
0.123	0.776	0.001	0.100
0.046	0.371	0.499	0.084
0.020	0.153	0.020	0.807
0.001	0.647	0.155	0.197
0.001	0.020	0.020	0.959
0.091	0.685	0.020	0.204
0.162	0.174	0.144	0.520
0.121	0.593	0.082	0.204
0.202	0.236	0.296	0.266
>AAACGCGCCAGC	6-AAACGCGCCAGC	9.987686	-33.283617	0	T:30.0(8.40%),B:518.2(1.30%),P:1e-14	Tpos:687.4,Tstd:243.9,Bpos:583.9,Bstd:354.5,StrandBias:0.1,Multiplicity:1.10
0.997	0.001	0.001	0.001
0.873	0.001	0.066	0.060
0.903	0.095	0.001	0.001
0.141	0.677	0.001	0.181
0.088	0.237	0.674	0.001
0.001	0.839	0.086	0.074
0.001	0.001	0.997	0.001
0.001	0.649	0.070	0.280
0.237	0.669	0.093	0.001
0.809	0.095	0.001	0.095
0.051	0.001	0.862	0.086
0.092	0.777	0.001	0.130
>CTTGTTGCTTGG	7-CTTGTTGCTTGG	10.325826	-32.194832	0	T:29.0(8.12%),B:501.5(1.26%),P:1e-13	Tpos:555.8,Tstd:238.3,Bpos:498.1,Bstd:339.8,StrandBias:0.5,Multiplicity:1.00
0.066	0.801	0.071	0.062
0.162	0.001	0.107	0.730
0.050	0.193	0.001	0.756
0.059	0.001	0.861	0.079
0.001	0.001	0.001	0.997
0.001	0.049	0.001	0.949
0.097	0.001	0.763	0.139
0.051	0.733	0.001	0.215
0.001	0.001	0.001	0.997
0.090	0.001	0.195	0.714
0.001	0.069	0.862	0.068
0.066	0.109	0.683	0.142
>TAACATGAAAGA	8-TAACATGAAAGA	11.980037	-30.813682	0	T:18.0(5.04%),B:159.8(0.40%),P:1e-13	Tpos:616.6,Tstd:248.0,Bpos:503.2,Bstd:311.5,StrandBias:-0.7,Multiplicity:1.00
0.038	0.001	0.001	0.960
0.592	0.093	0.001	0.314
0.788	0.001	0.210	0.001
0.035	0.963	0.001	0.001
0.900	0.001	0.098	0.001
0.001	0.001	0.001	0.997
0.134	0.001	0.864	0.001
0.792	0.206	0.001	0.001
0.997	0.001	0.001	0.001
0.997	0.001	0.001	0.001
0.001	0.001	0.997	0.001
0.997	0.001	0.001	0.001
>ACGACATATTGC	9-ACGACATATTGC	12.809112	-30.453011	0	T:11.0(3.08%),B:30.6(0.08%),P:1e-13	Tpos:491.4,Tstd:324.6,Bpos:613.2,Bstd:330.1,StrandBias:-0.8,Multiplicity:1.00
0.997	0.001	0.001	0.001
0.001	0.997	0.001	0.001
0.001	0.001	0.997	0.001
0.632	0.001	0.366	0.001
0.001	0.997	0.001	0.001
0.997	0.001	0.001	0.001
0.001	0.068	0.001	0.930
0.997	0.001	0.001	0.001
0.241	0.001	0.001	0.757
0.001	0.312	0.001	0.686
0.001	0.001	0.997	0.001
0.001	0.997	0.001	0.001
>ATAACTAATAGA	10-ATAACTAATAGA	12.897903	-28.716083	0	T:14.0(3.92%),B:86.8(0.22%),P:1e-12	Tpos:515.5,Tstd:296.1,Bpos:511.8,Bstd:301.6,StrandBias:-0.2,Multiplicity:1.07
0.997	0.001	0.001	0.001
0.001	0.001	0.001	0.997
0.937	0.001	0.061	0.001
0.997	0.001	0.001	0.001
0.139	0.859	0.001	0.001
0.058	0.001	0.102	0.839
0.886	0.001	0.001	0.112
0.933	0.065	0.001	0.001
0.001	0.093	0.001	0.905
0.997	0.001	0.001	0.001
0.001	0.078	0.827	0.094
0.886	0.112	0.001	0.001
>GAATTGTCATGT	11-GAATTGTCATGT	13.142503	-28.093624	0	T:13.0(3.64%),B:71.3(0.18%),P:1e-12	Tpos:549.0,Tstd:219.2,Bpos:476.3,Bstd:305.0,StrandBias:0.2,Multiplicity:1.00
0.001	0.001	0.997	0.001
0.858	0.001	0.001	0.140
0.901	0.001	0.001	0.097
0.001	0.001	0.001	0.997
0.001	0.001	0.001	0.997
0.001	0.001	0.961	0.037
0.116	0.001	0.001	0.882
0.001	0.910	0.001	0.088
0.890	0.001	0.108	0.001
0.082	0.001	0.001	0.916
0.001	0.089	0.853	0.057
0.001	0.074	0.001	0.924
>CTTTGCCTCTCC	12-CTTTGCCTCTCC	13.327342	-27.883554	0	T:10.0(2.80%),B:27.2(0.07%),P:1e-12	Tpos:671.3,Tstd:228.0,Bpos:409.3,Bstd:237.2,StrandBias:3.2,Multiplicity:1.00
0.001	0.997	0.001	0.001
0.110	0.123	0.288	0.479
0.001	0.122	0.001	0.876
0.001	0.001	0.001	0.997
0.122	0.001	0.876	0.001
0.001	0.997	0.001	0.001
0.001	0.997	0.001	0.001
0.001	0.001	0.001	0.997
0.001	0.732	0.001	0.266
0.001	0.001	0.001	0.997
0.001	0.997	0.001	0.001
0.001	0.997	0.001	0.001
>TTGTTTCTTTCT	13-TTGTTTCTTTCT	9.058794	-27.668388	0	T:185.0(51.82%),B:13300.2(33.47%),P:1e-12	Tpos:569.1,Tstd:275.0,Bpos:528.0,Bstd:333.5,StrandBias:1.2,Multiplicity:1.40
0.053	0.076	0.035	0.836
0.027	0.084	0.032	0.857
0.036	0.094	0.745	0.125
0.049	0.018	0.066	0.867
0.032	0.046	0.049	0.873
0.051	0.032	0.074	0.843
0.063	0.784	0.056	0.097
0.046	0.074	0.031	0.849
0.042	0.026	0.043	0.889
0.064	0.072	0.024	0.840
0.057	0.792	0.070	0.081
0.067	0.050	0.056	0.827
>ACAWACGSAGAA	14-ACAWACGSAGAA	12.392143	-27.455970	0	T:18.0(5.04%),B:197.7(0.50%),P:1e-11	Tpos:559.9,Tstd:299.5,Bpos:564.8,Bstd:325.0,StrandBias:-1.5,Multiplicity:1.06
0.997	0.001	0.001	0.001
0.081	0.578	0.340	0.001
0.757	0.001	0.090	0.152
0.412	0.148	0.001	0.439
0.997	0.001	0.001	0.001
0.001	0.997	0.001	0.001
0.001	0.001	0.997	0.001
0.001	0.457	0.541	0.001
0.997	0.001	0.001	0.001
0.263	0.001	0.735	0.001
0.997	0.001	0.001	0.001
0.969	0.001	0.001	0.029
>TTTCGTTCAATT	15-TTTCGTTCAATT	11.296404	-25.548968	0	T:32.0(8.96%),B:810.3(2.04%),P:1e-11	Tpos:455.2,Tstd:301.5,Bpos:506.7,Bstd:313.8,StrandBias:1.2,Multiplicity:1.03
0.069	0.090	0.001	0.840
0.065	0.001	0.001	0.933
0.001	0.001	0.001	0.997
0.051	0.924	0.001	0.024
0.001	0.001	0.937	0.061
0.055	0.001	0.077	0.867
0.001	0.063	0.016	0.920
0.056	0.777	0.124	0.043
0.997	0.001	0.001	0.001
0.924	0.074	0.001	0.001
0.047	0.001	0.001	0.951
0.076	0.001	0.001	0.922
>CGAGGGAGAAAA	16-CGAGGGAGAAAA	10.547562	-25.525590	0	T:21.0(5.88%),B:326.8(0.82%),P:1e-11	Tpos:565.6,Tstd:192.0,Bpos:587.0,Bstd:347.0,StrandBias:-4.2,Multiplicity:1.00
0.043	0.955	0.001	0.001
0.001	0.001	0.997	0.001
0.997	0.001	0.001	0.001
0.055	0.001	0.943	0.001
0.041	0.001	0.879	0.079
0.042	0.085	0.770	0.103
0.804	0.092	0.103	0.001
0.001	0.001	0.997	0.001
0.997	0.001	0.001	0.001
0.928	0.001	0.070	0.001
0.997	0.001	0.001	0.001
0.787	0.120	0.001	0.092
>CAATAAAAAAAG	17-CAATAAAAAAAG	12.501105	-25.167650	0	T:34.0(9.52%),B:926.8(2.33%),P:1e-10	Tpos:533.7,Tstd:256.0,Bpos:521.3,Bstd:320.7,StrandBias:-0.3,Multiplicity:1.00
0.081	0.815	0.031	0.073
0.997	0.001	0.001	0.001
0.913	0.001	0.057	0.029
0.030	0.037	0.091	0.842
0.938	0.001	0.060	0.001
0.997	0.001	0.001	0.001
0.936	0.001	0.001	0.062
0.943	0.055	0.001	0.001
0.904	0.053	0.042	0.001
0.950	0.001	0.048	0.001
0.904	0.034	0.046	0.016
0.040	0.023	0.876	0.061
>CTCTTTGCGTTT	18-CTCTTTGCGTTT	12.800919	-24.460021	0	T:15.0(4.20%),B:148.6(0.37%),P:1e-10	Tpos:524.7,Tstd:261.7,Bpos:512.8,Bstd:379.0,StrandBias:1.1,Multiplicity:1.07
0.001	0.925	0.073	0.001
0.122	0.001	0.001	0.876
0.105	0.827	0.001	0.067
0.085	0.001	0.001	0.913
0.001	0.060	0.001	0.938
0.001	0.001	0.001	0.997
0.001	0.099	0.791	0.109
0.001	0.943	0.001	0.055
0.001	0.001	0.997	0.001
0.001	0.001	0.001	0.997
0.001	0.122	0.001	0.876
0.001	0.001	0.001	0.997
>GTTGCCTTGACC	19-GTTGCCTTGACC	13.838374	-23.831851	0	T:7.0(1.96%),B:9.8(0.02%),P:1e-10	Tpos:443.4,Tstd:232.8,Bpos:457.2,Bstd:267.8,StrandBias:0.4,Multiplicity:1.00
0.001	0.001	0.855	0.143
0.001	0.001	0.001	0.997
0.001	0.001	0.001	0.997
0.001	0.001	0.997	0.001
0.001	0.811	0.187	0.001
0.001	0.997	0.001	0.001
0.001	0.001	0.159	0.839
0.001	0.001	0.001	0.997
0.001	0.187	0.811	0.001
0.866	0.001	0.001	0.132
0.001	0.997	0.001	0.001
0.001	0.997	0.001	0.001
>TTTGGTCAGTGC	20-TTTGGTCAGTGC	12.591468	-23.229445	0	T:13.0(3.64%),B:109.3(0.27%),P:1e-10	Tpos:562.7,Tstd:219.9,Bpos:428.9,Bstd:309.6,StrandBias:0.4,Multiplicity:2.31
0.001	0.021	0.034	0.944
0.055	0.061	0.001	0.883
0.055	0.076	0.062	0.807
0.001	0.001	0.922	0.076
0.044	0.001	0.954	0.001
0.061	0.001	0.001	0.937
0.047	0.891	0.001	0.061
0.997	0.001	0.001	0.001
0.001	0.001	0.997	0.001
0.001	0.001	0.001	0.997
0.001	0.001	0.997	0.001
0.001	0.997	0.001	0.001
>TCTCCAAGCCAT	21-TCTCCAAGCCAT	11.257700	-19.396731	0	T:13.0(3.64%),B:153.5(0.39%),P:1e-8	Tpos:353.1,Tstd:211.3,Bpos:537.5,Bstd:333.5,StrandBias:0.4,Multiplicity:1.08
0.001	0.135	0.135	0.729
0.001	0.997	0.001	0.001
0.001	0.001	0.001	0.997
0.001	0.997	0.001	0.001
0.001	0.997	0.001	0.001
0.903	0.001	0.001	0.095
0.561	0.135	0.001	0.303
0.001	0.192	0.806	0.001
0.001	0.452	0.270	0.277
0.001	0.685	0.313	0.001
0.997	0.001	0.001	0.001
0.083	0.001	0.001	0.915
>HTGGGAATGCAT	22-HTGGGAATGCAT	12.030779	-17.117082	0	T:12.0(3.36%),B:154.0(0.39%),P:1e-7	Tpos:323.6,Tstd:242.6,Bpos:433.1,Bstd:319.6,StrandBias:0.5,Multiplicity:1.42
0.372	0.241	0.001	0.386
0.001	0.001	0.001	0.997
0.200	0.146	0.653	0.001
0.001	0.001	0.997	0.001
0.001	0.001	0.631	0.367
0.997	0.001	0.001	0.001
0.997	0.001	0.001	0.001
0.001	0.001	0.005	0.993
0.001	0.001	0.772	0.226
0.001	0.639	0.001	0.359
0.997	0.001	0.001	0.001
0.415	0.001	0.001	0.583
>CTAGGAAGAAAA	23-CTAGGAAGAAAA	12.605394	-14.925309	0	T:11.0(3.08%),B:155.3(0.39%),P:1e-6	Tpos:413.7,Tstd:295.1,Bpos:501.6,Bstd:339.5,StrandBias:0.8,Multiplicity:1.27
0.045	0.857	0.061	0.037
0.001	0.001	0.044	0.954
0.950	0.001	0.001	0.048
0.001	0.116	0.843	0.040
0.001	0.001	0.997	0.001
0.997	0.001	0.001	0.001
0.918	0.001	0.001	0.080
0.089	0.090	0.760	0.061
0.863	0.135	0.001	0.001
0.903	0.001	0.095	0.001
0.997	0.001	0.001	0.001
0.997	0.001	0.001	0.001
>GAGGAATTTCCA	24-GAGGAATTTCCA	14.319586	-7.364513	0	T:4.0(1.12%),B:40.1(0.10%),P:1e-3	Tpos:289.3,Tstd:275.2,Bpos:400.8,Bstd:234.7,StrandBias:-2.3,Multiplicity:1.50
0.180	0.001	0.818	0.001
0.997	0.001	0.001	0.001
0.001	0.001	0.744	0.254
0.001	0.001	0.997	0.001
0.997	0.001	0.001	0.001
0.997	0.001	0.001	0.001
0.001	0.001	0.001	0.997
0.001	0.001	0.001	0.997
0.001	0.241	0.001	0.757
0.001	0.997	0.001	0.001
0.001	0.997	0.001	0.001
0.997	0.001	0.001	0.001
>GTTAGACCAGTA	25-GTTAGACCAGTA	12.355432	-4.721296	0	T:1.0(0.28%),B:0.4(0.00%),P:1e-2	Tpos:123.0,Tstd:67.1,Bpos:355.0,Bstd:0.0,StrandBias:-10.0,Multiplicity:9.00
0.100	0.100	0.700	0.100
0.100	0.100	0.100	0.700
0.100	0.100	0.100	0.700
0.700	0.100	0.100	0.100
0.100	0.100	0.700	0.100
0.700	0.100	0.100	0.100
0.100	0.700	0.100	0.100
0.100	0.700	0.100	0.100
0.700	0.100	0.100	0.100
0.100	0.100	0.700	0.100
0.100	0.100	0.100	0.700
0.700	0.100	0.100	0.100
>CGCGCWCT	1-CGCGCWCT	7.006021	-56.515376	0	T:147.0(41.18%),B:6982.6(17.57%),P:1e-24	Tpos:576.9,Tstd:255.2,Bpos:548.3,Bstd:363.8,StrandBias:0.8,Multiplicity:1.41
0.001	0.793	0.001	0.205
0.001	0.001	0.997	0.001
0.001	0.997	0.001	0.001
0.251	0.001	0.590	0.158
0.001	0.997	0.001	0.001
0.549	0.001	0.001	0.449
0.001	0.826	0.172	0.001
0.001	0.203	0.068	0.728
>CGCGTTGC	2-CGCGTTGC	5.187720	-42.943720	0	T:249.0(69.75%),B:18325.1(46.11%),P:1e-18	Tpos:555.1,Tstd:271.7,Bpos:533.8,Bstd:355.3,StrandBias:0.7,Multiplicity:1.64
0.001	0.909	0.017	0.073
0.087	0.001	0.816	0.096
0.001	0.922	0.048	0.029
0.028	0.001	0.889	0.082
0.039	0.090	0.018	0.853
0.049	0.001	0.001	0.949
0.001	0.001	0.805	0.193
0.029	0.931	0.001	0.039
>RCRCTCTC	3-RCRCTCTC	7.934440	-39.774137	0	T:114.0(31.93%),B:5537.6(13.93%),P:1e-17	Tpos:510.9,Tstd:254.7,Bpos:521.3,Bstd:362.7,StrandBias:0.3,Multiplicity:1.21
0.475	0.111	0.413	0.001
0.001	0.997	0.001	0.001
0.331	0.237	0.430	0.001
0.001	0.997	0.001	0.001
0.106	0.001	0.001	0.892
0.185	0.813	0.001	0.001
0.377	0.001	0.001	0.621
0.001	0.997	0.001	0.001
>TATCGATT	4-TATCGATT	9.093748	-35.035237	0	T:152.0(42.58%),B:9214.2(23.19%),P:1e-15	Tpos:633.1,Tstd:270.3,Bpos:535.8,Bstd:325.4,StrandBias:0.7,Multiplicity:1.31
0.001	0.001	0.001	0.997
0.997	0.001	0.001	0.001
0.001	0.001	0.001	0.997
0.001	0.801	0.001	0.197
0.001	0.001	0.750	0.248
0.997	0.001	0.001	0.001
0.001	0.065	0.001	0.933
0.001	0.001	0.001	0.997
>CGTCTCTC	5-CGTCTCTC	6.382724	-34.631922	0	T:191.0(53.50%),B:13034.4(32.80%),P:1e-15	Tpos:594.4,Tstd:251.8,Bpos:556.0,Bstd:354.2,StrandBias:0.8,Multiplicity:1.43
0.095	0.677	0.056	0.172
0.053	0.001	0.879	0.067
0.001	0.041	0.001	0.957
0.001	0.872	0.059	0.068
0.001	0.028	0.001	0.970
0.001	0.957	0.001	0.041
0.022	0.065	0.001	0.912
0.035	0.890	0.001	0.074
>CGTGTGTG	6-CGTGTGTG	6.218788	-33.199695	0	T:182.0(50.98%),B:12297.2(30.94%),P:1e-14	Tpos:505.5,Tstd:266.5,Bpos:538.6,Bstd:349.6,StrandBias:0.1,Multiplicity:1.34
0.143	0.855	0.001	0.001
0.001	0.001	0.953	0.045
0.001	0.015	0.019	0.965
0.001	0.024	0.899	0.076
0.012	0.011	0.010	0.967
0.022	0.007	0.847	0.124
0.103	0.014	0.001	0.882
0.064	0.010	0.762	0.164
>TGCGGACG	7-TGCGGACG	8.289886	-31.248396	0	T:54.0(15.13%),B:1815.8(4.57%),P:1e-13	Tpos:673.5,Tstd:258.9,Bpos:533.8,Bstd:363.4,StrandBias:-0.6,Multiplicity:1.11
0.031	0.012	0.001	0.956
0.021	0.001	0.977	0.001
0.039	0.916	0.001	0.044
0.001	0.001	0.836	0.162
0.001	0.022	0.684	0.293
0.966	0.001	0.001	0.032
0.001	0.997	0.001	0.001
0.059	0.129	0.676	0.136
>CACCCTCT	8-CACCCTCT	6.318494	-29.896527	0	T:178.0(49.86%),B:12300.5(30.95%),P:1e-12	Tpos:582.0,Tstd:251.8,Bpos:566.2,Bstd:351.5,StrandBias:1.7,Multiplicity:1.53
0.001	0.798	0.103	0.098
0.543	0.070	0.001	0.386
0.035	0.836	0.127	0.002
0.143	0.490	0.058	0.308
0.067	0.879	0.053	0.001
0.018	0.034	0.072	0.876
0.001	0.931	0.001	0.067
0.001	0.067	0.207	0.725
>GAGGAGAG	9-GAGGAGAG	6.151112	-29.644049	0	T:226.0(63.31%),B:17412.4(43.82%),P:1e-12	Tpos:546.7,Tstd:274.2,Bpos:545.9,Bstd:352.7,StrandBias:-1.6,Multiplicity:1.43
0.001	0.045	0.922	0.032
0.997	0.001	0.001	0.001
0.045	0.076	0.840	0.039
0.206	0.001	0.666	0.127
0.931	0.001	0.036	0.032
0.083	0.001	0.915	0.001
0.722	0.001	0.224	0.053
0.001	0.001	0.997	0.001
>TCTTTCTC	10-TCTTTCTC	3.025620	-26.843858	0	T:249.0(69.75%),B:20460.8(51.49%),P:1e-11	Tpos:546.5,Tstd:294.2,Bpos:534.5,Bstd:342.4,StrandBias:1.3,Multiplicity:1.65
0.001	0.001	0.001	0.997
0.001	0.997	0.001	0.001
0.001	0.001	0.001	0.997
0.001	0.001	0.001	0.997
0.227	0.001	0.001	0.771
0.001	0.997	0.001	0.001
0.375	0.001	0.001	0.623
0.001	0.584	0.001	0.414
>GAGGRCGG	11-GAGGRCGG	7.048438	-24.640193	0	T:85.0(23.81%),B:4455.4(11.21%),P:1e-10	Tpos:566.6,Tstd:258.7,Bpos:524.2,Bstd:357.5,StrandBias:-1.0,Multiplicity:1.16
0.001	0.011	0.987	0.001
0.984	0.014	0.001	0.001
0.001	0.061	0.937	0.001
0.296	0.001	0.702	0.001
0.534	0.001	0.423	0.042
0.095	0.886	0.015	0.004
0.193	0.007	0.644	0.156
0.071	0.214	0.714	0.001
>TTTACTTT	12-TTTACTTT	8.636666	-22.776340	0	T:241.0(67.51%),B:20166.5(50.75%),P:1e-9	Tpos:555.3,Tstd:293.6,Bpos:521.4,Bstd:330.5,StrandBias:1.4,Multiplicity:1.58
0.051	0.001	0.057	0.891
0.001	0.001	0.001	0.997
0.001	0.001	0.001	0.997
0.561	0.198	0.117	0.124
0.001	0.896	0.102	0.001
0.119	0.001	0.001	0.879
0.001	0.001	0.001	0.997
0.001	0.001	0.001	0.997
>GGCCGTGC	13-GGCCGTGC	6.354529	-21.918718	0	T:106.0(29.69%),B:6494.4(16.34%),P:1e-9	Tpos:543.9,Tstd:284.0,Bpos:510.0,Bstd:351.5,StrandBias:0.2,Multiplicity:1.30
0.001	0.001	0.997	0.001
0.013	0.001	0.764	0.222
0.001	0.789	0.001	0.209
0.274	0.724	0.001	0.001
0.144	0.046	0.809	0.001
0.001	0.192	0.038	0.769
0.001	0.001	0.997	0.001
0.163	0.658	0.178	0.001
>GTGTCGTA	14-GTGTCGTA	9.326657	-19.276873	0	T:34.0(9.52%),B:1171.6(2.95%),P:1e-8	Tpos:586.4,Tstd:286.7,Bpos:526.6,Bstd:377.0,StrandBias:0.3,Multiplicity:1.06
0.001	0.001	0.997	0.001
0.001	0.001	0.001	0.997
0.001	0.001	0.997	0.001
0.001	0.422	0.001	0.576
0.001	0.997	0.001	0.001
0.001	0.001	0.997	0.001
0.001	0.001	0.001	0.997
0.695	0.303	0.001	0.001
>CCATTGCG	15-CCATTGCG	7.416024	-19.149555	0	T:59.0(16.53%),B:2900.8(7.30%),P:1e-8	Tpos:458.0,Tstd:240.8,Bpos:506.8,Bstd:346.3,StrandBias:0.0,Multiplicity:1.08
0.001	0.938	0.001	0.060
0.112	0.886	0.001	0.001
0.759	0.001	0.239	0.001
0.001	0.001	0.112	0.886
0.001	0.001	0.001	0.997
0.282	0.001	0.716	0.001
0.001	0.997	0.001	0.001
0.001	0.001	0.997	0.001
>GTCGTTTM	16-GTCGTTTM	7.563281	-18.746491	0	T:74.0(20.73%),B:4116.2(10.36%),P:1e-8	Tpos:546.4,Tstd:293.0,Bpos:520.5,Bstd:346.1,StrandBias:0.2,Multiplicity:1.08
0.001	0.001	0.997	0.001
0.091	0.001	0.001	0.907
0.001	0.997	0.001	0.001
0.001	0.001	0.997	0.001
0.001	0.001	0.149	0.849
0.001	0.259	0.001	0.739
0.001	0.001	0.001	0.997
0.521	0.477	0.001	0.001
>GACCGACC	17-GACCGACC	7.543326	-12.764733	0	T:44.0(12.32%),B:2305.8(5.80%),P:1e-5	Tpos:501.6,Tstd:286.9,Bpos:519.5,Bstd:349.6,StrandBias:0.2,Multiplicity:1.27
0.001	0.001	0.691	0.307
0.997	0.001	0.001	0.001
0.117	0.577	0.001	0.305
0.098	0.627	0.274	0.001
0.001	0.001	0.997	0.001
0.703	0.295	0.001	0.001
0.146	0.852	0.001	0.001
0.001	0.997	0.001	0.001
>TTGCCGGG	18-TTGCCGGG	8.861628	-12.201902	0	T:26.0(7.28%),B:1048.3(2.64%),P:1e-5	Tpos:502.1,Tstd:287.1,Bpos:535.6,Bstd:337.2,StrandBias:0.8,Multiplicity:1.04
0.001	0.001	0.001	0.997
0.001	0.001	0.001	0.997
0.001	0.001	0.997	0.001
0.001	0.997	0.001	0.001
0.226	0.772	0.001	0.001
0.001	0.142	0.856	0.001
0.001	0.001	0.997	0.001
0.001	0.001	0.997	0.001
>GTAAGAAT	19-GTAAGAAT	8.236954	-10.529273	0	T:28.0(7.84%),B:1299.9(3.27%),P:1e-4	Tpos:529.8,Tstd:275.5,Bpos:507.3,Bstd:336.1,StrandBias:-0.3,Multiplicity:1.00
0.100	0.100	0.700	0.100
0.100	0.100	0.100	0.700
0.700	0.100	0.100	0.100
0.700	0.100	0.100	0.100
0.100	0.100	0.700	0.100
0.700	0.100	0.100	0.100
0.700	0.100	0.100	0.100
0.100	0.100	0.100	0.700
>CTGGTCTA	20-CTGGTCTA	8.236954	-2.122896	0	T:5.0(1.40%),B:286.0(0.72%),P:1e0	Tpos:242.0,Tstd:232.5,Bpos:462.5,Bstd:323.5,StrandBias:2.5,Multiplicity:2.60
0.100	0.700	0.100	0.100
0.100	0.100	0.100	0.700
0.100	0.100	0.700	0.100
0.100	0.100	0.700	0.100
0.100	0.100	0.100	0.700
0.100	0.700	0.100	0.100
0.100	0.100	0.100	0.700
0.700	0.100	0.100	0.100
