>AAGCGAGGAAAA	12-TTTTCCTCGCTT	11.358718	-18.931309	0	T:13.0(4.91%),B:218.6(0.55%),P:1e-8
0.834	0.052	0.069	0.045
0.640	0.245	0.064	0.051
0.179	0.072	0.549	0.200
0.273	0.531	0.170	0.026
0.091	0.064	0.759	0.086
0.768	0.048	0.078	0.106
0.066	0.134	0.586	0.214
0.298	0.026	0.465	0.211
0.897	0.032	0.070	0.001
0.841	0.034	0.087	0.038
0.888	0.030	0.056	0.026
0.847	0.033	0.038	0.082
