>GATCGAAGTA	1-GATCGAAGTA	8.467777	-16.501986	0	T:11.0(55.00%),B:3044.2(7.94%),P:1e-7	Tpos:553.5,Tstd:295.7,Bpos:514.7,Bstd:338.0,StrandBias:-0.7,Multiplicity:1.18
0.081	0.001	0.796	0.122
0.922	0.001	0.001	0.076
0.144	0.001	0.001	0.854
0.268	0.652	0.079	0.001
0.079	0.077	0.843	0.001
0.865	0.001	0.133	0.001
0.997	0.001	0.001	0.001
0.104	0.134	0.625	0.137
0.230	0.167	0.001	0.602
0.868	0.001	0.001	0.130
>GGATGTCATC	2-GGATGTCATC	11.129050	-16.275373	0	T:5.0(25.00%),B:215.8(0.56%),P:1e-7	Tpos:432.8,Tstd:142.9,Bpos:432.5,Bstd:331.4,StrandBias:-2.3,Multiplicity:1.00
0.001	0.143	0.855	0.001
0.001	0.001	0.997	0.001
0.997	0.001	0.001	0.001
0.160	0.001	0.001	0.838
0.001	0.001	0.997	0.001
0.163	0.001	0.001	0.835
0.001	0.997	0.001	0.001
0.796	0.001	0.202	0.001
0.001	0.001	0.001	0.997
0.001	0.828	0.001	0.170
>TCTCTGCGTA	3-TCTCTGCGTA	6.805588	-15.300166	0	T:6.0(30.00%),B:526.9(1.37%),P:1e-6	Tpos:314.2,Tstd:273.0,Bpos:507.3,Bstd:342.2,StrandBias:1.0,Multiplicity:1.00
0.001	0.001	0.001	0.997
0.001	0.997	0.001	0.001
0.001	0.001	0.001	0.997
0.001	0.997	0.001	0.001
0.001	0.001	0.001	0.997
0.116	0.001	0.882	0.001
0.001	0.997	0.001	0.001
0.056	0.001	0.882	0.061
0.001	0.001	0.001	0.997
0.997	0.001	0.001	0.001
>CTCCAGATGG	4-CTCCAGATGG	11.482805	-12.189308	0	T:4.0(20.00%),B:220.4(0.57%),P:1e-5	Tpos:387.2,Tstd:175.5,Bpos:402.7,Bstd:312.4,StrandBias:-1.0,Multiplicity:1.25
0.001	0.997	0.001	0.001
0.186	0.001	0.001	0.812
0.001	0.997	0.001	0.001
0.001	0.997	0.001	0.001
0.997	0.001	0.001	0.001
0.001	0.224	0.774	0.001
0.807	0.191	0.001	0.001
0.001	0.001	0.001	0.997
0.001	0.001	0.811	0.187
0.001	0.001	0.997	0.001
>CCCAATCTGG	5-CCCAATCTGG	10.395763	-8.680142	0	T:2.0(10.00%),B:35.1(0.09%),P:1e-3	Tpos:396.5,Tstd:109.5,Bpos:323.5,Bstd:265.1,StrandBias:0.0,Multiplicity:1.00
0.082	0.916	0.001	0.001
0.084	0.753	0.081	0.082
0.001	0.913	0.001	0.085
0.610	0.097	0.197	0.096
0.626	0.078	0.096	0.200
0.096	0.001	0.001	0.902
0.086	0.912	0.001	0.001
0.003	0.181	0.001	0.815
0.255	0.001	0.655	0.089
0.081	0.001	0.915	0.003
>TCACCACTTG	6-TCACCACTTG	8.350283	-8.434575	0	T:6.0(30.00%),B:1773.7(4.62%),P:1e-3	Tpos:463.9,Tstd:283.0,Bpos:496.7,Bstd:318.6,StrandBias:-0.4,Multiplicity:1.17
0.100	0.100	0.100	0.700
0.100	0.700	0.100	0.100
0.700	0.100	0.100	0.100
0.100	0.700	0.100	0.100
0.100	0.700	0.100	0.100
0.700	0.100	0.100	0.100
0.100	0.700	0.100	0.100
0.100	0.100	0.100	0.700
0.100	0.100	0.100	0.700
0.100	0.100	0.700	0.100
>ACGGGATAGC	7-ACGGGATAGC	10.296193	-7.559612	0	T:1.0(5.00%),B:0.0(0.00%),P:1e-3	Tpos:11.0,Tstd:0.0,Bpos:0.0,Bstd:0.0,StrandBias:10.0,Multiplicity:1.00
0.700	0.100	0.100	0.100
0.100	0.700	0.100	0.100
0.100	0.100	0.700	0.100
0.100	0.100	0.700	0.100
0.100	0.100	0.700	0.100
0.700	0.100	0.100	0.100
0.100	0.100	0.100	0.700
0.700	0.100	0.100	0.100
0.100	0.100	0.700	0.100
0.100	0.700	0.100	0.100
