>CGYAGTGTCGTT	1-CGYAGTGTCGTT	6.545930	-34.808468	0	T:44.0(11.40%),B:972.2(2.58%),P:1e-15	Tpos:637.2,Tstd:240.3,Bpos:553.5,Bstd:347.3,StrandBias:-0.7,Multiplicity:1.00
0.001	0.997	0.001	0.001
0.191	0.001	0.807	0.001
0.001	0.383	0.233	0.383
0.616	0.382	0.001	0.001
0.001	0.001	0.997	0.001
0.191	0.220	0.001	0.588
0.001	0.382	0.616	0.001
0.010	0.001	0.001	0.988
0.001	0.997	0.001	0.001
0.191	0.001	0.807	0.001
0.001	0.001	0.001	0.997
0.382	0.001	0.001	0.616
>CGCTCTATTGTA	2-CGCTCTATTGTA	8.166620	-33.167797	0	T:80.0(20.73%),B:2989.8(7.94%),P:1e-14	Tpos:655.8,Tstd:269.3,Bpos:525.7,Bstd:347.1,StrandBias:-0.2,Multiplicity:1.09
0.134	0.758	0.001	0.107
0.069	0.001	0.929	0.001
0.029	0.742	0.001	0.228
0.001	0.138	0.001	0.860
0.001	0.961	0.001	0.037
0.153	0.254	0.095	0.498
0.721	0.001	0.277	0.001
0.106	0.321	0.001	0.572
0.001	0.211	0.129	0.659
0.001	0.001	0.902	0.096
0.297	0.185	0.001	0.517
0.741	0.001	0.010	0.248
>TTACTGTCTGAC	3-TTACTGTCTGAC	11.983024	-27.905630	0	T:11.0(2.85%),B:34.2(0.09%),P:1e-12	Tpos:532.0,Tstd:259.9,Bpos:527.9,Bstd:374.5,StrandBias:-0.3,Multiplicity:1.00
0.001	0.001	0.001	0.997
0.001	0.001	0.001	0.997
0.721	0.139	0.139	0.001
0.001	0.765	0.139	0.095
0.001	0.001	0.001	0.997
0.163	0.001	0.835	0.001
0.001	0.001	0.001	0.997
0.263	0.735	0.001	0.001
0.001	0.001	0.001	0.997
0.163	0.001	0.835	0.001
0.997	0.001	0.001	0.001
0.134	0.689	0.001	0.176
>GCAACGAAAATC	4-GCAACGAAAATC	11.352974	-27.798905	0	T:22.0(5.70%),B:280.4(0.74%),P:1e-12	Tpos:591.5,Tstd:278.5,Bpos:563.4,Bstd:333.4,StrandBias:-0.8,Multiplicity:1.00
0.053	0.001	0.796	0.150
0.103	0.801	0.095	0.001
0.997	0.001	0.001	0.001
0.997	0.001	0.001	0.001
0.039	0.959	0.001	0.001
0.043	0.001	0.955	0.001
0.892	0.106	0.001	0.001
0.892	0.106	0.001	0.001
0.997	0.001	0.001	0.001
0.997	0.001	0.001	0.001
0.051	0.001	0.001	0.947
0.073	0.829	0.052	0.046
>ATCGATTTTTTT	5-ATCGATTTTTTT	9.282618	-26.277415	0	T:138.0(35.75%),B:7710.3(20.48%),P:1e-11	Tpos:584.0,Tstd:309.0,Bpos:515.1,Bstd:340.2,StrandBias:0.1,Multiplicity:1.34
0.857	0.048	0.056	0.039
0.063	0.031	0.035	0.871
0.041	0.876	0.035	0.048
0.038	0.086	0.822	0.054
0.840	0.042	0.068	0.050
0.061	0.098	0.072	0.769
0.054	0.027	0.050	0.869
0.083	0.050	0.037	0.830
0.037	0.067	0.112	0.784
0.054	0.043	0.046	0.857
0.042	0.050	0.070	0.838
0.073	0.073	0.062	0.792
>TACGGTAAACAA	6-TACGGTAAACAA	12.742829	-25.916376	0	T:16.0(4.15%),B:138.5(0.37%),P:1e-11	Tpos:710.6,Tstd:191.7,Bpos:610.0,Bstd:334.3,StrandBias:-0.2,Multiplicity:1.06
0.001	0.001	0.001	0.997
0.997	0.001	0.001	0.001
0.001	0.997	0.001	0.001
0.001	0.001	0.997	0.001
0.190	0.001	0.808	0.001
0.001	0.001	0.001	0.997
0.855	0.064	0.080	0.001
0.877	0.001	0.042	0.080
0.948	0.001	0.050	0.001
0.001	0.997	0.001	0.001
0.749	0.001	0.151	0.099
0.915	0.001	0.001	0.083
>ATTCTTCGAAGA	7-ATTCTTCGAAGA	11.509985	-25.899856	0	T:21.0(5.44%),B:278.8(0.74%),P:1e-11	Tpos:574.3,Tstd:291.2,Bpos:465.1,Bstd:297.6,StrandBias:0.1,Multiplicity:1.00
0.845	0.080	0.001	0.074
0.001	0.001	0.001	0.997
0.093	0.077	0.001	0.829
0.001	0.839	0.064	0.096
0.060	0.001	0.001	0.938
0.001	0.001	0.001	0.997
0.001	0.997	0.001	0.001
0.001	0.079	0.919	0.001
0.997	0.001	0.001	0.001
0.934	0.064	0.001	0.001
0.032	0.001	0.966	0.001
0.796	0.001	0.088	0.115
>CATTTTTTCGGC	8-CATTTTTTCGGC	12.265855	-25.563092	0	T:20.0(5.18%),B:252.6(0.67%),P:1e-11	Tpos:605.0,Tstd:260.4,Bpos:533.1,Bstd:307.9,StrandBias:-0.3,Multiplicity:1.00
0.001	0.951	0.047	0.001
0.882	0.068	0.049	0.001
0.024	0.001	0.001	0.974
0.001	0.057	0.099	0.843
0.001	0.001	0.001	0.997
0.001	0.071	0.001	0.927
0.001	0.039	0.099	0.861
0.067	0.001	0.001	0.931
0.057	0.862	0.053	0.028
0.001	0.001	0.930	0.068
0.038	0.051	0.910	0.001
0.034	0.964	0.001	0.001
>TATTGCTGGAAT	9-TATTGCTGGAAT	12.792081	-23.179931	0	T:15.0(3.89%),B:142.3(0.38%),P:1e-10	Tpos:532.6,Tstd:259.4,Bpos:482.3,Bstd:319.3,StrandBias:0.6,Multiplicity:1.00
0.001	0.001	0.001	0.997
0.871	0.001	0.001	0.127
0.001	0.099	0.001	0.899
0.001	0.087	0.001	0.911
0.001	0.092	0.857	0.050
0.001	0.997	0.001	0.001
0.001	0.001	0.001	0.997
0.001	0.001	0.903	0.095
0.064	0.001	0.934	0.001
0.818	0.180	0.001	0.001
0.881	0.001	0.117	0.001
0.001	0.001	0.001	0.997
>ACCGATAAWTCA	10-ACCGATAAWTCA	10.256495	-22.654373	0	T:36.0(9.33%),B:990.4(2.63%),P:1e-9	Tpos:460.1,Tstd:253.5,Bpos:524.4,Bstd:348.8,StrandBias:-0.3,Multiplicity:1.11
0.784	0.060	0.122	0.034
0.102	0.562	0.051	0.285
0.001	0.539	0.221	0.239
0.138	0.001	0.860	0.001
0.953	0.001	0.045	0.001
0.001	0.001	0.045	0.953
0.997	0.001	0.001	0.001
0.832	0.083	0.002	0.083
0.462	0.001	0.001	0.536
0.286	0.001	0.001	0.712
0.052	0.945	0.002	0.001
0.556	0.169	0.236	0.039
>TTTTGCCCACTC	11-TTTTGCCCACTC	13.036165	-22.610827	0	T:11.0(2.85%),B:60.4(0.16%),P:1e-9	Tpos:644.5,Tstd:274.4,Bpos:497.8,Bstd:351.0,StrandBias:0.8,Multiplicity:1.00
0.128	0.001	0.001	0.870
0.001	0.001	0.128	0.870
0.001	0.001	0.001	0.997
0.001	0.128	0.001	0.870
0.001	0.098	0.900	0.001
0.001	0.997	0.001	0.001
0.071	0.927	0.001	0.001
0.066	0.932	0.001	0.001
0.997	0.001	0.001	0.001
0.001	0.811	0.129	0.059
0.001	0.001	0.001	0.997
0.001	0.941	0.001	0.057
>CGAAAAGCAGCT	12-CGAAAAGCAGCT	12.912731	-21.956541	0	T:10.0(2.59%),B:47.5(0.13%),P:1e-9	Tpos:358.2,Tstd:268.0,Bpos:503.4,Bstd:322.0,StrandBias:-0.3,Multiplicity:1.10
0.088	0.797	0.114	0.001
0.001	0.001	0.997	0.001
0.997	0.001	0.001	0.001
0.783	0.001	0.082	0.134
0.885	0.001	0.113	0.001
0.997	0.001	0.001	0.001
0.062	0.001	0.936	0.001
0.001	0.997	0.001	0.001
0.802	0.001	0.134	0.063
0.001	0.001	0.997	0.001
0.001	0.997	0.001	0.001
0.102	0.001	0.001	0.896
>AGAGACGCAGAG	13-AGAGACGCAGAG	9.117230	-21.873112	0	T:81.0(20.98%),B:3819.6(10.14%),P:1e-9	Tpos:679.4,Tstd:268.2,Bpos:569.8,Bstd:354.3,StrandBias:-0.7,Multiplicity:1.22
0.913	0.030	0.056	0.001
0.106	0.001	0.830	0.063
0.831	0.050	0.071	0.048
0.164	0.041	0.738	0.057
0.890	0.073	0.036	0.001
0.086	0.707	0.079	0.128
0.110	0.042	0.791	0.057
0.100	0.754	0.100	0.046
0.856	0.078	0.065	0.001
0.051	0.001	0.947	0.001
0.858	0.049	0.006	0.087
0.035	0.074	0.839	0.052
>TATAAATACATA	14-TATAAATACATA	10.026103	-21.792964	0	T:24.0(6.22%),B:468.4(1.24%),P:1e-9	Tpos:523.8,Tstd:264.4,Bpos:532.8,Bstd:322.1,StrandBias:0.8,Multiplicity:1.04
0.262	0.027	0.220	0.491
0.733	0.020	0.033	0.214
0.045	0.032	0.299	0.624
0.911	0.037	0.014	0.038
0.606	0.223	0.007	0.164
0.942	0.025	0.001	0.032
0.233	0.024	0.036	0.707
0.684	0.038	0.026	0.252
0.216	0.548	0.028	0.208
0.486	0.002	0.282	0.231
0.197	0.251	0.019	0.533
0.622	0.031	0.315	0.032
>TCAGTTCATTCA	15-TCAGTTCATTCA	13.393599	-20.363530	0	T:11.0(2.85%),B:76.6(0.20%),P:1e-8	Tpos:638.1,Tstd:247.5,Bpos:585.5,Bstd:326.6,StrandBias:1.7,Multiplicity:1.18
0.001	0.001	0.071	0.927
0.001	0.896	0.001	0.102
0.925	0.073	0.001	0.001
0.001	0.001	0.997	0.001
0.073	0.001	0.001	0.925
0.001	0.001	0.102	0.896
0.096	0.902	0.001	0.001
0.997	0.001	0.001	0.001
0.001	0.001	0.001	0.997
0.001	0.001	0.001	0.997
0.096	0.902	0.001	0.001
0.997	0.001	0.001	0.001
>AAATACAATYGS	16-AAATACAATYGS	10.576328	-20.123664	0	T:31.0(8.03%),B:835.5(2.22%),P:1e-8	Tpos:504.2,Tstd:265.6,Bpos:504.1,Bstd:315.2,StrandBias:-1.0,Multiplicity:1.06
0.781	0.001	0.217	0.001
0.997	0.001	0.001	0.001
0.997	0.001	0.001	0.001
0.108	0.095	0.132	0.665
0.997	0.001	0.001	0.001
0.156	0.663	0.001	0.180
0.820	0.001	0.001	0.178
0.763	0.233	0.003	0.001
0.203	0.001	0.001	0.795
0.001	0.479	0.001	0.519
0.001	0.252	0.746	0.001
0.067	0.487	0.420	0.026
>CTGTTCCTTGTT	17-CTGTTCCTTGTT	12.706700	-19.442327	0	T:12.0(3.11%),B:107.9(0.29%),P:1e-8	Tpos:397.1,Tstd:294.8,Bpos:568.2,Bstd:325.1,StrandBias:0.7,Multiplicity:1.08
0.058	0.908	0.001	0.033
0.001	0.001	0.001	0.997
0.001	0.046	0.866	0.087
0.001	0.001	0.001	0.997
0.001	0.128	0.001	0.870
0.001	0.934	0.064	0.001
0.090	0.838	0.001	0.071
0.001	0.001	0.001	0.997
0.128	0.001	0.001	0.870
0.001	0.001	0.968	0.030
0.001	0.001	0.001	0.997
0.084	0.001	0.084	0.831
>TTGACAACGCAC	18-TTGACAACGCAC	13.623031	-16.499056	0	T:6.0(1.55%),B:16.4(0.04%),P:1e-7	Tpos:559.7,Tstd:204.2,Bpos:555.6,Bstd:418.0,StrandBias:-1.3,Multiplicity:1.17
0.001	0.001	0.001	0.997
0.001	0.001	0.001	0.997
0.001	0.001	0.997	0.001
0.997	0.001	0.001	0.001
0.092	0.906	0.001	0.001
0.997	0.001	0.001	0.001
0.816	0.001	0.182	0.001
0.001	0.725	0.155	0.119
0.001	0.001	0.887	0.111
0.001	0.997	0.001	0.001
0.997	0.001	0.001	0.001
0.154	0.844	0.001	0.001
>TGCCTGAGGTGA	19-TGCCTGAGGTGA	9.503983	-15.406600	0	T:6.0(1.55%),B:20.3(0.05%),P:1e-6	Tpos:576.7,Tstd:198.8,Bpos:463.3,Bstd:251.4,StrandBias:-1.2,Multiplicity:1.67
0.001	0.177	0.001	0.821
0.001	0.001	0.997	0.001
0.001	0.997	0.001	0.001
0.001	0.796	0.041	0.162
0.001	0.001	0.001	0.997
0.001	0.001	0.997	0.001
0.997	0.001	0.001	0.001
0.001	0.168	0.830	0.001
0.001	0.001	0.997	0.001
0.001	0.001	0.001	0.997
0.001	0.001	0.997	0.001
0.828	0.001	0.001	0.170
>GGTAACAAATTG	20-GGTAACAAATTG	14.463859	-14.846294	0	T:4.0(1.04%),B:3.0(0.01%),P:1e-6	Tpos:481.0,Tstd:298.3,Bpos:534.5,Bstd:218.0,StrandBias:0.0,Multiplicity:1.00
0.111	0.001	0.788	0.100
0.046	0.060	0.843	0.051
0.045	0.001	0.045	0.909
0.850	0.051	0.044	0.055
0.893	0.055	0.051	0.001
0.066	0.878	0.001	0.055
0.807	0.066	0.126	0.001
0.827	0.001	0.001	0.171
0.772	0.051	0.067	0.110
0.067	0.046	0.046	0.841
0.100	0.001	0.157	0.742
0.001	0.117	0.881	0.001
>GTBTGTAGTCTT	21-GTBTGTAGTCTT	11.929181	-14.321627	0	T:10.0(2.59%),B:114.1(0.30%),P:1e-6	Tpos:363.6,Tstd:250.2,Bpos:425.9,Bstd:321.7,StrandBias:-2.0,Multiplicity:2.00
0.142	0.001	0.748	0.109
0.001	0.270	0.001	0.728
0.001	0.356	0.396	0.247
0.001	0.001	0.001	0.997
0.001	0.001	0.997	0.001
0.001	0.001	0.001	0.997
0.632	0.218	0.001	0.149
0.001	0.001	0.756	0.242
0.217	0.001	0.001	0.781
0.241	0.757	0.001	0.001
0.001	0.168	0.040	0.791
0.001	0.001	0.001	0.997
>TCTGGAATCTGT	22-TCTGGAATCTGT	12.355432	-14.161207	0	T:4.0(1.04%),B:4.8(0.01%),P:1e-6	Tpos:703.0,Tstd:157.4,Bpos:567.4,Bstd:10.9,StrandBias:10.0,Multiplicity:1.00
0.100	0.100	0.100	0.700
0.100	0.700	0.100	0.100
0.100	0.100	0.100	0.700
0.100	0.100	0.700	0.100
0.100	0.100	0.700	0.100
0.700	0.100	0.100	0.100
0.700	0.100	0.100	0.100
0.100	0.100	0.100	0.700
0.100	0.700	0.100	0.100
0.100	0.100	0.100	0.700
0.100	0.100	0.700	0.100
0.100	0.100	0.100	0.700
>AGTCTACTGAGG	23-AGTCTACTGAGG	14.417636	-10.806220	0	T:3.0(0.78%),B:3.5(0.01%),P:1e-4	Tpos:596.0,Tstd:7.8,Bpos:523.2,Bstd:223.5,StrandBias:1.0,Multiplicity:1.00
0.997	0.001	0.001	0.001
0.001	0.001	0.997	0.001
0.001	0.212	0.001	0.786
0.001	0.997	0.001	0.001
0.001	0.001	0.001	0.997
0.997	0.001	0.001	0.001
0.001	0.997	0.001	0.001
0.001	0.212	0.001	0.786
0.001	0.001	0.997	0.001
0.997	0.001	0.001	0.001
0.001	0.001	0.997	0.001
0.001	0.181	0.637	0.181
>AGTTTGGGCGCT	24-AGTTTGGGCGCT	11.055883	-10.306052	0	T:9.0(2.33%),B:147.8(0.39%),P:1e-4	Tpos:318.4,Tstd:214.8,Bpos:387.5,Bstd:295.1,StrandBias:2.2,Multiplicity:3.11
0.997	0.001	0.001	0.001
0.141	0.001	0.751	0.107
0.001	0.079	0.001	0.919
0.001	0.001	0.001	0.997
0.001	0.001	0.001	0.997
0.001	0.151	0.787	0.061
0.125	0.001	0.873	0.001
0.001	0.060	0.938	0.001
0.080	0.804	0.061	0.055
0.210	0.174	0.536	0.080
0.080	0.651	0.080	0.189
0.001	0.173	0.061	0.765
>AAAAAATCTGTA	25-AAAAAATCTGTA	13.371850	-6.003215	0	T:12.0(3.11%),B:440.6(1.17%),P:1e-2	Tpos:493.2,Tstd:186.5,Bpos:483.4,Bstd:285.6,StrandBias:1.8,Multiplicity:1.92
0.817	0.181	0.001	0.001
0.997	0.001	0.001	0.001
0.817	0.181	0.001	0.001
0.997	0.001	0.001	0.001
0.997	0.001	0.001	0.001
0.938	0.001	0.060	0.001
0.001	0.001	0.218	0.780
0.001	0.997	0.001	0.001
0.206	0.001	0.001	0.792
0.001	0.001	0.843	0.155
0.001	0.221	0.001	0.777
0.831	0.001	0.001	0.167
