>ATCGATTDYN	1-ATCGATTDYN	6.643143	-36.900307	0	T:159.0(41.19%),B:8369.6(22.23%),P:1e-16	Tpos:597.1,Tstd:306.5,Bpos:527.9,Bstd:351.9,StrandBias:0.1,Multiplicity:1.57
0.597	0.234	0.120	0.049
0.070	0.054	0.076	0.800
0.051	0.674	0.052	0.223
0.051	0.311	0.603	0.035
0.459	0.113	0.236	0.192
0.062	0.064	0.207	0.667
0.304	0.054	0.062	0.580
0.325	0.049	0.295	0.332
0.058	0.390	0.047	0.505
0.262	0.223	0.197	0.318
>CGCGTTTGCA	2-CGCGTTTGCA	9.311589	-32.005720	0	T:41.0(10.62%),B:919.2(2.44%),P:1e-13	Tpos:682.7,Tstd:262.6,Bpos:523.5,Bstd:360.2,StrandBias:0.1,Multiplicity:1.05
0.001	0.896	0.035	0.068
0.001	0.001	0.997	0.001
0.022	0.741	0.038	0.199
0.056	0.031	0.844	0.069
0.109	0.001	0.001	0.889
0.001	0.001	0.001	0.997
0.001	0.001	0.001	0.997
0.203	0.022	0.774	0.001
0.001	0.956	0.001	0.042
0.973	0.025	0.001	0.001
>GAGTCTCGTT	3-GAGTCTCGTT	7.291026	-29.198003	0	T:86.0(22.28%),B:3619.2(9.61%),P:1e-12	Tpos:592.1,Tstd:256.3,Bpos:526.5,Bstd:353.8,StrandBias:-0.3,Multiplicity:1.10
0.075	0.054	0.844	0.027
0.732	0.137	0.072	0.059
0.075	0.062	0.758	0.105
0.060	0.098	0.024	0.818
0.100	0.726	0.094	0.080
0.062	0.043	0.063	0.832
0.047	0.879	0.042	0.032
0.048	0.058	0.846	0.048
0.094	0.100	0.071	0.735
0.099	0.024	0.039	0.838
>TBGTSGTCTC	4-TBGTSGTCTC	8.002151	-28.381307	0	T:47.0(12.18%),B:1330.7(3.53%),P:1e-12	Tpos:588.5,Tstd:318.7,Bpos:526.9,Bstd:356.1,StrandBias:1.0,Multiplicity:1.02
0.226	0.270	0.023	0.482
0.203	0.220	0.215	0.362
0.030	0.063	0.839	0.068
0.069	0.073	0.044	0.814
0.038	0.430	0.310	0.223
0.049	0.264	0.660	0.027
0.033	0.268	0.015	0.684
0.037	0.755	0.155	0.053
0.029	0.021	0.231	0.719
0.047	0.781	0.108	0.064
>ACGGAGAGTG	5-ACGGAGAGTG	7.421148	-24.641806	0	T:53.0(13.73%),B:1826.2(4.85%),P:1e-10	Tpos:612.4,Tstd:304.1,Bpos:528.4,Bstd:359.4,StrandBias:-0.6,Multiplicity:1.09
0.848	0.066	0.047	0.039
0.060	0.812	0.082	0.046
0.081	0.013	0.782	0.124
0.065	0.068	0.803	0.064
0.796	0.091	0.027	0.086
0.061	0.086	0.788	0.065
0.793	0.063	0.067	0.077
0.065	0.041	0.847	0.047
0.066	0.093	0.064	0.777
0.097	0.071	0.760	0.072
>GCCATTCCCT	6-GCCATTCCCT	8.901680	-23.001634	0	T:30.0(7.77%),B:692.8(1.84%),P:1e-9	Tpos:481.9,Tstd:249.8,Bpos:487.5,Bstd:356.3,StrandBias:0.5,Multiplicity:1.13
0.265	0.001	0.733	0.001
0.183	0.718	0.001	0.098
0.001	0.916	0.082	0.001
0.735	0.001	0.001	0.263
0.001	0.001	0.150	0.848
0.001	0.001	0.082	0.916
0.001	0.997	0.001	0.001
0.001	0.914	0.084	0.001
0.001	0.625	0.275	0.099
0.075	0.001	0.180	0.744
>TCGCGATTCT	7-TCGCGATTCT	10.200420	-21.594208	0	T:27.0(6.99%),B:600.8(1.60%),P:1e-9	Tpos:536.4,Tstd:324.5,Bpos:522.0,Bstd:363.7,StrandBias:0.3,Multiplicity:1.04
0.031	0.001	0.009	0.959
0.001	0.959	0.039	0.001
0.001	0.023	0.884	0.092
0.010	0.965	0.001	0.024
0.001	0.093	0.905	0.001
0.973	0.001	0.001	0.025
0.152	0.001	0.001	0.846
0.087	0.001	0.066	0.846
0.001	0.768	0.056	0.175
0.001	0.042	0.030	0.927
>GCCCTCTGTT	8-GCCCTCTGTT	8.176161	-21.333433	0	T:29.0(7.51%),B:698.2(1.85%),P:1e-9	Tpos:550.0,Tstd:257.1,Bpos:543.0,Bstd:347.8,StrandBias:0.0,Multiplicity:1.11
0.001	0.001	0.969	0.029
0.052	0.895	0.001	0.052
0.001	0.951	0.027	0.021
0.103	0.862	0.001	0.034
0.052	0.052	0.065	0.831
0.074	0.880	0.045	0.001
0.071	0.067	0.001	0.861
0.041	0.031	0.927	0.001
0.066	0.001	0.001	0.932
0.001	0.060	0.001	0.938
>CGGTTAACAT	9-CGGTTAACAT	9.664504	-20.728508	0	T:26.0(6.74%),B:581.3(1.54%),P:1e-9	Tpos:591.7,Tstd:268.8,Bpos:477.9,Bstd:339.1,StrandBias:-0.4,Multiplicity:1.00
0.048	0.909	0.001	0.042
0.001	0.001	0.958	0.040
0.047	0.001	0.912	0.040
0.001	0.066	0.001	0.932
0.035	0.001	0.038	0.926
0.943	0.055	0.001	0.001
0.897	0.050	0.052	0.001
0.153	0.726	0.080	0.041
0.939	0.001	0.001	0.059
0.001	0.001	0.072	0.926
>AGATTAACTT	10-AGATTAACTT	8.445234	-19.651801	0	T:113.0(29.27%),B:6435.4(17.09%),P:1e-8	Tpos:461.1,Tstd:278.9,Bpos:499.3,Bstd:299.7,StrandBias:-0.0,Multiplicity:1.24
0.907	0.032	0.042	0.019
0.001	0.157	0.825	0.017
0.760	0.033	0.066	0.141
0.001	0.037	0.042	0.920
0.055	0.016	0.025	0.904
0.738	0.001	0.001	0.260
0.783	0.001	0.046	0.170
0.002	0.694	0.005	0.299
0.016	0.027	0.045	0.912
0.001	0.169	0.001	0.829
>GAGACGGTGT	11-GAGACGGTGT	7.468990	-19.593099	0	T:78.0(20.21%),B:3799.0(10.09%),P:1e-8	Tpos:561.6,Tstd:316.4,Bpos:546.9,Bstd:355.7,StrandBias:0.1,Multiplicity:1.12
0.095	0.047	0.620	0.238
0.577	0.001	0.001	0.421
0.006	0.381	0.560	0.053
0.614	0.001	0.384	0.001
0.001	0.648	0.253	0.098
0.172	0.001	0.608	0.219
0.208	0.001	0.671	0.120
0.001	0.051	0.113	0.835
0.001	0.097	0.901	0.001
0.006	0.001	0.149	0.844
>AAGTGCGCGC	12-AAGTGCGCGC	7.119444	-19.538749	0	T:67.0(17.36%),B:3036.1(8.06%),P:1e-8	Tpos:702.0,Tstd:267.0,Bpos:552.4,Bstd:352.3,StrandBias:-0.3,Multiplicity:1.06
0.741	0.087	0.061	0.111
0.816	0.073	0.060	0.051
0.068	0.071	0.769	0.092
0.041	0.065	0.044	0.850
0.035	0.074	0.793	0.098
0.089	0.803	0.053	0.055
0.069	0.054	0.800	0.077
0.058	0.855	0.059	0.028
0.078	0.070	0.792	0.060
0.111	0.791	0.025	0.073
>YTACTTATTT	13-YTACTTATTT	8.934885	-19.410023	0	T:105.0(27.20%),B:5834.9(15.50%),P:1e-8	Tpos:522.1,Tstd:293.6,Bpos:510.1,Bstd:315.5,StrandBias:0.5,Multiplicity:1.23
0.001	0.491	0.001	0.507
0.001	0.133	0.136	0.730
0.886	0.001	0.110	0.003
0.001	0.618	0.289	0.092
0.384	0.001	0.001	0.614
0.001	0.117	0.095	0.787
0.997	0.001	0.001	0.001
0.001	0.001	0.114	0.884
0.050	0.179	0.034	0.737
0.025	0.031	0.001	0.943
>AACGCACAAA	14-AACGCACAAA	9.340232	-17.241167	0	T:45.0(11.66%),B:1762.8(4.68%),P:1e-7	Tpos:527.0,Tstd:281.3,Bpos:503.8,Bstd:325.8,StrandBias:0.8,Multiplicity:1.11
0.656	0.041	0.252	0.051
0.916	0.023	0.060	0.001
0.001	0.624	0.192	0.183
0.001	0.044	0.762	0.193
0.024	0.927	0.047	0.002
0.544	0.237	0.056	0.163
0.184	0.624	0.160	0.032
0.791	0.043	0.101	0.065
0.839	0.052	0.100	0.009
0.722	0.051	0.045	0.182
>CGGAAAGTGT	15-CGGAAAGTGT	10.865084	-17.118498	0	T:22.0(5.70%),B:510.9(1.36%),P:1e-7	Tpos:411.0,Tstd:253.0,Bpos:503.8,Bstd:322.7,StrandBias:0.0,Multiplicity:1.00
0.207	0.791	0.001	0.001
0.001	0.001	0.997	0.001
0.001	0.001	0.917	0.081
0.997	0.001	0.001	0.001
0.953	0.001	0.001	0.045
0.838	0.001	0.001	0.160
0.001	0.001	0.997	0.001
0.001	0.001	0.001	0.997
0.001	0.001	0.801	0.197
0.001	0.195	0.234	0.570
>ATCGATCGAT	16-ATCGATCGAT	7.758606	-16.379435	0	T:56.0(14.51%),B:2536.3(6.74%),P:1e-7	Tpos:549.9,Tstd:286.5,Bpos:531.7,Bstd:349.7,StrandBias:0.1,Multiplicity:1.11
0.748	0.001	0.158	0.093
0.015	0.063	0.012	0.910
0.067	0.807	0.056	0.070
0.039	0.043	0.795	0.123
0.812	0.038	0.104	0.046
0.053	0.016	0.098	0.833
0.001	0.889	0.082	0.028
0.124	0.060	0.744	0.072
0.665	0.136	0.053	0.146
0.030	0.013	0.148	0.809
>TGAAGAGAAG	17-TGAAGAGAAG	10.899571	-13.321567	0	T:22.0(5.70%),B:644.9(1.71%),P:1e-5	Tpos:507.1,Tstd:299.6,Bpos:572.1,Bstd:347.4,StrandBias:-1.8,Multiplicity:1.05
0.001	0.001	0.001	0.997
0.068	0.001	0.930	0.001
0.997	0.001	0.001	0.001
0.997	0.001	0.001	0.001
0.001	0.001	0.997	0.001
0.930	0.001	0.001	0.068
0.001	0.001	0.997	0.001
0.997	0.001	0.001	0.001
0.997	0.001	0.001	0.001
0.001	0.001	0.834	0.164
>RGHCAGTGCA	18-RGHCAGTGCA	7.524738	-12.386953	0	T:18.0(4.66%),B:479.4(1.27%),P:1e-5	Tpos:489.5,Tstd:284.1,Bpos:492.2,Bstd:328.5,StrandBias:0.3,Multiplicity:1.59
0.320	0.222	0.430	0.027
0.025	0.056	0.624	0.295
0.339	0.254	0.180	0.227
0.213	0.688	0.050	0.049
0.552	0.029	0.057	0.362
0.271	0.066	0.621	0.042
0.054	0.107	0.059	0.780
0.074	0.042	0.694	0.190
0.051	0.802	0.079	0.068
0.519	0.011	0.250	0.220
>TGTGACGTCA	19-TGTGACGTCA	9.499736	-12.337485	0	T:37.0(9.59%),B:1583.2(4.20%),P:1e-5	Tpos:479.8,Tstd:294.0,Bpos:482.3,Bstd:327.8,StrandBias:0.3,Multiplicity:1.14
0.218	0.072	0.089	0.621
0.164	0.001	0.791	0.044
0.001	0.001	0.001	0.997
0.001	0.001	0.997	0.001
0.997	0.001	0.001	0.001
0.045	0.953	0.001	0.001
0.001	0.001	0.733	0.265
0.001	0.001	0.001	0.997
0.050	0.899	0.001	0.050
0.997	0.001	0.001	0.001
>GACTCTGCAG	20-GACTCTGCAG	10.296193	-10.967495	0	T:4.0(1.04%),B:12.4(0.03%),P:1e-4	Tpos:587.0,Tstd:143.1,Bpos:534.5,Bstd:264.6,StrandBias:-2.0,Multiplicity:1.25
0.100	0.100	0.700	0.100
0.700	0.100	0.100	0.100
0.100	0.700	0.100	0.100
0.100	0.100	0.100	0.700
0.100	0.700	0.100	0.100
0.100	0.100	0.100	0.700
0.100	0.100	0.700	0.100
0.100	0.700	0.100	0.100
0.700	0.100	0.100	0.100
0.100	0.100	0.700	0.100
>TAGTCTTGGC	21-TAGTCTTGGC	10.347316	-10.407572	0	T:9.0(2.33%),B:145.2(0.39%),P:1e-4	Tpos:376.6,Tstd:223.1,Bpos:513.3,Bstd:371.3,StrandBias:-1.9,Multiplicity:2.11
0.001	0.001	0.001	0.997
0.725	0.141	0.133	0.001
0.161	0.001	0.837	0.001
0.001	0.001	0.001	0.997
0.001	0.997	0.001	0.001
0.237	0.001	0.001	0.761
0.001	0.001	0.220	0.778
0.084	0.001	0.914	0.001
0.001	0.001	0.997	0.001
0.001	0.997	0.001	0.001
>AAACTACAAG	22-AAACTACAAG	10.547127	-8.808888	0	T:18.0(4.66%),B:636.4(1.69%),P:1e-3	Tpos:465.0,Tstd:274.1,Bpos:505.7,Bstd:333.9,StrandBias:1.7,Multiplicity:1.61
0.946	0.001	0.001	0.052
0.943	0.055	0.001	0.001
0.997	0.001	0.001	0.001
0.001	0.890	0.001	0.108
0.001	0.001	0.001	0.997
0.997	0.001	0.001	0.001
0.001	0.997	0.001	0.001
0.997	0.001	0.001	0.001
0.847	0.056	0.096	0.001
0.001	0.001	0.997	0.001
>AGCGCCCAAG	23-AGCGCCCAAG	9.029200	-7.963860	0	T:15.0(3.89%),B:509.3(1.35%),P:1e-3	Tpos:381.3,Tstd:233.3,Bpos:451.0,Bstd:344.8,StrandBias:-1.7,Multiplicity:2.53
0.587	0.001	0.001	0.411
0.034	0.176	0.789	0.001
0.001	0.997	0.001	0.001
0.001	0.001	0.997	0.001
0.103	0.895	0.001	0.001
0.001	0.997	0.001	0.001
0.001	0.889	0.109	0.001
0.666	0.203	0.001	0.130
0.878	0.120	0.001	0.001
0.320	0.034	0.548	0.098
>GCTAATTCWA	24-GCTAATTCWA	7.957803	-7.492502	0	T:12.0(3.11%),B:367.2(0.98%),P:1e-3	Tpos:435.7,Tstd:253.8,Bpos:468.7,Bstd:329.4,StrandBias:2.6,Multiplicity:1.75
0.001	0.001	0.997	0.001
0.001	0.997	0.001	0.001
0.001	0.001	0.001	0.997
0.997	0.001	0.001	0.001
0.997	0.001	0.001	0.001
0.001	0.001	0.001	0.997
0.001	0.001	0.001	0.997
0.263	0.735	0.001	0.001
0.441	0.001	0.001	0.557
0.979	0.019	0.001	0.001
>GCGTGAGGTG	25-GCGTGAGGTG	10.296193	-5.647210	0	T:2.0(0.52%),B:7.8(0.02%),P:1e-2	Tpos:574.5,Tstd:158.6,Bpos:513.3,Bstd:309.0,StrandBias:0.0,Multiplicity:3.00
0.100	0.100	0.700	0.100
0.100	0.700	0.100	0.100
0.100	0.100	0.700	0.100
0.100	0.100	0.100	0.700
0.100	0.100	0.700	0.100
0.700	0.100	0.100	0.100
0.100	0.100	0.700	0.100
0.100	0.100	0.700	0.100
0.100	0.100	0.100	0.700
0.100	0.100	0.700	0.100
