>TGMTTCTTATCA	1-TGMTTCTTATCA	11.624627	-25.292700	0	T:13.0(16.25%),B:453.0(1.14%),P:1e-10	Tpos:657.1,Tstd:280.6,Bpos:546.4,Bstd:310.0,StrandBias:1.3,Multiplicity:1.08
0.001	0.001	0.001	0.997
0.001	0.093	0.784	0.122
0.394	0.413	0.146	0.047
0.001	0.001	0.001	0.997
0.005	0.001	0.139	0.855
0.107	0.751	0.082	0.060
0.001	0.001	0.001	0.997
0.001	0.001	0.001	0.997
0.553	0.001	0.123	0.323
0.001	0.001	0.126	0.872
0.190	0.593	0.216	0.001
0.997	0.001	0.001	0.001
>WATSAAACCSMT	2-WATSAAACCSMT	11.147472	-22.448329	0	T:9.0(11.25%),B:180.6(0.46%),P:1e-9	Tpos:363.4,Tstd:345.9,Bpos:501.9,Bstd:318.7,StrandBias:-0.7,Multiplicity:1.00
0.490	0.001	0.001	0.508
0.952	0.001	0.046	0.001
0.026	0.001	0.001	0.972
0.001	0.550	0.448	0.001
0.997	0.001	0.001	0.001
0.997	0.001	0.001	0.001
0.945	0.001	0.028	0.026
0.001	0.997	0.001	0.001
0.001	0.997	0.001	0.001
0.020	0.535	0.444	0.001
0.555	0.415	0.029	0.001
0.080	0.001	0.001	0.918
>ATGAACAGAATA	3-ATGAACAGAATA	13.091122	-22.044943	0	T:8.0(10.00%),B:123.9(0.31%),P:1e-9	Tpos:636.8,Tstd:225.6,Bpos:542.7,Bstd:306.4,StrandBias:-1.8,Multiplicity:1.12
0.906	0.001	0.001	0.092
0.108	0.001	0.001	0.890
0.001	0.001	0.997	0.001
0.997	0.001	0.001	0.001
0.997	0.001	0.001	0.001
0.001	0.997	0.001	0.001
0.730	0.150	0.119	0.001
0.001	0.001	0.997	0.001
0.861	0.001	0.137	0.001
0.997	0.001	0.001	0.001
0.072	0.001	0.001	0.926
0.806	0.192	0.001	0.001
>ACTTTGCACTGG	4-ACTTTGCACTGG	14.050712	-21.272114	0	T:5.0(6.25%),B:16.9(0.04%),P:1e-9	Tpos:360.2,Tstd:158.5,Bpos:421.1,Bstd:242.4,StrandBias:0.6,Multiplicity:1.00
0.789	0.001	0.209	0.001
0.001	0.831	0.001	0.167
0.001	0.001	0.001	0.997
0.001	0.001	0.001	0.997
0.001	0.001	0.001	0.997
0.001	0.001	0.997	0.001
0.001	0.588	0.236	0.175
0.997	0.001	0.001	0.001
0.001	0.997	0.001	0.001
0.001	0.001	0.001	0.997
0.001	0.001	0.997	0.001
0.001	0.001	0.997	0.001
>TCTATTGATACA	5-TCTATTGATACA	10.968855	-21.227702	0	T:13.0(16.25%),B:636.5(1.60%),P:1e-9	Tpos:565.9,Tstd:313.6,Bpos:523.2,Bstd:333.5,StrandBias:1.0,Multiplicity:1.15
0.039	0.170	0.088	0.703
0.001	0.829	0.050	0.120
0.111	0.230	0.001	0.658
0.996	0.001	0.001	0.002
0.054	0.001	0.001	0.944
0.001	0.001	0.001	0.997
0.177	0.047	0.775	0.001
0.856	0.001	0.001	0.142
0.183	0.001	0.001	0.815
0.748	0.141	0.001	0.110
0.060	0.761	0.001	0.178
0.931	0.067	0.001	0.001
>TCAGTTTTTCGT	6-TCAGTTTTTCGT	13.550676	-20.674372	0	T:9.0(11.25%),B:222.2(0.56%),P:1e-8	Tpos:500.2,Tstd:298.9,Bpos:505.2,Bstd:294.7,StrandBias:0.0,Multiplicity:1.11
0.001	0.001	0.001	0.997
0.001	0.997	0.001	0.001
0.883	0.115	0.001	0.001
0.001	0.001	0.997	0.001
0.115	0.001	0.001	0.883
0.001	0.001	0.001	0.997
0.001	0.001	0.001	0.997
0.001	0.001	0.001	0.997
0.145	0.001	0.001	0.853
0.095	0.811	0.093	0.001
0.001	0.098	0.900	0.001
0.001	0.117	0.001	0.881
>TACTTATCTATT	7-TACTTATCTATT	10.195664	-20.263564	0	T:19.0(23.75%),B:1746.5(4.40%),P:1e-8	Tpos:604.9,Tstd:263.2,Bpos:526.0,Bstd:318.2,StrandBias:0.2,Multiplicity:1.00
0.050	0.001	0.001	0.948
0.698	0.055	0.001	0.246
0.001	0.776	0.102	0.121
0.058	0.001	0.070	0.871
0.146	0.137	0.001	0.716
0.663	0.076	0.181	0.080
0.001	0.001	0.001	0.997
0.162	0.755	0.028	0.055
0.003	0.098	0.001	0.898
0.847	0.070	0.001	0.082
0.001	0.001	0.086	0.912
0.064	0.001	0.001	0.934
>TGDNTGBYRCTT	8-TGDNTGBYRCTT	7.719697	-19.990192	0	T:20.0(25.00%),B:1990.9(5.02%),P:1e-8	Tpos:497.2,Tstd:300.6,Bpos:501.4,Bstd:294.9,StrandBias:-0.9,Multiplicity:1.15
0.188	0.078	0.001	0.733
0.236	0.001	0.633	0.130
0.317	0.004	0.316	0.363
0.269	0.285	0.237	0.209
0.156	0.001	0.001	0.842
0.157	0.023	0.662	0.158
0.001	0.351	0.314	0.335
0.001	0.421	0.030	0.548
0.403	0.078	0.440	0.078
0.001	0.629	0.369	0.001
0.001	0.157	0.002	0.840
0.110	0.281	0.159	0.450
>TCAAATTAACAA	9-TCAAATTAACAA	13.140965	-19.441400	0	T:11.0(13.75%),B:470.9(1.19%),P:1e-8	Tpos:658.4,Tstd:200.2,Bpos:504.6,Bstd:304.4,StrandBias:0.7,Multiplicity:1.18
0.001	0.001	0.001	0.997
0.085	0.835	0.079	0.001
0.817	0.001	0.001	0.181
0.997	0.001	0.001	0.001
0.997	0.001	0.001	0.001
0.001	0.001	0.001	0.997
0.081	0.001	0.097	0.821
0.907	0.091	0.001	0.001
0.922	0.001	0.001	0.076
0.035	0.963	0.001	0.001
0.997	0.001	0.001	0.001
0.829	0.001	0.169	0.001
>TGTTCATATATT	10-TGTTCATATATT	12.004644	-19.336043	0	T:7.0(8.75%),B:109.9(0.28%),P:1e-8	Tpos:541.6,Tstd:283.6,Bpos:506.3,Bstd:321.9,StrandBias:-0.4,Multiplicity:1.00
0.014	0.060	0.001	0.925
0.001	0.001	0.997	0.001
0.001	0.001	0.001	0.997
0.277	0.001	0.001	0.721
0.001	0.997	0.001	0.001
0.997	0.001	0.001	0.001
0.001	0.001	0.001	0.997
0.997	0.001	0.001	0.001
0.001	0.001	0.001	0.997
0.997	0.001	0.001	0.001
0.001	0.001	0.006	0.992
0.001	0.001	0.001	0.997
>TAAACTGATATC	11-TAAACTGATATC	11.274328	-19.211249	0	T:6.0(7.50%),B:60.8(0.15%),P:1e-8	Tpos:654.2,Tstd:132.3,Bpos:520.3,Bstd:264.1,StrandBias:-1.0,Multiplicity:1.00
0.001	0.001	0.001	0.997
0.836	0.001	0.162	0.001
0.997	0.001	0.001	0.001
0.997	0.001	0.001	0.001
0.001	0.997	0.001	0.001
0.001	0.053	0.001	0.945
0.001	0.001	0.997	0.001
0.997	0.001	0.001	0.001
0.074	0.001	0.001	0.924
0.997	0.001	0.001	0.001
0.034	0.001	0.001	0.964
0.001	0.997	0.001	0.001
>AATAGATCTCTT	12-AATAGATCTCTT	13.673134	-18.997279	0	T:5.0(6.25%),B:27.9(0.07%),P:1e-8	Tpos:571.8,Tstd:287.7,Bpos:520.4,Bstd:306.5,StrandBias:0.0,Multiplicity:1.20
0.997	0.001	0.001	0.001
0.819	0.179	0.001	0.001
0.001	0.001	0.001	0.997
0.997	0.001	0.001	0.001
0.001	0.001	0.997	0.001
0.997	0.001	0.001	0.001
0.138	0.001	0.001	0.860
0.001	0.997	0.001	0.001
0.001	0.001	0.001	0.997
0.001	0.880	0.001	0.118
0.001	0.201	0.001	0.797
0.001	0.201	0.001	0.797
>GGATTTTCAGAA	13-GGATTTTCAGAA	12.807670	-18.000725	0	T:10.0(12.50%),B:416.6(1.05%),P:1e-7	Tpos:403.9,Tstd:297.2,Bpos:518.6,Bstd:311.8,StrandBias:-2.0,Multiplicity:1.00
0.001	0.001	0.945	0.053
0.001	0.088	0.842	0.069
0.997	0.001	0.001	0.001
0.069	0.001	0.132	0.798
0.001	0.001	0.001	0.997
0.001	0.167	0.001	0.831
0.001	0.001	0.001	0.997
0.001	0.997	0.001	0.001
0.997	0.001	0.001	0.001
0.057	0.001	0.941	0.001
0.901	0.097	0.001	0.001
0.815	0.103	0.001	0.081
>AAATAAGCATCA	14-AAATAAGCATCA	12.044798	-16.152375	0	T:9.0(11.25%),B:381.3(0.96%),P:1e-7	Tpos:480.9,Tstd:228.8,Bpos:495.8,Bstd:289.2,StrandBias:0.6,Multiplicity:1.11
0.636	0.001	0.001	0.362
0.646	0.001	0.352	0.001
0.632	0.001	0.366	0.001
0.234	0.001	0.001	0.764
0.997	0.001	0.001	0.001
0.997	0.001	0.001	0.001
0.400	0.010	0.589	0.001
0.034	0.964	0.001	0.001
0.997	0.001	0.001	0.001
0.001	0.373	0.001	0.625
0.010	0.788	0.001	0.201
0.997	0.001	0.001	0.001
>KTAATTTTGGGT	15-KTAATTTTGGGT	13.638021	-15.960952	0	T:6.0(7.50%),B:108.0(0.27%),P:1e-6	Tpos:570.7,Tstd:267.1,Bpos:477.2,Bstd:314.8,StrandBias:-2.3,Multiplicity:1.00
0.001	0.001	0.482	0.516
0.001	0.149	0.001	0.849
0.997	0.001	0.001	0.001
0.997	0.001	0.001	0.001
0.191	0.001	0.001	0.807
0.001	0.001	0.001	0.997
0.001	0.001	0.001	0.997
0.001	0.001	0.001	0.997
0.001	0.001	0.997	0.001
0.001	0.001	0.997	0.001
0.001	0.001	0.997	0.001
0.001	0.001	0.174	0.824
>CAAACAAACAAT	16-CAAACAAACAAT	13.118679	-15.621402	0	T:10.0(12.50%),B:540.3(1.36%),P:1e-6	Tpos:687.2,Tstd:295.3,Bpos:502.3,Bstd:300.5,StrandBias:0.8,Multiplicity:1.00
0.001	0.889	0.109	0.001
0.997	0.001	0.001	0.001
0.997	0.001	0.001	0.001
0.997	0.001	0.001	0.001
0.001	0.997	0.001	0.001
0.837	0.161	0.001	0.001
0.820	0.001	0.001	0.178
0.867	0.001	0.001	0.131
0.125	0.873	0.001	0.001
0.997	0.001	0.001	0.001
0.882	0.001	0.001	0.116
0.074	0.001	0.001	0.924
>CTGGACACAGAA	17-CTGGACACAGAA	14.325071	-14.729725	0	T:4.0(5.00%),B:26.4(0.07%),P:1e-6	Tpos:741.2,Tstd:240.1,Bpos:448.7,Bstd:253.7,StrandBias:2.0,Multiplicity:1.25
0.001	0.997	0.001	0.001
0.001	0.001	0.001	0.997
0.001	0.001	0.997	0.001
0.001	0.001	0.997	0.001
0.997	0.001	0.001	0.001
0.001	0.997	0.001	0.001
0.997	0.001	0.001	0.001
0.295	0.703	0.001	0.001
0.798	0.001	0.001	0.200
0.001	0.273	0.725	0.001
0.997	0.001	0.001	0.001
0.997	0.001	0.001	0.001
>TAKCCAGMKTGG	18-TAKCCAGMKTGG	14.430532	-13.884843	0	T:3.0(3.75%),B:7.8(0.02%),P:1e-6	Tpos:336.0,Tstd:226.3,Bpos:373.7,Bstd:236.6,StrandBias:-1.0,Multiplicity:1.00
0.001	0.001	0.001	0.997
0.997	0.001	0.001	0.001
0.001	0.001	0.540	0.458
0.001	0.997	0.001	0.001
0.001	0.997	0.001	0.001
0.997	0.001	0.001	0.001
0.001	0.001	0.997	0.001
0.474	0.458	0.067	0.001
0.001	0.001	0.458	0.540
0.001	0.001	0.001	0.997
0.001	0.001	0.997	0.001
0.001	0.001	0.997	0.001
>TGCTTTTCAGTT	19-TGCTTTTCAGTT	12.355432	-12.559304	0	T:3.0(3.75%),B:12.6(0.03%),P:1e-5	Tpos:798.7,Tstd:106.5,Bpos:486.3,Bstd:382.6,StrandBias:-1.0,Multiplicity:1.00
0.100	0.100	0.100	0.700
0.100	0.100	0.700	0.100
0.100	0.700	0.100	0.100
0.100	0.100	0.100	0.700
0.100	0.100	0.100	0.700
0.100	0.100	0.100	0.700
0.100	0.100	0.100	0.700
0.100	0.700	0.100	0.100
0.700	0.100	0.100	0.100
0.100	0.100	0.700	0.100
0.100	0.100	0.100	0.700
0.100	0.100	0.100	0.700
>AGACCACCCABG	20-AGACCACCCABG	14.929858	-10.130120	0	T:2.0(2.50%),B:3.7(0.01%),P:1e-4	Tpos:733.3,Tstd:246.4,Bpos:723.4,Bstd:214.9,StrandBias:-1.0,Multiplicity:1.50
0.815	0.001	0.001	0.183
0.001	0.001	0.835	0.163
0.997	0.001	0.001	0.001
0.001	0.997	0.001	0.001
0.001	0.997	0.001	0.001
0.997	0.001	0.001	0.001
0.001	0.997	0.001	0.001
0.001	0.997	0.001	0.001
0.001	0.997	0.001	0.001
0.997	0.001	0.001	0.001
0.001	0.336	0.315	0.348
0.001	0.001	0.868	0.130
>TTGGTGGCAGCG	21-TTGGTGGCAGCG	12.552696	-8.969260	0	T:3.0(3.75%),B:46.0(0.12%),P:1e-3	Tpos:217.8,Tstd:202.5,Bpos:548.6,Bstd:287.1,StrandBias:2.8,Multiplicity:2.67
0.001	0.001	0.001	0.997
0.001	0.327	0.001	0.671
0.001	0.001	0.997	0.001
0.327	0.001	0.671	0.001
0.001	0.001	0.001	0.997
0.001	0.001	0.997	0.001
0.291	0.001	0.707	0.001
0.001	0.997	0.001	0.001
0.671	0.001	0.001	0.327
0.001	0.291	0.707	0.001
0.001	0.671	0.001	0.327
0.001	0.001	0.997	0.001
>GATCTGGCCAGA	22-GATCTGGCCAGA	15.560364	-5.111488	0	T:1.0(1.25%),B:2.4(0.01%),P:1e-2	Tpos:147.7,Tstd:80.6,Bpos:254.4,Bstd:340.7,StrandBias:2.6,Multiplicity:7.00
0.001	0.001	0.997	0.001
0.997	0.001	0.001	0.001
0.001	0.001	0.001	0.997
0.001	0.997	0.001	0.001
0.001	0.001	0.001	0.997
0.405	0.001	0.593	0.001
0.001	0.001	0.997	0.001
0.001	0.997	0.001	0.001
0.001	0.997	0.001	0.001
0.997	0.001	0.001	0.001
0.001	0.001	0.997	0.001
0.593	0.001	0.405	0.001
>AGCCAGGTTGGG	23-AGCCAGGTTGGG	12.355432	-5.111488	0	T:1.0(1.25%),B:2.4(0.01%),P:1e-2	Tpos:132.0,Tstd:55.2,Bpos:488.7,Bstd:490.2,StrandBias:-10.0,Multiplicity:5.00
0.700	0.100	0.100	0.100
0.100	0.100	0.700	0.100
0.100	0.700	0.100	0.100
0.100	0.700	0.100	0.100
0.700	0.100	0.100	0.100
0.100	0.100	0.700	0.100
0.100	0.100	0.700	0.100
0.100	0.100	0.100	0.700
0.100	0.100	0.100	0.700
0.100	0.100	0.700	0.100
0.100	0.100	0.700	0.100
0.100	0.100	0.700	0.100
