>GTGGAGTACACG	12-GTGGAGTACACG,BestGuess:unc-30/MA1443.1/Jaspar(0.561)	9.474017	-23.185678	0	T:37.0(6.84%),B:726.7(1.91%),P:1e-10
0.083	0.001	0.915	0.001
0.186	0.001	0.001	0.812
0.083	0.001	0.915	0.001
0.034	0.063	0.817	0.086
0.913	0.084	0.001	0.002
0.134	0.092	0.773	0.001
0.053	0.057	0.006	0.884
0.841	0.088	0.070	0.001
0.203	0.625	0.049	0.123
0.875	0.001	0.052	0.072
0.085	0.652	0.001	0.262
0.190	0.001	0.771	0.038
