>AAATAATTATAA	4-AAATAATTATAA,BestGuess:MF0010.1_Homeobox_class/Jaspar(0.737)	10.048361	-29.681142	0	T:56.0(10.35%),B:1244.3(3.26%),P:1e-12
0.541	0.157	0.179	0.123
0.704	0.039	0.238	0.019
0.692	0.202	0.048	0.058
0.118	0.159	0.158	0.565
0.682	0.038	0.206	0.074
0.538	0.169	0.036	0.257
0.076	0.047	0.037	0.840
0.082	0.078	0.081	0.759
0.555	0.136	0.011	0.298
0.054	0.050	0.064	0.832
0.568	0.028	0.230	0.174
0.588	0.153	0.019	0.240
