>GAHTGCAAACAC	1-GTGTTTGCADTC	9.995917	-36.944077	0	T:42.0(7.76%),B:587.1(1.54%),P:1e-16
0.036	0.368	0.551	0.045
0.678	0.049	0.013	0.260
0.271	0.407	0.021	0.302
0.039	0.289	0.014	0.658
0.150	0.018	0.754	0.078
0.053	0.582	0.300	0.065
0.883	0.053	0.038	0.026
0.930	0.024	0.045	0.001
0.930	0.032	0.011	0.027
0.235	0.687	0.020	0.058
0.503	0.001	0.159	0.337
0.156	0.744	0.047	0.053
