>AAAATAAATAAA	2-AAAATAAATAAA	9.225794	-33.374910	0	T:302.0(55.82%),B:14876.2(39.01%),P:1e-14
0.844	0.064	0.055	0.037
0.830	0.053	0.070	0.047
0.755	0.063	0.061	0.121
0.858	0.035	0.044	0.063
0.070	0.035	0.049	0.846
0.856	0.047	0.041	0.056
0.826	0.091	0.043	0.040
0.842	0.032	0.059	0.067
0.039	0.048	0.031	0.882
0.821	0.051	0.073	0.055
0.834	0.057	0.055	0.054
0.806	0.052	0.077	0.065
