>NWTVCANMAGAA	18-NWTVCANMAGAA,BestGuess:MF0006.1_bZIP_cEBP-like_subclass/Jaspar(0.562)	6.809324	-17.002075	0	T:210.0(38.82%),B:10666.2(27.97%),P:1e-7
0.307	0.218	0.309	0.166
0.357	0.195	0.174	0.274
0.055	0.044	0.040	0.861
0.310	0.314	0.349	0.028
0.089	0.765	0.072	0.074
0.576	0.041	0.027	0.356
0.241	0.234	0.263	0.261
0.492	0.449	0.039	0.020
0.886	0.027	0.036	0.051
0.070	0.070	0.797	0.063
0.577	0.380	0.018	0.025
0.897	0.026	0.019	0.058
