>TTATAATTATTT	4-AAATAATTATAA	10.048361	-29.681142	0	T:56.0(10.35%),B:1244.3(3.26%),P:1e-12
0.240	0.019	0.153	0.588
0.174	0.230	0.028	0.568
0.832	0.064	0.050	0.054
0.298	0.011	0.136	0.555
0.759	0.081	0.078	0.082
0.840	0.037	0.047	0.076
0.257	0.036	0.169	0.538
0.074	0.206	0.038	0.682
0.565	0.158	0.159	0.118
0.058	0.048	0.202	0.692
0.019	0.238	0.039	0.704
0.123	0.179	0.157	0.541
