>GTGTTTGCADTC	1-GTGTTTGCADTC,BestGuess:PHA-4(Forkhead)/cElegans-Embryos-PHA4-ChIP-Seq(modEncode)/Homer(0.743)	9.995917	-36.944077	0	T:42.0(7.76%),B:587.1(1.54%),P:1e-16
0.053	0.047	0.744	0.156
0.337	0.159	0.001	0.503
0.058	0.020	0.687	0.235
0.027	0.011	0.032	0.930
0.001	0.045	0.024	0.930
0.026	0.038	0.053	0.883
0.065	0.300	0.582	0.053
0.078	0.754	0.018	0.150
0.658	0.014	0.289	0.039
0.302	0.021	0.407	0.271
0.260	0.013	0.049	0.678
0.045	0.551	0.368	0.036
