>TTGGAAGAKAAC	22-TTGGAAGAKAAC,BestGuess:POL008.1_DCE_S_I/Jaspar(0.608)	9.746536	-12.173219	0	T:15.0(13.89%),B:1310.9(3.45%),P:1e-5
0.161	0.032	0.070	0.737
0.038	0.071	0.111	0.780
0.068	0.028	0.870	0.034
0.172	0.034	0.793	0.001
0.798	0.100	0.101	0.001
0.875	0.001	0.099	0.025
0.033	0.059	0.876	0.032
0.930	0.001	0.031	0.038
0.001	0.001	0.497	0.501
0.681	0.192	0.111	0.016
0.878	0.036	0.045	0.041
0.106	0.610	0.068	0.216
