>CATTTTTCTTGC	13-CATTTTTCTTGC,BestGuess:pal-1/MA0924.1/Jaspar(0.600)	10.187962	-12.990987	0	T:6.0(20.00%),B:487.8(1.30%),P:1e-5
0.133	0.694	0.067	0.106
0.507	0.157	0.134	0.202
0.017	0.134	0.201	0.648
0.107	0.067	0.134	0.692
0.201	0.001	0.134	0.664
0.067	0.134	0.040	0.759
0.163	0.268	0.067	0.502
0.136	0.602	0.115	0.147
0.065	0.201	0.001	0.733
0.018	0.001	0.201	0.780
0.067	0.100	0.722	0.111
0.043	0.707	0.162	0.088
