>TATCGATY	1-TATCGATY	7.787832	-40.367545	0	T:48.0(42.48%),B:4127.1(10.56%),P:1e-17	Tpos:639.2,Tstd:252.0,Bpos:557.5,Bstd:322.7,StrandBias:0.3,Multiplicity:1.25
0.003	0.001	0.073	0.923
0.997	0.001	0.001	0.001
0.001	0.001	0.184	0.814
0.087	0.681	0.005	0.227
0.001	0.139	0.859	0.001
0.723	0.136	0.001	0.140
0.153	0.253	0.001	0.593
0.001	0.459	0.087	0.453
>GRACGCTG	2-GRACGCTG	8.007906	-33.031939	0	T:25.0(22.12%),B:1156.3(2.96%),P:1e-14	Tpos:588.8,Tstd:288.9,Bpos:513.2,Bstd:344.2,StrandBias:-0.6,Multiplicity:1.20
0.004	0.186	0.580	0.230
0.484	0.096	0.372	0.047
0.906	0.067	0.026	0.001
0.001	0.997	0.001	0.001
0.001	0.144	0.788	0.067
0.001	0.927	0.001	0.071
0.101	0.033	0.090	0.776
0.001	0.415	0.583	0.001
>CTTGGTAC	3-CTTGGTAC	9.198520	-32.577058	0	T:22.0(19.47%),B:849.1(2.17%),P:1e-14	Tpos:496.7,Tstd:258.4,Bpos:459.8,Bstd:329.9,StrandBias:-0.4,Multiplicity:1.27
0.001	0.997	0.001	0.001
0.154	0.001	0.001	0.844
0.001	0.001	0.001	0.997
0.001	0.001	0.997	0.001
0.001	0.001	0.997	0.001
0.001	0.001	0.001	0.997
0.997	0.001	0.001	0.001
0.001	0.997	0.001	0.001
>AACGCTCG	4-AACGCTCG	8.071981	-25.885608	0	T:24.0(21.24%),B:1465.7(3.75%),P:1e-11	Tpos:696.0,Tstd:272.2,Bpos:518.6,Bstd:319.6,StrandBias:-0.8,Multiplicity:1.00
0.955	0.043	0.001	0.001
0.955	0.001	0.043	0.001
0.001	0.955	0.001	0.043
0.001	0.001	0.925	0.073
0.001	0.861	0.022	0.116
0.029	0.001	0.166	0.804
0.027	0.698	0.274	0.001
0.001	0.001	0.932	0.066
>GTGAATGA	5-GTGAATGA	8.240835	-21.862758	0	T:43.0(38.05%),B:5535.9(14.16%),P:1e-9	Tpos:534.6,Tstd:313.0,Bpos:526.7,Bstd:340.1,StrandBias:-1.4,Multiplicity:1.26
0.163	0.001	0.835	0.001
0.001	0.001	0.001	0.997
0.001	0.001	0.997	0.001
0.614	0.384	0.001	0.001
0.997	0.001	0.001	0.001
0.001	0.411	0.001	0.587
0.001	0.001	0.997	0.001
0.997	0.001	0.001	0.001
>GCCCCGCC	6-GCCCCGCC	7.266549	-18.151089	0	T:29.0(25.66%),B:3107.6(7.95%),P:1e-7	Tpos:567.3,Tstd:311.4,Bpos:559.3,Bstd:330.3,StrandBias:0.5,Multiplicity:1.31
0.001	0.253	0.695	0.051
0.001	0.844	0.108	0.047
0.001	0.918	0.001	0.080
0.001	0.997	0.001	0.001
0.001	0.997	0.001	0.001
0.001	0.001	0.997	0.001
0.001	0.910	0.001	0.088
0.028	0.613	0.117	0.242
>TCCGGATA	7-TCCGGATA	7.609067	-15.470604	0	T:29.0(25.66%),B:3520.3(9.00%),P:1e-6	Tpos:453.5,Tstd:279.7,Bpos:493.1,Bstd:319.4,StrandBias:0.1,Multiplicity:1.07
0.078	0.044	0.204	0.674
0.001	0.997	0.001	0.001
0.001	0.771	0.079	0.149
0.358	0.001	0.640	0.001
0.001	0.262	0.705	0.032
0.796	0.001	0.001	0.202
0.294	0.001	0.001	0.704
0.776	0.001	0.222	0.001
>ATAGGCGA	8-ATAGGCGA	7.865023	-14.272376	0	T:28.0(24.78%),B:3511.8(8.98%),P:1e-6	Tpos:527.6,Tstd:282.0,Bpos:527.4,Bstd:343.2,StrandBias:-0.5,Multiplicity:1.04
0.983	0.001	0.001	0.015
0.016	0.020	0.033	0.931
0.837	0.001	0.048	0.114
0.001	0.032	0.966	0.001
0.001	0.019	0.979	0.001
0.113	0.527	0.293	0.067
0.001	0.079	0.919	0.001
0.891	0.076	0.015	0.018
>GAGACGAT	9-GAGACGAT	7.887591	-14.264140	0	T:26.0(23.01%),B:3087.6(7.90%),P:1e-6	Tpos:548.4,Tstd:251.7,Bpos:508.2,Bstd:336.8,StrandBias:-0.8,Multiplicity:1.00
0.001	0.001	0.997	0.001
0.938	0.001	0.001	0.060
0.001	0.001	0.997	0.001
0.917	0.001	0.081	0.001
0.001	0.750	0.001	0.248
0.001	0.001	0.997	0.001
0.997	0.001	0.001	0.001
0.001	0.001	0.001	0.997
>TTAGTCGT	10-TTAGTCGT	8.210951	-13.281132	0	T:28.0(24.78%),B:3692.6(9.44%),P:1e-5	Tpos:600.9,Tstd:305.8,Bpos:517.4,Bstd:322.3,StrandBias:0.3,Multiplicity:1.04
0.001	0.001	0.001	0.997
0.001	0.001	0.001	0.997
0.997	0.001	0.001	0.001
0.001	0.001	0.903	0.095
0.001	0.001	0.001	0.997
0.001	0.602	0.001	0.396
0.001	0.001	0.997	0.001
0.001	0.001	0.001	0.997
>AAGTATAC	11-AAGTATAC	9.115655	-12.802404	0	T:23.0(20.35%),B:2704.7(6.92%),P:1e-5	Tpos:613.7,Tstd:227.9,Bpos:488.7,Bstd:325.5,StrandBias:0.9,Multiplicity:1.45
0.803	0.001	0.001	0.195
0.997	0.001	0.001	0.001
0.001	0.001	0.997	0.001
0.001	0.001	0.001	0.997
0.997	0.001	0.001	0.001
0.001	0.176	0.001	0.822
0.997	0.001	0.001	0.001
0.001	0.997	0.001	0.001
>CATGTACT	12-CATGTACT	8.008240	-11.909901	0	T:29.0(25.66%),B:4199.4(10.74%),P:1e-5	Tpos:481.4,Tstd:268.2,Bpos:504.4,Bstd:329.3,StrandBias:0.3,Multiplicity:1.07
0.001	0.617	0.381	0.001
0.576	0.001	0.422	0.001
0.001	0.001	0.001	0.997
0.001	0.001	0.997	0.001
0.001	0.001	0.001	0.997
0.867	0.001	0.001	0.131
0.001	0.997	0.001	0.001
0.001	0.001	0.001	0.997
>CTCAAGTA	13-CTCAAGTA	7.976868	-10.179865	0	T:35.0(30.97%),B:6136.0(15.69%),P:1e-4	Tpos:466.8,Tstd:274.3,Bpos:486.3,Bstd:323.0,StrandBias:-0.5,Multiplicity:1.33
0.198	0.744	0.001	0.057
0.319	0.001	0.001	0.679
0.343	0.655	0.001	0.001
0.805	0.001	0.012	0.182
0.950	0.048	0.001	0.001
0.230	0.001	0.768	0.001
0.122	0.001	0.001	0.876
0.981	0.017	0.001	0.001
>CMGGATGA	14-CMGGATGA	8.167350	-5.628481	0	T:12.0(10.62%),B:1682.4(4.30%),P:1e-2	Tpos:508.6,Tstd:262.2,Bpos:497.6,Bstd:333.1,StrandBias:0.1,Multiplicity:1.75
0.001	0.862	0.001	0.136
0.477	0.521	0.001	0.001
0.001	0.054	0.614	0.331
0.001	0.001	0.997	0.001
0.761	0.054	0.184	0.001
0.277	0.059	0.001	0.663
0.050	0.001	0.765	0.184
0.940	0.058	0.001	0.001
