>CCGCCCAYTTAC	1-CCGCCCAYTTAC	13.195199	-51.488465	0	T:13.0(11.50%),B:33.8(0.09%),P:1e-22	Tpos:615.5,Tstd:243.3,Bpos:570.8,Bstd:273.8,StrandBias:0.2,Multiplicity:1.15
0.106	0.892	0.001	0.001
0.001	0.997	0.001	0.001
0.092	0.001	0.906	0.001
0.001	0.997	0.001	0.001
0.001	0.997	0.001	0.001
0.001	0.878	0.001	0.120
0.997	0.001	0.001	0.001
0.121	0.488	0.001	0.390
0.001	0.001	0.001	0.997
0.001	0.001	0.001	0.997
0.931	0.001	0.067	0.001
0.001	0.997	0.001	0.001
>CGCCTMTTTACM	2-CGCCTMTTTACM	11.051746	-48.474162	0	T:19.0(16.81%),B:230.3(0.59%),P:1e-21	Tpos:736.0,Tstd:177.6,Bpos:541.1,Bstd:349.7,StrandBias:1.7,Multiplicity:1.00
0.215	0.783	0.001	0.001
0.001	0.393	0.605	0.001
0.001	0.997	0.001	0.001
0.001	0.821	0.001	0.177
0.001	0.211	0.001	0.787
0.371	0.412	0.001	0.216
0.001	0.215	0.001	0.783
0.001	0.001	0.001	0.997
0.001	0.001	0.001	0.997
0.985	0.001	0.001	0.013
0.001	0.646	0.001	0.352
0.564	0.431	0.004	0.001
>TATCGATTRGAT	3-TATCGATTRGAT	10.419140	-38.916770	0	T:16.0(14.16%),B:221.3(0.57%),P:1e-16	Tpos:624.8,Tstd:232.5,Bpos:578.0,Bstd:322.4,StrandBias:0.0,Multiplicity:1.25
0.001	0.001	0.001	0.997
0.997	0.001	0.001	0.001
0.001	0.001	0.001	0.997
0.001	0.916	0.001	0.082
0.001	0.001	0.997	0.001
0.997	0.001	0.001	0.001
0.001	0.001	0.001	0.997
0.001	0.001	0.001	0.997
0.565	0.001	0.433	0.001
0.001	0.001	0.997	0.001
0.930	0.001	0.001	0.068
0.151	0.001	0.001	0.847
>AACTTGGTACMT	4-AACTTGGTACMT	11.639439	-37.750325	0	T:16.0(14.16%),B:239.9(0.61%),P:1e-16	Tpos:477.4,Tstd:258.4,Bpos:518.9,Bstd:321.5,StrandBias:-1.3,Multiplicity:1.50
0.752	0.001	0.001	0.246
0.997	0.001	0.001	0.001
0.001	0.861	0.001	0.137
0.001	0.001	0.001	0.997
0.001	0.001	0.001	0.997
0.001	0.001	0.997	0.001
0.109	0.001	0.889	0.001
0.001	0.198	0.001	0.800
0.997	0.001	0.001	0.001
0.001	0.887	0.111	0.001
0.491	0.507	0.001	0.001
0.156	0.001	0.001	0.842
>CAGTTGTTTGCT	5-CAGTTGTTTGCT	13.620915	-36.622522	0	T:10.0(8.85%),B:37.6(0.10%),P:1e-15	Tpos:704.6,Tstd:255.3,Bpos:491.0,Bstd:311.9,StrandBias:1.2,Multiplicity:1.00
0.001	0.874	0.001	0.124
0.997	0.001	0.001	0.001
0.001	0.001	0.997	0.001
0.001	0.001	0.001	0.997
0.001	0.001	0.001	0.997
0.001	0.001	0.997	0.001
0.001	0.001	0.001	0.997
0.001	0.124	0.001	0.874
0.290	0.001	0.001	0.708
0.001	0.001	0.997	0.001
0.001	0.997	0.001	0.001
0.343	0.001	0.001	0.655
>CGATCGATAATT	6-CGATCGATAATT	11.580168	-33.176172	0	T:12.0(10.62%),B:118.1(0.30%),P:1e-14	Tpos:583.1,Tstd:255.0,Bpos:592.9,Bstd:312.6,StrandBias:0.2,Multiplicity:1.08
0.118	0.880	0.001	0.001
0.001	0.001	0.997	0.001
0.815	0.183	0.001	0.001
0.001	0.001	0.001	0.997
0.001	0.997	0.001	0.001
0.095	0.001	0.903	0.001
0.997	0.001	0.001	0.001
0.001	0.001	0.001	0.997
0.997	0.001	0.001	0.001
0.997	0.001	0.001	0.001
0.001	0.170	0.170	0.659
0.145	0.001	0.001	0.853
>ACATCGTCTCCT	7-ACATCGTCTCCT	14.025666	-29.503471	0	T:7.0(6.19%),B:14.1(0.04%),P:1e-12	Tpos:704.6,Tstd:99.6,Bpos:498.1,Bstd:268.9,StrandBias:2.6,Multiplicity:1.00
0.831	0.167	0.001	0.001
0.001	0.809	0.001	0.189
0.997	0.001	0.001	0.001
0.001	0.001	0.001	0.997
0.001	0.997	0.001	0.001
0.167	0.001	0.831	0.001
0.001	0.001	0.001	0.997
0.001	0.997	0.001	0.001
0.001	0.001	0.001	0.997
0.001	0.997	0.001	0.001
0.001	0.997	0.001	0.001
0.138	0.190	0.001	0.671
>TTTACTKTCATC	8-TTTACTKTCATC	14.606437	-28.093701	0	T:7.0(6.19%),B:18.8(0.05%),P:1e-12	Tpos:475.0,Tstd:222.8,Bpos:635.7,Bstd:278.1,StrandBias:0.4,Multiplicity:1.00
0.001	0.001	0.001	0.997
0.001	0.001	0.001	0.997
0.001	0.001	0.001	0.997
0.997	0.001	0.001	0.001
0.001	0.997	0.001	0.001
0.001	0.001	0.001	0.997
0.001	0.164	0.372	0.463
0.001	0.001	0.001	0.997
0.001	0.997	0.001	0.001
0.826	0.001	0.001	0.172
0.001	0.001	0.001	0.997
0.001	0.997	0.001	0.001
>GTTGCAGCGTTC	9-GTTGCAGCGTTC	13.671505	-27.484675	0	T:7.0(6.19%),B:20.9(0.05%),P:1e-11	Tpos:416.8,Tstd:224.8,Bpos:544.1,Bstd:341.0,StrandBias:-0.3,Multiplicity:1.29
0.001	0.001	0.913	0.085
0.001	0.001	0.001	0.997
0.001	0.001	0.166	0.832
0.001	0.145	0.548	0.306
0.001	0.997	0.001	0.001
0.997	0.001	0.001	0.001
0.001	0.001	0.997	0.001
0.001	0.997	0.001	0.001
0.001	0.001	0.997	0.001
0.001	0.001	0.001	0.997
0.001	0.001	0.001	0.997
0.001	0.871	0.001	0.127
>CAACCGCTCAGG	10-CAACCGCTCAGG	9.722937	-26.296009	0	T:5.0(4.42%),B:2.7(0.01%),P:1e-11	Tpos:526.8,Tstd:180.3,Bpos:574.5,Bstd:142.6,StrandBias:0.6,Multiplicity:1.00
0.001	0.997	0.001	0.001
0.855	0.001	0.143	0.001
0.997	0.001	0.001	0.001
0.001	0.997	0.001	0.001
0.001	0.997	0.001	0.001
0.001	0.001	0.997	0.001
0.001	0.948	0.050	0.001
0.001	0.143	0.001	0.855
0.001	0.997	0.001	0.001
0.997	0.001	0.001	0.001
0.001	0.001	0.997	0.001
0.001	0.001	0.997	0.001
>TCATTCATTCTS	11-TCATTCATTCTS	13.474103	-26.287262	0	T:10.0(8.85%),B:116.7(0.30%),P:1e-11	Tpos:794.5,Tstd:239.0,Bpos:628.9,Bstd:366.2,StrandBias:3.2,Multiplicity:1.00
0.001	0.001	0.001	0.997
0.136	0.862	0.001	0.001
0.997	0.001	0.001	0.001
0.001	0.001	0.001	0.997
0.001	0.001	0.001	0.997
0.001	0.997	0.001	0.001
0.997	0.001	0.001	0.001
0.001	0.001	0.001	0.997
0.001	0.001	0.001	0.997
0.001	0.812	0.136	0.051
0.001	0.119	0.001	0.879
0.101	0.521	0.377	0.001
>ATGACACAATTG	12-ATGACACAATTG	14.153903	-25.265252	0	T:7.0(6.19%),B:29.3(0.07%),P:1e-10	Tpos:498.5,Tstd:288.4,Bpos:464.7,Bstd:369.9,StrandBias:0.0,Multiplicity:1.14
0.997	0.001	0.001	0.001
0.001	0.001	0.107	0.891
0.001	0.001	0.997	0.001
0.997	0.001	0.001	0.001
0.001	0.997	0.001	0.001
0.997	0.001	0.001	0.001
0.001	0.901	0.001	0.097
0.997	0.001	0.001	0.001
0.891	0.107	0.001	0.001
0.001	0.001	0.001	0.997
0.001	0.001	0.001	0.997
0.001	0.001	0.997	0.001
>GAAAAGTATACT	13-GAAAAGTATACT	11.709012	-24.581965	0	T:11.0(9.73%),B:193.5(0.49%),P:1e-10	Tpos:622.4,Tstd:242.7,Bpos:462.8,Bstd:324.2,StrandBias:-0.4,Multiplicity:1.18
0.068	0.001	0.930	0.001
0.851	0.129	0.001	0.019
0.896	0.001	0.001	0.102
0.842	0.001	0.001	0.156
0.884	0.001	0.114	0.001
0.082	0.001	0.916	0.001
0.001	0.001	0.117	0.881
0.901	0.001	0.097	0.001
0.001	0.001	0.001	0.997
0.997	0.001	0.001	0.001
0.094	0.904	0.001	0.001
0.001	0.001	0.001	0.997
>TTTTTGCGCCTT	14-TTTTTGCGCCTT	13.339716	-22.066005	0	T:9.0(7.96%),B:128.0(0.33%),P:1e-9	Tpos:429.8,Tstd:254.7,Bpos:495.6,Bstd:304.7,StrandBias:0.3,Multiplicity:1.00
0.001	0.001	0.164	0.834
0.001	0.001	0.001	0.997
0.001	0.001	0.001	0.997
0.001	0.001	0.001	0.997
0.001	0.001	0.001	0.997
0.001	0.001	0.997	0.001
0.102	0.797	0.100	0.001
0.001	0.097	0.901	0.001
0.088	0.910	0.001	0.001
0.089	0.909	0.001	0.001
0.125	0.001	0.001	0.873
0.099	0.001	0.001	0.899
>TCATCAGGAAAY	15-TCATCAGGAAAY	11.470146	-21.992302	0	T:6.0(5.31%),B:24.7(0.06%),P:1e-9	Tpos:460.0,Tstd:207.4,Bpos:501.2,Bstd:311.6,StrandBias:0.0,Multiplicity:1.00
0.239	0.016	0.063	0.682
0.068	0.630	0.179	0.123
0.828	0.001	0.001	0.170
0.001	0.001	0.073	0.925
0.074	0.922	0.001	0.003
0.823	0.002	0.085	0.090
0.123	0.001	0.696	0.180
0.142	0.178	0.677	0.003
0.509	0.218	0.001	0.272
0.715	0.001	0.110	0.174
0.745	0.055	0.085	0.115
0.077	0.477	0.111	0.335
>AACAGAACATGA	16-AACAGAACATGA	13.325271	-21.437217	0	T:9.0(7.96%),B:138.4(0.35%),P:1e-9	Tpos:582.0,Tstd:292.9,Bpos:506.7,Bstd:346.4,StrandBias:-0.3,Multiplicity:1.00
0.868	0.001	0.130	0.001
0.997	0.001	0.001	0.001
0.088	0.910	0.001	0.001
0.997	0.001	0.001	0.001
0.102	0.131	0.766	0.001
0.997	0.001	0.001	0.001
0.997	0.001	0.001	0.001
0.001	0.873	0.001	0.125
0.997	0.001	0.001	0.001
0.117	0.001	0.001	0.881
0.001	0.001	0.997	0.001
0.826	0.001	0.172	0.001
>ACCCTGCACCTT	17-ACCCTGCACCTT	9.666363	-20.586259	0	T:7.0(6.19%),B:61.2(0.16%),P:1e-8	Tpos:615.8,Tstd:264.4,Bpos:525.7,Bstd:348.6,StrandBias:-1.6,Multiplicity:1.14
0.978	0.001	0.020	0.001
0.001	0.997	0.001	0.001
0.001	0.946	0.052	0.001
0.102	0.839	0.001	0.058
0.001	0.001	0.001	0.997
0.001	0.001	0.997	0.001
0.001	0.997	0.001	0.001
0.997	0.001	0.001	0.001
0.001	0.997	0.001	0.001
0.019	0.952	0.001	0.028
0.001	0.001	0.001	0.997
0.001	0.001	0.056	0.942
>ATTTTTMCGTAA	18-ATTTTTMCGTAA	11.609778	-19.445263	0	T:14.0(12.39%),B:608.1(1.56%),P:1e-8	Tpos:423.1,Tstd:265.2,Bpos:508.7,Bstd:309.3,StrandBias:0.3,Multiplicity:1.21
0.901	0.001	0.001	0.097
0.124	0.001	0.001	0.874
0.001	0.001	0.001	0.997
0.001	0.001	0.001	0.997
0.001	0.179	0.126	0.694
0.001	0.113	0.001	0.885
0.489	0.509	0.001	0.001
0.001	0.997	0.001	0.001
0.001	0.326	0.525	0.148
0.009	0.001	0.124	0.866
0.899	0.001	0.001	0.099
0.608	0.001	0.259	0.132
>TTCCATTTTCTA	19-TTCCATTTTCTA	12.456175	-17.664211	0	T:15.0(13.27%),B:826.6(2.11%),P:1e-7	Tpos:510.9,Tstd:298.8,Bpos:506.7,Bstd:320.6,StrandBias:1.3,Multiplicity:1.13
0.001	0.001	0.001	0.997
0.001	0.001	0.001	0.997
0.001	0.867	0.082	0.050
0.001	0.997	0.001	0.001
0.866	0.132	0.001	0.001
0.058	0.001	0.097	0.844
0.001	0.001	0.001	0.997
0.001	0.001	0.001	0.997
0.001	0.117	0.001	0.881
0.001	0.832	0.108	0.059
0.041	0.001	0.001	0.957
0.816	0.057	0.074	0.053
>AAAATATACAGA	20-AAAATATACAGA	12.175132	-15.713565	0	T:13.0(11.50%),B:698.4(1.79%),P:1e-6	Tpos:649.6,Tstd:259.2,Bpos:490.0,Bstd:314.2,StrandBias:0.4,Multiplicity:1.23
0.997	0.001	0.001	0.001
0.997	0.001	0.001	0.001
0.639	0.165	0.131	0.065
0.987	0.011	0.001	0.001
0.001	0.001	0.001	0.997
0.746	0.142	0.070	0.042
0.001	0.069	0.001	0.929
0.993	0.001	0.001	0.005
0.001	0.874	0.070	0.055
0.997	0.001	0.001	0.001
0.167	0.001	0.630	0.202
0.659	0.086	0.081	0.174
>TAAAAACGCGCG	21-TAAAAACGCGCG	12.355432	-15.276195	0	T:3.0(2.65%),B:2.8(0.01%),P:1e-6	Tpos:868.0,Tstd:17.7,Bpos:397.9,Bstd:227.5,StrandBias:-1.0,Multiplicity:1.00
0.100	0.100	0.100	0.700
0.700	0.100	0.100	0.100
0.700	0.100	0.100	0.100
0.700	0.100	0.100	0.100
0.700	0.100	0.100	0.100
0.700	0.100	0.100	0.100
0.100	0.700	0.100	0.100
0.100	0.100	0.700	0.100
0.100	0.700	0.100	0.100
0.100	0.100	0.700	0.100
0.100	0.700	0.100	0.100
0.100	0.100	0.700	0.100
>TTCGAAACCDCC	22-TTCGAAACCDCC	12.910548	-15.081318	0	T:5.0(4.42%),B:43.9(0.11%),P:1e-6	Tpos:395.7,Tstd:98.3,Bpos:476.1,Bstd:306.6,StrandBias:2.3,Multiplicity:1.20
0.001	0.001	0.001	0.997
0.001	0.356	0.001	0.642
0.001	0.708	0.290	0.001
0.001	0.001	0.997	0.001
0.997	0.001	0.001	0.001
0.997	0.001	0.001	0.001
0.642	0.001	0.001	0.356
0.001	0.997	0.001	0.001
0.001	0.997	0.001	0.001
0.291	0.001	0.417	0.291
0.290	0.708	0.001	0.001
0.001	0.997	0.001	0.001
>AAAAAATCCATA	23-AAAAAATCCATA	13.956459	-6.876460	0	T:4.0(3.54%),B:150.0(0.38%),P:1e-2	Tpos:458.3,Tstd:273.6,Bpos:523.6,Bstd:297.5,StrandBias:-10.0,Multiplicity:3.00
0.832	0.001	0.086	0.081
0.997	0.001	0.001	0.001
0.997	0.001	0.001	0.001
0.997	0.001	0.001	0.001
0.997	0.001	0.001	0.001
0.997	0.001	0.001	0.001
0.001	0.001	0.001	0.997
0.001	0.997	0.001	0.001
0.001	0.997	0.001	0.001
0.913	0.085	0.001	0.001
0.001	0.001	0.001	0.997
0.997	0.001	0.001	0.001
>ATTHCSCAAATT	24-ATTHCSCAAATT	13.993867	-5.160612	0	T:3.0(2.65%),B:122.3(0.31%),P:1e-2	Tpos:746.3,Tstd:155.2,Bpos:490.1,Bstd:303.8,StrandBias:-1.0,Multiplicity:1.00
0.997	0.001	0.001	0.001
0.001	0.001	0.001	0.997
0.001	0.001	0.001	0.997
0.353	0.269	0.001	0.377
0.134	0.864	0.001	0.001
0.001	0.479	0.498	0.022
0.001	0.997	0.001	0.001
0.997	0.001	0.001	0.001
0.797	0.001	0.001	0.201
0.820	0.001	0.001	0.178
0.001	0.001	0.001	0.997
0.001	0.001	0.001	0.997
>AAAAATGCTGAA	25-AAAAATGCTGAA	12.694463	-2.419516	0	T:3.0(2.65%),B:362.5(0.93%),P:1e-1	Tpos:399.8,Tstd:224.0,Bpos:495.6,Bstd:281.0,StrandBias:3.8,Multiplicity:5.00
0.997	0.001	0.001	0.001
0.997	0.001	0.001	0.001
0.997	0.001	0.001	0.001
0.997	0.001	0.001	0.001
0.997	0.001	0.001	0.001
0.143	0.001	0.001	0.855
0.001	0.001	0.997	0.001
0.001	0.997	0.001	0.001
0.001	0.001	0.001	0.997
0.140	0.001	0.858	0.001
0.997	0.001	0.001	0.001
0.997	0.001	0.001	0.001
