>CGCCCATTTA	1-CGCCCATTTA	5.780921	-46.835889	0	T:26.0(23.01%),B:709.5(1.81%),P:1e-20	Tpos:598.1,Tstd:265.9,Bpos:544.7,Bstd:336.7,StrandBias:0.7,Multiplicity:1.12
0.001	0.997	0.001	0.001
0.237	0.001	0.761	0.001
0.001	0.997	0.001	0.001
0.001	0.997	0.001	0.001
0.001	0.619	0.001	0.379
0.668	0.330	0.001	0.001
0.001	0.266	0.001	0.732
0.001	0.001	0.001	0.997
0.001	0.001	0.001	0.997
0.997	0.001	0.001	0.001
>CCAATCGATA	2-CCAATCGATA	7.015236	-44.806802	0	T:49.0(43.36%),B:3878.1(9.92%),P:1e-19	Tpos:594.6,Tstd:276.3,Bpos:528.0,Bstd:319.1,StrandBias:0.5,Multiplicity:1.21
0.024	0.895	0.001	0.080
0.001	0.684	0.001	0.314
0.916	0.047	0.036	0.001
0.997	0.001	0.001	0.001
0.001	0.001	0.001	0.997
0.036	0.962	0.001	0.001
0.081	0.001	0.917	0.001
0.997	0.001	0.001	0.001
0.021	0.001	0.001	0.977
0.936	0.038	0.001	0.025
>CTTGGTACAT	3-CTTGGTACAT	10.603005	-38.452241	0	T:16.0(14.16%),B:228.1(0.58%),P:1e-16	Tpos:473.1,Tstd:252.6,Bpos:492.9,Bstd:312.7,StrandBias:-0.8,Multiplicity:1.38
0.001	0.997	0.001	0.001
0.001	0.001	0.001	0.997
0.001	0.001	0.001	0.997
0.056	0.001	0.942	0.001
0.001	0.001	0.997	0.001
0.001	0.001	0.001	0.997
0.997	0.001	0.001	0.001
0.001	0.861	0.137	0.001
0.945	0.053	0.001	0.001
0.001	0.001	0.051	0.947
>TGAACGCTGC	4-TGAACGCTGC	8.185663	-38.251652	0	T:26.0(23.01%),B:1018.7(2.61%),P:1e-16	Tpos:530.7,Tstd:318.5,Bpos:500.6,Bstd:328.6,StrandBias:-0.3,Multiplicity:1.00
0.156	0.099	0.108	0.637
0.082	0.088	0.792	0.038
0.843	0.024	0.132	0.001
0.857	0.034	0.062	0.047
0.036	0.931	0.001	0.032
0.051	0.034	0.817	0.098
0.039	0.895	0.042	0.024
0.064	0.065	0.031	0.840
0.026	0.140	0.795	0.039
0.020	0.601	0.228	0.151
>CATTCATTCA	5-CATTCATTCA	9.331420	-30.524960	0	T:33.0(29.20%),B:2449.5(6.27%),P:1e-13	Tpos:594.9,Tstd:344.1,Bpos:528.1,Bstd:349.2,StrandBias:1.2,Multiplicity:1.00
0.030	0.894	0.022	0.054
0.895	0.028	0.001	0.076
0.001	0.033	0.029	0.937
0.001	0.001	0.032	0.966
0.001	0.973	0.025	0.001
0.955	0.028	0.001	0.016
0.001	0.001	0.001	0.997
0.033	0.001	0.245	0.721
0.001	0.951	0.001	0.047
0.756	0.024	0.001	0.219
>ACATCGTCTC	6-ACATCGTCTC	10.238459	-25.856655	0	T:16.0(14.16%),B:535.8(1.37%),P:1e-11	Tpos:558.5,Tstd:248.1,Bpos:518.0,Bstd:326.3,StrandBias:1.6,Multiplicity:1.07
0.847	0.088	0.001	0.064
0.071	0.825	0.001	0.103
0.891	0.001	0.001	0.107
0.001	0.001	0.001	0.997
0.001	0.937	0.001	0.061
0.166	0.001	0.793	0.040
0.001	0.001	0.001	0.997
0.001	0.997	0.001	0.001
0.102	0.001	0.001	0.896
0.001	0.997	0.001	0.001
>GTCGTCTAGT	7-GTCGTCTAGT	8.675140	-22.752880	0	T:14.0(12.39%),B:467.3(1.20%),P:1e-9	Tpos:589.3,Tstd:354.7,Bpos:549.4,Bstd:340.6,StrandBias:1.7,Multiplicity:1.00
0.001	0.001	0.917	0.081
0.110	0.001	0.001	0.888
0.001	0.934	0.064	0.001
0.089	0.001	0.827	0.083
0.001	0.001	0.001	0.997
0.001	0.913	0.001	0.085
0.001	0.001	0.001	0.997
0.892	0.001	0.106	0.001
0.001	0.001	0.934	0.064
0.092	0.117	0.001	0.790
>TCGATACTTG	8-TCGATACTTG	9.217391	-21.375260	0	T:21.0(18.58%),B:1377.5(3.52%),P:1e-9	Tpos:463.9,Tstd:302.7,Bpos:494.9,Bstd:330.7,StrandBias:0.0,Multiplicity:1.05
0.001	0.024	0.001	0.974
0.148	0.526	0.325	0.001
0.311	0.001	0.687	0.001
0.696	0.001	0.302	0.001
0.001	0.001	0.001	0.997
0.706	0.001	0.292	0.001
0.167	0.831	0.001	0.001
0.186	0.233	0.001	0.580
0.001	0.165	0.001	0.833
0.001	0.001	0.997	0.001
>ATATTCTCCC	9-ATATTCTCCC	8.635208	-19.180222	0	T:22.0(19.47%),B:1720.8(4.40%),P:1e-8	Tpos:551.6,Tstd:273.2,Bpos:497.1,Bstd:328.5,StrandBias:0.8,Multiplicity:1.14
0.914	0.084	0.001	0.001
0.001	0.060	0.079	0.860
0.997	0.001	0.001	0.001
0.071	0.001	0.001	0.927
0.001	0.001	0.082	0.916
0.063	0.888	0.001	0.048
0.073	0.064	0.001	0.862
0.001	0.856	0.001	0.142
0.001	0.958	0.001	0.040
0.030	0.865	0.063	0.042
>CCATGGTACA	10-CCATGGTACA	9.310029	-19.116505	0	T:13.0(11.50%),B:518.8(1.33%),P:1e-8	Tpos:401.5,Tstd:279.4,Bpos:493.8,Bstd:341.6,StrandBias:-0.2,Multiplicity:1.15
0.001	0.966	0.001	0.032
0.001	0.997	0.001	0.001
0.997	0.001	0.001	0.001
0.001	0.001	0.001	0.997
0.001	0.001	0.883	0.115
0.001	0.001	0.868	0.130
0.001	0.001	0.139	0.859
0.648	0.210	0.141	0.001
0.001	0.997	0.001	0.001
0.794	0.204	0.001	0.001
>GCASTCTATC	11-GCASTCTATC	10.073992	-19.014638	0	T:12.0(10.62%),B:425.0(1.09%),P:1e-8	Tpos:559.0,Tstd:270.0,Bpos:501.6,Bstd:340.6,StrandBias:0.8,Multiplicity:1.00
0.095	0.001	0.627	0.277
0.001	0.997	0.001	0.001
0.908	0.001	0.090	0.001
0.001	0.496	0.502	0.001
0.001	0.001	0.001	0.997
0.001	0.997	0.001	0.001
0.109	0.001	0.001	0.889
0.662	0.001	0.001	0.336
0.001	0.001	0.001	0.997
0.132	0.607	0.001	0.260
>RRACGCTGWA	12-RRACGCTGWA	7.293305	-18.492380	0	T:51.0(45.13%),B:8229.5(21.05%),P:1e-8	Tpos:486.8,Tstd:304.2,Bpos:502.6,Bstd:327.5,StrandBias:-0.3,Multiplicity:1.32
0.430	0.192	0.377	0.001
0.472	0.001	0.348	0.179
0.767	0.001	0.116	0.116
0.006	0.778	0.001	0.215
0.179	0.005	0.756	0.060
0.038	0.855	0.001	0.106
0.014	0.006	0.001	0.979
0.078	0.242	0.669	0.011
0.417	0.156	0.114	0.313
0.997	0.001	0.001	0.001
>CGGTGTGTAT	13-CGGTGTGTAT	10.153870	-18.469094	0	T:12.0(10.62%),B:446.2(1.14%),P:1e-8	Tpos:496.7,Tstd:304.4,Bpos:537.1,Bstd:337.3,StrandBias:0.7,Multiplicity:1.08
0.064	0.934	0.001	0.001
0.072	0.091	0.785	0.052
0.001	0.001	0.913	0.085
0.100	0.001	0.001	0.898
0.092	0.104	0.803	0.001
0.001	0.001	0.001	0.997
0.001	0.001	0.933	0.065
0.080	0.001	0.001	0.918
0.997	0.001	0.001	0.001
0.001	0.098	0.001	0.900
>AGTGYACTTG	14-AGTGYACTTG	11.059393	-17.533893	0	T:11.0(9.73%),B:388.6(0.99%),P:1e-7	Tpos:572.9,Tstd:277.3,Bpos:497.9,Bstd:339.4,StrandBias:-0.3,Multiplicity:1.00
0.778	0.001	0.001	0.220
0.001	0.001	0.997	0.001
0.001	0.001	0.001	0.997
0.001	0.216	0.782	0.001
0.001	0.439	0.001	0.559
0.997	0.001	0.001	0.001
0.001	0.997	0.001	0.001
0.001	0.001	0.001	0.997
0.001	0.001	0.001	0.997
0.001	0.231	0.767	0.001
>ACAGTCTGTA	15-ACAGTCTGTA	11.397147	-17.210388	0	T:8.0(7.08%),B:160.7(0.41%),P:1e-7	Tpos:432.5,Tstd:194.9,Bpos:509.2,Bstd:306.1,StrandBias:0.0,Multiplicity:1.00
0.997	0.001	0.001	0.001
0.001	0.997	0.001	0.001
0.748	0.001	0.250	0.001
0.341	0.001	0.657	0.001
0.187	0.001	0.001	0.811
0.001	0.997	0.001	0.001
0.001	0.001	0.001	0.997
0.001	0.001	0.997	0.001
0.001	0.001	0.001	0.997
0.781	0.217	0.001	0.001
>CTAAAGADAA	16-CTAAAGADAA	9.155019	-16.287682	0	T:24.0(21.24%),B:2394.0(6.12%),P:1e-7	Tpos:560.8,Tstd:284.1,Bpos:516.4,Bstd:326.9,StrandBias:-1.7,Multiplicity:1.04
0.001	0.936	0.062	0.001
0.001	0.006	0.001	0.992
0.548	0.093	0.358	0.001
0.908	0.007	0.001	0.084
0.987	0.001	0.007	0.005
0.001	0.001	0.888	0.110
0.569	0.001	0.304	0.126
0.369	0.001	0.383	0.247
0.991	0.007	0.001	0.001
0.608	0.385	0.001	0.006
>CCTCCGAACC	17-CCTCCGAACC	9.182058	-15.481538	0	T:9.0(7.96%),B:283.7(0.73%),P:1e-6	Tpos:633.1,Tstd:275.9,Bpos:508.9,Bstd:322.3,StrandBias:0.6,Multiplicity:1.11
0.001	0.997	0.001	0.001
0.118	0.752	0.001	0.129
0.139	0.001	0.001	0.859
0.027	0.971	0.001	0.001
0.001	0.867	0.001	0.131
0.112	0.122	0.765	0.001
0.997	0.001	0.001	0.001
0.879	0.001	0.001	0.119
0.001	0.920	0.001	0.078
0.001	0.997	0.001	0.001
>CACTCTGAGA	18-CACTCTGAGA	9.099970	-14.814611	0	T:12.0(10.62%),B:630.2(1.61%),P:1e-6	Tpos:587.9,Tstd:227.6,Bpos:512.4,Bstd:323.0,StrandBias:0.2,Multiplicity:1.25
0.057	0.941	0.001	0.001
0.997	0.001	0.001	0.001
0.108	0.890	0.001	0.001
0.088	0.001	0.144	0.767
0.094	0.842	0.001	0.063
0.001	0.001	0.109	0.889
0.001	0.001	0.997	0.001
0.897	0.001	0.001	0.101
0.001	0.001	0.877	0.121
0.997	0.001	0.001	0.001
>AACAGGTGCT	19-AACAGGTGCT	11.615944	-14.151527	0	T:6.0(5.31%),B:101.5(0.26%),P:1e-6	Tpos:383.2,Tstd:252.5,Bpos:529.0,Bstd:339.4,StrandBias:-1.0,Multiplicity:1.00
0.997	0.001	0.001	0.001
0.997	0.001	0.001	0.001
0.001	0.884	0.114	0.001
0.997	0.001	0.001	0.001
0.001	0.001	0.997	0.001
0.113	0.001	0.885	0.001
0.138	0.001	0.001	0.860
0.001	0.001	0.997	0.001
0.001	0.997	0.001	0.001
0.001	0.001	0.001	0.997
>GTATCTTAGT	20-GTATCTTAGT	10.203084	-14.107365	0	T:10.0(8.85%),B:438.7(1.12%),P:1e-6	Tpos:411.4,Tstd:222.6,Bpos:487.6,Bstd:328.8,StrandBias:1.0,Multiplicity:1.20
0.117	0.001	0.881	0.001
0.001	0.001	0.001	0.997
0.938	0.001	0.001	0.060
0.001	0.001	0.163	0.835
0.001	0.861	0.001	0.137
0.001	0.001	0.001	0.997
0.001	0.119	0.001	0.879
0.888	0.001	0.110	0.001
0.097	0.001	0.846	0.056
0.001	0.001	0.001	0.997
>TGTATATTTG	21-TGTATATTTG	10.581028	-14.072400	0	T:20.0(17.70%),B:1938.8(4.96%),P:1e-6	Tpos:556.3,Tstd:292.3,Bpos:503.5,Bstd:310.6,StrandBias:-0.6,Multiplicity:1.25
0.001	0.001	0.001	0.997
0.001	0.001	0.997	0.001
0.001	0.001	0.001	0.997
0.997	0.001	0.001	0.001
0.297	0.001	0.227	0.475
0.795	0.203	0.001	0.001
0.001	0.225	0.001	0.773
0.001	0.001	0.001	0.997
0.001	0.001	0.001	0.997
0.001	0.001	0.867	0.131
>CAGGCCACAC	22-CAGGCCACAC	12.251157	-13.948951	0	T:5.0(4.42%),B:55.3(0.14%),P:1e-6	Tpos:455.2,Tstd:181.2,Bpos:538.9,Bstd:351.9,StrandBias:-0.6,Multiplicity:1.00
0.001	0.793	0.001	0.205
0.997	0.001	0.001	0.001
0.001	0.001	0.997	0.001
0.001	0.001	0.997	0.001
0.001	0.997	0.001	0.001
0.001	0.997	0.001	0.001
0.997	0.001	0.001	0.001
0.001	0.997	0.001	0.001
0.997	0.001	0.001	0.001
0.001	0.997	0.001	0.001
>TGTCATCMNG	23-TGTCATCMNG	7.034436	-12.145433	0	T:6.0(5.31%),B:145.9(0.37%),P:1e-5	Tpos:596.4,Tstd:210.5,Bpos:563.9,Bstd:337.0,StrandBias:0.0,Multiplicity:2.33
0.199	0.162	0.175	0.465
0.348	0.037	0.593	0.022
0.049	0.270	0.189	0.492
0.034	0.473	0.286	0.207
0.513	0.178	0.265	0.044
0.182	0.034	0.307	0.476
0.025	0.924	0.024	0.027
0.318	0.447	0.012	0.223
0.249	0.168	0.316	0.267
0.013	0.027	0.744	0.216
>AAAGTATACT	24-AAAGTATACT	10.721428	-11.600556	0	T:8.0(7.08%),B:346.3(0.89%),P:1e-5	Tpos:678.1,Tstd:140.9,Bpos:483.7,Bstd:318.7,StrandBias:0.6,Multiplicity:1.62
0.949	0.001	0.001	0.049
0.936	0.062	0.001	0.001
0.872	0.069	0.058	0.001
0.001	0.001	0.997	0.001
0.036	0.001	0.060	0.903
0.997	0.001	0.001	0.001
0.001	0.001	0.001	0.997
0.997	0.001	0.001	0.001
0.001	0.997	0.001	0.001
0.001	0.001	0.054	0.944
>ATGGATYTTT	25-ATGGATYTTT	9.458884	-5.412195	0	T:9.0(7.96%),B:1085.8(2.78%),P:1e-2	Tpos:446.2,Tstd:253.7,Bpos:495.1,Bstd:304.2,StrandBias:4.3,Multiplicity:2.33
0.997	0.001	0.001	0.001
0.001	0.001	0.248	0.750
0.001	0.001	0.997	0.001
0.001	0.001	0.997	0.001
0.968	0.030	0.001	0.001
0.001	0.001	0.001	0.997
0.001	0.443	0.001	0.555
0.001	0.001	0.001	0.997
0.001	0.001	0.001	0.997
0.001	0.001	0.001	0.997
