>CGCCCATTTA	1-CGCCCATTTA	5.780921	-46.835889	0	T:26.0(23.01%),B:709.5(1.81%),P:1e-20	Tpos:598.1,Tstd:265.9,Bpos:544.7,Bstd:336.7,StrandBias:0.7,Multiplicity:1.12
0.001	0.997	0.001	0.001
0.237	0.001	0.761	0.001
0.001	0.997	0.001	0.001
0.001	0.997	0.001	0.001
0.001	0.619	0.001	0.379
0.668	0.330	0.001	0.001
0.001	0.266	0.001	0.732
0.001	0.001	0.001	0.997
0.001	0.001	0.001	0.997
0.997	0.001	0.001	0.001
>CCAATCGATA	2-CCAATCGATA	7.015236	-44.806802	0	T:49.0(43.36%),B:3878.1(9.92%),P:1e-19	Tpos:594.6,Tstd:276.3,Bpos:528.0,Bstd:319.1,StrandBias:0.5,Multiplicity:1.21
0.024	0.895	0.001	0.080
0.001	0.684	0.001	0.314
0.916	0.047	0.036	0.001
0.997	0.001	0.001	0.001
0.001	0.001	0.001	0.997
0.036	0.962	0.001	0.001
0.081	0.001	0.917	0.001
0.997	0.001	0.001	0.001
0.021	0.001	0.001	0.977
0.936	0.038	0.001	0.025
>CTTGGTACAT	3-CTTGGTACAT	10.603005	-38.452241	0	T:16.0(14.16%),B:228.1(0.58%),P:1e-16	Tpos:473.1,Tstd:252.6,Bpos:492.9,Bstd:312.7,StrandBias:-0.8,Multiplicity:1.38
0.001	0.997	0.001	0.001
0.001	0.001	0.001	0.997
0.001	0.001	0.001	0.997
0.056	0.001	0.942	0.001
0.001	0.001	0.997	0.001
0.001	0.001	0.001	0.997
0.997	0.001	0.001	0.001
0.001	0.861	0.137	0.001
0.945	0.053	0.001	0.001
0.001	0.001	0.051	0.947
>TGAACGCTGC	4-TGAACGCTGC	8.185663	-38.251652	0	T:26.0(23.01%),B:1018.7(2.61%),P:1e-16	Tpos:530.7,Tstd:318.5,Bpos:500.6,Bstd:328.6,StrandBias:-0.3,Multiplicity:1.00
0.156	0.099	0.108	0.637
0.082	0.088	0.792	0.038
0.843	0.024	0.132	0.001
0.857	0.034	0.062	0.047
0.036	0.931	0.001	0.032
0.051	0.034	0.817	0.098
0.039	0.895	0.042	0.024
0.064	0.065	0.031	0.840
0.026	0.140	0.795	0.039
0.020	0.601	0.228	0.151
>CATTCATTCA	5-CATTCATTCA	9.331420	-30.524960	0	T:33.0(29.20%),B:2449.5(6.27%),P:1e-13	Tpos:594.9,Tstd:344.1,Bpos:528.1,Bstd:349.2,StrandBias:1.2,Multiplicity:1.00
0.030	0.894	0.022	0.054
0.895	0.028	0.001	0.076
0.001	0.033	0.029	0.937
0.001	0.001	0.032	0.966
0.001	0.973	0.025	0.001
0.955	0.028	0.001	0.016
0.001	0.001	0.001	0.997
0.033	0.001	0.245	0.721
0.001	0.951	0.001	0.047
0.756	0.024	0.001	0.219
>ACATCGTCTC	6-ACATCGTCTC	10.238459	-25.856655	0	T:16.0(14.16%),B:535.8(1.37%),P:1e-11	Tpos:558.5,Tstd:248.1,Bpos:518.0,Bstd:326.3,StrandBias:1.6,Multiplicity:1.07
0.847	0.088	0.001	0.064
0.071	0.825	0.001	0.103
0.891	0.001	0.001	0.107
0.001	0.001	0.001	0.997
0.001	0.937	0.001	0.061
0.166	0.001	0.793	0.040
0.001	0.001	0.001	0.997
0.001	0.997	0.001	0.001
0.102	0.001	0.001	0.896
0.001	0.997	0.001	0.001
>GTCGTCTAGT	7-GTCGTCTAGT	8.675140	-22.752880	0	T:14.0(12.39%),B:467.3(1.20%),P:1e-9	Tpos:589.3,Tstd:354.7,Bpos:549.4,Bstd:340.6,StrandBias:1.7,Multiplicity:1.00
0.001	0.001	0.917	0.081
0.110	0.001	0.001	0.888
0.001	0.934	0.064	0.001
0.089	0.001	0.827	0.083
0.001	0.001	0.001	0.997
0.001	0.913	0.001	0.085
0.001	0.001	0.001	0.997
0.892	0.001	0.106	0.001
0.001	0.001	0.934	0.064
0.092	0.117	0.001	0.790
>TCGATACTTG	8-TCGATACTTG	9.217391	-21.375260	0	T:21.0(18.58%),B:1377.5(3.52%),P:1e-9	Tpos:463.9,Tstd:302.7,Bpos:494.9,Bstd:330.7,StrandBias:0.0,Multiplicity:1.05
0.001	0.024	0.001	0.974
0.148	0.526	0.325	0.001
0.311	0.001	0.687	0.001
0.696	0.001	0.302	0.001
0.001	0.001	0.001	0.997
0.706	0.001	0.292	0.001
0.167	0.831	0.001	0.001
0.186	0.233	0.001	0.580
0.001	0.165	0.001	0.833
0.001	0.001	0.997	0.001
>ATATTCTCCC	9-ATATTCTCCC	8.635208	-19.180222	0	T:22.0(19.47%),B:1720.8(4.40%),P:1e-8	Tpos:551.6,Tstd:273.2,Bpos:497.1,Bstd:328.5,StrandBias:0.8,Multiplicity:1.14
0.914	0.084	0.001	0.001
0.001	0.060	0.079	0.860
0.997	0.001	0.001	0.001
0.071	0.001	0.001	0.927
0.001	0.001	0.082	0.916
0.063	0.888	0.001	0.048
0.073	0.064	0.001	0.862
0.001	0.856	0.001	0.142
0.001	0.958	0.001	0.040
0.030	0.865	0.063	0.042
>CCATGGTACA	10-CCATGGTACA	9.310029	-19.116505	0	T:13.0(11.50%),B:518.8(1.33%),P:1e-8	Tpos:401.5,Tstd:279.4,Bpos:493.8,Bstd:341.6,StrandBias:-0.2,Multiplicity:1.15
0.001	0.966	0.001	0.032
0.001	0.997	0.001	0.001
0.997	0.001	0.001	0.001
0.001	0.001	0.001	0.997
0.001	0.001	0.883	0.115
0.001	0.001	0.868	0.130
0.001	0.001	0.139	0.859
0.648	0.210	0.141	0.001
0.001	0.997	0.001	0.001
0.794	0.204	0.001	0.001
>GCASTCTATC	11-GCASTCTATC	10.073992	-19.014638	0	T:12.0(10.62%),B:425.0(1.09%),P:1e-8	Tpos:559.0,Tstd:270.0,Bpos:501.6,Bstd:340.6,StrandBias:0.8,Multiplicity:1.00
0.095	0.001	0.627	0.277
0.001	0.997	0.001	0.001
0.908	0.001	0.090	0.001
0.001	0.496	0.502	0.001
0.001	0.001	0.001	0.997
0.001	0.997	0.001	0.001
0.109	0.001	0.001	0.889
0.662	0.001	0.001	0.336
0.001	0.001	0.001	0.997
0.132	0.607	0.001	0.260
>RRACGCTGWA	12-RRACGCTGWA	7.293305	-18.492380	0	T:51.0(45.13%),B:8229.5(21.05%),P:1e-8	Tpos:486.8,Tstd:304.2,Bpos:502.6,Bstd:327.5,StrandBias:-0.3,Multiplicity:1.32
0.430	0.192	0.377	0.001
0.472	0.001	0.348	0.179
0.767	0.001	0.116	0.116
0.006	0.778	0.001	0.215
0.179	0.005	0.756	0.060
0.038	0.855	0.001	0.106
0.014	0.006	0.001	0.979
0.078	0.242	0.669	0.011
0.417	0.156	0.114	0.313
0.997	0.001	0.001	0.001
>CGGTGTGTAT	13-CGGTGTGTAT	10.153870	-18.469094	0	T:12.0(10.62%),B:446.2(1.14%),P:1e-8	Tpos:496.7,Tstd:304.4,Bpos:537.1,Bstd:337.3,StrandBias:0.7,Multiplicity:1.08
0.064	0.934	0.001	0.001
0.072	0.091	0.785	0.052
0.001	0.001	0.913	0.085
0.100	0.001	0.001	0.898
0.092	0.104	0.803	0.001
0.001	0.001	0.001	0.997
0.001	0.001	0.933	0.065
0.080	0.001	0.001	0.918
0.997	0.001	0.001	0.001
0.001	0.098	0.001	0.900
>AGTGYACTTG	14-AGTGYACTTG	11.059393	-17.533893	0	T:11.0(9.73%),B:388.6(0.99%),P:1e-7	Tpos:572.9,Tstd:277.3,Bpos:497.9,Bstd:339.4,StrandBias:-0.3,Multiplicity:1.00
0.778	0.001	0.001	0.220
0.001	0.001	0.997	0.001
0.001	0.001	0.001	0.997
0.001	0.216	0.782	0.001
0.001	0.439	0.001	0.559
0.997	0.001	0.001	0.001
0.001	0.997	0.001	0.001
0.001	0.001	0.001	0.997
0.001	0.001	0.001	0.997
0.001	0.231	0.767	0.001
>ACAGTCTGTA	15-ACAGTCTGTA	11.397147	-17.210388	0	T:8.0(7.08%),B:160.7(0.41%),P:1e-7	Tpos:432.5,Tstd:194.9,Bpos:509.2,Bstd:306.1,StrandBias:0.0,Multiplicity:1.00
0.997	0.001	0.001	0.001
0.001	0.997	0.001	0.001
0.748	0.001	0.250	0.001
0.341	0.001	0.657	0.001
0.187	0.001	0.001	0.811
0.001	0.997	0.001	0.001
0.001	0.001	0.001	0.997
0.001	0.001	0.997	0.001
0.001	0.001	0.001	0.997
0.781	0.217	0.001	0.001
>CTAAAGADAA	16-CTAAAGADAA	9.155019	-16.287682	0	T:24.0(21.24%),B:2394.0(6.12%),P:1e-7	Tpos:560.8,Tstd:284.1,Bpos:516.4,Bstd:326.9,StrandBias:-1.7,Multiplicity:1.04
0.001	0.936	0.062	0.001
0.001	0.006	0.001	0.992
0.548	0.093	0.358	0.001
0.908	0.007	0.001	0.084
0.987	0.001	0.007	0.005
0.001	0.001	0.888	0.110
0.569	0.001	0.304	0.126
0.369	0.001	0.383	0.247
0.991	0.007	0.001	0.001
0.608	0.385	0.001	0.006
>CCTCCGAACC	17-CCTCCGAACC	9.182058	-15.481538	0	T:9.0(7.96%),B:283.7(0.73%),P:1e-6	Tpos:633.1,Tstd:275.9,Bpos:508.9,Bstd:322.3,StrandBias:0.6,Multiplicity:1.11
0.001	0.997	0.001	0.001
0.118	0.752	0.001	0.129
0.139	0.001	0.001	0.859
0.027	0.971	0.001	0.001
0.001	0.867	0.001	0.131
0.112	0.122	0.765	0.001
0.997	0.001	0.001	0.001
0.879	0.001	0.001	0.119
0.001	0.920	0.001	0.078
0.001	0.997	0.001	0.001
>CACTCTGAGA	18-CACTCTGAGA	9.099970	-14.814611	0	T:12.0(10.62%),B:630.2(1.61%),P:1e-6	Tpos:587.9,Tstd:227.6,Bpos:512.4,Bstd:323.0,StrandBias:0.2,Multiplicity:1.25
0.057	0.941	0.001	0.001
0.997	0.001	0.001	0.001
0.108	0.890	0.001	0.001
0.088	0.001	0.144	0.767
0.094	0.842	0.001	0.063
0.001	0.001	0.109	0.889
0.001	0.001	0.997	0.001
0.897	0.001	0.001	0.101
0.001	0.001	0.877	0.121
0.997	0.001	0.001	0.001
>AACAGGTGCT	19-AACAGGTGCT	11.615944	-14.151527	0	T:6.0(5.31%),B:101.5(0.26%),P:1e-6	Tpos:383.2,Tstd:252.5,Bpos:529.0,Bstd:339.4,StrandBias:-1.0,Multiplicity:1.00
0.997	0.001	0.001	0.001
0.997	0.001	0.001	0.001
0.001	0.884	0.114	0.001
0.997	0.001	0.001	0.001
0.001	0.001	0.997	0.001
0.113	0.001	0.885	0.001
0.138	0.001	0.001	0.860
0.001	0.001	0.997	0.001
0.001	0.997	0.001	0.001
0.001	0.001	0.001	0.997
>GTATCTTAGT	20-GTATCTTAGT	10.203084	-14.107365	0	T:10.0(8.85%),B:438.7(1.12%),P:1e-6	Tpos:411.4,Tstd:222.6,Bpos:487.6,Bstd:328.8,StrandBias:1.0,Multiplicity:1.20
0.117	0.001	0.881	0.001
0.001	0.001	0.001	0.997
0.938	0.001	0.001	0.060
0.001	0.001	0.163	0.835
0.001	0.861	0.001	0.137
0.001	0.001	0.001	0.997
0.001	0.119	0.001	0.879
0.888	0.001	0.110	0.001
0.097	0.001	0.846	0.056
0.001	0.001	0.001	0.997
>TGTATATTTG	21-TGTATATTTG	10.581028	-14.072400	0	T:20.0(17.70%),B:1938.8(4.96%),P:1e-6	Tpos:556.3,Tstd:292.3,Bpos:503.5,Bstd:310.6,StrandBias:-0.6,Multiplicity:1.25
0.001	0.001	0.001	0.997
0.001	0.001	0.997	0.001
0.001	0.001	0.001	0.997
0.997	0.001	0.001	0.001
0.297	0.001	0.227	0.475
0.795	0.203	0.001	0.001
0.001	0.225	0.001	0.773
0.001	0.001	0.001	0.997
0.001	0.001	0.001	0.997
0.001	0.001	0.867	0.131
>CAGGCCACAC	22-CAGGCCACAC	12.251157	-13.948951	0	T:5.0(4.42%),B:55.3(0.14%),P:1e-6	Tpos:455.2,Tstd:181.2,Bpos:538.9,Bstd:351.9,StrandBias:-0.6,Multiplicity:1.00
0.001	0.793	0.001	0.205
0.997	0.001	0.001	0.001
0.001	0.001	0.997	0.001
0.001	0.001	0.997	0.001
0.001	0.997	0.001	0.001
0.001	0.997	0.001	0.001
0.997	0.001	0.001	0.001
0.001	0.997	0.001	0.001
0.997	0.001	0.001	0.001
0.001	0.997	0.001	0.001
>TGTCATCMNG	23-TGTCATCMNG	7.034436	-12.145433	0	T:6.0(5.31%),B:145.9(0.37%),P:1e-5	Tpos:596.4,Tstd:210.5,Bpos:563.9,Bstd:337.0,StrandBias:0.0,Multiplicity:2.33
0.199	0.162	0.175	0.465
0.348	0.037	0.593	0.022
0.049	0.270	0.189	0.492
0.034	0.473	0.286	0.207
0.513	0.178	0.265	0.044
0.182	0.034	0.307	0.476
0.025	0.924	0.024	0.027
0.318	0.447	0.012	0.223
0.249	0.168	0.316	0.267
0.013	0.027	0.744	0.216
>AAAGTATACT	24-AAAGTATACT	10.721428	-11.600556	0	T:8.0(7.08%),B:346.3(0.89%),P:1e-5	Tpos:678.1,Tstd:140.9,Bpos:483.7,Bstd:318.7,StrandBias:0.6,Multiplicity:1.62
0.949	0.001	0.001	0.049
0.936	0.062	0.001	0.001
0.872	0.069	0.058	0.001
0.001	0.001	0.997	0.001
0.036	0.001	0.060	0.903
0.997	0.001	0.001	0.001
0.001	0.001	0.001	0.997
0.997	0.001	0.001	0.001
0.001	0.997	0.001	0.001
0.001	0.001	0.054	0.944
>ATGGATYTTT	25-ATGGATYTTT	9.458884	-5.412195	0	T:9.0(7.96%),B:1085.8(2.78%),P:1e-2	Tpos:446.2,Tstd:253.7,Bpos:495.1,Bstd:304.2,StrandBias:4.3,Multiplicity:2.33
0.997	0.001	0.001	0.001
0.001	0.001	0.248	0.750
0.001	0.001	0.997	0.001
0.001	0.001	0.997	0.001
0.968	0.030	0.001	0.001
0.001	0.001	0.001	0.997
0.001	0.443	0.001	0.555
0.001	0.001	0.001	0.997
0.001	0.001	0.001	0.997
0.001	0.001	0.001	0.997
>CCGCCCAYTTAC	1-CCGCCCAYTTAC	13.195199	-51.488465	0	T:13.0(11.50%),B:33.8(0.09%),P:1e-22	Tpos:615.5,Tstd:243.3,Bpos:570.8,Bstd:273.8,StrandBias:0.2,Multiplicity:1.15
0.106	0.892	0.001	0.001
0.001	0.997	0.001	0.001
0.092	0.001	0.906	0.001
0.001	0.997	0.001	0.001
0.001	0.997	0.001	0.001
0.001	0.878	0.001	0.120
0.997	0.001	0.001	0.001
0.121	0.488	0.001	0.390
0.001	0.001	0.001	0.997
0.001	0.001	0.001	0.997
0.931	0.001	0.067	0.001
0.001	0.997	0.001	0.001
>CGCCTMTTTACM	2-CGCCTMTTTACM	11.051746	-48.474162	0	T:19.0(16.81%),B:230.3(0.59%),P:1e-21	Tpos:736.0,Tstd:177.6,Bpos:541.1,Bstd:349.7,StrandBias:1.7,Multiplicity:1.00
0.215	0.783	0.001	0.001
0.001	0.393	0.605	0.001
0.001	0.997	0.001	0.001
0.001	0.821	0.001	0.177
0.001	0.211	0.001	0.787
0.371	0.412	0.001	0.216
0.001	0.215	0.001	0.783
0.001	0.001	0.001	0.997
0.001	0.001	0.001	0.997
0.985	0.001	0.001	0.013
0.001	0.646	0.001	0.352
0.564	0.431	0.004	0.001
>TATCGATTRGAT	3-TATCGATTRGAT	10.419140	-38.916770	0	T:16.0(14.16%),B:221.3(0.57%),P:1e-16	Tpos:624.8,Tstd:232.5,Bpos:578.0,Bstd:322.4,StrandBias:0.0,Multiplicity:1.25
0.001	0.001	0.001	0.997
0.997	0.001	0.001	0.001
0.001	0.001	0.001	0.997
0.001	0.916	0.001	0.082
0.001	0.001	0.997	0.001
0.997	0.001	0.001	0.001
0.001	0.001	0.001	0.997
0.001	0.001	0.001	0.997
0.565	0.001	0.433	0.001
0.001	0.001	0.997	0.001
0.930	0.001	0.001	0.068
0.151	0.001	0.001	0.847
>AACTTGGTACMT	4-AACTTGGTACMT	11.639439	-37.750325	0	T:16.0(14.16%),B:239.9(0.61%),P:1e-16	Tpos:477.4,Tstd:258.4,Bpos:518.9,Bstd:321.5,StrandBias:-1.3,Multiplicity:1.50
0.752	0.001	0.001	0.246
0.997	0.001	0.001	0.001
0.001	0.861	0.001	0.137
0.001	0.001	0.001	0.997
0.001	0.001	0.001	0.997
0.001	0.001	0.997	0.001
0.109	0.001	0.889	0.001
0.001	0.198	0.001	0.800
0.997	0.001	0.001	0.001
0.001	0.887	0.111	0.001
0.491	0.507	0.001	0.001
0.156	0.001	0.001	0.842
>CAGTTGTTTGCT	5-CAGTTGTTTGCT	13.620915	-36.622522	0	T:10.0(8.85%),B:37.6(0.10%),P:1e-15	Tpos:704.6,Tstd:255.3,Bpos:491.0,Bstd:311.9,StrandBias:1.2,Multiplicity:1.00
0.001	0.874	0.001	0.124
0.997	0.001	0.001	0.001
0.001	0.001	0.997	0.001
0.001	0.001	0.001	0.997
0.001	0.001	0.001	0.997
0.001	0.001	0.997	0.001
0.001	0.001	0.001	0.997
0.001	0.124	0.001	0.874
0.290	0.001	0.001	0.708
0.001	0.001	0.997	0.001
0.001	0.997	0.001	0.001
0.343	0.001	0.001	0.655
>CGATCGATAATT	6-CGATCGATAATT	11.580168	-33.176172	0	T:12.0(10.62%),B:118.1(0.30%),P:1e-14	Tpos:583.1,Tstd:255.0,Bpos:592.9,Bstd:312.6,StrandBias:0.2,Multiplicity:1.08
0.118	0.880	0.001	0.001
0.001	0.001	0.997	0.001
0.815	0.183	0.001	0.001
0.001	0.001	0.001	0.997
0.001	0.997	0.001	0.001
0.095	0.001	0.903	0.001
0.997	0.001	0.001	0.001
0.001	0.001	0.001	0.997
0.997	0.001	0.001	0.001
0.997	0.001	0.001	0.001
0.001	0.170	0.170	0.659
0.145	0.001	0.001	0.853
>ACATCGTCTCCT	7-ACATCGTCTCCT	14.025666	-29.503471	0	T:7.0(6.19%),B:14.1(0.04%),P:1e-12	Tpos:704.6,Tstd:99.6,Bpos:498.1,Bstd:268.9,StrandBias:2.6,Multiplicity:1.00
0.831	0.167	0.001	0.001
0.001	0.809	0.001	0.189
0.997	0.001	0.001	0.001
0.001	0.001	0.001	0.997
0.001	0.997	0.001	0.001
0.167	0.001	0.831	0.001
0.001	0.001	0.001	0.997
0.001	0.997	0.001	0.001
0.001	0.001	0.001	0.997
0.001	0.997	0.001	0.001
0.001	0.997	0.001	0.001
0.138	0.190	0.001	0.671
>TTTACTKTCATC	8-TTTACTKTCATC	14.606437	-28.093701	0	T:7.0(6.19%),B:18.8(0.05%),P:1e-12	Tpos:475.0,Tstd:222.8,Bpos:635.7,Bstd:278.1,StrandBias:0.4,Multiplicity:1.00
0.001	0.001	0.001	0.997
0.001	0.001	0.001	0.997
0.001	0.001	0.001	0.997
0.997	0.001	0.001	0.001
0.001	0.997	0.001	0.001
0.001	0.001	0.001	0.997
0.001	0.164	0.372	0.463
0.001	0.001	0.001	0.997
0.001	0.997	0.001	0.001
0.826	0.001	0.001	0.172
0.001	0.001	0.001	0.997
0.001	0.997	0.001	0.001
>GTTGCAGCGTTC	9-GTTGCAGCGTTC	13.671505	-27.484675	0	T:7.0(6.19%),B:20.9(0.05%),P:1e-11	Tpos:416.8,Tstd:224.8,Bpos:544.1,Bstd:341.0,StrandBias:-0.3,Multiplicity:1.29
0.001	0.001	0.913	0.085
0.001	0.001	0.001	0.997
0.001	0.001	0.166	0.832
0.001	0.145	0.548	0.306
0.001	0.997	0.001	0.001
0.997	0.001	0.001	0.001
0.001	0.001	0.997	0.001
0.001	0.997	0.001	0.001
0.001	0.001	0.997	0.001
0.001	0.001	0.001	0.997
0.001	0.001	0.001	0.997
0.001	0.871	0.001	0.127
>CAACCGCTCAGG	10-CAACCGCTCAGG	9.722937	-26.296009	0	T:5.0(4.42%),B:2.7(0.01%),P:1e-11	Tpos:526.8,Tstd:180.3,Bpos:574.5,Bstd:142.6,StrandBias:0.6,Multiplicity:1.00
0.001	0.997	0.001	0.001
0.855	0.001	0.143	0.001
0.997	0.001	0.001	0.001
0.001	0.997	0.001	0.001
0.001	0.997	0.001	0.001
0.001	0.001	0.997	0.001
0.001	0.948	0.050	0.001
0.001	0.143	0.001	0.855
0.001	0.997	0.001	0.001
0.997	0.001	0.001	0.001
0.001	0.001	0.997	0.001
0.001	0.001	0.997	0.001
>TCATTCATTCTS	11-TCATTCATTCTS	13.474103	-26.287262	0	T:10.0(8.85%),B:116.7(0.30%),P:1e-11	Tpos:794.5,Tstd:239.0,Bpos:628.9,Bstd:366.2,StrandBias:3.2,Multiplicity:1.00
0.001	0.001	0.001	0.997
0.136	0.862	0.001	0.001
0.997	0.001	0.001	0.001
0.001	0.001	0.001	0.997
0.001	0.001	0.001	0.997
0.001	0.997	0.001	0.001
0.997	0.001	0.001	0.001
0.001	0.001	0.001	0.997
0.001	0.001	0.001	0.997
0.001	0.812	0.136	0.051
0.001	0.119	0.001	0.879
0.101	0.521	0.377	0.001
>ATGACACAATTG	12-ATGACACAATTG	14.153903	-25.265252	0	T:7.0(6.19%),B:29.3(0.07%),P:1e-10	Tpos:498.5,Tstd:288.4,Bpos:464.7,Bstd:369.9,StrandBias:0.0,Multiplicity:1.14
0.997	0.001	0.001	0.001
0.001	0.001	0.107	0.891
0.001	0.001	0.997	0.001
0.997	0.001	0.001	0.001
0.001	0.997	0.001	0.001
0.997	0.001	0.001	0.001
0.001	0.901	0.001	0.097
0.997	0.001	0.001	0.001
0.891	0.107	0.001	0.001
0.001	0.001	0.001	0.997
0.001	0.001	0.001	0.997
0.001	0.001	0.997	0.001
>GAAAAGTATACT	13-GAAAAGTATACT	11.709012	-24.581965	0	T:11.0(9.73%),B:193.5(0.49%),P:1e-10	Tpos:622.4,Tstd:242.7,Bpos:462.8,Bstd:324.2,StrandBias:-0.4,Multiplicity:1.18
0.068	0.001	0.930	0.001
0.851	0.129	0.001	0.019
0.896	0.001	0.001	0.102
0.842	0.001	0.001	0.156
0.884	0.001	0.114	0.001
0.082	0.001	0.916	0.001
0.001	0.001	0.117	0.881
0.901	0.001	0.097	0.001
0.001	0.001	0.001	0.997
0.997	0.001	0.001	0.001
0.094	0.904	0.001	0.001
0.001	0.001	0.001	0.997
>TTTTTGCGCCTT	14-TTTTTGCGCCTT	13.339716	-22.066005	0	T:9.0(7.96%),B:128.0(0.33%),P:1e-9	Tpos:429.8,Tstd:254.7,Bpos:495.6,Bstd:304.7,StrandBias:0.3,Multiplicity:1.00
0.001	0.001	0.164	0.834
0.001	0.001	0.001	0.997
0.001	0.001	0.001	0.997
0.001	0.001	0.001	0.997
0.001	0.001	0.001	0.997
0.001	0.001	0.997	0.001
0.102	0.797	0.100	0.001
0.001	0.097	0.901	0.001
0.088	0.910	0.001	0.001
0.089	0.909	0.001	0.001
0.125	0.001	0.001	0.873
0.099	0.001	0.001	0.899
>TCATCAGGAAAY	15-TCATCAGGAAAY	11.470146	-21.992302	0	T:6.0(5.31%),B:24.7(0.06%),P:1e-9	Tpos:460.0,Tstd:207.4,Bpos:501.2,Bstd:311.6,StrandBias:0.0,Multiplicity:1.00
0.239	0.016	0.063	0.682
0.068	0.630	0.179	0.123
0.828	0.001	0.001	0.170
0.001	0.001	0.073	0.925
0.074	0.922	0.001	0.003
0.823	0.002	0.085	0.090
0.123	0.001	0.696	0.180
0.142	0.178	0.677	0.003
0.509	0.218	0.001	0.272
0.715	0.001	0.110	0.174
0.745	0.055	0.085	0.115
0.077	0.477	0.111	0.335
>AACAGAACATGA	16-AACAGAACATGA	13.325271	-21.437217	0	T:9.0(7.96%),B:138.4(0.35%),P:1e-9	Tpos:582.0,Tstd:292.9,Bpos:506.7,Bstd:346.4,StrandBias:-0.3,Multiplicity:1.00
0.868	0.001	0.130	0.001
0.997	0.001	0.001	0.001
0.088	0.910	0.001	0.001
0.997	0.001	0.001	0.001
0.102	0.131	0.766	0.001
0.997	0.001	0.001	0.001
0.997	0.001	0.001	0.001
0.001	0.873	0.001	0.125
0.997	0.001	0.001	0.001
0.117	0.001	0.001	0.881
0.001	0.001	0.997	0.001
0.826	0.001	0.172	0.001
>ACCCTGCACCTT	17-ACCCTGCACCTT	9.666363	-20.586259	0	T:7.0(6.19%),B:61.2(0.16%),P:1e-8	Tpos:615.8,Tstd:264.4,Bpos:525.7,Bstd:348.6,StrandBias:-1.6,Multiplicity:1.14
0.978	0.001	0.020	0.001
0.001	0.997	0.001	0.001
0.001	0.946	0.052	0.001
0.102	0.839	0.001	0.058
0.001	0.001	0.001	0.997
0.001	0.001	0.997	0.001
0.001	0.997	0.001	0.001
0.997	0.001	0.001	0.001
0.001	0.997	0.001	0.001
0.019	0.952	0.001	0.028
0.001	0.001	0.001	0.997
0.001	0.001	0.056	0.942
>ATTTTTMCGTAA	18-ATTTTTMCGTAA	11.609778	-19.445263	0	T:14.0(12.39%),B:608.1(1.56%),P:1e-8	Tpos:423.1,Tstd:265.2,Bpos:508.7,Bstd:309.3,StrandBias:0.3,Multiplicity:1.21
0.901	0.001	0.001	0.097
0.124	0.001	0.001	0.874
0.001	0.001	0.001	0.997
0.001	0.001	0.001	0.997
0.001	0.179	0.126	0.694
0.001	0.113	0.001	0.885
0.489	0.509	0.001	0.001
0.001	0.997	0.001	0.001
0.001	0.326	0.525	0.148
0.009	0.001	0.124	0.866
0.899	0.001	0.001	0.099
0.608	0.001	0.259	0.132
>TTCCATTTTCTA	19-TTCCATTTTCTA	12.456175	-17.664211	0	T:15.0(13.27%),B:826.6(2.11%),P:1e-7	Tpos:510.9,Tstd:298.8,Bpos:506.7,Bstd:320.6,StrandBias:1.3,Multiplicity:1.13
0.001	0.001	0.001	0.997
0.001	0.001	0.001	0.997
0.001	0.867	0.082	0.050
0.001	0.997	0.001	0.001
0.866	0.132	0.001	0.001
0.058	0.001	0.097	0.844
0.001	0.001	0.001	0.997
0.001	0.001	0.001	0.997
0.001	0.117	0.001	0.881
0.001	0.832	0.108	0.059
0.041	0.001	0.001	0.957
0.816	0.057	0.074	0.053
>AAAATATACAGA	20-AAAATATACAGA	12.175132	-15.713565	0	T:13.0(11.50%),B:698.4(1.79%),P:1e-6	Tpos:649.6,Tstd:259.2,Bpos:490.0,Bstd:314.2,StrandBias:0.4,Multiplicity:1.23
0.997	0.001	0.001	0.001
0.997	0.001	0.001	0.001
0.639	0.165	0.131	0.065
0.987	0.011	0.001	0.001
0.001	0.001	0.001	0.997
0.746	0.142	0.070	0.042
0.001	0.069	0.001	0.929
0.993	0.001	0.001	0.005
0.001	0.874	0.070	0.055
0.997	0.001	0.001	0.001
0.167	0.001	0.630	0.202
0.659	0.086	0.081	0.174
>TAAAAACGCGCG	21-TAAAAACGCGCG	12.355432	-15.276195	0	T:3.0(2.65%),B:2.8(0.01%),P:1e-6	Tpos:868.0,Tstd:17.7,Bpos:397.9,Bstd:227.5,StrandBias:-1.0,Multiplicity:1.00
0.100	0.100	0.100	0.700
0.700	0.100	0.100	0.100
0.700	0.100	0.100	0.100
0.700	0.100	0.100	0.100
0.700	0.100	0.100	0.100
0.700	0.100	0.100	0.100
0.100	0.700	0.100	0.100
0.100	0.100	0.700	0.100
0.100	0.700	0.100	0.100
0.100	0.100	0.700	0.100
0.100	0.700	0.100	0.100
0.100	0.100	0.700	0.100
>TTCGAAACCDCC	22-TTCGAAACCDCC	12.910548	-15.081318	0	T:5.0(4.42%),B:43.9(0.11%),P:1e-6	Tpos:395.7,Tstd:98.3,Bpos:476.1,Bstd:306.6,StrandBias:2.3,Multiplicity:1.20
0.001	0.001	0.001	0.997
0.001	0.356	0.001	0.642
0.001	0.708	0.290	0.001
0.001	0.001	0.997	0.001
0.997	0.001	0.001	0.001
0.997	0.001	0.001	0.001
0.642	0.001	0.001	0.356
0.001	0.997	0.001	0.001
0.001	0.997	0.001	0.001
0.291	0.001	0.417	0.291
0.290	0.708	0.001	0.001
0.001	0.997	0.001	0.001
>AAAAAATCCATA	23-AAAAAATCCATA	13.956459	-6.876460	0	T:4.0(3.54%),B:150.0(0.38%),P:1e-2	Tpos:458.3,Tstd:273.6,Bpos:523.6,Bstd:297.5,StrandBias:-10.0,Multiplicity:3.00
0.832	0.001	0.086	0.081
0.997	0.001	0.001	0.001
0.997	0.001	0.001	0.001
0.997	0.001	0.001	0.001
0.997	0.001	0.001	0.001
0.997	0.001	0.001	0.001
0.001	0.001	0.001	0.997
0.001	0.997	0.001	0.001
0.001	0.997	0.001	0.001
0.913	0.085	0.001	0.001
0.001	0.001	0.001	0.997
0.997	0.001	0.001	0.001
>ATTHCSCAAATT	24-ATTHCSCAAATT	13.993867	-5.160612	0	T:3.0(2.65%),B:122.3(0.31%),P:1e-2	Tpos:746.3,Tstd:155.2,Bpos:490.1,Bstd:303.8,StrandBias:-1.0,Multiplicity:1.00
0.997	0.001	0.001	0.001
0.001	0.001	0.001	0.997
0.001	0.001	0.001	0.997
0.353	0.269	0.001	0.377
0.134	0.864	0.001	0.001
0.001	0.479	0.498	0.022
0.001	0.997	0.001	0.001
0.997	0.001	0.001	0.001
0.797	0.001	0.001	0.201
0.820	0.001	0.001	0.178
0.001	0.001	0.001	0.997
0.001	0.001	0.001	0.997
>AAAAATGCTGAA	25-AAAAATGCTGAA	12.694463	-2.419516	0	T:3.0(2.65%),B:362.5(0.93%),P:1e-1	Tpos:399.8,Tstd:224.0,Bpos:495.6,Bstd:281.0,StrandBias:3.8,Multiplicity:5.00
0.997	0.001	0.001	0.001
0.997	0.001	0.001	0.001
0.997	0.001	0.001	0.001
0.997	0.001	0.001	0.001
0.997	0.001	0.001	0.001
0.143	0.001	0.001	0.855
0.001	0.001	0.997	0.001
0.001	0.997	0.001	0.001
0.001	0.001	0.001	0.997
0.140	0.001	0.858	0.001
0.997	0.001	0.001	0.001
0.997	0.001	0.001	0.001
>TATCGATY	1-TATCGATY	7.787832	-40.367545	0	T:48.0(42.48%),B:4127.1(10.56%),P:1e-17	Tpos:639.2,Tstd:252.0,Bpos:557.5,Bstd:322.7,StrandBias:0.3,Multiplicity:1.25
0.003	0.001	0.073	0.923
0.997	0.001	0.001	0.001
0.001	0.001	0.184	0.814
0.087	0.681	0.005	0.227
0.001	0.139	0.859	0.001
0.723	0.136	0.001	0.140
0.153	0.253	0.001	0.593
0.001	0.459	0.087	0.453
>GRACGCTG	2-GRACGCTG	8.007906	-33.031939	0	T:25.0(22.12%),B:1156.3(2.96%),P:1e-14	Tpos:588.8,Tstd:288.9,Bpos:513.2,Bstd:344.2,StrandBias:-0.6,Multiplicity:1.20
0.004	0.186	0.580	0.230
0.484	0.096	0.372	0.047
0.906	0.067	0.026	0.001
0.001	0.997	0.001	0.001
0.001	0.144	0.788	0.067
0.001	0.927	0.001	0.071
0.101	0.033	0.090	0.776
0.001	0.415	0.583	0.001
>CTTGGTAC	3-CTTGGTAC	9.198520	-32.577058	0	T:22.0(19.47%),B:849.1(2.17%),P:1e-14	Tpos:496.7,Tstd:258.4,Bpos:459.8,Bstd:329.9,StrandBias:-0.4,Multiplicity:1.27
0.001	0.997	0.001	0.001
0.154	0.001	0.001	0.844
0.001	0.001	0.001	0.997
0.001	0.001	0.997	0.001
0.001	0.001	0.997	0.001
0.001	0.001	0.001	0.997
0.997	0.001	0.001	0.001
0.001	0.997	0.001	0.001
>AACGCTCG	4-AACGCTCG	8.071981	-25.885608	0	T:24.0(21.24%),B:1465.7(3.75%),P:1e-11	Tpos:696.0,Tstd:272.2,Bpos:518.6,Bstd:319.6,StrandBias:-0.8,Multiplicity:1.00
0.955	0.043	0.001	0.001
0.955	0.001	0.043	0.001
0.001	0.955	0.001	0.043
0.001	0.001	0.925	0.073
0.001	0.861	0.022	0.116
0.029	0.001	0.166	0.804
0.027	0.698	0.274	0.001
0.001	0.001	0.932	0.066
>GTGAATGA	5-GTGAATGA	8.240835	-21.862758	0	T:43.0(38.05%),B:5535.9(14.16%),P:1e-9	Tpos:534.6,Tstd:313.0,Bpos:526.7,Bstd:340.1,StrandBias:-1.4,Multiplicity:1.26
0.163	0.001	0.835	0.001
0.001	0.001	0.001	0.997
0.001	0.001	0.997	0.001
0.614	0.384	0.001	0.001
0.997	0.001	0.001	0.001
0.001	0.411	0.001	0.587
0.001	0.001	0.997	0.001
0.997	0.001	0.001	0.001
>GCCCCGCC	6-GCCCCGCC	7.266549	-18.151089	0	T:29.0(25.66%),B:3107.6(7.95%),P:1e-7	Tpos:567.3,Tstd:311.4,Bpos:559.3,Bstd:330.3,StrandBias:0.5,Multiplicity:1.31
0.001	0.253	0.695	0.051
0.001	0.844	0.108	0.047
0.001	0.918	0.001	0.080
0.001	0.997	0.001	0.001
0.001	0.997	0.001	0.001
0.001	0.001	0.997	0.001
0.001	0.910	0.001	0.088
0.028	0.613	0.117	0.242
>TCCGGATA	7-TCCGGATA	7.609067	-15.470604	0	T:29.0(25.66%),B:3520.3(9.00%),P:1e-6	Tpos:453.5,Tstd:279.7,Bpos:493.1,Bstd:319.4,StrandBias:0.1,Multiplicity:1.07
0.078	0.044	0.204	0.674
0.001	0.997	0.001	0.001
0.001	0.771	0.079	0.149
0.358	0.001	0.640	0.001
0.001	0.262	0.705	0.032
0.796	0.001	0.001	0.202
0.294	0.001	0.001	0.704
0.776	0.001	0.222	0.001
>ATAGGCGA	8-ATAGGCGA	7.865023	-14.272376	0	T:28.0(24.78%),B:3511.8(8.98%),P:1e-6	Tpos:527.6,Tstd:282.0,Bpos:527.4,Bstd:343.2,StrandBias:-0.5,Multiplicity:1.04
0.983	0.001	0.001	0.015
0.016	0.020	0.033	0.931
0.837	0.001	0.048	0.114
0.001	0.032	0.966	0.001
0.001	0.019	0.979	0.001
0.113	0.527	0.293	0.067
0.001	0.079	0.919	0.001
0.891	0.076	0.015	0.018
>GAGACGAT	9-GAGACGAT	7.887591	-14.264140	0	T:26.0(23.01%),B:3087.6(7.90%),P:1e-6	Tpos:548.4,Tstd:251.7,Bpos:508.2,Bstd:336.8,StrandBias:-0.8,Multiplicity:1.00
0.001	0.001	0.997	0.001
0.938	0.001	0.001	0.060
0.001	0.001	0.997	0.001
0.917	0.001	0.081	0.001
0.001	0.750	0.001	0.248
0.001	0.001	0.997	0.001
0.997	0.001	0.001	0.001
0.001	0.001	0.001	0.997
>TTAGTCGT	10-TTAGTCGT	8.210951	-13.281132	0	T:28.0(24.78%),B:3692.6(9.44%),P:1e-5	Tpos:600.9,Tstd:305.8,Bpos:517.4,Bstd:322.3,StrandBias:0.3,Multiplicity:1.04
0.001	0.001	0.001	0.997
0.001	0.001	0.001	0.997
0.997	0.001	0.001	0.001
0.001	0.001	0.903	0.095
0.001	0.001	0.001	0.997
0.001	0.602	0.001	0.396
0.001	0.001	0.997	0.001
0.001	0.001	0.001	0.997
>AAGTATAC	11-AAGTATAC	9.115655	-12.802404	0	T:23.0(20.35%),B:2704.7(6.92%),P:1e-5	Tpos:613.7,Tstd:227.9,Bpos:488.7,Bstd:325.5,StrandBias:0.9,Multiplicity:1.45
0.803	0.001	0.001	0.195
0.997	0.001	0.001	0.001
0.001	0.001	0.997	0.001
0.001	0.001	0.001	0.997
0.997	0.001	0.001	0.001
0.001	0.176	0.001	0.822
0.997	0.001	0.001	0.001
0.001	0.997	0.001	0.001
>CATGTACT	12-CATGTACT	8.008240	-11.909901	0	T:29.0(25.66%),B:4199.4(10.74%),P:1e-5	Tpos:481.4,Tstd:268.2,Bpos:504.4,Bstd:329.3,StrandBias:0.3,Multiplicity:1.07
0.001	0.617	0.381	0.001
0.576	0.001	0.422	0.001
0.001	0.001	0.001	0.997
0.001	0.001	0.997	0.001
0.001	0.001	0.001	0.997
0.867	0.001	0.001	0.131
0.001	0.997	0.001	0.001
0.001	0.001	0.001	0.997
>CTCAAGTA	13-CTCAAGTA	7.976868	-10.179865	0	T:35.0(30.97%),B:6136.0(15.69%),P:1e-4	Tpos:466.8,Tstd:274.3,Bpos:486.3,Bstd:323.0,StrandBias:-0.5,Multiplicity:1.33
0.198	0.744	0.001	0.057
0.319	0.001	0.001	0.679
0.343	0.655	0.001	0.001
0.805	0.001	0.012	0.182
0.950	0.048	0.001	0.001
0.230	0.001	0.768	0.001
0.122	0.001	0.001	0.876
0.981	0.017	0.001	0.001
>CMGGATGA	14-CMGGATGA	8.167350	-5.628481	0	T:12.0(10.62%),B:1682.4(4.30%),P:1e-2	Tpos:508.6,Tstd:262.2,Bpos:497.6,Bstd:333.1,StrandBias:0.1,Multiplicity:1.75
0.001	0.862	0.001	0.136
0.477	0.521	0.001	0.001
0.001	0.054	0.614	0.331
0.001	0.001	0.997	0.001
0.761	0.054	0.184	0.001
0.277	0.059	0.001	0.663
0.050	0.001	0.765	0.184
0.940	0.058	0.001	0.001
