>ATAGATCACT	1-ATAGATCACT	10.232615	-25.604165	0	T:13.0(19.40%),B:533.3(1.35%),P:1e-11	Tpos:467.1,Tstd:265.6,Bpos:485.1,Bstd:340.7,StrandBias:0.0,Multiplicity:1.08
0.997	0.001	0.001	0.001
0.061	0.001	0.001	0.937
0.858	0.001	0.088	0.053
0.001	0.072	0.926	0.001
0.997	0.001	0.001	0.001
0.001	0.131	0.001	0.867
0.001	0.997	0.001	0.001
0.997	0.001	0.001	0.001
0.051	0.602	0.001	0.346
0.001	0.001	0.110	0.888
>GAGGATKAGC	2-GAGGATKAGC	9.593018	-19.385864	0	T:12.0(17.91%),B:724.8(1.84%),P:1e-8	Tpos:608.5,Tstd:249.6,Bpos:503.5,Bstd:316.9,StrandBias:-2.6,Multiplicity:1.08
0.001	0.001	0.997	0.001
0.498	0.001	0.243	0.258
0.001	0.001	0.997	0.001
0.001	0.001	0.997	0.001
0.863	0.135	0.001	0.001
0.001	0.001	0.408	0.590
0.001	0.001	0.517	0.481
0.997	0.001	0.001	0.001
0.001	0.001	0.997	0.001
0.001	0.789	0.001	0.209
>AATTCAAGAC	3-AATTCAAGAC	10.148457	-16.953618	0	T:12.0(17.91%),B:906.8(2.30%),P:1e-7	Tpos:440.3,Tstd:272.5,Bpos:487.2,Bstd:305.5,StrandBias:1.0,Multiplicity:1.50
0.913	0.001	0.085	0.001
0.919	0.001	0.079	0.001
0.001	0.001	0.087	0.911
0.001	0.001	0.084	0.914
0.001	0.997	0.001	0.001
0.997	0.001	0.001	0.001
0.910	0.001	0.088	0.001
0.001	0.001	0.997	0.001
0.879	0.066	0.001	0.054
0.001	0.954	0.044	0.001
>TGATGACAAT	4-TGATGACAAT	11.498100	-16.415474	0	T:10.0(14.93%),B:595.0(1.51%),P:1e-7	Tpos:384.6,Tstd:268.8,Bpos:526.6,Bstd:331.4,StrandBias:0.6,Multiplicity:1.00
0.001	0.001	0.001	0.997
0.001	0.001	0.997	0.001
0.997	0.001	0.001	0.001
0.001	0.001	0.001	0.997
0.001	0.001	0.875	0.123
0.997	0.001	0.001	0.001
0.001	0.997	0.001	0.001
0.997	0.001	0.001	0.001
0.888	0.001	0.001	0.110
0.001	0.001	0.001	0.997
>CGATCTTTGA	5-CGATCTTTGA	10.049024	-15.576128	0	T:14.0(20.90%),B:1478.9(3.75%),P:1e-6	Tpos:422.9,Tstd:290.0,Bpos:510.6,Bstd:304.5,StrandBias:0.0,Multiplicity:1.23
0.001	0.942	0.001	0.056
0.152	0.001	0.846	0.001
0.852	0.001	0.146	0.001
0.001	0.001	0.104	0.894
0.069	0.817	0.001	0.113
0.001	0.001	0.001	0.997
0.001	0.001	0.001	0.997
0.001	0.001	0.001	0.997
0.120	0.001	0.878	0.001
0.860	0.138	0.001	0.001
>TGTCACATCA	6-TGTCACATCA	10.029992	-14.733297	0	T:12.0(17.91%),B:1117.3(2.84%),P:1e-6	Tpos:411.7,Tstd:183.9,Bpos:493.3,Bstd:325.5,StrandBias:1.5,Multiplicity:1.17
0.084	0.001	0.001	0.914
0.001	0.001	0.962	0.036
0.001	0.001	0.001	0.997
0.073	0.709	0.149	0.069
0.997	0.001	0.001	0.001
0.054	0.876	0.001	0.069
0.821	0.093	0.085	0.001
0.078	0.001	0.001	0.920
0.067	0.859	0.001	0.073
0.997	0.001	0.001	0.001
>GTTAGTTCCT	7-GTTAGTTCCT	11.000443	-13.622294	0	T:6.0(8.96%),B:194.5(0.49%),P:1e-5	Tpos:647.9,Tstd:219.1,Bpos:479.5,Bstd:323.6,StrandBias:0.0,Multiplicity:1.33
0.121	0.001	0.877	0.001
0.156	0.001	0.001	0.842
0.001	0.001	0.001	0.997
0.997	0.001	0.001	0.001
0.115	0.001	0.883	0.001
0.001	0.195	0.001	0.803
0.001	0.001	0.001	0.997
0.001	0.869	0.129	0.001
0.001	0.997	0.001	0.001
0.142	0.001	0.001	0.856
>CTAGATTCTT	8-CTAGATTCTT	9.533404	-13.209108	0	T:10.0(14.93%),B:849.7(2.16%),P:1e-5	Tpos:568.1,Tstd:274.3,Bpos:506.2,Bstd:319.4,StrandBias:-2.1,Multiplicity:1.50
0.001	0.997	0.001	0.001
0.001	0.001	0.001	0.997
0.997	0.001	0.001	0.001
0.001	0.009	0.989	0.001
0.807	0.191	0.001	0.001
0.231	0.293	0.001	0.475
0.001	0.001	0.001	0.997
0.001	0.909	0.089	0.001
0.001	0.001	0.001	0.997
0.183	0.001	0.001	0.815
>AGGCTGCCTA	9-AGGCTGCCTA	7.727029	-12.777155	0	T:11.0(16.42%),B:1112.9(2.82%),P:1e-5	Tpos:518.8,Tstd:327.0,Bpos:517.3,Bstd:306.3,StrandBias:0.7,Multiplicity:1.18
0.907	0.049	0.001	0.043
0.092	0.064	0.778	0.066
0.145	0.058	0.755	0.042
0.136	0.819	0.001	0.044
0.112	0.058	0.164	0.666
0.047	0.169	0.749	0.035
0.097	0.790	0.064	0.049
0.102	0.845	0.052	0.001
0.075	0.098	0.001	0.826
0.880	0.001	0.118	0.001
>AACATTATTG	10-AACATTATTG	9.647246	-11.399552	0	T:14.0(20.90%),B:2116.6(5.37%),P:1e-4	Tpos:533.5,Tstd:320.7,Bpos:513.8,Bstd:314.7,StrandBias:-0.5,Multiplicity:1.57
0.814	0.001	0.099	0.086
0.754	0.176	0.001	0.069
0.001	0.797	0.001	0.201
0.997	0.001	0.001	0.001
0.001	0.001	0.082	0.916
0.001	0.001	0.071	0.927
0.747	0.168	0.084	0.001
0.001	0.001	0.001	0.997
0.001	0.001	0.409	0.589
0.001	0.064	0.888	0.047
>CTACATATAC	11-CTACATATAC	11.453027	-11.072392	0	T:5.0(7.46%),B:178.5(0.45%),P:1e-4	Tpos:493.3,Tstd:303.4,Bpos:521.2,Bstd:348.4,StrandBias:0.3,Multiplicity:1.80
0.001	0.997	0.001	0.001
0.001	0.001	0.001	0.997
0.997	0.001	0.001	0.001
0.001	0.892	0.001	0.106
0.997	0.001	0.001	0.001
0.001	0.001	0.001	0.997
0.868	0.001	0.130	0.001
0.001	0.001	0.001	0.997
0.997	0.001	0.001	0.001
0.001	0.997	0.001	0.001
>CCAGAATTCC	12-CCAGAATTCC	11.210557	-8.940917	0	T:4.0(5.97%),B:147.1(0.37%),P:1e-3	Tpos:462.2,Tstd:200.3,Bpos:518.5,Bstd:320.3,StrandBias:1.0,Multiplicity:1.50
0.001	0.997	0.001	0.001
0.001	0.987	0.001	0.011
0.682	0.023	0.294	0.001
0.001	0.001	0.636	0.362
0.997	0.001	0.001	0.001
0.997	0.001	0.001	0.001
0.001	0.304	0.001	0.694
0.001	0.001	0.328	0.670
0.001	0.732	0.001	0.266
0.001	0.997	0.001	0.001
>CCATAAACAG	13-CCATAAACAG	8.350283	-8.171260	0	T:11.0(16.42%),B:1852.3(4.70%),P:1e-3	Tpos:563.3,Tstd:292.6,Bpos:504.1,Bstd:314.8,StrandBias:1.0,Multiplicity:1.09
0.100	0.700	0.100	0.100
0.100	0.700	0.100	0.100
0.700	0.100	0.100	0.100
0.100	0.100	0.100	0.700
0.700	0.100	0.100	0.100
0.700	0.100	0.100	0.100
0.700	0.100	0.100	0.100
0.100	0.700	0.100	0.100
0.700	0.100	0.100	0.100
0.100	0.100	0.700	0.100
>ACCCCTGTAG	14-ACCCCTGTAG	10.296193	-8.132077	0	T:2.0(2.99%),B:13.8(0.04%),P:1e-3	Tpos:473.0,Tstd:251.6,Bpos:373.3,Bstd:292.0,StrandBias:10.0,Multiplicity:3.00
0.700	0.100	0.100	0.100
0.100	0.700	0.100	0.100
0.100	0.700	0.100	0.100
0.100	0.700	0.100	0.100
0.100	0.700	0.100	0.100
0.100	0.100	0.100	0.700
0.100	0.100	0.700	0.100
0.100	0.100	0.100	0.700
0.700	0.100	0.100	0.100
0.100	0.100	0.700	0.100
>GCGTTCGGGG	15-GCGTTCGGGG	12.196391	-6.938408	0	T:2.0(2.99%),B:25.5(0.06%),P:1e-3	Tpos:749.3,Tstd:124.8,Bpos:404.2,Bstd:274.2,StrandBias:-1.0,Multiplicity:1.50
0.001	0.001	0.997	0.001
0.001	0.997	0.001	0.001
0.001	0.001	0.748	0.250
0.001	0.001	0.001	0.997
0.324	0.001	0.001	0.674
0.001	0.997	0.001	0.001
0.001	0.001	0.997	0.001
0.001	0.001	0.796	0.202
0.001	0.001	0.997	0.001
0.001	0.001	0.997	0.001
>TTGTACCTAG	16-TTGTACCTAG	10.296193	-5.965558	0	T:2.0(2.99%),B:42.4(0.11%),P:1e-2	Tpos:465.2,Tstd:222.0,Bpos:504.2,Bstd:350.5,StrandBias:-2.3,Multiplicity:3.00
0.100	0.100	0.100	0.700
0.100	0.100	0.100	0.700
0.100	0.100	0.700	0.100
0.100	0.100	0.100	0.700
0.700	0.100	0.100	0.100
0.100	0.700	0.100	0.100
0.100	0.700	0.100	0.100
0.100	0.100	0.100	0.700
0.700	0.100	0.100	0.100
0.100	0.100	0.700	0.100
>AGTCAGGTTA	17-AGTCAGGTTA	10.296193	-3.558522	0	T:1.0(1.49%),B:16.2(0.04%),P:1e-1	Tpos:514.5,Tstd:58.7,Bpos:612.7,Bstd:259.0,StrandBias:10.0,Multiplicity:12.00
0.700	0.100	0.100	0.100
0.100	0.100	0.700	0.100
0.100	0.100	0.100	0.700
0.100	0.700	0.100	0.100
0.700	0.100	0.100	0.100
0.100	0.100	0.700	0.100
0.100	0.100	0.700	0.100
0.100	0.100	0.100	0.700
0.100	0.100	0.100	0.700
0.700	0.100	0.100	0.100
>TTCAGACGCG	18-TTCAGACGCG	10.296193	-3.141129	0	T:1.0(1.49%),B:25.6(0.06%),P:1e-1	Tpos:425.0,Tstd:237.6,Bpos:493.6,Bstd:305.4,StrandBias:-10.0,Multiplicity:5.00
0.100	0.100	0.100	0.700
0.100	0.100	0.100	0.700
0.100	0.700	0.100	0.100
0.700	0.100	0.100	0.100
0.100	0.100	0.700	0.100
0.700	0.100	0.100	0.100
0.100	0.700	0.100	0.100
0.100	0.100	0.700	0.100
0.100	0.700	0.100	0.100
0.100	0.100	0.700	0.100
>GTTATACTAAAA	1-GTTATACTAAAA	12.318825	-26.006187	0	T:10.0(14.93%),B:213.2(0.54%),P:1e-11	Tpos:447.4,Tstd:258.1,Bpos:532.5,Bstd:330.4,StrandBias:-0.3,Multiplicity:1.10
0.001	0.001	0.997	0.001
0.335	0.125	0.001	0.539
0.001	0.001	0.001	0.997
0.997	0.001	0.001	0.001
0.001	0.001	0.001	0.997
0.997	0.001	0.001	0.001
0.092	0.540	0.367	0.001
0.001	0.124	0.001	0.874
0.886	0.001	0.112	0.001
0.850	0.148	0.001	0.001
0.874	0.001	0.124	0.001
0.839	0.001	0.001	0.159
>GTTCTATTAACA	2-GTTCTATTAACA	14.457847	-23.676687	0	T:5.0(7.46%),B:11.8(0.03%),P:1e-10	Tpos:677.6,Tstd:267.8,Bpos:409.3,Bstd:216.0,StrandBias:-0.6,Multiplicity:1.00
0.001	0.001	0.997	0.001
0.001	0.001	0.001	0.997
0.001	0.001	0.001	0.997
0.001	0.997	0.001	0.001
0.001	0.001	0.001	0.997
0.769	0.229	0.001	0.001
0.001	0.001	0.001	0.997
0.001	0.001	0.001	0.997
0.577	0.001	0.229	0.193
0.997	0.001	0.001	0.001
0.117	0.881	0.001	0.001
0.997	0.001	0.001	0.001
>AGTCATTTTTGC	3-AGTCATTTTTGC	14.283907	-22.926550	0	T:7.0(10.45%),B:76.6(0.19%),P:1e-9	Tpos:414.9,Tstd:301.1,Bpos:488.9,Bstd:298.8,StrandBias:0.4,Multiplicity:1.00
0.997	0.001	0.001	0.001
0.001	0.001	0.997	0.001
0.001	0.001	0.001	0.997
0.001	0.844	0.001	0.154
0.997	0.001	0.001	0.001
0.001	0.001	0.205	0.793
0.001	0.001	0.001	0.997
0.001	0.001	0.001	0.997
0.001	0.001	0.001	0.997
0.214	0.001	0.001	0.784
0.001	0.001	0.719	0.279
0.001	0.997	0.001	0.001
>NCTCATAGATYA	4-NCTCATAGATYA	11.351135	-22.431999	0	T:9.0(13.43%),B:217.7(0.55%),P:1e-9	Tpos:464.4,Tstd:294.9,Bpos:522.8,Bstd:349.4,StrandBias:-1.8,Multiplicity:1.00
0.258	0.196	0.307	0.239
0.200	0.798	0.001	0.001
0.237	0.001	0.001	0.761
0.001	0.761	0.237	0.001
0.997	0.001	0.001	0.001
0.001	0.257	0.001	0.741
0.997	0.001	0.001	0.001
0.001	0.001	0.997	0.001
0.739	0.001	0.259	0.001
0.001	0.001	0.001	0.997
0.001	0.545	0.001	0.453
0.997	0.001	0.001	0.001
>TTTTACTCAAAG	5-TTTTACTCAAAG	12.098875	-21.399970	0	T:9.0(13.43%),B:245.8(0.62%),P:1e-9	Tpos:402.8,Tstd:340.5,Bpos:517.3,Bstd:273.9,StrandBias:0.3,Multiplicity:1.00
0.001	0.001	0.001	0.997
0.001	0.240	0.001	0.758
0.001	0.001	0.001	0.997
0.001	0.001	0.001	0.997
0.780	0.135	0.001	0.084
0.001	0.997	0.001	0.001
0.001	0.001	0.001	0.997
0.129	0.755	0.115	0.001
0.997	0.001	0.001	0.001
0.997	0.001	0.001	0.001
0.831	0.001	0.001	0.167
0.001	0.001	0.997	0.001
>CTATAATAGCBC	6-CTATAATAGCBC	9.763103	-19.806436	0	T:6.0(8.96%),B:65.3(0.17%),P:1e-8	Tpos:684.3,Tstd:251.8,Bpos:586.5,Bstd:329.2,StrandBias:0.0,Multiplicity:1.00
0.001	0.997	0.001	0.001
0.016	0.001	0.013	0.970
0.997	0.001	0.001	0.001
0.001	0.001	0.001	0.997
0.997	0.001	0.001	0.001
0.677	0.321	0.001	0.001
0.012	0.001	0.405	0.582
0.997	0.001	0.001	0.001
0.001	0.001	0.997	0.001
0.001	0.997	0.001	0.001
0.001	0.361	0.260	0.378
0.001	0.638	0.001	0.360
>ACGAAAAGACAT	7-ACGAAAAGACAT	14.192063	-18.316722	0	T:5.0(7.46%),B:38.2(0.10%),P:1e-7	Tpos:576.2,Tstd:210.2,Bpos:447.8,Bstd:298.2,StrandBias:-0.6,Multiplicity:1.00
0.997	0.001	0.001	0.001
0.173	0.825	0.001	0.001
0.180	0.001	0.818	0.001
0.997	0.001	0.001	0.001
0.997	0.001	0.001	0.001
0.726	0.001	0.272	0.001
0.997	0.001	0.001	0.001
0.001	0.001	0.997	0.001
0.997	0.001	0.001	0.001
0.132	0.866	0.001	0.001
0.997	0.001	0.001	0.001
0.001	0.001	0.001	0.997
>GAWGACAATTTA	8-GAWGACAATTTA	13.453910	-18.035155	0	T:6.0(8.96%),B:89.2(0.23%),P:1e-7	Tpos:290.0,Tstd:316.1,Bpos:555.4,Bstd:319.8,StrandBias:0.0,Multiplicity:1.00
0.001	0.001	0.997	0.001
0.997	0.001	0.001	0.001
0.467	0.001	0.001	0.531
0.001	0.001	0.997	0.001
0.532	0.257	0.001	0.210
0.001	0.997	0.001	0.001
0.997	0.001	0.001	0.001
0.997	0.001	0.001	0.001
0.001	0.001	0.001	0.997
0.001	0.001	0.001	0.997
0.001	0.151	0.001	0.847
0.997	0.001	0.001	0.001
>CTAGAAAACACT	9-CTAGAAAACACT	11.188864	-17.714022	0	T:11.0(16.42%),B:671.7(1.70%),P:1e-7	Tpos:505.6,Tstd:302.4,Bpos:480.2,Bstd:308.1,StrandBias:-0.5,Multiplicity:1.09
0.102	0.639	0.255	0.004
0.001	0.001	0.075	0.923
0.720	0.202	0.001	0.077
0.004	0.001	0.994	0.001
0.993	0.005	0.001	0.001
0.661	0.159	0.179	0.001
0.997	0.001	0.001	0.001
0.997	0.001	0.001	0.001
0.001	0.921	0.001	0.077
0.733	0.103	0.001	0.163
0.152	0.746	0.001	0.101
0.304	0.001	0.001	0.694
>ATTCCTAGATAG	10-ATTCCTAGATAG	11.433360	-17.153076	0	T:6.0(8.96%),B:104.2(0.26%),P:1e-7	Tpos:666.4,Tstd:302.1,Bpos:531.9,Bstd:313.5,StrandBias:1.6,Multiplicity:1.33
0.754	0.001	0.244	0.001
0.216	0.216	0.001	0.567
0.001	0.001	0.215	0.783
0.001	0.997	0.001	0.001
0.001	0.997	0.001	0.001
0.001	0.216	0.002	0.781
0.820	0.001	0.001	0.178
0.028	0.001	0.970	0.001
0.750	0.001	0.002	0.247
0.001	0.192	0.001	0.806
0.642	0.001	0.001	0.356
0.002	0.341	0.656	0.001
>CATAAACACTAC	11-CATAAACACTAC	11.178007	-16.248204	0	T:10.0(14.93%),B:605.2(1.54%),P:1e-7	Tpos:482.5,Tstd:284.2,Bpos:508.8,Bstd:305.4,StrandBias:-0.3,Multiplicity:1.10
0.001	0.900	0.001	0.098
0.997	0.001	0.001	0.001
0.234	0.099	0.083	0.584
0.811	0.089	0.099	0.001
0.895	0.103	0.001	0.001
0.891	0.001	0.001	0.107
0.001	0.994	0.004	0.001
0.997	0.001	0.001	0.001
0.286	0.528	0.099	0.087
0.242	0.001	0.001	0.756
0.997	0.001	0.001	0.001
0.004	0.663	0.174	0.159
>TATCAGTGATCT	12-TATCAGTGATCT	13.742118	-15.748781	0	T:5.0(7.46%),B:66.9(0.17%),P:1e-6	Tpos:700.0,Tstd:220.1,Bpos:596.7,Bstd:323.0,StrandBias:0.0,Multiplicity:1.20
0.001	0.001	0.001	0.997
0.997	0.001	0.001	0.001
0.001	0.001	0.001	0.997
0.001	0.997	0.001	0.001
0.997	0.001	0.001	0.001
0.001	0.001	0.799	0.199
0.001	0.001	0.001	0.997
0.147	0.001	0.851	0.001
0.997	0.001	0.001	0.001
0.001	0.001	0.001	0.997
0.127	0.871	0.001	0.001
0.127	0.215	0.001	0.657
>ATTCTAGATTST	13-ATTCTAGATTST	12.014059	-15.001354	0	T:6.0(8.96%),B:152.1(0.39%),P:1e-6	Tpos:456.5,Tstd:184.2,Bpos:477.9,Bstd:261.4,StrandBias:-2.0,Multiplicity:1.67
0.876	0.001	0.122	0.001
0.001	0.001	0.001	0.997
0.001	0.001	0.001	0.997
0.001	0.997	0.001	0.001
0.001	0.001	0.001	0.997
0.876	0.001	0.122	0.001
0.001	0.128	0.720	0.151
0.876	0.001	0.001	0.122
0.151	0.001	0.299	0.549
0.001	0.001	0.301	0.697
0.162	0.383	0.454	0.001
0.001	0.001	0.001	0.997
>CATAKACCTGTT	14-CATAKACCTGTT	11.621094	-14.367937	0	T:6.0(8.96%),B:170.8(0.43%),P:1e-6	Tpos:475.6,Tstd:286.9,Bpos:510.9,Bstd:302.6,StrandBias:0.6,Multiplicity:1.67
0.185	0.813	0.001	0.001
0.997	0.001	0.001	0.001
0.001	0.001	0.001	0.997
0.997	0.001	0.001	0.001
0.001	0.001	0.515	0.483
0.997	0.001	0.001	0.001
0.257	0.741	0.001	0.001
0.001	0.741	0.257	0.001
0.001	0.001	0.001	0.997
0.258	0.186	0.555	0.001
0.001	0.001	0.257	0.741
0.001	0.001	0.001	0.997
>TTACTTTGTTYT	15-TTACTTTGTTYT	12.766548	-14.269042	0	T:6.0(8.96%),B:173.2(0.44%),P:1e-6	Tpos:587.6,Tstd:193.4,Bpos:451.9,Bstd:325.0,StrandBias:0.4,Multiplicity:1.17
0.325	0.001	0.001	0.673
0.075	0.001	0.001	0.923
0.997	0.001	0.001	0.001
0.001	0.997	0.001	0.001
0.001	0.001	0.001	0.997
0.001	0.001	0.001	0.997
0.001	0.001	0.001	0.997
0.001	0.001	0.997	0.001
0.001	0.001	0.001	0.997
0.001	0.001	0.001	0.997
0.001	0.573	0.001	0.425
0.001	0.001	0.001	0.997
>GGAATTCAAGAC	16-GGAATTCAAGAC	11.131886	-13.936784	0	T:10.0(14.93%),B:782.0(1.99%),P:1e-6	Tpos:406.9,Tstd:291.8,Bpos:469.8,Bstd:300.4,StrandBias:0.4,Multiplicity:1.40
0.146	0.001	0.852	0.001
0.316	0.001	0.682	0.001
0.997	0.001	0.001	0.001
0.608	0.001	0.147	0.244
0.001	0.137	0.175	0.687
0.001	0.001	0.141	0.857
0.001	0.997	0.001	0.001
0.997	0.001	0.001	0.001
0.997	0.001	0.001	0.001
0.239	0.001	0.637	0.123
0.857	0.001	0.001	0.141
0.122	0.876	0.001	0.001
>GGTCGGTGGAGG	17-GGTCGGTGGAGG	14.634102	-13.797719	0	T:3.0(4.48%),B:10.0(0.03%),P:1e-5	Tpos:494.2,Tstd:439.2,Bpos:463.6,Bstd:402.3,StrandBias:1.6,Multiplicity:1.33
0.239	0.001	0.544	0.216
0.001	0.001	0.997	0.001
0.001	0.001	0.001	0.997
0.001	0.997	0.001	0.001
0.001	0.001	0.742	0.256
0.001	0.001	0.997	0.001
0.001	0.001	0.001	0.997
0.001	0.001	0.997	0.001
0.001	0.001	0.997	0.001
0.997	0.001	0.001	0.001
0.001	0.001	0.997	0.001
0.001	0.001	0.997	0.001
>CCWGWAGMKSGW	18-CCWGWAGMKSGW	12.558670	-12.771764	0	T:2.0(2.99%),B:0.6(0.00%),P:1e-5	Tpos:461.2,Tstd:235.6,Bpos:189.0,Bstd:0.0,StrandBias:2.3,Multiplicity:3.00
0.001	0.952	0.001	0.046
0.001	0.949	0.049	0.001
0.460	0.001	0.001	0.538
0.001	0.001	0.997	0.001
0.487	0.001	0.001	0.511
0.997	0.001	0.001	0.001
0.001	0.001	0.997	0.001
0.487	0.511	0.001	0.001
0.001	0.001	0.541	0.457
0.001	0.486	0.512	0.001
0.001	0.001	0.952	0.046
0.435	0.001	0.001	0.563
>TGATATCTAGGY	19-TGATATCTAGGY	12.823251	-12.675335	0	T:3.0(4.48%),B:14.7(0.04%),P:1e-5	Tpos:451.4,Tstd:238.7,Bpos:479.2,Bstd:299.9,StrandBias:10.0,Multiplicity:2.33
0.001	0.001	0.079	0.919
0.001	0.001	0.997	0.001
0.997	0.001	0.001	0.001
0.001	0.001	0.001	0.997
0.997	0.001	0.001	0.001
0.001	0.001	0.001	0.997
0.001	0.997	0.001	0.001
0.403	0.001	0.001	0.595
0.997	0.001	0.001	0.001
0.001	0.001	0.997	0.001
0.001	0.001	0.997	0.001
0.001	0.515	0.001	0.483
>GTTTTGTTAGAT	20-GTTTTGTTAGAT	13.310972	-11.587081	0	T:6.0(8.96%),B:279.5(0.71%),P:1e-5	Tpos:523.9,Tstd:255.2,Bpos:502.1,Bstd:309.2,StrandBias:-3.0,Multiplicity:1.50
0.145	0.001	0.672	0.182
0.001	0.001	0.001	0.997
0.001	0.001	0.001	0.997
0.001	0.001	0.001	0.997
0.001	0.001	0.286	0.712
0.001	0.001	0.997	0.001
0.333	0.001	0.001	0.665
0.001	0.001	0.001	0.997
0.997	0.001	0.001	0.001
0.282	0.001	0.716	0.001
0.818	0.001	0.001	0.180
0.001	0.001	0.001	0.997
>GTTTTTCTGTGC	21-GTTTTTCTGTGC	13.700007	-9.610389	0	T:4.0(5.97%),B:123.5(0.31%),P:1e-4	Tpos:482.1,Tstd:244.4,Bpos:525.1,Bstd:306.5,StrandBias:10.0,Multiplicity:2.00
0.001	0.001	0.997	0.001
0.001	0.001	0.001	0.997
0.001	0.001	0.001	0.997
0.001	0.001	0.001	0.997
0.001	0.001	0.001	0.997
0.001	0.001	0.001	0.997
0.001	0.610	0.001	0.388
0.001	0.001	0.001	0.997
0.001	0.001	0.868	0.130
0.001	0.001	0.001	0.997
0.001	0.164	0.688	0.147
0.001	0.997	0.001	0.001
>TTGGAATTATGG	22-TTGGAATTATGG	12.355432	-8.593091	0	T:2.0(2.99%),B:10.2(0.03%),P:1e-3	Tpos:462.5,Tstd:240.2,Bpos:569.8,Bstd:383.6,StrandBias:-10.0,Multiplicity:2.00
0.100	0.100	0.100	0.700
0.100	0.100	0.100	0.700
0.100	0.100	0.700	0.100
0.100	0.100	0.700	0.100
0.700	0.100	0.100	0.100
0.700	0.100	0.100	0.100
0.100	0.100	0.100	0.700
0.100	0.100	0.100	0.700
0.700	0.100	0.100	0.100
0.100	0.100	0.100	0.700
0.100	0.100	0.700	0.100
0.100	0.100	0.700	0.100
>GCAGTCAGGTTA	23-GCAGTCAGGTTA	12.355432	-6.378376	0	T:1.0(1.49%),B:0.0(0.00%),P:1e-2	Tpos:513.5,Tstd:58.7,Bpos:0.0,Bstd:0.0,StrandBias:10.0,Multiplicity:12.00
0.100	0.100	0.700	0.100
0.100	0.700	0.100	0.100
0.700	0.100	0.100	0.100
0.100	0.100	0.700	0.100
0.100	0.100	0.100	0.700
0.100	0.700	0.100	0.100
0.700	0.100	0.100	0.100
0.100	0.100	0.700	0.100
0.100	0.100	0.700	0.100
0.100	0.100	0.100	0.700
0.100	0.100	0.100	0.700
0.700	0.100	0.100	0.100
>AATATTATTGGT	24-AATATTATTGGT	12.355432	-2.908532	0	T:1.0(1.49%),B:32.6(0.08%),P:1e-1	Tpos:461.0,Tstd:237.6,Bpos:399.4,Bstd:268.8,StrandBias:-10.0,Multiplicity:5.00
0.700	0.100	0.100	0.100
0.700	0.100	0.100	0.100
0.100	0.100	0.100	0.700
0.700	0.100	0.100	0.100
0.100	0.100	0.100	0.700
0.100	0.100	0.100	0.700
0.700	0.100	0.100	0.100
0.100	0.100	0.100	0.700
0.100	0.100	0.100	0.700
0.100	0.100	0.700	0.100
0.100	0.100	0.700	0.100
0.100	0.100	0.100	0.700
>TGGTCKAT	1-TGGTCKAT	8.686977	-16.320911	0	T:20.0(29.85%),B:3011.9(7.65%),P:1e-7	Tpos:434.4,Tstd:265.0,Bpos:495.4,Bstd:323.2,StrandBias:0.0,Multiplicity:1.16
0.001	0.001	0.001	0.997
0.001	0.001	0.997	0.001
0.232	0.001	0.766	0.001
0.001	0.001	0.278	0.720
0.001	0.997	0.001	0.001
0.001	0.001	0.431	0.567
0.997	0.001	0.001	0.001
0.001	0.001	0.001	0.997
>SCGTCAGG	2-SCGTCAGG	7.991565	-10.425544	0	T:11.0(16.42%),B:1433.8(3.64%),P:1e-4	Tpos:589.9,Tstd:157.5,Bpos:496.5,Bstd:311.3,StrandBias:0.9,Multiplicity:2.09
0.001	0.551	0.447	0.001
0.156	0.842	0.001	0.001
0.001	0.002	0.996	0.001
0.001	0.001	0.080	0.918
0.001	0.997	0.001	0.001
0.719	0.124	0.001	0.156
0.001	0.001	0.803	0.195
0.001	0.001	0.997	0.001
>GATCACTG	3-GATCACTG	8.236954	-9.274996	0	T:8.0(11.94%),B:840.2(2.13%),P:1e-4	Tpos:583.9,Tstd:253.2,Bpos:501.3,Bstd:322.4,StrandBias:1.2,Multiplicity:1.25
0.100	0.100	0.700	0.100
0.700	0.100	0.100	0.100
0.100	0.100	0.100	0.700
0.100	0.700	0.100	0.100
0.700	0.100	0.100	0.100
0.100	0.700	0.100	0.100
0.100	0.100	0.100	0.700
0.100	0.100	0.700	0.100
>ATTCAAGA	4-ATTCAAGA	7.363599	-9.156801	0	T:29.0(43.28%),B:8778.9(22.28%),P:1e-3	Tpos:523.3,Tstd:267.4,Bpos:492.5,Bstd:308.9,StrandBias:0.0,Multiplicity:1.59
0.997	0.001	0.001	0.001
0.001	0.001	0.001	0.997
0.001	0.001	0.001	0.997
0.001	0.997	0.001	0.001
0.766	0.001	0.001	0.232
0.804	0.079	0.116	0.001
0.001	0.001	0.997	0.001
0.867	0.131	0.001	0.001
>CAGACCCG	5-CAGACCCG	9.051505	-6.845384	0	T:6.0(8.96%),B:676.3(1.72%),P:1e-2	Tpos:344.3,Tstd:257.0,Bpos:508.8,Bstd:337.2,StrandBias:0.0,Multiplicity:1.00
0.001	0.997	0.001	0.001
0.669	0.329	0.001	0.001
0.001	0.001	0.997	0.001
0.997	0.001	0.001	0.001
0.001	0.997	0.001	0.001
0.001	0.837	0.161	0.001
0.001	0.997	0.001	0.001
0.001	0.236	0.522	0.241
>TACAGTAA	6-TACAGTAA	7.992887	-6.696148	0	T:25.0(37.31%),B:8115.4(20.60%),P:1e-2	Tpos:515.3,Tstd:277.6,Bpos:499.1,Bstd:319.5,StrandBias:-0.9,Multiplicity:1.84
0.001	0.001	0.078	0.920
0.997	0.001	0.001	0.001
0.001	0.735	0.001	0.263
0.997	0.001	0.001	0.001
0.001	0.001	0.905	0.093
0.001	0.001	0.001	0.997
0.997	0.001	0.001	0.001
0.881	0.001	0.001	0.117
>AAATGGAT	7-AAATGGAT	8.236954	-5.784118	0	T:12.0(17.91%),B:2866.7(7.28%),P:1e-2	Tpos:493.7,Tstd:284.1,Bpos:483.9,Bstd:312.9,StrandBias:0.2,Multiplicity:1.42
0.700	0.100	0.100	0.100
0.700	0.100	0.100	0.100
0.700	0.100	0.100	0.100
0.100	0.100	0.100	0.700
0.100	0.100	0.700	0.100
0.100	0.100	0.700	0.100
0.700	0.100	0.100	0.100
0.100	0.100	0.100	0.700
>CCCTGTAG	8-CCCTGTAG	8.638904	-4.863866	0	T:4.0(5.97%),B:455.0(1.15%),P:1e-2	Tpos:401.2,Tstd:265.6,Bpos:507.2,Bstd:328.7,StrandBias:2.8,Multiplicity:2.00
0.001	0.997	0.001	0.001
0.001	0.997	0.001	0.001
0.001	0.997	0.001	0.001
0.001	0.001	0.001	0.997
0.001	0.001	0.997	0.001
0.001	0.001	0.001	0.997
0.910	0.001	0.088	0.001
0.001	0.001	0.997	0.001
>CTAGGTAC	9-CTAGGTAC	7.788887	-4.861920	0	T:8.0(11.94%),B:1683.3(4.27%),P:1e-2	Tpos:484.3,Tstd:255.7,Bpos:493.6,Bstd:315.5,StrandBias:1.2,Multiplicity:1.62
0.001	0.997	0.001	0.001
0.001	0.001	0.267	0.731
0.662	0.315	0.022	0.001
0.001	0.001	0.997	0.001
0.001	0.219	0.779	0.001
0.001	0.001	0.356	0.642
0.985	0.013	0.001	0.001
0.001	0.997	0.001	0.001
