>ATAGATCACT	1-ATAGATCACT	10.232615	-25.604165	0	T:13.0(19.40%),B:533.3(1.35%),P:1e-11	Tpos:467.1,Tstd:265.6,Bpos:485.1,Bstd:340.7,StrandBias:0.0,Multiplicity:1.08
0.997	0.001	0.001	0.001
0.061	0.001	0.001	0.937
0.858	0.001	0.088	0.053
0.001	0.072	0.926	0.001
0.997	0.001	0.001	0.001
0.001	0.131	0.001	0.867
0.001	0.997	0.001	0.001
0.997	0.001	0.001	0.001
0.051	0.602	0.001	0.346
0.001	0.001	0.110	0.888
>GAGGATKAGC	2-GAGGATKAGC	9.593018	-19.385864	0	T:12.0(17.91%),B:724.8(1.84%),P:1e-8	Tpos:608.5,Tstd:249.6,Bpos:503.5,Bstd:316.9,StrandBias:-2.6,Multiplicity:1.08
0.001	0.001	0.997	0.001
0.498	0.001	0.243	0.258
0.001	0.001	0.997	0.001
0.001	0.001	0.997	0.001
0.863	0.135	0.001	0.001
0.001	0.001	0.408	0.590
0.001	0.001	0.517	0.481
0.997	0.001	0.001	0.001
0.001	0.001	0.997	0.001
0.001	0.789	0.001	0.209
>AATTCAAGAC	3-AATTCAAGAC	10.148457	-16.953618	0	T:12.0(17.91%),B:906.8(2.30%),P:1e-7	Tpos:440.3,Tstd:272.5,Bpos:487.2,Bstd:305.5,StrandBias:1.0,Multiplicity:1.50
0.913	0.001	0.085	0.001
0.919	0.001	0.079	0.001
0.001	0.001	0.087	0.911
0.001	0.001	0.084	0.914
0.001	0.997	0.001	0.001
0.997	0.001	0.001	0.001
0.910	0.001	0.088	0.001
0.001	0.001	0.997	0.001
0.879	0.066	0.001	0.054
0.001	0.954	0.044	0.001
>TGATGACAAT	4-TGATGACAAT	11.498100	-16.415474	0	T:10.0(14.93%),B:595.0(1.51%),P:1e-7	Tpos:384.6,Tstd:268.8,Bpos:526.6,Bstd:331.4,StrandBias:0.6,Multiplicity:1.00
0.001	0.001	0.001	0.997
0.001	0.001	0.997	0.001
0.997	0.001	0.001	0.001
0.001	0.001	0.001	0.997
0.001	0.001	0.875	0.123
0.997	0.001	0.001	0.001
0.001	0.997	0.001	0.001
0.997	0.001	0.001	0.001
0.888	0.001	0.001	0.110
0.001	0.001	0.001	0.997
>CGATCTTTGA	5-CGATCTTTGA	10.049024	-15.576128	0	T:14.0(20.90%),B:1478.9(3.75%),P:1e-6	Tpos:422.9,Tstd:290.0,Bpos:510.6,Bstd:304.5,StrandBias:0.0,Multiplicity:1.23
0.001	0.942	0.001	0.056
0.152	0.001	0.846	0.001
0.852	0.001	0.146	0.001
0.001	0.001	0.104	0.894
0.069	0.817	0.001	0.113
0.001	0.001	0.001	0.997
0.001	0.001	0.001	0.997
0.001	0.001	0.001	0.997
0.120	0.001	0.878	0.001
0.860	0.138	0.001	0.001
>TGTCACATCA	6-TGTCACATCA	10.029992	-14.733297	0	T:12.0(17.91%),B:1117.3(2.84%),P:1e-6	Tpos:411.7,Tstd:183.9,Bpos:493.3,Bstd:325.5,StrandBias:1.5,Multiplicity:1.17
0.084	0.001	0.001	0.914
0.001	0.001	0.962	0.036
0.001	0.001	0.001	0.997
0.073	0.709	0.149	0.069
0.997	0.001	0.001	0.001
0.054	0.876	0.001	0.069
0.821	0.093	0.085	0.001
0.078	0.001	0.001	0.920
0.067	0.859	0.001	0.073
0.997	0.001	0.001	0.001
>GTTAGTTCCT	7-GTTAGTTCCT	11.000443	-13.622294	0	T:6.0(8.96%),B:194.5(0.49%),P:1e-5	Tpos:647.9,Tstd:219.1,Bpos:479.5,Bstd:323.6,StrandBias:0.0,Multiplicity:1.33
0.121	0.001	0.877	0.001
0.156	0.001	0.001	0.842
0.001	0.001	0.001	0.997
0.997	0.001	0.001	0.001
0.115	0.001	0.883	0.001
0.001	0.195	0.001	0.803
0.001	0.001	0.001	0.997
0.001	0.869	0.129	0.001
0.001	0.997	0.001	0.001
0.142	0.001	0.001	0.856
>CTAGATTCTT	8-CTAGATTCTT	9.533404	-13.209108	0	T:10.0(14.93%),B:849.7(2.16%),P:1e-5	Tpos:568.1,Tstd:274.3,Bpos:506.2,Bstd:319.4,StrandBias:-2.1,Multiplicity:1.50
0.001	0.997	0.001	0.001
0.001	0.001	0.001	0.997
0.997	0.001	0.001	0.001
0.001	0.009	0.989	0.001
0.807	0.191	0.001	0.001
0.231	0.293	0.001	0.475
0.001	0.001	0.001	0.997
0.001	0.909	0.089	0.001
0.001	0.001	0.001	0.997
0.183	0.001	0.001	0.815
>AGGCTGCCTA	9-AGGCTGCCTA	7.727029	-12.777155	0	T:11.0(16.42%),B:1112.9(2.82%),P:1e-5	Tpos:518.8,Tstd:327.0,Bpos:517.3,Bstd:306.3,StrandBias:0.7,Multiplicity:1.18
0.907	0.049	0.001	0.043
0.092	0.064	0.778	0.066
0.145	0.058	0.755	0.042
0.136	0.819	0.001	0.044
0.112	0.058	0.164	0.666
0.047	0.169	0.749	0.035
0.097	0.790	0.064	0.049
0.102	0.845	0.052	0.001
0.075	0.098	0.001	0.826
0.880	0.001	0.118	0.001
>AACATTATTG	10-AACATTATTG	9.647246	-11.399552	0	T:14.0(20.90%),B:2116.6(5.37%),P:1e-4	Tpos:533.5,Tstd:320.7,Bpos:513.8,Bstd:314.7,StrandBias:-0.5,Multiplicity:1.57
0.814	0.001	0.099	0.086
0.754	0.176	0.001	0.069
0.001	0.797	0.001	0.201
0.997	0.001	0.001	0.001
0.001	0.001	0.082	0.916
0.001	0.001	0.071	0.927
0.747	0.168	0.084	0.001
0.001	0.001	0.001	0.997
0.001	0.001	0.409	0.589
0.001	0.064	0.888	0.047
>CTACATATAC	11-CTACATATAC	11.453027	-11.072392	0	T:5.0(7.46%),B:178.5(0.45%),P:1e-4	Tpos:493.3,Tstd:303.4,Bpos:521.2,Bstd:348.4,StrandBias:0.3,Multiplicity:1.80
0.001	0.997	0.001	0.001
0.001	0.001	0.001	0.997
0.997	0.001	0.001	0.001
0.001	0.892	0.001	0.106
0.997	0.001	0.001	0.001
0.001	0.001	0.001	0.997
0.868	0.001	0.130	0.001
0.001	0.001	0.001	0.997
0.997	0.001	0.001	0.001
0.001	0.997	0.001	0.001
>CCAGAATTCC	12-CCAGAATTCC	11.210557	-8.940917	0	T:4.0(5.97%),B:147.1(0.37%),P:1e-3	Tpos:462.2,Tstd:200.3,Bpos:518.5,Bstd:320.3,StrandBias:1.0,Multiplicity:1.50
0.001	0.997	0.001	0.001
0.001	0.987	0.001	0.011
0.682	0.023	0.294	0.001
0.001	0.001	0.636	0.362
0.997	0.001	0.001	0.001
0.997	0.001	0.001	0.001
0.001	0.304	0.001	0.694
0.001	0.001	0.328	0.670
0.001	0.732	0.001	0.266
0.001	0.997	0.001	0.001
>CCATAAACAG	13-CCATAAACAG	8.350283	-8.171260	0	T:11.0(16.42%),B:1852.3(4.70%),P:1e-3	Tpos:563.3,Tstd:292.6,Bpos:504.1,Bstd:314.8,StrandBias:1.0,Multiplicity:1.09
0.100	0.700	0.100	0.100
0.100	0.700	0.100	0.100
0.700	0.100	0.100	0.100
0.100	0.100	0.100	0.700
0.700	0.100	0.100	0.100
0.700	0.100	0.100	0.100
0.700	0.100	0.100	0.100
0.100	0.700	0.100	0.100
0.700	0.100	0.100	0.100
0.100	0.100	0.700	0.100
>ACCCCTGTAG	14-ACCCCTGTAG	10.296193	-8.132077	0	T:2.0(2.99%),B:13.8(0.04%),P:1e-3	Tpos:473.0,Tstd:251.6,Bpos:373.3,Bstd:292.0,StrandBias:10.0,Multiplicity:3.00
0.700	0.100	0.100	0.100
0.100	0.700	0.100	0.100
0.100	0.700	0.100	0.100
0.100	0.700	0.100	0.100
0.100	0.700	0.100	0.100
0.100	0.100	0.100	0.700
0.100	0.100	0.700	0.100
0.100	0.100	0.100	0.700
0.700	0.100	0.100	0.100
0.100	0.100	0.700	0.100
>GCGTTCGGGG	15-GCGTTCGGGG	12.196391	-6.938408	0	T:2.0(2.99%),B:25.5(0.06%),P:1e-3	Tpos:749.3,Tstd:124.8,Bpos:404.2,Bstd:274.2,StrandBias:-1.0,Multiplicity:1.50
0.001	0.001	0.997	0.001
0.001	0.997	0.001	0.001
0.001	0.001	0.748	0.250
0.001	0.001	0.001	0.997
0.324	0.001	0.001	0.674
0.001	0.997	0.001	0.001
0.001	0.001	0.997	0.001
0.001	0.001	0.796	0.202
0.001	0.001	0.997	0.001
0.001	0.001	0.997	0.001
>TTGTACCTAG	16-TTGTACCTAG	10.296193	-5.965558	0	T:2.0(2.99%),B:42.4(0.11%),P:1e-2	Tpos:465.2,Tstd:222.0,Bpos:504.2,Bstd:350.5,StrandBias:-2.3,Multiplicity:3.00
0.100	0.100	0.100	0.700
0.100	0.100	0.100	0.700
0.100	0.100	0.700	0.100
0.100	0.100	0.100	0.700
0.700	0.100	0.100	0.100
0.100	0.700	0.100	0.100
0.100	0.700	0.100	0.100
0.100	0.100	0.100	0.700
0.700	0.100	0.100	0.100
0.100	0.100	0.700	0.100
>AGTCAGGTTA	17-AGTCAGGTTA	10.296193	-3.558522	0	T:1.0(1.49%),B:16.2(0.04%),P:1e-1	Tpos:514.5,Tstd:58.7,Bpos:612.7,Bstd:259.0,StrandBias:10.0,Multiplicity:12.00
0.700	0.100	0.100	0.100
0.100	0.100	0.700	0.100
0.100	0.100	0.100	0.700
0.100	0.700	0.100	0.100
0.700	0.100	0.100	0.100
0.100	0.100	0.700	0.100
0.100	0.100	0.700	0.100
0.100	0.100	0.100	0.700
0.100	0.100	0.100	0.700
0.700	0.100	0.100	0.100
>TTCAGACGCG	18-TTCAGACGCG	10.296193	-3.141129	0	T:1.0(1.49%),B:25.6(0.06%),P:1e-1	Tpos:425.0,Tstd:237.6,Bpos:493.6,Bstd:305.4,StrandBias:-10.0,Multiplicity:5.00
0.100	0.100	0.100	0.700
0.100	0.100	0.100	0.700
0.100	0.700	0.100	0.100
0.700	0.100	0.100	0.100
0.100	0.100	0.700	0.100
0.700	0.100	0.100	0.100
0.100	0.700	0.100	0.100
0.100	0.100	0.700	0.100
0.100	0.700	0.100	0.100
0.100	0.100	0.700	0.100
