>AAAKAGAAGCTT	1-AAAKAGAAGCTT	12.930689	-29.131869	0	T:10.0(10.20%),B:103.9(0.26%),P:1e-12	Tpos:472.7,Tstd:248.0,Bpos:539.5,Bstd:285.7,StrandBias:0.0,Multiplicity:1.00
0.885	0.001	0.113	0.001
0.723	0.001	0.275	0.001
0.997	0.001	0.001	0.001
0.001	0.001	0.545	0.453
0.997	0.001	0.001	0.001
0.001	0.001	0.997	0.001
0.997	0.001	0.001	0.001
0.997	0.001	0.001	0.001
0.083	0.248	0.668	0.001
0.079	0.919	0.001	0.001
0.001	0.001	0.001	0.997
0.001	0.001	0.001	0.997
>ACCCTTGAAGTY	2-ACCCTTGAAGTY	11.979039	-25.686946	0	T:10.0(10.20%),B:149.4(0.37%),P:1e-11	Tpos:453.6,Tstd:212.7,Bpos:480.3,Bstd:319.1,StrandBias:0.6,Multiplicity:1.00
0.732	0.266	0.001	0.001
0.001	0.585	0.153	0.261
0.001	0.992	0.001	0.006
0.122	0.744	0.133	0.001
0.001	0.001	0.001	0.997
0.001	0.001	0.001	0.997
0.001	0.001	0.997	0.001
0.826	0.172	0.001	0.001
0.997	0.001	0.001	0.001
0.403	0.001	0.591	0.005
0.001	0.001	0.001	0.997
0.001	0.559	0.001	0.439
>AAAGTATGCGAC	3-AAAGTATGCGAC	10.991415	-23.704093	0	T:12.0(12.24%),B:332.8(0.83%),P:1e-10	Tpos:462.8,Tstd:322.1,Bpos:533.0,Bstd:303.7,StrandBias:0.0,Multiplicity:1.00
0.997	0.001	0.001	0.001
0.714	0.001	0.137	0.148
0.997	0.001	0.001	0.001
0.001	0.147	0.851	0.001
0.001	0.001	0.001	0.997
0.758	0.001	0.001	0.240
0.001	0.001	0.136	0.862
0.123	0.001	0.702	0.174
0.123	0.536	0.001	0.340
0.001	0.001	0.997	0.001
0.598	0.001	0.001	0.400
0.001	0.997	0.001	0.001
>CTACTCGTCTGT	4-CTACTCGTCTGT	14.197280	-20.064148	0	T:5.0(5.10%),B:17.2(0.04%),P:1e-8	Tpos:626.2,Tstd:294.9,Bpos:518.4,Bstd:355.9,StrandBias:2.0,Multiplicity:1.00
0.001	0.997	0.001	0.001
0.237	0.001	0.001	0.761
0.997	0.001	0.001	0.001
0.001	0.997	0.001	0.001
0.001	0.001	0.001	0.997
0.001	0.815	0.001	0.183
0.210	0.001	0.788	0.001
0.001	0.001	0.001	0.997
0.001	0.997	0.001	0.001
0.001	0.001	0.001	0.997
0.183	0.001	0.815	0.001
0.001	0.001	0.001	0.997
>TAATTTCAGAAW	5-TAATTTCAGAAW	11.143272	-19.899704	0	T:25.0(25.51%),B:2591.5(6.43%),P:1e-8	Tpos:479.6,Tstd:295.6,Bpos:516.0,Bstd:306.8,StrandBias:1.6,Multiplicity:1.08
0.086	0.214	0.101	0.599
0.888	0.001	0.110	0.001
0.937	0.061	0.001	0.001
0.001	0.001	0.001	0.997
0.088	0.001	0.001	0.910
0.001	0.072	0.001	0.926
0.088	0.910	0.001	0.001
0.956	0.001	0.001	0.042
0.001	0.001	0.926	0.072
0.938	0.001	0.060	0.001
0.812	0.062	0.075	0.051
0.534	0.001	0.001	0.464
>GCCAATATGCAT	6-GCCAATATGCAT	11.075782	-18.747629	0	T:10.0(10.20%),B:314.3(0.78%),P:1e-8	Tpos:567.0,Tstd:215.8,Bpos:480.3,Bstd:294.3,StrandBias:0.0,Multiplicity:1.00
0.206	0.001	0.736	0.057
0.035	0.708	0.001	0.256
0.001	0.743	0.255	0.001
0.997	0.001	0.001	0.001
0.997	0.001	0.001	0.001
0.001	0.001	0.001	0.997
0.827	0.001	0.001	0.171
0.001	0.001	0.001	0.997
0.001	0.313	0.497	0.189
0.033	0.965	0.001	0.001
0.793	0.001	0.001	0.205
0.035	0.001	0.308	0.656
>TTCAGTAGARAT	7-TTCAGTAGARAT	10.154384	-17.144603	0	T:17.0(17.35%),B:1363.6(3.38%),P:1e-7	Tpos:603.0,Tstd:313.9,Bpos:502.9,Bstd:287.4,StrandBias:-0.3,Multiplicity:1.06
0.123	0.001	0.142	0.734
0.001	0.001	0.001	0.997
0.001	0.856	0.001	0.142
0.849	0.001	0.149	0.001
0.079	0.001	0.778	0.142
0.018	0.001	0.001	0.980
0.842	0.001	0.142	0.015
0.001	0.143	0.759	0.097
0.835	0.154	0.001	0.010
0.447	0.005	0.452	0.097
0.977	0.021	0.001	0.001
0.001	0.001	0.098	0.900
>GATTTAATMTCC	8-GATTTAATMTCC	13.738120	-15.912586	0	T:4.0(4.08%),B:15.6(0.04%),P:1e-6	Tpos:713.3,Tstd:227.6,Bpos:551.6,Bstd:300.1,StrandBias:10.0,Multiplicity:1.50
0.001	0.001	0.840	0.158
0.997	0.001	0.001	0.001
0.001	0.001	0.001	0.997
0.001	0.001	0.001	0.997
0.001	0.001	0.001	0.997
0.997	0.001	0.001	0.001
0.997	0.001	0.001	0.001
0.001	0.191	0.001	0.807
0.432	0.566	0.001	0.001
0.001	0.001	0.001	0.997
0.001	0.997	0.001	0.001
0.001	0.783	0.215	0.001
>TGAACACTGTGT	9-TGAACACTGTGT	13.729810	-15.152288	0	T:5.0(5.10%),B:51.8(0.13%),P:1e-6	Tpos:390.3,Tstd:325.4,Bpos:480.0,Bstd:348.8,StrandBias:-1.0,Multiplicity:1.00
0.001	0.001	0.001	0.997
0.001	0.001	0.761	0.237
0.997	0.001	0.001	0.001
0.997	0.001	0.001	0.001
0.001	0.997	0.001	0.001
0.997	0.001	0.001	0.001
0.001	0.876	0.001	0.122
0.143	0.001	0.001	0.855
0.001	0.001	0.997	0.001
0.001	0.001	0.001	0.997
0.151	0.001	0.847	0.001
0.001	0.001	0.167	0.831
>TTTGGAAACATA	10-TTTGGAAACATA	13.281177	-14.690853	0	T:10.0(10.20%),B:491.1(1.22%),P:1e-6	Tpos:512.5,Tstd:252.9,Bpos:504.2,Bstd:282.8,StrandBias:-0.3,Multiplicity:1.10
0.001	0.001	0.001	0.997
0.001	0.001	0.001	0.997
0.001	0.001	0.001	0.997
0.115	0.115	0.699	0.071
0.086	0.001	0.912	0.001
0.832	0.001	0.001	0.166
0.997	0.001	0.001	0.001
0.997	0.001	0.001	0.001
0.001	0.879	0.001	0.119
0.891	0.001	0.001	0.107
0.090	0.001	0.001	0.908
0.997	0.001	0.001	0.001
>CBGAGAAACCCC	11-CBGAGAAACCCC	12.707508	-14.476461	0	T:5.0(5.10%),B:59.6(0.15%),P:1e-6	Tpos:681.1,Tstd:148.7,Bpos:560.2,Bstd:250.3,StrandBias:1.3,Multiplicity:1.40
0.001	0.718	0.001	0.280
0.001	0.326	0.392	0.281
0.001	0.001	0.672	0.326
0.997	0.001	0.001	0.001
0.001	0.001	0.997	0.001
0.997	0.001	0.001	0.001
0.997	0.001	0.001	0.001
0.997	0.001	0.001	0.001
0.001	0.997	0.001	0.001
0.001	0.997	0.001	0.001
0.001	0.672	0.326	0.001
0.326	0.672	0.001	0.001
>TTTTTTTGCCAA	12-TTTTTTTGCCAA	13.917850	-13.478320	0	T:13.0(13.27%),B:1024.3(2.54%),P:1e-5	Tpos:420.0,Tstd:265.0,Bpos:488.5,Bstd:297.8,StrandBias:0.0,Multiplicity:1.08
0.001	0.001	0.001	0.997
0.001	0.238	0.001	0.760
0.001	0.001	0.001	0.997
0.001	0.001	0.001	0.997
0.001	0.001	0.001	0.997
0.001	0.001	0.180	0.818
0.001	0.001	0.001	0.997
0.001	0.001	0.997	0.001
0.001	0.618	0.380	0.001
0.198	0.800	0.001	0.001
0.997	0.001	0.001	0.001
0.997	0.001	0.001	0.001
>NAAATCTGTAGW	13-NAAATCTGTAGW	8.526501	-13.295900	0	T:11.0(11.22%),B:719.3(1.79%),P:1e-5	Tpos:474.1,Tstd:267.1,Bpos:495.7,Bstd:289.3,StrandBias:0.4,Multiplicity:1.27
0.311	0.210	0.208	0.270
0.701	0.089	0.106	0.104
0.702	0.090	0.085	0.123
0.701	0.072	0.080	0.147
0.150	0.088	0.090	0.672
0.178	0.476	0.124	0.222
0.130	0.070	0.071	0.729
0.170	0.113	0.547	0.170
0.175	0.093	0.108	0.624
0.623	0.118	0.104	0.155
0.183	0.115	0.542	0.160
0.372	0.167	0.193	0.268
>GGCCGTGGAGRM	14-GGCCGTGGAGRM	12.906574	-13.003013	0	T:3.0(3.06%),B:8.4(0.02%),P:1e-5	Tpos:666.2,Tstd:241.1,Bpos:482.2,Bstd:342.1,StrandBias:2.0,Multiplicity:1.67
0.001	0.001	0.997	0.001
0.001	0.001	0.997	0.001
0.001	0.997	0.001	0.001
0.001	0.997	0.001	0.001
0.001	0.001	0.997	0.001
0.001	0.084	0.001	0.914
0.001	0.001	0.997	0.001
0.001	0.001	0.997	0.001
0.997	0.001	0.001	0.001
0.001	0.001	0.997	0.001
0.456	0.001	0.542	0.001
0.456	0.542	0.001	0.001
>ATCTTTTATACT	15-ATCTTTTATACT	14.366533	-13.003013	0	T:3.0(3.06%),B:8.1(0.02%),P:1e-5	Tpos:923.3,Tstd:45.1,Bpos:679.7,Bstd:311.9,StrandBias:-10.0,Multiplicity:1.00
0.740	0.106	0.065	0.089
0.112	0.001	0.001	0.886
0.144	0.730	0.125	0.001
0.001	0.001	0.001	0.997
0.053	0.001	0.067	0.879
0.070	0.148	0.001	0.781
0.078	0.081	0.001	0.840
0.894	0.104	0.001	0.001
0.030	0.070	0.094	0.806
0.854	0.001	0.057	0.088
0.204	0.656	0.001	0.139
0.001	0.001	0.067	0.931
>ACTTGATTTTTT	16-ACTTGATTTTTT	14.887683	-11.789551	0	T:6.0(6.12%),B:185.5(0.46%),P:1e-5	Tpos:492.0,Tstd:234.4,Bpos:508.6,Bstd:307.2,StrandBias:0.4,Multiplicity:1.17
0.997	0.001	0.001	0.001
0.001	0.997	0.001	0.001
0.001	0.001	0.001	0.997
0.001	0.001	0.001	0.997
0.001	0.001	0.997	0.001
0.997	0.001	0.001	0.001
0.001	0.193	0.180	0.626
0.001	0.001	0.001	0.997
0.001	0.001	0.001	0.997
0.001	0.001	0.001	0.997
0.001	0.001	0.001	0.997
0.001	0.001	0.001	0.997
>TTAATGTACATT	17-TTAATGTACATT	11.734590	-10.656624	0	T:8.0(8.16%),B:473.9(1.18%),P:1e-4	Tpos:558.7,Tstd:237.2,Bpos:491.0,Bstd:282.4,StrandBias:-0.5,Multiplicity:1.00
0.001	0.188	0.001	0.810
0.104	0.346	0.001	0.549
0.863	0.001	0.135	0.001
0.738	0.110	0.001	0.151
0.001	0.001	0.001	0.997
0.001	0.001	0.997	0.001
0.375	0.001	0.010	0.614
0.595	0.001	0.001	0.403
0.001	0.997	0.001	0.001
0.997	0.001	0.001	0.001
0.001	0.001	0.001	0.997
0.001	0.275	0.001	0.723
>TTTCTCGGTCAC	18-TTTCTCGGTCAC	9.792476	-9.812244	0	T:14.0(14.29%),B:1667.9(4.14%),P:1e-4	Tpos:413.5,Tstd:300.2,Bpos:525.2,Bstd:319.3,StrandBias:2.3,Multiplicity:2.07
0.053	0.131	0.001	0.815
0.053	0.060	0.001	0.886
0.001	0.168	0.001	0.830
0.001	0.675	0.042	0.282
0.003	0.001	0.148	0.848
0.097	0.841	0.001	0.061
0.027	0.111	0.688	0.174
0.112	0.131	0.677	0.080
0.043	0.331	0.001	0.625
0.001	0.886	0.046	0.067
0.652	0.001	0.044	0.303
0.001	0.765	0.099	0.135
>TAGAGTTGAACT	19-TAGAGTTGAACT	14.657092	-7.879114	0	T:2.0(2.04%),B:10.9(0.03%),P:1e-3	Tpos:811.5,Tstd:112.5,Bpos:441.3,Bstd:308.5,StrandBias:0.0,Multiplicity:1.00
0.001	0.001	0.072	0.926
0.997	0.001	0.001	0.001
0.001	0.001	0.997	0.001
0.727	0.001	0.271	0.001
0.153	0.001	0.845	0.001
0.001	0.001	0.001	0.997
0.001	0.001	0.001	0.997
0.001	0.001	0.997	0.001
0.997	0.001	0.001	0.001
0.997	0.001	0.001	0.001
0.001	0.668	0.191	0.140
0.001	0.001	0.001	0.997
>GGAGGGACCAAG	20-GGAGGGACCAAG	12.355432	-6.021345	0	T:1.0(1.02%),B:0.0(0.00%),P:1e-2	Tpos:827.0,Tstd:127.4,Bpos:0.0,Bstd:0.0,StrandBias:10.0,Multiplicity:3.00
0.100	0.100	0.700	0.100
0.100	0.100	0.700	0.100
0.700	0.100	0.100	0.100
0.100	0.100	0.700	0.100
0.100	0.100	0.700	0.100
0.100	0.100	0.700	0.100
0.700	0.100	0.100	0.100
0.100	0.700	0.100	0.100
0.100	0.700	0.100	0.100
0.700	0.100	0.100	0.100
0.700	0.100	0.100	0.100
0.100	0.100	0.700	0.100
>CAGCTTTCCAGG	21-CAGCTTTCCAGG	16.492667	-4.925136	0	T:1.0(1.02%),B:2.3(0.01%),P:1e-2	Tpos:417.8,Tstd:82.2,Bpos:477.0,Bstd:369.5,StrandBias:3.0,Multiplicity:9.00
0.001	0.997	0.001	0.001
0.997	0.001	0.001	0.001
0.001	0.001	0.997	0.001
0.001	0.997	0.001	0.001
0.001	0.001	0.001	0.997
0.001	0.102	0.001	0.896
0.001	0.001	0.001	0.997
0.001	0.997	0.001	0.001
0.001	0.997	0.001	0.001
0.997	0.001	0.001	0.001
0.001	0.001	0.997	0.001
0.001	0.001	0.997	0.001
