>WATTTCACCTGY	1-WATTTCACCTGY	11.149066	-44.374725	0	T:88.0(5.91%),B:744.0(1.82%),P:1e-19	Tpos:588.4,Tstd:318.1,Bpos:549.9,Bstd:321.1,StrandBias:-0.2,Multiplicity:1.07
0.463	0.204	0.001	0.331
0.752	0.001	0.001	0.246
0.001	0.171	0.001	0.827
0.097	0.001	0.001	0.901
0.001	0.239	0.062	0.698
0.001	0.997	0.001	0.001
0.997	0.001	0.001	0.001
0.001	0.662	0.336	0.001
0.001	0.914	0.084	0.001
0.001	0.001	0.001	0.997
0.001	0.001	0.997	0.001
0.046	0.460	0.074	0.420
>GGTGTTTTCMGW	2-GGTGTTTTCMGW	11.670951	-34.130182	0	T:34.0(2.28%),B:148.9(0.37%),P:1e-14	Tpos:475.4,Tstd:328.2,Bpos:412.9,Bstd:284.8,StrandBias:0.1,Multiplicity:1.00
0.001	0.279	0.582	0.138
0.160	0.001	0.838	0.001
0.286	0.001	0.001	0.712
0.001	0.001	0.997	0.001
0.001	0.001	0.001	0.997
0.359	0.001	0.001	0.639
0.001	0.001	0.001	0.997
0.001	0.001	0.001	0.997
0.220	0.719	0.060	0.001
0.417	0.444	0.001	0.138
0.001	0.001	0.997	0.001
0.384	0.001	0.143	0.472
>GGATCCAAATAT	3-GGATCCAAATAT	12.563532	-28.242130	0	T:20.0(1.34%),B:53.3(0.13%),P:1e-12	Tpos:424.5,Tstd:209.4,Bpos:426.5,Bstd:230.9,StrandBias:-0.7,Multiplicity:1.05
0.001	0.001	0.970	0.028
0.284	0.080	0.605	0.031
0.949	0.049	0.001	0.001
0.035	0.001	0.092	0.872
0.001	0.971	0.001	0.027
0.032	0.966	0.001	0.001
0.907	0.001	0.091	0.001
0.997	0.001	0.001	0.001
0.925	0.001	0.073	0.001
0.001	0.063	0.045	0.891
0.997	0.001	0.001	0.001
0.001	0.001	0.001	0.997
>TCTTCACGTGAA	4-TCTTCACGTGAA	11.242387	-27.114464	0	T:29.0(1.95%),B:140.1(0.34%),P:1e-11	Tpos:458.5,Tstd:307.9,Bpos:450.9,Bstd:318.7,StrandBias:-0.4,Multiplicity:1.03
0.093	0.001	0.001	0.905
0.083	0.895	0.001	0.021
0.001	0.116	0.001	0.882
0.001	0.001	0.001	0.997
0.094	0.764	0.071	0.071
0.997	0.001	0.001	0.001
0.069	0.798	0.053	0.080
0.001	0.001	0.931	0.067
0.070	0.001	0.001	0.928
0.001	0.001	0.997	0.001
0.997	0.001	0.001	0.001
0.905	0.001	0.093	0.001
>TTAKATTGCATA	5-TTAKATTGCATA	8.351833	-26.262820	0	T:28.0(1.88%),B:135.9(0.33%),P:1e-11	Tpos:507.7,Tstd:315.1,Bpos:467.9,Bstd:315.3,StrandBias:0.0,Multiplicity:1.00
0.079	0.006	0.033	0.882
0.082	0.278	0.063	0.577
0.627	0.039	0.305	0.029
0.144	0.228	0.384	0.244
0.634	0.011	0.060	0.295
0.327	0.089	0.058	0.526
0.212	0.025	0.242	0.521
0.091	0.050	0.545	0.314
0.224	0.442	0.079	0.256
0.478	0.217	0.045	0.260
0.046	0.072	0.295	0.587
0.477	0.062	0.273	0.188
>GAGTACTCAAAC	6-GAGTACTCAAAC	12.613524	-26.073124	0	T:17.0(1.14%),B:39.9(0.10%),P:1e-11	Tpos:463.9,Tstd:302.2,Bpos:491.4,Bstd:300.8,StrandBias:0.3,Multiplicity:1.00
0.001	0.001	0.997	0.001
0.997	0.001	0.001	0.001
0.001	0.075	0.849	0.075
0.001	0.074	0.001	0.924
0.905	0.093	0.001	0.001
0.064	0.772	0.001	0.163
0.001	0.001	0.001	0.997
0.046	0.952	0.001	0.001
0.896	0.039	0.001	0.064
0.997	0.001	0.001	0.001
0.905	0.001	0.093	0.001
0.034	0.887	0.001	0.078
>GTTTTTGGCAAC	7-GTTTTTGGCAAC	9.916749	-24.463721	0	T:39.0(2.62%),B:283.6(0.70%),P:1e-10	Tpos:434.8,Tstd:269.4,Bpos:502.4,Bstd:284.0,StrandBias:0.1,Multiplicity:1.03
0.045	0.223	0.504	0.228
0.023	0.158	0.053	0.766
0.044	0.021	0.014	0.921
0.061	0.020	0.208	0.711
0.070	0.039	0.216	0.675
0.237	0.178	0.034	0.551
0.214	0.059	0.618	0.109
0.176	0.038	0.558	0.228
0.149	0.623	0.048	0.180
0.807	0.074	0.033	0.086
0.550	0.161	0.157	0.132
0.198	0.472	0.033	0.297
>CATGWTAGGAAT	8-CATGWTAGGAAT	11.065403	-24.330681	0	T:30.0(2.02%),B:171.3(0.42%),P:1e-10	Tpos:519.4,Tstd:294.4,Bpos:478.0,Bstd:320.5,StrandBias:0.7,Multiplicity:1.03
0.001	0.453	0.251	0.295
0.536	0.061	0.060	0.343
0.319	0.074	0.001	0.606
0.039	0.001	0.739	0.221
0.406	0.001	0.170	0.423
0.001	0.001	0.203	0.795
0.958	0.001	0.001	0.040
0.001	0.001	0.997	0.001
0.024	0.001	0.974	0.001
0.674	0.324	0.001	0.001
0.997	0.001	0.001	0.001
0.001	0.166	0.001	0.832
>AAACGAATAGTA	9-AAACGAATAGTA	11.550971	-21.743823	0	T:35.0(2.35%),B:258.1(0.63%),P:1e-9	Tpos:482.2,Tstd:317.9,Bpos:546.8,Bstd:305.7,StrandBias:-1.4,Multiplicity:1.03
0.997	0.001	0.001	0.001
0.997	0.001	0.001	0.001
0.917	0.001	0.001	0.081
0.033	0.790	0.040	0.137
0.001	0.046	0.911	0.042
0.867	0.001	0.070	0.062
0.943	0.001	0.055	0.001
0.016	0.070	0.001	0.913
0.900	0.001	0.056	0.043
0.076	0.001	0.860	0.063
0.001	0.001	0.001	0.997
0.935	0.001	0.029	0.035
>TTTTCGTCCCAA	10-TTTTCGTCCCAA	9.825111	-21.610193	0	T:80.0(5.38%),B:998.3(2.45%),P:1e-9	Tpos:553.5,Tstd:261.1,Bpos:522.5,Bstd:291.7,StrandBias:0.2,Multiplicity:1.06
0.082	0.044	0.001	0.873
0.007	0.079	0.080	0.834
0.085	0.028	0.045	0.842
0.062	0.082	0.076	0.780
0.053	0.825	0.037	0.085
0.027	0.028	0.901	0.044
0.061	0.021	0.020	0.898
0.048	0.795	0.055	0.102
0.067	0.807	0.042	0.084
0.065	0.825	0.023	0.087
0.812	0.096	0.001	0.091
0.813	0.102	0.042	0.043
>GTCCATATTTCA	11-GTCCATATTTCA	12.145479	-21.542473	0	T:23.0(1.55%),B:113.6(0.28%),P:1e-9	Tpos:474.2,Tstd:317.7,Bpos:566.8,Bstd:296.3,StrandBias:1.2,Multiplicity:1.00
0.029	0.041	0.903	0.027
0.056	0.056	0.062	0.826
0.019	0.979	0.001	0.001
0.032	0.873	0.051	0.044
0.908	0.090	0.001	0.001
0.020	0.001	0.001	0.978
0.997	0.001	0.001	0.001
0.001	0.001	0.001	0.997
0.001	0.001	0.112	0.886
0.001	0.001	0.001	0.997
0.001	0.853	0.090	0.056
0.824	0.119	0.001	0.056
>ACTGACCTTCAG	12-ACTGACCTTCAG	11.826131	-20.225158	0	T:13.0(0.87%),B:30.0(0.07%),P:1e-8	Tpos:459.9,Tstd:282.7,Bpos:621.0,Bstd:283.4,StrandBias:2.1,Multiplicity:1.23
0.902	0.001	0.001	0.096
0.001	0.921	0.077	0.001
0.001	0.001	0.096	0.902
0.001	0.096	0.902	0.001
0.997	0.001	0.001	0.001
0.058	0.889	0.001	0.052
0.001	0.997	0.001	0.001
0.001	0.001	0.162	0.836
0.052	0.001	0.001	0.946
0.001	0.997	0.001	0.001
0.825	0.001	0.077	0.097
0.077	0.001	0.921	0.001
>ATTCAATATTGT	13-ATTCAATATTGT	11.831746	-19.934889	0	T:49.0(3.29%),B:492.1(1.21%),P:1e-8	Tpos:466.7,Tstd:291.4,Bpos:507.0,Bstd:304.2,StrandBias:0.3,Multiplicity:1.06
0.922	0.049	0.001	0.028
0.001	0.001	0.152	0.846
0.025	0.001	0.027	0.947
0.001	0.967	0.009	0.023
0.975	0.001	0.023	0.001
0.862	0.049	0.001	0.088
0.019	0.001	0.001	0.979
0.848	0.049	0.001	0.102
0.053	0.020	0.001	0.926
0.045	0.033	0.027	0.895
0.011	0.001	0.882	0.106
0.001	0.044	0.001	0.954
>CTTCTTMGGAAA	14-CTTCTTMGGAAA	11.746600	-19.599188	0	T:20.0(1.34%),B:94.4(0.23%),P:1e-8	Tpos:436.0,Tstd:236.2,Bpos:524.6,Bstd:326.9,StrandBias:0.8,Multiplicity:1.40
0.001	0.997	0.001	0.001
0.136	0.098	0.001	0.765
0.001	0.001	0.001	0.997
0.001	0.997	0.001	0.001
0.021	0.159	0.001	0.819
0.014	0.108	0.159	0.719
0.442	0.556	0.001	0.001
0.001	0.001	0.945	0.053
0.001	0.001	0.997	0.001
0.879	0.001	0.001	0.119
0.824	0.001	0.174	0.001
0.997	0.001	0.001	0.001
>AWGTAGGYVAAT	15-AWGTAGGYVAAT	9.420913	-15.552164	0	T:67.0(4.50%),B:905.8(2.22%),P:1e-6	Tpos:429.2,Tstd:261.0,Bpos:495.7,Bstd:308.8,StrandBias:0.4,Multiplicity:1.14
0.758	0.240	0.001	0.001
0.415	0.179	0.001	0.405
0.001	0.001	0.997	0.001
0.001	0.236	0.001	0.762
0.753	0.001	0.245	0.001
0.001	0.001	0.997	0.001
0.001	0.001	0.997	0.001
0.001	0.442	0.001	0.556
0.340	0.311	0.348	0.001
0.911	0.001	0.001	0.087
0.485	0.231	0.283	0.001
0.001	0.001	0.396	0.602
>GGCTTGTGTCGA	16-GGCTTGTGTCGA	13.143132	-14.664875	0	T:9.0(0.60%),B:20.4(0.05%),P:1e-6	Tpos:291.4,Tstd:275.4,Bpos:366.4,Bstd:396.7,StrandBias:3.1,Multiplicity:2.11
0.254	0.001	0.744	0.001
0.001	0.372	0.626	0.001
0.001	0.997	0.001	0.001
0.185	0.001	0.001	0.813
0.001	0.001	0.001	0.997
0.001	0.001	0.997	0.001
0.001	0.001	0.001	0.997
0.001	0.001	0.997	0.001
0.372	0.001	0.001	0.626
0.001	0.997	0.001	0.001
0.384	0.001	0.614	0.001
0.997	0.001	0.001	0.001
>GAAAAATGTTAG	17-GAAAAATGTTAG	11.088576	-14.242998	0	T:15.0(1.01%),B:76.6(0.19%),P:1e-6	Tpos:567.2,Tstd:268.9,Bpos:452.7,Bstd:268.7,StrandBias:1.4,Multiplicity:1.73
0.001	0.001	0.997	0.001
0.949	0.049	0.001	0.001
0.911	0.087	0.001	0.001
0.780	0.110	0.060	0.050
0.997	0.001	0.001	0.001
0.997	0.001	0.001	0.001
0.001	0.001	0.001	0.997
0.001	0.042	0.956	0.001
0.001	0.001	0.001	0.997
0.001	0.001	0.001	0.997
0.997	0.001	0.001	0.001
0.001	0.001	0.997	0.001
>CTCAGCCAATCA	18-CTCAGCCAATCA	11.382568	-13.445904	0	T:6.0(0.40%),B:6.9(0.02%),P:1e-5	Tpos:359.7,Tstd:227.0,Bpos:677.4,Bstd:211.1,StrandBias:2.7,Multiplicity:2.50
0.001	0.997	0.001	0.001
0.001	0.001	0.085	0.913
0.001	0.997	0.001	0.001
0.997	0.001	0.001	0.001
0.001	0.001	0.930	0.068
0.001	0.930	0.068	0.001
0.001	0.997	0.001	0.001
0.997	0.001	0.001	0.001
0.997	0.001	0.001	0.001
0.001	0.001	0.001	0.997
0.001	0.997	0.001	0.001
0.997	0.001	0.001	0.001
>TCYTAGCAGCGC	19-TCYTAGCAGCGC	11.203566	-12.587987	0	T:7.0(0.47%),B:14.0(0.03%),P:1e-5	Tpos:259.1,Tstd:224.0,Bpos:425.3,Bstd:271.1,StrandBias:-2.8,Multiplicity:2.29
0.001	0.344	0.001	0.654
0.001	0.790	0.208	0.001
0.001	0.560	0.001	0.438
0.001	0.001	0.045	0.953
0.945	0.001	0.001	0.053
0.001	0.001	0.997	0.001
0.001	0.654	0.001	0.344
0.648	0.350	0.001	0.001
0.001	0.001	0.997	0.001
0.001	0.997	0.001	0.001
0.001	0.001	0.997	0.001
0.001	0.914	0.084	0.001
>AGTACCACACGA	20-AGTACCACACGA	10.836785	-10.740861	0	T:4.0(0.27%),B:2.5(0.01%),P:1e-4	Tpos:284.2,Tstd:167.2,Bpos:586.5,Bstd:146.2,StrandBias:2.8,Multiplicity:2.00
0.997	0.001	0.001	0.001
0.001	0.001	0.997	0.001
0.227	0.001	0.001	0.771
0.928	0.001	0.070	0.001
0.001	0.997	0.001	0.001
0.001	0.997	0.001	0.001
0.997	0.001	0.001	0.001
0.001	0.997	0.001	0.001
0.997	0.001	0.001	0.001
0.001	0.802	0.196	0.001
0.001	0.001	0.997	0.001
0.997	0.001	0.001	0.001
>ACACCGAACGGA	21-ACACCGAACGGA	11.609549	-9.921975	0	T:4.0(0.27%),B:4.0(0.01%),P:1e-4	Tpos:322.4,Tstd:196.6,Bpos:484.2,Bstd:344.6,StrandBias:1.6,Multiplicity:2.00
0.771	0.049	0.179	0.001
0.001	0.997	0.001	0.001
0.997	0.001	0.001	0.001
0.001	0.997	0.001	0.001
0.001	0.997	0.001	0.001
0.001	0.001	0.997	0.001
0.832	0.001	0.001	0.166
0.997	0.001	0.001	0.001
0.001	0.771	0.227	0.001
0.001	0.001	0.997	0.001
0.001	0.001	0.997	0.001
0.997	0.001	0.001	0.001
>TAACGTGACCTA	22-TAACGTGACCTA	11.722322	-9.257204	0	T:4.0(0.27%),B:4.5(0.01%),P:1e-4	Tpos:386.2,Tstd:110.0,Bpos:480.4,Bstd:245.4,StrandBias:1.9,Multiplicity:3.50
0.001	0.094	0.001	0.904
0.923	0.001	0.001	0.075
0.997	0.001	0.001	0.001
0.001	0.997	0.001	0.001
0.075	0.001	0.923	0.001
0.001	0.001	0.001	0.997
0.001	0.094	0.904	0.001
0.997	0.001	0.001	0.001
0.001	0.997	0.001	0.001
0.001	0.997	0.001	0.001
0.001	0.001	0.001	0.997
0.997	0.001	0.001	0.001
>CAGCTTTCCRGK	23-CAGCTTTCCRGK	10.849906	-8.594660	0	T:10.0(0.67%),B:61.6(0.15%),P:1e-3	Tpos:366.4,Tstd:177.9,Bpos:463.3,Bstd:321.8,StrandBias:1.2,Multiplicity:2.00
0.001	0.997	0.001	0.001
0.997	0.001	0.001	0.001
0.001	0.001	0.653	0.345
0.001	0.997	0.001	0.001
0.001	0.001	0.001	0.997
0.001	0.043	0.001	0.955
0.001	0.001	0.001	0.997
0.001	0.997	0.001	0.001
0.001	0.997	0.001	0.001
0.450	0.001	0.505	0.044
0.001	0.043	0.955	0.001
0.001	0.001	0.492	0.506
>ACGTTTAGCTCC	24-ACGTTTAGCTCC	13.936407	-7.127219	0	T:3.0(0.20%),B:4.0(0.01%),P:1e-3	Tpos:277.9,Tstd:154.0,Bpos:265.1,Bstd:208.2,StrandBias:10.0,Multiplicity:4.00
0.997	0.001	0.001	0.001
0.001	0.997	0.001	0.001
0.001	0.001	0.997	0.001
0.001	0.001	0.001	0.997
0.001	0.001	0.001	0.997
0.001	0.001	0.001	0.997
0.997	0.001	0.001	0.001
0.086	0.001	0.840	0.073
0.107	0.806	0.001	0.086
0.001	0.001	0.001	0.997
0.001	0.997	0.001	0.001
0.001	0.997	0.001	0.001
>AATCTRGCCAGA	25-AATCTRGCCAGA	9.312084	-4.528860	0	T:26.0(1.75%),B:427.0(1.05%),P:1e-1	Tpos:340.0,Tstd:276.8,Bpos:465.8,Bstd:303.6,StrandBias:-0.2,Multiplicity:1.46
0.626	0.087	0.286	0.001
0.709	0.047	0.001	0.243
0.001	0.001	0.120	0.878
0.059	0.878	0.001	0.062
0.090	0.059	0.001	0.850
0.539	0.001	0.458	0.002
0.001	0.001	0.997	0.001
0.050	0.870	0.040	0.040
0.040	0.849	0.001	0.110
0.952	0.001	0.001	0.046
0.001	0.155	0.843	0.001
0.627	0.014	0.253	0.106
