>TGACGTTTGC	1-TGACGTTTGC	10.474583	-29.984711	0	T:17.0(10.43%),B:321.7(0.83%),P:1e-13	Tpos:545.2,Tstd:302.6,Bpos:540.1,Bstd:340.8,StrandBias:-0.5,Multiplicity:1.00
0.001	0.073	0.001	0.925
0.001	0.001	0.997	0.001
0.731	0.068	0.077	0.124
0.030	0.937	0.001	0.032
0.039	0.001	0.959	0.001
0.001	0.001	0.001	0.997
0.001	0.082	0.001	0.916
0.001	0.001	0.001	0.997
0.082	0.112	0.778	0.028
0.001	0.997	0.001	0.001
>AGAGACSCAG	2-AGAGACSCAG	8.181413	-23.856331	0	T:44.0(26.99%),B:3534.3(9.13%),P:1e-10	Tpos:629.5,Tstd:242.3,Bpos:566.1,Bstd:353.4,StrandBias:-0.8,Multiplicity:1.23
0.997	0.001	0.001	0.001
0.001	0.001	0.997	0.001
0.997	0.001	0.001	0.001
0.001	0.001	0.997	0.001
0.997	0.001	0.001	0.001
0.193	0.805	0.001	0.001
0.001	0.412	0.447	0.140
0.001	0.636	0.231	0.132
0.973	0.025	0.001	0.001
0.001	0.001	0.997	0.001
>CCGCACGTGT	3-CCGCACGTGT	10.762994	-22.864957	0	T:10.0(6.13%),B:112.3(0.29%),P:1e-9	Tpos:427.8,Tstd:233.6,Bpos:521.1,Bstd:353.7,StrandBias:0.0,Multiplicity:1.00
0.001	0.889	0.109	0.001
0.001	0.997	0.001	0.001
0.240	0.001	0.758	0.001
0.001	0.997	0.001	0.001
0.932	0.066	0.001	0.001
0.001	0.794	0.105	0.100
0.001	0.001	0.997	0.001
0.001	0.001	0.001	0.997
0.001	0.001	0.997	0.001
0.124	0.001	0.127	0.748
>CGATGATTAC	4-CGATGATTAC	9.661499	-22.657285	0	T:18.0(11.04%),B:598.1(1.55%),P:1e-9	Tpos:423.6,Tstd:325.1,Bpos:487.9,Bstd:341.7,StrandBias:0.7,Multiplicity:1.00
0.001	0.877	0.076	0.046
0.061	0.001	0.937	0.001
0.920	0.078	0.001	0.001
0.001	0.071	0.090	0.838
0.044	0.086	0.869	0.001
0.870	0.001	0.001	0.128
0.001	0.061	0.001	0.937
0.001	0.062	0.001	0.936
0.914	0.001	0.054	0.031
0.001	0.959	0.001	0.039
>GCGATAGTGT	5-GCGATAGTGT	10.182878	-20.677079	0	T:15.0(9.20%),B:440.4(1.14%),P:1e-8	Tpos:476.2,Tstd:211.8,Bpos:536.4,Bstd:343.5,StrandBias:-0.4,Multiplicity:1.07
0.001	0.116	0.706	0.177
0.001	0.997	0.001	0.001
0.001	0.001	0.997	0.001
0.997	0.001	0.001	0.001
0.094	0.001	0.121	0.784
0.878	0.001	0.001	0.120
0.207	0.001	0.665	0.127
0.001	0.001	0.001	0.997
0.001	0.001	0.997	0.001
0.316	0.001	0.001	0.682
>CTCAACCTAG	6-CTCAACCTAG	10.046495	-19.453011	0	T:13.0(7.98%),B:338.4(0.87%),P:1e-8	Tpos:444.9,Tstd:265.3,Bpos:500.5,Bstd:331.2,StrandBias:0.8,Multiplicity:1.08
0.001	0.921	0.001	0.077
0.001	0.001	0.001	0.997
0.001	0.807	0.102	0.090
0.877	0.001	0.001	0.121
0.997	0.001	0.001	0.001
0.057	0.774	0.098	0.071
0.079	0.919	0.001	0.001
0.052	0.001	0.086	0.861
0.921	0.001	0.001	0.077
0.001	0.001	0.997	0.001
>GTWGTCTCTC	7-GTWGTCTCTC	8.713772	-18.348737	0	T:25.0(15.34%),B:1547.1(4.00%),P:1e-7	Tpos:597.4,Tstd:239.1,Bpos:537.3,Bstd:326.0,StrandBias:1.2,Multiplicity:1.08
0.001	0.194	0.804	0.001
0.072	0.001	0.048	0.879
0.310	0.001	0.251	0.438
0.001	0.001	0.997	0.001
0.083	0.062	0.001	0.854
0.241	0.709	0.001	0.049
0.102	0.001	0.001	0.896
0.130	0.868	0.001	0.001
0.075	0.001	0.069	0.855
0.066	0.723	0.114	0.097
>AAGTCRCATG	8-AAGTCRCATG	10.452312	-18.109451	0	T:15.0(9.20%),B:536.4(1.39%),P:1e-7	Tpos:579.1,Tstd:264.0,Bpos:516.1,Bstd:308.4,StrandBias:0.2,Multiplicity:1.00
0.997	0.001	0.001	0.001
0.997	0.001	0.001	0.001
0.001	0.001	0.997	0.001
0.001	0.001	0.001	0.997
0.001	0.997	0.001	0.001
0.475	0.001	0.523	0.001
0.311	0.687	0.001	0.001
0.671	0.327	0.001	0.001
0.001	0.001	0.001	0.997
0.302	0.001	0.696	0.001
>GSBGCTKTSC	9-GSBGCTKTSC	8.124623	-17.664458	0	T:18.0(11.04%),B:830.7(2.15%),P:1e-7	Tpos:519.1,Tstd:326.9,Bpos:510.3,Bstd:337.7,StrandBias:0.5,Multiplicity:1.22
0.015	0.350	0.623	0.012
0.048	0.461	0.418	0.072
0.148	0.282	0.256	0.313
0.061	0.113	0.733	0.093
0.048	0.845	0.072	0.035
0.071	0.044	0.001	0.884
0.186	0.001	0.385	0.428
0.042	0.074	0.041	0.843
0.001	0.573	0.425	0.001
0.072	0.744	0.044	0.140
>TCGATTCATT	10-TCGATTCATT	9.726008	-17.274099	0	T:32.0(19.63%),B:2559.3(6.61%),P:1e-7	Tpos:482.6,Tstd:305.3,Bpos:528.7,Bstd:339.7,StrandBias:0.5,Multiplicity:1.10
0.051	0.001	0.001	0.947
0.001	0.872	0.039	0.088
0.061	0.119	0.819	0.001
0.899	0.041	0.059	0.001
0.033	0.068	0.066	0.833
0.001	0.047	0.001	0.951
0.103	0.834	0.001	0.062
0.997	0.001	0.001	0.001
0.001	0.001	0.001	0.997
0.001	0.040	0.001	0.958
>AGAACACTCA	11-AGAACACTCA	8.518149	-17.015074	0	T:16.0(9.82%),B:674.0(1.74%),P:1e-7	Tpos:453.2,Tstd:224.8,Bpos:519.0,Bstd:315.8,StrandBias:0.0,Multiplicity:1.12
0.591	0.046	0.027	0.336
0.250	0.248	0.467	0.035
0.861	0.040	0.011	0.088
0.679	0.068	0.066	0.187
0.230	0.692	0.033	0.045
0.491	0.051	0.214	0.244
0.041	0.826	0.037	0.096
0.150	0.021	0.054	0.775
0.041	0.800	0.073	0.086
0.415	0.220	0.196	0.170
>GCCAAGCGTT	12-GCCAAGCGTT	7.634904	-16.817302	0	T:25.0(15.34%),B:1676.7(4.33%),P:1e-7	Tpos:408.3,Tstd:302.7,Bpos:503.9,Bstd:321.4,StrandBias:-0.5,Multiplicity:1.08
0.017	0.060	0.813	0.110
0.113	0.689	0.158	0.040
0.103	0.739	0.113	0.045
0.858	0.059	0.032	0.051
0.807	0.101	0.036	0.056
0.047	0.029	0.874	0.050
0.076	0.742	0.085	0.097
0.048	0.001	0.928	0.023
0.064	0.205	0.001	0.730
0.088	0.023	0.058	0.831
>YGAATTAAWC	13-YGAATTAAWC	9.057323	-16.728744	0	T:31.0(19.02%),B:2480.9(6.41%),P:1e-7	Tpos:524.0,Tstd:316.0,Bpos:517.1,Bstd:328.6,StrandBias:-0.2,Multiplicity:1.07
0.001	0.565	0.001	0.433
0.149	0.001	0.849	0.001
0.776	0.119	0.063	0.042
0.951	0.001	0.001	0.047
0.316	0.001	0.110	0.573
0.076	0.001	0.323	0.600
0.642	0.287	0.001	0.070
0.990	0.008	0.001	0.001
0.352	0.220	0.001	0.427
0.001	0.872	0.126	0.001
>CATATTTGCC	14-CATATTTGCC	9.611005	-16.584437	0	T:22.0(13.50%),B:1333.2(3.45%),P:1e-7	Tpos:628.2,Tstd:295.0,Bpos:500.1,Bstd:318.9,StrandBias:0.1,Multiplicity:1.14
0.028	0.932	0.001	0.039
0.997	0.001	0.001	0.001
0.001	0.057	0.001	0.941
0.897	0.001	0.063	0.039
0.001	0.001	0.001	0.997
0.001	0.092	0.001	0.906
0.001	0.001	0.001	0.997
0.001	0.181	0.590	0.228
0.001	0.899	0.053	0.047
0.038	0.884	0.077	0.001
>TCTTCAGTTT	15-TCTTCAGTTT	9.987136	-16.057089	0	T:22.0(13.50%),B:1375.4(3.55%),P:1e-6	Tpos:558.5,Tstd:258.5,Bpos:511.5,Bstd:332.1,StrandBias:0.7,Multiplicity:1.09
0.001	0.001	0.050	0.948
0.001	0.997	0.001	0.001
0.001	0.001	0.043	0.955
0.001	0.001	0.036	0.962
0.001	0.924	0.001	0.074
0.743	0.001	0.255	0.001
0.001	0.001	0.997	0.001
0.001	0.001	0.060	0.938
0.001	0.001	0.001	0.997
0.001	0.001	0.001	0.997
>TATACGCTGA	16-TATACGCTGA	10.139655	-15.732475	0	T:10.0(6.13%),B:246.8(0.64%),P:1e-6	Tpos:432.5,Tstd:319.0,Bpos:477.9,Bstd:303.5,StrandBias:0.7,Multiplicity:1.30
0.052	0.001	0.001	0.946
0.846	0.106	0.001	0.047
0.001	0.001	0.001	0.997
0.997	0.001	0.001	0.001
0.170	0.683	0.089	0.058
0.064	0.001	0.934	0.001
0.001	0.997	0.001	0.001
0.001	0.001	0.001	0.997
0.101	0.092	0.806	0.001
0.867	0.131	0.001	0.001
>CGTTGTBCAC	17-CGTTGTBCAC	8.142858	-15.463788	0	T:25.0(15.34%),B:1802.1(4.66%),P:1e-6	Tpos:456.2,Tstd:240.2,Bpos:503.6,Bstd:342.1,StrandBias:1.4,Multiplicity:1.04
0.049	0.753	0.082	0.116
0.009	0.024	0.950	0.017
0.001	0.024	0.099	0.876
0.001	0.311	0.044	0.644
0.072	0.024	0.782	0.122
0.080	0.228	0.001	0.691
0.050	0.345	0.317	0.287
0.327	0.542	0.029	0.102
0.923	0.041	0.001	0.035
0.104	0.771	0.032	0.093
>TTCTCGTTTG	18-TTCTCGTTTG	9.958577	-14.231885	0	T:24.0(14.72%),B:1794.6(4.64%),P:1e-6	Tpos:515.3,Tstd:313.6,Bpos:535.3,Bstd:344.7,StrandBias:0.3,Multiplicity:1.12
0.001	0.059	0.001	0.939
0.001	0.001	0.001	0.997
0.001	0.997	0.001	0.001
0.001	0.001	0.001	0.997
0.038	0.894	0.001	0.067
0.001	0.001	0.952	0.046
0.041	0.069	0.001	0.889
0.001	0.066	0.001	0.932
0.001	0.001	0.001	0.997
0.276	0.144	0.435	0.146
>ATTCGCAGTT	19-ATTCGCAGTT	10.014153	-12.279441	0	T:9.0(5.52%),B:285.5(0.74%),P:1e-5	Tpos:485.2,Tstd:284.2,Bpos:491.3,Bstd:322.8,StrandBias:-2.0,Multiplicity:1.11
0.997	0.001	0.001	0.001
0.001	0.074	0.001	0.924
0.001	0.001	0.001	0.997
0.001	0.997	0.001	0.001
0.001	0.001	0.997	0.001
0.001	0.997	0.001	0.001
0.592	0.001	0.001	0.406
0.001	0.001	0.997	0.001
0.001	0.058	0.001	0.940
0.001	0.001	0.001	0.997
>CCCTCGHCCC	20-CCCTCGHCCC	6.179507	-9.280176	0	T:10.0(6.13%),B:524.3(1.35%),P:1e-4	Tpos:683.4,Tstd:248.1,Bpos:545.2,Bstd:356.0,StrandBias:0.9,Multiplicity:2.00
0.001	0.997	0.001	0.001
0.001	0.997	0.001	0.001
0.001	0.997	0.001	0.001
0.001	0.051	0.001	0.947
0.001	0.997	0.001	0.001
0.001	0.001	0.997	0.001
0.389	0.275	0.001	0.335
0.001	0.718	0.045	0.236
0.001	0.997	0.001	0.001
0.040	0.958	0.001	0.001
>AAAAATTGGG	21-AAAAATTGGG	10.100510	-8.457341	0	T:19.0(11.66%),B:1783.1(4.61%),P:1e-3	Tpos:460.8,Tstd:306.8,Bpos:514.3,Bstd:333.6,StrandBias:-1.7,Multiplicity:1.37
0.962	0.036	0.001	0.001
0.940	0.058	0.001	0.001
0.997	0.001	0.001	0.001
0.997	0.001	0.001	0.001
0.972	0.001	0.026	0.001
0.001	0.192	0.088	0.719
0.001	0.001	0.001	0.997
0.001	0.001	0.997	0.001
0.001	0.001	0.997	0.001
0.001	0.001	0.997	0.001
>TAAAATTCCC	22-TAAAATTCCC	12.104296	-2.258964	0	T:4.0(2.45%),B:421.0(1.09%),P:1e0	Tpos:382.9,Tstd:240.7,Bpos:487.9,Bstd:332.8,StrandBias:3.0,Multiplicity:4.50
0.001	0.177	0.001	0.821
0.997	0.001	0.001	0.001
0.997	0.001	0.001	0.001
0.997	0.001	0.001	0.001
0.997	0.001	0.001	0.001
0.001	0.001	0.001	0.997
0.001	0.001	0.001	0.997
0.001	0.997	0.001	0.001
0.001	0.997	0.001	0.001
0.001	0.997	0.001	0.001
