>CGCACGTG	1-CGCACGTG	8.673884	-19.924738	0	T:21.0(12.88%),B:999.8(2.58%),P:1e-8	Tpos:494.0,Tstd:228.4,Bpos:521.3,Bstd:346.0,StrandBias:0.7,Multiplicity:1.00
0.001	0.997	0.001	0.001
0.248	0.001	0.750	0.001
0.001	0.845	0.001	0.153
0.997	0.001	0.001	0.001
0.001	0.997	0.001	0.001
0.001	0.001	0.997	0.001
0.179	0.001	0.001	0.819
0.037	0.001	0.961	0.001
>CTAGCCCC	2-CTAGCCCC	6.234882	-17.612921	0	T:57.0(34.97%),B:6546.5(16.92%),P:1e-7	Tpos:526.8,Tstd:290.6,Bpos:506.9,Bstd:352.1,StrandBias:1.0,Multiplicity:1.18
0.136	0.669	0.194	0.001
0.001	0.071	0.001	0.927
0.533	0.213	0.001	0.253
0.121	0.050	0.828	0.001
0.235	0.763	0.001	0.001
0.063	0.935	0.001	0.001
0.001	0.572	0.238	0.189
0.072	0.685	0.242	0.001
>ATCGATAC	3-ATCGATAC	6.196616	-16.934335	0	T:92.0(56.44%),B:13742.3(35.51%),P:1e-7	Tpos:506.4,Tstd:295.4,Bpos:513.2,Bstd:344.7,StrandBias:-0.4,Multiplicity:1.49
0.837	0.001	0.098	0.064
0.001	0.001	0.001	0.997
0.001	0.965	0.001	0.033
0.058	0.001	0.940	0.001
0.997	0.001	0.001	0.001
0.001	0.130	0.001	0.868
0.800	0.032	0.112	0.056
0.154	0.658	0.187	0.001
>GTCTCTCT	4-GTCTCTCT	8.803708	-15.088136	0	T:35.0(21.47%),B:3273.7(8.46%),P:1e-6	Tpos:611.0,Tstd:238.3,Bpos:547.0,Bstd:357.2,StrandBias:1.2,Multiplicity:1.20
0.001	0.001	0.997	0.001
0.001	0.001	0.001	0.997
0.001	0.997	0.001	0.001
0.001	0.001	0.001	0.997
0.001	0.997	0.001	0.001
0.001	0.001	0.121	0.877
0.001	0.997	0.001	0.001
0.143	0.001	0.001	0.855
>TCTCGTTT	5-TCTCGTTT	9.616888	-8.804879	0	T:40.0(24.54%),B:5293.1(13.68%),P:1e-3	Tpos:520.8,Tstd:315.7,Bpos:530.9,Bstd:349.1,StrandBias:0.6,Multiplicity:1.18
0.001	0.001	0.001	0.997
0.001	0.997	0.001	0.001
0.001	0.001	0.001	0.997
0.001	0.997	0.001	0.001
0.001	0.001	0.997	0.001
0.234	0.144	0.001	0.621
0.001	0.001	0.001	0.997
0.001	0.001	0.001	0.997
>TCCCCTAA	6-TCCCCTAA	6.609547	-7.306971	0	T:29.0(17.79%),B:3649.4(9.43%),P:1e-3	Tpos:454.3,Tstd:264.2,Bpos:516.3,Bstd:340.0,StrandBias:1.4,Multiplicity:1.48
0.001	0.001	0.001	0.997
0.185	0.703	0.001	0.111
0.001	0.997	0.001	0.001
0.001	0.882	0.116	0.001
0.001	0.997	0.001	0.001
0.001	0.001	0.001	0.997
0.952	0.001	0.001	0.046
0.935	0.063	0.001	0.001
