>AGTTGTYTCTCA	1-AGTTGTYTCTCA	11.492364	-27.739319	0	T:15.0(9.20%),B:260.4(0.67%),P:1e-12	Tpos:504.2,Tstd:307.0,Bpos:539.4,Bstd:316.2,StrandBias:0.7,Multiplicity:1.07
0.891	0.001	0.001	0.107
0.001	0.001	0.926	0.072
0.001	0.223	0.001	0.775
0.001	0.001	0.001	0.997
0.001	0.160	0.838	0.001
0.001	0.001	0.001	0.997
0.001	0.419	0.148	0.432
0.147	0.001	0.001	0.851
0.109	0.889	0.001	0.001
0.001	0.105	0.001	0.893
0.001	0.918	0.001	0.080
0.570	0.001	0.081	0.348
>CACAAGTGTCAG	2-CACAAGTGTCAG	11.465761	-26.914511	0	T:13.0(7.98%),B:179.1(0.46%),P:1e-11	Tpos:471.9,Tstd:324.8,Bpos:522.2,Bstd:322.7,StrandBias:0.7,Multiplicity:1.00
0.001	0.997	0.001	0.001
0.997	0.001	0.001	0.001
0.189	0.541	0.116	0.154
0.997	0.001	0.001	0.001
0.864	0.001	0.001	0.134
0.001	0.001	0.916	0.082
0.228	0.134	0.001	0.637
0.001	0.001	0.841	0.157
0.233	0.093	0.154	0.520
0.001	0.890	0.108	0.001
0.997	0.001	0.001	0.001
0.001	0.001	0.997	0.001
>AGAGACGGAGWS	3-AGAGACGGAGWS	10.597284	-25.509921	0	T:30.0(18.40%),B:1600.0(4.13%),P:1e-11	Tpos:607.8,Tstd:242.0,Bpos:570.6,Bstd:355.7,StrandBias:-0.5,Multiplicity:1.13
0.767	0.114	0.118	0.001
0.001	0.001	0.997	0.001
0.997	0.001	0.001	0.001
0.001	0.001	0.997	0.001
0.997	0.001	0.001	0.001
0.365	0.528	0.081	0.026
0.110	0.062	0.572	0.256
0.089	0.275	0.635	0.001
0.519	0.365	0.070	0.046
0.068	0.062	0.814	0.056
0.560	0.001	0.003	0.436
0.066	0.337	0.451	0.145
>AATCGAAATCAC	4-AATCGAAATCAC	13.313481	-23.541878	0	T:10.0(6.13%),B:104.8(0.27%),P:1e-10	Tpos:502.9,Tstd:289.2,Bpos:478.0,Bstd:294.2,StrandBias:-2.0,Multiplicity:1.00
0.997	0.001	0.001	0.001
0.997	0.001	0.001	0.001
0.001	0.001	0.001	0.997
0.001	0.905	0.001	0.093
0.001	0.001	0.865	0.133
0.997	0.001	0.001	0.001
0.882	0.001	0.001	0.116
0.997	0.001	0.001	0.001
0.001	0.001	0.001	0.997
0.150	0.577	0.134	0.139
0.997	0.001	0.001	0.001
0.098	0.900	0.001	0.001
>TTTCACCCACTC	5-TTTCACCCACTC	13.184719	-23.235779	0	T:9.0(5.52%),B:74.5(0.19%),P:1e-10	Tpos:586.1,Tstd:209.3,Bpos:540.8,Bstd:305.3,StrandBias:0.3,Multiplicity:1.00
0.001	0.001	0.001	0.997
0.001	0.001	0.001	0.997
0.001	0.132	0.001	0.866
0.001	0.997	0.001	0.001
0.997	0.001	0.001	0.001
0.001	0.997	0.001	0.001
0.078	0.920	0.001	0.001
0.112	0.886	0.001	0.001
0.997	0.001	0.001	0.001
0.163	0.835	0.001	0.001
0.133	0.001	0.092	0.774
0.001	0.835	0.163	0.001
>CGGCAAACGTCA	6-CGGCAAACGTCA	10.725757	-22.626058	0	T:14.0(8.59%),B:316.9(0.82%),P:1e-9	Tpos:543.0,Tstd:304.5,Bpos:492.9,Bstd:334.1,StrandBias:-0.4,Multiplicity:1.00
0.001	0.689	0.222	0.088
0.001	0.151	0.599	0.249
0.001	0.001	0.997	0.001
0.246	0.583	0.067	0.104
0.997	0.001	0.001	0.001
0.880	0.001	0.118	0.001
0.919	0.079	0.001	0.001
0.001	0.838	0.001	0.160
0.079	0.001	0.919	0.001
0.001	0.005	0.107	0.887
0.001	0.880	0.001	0.118
0.824	0.001	0.174	0.001
>CACWCTTTCAAC	7-CACWCTTTCAAC	11.960257	-22.530857	0	T:11.0(6.75%),B:158.3(0.41%),P:1e-9	Tpos:537.4,Tstd:264.5,Bpos:556.3,Bstd:319.4,StrandBias:0.3,Multiplicity:1.00
0.001	0.761	0.237	0.001
0.690	0.001	0.181	0.128
0.001	0.761	0.237	0.001
0.544	0.001	0.001	0.454
0.001	0.997	0.001	0.001
0.001	0.273	0.001	0.725
0.001	0.001	0.144	0.854
0.001	0.001	0.001	0.997
0.001	0.997	0.001	0.001
0.997	0.001	0.001	0.001
0.997	0.001	0.001	0.001
0.001	0.725	0.001	0.273
>TAAAGCAGAAAT	8-TAAAGCAGAAAT	11.872500	-20.717955	0	T:13.0(7.98%),B:303.9(0.79%),P:1e-8	Tpos:590.1,Tstd:255.6,Bpos:520.7,Bstd:305.5,StrandBias:-1.2,Multiplicity:1.00
0.070	0.133	0.086	0.711
0.916	0.001	0.001	0.082
0.997	0.001	0.001	0.001
0.997	0.001	0.001	0.001
0.073	0.132	0.794	0.001
0.001	0.997	0.001	0.001
0.997	0.001	0.001	0.001
0.001	0.124	0.874	0.001
0.997	0.001	0.001	0.001
0.997	0.001	0.001	0.001
0.878	0.001	0.001	0.120
0.069	0.001	0.001	0.929
>ACACAGACGACG	9-ACACAGACGACG	11.926809	-20.547022	0	T:8.0(4.91%),B:68.2(0.18%),P:1e-8	Tpos:676.0,Tstd:185.6,Bpos:529.3,Bstd:356.0,StrandBias:-0.7,Multiplicity:1.00
0.750	0.243	0.001	0.006
0.265	0.574	0.160	0.001
0.997	0.001	0.001	0.001
0.156	0.557	0.022	0.265
0.839	0.001	0.001	0.159
0.001	0.001	0.997	0.001
0.991	0.001	0.007	0.001
0.375	0.623	0.001	0.001
0.161	0.001	0.837	0.001
0.689	0.001	0.001	0.309
0.006	0.987	0.006	0.001
0.019	0.001	0.677	0.303
>ACTTCGTATCGA	10-ACTTCGTATCGA	13.776677	-20.173645	0	T:6.0(3.68%),B:22.2(0.06%),P:1e-8	Tpos:536.7,Tstd:152.9,Bpos:494.6,Bstd:358.0,StrandBias:2.3,Multiplicity:1.00
0.997	0.001	0.001	0.001
0.128	0.870	0.001	0.001
0.001	0.001	0.001	0.997
0.205	0.001	0.001	0.793
0.001	0.997	0.001	0.001
0.001	0.001	0.860	0.138
0.001	0.179	0.001	0.819
0.997	0.001	0.001	0.001
0.179	0.001	0.001	0.819
0.001	0.997	0.001	0.001
0.001	0.001	0.997	0.001
0.997	0.001	0.001	0.001
>AAMAGCGARTAT	11-AAMAGCGARTAT	13.146390	-19.725631	0	T:6.0(3.68%),B:24.7(0.06%),P:1e-8	Tpos:701.4,Tstd:236.3,Bpos:513.7,Bstd:342.9,StrandBias:1.3,Multiplicity:1.17
0.821	0.001	0.001	0.177
0.997	0.001	0.001	0.001
0.453	0.545	0.001	0.001
0.997	0.001	0.001	0.001
0.001	0.001	0.997	0.001
0.001	0.997	0.001	0.001
0.001	0.001	0.997	0.001
0.836	0.162	0.001	0.001
0.479	0.001	0.519	0.001
0.001	0.001	0.001	0.997
0.997	0.001	0.001	0.001
0.001	0.001	0.001	0.997
>TTCTTGCCTTAT	12-TTCTTGCCTTAT	10.777758	-19.368740	0	T:19.0(11.66%),B:834.2(2.16%),P:1e-8	Tpos:589.7,Tstd:285.3,Bpos:525.9,Bstd:331.2,StrandBias:0.7,Multiplicity:1.11
0.001	0.055	0.001	0.943
0.001	0.001	0.064	0.934
0.003	0.573	0.214	0.210
0.001	0.061	0.069	0.869
0.001	0.055	0.001	0.943
0.059	0.029	0.778	0.134
0.068	0.853	0.054	0.025
0.030	0.754	0.001	0.215
0.001	0.001	0.001	0.997
0.054	0.065	0.102	0.779
0.772	0.061	0.001	0.166
0.095	0.086	0.001	0.818
>AATTTTTTCCTA	13-AATTTTTTCCTA	12.902434	-19.361429	0	T:11.0(6.75%),B:217.6(0.56%),P:1e-8	Tpos:464.5,Tstd:264.1,Bpos:467.1,Bstd:307.2,StrandBias:1.4,Multiplicity:1.00
0.848	0.001	0.150	0.001
0.997	0.001	0.001	0.001
0.001	0.001	0.001	0.997
0.001	0.295	0.001	0.703
0.001	0.001	0.001	0.997
0.001	0.001	0.001	0.997
0.001	0.224	0.001	0.774
0.001	0.001	0.248	0.750
0.001	0.951	0.047	0.001
0.001	0.997	0.001	0.001
0.001	0.074	0.001	0.924
0.997	0.001	0.001	0.001
>GAGCCGCGACCG	14-GAGCCGCGACCG	10.358207	-18.117972	0	T:5.0(3.07%),B:14.8(0.04%),P:1e-7	Tpos:486.8,Tstd:318.0,Bpos:454.4,Bstd:374.8,StrandBias:-0.6,Multiplicity:1.00
0.001	0.001	0.997	0.001
0.997	0.001	0.001	0.001
0.001	0.001	0.997	0.001
0.001	0.997	0.001	0.001
0.001	0.997	0.001	0.001
0.001	0.001	0.997	0.001
0.001	0.997	0.001	0.001
0.171	0.001	0.827	0.001
0.997	0.001	0.001	0.001
0.001	0.827	0.171	0.001
0.066	0.932	0.001	0.001
0.001	0.001	0.997	0.001
>TATTATTTTTAA	15-TATTATTTTTAA	11.798366	-17.580980	0	T:25.0(15.34%),B:1610.5(4.16%),P:1e-7	Tpos:562.3,Tstd:330.8,Bpos:499.7,Bstd:300.5,StrandBias:0.3,Multiplicity:1.00
0.001	0.037	0.049	0.913
0.951	0.035	0.001	0.013
0.032	0.046	0.001	0.921
0.001	0.196	0.045	0.758
0.987	0.001	0.001	0.011
0.044	0.001	0.001	0.954
0.001	0.001	0.067	0.931
0.075	0.086	0.001	0.838
0.067	0.001	0.001	0.931
0.001	0.024	0.036	0.939
0.923	0.021	0.026	0.030
0.970	0.001	0.001	0.028
>GGAGAAATCTGA	16-GGAGAAATCTGA	13.299380	-17.037621	0	T:8.0(4.91%),B:110.4(0.29%),P:1e-7	Tpos:610.6,Tstd:261.1,Bpos:588.4,Bstd:359.3,StrandBias:-1.8,Multiplicity:1.12
0.001	0.001	0.997	0.001
0.074	0.001	0.820	0.105
0.849	0.001	0.001	0.149
0.001	0.001	0.863	0.135
0.997	0.001	0.001	0.001
0.997	0.001	0.001	0.001
0.997	0.001	0.001	0.001
0.078	0.001	0.001	0.920
0.001	0.938	0.001	0.060
0.001	0.001	0.001	0.997
0.001	0.001	0.997	0.001
0.824	0.174	0.001	0.001
>TATACGCTGACA	17-TATACGCTGACA	10.930505	-16.859597	0	T:9.0(5.52%),B:161.4(0.42%),P:1e-7	Tpos:385.4,Tstd:301.4,Bpos:474.6,Bstd:302.7,StrandBias:0.5,Multiplicity:1.33
0.110	0.001	0.001	0.888
0.956	0.001	0.001	0.042
0.001	0.001	0.001	0.997
0.924	0.001	0.001	0.074
0.330	0.665	0.001	0.004
0.139	0.001	0.749	0.111
0.074	0.823	0.102	0.001
0.110	0.001	0.001	0.888
0.132	0.004	0.863	0.001
0.594	0.106	0.127	0.173
0.198	0.800	0.001	0.001
0.872	0.001	0.126	0.001
>WCTCTCACGAAT	18-WCTCTCACGAAT	12.332349	-16.320982	0	T:7.0(4.29%),B:80.0(0.21%),P:1e-7	Tpos:612.4,Tstd:291.0,Bpos:485.2,Bstd:351.4,StrandBias:2.6,Multiplicity:1.00
0.443	0.001	0.001	0.555
0.001	0.997	0.001	0.001
0.001	0.001	0.268	0.730
0.001	0.730	0.001	0.268
0.001	0.001	0.001	0.997
0.001	0.768	0.001	0.230
0.997	0.001	0.001	0.001
0.230	0.757	0.001	0.012
0.174	0.001	0.824	0.001
0.997	0.001	0.001	0.001
0.719	0.001	0.001	0.279
0.001	0.001	0.001	0.997
>AAAACACCCATT	19-AAAACACCCATT	13.339255	-15.951803	0	T:9.0(5.52%),B:180.7(0.47%),P:1e-6	Tpos:414.5,Tstd:275.2,Bpos:571.6,Bstd:346.6,StrandBias:1.4,Multiplicity:1.22
0.874	0.001	0.124	0.001
0.997	0.001	0.001	0.001
0.997	0.001	0.001	0.001
0.997	0.001	0.001	0.001
0.058	0.863	0.001	0.078
0.812	0.081	0.001	0.106
0.093	0.905	0.001	0.001
0.001	0.890	0.001	0.108
0.143	0.766	0.001	0.090
0.997	0.001	0.001	0.001
0.001	0.001	0.001	0.997
0.001	0.001	0.001	0.997
>GGAYGATTATGT	20-GGAYGATTATGT	11.097569	-14.821730	0	T:9.0(5.52%),B:207.1(0.54%),P:1e-6	Tpos:411.0,Tstd:290.7,Bpos:503.4,Bstd:303.7,StrandBias:0.0,Multiplicity:1.11
0.001	0.102	0.896	0.001
0.001	0.001	0.880	0.118
0.997	0.001	0.001	0.001
0.119	0.347	0.119	0.414
0.004	0.159	0.836	0.001
0.997	0.001	0.001	0.001
0.095	0.001	0.001	0.903
0.001	0.001	0.095	0.903
0.879	0.007	0.005	0.109
0.001	0.001	0.158	0.840
0.238	0.001	0.546	0.215
0.001	0.001	0.001	0.997
>CTGTAGCTCGTG	21-CTGTAGCTCGTG	10.830607	-12.859027	0	T:8.0(4.91%),B:196.0(0.51%),P:1e-5	Tpos:376.2,Tstd:246.8,Bpos:448.5,Bstd:346.3,StrandBias:-0.6,Multiplicity:1.25
0.001	0.997	0.001	0.001
0.001	0.001	0.139	0.859
0.001	0.122	0.783	0.094
0.158	0.001	0.001	0.840
0.859	0.001	0.139	0.001
0.216	0.001	0.782	0.001
0.261	0.737	0.001	0.001
0.001	0.001	0.001	0.997
0.084	0.672	0.122	0.122
0.001	0.084	0.721	0.194
0.001	0.001	0.001	0.997
0.094	0.112	0.793	0.001
>TTAAAATTCCCC	22-TTAAAATTCCCC	13.964850	-9.219492	0	T:4.0(2.45%),B:53.0(0.14%),P:1e-4	Tpos:407.1,Tstd:322.9,Bpos:556.7,Bstd:376.4,StrandBias:10.0,Multiplicity:1.75
0.111	0.001	0.001	0.887
0.133	0.198	0.001	0.668
0.997	0.001	0.001	0.001
0.997	0.001	0.001	0.001
0.997	0.001	0.001	0.001
0.878	0.001	0.001	0.120
0.001	0.001	0.001	0.997
0.001	0.001	0.001	0.997
0.001	0.997	0.001	0.001
0.001	0.997	0.001	0.001
0.001	0.997	0.001	0.001
0.001	0.997	0.001	0.001
>GGGACGAGGGAC	23-GGGACGAGGGAC	14.091517	-7.638498	0	T:2.0(1.23%),B:6.5(0.02%),P:1e-3	Tpos:779.9,Tstd:174.5,Bpos:294.7,Bstd:95.8,StrandBias:-0.7,Multiplicity:4.00
0.001	0.001	0.997	0.001
0.001	0.001	0.997	0.001
0.001	0.001	0.997	0.001
0.766	0.001	0.232	0.001
0.001	0.997	0.001	0.001
0.001	0.001	0.997	0.001
0.825	0.001	0.173	0.001
0.001	0.001	0.997	0.001
0.001	0.001	0.997	0.001
0.001	0.001	0.997	0.001
0.609	0.001	0.389	0.001
0.001	0.997	0.001	0.001
>GCCCCCCGTCCC	24-GCCCCCCGTCCC	14.701650	-7.638498	0	T:2.0(1.23%),B:6.8(0.02%),P:1e-3	Tpos:730.0,Tstd:257.4,Bpos:487.2,Bstd:430.0,StrandBias:-1.6,Multiplicity:2.00
0.001	0.386	0.612	0.001
0.001	0.997	0.001	0.001
0.001	0.997	0.001	0.001
0.001	0.997	0.001	0.001
0.001	0.997	0.001	0.001
0.001	0.997	0.001	0.001
0.001	0.997	0.001	0.001
0.001	0.001	0.997	0.001
0.001	0.001	0.001	0.997
0.001	0.997	0.001	0.001
0.001	0.997	0.001	0.001
0.386	0.612	0.001	0.001
>GGGAATTTTAGG	25-GGGAATTTTAGG	16.338130	-3.293425	0	T:1.0(0.61%),B:8.3(0.02%),P:1e-1	Tpos:346.4,Tstd:163.4,Bpos:485.3,Bstd:366.7,StrandBias:-10.0,Multiplicity:7.00
0.001	0.001	0.997	0.001
0.001	0.001	0.997	0.001
0.001	0.001	0.997	0.001
0.997	0.001	0.001	0.001
0.997	0.001	0.001	0.001
0.001	0.001	0.001	0.997
0.001	0.001	0.001	0.997
0.001	0.001	0.001	0.997
0.001	0.001	0.001	0.997
0.890	0.001	0.108	0.001
0.070	0.001	0.860	0.069
0.001	0.001	0.997	0.001
