>TCTTGTTACC	1-TCTTGTTACC	10.679548	-19.757831	0	T:8.0(28.57%),B:471.0(1.34%),P:1e-8	Tpos:489.7,Tstd:277.7,Bpos:492.0,Bstd:309.7,StrandBias:1.0,Multiplicity:1.12
0.001	0.001	0.001	0.997
0.001	0.997	0.001	0.001
0.167	0.001	0.001	0.831
0.001	0.001	0.001	0.997
0.001	0.144	0.854	0.001
0.001	0.001	0.001	0.997
0.171	0.001	0.001	0.827
0.904	0.001	0.001	0.094
0.001	0.880	0.001	0.118
0.001	0.864	0.001	0.134
>TTCTAACTGG	2-TTCTAACTGG	9.347581	-18.825655	0	T:9.0(32.14%),B:785.1(2.23%),P:1e-8	Tpos:509.5,Tstd:263.3,Bpos:496.0,Bstd:318.5,StrandBias:3.2,Multiplicity:1.11
0.001	0.167	0.001	0.831
0.001	0.001	0.001	0.997
0.073	0.579	0.204	0.144
0.066	0.001	0.115	0.818
0.700	0.001	0.075	0.224
0.939	0.059	0.001	0.001
0.156	0.795	0.001	0.048
0.001	0.001	0.082	0.916
0.104	0.070	0.664	0.162
0.058	0.075	0.778	0.089
>TGATCAAGAT	3-TGATCAAGAT	10.811966	-15.903351	0	T:8.0(28.57%),B:779.1(2.21%),P:1e-6	Tpos:448.2,Tstd:244.8,Bpos:485.9,Bstd:333.2,StrandBias:0.6,Multiplicity:1.25
0.001	0.001	0.001	0.997
0.001	0.001	0.997	0.001
0.997	0.001	0.001	0.001
0.001	0.001	0.001	0.997
0.001	0.949	0.049	0.001
0.740	0.001	0.205	0.054
0.801	0.001	0.001	0.197
0.179	0.001	0.819	0.001
0.477	0.001	0.245	0.277
0.001	0.001	0.001	0.997
>CCAGCCTCAA	4-CCAGCCTCAA	8.350283	-12.424877	0	T:7.0(25.00%),B:861.5(2.44%),P:1e-5	Tpos:540.9,Tstd:240.9,Bpos:461.9,Bstd:337.6,StrandBias:0.7,Multiplicity:1.14
0.100	0.700	0.100	0.100
0.100	0.700	0.100	0.100
0.700	0.100	0.100	0.100
0.100	0.100	0.700	0.100
0.100	0.700	0.100	0.100
0.100	0.700	0.100	0.100
0.100	0.100	0.100	0.700
0.100	0.700	0.100	0.100
0.700	0.100	0.100	0.100
0.700	0.100	0.100	0.100
>TTCGTCGGCA	5-TTCGTCGGCA	8.429792	-10.110739	0	T:8.0(28.57%),B:1712.1(4.86%),P:1e-4	Tpos:499.6,Tstd:329.7,Bpos:500.8,Bstd:365.0,StrandBias:1.8,Multiplicity:1.12
0.050	0.058	0.001	0.891
0.001	0.001	0.163	0.835
0.001	0.707	0.104	0.188
0.090	0.001	0.908	0.001
0.040	0.057	0.056	0.847
0.061	0.855	0.001	0.083
0.001	0.043	0.873	0.083
0.042	0.193	0.655	0.110
0.084	0.781	0.134	0.001
0.669	0.059	0.096	0.176
>CCATTTAATT	6-CCATTTAATT	10.534050	-9.348252	0	T:6.0(21.43%),B:948.5(2.69%),P:1e-4	Tpos:615.7,Tstd:337.2,Bpos:521.6,Bstd:337.9,StrandBias:2.6,Multiplicity:1.17
0.001	0.997	0.001	0.001
0.001	0.666	0.332	0.001
0.997	0.001	0.001	0.001
0.001	0.001	0.001	0.997
0.001	0.332	0.001	0.666
0.001	0.001	0.332	0.666
0.997	0.001	0.001	0.001
0.997	0.001	0.001	0.001
0.001	0.001	0.001	0.997
0.001	0.001	0.001	0.997
>TTCCGGATCT	7-TTCCGGATCT	10.983934	-9.310216	0	T:4.0(14.29%),B:297.6(0.84%),P:1e-4	Tpos:521.1,Tstd:230.5,Bpos:462.0,Bstd:388.2,StrandBias:0.8,Multiplicity:2.75
0.001	0.143	0.001	0.855
0.001	0.001	0.001	0.997
0.001	0.915	0.001	0.083
0.001	0.997	0.001	0.001
0.001	0.001	0.997	0.001
0.001	0.001	0.997	0.001
0.997	0.001	0.001	0.001
0.001	0.001	0.001	0.997
0.086	0.912	0.001	0.001
0.001	0.001	0.114	0.884
>GCCTCAACCA	8-GCCTCAACCA	11.652107	-8.424350	0	T:3.0(10.71%),B:145.5(0.41%),P:1e-3	Tpos:605.5,Tstd:321.9,Bpos:415.9,Bstd:333.9,StrandBias:1.6,Multiplicity:1.33
0.192	0.001	0.806	0.001
0.001	0.997	0.001	0.001
0.001	0.997	0.001	0.001
0.001	0.001	0.001	0.997
0.252	0.746	0.001	0.001
0.997	0.001	0.001	0.001
0.807	0.191	0.001	0.001
0.230	0.768	0.001	0.001
0.001	0.997	0.001	0.001
0.997	0.001	0.001	0.001
>TACAAACTAC	9-TACAAACTAC	11.288791	-2.053278	0	T:2.0(7.14%),B:784.5(2.23%),P:1e0	Tpos:748.4,Tstd:190.3,Bpos:508.4,Bstd:342.4,StrandBias:-3.3,Multiplicity:5.50
0.001	0.001	0.001	0.997
0.997	0.001	0.001	0.001
0.001	0.997	0.001	0.001
0.997	0.001	0.001	0.001
0.818	0.001	0.180	0.001
0.997	0.001	0.001	0.001
0.001	0.997	0.001	0.001
0.125	0.001	0.001	0.873
0.997	0.001	0.001	0.001
0.124	0.766	0.001	0.109
>RMCGAATTGWSA	1-RMCGAATTGWSA	9.167727	-21.685722	0	T:9.0(32.14%),B:563.6(1.60%),P:1e-9	Tpos:526.9,Tstd:289.6,Bpos:526.6,Bstd:322.1,StrandBias:-1.0,Multiplicity:1.00
0.573	0.001	0.425	0.001
0.555	0.443	0.001	0.001
0.001	0.997	0.001	0.001
0.001	0.001	0.997	0.001
0.997	0.001	0.001	0.001
0.997	0.001	0.001	0.001
0.035	0.001	0.001	0.963
0.298	0.001	0.001	0.700
0.001	0.001	0.997	0.001
0.571	0.001	0.001	0.427
0.222	0.414	0.363	0.001
0.997	0.001	0.001	0.001
>GGCGAAGGGCCC	2-GGCGAAGGGCCC	10.895119	-19.054099	0	T:5.0(17.86%),B:76.9(0.22%),P:1e-8	Tpos:478.4,Tstd:233.6,Bpos:515.2,Bstd:461.5,StrandBias:2.0,Multiplicity:1.00
0.001	0.001	0.997	0.001
0.001	0.001	0.997	0.001
0.001	0.997	0.001	0.001
0.001	0.332	0.666	0.001
0.997	0.001	0.001	0.001
0.605	0.393	0.001	0.001
0.001	0.001	0.997	0.001
0.001	0.001	0.997	0.001
0.001	0.393	0.605	0.001
0.001	0.997	0.001	0.001
0.300	0.667	0.032	0.001
0.001	0.997	0.001	0.001
>TTCATTGTACAT	3-TTCATTGTACAT	14.275405	-18.930141	0	T:5.0(17.86%),B:78.2(0.22%),P:1e-8	Tpos:495.6,Tstd:233.8,Bpos:418.9,Bstd:333.1,StrandBias:2.0,Multiplicity:1.00
0.001	0.001	0.001	0.997
0.001	0.001	0.001	0.997
0.297	0.701	0.001	0.001
0.997	0.001	0.001	0.001
0.001	0.001	0.001	0.997
0.001	0.001	0.001	0.997
0.001	0.001	0.814	0.184
0.001	0.001	0.001	0.997
0.752	0.246	0.001	0.001
0.001	0.997	0.001	0.001
0.997	0.001	0.001	0.001
0.001	0.001	0.001	0.997
>GCATTTTGATCA	4-GCATTTTGATCA	14.606952	-18.436945	0	T:4.0(14.29%),B:27.8(0.08%),P:1e-8	Tpos:386.2,Tstd:277.4,Bpos:433.8,Bstd:265.3,StrandBias:1.6,Multiplicity:1.00
0.001	0.241	0.757	0.001
0.001	0.997	0.001	0.001
0.997	0.001	0.001	0.001
0.281	0.001	0.001	0.717
0.001	0.001	0.001	0.997
0.001	0.001	0.001	0.997
0.001	0.001	0.001	0.997
0.001	0.216	0.782	0.001
0.997	0.001	0.001	0.001
0.001	0.001	0.001	0.997
0.001	0.997	0.001	0.001
0.997	0.001	0.001	0.001
>YCGGATCCYCGT	5-YCGGATCCYCGT	10.949744	-15.724968	0	T:5.0(17.86%),B:152.2(0.43%),P:1e-6	Tpos:621.1,Tstd:227.6,Bpos:414.1,Bstd:350.1,StrandBias:1.2,Multiplicity:2.00
0.001	0.441	0.001	0.557
0.001	0.997	0.001	0.001
0.001	0.001	0.997	0.001
0.001	0.001	0.997	0.001
0.825	0.173	0.001	0.001
0.215	0.001	0.001	0.783
0.194	0.804	0.001	0.001
0.216	0.586	0.001	0.197
0.204	0.362	0.001	0.432
0.001	0.997	0.001	0.001
0.167	0.001	0.831	0.001
0.001	0.001	0.001	0.997
>TGAGCTTATTCA	6-TGAGCTTATTCA	9.344985	-13.595587	0	T:8.0(28.57%),B:1060.5(3.01%),P:1e-5	Tpos:518.7,Tstd:248.6,Bpos:478.2,Bstd:339.4,StrandBias:0.6,Multiplicity:1.12
0.308	0.108	0.102	0.483
0.335	0.001	0.569	0.095
0.897	0.001	0.001	0.101
0.077	0.001	0.921	0.001
0.003	0.839	0.102	0.056
0.001	0.219	0.001	0.779
0.001	0.270	0.273	0.456
0.741	0.106	0.152	0.001
0.001	0.167	0.001	0.831
0.001	0.101	0.112	0.786
0.272	0.575	0.152	0.001
0.904	0.001	0.094	0.001
>TGCAGATGAATC	7-TGCAGATGAATC	10.414895	-11.792510	0	T:3.0(10.71%),B:45.6(0.13%),P:1e-5	Tpos:462.4,Tstd:356.0,Bpos:516.6,Bstd:444.1,StrandBias:0.6,Multiplicity:1.67
0.001	0.001	0.001	0.997
0.001	0.001	0.997	0.001
0.001	0.997	0.001	0.001
0.855	0.143	0.001	0.001
0.001	0.001	0.997	0.001
0.997	0.001	0.001	0.001
0.001	0.207	0.001	0.791
0.001	0.001	0.997	0.001
0.997	0.001	0.001	0.001
0.997	0.001	0.001	0.001
0.001	0.001	0.001	0.997
0.001	0.929	0.069	0.001
>TAGTTKSTAGTR	8-TAGTTKSTAGTR	14.179448	-8.806671	0	T:3.0(10.71%),B:127.7(0.36%),P:1e-3	Tpos:255.0,Tstd:185.0,Bpos:495.8,Bstd:361.3,StrandBias:0.0,Multiplicity:1.00
0.001	0.001	0.001	0.997
0.997	0.001	0.001	0.001
0.001	0.001	0.997	0.001
0.001	0.001	0.001	0.997
0.001	0.001	0.001	0.997
0.001	0.001	0.553	0.445
0.001	0.445	0.553	0.001
0.001	0.001	0.001	0.997
0.997	0.001	0.001	0.001
0.001	0.001	0.997	0.001
0.001	0.001	0.001	0.997
0.553	0.001	0.445	0.001
>TTTCCGGATCGA	9-TTTCCGGATCGA	16.377623	-6.040963	0	T:1.0(3.57%),B:2.2(0.01%),P:1e-2	Tpos:493.0,Tstd:0.0,Bpos:273.3,Bstd:194.2,StrandBias:10.0,Multiplicity:1.00
0.045	0.001	0.001	0.953
0.001	0.001	0.001	0.997
0.001	0.001	0.001	0.997
0.001	0.997	0.001	0.001
0.001	0.997	0.001	0.001
0.001	0.001	0.997	0.001
0.001	0.001	0.997	0.001
0.997	0.001	0.001	0.001
0.001	0.001	0.001	0.997
0.001	0.997	0.001	0.001
0.001	0.001	0.865	0.133
0.963	0.001	0.035	0.001
>ARCCTCAACCAW	10-ARCCTCAACCAW	15.279247	-2.973948	0	T:1.0(3.57%),B:65.7(0.19%),P:1e-1	Tpos:532.3,Tstd:212.5,Bpos:367.3,Bstd:338.9,StrandBias:-1.0,Multiplicity:3.00
0.965	0.001	0.001	0.033
0.442	0.001	0.556	0.001
0.001	0.997	0.001	0.001
0.001	0.997	0.001	0.001
0.001	0.001	0.001	0.997
0.001	0.997	0.001	0.001
0.997	0.001	0.001	0.001
0.926	0.072	0.001	0.001
0.001	0.977	0.001	0.021
0.001	0.997	0.001	0.001
0.997	0.001	0.001	0.001
0.542	0.001	0.001	0.456
>TACAAACTACAA	11-TACAAACTACAA	8.463612	-1.964134	0	T:8.0(28.57%),B:6623.4(18.79%),P:1e0	Tpos:675.6,Tstd:237.8,Bpos:510.1,Bstd:316.3,StrandBias:-1.4,Multiplicity:2.25
0.100	0.100	0.100	0.700
0.700	0.100	0.100	0.100
0.100	0.700	0.100	0.100
0.700	0.100	0.100	0.100
0.700	0.100	0.100	0.100
0.700	0.100	0.100	0.100
0.100	0.700	0.100	0.100
0.100	0.100	0.100	0.700
0.700	0.100	0.100	0.100
0.100	0.700	0.100	0.100
0.700	0.100	0.100	0.100
0.700	0.100	0.100	0.100
>TCCTCAAT	1-TCCTCAAT	7.947632	-13.338776	0	T:16.0(57.14%),B:5928.4(16.82%),P:1e-5	Tpos:547.8,Tstd:260.9,Bpos:494.7,Bstd:347.6,StrandBias:1.1,Multiplicity:1.19
0.001	0.145	0.001	0.853
0.001	0.997	0.001	0.001
0.001	0.615	0.383	0.001
0.135	0.001	0.001	0.863
0.001	0.997	0.001	0.001
0.935	0.001	0.001	0.063
0.808	0.001	0.190	0.001
0.001	0.001	0.131	0.867
>CACGCGAC	2-CACGCGAC	8.670242	-11.086847	0	T:7.0(25.00%),B:1059.5(3.01%),P:1e-4	Tpos:421.7,Tstd:275.9,Bpos:489.4,Bstd:382.5,StrandBias:-1.3,Multiplicity:1.00
0.001	0.997	0.001	0.001
0.997	0.001	0.001	0.001
0.351	0.545	0.103	0.001
0.115	0.001	0.584	0.300
0.001	0.737	0.001	0.261
0.001	0.047	0.859	0.093
0.872	0.001	0.037	0.090
0.001	0.991	0.001	0.007
>ASAGACTA	3-ASAGACTA	7.361232	-8.165334	0	T:13.0(46.43%),B:5982.0(16.97%),P:1e-3	Tpos:510.8,Tstd:303.2,Bpos:515.8,Bstd:329.7,StrandBias:-0.2,Multiplicity:1.31
0.599	0.001	0.237	0.163
0.001	0.419	0.490	0.090
0.997	0.001	0.001	0.001
0.085	0.001	0.913	0.001
0.997	0.001	0.001	0.001
0.001	0.712	0.286	0.001
0.001	0.001	0.001	0.997
0.871	0.001	0.001	0.127
>AGCCTCAA	4-AGCCTCAA	8.798290	-5.760171	0	T:5.0(17.86%),B:1284.1(3.64%),P:1e-2	Tpos:567.8,Tstd:282.6,Bpos:468.7,Bstd:362.0,StrandBias:0.0,Multiplicity:2.00
0.880	0.118	0.001	0.001
0.001	0.001	0.997	0.001
0.001	0.997	0.001	0.001
0.001	0.997	0.001	0.001
0.001	0.001	0.001	0.997
0.001	0.997	0.001	0.001
0.997	0.001	0.001	0.001
0.872	0.126	0.001	0.001
>AGATCCGG	5-AGATCCGG	8.236954	-3.736104	0	T:2.0(7.14%),B:300.1(0.85%),P:1e-1	Tpos:534.9,Tstd:198.1,Bpos:454.5,Bstd:368.1,StrandBias:-0.7,Multiplicity:4.00
0.700	0.100	0.100	0.100
0.100	0.100	0.700	0.100
0.700	0.100	0.100	0.100
0.100	0.100	0.100	0.700
0.100	0.700	0.100	0.100
0.100	0.700	0.100	0.100
0.100	0.100	0.700	0.100
0.100	0.100	0.700	0.100
