>NATCATGN	1-NATCATGN	5.234202	-12.302209	0	T:7.0(26.92%),B:883.7(2.71%),P:1e-5	Tpos:574.1,Tstd:233.0,Bpos:513.4,Bstd:354.0,StrandBias:0.0,Multiplicity:1.14
0.153	0.272	0.288	0.287
0.559	0.154	0.187	0.100
0.119	0.177	0.153	0.551
0.122	0.637	0.150	0.091
0.500	0.210	0.216	0.074
0.093	0.179	0.216	0.512
0.092	0.132	0.651	0.125
0.215	0.305	0.263	0.217
>AATCCCGY	2-AATCCCGY	8.515119	-12.280992	0	T:8.0(30.77%),B:1277.7(3.91%),P:1e-5	Tpos:367.4,Tstd:268.3,Bpos:515.6,Bstd:316.1,StrandBias:1.0,Multiplicity:1.12
0.806	0.192	0.001	0.001
0.608	0.390	0.001	0.001
0.001	0.001	0.001	0.997
0.001	0.482	0.189	0.328
0.158	0.840	0.001	0.001
0.001	0.997	0.001	0.001
0.001	0.001	0.997	0.001
0.001	0.569	0.001	0.429
>YTGATAAG	3-YTGATAAG	8.824916	-12.177903	0	T:13.0(50.00%),B:4184.2(12.81%),P:1e-5	Tpos:598.3,Tstd:318.4,Bpos:545.9,Bstd:340.4,StrandBias:0.9,Multiplicity:1.31
0.001	0.387	0.184	0.428
0.104	0.063	0.001	0.832
0.001	0.060	0.868	0.071
0.799	0.083	0.058	0.060
0.001	0.001	0.064	0.934
0.919	0.079	0.001	0.001
0.924	0.074	0.001	0.001
0.001	0.412	0.586	0.001
>AATAGATT	4-AATAGATT	6.291044	-1.686027	0	T:24.0(92.31%),B:27377.5(83.85%),P:1e0	Tpos:461.7,Tstd:234.8,Bpos:496.4,Bstd:328.2,StrandBias:0.4,Multiplicity:2.92
0.700	0.100	0.100	0.100
0.700	0.100	0.100	0.100
0.100	0.100	0.100	0.700
0.700	0.100	0.100	0.100
0.100	0.100	0.700	0.100
0.700	0.100	0.100	0.100
0.100	0.100	0.100	0.700
0.100	0.100	0.100	0.700
>GTTACACG	5-GTTACACG	8.236954	-1.447716	0	T:1.0(3.85%),B:334.8(1.03%),P:1e0	Tpos:417.1,Tstd:117.2,Bpos:444.2,Bstd:341.3,StrandBias:10.0,Multiplicity:20.00
0.100	0.100	0.700	0.100
0.100	0.100	0.100	0.700
0.100	0.100	0.100	0.700
0.700	0.100	0.100	0.100
0.100	0.700	0.100	0.100
0.700	0.100	0.100	0.100
0.100	0.700	0.100	0.100
0.100	0.100	0.700	0.100
