>GGCGTATTCA	1-GGCGTATTCA	11.424611	-21.137746	0	T:6.0(23.08%),B:121.8(0.37%),P:1e-9	Tpos:487.3,Tstd:367.3,Bpos:533.1,Bstd:333.9,StrandBias:0.0,Multiplicity:1.00
0.001	0.001	0.997	0.001
0.001	0.001	0.794	0.204
0.001	0.792	0.206	0.001
0.001	0.001	0.817	0.181
0.001	0.001	0.217	0.781
0.997	0.001	0.001	0.001
0.001	0.001	0.001	0.997
0.001	0.001	0.001	0.997
0.001	0.997	0.001	0.001
0.997	0.001	0.001	0.001
>GTGAGTCTAA	2-GTGAGTCTAA	11.212910	-20.922384	0	T:7.0(26.92%),B:243.8(0.75%),P:1e-9	Tpos:675.7,Tstd:231.4,Bpos:503.4,Bstd:327.9,StrandBias:-0.4,Multiplicity:1.00
0.001	0.001	0.844	0.154
0.001	0.001	0.001	0.997
0.001	0.001	0.997	0.001
0.997	0.001	0.001	0.001
0.001	0.001	0.997	0.001
0.001	0.180	0.001	0.818
0.001	0.824	0.174	0.001
0.305	0.001	0.001	0.693
0.997	0.001	0.001	0.001
0.997	0.001	0.001	0.001
>GAGAACTTAG	3-GAGAACTTAG	12.365113	-17.820687	0	T:4.0(15.38%),B:32.5(0.10%),P:1e-7	Tpos:565.5,Tstd:248.5,Bpos:563.6,Bstd:264.1,StrandBias:-1.6,Multiplicity:1.00
0.001	0.001	0.997	0.001
0.997	0.001	0.001	0.001
0.001	0.001	0.997	0.001
0.751	0.001	0.001	0.247
0.693	0.305	0.001	0.001
0.001	0.997	0.001	0.001
0.001	0.001	0.001	0.997
0.001	0.001	0.001	0.997
0.997	0.001	0.001	0.001
0.001	0.001	0.997	0.001
>TGATAAGAAA	4-TGATAAGAAA	10.526535	-16.517507	0	T:12.0(46.15%),B:2331.0(7.14%),P:1e-7	Tpos:571.3,Tstd:311.3,Bpos:551.0,Bstd:332.8,StrandBias:-1.0,Multiplicity:1.25
0.072	0.001	0.001	0.926
0.001	0.001	0.923	0.075
0.881	0.001	0.117	0.001
0.001	0.001	0.061	0.937
0.997	0.001	0.001	0.001
0.997	0.001	0.001	0.001
0.001	0.001	0.997	0.001
0.786	0.001	0.212	0.001
0.997	0.001	0.001	0.001
0.997	0.001	0.001	0.001
>AATTTACTGA	5-AATTTACTGA	11.146181	-16.377382	0	T:8.0(30.77%),B:738.5(2.26%),P:1e-7	Tpos:609.9,Tstd:248.1,Bpos:472.5,Bstd:326.4,StrandBias:-0.7,Multiplicity:1.00
0.997	0.001	0.001	0.001
0.997	0.001	0.001	0.001
0.001	0.001	0.001	0.997
0.001	0.001	0.001	0.997
0.001	0.116	0.001	0.882
0.997	0.001	0.001	0.001
0.069	0.929	0.001	0.001
0.001	0.160	0.001	0.838
0.098	0.001	0.900	0.001
0.997	0.001	0.001	0.001
>AACTGATAAG	6-AACTGATAAG	10.853145	-16.194682	0	T:9.0(34.62%),B:1082.0(3.31%),P:1e-7	Tpos:604.4,Tstd:287.2,Bpos:553.7,Bstd:346.6,StrandBias:0.6,Multiplicity:1.11
0.843	0.067	0.089	0.001
0.997	0.001	0.001	0.001
0.001	0.891	0.060	0.048
0.001	0.001	0.001	0.997
0.001	0.001	0.997	0.001
0.997	0.001	0.001	0.001
0.232	0.100	0.001	0.667
0.898	0.100	0.001	0.001
0.997	0.001	0.001	0.001
0.001	0.256	0.742	0.001
>TTTTGATAAG	7-TTTTGATAAG	8.926939	-13.983384	0	T:9.0(34.62%),B:1408.8(4.31%),P:1e-6	Tpos:629.9,Tstd:297.0,Bpos:504.8,Bstd:338.9,StrandBias:0.0,Multiplicity:1.33
0.001	0.127	0.001	0.871
0.001	0.001	0.089	0.909
0.102	0.001	0.001	0.896
0.001	0.001	0.001	0.997
0.001	0.001	0.997	0.001
0.925	0.001	0.001	0.073
0.001	0.001	0.001	0.997
0.997	0.001	0.001	0.001
0.997	0.001	0.001	0.001
0.001	0.001	0.997	0.001
>ATACTCTACT	8-ATACTCTACT	11.126077	-13.854666	0	T:6.0(23.08%),B:427.2(1.31%),P:1e-6	Tpos:445.0,Tstd:270.6,Bpos:520.5,Bstd:332.7,StrandBias:0.7,Multiplicity:1.33
0.792	0.206	0.001	0.001
0.001	0.001	0.001	0.997
0.997	0.001	0.001	0.001
0.001	0.997	0.001	0.001
0.001	0.001	0.001	0.997
0.207	0.791	0.001	0.001
0.001	0.001	0.001	0.997
0.793	0.036	0.001	0.170
0.163	0.835	0.001	0.001
0.186	0.001	0.001	0.812
>TGSTCAGTGC	9-TGSTCAGTGC	11.280841	-13.746184	0	T:5.0(19.23%),B:230.9(0.71%),P:1e-5	Tpos:599.7,Tstd:302.3,Bpos:456.5,Bstd:312.7,StrandBias:-1.3,Multiplicity:1.40
0.001	0.001	0.001	0.997
0.001	0.001	0.997	0.001
0.001	0.571	0.427	0.001
0.193	0.001	0.001	0.805
0.001	0.997	0.001	0.001
0.997	0.001	0.001	0.001
0.168	0.001	0.830	0.001
0.001	0.001	0.001	0.997
0.001	0.001	0.997	0.001
0.001	0.997	0.001	0.001
>AAAGATGTTC	10-AAAGATGTTC	10.296193	-13.063426	0	T:4.0(15.38%),B:112.3(0.34%),P:1e-5	Tpos:535.5,Tstd:64.8,Bpos:426.2,Bstd:309.9,StrandBias:-1.6,Multiplicity:1.00
0.700	0.100	0.100	0.100
0.700	0.100	0.100	0.100
0.700	0.100	0.100	0.100
0.100	0.100	0.700	0.100
0.700	0.100	0.100	0.100
0.100	0.100	0.100	0.700
0.100	0.100	0.700	0.100
0.100	0.100	0.100	0.700
0.100	0.100	0.100	0.700
0.100	0.700	0.100	0.100
>TGGGCGGAAT	11-TGGGCGGAAT	11.577701	-12.939622	0	T:3.0(11.54%),B:30.8(0.09%),P:1e-5	Tpos:637.0,Tstd:379.2,Bpos:552.9,Bstd:276.4,StrandBias:-1.0,Multiplicity:1.00
0.130	0.267	0.001	0.602
0.274	0.001	0.724	0.001
0.001	0.001	0.868	0.130
0.001	0.101	0.897	0.001
0.080	0.837	0.001	0.082
0.001	0.001	0.997	0.001
0.001	0.001	0.839	0.159
0.839	0.001	0.159	0.001
0.855	0.001	0.001	0.143
0.401	0.001	0.001	0.597
>AATATCGATA	12-AATATCGATA	11.031312	-10.071854	0	T:5.0(19.23%),B:497.6(1.52%),P:1e-4	Tpos:727.5,Tstd:290.7,Bpos:516.5,Bstd:339.2,StrandBias:-0.7,Multiplicity:1.20
0.997	0.001	0.001	0.001
0.813	0.001	0.185	0.001
0.001	0.135	0.001	0.863
0.997	0.001	0.001	0.001
0.001	0.001	0.001	0.997
0.100	0.898	0.001	0.001
0.001	0.001	0.997	0.001
0.997	0.001	0.001	0.001
0.001	0.001	0.001	0.997
0.855	0.001	0.143	0.001
>GTGATCACAG	13-GTGATCACAG	8.350283	-8.278548	0	T:6.0(23.08%),B:1160.9(3.56%),P:1e-3	Tpos:474.8,Tstd:273.5,Bpos:517.6,Bstd:343.0,StrandBias:-0.7,Multiplicity:1.17
0.100	0.100	0.700	0.100
0.100	0.100	0.100	0.700
0.100	0.100	0.700	0.100
0.700	0.100	0.100	0.100
0.100	0.100	0.100	0.700
0.100	0.700	0.100	0.100
0.700	0.100	0.100	0.100
0.100	0.700	0.100	0.100
0.700	0.100	0.100	0.100
0.100	0.100	0.700	0.100
>TGTTACAMKM	14-TGTTACAMKM	8.465885	-3.391195	0	T:1.0(3.85%),B:42.3(0.13%),P:1e-1	Tpos:477.0,Tstd:0.0,Bpos:542.1,Bstd:339.0,StrandBias:10.0,Multiplicity:1.00
0.092	0.152	0.046	0.710
0.191	0.078	0.622	0.109
0.074	0.063	0.107	0.756
0.320	0.088	0.117	0.475
0.674	0.016	0.131	0.179
0.078	0.751	0.055	0.116
0.818	0.022	0.062	0.098
0.384	0.351	0.088	0.177
0.113	0.076	0.413	0.398
0.435	0.357	0.081	0.127
>KTGTTACAMK	15-KTGTTACAMK	8.340788	-1.209747	0	T:1.0(3.85%),B:441.7(1.35%),P:1e0	Tpos:416.1,Tstd:117.2,Bpos:441.8,Bstd:329.9,StrandBias:10.0,Multiplicity:20.00
0.048	0.183	0.373	0.396
0.115	0.058	0.054	0.773
0.149	0.047	0.704	0.100
0.110	0.135	0.071	0.684
0.297	0.055	0.087	0.561
0.652	0.108	0.038	0.202
0.124	0.700	0.043	0.133
0.810	0.014	0.120	0.056
0.396	0.337	0.092	0.176
0.143	0.111	0.388	0.359
