>TGACTGTTAGTT	1-TGACTGTTAGTT	14.117596	-22.652832	0	T:6.0(5.83%),B:23.6(0.06%),P:1e-9	Tpos:427.7,Tstd:209.9,Bpos:549.8,Bstd:395.2,StrandBias:-1.0,Multiplicity:1.00
0.001	0.001	0.226	0.772
0.001	0.197	0.801	0.001
0.997	0.001	0.001	0.001
0.001	0.997	0.001	0.001
0.001	0.001	0.001	0.997
0.001	0.001	0.997	0.001
0.226	0.001	0.001	0.772
0.001	0.001	0.173	0.825
0.997	0.001	0.001	0.001
0.001	0.001	0.997	0.001
0.001	0.001	0.001	0.997
0.001	0.001	0.001	0.997
>CCAGAATCTGCT	2-CCAGAATCTGCT	14.462101	-22.120690	0	T:5.0(4.85%),B:9.1(0.02%),P:1e-9	Tpos:425.2,Tstd:276.3,Bpos:394.3,Bstd:231.7,StrandBias:0.6,Multiplicity:1.00
0.001	0.744	0.001	0.254
0.221	0.777	0.001	0.001
0.997	0.001	0.001	0.001
0.001	0.001	0.997	0.001
0.997	0.001	0.001	0.001
0.711	0.001	0.001	0.287
0.001	0.001	0.001	0.997
0.001	0.997	0.001	0.001
0.001	0.001	0.001	0.997
0.001	0.001	0.997	0.001
0.001	0.997	0.001	0.001
0.001	0.001	0.001	0.997
>GACGACACTCCG	3-GACGACACTCCG	8.811562	-21.264284	0	T:13.0(12.62%),B:467.0(1.22%),P:1e-9	Tpos:683.5,Tstd:193.5,Bpos:592.3,Bstd:321.6,StrandBias:2.6,Multiplicity:1.08
0.165	0.001	0.780	0.054
0.945	0.001	0.001	0.053
0.001	0.997	0.001	0.001
0.056	0.001	0.942	0.001
0.943	0.001	0.001	0.055
0.001	0.896	0.102	0.001
0.997	0.001	0.001	0.001
0.001	0.949	0.049	0.001
0.001	0.001	0.001	0.997
0.001	0.997	0.001	0.001
0.001	0.997	0.001	0.001
0.058	0.001	0.940	0.001
>GAGCTAAATTTC	4-GAGCTAAATTTC	10.079884	-20.871551	0	T:22.0(21.36%),B:1698.7(4.44%),P:1e-9	Tpos:574.1,Tstd:225.6,Bpos:506.4,Bstd:311.4,StrandBias:-0.3,Multiplicity:1.23
0.053	0.051	0.856	0.040
0.838	0.052	0.001	0.109
0.149	0.116	0.621	0.114
0.056	0.866	0.001	0.077
0.184	0.086	0.001	0.729
0.962	0.001	0.001	0.036
0.927	0.001	0.001	0.071
0.805	0.137	0.001	0.057
0.142	0.001	0.050	0.807
0.001	0.001	0.056	0.942
0.001	0.001	0.001	0.997
0.042	0.661	0.267	0.030
>GAAGATCAAGTT	5-GAAGATCAAGTT	11.659183	-19.995990	0	T:10.0(9.71%),B:247.9(0.65%),P:1e-8	Tpos:421.9,Tstd:195.6,Bpos:465.3,Bstd:307.5,StrandBias:-0.6,Multiplicity:1.00
0.001	0.001	0.997	0.001
0.913	0.001	0.001	0.085
0.873	0.125	0.001	0.001
0.041	0.001	0.957	0.001
0.997	0.001	0.001	0.001
0.098	0.001	0.001	0.900
0.001	0.920	0.078	0.001
0.997	0.001	0.001	0.001
0.709	0.126	0.164	0.001
0.001	0.115	0.585	0.299
0.001	0.001	0.133	0.865
0.001	0.164	0.126	0.709
>GTTATTTATCAA	6-GTTATTTATCAA	11.299430	-19.957971	0	T:9.0(8.74%),B:179.0(0.47%),P:1e-8	Tpos:394.3,Tstd:295.7,Bpos:506.5,Bstd:344.9,StrandBias:-0.3,Multiplicity:1.00
0.037	0.271	0.493	0.199
0.174	0.001	0.001	0.824
0.091	0.020	0.069	0.820
0.749	0.022	0.093	0.136
0.060	0.077	0.046	0.817
0.066	0.326	0.001	0.607
0.055	0.230	0.077	0.638
0.520	0.019	0.319	0.142
0.041	0.060	0.059	0.840
0.225	0.571	0.104	0.100
0.786	0.079	0.096	0.039
0.863	0.001	0.039	0.097
>TTTCTGCGTTGG	7-TTTCTGCGTTGG	9.517336	-19.845686	0	T:6.0(5.83%),B:39.2(0.10%),P:1e-8	Tpos:610.8,Tstd:311.0,Bpos:454.7,Bstd:333.9,StrandBias:0.0,Multiplicity:1.00
0.001	0.001	0.001	0.997
0.036	0.001	0.001	0.962
0.001	0.001	0.176	0.822
0.001	0.997	0.001	0.001
0.001	0.001	0.001	0.997
0.001	0.142	0.856	0.001
0.001	0.997	0.001	0.001
0.001	0.001	0.997	0.001
0.001	0.001	0.039	0.959
0.001	0.001	0.001	0.997
0.039	0.001	0.959	0.001
0.001	0.001	0.997	0.001
>GCCAGMGAAGTT	8-GCCAGMGAAGTT	8.464423	-19.218279	0	T:11.0(10.68%),B:354.5(0.93%),P:1e-8	Tpos:393.5,Tstd:222.0,Bpos:501.5,Bstd:322.9,StrandBias:-1.4,Multiplicity:1.00
0.001	0.245	0.753	0.001
0.001	0.997	0.001	0.001
0.182	0.816	0.001	0.001
0.997	0.001	0.001	0.001
0.001	0.001	0.997	0.001
0.429	0.283	0.278	0.009
0.252	0.001	0.746	0.001
0.711	0.278	0.001	0.010
0.997	0.001	0.001	0.001
0.001	0.001	0.997	0.001
0.246	0.001	0.010	0.743
0.001	0.001	0.001	0.997
>CAACTCTATCCT	9-CAACTCTATCCT	14.070864	-17.228852	0	T:5.0(4.85%),B:29.1(0.08%),P:1e-7	Tpos:489.0,Tstd:298.0,Bpos:475.0,Bstd:290.4,StrandBias:0.6,Multiplicity:1.00
0.001	0.997	0.001	0.001
0.997	0.001	0.001	0.001
0.997	0.001	0.001	0.001
0.001	0.997	0.001	0.001
0.001	0.229	0.001	0.769
0.001	0.838	0.001	0.160
0.001	0.001	0.001	0.997
0.997	0.001	0.001	0.001
0.165	0.001	0.001	0.833
0.001	0.769	0.001	0.229
0.001	0.997	0.001	0.001
0.001	0.001	0.001	0.997
>WTTTTCTGCGCT	10-WTTTTCTGCGCT	12.449403	-16.989249	0	T:8.0(7.77%),B:179.0(0.47%),P:1e-7	Tpos:579.8,Tstd:270.7,Bpos:567.6,Bstd:351.2,StrandBias:0.0,Multiplicity:1.00
0.438	0.001	0.001	0.560
0.001	0.001	0.001	0.997
0.001	0.001	0.001	0.997
0.001	0.001	0.284	0.714
0.001	0.001	0.192	0.806
0.001	0.997	0.001	0.001
0.352	0.001	0.001	0.646
0.001	0.001	0.997	0.001
0.001	0.997	0.001	0.001
0.001	0.320	0.678	0.001
0.153	0.845	0.001	0.001
0.001	0.001	0.001	0.997
>GTGTATAMACTT	11-GTGTATAMACTT	13.484735	-14.840796	0	T:5.0(4.85%),B:49.4(0.13%),P:1e-6	Tpos:507.1,Tstd:260.0,Bpos:544.7,Bstd:302.1,StrandBias:-1.6,Multiplicity:1.20
0.001	0.001	0.997	0.001
0.001	0.001	0.001	0.997
0.001	0.001	0.997	0.001
0.001	0.272	0.001	0.726
0.997	0.001	0.001	0.001
0.001	0.001	0.419	0.579
0.997	0.001	0.001	0.001
0.386	0.426	0.187	0.001
0.997	0.001	0.001	0.001
0.001	0.997	0.001	0.001
0.001	0.001	0.001	0.997
0.001	0.001	0.001	0.997
>CATGCAAAAAWT	12-CATGCAAAAAWT	11.310350	-13.685263	0	T:15.0(14.56%),B:1225.8(3.20%),P:1e-5	Tpos:514.1,Tstd:238.4,Bpos:473.1,Bstd:305.9,StrandBias:-0.2,Multiplicity:1.00
0.198	0.569	0.232	0.001
0.894	0.001	0.063	0.042
0.060	0.001	0.001	0.938
0.245	0.140	0.614	0.001
0.110	0.608	0.131	0.151
0.730	0.077	0.001	0.192
0.997	0.001	0.001	0.001
0.900	0.001	0.098	0.001
0.997	0.001	0.001	0.001
0.621	0.103	0.069	0.207
0.502	0.001	0.001	0.496
0.001	0.173	0.001	0.825
>ATGTTCGAAATT	13-ATGTTCGAAATT	13.398041	-13.102519	0	T:10.0(9.71%),B:530.2(1.38%),P:1e-5	Tpos:581.3,Tstd:131.6,Bpos:489.3,Bstd:310.1,StrandBias:-0.8,Multiplicity:1.10
0.894	0.001	0.001	0.104
0.001	0.001	0.001	0.997
0.107	0.001	0.796	0.096
0.001	0.001	0.001	0.997
0.001	0.001	0.001	0.997
0.001	0.796	0.120	0.083
0.076	0.140	0.783	0.001
0.997	0.001	0.001	0.001
0.997	0.001	0.001	0.001
0.867	0.001	0.001	0.131
0.001	0.001	0.001	0.997
0.001	0.001	0.001	0.997
>GTTTGCTATCTT	14-GTTTGCTATCTT	15.311498	-11.297643	0	T:3.0(2.91%),B:14.3(0.04%),P:1e-4	Tpos:763.2,Tstd:119.9,Bpos:448.6,Bstd:265.1,StrandBias:10.0,Multiplicity:1.33
0.001	0.001	0.997	0.001
0.001	0.001	0.001	0.997
0.001	0.001	0.001	0.997
0.001	0.001	0.001	0.997
0.001	0.001	0.997	0.001
0.001	0.997	0.001	0.001
0.001	0.001	0.001	0.997
0.723	0.001	0.001	0.275
0.001	0.001	0.001	0.997
0.001	0.997	0.001	0.001
0.001	0.001	0.001	0.997
0.001	0.001	0.001	0.997
>CTTTATCGTGTA	15-CTTTATCGTGTA	13.130944	-11.036186	0	T:4.0(3.88%),B:52.5(0.14%),P:1e-4	Tpos:342.5,Tstd:199.3,Bpos:415.7,Bstd:261.1,StrandBias:-4.2,Multiplicity:9.50
0.176	0.822	0.001	0.001
0.001	0.001	0.001	0.997
0.001	0.001	0.001	0.997
0.001	0.001	0.001	0.997
0.822	0.001	0.001	0.176
0.001	0.001	0.001	0.997
0.001	0.997	0.001	0.001
0.001	0.001	0.997	0.001
0.001	0.001	0.001	0.997
0.001	0.001	0.997	0.001
0.001	0.001	0.001	0.997
0.997	0.001	0.001	0.001
>ATGACGTCATWS	16-ATGACGTCATWS	9.578295	-10.113639	0	T:10.0(9.71%),B:753.4(1.97%),P:1e-4	Tpos:499.8,Tstd:285.2,Bpos:500.4,Bstd:310.8,StrandBias:0.4,Multiplicity:1.10
0.968	0.001	0.030	0.001
0.001	0.001	0.001	0.997
0.001	0.001	0.997	0.001
0.997	0.001	0.001	0.001
0.001	0.602	0.001	0.396
0.034	0.001	0.964	0.001
0.001	0.001	0.362	0.636
0.001	0.997	0.001	0.001
0.997	0.001	0.001	0.001
0.001	0.001	0.001	0.997
0.325	0.243	0.001	0.430
0.001	0.326	0.427	0.246
>ACTTGTGTATTA	17-ACTTGTGTATTA	14.394127	-9.481625	0	T:4.0(3.88%),B:79.6(0.21%),P:1e-4	Tpos:508.4,Tstd:283.4,Bpos:410.2,Bstd:280.3,StrandBias:-0.6,Multiplicity:1.25
0.753	0.165	0.001	0.081
0.064	0.690	0.090	0.156
0.001	0.001	0.001	0.997
0.001	0.001	0.001	0.997
0.001	0.075	0.816	0.108
0.001	0.116	0.165	0.718
0.127	0.001	0.719	0.153
0.145	0.001	0.001	0.853
0.853	0.145	0.001	0.001
0.001	0.001	0.001	0.997
0.001	0.107	0.001	0.891
0.756	0.001	0.127	0.116
>CCCCCSCCCCCA	18-CCCCCSCCCCCA	12.996359	-6.595167	0	T:8.0(7.77%),B:786.1(2.05%),P:1e-2	Tpos:575.7,Tstd:259.2,Bpos:528.9,Bstd:351.3,StrandBias:3.0,Multiplicity:1.12
0.001	0.718	0.177	0.104
0.378	0.620	0.001	0.001
0.001	0.997	0.001	0.001
0.001	0.997	0.001	0.001
0.001	0.821	0.177	0.001
0.001	0.443	0.555	0.001
0.001	0.997	0.001	0.001
0.001	0.997	0.001	0.001
0.001	0.997	0.001	0.001
0.001	0.997	0.001	0.001
0.276	0.722	0.001	0.001
0.741	0.257	0.001	0.001
>CTCCCMTTTTCG	19-CTCCCMTTTTCG	10.493757	-6.283854	0	T:7.0(6.80%),B:642.3(1.68%),P:1e-2	Tpos:706.2,Tstd:132.8,Bpos:525.2,Bstd:324.8,StrandBias:0.9,Multiplicity:2.43
0.151	0.823	0.001	0.025
0.134	0.107	0.001	0.758
0.025	0.696	0.145	0.134
0.001	0.895	0.103	0.001
0.145	0.766	0.001	0.088
0.345	0.488	0.001	0.166
0.001	0.175	0.001	0.823
0.001	0.134	0.001	0.864
0.175	0.001	0.001	0.823
0.001	0.001	0.001	0.997
0.001	0.969	0.001	0.029
0.001	0.001	0.921	0.077
>GCTCACGGAGCA	20-GCTCACGGAGCA	13.629185	-4.767988	0	T:3.0(2.91%),B:152.7(0.40%),P:1e-2	Tpos:656.6,Tstd:319.5,Bpos:546.8,Bstd:399.0,StrandBias:0.6,Multiplicity:1.67
0.001	0.001	0.997	0.001
0.009	0.989	0.001	0.001
0.001	0.144	0.001	0.854
0.206	0.665	0.128	0.001
0.488	0.212	0.299	0.001
0.001	0.721	0.001	0.277
0.001	0.109	0.889	0.001
0.168	0.001	0.830	0.001
0.997	0.001	0.001	0.001
0.001	0.001	0.792	0.206
0.001	0.997	0.001	0.001
0.995	0.003	0.001	0.001
>CCTCGGTTTTTT	21-CCTCGGTTTTTT	12.355432	-2.857782	0	T:1.0(0.97%),B:21.6(0.06%),P:1e-1	Tpos:608.5,Tstd:18.4,Bpos:482.1,Bstd:416.1,StrandBias:-10.0,Multiplicity:4.00
0.100	0.700	0.100	0.100
0.100	0.700	0.100	0.100
0.100	0.100	0.100	0.700
0.100	0.700	0.100	0.100
0.100	0.100	0.700	0.100
0.100	0.100	0.700	0.100
0.100	0.100	0.100	0.700
0.100	0.100	0.100	0.700
0.100	0.100	0.100	0.700
0.100	0.100	0.100	0.700
0.100	0.100	0.100	0.700
0.100	0.100	0.100	0.700
