>ACGACACTCC	1-ACGACACTCC	7.232922	-22.393071	0	T:31.0(30.10%),B:3197.8(8.35%),P:1e-9	Tpos:608.4,Tstd:242.0,Bpos:522.5,Bstd:329.8,StrandBias:1.3,Multiplicity:1.23
0.789	0.142	0.040	0.029
0.065	0.712	0.091	0.132
0.046	0.033	0.857	0.064
0.875	0.039	0.038	0.048
0.060	0.749	0.120	0.071
0.830	0.038	0.001	0.131
0.017	0.767	0.108	0.108
0.135	0.073	0.067	0.725
0.050	0.839	0.037	0.074
0.102	0.870	0.001	0.027
>GGATGGATTA	2-GGATGGATTA	10.386166	-19.863462	0	T:11.0(10.68%),B:332.4(0.87%),P:1e-8	Tpos:516.8,Tstd:280.3,Bpos:525.8,Bstd:315.7,StrandBias:-1.6,Multiplicity:1.09
0.001	0.001	0.997	0.001
0.001	0.001	0.919	0.079
0.830	0.001	0.093	0.076
0.001	0.001	0.001	0.997
0.079	0.093	0.827	0.001
0.001	0.001	0.927	0.071
0.847	0.077	0.001	0.075
0.001	0.103	0.001	0.895
0.001	0.001	0.140	0.858
0.951	0.001	0.001	0.047
>TCTTCTCTGA	3-TCTTCTCTGA	10.302499	-15.854223	0	T:11.0(10.68%),B:497.5(1.30%),P:1e-6	Tpos:647.0,Tstd:247.9,Bpos:520.3,Bstd:328.9,StrandBias:0.8,Multiplicity:1.00
0.051	0.001	0.071	0.877
0.001	0.959	0.039	0.001
0.001	0.154	0.070	0.775
0.076	0.001	0.001	0.922
0.118	0.824	0.001	0.057
0.001	0.001	0.001	0.997
0.052	0.946	0.001	0.001
0.001	0.046	0.051	0.902
0.001	0.029	0.923	0.047
0.903	0.039	0.057	0.001
>TTGGGCATTA	4-TTGGGCATTA	9.889162	-15.228058	0	T:11.0(10.68%),B:530.3(1.38%),P:1e-6	Tpos:377.5,Tstd:281.2,Bpos:464.5,Bstd:305.8,StrandBias:-0.5,Multiplicity:1.09
0.001	0.001	0.001	0.997
0.001	0.168	0.113	0.718
0.001	0.001	0.997	0.001
0.001	0.011	0.661	0.327
0.082	0.034	0.779	0.105
0.001	0.746	0.001	0.252
0.869	0.001	0.001	0.129
0.001	0.001	0.001	0.997
0.001	0.001	0.163	0.835
0.819	0.121	0.001	0.059
>TAAACCATGG	5-TAAACCATGG	7.397793	-14.940380	0	T:34.0(33.01%),B:5148.4(13.44%),P:1e-6	Tpos:549.9,Tstd:255.0,Bpos:499.3,Bstd:309.4,StrandBias:-0.2,Multiplicity:1.09
0.037	0.058	0.088	0.817
0.883	0.062	0.054	0.001
0.835	0.033	0.027	0.105
0.830	0.108	0.032	0.030
0.154	0.715	0.078	0.053
0.152	0.730	0.101	0.017
0.847	0.001	0.045	0.107
0.074	0.110	0.062	0.754
0.035	0.042	0.757	0.166
0.054	0.047	0.844	0.055
>GTTGTATTTC	6-GTTGTATTTC	10.296193	-14.522740	0	T:6.0(5.83%),B:102.2(0.27%),P:1e-6	Tpos:350.2,Tstd:245.4,Bpos:453.9,Bstd:289.6,StrandBias:0.0,Multiplicity:1.00
0.100	0.100	0.700	0.100
0.100	0.100	0.100	0.700
0.100	0.100	0.100	0.700
0.100	0.100	0.700	0.100
0.100	0.100	0.100	0.700
0.700	0.100	0.100	0.100
0.100	0.100	0.100	0.700
0.100	0.100	0.100	0.700
0.100	0.100	0.100	0.700
0.100	0.700	0.100	0.100
>ATCTCGTTTA	7-ATCTCGTTTA	10.826264	-14.102101	0	T:10.0(9.71%),B:473.4(1.24%),P:1e-6	Tpos:384.5,Tstd:300.5,Bpos:501.9,Bstd:307.2,StrandBias:-0.3,Multiplicity:1.10
0.997	0.001	0.001	0.001
0.001	0.001	0.001	0.997
0.001	0.997	0.001	0.001
0.132	0.001	0.001	0.866
0.001	0.770	0.001	0.228
0.001	0.001	0.997	0.001
0.292	0.001	0.001	0.706
0.001	0.001	0.001	0.997
0.001	0.317	0.001	0.681
0.997	0.001	0.001	0.001
>GTCGGCTACA	8-GTCGGCTACA	10.681474	-13.709110	0	T:9.0(8.74%),B:380.2(0.99%),P:1e-5	Tpos:413.9,Tstd:224.1,Bpos:484.3,Bstd:325.7,StrandBias:-0.8,Multiplicity:1.22
0.001	0.001	0.997	0.001
0.126	0.001	0.001	0.872
0.097	0.778	0.001	0.124
0.001	0.001	0.997	0.001
0.001	0.001	0.997	0.001
0.001	0.848	0.001	0.150
0.001	0.001	0.001	0.997
0.773	0.001	0.140	0.086
0.001	0.852	0.001	0.146
0.997	0.001	0.001	0.001
>GAGAGTGAGG	9-GAGAGTGAGG	9.025059	-13.098452	0	T:13.0(12.62%),B:956.3(2.50%),P:1e-5	Tpos:627.2,Tstd:305.3,Bpos:539.4,Bstd:318.4,StrandBias:-0.3,Multiplicity:1.38
0.084	0.001	0.914	0.001
0.997	0.001	0.001	0.001
0.001	0.001	0.997	0.001
0.997	0.001	0.001	0.001
0.001	0.001	0.741	0.257
0.001	0.001	0.001	0.997
0.001	0.379	0.619	0.001
0.997	0.001	0.001	0.001
0.342	0.001	0.620	0.037
0.001	0.001	0.997	0.001
>GCTCCGTGAG	10-GCTCCGTGAG	9.285797	-11.955640	0	T:11.0(10.68%),B:748.6(1.95%),P:1e-5	Tpos:516.2,Tstd:281.0,Bpos:515.0,Bstd:359.6,StrandBias:-1.0,Multiplicity:1.64
0.001	0.001	0.997	0.001
0.001	0.936	0.001	0.062
0.001	0.001	0.001	0.997
0.091	0.702	0.128	0.079
0.001	0.902	0.051	0.046
0.001	0.001	0.997	0.001
0.001	0.182	0.062	0.755
0.091	0.001	0.803	0.105
0.997	0.001	0.001	0.001
0.001	0.071	0.927	0.001
>AWTTGGWATG	11-AWTTGGWATG	11.406693	-11.955640	0	T:11.0(10.68%),B:748.2(1.95%),P:1e-5	Tpos:629.3,Tstd:312.7,Bpos:494.1,Bstd:299.6,StrandBias:-0.5,Multiplicity:1.09
0.997	0.001	0.001	0.001
0.512	0.001	0.001	0.486
0.001	0.001	0.001	0.997
0.001	0.001	0.001	0.997
0.001	0.001	0.997	0.001
0.001	0.001	0.997	0.001
0.424	0.001	0.001	0.574
0.997	0.001	0.001	0.001
0.298	0.001	0.001	0.700
0.001	0.001	0.997	0.001
>ATATTTCGTT	12-ATATTTCGTT	9.794326	-11.836284	0	T:28.0(27.18%),B:4315.1(11.27%),P:1e-5	Tpos:526.6,Tstd:294.9,Bpos:513.7,Bstd:318.9,StrandBias:0.4,Multiplicity:1.14
0.914	0.001	0.084	0.001
0.142	0.001	0.001	0.856
0.787	0.109	0.001	0.103
0.210	0.001	0.001	0.788
0.001	0.001	0.001	0.997
0.001	0.001	0.001	0.997
0.043	0.831	0.001	0.125
0.048	0.001	0.899	0.052
0.001	0.001	0.001	0.997
0.001	0.001	0.078	0.920
>TTATTAATAA	13-TTATTAATAA	10.604242	-11.344580	0	T:23.0(22.33%),B:3200.6(8.36%),P:1e-4	Tpos:548.4,Tstd:297.2,Bpos:499.9,Bstd:296.6,StrandBias:0.2,Multiplicity:1.09
0.001	0.001	0.001	0.997
0.001	0.001	0.001	0.997
0.577	0.001	0.001	0.421
0.232	0.001	0.001	0.766
0.001	0.001	0.001	0.997
0.997	0.001	0.001	0.001
0.997	0.001	0.001	0.001
0.001	0.001	0.228	0.770
0.997	0.001	0.001	0.001
0.883	0.001	0.115	0.001
>AGCTAAAGTT	14-AGCTAAAGTT	9.617389	-9.722666	0	T:14.0(13.59%),B:1516.9(3.96%),P:1e-4	Tpos:458.0,Tstd:277.7,Bpos:473.4,Bstd:314.6,StrandBias:-0.7,Multiplicity:1.43
0.956	0.001	0.001	0.042
0.035	0.066	0.898	0.001
0.001	0.966	0.001	0.032
0.001	0.049	0.071	0.879
0.928	0.001	0.001	0.070
0.924	0.074	0.001	0.001
0.939	0.001	0.001	0.059
0.092	0.057	0.559	0.292
0.001	0.001	0.001	0.997
0.001	0.001	0.001	0.997
>CGAAATCAGA	15-CGAAATCAGA	10.099637	-9.093271	0	T:13.0(12.62%),B:1408.5(3.68%),P:1e-3	Tpos:571.4,Tstd:262.4,Bpos:513.8,Bstd:319.7,StrandBias:0.4,Multiplicity:1.08
0.001	0.997	0.001	0.001
0.001	0.001	0.997	0.001
0.992	0.001	0.001	0.006
0.997	0.001	0.001	0.001
0.997	0.001	0.001	0.001
0.001	0.034	0.001	0.964
0.069	0.656	0.001	0.274
0.989	0.009	0.001	0.001
0.361	0.001	0.637	0.001
0.997	0.001	0.001	0.001
>TCGATTTTGT	16-TCGATTTTGT	10.396706	-8.104958	0	T:9.0(8.74%),B:788.9(2.06%),P:1e-3	Tpos:467.1,Tstd:296.7,Bpos:497.8,Bstd:320.2,StrandBias:-1.8,Multiplicity:1.00
0.043	0.048	0.067	0.842
0.001	0.962	0.036	0.001
0.029	0.080	0.890	0.001
0.907	0.065	0.001	0.027
0.033	0.001	0.001	0.965
0.053	0.001	0.001	0.945
0.001	0.074	0.001	0.924
0.072	0.167	0.001	0.760
0.001	0.001	0.919	0.079
0.054	0.001	0.042	0.903
>CCCCCCCCCT	17-CCCCCCCCCT	8.166519	-5.852739	0	T:11.0(10.68%),B:1531.1(4.00%),P:1e-2	Tpos:539.3,Tstd:237.7,Bpos:535.0,Bstd:353.5,StrandBias:2.0,Multiplicity:1.09
0.001	0.997	0.001	0.001
0.255	0.743	0.001	0.001
0.001	0.997	0.001	0.001
0.001	0.939	0.019	0.041
0.001	0.997	0.001	0.001
0.001	0.997	0.001	0.001
0.015	0.820	0.001	0.164
0.154	0.844	0.001	0.001
0.248	0.634	0.117	0.001
0.009	0.015	0.326	0.650
>TTTTCGTGTA	18-TTTTCGTGTA	10.296193	-5.377039	0	T:4.0(3.88%),B:245.8(0.64%),P:1e-2	Tpos:349.3,Tstd:194.7,Bpos:452.2,Bstd:289.4,StrandBias:-4.2,Multiplicity:9.75
0.100	0.100	0.100	0.700
0.100	0.100	0.100	0.700
0.100	0.100	0.100	0.700
0.100	0.100	0.100	0.700
0.100	0.700	0.100	0.100
0.100	0.100	0.700	0.100
0.100	0.100	0.100	0.700
0.100	0.100	0.700	0.100
0.100	0.100	0.100	0.700
0.700	0.100	0.100	0.100
>CGAAAAGGGG	19-CGAAAAGGGG	10.822273	-4.501338	0	T:4.0(3.88%),B:317.3(0.83%),P:1e-1	Tpos:636.7,Tstd:134.6,Bpos:502.7,Bstd:315.4,StrandBias:-1.2,Multiplicity:3.25
0.001	0.997	0.001	0.001
0.058	0.001	0.940	0.001
0.997	0.001	0.001	0.001
0.997	0.001	0.001	0.001
0.799	0.001	0.199	0.001
0.997	0.001	0.001	0.001
0.001	0.001	0.933	0.065
0.001	0.001	0.997	0.001
0.001	0.001	0.997	0.001
0.001	0.001	0.997	0.001
>TGACTGTTAGTT	1-TGACTGTTAGTT	14.117596	-22.652832	0	T:6.0(5.83%),B:23.6(0.06%),P:1e-9	Tpos:427.7,Tstd:209.9,Bpos:549.8,Bstd:395.2,StrandBias:-1.0,Multiplicity:1.00
0.001	0.001	0.226	0.772
0.001	0.197	0.801	0.001
0.997	0.001	0.001	0.001
0.001	0.997	0.001	0.001
0.001	0.001	0.001	0.997
0.001	0.001	0.997	0.001
0.226	0.001	0.001	0.772
0.001	0.001	0.173	0.825
0.997	0.001	0.001	0.001
0.001	0.001	0.997	0.001
0.001	0.001	0.001	0.997
0.001	0.001	0.001	0.997
>CCAGAATCTGCT	2-CCAGAATCTGCT	14.462101	-22.120690	0	T:5.0(4.85%),B:9.1(0.02%),P:1e-9	Tpos:425.2,Tstd:276.3,Bpos:394.3,Bstd:231.7,StrandBias:0.6,Multiplicity:1.00
0.001	0.744	0.001	0.254
0.221	0.777	0.001	0.001
0.997	0.001	0.001	0.001
0.001	0.001	0.997	0.001
0.997	0.001	0.001	0.001
0.711	0.001	0.001	0.287
0.001	0.001	0.001	0.997
0.001	0.997	0.001	0.001
0.001	0.001	0.001	0.997
0.001	0.001	0.997	0.001
0.001	0.997	0.001	0.001
0.001	0.001	0.001	0.997
>GACGACACTCCG	3-GACGACACTCCG	8.811562	-21.264284	0	T:13.0(12.62%),B:467.0(1.22%),P:1e-9	Tpos:683.5,Tstd:193.5,Bpos:592.3,Bstd:321.6,StrandBias:2.6,Multiplicity:1.08
0.165	0.001	0.780	0.054
0.945	0.001	0.001	0.053
0.001	0.997	0.001	0.001
0.056	0.001	0.942	0.001
0.943	0.001	0.001	0.055
0.001	0.896	0.102	0.001
0.997	0.001	0.001	0.001
0.001	0.949	0.049	0.001
0.001	0.001	0.001	0.997
0.001	0.997	0.001	0.001
0.001	0.997	0.001	0.001
0.058	0.001	0.940	0.001
>GAGCTAAATTTC	4-GAGCTAAATTTC	10.079884	-20.871551	0	T:22.0(21.36%),B:1698.7(4.44%),P:1e-9	Tpos:574.1,Tstd:225.6,Bpos:506.4,Bstd:311.4,StrandBias:-0.3,Multiplicity:1.23
0.053	0.051	0.856	0.040
0.838	0.052	0.001	0.109
0.149	0.116	0.621	0.114
0.056	0.866	0.001	0.077
0.184	0.086	0.001	0.729
0.962	0.001	0.001	0.036
0.927	0.001	0.001	0.071
0.805	0.137	0.001	0.057
0.142	0.001	0.050	0.807
0.001	0.001	0.056	0.942
0.001	0.001	0.001	0.997
0.042	0.661	0.267	0.030
>GAAGATCAAGTT	5-GAAGATCAAGTT	11.659183	-19.995990	0	T:10.0(9.71%),B:247.9(0.65%),P:1e-8	Tpos:421.9,Tstd:195.6,Bpos:465.3,Bstd:307.5,StrandBias:-0.6,Multiplicity:1.00
0.001	0.001	0.997	0.001
0.913	0.001	0.001	0.085
0.873	0.125	0.001	0.001
0.041	0.001	0.957	0.001
0.997	0.001	0.001	0.001
0.098	0.001	0.001	0.900
0.001	0.920	0.078	0.001
0.997	0.001	0.001	0.001
0.709	0.126	0.164	0.001
0.001	0.115	0.585	0.299
0.001	0.001	0.133	0.865
0.001	0.164	0.126	0.709
>GTTATTTATCAA	6-GTTATTTATCAA	11.299430	-19.957971	0	T:9.0(8.74%),B:179.0(0.47%),P:1e-8	Tpos:394.3,Tstd:295.7,Bpos:506.5,Bstd:344.9,StrandBias:-0.3,Multiplicity:1.00
0.037	0.271	0.493	0.199
0.174	0.001	0.001	0.824
0.091	0.020	0.069	0.820
0.749	0.022	0.093	0.136
0.060	0.077	0.046	0.817
0.066	0.326	0.001	0.607
0.055	0.230	0.077	0.638
0.520	0.019	0.319	0.142
0.041	0.060	0.059	0.840
0.225	0.571	0.104	0.100
0.786	0.079	0.096	0.039
0.863	0.001	0.039	0.097
>TTTCTGCGTTGG	7-TTTCTGCGTTGG	9.517336	-19.845686	0	T:6.0(5.83%),B:39.2(0.10%),P:1e-8	Tpos:610.8,Tstd:311.0,Bpos:454.7,Bstd:333.9,StrandBias:0.0,Multiplicity:1.00
0.001	0.001	0.001	0.997
0.036	0.001	0.001	0.962
0.001	0.001	0.176	0.822
0.001	0.997	0.001	0.001
0.001	0.001	0.001	0.997
0.001	0.142	0.856	0.001
0.001	0.997	0.001	0.001
0.001	0.001	0.997	0.001
0.001	0.001	0.039	0.959
0.001	0.001	0.001	0.997
0.039	0.001	0.959	0.001
0.001	0.001	0.997	0.001
>GCCAGMGAAGTT	8-GCCAGMGAAGTT	8.464423	-19.218279	0	T:11.0(10.68%),B:354.5(0.93%),P:1e-8	Tpos:393.5,Tstd:222.0,Bpos:501.5,Bstd:322.9,StrandBias:-1.4,Multiplicity:1.00
0.001	0.245	0.753	0.001
0.001	0.997	0.001	0.001
0.182	0.816	0.001	0.001
0.997	0.001	0.001	0.001
0.001	0.001	0.997	0.001
0.429	0.283	0.278	0.009
0.252	0.001	0.746	0.001
0.711	0.278	0.001	0.010
0.997	0.001	0.001	0.001
0.001	0.001	0.997	0.001
0.246	0.001	0.010	0.743
0.001	0.001	0.001	0.997
>CAACTCTATCCT	9-CAACTCTATCCT	14.070864	-17.228852	0	T:5.0(4.85%),B:29.1(0.08%),P:1e-7	Tpos:489.0,Tstd:298.0,Bpos:475.0,Bstd:290.4,StrandBias:0.6,Multiplicity:1.00
0.001	0.997	0.001	0.001
0.997	0.001	0.001	0.001
0.997	0.001	0.001	0.001
0.001	0.997	0.001	0.001
0.001	0.229	0.001	0.769
0.001	0.838	0.001	0.160
0.001	0.001	0.001	0.997
0.997	0.001	0.001	0.001
0.165	0.001	0.001	0.833
0.001	0.769	0.001	0.229
0.001	0.997	0.001	0.001
0.001	0.001	0.001	0.997
>WTTTTCTGCGCT	10-WTTTTCTGCGCT	12.449403	-16.989249	0	T:8.0(7.77%),B:179.0(0.47%),P:1e-7	Tpos:579.8,Tstd:270.7,Bpos:567.6,Bstd:351.2,StrandBias:0.0,Multiplicity:1.00
0.438	0.001	0.001	0.560
0.001	0.001	0.001	0.997
0.001	0.001	0.001	0.997
0.001	0.001	0.284	0.714
0.001	0.001	0.192	0.806
0.001	0.997	0.001	0.001
0.352	0.001	0.001	0.646
0.001	0.001	0.997	0.001
0.001	0.997	0.001	0.001
0.001	0.320	0.678	0.001
0.153	0.845	0.001	0.001
0.001	0.001	0.001	0.997
>GTGTATAMACTT	11-GTGTATAMACTT	13.484735	-14.840796	0	T:5.0(4.85%),B:49.4(0.13%),P:1e-6	Tpos:507.1,Tstd:260.0,Bpos:544.7,Bstd:302.1,StrandBias:-1.6,Multiplicity:1.20
0.001	0.001	0.997	0.001
0.001	0.001	0.001	0.997
0.001	0.001	0.997	0.001
0.001	0.272	0.001	0.726
0.997	0.001	0.001	0.001
0.001	0.001	0.419	0.579
0.997	0.001	0.001	0.001
0.386	0.426	0.187	0.001
0.997	0.001	0.001	0.001
0.001	0.997	0.001	0.001
0.001	0.001	0.001	0.997
0.001	0.001	0.001	0.997
>CATGCAAAAAWT	12-CATGCAAAAAWT	11.310350	-13.685263	0	T:15.0(14.56%),B:1225.8(3.20%),P:1e-5	Tpos:514.1,Tstd:238.4,Bpos:473.1,Bstd:305.9,StrandBias:-0.2,Multiplicity:1.00
0.198	0.569	0.232	0.001
0.894	0.001	0.063	0.042
0.060	0.001	0.001	0.938
0.245	0.140	0.614	0.001
0.110	0.608	0.131	0.151
0.730	0.077	0.001	0.192
0.997	0.001	0.001	0.001
0.900	0.001	0.098	0.001
0.997	0.001	0.001	0.001
0.621	0.103	0.069	0.207
0.502	0.001	0.001	0.496
0.001	0.173	0.001	0.825
>ATGTTCGAAATT	13-ATGTTCGAAATT	13.398041	-13.102519	0	T:10.0(9.71%),B:530.2(1.38%),P:1e-5	Tpos:581.3,Tstd:131.6,Bpos:489.3,Bstd:310.1,StrandBias:-0.8,Multiplicity:1.10
0.894	0.001	0.001	0.104
0.001	0.001	0.001	0.997
0.107	0.001	0.796	0.096
0.001	0.001	0.001	0.997
0.001	0.001	0.001	0.997
0.001	0.796	0.120	0.083
0.076	0.140	0.783	0.001
0.997	0.001	0.001	0.001
0.997	0.001	0.001	0.001
0.867	0.001	0.001	0.131
0.001	0.001	0.001	0.997
0.001	0.001	0.001	0.997
>GTTTGCTATCTT	14-GTTTGCTATCTT	15.311498	-11.297643	0	T:3.0(2.91%),B:14.3(0.04%),P:1e-4	Tpos:763.2,Tstd:119.9,Bpos:448.6,Bstd:265.1,StrandBias:10.0,Multiplicity:1.33
0.001	0.001	0.997	0.001
0.001	0.001	0.001	0.997
0.001	0.001	0.001	0.997
0.001	0.001	0.001	0.997
0.001	0.001	0.997	0.001
0.001	0.997	0.001	0.001
0.001	0.001	0.001	0.997
0.723	0.001	0.001	0.275
0.001	0.001	0.001	0.997
0.001	0.997	0.001	0.001
0.001	0.001	0.001	0.997
0.001	0.001	0.001	0.997
>CTTTATCGTGTA	15-CTTTATCGTGTA	13.130944	-11.036186	0	T:4.0(3.88%),B:52.5(0.14%),P:1e-4	Tpos:342.5,Tstd:199.3,Bpos:415.7,Bstd:261.1,StrandBias:-4.2,Multiplicity:9.50
0.176	0.822	0.001	0.001
0.001	0.001	0.001	0.997
0.001	0.001	0.001	0.997
0.001	0.001	0.001	0.997
0.822	0.001	0.001	0.176
0.001	0.001	0.001	0.997
0.001	0.997	0.001	0.001
0.001	0.001	0.997	0.001
0.001	0.001	0.001	0.997
0.001	0.001	0.997	0.001
0.001	0.001	0.001	0.997
0.997	0.001	0.001	0.001
>ATGACGTCATWS	16-ATGACGTCATWS	9.578295	-10.113639	0	T:10.0(9.71%),B:753.4(1.97%),P:1e-4	Tpos:499.8,Tstd:285.2,Bpos:500.4,Bstd:310.8,StrandBias:0.4,Multiplicity:1.10
0.968	0.001	0.030	0.001
0.001	0.001	0.001	0.997
0.001	0.001	0.997	0.001
0.997	0.001	0.001	0.001
0.001	0.602	0.001	0.396
0.034	0.001	0.964	0.001
0.001	0.001	0.362	0.636
0.001	0.997	0.001	0.001
0.997	0.001	0.001	0.001
0.001	0.001	0.001	0.997
0.325	0.243	0.001	0.430
0.001	0.326	0.427	0.246
>ACTTGTGTATTA	17-ACTTGTGTATTA	14.394127	-9.481625	0	T:4.0(3.88%),B:79.6(0.21%),P:1e-4	Tpos:508.4,Tstd:283.4,Bpos:410.2,Bstd:280.3,StrandBias:-0.6,Multiplicity:1.25
0.753	0.165	0.001	0.081
0.064	0.690	0.090	0.156
0.001	0.001	0.001	0.997
0.001	0.001	0.001	0.997
0.001	0.075	0.816	0.108
0.001	0.116	0.165	0.718
0.127	0.001	0.719	0.153
0.145	0.001	0.001	0.853
0.853	0.145	0.001	0.001
0.001	0.001	0.001	0.997
0.001	0.107	0.001	0.891
0.756	0.001	0.127	0.116
>CCCCCSCCCCCA	18-CCCCCSCCCCCA	12.996359	-6.595167	0	T:8.0(7.77%),B:786.1(2.05%),P:1e-2	Tpos:575.7,Tstd:259.2,Bpos:528.9,Bstd:351.3,StrandBias:3.0,Multiplicity:1.12
0.001	0.718	0.177	0.104
0.378	0.620	0.001	0.001
0.001	0.997	0.001	0.001
0.001	0.997	0.001	0.001
0.001	0.821	0.177	0.001
0.001	0.443	0.555	0.001
0.001	0.997	0.001	0.001
0.001	0.997	0.001	0.001
0.001	0.997	0.001	0.001
0.001	0.997	0.001	0.001
0.276	0.722	0.001	0.001
0.741	0.257	0.001	0.001
>CTCCCMTTTTCG	19-CTCCCMTTTTCG	10.493757	-6.283854	0	T:7.0(6.80%),B:642.3(1.68%),P:1e-2	Tpos:706.2,Tstd:132.8,Bpos:525.2,Bstd:324.8,StrandBias:0.9,Multiplicity:2.43
0.151	0.823	0.001	0.025
0.134	0.107	0.001	0.758
0.025	0.696	0.145	0.134
0.001	0.895	0.103	0.001
0.145	0.766	0.001	0.088
0.345	0.488	0.001	0.166
0.001	0.175	0.001	0.823
0.001	0.134	0.001	0.864
0.175	0.001	0.001	0.823
0.001	0.001	0.001	0.997
0.001	0.969	0.001	0.029
0.001	0.001	0.921	0.077
>GCTCACGGAGCA	20-GCTCACGGAGCA	13.629185	-4.767988	0	T:3.0(2.91%),B:152.7(0.40%),P:1e-2	Tpos:656.6,Tstd:319.5,Bpos:546.8,Bstd:399.0,StrandBias:0.6,Multiplicity:1.67
0.001	0.001	0.997	0.001
0.009	0.989	0.001	0.001
0.001	0.144	0.001	0.854
0.206	0.665	0.128	0.001
0.488	0.212	0.299	0.001
0.001	0.721	0.001	0.277
0.001	0.109	0.889	0.001
0.168	0.001	0.830	0.001
0.997	0.001	0.001	0.001
0.001	0.001	0.792	0.206
0.001	0.997	0.001	0.001
0.995	0.003	0.001	0.001
>CCTCGGTTTTTT	21-CCTCGGTTTTTT	12.355432	-2.857782	0	T:1.0(0.97%),B:21.6(0.06%),P:1e-1	Tpos:608.5,Tstd:18.4,Bpos:482.1,Bstd:416.1,StrandBias:-10.0,Multiplicity:4.00
0.100	0.700	0.100	0.100
0.100	0.700	0.100	0.100
0.100	0.100	0.100	0.700
0.100	0.700	0.100	0.100
0.100	0.100	0.700	0.100
0.100	0.100	0.700	0.100
0.100	0.100	0.100	0.700
0.100	0.100	0.100	0.700
0.100	0.100	0.100	0.700
0.100	0.100	0.100	0.700
0.100	0.100	0.100	0.700
0.100	0.100	0.100	0.700
>GAGCGCGC	1-GAGCGCGC	6.793975	-12.545975	0	T:27.0(26.21%),B:3912.1(10.22%),P:1e-5	Tpos:556.0,Tstd:227.6,Bpos:553.4,Bstd:361.2,StrandBias:-0.5,Multiplicity:1.19
0.054	0.032	0.817	0.097
0.797	0.171	0.001	0.031
0.062	0.046	0.857	0.035
0.039	0.756	0.084	0.121
0.001	0.029	0.910	0.060
0.001	0.970	0.001	0.028
0.001	0.001	0.997	0.001
0.020	0.943	0.001	0.036
>GCTCCGTG	2-GCTCCGTG	6.928465	-6.344319	0	T:23.0(22.33%),B:4498.9(11.75%),P:1e-2	Tpos:541.5,Tstd:293.9,Bpos:510.5,Bstd:345.5,StrandBias:-0.4,Multiplicity:1.64
0.001	0.001	0.997	0.001
0.001	0.951	0.047	0.001
0.001	0.001	0.001	0.997
0.085	0.733	0.181	0.001
0.001	0.807	0.191	0.001
0.001	0.091	0.907	0.001
0.001	0.293	0.037	0.669
0.001	0.001	0.929	0.069
>CCCCCCCC	3-CCCCCCCC	7.346682	-4.619668	0	T:13.0(12.62%),B:2328.8(6.08%),P:1e-2	Tpos:601.2,Tstd:245.5,Bpos:544.3,Bstd:356.3,StrandBias:2.4,Multiplicity:1.08
0.038	0.918	0.020	0.024
0.001	0.997	0.001	0.001
0.001	0.960	0.038	0.001
0.030	0.914	0.055	0.001
0.001	0.997	0.001	0.001
0.001	0.997	0.001	0.001
0.001	0.997	0.001	0.001
0.069	0.906	0.024	0.001
>TTCGTGTA	4-TTCGTGTA	8.236954	-4.287215	0	T:7.0(6.80%),B:937.9(2.45%),P:1e-1	Tpos:350.6,Tstd:202.6,Bpos:499.6,Bstd:317.6,StrandBias:-2.9,Multiplicity:6.00
0.100	0.100	0.100	0.700
0.100	0.100	0.100	0.700
0.100	0.700	0.100	0.100
0.100	0.100	0.700	0.100
0.100	0.100	0.100	0.700
0.100	0.100	0.700	0.100
0.100	0.100	0.100	0.700
0.700	0.100	0.100	0.100
>ATAGATTG	5-ATAGATTG	6.291044	-2.955671	0	T:70.0(67.96%),B:22851.6(59.67%),P:1e-1	Tpos:513.2,Tstd:270.5,Bpos:503.8,Bstd:310.9,StrandBias:0.4,Multiplicity:2.00
0.700	0.100	0.100	0.100
0.100	0.100	0.100	0.700
0.700	0.100	0.100	0.100
0.100	0.100	0.700	0.100
0.700	0.100	0.100	0.100
0.100	0.100	0.100	0.700
0.100	0.100	0.100	0.700
0.100	0.100	0.700	0.100
