>TGAATAAGCTCA	6-TGAGCTTATTCA	9.344985	-13.595587	0	T:8.0(28.57%),B:1060.5(3.01%),P:1e-5
0.001	0.094	0.001	0.904
0.001	0.152	0.575	0.272
0.786	0.112	0.101	0.001
0.831	0.001	0.167	0.001
0.001	0.152	0.106	0.741
0.456	0.273	0.270	0.001
0.779	0.001	0.219	0.001
0.056	0.102	0.839	0.003
0.001	0.921	0.001	0.077
0.101	0.001	0.001	0.897
0.095	0.569	0.001	0.335
0.483	0.102	0.108	0.308
