>TGATATTTGT	1-TGATATTTGT	10.683821	-21.045039	0	T:13.0(16.67%),B:653.9(1.68%),P:1e-9	Tpos:584.5,Tstd:315.9,Bpos:509.7,Bstd:286.2,StrandBias:0.7,Multiplicity:1.00
0.171	0.001	0.203	0.625
0.001	0.001	0.997	0.001
0.720	0.278	0.001	0.001
0.001	0.001	0.001	0.997
0.974	0.001	0.001	0.024
0.001	0.001	0.001	0.997
0.001	0.227	0.001	0.771
0.001	0.001	0.001	0.997
0.001	0.001	0.997	0.001
0.001	0.001	0.001	0.997
>GGGTCGCTTC	2-GGGTCGCTTC	10.823581	-19.687273	0	T:8.0(10.26%),B:170.8(0.44%),P:1e-8	Tpos:548.5,Tstd:219.7,Bpos:508.2,Bstd:346.5,StrandBias:1.6,Multiplicity:1.00
0.001	0.001	0.857	0.141
0.001	0.001	0.997	0.001
0.284	0.001	0.714	0.001
0.001	0.001	0.001	0.997
0.001	0.997	0.001	0.001
0.001	0.001	0.890	0.108
0.147	0.851	0.001	0.001
0.001	0.001	0.001	0.997
0.134	0.001	0.001	0.864
0.001	0.997	0.001	0.001
>CTTCATTCCT	3-CTTCATTCCT	10.674453	-19.178833	0	T:18.0(23.08%),B:1675.3(4.29%),P:1e-8	Tpos:629.6,Tstd:266.9,Bpos:529.3,Bstd:339.8,StrandBias:1.1,Multiplicity:1.06
0.001	0.997	0.001	0.001
0.001	0.001	0.001	0.997
0.001	0.001	0.001	0.997
0.001	0.651	0.001	0.347
0.810	0.001	0.001	0.188
0.001	0.001	0.001	0.997
0.001	0.001	0.120	0.878
0.001	0.997	0.001	0.001
0.001	0.733	0.028	0.238
0.001	0.001	0.001	0.997
>AGAGAAAAGC	4-AGAGAAAAGC	9.844999	-18.680723	0	T:22.0(28.21%),B:2661.6(6.82%),P:1e-8	Tpos:433.8,Tstd:272.1,Bpos:529.8,Bstd:354.9,StrandBias:-1.5,Multiplicity:1.10
0.950	0.001	0.001	0.048
0.001	0.001	0.997	0.001
0.937	0.001	0.061	0.001
0.014	0.062	0.923	0.001
0.903	0.001	0.095	0.001
0.913	0.085	0.001	0.001
0.856	0.092	0.051	0.001
0.866	0.001	0.072	0.061
0.079	0.001	0.898	0.022
0.117	0.792	0.069	0.022
>GGGGTTTTGC	5-GGGGTTTTGC	10.260638	-18.573386	0	T:12.0(15.38%),B:655.1(1.68%),P:1e-8	Tpos:639.7,Tstd:272.8,Bpos:495.1,Bstd:368.8,StrandBias:-0.5,Multiplicity:1.00
0.001	0.001	0.997	0.001
0.069	0.001	0.929	0.001
0.001	0.001	0.914	0.084
0.075	0.001	0.923	0.001
0.001	0.001	0.001	0.997
0.001	0.126	0.001	0.872
0.001	0.001	0.148	0.850
0.001	0.001	0.001	0.997
0.116	0.078	0.805	0.001
0.064	0.792	0.077	0.067
>ATATTGCAWS	6-ATATTGCAWS	8.713073	-17.646017	0	T:27.0(34.62%),B:4219.3(10.81%),P:1e-7	Tpos:517.6,Tstd:302.0,Bpos:499.8,Bstd:307.7,StrandBias:-0.1,Multiplicity:1.19
0.706	0.159	0.001	0.134
0.001	0.001	0.001	0.997
0.705	0.001	0.062	0.232
0.403	0.001	0.001	0.595
0.001	0.001	0.001	0.997
0.301	0.001	0.697	0.001
0.001	0.835	0.163	0.001
0.947	0.001	0.003	0.049
0.438	0.085	0.001	0.476
0.001	0.415	0.395	0.189
>GAAAATATCG	7-GAAAATATCG	10.003330	-16.519202	0	T:16.0(20.51%),B:1550.7(3.97%),P:1e-7	Tpos:449.9,Tstd:289.1,Bpos:515.7,Bstd:367.9,StrandBias:-1.8,Multiplicity:1.12
0.001	0.001	0.997	0.001
0.907	0.091	0.001	0.001
0.870	0.128	0.001	0.001
0.897	0.001	0.101	0.001
0.997	0.001	0.001	0.001
0.001	0.064	0.001	0.934
0.949	0.049	0.001	0.001
0.001	0.001	0.001	0.997
0.001	0.997	0.001	0.001
0.001	0.057	0.908	0.034
>AACTTGTCGC	8-AACTTGTCGC	10.690936	-16.340885	0	T:10.0(12.82%),B:504.6(1.29%),P:1e-7	Tpos:467.0,Tstd:190.1,Bpos:482.9,Bstd:320.6,StrandBias:0.6,Multiplicity:1.00
0.849	0.149	0.001	0.001
0.905	0.001	0.001	0.093
0.110	0.780	0.001	0.109
0.001	0.237	0.001	0.761
0.001	0.001	0.001	0.997
0.001	0.133	0.865	0.001
0.102	0.001	0.001	0.896
0.001	0.997	0.001	0.001
0.001	0.001	0.987	0.011
0.133	0.865	0.001	0.001
>GTAATTAAAA	9-GTAATTAAAA	8.541984	-15.190388	0	T:29.0(37.18%),B:5406.7(13.86%),P:1e-6	Tpos:595.0,Tstd:299.4,Bpos:514.8,Bstd:308.3,StrandBias:-1.3,Multiplicity:1.41
0.061	0.098	0.646	0.195
0.148	0.172	0.107	0.573
0.835	0.001	0.024	0.140
0.668	0.143	0.023	0.166
0.322	0.027	0.024	0.627
0.001	0.010	0.241	0.748
0.726	0.032	0.094	0.148
0.738	0.186	0.049	0.027
0.786	0.008	0.010	0.196
0.588	0.026	0.191	0.195
>AGGATAAACA	10-AGGATAAACA	10.546180	-14.220031	0	T:8.0(10.26%),B:354.2(0.91%),P:1e-6	Tpos:609.8,Tstd:335.3,Bpos:518.7,Bstd:333.5,StrandBias:0.0,Multiplicity:1.00
0.883	0.115	0.001	0.001
0.059	0.079	0.861	0.001
0.043	0.212	0.744	0.001
0.873	0.125	0.001	0.001
0.001	0.001	0.057	0.941
0.997	0.001	0.001	0.001
0.997	0.001	0.001	0.001
0.997	0.001	0.001	0.001
0.041	0.796	0.084	0.079
0.997	0.001	0.001	0.001
>AAAAAACACC	11-AAAAAACACC	11.431557	-13.537619	0	T:10.0(12.82%),B:689.0(1.77%),P:1e-5	Tpos:497.7,Tstd:255.1,Bpos:516.9,Bstd:338.7,StrandBias:-0.3,Multiplicity:1.10
0.915	0.083	0.001	0.001
0.887	0.001	0.001	0.111
0.884	0.001	0.114	0.001
0.997	0.001	0.001	0.001
0.997	0.001	0.001	0.001
0.997	0.001	0.001	0.001
0.001	0.997	0.001	0.001
0.997	0.001	0.001	0.001
0.001	0.997	0.001	0.001
0.001	0.997	0.001	0.001
>AGGCCTCGTC	12-AGGCCTCGTC	10.296193	-13.048252	0	T:3.0(3.85%),B:10.3(0.03%),P:1e-5	Tpos:555.0,Tstd:306.1,Bpos:273.2,Bstd:323.7,StrandBias:-1.0,Multiplicity:1.00
0.700	0.100	0.100	0.100
0.100	0.100	0.700	0.100
0.100	0.100	0.700	0.100
0.100	0.700	0.100	0.100
0.100	0.700	0.100	0.100
0.100	0.100	0.100	0.700
0.100	0.700	0.100	0.100
0.100	0.100	0.700	0.100
0.100	0.100	0.100	0.700
0.100	0.700	0.100	0.100
>AAGCCGATTG	13-AAGCCGATTG	9.992696	-12.781268	0	T:10.0(12.82%),B:751.6(1.93%),P:1e-5	Tpos:508.8,Tstd:249.0,Bpos:494.0,Bstd:322.0,StrandBias:0.0,Multiplicity:1.20
0.997	0.001	0.001	0.001
0.997	0.001	0.001	0.001
0.071	0.087	0.841	0.001
0.001	0.916	0.001	0.082
0.001	0.921	0.001	0.077
0.075	0.001	0.815	0.109
0.757	0.135	0.001	0.107
0.001	0.001	0.001	0.997
0.001	0.091	0.001	0.907
0.001	0.001	0.945	0.053
>CACTGAATCA	14-CACTGAATCA	10.296193	-12.139580	0	T:4.0(5.13%),B:53.4(0.14%),P:1e-5	Tpos:656.8,Tstd:49.1,Bpos:487.4,Bstd:317.1,StrandBias:0.0,Multiplicity:1.00
0.100	0.700	0.100	0.100
0.700	0.100	0.100	0.100
0.100	0.700	0.100	0.100
0.100	0.100	0.100	0.700
0.100	0.100	0.700	0.100
0.700	0.100	0.100	0.100
0.700	0.100	0.100	0.100
0.100	0.100	0.100	0.700
0.100	0.700	0.100	0.100
0.700	0.100	0.100	0.100
>CRATAATTTC	15-CRATAATTTC	11.356711	-11.383960	0	T:14.0(17.95%),B:1781.2(4.57%),P:1e-4	Tpos:588.1,Tstd:282.4,Bpos:519.3,Bstd:352.4,StrandBias:-0.6,Multiplicity:1.07
0.001	0.997	0.001	0.001
0.509	0.127	0.363	0.001
0.997	0.001	0.001	0.001
0.001	0.257	0.001	0.741
0.997	0.001	0.001	0.001
0.893	0.001	0.001	0.105
0.001	0.001	0.001	0.997
0.001	0.001	0.001	0.997
0.001	0.001	0.001	0.997
0.001	0.997	0.001	0.001
>AACCTTCGAA	16-AACCTTCGAA	9.739299	-10.602517	0	T:12.0(15.38%),B:1414.5(3.63%),P:1e-4	Tpos:528.2,Tstd:312.1,Bpos:506.8,Bstd:309.4,StrandBias:-0.4,Multiplicity:1.33
0.997	0.001	0.001	0.001
0.894	0.104	0.001	0.001
0.001	0.842	0.058	0.099
0.031	0.907	0.001	0.061
0.001	0.001	0.086	0.912
0.001	0.001	0.107	0.891
0.001	0.885	0.074	0.040
0.030	0.001	0.968	0.001
0.758	0.001	0.093	0.148
0.997	0.001	0.001	0.001
>AATTTTTACC	17-AATTTTTACC	8.379485	-10.004420	0	T:21.0(26.92%),B:4132.7(10.59%),P:1e-4	Tpos:552.8,Tstd:273.3,Bpos:517.0,Bstd:323.7,StrandBias:2.4,Multiplicity:1.48
0.955	0.043	0.001	0.001
0.877	0.001	0.001	0.121
0.001	0.001	0.058	0.940
0.001	0.001	0.001	0.997
0.067	0.001	0.001	0.931
0.086	0.001	0.076	0.837
0.001	0.001	0.001	0.997
0.997	0.001	0.001	0.001
0.001	0.997	0.001	0.001
0.001	0.927	0.001	0.071
>AGACCGATTT	18-AGACCGATTT	11.826002	-9.984998	0	T:5.0(6.41%),B:190.4(0.49%),P:1e-4	Tpos:682.8,Tstd:217.1,Bpos:468.9,Bstd:281.0,StrandBias:-1.0,Multiplicity:1.20
0.997	0.001	0.001	0.001
0.001	0.001	0.997	0.001
0.835	0.001	0.001	0.163
0.001	0.997	0.001	0.001
0.001	0.997	0.001	0.001
0.001	0.001	0.997	0.001
0.997	0.001	0.001	0.001
0.160	0.001	0.001	0.838
0.001	0.001	0.001	0.997
0.001	0.001	0.001	0.997
>CACKCACACT	19-CACKCACACT	5.357635	-7.961497	0	T:21.0(26.92%),B:4775.0(12.24%),P:1e-3	Tpos:492.0,Tstd:283.8,Bpos:536.6,Bstd:342.0,StrandBias:1.7,Multiplicity:1.43
0.001	0.997	0.001	0.001
0.890	0.108	0.001	0.001
0.001	0.997	0.001	0.001
0.123	0.016	0.365	0.496
0.001	0.984	0.014	0.001
0.608	0.001	0.001	0.390
0.001	0.997	0.001	0.001
0.893	0.001	0.001	0.105
0.001	0.997	0.001	0.001
0.225	0.001	0.001	0.773
>TAAAATTCCC	20-TAAAATTCCC	10.296193	-0.824179	0	T:1.0(1.28%),B:287.8(0.74%),P:1e0	Tpos:315.2,Tstd:153.4,Bpos:499.2,Bstd:376.4,StrandBias:10.0,Multiplicity:12.00
0.100	0.100	0.100	0.700
0.700	0.100	0.100	0.100
0.700	0.100	0.100	0.100
0.700	0.100	0.100	0.100
0.700	0.100	0.100	0.100
0.100	0.100	0.100	0.700
0.100	0.100	0.100	0.700
0.100	0.700	0.100	0.100
0.100	0.700	0.100	0.100
0.100	0.700	0.100	0.100
>TCTCTTTCGATT	1-TCTCTTTCGATT	10.138528	-25.101431	0	T:18.0(23.08%),B:1151.3(2.95%),P:1e-10	Tpos:619.0,Tstd:324.8,Bpos:509.2,Bstd:345.2,StrandBias:0.7,Multiplicity:1.00
0.001	0.001	0.309	0.689
0.001	0.662	0.001	0.336
0.001	0.001	0.001	0.997
0.001	0.997	0.001	0.001
0.189	0.137	0.001	0.673
0.001	0.001	0.049	0.949
0.348	0.001	0.001	0.650
0.001	0.997	0.001	0.001
0.026	0.024	0.949	0.001
0.697	0.001	0.148	0.154
0.001	0.001	0.001	0.997
0.001	0.001	0.001	0.997
>AGTGTGTGGGGC	2-AGTGTGTGGGGC	10.950701	-24.614794	0	T:10.0(12.82%),B:208.0(0.53%),P:1e-10	Tpos:378.4,Tstd:305.3,Bpos:589.7,Bstd:370.1,StrandBias:-0.3,Multiplicity:1.10
0.997	0.001	0.001	0.001
0.113	0.001	0.716	0.170
0.112	0.001	0.001	0.886
0.001	0.001	0.808	0.190
0.001	0.001	0.085	0.913
0.001	0.001	0.997	0.001
0.136	0.001	0.170	0.693
0.001	0.001	0.997	0.001
0.136	0.178	0.495	0.191
0.076	0.001	0.753	0.170
0.001	0.001	0.997	0.001
0.225	0.773	0.001	0.001
>ATCCAAATCYGT	3-ATCCAAATCYGT	13.435963	-23.869512	0	T:7.0(8.97%),B:55.9(0.14%),P:1e-10	Tpos:505.4,Tstd:282.1,Bpos:510.2,Bstd:451.6,StrandBias:-1.3,Multiplicity:1.00
0.726	0.272	0.001	0.001
0.001	0.001	0.001	0.997
0.001	0.997	0.001	0.001
0.001	0.997	0.001	0.001
0.997	0.001	0.001	0.001
0.997	0.001	0.001	0.001
0.997	0.001	0.001	0.001
0.001	0.001	0.001	0.997
0.001	0.783	0.215	0.001
0.001	0.535	0.001	0.463
0.001	0.001	0.997	0.001
0.420	0.001	0.001	0.578
>GTTTTCAATGTG	4-GTTTTCAATGTG	11.330239	-22.093413	0	T:14.0(17.95%),B:733.1(1.88%),P:1e-9	Tpos:519.6,Tstd:256.5,Bpos:515.3,Bstd:318.5,StrandBias:1.3,Multiplicity:1.00
0.087	0.001	0.864	0.048
0.001	0.001	0.001	0.997
0.001	0.001	0.001	0.997
0.001	0.001	0.001	0.997
0.001	0.001	0.001	0.997
0.001	0.888	0.069	0.042
0.914	0.084	0.001	0.001
0.699	0.111	0.189	0.001
0.049	0.166	0.004	0.781
0.184	0.231	0.422	0.163
0.149	0.157	0.001	0.693
0.082	0.058	0.762	0.098
>ATTTTGCAACGA	5-ATTTTGCAACGA	12.892190	-21.859495	0	T:9.0(11.54%),B:195.5(0.50%),P:1e-9	Tpos:554.7,Tstd:299.8,Bpos:529.9,Bstd:313.7,StrandBias:0.0,Multiplicity:1.11
0.997	0.001	0.001	0.001
0.001	0.001	0.147	0.851
0.001	0.001	0.184	0.814
0.161	0.001	0.001	0.837
0.001	0.130	0.001	0.868
0.001	0.001	0.997	0.001
0.001	0.997	0.001	0.001
0.997	0.001	0.001	0.001
0.997	0.001	0.001	0.001
0.001	0.887	0.111	0.001
0.054	0.001	0.844	0.101
0.997	0.001	0.001	0.001
>TGATATTTTTTC	6-TGATATTTTTTC	12.067540	-20.542546	0	T:12.0(15.38%),B:547.7(1.40%),P:1e-8	Tpos:491.4,Tstd:295.4,Bpos:512.5,Bstd:312.7,StrandBias:1.2,Multiplicity:1.08
0.002	0.001	0.186	0.811
0.001	0.001	0.997	0.001
0.997	0.001	0.001	0.001
0.001	0.001	0.106	0.892
0.881	0.001	0.117	0.001
0.002	0.001	0.001	0.996
0.001	0.148	0.117	0.734
0.001	0.001	0.001	0.997
0.183	0.001	0.172	0.644
0.001	0.001	0.001	0.997
0.001	0.120	0.197	0.682
0.001	0.838	0.160	0.001
>ACTGCGTCAATC	7-ACTGCGTCAATC	14.403620	-20.154194	0	T:5.0(6.41%),B:21.9(0.06%),P:1e-8	Tpos:774.4,Tstd:123.1,Bpos:585.8,Bstd:382.5,StrandBias:2.0,Multiplicity:1.00
0.997	0.001	0.001	0.001
0.317	0.681	0.001	0.001
0.001	0.001	0.001	0.997
0.001	0.001	0.997	0.001
0.001	0.997	0.001	0.001
0.001	0.001	0.792	0.206
0.001	0.001	0.001	0.997
0.212	0.786	0.001	0.001
0.997	0.001	0.001	0.001
0.997	0.001	0.001	0.001
0.001	0.001	0.001	0.997
0.001	0.997	0.001	0.001
>CTTTCGACGCAA	8-CTTTCGACGCAA	14.543442	-20.154194	0	T:5.0(6.41%),B:21.3(0.05%),P:1e-8	Tpos:609.0,Tstd:229.6,Bpos:522.7,Bstd:258.8,StrandBias:0.6,Multiplicity:1.00
0.001	0.997	0.001	0.001
0.001	0.001	0.001	0.997
0.001	0.001	0.001	0.997
0.001	0.001	0.001	0.997
0.001	0.768	0.001	0.230
0.001	0.001	0.997	0.001
0.997	0.001	0.001	0.001
0.001	0.783	0.001	0.215
0.001	0.001	0.997	0.001
0.001	0.997	0.001	0.001
0.768	0.001	0.230	0.001
0.997	0.001	0.001	0.001
>AAAAGAGGAARA	9-AAAAGAGGAARA	11.879880	-20.117998	0	T:14.0(17.95%),B:858.0(2.20%),P:1e-8	Tpos:576.6,Tstd:268.5,Bpos:544.3,Bstd:359.4,StrandBias:-1.6,Multiplicity:1.14
0.593	0.001	0.405	0.001
0.987	0.001	0.011	0.001
0.685	0.001	0.090	0.224
0.543	0.155	0.301	0.001
0.062	0.001	0.850	0.087
0.982	0.001	0.016	0.001
0.001	0.001	0.997	0.001
0.136	0.097	0.766	0.001
0.997	0.001	0.001	0.001
0.639	0.001	0.001	0.359
0.437	0.001	0.440	0.122
0.997	0.001	0.001	0.001
>TCGGAAAGTTAG	10-TCGGAAAGTTAG	11.219221	-19.537496	0	T:10.0(12.82%),B:356.9(0.91%),P:1e-8	Tpos:455.0,Tstd:316.8,Bpos:459.0,Bstd:313.7,StrandBias:0.8,Multiplicity:1.10
0.157	0.001	0.001	0.841
0.001	0.827	0.001	0.171
0.079	0.001	0.919	0.001
0.210	0.001	0.609	0.180
0.819	0.179	0.001	0.001
0.989	0.001	0.009	0.001
0.997	0.001	0.001	0.001
0.096	0.001	0.902	0.001
0.167	0.157	0.001	0.675
0.125	0.001	0.167	0.707
0.832	0.001	0.001	0.166
0.089	0.001	0.909	0.001
>GGGGATGAGGGG	11-GGGGATGAGGGG	13.070501	-19.213018	0	T:5.0(6.41%),B:26.7(0.07%),P:1e-8	Tpos:519.7,Tstd:403.6,Bpos:530.0,Bstd:336.4,StrandBias:0.0,Multiplicity:1.20
0.001	0.001	0.997	0.001
0.001	0.001	0.997	0.001
0.001	0.209	0.789	0.001
0.001	0.001	0.997	0.001
0.997	0.001	0.001	0.001
0.157	0.001	0.001	0.841
0.001	0.001	0.997	0.001
0.789	0.001	0.209	0.001
0.001	0.001	0.997	0.001
0.001	0.001	0.789	0.209
0.001	0.001	0.997	0.001
0.001	0.001	0.997	0.001
>ATGGAATTTTGG	12-ATGGAATTTTGG	13.368511	-19.133068	0	T:8.0(10.26%),B:183.7(0.47%),P:1e-8	Tpos:416.2,Tstd:315.7,Bpos:509.7,Bstd:361.6,StrandBias:-1.0,Multiplicity:1.12
0.884	0.114	0.001	0.001
0.001	0.001	0.182	0.816
0.001	0.001	0.997	0.001
0.090	0.001	0.908	0.001
0.997	0.001	0.001	0.001
0.871	0.001	0.001	0.127
0.001	0.001	0.001	0.997
0.001	0.001	0.001	0.997
0.001	0.001	0.001	0.997
0.001	0.218	0.001	0.780
0.001	0.001	0.997	0.001
0.118	0.001	0.880	0.001
>TTCTTTTCCTTA	13-TTCTTTTCCTTA	14.178418	-19.108288	0	T:7.0(8.97%),B:114.3(0.29%),P:1e-8	Tpos:547.3,Tstd:287.2,Bpos:502.6,Bstd:328.5,StrandBias:1.3,Multiplicity:1.00
0.001	0.001	0.001	0.997
0.001	0.001	0.001	0.997
0.001	0.895	0.001	0.103
0.001	0.001	0.001	0.997
0.001	0.001	0.254	0.744
0.001	0.001	0.001	0.997
0.001	0.001	0.001	0.997
0.001	0.909	0.001	0.089
0.001	0.997	0.001	0.001
0.001	0.001	0.001	0.997
0.001	0.001	0.001	0.997
0.593	0.261	0.145	0.001
>AATTCCATGATT	14-AATTCCATGATT	10.854496	-18.740091	0	T:10.0(12.82%),B:388.2(0.99%),P:1e-8	Tpos:532.6,Tstd:322.6,Bpos:519.2,Bstd:346.7,StrandBias:0.3,Multiplicity:1.10
0.997	0.001	0.001	0.001
0.974	0.024	0.001	0.001
0.001	0.001	0.001	0.997
0.001	0.001	0.001	0.997
0.001	0.724	0.001	0.274
0.001	0.997	0.001	0.001
0.794	0.001	0.190	0.015
0.189	0.001	0.001	0.809
0.001	0.001	0.997	0.001
0.997	0.001	0.001	0.001
0.001	0.001	0.025	0.973
0.001	0.001	0.001	0.997
>ATAGAAAGAAAC	15-ATAGAAAGAAAC	13.247075	-18.541204	0	T:8.0(10.26%),B:198.6(0.51%),P:1e-8	Tpos:471.6,Tstd:328.4,Bpos:525.2,Bstd:332.5,StrandBias:-0.7,Multiplicity:1.00
0.997	0.001	0.001	0.001
0.001	0.001	0.001	0.997
0.997	0.001	0.001	0.001
0.083	0.174	0.742	0.001
0.997	0.001	0.001	0.001
0.997	0.001	0.001	0.001
0.997	0.001	0.001	0.001
0.078	0.001	0.804	0.117
0.997	0.001	0.001	0.001
0.997	0.001	0.001	0.001
0.679	0.001	0.166	0.154
0.001	0.880	0.118	0.001
>TCAGRATTCTTC	16-TCAGRATTCTTC	12.601587	-17.184327	0	T:6.0(7.69%),B:87.1(0.22%),P:1e-7	Tpos:375.3,Tstd:285.0,Bpos:478.1,Bstd:355.3,StrandBias:-1.0,Multiplicity:1.00
0.001	0.001	0.001	0.997
0.246	0.752	0.001	0.001
0.997	0.001	0.001	0.001
0.001	0.001	0.997	0.001
0.494	0.001	0.368	0.136
0.862	0.001	0.001	0.136
0.001	0.001	0.001	0.997
0.001	0.001	0.246	0.752
0.001	0.997	0.001	0.001
0.317	0.001	0.001	0.681
0.001	0.001	0.317	0.681
0.001	0.997	0.001	0.001
>DAGTAATTAAAR	17-DAGTAATTAAAR	8.393298	-15.715441	0	T:15.0(19.23%),B:1430.2(3.67%),P:1e-6	Tpos:610.9,Tstd:267.2,Bpos:519.7,Bstd:314.9,StrandBias:-2.2,Multiplicity:1.13
0.333	0.160	0.292	0.215
0.655	0.069	0.127	0.149
0.200	0.107	0.570	0.123
0.182	0.159	0.091	0.568
0.661	0.101	0.132	0.106
0.690	0.123	0.065	0.122
0.212	0.106	0.105	0.577
0.245	0.076	0.155	0.524
0.672	0.056	0.094	0.178
0.684	0.142	0.118	0.056
0.697	0.120	0.093	0.090
0.371	0.169	0.242	0.218
>GCATTTCTCTTG	18-GCATTTCTCTTG	13.953574	-15.540307	0	T:5.0(6.41%),B:58.9(0.15%),P:1e-6	Tpos:461.5,Tstd:279.9,Bpos:533.8,Bstd:349.4,StrandBias:0.0,Multiplicity:1.20
0.189	0.001	0.681	0.129
0.001	0.997	0.001	0.001
0.997	0.001	0.001	0.001
0.218	0.001	0.001	0.780
0.001	0.001	0.001	0.997
0.001	0.001	0.001	0.997
0.001	0.913	0.001	0.085
0.001	0.001	0.001	0.997
0.001	0.763	0.235	0.001
0.001	0.001	0.001	0.997
0.001	0.001	0.001	0.997
0.001	0.001	0.997	0.001
>ACCTATTTTTAT	19-ACCTATTTTTAT	12.355432	-12.586824	0	T:3.0(3.85%),B:12.1(0.03%),P:1e-5	Tpos:702.7,Tstd:18.4,Bpos:568.9,Bstd:155.0,StrandBias:-1.0,Multiplicity:1.00
0.700	0.100	0.100	0.100
0.100	0.700	0.100	0.100
0.100	0.700	0.100	0.100
0.100	0.100	0.100	0.700
0.700	0.100	0.100	0.100
0.100	0.100	0.100	0.700
0.100	0.100	0.100	0.700
0.100	0.100	0.100	0.700
0.100	0.100	0.100	0.700
0.100	0.100	0.100	0.700
0.700	0.100	0.100	0.100
0.100	0.100	0.100	0.700
>GCACTTTTTGCC	20-GCACTTTTTGCC	12.623470	-12.357418	0	T:4.0(5.13%),B:50.8(0.13%),P:1e-5	Tpos:693.0,Tstd:204.4,Bpos:525.1,Bstd:363.6,StrandBias:0.6,Multiplicity:1.25
0.001	0.001	0.997	0.001
0.001	0.997	0.001	0.001
0.997	0.001	0.001	0.001
0.001	0.997	0.001	0.001
0.001	0.001	0.001	0.997
0.001	0.001	0.001	0.997
0.001	0.001	0.001	0.997
0.001	0.001	0.001	0.997
0.077	0.001	0.084	0.838
0.001	0.001	0.997	0.001
0.001	0.776	0.001	0.222
0.001	0.997	0.001	0.001
>TGGGTTTTTTAG	21-TGGGTTTTTTAG	13.380988	-9.611557	0	T:5.0(6.41%),B:206.7(0.53%),P:1e-4	Tpos:405.0,Tstd:290.4,Bpos:460.9,Bstd:355.6,StrandBias:-2.2,Multiplicity:2.20
0.001	0.001	0.115	0.883
0.001	0.001	0.997	0.001
0.001	0.001	0.997	0.001
0.001	0.001	0.997	0.001
0.001	0.001	0.265	0.733
0.001	0.001	0.001	0.997
0.001	0.001	0.001	0.997
0.001	0.001	0.001	0.997
0.001	0.113	0.001	0.885
0.001	0.001	0.001	0.997
0.795	0.117	0.087	0.001
0.089	0.001	0.791	0.119
>TAGTTTTTTCTC	22-TAGTTTTTTCTC	10.409522	-8.045435	0	T:12.0(15.38%),B:1858.8(4.76%),P:1e-3	Tpos:342.5,Tstd:217.7,Bpos:518.2,Bstd:337.6,StrandBias:3.6,Multiplicity:1.08
0.100	0.100	0.100	0.700
0.700	0.100	0.100	0.100
0.100	0.100	0.700	0.100
0.100	0.100	0.100	0.700
0.100	0.100	0.100	0.700
0.100	0.100	0.100	0.700
0.100	0.100	0.100	0.700
0.100	0.100	0.100	0.700
0.100	0.100	0.100	0.700
0.100	0.700	0.100	0.100
0.100	0.100	0.100	0.700
0.100	0.700	0.100	0.100
>TAAAATTCCCCC	23-TAAAATTCCCCC	14.443150	-6.854997	0	T:2.0(2.56%),B:22.5(0.06%),P:1e-2	Tpos:422.0,Tstd:297.7,Bpos:644.8,Bstd:432.0,StrandBias:1.0,Multiplicity:1.50
0.001	0.212	0.001	0.786
0.997	0.001	0.001	0.001
0.997	0.001	0.001	0.001
0.997	0.001	0.001	0.001
0.997	0.001	0.001	0.001
0.001	0.001	0.001	0.997
0.001	0.001	0.001	0.997
0.001	0.997	0.001	0.001
0.001	0.780	0.001	0.218
0.001	0.997	0.001	0.001
0.001	0.811	0.001	0.187
0.001	0.823	0.001	0.175
>CTCACACACACA	24-CTCACACACACA	9.556662	-4.522938	0	T:9.0(11.54%),B:1829.7(4.69%),P:1e-1	Tpos:493.0,Tstd:290.3,Bpos:530.2,Bstd:342.8,StrandBias:2.4,Multiplicity:1.33
0.067	0.769	0.139	0.025
0.300	0.044	0.199	0.457
0.001	0.965	0.001	0.033
0.841	0.065	0.001	0.093
0.001	0.901	0.075	0.023
0.722	0.090	0.065	0.123
0.001	0.900	0.001	0.098
0.774	0.001	0.089	0.136
0.001	0.932	0.001	0.066
0.907	0.001	0.001	0.091
0.019	0.921	0.035	0.025
0.924	0.001	0.074	0.001
>GGGAATTTTAGG	25-GGGAATTTTAGG	16.335712	-4.027665	0	T:1.0(1.28%),B:8.6(0.02%),P:1e-1	Tpos:346.4,Tstd:163.4,Bpos:479.6,Bstd:379.6,StrandBias:-10.0,Multiplicity:7.00
0.001	0.001	0.997	0.001
0.001	0.001	0.997	0.001
0.001	0.001	0.997	0.001
0.997	0.001	0.001	0.001
0.997	0.001	0.001	0.001
0.001	0.001	0.001	0.997
0.001	0.001	0.001	0.997
0.001	0.001	0.001	0.997
0.001	0.001	0.001	0.997
0.892	0.001	0.106	0.001
0.071	0.001	0.856	0.072
0.001	0.001	0.997	0.001
>ATCGAAGG	1-ATCGAAGG	8.210480	-11.638720	0	T:23.0(29.49%),B:4343.8(11.13%),P:1e-5	Tpos:484.5,Tstd:306.8,Bpos:496.1,Bstd:349.6,StrandBias:-0.2,Multiplicity:1.13
0.997	0.001	0.001	0.001
0.001	0.001	0.156	0.842
0.001	0.997	0.001	0.001
0.001	0.001	0.997	0.001
0.773	0.001	0.001	0.225
0.997	0.001	0.001	0.001
0.416	0.001	0.582	0.001
0.150	0.001	0.848	0.001
>CTGCATCG	2-CTGCATCG	7.997946	-9.383901	0	T:16.0(20.51%),B:2718.1(6.97%),P:1e-4	Tpos:431.7,Tstd:287.3,Bpos:472.8,Bstd:331.4,StrandBias:0.3,Multiplicity:1.25
0.001	0.797	0.001	0.201
0.075	0.001	0.001	0.923
0.039	0.084	0.564	0.313
0.001	0.997	0.001	0.001
0.897	0.101	0.001	0.001
0.027	0.001	0.001	0.971
0.085	0.873	0.041	0.001
0.001	0.029	0.969	0.001
>CGCGGSCT	3-CGCGGSCT	6.447944	-7.523845	0	T:28.0(35.90%),B:7612.5(19.51%),P:1e-3	Tpos:523.7,Tstd:278.5,Bpos:512.5,Bstd:361.7,StrandBias:0.6,Multiplicity:1.54
0.001	0.997	0.001	0.001
0.134	0.269	0.444	0.153
0.001	0.997	0.001	0.001
0.001	0.001	0.997	0.001
0.001	0.109	0.525	0.365
0.001	0.559	0.439	0.001
0.001	0.651	0.001	0.347
0.206	0.001	0.241	0.552
>GAGAWAAG	4-GAGAWAAG	7.660708	-6.841639	0	T:25.0(32.05%),B:6730.7(17.25%),P:1e-2	Tpos:530.9,Tstd:256.3,Bpos:530.0,Bstd:340.5,StrandBias:-2.2,Multiplicity:1.36
0.144	0.001	0.779	0.076
0.863	0.021	0.027	0.089
0.001	0.155	0.792	0.052
0.819	0.065	0.093	0.023
0.401	0.123	0.001	0.475
0.815	0.175	0.002	0.008
0.932	0.002	0.028	0.038
0.001	0.039	0.959	0.001
>AMATTCCC	5-AMATTCCC	8.389506	-1.621119	0	T:15.0(19.23%),B:5922.6(15.18%),P:1e0	Tpos:386.7,Tstd:237.7,Bpos:500.1,Bstd:356.4,StrandBias:1.7,Multiplicity:2.27
0.997	0.001	0.001	0.001
0.530	0.468	0.001	0.001
0.997	0.001	0.001	0.001
0.001	0.001	0.001	0.997
0.001	0.001	0.001	0.997
0.001	0.997	0.001	0.001
0.001	0.869	0.129	0.001
0.001	0.997	0.001	0.001
