>TGATATTTGT	1-TGATATTTGT	10.683821	-21.045039	0	T:13.0(16.67%),B:653.9(1.68%),P:1e-9	Tpos:584.5,Tstd:315.9,Bpos:509.7,Bstd:286.2,StrandBias:0.7,Multiplicity:1.00
0.171	0.001	0.203	0.625
0.001	0.001	0.997	0.001
0.720	0.278	0.001	0.001
0.001	0.001	0.001	0.997
0.974	0.001	0.001	0.024
0.001	0.001	0.001	0.997
0.001	0.227	0.001	0.771
0.001	0.001	0.001	0.997
0.001	0.001	0.997	0.001
0.001	0.001	0.001	0.997
>GGGTCGCTTC	2-GGGTCGCTTC	10.823581	-19.687273	0	T:8.0(10.26%),B:170.8(0.44%),P:1e-8	Tpos:548.5,Tstd:219.7,Bpos:508.2,Bstd:346.5,StrandBias:1.6,Multiplicity:1.00
0.001	0.001	0.857	0.141
0.001	0.001	0.997	0.001
0.284	0.001	0.714	0.001
0.001	0.001	0.001	0.997
0.001	0.997	0.001	0.001
0.001	0.001	0.890	0.108
0.147	0.851	0.001	0.001
0.001	0.001	0.001	0.997
0.134	0.001	0.001	0.864
0.001	0.997	0.001	0.001
>CTTCATTCCT	3-CTTCATTCCT	10.674453	-19.178833	0	T:18.0(23.08%),B:1675.3(4.29%),P:1e-8	Tpos:629.6,Tstd:266.9,Bpos:529.3,Bstd:339.8,StrandBias:1.1,Multiplicity:1.06
0.001	0.997	0.001	0.001
0.001	0.001	0.001	0.997
0.001	0.001	0.001	0.997
0.001	0.651	0.001	0.347
0.810	0.001	0.001	0.188
0.001	0.001	0.001	0.997
0.001	0.001	0.120	0.878
0.001	0.997	0.001	0.001
0.001	0.733	0.028	0.238
0.001	0.001	0.001	0.997
>AGAGAAAAGC	4-AGAGAAAAGC	9.844999	-18.680723	0	T:22.0(28.21%),B:2661.6(6.82%),P:1e-8	Tpos:433.8,Tstd:272.1,Bpos:529.8,Bstd:354.9,StrandBias:-1.5,Multiplicity:1.10
0.950	0.001	0.001	0.048
0.001	0.001	0.997	0.001
0.937	0.001	0.061	0.001
0.014	0.062	0.923	0.001
0.903	0.001	0.095	0.001
0.913	0.085	0.001	0.001
0.856	0.092	0.051	0.001
0.866	0.001	0.072	0.061
0.079	0.001	0.898	0.022
0.117	0.792	0.069	0.022
>GGGGTTTTGC	5-GGGGTTTTGC	10.260638	-18.573386	0	T:12.0(15.38%),B:655.1(1.68%),P:1e-8	Tpos:639.7,Tstd:272.8,Bpos:495.1,Bstd:368.8,StrandBias:-0.5,Multiplicity:1.00
0.001	0.001	0.997	0.001
0.069	0.001	0.929	0.001
0.001	0.001	0.914	0.084
0.075	0.001	0.923	0.001
0.001	0.001	0.001	0.997
0.001	0.126	0.001	0.872
0.001	0.001	0.148	0.850
0.001	0.001	0.001	0.997
0.116	0.078	0.805	0.001
0.064	0.792	0.077	0.067
>ATATTGCAWS	6-ATATTGCAWS	8.713073	-17.646017	0	T:27.0(34.62%),B:4219.3(10.81%),P:1e-7	Tpos:517.6,Tstd:302.0,Bpos:499.8,Bstd:307.7,StrandBias:-0.1,Multiplicity:1.19
0.706	0.159	0.001	0.134
0.001	0.001	0.001	0.997
0.705	0.001	0.062	0.232
0.403	0.001	0.001	0.595
0.001	0.001	0.001	0.997
0.301	0.001	0.697	0.001
0.001	0.835	0.163	0.001
0.947	0.001	0.003	0.049
0.438	0.085	0.001	0.476
0.001	0.415	0.395	0.189
>GAAAATATCG	7-GAAAATATCG	10.003330	-16.519202	0	T:16.0(20.51%),B:1550.7(3.97%),P:1e-7	Tpos:449.9,Tstd:289.1,Bpos:515.7,Bstd:367.9,StrandBias:-1.8,Multiplicity:1.12
0.001	0.001	0.997	0.001
0.907	0.091	0.001	0.001
0.870	0.128	0.001	0.001
0.897	0.001	0.101	0.001
0.997	0.001	0.001	0.001
0.001	0.064	0.001	0.934
0.949	0.049	0.001	0.001
0.001	0.001	0.001	0.997
0.001	0.997	0.001	0.001
0.001	0.057	0.908	0.034
>AACTTGTCGC	8-AACTTGTCGC	10.690936	-16.340885	0	T:10.0(12.82%),B:504.6(1.29%),P:1e-7	Tpos:467.0,Tstd:190.1,Bpos:482.9,Bstd:320.6,StrandBias:0.6,Multiplicity:1.00
0.849	0.149	0.001	0.001
0.905	0.001	0.001	0.093
0.110	0.780	0.001	0.109
0.001	0.237	0.001	0.761
0.001	0.001	0.001	0.997
0.001	0.133	0.865	0.001
0.102	0.001	0.001	0.896
0.001	0.997	0.001	0.001
0.001	0.001	0.987	0.011
0.133	0.865	0.001	0.001
>GTAATTAAAA	9-GTAATTAAAA	8.541984	-15.190388	0	T:29.0(37.18%),B:5406.7(13.86%),P:1e-6	Tpos:595.0,Tstd:299.4,Bpos:514.8,Bstd:308.3,StrandBias:-1.3,Multiplicity:1.41
0.061	0.098	0.646	0.195
0.148	0.172	0.107	0.573
0.835	0.001	0.024	0.140
0.668	0.143	0.023	0.166
0.322	0.027	0.024	0.627
0.001	0.010	0.241	0.748
0.726	0.032	0.094	0.148
0.738	0.186	0.049	0.027
0.786	0.008	0.010	0.196
0.588	0.026	0.191	0.195
>AGGATAAACA	10-AGGATAAACA	10.546180	-14.220031	0	T:8.0(10.26%),B:354.2(0.91%),P:1e-6	Tpos:609.8,Tstd:335.3,Bpos:518.7,Bstd:333.5,StrandBias:0.0,Multiplicity:1.00
0.883	0.115	0.001	0.001
0.059	0.079	0.861	0.001
0.043	0.212	0.744	0.001
0.873	0.125	0.001	0.001
0.001	0.001	0.057	0.941
0.997	0.001	0.001	0.001
0.997	0.001	0.001	0.001
0.997	0.001	0.001	0.001
0.041	0.796	0.084	0.079
0.997	0.001	0.001	0.001
>AAAAAACACC	11-AAAAAACACC	11.431557	-13.537619	0	T:10.0(12.82%),B:689.0(1.77%),P:1e-5	Tpos:497.7,Tstd:255.1,Bpos:516.9,Bstd:338.7,StrandBias:-0.3,Multiplicity:1.10
0.915	0.083	0.001	0.001
0.887	0.001	0.001	0.111
0.884	0.001	0.114	0.001
0.997	0.001	0.001	0.001
0.997	0.001	0.001	0.001
0.997	0.001	0.001	0.001
0.001	0.997	0.001	0.001
0.997	0.001	0.001	0.001
0.001	0.997	0.001	0.001
0.001	0.997	0.001	0.001
>AGGCCTCGTC	12-AGGCCTCGTC	10.296193	-13.048252	0	T:3.0(3.85%),B:10.3(0.03%),P:1e-5	Tpos:555.0,Tstd:306.1,Bpos:273.2,Bstd:323.7,StrandBias:-1.0,Multiplicity:1.00
0.700	0.100	0.100	0.100
0.100	0.100	0.700	0.100
0.100	0.100	0.700	0.100
0.100	0.700	0.100	0.100
0.100	0.700	0.100	0.100
0.100	0.100	0.100	0.700
0.100	0.700	0.100	0.100
0.100	0.100	0.700	0.100
0.100	0.100	0.100	0.700
0.100	0.700	0.100	0.100
>AAGCCGATTG	13-AAGCCGATTG	9.992696	-12.781268	0	T:10.0(12.82%),B:751.6(1.93%),P:1e-5	Tpos:508.8,Tstd:249.0,Bpos:494.0,Bstd:322.0,StrandBias:0.0,Multiplicity:1.20
0.997	0.001	0.001	0.001
0.997	0.001	0.001	0.001
0.071	0.087	0.841	0.001
0.001	0.916	0.001	0.082
0.001	0.921	0.001	0.077
0.075	0.001	0.815	0.109
0.757	0.135	0.001	0.107
0.001	0.001	0.001	0.997
0.001	0.091	0.001	0.907
0.001	0.001	0.945	0.053
>CACTGAATCA	14-CACTGAATCA	10.296193	-12.139580	0	T:4.0(5.13%),B:53.4(0.14%),P:1e-5	Tpos:656.8,Tstd:49.1,Bpos:487.4,Bstd:317.1,StrandBias:0.0,Multiplicity:1.00
0.100	0.700	0.100	0.100
0.700	0.100	0.100	0.100
0.100	0.700	0.100	0.100
0.100	0.100	0.100	0.700
0.100	0.100	0.700	0.100
0.700	0.100	0.100	0.100
0.700	0.100	0.100	0.100
0.100	0.100	0.100	0.700
0.100	0.700	0.100	0.100
0.700	0.100	0.100	0.100
>CRATAATTTC	15-CRATAATTTC	11.356711	-11.383960	0	T:14.0(17.95%),B:1781.2(4.57%),P:1e-4	Tpos:588.1,Tstd:282.4,Bpos:519.3,Bstd:352.4,StrandBias:-0.6,Multiplicity:1.07
0.001	0.997	0.001	0.001
0.509	0.127	0.363	0.001
0.997	0.001	0.001	0.001
0.001	0.257	0.001	0.741
0.997	0.001	0.001	0.001
0.893	0.001	0.001	0.105
0.001	0.001	0.001	0.997
0.001	0.001	0.001	0.997
0.001	0.001	0.001	0.997
0.001	0.997	0.001	0.001
>AACCTTCGAA	16-AACCTTCGAA	9.739299	-10.602517	0	T:12.0(15.38%),B:1414.5(3.63%),P:1e-4	Tpos:528.2,Tstd:312.1,Bpos:506.8,Bstd:309.4,StrandBias:-0.4,Multiplicity:1.33
0.997	0.001	0.001	0.001
0.894	0.104	0.001	0.001
0.001	0.842	0.058	0.099
0.031	0.907	0.001	0.061
0.001	0.001	0.086	0.912
0.001	0.001	0.107	0.891
0.001	0.885	0.074	0.040
0.030	0.001	0.968	0.001
0.758	0.001	0.093	0.148
0.997	0.001	0.001	0.001
>AATTTTTACC	17-AATTTTTACC	8.379485	-10.004420	0	T:21.0(26.92%),B:4132.7(10.59%),P:1e-4	Tpos:552.8,Tstd:273.3,Bpos:517.0,Bstd:323.7,StrandBias:2.4,Multiplicity:1.48
0.955	0.043	0.001	0.001
0.877	0.001	0.001	0.121
0.001	0.001	0.058	0.940
0.001	0.001	0.001	0.997
0.067	0.001	0.001	0.931
0.086	0.001	0.076	0.837
0.001	0.001	0.001	0.997
0.997	0.001	0.001	0.001
0.001	0.997	0.001	0.001
0.001	0.927	0.001	0.071
>AGACCGATTT	18-AGACCGATTT	11.826002	-9.984998	0	T:5.0(6.41%),B:190.4(0.49%),P:1e-4	Tpos:682.8,Tstd:217.1,Bpos:468.9,Bstd:281.0,StrandBias:-1.0,Multiplicity:1.20
0.997	0.001	0.001	0.001
0.001	0.001	0.997	0.001
0.835	0.001	0.001	0.163
0.001	0.997	0.001	0.001
0.001	0.997	0.001	0.001
0.001	0.001	0.997	0.001
0.997	0.001	0.001	0.001
0.160	0.001	0.001	0.838
0.001	0.001	0.001	0.997
0.001	0.001	0.001	0.997
>CACKCACACT	19-CACKCACACT	5.357635	-7.961497	0	T:21.0(26.92%),B:4775.0(12.24%),P:1e-3	Tpos:492.0,Tstd:283.8,Bpos:536.6,Bstd:342.0,StrandBias:1.7,Multiplicity:1.43
0.001	0.997	0.001	0.001
0.890	0.108	0.001	0.001
0.001	0.997	0.001	0.001
0.123	0.016	0.365	0.496
0.001	0.984	0.014	0.001
0.608	0.001	0.001	0.390
0.001	0.997	0.001	0.001
0.893	0.001	0.001	0.105
0.001	0.997	0.001	0.001
0.225	0.001	0.001	0.773
>TAAAATTCCC	20-TAAAATTCCC	10.296193	-0.824179	0	T:1.0(1.28%),B:287.8(0.74%),P:1e0	Tpos:315.2,Tstd:153.4,Bpos:499.2,Bstd:376.4,StrandBias:10.0,Multiplicity:12.00
0.100	0.100	0.100	0.700
0.700	0.100	0.100	0.100
0.700	0.100	0.100	0.100
0.700	0.100	0.100	0.100
0.700	0.100	0.100	0.100
0.100	0.100	0.100	0.700
0.100	0.100	0.100	0.700
0.100	0.700	0.100	0.100
0.100	0.700	0.100	0.100
0.100	0.700	0.100	0.100
