>KADAAHATGSAR	12-KADAAHATGSAR	8.739176	-14.378820	0	T:10.0(4.83%),B:232.2(0.58%),P:1e-6
0.144	0.100	0.449	0.307
0.703	0.001	0.001	0.295
0.294	0.028	0.343	0.336
0.596	0.001	0.211	0.192
0.637	0.001	0.114	0.248
0.238	0.358	0.028	0.375
0.673	0.177	0.149	0.001
0.001	0.001	0.228	0.770
0.355	0.124	0.507	0.014
0.001	0.476	0.495	0.028
0.749	0.057	0.193	0.001
0.265	0.202	0.378	0.155
