>TATTTTCCGTGT	25-ACACGGAAAATA	12.216250	-8.029122	0	T:4.0(2.63%),B:82.1(0.20%),P:1e-3
0.026	0.341	0.040	0.593
0.829	0.034	0.032	0.105
0.040	0.132	0.094	0.734
0.001	0.071	0.001	0.927
0.083	0.194	0.086	0.637
0.040	0.139	0.001	0.820
0.030	0.697	0.047	0.226
0.001	0.765	0.127	0.107
0.100	0.038	0.781	0.081
0.020	0.031	0.050	0.899
0.095	0.117	0.724	0.064
0.065	0.099	0.001	0.835
