>CTGGAGTAGT	1-CTGGAGTAGT	10.599824	-23.216121	0	T:9.0(20.00%),B:291.8(0.78%),P:1e-10	Tpos:542.9,Tstd:329.4,Bpos:482.4,Bstd:285.9,StrandBias:-1.8,Multiplicity:1.00
0.093	0.814	0.092	0.001
0.001	0.001	0.001	0.997
0.001	0.137	0.861	0.001
0.001	0.111	0.887	0.001
0.864	0.001	0.001	0.134
0.001	0.140	0.858	0.001
0.001	0.001	0.001	0.997
0.905	0.093	0.001	0.001
0.097	0.001	0.901	0.001
0.001	0.001	0.001	0.997
>AGTCGACCGA	2-AGTCGACCGA	10.632855	-21.977193	0	T:8.0(17.78%),B:219.8(0.59%),P:1e-9	Tpos:593.4,Tstd:246.7,Bpos:446.7,Bstd:350.4,StrandBias:0.7,Multiplicity:1.00
0.997	0.001	0.001	0.001
0.001	0.001	0.997	0.001
0.137	0.001	0.001	0.861
0.001	0.747	0.147	0.105
0.119	0.001	0.879	0.001
0.857	0.001	0.001	0.141
0.119	0.879	0.001	0.001
0.001	0.997	0.001	0.001
0.094	0.001	0.904	0.001
0.997	0.001	0.001	0.001
>CGTTTTATTT	3-CGTTTTATTT	10.001785	-17.346518	0	T:18.0(40.00%),B:3409.4(9.11%),P:1e-7	Tpos:523.6,Tstd:268.5,Bpos:525.4,Bstd:326.0,StrandBias:0.0,Multiplicity:1.11
0.021	0.938	0.040	0.001
0.001	0.001	0.858	0.140
0.001	0.084	0.074	0.841
0.001	0.085	0.081	0.833
0.001	0.001	0.001	0.997
0.051	0.051	0.067	0.831
0.878	0.082	0.039	0.001
0.056	0.001	0.001	0.942
0.079	0.001	0.001	0.919
0.001	0.001	0.001	0.997
>AAGGAGTACA	4-AAGGAGTACA	10.301136	-15.527650	0	T:9.0(20.00%),B:720.6(1.93%),P:1e-6	Tpos:506.8,Tstd:292.5,Bpos:542.2,Bstd:337.7,StrandBias:-1.8,Multiplicity:1.00
0.683	0.001	0.315	0.001
0.997	0.001	0.001	0.001
0.001	0.001	0.861	0.137
0.001	0.152	0.712	0.135
0.997	0.001	0.001	0.001
0.306	0.001	0.692	0.001
0.120	0.134	0.001	0.745
0.740	0.258	0.001	0.001
0.001	0.997	0.001	0.001
0.997	0.001	0.001	0.001
>ATGTGTTTTC	5-ATGTGTTTTC	9.709418	-13.865518	0	T:13.0(28.89%),B:2145.8(5.73%),P:1e-6	Tpos:557.4,Tstd:287.9,Bpos:514.1,Bstd:314.1,StrandBias:1.9,Multiplicity:1.08
0.997	0.001	0.001	0.001
0.001	0.001	0.001	0.997
0.001	0.418	0.580	0.001
0.001	0.001	0.107	0.891
0.001	0.116	0.882	0.001
0.183	0.122	0.104	0.591
0.001	0.001	0.001	0.997
0.100	0.001	0.139	0.760
0.001	0.001	0.001	0.997
0.107	0.544	0.348	0.001
>GCCAGGGAGC	6-GCCAGGGAGC	11.362836	-12.777391	0	T:4.0(8.89%),B:77.8(0.21%),P:1e-5	Tpos:286.7,Tstd:226.7,Bpos:489.2,Bstd:314.9,StrandBias:-1.0,Multiplicity:1.50
0.001	0.212	0.786	0.001
0.001	0.997	0.001	0.001
0.001	0.997	0.001	0.001
0.786	0.001	0.212	0.001
0.001	0.001	0.997	0.001
0.167	0.001	0.831	0.001
0.188	0.001	0.810	0.001
0.997	0.001	0.001	0.001
0.001	0.001	0.997	0.001
0.001	0.997	0.001	0.001
>AACAAAATCG	7-AACAAAATCG	8.795606	-11.536761	0	T:18.0(40.00%),B:5048.1(13.49%),P:1e-5	Tpos:495.7,Tstd:312.2,Bpos:521.4,Bstd:316.5,StrandBias:-1.7,Multiplicity:1.44
0.740	0.001	0.001	0.258
0.597	0.001	0.401	0.001
0.001	0.908	0.090	0.001
0.671	0.165	0.001	0.163
0.837	0.001	0.001	0.161
0.997	0.001	0.001	0.001
0.997	0.001	0.001	0.001
0.001	0.001	0.098	0.900
0.169	0.829	0.001	0.001
0.001	0.001	0.802	0.196
>GGACCAGCTG	8-GGACCAGCTG	10.768003	-5.744165	0	T:3.0(6.67%),B:242.9(0.65%),P:1e-2	Tpos:186.1,Tstd:139.3,Bpos:386.6,Bstd:329.5,StrandBias:1.3,Multiplicity:2.33
0.001	0.001	0.997	0.001
0.001	0.001	0.997	0.001
0.728	0.001	0.160	0.111
0.001	0.997	0.001	0.001
0.001	0.997	0.001	0.001
0.884	0.001	0.001	0.114
0.001	0.099	0.778	0.122
0.001	0.997	0.001	0.001
0.141	0.144	0.001	0.714
0.001	0.001	0.997	0.001
>ATTTMGCACC	9-ATTTMGCACC	12.253762	-5.424376	0	T:2.0(4.44%),B:80.5(0.22%),P:1e-2	Tpos:242.8,Tstd:163.2,Bpos:486.7,Bstd:275.3,StrandBias:-2.0,Multiplicity:2.50
0.997	0.001	0.001	0.001
0.001	0.001	0.001	0.997
0.001	0.001	0.001	0.997
0.001	0.001	0.197	0.801
0.520	0.478	0.001	0.001
0.001	0.001	0.997	0.001
0.001	0.885	0.113	0.001
0.655	0.001	0.001	0.343
0.001	0.997	0.001	0.001
0.001	0.915	0.083	0.001
>GRGCACTTTY	10-GRGCACTTTY	9.349755	-5.088706	0	T:8.0(17.78%),B:2330.0(6.23%),P:1e-2	Tpos:554.1,Tstd:242.7,Bpos:505.5,Bstd:338.9,StrandBias:1.0,Multiplicity:1.88
0.001	0.001	0.997	0.001
0.393	0.101	0.505	0.001
0.001	0.110	0.888	0.001
0.001	0.966	0.032	0.001
0.908	0.001	0.001	0.090
0.340	0.658	0.001	0.001
0.001	0.001	0.001	0.997
0.001	0.001	0.001	0.997
0.001	0.132	0.001	0.866
0.001	0.486	0.001	0.512
>ATTTTGGGCG	11-ATTTTGGGCG	10.749391	-4.789074	0	T:3.0(6.67%),B:343.5(0.92%),P:1e-2	Tpos:288.2,Tstd:113.7,Bpos:459.8,Bstd:347.9,StrandBias:3.6,Multiplicity:4.33
0.599	0.001	0.001	0.399
0.001	0.001	0.001	0.997
0.001	0.001	0.001	0.997
0.001	0.001	0.001	0.997
0.001	0.001	0.001	0.997
0.001	0.001	0.997	0.001
0.001	0.001	0.997	0.001
0.001	0.001	0.997	0.001
0.001	0.997	0.001	0.001
0.001	0.001	0.922	0.076
>GTCTTAGCAG	12-GTCTTAGCAG	10.296193	-4.427145	0	T:1.0(2.22%),B:9.1(0.02%),P:1e-1	Tpos:239.3,Tstd:130.6,Bpos:212.3,Bstd:185.1,StrandBias:-10.0,Multiplicity:10.00
0.100	0.100	0.700	0.100
0.100	0.100	0.100	0.700
0.100	0.700	0.100	0.100
0.100	0.100	0.100	0.700
0.100	0.100	0.100	0.700
0.700	0.100	0.100	0.100
0.100	0.100	0.700	0.100
0.100	0.700	0.100	0.100
0.700	0.100	0.100	0.100
0.100	0.100	0.700	0.100
>AGTCAGGTTA	13-AGTCAGGTTA	10.296193	-4.332421	0	T:1.0(2.22%),B:10.9(0.03%),P:1e-1	Tpos:514.5,Tstd:58.7,Bpos:587.9,Bstd:241.6,StrandBias:10.0,Multiplicity:12.00
0.700	0.100	0.100	0.100
0.100	0.100	0.700	0.100
0.100	0.100	0.100	0.700
0.100	0.700	0.100	0.100
0.700	0.100	0.100	0.100
0.100	0.100	0.700	0.100
0.100	0.100	0.700	0.100
0.100	0.100	0.100	0.700
0.100	0.100	0.100	0.700
0.700	0.100	0.100	0.100
>GCGTCAAGGC	14-GCGTCAAGGC	10.296193	-2.731248	0	T:1.0(2.22%),B:55.8(0.15%),P:1e-1	Tpos:184.2,Tstd:72.2,Bpos:520.5,Bstd:417.5,StrandBias:-10.0,Multiplicity:8.00
0.100	0.100	0.700	0.100
0.100	0.700	0.100	0.100
0.100	0.100	0.700	0.100
0.100	0.100	0.100	0.700
0.100	0.700	0.100	0.100
0.700	0.100	0.100	0.100
0.700	0.100	0.100	0.100
0.100	0.100	0.700	0.100
0.100	0.100	0.700	0.100
0.100	0.700	0.100	0.100
>AAACTACAAG	15-AAACTACAAG	6.404373	-2.366810	0	T:40.0(88.89%),B:29983.3(80.13%),P:1e-1	Tpos:446.8,Tstd:282.7,Bpos:507.6,Bstd:322.6,StrandBias:-0.1,Multiplicity:2.35
0.700	0.100	0.100	0.100
0.700	0.100	0.100	0.100
0.700	0.100	0.100	0.100
0.100	0.700	0.100	0.100
0.100	0.100	0.100	0.700
0.700	0.100	0.100	0.100
0.100	0.700	0.100	0.100
0.700	0.100	0.100	0.100
0.700	0.100	0.100	0.100
0.100	0.100	0.700	0.100
>AAAACACATTGA	1-AAAACACATTGA	13.631853	-22.298114	0	T:8.0(17.78%),B:210.8(0.56%),P:1e-9	Tpos:580.8,Tstd:239.6,Bpos:534.5,Bstd:305.0,StrandBias:0.0,Multiplicity:1.00
0.997	0.001	0.001	0.001
0.997	0.001	0.001	0.001
0.997	0.001	0.001	0.001
0.699	0.001	0.161	0.139
0.068	0.814	0.001	0.117
0.997	0.001	0.001	0.001
0.001	0.997	0.001	0.001
0.877	0.001	0.001	0.121
0.001	0.001	0.001	0.997
0.001	0.001	0.001	0.997
0.001	0.120	0.878	0.001
0.846	0.001	0.001	0.152
>ATGATAAAATCA	2-ATGATAAAATCA	13.737052	-21.635094	0	T:6.0(13.33%),B:69.3(0.19%),P:1e-9	Tpos:454.5,Tstd:312.6,Bpos:545.7,Bstd:297.5,StrandBias:-1.0,Multiplicity:1.00
0.997	0.001	0.001	0.001
0.132	0.001	0.216	0.651
0.001	0.001	0.896	0.102
0.997	0.001	0.001	0.001
0.001	0.001	0.131	0.867
0.822	0.176	0.001	0.001
0.997	0.001	0.001	0.001
0.997	0.001	0.001	0.001
0.997	0.001	0.001	0.001
0.001	0.001	0.001	0.997
0.102	0.896	0.001	0.001
0.997	0.001	0.001	0.001
>CGCCTATACTCG	3-CGCCTATACTCG	8.489645	-21.559594	0	T:14.0(31.11%),B:1361.7(3.64%),P:1e-9	Tpos:584.6,Tstd:300.3,Bpos:516.4,Bstd:340.1,StrandBias:1.9,Multiplicity:1.00
0.199	0.799	0.001	0.001
0.118	0.001	0.726	0.155
0.224	0.476	0.001	0.299
0.082	0.794	0.118	0.006
0.001	0.001	0.190	0.808
0.893	0.105	0.001	0.001
0.309	0.001	0.001	0.689
0.832	0.001	0.001	0.166
0.272	0.726	0.001	0.001
0.001	0.001	0.001	0.997
0.001	0.787	0.106	0.106
0.106	0.106	0.503	0.285
>AGATTTKGMTCA	4-AGATTTKGMTCA	10.313761	-17.284661	0	T:12.0(26.67%),B:1297.9(3.47%),P:1e-7	Tpos:551.9,Tstd:271.8,Bpos:500.8,Bstd:312.9,StrandBias:-0.2,Multiplicity:1.42
0.913	0.081	0.004	0.002
0.072	0.144	0.736	0.048
0.930	0.003	0.001	0.066
0.001	0.062	0.229	0.708
0.080	0.084	0.001	0.835
0.001	0.001	0.001	0.997
0.001	0.001	0.438	0.560
0.053	0.065	0.881	0.001
0.431	0.369	0.001	0.199
0.058	0.001	0.124	0.817
0.001	0.814	0.002	0.183
0.916	0.080	0.001	0.003
>TAGCTCCCTGGC	5-TAGCTCCCTGGC	12.515892	-15.459591	0	T:3.0(6.67%),B:7.6(0.02%),P:1e-6	Tpos:257.2,Tstd:230.4,Bpos:560.0,Bstd:174.4,StrandBias:2.3,Multiplicity:2.00
0.001	0.001	0.001	0.997
0.729	0.001	0.011	0.259
0.001	0.001	0.997	0.001
0.243	0.755	0.001	0.001
0.243	0.001	0.001	0.755
0.001	0.740	0.001	0.258
0.001	0.771	0.001	0.227
0.001	0.997	0.001	0.001
0.001	0.243	0.001	0.755
0.001	0.001	0.997	0.001
0.001	0.001	0.997	0.001
0.001	0.744	0.254	0.001
>YYYGTAGTTWGT	6-YYYGTAGTTWGT	12.915298	-13.924192	0	T:3.0(6.67%),B:13.1(0.04%),P:1e-6	Tpos:557.7,Tstd:64.1,Bpos:410.7,Bstd:251.0,StrandBias:1.0,Multiplicity:1.00
0.001	0.514	0.001	0.484
0.001	0.506	0.001	0.492
0.001	0.506	0.001	0.492
0.201	0.001	0.797	0.001
0.001	0.001	0.001	0.997
0.997	0.001	0.001	0.001
0.001	0.001	0.797	0.201
0.001	0.001	0.001	0.997
0.001	0.215	0.001	0.783
0.549	0.001	0.001	0.449
0.022	0.001	0.976	0.001
0.215	0.001	0.001	0.783
>TTTCACCTAAAT	7-TTTCACCTAAAT	13.895098	-13.480405	0	T:4.0(8.89%),B:64.1(0.17%),P:1e-5	Tpos:485.0,Tstd:210.0,Bpos:514.7,Bstd:333.8,StrandBias:2.0,Multiplicity:1.25
0.001	0.001	0.001	0.997
0.001	0.001	0.001	0.997
0.001	0.001	0.001	0.997
0.001	0.997	0.001	0.001
0.997	0.001	0.001	0.001
0.001	0.853	0.001	0.145
0.001	0.997	0.001	0.001
0.118	0.001	0.142	0.739
0.997	0.001	0.001	0.001
0.791	0.001	0.207	0.001
0.780	0.001	0.218	0.001
0.001	0.001	0.001	0.997
>TTTTGCTCCTTT	8-TTTTGCTCCTTT	13.730268	-13.249165	0	T:6.0(13.33%),B:300.6(0.80%),P:1e-5	Tpos:589.8,Tstd:237.0,Bpos:566.3,Bstd:316.4,StrandBias:1.0,Multiplicity:1.00
0.001	0.001	0.001	0.997
0.001	0.001	0.001	0.997
0.001	0.001	0.001	0.997
0.001	0.001	0.001	0.997
0.001	0.135	0.762	0.102
0.001	0.867	0.001	0.131
0.001	0.001	0.001	0.997
0.001	0.721	0.150	0.128
0.001	0.997	0.001	0.001
0.001	0.219	0.001	0.779
0.001	0.001	0.001	0.997
0.001	0.001	0.001	0.997
>TTGATCAAAATM	9-TTGATCAAAATM	10.144197	-9.968175	0	T:13.0(28.89%),B:3077.9(8.23%),P:1e-4	Tpos:512.0,Tstd:273.0,Bpos:489.4,Bstd:325.5,StrandBias:0.7,Multiplicity:1.33
0.001	0.001	0.001	0.997
0.386	0.027	0.001	0.586
0.002	0.236	0.761	0.001
0.609	0.389	0.001	0.001
0.001	0.209	0.001	0.789
0.001	0.624	0.001	0.374
0.618	0.354	0.001	0.027
0.997	0.001	0.001	0.001
0.611	0.387	0.001	0.001
0.792	0.001	0.001	0.206
0.194	0.032	0.001	0.773
0.353	0.435	0.001	0.212
>AGCCTTGACGCA	10-AGCCTTGACGCA	7.382645	-8.528743	0	T:11.0(24.44%),B:2590.8(6.92%),P:1e-3	Tpos:338.5,Tstd:278.9,Bpos:510.8,Bstd:396.6,StrandBias:2.2,Multiplicity:2.00
0.607	0.058	0.065	0.270
0.243	0.001	0.665	0.091
0.105	0.809	0.054	0.032
0.001	0.737	0.059	0.203
0.110	0.001	0.065	0.824
0.001	0.065	0.065	0.869
0.130	0.058	0.811	0.001
0.699	0.065	0.171	0.065
0.087	0.762	0.106	0.045
0.040	0.188	0.714	0.058
0.144	0.801	0.001	0.054
0.713	0.120	0.058	0.109
>AATTTCGCACCT	11-AATTTCGCACCT	12.892078	-7.407506	0	T:3.0(6.67%),B:134.4(0.36%),P:1e-3	Tpos:343.6,Tstd:256.3,Bpos:542.4,Bstd:335.4,StrandBias:-10.0,Multiplicity:1.67
0.997	0.001	0.001	0.001
0.997	0.001	0.001	0.001
0.001	0.001	0.001	0.997
0.001	0.001	0.001	0.997
0.001	0.001	0.001	0.997
0.001	0.834	0.001	0.164
0.001	0.199	0.799	0.001
0.311	0.687	0.001	0.001
0.997	0.001	0.001	0.001
0.001	0.997	0.001	0.001
0.001	0.852	0.001	0.146
0.001	0.199	0.001	0.799
>GCAGTCAGGTTA	12-GCAGTCAGGTTA	16.516924	-6.724447	0	T:1.0(2.22%),B:0.0(0.00%),P:1e-2	Tpos:513.5,Tstd:58.7,Bpos:0.0,Bstd:0.0,StrandBias:10.0,Multiplicity:12.00
0.001	0.001	0.997	0.001
0.001	0.997	0.001	0.001
0.997	0.001	0.001	0.001
0.001	0.001	0.997	0.001
0.001	0.001	0.001	0.997
0.001	0.997	0.001	0.001
0.997	0.001	0.001	0.001
0.001	0.001	0.918	0.080
0.001	0.001	0.997	0.001
0.001	0.001	0.001	0.997
0.001	0.001	0.001	0.997
0.997	0.001	0.001	0.001
>GATTAGCAGCGC	13-GATTAGCAGCGC	16.244338	-5.117358	0	T:1.0(2.22%),B:4.1(0.01%),P:1e-2	Tpos:402.0,Tstd:27.0,Bpos:434.9,Bstd:408.9,StrandBias:-10.0,Multiplicity:2.00
0.001	0.001	0.842	0.156
0.842	0.156	0.001	0.001
0.001	0.001	0.001	0.997
0.001	0.001	0.018	0.980
0.997	0.001	0.001	0.001
0.001	0.001	0.997	0.001
0.001	0.997	0.001	0.001
0.997	0.001	0.001	0.001
0.001	0.001	0.997	0.001
0.001	0.997	0.001	0.001
0.001	0.001	0.997	0.001
0.001	0.997	0.001	0.001
>GTCTTAGCAGCG	14-GTCTTAGCAGCG	12.355432	-4.935623	0	T:1.0(2.22%),B:5.4(0.01%),P:1e-2	Tpos:238.3,Tstd:130.6,Bpos:180.8,Bstd:187.1,StrandBias:-10.0,Multiplicity:10.00
0.100	0.100	0.700	0.100
0.100	0.100	0.100	0.700
0.100	0.700	0.100	0.100
0.100	0.100	0.100	0.700
0.100	0.100	0.100	0.700
0.700	0.100	0.100	0.100
0.100	0.100	0.700	0.100
0.100	0.700	0.100	0.100
0.700	0.100	0.100	0.100
0.100	0.100	0.700	0.100
0.100	0.700	0.100	0.100
0.100	0.100	0.700	0.100
>TGGAGCTCCAGG	15-TGGAGCTCCAGG	9.086583	-3.668544	0	T:2.0(4.44%),B:204.1(0.55%),P:1e-1	Tpos:303.8,Tstd:160.6,Bpos:394.6,Bstd:357.3,StrandBias:0.0,Multiplicity:3.00
0.001	0.147	0.001	0.851
0.001	0.007	0.991	0.001
0.001	0.001	0.997	0.001
0.779	0.001	0.219	0.001
0.001	0.001	0.785	0.213
0.222	0.776	0.001	0.001
0.001	0.158	0.001	0.840
0.001	0.997	0.001	0.001
0.001	0.990	0.008	0.001
0.992	0.001	0.006	0.001
0.001	0.001	0.785	0.213
0.001	0.253	0.745	0.001
>AAAACTTGTAGT	16-AAAACTTGTAGT	16.370108	-3.217416	0	T:1.0(2.22%),B:33.9(0.09%),P:1e-1	Tpos:161.0,Tstd:87.7,Bpos:373.1,Bstd:378.7,StrandBias:-10.0,Multiplicity:7.00
0.997	0.001	0.001	0.001
0.997	0.001	0.001	0.001
0.997	0.001	0.001	0.001
0.896	0.001	0.001	0.102
0.001	0.997	0.001	0.001
0.001	0.001	0.001	0.997
0.001	0.001	0.001	0.997
0.001	0.001	0.997	0.001
0.001	0.116	0.001	0.882
0.997	0.001	0.001	0.001
0.001	0.001	0.997	0.001
0.001	0.001	0.001	0.997
>ACTTAGCG	1-ACTTAGCG	8.069587	-12.234444	0	T:12.0(26.67%),B:2093.1(5.59%),P:1e-5	Tpos:523.5,Tstd:284.8,Bpos:528.7,Bstd:325.5,StrandBias:-0.7,Multiplicity:1.18
0.713	0.001	0.285	0.001
0.133	0.865	0.001	0.001
0.001	0.001	0.001	0.997
0.001	0.001	0.001	0.997
0.997	0.001	0.001	0.001
0.206	0.001	0.683	0.110
0.001	0.997	0.001	0.001
0.001	0.001	0.762	0.236
>AGGCCACA	2-AGGCCACA	8.785497	-11.167300	0	T:7.0(15.56%),B:662.3(1.77%),P:1e-4	Tpos:426.4,Tstd:321.7,Bpos:462.4,Bstd:339.6,StrandBias:-0.7,Multiplicity:1.14
0.932	0.001	0.001	0.066
0.001	0.001	0.997	0.001
0.001	0.001	0.997	0.001
0.001	0.997	0.001	0.001
0.001	0.997	0.001	0.001
0.889	0.109	0.001	0.001
0.001	0.997	0.001	0.001
0.997	0.001	0.001	0.001
>TAAGACTA	3-TAAGACTA	7.089881	-10.783619	0	T:12.0(26.67%),B:2418.1(6.46%),P:1e-4	Tpos:300.3,Tstd:215.8,Bpos:498.8,Bstd:323.0,StrandBias:1.5,Multiplicity:1.92
0.001	0.001	0.001	0.997
0.765	0.001	0.001	0.233
0.997	0.001	0.001	0.001
0.001	0.001	0.997	0.001
0.997	0.001	0.001	0.001
0.001	0.997	0.001	0.001
0.001	0.080	0.001	0.918
0.997	0.001	0.001	0.001
>TTAGCACC	4-TTAGCACC	7.485260	-6.787026	0	T:13.0(28.89%),B:4247.6(11.35%),P:1e-2	Tpos:356.2,Tstd:231.3,Bpos:508.4,Bstd:338.0,StrandBias:-0.1,Multiplicity:1.62
0.115	0.001	0.036	0.848
0.001	0.001	0.035	0.963
0.529	0.336	0.001	0.134
0.052	0.001	0.946	0.001
0.001	0.997	0.001	0.001
0.498	0.160	0.001	0.340
0.252	0.746	0.001	0.001
0.248	0.709	0.042	0.001
>TCAGGTTA	5-TCAGGTTA	8.236954	-6.140051	0	T:5.0(11.11%),B:758.0(2.03%),P:1e-2	Tpos:504.8,Tstd:90.5,Bpos:475.5,Bstd:311.2,StrandBias:2.2,Multiplicity:3.40
0.100	0.100	0.100	0.700
0.100	0.700	0.100	0.100
0.700	0.100	0.100	0.100
0.100	0.100	0.700	0.100
0.100	0.100	0.700	0.100
0.100	0.100	0.100	0.700
0.100	0.100	0.100	0.700
0.700	0.100	0.100	0.100
>CAARATCG	6-CAARATCG	8.389517	-5.512273	0	T:23.0(51.11%),B:11632.3(31.09%),P:1e-2	Tpos:469.1,Tstd:304.9,Bpos:498.4,Bstd:323.7,StrandBias:-1.3,Multiplicity:1.91
0.001	0.997	0.001	0.001
0.997	0.001	0.001	0.001
0.997	0.001	0.001	0.001
0.557	0.001	0.441	0.001
0.997	0.001	0.001	0.001
0.001	0.001	0.001	0.997
0.001	0.844	0.001	0.154
0.145	0.001	0.853	0.001
>CCTTGACG	7-CCTTGACG	8.236954	-4.211145	0	T:3.0(6.67%),B:426.4(1.14%),P:1e-1	Tpos:280.0,Tstd:200.4,Bpos:539.8,Bstd:438.0,StrandBias:10.0,Multiplicity:3.33
0.100	0.700	0.100	0.100
0.100	0.700	0.100	0.100
0.100	0.100	0.100	0.700
0.100	0.100	0.100	0.700
0.100	0.100	0.700	0.100
0.700	0.100	0.100	0.100
0.100	0.700	0.100	0.100
0.100	0.100	0.700	0.100
>GCAGCGCC	8-GCAGCGCC	8.410062	-2.527265	0	T:2.0(4.44%),B:388.3(1.04%),P:1e-1	Tpos:236.3,Tstd:133.2,Bpos:420.0,Bstd:352.5,StrandBias:-4.0,Multiplicity:8.50
0.001	0.001	0.997	0.001
0.001	0.997	0.001	0.001
0.997	0.001	0.001	0.001
0.001	0.001	0.997	0.001
0.001	0.928	0.070	0.001
0.001	0.001	0.997	0.001
0.001	0.997	0.001	0.001
0.001	0.997	0.001	0.001
>CTTGTAGT	9-CTTGTAGT	9.279561	-2.039988	0	T:4.0(8.89%),B:1621.7(4.33%),P:1e0	Tpos:211.2,Tstd:131.9,Bpos:489.1,Bstd:332.6,StrandBias:-3.8,Multiplicity:3.75
0.001	0.997	0.001	0.001
0.001	0.001	0.001	0.997
0.001	0.001	0.001	0.997
0.001	0.001	0.997	0.001
0.001	0.167	0.001	0.831
0.997	0.001	0.001	0.001
0.001	0.001	0.997	0.001
0.001	0.001	0.001	0.997
>TGCTACAG	10-TGCTACAG	8.236954	-0.730214	0	T:1.0(2.22%),B:542.5(1.45%),P:1e0	Tpos:500.1,Tstd:59.3,Bpos:488.0,Bstd:328.0,StrandBias:-10.0,Multiplicity:11.00
0.100	0.100	0.100	0.700
0.100	0.100	0.700	0.100
0.100	0.700	0.100	0.100
0.100	0.100	0.100	0.700
0.700	0.100	0.100	0.100
0.100	0.700	0.100	0.100
0.700	0.100	0.100	0.100
0.100	0.100	0.700	0.100
