>AATGTGACGTCA	24-AATGTGACGTCA	7.719764	-9.544747	0	T:57.0(21.59%),B:5249.8(12.94%),P:1e-4
0.783	0.155	0.011	0.051
0.482	0.088	0.331	0.099
0.234	0.001	0.260	0.505
0.293	0.058	0.613	0.036
0.101	0.055	0.044	0.800
0.011	0.032	0.703	0.254
0.647	0.040	0.040	0.273
0.021	0.869	0.055	0.055
0.205	0.047	0.559	0.189
0.126	0.042	0.039	0.793
0.029	0.806	0.099	0.066
0.777	0.106	0.068	0.049
