>ACTCTCGC	1-ACTCTCGC	5.952025	-14.822717	0	T:42.0(58.33%),B:11051.0(29.52%),P:1e-6	Tpos:544.5,Tstd:270.7,Bpos:504.9,Bstd:326.3,StrandBias:0.7,Multiplicity:1.45
0.833	0.024	0.038	0.105
0.044	0.689	0.127	0.140
0.057	0.037	0.081	0.825
0.067	0.676	0.198	0.059
0.094	0.019	0.153	0.734
0.048	0.842	0.046	0.064
0.056	0.044	0.817	0.083
0.104	0.610	0.001	0.285
>CACGATAG	2-CACGATAG	8.380951	-11.466333	0	T:13.0(18.06%),B:1594.3(4.26%),P:1e-4	Tpos:386.0,Tstd:265.4,Bpos:510.0,Bstd:319.7,StrandBias:0.4,Multiplicity:1.08
0.001	0.820	0.178	0.001
0.858	0.001	0.001	0.140
0.001	0.997	0.001	0.001
0.001	0.001	0.997	0.001
0.762	0.001	0.001	0.236
0.209	0.211	0.001	0.579
0.997	0.001	0.001	0.001
0.001	0.001	0.997	0.001
>AATTGCAC	3-AATTGCAC	8.388191	-10.387111	0	T:26.0(36.11%),B:6027.0(16.10%),P:1e-4	Tpos:501.2,Tstd:282.0,Bpos:509.8,Bstd:311.5,StrandBias:0.6,Multiplicity:1.32
0.997	0.001	0.001	0.001
0.892	0.001	0.106	0.001
0.210	0.001	0.001	0.788
0.001	0.001	0.001	0.997
0.183	0.001	0.815	0.001
0.001	0.997	0.001	0.001
0.997	0.001	0.001	0.001
0.001	0.997	0.001	0.001
>TTAGGCCG	4-TTAGGCCG	7.326404	-8.952498	0	T:13.0(18.06%),B:2039.0(5.45%),P:1e-3	Tpos:397.8,Tstd:325.6,Bpos:483.9,Bstd:320.9,StrandBias:1.6,Multiplicity:1.46
0.002	0.252	0.001	0.745
0.116	0.267	0.001	0.616
0.803	0.001	0.136	0.060
0.001	0.126	0.872	0.001
0.133	0.008	0.796	0.063
0.108	0.777	0.001	0.114
0.001	0.997	0.001	0.001
0.013	0.001	0.810	0.176
>ATAGGCGG	5-ATAGGCGG	8.087851	-8.276744	0	T:15.0(20.83%),B:2804.2(7.49%),P:1e-3	Tpos:567.1,Tstd:254.7,Bpos:544.3,Bstd:323.8,StrandBias:-0.3,Multiplicity:1.29
0.997	0.001	0.001	0.001
0.386	0.001	0.001	0.612
0.997	0.001	0.001	0.001
0.001	0.001	0.997	0.001
0.001	0.001	0.997	0.001
0.001	0.997	0.001	0.001
0.001	0.001	0.997	0.001
0.001	0.131	0.867	0.001
