>TAAAGGGC	1-TAAAGGGC	6.125387	-12.687522	0	T:23.0(57.50%),B:9043.8(23.13%),P:1e-5	Tpos:552.5,Tstd:261.0,Bpos:520.2,Bstd:317.9,StrandBias:-0.7,Multiplicity:1.26
0.154	0.055	0.001	0.790
0.997	0.001	0.001	0.001
0.856	0.076	0.067	0.001
0.952	0.001	0.001	0.046
0.032	0.001	0.938	0.029
0.030	0.001	0.908	0.061
0.049	0.069	0.881	0.001
0.031	0.733	0.051	0.185
>GGTGTAAA	2-GGTGTAAA	8.253401	-9.832389	0	T:12.0(30.00%),B:3176.4(8.12%),P:1e-4	Tpos:620.2,Tstd:256.0,Bpos:518.0,Bstd:312.8,StrandBias:-1.2,Multiplicity:1.08
0.001	0.001	0.997	0.001
0.085	0.001	0.913	0.001
0.296	0.001	0.001	0.702
0.001	0.001	0.997	0.001
0.001	0.001	0.001	0.997
0.997	0.001	0.001	0.001
0.997	0.001	0.001	0.001
0.997	0.001	0.001	0.001
>GACGTGCT	3-GACGTGCT	7.226704	-9.554672	0	T:10.0(25.00%),B:2256.5(5.77%),P:1e-4	Tpos:527.7,Tstd:329.1,Bpos:489.2,Bstd:309.9,StrandBias:0.2,Multiplicity:1.40
0.033	0.034	0.885	0.048
0.890	0.056	0.001	0.053
0.025	0.909	0.041	0.025
0.033	0.047	0.919	0.001
0.001	0.151	0.001	0.847
0.045	0.001	0.872	0.082
0.001	0.971	0.001	0.027
0.125	0.055	0.073	0.747
>ACTTTAGC	4-ACTTTAGC	8.398111	-7.047649	0	T:7.0(17.50%),B:1536.7(3.93%),P:1e-3	Tpos:595.6,Tstd:214.3,Bpos:485.0,Bstd:312.0,StrandBias:0.0,Multiplicity:1.71
0.759	0.001	0.001	0.239
0.001	0.997	0.001	0.001
0.001	0.001	0.099	0.899
0.001	0.001	0.001	0.997
0.083	0.001	0.001	0.915
0.997	0.001	0.001	0.001
0.001	0.001	0.997	0.001
0.001	0.997	0.001	0.001
>CCATAAAC	5-CCATAAAC	8.390660	-6.213484	0	T:9.0(22.50%),B:2849.8(7.29%),P:1e-2	Tpos:500.6,Tstd:246.9,Bpos:517.5,Bstd:311.5,StrandBias:0.3,Multiplicity:1.00
0.278	0.720	0.001	0.001
0.001	0.997	0.001	0.001
0.832	0.001	0.166	0.001
0.124	0.001	0.001	0.874
0.858	0.001	0.140	0.001
0.845	0.001	0.001	0.153
0.893	0.001	0.001	0.105
0.001	0.997	0.001	0.001
