>TCTCKCTCTCTC	24-TCTCKCTCTCTC	6.290716	-10.246997	0	T:108.0(37.24%),B:9754.2(26.39%),P:1e-4
0.214	0.199	0.118	0.470
0.168	0.694	0.036	0.102
0.212	0.210	0.024	0.554
0.087	0.609	0.161	0.143
0.204	0.173	0.248	0.375
0.117	0.549	0.266	0.068
0.250	0.208	0.114	0.428
0.096	0.497	0.309	0.098
0.368	0.001	0.018	0.613
0.115	0.707	0.010	0.168
0.236	0.021	0.168	0.575
0.219	0.636	0.006	0.139
