>TTTCTSBDTTTT	1-TTTCTSBDTTTT,BestGuess:blmp-1/MA0537.1/Jaspar(0.727)	10.927796	-31.968608	0	T:88.0(30.34%),B:4803.5(12.99%),P:1e-13
0.001	0.053	0.070	0.876
0.001	0.048	0.027	0.924
0.039	0.035	0.028	0.898
0.001	0.892	0.033	0.074
0.138	0.052	0.027	0.783
0.019	0.488	0.472	0.021
0.035	0.335	0.331	0.299
0.310	0.178	0.182	0.330
0.022	0.044	0.035	0.899
0.017	0.051	0.027	0.905
0.001	0.001	0.024	0.974
0.023	0.037	0.016	0.924
