>TTGTCATCATTT	16-AAATGATGACAA	10.269311	-15.794988	0	T:29.0(27.88%),B:3871.0(9.72%),P:1e-6
0.032	0.001	0.045	0.922
0.044	0.001	0.001	0.954
0.234	0.118	0.507	0.141
0.024	0.053	0.063	0.860
0.114	0.823	0.028	0.035
0.820	0.001	0.001	0.178
0.063	0.001	0.001	0.935
0.022	0.803	0.114	0.061
0.833	0.033	0.112	0.022
0.033	0.138	0.001	0.828
0.001	0.125	0.001	0.873
0.104	0.001	0.038	0.857
