>GCGATTCTTT	1-GCGATTCTTT	10.509987	-25.166494	0	T:12.0(13.04%),B:316.5(0.78%),P:1e-10	Tpos:390.1,Tstd:224.7,Bpos:508.2,Bstd:291.3,StrandBias:0.4,Multiplicity:1.17
0.001	0.001	0.997	0.001
0.001	0.997	0.001	0.001
0.001	0.001	0.997	0.001
0.997	0.001	0.001	0.001
0.189	0.001	0.001	0.809
0.001	0.001	0.001	0.997
0.001	0.940	0.058	0.001
0.091	0.001	0.001	0.907
0.094	0.001	0.001	0.904
0.001	0.001	0.075	0.923
>CTAGATGACG	2-CTAGATGACG	10.433893	-24.412036	0	T:11.0(11.96%),B:256.3(0.63%),P:1e-10	Tpos:498.2,Tstd:302.4,Bpos:483.8,Bstd:327.2,StrandBias:1.6,Multiplicity:1.09
0.001	0.920	0.001	0.078
0.001	0.001	0.001	0.997
0.827	0.089	0.001	0.083
0.001	0.001	0.997	0.001
0.826	0.172	0.001	0.001
0.091	0.111	0.001	0.797
0.001	0.124	0.874	0.001
0.997	0.001	0.001	0.001
0.001	0.884	0.114	0.001
0.001	0.001	0.997	0.001
>CCATACCGTA	3-CCATACCGTA	10.475230	-23.274010	0	T:11.0(11.96%),B:286.9(0.70%),P:1e-10	Tpos:529.7,Tstd:256.7,Bpos:521.2,Bstd:282.7,StrandBias:0.3,Multiplicity:1.00
0.068	0.778	0.080	0.074
0.083	0.915	0.001	0.001
0.915	0.083	0.001	0.001
0.001	0.001	0.001	0.997
0.833	0.001	0.165	0.001
0.001	0.997	0.001	0.001
0.086	0.912	0.001	0.001
0.001	0.001	0.997	0.001
0.001	0.001	0.129	0.869
0.874	0.001	0.124	0.001
>TAGTTTCGTG	4-TAGTTTCGTG	10.203400	-23.198096	0	T:12.0(13.04%),B:378.0(0.93%),P:1e-10	Tpos:499.1,Tstd:306.8,Bpos:514.7,Bstd:302.3,StrandBias:-0.7,Multiplicity:1.08
0.001	0.069	0.001	0.929
0.954	0.001	0.001	0.044
0.197	0.068	0.696	0.039
0.001	0.001	0.119	0.879
0.001	0.088	0.001	0.910
0.001	0.001	0.001	0.997
0.060	0.912	0.001	0.027
0.046	0.001	0.918	0.035
0.001	0.001	0.001	0.997
0.001	0.001	0.953	0.045
>AAGTATGCTA	5-AAGTATGCTA	10.023436	-20.808052	0	T:12.0(13.04%),B:468.1(1.15%),P:1e-9	Tpos:485.8,Tstd:338.0,Bpos:509.0,Bstd:281.6,StrandBias:-1.9,Multiplicity:1.17
0.921	0.001	0.077	0.001
0.861	0.137	0.001	0.001
0.001	0.067	0.891	0.041
0.001	0.001	0.103	0.895
0.853	0.095	0.001	0.051
0.065	0.001	0.178	0.756
0.049	0.001	0.949	0.001
0.001	0.997	0.001	0.001
0.001	0.001	0.001	0.997
0.935	0.001	0.001	0.063
>CTCTCTTATA	6-CTCTCTTATA	10.070913	-19.146470	0	T:14.0(15.22%),B:811.7(1.99%),P:1e-8	Tpos:654.7,Tstd:280.3,Bpos:541.6,Bstd:333.1,StrandBias:2.7,Multiplicity:1.07
0.001	0.929	0.069	0.001
0.001	0.001	0.122	0.876
0.001	0.997	0.001	0.001
0.080	0.001	0.001	0.918
0.001	0.967	0.001	0.031
0.001	0.093	0.001	0.905
0.001	0.001	0.001	0.997
0.825	0.055	0.069	0.051
0.001	0.076	0.114	0.809
0.841	0.052	0.106	0.001
>TAATGTAGGT	7-TAATGTAGGT	8.768722	-18.794273	0	T:16.0(17.39%),B:1148.2(2.81%),P:1e-8	Tpos:453.9,Tstd:297.1,Bpos:501.0,Bstd:311.9,StrandBias:0.7,Multiplicity:1.12
0.049	0.086	0.001	0.864
0.926	0.001	0.001	0.072
0.952	0.046	0.001	0.001
0.001	0.001	0.106	0.892
0.079	0.001	0.861	0.059
0.001	0.001	0.001	0.997
0.929	0.001	0.001	0.069
0.061	0.128	0.761	0.050
0.001	0.001	0.997	0.001
0.001	0.001	0.107	0.891
>GATCGAATAT	8-GATCGAATAT	9.125670	-17.922316	0	T:22.0(23.91%),B:2416.2(5.92%),P:1e-7	Tpos:546.8,Tstd:259.6,Bpos:516.3,Bstd:305.3,StrandBias:-0.7,Multiplicity:1.18
0.035	0.001	0.963	0.001
0.823	0.001	0.113	0.063
0.001	0.001	0.001	0.997
0.001	0.740	0.001	0.258
0.172	0.001	0.826	0.001
0.997	0.001	0.001	0.001
0.892	0.106	0.001	0.001
0.032	0.001	0.001	0.966
0.856	0.092	0.001	0.051
0.001	0.001	0.001	0.997
>CTTATTAACT	9-CTTATTAACT	10.197872	-17.277451	0	T:19.0(20.65%),B:1858.1(4.55%),P:1e-7	Tpos:579.5,Tstd:248.4,Bpos:501.8,Bstd:305.4,StrandBias:0.6,Multiplicity:1.05
0.001	0.997	0.001	0.001
0.001	0.001	0.001	0.997
0.001	0.001	0.001	0.997
0.645	0.001	0.353	0.001
0.001	0.001	0.001	0.997
0.146	0.001	0.001	0.852
0.997	0.001	0.001	0.001
0.651	0.001	0.001	0.347
0.060	0.674	0.001	0.265
0.369	0.001	0.001	0.629
>TGGCACCACC	10-TGGCACCACC	10.786049	-17.177763	0	T:9.0(9.78%),B:299.6(0.73%),P:1e-7	Tpos:327.5,Tstd:244.5,Bpos:458.4,Bstd:321.1,StrandBias:0.3,Multiplicity:1.22
0.001	0.001	0.001	0.997
0.001	0.001	0.864	0.134
0.096	0.113	0.790	0.001
0.001	0.997	0.001	0.001
0.764	0.001	0.001	0.234
0.001	0.997	0.001	0.001
0.001	0.845	0.153	0.001
0.997	0.001	0.001	0.001
0.001	0.997	0.001	0.001
0.001	0.874	0.124	0.001
>GTGAGCCAAT	11-GTGAGCCAAT	10.302182	-16.563619	0	T:11.0(11.96%),B:556.5(1.36%),P:1e-7	Tpos:604.5,Tstd:249.5,Bpos:490.2,Bstd:332.9,StrandBias:-1.0,Multiplicity:1.09
0.001	0.061	0.899	0.039
0.074	0.001	0.001	0.924
0.001	0.082	0.837	0.080
0.997	0.001	0.001	0.001
0.001	0.090	0.908	0.001
0.065	0.933	0.001	0.001
0.044	0.803	0.082	0.071
0.997	0.001	0.001	0.001
0.997	0.001	0.001	0.001
0.061	0.091	0.091	0.757
>TATCATTTTA	12-TATCATTTTA	9.999549	-15.023307	0	T:22.0(23.91%),B:2855.5(6.99%),P:1e-6	Tpos:494.8,Tstd:296.7,Bpos:508.2,Bstd:301.1,StrandBias:0.3,Multiplicity:1.14
0.001	0.123	0.052	0.824
0.974	0.024	0.001	0.001
0.119	0.137	0.001	0.743
0.001	0.962	0.001	0.036
0.997	0.001	0.001	0.001
0.001	0.001	0.045	0.953
0.001	0.001	0.001	0.997
0.001	0.001	0.001	0.997
0.050	0.001	0.128	0.821
0.748	0.001	0.001	0.250
>CAAMCATCAG	13-CAAMCATCAG	9.059339	-14.843546	0	T:19.0(20.65%),B:2177.6(5.33%),P:1e-6	Tpos:500.1,Tstd:288.1,Bpos:509.2,Bstd:313.2,StrandBias:0.7,Multiplicity:1.11
0.001	0.763	0.001	0.235
0.997	0.001	0.001	0.001
0.839	0.001	0.001	0.159
0.407	0.534	0.001	0.058
0.102	0.896	0.001	0.001
0.997	0.001	0.001	0.001
0.194	0.001	0.001	0.804
0.104	0.592	0.001	0.303
0.804	0.194	0.001	0.001
0.263	0.001	0.648	0.088
>GTCAGAACAC	14-GTCAGAACAC	11.337833	-12.720072	0	T:8.0(8.70%),B:383.4(0.94%),P:1e-5	Tpos:505.8,Tstd:316.4,Bpos:503.3,Bstd:316.3,StrandBias:1.8,Multiplicity:1.12
0.001	0.001	0.707	0.291
0.001	0.001	0.001	0.997
0.001	0.997	0.001	0.001
0.976	0.001	0.001	0.022
0.001	0.278	0.720	0.001
0.997	0.001	0.001	0.001
0.663	0.001	0.335	0.001
0.001	0.978	0.001	0.020
0.664	0.001	0.001	0.334
0.016	0.978	0.001	0.005
>GACCCTGGAG	15-GACCCTGGAG	11.568437	-12.686212	0	T:3.0(3.26%),B:10.6(0.03%),P:1e-5	Tpos:231.7,Tstd:168.6,Bpos:396.8,Bstd:367.6,StrandBias:1.0,Multiplicity:1.00
0.055	0.001	0.862	0.082
0.935	0.001	0.001	0.063
0.052	0.881	0.005	0.062
0.057	0.623	0.057	0.263
0.072	0.817	0.110	0.001
0.106	0.057	0.001	0.836
0.134	0.094	0.589	0.183
0.001	0.001	0.916	0.082
0.853	0.001	0.053	0.093
0.001	0.126	0.725	0.148
>GATATTCTAG	16-GATATTCTAG	10.483202	-11.898125	0	T:11.0(11.96%),B:904.6(2.22%),P:1e-5	Tpos:478.6,Tstd:222.9,Bpos:488.8,Bstd:304.3,StrandBias:-0.8,Multiplicity:1.00
0.001	0.001	0.997	0.001
0.811	0.001	0.001	0.187
0.001	0.184	0.001	0.814
0.563	0.001	0.254	0.182
0.001	0.001	0.001	0.997
0.001	0.001	0.001	0.997
0.180	0.818	0.001	0.001
0.001	0.153	0.001	0.845
0.741	0.001	0.001	0.257
0.001	0.001	0.997	0.001
>GACAACCAGG	17-GACAACCAGG	10.587694	-11.801027	0	T:7.0(7.61%),B:308.1(0.75%),P:1e-5	Tpos:339.4,Tstd:271.7,Bpos:444.7,Bstd:333.2,StrandBias:-1.4,Multiplicity:1.57
0.001	0.001	0.997	0.001
0.997	0.001	0.001	0.001
0.001	0.997	0.001	0.001
0.752	0.047	0.001	0.200
0.740	0.001	0.095	0.164
0.001	0.997	0.001	0.001
0.089	0.798	0.112	0.001
0.997	0.001	0.001	0.001
0.001	0.001	0.891	0.107
0.097	0.001	0.901	0.001
>GCGTCAAGGC	18-GCGTCAAGGC	11.971572	-4.516034	0	T:2.0(2.17%),B:68.7(0.17%),P:1e-1	Tpos:203.7,Tstd:87.5,Bpos:532.0,Bstd:282.1,StrandBias:-10.0,Multiplicity:4.50
0.001	0.001	0.997	0.001
0.001	0.997	0.001	0.001
0.001	0.001	0.997	0.001
0.001	0.001	0.001	0.997
0.001	0.997	0.001	0.001
0.843	0.001	0.001	0.155
0.997	0.001	0.001	0.001
0.001	0.001	0.997	0.001
0.001	0.001	0.997	0.001
0.001	0.997	0.001	0.001
