>GCGATTCTTT	1-GCGATTCTTT	10.509987	-25.166494	0	T:12.0(13.04%),B:316.5(0.78%),P:1e-10	Tpos:390.1,Tstd:224.7,Bpos:508.2,Bstd:291.3,StrandBias:0.4,Multiplicity:1.17
0.001	0.001	0.997	0.001
0.001	0.997	0.001	0.001
0.001	0.001	0.997	0.001
0.997	0.001	0.001	0.001
0.189	0.001	0.001	0.809
0.001	0.001	0.001	0.997
0.001	0.940	0.058	0.001
0.091	0.001	0.001	0.907
0.094	0.001	0.001	0.904
0.001	0.001	0.075	0.923
>CTAGATGACG	2-CTAGATGACG	10.433893	-24.412036	0	T:11.0(11.96%),B:256.3(0.63%),P:1e-10	Tpos:498.2,Tstd:302.4,Bpos:483.8,Bstd:327.2,StrandBias:1.6,Multiplicity:1.09
0.001	0.920	0.001	0.078
0.001	0.001	0.001	0.997
0.827	0.089	0.001	0.083
0.001	0.001	0.997	0.001
0.826	0.172	0.001	0.001
0.091	0.111	0.001	0.797
0.001	0.124	0.874	0.001
0.997	0.001	0.001	0.001
0.001	0.884	0.114	0.001
0.001	0.001	0.997	0.001
>CCATACCGTA	3-CCATACCGTA	10.475230	-23.274010	0	T:11.0(11.96%),B:286.9(0.70%),P:1e-10	Tpos:529.7,Tstd:256.7,Bpos:521.2,Bstd:282.7,StrandBias:0.3,Multiplicity:1.00
0.068	0.778	0.080	0.074
0.083	0.915	0.001	0.001
0.915	0.083	0.001	0.001
0.001	0.001	0.001	0.997
0.833	0.001	0.165	0.001
0.001	0.997	0.001	0.001
0.086	0.912	0.001	0.001
0.001	0.001	0.997	0.001
0.001	0.001	0.129	0.869
0.874	0.001	0.124	0.001
>TAGTTTCGTG	4-TAGTTTCGTG	10.203400	-23.198096	0	T:12.0(13.04%),B:378.0(0.93%),P:1e-10	Tpos:499.1,Tstd:306.8,Bpos:514.7,Bstd:302.3,StrandBias:-0.7,Multiplicity:1.08
0.001	0.069	0.001	0.929
0.954	0.001	0.001	0.044
0.197	0.068	0.696	0.039
0.001	0.001	0.119	0.879
0.001	0.088	0.001	0.910
0.001	0.001	0.001	0.997
0.060	0.912	0.001	0.027
0.046	0.001	0.918	0.035
0.001	0.001	0.001	0.997
0.001	0.001	0.953	0.045
>AAGTATGCTA	5-AAGTATGCTA	10.023436	-20.808052	0	T:12.0(13.04%),B:468.1(1.15%),P:1e-9	Tpos:485.8,Tstd:338.0,Bpos:509.0,Bstd:281.6,StrandBias:-1.9,Multiplicity:1.17
0.921	0.001	0.077	0.001
0.861	0.137	0.001	0.001
0.001	0.067	0.891	0.041
0.001	0.001	0.103	0.895
0.853	0.095	0.001	0.051
0.065	0.001	0.178	0.756
0.049	0.001	0.949	0.001
0.001	0.997	0.001	0.001
0.001	0.001	0.001	0.997
0.935	0.001	0.001	0.063
>CTCTCTTATA	6-CTCTCTTATA	10.070913	-19.146470	0	T:14.0(15.22%),B:811.7(1.99%),P:1e-8	Tpos:654.7,Tstd:280.3,Bpos:541.6,Bstd:333.1,StrandBias:2.7,Multiplicity:1.07
0.001	0.929	0.069	0.001
0.001	0.001	0.122	0.876
0.001	0.997	0.001	0.001
0.080	0.001	0.001	0.918
0.001	0.967	0.001	0.031
0.001	0.093	0.001	0.905
0.001	0.001	0.001	0.997
0.825	0.055	0.069	0.051
0.001	0.076	0.114	0.809
0.841	0.052	0.106	0.001
>TAATGTAGGT	7-TAATGTAGGT	8.768722	-18.794273	0	T:16.0(17.39%),B:1148.2(2.81%),P:1e-8	Tpos:453.9,Tstd:297.1,Bpos:501.0,Bstd:311.9,StrandBias:0.7,Multiplicity:1.12
0.049	0.086	0.001	0.864
0.926	0.001	0.001	0.072
0.952	0.046	0.001	0.001
0.001	0.001	0.106	0.892
0.079	0.001	0.861	0.059
0.001	0.001	0.001	0.997
0.929	0.001	0.001	0.069
0.061	0.128	0.761	0.050
0.001	0.001	0.997	0.001
0.001	0.001	0.107	0.891
>GATCGAATAT	8-GATCGAATAT	9.125670	-17.922316	0	T:22.0(23.91%),B:2416.2(5.92%),P:1e-7	Tpos:546.8,Tstd:259.6,Bpos:516.3,Bstd:305.3,StrandBias:-0.7,Multiplicity:1.18
0.035	0.001	0.963	0.001
0.823	0.001	0.113	0.063
0.001	0.001	0.001	0.997
0.001	0.740	0.001	0.258
0.172	0.001	0.826	0.001
0.997	0.001	0.001	0.001
0.892	0.106	0.001	0.001
0.032	0.001	0.001	0.966
0.856	0.092	0.001	0.051
0.001	0.001	0.001	0.997
>CTTATTAACT	9-CTTATTAACT	10.197872	-17.277451	0	T:19.0(20.65%),B:1858.1(4.55%),P:1e-7	Tpos:579.5,Tstd:248.4,Bpos:501.8,Bstd:305.4,StrandBias:0.6,Multiplicity:1.05
0.001	0.997	0.001	0.001
0.001	0.001	0.001	0.997
0.001	0.001	0.001	0.997
0.645	0.001	0.353	0.001
0.001	0.001	0.001	0.997
0.146	0.001	0.001	0.852
0.997	0.001	0.001	0.001
0.651	0.001	0.001	0.347
0.060	0.674	0.001	0.265
0.369	0.001	0.001	0.629
>TGGCACCACC	10-TGGCACCACC	10.786049	-17.177763	0	T:9.0(9.78%),B:299.6(0.73%),P:1e-7	Tpos:327.5,Tstd:244.5,Bpos:458.4,Bstd:321.1,StrandBias:0.3,Multiplicity:1.22
0.001	0.001	0.001	0.997
0.001	0.001	0.864	0.134
0.096	0.113	0.790	0.001
0.001	0.997	0.001	0.001
0.764	0.001	0.001	0.234
0.001	0.997	0.001	0.001
0.001	0.845	0.153	0.001
0.997	0.001	0.001	0.001
0.001	0.997	0.001	0.001
0.001	0.874	0.124	0.001
>GTGAGCCAAT	11-GTGAGCCAAT	10.302182	-16.563619	0	T:11.0(11.96%),B:556.5(1.36%),P:1e-7	Tpos:604.5,Tstd:249.5,Bpos:490.2,Bstd:332.9,StrandBias:-1.0,Multiplicity:1.09
0.001	0.061	0.899	0.039
0.074	0.001	0.001	0.924
0.001	0.082	0.837	0.080
0.997	0.001	0.001	0.001
0.001	0.090	0.908	0.001
0.065	0.933	0.001	0.001
0.044	0.803	0.082	0.071
0.997	0.001	0.001	0.001
0.997	0.001	0.001	0.001
0.061	0.091	0.091	0.757
>TATCATTTTA	12-TATCATTTTA	9.999549	-15.023307	0	T:22.0(23.91%),B:2855.5(6.99%),P:1e-6	Tpos:494.8,Tstd:296.7,Bpos:508.2,Bstd:301.1,StrandBias:0.3,Multiplicity:1.14
0.001	0.123	0.052	0.824
0.974	0.024	0.001	0.001
0.119	0.137	0.001	0.743
0.001	0.962	0.001	0.036
0.997	0.001	0.001	0.001
0.001	0.001	0.045	0.953
0.001	0.001	0.001	0.997
0.001	0.001	0.001	0.997
0.050	0.001	0.128	0.821
0.748	0.001	0.001	0.250
>CAAMCATCAG	13-CAAMCATCAG	9.059339	-14.843546	0	T:19.0(20.65%),B:2177.6(5.33%),P:1e-6	Tpos:500.1,Tstd:288.1,Bpos:509.2,Bstd:313.2,StrandBias:0.7,Multiplicity:1.11
0.001	0.763	0.001	0.235
0.997	0.001	0.001	0.001
0.839	0.001	0.001	0.159
0.407	0.534	0.001	0.058
0.102	0.896	0.001	0.001
0.997	0.001	0.001	0.001
0.194	0.001	0.001	0.804
0.104	0.592	0.001	0.303
0.804	0.194	0.001	0.001
0.263	0.001	0.648	0.088
>GTCAGAACAC	14-GTCAGAACAC	11.337833	-12.720072	0	T:8.0(8.70%),B:383.4(0.94%),P:1e-5	Tpos:505.8,Tstd:316.4,Bpos:503.3,Bstd:316.3,StrandBias:1.8,Multiplicity:1.12
0.001	0.001	0.707	0.291
0.001	0.001	0.001	0.997
0.001	0.997	0.001	0.001
0.976	0.001	0.001	0.022
0.001	0.278	0.720	0.001
0.997	0.001	0.001	0.001
0.663	0.001	0.335	0.001
0.001	0.978	0.001	0.020
0.664	0.001	0.001	0.334
0.016	0.978	0.001	0.005
>GACCCTGGAG	15-GACCCTGGAG	11.568437	-12.686212	0	T:3.0(3.26%),B:10.6(0.03%),P:1e-5	Tpos:231.7,Tstd:168.6,Bpos:396.8,Bstd:367.6,StrandBias:1.0,Multiplicity:1.00
0.055	0.001	0.862	0.082
0.935	0.001	0.001	0.063
0.052	0.881	0.005	0.062
0.057	0.623	0.057	0.263
0.072	0.817	0.110	0.001
0.106	0.057	0.001	0.836
0.134	0.094	0.589	0.183
0.001	0.001	0.916	0.082
0.853	0.001	0.053	0.093
0.001	0.126	0.725	0.148
>GATATTCTAG	16-GATATTCTAG	10.483202	-11.898125	0	T:11.0(11.96%),B:904.6(2.22%),P:1e-5	Tpos:478.6,Tstd:222.9,Bpos:488.8,Bstd:304.3,StrandBias:-0.8,Multiplicity:1.00
0.001	0.001	0.997	0.001
0.811	0.001	0.001	0.187
0.001	0.184	0.001	0.814
0.563	0.001	0.254	0.182
0.001	0.001	0.001	0.997
0.001	0.001	0.001	0.997
0.180	0.818	0.001	0.001
0.001	0.153	0.001	0.845
0.741	0.001	0.001	0.257
0.001	0.001	0.997	0.001
>GACAACCAGG	17-GACAACCAGG	10.587694	-11.801027	0	T:7.0(7.61%),B:308.1(0.75%),P:1e-5	Tpos:339.4,Tstd:271.7,Bpos:444.7,Bstd:333.2,StrandBias:-1.4,Multiplicity:1.57
0.001	0.001	0.997	0.001
0.997	0.001	0.001	0.001
0.001	0.997	0.001	0.001
0.752	0.047	0.001	0.200
0.740	0.001	0.095	0.164
0.001	0.997	0.001	0.001
0.089	0.798	0.112	0.001
0.997	0.001	0.001	0.001
0.001	0.001	0.891	0.107
0.097	0.001	0.901	0.001
>GCGTCAAGGC	18-GCGTCAAGGC	11.971572	-4.516034	0	T:2.0(2.17%),B:68.7(0.17%),P:1e-1	Tpos:203.7,Tstd:87.5,Bpos:532.0,Bstd:282.1,StrandBias:-10.0,Multiplicity:4.50
0.001	0.001	0.997	0.001
0.001	0.997	0.001	0.001
0.001	0.001	0.997	0.001
0.001	0.001	0.001	0.997
0.001	0.997	0.001	0.001
0.843	0.001	0.001	0.155
0.997	0.001	0.001	0.001
0.001	0.001	0.997	0.001
0.001	0.001	0.997	0.001
0.001	0.997	0.001	0.001
>TCCTCTTATTAA	1-TCCTCTTATTAA	13.772018	-20.376223	0	T:6.0(6.52%),B:43.1(0.11%),P:1e-8	Tpos:654.3,Tstd:187.8,Bpos:481.5,Bstd:315.4,StrandBias:0.0,Multiplicity:1.00
0.001	0.001	0.001	0.997
0.001	0.864	0.001	0.134
0.001	0.797	0.001	0.201
0.176	0.274	0.001	0.549
0.001	0.997	0.001	0.001
0.001	0.001	0.001	0.997
0.001	0.001	0.001	0.997
0.997	0.001	0.001	0.001
0.001	0.001	0.001	0.997
0.001	0.001	0.001	0.997
0.997	0.001	0.001	0.001
0.997	0.001	0.001	0.001
>TCTCGTTTWAGA	2-TCTCGTTTWAGA	11.277548	-19.983039	0	T:11.0(11.96%),B:395.3(0.97%),P:1e-8	Tpos:561.9,Tstd:185.0,Bpos:491.6,Bstd:271.3,StrandBias:0.3,Multiplicity:1.00
0.001	0.028	0.001	0.970
0.001	0.997	0.001	0.001
0.001	0.265	0.001	0.733
0.201	0.554	0.244	0.001
0.280	0.001	0.718	0.001
0.001	0.001	0.001	0.997
0.001	0.242	0.243	0.514
0.001	0.001	0.001	0.997
0.449	0.001	0.243	0.308
0.583	0.001	0.415	0.001
0.265	0.001	0.733	0.001
0.997	0.001	0.001	0.001
>TGTACCGGAAAT	3-TGTACCGGAAAT	14.164668	-19.338821	0	T:5.0(5.43%),B:22.3(0.05%),P:1e-8	Tpos:519.8,Tstd:307.4,Bpos:551.3,Bstd:323.7,StrandBias:-0.6,Multiplicity:1.00
0.001	0.185	0.001	0.813
0.001	0.168	0.830	0.001
0.001	0.001	0.001	0.997
0.997	0.001	0.001	0.001
0.001	0.997	0.001	0.001
0.001	0.997	0.001	0.001
0.001	0.001	0.997	0.001
0.001	0.001	0.766	0.232
0.997	0.001	0.001	0.001
0.997	0.001	0.001	0.001
0.736	0.262	0.001	0.001
0.001	0.001	0.001	0.997
>AGTGATTYGCTC	4-AGTGATTYGCTC	10.924606	-19.203158	0	T:10.0(10.87%),B:324.1(0.79%),P:1e-8	Tpos:315.9,Tstd:200.8,Bpos:479.8,Bstd:275.2,StrandBias:3.3,Multiplicity:1.10
0.981	0.001	0.001	0.017
0.001	0.038	0.870	0.091
0.001	0.037	0.222	0.740
0.001	0.001	0.997	0.001
0.776	0.222	0.001	0.001
0.001	0.001	0.001	0.997
0.171	0.001	0.002	0.826
0.001	0.473	0.001	0.525
0.001	0.040	0.617	0.342
0.001	0.995	0.003	0.001
0.001	0.001	0.001	0.997
0.001	0.586	0.001	0.412
>TTTCGTAGCATG	5-TTTCGTAGCATG	11.556415	-19.168065	0	T:8.0(8.70%),B:160.5(0.39%),P:1e-8	Tpos:691.1,Tstd:263.4,Bpos:488.0,Bstd:291.4,StrandBias:0.7,Multiplicity:1.00
0.001	0.001	0.001	0.997
0.001	0.200	0.001	0.798
0.200	0.001	0.001	0.798
0.001	0.993	0.001	0.005
0.139	0.001	0.859	0.001
0.347	0.001	0.001	0.651
0.809	0.183	0.001	0.007
0.001	0.200	0.798	0.001
0.001	0.997	0.001	0.001
0.581	0.245	0.001	0.173
0.001	0.001	0.001	0.997
0.001	0.001	0.754	0.244
>CAAGAATATCAG	6-CAAGAATATCAG	14.364582	-18.669606	0	T:4.0(4.35%),B:7.5(0.02%),P:1e-8	Tpos:606.7,Tstd:282.1,Bpos:410.9,Bstd:253.4,StrandBias:10.0,Multiplicity:1.00
0.115	0.631	0.253	0.001
0.997	0.001	0.001	0.001
0.899	0.001	0.099	0.001
0.207	0.001	0.677	0.115
0.997	0.001	0.001	0.001
0.748	0.250	0.001	0.001
0.001	0.269	0.001	0.729
0.856	0.001	0.001	0.142
0.114	0.001	0.001	0.884
0.001	0.761	0.115	0.123
0.868	0.001	0.001	0.130
0.006	0.001	0.992	0.001
>ACATAAATTGAT	7-ACATAAATTGAT	12.037392	-18.212423	0	T:11.0(11.96%),B:471.2(1.15%),P:1e-7	Tpos:519.2,Tstd:286.3,Bpos:513.9,Bstd:291.9,StrandBias:0.2,Multiplicity:1.09
0.997	0.001	0.001	0.001
0.051	0.853	0.001	0.095
0.997	0.001	0.001	0.001
0.052	0.001	0.001	0.946
0.997	0.001	0.001	0.001
0.997	0.001	0.001	0.001
0.997	0.001	0.001	0.001
0.094	0.188	0.001	0.717
0.128	0.001	0.001	0.870
0.105	0.001	0.809	0.085
0.997	0.001	0.001	0.001
0.084	0.001	0.001	0.914
>TGGGCGAGTGGT	8-TGGGCGAGTGGT	12.636492	-16.970712	0	T:4.0(4.35%),B:12.7(0.03%),P:1e-7	Tpos:564.2,Tstd:332.4,Bpos:417.0,Bstd:235.0,StrandBias:-1.6,Multiplicity:1.00
0.001	0.001	0.283	0.715
0.283	0.001	0.523	0.193
0.001	0.001	0.997	0.001
0.001	0.005	0.993	0.001
0.001	0.997	0.001	0.001
0.193	0.283	0.514	0.010
0.794	0.001	0.204	0.001
0.001	0.006	0.992	0.001
0.001	0.001	0.283	0.715
0.001	0.001	0.997	0.001
0.192	0.001	0.806	0.001
0.001	0.001	0.001	0.997
>ATGTCCTGGCTG	9-ATGTCCTGGCTG	14.995138	-16.941223	0	T:3.0(3.26%),B:1.3(0.00%),P:1e-7	Tpos:270.0,Tstd:359.6,Bpos:266.0,Bstd:0.0,StrandBias:10.0,Multiplicity:1.33
0.997	0.001	0.001	0.001
0.001	0.345	0.001	0.653
0.001	0.001	0.997	0.001
0.001	0.001	0.001	0.997
0.001	0.997	0.001	0.001
0.001	0.997	0.001	0.001
0.001	0.001	0.001	0.997
0.001	0.001	0.997	0.001
0.001	0.001	0.997	0.001
0.306	0.692	0.001	0.001
0.001	0.001	0.001	0.997
0.001	0.001	0.997	0.001
>AKCCTTGACGMA	10-AKCCTTGACGMA	9.786085	-16.700391	0	T:14.0(15.22%),B:990.5(2.43%),P:1e-7	Tpos:395.9,Tstd:271.9,Bpos:509.7,Bstd:298.0,StrandBias:2.2,Multiplicity:1.57
0.842	0.001	0.093	0.064
0.255	0.001	0.409	0.335
0.164	0.391	0.227	0.218
0.001	0.872	0.001	0.126
0.055	0.001	0.001	0.943
0.207	0.001	0.001	0.791
0.001	0.001	0.997	0.001
0.790	0.001	0.208	0.001
0.185	0.718	0.001	0.096
0.001	0.132	0.786	0.081
0.548	0.450	0.001	0.001
0.917	0.081	0.001	0.001
>TGACGTCATYKA	11-TGACGTCATYKA	10.532541	-15.715730	0	T:7.0(7.61%),B:168.2(0.41%),P:1e-6	Tpos:475.5,Tstd:295.9,Bpos:524.4,Bstd:292.2,StrandBias:-0.7,Multiplicity:1.00
0.137	0.041	0.001	0.821
0.032	0.111	0.856	0.001
0.747	0.208	0.044	0.001
0.144	0.750	0.038	0.068
0.163	0.118	0.689	0.030
0.078	0.001	0.134	0.787
0.143	0.675	0.088	0.094
0.642	0.050	0.220	0.088
0.314	0.001	0.001	0.684
0.001	0.457	0.208	0.335
0.073	0.080	0.420	0.427
0.869	0.129	0.001	0.001
>CTCCAGRGTCAC	12-CTCCAGRGTCAC	9.269552	-15.533345	0	T:5.0(5.43%),B:51.5(0.13%),P:1e-6	Tpos:417.0,Tstd:223.2,Bpos:490.4,Bstd:329.4,StrandBias:2.0,Multiplicity:1.00
0.001	0.997	0.001	0.001
0.001	0.001	0.001	0.997
0.001	0.997	0.001	0.001
0.001	0.997	0.001	0.001
0.997	0.001	0.001	0.001
0.001	0.001	0.997	0.001
0.426	0.027	0.546	0.001
0.059	0.035	0.905	0.001
0.001	0.001	0.001	0.997
0.001	0.997	0.001	0.001
0.997	0.001	0.001	0.001
0.034	0.964	0.001	0.001
>ATCATGTAGAAC	13-ATCATGTAGAAC	10.860858	-14.883282	0	T:9.0(9.78%),B:395.7(0.97%),P:1e-6	Tpos:499.7,Tstd:292.3,Bpos:505.5,Bstd:296.4,StrandBias:0.0,Multiplicity:1.33
0.833	0.001	0.001	0.165
0.001	0.001	0.001	0.997
0.098	0.696	0.001	0.205
0.472	0.158	0.158	0.213
0.001	0.001	0.001	0.997
0.001	0.001	0.841	0.157
0.202	0.001	0.001	0.796
0.997	0.001	0.001	0.001
0.001	0.103	0.895	0.001
0.997	0.001	0.001	0.001
0.756	0.001	0.139	0.104
0.001	0.748	0.250	0.001
>TCTTATCATCAC	14-TCTTATCATCAC	10.293707	-14.513707	0	T:13.0(14.13%),B:1010.6(2.47%),P:1e-6	Tpos:685.0,Tstd:321.4,Bpos:521.9,Bstd:321.5,StrandBias:0.8,Multiplicity:1.08
0.001	0.122	0.101	0.776
0.006	0.783	0.080	0.131
0.124	0.001	0.001	0.874
0.096	0.001	0.001	0.902
0.876	0.068	0.001	0.055
0.004	0.001	0.001	0.994
0.190	0.641	0.097	0.072
0.823	0.001	0.001	0.175
0.213	0.103	0.071	0.613
0.001	0.977	0.001	0.021
0.872	0.001	0.123	0.004
0.150	0.842	0.004	0.004
>TTTTCAGTATAS	15-TTTTCAGTATAS	12.253889	-12.516203	0	T:8.0(8.70%),B:394.5(0.97%),P:1e-5	Tpos:570.9,Tstd:247.9,Bpos:466.4,Bstd:305.5,StrandBias:0.3,Multiplicity:1.00
0.001	0.001	0.003	0.995
0.001	0.004	0.316	0.679
0.001	0.001	0.001	0.997
0.001	0.001	0.001	0.997
0.001	0.836	0.001	0.162
0.869	0.129	0.001	0.001
0.001	0.167	0.831	0.001
0.001	0.001	0.001	0.997
0.997	0.001	0.001	0.001
0.124	0.001	0.217	0.658
0.751	0.001	0.001	0.247
0.124	0.423	0.451	0.001
>GAATCGCTCCAT	16-GAATCGCTCCAT	14.636441	-11.475723	0	T:3.0(3.26%),B:16.0(0.04%),P:1e-4	Tpos:189.2,Tstd:94.8,Bpos:444.0,Bstd:304.2,StrandBias:0.6,Multiplicity:1.67
0.001	0.001	0.997	0.001
0.997	0.001	0.001	0.001
0.997	0.001	0.001	0.001
0.001	0.001	0.001	0.997
0.001	0.594	0.404	0.001
0.001	0.001	0.997	0.001
0.001	0.997	0.001	0.001
0.001	0.001	0.001	0.997
0.001	0.763	0.001	0.235
0.001	0.997	0.001	0.001
0.997	0.001	0.001	0.001
0.001	0.001	0.001	0.997
>CGCCTACCTAGG	17-CGCCTACCTAGG	9.474431	-11.475723	0	T:3.0(3.26%),B:16.8(0.04%),P:1e-4	Tpos:427.2,Tstd:274.0,Bpos:394.1,Bstd:349.3,StrandBias:10.0,Multiplicity:1.67
0.049	0.949	0.001	0.001
0.001	0.001	0.997	0.001
0.001	0.997	0.001	0.001
0.001	0.997	0.001	0.001
0.001	0.001	0.001	0.997
0.997	0.001	0.001	0.001
0.001	0.997	0.001	0.001
0.001	0.893	0.001	0.105
0.001	0.001	0.001	0.997
0.997	0.001	0.001	0.001
0.001	0.001	0.997	0.001
0.155	0.001	0.843	0.001
>GCGATTCT	1-GCGATTCT	7.946738	-14.900690	0	T:18.0(19.57%),B:1948.2(4.77%),P:1e-6	Tpos:503.1,Tstd:274.9,Bpos:497.8,Bstd:300.2,StrandBias:0.3,Multiplicity:1.11
0.001	0.001	0.997	0.001
0.001	0.997	0.001	0.001
0.001	0.001	0.997	0.001
0.997	0.001	0.001	0.001
0.254	0.001	0.001	0.744
0.001	0.001	0.045	0.953
0.001	0.855	0.143	0.001
0.072	0.001	0.001	0.926
>GTACCGTA	2-GTACCGTA	6.842541	-13.402648	0	T:31.0(33.70%),B:5715.3(14.00%),P:1e-5	Tpos:545.2,Tstd:277.8,Bpos:501.4,Bstd:308.0,StrandBias:-0.3,Multiplicity:1.23
0.238	0.094	0.667	0.001
0.001	0.001	0.001	0.997
0.938	0.001	0.001	0.060
0.001	0.976	0.001	0.022
0.001	0.825	0.173	0.001
0.104	0.039	0.856	0.001
0.001	0.001	0.266	0.732
0.997	0.001	0.001	0.001
>TCTTATTA	3-TCTTATTA	9.244403	-11.063523	0	T:33.0(35.87%),B:7057.8(17.28%),P:1e-4	Tpos:559.5,Tstd:288.5,Bpos:539.3,Bstd:316.1,StrandBias:0.0,Multiplicity:1.30
0.001	0.001	0.001	0.997
0.001	0.997	0.001	0.001
0.001	0.001	0.001	0.997
0.001	0.001	0.001	0.997
0.757	0.241	0.001	0.001
0.001	0.001	0.001	0.997
0.001	0.331	0.001	0.667
0.997	0.001	0.001	0.001
>TCATAAAC	4-TCATAAAC	8.023787	-9.969184	0	T:29.0(31.52%),B:6090.8(14.92%),P:1e-4	Tpos:569.7,Tstd:290.4,Bpos:513.9,Bstd:306.9,StrandBias:0.1,Multiplicity:1.34
0.196	0.001	0.001	0.802
0.001	0.997	0.001	0.001
0.997	0.001	0.001	0.001
0.001	0.170	0.001	0.828
0.997	0.001	0.001	0.001
0.922	0.001	0.076	0.001
0.921	0.077	0.001	0.001
0.001	0.997	0.001	0.001
>GTCAAGGC	5-GTCAAGGC	9.117394	-3.976476	0	T:6.0(6.52%),B:926.5(2.27%),P:1e-1	Tpos:241.3,Tstd:104.8,Bpos:489.7,Bstd:327.9,StrandBias:-1.7,Multiplicity:2.17
0.142	0.001	0.856	0.001
0.001	0.001	0.001	0.997
0.001	0.997	0.001	0.001
0.997	0.001	0.001	0.001
0.997	0.001	0.001	0.001
0.001	0.001	0.997	0.001
0.001	0.001	0.997	0.001
0.001	0.997	0.001	0.001
