>GATAACAAACAA	3-GATAACAAACAA,BestGuess:PHA-4(Forkhead)/cElegans-Embryos-PHA4-ChIP-Seq(modEncode)/Homer(0.688)	10.175355	-22.766388	0	T:17.0(44.74%),B:2759.9(6.89%),P:1e-9
0.104	0.001	0.866	0.029
0.946	0.052	0.001	0.001
0.211	0.082	0.027	0.680
0.840	0.044	0.115	0.001
0.927	0.001	0.071	0.001
0.029	0.737	0.177	0.057
0.858	0.001	0.140	0.001
0.899	0.001	0.044	0.056
0.849	0.072	0.044	0.035
0.077	0.829	0.066	0.028
0.927	0.001	0.001	0.071
0.650	0.127	0.064	0.159
