>SAGCCATGGG	1-SAGCCATGGG	9.480016	-30.445518	0	T:13.0(12.87%),B:242.6(0.58%),P:1e-13	Tpos:475.1,Tstd:248.0,Bpos:452.8,Bstd:300.0,StrandBias:0.6,Multiplicity:1.08
0.001	0.516	0.402	0.081
0.817	0.001	0.181	0.001
0.001	0.135	0.863	0.001
0.001	0.862	0.001	0.136
0.001	0.853	0.001	0.145
0.863	0.135	0.001	0.001
0.001	0.001	0.001	0.997
0.001	0.001	0.905	0.093
0.094	0.001	0.654	0.251
0.091	0.243	0.584	0.082
>CACGACAGTT	2-CACGACAGTT	10.231709	-21.899932	0	T:12.0(11.88%),B:392.2(0.94%),P:1e-9	Tpos:505.1,Tstd:272.9,Bpos:525.4,Bstd:313.5,StrandBias:1.0,Multiplicity:1.00
0.001	0.997	0.001	0.001
0.917	0.001	0.001	0.081
0.065	0.933	0.001	0.001
0.054	0.001	0.869	0.076
0.760	0.133	0.001	0.106
0.001	0.897	0.001	0.101
0.880	0.001	0.118	0.001
0.001	0.085	0.860	0.054
0.001	0.001	0.001	0.997
0.001	0.001	0.001	0.997
>ACAAAACCAT	3-ACAAAACCAT	9.162448	-21.308862	0	T:30.0(29.70%),B:3494.3(8.37%),P:1e-9	Tpos:434.5,Tstd:302.3,Bpos:498.5,Bstd:302.9,StrandBias:0.1,Multiplicity:1.07
0.937	0.036	0.001	0.026
0.001	0.902	0.073	0.024
0.931	0.001	0.001	0.067
0.868	0.001	0.067	0.064
0.997	0.001	0.001	0.001
0.885	0.072	0.001	0.042
0.006	0.790	0.001	0.203
0.024	0.930	0.029	0.017
0.862	0.061	0.050	0.027
0.001	0.038	0.038	0.923
>AAACGGTCTA	4-AAACGGTCTA	10.515205	-20.729933	0	T:12.0(11.88%),B:436.7(1.05%),P:1e-9	Tpos:543.1,Tstd:269.1,Bpos:515.1,Bstd:317.0,StrandBias:0.5,Multiplicity:1.00
0.841	0.001	0.001	0.157
0.997	0.001	0.001	0.001
0.997	0.001	0.001	0.001
0.001	0.823	0.098	0.078
0.001	0.001	0.868	0.130
0.001	0.098	0.841	0.060
0.001	0.001	0.001	0.997
0.001	0.944	0.001	0.054
0.001	0.104	0.001	0.894
0.878	0.001	0.001	0.120
>TTTAGTACAG	5-TTTAGTACAG	9.864044	-20.520117	0	T:19.0(18.81%),B:1399.1(3.35%),P:1e-8	Tpos:611.5,Tstd:287.2,Bpos:504.5,Bstd:301.6,StrandBias:0.3,Multiplicity:1.05
0.001	0.001	0.001	0.997
0.001	0.001	0.001	0.997
0.001	0.001	0.075	0.923
0.842	0.001	0.072	0.085
0.045	0.001	0.886	0.068
0.047	0.087	0.083	0.783
0.903	0.095	0.001	0.001
0.001	0.934	0.001	0.064
0.917	0.081	0.001	0.001
0.001	0.073	0.871	0.055
>GAAACATCGC	6-GAAACATCGC	9.304655	-19.804551	0	T:17.0(16.83%),B:1137.9(2.73%),P:1e-8	Tpos:575.9,Tstd:309.7,Bpos:502.5,Bstd:314.6,StrandBias:0.3,Multiplicity:1.06
0.001	0.100	0.574	0.325
0.997	0.001	0.001	0.001
0.838	0.001	0.001	0.160
0.731	0.001	0.001	0.267
0.042	0.956	0.001	0.001
0.691	0.001	0.001	0.307
0.116	0.001	0.001	0.882
0.001	0.997	0.001	0.001
0.054	0.203	0.595	0.148
0.046	0.952	0.001	0.001
>CACCGGAATT	7-CACCGGAATT	8.660457	-19.228316	0	T:19.0(18.81%),B:1516.7(3.63%),P:1e-8	Tpos:430.8,Tstd:307.6,Bpos:488.2,Bstd:301.6,StrandBias:0.1,Multiplicity:1.11
0.058	0.865	0.076	0.001
0.606	0.059	0.334	0.001
0.051	0.574	0.149	0.226
0.324	0.596	0.040	0.040
0.051	0.327	0.516	0.106
0.114	0.066	0.819	0.001
0.873	0.001	0.001	0.125
0.800	0.198	0.001	0.001
0.056	0.066	0.001	0.877
0.124	0.001	0.001	0.874
>TCTCTCGTGT	8-TCTCTCGTGT	10.242934	-18.604025	0	T:12.0(11.88%),B:530.4(1.27%),P:1e-8	Tpos:554.5,Tstd:284.8,Bpos:565.6,Bstd:304.4,StrandBias:0.5,Multiplicity:1.00
0.001	0.001	0.001	0.997
0.001	0.588	0.001	0.410
0.001	0.001	0.001	0.997
0.021	0.977	0.001	0.001
0.001	0.246	0.130	0.623
0.001	0.777	0.221	0.001
0.128	0.179	0.598	0.095
0.001	0.001	0.001	0.997
0.163	0.128	0.708	0.001
0.001	0.001	0.001	0.997
>AAAACGCAGA	9-AAAACGCAGA	7.408067	-18.093042	0	T:34.0(33.66%),B:5041.2(12.08%),P:1e-7	Tpos:505.6,Tstd:268.0,Bpos:507.0,Bstd:307.1,StrandBias:0.5,Multiplicity:1.29
0.836	0.162	0.001	0.001
0.626	0.181	0.192	0.001
0.855	0.029	0.001	0.115
0.666	0.009	0.015	0.310
0.001	0.997	0.001	0.001
0.001	0.076	0.922	0.001
0.001	0.952	0.046	0.001
0.976	0.022	0.001	0.001
0.045	0.099	0.759	0.097
0.997	0.001	0.001	0.001
>AACATTACAC	10-AACATTACAC	9.273839	-16.892098	0	T:18.0(17.82%),B:1571.8(3.77%),P:1e-7	Tpos:517.1,Tstd:322.5,Bpos:508.5,Bstd:312.6,StrandBias:0.0,Multiplicity:1.11
0.708	0.138	0.001	0.153
0.814	0.001	0.001	0.184
0.001	0.643	0.355	0.001
0.616	0.001	0.382	0.001
0.094	0.001	0.001	0.904
0.001	0.001	0.001	0.997
0.997	0.001	0.001	0.001
0.001	0.997	0.001	0.001
0.997	0.001	0.001	0.001
0.001	0.644	0.124	0.231
>ACAAACGTGC	11-ACAAACGTGC	12.457576	-15.649640	0	T:5.0(4.95%),B:46.8(0.11%),P:1e-6	Tpos:562.0,Tstd:325.1,Bpos:472.1,Bstd:281.4,StrandBias:1.0,Multiplicity:1.20
0.997	0.001	0.001	0.001
0.001	0.997	0.001	0.001
0.746	0.001	0.001	0.252
0.997	0.001	0.001	0.001
0.997	0.001	0.001	0.001
0.001	0.997	0.001	0.001
0.001	0.001	0.997	0.001
0.001	0.001	0.001	0.997
0.001	0.001	0.997	0.001
0.001	0.997	0.001	0.001
>TARRGAYCAC	12-TARRGAYCAC	8.113576	-15.278358	0	T:15.0(14.85%),B:1199.1(2.87%),P:1e-6	Tpos:447.4,Tstd:291.0,Bpos:490.0,Bstd:311.4,StrandBias:-0.5,Multiplicity:1.21
0.001	0.049	0.361	0.589
0.867	0.003	0.129	0.001
0.471	0.001	0.471	0.057
0.536	0.001	0.462	0.001
0.063	0.001	0.932	0.004
0.790	0.001	0.136	0.073
0.003	0.452	0.003	0.542
0.044	0.817	0.058	0.081
0.818	0.061	0.058	0.063
0.049	0.888	0.062	0.001
>ATGTKTGATG	13-ATGTKTGATG	9.942451	-13.859166	0	T:17.0(16.83%),B:1731.7(4.15%),P:1e-6	Tpos:385.0,Tstd:211.4,Bpos:496.5,Bstd:298.5,StrandBias:0.0,Multiplicity:1.29
0.918	0.001	0.080	0.001
0.002	0.091	0.001	0.906
0.001	0.005	0.592	0.402
0.008	0.027	0.023	0.942
0.090	0.099	0.363	0.448
0.004	0.115	0.120	0.761
0.002	0.001	0.990	0.007
0.805	0.190	0.004	0.001
0.001	0.076	0.096	0.827
0.001	0.003	0.995	0.001
>AGGCGTTGTA	14-AGGCGTTGTA	10.841312	-13.565222	0	T:6.0(5.94%),B:135.5(0.32%),P:1e-5	Tpos:366.4,Tstd:252.4,Bpos:500.0,Bstd:310.8,StrandBias:-3.3,Multiplicity:1.83
0.752	0.246	0.001	0.001
0.001	0.202	0.795	0.002
0.001	0.202	0.780	0.017
0.001	0.997	0.001	0.001
0.273	0.001	0.725	0.001
0.001	0.001	0.001	0.997
0.001	0.001	0.001	0.997
0.001	0.001	0.997	0.001
0.001	0.001	0.212	0.786
0.688	0.261	0.001	0.050
>GTAAGTCTTA	15-GTAAGTCTTA	8.757368	-13.272588	0	T:13.0(12.87%),B:1047.4(2.51%),P:1e-5	Tpos:619.8,Tstd:256.1,Bpos:478.9,Bstd:299.5,StrandBias:0.5,Multiplicity:1.23
0.001	0.126	0.872	0.001
0.001	0.001	0.001	0.997
0.888	0.001	0.001	0.110
0.784	0.127	0.001	0.088
0.001	0.001	0.933	0.065
0.096	0.001	0.001	0.902
0.001	0.885	0.001	0.113
0.085	0.001	0.001	0.913
0.001	0.001	0.087	0.911
0.997	0.001	0.001	0.001
>GCCAGCACTT	16-GCCAGCACTT	11.231667	-12.083496	0	T:5.0(4.95%),B:99.3(0.24%),P:1e-5	Tpos:304.6,Tstd:156.8,Bpos:504.1,Bstd:314.1,StrandBias:3.2,Multiplicity:2.00
0.001	0.001	0.997	0.001
0.096	0.902	0.001	0.001
0.001	0.902	0.096	0.001
0.997	0.001	0.001	0.001
0.001	0.001	0.997	0.001
0.001	0.997	0.001	0.001
0.997	0.001	0.001	0.001
0.001	0.997	0.001	0.001
0.001	0.149	0.001	0.849
0.001	0.001	0.001	0.997
>GTACCAAGTT	17-GTACCAAGTT	10.577365	-10.722514	0	T:7.0(6.93%),B:339.4(0.81%),P:1e-4	Tpos:471.3,Tstd:169.4,Bpos:482.9,Bstd:276.2,StrandBias:0.8,Multiplicity:1.57
0.001	0.001	0.997	0.001
0.001	0.001	0.115	0.883
0.997	0.001	0.001	0.001
0.001	0.942	0.001	0.056
0.059	0.939	0.001	0.001
0.845	0.001	0.153	0.001
0.997	0.001	0.001	0.001
0.001	0.001	0.997	0.001
0.001	0.001	0.001	0.997
0.082	0.001	0.001	0.916
>GACGCAGAGG	18-GACGCAGAGG	8.515869	-9.944628	0	T:18.0(17.82%),B:2585.8(6.20%),P:1e-4	Tpos:503.2,Tstd:329.2,Bpos:522.8,Bstd:304.5,StrandBias:-1.3,Multiplicity:1.17
0.001	0.001	0.997	0.001
0.611	0.001	0.001	0.387
0.001	0.997	0.001	0.001
0.177	0.001	0.821	0.001
0.209	0.740	0.050	0.001
0.997	0.001	0.001	0.001
0.001	0.001	0.948	0.050
0.997	0.001	0.001	0.001
0.001	0.126	0.872	0.001
0.367	0.001	0.631	0.001
>TGTGAGRTCA	19-TGTGAGRTCA	7.574794	-9.463965	0	T:12.0(11.88%),B:1298.8(3.11%),P:1e-4	Tpos:433.0,Tstd:285.7,Bpos:495.6,Bstd:299.3,StrandBias:-1.0,Multiplicity:1.00
0.092	0.013	0.071	0.824
0.183	0.144	0.462	0.210
0.093	0.039	0.071	0.797
0.148	0.096	0.493	0.263
0.696	0.039	0.076	0.189
0.211	0.190	0.408	0.191
0.264	0.085	0.408	0.243
0.082	0.075	0.041	0.802
0.146	0.537	0.120	0.197
0.744	0.058	0.011	0.187
>TCCTTGAGGG	20-TCCTTGAGGG	9.941082	-8.491945	0	T:3.0(2.97%),B:44.1(0.11%),P:1e-3	Tpos:357.1,Tstd:236.6,Bpos:498.3,Bstd:321.2,StrandBias:-2.8,Multiplicity:2.67
0.001	0.001	0.001	0.997
0.126	0.872	0.001	0.001
0.001	0.997	0.001	0.001
0.001	0.001	0.001	0.997
0.161	0.001	0.001	0.837
0.001	0.001	0.997	0.001
0.997	0.001	0.001	0.001
0.001	0.001	0.997	0.001
0.001	0.001	0.997	0.001
0.001	0.001	0.997	0.001
>GGATGCTCGC	21-GGATGCTCGC	8.856567	-8.457947	0	T:4.0(3.96%),B:116.8(0.28%),P:1e-3	Tpos:333.9,Tstd:208.3,Bpos:486.2,Bstd:296.6,StrandBias:1.3,Multiplicity:1.75
0.001	0.001	0.997	0.001
0.001	0.001	0.997	0.001
0.997	0.001	0.001	0.001
0.001	0.001	0.001	0.997
0.001	0.236	0.762	0.001
0.001	0.997	0.001	0.001
0.001	0.001	0.001	0.997
0.001	0.997	0.001	0.001
0.009	0.227	0.754	0.010
0.001	0.997	0.001	0.001
>TGCGATCTTA	22-TGCGATCTTA	10.296193	-6.168354	0	T:2.0(1.98%),B:27.0(0.06%),P:1e-2	Tpos:387.0,Tstd:293.5,Bpos:510.2,Bstd:290.7,StrandBias:0.0,Multiplicity:2.00
0.100	0.100	0.100	0.700
0.100	0.100	0.700	0.100
0.100	0.700	0.100	0.100
0.100	0.100	0.700	0.100
0.700	0.100	0.100	0.100
0.100	0.100	0.100	0.700
0.100	0.700	0.100	0.100
0.100	0.100	0.100	0.700
0.100	0.100	0.100	0.700
0.700	0.100	0.100	0.100
>TGAATGCCTG	23-TGAATGCCTG	12.185642	-5.838851	0	T:3.0(2.97%),B:114.2(0.27%),P:1e-2	Tpos:310.4,Tstd:119.6,Bpos:568.3,Bstd:315.7,StrandBias:10.0,Multiplicity:1.67
0.001	0.001	0.001	0.997
0.001	0.001	0.997	0.001
0.997	0.001	0.001	0.001
0.997	0.001	0.001	0.001
0.192	0.001	0.001	0.806
0.001	0.001	0.997	0.001
0.001	0.997	0.001	0.001
0.001	0.997	0.001	0.001
0.001	0.001	0.001	0.997
0.001	0.001	0.997	0.001
>GGATACCGTG	24-GGATACCGTG	6.024811	-4.142167	0	T:10.0(9.90%),B:1877.1(4.50%),P:1e-1	Tpos:351.6,Tstd:267.6,Bpos:473.8,Bstd:305.3,StrandBias:-2.0,Multiplicity:2.00
0.001	0.001	0.997	0.001
0.001	0.001	0.997	0.001
0.997	0.001	0.001	0.001
0.001	0.001	0.001	0.997
0.997	0.001	0.001	0.001
0.001	0.997	0.001	0.001
0.001	0.594	0.001	0.404
0.001	0.001	0.997	0.001
0.001	0.001	0.001	0.997
0.001	0.001	0.997	0.001
>GAGCAGATGA	25-GAGCAGATGA	10.296193	-1.611357	0	T:1.0(0.99%),B:91.6(0.22%),P:1e0	Tpos:228.0,Tstd:131.5,Bpos:520.0,Bstd:278.9,StrandBias:-10.0,Multiplicity:5.00
0.100	0.100	0.700	0.100
0.700	0.100	0.100	0.100
0.100	0.100	0.700	0.100
0.100	0.700	0.100	0.100
0.700	0.100	0.100	0.100
0.100	0.100	0.700	0.100
0.700	0.100	0.100	0.100
0.100	0.100	0.100	0.700
0.100	0.100	0.700	0.100
0.700	0.100	0.100	0.100
