>GGTGTTGGTC	1-GGTGTTGGTC	10.422025	-30.067074	0	T:13.0(21.31%),B:414.9(1.05%),P:1e-13	Tpos:639.9,Tstd:252.0,Bpos:512.4,Bstd:310.7,StrandBias:0.2,Multiplicity:1.00
0.112	0.112	0.699	0.077
0.001	0.001	0.786	0.212
0.001	0.001	0.001	0.997
0.001	0.001	0.911	0.087
0.001	0.001	0.083	0.915
0.001	0.001	0.125	0.873
0.001	0.001	0.997	0.001
0.104	0.001	0.894	0.001
0.001	0.001	0.001	0.997
0.001	0.997	0.001	0.001
>TTTGTTCTTG	2-TTTGTTCTTG	9.619794	-21.882344	0	T:27.0(44.26%),B:4736.4(11.94%),P:1e-9	Tpos:464.8,Tstd:287.8,Bpos:519.7,Bstd:301.0,StrandBias:0.9,Multiplicity:1.19
0.058	0.001	0.001	0.940
0.001	0.077	0.075	0.847
0.001	0.001	0.001	0.997
0.045	0.035	0.703	0.217
0.001	0.073	0.001	0.925
0.001	0.001	0.001	0.997
0.001	0.976	0.022	0.001
0.064	0.001	0.001	0.934
0.070	0.074	0.001	0.855
0.116	0.001	0.862	0.021
>TAAGATGGTA	3-TAAGATGGTA	9.038029	-17.843548	0	T:14.0(22.95%),B:1371.5(3.46%),P:1e-7	Tpos:500.5,Tstd:288.5,Bpos:480.9,Bstd:322.7,StrandBias:-1.0,Multiplicity:1.29
0.300	0.001	0.001	0.698
0.617	0.001	0.001	0.381
0.598	0.098	0.198	0.106
0.001	0.001	0.997	0.001
0.997	0.001	0.001	0.001
0.098	0.001	0.001	0.900
0.001	0.210	0.788	0.001
0.001	0.001	0.915	0.083
0.088	0.001	0.001	0.910
0.697	0.001	0.301	0.001
>TGAGTATCCT	4-TGAGTATCCT	9.901077	-15.615609	0	T:8.0(13.11%),B:387.6(0.98%),P:1e-6	Tpos:473.0,Tstd:302.5,Bpos:481.9,Bstd:310.3,StrandBias:1.2,Multiplicity:1.25
0.001	0.001	0.001	0.997
0.001	0.001	0.997	0.001
0.997	0.001	0.001	0.001
0.113	0.187	0.699	0.001
0.001	0.001	0.001	0.997
0.881	0.001	0.001	0.117
0.158	0.001	0.001	0.840
0.001	0.850	0.148	0.001
0.125	0.873	0.001	0.001
0.001	0.001	0.001	0.997
>GTATGTACCT	5-GTATGTACCT	10.136854	-14.082758	0	T:8.0(13.11%),B:476.7(1.20%),P:1e-6	Tpos:523.7,Tstd:224.7,Bpos:530.2,Bstd:315.0,StrandBias:1.2,Multiplicity:1.25
0.092	0.001	0.814	0.093
0.001	0.001	0.001	0.997
0.717	0.166	0.116	0.001
0.001	0.001	0.001	0.997
0.001	0.001	0.997	0.001
0.001	0.001	0.001	0.997
0.809	0.189	0.001	0.001
0.001	0.997	0.001	0.001
0.063	0.935	0.001	0.001
0.001	0.001	0.176	0.822
>TCACCTTGTG	6-TCACCTTGTG	9.195265	-13.641538	0	T:9.0(14.75%),B:691.7(1.74%),P:1e-5	Tpos:537.1,Tstd:305.0,Bpos:487.3,Bstd:316.9,StrandBias:0.5,Multiplicity:1.33
0.001	0.001	0.001	0.997
0.107	0.792	0.001	0.100
0.676	0.124	0.199	0.001
0.001	0.822	0.112	0.065
0.019	0.858	0.001	0.122
0.286	0.001	0.001	0.712
0.081	0.359	0.001	0.559
0.168	0.079	0.752	0.001
0.001	0.001	0.001	0.997
0.001	0.128	0.796	0.075
>TGCATCGACC	7-TGCATCGACC	10.832671	-13.236501	0	T:6.0(9.84%),B:231.6(0.58%),P:1e-5	Tpos:426.6,Tstd:200.2,Bpos:457.2,Bstd:323.4,StrandBias:1.3,Multiplicity:1.17
0.001	0.001	0.001	0.997
0.001	0.001	0.997	0.001
0.001	0.997	0.001	0.001
0.831	0.001	0.167	0.001
0.157	0.001	0.001	0.841
0.001	0.997	0.001	0.001
0.117	0.001	0.881	0.001
0.997	0.001	0.001	0.001
0.110	0.788	0.001	0.101
0.001	0.761	0.134	0.104
>TGACAATCAG	8-TGACAATCAG	10.162499	-12.535016	0	T:11.0(18.03%),B:1271.2(3.20%),P:1e-5	Tpos:540.3,Tstd:266.7,Bpos:491.6,Bstd:308.6,StrandBias:1.0,Multiplicity:1.36
0.001	0.001	0.001	0.997
0.001	0.001	0.997	0.001
0.802	0.107	0.001	0.090
0.149	0.849	0.001	0.001
0.997	0.001	0.001	0.001
0.882	0.001	0.001	0.116
0.102	0.001	0.001	0.896
0.099	0.825	0.075	0.001
0.906	0.001	0.001	0.092
0.062	0.001	0.936	0.001
>CATACACCGC	9-CATACACCGC	11.897835	-12.421075	0	T:4.0(6.56%),B:65.8(0.17%),P:1e-5	Tpos:491.0,Tstd:337.7,Bpos:485.0,Bstd:347.5,StrandBias:-0.6,Multiplicity:1.25
0.273	0.725	0.001	0.001
0.997	0.001	0.001	0.001
0.001	0.001	0.001	0.997
0.997	0.001	0.001	0.001
0.001	0.997	0.001	0.001
0.997	0.001	0.001	0.001
0.001	0.997	0.001	0.001
0.001	0.997	0.001	0.001
0.001	0.001	0.800	0.198
0.001	0.997	0.001	0.001
>KGMGAGABCC	10-KGMGAGABCC	10.258599	-10.678165	0	T:8.0(13.11%),B:763.6(1.92%),P:1e-4	Tpos:479.3,Tstd:230.6,Bpos:533.3,Bstd:291.8,StrandBias:0.6,Multiplicity:1.25
0.001	0.001	0.504	0.494
0.229	0.001	0.769	0.001
0.566	0.432	0.001	0.001
0.001	0.001	0.997	0.001
0.577	0.001	0.421	0.001
0.001	0.001	0.997	0.001
0.997	0.001	0.001	0.001
0.001	0.313	0.273	0.413
0.001	0.997	0.001	0.001
0.007	0.929	0.063	0.001
>TATCTCTCTC	11-TATCTCTCTC	9.892609	-9.595391	0	T:12.0(19.67%),B:2077.1(5.24%),P:1e-4	Tpos:515.4,Tstd:301.0,Bpos:566.6,Bstd:318.2,StrandBias:1.0,Multiplicity:1.00
0.059	0.056	0.001	0.884
0.761	0.237	0.001	0.001
0.001	0.087	0.001	0.911
0.077	0.826	0.065	0.032
0.001	0.001	0.001	0.997
0.001	0.856	0.090	0.053
0.092	0.001	0.001	0.906
0.001	0.947	0.001	0.051
0.001	0.001	0.001	0.997
0.001	0.948	0.001	0.050
>TCCGCCCCTT	12-TCCGCCCCTT	8.350283	-9.288744	0	T:10.0(16.39%),B:1497.4(3.77%),P:1e-4	Tpos:463.6,Tstd:361.0,Bpos:570.9,Bstd:333.5,StrandBias:1.4,Multiplicity:1.10
0.100	0.100	0.100	0.700
0.100	0.700	0.100	0.100
0.100	0.700	0.100	0.100
0.100	0.100	0.700	0.100
0.100	0.700	0.100	0.100
0.100	0.700	0.100	0.100
0.100	0.700	0.100	0.100
0.100	0.700	0.100	0.100
0.100	0.100	0.100	0.700
0.100	0.100	0.100	0.700
>GTAGATTTAC	13-GTAGATTTAC	10.792678	-5.563094	0	T:5.0(8.20%),B:672.2(1.69%),P:1e-2	Tpos:516.5,Tstd:216.7,Bpos:522.3,Bstd:333.3,StrandBias:-2.5,Multiplicity:2.60
0.001	0.001	0.997	0.001
0.001	0.001	0.001	0.997
0.594	0.001	0.404	0.001
0.001	0.001	0.997	0.001
0.897	0.001	0.001	0.101
0.001	0.001	0.001	0.997
0.001	0.001	0.001	0.997
0.001	0.001	0.001	0.997
0.997	0.001	0.001	0.001
0.001	0.790	0.001	0.208
>AATTAATTGA	14-AATTAATTGA	13.390281	-2.658256	0	T:3.0(4.92%),B:617.1(1.56%),P:1e-1	Tpos:720.4,Tstd:229.8,Bpos:507.2,Bstd:287.1,StrandBias:0.4,Multiplicity:2.00
0.997	0.001	0.001	0.001
0.997	0.001	0.001	0.001
0.001	0.001	0.089	0.909
0.001	0.001	0.001	0.997
0.997	0.001	0.001	0.001
0.901	0.097	0.001	0.001
0.001	0.001	0.001	0.997
0.001	0.082	0.001	0.916
0.152	0.001	0.846	0.001
0.997	0.001	0.001	0.001
>TGTTACACGA	15-TGTTACACGA	10.296193	-2.428980	0	T:1.0(1.64%),B:60.0(0.15%),P:1e-1	Tpos:417.1,Tstd:117.2,Bpos:379.0,Bstd:264.2,StrandBias:10.0,Multiplicity:20.00
0.100	0.100	0.100	0.700
0.100	0.100	0.700	0.100
0.100	0.100	0.100	0.700
0.100	0.100	0.100	0.700
0.700	0.100	0.100	0.100
0.100	0.700	0.100	0.100
0.700	0.100	0.100	0.100
0.100	0.700	0.100	0.100
0.100	0.100	0.700	0.100
0.700	0.100	0.100	0.100
>KTGTWACAMK	16-KTGTWACAMK	8.448431	-0.613826	0	T:1.0(1.64%),B:504.0(1.27%),P:1e0	Tpos:474.0,Tstd:0.0,Bpos:513.8,Bstd:304.9,StrandBias:-10.0,Multiplicity:1.00
0.135	0.066	0.389	0.411
0.104	0.073	0.157	0.666
0.078	0.086	0.776	0.060
0.135	0.067	0.042	0.756
0.462	0.058	0.136	0.344
0.634	0.089	0.076	0.201
0.103	0.739	0.039	0.119
0.745	0.086	0.053	0.116
0.450	0.468	0.044	0.039
0.128	0.019	0.470	0.382
