>CAACACTTATAC	1-CAACACTTATAC	14.032131	-22.404548	0	T:5.0(8.20%),B:17.2(0.04%),P:1e-9	Tpos:444.0,Tstd:285.2,Bpos:511.4,Bstd:364.1,StrandBias:2.0,Multiplicity:1.00
0.001	0.997	0.001	0.001
0.769	0.001	0.001	0.229
0.997	0.001	0.001	0.001
0.001	0.997	0.001	0.001
0.997	0.001	0.001	0.001
0.152	0.846	0.001	0.001
0.001	0.001	0.001	0.997
0.001	0.001	0.001	0.997
0.997	0.001	0.001	0.001
0.001	0.001	0.001	0.997
0.793	0.001	0.205	0.001
0.001	0.818	0.180	0.001
>ACGABTTTACCT	2-ACGABTTTACCT	12.900406	-19.207341	0	T:5.0(8.20%),B:35.3(0.09%),P:1e-8	Tpos:442.4,Tstd:319.1,Bpos:398.1,Bstd:333.2,StrandBias:-0.6,Multiplicity:1.00
0.997	0.001	0.001	0.001
0.001	0.997	0.001	0.001
0.324	0.001	0.674	0.001
0.732	0.001	0.001	0.266
0.001	0.325	0.408	0.266
0.348	0.001	0.001	0.650
0.001	0.001	0.348	0.650
0.001	0.001	0.001	0.997
0.997	0.001	0.001	0.001
0.001	0.997	0.001	0.001
0.001	0.997	0.001	0.001
0.001	0.001	0.001	0.997
>CACCCAGTTTTT	3-CACCCAGTTTTT	13.742850	-17.945402	0	T:7.0(11.48%),B:180.2(0.45%),P:1e-7	Tpos:521.9,Tstd:219.8,Bpos:549.5,Bstd:292.6,StrandBias:-0.4,Multiplicity:1.00
0.129	0.869	0.001	0.001
0.849	0.001	0.149	0.001
0.001	0.851	0.001	0.147
0.001	0.851	0.147	0.001
0.001	0.845	0.001	0.153
0.997	0.001	0.001	0.001
0.125	0.001	0.873	0.001
0.001	0.001	0.001	0.997
0.001	0.001	0.001	0.997
0.001	0.001	0.001	0.997
0.001	0.001	0.001	0.997
0.001	0.001	0.001	0.997
>AAAGTGAACTTT	4-AAAGTGAACTTT	12.571462	-17.532071	0	T:11.0(18.03%),B:762.2(1.92%),P:1e-7	Tpos:543.8,Tstd:232.8,Bpos:527.6,Bstd:277.5,StrandBias:-1.2,Multiplicity:1.18
0.997	0.001	0.001	0.001
0.997	0.001	0.001	0.001
0.843	0.001	0.001	0.155
0.120	0.137	0.649	0.094
0.001	0.001	0.001	0.997
0.001	0.001	0.997	0.001
0.997	0.001	0.001	0.001
0.997	0.001	0.001	0.001
0.115	0.883	0.001	0.001
0.197	0.001	0.001	0.801
0.001	0.001	0.001	0.997
0.001	0.001	0.001	0.997
>ATTCGTTATCAC	5-ATTCGTTATCAC	11.688880	-17.497681	0	T:8.0(13.11%),B:301.7(0.76%),P:1e-7	Tpos:815.9,Tstd:189.6,Bpos:520.4,Bstd:295.2,StrandBias:0.7,Multiplicity:1.00
0.719	0.001	0.001	0.279
0.113	0.135	0.001	0.751
0.001	0.001	0.001	0.997
0.172	0.579	0.001	0.248
0.267	0.001	0.731	0.001
0.001	0.001	0.001	0.997
0.001	0.001	0.001	0.997
0.888	0.001	0.001	0.110
0.001	0.001	0.171	0.827
0.172	0.667	0.160	0.001
0.997	0.001	0.001	0.001
0.001	0.997	0.001	0.001
>AGACCAAAAATT	6-AGACCAAAAATT	10.996696	-16.689540	0	T:16.0(26.23%),B:2044.4(5.15%),P:1e-7	Tpos:440.5,Tstd:261.7,Bpos:504.0,Bstd:286.5,StrandBias:0.5,Multiplicity:1.06
0.739	0.144	0.072	0.045
0.232	0.001	0.621	0.146
0.972	0.001	0.001	0.026
0.002	0.673	0.222	0.103
0.002	0.936	0.001	0.061
0.747	0.102	0.003	0.148
0.893	0.105	0.001	0.001
0.835	0.089	0.075	0.001
0.738	0.106	0.155	0.001
0.997	0.001	0.001	0.001
0.093	0.045	0.001	0.861
0.001	0.001	0.001	0.997
>AAATTTCCAGTT	7-AAATTTCCAGTT	11.727613	-15.961806	0	T:12.0(19.67%),B:1109.3(2.80%),P:1e-6	Tpos:500.3,Tstd:302.2,Bpos:499.1,Bstd:295.0,StrandBias:1.9,Multiplicity:1.17
0.997	0.001	0.001	0.001
0.997	0.001	0.001	0.001
0.855	0.001	0.143	0.001
0.001	0.001	0.001	0.997
0.001	0.001	0.001	0.997
0.001	0.001	0.001	0.997
0.077	0.766	0.101	0.056
0.067	0.751	0.088	0.094
0.997	0.001	0.001	0.001
0.001	0.119	0.807	0.073
0.090	0.001	0.001	0.908
0.001	0.001	0.001	0.997
>CTAAAGTATTTT	8-CTAAAGTATTTT	14.254323	-15.144370	0	T:7.0(11.48%),B:276.0(0.70%),P:1e-6	Tpos:485.8,Tstd:226.4,Bpos:502.2,Bstd:272.8,StrandBias:0.0,Multiplicity:1.14
0.189	0.809	0.001	0.001
0.001	0.001	0.001	0.997
0.997	0.001	0.001	0.001
0.997	0.001	0.001	0.001
0.997	0.001	0.001	0.001
0.152	0.222	0.625	0.001
0.001	0.001	0.001	0.997
0.804	0.001	0.001	0.194
0.001	0.001	0.001	0.997
0.001	0.001	0.001	0.997
0.001	0.001	0.001	0.997
0.001	0.001	0.001	0.997
>CGGCGAGACCCT	9-CGGCGAGACCCT	8.336035	-13.343296	0	T:12.0(19.67%),B:1424.1(3.59%),P:1e-5	Tpos:526.1,Tstd:262.7,Bpos:507.5,Bstd:305.9,StrandBias:0.7,Multiplicity:1.08
0.185	0.649	0.001	0.165
0.100	0.001	0.834	0.065
0.225	0.112	0.662	0.001
0.112	0.886	0.001	0.001
0.001	0.225	0.662	0.112
0.997	0.001	0.001	0.001
0.001	0.112	0.806	0.081
0.693	0.001	0.112	0.194
0.185	0.813	0.001	0.001
0.225	0.520	0.073	0.182
0.325	0.673	0.001	0.001
0.053	0.001	0.126	0.820
>CATTGCAMAGTT	10-CATTGCAMAGTT	11.374858	-13.276644	0	T:7.0(11.48%),B:366.3(0.92%),P:1e-5	Tpos:694.0,Tstd:281.1,Bpos:515.4,Bstd:291.2,StrandBias:1.8,Multiplicity:1.29
0.133	0.865	0.001	0.001
0.793	0.001	0.001	0.205
0.001	0.001	0.001	0.997
0.001	0.268	0.001	0.730
0.001	0.001	0.997	0.001
0.180	0.818	0.001	0.001
0.793	0.205	0.001	0.001
0.478	0.520	0.001	0.001
0.997	0.001	0.001	0.001
0.001	0.194	0.804	0.001
0.001	0.001	0.001	0.997
0.419	0.001	0.001	0.579
>TTTTCAAGTGAA	11-TTTTCAAGTGAA	11.686787	-11.296819	0	T:10.0(16.39%),B:1178.1(2.97%),P:1e-4	Tpos:600.2,Tstd:283.6,Bpos:480.2,Bstd:287.1,StrandBias:2.2,Multiplicity:1.00
0.001	0.001	0.001	0.997
0.285	0.001	0.001	0.713
0.001	0.411	0.001	0.587
0.001	0.001	0.001	0.997
0.168	0.661	0.001	0.170
0.866	0.001	0.132	0.001
0.848	0.001	0.001	0.150
0.199	0.115	0.483	0.203
0.005	0.001	0.087	0.907
0.059	0.001	0.939	0.001
0.997	0.001	0.001	0.001
0.728	0.001	0.270	0.001
>TTTTCTCTCTTT	12-TTTTCTCTCTTT	11.771169	-9.500033	0	T:11.0(18.03%),B:1769.2(4.46%),P:1e-4	Tpos:586.6,Tstd:301.9,Bpos:563.7,Bstd:317.8,StrandBias:2.5,Multiplicity:1.18
0.002	0.084	0.001	0.913
0.065	0.055	0.069	0.811
0.001	0.116	0.001	0.882
0.001	0.001	0.001	0.997
0.054	0.774	0.128	0.044
0.033	0.053	0.001	0.913
0.001	0.875	0.123	0.001
0.029	0.001	0.034	0.936
0.275	0.680	0.010	0.035
0.001	0.001	0.056	0.942
0.064	0.275	0.065	0.596
0.001	0.004	0.071	0.924
>TGTRGATTTACK	13-TGTRGATTTACK	12.389776	-7.646200	0	T:4.0(6.56%),B:231.4(0.58%),P:1e-3	Tpos:485.0,Tstd:215.0,Bpos:546.8,Bstd:341.9,StrandBias:-2.2,Multiplicity:2.75
0.001	0.001	0.001	0.997
0.348	0.001	0.650	0.001
0.185	0.001	0.001	0.813
0.491	0.001	0.507	0.001
0.001	0.001	0.997	0.001
0.990	0.001	0.001	0.008
0.144	0.001	0.001	0.854
0.170	0.001	0.001	0.828
0.199	0.001	0.001	0.799
0.829	0.001	0.163	0.007
0.001	0.727	0.001	0.271
0.001	0.001	0.556	0.442
>ATTTTTCGTGTA	14-ATTTTTCGTGTA	12.355432	-2.727193	0	T:1.0(1.64%),B:43.6(0.11%),P:1e-1	Tpos:420.1,Tstd:117.2,Bpos:400.0,Bstd:275.5,StrandBias:-10.0,Multiplicity:20.00
0.700	0.100	0.100	0.100
0.100	0.100	0.100	0.700
0.100	0.100	0.100	0.700
0.100	0.100	0.100	0.700
0.100	0.100	0.100	0.700
0.100	0.100	0.100	0.700
0.100	0.700	0.100	0.100
0.100	0.100	0.700	0.100
0.100	0.100	0.100	0.700
0.100	0.100	0.700	0.100
0.100	0.100	0.100	0.700
0.700	0.100	0.100	0.100
