>AASTATAATAGC	20-AASTATAATAGC,BestGuess:SD0003.1_at_AC_acceptor/Jaspar(0.602)	11.410701	-11.801621	0	T:3.0(3.41%),B:14.5(0.04%),P:1e-5
0.801	0.063	0.001	0.135
0.911	0.030	0.001	0.058
0.001	0.418	0.556	0.025
0.002	0.001	0.339	0.658
0.868	0.029	0.026	0.077
0.071	0.061	0.159	0.709
0.558	0.361	0.080	0.001
0.572	0.001	0.058	0.369
0.032	0.056	0.100	0.812
0.681	0.028	0.120	0.171
0.138	0.034	0.713	0.115
0.130	0.672	0.092	0.106
