>GGTCGACCTGCG	2-GGTCGACCTGCG,BestGuess:MF0002.1_bZIP_CREB/G-box-like_subclass/Jaspar(0.532)	7.877110	-25.566059	0	T:18.0(20.45%),B:970.1(2.51%),P:1e-11
0.069	0.071	0.831	0.029
0.140	0.001	0.827	0.032
0.069	0.069	0.167	0.695
0.001	0.755	0.001	0.243
0.001	0.063	0.868	0.068
0.930	0.068	0.001	0.001
0.056	0.693	0.051	0.200
0.137	0.464	0.267	0.132
0.001	0.052	0.001	0.946
0.131	0.001	0.686	0.182
0.001	0.561	0.200	0.238
0.060	0.001	0.752	0.187
