>ACCACGTCCG	1-ACCACGTCCG	11.008542	-22.886481	0	T:8.0(11.11%),B:112.1(0.31%),P:1e-9	Tpos:452.5,Tstd:367.3,Bpos:494.1,Bstd:379.1,StrandBias:0.7,Multiplicity:1.00
0.997	0.001	0.001	0.001
0.001	0.997	0.001	0.001
0.001	0.997	0.001	0.001
0.997	0.001	0.001	0.001
0.001	0.833	0.001	0.165
0.001	0.001	0.997	0.001
0.001	0.130	0.001	0.868
0.001	0.997	0.001	0.001
0.155	0.626	0.218	0.001
0.133	0.001	0.865	0.001
>CGGTACGCAA	2-CGGTACGCAA	7.213805	-21.108611	0	T:26.0(36.11%),B:3380.8(9.35%),P:1e-9	Tpos:573.8,Tstd:261.2,Bpos:533.8,Bstd:336.3,StrandBias:-0.8,Multiplicity:1.15
0.060	0.800	0.021	0.119
0.022	0.052	0.788	0.138
0.034	0.188	0.688	0.090
0.125	0.172	0.021	0.682
0.872	0.075	0.052	0.001
0.129	0.827	0.042	0.002
0.161	0.052	0.745	0.042
0.102	0.696	0.125	0.077
0.918	0.001	0.080	0.001
0.997	0.001	0.001	0.001
>GATCGTAGCG	3-GATCGTAGCG	11.070689	-19.887270	0	T:7.0(9.72%),B:102.5(0.28%),P:1e-8	Tpos:308.3,Tstd:278.5,Bpos:436.7,Bstd:393.6,StrandBias:-0.4,Multiplicity:1.00
0.001	0.001	0.997	0.001
0.836	0.001	0.001	0.162
0.162	0.001	0.001	0.836
0.001	0.863	0.135	0.001
0.165	0.001	0.833	0.001
0.001	0.001	0.001	0.997
0.923	0.001	0.075	0.001
0.001	0.001	0.855	0.143
0.001	0.997	0.001	0.001
0.001	0.001	0.997	0.001
>CGAAGTACAT	4-CGAAGTACAT	10.692013	-19.882187	0	T:10.0(13.89%),B:346.7(0.96%),P:1e-8	Tpos:380.6,Tstd:282.7,Bpos:488.9,Bstd:319.9,StrandBias:-0.8,Multiplicity:1.10
0.001	0.897	0.101	0.001
0.001	0.001	0.997	0.001
0.880	0.001	0.001	0.118
0.852	0.001	0.001	0.146
0.180	0.001	0.721	0.098
0.001	0.001	0.001	0.997
0.997	0.001	0.001	0.001
0.111	0.887	0.001	0.001
0.997	0.001	0.001	0.001
0.121	0.001	0.001	0.877
>GCGGTGCTGG	5-GCGGTGCTGG	10.666616	-18.373798	0	T:8.0(11.11%),B:204.0(0.56%),P:1e-7	Tpos:432.7,Tstd:314.2,Bpos:475.8,Bstd:337.2,StrandBias:1.8,Multiplicity:1.12
0.001	0.001	0.997	0.001
0.145	0.747	0.001	0.107
0.001	0.001	0.880	0.118
0.001	0.001	0.997	0.001
0.097	0.001	0.001	0.901
0.001	0.001	0.997	0.001
0.001	0.938	0.060	0.001
0.001	0.138	0.001	0.860
0.193	0.001	0.805	0.001
0.001	0.001	0.997	0.001
>GTTTTCGCCA	6-GTTTTCGCCA	9.488006	-18.332986	0	T:22.0(30.56%),B:2752.9(7.62%),P:1e-7	Tpos:519.1,Tstd:227.6,Bpos:509.7,Bstd:362.6,StrandBias:0.1,Multiplicity:1.14
0.153	0.001	0.589	0.257
0.001	0.001	0.001	0.997
0.001	0.001	0.001	0.997
0.001	0.232	0.001	0.766
0.095	0.001	0.001	0.903
0.001	0.816	0.001	0.182
0.001	0.001	0.864	0.134
0.001	0.575	0.144	0.280
0.103	0.582	0.231	0.084
0.997	0.001	0.001	0.001
>GCGTTGTCAT	7-GCGTTGTCAT	7.766416	-17.224358	0	T:20.0(27.78%),B:2409.1(6.67%),P:1e-7	Tpos:452.0,Tstd:268.9,Bpos:503.4,Bstd:322.6,StrandBias:0.2,Multiplicity:1.20
0.042	0.049	0.907	0.002
0.033	0.896	0.001	0.070
0.082	0.049	0.868	0.001
0.192	0.076	0.001	0.731
0.001	0.001	0.001	0.997
0.060	0.057	0.786	0.097
0.137	0.001	0.122	0.740
0.240	0.536	0.169	0.055
0.936	0.004	0.059	0.001
0.091	0.067	0.228	0.614
>TTATTACTGA	8-TTATTACTGA	10.186375	-16.890260	0	T:14.0(19.44%),B:1124.9(3.11%),P:1e-7	Tpos:408.2,Tstd:220.9,Bpos:504.5,Bstd:323.8,StrandBias:-0.2,Multiplicity:1.21
0.001	0.001	0.001	0.997
0.001	0.001	0.001	0.997
0.908	0.069	0.001	0.022
0.001	0.091	0.001	0.907
0.131	0.049	0.065	0.755
0.747	0.058	0.001	0.194
0.037	0.961	0.001	0.001
0.001	0.001	0.001	0.997
0.054	0.001	0.881	0.064
0.894	0.066	0.001	0.039
>GATTTTCTAC	9-GATTTTCTAC	11.169727	-16.342513	0	T:16.0(22.22%),B:1588.8(4.40%),P:1e-7	Tpos:581.6,Tstd:237.5,Bpos:522.9,Bstd:334.8,StrandBias:0.7,Multiplicity:1.12
0.261	0.001	0.737	0.001
0.660	0.001	0.001	0.338
0.001	0.001	0.001	0.997
0.001	0.001	0.001	0.997
0.001	0.001	0.001	0.997
0.001	0.001	0.001	0.997
0.064	0.934	0.001	0.001
0.071	0.001	0.049	0.879
0.826	0.001	0.001	0.172
0.001	0.997	0.001	0.001
>GAATAAATCG	10-GAATAAATCG	9.782511	-15.669056	0	T:20.0(27.78%),B:2651.1(7.33%),P:1e-6	Tpos:507.9,Tstd:290.7,Bpos:521.1,Bstd:375.3,StrandBias:-0.9,Multiplicity:1.00
0.001	0.001	0.917	0.081
0.981	0.017	0.001	0.001
0.997	0.001	0.001	0.001
0.375	0.001	0.001	0.623
0.774	0.001	0.203	0.022
0.816	0.001	0.095	0.088
0.767	0.001	0.149	0.083
0.075	0.014	0.001	0.910
0.001	0.997	0.001	0.001
0.001	0.088	0.835	0.076
>AAGATATCGA	11-AAGATATCGA	9.783187	-14.542882	0	T:15.0(20.83%),B:1586.3(4.39%),P:1e-6	Tpos:444.8,Tstd:304.9,Bpos:500.9,Bstd:375.9,StrandBias:-0.7,Multiplicity:1.20
0.801	0.008	0.029	0.162
0.769	0.229	0.001	0.001
0.108	0.001	0.888	0.003
0.834	0.096	0.001	0.069
0.001	0.001	0.001	0.997
0.615	0.055	0.329	0.001
0.001	0.001	0.001	0.997
0.001	0.996	0.001	0.002
0.001	0.101	0.897	0.001
0.759	0.135	0.105	0.001
>CGAAAACGGG	12-CGAAAACGGG	10.459006	-13.773752	0	T:8.0(11.11%),B:379.4(1.05%),P:1e-5	Tpos:621.8,Tstd:174.4,Bpos:505.0,Bstd:373.4,StrandBias:-0.2,Multiplicity:2.12
0.001	0.997	0.001	0.001
0.001	0.001	0.997	0.001
0.997	0.001	0.001	0.001
0.792	0.094	0.001	0.113
0.997	0.001	0.001	0.001
0.997	0.001	0.001	0.001
0.001	0.670	0.328	0.001
0.001	0.001	0.952	0.046
0.042	0.122	0.835	0.001
0.041	0.080	0.820	0.059
>TTTCCAGATT	13-TTTCCAGATT	9.771090	-13.761901	0	T:23.0(31.94%),B:3883.6(10.74%),P:1e-5	Tpos:469.4,Tstd:305.4,Bpos:511.0,Bstd:347.9,StrandBias:1.0,Multiplicity:1.30
0.001	0.001	0.158	0.840
0.001	0.001	0.001	0.997
0.001	0.001	0.001	0.997
0.027	0.915	0.057	0.001
0.001	0.886	0.065	0.048
0.860	0.080	0.038	0.022
0.001	0.021	0.933	0.045
0.748	0.001	0.001	0.250
0.016	0.001	0.047	0.936
0.027	0.031	0.031	0.911
>TCAATCGTAC	14-TCAATCGTAC	10.296193	-12.394573	0	T:3.0(4.17%),B:13.2(0.04%),P:1e-5	Tpos:207.7,Tstd:209.1,Bpos:641.1,Bstd:298.1,StrandBias:10.0,Multiplicity:1.00
0.100	0.100	0.100	0.700
0.100	0.700	0.100	0.100
0.700	0.100	0.100	0.100
0.700	0.100	0.100	0.100
0.100	0.100	0.100	0.700
0.100	0.700	0.100	0.100
0.100	0.100	0.700	0.100
0.100	0.100	0.100	0.700
0.700	0.100	0.100	0.100
0.100	0.700	0.100	0.100
>ATTATCGGTT	15-ATTATCGGTT	9.289197	-10.663644	0	T:22.0(30.56%),B:4331.3(11.98%),P:1e-4	Tpos:523.0,Tstd:266.0,Bpos:532.8,Bstd:377.4,StrandBias:-0.4,Multiplicity:1.24
0.697	0.001	0.286	0.016
0.349	0.001	0.001	0.649
0.285	0.001	0.001	0.713
0.513	0.255	0.001	0.231
0.001	0.001	0.001	0.997
0.001	0.997	0.001	0.001
0.029	0.001	0.969	0.001
0.181	0.001	0.817	0.001
0.001	0.001	0.254	0.744
0.001	0.001	0.001	0.997
