>ATACCCACCT	1-ATACCCACCT	9.642515	-26.673069	0	T:27.0(3.72%),B:271.8(0.65%),P:1e-11	Tpos:515.8,Tstd:278.6,Bpos:508.9,Bstd:304.6,StrandBias:0.1,Multiplicity:1.00
0.843	0.001	0.001	0.155
0.001	0.001	0.001	0.997
0.642	0.068	0.143	0.147
0.001	0.864	0.134	0.001
0.001	0.917	0.001	0.081
0.001	0.997	0.001	0.001
0.997	0.001	0.001	0.001
0.001	0.877	0.001	0.121
0.102	0.896	0.001	0.001
0.001	0.001	0.044	0.954
>GCCGCATTGK	2-GCCGCATTGK	8.053347	-25.702079	0	T:63.0(8.69%),B:1353.2(3.24%),P:1e-11	Tpos:465.2,Tstd:315.5,Bpos:510.6,Bstd:309.9,StrandBias:0.0,Multiplicity:1.03
0.061	0.001	0.937	0.001
0.062	0.689	0.151	0.098
0.001	0.817	0.086	0.096
0.040	0.162	0.748	0.050
0.001	0.931	0.067	0.001
0.634	0.049	0.001	0.316
0.001	0.001	0.001	0.997
0.003	0.034	0.001	0.962
0.214	0.088	0.697	0.001
0.001	0.044	0.410	0.545
>ATCYTTTGTT	3-ATCYTTTGTT	9.148866	-23.913948	0	T:86.0(11.86%),B:2282.1(5.46%),P:1e-10	Tpos:502.1,Tstd:315.2,Bpos:511.6,Bstd:309.8,StrandBias:0.5,Multiplicity:1.03
0.802	0.181	0.001	0.016
0.001	0.149	0.001	0.849
0.001	0.870	0.019	0.110
0.126	0.433	0.087	0.354
0.001	0.083	0.001	0.915
0.009	0.001	0.263	0.727
0.071	0.114	0.078	0.737
0.001	0.001	0.903	0.095
0.001	0.001	0.071	0.927
0.001	0.001	0.193	0.805
>CTAGTTTTGT	4-CTAGTTTTGT	8.446526	-22.531337	0	T:103.0(14.21%),B:3047.4(7.30%),P:1e-9	Tpos:490.5,Tstd:276.2,Bpos:507.6,Bstd:305.4,StrandBias:0.5,Multiplicity:1.07
0.025	0.940	0.016	0.019
0.013	0.255	0.113	0.619
0.682	0.194	0.121	0.003
0.001	0.146	0.665	0.188
0.025	0.022	0.122	0.831
0.205	0.131	0.069	0.595
0.007	0.263	0.183	0.547
0.049	0.017	0.028	0.906
0.009	0.167	0.630	0.194
0.057	0.011	0.326	0.606
>ACACGTGCCT	5-ACACGTGCCT	8.918982	-22.290151	0	T:35.0(4.83%),B:549.9(1.32%),P:1e-9	Tpos:443.8,Tstd:287.5,Bpos:507.8,Bstd:307.4,StrandBias:-0.2,Multiplicity:1.00
0.997	0.001	0.001	0.001
0.001	0.997	0.001	0.001
0.800	0.120	0.001	0.079
0.068	0.861	0.070	0.001
0.001	0.102	0.886	0.011
0.001	0.001	0.001	0.997
0.092	0.001	0.881	0.026
0.072	0.715	0.212	0.001
0.083	0.915	0.001	0.001
0.001	0.125	0.001	0.873
>CTTTTTATAC	6-CTTTTTATAC	8.704715	-20.856239	0	T:119.0(16.41%),B:3841.6(9.20%),P:1e-9	Tpos:560.0,Tstd:311.2,Bpos:515.5,Bstd:318.7,StrandBias:0.2,Multiplicity:1.08
0.150	0.589	0.108	0.153
0.001	0.001	0.220	0.778
0.158	0.001	0.001	0.840
0.190	0.147	0.193	0.470
0.001	0.040	0.001	0.958
0.037	0.001	0.017	0.945
0.997	0.001	0.001	0.001
0.073	0.219	0.083	0.625
0.714	0.132	0.096	0.058
0.089	0.740	0.170	0.001
>RCTWAMGGVT	7-RCTWAMGGVT	6.932700	-20.275868	0	T:39.0(5.38%),B:719.4(1.72%),P:1e-8	Tpos:483.2,Tstd:293.7,Bpos:491.2,Bstd:306.5,StrandBias:0.0,Multiplicity:1.03
0.375	0.046	0.355	0.224
0.150	0.772	0.021	0.057
0.027	0.248	0.063	0.662
0.528	0.048	0.019	0.405
0.590	0.031	0.039	0.340
0.480	0.373	0.021	0.126
0.160	0.036	0.605	0.199
0.273	0.159	0.533	0.035
0.395	0.305	0.269	0.031
0.140	0.042	0.212	0.606
>ATCGCCCTCT	8-ATCGCCCTCT	9.785317	-19.942286	0	T:22.0(3.03%),B:249.1(0.60%),P:1e-8	Tpos:521.7,Tstd:271.6,Bpos:523.4,Bstd:316.3,StrandBias:0.3,Multiplicity:1.00
0.928	0.029	0.042	0.001
0.001	0.054	0.042	0.903
0.061	0.937	0.001	0.001
0.162	0.027	0.810	0.001
0.001	0.896	0.071	0.032
0.048	0.839	0.112	0.001
0.037	0.877	0.026	0.060
0.035	0.001	0.001	0.963
0.001	0.962	0.001	0.036
0.001	0.034	0.001	0.964
>GTACGGAAGT	9-GTACGGAAGT	10.156125	-18.878954	0	T:21.0(2.90%),B:241.3(0.58%),P:1e-8	Tpos:452.5,Tstd:306.0,Bpos:474.4,Bstd:313.8,StrandBias:0.0,Multiplicity:1.05
0.001	0.104	0.894	0.001
0.001	0.001	0.001	0.997
0.997	0.001	0.001	0.001
0.001	0.906	0.052	0.041
0.001	0.001	0.946	0.052
0.039	0.001	0.959	0.001
0.997	0.001	0.001	0.001
0.997	0.001	0.001	0.001
0.001	0.077	0.921	0.001
0.001	0.095	0.001	0.903
>TACACATATT	10-TACACATATT	7.659321	-18.262444	0	T:77.0(10.62%),B:2205.6(5.28%),P:1e-7	Tpos:526.0,Tstd:281.3,Bpos:503.5,Bstd:304.0,StrandBias:0.7,Multiplicity:1.08
0.107	0.033	0.242	0.618
0.502	0.036	0.229	0.233
0.020	0.664	0.095	0.221
0.871	0.048	0.043	0.038
0.034	0.693	0.231	0.042
0.666	0.043	0.021	0.270
0.220	0.226	0.045	0.509
0.531	0.247	0.193	0.029
0.019	0.277	0.063	0.641
0.034	0.303	0.048	0.615
>CTCCCATATG	11-CTCCCATATG	9.028102	-17.779998	0	T:29.0(4.00%),B:476.5(1.14%),P:1e-7	Tpos:494.0,Tstd:293.2,Bpos:514.5,Bstd:309.4,StrandBias:0.9,Multiplicity:1.03
0.001	0.997	0.001	0.001
0.001	0.095	0.001	0.903
0.001	0.852	0.137	0.010
0.097	0.799	0.001	0.103
0.001	0.621	0.224	0.154
0.495	0.255	0.147	0.103
0.001	0.178	0.247	0.574
0.799	0.001	0.199	0.001
0.001	0.001	0.121	0.877
0.001	0.001	0.997	0.001
>CAGMWGCTAC	12-CAGMWGCTAC	8.081097	-17.627066	0	T:63.0(8.69%),B:1676.8(4.02%),P:1e-7	Tpos:489.8,Tstd:286.9,Bpos:509.5,Bstd:319.1,StrandBias:0.6,Multiplicity:1.08
0.124	0.846	0.029	0.001
0.836	0.131	0.001	0.032
0.044	0.059	0.865	0.032
0.346	0.451	0.202	0.001
0.381	0.102	0.001	0.516
0.252	0.001	0.746	0.001
0.001	0.963	0.001	0.035
0.001	0.150	0.124	0.725
0.951	0.001	0.047	0.001
0.032	0.883	0.057	0.028
>TCACAACGTA	13-TCACAACGTA	10.296193	-17.070254	0	T:8.0(1.10%),B:23.7(0.06%),P:1e-7	Tpos:407.0,Tstd:265.4,Bpos:487.2,Bstd:252.9,StrandBias:0.0,Multiplicity:1.00
0.100	0.100	0.100	0.700
0.100	0.700	0.100	0.100
0.700	0.100	0.100	0.100
0.100	0.700	0.100	0.100
0.700	0.100	0.100	0.100
0.700	0.100	0.100	0.100
0.100	0.700	0.100	0.100
0.100	0.100	0.700	0.100
0.100	0.100	0.100	0.700
0.700	0.100	0.100	0.100
>GCTCAGTAAA	14-GCTCAGTAAA	10.524965	-17.004305	0	T:25.0(3.45%),B:378.1(0.91%),P:1e-7	Tpos:493.3,Tstd:302.2,Bpos:490.6,Bstd:303.5,StrandBias:0.2,Multiplicity:1.04
0.001	0.085	0.913	0.001
0.001	0.866	0.001	0.132
0.001	0.001	0.001	0.997
0.001	0.931	0.001	0.067
0.997	0.001	0.001	0.001
0.154	0.001	0.844	0.001
0.001	0.001	0.001	0.997
0.997	0.001	0.001	0.001
0.933	0.065	0.001	0.001
0.936	0.062	0.001	0.001
>TTTTCAGCKA	15-TTTTCAGCKA	8.962648	-16.923271	0	T:154.0(21.24%),B:5771.5(13.82%),P:1e-7	Tpos:546.8,Tstd:283.5,Bpos:512.5,Bstd:318.9,StrandBias:0.5,Multiplicity:1.30
0.001	0.214	0.001	0.784
0.001	0.041	0.001	0.957
0.001	0.015	0.208	0.776
0.001	0.322	0.001	0.676
0.001	0.740	0.258	0.001
0.519	0.044	0.217	0.220
0.001	0.001	0.997	0.001
0.001	0.997	0.001	0.001
0.001	0.191	0.469	0.339
0.695	0.001	0.303	0.001
>GGTTGCGCAA	16-GGTTGCGCAA	8.964956	-16.343645	0	T:38.0(5.24%),B:804.0(1.93%),P:1e-7	Tpos:493.3,Tstd:243.4,Bpos:525.1,Bstd:315.4,StrandBias:0.2,Multiplicity:1.08
0.161	0.042	0.566	0.231
0.052	0.034	0.893	0.021
0.046	0.001	0.064	0.889
0.001	0.001	0.001	0.997
0.042	0.022	0.906	0.030
0.001	0.960	0.038	0.001
0.001	0.001	0.997	0.001
0.048	0.866	0.029	0.057
0.946	0.001	0.001	0.052
0.997	0.001	0.001	0.001
>GGTATATGTA	17-GGTATATGTA	8.075770	-16.289798	0	T:47.0(6.48%),B:1126.4(2.70%),P:1e-7	Tpos:525.0,Tstd:281.4,Bpos:513.9,Bstd:299.4,StrandBias:0.4,Multiplicity:1.11
0.148	0.125	0.588	0.139
0.325	0.007	0.657	0.011
0.161	0.171	0.149	0.519
0.550	0.210	0.156	0.084
0.106	0.194	0.025	0.675
0.858	0.028	0.025	0.089
0.027	0.017	0.194	0.762
0.012	0.148	0.731	0.109
0.141	0.144	0.138	0.577
0.791	0.012	0.188	0.009
>TGTTGAAAAT	18-TGTTGAAAAT	10.743204	-15.507399	0	T:76.0(10.48%),B:2322.5(5.56%),P:1e-6	Tpos:493.7,Tstd:246.5,Bpos:498.9,Bstd:302.6,StrandBias:-0.0,Multiplicity:1.04
0.001	0.001	0.001	0.997
0.001	0.001	0.997	0.001
0.001	0.001	0.001	0.997
0.001	0.001	0.001	0.997
0.001	0.001	0.997	0.001
0.877	0.121	0.001	0.001
0.997	0.001	0.001	0.001
0.932	0.001	0.001	0.066
0.913	0.001	0.085	0.001
0.001	0.001	0.147	0.851
>CCCCCTTTTT	19-CCCCCTTTTT	8.679463	-12.430221	0	T:148.0(20.41%),B:5931.7(14.20%),P:1e-5	Tpos:513.2,Tstd:271.2,Bpos:522.1,Bstd:312.8,StrandBias:1.0,Multiplicity:1.23
0.001	0.658	0.340	0.001
0.001	0.997	0.001	0.001
0.084	0.914	0.001	0.001
0.297	0.701	0.001	0.001
0.056	0.458	0.177	0.308
0.264	0.011	0.092	0.633
0.064	0.048	0.001	0.887
0.173	0.001	0.001	0.825
0.148	0.011	0.001	0.840
0.001	0.001	0.001	0.997
>CTGGCCGGAT	20-CTGGCCGGAT	11.246626	-9.454862	0	T:10.0(1.38%),B:119.3(0.29%),P:1e-4	Tpos:310.0,Tstd:336.7,Bpos:388.4,Bstd:304.7,StrandBias:-0.8,Multiplicity:1.40
0.001	0.997	0.001	0.001
0.001	0.001	0.001	0.997
0.001	0.001	0.997	0.001
0.001	0.001	0.997	0.001
0.001	0.997	0.001	0.001
0.001	0.807	0.001	0.191
0.409	0.001	0.589	0.001
0.001	0.001	0.997	0.001
0.974	0.001	0.024	0.001
0.319	0.001	0.001	0.679
>AACCTACGAG	21-AACCTACGAG	10.530324	-9.432195	0	T:12.0(1.66%),B:171.2(0.41%),P:1e-4	Tpos:465.0,Tstd:228.1,Bpos:489.4,Bstd:321.0,StrandBias:0.9,Multiplicity:1.42
0.771	0.001	0.027	0.201
0.878	0.001	0.120	0.001
0.001	0.666	0.001	0.332
0.001	0.997	0.001	0.001
0.271	0.132	0.001	0.596
0.982	0.016	0.001	0.001
0.001	0.997	0.001	0.001
0.001	0.079	0.919	0.001
0.997	0.001	0.001	0.001
0.001	0.298	0.572	0.129
>AAATAGATTG	22-AAATAGATTG	10.709323	-9.154043	0	T:29.0(4.00%),B:756.3(1.81%),P:1e-3	Tpos:454.0,Tstd:202.0,Bpos:495.4,Bstd:302.6,StrandBias:0.2,Multiplicity:1.41
0.997	0.001	0.001	0.001
0.997	0.001	0.001	0.001
0.997	0.001	0.001	0.001
0.001	0.001	0.001	0.997
0.997	0.001	0.001	0.001
0.001	0.001	0.997	0.001
0.997	0.001	0.001	0.001
0.217	0.001	0.001	0.781
0.001	0.080	0.056	0.863
0.001	0.001	0.997	0.001
>TTACACGAAA	23-TTACACGAAA	9.693690	-6.906322	0	T:17.0(2.34%),B:402.8(0.96%),P:1e-2	Tpos:515.2,Tstd:199.6,Bpos:460.1,Bstd:295.1,StrandBias:0.3,Multiplicity:3.00
0.001	0.001	0.001	0.997
0.001	0.001	0.001	0.997
0.997	0.001	0.001	0.001
0.001	0.792	0.206	0.001
0.997	0.001	0.001	0.001
0.001	0.997	0.001	0.001
0.001	0.001	0.997	0.001
0.997	0.001	0.001	0.001
0.938	0.020	0.041	0.001
0.997	0.001	0.001	0.001
>TAGAACGGTA	24-TAGAACGGTA	13.710339	-2.075761	0	T:2.0(0.28%),B:34.4(0.08%),P:1e0	Tpos:533.3,Tstd:75.7,Bpos:578.3,Bstd:299.1,StrandBias:-10.0,Multiplicity:5.00
0.001	0.001	0.001	0.997
0.997	0.001	0.001	0.001
0.001	0.001	0.997	0.001
0.997	0.001	0.001	0.001
0.997	0.001	0.001	0.001
0.001	0.882	0.001	0.116
0.001	0.001	0.997	0.001
0.001	0.001	0.997	0.001
0.001	0.001	0.001	0.997
0.997	0.001	0.001	0.001
>GCGTCGTTAC	25-GCGTCGTTAC	10.296193	-1.844306	0	T:1.0(0.14%),B:9.9(0.02%),P:1e0	Tpos:283.8,Tstd:191.2,Bpos:398.8,Bstd:181.2,StrandBias:-10.0,Multiplicity:6.00
0.100	0.100	0.700	0.100
0.100	0.700	0.100	0.100
0.100	0.100	0.700	0.100
0.100	0.100	0.100	0.700
0.100	0.700	0.100	0.100
0.100	0.100	0.700	0.100
0.100	0.100	0.100	0.700
0.100	0.100	0.100	0.700
0.700	0.100	0.100	0.100
0.100	0.700	0.100	0.100
>GTCTAAATTCAC	1-GTCTAAATTCAC	12.584715	-28.475379	0	T:16.0(2.21%),B:64.6(0.15%),P:1e-12	Tpos:489.8,Tstd:379.0,Bpos:477.7,Bstd:316.2,StrandBias:-0.4,Multiplicity:1.00
0.049	0.001	0.907	0.043
0.001	0.001	0.001	0.997
0.075	0.858	0.001	0.066
0.001	0.001	0.102	0.896
0.997	0.001	0.001	0.001
0.896	0.102	0.001	0.001
0.896	0.102	0.001	0.001
0.090	0.001	0.001	0.908
0.001	0.001	0.001	0.997
0.102	0.896	0.001	0.001
0.896	0.001	0.102	0.001
0.090	0.908	0.001	0.001
>CTACCAAAATCG	2-CTACCAAAATCG	10.374066	-27.109293	0	T:18.0(2.48%),B:99.9(0.24%),P:1e-11	Tpos:397.4,Tstd:285.2,Bpos:454.2,Bstd:261.8,StrandBias:-0.3,Multiplicity:1.00
0.309	0.628	0.022	0.041
0.301	0.038	0.035	0.626
0.504	0.245	0.031	0.220
0.032	0.562	0.173	0.233
0.055	0.571	0.036	0.338
0.821	0.057	0.070	0.052
0.637	0.046	0.283	0.034
0.887	0.036	0.048	0.029
0.852	0.046	0.048	0.054
0.392	0.046	0.011	0.551
0.043	0.545	0.058	0.354
0.274	0.062	0.610	0.054
>GTTTTTCCTCTC	3-GTTTTTCCTCTC	11.158850	-24.600988	0	T:30.0(4.14%),B:371.9(0.89%),P:1e-10	Tpos:608.2,Tstd:286.4,Bpos:542.1,Bstd:321.6,StrandBias:1.2,Multiplicity:1.00
0.001	0.001	0.981	0.017
0.065	0.065	0.001	0.869
0.064	0.001	0.001	0.934
0.001	0.001	0.001	0.997
0.001	0.047	0.001	0.951
0.001	0.084	0.113	0.802
0.001	0.956	0.001	0.042
0.043	0.898	0.001	0.058
0.044	0.001	0.001	0.954
0.042	0.956	0.001	0.001
0.058	0.001	0.001	0.940
0.137	0.793	0.069	0.001
>TCTGCCAAGTTG	4-TCTGCCAAGTTG	13.160612	-23.007357	0	T:13.0(1.79%),B:54.2(0.13%),P:1e-9	Tpos:569.8,Tstd:264.7,Bpos:382.4,Bstd:305.4,StrandBias:-0.2,Multiplicity:1.00
0.001	0.001	0.001	0.997
0.001	0.645	0.318	0.036
0.001	0.001	0.001	0.997
0.001	0.260	0.552	0.187
0.001	0.997	0.001	0.001
0.001	0.997	0.001	0.001
0.997	0.001	0.001	0.001
0.997	0.001	0.001	0.001
0.196	0.001	0.802	0.001
0.001	0.001	0.039	0.959
0.259	0.001	0.001	0.739
0.001	0.001	0.682	0.316
>AACATCCAATGC	5-AACATCCAATGC	15.300529	-22.513642	0	T:6.0(0.83%),B:1.2(0.00%),P:1e-9	Tpos:376.8,Tstd:253.6,Bpos:727.0,Bstd:0.0,StrandBias:1.0,Multiplicity:1.00
0.997	0.001	0.001	0.001
0.997	0.001	0.001	0.001
0.001	0.997	0.001	0.001
0.997	0.001	0.001	0.001
0.001	0.001	0.001	0.997
0.001	0.997	0.001	0.001
0.001	0.997	0.001	0.001
0.997	0.001	0.001	0.001
0.997	0.001	0.001	0.001
0.001	0.001	0.001	0.997
0.001	0.272	0.726	0.001
0.001	0.997	0.001	0.001
>GTACACATGTCT	6-GTACACATGTCT	13.178332	-21.830709	0	T:11.0(1.52%),B:36.7(0.09%),P:1e-9	Tpos:330.5,Tstd:300.4,Bpos:490.3,Bstd:318.4,StrandBias:0.3,Multiplicity:1.00
0.001	0.001	0.997	0.001
0.001	0.117	0.071	0.811
0.912	0.001	0.001	0.086
0.001	0.858	0.001	0.140
0.858	0.001	0.140	0.001
0.001	0.882	0.116	0.001
0.997	0.001	0.001	0.001
0.001	0.001	0.001	0.997
0.001	0.001	0.943	0.055
0.001	0.001	0.001	0.997
0.117	0.807	0.001	0.075
0.001	0.001	0.001	0.997
>ATCATTTTTGAG	7-ATCATTTTTGAG	12.046919	-21.384302	0	T:21.0(2.90%),B:207.9(0.50%),P:1e-9	Tpos:449.9,Tstd:274.4,Bpos:458.1,Bstd:283.1,StrandBias:-0.4,Multiplicity:1.24
0.891	0.107	0.001	0.001
0.001	0.262	0.243	0.494
0.001	0.997	0.001	0.001
0.994	0.001	0.001	0.004
0.144	0.001	0.001	0.854
0.001	0.001	0.071	0.927
0.001	0.198	0.061	0.740
0.001	0.047	0.283	0.669
0.215	0.001	0.001	0.783
0.008	0.037	0.865	0.090
0.843	0.001	0.108	0.048
0.055	0.153	0.734	0.058
>GGGAAATAGTGC	8-GGGAAATAGTGC	12.814704	-21.183732	0	T:13.0(1.79%),B:64.1(0.15%),P:1e-9	Tpos:634.9,Tstd:259.1,Bpos:626.6,Bstd:266.8,StrandBias:0.7,Multiplicity:1.00
0.097	0.001	0.901	0.001
0.001	0.110	0.888	0.001
0.001	0.097	0.901	0.001
0.997	0.001	0.001	0.001
0.997	0.001	0.001	0.001
0.997	0.001	0.001	0.001
0.054	0.001	0.001	0.944
0.941	0.001	0.001	0.057
0.075	0.001	0.923	0.001
0.133	0.001	0.001	0.865
0.001	0.001	0.901	0.097
0.111	0.839	0.001	0.049
>TGAATTTTTGCA	9-TGAATTTTTGCA	9.505642	-21.027207	0	T:159.0(21.93%),B:5656.3(13.54%),P:1e-9	Tpos:495.7,Tstd:279.1,Bpos:504.1,Bstd:302.1,StrandBias:0.2,Multiplicity:1.14
0.001	0.034	0.075	0.890
0.032	0.071	0.886	0.011
0.759	0.121	0.113	0.007
0.812	0.001	0.172	0.015
0.098	0.008	0.093	0.801
0.015	0.054	0.066	0.865
0.095	0.014	0.077	0.814
0.018	0.001	0.001	0.980
0.049	0.001	0.042	0.908
0.116	0.021	0.839	0.024
0.053	0.885	0.023	0.039
0.578	0.131	0.167	0.124
>CAGGTGTTTATG	10-CAGGTGTTTATG	12.949173	-20.664484	0	T:11.0(1.52%),B:41.4(0.10%),P:1e-8	Tpos:407.9,Tstd:255.6,Bpos:523.2,Bstd:301.3,StrandBias:-1.0,Multiplicity:1.09
0.112	0.775	0.001	0.112
0.997	0.001	0.001	0.001
0.001	0.001	0.997	0.001
0.071	0.001	0.927	0.001
0.001	0.001	0.001	0.997
0.001	0.134	0.810	0.055
0.001	0.001	0.001	0.997
0.089	0.001	0.001	0.909
0.001	0.001	0.001	0.997
0.801	0.134	0.001	0.064
0.001	0.001	0.001	0.997
0.111	0.001	0.887	0.001
>TGTTTACAGAAT	11-TGTTTACAGAAT	9.904329	-19.968835	0	T:46.0(6.34%),B:958.8(2.30%),P:1e-8	Tpos:515.4,Tstd:256.5,Bpos:511.9,Bstd:301.6,StrandBias:0.2,Multiplicity:1.04
0.073	0.037	0.039	0.851
0.073	0.056	0.812	0.059
0.079	0.051	0.085	0.785
0.038	0.088	0.025	0.849
0.047	0.064	0.080	0.809
0.838	0.071	0.037	0.054
0.075	0.782	0.057	0.086
0.844	0.052	0.064	0.040
0.088	0.037	0.792	0.083
0.908	0.028	0.042	0.022
0.847	0.076	0.034	0.043
0.067	0.026	0.015	0.892
>AGCCATSTAATG	12-AGCCATSTAATG	13.533639	-19.312977	0	T:7.0(0.97%),B:9.2(0.02%),P:1e-8	Tpos:431.6,Tstd:200.8,Bpos:525.8,Bstd:194.8,StrandBias:-1.0,Multiplicity:1.29
0.997	0.001	0.001	0.001
0.001	0.001	0.868	0.130
0.001	0.997	0.001	0.001
0.001	0.868	0.001	0.130
0.997	0.001	0.001	0.001
0.001	0.001	0.156	0.842
0.001	0.424	0.574	0.001
0.001	0.001	0.001	0.997
0.997	0.001	0.001	0.001
0.997	0.001	0.001	0.001
0.001	0.001	0.001	0.997
0.001	0.156	0.842	0.001
>TGTTTNGTGCCT	13-TGTTTNGTGCCT	11.499969	-19.014613	0	T:21.0(2.90%),B:239.5(0.57%),P:1e-8	Tpos:385.1,Tstd:251.5,Bpos:450.6,Bstd:291.8,StrandBias:-1.0,Multiplicity:1.20
0.001	0.001	0.001	0.997
0.001	0.001	0.920	0.078
0.001	0.346	0.001	0.652
0.001	0.190	0.040	0.769
0.001	0.001	0.001	0.997
0.229	0.270	0.212	0.289
0.117	0.001	0.846	0.036
0.001	0.001	0.001	0.997
0.112	0.001	0.886	0.001
0.001	0.909	0.001	0.089
0.084	0.839	0.001	0.076
0.188	0.001	0.001	0.810
>TTTTCAGCCAAA	14-TTTTCAGCCAAA	10.393892	-18.882930	0	T:103.0(14.21%),B:3269.0(7.83%),P:1e-8	Tpos:564.4,Tstd:276.1,Bpos:505.0,Bstd:324.1,StrandBias:0.6,Multiplicity:1.33
0.001	0.001	0.010	0.988
0.001	0.314	0.021	0.664
0.015	0.001	0.001	0.983
0.001	0.265	0.001	0.733
0.001	0.677	0.321	0.001
0.829	0.161	0.007	0.003
0.001	0.377	0.621	0.001
0.001	0.711	0.001	0.287
0.120	0.491	0.257	0.132
0.640	0.001	0.354	0.005
0.558	0.007	0.257	0.178
0.811	0.001	0.006	0.182
>GCTCAAAAAAGC	15-GCTCAAAAAAGC	9.946489	-17.293254	0	T:48.0(6.62%),B:1123.5(2.69%),P:1e-7	Tpos:496.4,Tstd:288.6,Bpos:502.3,Bstd:311.5,StrandBias:-0.1,Multiplicity:1.04
0.118	0.019	0.862	0.001
0.074	0.905	0.020	0.001
0.096	0.133	0.071	0.700
0.001	0.997	0.001	0.001
0.754	0.131	0.031	0.084
0.850	0.001	0.124	0.025
0.869	0.001	0.001	0.129
0.788	0.001	0.100	0.111
0.885	0.001	0.095	0.019
0.830	0.001	0.118	0.051
0.049	0.165	0.785	0.001
0.078	0.774	0.147	0.001
>GACGCGTGCAGT	16-GACGCGTGCAGT	13.186402	-15.602690	0	T:6.0(0.83%),B:10.9(0.03%),P:1e-6	Tpos:389.2,Tstd:251.0,Bpos:385.5,Bstd:355.6,StrandBias:2.2,Multiplicity:1.83
0.001	0.001	0.997	0.001
0.897	0.001	0.101	0.001
0.001	0.997	0.001	0.001
0.001	0.101	0.897	0.001
0.001	0.917	0.001	0.081
0.001	0.367	0.631	0.001
0.001	0.001	0.001	0.997
0.001	0.001	0.997	0.001
0.001	0.997	0.001	0.001
0.997	0.001	0.001	0.001
0.121	0.001	0.877	0.001
0.101	0.001	0.001	0.897
>GTAAACAATCAT	17-GTAAACAATCAT	14.399779	-14.317077	0	T:5.0(0.69%),B:7.0(0.02%),P:1e-6	Tpos:535.0,Tstd:329.8,Bpos:490.6,Bstd:198.0,StrandBias:0.6,Multiplicity:1.00
0.081	0.077	0.841	0.001
0.040	0.072	0.001	0.887
0.889	0.107	0.001	0.003
0.872	0.046	0.081	0.001
0.824	0.041	0.113	0.022
0.001	0.755	0.114	0.130
0.820	0.046	0.001	0.133
0.924	0.001	0.074	0.001
0.086	0.096	0.001	0.817
0.001	0.891	0.107	0.001
0.898	0.100	0.001	0.001
0.184	0.069	0.147	0.600
>CTAACTCWTTAA	18-CTAACTCWTTAA	11.897723	-12.595724	0	T:14.0(1.93%),B:168.3(0.40%),P:1e-5	Tpos:436.1,Tstd:209.0,Bpos:475.7,Bstd:297.3,StrandBias:2.1,Multiplicity:1.50
0.098	0.900	0.001	0.001
0.168	0.001	0.001	0.830
0.900	0.001	0.001	0.098
0.838	0.160	0.001	0.001
0.001	0.997	0.001	0.001
0.001	0.106	0.001	0.892
0.099	0.681	0.001	0.219
0.569	0.001	0.001	0.429
0.133	0.001	0.001	0.865
0.001	0.001	0.001	0.997
0.806	0.107	0.001	0.086
0.997	0.001	0.001	0.001
>TCTGGCCAGATC	19-TCTGGCCAGATC	10.029949	-12.475097	0	T:15.0(2.07%),B:195.8(0.47%),P:1e-5	Tpos:340.5,Tstd:305.1,Bpos:456.5,Bstd:312.8,StrandBias:0.1,Multiplicity:1.40
0.001	0.037	0.001	0.961
0.068	0.767	0.001	0.164
0.001	0.049	0.001	0.949
0.057	0.001	0.884	0.058
0.135	0.057	0.712	0.096
0.102	0.793	0.001	0.104
0.047	0.858	0.057	0.038
0.768	0.125	0.050	0.057
0.050	0.045	0.904	0.001
0.940	0.057	0.002	0.001
0.133	0.001	0.001	0.865
0.159	0.617	0.001	0.223
>ATTATAACACGA	20-ATTATAACACGA	13.636678	-12.389568	0	T:6.0(0.83%),B:20.8(0.05%),P:1e-5	Tpos:580.8,Tstd:258.9,Bpos:463.1,Bstd:315.7,StrandBias:0.0,Multiplicity:1.33
0.997	0.001	0.001	0.001
0.001	0.001	0.001	0.997
0.001	0.001	0.001	0.997
0.997	0.001	0.001	0.001
0.001	0.001	0.001	0.997
0.733	0.001	0.001	0.265
0.997	0.001	0.001	0.001
0.001	0.997	0.001	0.001
0.997	0.001	0.001	0.001
0.174	0.676	0.001	0.149
0.083	0.218	0.580	0.119
0.806	0.001	0.001	0.192
>TTAGAATCTACG	21-TTAGAATCTACG	9.884936	-12.060081	0	T:24.0(3.31%),B:470.5(1.13%),P:1e-5	Tpos:439.4,Tstd:298.9,Bpos:483.0,Bstd:304.7,StrandBias:1.4,Multiplicity:1.21
0.001	0.001	0.001	0.997
0.001	0.044	0.044	0.911
0.626	0.165	0.170	0.039
0.039	0.001	0.866	0.094
0.812	0.089	0.001	0.098
0.862	0.044	0.001	0.093
0.089	0.054	0.045	0.812
0.001	0.864	0.107	0.028
0.001	0.080	0.143	0.776
0.787	0.079	0.045	0.089
0.001	0.794	0.035	0.170
0.044	0.001	0.916	0.039
>TTTTCGTCTAAC	22-TTTTCGTCTAAC	9.683881	-8.925601	0	T:20.0(2.76%),B:435.8(1.04%),P:1e-3	Tpos:503.7,Tstd:212.5,Bpos:455.6,Bstd:295.0,StrandBias:-0.5,Multiplicity:2.95
0.001	0.001	0.001	0.997
0.001	0.001	0.001	0.997
0.001	0.001	0.001	0.997
0.001	0.001	0.001	0.997
0.035	0.950	0.001	0.014
0.020	0.029	0.950	0.001
0.001	0.102	0.029	0.868
0.001	0.585	0.389	0.025
0.001	0.001	0.001	0.997
0.955	0.043	0.001	0.001
0.941	0.001	0.033	0.025
0.009	0.989	0.001	0.001
>AATTCATGTACC	23-AATTCATGTACC	12.467315	-5.252630	0	T:3.0(0.41%),B:18.8(0.04%),P:1e-2	Tpos:548.6,Tstd:85.7,Bpos:491.3,Bstd:300.0,StrandBias:10.0,Multiplicity:4.67
0.997	0.001	0.001	0.001
0.997	0.001	0.001	0.001
0.001	0.001	0.001	0.997
0.001	0.001	0.001	0.997
0.001	0.997	0.001	0.001
0.997	0.001	0.001	0.001
0.001	0.001	0.001	0.997
0.180	0.016	0.803	0.001
0.001	0.001	0.001	0.997
0.997	0.001	0.001	0.001
0.001	0.997	0.001	0.001
0.001	0.997	0.001	0.001
>TACTGTTGTTGA	24-TACTGTTGTTGA	12.355432	-4.878886	0	T:2.0(0.28%),B:6.9(0.02%),P:1e-2	Tpos:388.3,Tstd:192.6,Bpos:694.8,Bstd:207.1,StrandBias:-2.3,Multiplicity:3.00
0.100	0.100	0.100	0.700
0.700	0.100	0.100	0.100
0.100	0.700	0.100	0.100
0.100	0.100	0.100	0.700
0.100	0.100	0.700	0.100
0.100	0.100	0.100	0.700
0.100	0.100	0.100	0.700
0.100	0.100	0.700	0.100
0.100	0.100	0.100	0.700
0.100	0.100	0.100	0.700
0.100	0.100	0.700	0.100
0.700	0.100	0.100	0.100
>ATTTTTGGTCAG	25-ATTTTTGGTCAG	12.355432	-3.767856	0	T:2.0(0.28%),B:12.4(0.03%),P:1e-1	Tpos:615.5,Tstd:73.4,Bpos:495.0,Bstd:273.0,StrandBias:10.0,Multiplicity:3.00
0.700	0.100	0.100	0.100
0.100	0.100	0.100	0.700
0.100	0.100	0.100	0.700
0.100	0.100	0.100	0.700
0.100	0.100	0.100	0.700
0.100	0.100	0.100	0.700
0.100	0.100	0.700	0.100
0.100	0.100	0.700	0.100
0.100	0.100	0.100	0.700
0.100	0.700	0.100	0.100
0.700	0.100	0.100	0.100
0.100	0.100	0.700	0.100
>TTACCCCG	1-TTACCCCG	6.801005	-16.387649	0	T:109.0(15.03%),B:3711.9(8.89%),P:1e-7	Tpos:488.1,Tstd:306.2,Bpos:517.0,Bstd:311.8,StrandBias:0.4,Multiplicity:1.08
0.038	0.135	0.098	0.729
0.016	0.001	0.035	0.948
0.957	0.026	0.016	0.001
0.036	0.880	0.017	0.067
0.059	0.879	0.007	0.055
0.040	0.851	0.065	0.044
0.036	0.934	0.029	0.001
0.023	0.101	0.875	0.001
>CGCATTGS	2-CGCATTGS	10.001370	-10.931689	0	T:19.0(2.62%),B:342.1(0.82%),P:1e-4	Tpos:559.5,Tstd:352.8,Bpos:496.1,Bstd:296.9,StrandBias:-0.2,Multiplicity:1.00
0.001	0.997	0.001	0.001
0.001	0.001	0.997	0.001
0.001	0.997	0.001	0.001
0.838	0.001	0.160	0.001
0.001	0.001	0.001	0.997
0.001	0.001	0.001	0.997
0.001	0.243	0.755	0.001
0.001	0.458	0.540	0.001
>TAASGCGT	3-TAASGCGT	6.075321	-10.538545	0	T:182.0(25.10%),B:7890.4(18.89%),P:1e-4	Tpos:507.6,Tstd:296.5,Bpos:525.3,Bstd:308.0,StrandBias:0.1,Multiplicity:1.26
0.226	0.162	0.159	0.453
0.596	0.299	0.104	0.001
0.997	0.001	0.001	0.001
0.001	0.546	0.452	0.001
0.001	0.001	0.931	0.067
0.001	0.903	0.095	0.001
0.001	0.001	0.997	0.001
0.001	0.108	0.001	0.890
>ATTGCGVA	4-ATTGCGVA	7.477321	-8.345958	0	T:137.0(18.90%),B:5884.4(14.09%),P:1e-3	Tpos:503.5,Tstd:278.4,Bpos:523.4,Bstd:305.0,StrandBias:-0.4,Multiplicity:1.15
0.587	0.001	0.247	0.165
0.148	0.312	0.022	0.518
0.235	0.001	0.184	0.580
0.001	0.001	0.997	0.001
0.001	0.997	0.001	0.001
0.001	0.001	0.997	0.001
0.375	0.382	0.242	0.001
0.997	0.001	0.001	0.001
>KTCCTAGT	5-KTCCTAGT	8.627475	-8.153691	0	T:47.0(6.48%),B:1562.8(3.74%),P:1e-3	Tpos:483.9,Tstd:300.5,Bpos:506.3,Bstd:312.4,StrandBias:0.8,Multiplicity:1.15
0.001	0.087	0.440	0.472
0.001	0.001	0.001	0.997
0.001	0.997	0.001	0.001
0.001	0.997	0.001	0.001
0.001	0.001	0.001	0.997
0.997	0.001	0.001	0.001
0.001	0.001	0.997	0.001
0.001	0.001	0.001	0.997
>GTTASACG	6-GTTASACG	10.349831	-6.366227	0	T:23.0(3.17%),B:658.6(1.58%),P:1e-2	Tpos:485.6,Tstd:170.0,Bpos:464.9,Bstd:298.1,StrandBias:0.5,Multiplicity:2.30
0.001	0.001	0.997	0.001
0.001	0.001	0.001	0.997
0.001	0.001	0.001	0.997
0.997	0.001	0.001	0.001
0.001	0.511	0.487	0.001
0.997	0.001	0.001	0.001
0.001	0.997	0.001	0.001
0.001	0.001	0.997	0.001
