>TTACCCCG	1-TTACCCCG	6.801005	-16.387649	0	T:109.0(15.03%),B:3711.9(8.89%),P:1e-7	Tpos:488.1,Tstd:306.2,Bpos:517.0,Bstd:311.8,StrandBias:0.4,Multiplicity:1.08
0.038	0.135	0.098	0.729
0.016	0.001	0.035	0.948
0.957	0.026	0.016	0.001
0.036	0.880	0.017	0.067
0.059	0.879	0.007	0.055
0.040	0.851	0.065	0.044
0.036	0.934	0.029	0.001
0.023	0.101	0.875	0.001
>CGCATTGS	2-CGCATTGS	10.001370	-10.931689	0	T:19.0(2.62%),B:342.1(0.82%),P:1e-4	Tpos:559.5,Tstd:352.8,Bpos:496.1,Bstd:296.9,StrandBias:-0.2,Multiplicity:1.00
0.001	0.997	0.001	0.001
0.001	0.001	0.997	0.001
0.001	0.997	0.001	0.001
0.838	0.001	0.160	0.001
0.001	0.001	0.001	0.997
0.001	0.001	0.001	0.997
0.001	0.243	0.755	0.001
0.001	0.458	0.540	0.001
>TAASGCGT	3-TAASGCGT	6.075321	-10.538545	0	T:182.0(25.10%),B:7890.4(18.89%),P:1e-4	Tpos:507.6,Tstd:296.5,Bpos:525.3,Bstd:308.0,StrandBias:0.1,Multiplicity:1.26
0.226	0.162	0.159	0.453
0.596	0.299	0.104	0.001
0.997	0.001	0.001	0.001
0.001	0.546	0.452	0.001
0.001	0.001	0.931	0.067
0.001	0.903	0.095	0.001
0.001	0.001	0.997	0.001
0.001	0.108	0.001	0.890
>ATTGCGVA	4-ATTGCGVA	7.477321	-8.345958	0	T:137.0(18.90%),B:5884.4(14.09%),P:1e-3	Tpos:503.5,Tstd:278.4,Bpos:523.4,Bstd:305.0,StrandBias:-0.4,Multiplicity:1.15
0.587	0.001	0.247	0.165
0.148	0.312	0.022	0.518
0.235	0.001	0.184	0.580
0.001	0.001	0.997	0.001
0.001	0.997	0.001	0.001
0.001	0.001	0.997	0.001
0.375	0.382	0.242	0.001
0.997	0.001	0.001	0.001
>KTCCTAGT	5-KTCCTAGT	8.627475	-8.153691	0	T:47.0(6.48%),B:1562.8(3.74%),P:1e-3	Tpos:483.9,Tstd:300.5,Bpos:506.3,Bstd:312.4,StrandBias:0.8,Multiplicity:1.15
0.001	0.087	0.440	0.472
0.001	0.001	0.001	0.997
0.001	0.997	0.001	0.001
0.001	0.997	0.001	0.001
0.001	0.001	0.001	0.997
0.997	0.001	0.001	0.001
0.001	0.001	0.997	0.001
0.001	0.001	0.001	0.997
>GTTASACG	6-GTTASACG	10.349831	-6.366227	0	T:23.0(3.17%),B:658.6(1.58%),P:1e-2	Tpos:485.6,Tstd:170.0,Bpos:464.9,Bstd:298.1,StrandBias:0.5,Multiplicity:2.30
0.001	0.001	0.997	0.001
0.001	0.001	0.001	0.997
0.001	0.001	0.001	0.997
0.997	0.001	0.001	0.001
0.001	0.511	0.487	0.001
0.997	0.001	0.001	0.001
0.001	0.997	0.001	0.001
0.001	0.001	0.997	0.001
