>MTAGGAGG	1-MTAGGAGG	8.007232	-10.503709	0	T:9.0(52.94%),B:4226.5(11.12%),P:1e-4	Tpos:485.8,Tstd:307.2,Bpos:523.3,Bstd:358.5,StrandBias:-1.7,Multiplicity:1.44
0.552	0.446	0.001	0.001
0.280	0.001	0.192	0.527
0.997	0.001	0.001	0.001
0.001	0.001	0.997	0.001
0.416	0.001	0.582	0.001
0.997	0.001	0.001	0.001
0.001	0.251	0.638	0.110
0.001	0.001	0.997	0.001
>CTCTTCGT	2-CTCTTCGT	10.645490	-8.922336	0	T:5.0(29.41%),B:1183.6(3.11%),P:1e-3	Tpos:534.6,Tstd:325.1,Bpos:513.9,Bstd:335.5,StrandBias:-0.6,Multiplicity:1.00
0.001	0.882	0.116	0.001
0.001	0.001	0.001	0.997
0.001	0.997	0.001	0.001
0.001	0.001	0.001	0.997
0.154	0.001	0.001	0.844
0.001	0.997	0.001	0.001
0.001	0.001	0.997	0.001
0.001	0.124	0.001	0.874
>ATTTRGCC	3-ATTTRGCC	8.327917	-7.868445	0	T:6.0(35.29%),B:2349.9(6.18%),P:1e-3	Tpos:624.5,Tstd:205.7,Bpos:496.7,Bstd:314.0,StrandBias:0.7,Multiplicity:1.33
0.795	0.180	0.024	0.001
0.001	0.024	0.170	0.805
0.237	0.001	0.001	0.761
0.001	0.024	0.130	0.845
0.538	0.001	0.460	0.001
0.012	0.158	0.817	0.013
0.004	0.637	0.005	0.354
0.001	0.986	0.012	0.001
>CGCGAGCG	4-CGCGAGCG	7.375097	-5.637910	0	T:5.0(29.41%),B:2446.9(6.44%),P:1e-2	Tpos:543.9,Tstd:267.2,Bpos:496.0,Bstd:359.0,StrandBias:0.4,Multiplicity:1.40
0.001	0.863	0.001	0.135
0.001	0.001	0.602	0.396
0.154	0.595	0.250	0.001
0.001	0.001	0.997	0.001
0.863	0.135	0.001	0.001
0.249	0.001	0.749	0.001
0.096	0.902	0.001	0.001
0.191	0.062	0.541	0.206
>TGTAATTG	5-TGTAATTG	8.236954	-4.880043	0	T:4.0(23.53%),B:1820.0(4.79%),P:1e-2	Tpos:473.8,Tstd:244.9,Bpos:516.1,Bstd:317.3,StrandBias:1.0,Multiplicity:1.50
0.100	0.100	0.100	0.700
0.100	0.100	0.700	0.100
0.100	0.100	0.100	0.700
0.700	0.100	0.100	0.100
0.700	0.100	0.100	0.100
0.100	0.100	0.100	0.700
0.100	0.100	0.100	0.700
0.100	0.100	0.700	0.100
