>TTAATTTAATTT	1-TTAATTTAATTT	11.223711	-28.230801	0	T:42.0(16.09%),B:1688.3(4.37%),P:1e-12	Tpos:566.9,Tstd:249.0,Bpos:530.0,Bstd:323.4,StrandBias:1.0,Multiplicity:1.05
0.041	0.050	0.052	0.857
0.055	0.173	0.038	0.734
0.757	0.024	0.201	0.018
0.699	0.237	0.040	0.024
0.262	0.110	0.014	0.614
0.027	0.037	0.072	0.864
0.248	0.039	0.028	0.685
0.844	0.056	0.060	0.040
0.659	0.014	0.037	0.290
0.057	0.161	0.039	0.743
0.212	0.036	0.019	0.733
0.287	0.022	0.011	0.680
>TTTCGGTTCTTC	2-TTTCGGTTCTTC	12.166074	-26.114258	0	T:17.0(6.51%),B:250.2(0.65%),P:1e-11	Tpos:440.2,Tstd:330.3,Bpos:559.5,Bstd:324.2,StrandBias:0.9,Multiplicity:1.00
0.001	0.001	0.001	0.997
0.125	0.001	0.160	0.714
0.001	0.001	0.001	0.997
0.001	0.922	0.076	0.001
0.001	0.001	0.997	0.001
0.001	0.001	0.840	0.158
0.001	0.001	0.001	0.997
0.001	0.001	0.316	0.682
0.001	0.931	0.001	0.067
0.001	0.001	0.001	0.997
0.001	0.001	0.001	0.997
0.001	0.788	0.094	0.117
>ACACGTTGCTTC	3-ACACGTTGCTTC	10.155559	-25.765258	0	T:18.0(6.90%),B:297.7(0.77%),P:1e-11	Tpos:531.6,Tstd:281.5,Bpos:533.8,Bstd:308.7,StrandBias:0.7,Multiplicity:1.00
0.789	0.105	0.105	0.001
0.019	0.845	0.068	0.068
0.894	0.001	0.001	0.104
0.082	0.812	0.105	0.001
0.001	0.292	0.688	0.019
0.001	0.001	0.075	0.923
0.001	0.105	0.370	0.524
0.068	0.001	0.930	0.001
0.008	0.818	0.001	0.173
0.001	0.019	0.001	0.979
0.001	0.001	0.114	0.884
0.018	0.850	0.001	0.131
>TGGAGAACGGTC	4-TGGAGAACGGTC	13.596691	-25.299931	0	T:8.0(3.07%),B:20.9(0.05%),P:1e-10	Tpos:372.6,Tstd:210.3,Bpos:486.4,Bstd:283.8,StrandBias:-0.7,Multiplicity:1.00
0.170	0.001	0.001	0.828
0.001	0.001	0.997	0.001
0.001	0.001	0.997	0.001
0.997	0.001	0.001	0.001
0.001	0.001	0.997	0.001
0.828	0.001	0.170	0.001
0.852	0.146	0.001	0.001
0.001	0.997	0.001	0.001
0.001	0.146	0.852	0.001
0.001	0.001	0.852	0.146
0.001	0.001	0.001	0.997
0.001	0.883	0.001	0.115
>ACAAATGAAAAG	5-ACAAATGAAAAG	12.997556	-23.910313	0	T:17.0(6.51%),B:290.4(0.75%),P:1e-10	Tpos:536.4,Tstd:284.1,Bpos:539.6,Bstd:295.9,StrandBias:-0.2,Multiplicity:1.00
0.955	0.001	0.001	0.043
0.025	0.879	0.095	0.001
0.997	0.001	0.001	0.001
0.997	0.001	0.001	0.001
0.997	0.001	0.001	0.001
0.046	0.001	0.066	0.887
0.036	0.085	0.817	0.062
0.908	0.001	0.001	0.090
0.882	0.116	0.001	0.001
0.997	0.001	0.001	0.001
0.932	0.066	0.001	0.001
0.106	0.033	0.828	0.033
>ATAAGAAAAGGG	6-ATAAGAAAAGGG	12.404929	-22.472712	0	T:15.0(5.75%),B:233.8(0.61%),P:1e-9	Tpos:619.8,Tstd:323.8,Bpos:542.5,Bstd:312.7,StrandBias:-3.9,Multiplicity:1.07
0.997	0.001	0.001	0.001
0.081	0.001	0.232	0.686
0.814	0.184	0.001	0.001
0.939	0.059	0.001	0.001
0.102	0.001	0.896	0.001
0.997	0.001	0.001	0.001
0.997	0.001	0.001	0.001
0.997	0.001	0.001	0.001
0.997	0.001	0.001	0.001
0.001	0.100	0.835	0.064
0.066	0.001	0.932	0.001
0.001	0.001	0.997	0.001
>AAATTCCGAATT	7-AAATTCCGAATT	11.203945	-21.732779	0	T:33.0(12.64%),B:1354.3(3.51%),P:1e-9	Tpos:581.4,Tstd:318.5,Bpos:510.4,Bstd:336.3,StrandBias:0.1,Multiplicity:1.12
0.997	0.001	0.001	0.001
0.997	0.001	0.001	0.001
0.832	0.067	0.100	0.001
0.193	0.001	0.001	0.805
0.001	0.001	0.001	0.997
0.037	0.930	0.032	0.001
0.016	0.970	0.001	0.013
0.051	0.001	0.916	0.032
0.997	0.001	0.001	0.001
0.811	0.072	0.001	0.116
0.034	0.001	0.117	0.848
0.048	0.001	0.001	0.950
>GGACTACGTTGG	8-GGACTACGTTGG	14.560138	-21.045572	0	T:5.0(1.92%),B:3.8(0.01%),P:1e-9	Tpos:550.8,Tstd:220.9,Bpos:529.9,Bstd:40.1,StrandBias:0.6,Multiplicity:1.00
0.001	0.001	0.997	0.001
0.001	0.001	0.997	0.001
0.768	0.001	0.230	0.001
0.001	0.997	0.001	0.001
0.001	0.001	0.001	0.997
0.997	0.001	0.001	0.001
0.001	0.997	0.001	0.001
0.230	0.001	0.768	0.001
0.001	0.001	0.268	0.730
0.001	0.001	0.001	0.997
0.001	0.001	0.997	0.001
0.001	0.001	0.997	0.001
>AGATACAAGCTC	9-AGATACAAGCTC	13.751551	-20.968594	0	T:7.0(2.68%),B:22.2(0.06%),P:1e-9	Tpos:427.3,Tstd:281.8,Bpos:459.4,Bstd:341.8,StrandBias:2.6,Multiplicity:1.00
0.870	0.001	0.001	0.128
0.128	0.001	0.870	0.001
0.821	0.177	0.001	0.001
0.001	0.128	0.001	0.870
0.997	0.001	0.001	0.001
0.001	0.846	0.152	0.001
0.997	0.001	0.001	0.001
0.997	0.001	0.001	0.001
0.001	0.001	0.997	0.001
0.001	0.997	0.001	0.001
0.152	0.001	0.001	0.846
0.001	0.997	0.001	0.001
>TCCACTTTTCCC	10-TCCACTTTTCCC	11.080238	-20.863885	0	T:16.0(6.13%),B:309.1(0.80%),P:1e-9	Tpos:530.8,Tstd:303.3,Bpos:501.7,Bstd:328.8,StrandBias:0.7,Multiplicity:1.00
0.001	0.001	0.001	0.997
0.001	0.938	0.001	0.060
0.001	0.890	0.001	0.108
0.918	0.080	0.001	0.001
0.001	0.876	0.122	0.001
0.001	0.135	0.001	0.863
0.026	0.001	0.001	0.972
0.001	0.001	0.001	0.997
0.144	0.001	0.001	0.854
0.001	0.931	0.001	0.067
0.001	0.931	0.001	0.067
0.001	0.829	0.096	0.074
>TSTCTTATCTTT	11-TSTCTTATCTTT	10.285771	-20.727496	0	T:29.0(11.11%),B:1109.3(2.87%),P:1e-9	Tpos:571.1,Tstd:272.9,Bpos:552.0,Bstd:323.8,StrandBias:0.7,Multiplicity:1.07
0.001	0.001	0.001	0.997
0.110	0.393	0.391	0.106
0.231	0.001	0.001	0.767
0.091	0.804	0.001	0.104
0.102	0.001	0.092	0.805
0.001	0.001	0.001	0.997
0.823	0.105	0.001	0.071
0.126	0.059	0.001	0.814
0.049	0.592	0.245	0.114
0.082	0.001	0.379	0.538
0.001	0.001	0.259	0.739
0.001	0.053	0.001	0.945
>GAASAAVWTAAA	12-GAASAAVWTAAA	9.800561	-20.568029	0	T:18.0(6.90%),B:417.0(1.08%),P:1e-8	Tpos:504.9,Tstd:343.8,Bpos:560.0,Bstd:328.6,StrandBias:-1.5,Multiplicity:1.06
0.358	0.048	0.553	0.041
0.830	0.052	0.072	0.046
0.633	0.051	0.281	0.035
0.069	0.520	0.372	0.039
0.886	0.027	0.039	0.048
0.578	0.314	0.036	0.072
0.231	0.373	0.356	0.040
0.550	0.022	0.023	0.405
0.049	0.083	0.300	0.568
0.686	0.244	0.040	0.030
0.609	0.057	0.045	0.289
0.599	0.048	0.031	0.322
>TGCACAAGTGCG	13-TGCACAAGTGCG	10.665787	-20.265329	0	T:15.0(5.75%),B:276.0(0.72%),P:1e-8	Tpos:576.2,Tstd:260.9,Bpos:539.2,Bstd:329.4,StrandBias:0.4,Multiplicity:1.07
0.001	0.005	0.001	0.993
0.149	0.001	0.652	0.198
0.001	0.798	0.090	0.111
0.945	0.001	0.053	0.001
0.046	0.659	0.190	0.105
0.848	0.001	0.001	0.150
0.997	0.001	0.001	0.001
0.003	0.003	0.591	0.403
0.094	0.001	0.001	0.904
0.090	0.001	0.760	0.149
0.052	0.897	0.001	0.050
0.116	0.001	0.704	0.179
>AAAAACAWTAAA	14-AAAAACAWTAAA	11.621723	-20.236801	0	T:50.0(19.16%),B:2932.6(7.60%),P:1e-8	Tpos:582.6,Tstd:293.1,Bpos:540.9,Bstd:321.0,StrandBias:-0.6,Multiplicity:1.22
0.575	0.001	0.306	0.118
0.633	0.001	0.001	0.365
0.997	0.001	0.001	0.001
0.997	0.001	0.001	0.001
0.997	0.001	0.001	0.001
0.001	0.708	0.001	0.290
0.997	0.001	0.001	0.001
0.545	0.001	0.001	0.453
0.001	0.001	0.001	0.997
0.997	0.001	0.001	0.001
0.997	0.001	0.001	0.001
0.997	0.001	0.001	0.001
>ATATTGATTTCT	15-ATATTGATTTCT	11.748053	-20.155428	0	T:23.0(8.81%),B:723.4(1.87%),P:1e-8	Tpos:612.6,Tstd:269.1,Bpos:544.1,Bstd:341.9,StrandBias:0.4,Multiplicity:1.00
0.964	0.001	0.001	0.034
0.001	0.125	0.001	0.873
0.997	0.001	0.001	0.001
0.001	0.001	0.001	0.997
0.001	0.115	0.001	0.883
0.096	0.079	0.824	0.001
0.875	0.001	0.123	0.001
0.001	0.001	0.001	0.997
0.142	0.001	0.001	0.856
0.001	0.001	0.001	0.997
0.088	0.891	0.001	0.020
0.001	0.001	0.166	0.832
>ATTAATTTTTCT	16-ATTAATTTTTCT	11.207099	-19.884165	0	T:40.0(15.33%),B:2046.7(5.30%),P:1e-8	Tpos:465.0,Tstd:264.4,Bpos:528.3,Bstd:324.9,StrandBias:0.9,Multiplicity:1.08
0.562	0.136	0.013	0.289
0.101	0.115	0.167	0.617
0.006	0.021	0.183	0.790
0.547	0.135	0.247	0.071
0.796	0.148	0.018	0.038
0.148	0.034	0.008	0.810
0.027	0.004	0.030	0.939
0.019	0.167	0.144	0.670
0.038	0.019	0.012	0.931
0.005	0.167	0.034	0.794
0.010	0.661	0.093	0.236
0.019	0.159	0.027	0.795
>TTCTCTTTTCTC	17-TTCTCTTTTCTC	11.096040	-19.677149	0	T:32.0(12.26%),B:1394.3(3.61%),P:1e-8	Tpos:584.1,Tstd:252.7,Bpos:540.4,Bstd:331.2,StrandBias:1.3,Multiplicity:1.09
0.001	0.051	0.064	0.884
0.001	0.001	0.050	0.948
0.001	0.948	0.001	0.050
0.001	0.061	0.001	0.937
0.001	0.914	0.001	0.084
0.120	0.001	0.001	0.878
0.001	0.139	0.001	0.859
0.105	0.057	0.111	0.727
0.001	0.001	0.001	0.997
0.001	0.961	0.001	0.037
0.001	0.057	0.001	0.941
0.001	0.997	0.001	0.001
>AATCGGTTTATT	18-AATCGGTTTATT	11.406159	-19.306376	0	T:25.0(9.58%),B:893.7(2.32%),P:1e-8	Tpos:638.4,Tstd:260.4,Bpos:527.5,Bstd:361.5,StrandBias:-0.1,Multiplicity:1.12
0.850	0.033	0.032	0.085
0.823	0.077	0.058	0.042
0.021	0.001	0.001	0.977
0.001	0.646	0.002	0.351
0.062	0.043	0.866	0.029
0.390	0.001	0.608	0.001
0.088	0.001	0.076	0.835
0.407	0.001	0.001	0.591
0.197	0.031	0.002	0.770
0.921	0.025	0.040	0.014
0.001	0.001	0.001	0.997
0.002	0.001	0.038	0.959
>TTTTGTCTAAAA	19-TTTTGTCTAAAA	13.931620	-18.900046	0	T:11.0(4.21%),B:138.9(0.36%),P:1e-8	Tpos:655.5,Tstd:268.6,Bpos:453.5,Bstd:291.8,StrandBias:0.8,Multiplicity:1.00
0.001	0.001	0.001	0.997
0.001	0.001	0.001	0.997
0.001	0.001	0.001	0.997
0.001	0.001	0.341	0.657
0.001	0.001	0.997	0.001
0.001	0.001	0.001	0.997
0.001	0.997	0.001	0.001
0.001	0.001	0.001	0.997
0.997	0.001	0.001	0.001
0.997	0.001	0.001	0.001
0.633	0.001	0.261	0.105
0.997	0.001	0.001	0.001
>CGATTTACGCGG	20-CGATTTACGCGG	12.701358	-16.937310	0	T:11.0(4.21%),B:169.7(0.44%),P:1e-7	Tpos:640.7,Tstd:196.2,Bpos:562.1,Bstd:371.5,StrandBias:1.0,Multiplicity:1.09
0.180	0.622	0.197	0.001
0.001	0.001	0.997	0.001
0.997	0.001	0.001	0.001
0.001	0.001	0.001	0.997
0.001	0.001	0.001	0.997
0.001	0.001	0.001	0.997
0.997	0.001	0.001	0.001
0.001	0.997	0.001	0.001
0.001	0.001	0.997	0.001
0.001	0.704	0.294	0.001
0.055	0.001	0.943	0.001
0.166	0.001	0.832	0.001
>AGAGACGAAACT	21-AGAGACGAAACT	15.329516	-16.496406	0	T:4.0(1.53%),B:3.7(0.01%),P:1e-7	Tpos:301.8,Tstd:156.3,Bpos:545.3,Bstd:243.6,StrandBias:0.0,Multiplicity:1.00
0.997	0.001	0.001	0.001
0.001	0.001	0.997	0.001
0.997	0.001	0.001	0.001
0.001	0.001	0.997	0.001
0.997	0.001	0.001	0.001
0.001	0.997	0.001	0.001
0.001	0.001	0.997	0.001
0.718	0.001	0.280	0.001
0.997	0.001	0.001	0.001
0.997	0.001	0.001	0.001
0.001	0.997	0.001	0.001
0.001	0.001	0.001	0.997
>ATCATGGACACA	22-ATCATGGACACA	13.824048	-14.969284	0	T:5.0(1.92%),B:17.9(0.05%),P:1e-6	Tpos:436.2,Tstd:69.2,Bpos:494.2,Bstd:388.8,StrandBias:2.8,Multiplicity:1.60
0.997	0.001	0.001	0.001
0.001	0.001	0.001	0.997
0.001	0.851	0.001	0.147
0.997	0.001	0.001	0.001
0.147	0.001	0.001	0.851
0.001	0.001	0.997	0.001
0.001	0.001	0.865	0.133
0.851	0.001	0.001	0.147
0.001	0.997	0.001	0.001
0.997	0.001	0.001	0.001
0.116	0.749	0.001	0.134
0.997	0.001	0.001	0.001
>TTCGAAATCTTG	23-TTCGAAATCTTG	12.355432	-13.180091	0	T:4.0(1.53%),B:10.5(0.03%),P:1e-5	Tpos:326.2,Tstd:210.1,Bpos:480.8,Bstd:210.8,StrandBias:0.0,Multiplicity:1.00
0.100	0.100	0.100	0.700
0.100	0.100	0.100	0.700
0.100	0.700	0.100	0.100
0.100	0.100	0.700	0.100
0.700	0.100	0.100	0.100
0.700	0.100	0.100	0.100
0.700	0.100	0.100	0.100
0.100	0.100	0.100	0.700
0.100	0.700	0.100	0.100
0.100	0.100	0.100	0.700
0.100	0.100	0.100	0.700
0.100	0.100	0.700	0.100
>TTTGGGTATTTG	24-TTTGGGTATTTG	16.325410	-12.728530	0	T:3.0(1.15%),B:2.9(0.01%),P:1e-5	Tpos:186.3,Tstd:107.0,Bpos:338.2,Bstd:31.4,StrandBias:1.0,Multiplicity:1.00
0.001	0.001	0.001	0.997
0.001	0.001	0.001	0.997
0.001	0.001	0.001	0.997
0.001	0.001	0.997	0.001
0.001	0.001	0.997	0.001
0.001	0.001	0.997	0.001
0.001	0.001	0.240	0.758
0.997	0.001	0.001	0.001
0.001	0.001	0.001	0.997
0.001	0.001	0.001	0.997
0.001	0.001	0.001	0.997
0.001	0.001	0.997	0.001
>TCGATGTACCCT	25-TCGATGTACCCT	14.265908	-6.239162	0	T:2.0(0.77%),B:8.4(0.02%),P:1e-2	Tpos:94.3,Tstd:45.5,Bpos:432.1,Bstd:295.4,StrandBias:10.0,Multiplicity:3.00
0.001	0.200	0.001	0.798
0.001	0.602	0.396	0.001
0.001	0.001	0.997	0.001
0.997	0.001	0.001	0.001
0.001	0.001	0.001	0.997
0.001	0.001	0.997	0.001
0.001	0.001	0.001	0.997
0.997	0.001	0.001	0.001
0.001	0.798	0.001	0.200
0.001	0.997	0.001	0.001
0.001	0.997	0.001	0.001
0.001	0.001	0.001	0.997
