>ACAGAAATCG	1-ACAGAAATCG	8.295938	-30.470382	0	T:64.0(24.52%),B:3403.4(8.82%),P:1e-13	Tpos:515.3,Tstd:276.7,Bpos:505.8,Bstd:333.5,StrandBias:-0.4,Multiplicity:1.02
0.973	0.001	0.025	0.001
0.001	0.997	0.001	0.001
0.824	0.154	0.001	0.021
0.037	0.027	0.935	0.001
0.892	0.069	0.001	0.038
0.890	0.001	0.048	0.061
0.966	0.001	0.032	0.001
0.052	0.026	0.034	0.888
0.078	0.703	0.087	0.132
0.001	0.022	0.976	0.001
>ATGAATTTAA	2-ATGAATTTAA	9.847376	-26.781900	0	T:71.0(27.20%),B:4391.3(11.38%),P:1e-11	Tpos:554.8,Tstd:269.1,Bpos:522.7,Bstd:319.9,StrandBias:-0.1,Multiplicity:1.10
0.976	0.001	0.022	0.001
0.047	0.087	0.001	0.865
0.156	0.053	0.643	0.148
0.930	0.001	0.014	0.055
0.978	0.001	0.001	0.020
0.001	0.001	0.010	0.988
0.049	0.001	0.123	0.827
0.107	0.056	0.001	0.836
0.997	0.001	0.001	0.001
0.987	0.011	0.001	0.001
>GGAGAACGGT	3-GGAGAACGGT	10.088416	-25.036666	0	T:19.0(7.28%),B:356.2(0.92%),P:1e-10	Tpos:451.6,Tstd:306.1,Bpos:504.4,Bstd:334.1,StrandBias:-0.7,Multiplicity:1.00
0.001	0.001	0.997	0.001
0.019	0.001	0.979	0.001
0.997	0.001	0.001	0.001
0.225	0.001	0.773	0.001
0.608	0.001	0.390	0.001
0.775	0.223	0.001	0.001
0.001	0.997	0.001	0.001
0.001	0.001	0.997	0.001
0.001	0.001	0.780	0.218
0.001	0.001	0.001	0.997
>TCCGATGTTC	4-TCCGATGTTC	8.288854	-25.019933	0	T:21.0(8.05%),B:453.7(1.18%),P:1e-10	Tpos:436.4,Tstd:280.0,Bpos:499.5,Bstd:321.6,StrandBias:-0.3,Multiplicity:1.05
0.316	0.027	0.064	0.593
0.116	0.522	0.198	0.164
0.066	0.860	0.040	0.034
0.029	0.154	0.790	0.027
0.581	0.221	0.051	0.147
0.384	0.033	0.038	0.545
0.038	0.042	0.690	0.230
0.268	0.045	0.054	0.633
0.050	0.328	0.037	0.585
0.125	0.588	0.032	0.255
>TATCGATTTA	5-TATCGATTTA	8.066808	-23.531012	0	T:120.0(45.98%),B:10450.0(27.07%),P:1e-10	Tpos:573.1,Tstd:297.6,Bpos:518.8,Bstd:332.7,StrandBias:0.2,Multiplicity:1.31
0.398	0.001	0.001	0.600
0.772	0.001	0.226	0.001
0.001	0.001	0.001	0.997
0.001	0.843	0.001	0.155
0.001	0.001	0.779	0.219
0.997	0.001	0.001	0.001
0.001	0.001	0.001	0.997
0.001	0.001	0.176	0.822
0.001	0.001	0.192	0.806
0.632	0.366	0.001	0.001
>TACGCGGCCG	6-TACGCGGCCG	10.665418	-23.136815	0	T:13.0(4.98%),B:149.5(0.39%),P:1e-10	Tpos:552.8,Tstd:312.3,Bpos:492.3,Bstd:368.1,StrandBias:-1.2,Multiplicity:1.00
0.086	0.076	0.088	0.750
0.805	0.001	0.097	0.097
0.001	0.997	0.001	0.001
0.200	0.001	0.690	0.109
0.001	0.997	0.001	0.001
0.001	0.001	0.871	0.127
0.001	0.001	0.997	0.001
0.001	0.997	0.001	0.001
0.001	0.997	0.001	0.001
0.001	0.001	0.997	0.001
>AGAAMAATCA	7-AGAAMAATCA	8.810655	-23.008197	0	T:94.0(36.02%),B:7334.8(19.00%),P:1e-9	Tpos:497.7,Tstd:285.8,Bpos:517.0,Bstd:334.9,StrandBias:-0.5,Multiplicity:1.16
0.910	0.060	0.001	0.029
0.001	0.001	0.997	0.001
0.997	0.001	0.001	0.001
0.953	0.001	0.045	0.001
0.323	0.457	0.151	0.068
0.947	0.001	0.051	0.001
0.882	0.116	0.001	0.001
0.075	0.001	0.029	0.895
0.001	0.951	0.047	0.001
0.997	0.001	0.001	0.001
>CGACGAAGAR	8-CGACGAAGAR	8.550685	-21.778000	0	T:54.0(20.69%),B:3177.6(8.23%),P:1e-9	Tpos:471.3,Tstd:300.8,Bpos:480.9,Bstd:345.2,StrandBias:0.4,Multiplicity:1.15
0.001	0.745	0.186	0.068
0.001	0.220	0.472	0.307
0.578	0.105	0.039	0.278
0.290	0.553	0.057	0.100
0.001	0.001	0.997	0.001
0.997	0.001	0.001	0.001
0.726	0.112	0.001	0.161
0.178	0.001	0.820	0.001
0.997	0.001	0.001	0.001
0.482	0.048	0.470	0.001
>GGCACAATGC	9-GGCACAATGC	9.267937	-20.576182	0	T:21.0(8.05%),B:584.5(1.51%),P:1e-8	Tpos:438.3,Tstd:266.7,Bpos:472.4,Bstd:328.0,StrandBias:-0.5,Multiplicity:1.05
0.001	0.001	0.997	0.001
0.065	0.001	0.867	0.067
0.060	0.938	0.001	0.001
0.997	0.001	0.001	0.001
0.045	0.659	0.215	0.081
0.859	0.001	0.139	0.001
0.943	0.001	0.001	0.055
0.076	0.001	0.068	0.855
0.001	0.001	0.997	0.001
0.051	0.947	0.001	0.001
>AGGAAATCAC	10-AGGAAATCAC	8.444572	-20.221577	0	T:31.0(11.88%),B:1285.9(3.33%),P:1e-8	Tpos:564.7,Tstd:254.1,Bpos:501.3,Bstd:321.0,StrandBias:-1.0,Multiplicity:1.06
0.678	0.001	0.133	0.188
0.010	0.175	0.722	0.093
0.045	0.122	0.583	0.250
0.791	0.012	0.170	0.027
0.779	0.143	0.059	0.019
0.899	0.059	0.029	0.013
0.184	0.021	0.189	0.606
0.284	0.591	0.112	0.013
0.633	0.173	0.098	0.096
0.072	0.674	0.125	0.129
>TACTGCGCGC	11-TACTGCGCGC	10.383276	-20.182379	0	T:11.0(4.21%),B:121.7(0.32%),P:1e-8	Tpos:578.6,Tstd:287.8,Bpos:543.5,Bstd:335.6,StrandBias:-1.0,Multiplicity:1.00
0.069	0.110	0.001	0.820
0.899	0.001	0.099	0.001
0.001	0.997	0.001	0.001
0.001	0.078	0.001	0.920
0.168	0.106	0.725	0.001
0.001	0.997	0.001	0.001
0.090	0.001	0.908	0.001
0.001	0.997	0.001	0.001
0.072	0.001	0.824	0.103
0.001	0.997	0.001	0.001
>AAGGAGCCCG	12-AAGGAGCCCG	9.332790	-19.964058	0	T:18.0(6.90%),B:433.7(1.12%),P:1e-8	Tpos:306.7,Tstd:181.2,Bpos:475.2,Bstd:307.6,StrandBias:0.8,Multiplicity:1.06
0.938	0.060	0.001	0.001
0.997	0.001	0.001	0.001
0.041	0.001	0.910	0.048
0.001	0.001	0.997	0.001
0.997	0.001	0.001	0.001
0.001	0.122	0.807	0.070
0.059	0.783	0.157	0.001
0.123	0.815	0.061	0.001
0.001	0.883	0.048	0.068
0.001	0.072	0.926	0.001
>YTTCTTCTCT	13-YTTCTTCTCT	9.000182	-19.960569	0	T:103.0(39.46%),B:8861.2(22.96%),P:1e-8	Tpos:522.7,Tstd:301.3,Bpos:536.7,Bstd:337.3,StrandBias:1.1,Multiplicity:1.39
0.001	0.491	0.001	0.507
0.001	0.332	0.001	0.666
0.001	0.001	0.001	0.997
0.001	0.837	0.001	0.161
0.001	0.001	0.209	0.789
0.001	0.001	0.001	0.997
0.308	0.469	0.001	0.222
0.001	0.001	0.001	0.997
0.285	0.713	0.001	0.001
0.039	0.341	0.108	0.512
>AATCCTTTCG	14-AATCCTTTCG	8.523411	-19.380026	0	T:42.0(16.09%),B:2262.8(5.86%),P:1e-8	Tpos:472.5,Tstd:330.7,Bpos:494.2,Bstd:335.6,StrandBias:-0.3,Multiplicity:1.07
0.997	0.001	0.001	0.001
0.737	0.261	0.001	0.001
0.061	0.144	0.013	0.782
0.216	0.661	0.074	0.049
0.001	0.848	0.085	0.066
0.216	0.001	0.001	0.782
0.001	0.001	0.001	0.997
0.083	0.001	0.329	0.587
0.241	0.757	0.001	0.001
0.043	0.001	0.847	0.109
>GGGAGCCTCA	15-GGGAGCCTCA	10.196892	-19.273276	0	T:12.0(4.60%),B:169.3(0.44%),P:1e-8	Tpos:262.5,Tstd:283.9,Bpos:480.0,Bstd:327.0,StrandBias:0.7,Multiplicity:1.08
0.001	0.067	0.931	0.001
0.148	0.001	0.809	0.042
0.001	0.001	0.997	0.001
0.997	0.001	0.001	0.001
0.078	0.001	0.920	0.001
0.001	0.997	0.001	0.001
0.081	0.917	0.001	0.001
0.001	0.073	0.001	0.925
0.125	0.612	0.125	0.138
0.997	0.001	0.001	0.001
>CAATGATAGA	16-CAATGATAGA	8.379987	-19.094943	0	T:49.0(18.77%),B:2940.9(7.62%),P:1e-8	Tpos:432.9,Tstd:236.6,Bpos:495.9,Bstd:322.2,StrandBias:-0.5,Multiplicity:1.10
0.001	0.888	0.001	0.110
0.886	0.001	0.112	0.001
0.637	0.001	0.214	0.148
0.256	0.087	0.145	0.512
0.079	0.001	0.919	0.001
0.971	0.027	0.001	0.001
0.001	0.001	0.001	0.997
0.697	0.147	0.155	0.001
0.103	0.233	0.625	0.039
0.887	0.001	0.001	0.111
>CTATCTCTAT	17-CTATCTCTAT	9.823031	-18.165711	0	T:23.0(8.81%),B:807.1(2.09%),P:1e-7	Tpos:464.2,Tstd:247.6,Bpos:542.4,Bstd:324.5,StrandBias:0.8,Multiplicity:1.09
0.061	0.921	0.001	0.017
0.109	0.001	0.001	0.889
0.864	0.014	0.001	0.121
0.001	0.001	0.001	0.997
0.045	0.855	0.066	0.034
0.035	0.001	0.001	0.963
0.001	0.856	0.142	0.001
0.044	0.001	0.063	0.892
0.927	0.011	0.061	0.001
0.001	0.066	0.065	0.868
>GGACATACTC	18-GGACATACTC	9.790334	-17.822400	0	T:15.0(5.75%),B:334.6(0.87%),P:1e-7	Tpos:407.9,Tstd:260.7,Bpos:465.3,Bstd:318.0,StrandBias:1.0,Multiplicity:1.20
0.001	0.001	0.711	0.287
0.001	0.106	0.892	0.001
0.997	0.001	0.001	0.001
0.001	0.792	0.199	0.008
0.997	0.001	0.001	0.001
0.001	0.001	0.001	0.997
0.813	0.001	0.001	0.185
0.001	0.750	0.137	0.112
0.001	0.285	0.001	0.713
0.001	0.776	0.001	0.222
>TTTTCTCGAT	19-TTTTCTCGAT	8.434713	-17.623145	0	T:85.0(32.57%),B:7035.8(18.23%),P:1e-7	Tpos:579.5,Tstd:275.1,Bpos:522.6,Bstd:346.9,StrandBias:1.0,Multiplicity:1.24
0.294	0.121	0.001	0.584
0.035	0.009	0.056	0.900
0.021	0.001	0.038	0.940
0.001	0.353	0.028	0.618
0.221	0.763	0.015	0.001
0.160	0.009	0.016	0.815
0.224	0.568	0.028	0.180
0.157	0.012	0.674	0.157
0.483	0.198	0.275	0.043
0.112	0.015	0.316	0.557
>TTTATTRTTT	20-TTTATTRTTT	10.168625	-17.452793	0	T:63.0(24.14%),B:4554.4(11.80%),P:1e-7	Tpos:573.2,Tstd:281.6,Bpos:538.0,Bstd:317.8,StrandBias:0.8,Multiplicity:1.27
0.001	0.046	0.001	0.952
0.047	0.021	0.055	0.877
0.001	0.073	0.050	0.876
0.865	0.026	0.014	0.095
0.097	0.001	0.048	0.854
0.001	0.001	0.045	0.953
0.372	0.108	0.519	0.001
0.001	0.001	0.001	0.997
0.001	0.001	0.134	0.864
0.047	0.001	0.001	0.951
>TGGCCGTGGA	21-TGGCCGTGGA	9.615467	-17.192781	0	T:19.0(7.28%),B:584.3(1.51%),P:1e-7	Tpos:508.1,Tstd:299.1,Bpos:510.0,Bstd:337.6,StrandBias:0.0,Multiplicity:1.05
0.001	0.001	0.001	0.997
0.001	0.001	0.997	0.001
0.078	0.001	0.920	0.001
0.054	0.823	0.065	0.058
0.001	0.958	0.040	0.001
0.001	0.001	0.997	0.001
0.110	0.001	0.001	0.888
0.110	0.001	0.807	0.082
0.040	0.001	0.958	0.001
0.694	0.221	0.001	0.084
>ATTCCGAATT	22-ATTCCGAATT	8.972910	-13.727497	0	T:65.0(24.90%),B:5289.1(13.70%),P:1e-5	Tpos:504.0,Tstd:298.5,Bpos:505.4,Bstd:335.1,StrandBias:0.8,Multiplicity:1.23
0.833	0.051	0.036	0.080
0.309	0.001	0.001	0.689
0.001	0.001	0.001	0.997
0.001	0.961	0.037	0.001
0.001	0.645	0.347	0.007
0.085	0.001	0.885	0.029
0.997	0.001	0.001	0.001
0.796	0.049	0.008	0.147
0.060	0.001	0.051	0.888
0.052	0.001	0.034	0.913
>GACCATGATC	23-GACCATGATC	9.985280	-13.388633	0	T:12.0(4.60%),B:299.8(0.78%),P:1e-5	Tpos:302.2,Tstd:140.9,Bpos:408.7,Bstd:306.1,StrandBias:-1.0,Multiplicity:1.25
0.050	0.053	0.896	0.001
0.746	0.088	0.103	0.063
0.034	0.900	0.065	0.001
0.001	0.864	0.051	0.084
0.997	0.001	0.001	0.001
0.001	0.102	0.001	0.896
0.001	0.048	0.950	0.001
0.997	0.001	0.001	0.001
0.001	0.001	0.001	0.997
0.086	0.846	0.067	0.001
>GATATTCGCC	24-GATATTCGCC	9.272922	-13.085333	0	T:17.0(6.51%),B:628.0(1.63%),P:1e-5	Tpos:565.1,Tstd:239.5,Bpos:497.9,Bstd:329.7,StrandBias:0.8,Multiplicity:1.12
0.081	0.089	0.829	0.001
0.876	0.122	0.001	0.001
0.001	0.124	0.001	0.874
0.921	0.001	0.077	0.001
0.173	0.001	0.001	0.825
0.001	0.001	0.001	0.997
0.001	0.992	0.001	0.006
0.083	0.070	0.700	0.147
0.173	0.734	0.092	0.001
0.001	0.837	0.089	0.073
>AGGATASVTC	25-AGGATASVTC	7.781439	-8.554098	0	T:7.0(2.68%),B:168.1(0.44%),P:1e-3	Tpos:253.6,Tstd:278.6,Bpos:481.9,Bstd:312.7,StrandBias:-1.4,Multiplicity:1.57
0.732	0.028	0.020	0.220
0.012	0.033	0.918	0.037
0.038	0.092	0.569	0.301
0.538	0.100	0.332	0.030
0.209	0.015	0.206	0.570
0.480	0.249	0.237	0.034
0.072	0.458	0.388	0.083
0.313	0.376	0.280	0.031
0.253	0.030	0.033	0.684
0.070	0.698	0.050	0.182
>TTAATTTAATTT	1-TTAATTTAATTT	11.223711	-28.230801	0	T:42.0(16.09%),B:1688.3(4.37%),P:1e-12	Tpos:566.9,Tstd:249.0,Bpos:530.0,Bstd:323.4,StrandBias:1.0,Multiplicity:1.05
0.041	0.050	0.052	0.857
0.055	0.173	0.038	0.734
0.757	0.024	0.201	0.018
0.699	0.237	0.040	0.024
0.262	0.110	0.014	0.614
0.027	0.037	0.072	0.864
0.248	0.039	0.028	0.685
0.844	0.056	0.060	0.040
0.659	0.014	0.037	0.290
0.057	0.161	0.039	0.743
0.212	0.036	0.019	0.733
0.287	0.022	0.011	0.680
>TTTCGGTTCTTC	2-TTTCGGTTCTTC	12.166074	-26.114258	0	T:17.0(6.51%),B:250.2(0.65%),P:1e-11	Tpos:440.2,Tstd:330.3,Bpos:559.5,Bstd:324.2,StrandBias:0.9,Multiplicity:1.00
0.001	0.001	0.001	0.997
0.125	0.001	0.160	0.714
0.001	0.001	0.001	0.997
0.001	0.922	0.076	0.001
0.001	0.001	0.997	0.001
0.001	0.001	0.840	0.158
0.001	0.001	0.001	0.997
0.001	0.001	0.316	0.682
0.001	0.931	0.001	0.067
0.001	0.001	0.001	0.997
0.001	0.001	0.001	0.997
0.001	0.788	0.094	0.117
>ACACGTTGCTTC	3-ACACGTTGCTTC	10.155559	-25.765258	0	T:18.0(6.90%),B:297.7(0.77%),P:1e-11	Tpos:531.6,Tstd:281.5,Bpos:533.8,Bstd:308.7,StrandBias:0.7,Multiplicity:1.00
0.789	0.105	0.105	0.001
0.019	0.845	0.068	0.068
0.894	0.001	0.001	0.104
0.082	0.812	0.105	0.001
0.001	0.292	0.688	0.019
0.001	0.001	0.075	0.923
0.001	0.105	0.370	0.524
0.068	0.001	0.930	0.001
0.008	0.818	0.001	0.173
0.001	0.019	0.001	0.979
0.001	0.001	0.114	0.884
0.018	0.850	0.001	0.131
>TGGAGAACGGTC	4-TGGAGAACGGTC	13.596691	-25.299931	0	T:8.0(3.07%),B:20.9(0.05%),P:1e-10	Tpos:372.6,Tstd:210.3,Bpos:486.4,Bstd:283.8,StrandBias:-0.7,Multiplicity:1.00
0.170	0.001	0.001	0.828
0.001	0.001	0.997	0.001
0.001	0.001	0.997	0.001
0.997	0.001	0.001	0.001
0.001	0.001	0.997	0.001
0.828	0.001	0.170	0.001
0.852	0.146	0.001	0.001
0.001	0.997	0.001	0.001
0.001	0.146	0.852	0.001
0.001	0.001	0.852	0.146
0.001	0.001	0.001	0.997
0.001	0.883	0.001	0.115
>ACAAATGAAAAG	5-ACAAATGAAAAG	12.997556	-23.910313	0	T:17.0(6.51%),B:290.4(0.75%),P:1e-10	Tpos:536.4,Tstd:284.1,Bpos:539.6,Bstd:295.9,StrandBias:-0.2,Multiplicity:1.00
0.955	0.001	0.001	0.043
0.025	0.879	0.095	0.001
0.997	0.001	0.001	0.001
0.997	0.001	0.001	0.001
0.997	0.001	0.001	0.001
0.046	0.001	0.066	0.887
0.036	0.085	0.817	0.062
0.908	0.001	0.001	0.090
0.882	0.116	0.001	0.001
0.997	0.001	0.001	0.001
0.932	0.066	0.001	0.001
0.106	0.033	0.828	0.033
>ATAAGAAAAGGG	6-ATAAGAAAAGGG	12.404929	-22.472712	0	T:15.0(5.75%),B:233.8(0.61%),P:1e-9	Tpos:619.8,Tstd:323.8,Bpos:542.5,Bstd:312.7,StrandBias:-3.9,Multiplicity:1.07
0.997	0.001	0.001	0.001
0.081	0.001	0.232	0.686
0.814	0.184	0.001	0.001
0.939	0.059	0.001	0.001
0.102	0.001	0.896	0.001
0.997	0.001	0.001	0.001
0.997	0.001	0.001	0.001
0.997	0.001	0.001	0.001
0.997	0.001	0.001	0.001
0.001	0.100	0.835	0.064
0.066	0.001	0.932	0.001
0.001	0.001	0.997	0.001
>AAATTCCGAATT	7-AAATTCCGAATT	11.203945	-21.732779	0	T:33.0(12.64%),B:1354.3(3.51%),P:1e-9	Tpos:581.4,Tstd:318.5,Bpos:510.4,Bstd:336.3,StrandBias:0.1,Multiplicity:1.12
0.997	0.001	0.001	0.001
0.997	0.001	0.001	0.001
0.832	0.067	0.100	0.001
0.193	0.001	0.001	0.805
0.001	0.001	0.001	0.997
0.037	0.930	0.032	0.001
0.016	0.970	0.001	0.013
0.051	0.001	0.916	0.032
0.997	0.001	0.001	0.001
0.811	0.072	0.001	0.116
0.034	0.001	0.117	0.848
0.048	0.001	0.001	0.950
>GGACTACGTTGG	8-GGACTACGTTGG	14.560138	-21.045572	0	T:5.0(1.92%),B:3.8(0.01%),P:1e-9	Tpos:550.8,Tstd:220.9,Bpos:529.9,Bstd:40.1,StrandBias:0.6,Multiplicity:1.00
0.001	0.001	0.997	0.001
0.001	0.001	0.997	0.001
0.768	0.001	0.230	0.001
0.001	0.997	0.001	0.001
0.001	0.001	0.001	0.997
0.997	0.001	0.001	0.001
0.001	0.997	0.001	0.001
0.230	0.001	0.768	0.001
0.001	0.001	0.268	0.730
0.001	0.001	0.001	0.997
0.001	0.001	0.997	0.001
0.001	0.001	0.997	0.001
>AGATACAAGCTC	9-AGATACAAGCTC	13.751551	-20.968594	0	T:7.0(2.68%),B:22.2(0.06%),P:1e-9	Tpos:427.3,Tstd:281.8,Bpos:459.4,Bstd:341.8,StrandBias:2.6,Multiplicity:1.00
0.870	0.001	0.001	0.128
0.128	0.001	0.870	0.001
0.821	0.177	0.001	0.001
0.001	0.128	0.001	0.870
0.997	0.001	0.001	0.001
0.001	0.846	0.152	0.001
0.997	0.001	0.001	0.001
0.997	0.001	0.001	0.001
0.001	0.001	0.997	0.001
0.001	0.997	0.001	0.001
0.152	0.001	0.001	0.846
0.001	0.997	0.001	0.001
>TCCACTTTTCCC	10-TCCACTTTTCCC	11.080238	-20.863885	0	T:16.0(6.13%),B:309.1(0.80%),P:1e-9	Tpos:530.8,Tstd:303.3,Bpos:501.7,Bstd:328.8,StrandBias:0.7,Multiplicity:1.00
0.001	0.001	0.001	0.997
0.001	0.938	0.001	0.060
0.001	0.890	0.001	0.108
0.918	0.080	0.001	0.001
0.001	0.876	0.122	0.001
0.001	0.135	0.001	0.863
0.026	0.001	0.001	0.972
0.001	0.001	0.001	0.997
0.144	0.001	0.001	0.854
0.001	0.931	0.001	0.067
0.001	0.931	0.001	0.067
0.001	0.829	0.096	0.074
>TSTCTTATCTTT	11-TSTCTTATCTTT	10.285771	-20.727496	0	T:29.0(11.11%),B:1109.3(2.87%),P:1e-9	Tpos:571.1,Tstd:272.9,Bpos:552.0,Bstd:323.8,StrandBias:0.7,Multiplicity:1.07
0.001	0.001	0.001	0.997
0.110	0.393	0.391	0.106
0.231	0.001	0.001	0.767
0.091	0.804	0.001	0.104
0.102	0.001	0.092	0.805
0.001	0.001	0.001	0.997
0.823	0.105	0.001	0.071
0.126	0.059	0.001	0.814
0.049	0.592	0.245	0.114
0.082	0.001	0.379	0.538
0.001	0.001	0.259	0.739
0.001	0.053	0.001	0.945
>GAASAAVWTAAA	12-GAASAAVWTAAA	9.800561	-20.568029	0	T:18.0(6.90%),B:417.0(1.08%),P:1e-8	Tpos:504.9,Tstd:343.8,Bpos:560.0,Bstd:328.6,StrandBias:-1.5,Multiplicity:1.06
0.358	0.048	0.553	0.041
0.830	0.052	0.072	0.046
0.633	0.051	0.281	0.035
0.069	0.520	0.372	0.039
0.886	0.027	0.039	0.048
0.578	0.314	0.036	0.072
0.231	0.373	0.356	0.040
0.550	0.022	0.023	0.405
0.049	0.083	0.300	0.568
0.686	0.244	0.040	0.030
0.609	0.057	0.045	0.289
0.599	0.048	0.031	0.322
>TGCACAAGTGCG	13-TGCACAAGTGCG	10.665787	-20.265329	0	T:15.0(5.75%),B:276.0(0.72%),P:1e-8	Tpos:576.2,Tstd:260.9,Bpos:539.2,Bstd:329.4,StrandBias:0.4,Multiplicity:1.07
0.001	0.005	0.001	0.993
0.149	0.001	0.652	0.198
0.001	0.798	0.090	0.111
0.945	0.001	0.053	0.001
0.046	0.659	0.190	0.105
0.848	0.001	0.001	0.150
0.997	0.001	0.001	0.001
0.003	0.003	0.591	0.403
0.094	0.001	0.001	0.904
0.090	0.001	0.760	0.149
0.052	0.897	0.001	0.050
0.116	0.001	0.704	0.179
>AAAAACAWTAAA	14-AAAAACAWTAAA	11.621723	-20.236801	0	T:50.0(19.16%),B:2932.6(7.60%),P:1e-8	Tpos:582.6,Tstd:293.1,Bpos:540.9,Bstd:321.0,StrandBias:-0.6,Multiplicity:1.22
0.575	0.001	0.306	0.118
0.633	0.001	0.001	0.365
0.997	0.001	0.001	0.001
0.997	0.001	0.001	0.001
0.997	0.001	0.001	0.001
0.001	0.708	0.001	0.290
0.997	0.001	0.001	0.001
0.545	0.001	0.001	0.453
0.001	0.001	0.001	0.997
0.997	0.001	0.001	0.001
0.997	0.001	0.001	0.001
0.997	0.001	0.001	0.001
>ATATTGATTTCT	15-ATATTGATTTCT	11.748053	-20.155428	0	T:23.0(8.81%),B:723.4(1.87%),P:1e-8	Tpos:612.6,Tstd:269.1,Bpos:544.1,Bstd:341.9,StrandBias:0.4,Multiplicity:1.00
0.964	0.001	0.001	0.034
0.001	0.125	0.001	0.873
0.997	0.001	0.001	0.001
0.001	0.001	0.001	0.997
0.001	0.115	0.001	0.883
0.096	0.079	0.824	0.001
0.875	0.001	0.123	0.001
0.001	0.001	0.001	0.997
0.142	0.001	0.001	0.856
0.001	0.001	0.001	0.997
0.088	0.891	0.001	0.020
0.001	0.001	0.166	0.832
>ATTAATTTTTCT	16-ATTAATTTTTCT	11.207099	-19.884165	0	T:40.0(15.33%),B:2046.7(5.30%),P:1e-8	Tpos:465.0,Tstd:264.4,Bpos:528.3,Bstd:324.9,StrandBias:0.9,Multiplicity:1.08
0.562	0.136	0.013	0.289
0.101	0.115	0.167	0.617
0.006	0.021	0.183	0.790
0.547	0.135	0.247	0.071
0.796	0.148	0.018	0.038
0.148	0.034	0.008	0.810
0.027	0.004	0.030	0.939
0.019	0.167	0.144	0.670
0.038	0.019	0.012	0.931
0.005	0.167	0.034	0.794
0.010	0.661	0.093	0.236
0.019	0.159	0.027	0.795
>TTCTCTTTTCTC	17-TTCTCTTTTCTC	11.096040	-19.677149	0	T:32.0(12.26%),B:1394.3(3.61%),P:1e-8	Tpos:584.1,Tstd:252.7,Bpos:540.4,Bstd:331.2,StrandBias:1.3,Multiplicity:1.09
0.001	0.051	0.064	0.884
0.001	0.001	0.050	0.948
0.001	0.948	0.001	0.050
0.001	0.061	0.001	0.937
0.001	0.914	0.001	0.084
0.120	0.001	0.001	0.878
0.001	0.139	0.001	0.859
0.105	0.057	0.111	0.727
0.001	0.001	0.001	0.997
0.001	0.961	0.001	0.037
0.001	0.057	0.001	0.941
0.001	0.997	0.001	0.001
>AATCGGTTTATT	18-AATCGGTTTATT	11.406159	-19.306376	0	T:25.0(9.58%),B:893.7(2.32%),P:1e-8	Tpos:638.4,Tstd:260.4,Bpos:527.5,Bstd:361.5,StrandBias:-0.1,Multiplicity:1.12
0.850	0.033	0.032	0.085
0.823	0.077	0.058	0.042
0.021	0.001	0.001	0.977
0.001	0.646	0.002	0.351
0.062	0.043	0.866	0.029
0.390	0.001	0.608	0.001
0.088	0.001	0.076	0.835
0.407	0.001	0.001	0.591
0.197	0.031	0.002	0.770
0.921	0.025	0.040	0.014
0.001	0.001	0.001	0.997
0.002	0.001	0.038	0.959
>TTTTGTCTAAAA	19-TTTTGTCTAAAA	13.931620	-18.900046	0	T:11.0(4.21%),B:138.9(0.36%),P:1e-8	Tpos:655.5,Tstd:268.6,Bpos:453.5,Bstd:291.8,StrandBias:0.8,Multiplicity:1.00
0.001	0.001	0.001	0.997
0.001	0.001	0.001	0.997
0.001	0.001	0.001	0.997
0.001	0.001	0.341	0.657
0.001	0.001	0.997	0.001
0.001	0.001	0.001	0.997
0.001	0.997	0.001	0.001
0.001	0.001	0.001	0.997
0.997	0.001	0.001	0.001
0.997	0.001	0.001	0.001
0.633	0.001	0.261	0.105
0.997	0.001	0.001	0.001
>CGATTTACGCGG	20-CGATTTACGCGG	12.701358	-16.937310	0	T:11.0(4.21%),B:169.7(0.44%),P:1e-7	Tpos:640.7,Tstd:196.2,Bpos:562.1,Bstd:371.5,StrandBias:1.0,Multiplicity:1.09
0.180	0.622	0.197	0.001
0.001	0.001	0.997	0.001
0.997	0.001	0.001	0.001
0.001	0.001	0.001	0.997
0.001	0.001	0.001	0.997
0.001	0.001	0.001	0.997
0.997	0.001	0.001	0.001
0.001	0.997	0.001	0.001
0.001	0.001	0.997	0.001
0.001	0.704	0.294	0.001
0.055	0.001	0.943	0.001
0.166	0.001	0.832	0.001
>AGAGACGAAACT	21-AGAGACGAAACT	15.329516	-16.496406	0	T:4.0(1.53%),B:3.7(0.01%),P:1e-7	Tpos:301.8,Tstd:156.3,Bpos:545.3,Bstd:243.6,StrandBias:0.0,Multiplicity:1.00
0.997	0.001	0.001	0.001
0.001	0.001	0.997	0.001
0.997	0.001	0.001	0.001
0.001	0.001	0.997	0.001
0.997	0.001	0.001	0.001
0.001	0.997	0.001	0.001
0.001	0.001	0.997	0.001
0.718	0.001	0.280	0.001
0.997	0.001	0.001	0.001
0.997	0.001	0.001	0.001
0.001	0.997	0.001	0.001
0.001	0.001	0.001	0.997
>ATCATGGACACA	22-ATCATGGACACA	13.824048	-14.969284	0	T:5.0(1.92%),B:17.9(0.05%),P:1e-6	Tpos:436.2,Tstd:69.2,Bpos:494.2,Bstd:388.8,StrandBias:2.8,Multiplicity:1.60
0.997	0.001	0.001	0.001
0.001	0.001	0.001	0.997
0.001	0.851	0.001	0.147
0.997	0.001	0.001	0.001
0.147	0.001	0.001	0.851
0.001	0.001	0.997	0.001
0.001	0.001	0.865	0.133
0.851	0.001	0.001	0.147
0.001	0.997	0.001	0.001
0.997	0.001	0.001	0.001
0.116	0.749	0.001	0.134
0.997	0.001	0.001	0.001
>TTCGAAATCTTG	23-TTCGAAATCTTG	12.355432	-13.180091	0	T:4.0(1.53%),B:10.5(0.03%),P:1e-5	Tpos:326.2,Tstd:210.1,Bpos:480.8,Bstd:210.8,StrandBias:0.0,Multiplicity:1.00
0.100	0.100	0.100	0.700
0.100	0.100	0.100	0.700
0.100	0.700	0.100	0.100
0.100	0.100	0.700	0.100
0.700	0.100	0.100	0.100
0.700	0.100	0.100	0.100
0.700	0.100	0.100	0.100
0.100	0.100	0.100	0.700
0.100	0.700	0.100	0.100
0.100	0.100	0.100	0.700
0.100	0.100	0.100	0.700
0.100	0.100	0.700	0.100
>TTTGGGTATTTG	24-TTTGGGTATTTG	16.325410	-12.728530	0	T:3.0(1.15%),B:2.9(0.01%),P:1e-5	Tpos:186.3,Tstd:107.0,Bpos:338.2,Bstd:31.4,StrandBias:1.0,Multiplicity:1.00
0.001	0.001	0.001	0.997
0.001	0.001	0.001	0.997
0.001	0.001	0.001	0.997
0.001	0.001	0.997	0.001
0.001	0.001	0.997	0.001
0.001	0.001	0.997	0.001
0.001	0.001	0.240	0.758
0.997	0.001	0.001	0.001
0.001	0.001	0.001	0.997
0.001	0.001	0.001	0.997
0.001	0.001	0.001	0.997
0.001	0.001	0.997	0.001
>TCGATGTACCCT	25-TCGATGTACCCT	14.265908	-6.239162	0	T:2.0(0.77%),B:8.4(0.02%),P:1e-2	Tpos:94.3,Tstd:45.5,Bpos:432.1,Bstd:295.4,StrandBias:10.0,Multiplicity:3.00
0.001	0.200	0.001	0.798
0.001	0.602	0.396	0.001
0.001	0.001	0.997	0.001
0.997	0.001	0.001	0.001
0.001	0.001	0.001	0.997
0.001	0.001	0.997	0.001
0.001	0.001	0.001	0.997
0.997	0.001	0.001	0.001
0.001	0.798	0.001	0.200
0.001	0.997	0.001	0.001
0.001	0.997	0.001	0.001
0.001	0.001	0.001	0.997
>YACGCAGA	1-YACGCAGA	5.820939	-18.657821	0	T:116.0(44.44%),B:10733.5(27.81%),P:1e-8	Tpos:491.6,Tstd:273.6,Bpos:502.0,Bstd:339.2,StrandBias:-0.4,Multiplicity:1.26
0.001	0.424	0.178	0.397
0.997	0.001	0.001	0.001
0.001	0.997	0.001	0.001
0.001	0.001	0.997	0.001
0.191	0.767	0.022	0.020
0.997	0.001	0.001	0.001
0.001	0.340	0.658	0.001
0.997	0.001	0.001	0.001
>AGAAAACA	2-AGAAAACA	8.221347	-17.681700	0	T:143.0(54.79%),B:14585.9(37.79%),P:1e-7	Tpos:535.5,Tstd:296.0,Bpos:532.7,Bstd:325.5,StrandBias:-0.7,Multiplicity:1.45
0.852	0.001	0.146	0.001
0.001	0.001	0.997	0.001
0.997	0.001	0.001	0.001
0.889	0.001	0.109	0.001
0.997	0.001	0.001	0.001
0.816	0.001	0.099	0.084
0.001	0.758	0.240	0.001
0.997	0.001	0.001	0.001
>CRCTGTCW	3-CRCTGTCW	9.204688	-17.414722	0	T:36.0(13.79%),B:1881.2(4.87%),P:1e-7	Tpos:458.4,Tstd:312.4,Bpos:503.8,Bstd:337.5,StrandBias:0.6,Multiplicity:1.06
0.001	0.997	0.001	0.001
0.524	0.001	0.474	0.001
0.001	0.639	0.359	0.001
0.001	0.001	0.001	0.997
0.001	0.001	0.997	0.001
0.001	0.001	0.001	0.997
0.001	0.997	0.001	0.001
0.538	0.001	0.001	0.460
>GCGATATC	4-GCGATATC	8.107004	-12.494007	0	T:30.0(11.49%),B:1746.7(4.52%),P:1e-5	Tpos:485.3,Tstd:263.4,Bpos:501.4,Bstd:319.3,StrandBias:1.0,Multiplicity:1.10
0.001	0.001	0.997	0.001
0.001	0.997	0.001	0.001
0.001	0.158	0.840	0.001
0.448	0.262	0.001	0.289
0.001	0.001	0.001	0.997
0.997	0.001	0.001	0.001
0.272	0.001	0.001	0.726
0.001	0.997	0.001	0.001
>AATTCSGA	5-AATTCSGA	8.653121	-11.967807	0	T:50.0(19.16%),B:3857.7(9.99%),P:1e-5	Tpos:449.3,Tstd:274.5,Bpos:492.1,Bstd:341.8,StrandBias:-0.6,Multiplicity:1.10
0.646	0.001	0.001	0.352
0.631	0.211	0.157	0.001
0.001	0.021	0.312	0.666
0.001	0.001	0.001	0.997
0.001	0.997	0.001	0.001
0.001	0.432	0.566	0.001
0.001	0.001	0.997	0.001
0.752	0.195	0.052	0.001
>ACTTGCGT	6-ACTTGCGT	8.540517	-11.944155	0	T:24.0(9.20%),B:1252.8(3.25%),P:1e-5	Tpos:586.1,Tstd:230.5,Bpos:518.3,Bstd:299.8,StrandBias:-0.1,Multiplicity:1.00
0.997	0.001	0.001	0.001
0.001	0.997	0.001	0.001
0.001	0.093	0.001	0.905
0.001	0.001	0.001	0.997
0.001	0.001	0.997	0.001
0.001	0.997	0.001	0.001
0.001	0.143	0.855	0.001
0.001	0.001	0.001	0.997
>TTTATTAT	7-TTTATTAT	8.236954	-11.404075	0	T:66.0(25.29%),B:5790.1(15.00%),P:1e-4	Tpos:559.7,Tstd:299.8,Bpos:519.3,Bstd:317.6,StrandBias:0.5,Multiplicity:1.15
0.100	0.100	0.100	0.700
0.100	0.100	0.100	0.700
0.100	0.100	0.100	0.700
0.700	0.100	0.100	0.100
0.100	0.100	0.100	0.700
0.100	0.100	0.100	0.700
0.700	0.100	0.100	0.100
0.100	0.100	0.100	0.700
>CCAGTCTC	8-CCAGTCTC	8.772186	-10.981482	0	T:33.0(12.64%),B:2187.6(5.67%),P:1e-4	Tpos:487.7,Tstd:302.4,Bpos:507.2,Bstd:333.0,StrandBias:1.4,Multiplicity:1.09
0.001	0.836	0.001	0.162
0.001	0.997	0.001	0.001
0.794	0.001	0.204	0.001
0.221	0.001	0.777	0.001
0.001	0.001	0.001	0.997
0.001	0.997	0.001	0.001
0.001	0.001	0.001	0.997
0.001	0.997	0.001	0.001
>CTGCGCGC	9-CTGCGCGC	8.236954	-7.685996	0	T:7.0(2.68%),B:195.2(0.51%),P:1e-3	Tpos:757.8,Tstd:252.8,Bpos:546.5,Bstd:337.4,StrandBias:1.0,Multiplicity:1.00
0.100	0.700	0.100	0.100
0.100	0.100	0.100	0.700
0.100	0.100	0.700	0.100
0.100	0.700	0.100	0.100
0.100	0.100	0.700	0.100
0.100	0.700	0.100	0.100
0.100	0.100	0.700	0.100
0.100	0.700	0.100	0.100
