>CTWAAGAGTTCA	1-CTWAAGAGTTCA	10.369139	-17.827555	0	T:10.0(17.54%),B:613.1(1.54%),P:1e-7	Tpos:478.8,Tstd:299.3,Bpos:497.7,Bstd:292.8,StrandBias:1.0,Multiplicity:1.20
0.003	0.759	0.162	0.076
0.360	0.099	0.001	0.540
0.469	0.001	0.001	0.529
0.821	0.075	0.001	0.103
0.900	0.001	0.098	0.001
0.062	0.335	0.600	0.003
0.609	0.352	0.001	0.038
0.001	0.001	0.605	0.393
0.182	0.001	0.001	0.816
0.282	0.001	0.251	0.466
0.001	0.997	0.001	0.001
0.994	0.001	0.004	0.001
>AGAATTGATAAG	2-AGAATTGATAAG	13.504810	-17.458369	0	T:7.0(12.28%),B:209.5(0.53%),P:1e-7	Tpos:500.7,Tstd:251.6,Bpos:566.9,Bstd:320.3,StrandBias:-1.3,Multiplicity:1.00
0.997	0.001	0.001	0.001
0.088	0.149	0.762	0.001
0.847	0.001	0.001	0.151
0.997	0.001	0.001	0.001
0.118	0.001	0.001	0.880
0.001	0.001	0.001	0.997
0.001	0.001	0.997	0.001
0.997	0.001	0.001	0.001
0.001	0.001	0.137	0.861
0.997	0.001	0.001	0.001
0.790	0.208	0.001	0.001
0.001	0.001	0.997	0.001
>CTCTTTTGTATT	3-CTCTTTTGTATT	13.586160	-16.939508	0	T:7.0(12.28%),B:226.3(0.57%),P:1e-7	Tpos:497.6,Tstd:271.4,Bpos:488.6,Bstd:353.9,StrandBias:0.4,Multiplicity:1.00
0.001	0.997	0.001	0.001
0.001	0.001	0.001	0.997
0.001	0.881	0.001	0.117
0.001	0.229	0.001	0.769
0.001	0.001	0.001	0.997
0.270	0.001	0.001	0.728
0.001	0.001	0.001	0.997
0.001	0.001	0.884	0.114
0.111	0.001	0.001	0.887
0.997	0.001	0.001	0.001
0.001	0.001	0.001	0.997
0.001	0.001	0.001	0.997
>ARCAACTGGGTA	4-ARCAACTGGGTA	8.483993	-15.297816	0	T:14.0(24.56%),B:1827.8(4.59%),P:1e-6	Tpos:488.5,Tstd:242.3,Bpos:491.5,Bstd:290.6,StrandBias:-0.4,Multiplicity:1.14
0.713	0.001	0.285	0.001
0.439	0.001	0.559	0.001
0.285	0.713	0.001	0.001
0.986	0.001	0.012	0.001
0.997	0.001	0.001	0.001
0.001	0.773	0.001	0.225
0.001	0.001	0.001	0.997
0.001	0.001	0.773	0.225
0.225	0.001	0.773	0.001
0.012	0.214	0.773	0.001
0.001	0.001	0.001	0.997
0.988	0.001	0.010	0.001
>TGTTGAGGCTCA	5-TGTTGAGGCTCA	10.477810	-14.266089	0	T:7.0(12.28%),B:339.2(0.85%),P:1e-6	Tpos:624.2,Tstd:238.1,Bpos:458.2,Bstd:302.2,StrandBias:-0.7,Multiplicity:1.71
0.121	0.131	0.146	0.602
0.114	0.001	0.718	0.167
0.001	0.001	0.281	0.717
0.001	0.001	0.001	0.997
0.001	0.001	0.858	0.140
0.997	0.001	0.001	0.001
0.086	0.001	0.832	0.081
0.006	0.282	0.581	0.131
0.001	0.997	0.001	0.001
0.001	0.140	0.001	0.858
0.140	0.858	0.001	0.001
0.997	0.001	0.001	0.001
>ATCACAGCTTGC	6-ATCACAGCTTGC	12.603688	-14.261207	0	T:4.0(7.02%),B:43.8(0.11%),P:1e-6	Tpos:452.2,Tstd:287.0,Bpos:557.8,Bstd:296.2,StrandBias:2.3,Multiplicity:1.50
0.766	0.001	0.232	0.001
0.001	0.001	0.001	0.997
0.001	0.805	0.193	0.001
0.997	0.001	0.001	0.001
0.001	0.997	0.001	0.001
0.997	0.001	0.001	0.001
0.001	0.001	0.805	0.193
0.001	0.997	0.001	0.001
0.232	0.001	0.001	0.766
0.001	0.001	0.001	0.997
0.001	0.001	0.997	0.001
0.169	0.829	0.001	0.001
>CTTCTTTTTGGG	7-CTTCTTTTTGGG	10.289226	-13.824756	0	T:10.0(17.54%),B:952.5(2.39%),P:1e-6	Tpos:561.2,Tstd:236.9,Bpos:512.2,Bstd:299.9,StrandBias:-1.0,Multiplicity:1.20
0.110	0.888	0.001	0.001
0.115	0.091	0.122	0.672
0.001	0.001	0.145	0.853
0.271	0.615	0.067	0.047
0.001	0.001	0.001	0.997
0.001	0.001	0.114	0.884
0.001	0.001	0.001	0.997
0.145	0.001	0.097	0.757
0.145	0.001	0.001	0.853
0.001	0.001	0.995	0.003
0.074	0.001	0.759	0.166
0.102	0.146	0.748	0.004
>TTTTTCAGTTTA	8-TTTTTCAGTTTA	11.460786	-13.385226	0	T:12.0(21.05%),B:1532.2(3.85%),P:1e-5	Tpos:552.4,Tstd:288.5,Bpos:525.3,Bstd:307.6,StrandBias:0.0,Multiplicity:1.45
0.001	0.001	0.133	0.865
0.001	0.001	0.001	0.997
0.001	0.001	0.001	0.997
0.001	0.001	0.001	0.997
0.001	0.001	0.001	0.997
0.001	0.906	0.092	0.001
0.848	0.027	0.124	0.001
0.051	0.103	0.845	0.001
0.001	0.001	0.001	0.997
0.001	0.001	0.115	0.883
0.001	0.090	0.081	0.828
0.837	0.060	0.102	0.001
>ACTTTTGCHGCT	9-ACTTTTGCHGCT	12.614060	-13.227899	0	T:5.0(8.77%),B:135.9(0.34%),P:1e-5	Tpos:506.9,Tstd:270.6,Bpos:484.4,Bstd:301.7,StrandBias:2.6,Multiplicity:1.40
0.997	0.001	0.001	0.001
0.001	0.997	0.001	0.001
0.001	0.001	0.001	0.997
0.001	0.001	0.001	0.997
0.001	0.001	0.001	0.997
0.001	0.362	0.001	0.636
0.001	0.001	0.997	0.001
0.001	0.997	0.001	0.001
0.283	0.353	0.001	0.363
0.176	0.001	0.822	0.001
0.170	0.828	0.001	0.001
0.001	0.001	0.001	0.997
>TGCTCAAAATCG	10-TGCTCAAAATCG	13.435631	-12.107900	0	T:5.0(8.77%),B:171.2(0.43%),P:1e-5	Tpos:450.8,Tstd:261.7,Bpos:452.1,Bstd:299.9,StrandBias:-1.6,Multiplicity:1.60
0.001	0.001	0.179	0.819
0.001	0.001	0.997	0.001
0.001	0.997	0.001	0.001
0.001	0.001	0.001	0.997
0.001	0.874	0.124	0.001
0.813	0.001	0.001	0.185
0.997	0.001	0.001	0.001
0.997	0.001	0.001	0.001
0.997	0.001	0.001	0.001
0.001	0.001	0.001	0.997
0.001	0.900	0.001	0.098
0.133	0.001	0.730	0.136
>TTTCCTCTTTTC	11-TTTCCTCTTTTC	9.591973	-11.209514	0	T:15.0(26.32%),B:2969.6(7.46%),P:1e-4	Tpos:618.4,Tstd:307.8,Bpos:556.4,Bstd:313.5,StrandBias:1.1,Multiplicity:1.07
0.063	0.154	0.060	0.723
0.101	0.057	0.139	0.703
0.058	0.143	0.001	0.798
0.098	0.640	0.107	0.155
0.193	0.508	0.085	0.214
0.116	0.171	0.057	0.656
0.113	0.578	0.086	0.223
0.087	0.082	0.200	0.631
0.067	0.104	0.122	0.707
0.110	0.062	0.046	0.782
0.161	0.131	0.086	0.622
0.062	0.658	0.078	0.202
>TCCAGTTCTGCT	12-TCCAGTTCTGCT	16.224145	-10.077607	0	T:2.0(3.51%),B:5.2(0.01%),P:1e-4	Tpos:197.0,Tstd:138.3,Bpos:219.6,Bstd:102.9,StrandBias:-1.0,Multiplicity:1.50
0.001	0.001	0.001	0.997
0.001	0.685	0.001	0.313
0.001	0.997	0.001	0.001
0.997	0.001	0.001	0.001
0.001	0.001	0.997	0.001
0.001	0.001	0.001	0.997
0.001	0.001	0.001	0.997
0.001	0.997	0.001	0.001
0.001	0.001	0.001	0.997
0.001	0.001	0.997	0.001
0.001	0.997	0.001	0.001
0.001	0.001	0.001	0.997
>CCATTTTTGCCA	13-CCATTTTTGCCA	15.101786	-9.928436	0	T:3.0(5.26%),B:46.8(0.12%),P:1e-4	Tpos:495.0,Tstd:272.6,Bpos:479.2,Bstd:250.8,StrandBias:10.0,Multiplicity:1.67
0.001	0.938	0.060	0.001
0.061	0.701	0.001	0.237
0.997	0.001	0.001	0.001
0.001	0.001	0.001	0.997
0.001	0.001	0.001	0.997
0.001	0.001	0.001	0.997
0.001	0.001	0.001	0.997
0.001	0.001	0.001	0.997
0.001	0.001	0.997	0.001
0.001	0.997	0.001	0.001
0.001	0.997	0.001	0.001
0.997	0.001	0.001	0.001
>TATAATGGTTAT	14-TATAATGGTTAT	10.809348	-9.020202	0	T:4.0(7.02%),B:172.3(0.43%),P:1e-3	Tpos:528.6,Tstd:336.9,Bpos:486.0,Bstd:307.6,StrandBias:-0.6,Multiplicity:1.25
0.001	0.001	0.001	0.997
0.997	0.001	0.001	0.001
0.001	0.105	0.362	0.532
0.941	0.001	0.001	0.057
0.997	0.001	0.001	0.001
0.001	0.001	0.001	0.997
0.001	0.001	0.997	0.001
0.001	0.001	0.637	0.361
0.001	0.001	0.001	0.997
0.001	0.001	0.001	0.997
0.950	0.001	0.048	0.001
0.001	0.001	0.001	0.997
>CGATTTTGCTCA	15-CGATTTTGCTCA	15.089047	-8.342915	0	T:2.0(3.51%),B:14.3(0.04%),P:1e-3	Tpos:677.2,Tstd:262.5,Bpos:585.9,Bstd:268.7,StrandBias:10.0,Multiplicity:2.50
0.179	0.819	0.001	0.001
0.001	0.001	0.997	0.001
0.997	0.001	0.001	0.001
0.001	0.001	0.001	0.997
0.001	0.001	0.268	0.730
0.001	0.001	0.001	0.997
0.001	0.001	0.001	0.997
0.001	0.001	0.997	0.001
0.001	0.997	0.001	0.001
0.001	0.001	0.001	0.997
0.001	0.997	0.001	0.001
0.997	0.001	0.001	0.001
>TTTTYGGWGAAA	16-TTTTYGGWGAAA	13.315060	-5.588041	0	T:6.0(10.53%),B:1041.0(2.62%),P:1e-2	Tpos:672.3,Tstd:242.5,Bpos:489.5,Bstd:311.9,StrandBias:0.4,Multiplicity:1.17
0.300	0.001	0.001	0.698
0.001	0.001	0.001	0.997
0.001	0.001	0.001	0.997
0.001	0.001	0.001	0.997
0.001	0.446	0.252	0.301
0.340	0.001	0.658	0.001
0.001	0.104	0.894	0.001
0.390	0.204	0.001	0.406
0.001	0.001	0.997	0.001
0.997	0.001	0.001	0.001
0.997	0.001	0.001	0.001
0.997	0.001	0.001	0.001
>GGGTATTTATTT	17-GGGTATTTATTT	12.355432	-4.475402	0	T:1.0(1.75%),B:7.5(0.02%),P:1e-1	Tpos:478.5,Tstd:159.9,Bpos:521.8,Bstd:278.1,StrandBias:-10.0,Multiplicity:4.00
0.100	0.100	0.700	0.100
0.100	0.100	0.700	0.100
0.100	0.100	0.700	0.100
0.100	0.100	0.100	0.700
0.700	0.100	0.100	0.100
0.100	0.100	0.100	0.700
0.100	0.100	0.100	0.700
0.100	0.100	0.100	0.700
0.700	0.100	0.100	0.100
0.100	0.100	0.100	0.700
0.100	0.100	0.100	0.700
0.100	0.100	0.100	0.700
