>TGCGCCAGTG	1-TGCGCCAGTG	10.891892	-21.562691	0	T:8.0(14.04%),B:190.6(0.48%),P:1e-9	Tpos:594.4,Tstd:286.6,Bpos:474.8,Bstd:311.6,StrandBias:-0.7,Multiplicity:1.00
0.001	0.001	0.001	0.997
0.001	0.155	0.843	0.001
0.001	0.997	0.001	0.001
0.001	0.001	0.881	0.117
0.001	0.842	0.156	0.001
0.001	0.787	0.211	0.001
0.997	0.001	0.001	0.001
0.001	0.001	0.997	0.001
0.001	0.001	0.202	0.796
0.001	0.001	0.997	0.001
>ACCTTTTATA	2-ACCTTTTATA	10.100155	-20.541680	0	T:19.0(33.33%),B:2535.8(6.37%),P:1e-8	Tpos:545.4,Tstd:366.8,Bpos:543.0,Bstd:309.6,StrandBias:0.2,Multiplicity:1.00
0.862	0.001	0.084	0.053
0.075	0.801	0.061	0.063
0.072	0.791	0.001	0.136
0.001	0.119	0.001	0.879
0.001	0.001	0.001	0.997
0.001	0.001	0.001	0.997
0.001	0.001	0.001	0.997
0.886	0.072	0.001	0.041
0.001	0.095	0.001	0.903
0.937	0.001	0.001	0.061
>TCAGCGTACA	3-TCAGCGTACA	8.068577	-19.185241	0	T:18.0(31.58%),B:2436.2(6.12%),P:1e-8	Tpos:393.8,Tstd:285.3,Bpos:498.2,Bstd:310.9,StrandBias:0.8,Multiplicity:1.06
0.001	0.001	0.133	0.865
0.125	0.644	0.125	0.106
0.866	0.001	0.132	0.001
0.001	0.001	0.785	0.213
0.001	0.762	0.236	0.001
0.001	0.001	0.997	0.001
0.145	0.118	0.005	0.732
0.742	0.010	0.001	0.247
0.146	0.743	0.110	0.001
0.861	0.001	0.001	0.137
>TCCTAATCTG	4-TCCTAATCTG	11.990742	-17.385320	0	T:6.0(10.53%),B:121.0(0.30%),P:1e-7	Tpos:535.2,Tstd:224.2,Bpos:558.7,Bstd:340.4,StrandBias:-1.0,Multiplicity:1.00
0.001	0.001	0.001	0.997
0.001	0.997	0.001	0.001
0.001	0.997	0.001	0.001
0.001	0.001	0.001	0.997
0.997	0.001	0.001	0.001
0.628	0.213	0.001	0.158
0.001	0.001	0.001	0.997
0.001	0.997	0.001	0.001
0.001	0.001	0.001	0.997
0.001	0.001	0.997	0.001
>CGGAAAGGAA	5-CGGAAAGGAA	9.503802	-15.390471	0	T:14.0(24.56%),B:1813.6(4.56%),P:1e-6	Tpos:582.4,Tstd:210.7,Bpos:534.8,Bstd:313.8,StrandBias:-2.0,Multiplicity:1.07
0.041	0.590	0.007	0.362
0.086	0.001	0.912	0.001
0.081	0.001	0.814	0.104
0.888	0.110	0.001	0.001
0.997	0.001	0.001	0.001
0.899	0.086	0.001	0.014
0.001	0.175	0.751	0.073
0.025	0.014	0.958	0.003
0.997	0.001	0.001	0.001
0.736	0.015	0.149	0.100
>CGTGTCCCTC	6-CGTGTCCCTC	10.778118	-13.961445	0	T:6.0(10.53%),B:219.2(0.55%),P:1e-6	Tpos:369.9,Tstd:233.8,Bpos:502.7,Bstd:327.7,StrandBias:1.3,Multiplicity:1.17
0.001	0.834	0.164	0.001
0.001	0.001	0.889	0.109
0.178	0.001	0.001	0.820
0.183	0.001	0.707	0.109
0.001	0.001	0.001	0.997
0.001	0.997	0.001	0.001
0.001	0.997	0.001	0.001
0.001	0.881	0.001	0.117
0.001	0.001	0.001	0.997
0.001	0.997	0.001	0.001
>CGTAAGCAAG	7-CGTAAGCAAG	7.319367	-13.858677	0	T:19.0(33.33%),B:3862.5(9.71%),P:1e-6	Tpos:581.2,Tstd:301.0,Bpos:502.8,Bstd:309.0,StrandBias:-2.2,Multiplicity:1.21
0.034	0.810	0.034	0.122
0.001	0.003	0.910	0.086
0.056	0.154	0.127	0.663
0.721	0.191	0.041	0.047
0.901	0.001	0.039	0.059
0.001	0.001	0.916	0.082
0.098	0.818	0.041	0.043
0.765	0.119	0.115	0.001
0.997	0.001	0.001	0.001
0.217	0.082	0.512	0.189
>CCTTTACTAT	8-CCTTTACTAT	10.473005	-13.737913	0	T:8.0(14.04%),B:538.7(1.35%),P:1e-5	Tpos:631.5,Tstd:266.0,Bpos:521.3,Bstd:325.6,StrandBias:2.0,Multiplicity:1.25
0.082	0.916	0.001	0.001
0.001	0.900	0.098	0.001
0.109	0.001	0.001	0.889
0.141	0.001	0.001	0.857
0.122	0.104	0.001	0.773
0.785	0.001	0.133	0.081
0.001	0.997	0.001	0.001
0.001	0.001	0.001	0.997
0.997	0.001	0.001	0.001
0.001	0.001	0.001	0.997
>GAAAGCATAT	9-GAAAGCATAT	10.046291	-13.019387	0	T:11.0(19.30%),B:1304.9(3.28%),P:1e-5	Tpos:477.6,Tstd:253.6,Bpos:515.0,Bstd:303.6,StrandBias:-1.7,Multiplicity:1.18
0.001	0.001	0.997	0.001
0.883	0.001	0.115	0.001
0.997	0.001	0.001	0.001
0.997	0.001	0.001	0.001
0.033	0.084	0.824	0.059
0.053	0.875	0.001	0.071
0.803	0.001	0.001	0.195
0.001	0.001	0.098	0.900
0.997	0.001	0.001	0.001
0.094	0.001	0.106	0.799
>TTGAGGCTCA	10-TTGAGGCTCA	10.680215	-12.091409	0	T:7.0(12.28%),B:474.7(1.19%),P:1e-5	Tpos:576.3,Tstd:258.2,Bpos:447.9,Bstd:310.6,StrandBias:0.0,Multiplicity:1.57
0.001	0.001	0.001	0.997
0.001	0.001	0.001	0.997
0.001	0.001	0.926	0.072
0.997	0.001	0.001	0.001
0.001	0.001	0.929	0.069
0.090	0.001	0.822	0.087
0.082	0.804	0.113	0.001
0.001	0.001	0.001	0.997
0.001	0.997	0.001	0.001
0.997	0.001	0.001	0.001
>AAACTACAAG	11-AAACTACAAG	10.653164	-12.030631	0	T:15.0(26.32%),B:2772.4(6.97%),P:1e-5	Tpos:638.8,Tstd:342.8,Bpos:513.5,Bstd:290.1,StrandBias:-0.6,Multiplicity:1.33
0.997	0.001	0.001	0.001
0.997	0.001	0.001	0.001
0.997	0.001	0.001	0.001
0.001	0.649	0.349	0.001
0.345	0.001	0.001	0.653
0.997	0.001	0.001	0.001
0.001	0.997	0.001	0.001
0.997	0.001	0.001	0.001
0.625	0.001	0.001	0.373
0.212	0.001	0.527	0.260
>TTCAGGGGTT	12-TTCAGGGGTT	10.296193	-11.825649	0	T:4.0(7.02%),B:82.5(0.21%),P:1e-5	Tpos:577.5,Tstd:223.7,Bpos:542.8,Bstd:367.6,StrandBias:1.6,Multiplicity:1.00
0.100	0.100	0.100	0.700
0.100	0.100	0.100	0.700
0.100	0.700	0.100	0.100
0.700	0.100	0.100	0.100
0.100	0.100	0.700	0.100
0.100	0.100	0.700	0.100
0.100	0.100	0.700	0.100
0.100	0.100	0.700	0.100
0.100	0.100	0.100	0.700
0.100	0.100	0.100	0.700
>GGTGAGGATG	13-GGTGAGGATG	8.350283	-10.820010	0	T:10.0(17.54%),B:1344.1(3.38%),P:1e-4	Tpos:495.7,Tstd:299.2,Bpos:501.1,Bstd:313.6,StrandBias:-1.4,Multiplicity:1.10
0.100	0.100	0.700	0.100
0.100	0.100	0.700	0.100
0.100	0.100	0.100	0.700
0.100	0.100	0.700	0.100
0.700	0.100	0.100	0.100
0.100	0.100	0.700	0.100
0.100	0.100	0.700	0.100
0.700	0.100	0.100	0.100
0.100	0.100	0.100	0.700
0.100	0.100	0.700	0.100
>CAAGCTGTGA	14-CAAGCTGTGA	11.936600	-10.444110	0	T:4.0(7.02%),B:119.0(0.30%),P:1e-4	Tpos:455.3,Tstd:281.3,Bpos:564.0,Bstd:299.8,StrandBias:-2.3,Multiplicity:1.50
0.001	0.997	0.001	0.001
0.997	0.001	0.001	0.001
0.811	0.001	0.001	0.187
0.001	0.001	0.997	0.001
0.001	0.814	0.184	0.001
0.001	0.001	0.001	0.997
0.001	0.001	0.997	0.001
0.001	0.001	0.001	0.997
0.001	0.001	0.997	0.001
0.997	0.001	0.001	0.001
>SAGCATAATC	15-SAGCATAATC	9.364406	-9.123513	0	T:7.0(12.28%),B:760.5(1.91%),P:1e-3	Tpos:460.4,Tstd:296.0,Bpos:500.3,Bstd:307.0,StrandBias:-0.3,Multiplicity:1.57
0.001	0.460	0.538	0.001
0.997	0.001	0.001	0.001
0.099	0.009	0.891	0.001
0.075	0.797	0.001	0.127
0.663	0.001	0.206	0.130
0.127	0.175	0.001	0.697
0.892	0.106	0.001	0.001
0.845	0.005	0.145	0.005
0.078	0.001	0.001	0.920
0.418	0.572	0.001	0.009
>TTMGAGCAGT	16-TTMGAGCAGT	9.412064	-8.086294	0	T:9.0(15.79%),B:1525.9(3.83%),P:1e-3	Tpos:473.6,Tstd:236.3,Bpos:479.6,Bstd:297.3,StrandBias:2.1,Multiplicity:1.78
0.001	0.001	0.149	0.849
0.001	0.001	0.124	0.874
0.440	0.297	0.073	0.189
0.009	0.001	0.977	0.013
0.980	0.001	0.018	0.001
0.001	0.103	0.770	0.126
0.035	0.762	0.001	0.202
0.857	0.001	0.001	0.141
0.294	0.001	0.704	0.001
0.001	0.072	0.001	0.926
>CAGTTCTGAT	17-CAGTTCTGAT	11.155255	-7.840686	0	T:5.0(8.77%),B:429.6(1.08%),P:1e-3	Tpos:319.1,Tstd:174.1,Bpos:519.1,Bstd:313.4,StrandBias:0.0,Multiplicity:1.60
0.001	0.997	0.001	0.001
0.997	0.001	0.001	0.001
0.001	0.273	0.725	0.001
0.001	0.371	0.001	0.627
0.001	0.001	0.001	0.997
0.001	0.997	0.001	0.001
0.001	0.001	0.001	0.997
0.240	0.266	0.493	0.001
0.695	0.303	0.001	0.001
0.001	0.001	0.001	0.997
>TGAGGTGGAG	18-TGAGGTGGAG	8.350283	-7.160152	0	T:9.0(15.79%),B:1735.3(4.36%),P:1e-3	Tpos:610.5,Tstd:193.0,Bpos:538.3,Bstd:326.1,StrandBias:-1.4,Multiplicity:1.22
0.100	0.100	0.100	0.700
0.100	0.100	0.700	0.100
0.700	0.100	0.100	0.100
0.100	0.100	0.700	0.100
0.100	0.100	0.700	0.100
0.100	0.100	0.100	0.700
0.100	0.100	0.700	0.100
0.100	0.100	0.700	0.100
0.700	0.100	0.100	0.100
0.100	0.100	0.700	0.100
>CCCAGTGTTT	19-CCCAGTGTTT	8.350283	-6.217571	0	T:9.0(15.79%),B:1988.0(5.00%),P:1e-2	Tpos:608.3,Tstd:301.1,Bpos:519.8,Bstd:303.9,StrandBias:2.2,Multiplicity:1.22
0.100	0.700	0.100	0.100
0.100	0.700	0.100	0.100
0.100	0.700	0.100	0.100
0.700	0.100	0.100	0.100
0.100	0.100	0.700	0.100
0.100	0.100	0.100	0.700
0.100	0.100	0.700	0.100
0.100	0.100	0.100	0.700
0.100	0.100	0.100	0.700
0.100	0.100	0.100	0.700
>ATAAATACCC	20-ATAAATACCC	6.087197	-5.086053	0	T:33.0(57.89%),B:16146.9(40.57%),P:1e-2	Tpos:507.1,Tstd:288.2,Bpos:501.1,Bstd:306.8,StrandBias:0.5,Multiplicity:1.52
0.841	0.130	0.001	0.028
0.048	0.039	0.244	0.669
0.731	0.081	0.112	0.076
0.890	0.108	0.001	0.001
0.736	0.057	0.142	0.065
0.029	0.041	0.259	0.671
0.832	0.052	0.048	0.068
0.041	0.819	0.001	0.139
0.001	0.997	0.001	0.001
0.089	0.842	0.001	0.068
>ATTTTTGCCA	21-ATTTTTGCCA	10.296193	-3.371103	0	T:3.0(5.26%),B:494.5(1.24%),P:1e-1	Tpos:436.8,Tstd:273.7,Bpos:512.7,Bstd:300.0,StrandBias:10.0,Multiplicity:2.67
0.700	0.100	0.100	0.100
0.100	0.100	0.100	0.700
0.100	0.100	0.100	0.700
0.100	0.100	0.100	0.700
0.100	0.100	0.100	0.700
0.100	0.100	0.100	0.700
0.100	0.100	0.700	0.100
0.100	0.700	0.100	0.100
0.100	0.700	0.100	0.100
0.700	0.100	0.100	0.100
