>TATGCGAAAAAA	11-TATGCGAAAAAA	9.550649	-18.251770	0	T:97.0(41.81%),B:8815.2(24.81%),P:1e-7
0.123	0.059	0.079	0.739
0.766	0.079	0.042	0.113
0.055	0.083	0.097	0.765
0.095	0.047	0.728	0.130
0.020	0.831	0.102	0.047
0.080	0.034	0.759	0.127
0.907	0.036	0.014	0.043
0.928	0.026	0.045	0.001
0.914	0.001	0.034	0.051
0.929	0.001	0.001	0.069
0.822	0.062	0.017	0.099
0.916	0.001	0.027	0.056
