>GCTGCTGGTGGT	20-GCTGCTGGTGGT,BestGuess:POL010.1_DCE_S_III/Jaspar(0.598)	9.273037	-15.767737	0	T:21.0(9.05%),B:811.1(2.28%),P:1e-6
0.240	0.001	0.758	0.001
0.001	0.819	0.001	0.179
0.023	0.001	0.001	0.975
0.001	0.274	0.724	0.001
0.001	0.709	0.130	0.160
0.197	0.055	0.001	0.747
0.001	0.136	0.862	0.001
0.087	0.129	0.657	0.127
0.136	0.003	0.001	0.860
0.001	0.220	0.778	0.001
0.252	0.001	0.593	0.154
0.209	0.139	0.099	0.553
