>AGTCTGAAAAGG	9-CCTTTTCAGACT	10.263411	-18.814028	0	T:23.0(9.91%),B:810.7(2.28%),P:1e-8
0.762	0.149	0.001	0.088
0.001	0.033	0.924	0.042
0.190	0.058	0.001	0.751
0.171	0.683	0.100	0.046
0.048	0.001	0.076	0.875
0.034	0.001	0.964	0.001
0.869	0.128	0.002	0.001
0.943	0.001	0.002	0.054
0.953	0.001	0.045	0.001
0.901	0.034	0.064	0.001
0.132	0.037	0.805	0.026
0.123	0.143	0.583	0.151
