>CTCTGTTCAC	1-CTCTGTTCAC	9.342856	-24.242209	0	T:14.0(28.00%),B:1011.9(2.62%),P:1e-10	Tpos:705.1,Tstd:186.1,Bpos:521.8,Bstd:309.4,StrandBias:0.0,Multiplicity:1.00
0.001	0.997	0.001	0.001
0.001	0.001	0.001	0.997
0.001	0.889	0.109	0.001
0.001	0.001	0.001	0.997
0.001	0.165	0.785	0.049
0.107	0.001	0.130	0.762
0.001	0.001	0.001	0.997
0.001	0.997	0.001	0.001
0.779	0.001	0.133	0.087
0.001	0.904	0.001	0.094
>TTGAGGCTAG	2-TTGAGGCTAG	9.067583	-23.064754	0	T:11.0(22.00%),B:538.9(1.39%),P:1e-10	Tpos:465.9,Tstd:284.6,Bpos:503.2,Bstd:309.3,StrandBias:0.0,Multiplicity:1.09
0.001	0.001	0.001	0.997
0.149	0.001	0.001	0.849
0.173	0.001	0.825	0.001
0.873	0.125	0.001	0.001
0.092	0.001	0.906	0.001
0.111	0.001	0.887	0.001
0.001	0.997	0.001	0.001
0.116	0.001	0.001	0.882
0.997	0.001	0.001	0.001
0.094	0.001	0.904	0.001
>GCGCTCTAAT	3-GCGCTCTAAT	10.843790	-19.201900	0	T:9.0(18.00%),B:429.0(1.11%),P:1e-8	Tpos:491.6,Tstd:312.6,Bpos:524.9,Bstd:345.4,StrandBias:-0.3,Multiplicity:1.00
0.001	0.001	0.997	0.001
0.001	0.997	0.001	0.001
0.001	0.001	0.856	0.142
0.001	0.997	0.001	0.001
0.001	0.001	0.001	0.997
0.200	0.798	0.001	0.001
0.001	0.215	0.001	0.783
0.779	0.001	0.219	0.001
0.879	0.119	0.001	0.001
0.001	0.001	0.001	0.997
>ACCGACTGTA	4-ACCGACTGTA	10.352151	-18.067304	0	T:6.0(12.00%),B:119.9(0.31%),P:1e-7	Tpos:516.5,Tstd:310.7,Bpos:491.3,Bstd:322.6,StrandBias:0.0,Multiplicity:1.00
0.997	0.001	0.001	0.001
0.153	0.845	0.001	0.001
0.001	0.997	0.001	0.001
0.001	0.001	0.997	0.001
0.997	0.001	0.001	0.001
0.001	0.997	0.001	0.001
0.001	0.001	0.001	0.997
0.001	0.001	0.997	0.001
0.001	0.001	0.200	0.798
0.997	0.001	0.001	0.001
>GCAGAGCYAG	5-GCAGAGCYAG	9.480216	-17.411924	0	T:9.0(18.00%),B:529.2(1.37%),P:1e-7	Tpos:423.3,Tstd:357.8,Bpos:504.6,Bstd:319.2,StrandBias:-0.3,Multiplicity:1.00
0.296	0.001	0.702	0.001
0.137	0.571	0.291	0.001
0.997	0.001	0.001	0.001
0.001	0.001	0.997	0.001
0.997	0.001	0.001	0.001
0.145	0.064	0.790	0.001
0.205	0.565	0.001	0.229
0.123	0.389	0.196	0.292
0.997	0.001	0.001	0.001
0.143	0.001	0.855	0.001
>YACTAATTMG	6-YACTAATTMG	9.528782	-10.510368	0	T:7.0(14.00%),B:678.4(1.76%),P:1e-4	Tpos:696.2,Tstd:164.3,Bpos:523.2,Bstd:320.8,StrandBias:-0.2,Multiplicity:1.29
0.001	0.471	0.001	0.527
0.997	0.001	0.001	0.001
0.012	0.864	0.001	0.123
0.001	0.012	0.290	0.697
0.997	0.001	0.001	0.001
0.852	0.001	0.146	0.001
0.001	0.001	0.216	0.782
0.001	0.175	0.001	0.823
0.557	0.423	0.019	0.001
0.001	0.031	0.956	0.012
>TTCCTCTKYC	7-TTCCTCTKYC	9.722725	-10.072912	0	T:9.0(18.00%),B:1308.0(3.38%),P:1e-4	Tpos:464.6,Tstd:339.4,Bpos:544.7,Bstd:328.7,StrandBias:0.0,Multiplicity:1.11
0.001	0.001	0.001	0.997
0.001	0.001	0.001	0.997
0.001	0.551	0.166	0.282
0.087	0.564	0.032	0.317
0.079	0.001	0.001	0.919
0.162	0.677	0.079	0.082
0.053	0.001	0.001	0.945
0.050	0.119	0.362	0.469
0.079	0.348	0.100	0.473
0.110	0.703	0.067	0.120
>AACACGACCG	8-AACACGACCG	8.403872	-8.883636	0	T:8.0(16.00%),B:1189.1(3.08%),P:1e-3	Tpos:543.3,Tstd:301.6,Bpos:517.9,Bstd:329.7,StrandBias:1.2,Multiplicity:1.25
0.899	0.001	0.099	0.001
0.883	0.001	0.001	0.115
0.001	0.807	0.080	0.112
0.997	0.001	0.001	0.001
0.001	0.918	0.001	0.080
0.079	0.082	0.838	0.001
0.757	0.001	0.241	0.001
0.158	0.677	0.164	0.001
0.206	0.577	0.100	0.117
0.001	0.225	0.689	0.085
>CAAATCTGTA	9-CAAATCTGTA	11.661058	-8.297171	0	T:4.0(8.00%),B:232.6(0.60%),P:1e-3	Tpos:674.3,Tstd:286.7,Bpos:462.5,Bstd:298.3,StrandBias:1.3,Multiplicity:1.75
0.001	0.997	0.001	0.001
0.815	0.001	0.001	0.183
0.997	0.001	0.001	0.001
0.997	0.001	0.001	0.001
0.001	0.001	0.001	0.997
0.001	0.997	0.001	0.001
0.139	0.001	0.001	0.859
0.001	0.001	0.997	0.001
0.001	0.001	0.001	0.997
0.997	0.001	0.001	0.001
>AATGGGGAAT	10-AATGGGGAAT	8.350283	-7.040075	0	T:12.0(24.00%),B:3314.3(8.58%),P:1e-3	Tpos:396.1,Tstd:297.6,Bpos:507.8,Bstd:322.5,StrandBias:-1.5,Multiplicity:1.25
0.700	0.100	0.100	0.100
0.700	0.100	0.100	0.100
0.100	0.100	0.100	0.700
0.100	0.100	0.700	0.100
0.100	0.100	0.700	0.100
0.100	0.100	0.700	0.100
0.100	0.100	0.700	0.100
0.700	0.100	0.100	0.100
0.700	0.100	0.100	0.100
0.100	0.100	0.100	0.700
>GTTACACGAA	11-GTTACACGAA	10.296193	-5.589759	0	T:2.0(4.00%),B:68.7(0.18%),P:1e-2	Tpos:328.1,Tstd:183.5,Bpos:403.2,Bstd:286.6,StrandBias:10.0,Multiplicity:13.50
0.100	0.100	0.700	0.100
0.100	0.100	0.100	0.700
0.100	0.100	0.100	0.700
0.700	0.100	0.100	0.100
0.100	0.700	0.100	0.100
0.700	0.100	0.100	0.100
0.100	0.700	0.100	0.100
0.100	0.100	0.700	0.100
0.700	0.100	0.100	0.100
0.700	0.100	0.100	0.100
>CGTGTGATTG	12-CGTGTGATTG	8.350283	-5.484612	0	T:6.0(12.00%),B:1183.0(3.06%),P:1e-2	Tpos:490.9,Tstd:191.7,Bpos:494.0,Bstd:312.6,StrandBias:1.2,Multiplicity:1.67
0.100	0.700	0.100	0.100
0.100	0.100	0.700	0.100
0.100	0.100	0.100	0.700
0.100	0.100	0.700	0.100
0.100	0.100	0.100	0.700
0.100	0.100	0.700	0.100
0.700	0.100	0.100	0.100
0.100	0.100	0.100	0.700
0.100	0.100	0.100	0.700
0.100	0.100	0.700	0.100
