>GAAAAAATAGGA	6-GAAAAAATAGGA,BestGuess:fkh-9/MA1440.1/Jaspar(0.544)	10.577500	-20.473422	0	T:22.0(13.75%),B:1137.4(2.82%),P:1e-8
0.179	0.061	0.594	0.166
0.759	0.033	0.034	0.174
0.752	0.048	0.178	0.022
0.737	0.031	0.073	0.159
0.835	0.017	0.026	0.122
0.918	0.012	0.033	0.037
0.558	0.189	0.053	0.200
0.032	0.074	0.035	0.859
0.584	0.186	0.022	0.208
0.020	0.136	0.685	0.159
0.242	0.019	0.704	0.035
0.644	0.048	0.254	0.054
