>GCATCCCCGAGG	9-GCATCCCCGAGG,BestGuess:PL0007.1_mxl-3/Jaspar(0.471)	9.349029	-13.000475	0	T:6.0(10.71%),B:255.2(0.66%),P:1e-5
0.083	0.001	0.823	0.093
0.165	0.650	0.001	0.184
0.815	0.092	0.092	0.001
0.092	0.092	0.092	0.724
0.001	0.916	0.001	0.082
0.092	0.527	0.012	0.369
0.175	0.557	0.001	0.267
0.092	0.825	0.082	0.001
0.196	0.001	0.802	0.001
0.722	0.001	0.001	0.276
0.175	0.001	0.732	0.092
0.001	0.001	0.916	0.082
