>AATCGCCG	1-AATCGCCG	6.381672	-16.633909	0	T:22.0(28.95%),B:3045.0(7.88%),P:1e-7	Tpos:475.8,Tstd:284.5,Bpos:495.2,Bstd:323.9,StrandBias:-0.3,Multiplicity:1.14
0.815	0.001	0.040	0.144
0.956	0.042	0.001	0.001
0.001	0.001	0.048	0.950
0.001	0.997	0.001	0.001
0.001	0.001	0.997	0.001
0.001	0.997	0.001	0.001
0.073	0.925	0.001	0.001
0.001	0.045	0.953	0.001
>ACGWACCA	2-ACGWACCA	7.839851	-10.920251	0	T:20.0(26.32%),B:3637.6(9.42%),P:1e-4	Tpos:507.3,Tstd:278.9,Bpos:503.3,Bstd:306.9,StrandBias:0.0,Multiplicity:1.20
0.781	0.217	0.001	0.001
0.001	0.997	0.001	0.001
0.116	0.001	0.882	0.001
0.563	0.001	0.001	0.435
0.997	0.001	0.001	0.001
0.001	0.769	0.229	0.001
0.001	0.997	0.001	0.001
0.997	0.001	0.001	0.001
>TGTCTGCG	3-TGTCTGCG	6.399001	-8.899021	0	T:20.0(26.32%),B:4198.0(10.87%),P:1e-3	Tpos:590.6,Tstd:322.5,Bpos:514.8,Bstd:306.9,StrandBias:-0.1,Multiplicity:1.32
0.001	0.001	0.001	0.997
0.049	0.001	0.949	0.001
0.001	0.001	0.064	0.934
0.001	0.997	0.001	0.001
0.001	0.001	0.001	0.997
0.001	0.001	0.997	0.001
0.041	0.957	0.001	0.001
0.212	0.001	0.786	0.001
>WTTGTAGY	4-WTTGTAGY	7.514234	-8.866450	0	T:31.0(40.79%),B:8387.2(21.71%),P:1e-3	Tpos:544.8,Tstd:249.5,Bpos:498.8,Bstd:308.8,StrandBias:1.3,Multiplicity:1.90
0.392	0.124	0.111	0.373
0.031	0.001	0.001	0.967
0.243	0.001	0.050	0.706
0.001	0.351	0.647	0.001
0.001	0.001	0.001	0.997
0.711	0.287	0.001	0.001
0.001	0.001	0.997	0.001
0.001	0.443	0.167	0.389
>GTCTGCTA	5-GTCTGCTA	8.530405	-2.457501	0	T:5.0(6.58%),B:1189.4(3.08%),P:1e-1	Tpos:645.4,Tstd:197.9,Bpos:504.9,Bstd:335.5,StrandBias:0.5,Multiplicity:3.40
0.133	0.001	0.865	0.001
0.001	0.001	0.001	0.997
0.001	0.997	0.001	0.001
0.001	0.091	0.001	0.907
0.001	0.001	0.997	0.001
0.001	0.997	0.001	0.001
0.001	0.001	0.001	0.997
0.997	0.001	0.001	0.001
