>GATTTTCGGC	1-GATTTTCGGC	9.728965	-20.335909	0	T:19.0(25.00%),B:1793.5(4.64%),P:1e-8	Tpos:607.2,Tstd:294.0,Bpos:504.2,Bstd:337.3,StrandBias:0.1,Multiplicity:1.11
0.069	0.001	0.929	0.001
0.884	0.001	0.075	0.040
0.001	0.001	0.001	0.997
0.001	0.001	0.001	0.997
0.113	0.082	0.001	0.804
0.064	0.087	0.001	0.848
0.122	0.847	0.001	0.030
0.039	0.001	0.931	0.029
0.044	0.056	0.850	0.050
0.001	0.949	0.049	0.001
>TTCAGGTACC	2-TTCAGGTACC	10.395932	-18.173777	0	T:10.0(13.16%),B:420.0(1.09%),P:1e-7	Tpos:580.1,Tstd:368.8,Bpos:509.8,Bstd:315.2,StrandBias:3.3,Multiplicity:1.10
0.001	0.001	0.001	0.997
0.001	0.001	0.001	0.997
0.001	0.881	0.001	0.117
0.997	0.001	0.001	0.001
0.079	0.001	0.919	0.001
0.001	0.086	0.912	0.001
0.001	0.001	0.125	0.873
0.665	0.001	0.001	0.333
0.001	0.916	0.001	0.082
0.065	0.933	0.001	0.001
>GATTCAGTCT	3-GATTCAGTCT	10.267967	-17.683156	0	T:10.0(13.16%),B:444.0(1.15%),P:1e-7	Tpos:489.4,Tstd:224.0,Bpos:522.5,Bstd:311.8,StrandBias:-0.3,Multiplicity:1.10
0.001	0.095	0.814	0.090
0.997	0.001	0.001	0.001
0.001	0.001	0.001	0.997
0.117	0.001	0.001	0.881
0.001	0.997	0.001	0.001
0.871	0.001	0.127	0.001
0.001	0.001	0.931	0.067
0.001	0.122	0.111	0.766
0.089	0.867	0.001	0.043
0.001	0.001	0.001	0.997
>AGGGTTTTCA	4-AGGGTTTTCA	9.990979	-14.245598	0	T:14.0(18.42%),B:1413.4(3.66%),P:1e-6	Tpos:574.4,Tstd:297.6,Bpos:521.0,Bstd:307.5,StrandBias:0.0,Multiplicity:1.14
0.833	0.067	0.058	0.042
0.086	0.049	0.864	0.001
0.072	0.001	0.895	0.032
0.001	0.001	0.971	0.027
0.069	0.001	0.001	0.929
0.113	0.001	0.001	0.885
0.102	0.001	0.001	0.896
0.104	0.001	0.001	0.894
0.001	0.947	0.001	0.051
0.941	0.001	0.001	0.057
>GACAATCGAA	5-GACAATCGAA	8.875863	-14.175917	0	T:21.0(27.63%),B:3217.4(8.33%),P:1e-6	Tpos:564.5,Tstd:240.7,Bpos:512.6,Bstd:313.4,StrandBias:-0.8,Multiplicity:1.19
0.044	0.001	0.954	0.001
0.908	0.001	0.001	0.090
0.130	0.813	0.056	0.001
0.885	0.113	0.001	0.001
0.997	0.001	0.001	0.001
0.001	0.001	0.001	0.997
0.001	0.878	0.080	0.041
0.053	0.001	0.848	0.098
0.911	0.001	0.087	0.001
0.879	0.001	0.119	0.001
>TTGGGTCTGC	6-TTGGGTCTGC	7.156774	-13.663086	0	T:26.0(34.21%),B:4896.0(12.67%),P:1e-5	Tpos:484.1,Tstd:288.8,Bpos:507.3,Bstd:312.9,StrandBias:0.1,Multiplicity:1.58
0.001	0.001	0.092	0.906
0.001	0.166	0.045	0.788
0.046	0.140	0.706	0.108
0.186	0.001	0.700	0.113
0.123	0.050	0.826	0.001
0.045	0.098	0.096	0.761
0.074	0.714	0.127	0.085
0.001	0.001	0.001	0.997
0.082	0.001	0.860	0.057
0.171	0.749	0.079	0.001
>ACACTACAAA	7-ACACTACAAA	9.297640	-13.308576	0	T:22.0(28.95%),B:3698.0(9.57%),P:1e-5	Tpos:590.1,Tstd:248.6,Bpos:513.5,Bstd:313.8,StrandBias:-0.9,Multiplicity:1.68
0.890	0.001	0.068	0.041
0.268	0.638	0.093	0.001
0.925	0.073	0.001	0.001
0.025	0.942	0.001	0.032
0.030	0.056	0.058	0.856
0.969	0.001	0.001	0.029
0.018	0.899	0.040	0.043
0.997	0.001	0.001	0.001
0.997	0.001	0.001	0.001
0.997	0.001	0.001	0.001
>AGCTGGAAAA	8-AGCTGGAAAA	9.862289	-11.336891	0	T:19.0(25.00%),B:3226.5(8.35%),P:1e-4	Tpos:475.4,Tstd:286.6,Bpos:517.7,Bstd:333.7,StrandBias:-0.4,Multiplicity:1.37
0.908	0.001	0.090	0.001
0.052	0.001	0.946	0.001
0.001	0.997	0.001	0.001
0.070	0.001	0.001	0.928
0.001	0.001	0.997	0.001
0.237	0.001	0.761	0.001
0.863	0.001	0.130	0.006
0.865	0.001	0.133	0.001
0.742	0.001	0.135	0.122
0.997	0.001	0.001	0.001
>TGATTTTTTC	9-TGATTTTTTC	10.448098	-9.833722	0	T:17.0(22.37%),B:2966.0(7.68%),P:1e-4	Tpos:546.9,Tstd:251.6,Bpos:499.5,Bstd:312.4,StrandBias:0.1,Multiplicity:1.24
0.168	0.001	0.001	0.830
0.001	0.001	0.997	0.001
0.997	0.001	0.001	0.001
0.001	0.001	0.001	0.997
0.001	0.001	0.052	0.946
0.001	0.086	0.068	0.845
0.001	0.001	0.001	0.997
0.001	0.001	0.080	0.918
0.001	0.001	0.001	0.997
0.001	0.997	0.001	0.001
>GAGAAATTAA	10-GAGAAATTAA	10.336827	-8.960100	0	T:12.0(15.79%),B:1711.8(4.43%),P:1e-3	Tpos:614.9,Tstd:257.1,Bpos:518.2,Bstd:316.8,StrandBias:-0.7,Multiplicity:1.33
0.001	0.213	0.785	0.001
0.910	0.088	0.001	0.001
0.001	0.001	0.997	0.001
0.997	0.001	0.001	0.001
0.997	0.001	0.001	0.001
0.997	0.001	0.001	0.001
0.001	0.001	0.001	0.997
0.001	0.045	0.001	0.953
0.954	0.044	0.001	0.001
0.997	0.001	0.001	0.001
