>ATTTCGCAAT	1-ATTTCGCAAT	6.710722	-108.205971	0	T:97.0(36.19%),B:2531.0(6.10%),P:1e-46	Tpos:603.4,Tstd:281.6,Bpos:536.4,Bstd:308.3,StrandBias:0.5,Multiplicity:1.18
0.896	0.001	0.102	0.001
0.001	0.001	0.001	0.997
0.001	0.001	0.001	0.997
0.001	0.001	0.038	0.960
0.001	0.997	0.001	0.001
0.001	0.001	0.997	0.001
0.001	0.834	0.001	0.164
0.997	0.001	0.001	0.001
0.997	0.001	0.001	0.001
0.001	0.071	0.001	0.927
>CGAGACGCAG	2-CGAGACGCAG	8.175872	-27.853368	0	T:65.0(24.25%),B:3872.9(9.33%),P:1e-12	Tpos:553.0,Tstd:265.5,Bpos:541.2,Bstd:323.1,StrandBias:-0.5,Multiplicity:1.25
0.156	0.490	0.158	0.195
0.160	0.001	0.758	0.081
0.997	0.001	0.001	0.001
0.200	0.121	0.468	0.211
0.997	0.001	0.001	0.001
0.001	0.820	0.178	0.001
0.001	0.039	0.890	0.070
0.044	0.777	0.033	0.146
0.817	0.001	0.042	0.140
0.001	0.001	0.997	0.001
>CGCTCTCGTT	3-CGCTCTCGTT	9.035373	-25.550283	0	T:27.0(10.07%),B:808.7(1.95%),P:1e-11	Tpos:552.8,Tstd:274.5,Bpos:558.6,Bstd:327.2,StrandBias:1.0,Multiplicity:1.11
0.001	0.967	0.031	0.001
0.001	0.028	0.857	0.114
0.001	0.828	0.103	0.068
0.001	0.001	0.001	0.997
0.001	0.731	0.141	0.127
0.055	0.001	0.001	0.943
0.174	0.824	0.001	0.001
0.001	0.033	0.944	0.022
0.001	0.001	0.001	0.997
0.126	0.219	0.001	0.654
>GCATCTACTT	4-GCATCTACTT	9.680117	-21.925836	0	T:26.0(9.70%),B:886.2(2.14%),P:1e-9	Tpos:459.8,Tstd:262.9,Bpos:495.5,Bstd:298.9,StrandBias:1.2,Multiplicity:1.00
0.044	0.053	0.845	0.058
0.001	0.997	0.001	0.001
0.914	0.084	0.001	0.001
0.001	0.067	0.001	0.931
0.001	0.843	0.058	0.098
0.040	0.001	0.001	0.958
0.915	0.001	0.065	0.019
0.037	0.891	0.071	0.001
0.047	0.001	0.106	0.846
0.078	0.001	0.001	0.920
>GTCCACTATT	5-GTCCACTATT	8.435253	-21.587323	0	T:27.0(10.07%),B:971.5(2.34%),P:1e-9	Tpos:488.2,Tstd:256.4,Bpos:516.6,Bstd:296.7,StrandBias:1.6,Multiplicity:1.04
0.001	0.101	0.756	0.142
0.258	0.160	0.025	0.557
0.001	0.938	0.022	0.039
0.108	0.679	0.026	0.187
0.728	0.001	0.222	0.049
0.145	0.498	0.237	0.120
0.156	0.001	0.214	0.629
0.732	0.032	0.235	0.001
0.029	0.023	0.001	0.947
0.017	0.001	0.342	0.640
>AGACAGCAGC	6-AGACAGCAGC	9.777901	-20.730012	0	T:19.0(7.09%),B:488.0(1.18%),P:1e-9	Tpos:409.5,Tstd:257.5,Bpos:506.1,Bstd:319.1,StrandBias:-0.9,Multiplicity:1.05
0.997	0.001	0.001	0.001
0.041	0.001	0.957	0.001
0.894	0.039	0.001	0.066
0.042	0.956	0.001	0.001
0.997	0.001	0.001	0.001
0.066	0.079	0.798	0.057
0.114	0.812	0.001	0.073
0.997	0.001	0.001	0.001
0.079	0.001	0.841	0.079
0.125	0.873	0.001	0.001
>GTAACCAAGC	7-GTAACCAAGC	10.035641	-20.226662	0	T:14.0(5.22%),B:244.3(0.59%),P:1e-8	Tpos:663.1,Tstd:240.7,Bpos:508.4,Bstd:291.6,StrandBias:-0.2,Multiplicity:1.07
0.077	0.096	0.826	0.001
0.055	0.001	0.001	0.943
0.913	0.001	0.085	0.001
0.884	0.114	0.001	0.001
0.052	0.946	0.001	0.001
0.001	0.997	0.001	0.001
0.997	0.001	0.001	0.001
0.755	0.087	0.001	0.157
0.001	0.001	0.923	0.075
0.001	0.906	0.092	0.001
>WCTCTATGTC	8-WCTCTATGTC	9.061553	-19.525736	0	T:29.0(10.82%),B:1226.6(2.96%),P:1e-8	Tpos:430.3,Tstd:282.2,Bpos:521.5,Bstd:317.3,StrandBias:0.4,Multiplicity:1.10
0.422	0.148	0.159	0.272
0.001	0.997	0.001	0.001
0.121	0.001	0.001	0.877
0.001	0.855	0.102	0.042
0.092	0.001	0.001	0.906
0.996	0.002	0.001	0.001
0.001	0.001	0.181	0.817
0.126	0.001	0.818	0.055
0.001	0.001	0.001	0.997
0.001	0.882	0.001	0.116
>GGTGYASGTC	9-GGTGYASGTC	9.574732	-19.463404	0	T:12.0(4.48%),B:174.5(0.42%),P:1e-8	Tpos:434.3,Tstd:303.6,Bpos:496.7,Bstd:301.5,StrandBias:-1.2,Multiplicity:1.08
0.001	0.007	0.939	0.053
0.087	0.001	0.791	0.121
0.001	0.155	0.245	0.599
0.001	0.001	0.787	0.211
0.001	0.498	0.001	0.500
0.937	0.055	0.001	0.007
0.132	0.450	0.417	0.001
0.001	0.001	0.880	0.118
0.001	0.001	0.006	0.992
0.137	0.861	0.001	0.001
>TTGCGCATTC	10-TTGCGCATTC	8.647771	-19.021184	0	T:28.0(10.45%),B:1176.1(2.83%),P:1e-8	Tpos:499.3,Tstd:256.2,Bpos:494.0,Bstd:313.1,StrandBias:1.2,Multiplicity:1.04
0.001	0.001	0.088	0.910
0.001	0.085	0.059	0.855
0.130	0.034	0.835	0.001
0.051	0.947	0.001	0.001
0.001	0.032	0.923	0.044
0.001	0.891	0.056	0.052
0.941	0.001	0.001	0.057
0.001	0.001	0.001	0.997
0.001	0.082	0.001	0.916
0.001	0.830	0.062	0.107
>GGTGAAATTA	11-GGTGAAATTA	11.050474	-18.879700	0	T:15.0(5.60%),B:322.5(0.78%),P:1e-8	Tpos:464.0,Tstd:321.6,Bpos:524.3,Bstd:317.1,StrandBias:1.0,Multiplicity:1.00
0.001	0.205	0.793	0.001
0.001	0.001	0.997	0.001
0.001	0.087	0.001	0.911
0.001	0.001	0.997	0.001
0.889	0.109	0.001	0.001
0.997	0.001	0.001	0.001
0.997	0.001	0.001	0.001
0.001	0.001	0.001	0.997
0.001	0.001	0.001	0.997
0.997	0.001	0.001	0.001
>CAAACATCTC	12-CAAACATCTC	7.921208	-17.780229	0	T:40.0(14.93%),B:2312.0(5.57%),P:1e-7	Tpos:482.4,Tstd:316.1,Bpos:504.8,Bstd:313.7,StrandBias:-0.1,Multiplicity:1.15
0.157	0.663	0.177	0.003
0.836	0.050	0.063	0.051
0.858	0.044	0.035	0.063
0.571	0.290	0.078	0.061
0.035	0.476	0.254	0.235
0.836	0.048	0.058	0.058
0.145	0.322	0.022	0.511
0.225	0.610	0.029	0.136
0.050	0.046	0.296	0.608
0.005	0.552	0.239	0.204
>TCAGCTGTAC	13-TCAGCTGTAC	10.971850	-17.138245	0	T:10.0(3.73%),B:134.1(0.32%),P:1e-7	Tpos:507.8,Tstd:279.9,Bpos:472.6,Bstd:307.7,StrandBias:1.4,Multiplicity:1.10
0.001	0.001	0.001	0.997
0.001	0.783	0.215	0.001
0.997	0.001	0.001	0.001
0.001	0.001	0.997	0.001
0.001	0.997	0.001	0.001
0.001	0.001	0.136	0.862
0.001	0.001	0.997	0.001
0.001	0.001	0.001	0.997
0.914	0.001	0.084	0.001
0.001	0.997	0.001	0.001
>ATTNWTBYTC	14-ATTNWTBYTC	5.609346	-16.324680	0	T:112.0(41.79%),B:11104.1(26.75%),P:1e-7	Tpos:565.0,Tstd:306.5,Bpos:527.8,Bstd:312.6,StrandBias:0.7,Multiplicity:1.36
0.440	0.031	0.284	0.245
0.301	0.026	0.032	0.641
0.032	0.348	0.031	0.589
0.309	0.233	0.233	0.225
0.389	0.172	0.018	0.421
0.255	0.180	0.139	0.427
0.172	0.209	0.264	0.355
0.177	0.377	0.216	0.230
0.033	0.314	0.159	0.495
0.030	0.907	0.029	0.034
>ATTCCCAACC	15-ATTCCCAACC	12.175171	-16.058417	0	T:7.0(2.61%),B:52.8(0.13%),P:1e-6	Tpos:456.7,Tstd:302.0,Bpos:405.8,Bstd:299.0,StrandBias:2.6,Multiplicity:1.00
0.997	0.001	0.001	0.001
0.001	0.135	0.190	0.674
0.001	0.001	0.001	0.997
0.001	0.997	0.001	0.001
0.001	0.997	0.001	0.001
0.001	0.997	0.001	0.001
0.997	0.001	0.001	0.001
0.997	0.001	0.001	0.001
0.001	0.997	0.001	0.001
0.001	0.997	0.001	0.001
>AGGTCAAGTC	16-AGGTCAAGTC	9.641567	-15.593044	0	T:13.0(4.85%),B:304.7(0.73%),P:1e-6	Tpos:298.2,Tstd:269.2,Bpos:478.4,Bstd:317.1,StrandBias:0.4,Multiplicity:1.08
0.612	0.001	0.001	0.386
0.001	0.001	0.997	0.001
0.069	0.060	0.811	0.060
0.036	0.062	0.110	0.792
0.001	0.935	0.063	0.001
0.997	0.001	0.001	0.001
0.776	0.001	0.222	0.001
0.001	0.057	0.941	0.001
0.001	0.076	0.072	0.851
0.226	0.681	0.092	0.001
>ATTGTAGCTG	17-ATTGTAGCTG	10.556533	-15.574976	0	T:14.0(5.22%),B:360.5(0.87%),P:1e-6	Tpos:375.1,Tstd:287.7,Bpos:455.2,Bstd:315.9,StrandBias:0.0,Multiplicity:1.00
0.624	0.211	0.164	0.001
0.150	0.001	0.001	0.848
0.001	0.001	0.193	0.805
0.001	0.001	0.997	0.001
0.001	0.001	0.001	0.997
0.997	0.001	0.001	0.001
0.001	0.050	0.948	0.001
0.110	0.888	0.001	0.001
0.001	0.001	0.001	0.997
0.163	0.001	0.835	0.001
>CTTTAGACGC	18-CTTTAGACGC	10.296193	-13.360310	0	T:4.0(1.49%),B:10.3(0.02%),P:1e-5	Tpos:616.2,Tstd:319.5,Bpos:504.3,Bstd:324.7,StrandBias:1.6,Multiplicity:1.00
0.100	0.700	0.100	0.100
0.100	0.100	0.100	0.700
0.100	0.100	0.100	0.700
0.100	0.100	0.100	0.700
0.700	0.100	0.100	0.100
0.100	0.100	0.700	0.100
0.700	0.100	0.100	0.100
0.100	0.700	0.100	0.100
0.100	0.100	0.700	0.100
0.100	0.700	0.100	0.100
>GCTGTATACA	19-GCTGTATACA	9.450447	-13.262131	0	T:20.0(7.46%),B:877.8(2.11%),P:1e-5	Tpos:416.9,Tstd:230.9,Bpos:496.5,Bstd:298.1,StrandBias:0.2,Multiplicity:1.05
0.300	0.001	0.650	0.049
0.041	0.775	0.001	0.183
0.001	0.001	0.001	0.997
0.001	0.001	0.997	0.001
0.044	0.066	0.064	0.826
0.947	0.001	0.001	0.051
0.040	0.001	0.001	0.958
0.953	0.001	0.001	0.045
0.047	0.951	0.001	0.001
0.997	0.001	0.001	0.001
>GCCGAAAACG	20-GCCGAAAACG	9.709328	-13.057213	0	T:19.0(7.09%),B:810.3(1.95%),P:1e-5	Tpos:469.6,Tstd:241.0,Bpos:503.3,Bstd:294.6,StrandBias:0.1,Multiplicity:1.42
0.001	0.141	0.857	0.001
0.055	0.943	0.001	0.001
0.001	0.695	0.303	0.001
0.001	0.149	0.849	0.001
0.964	0.001	0.034	0.001
0.997	0.001	0.001	0.001
0.997	0.001	0.001	0.001
0.997	0.001	0.001	0.001
0.037	0.662	0.300	0.001
0.001	0.105	0.893	0.001
>CATGTGTATT	21-CATGTGTATT	10.296193	-10.488883	0	T:6.0(2.24%),B:85.8(0.21%),P:1e-4	Tpos:438.4,Tstd:217.9,Bpos:514.2,Bstd:325.9,StrandBias:-1.0,Multiplicity:1.50
0.100	0.700	0.100	0.100
0.700	0.100	0.100	0.100
0.100	0.100	0.100	0.700
0.100	0.100	0.700	0.100
0.100	0.100	0.100	0.700
0.100	0.100	0.700	0.100
0.100	0.100	0.100	0.700
0.700	0.100	0.100	0.100
0.100	0.100	0.100	0.700
0.100	0.100	0.100	0.700
>CTGGTCCTGG	22-CTGGTCCTGG	10.507439	-10.469781	0	T:8.0(2.99%),B:177.4(0.43%),P:1e-4	Tpos:419.8,Tstd:216.6,Bpos:420.1,Bstd:332.2,StrandBias:-1.6,Multiplicity:2.00
0.051	0.866	0.082	0.001
0.107	0.001	0.001	0.891
0.001	0.099	0.899	0.001
0.001	0.001	0.936	0.062
0.085	0.001	0.001	0.913
0.091	0.846	0.062	0.001
0.001	0.997	0.001	0.001
0.001	0.112	0.001	0.886
0.001	0.079	0.919	0.001
0.001	0.001	0.997	0.001
>ACSTCACACT	23-ACSTCACACT	8.178118	-10.225381	0	T:26.0(9.70%),B:1656.5(3.99%),P:1e-4	Tpos:495.2,Tstd:263.3,Bpos:525.9,Bstd:317.3,StrandBias:0.5,Multiplicity:2.15
0.780	0.001	0.218	0.001
0.054	0.810	0.054	0.082
0.001	0.411	0.422	0.165
0.260	0.001	0.039	0.700
0.075	0.717	0.089	0.119
0.673	0.091	0.037	0.199
0.141	0.661	0.197	0.001
0.597	0.042	0.001	0.360
0.054	0.652	0.033	0.261
0.001	0.050	0.042	0.907
>AAAGGAYGGT	24-AAAGGAYGGT	10.380854	-9.989226	0	T:9.0(3.36%),B:247.2(0.60%),P:1e-4	Tpos:585.8,Tstd:169.9,Bpos:462.5,Bstd:318.3,StrandBias:0.0,Multiplicity:1.33
0.590	0.001	0.001	0.408
0.724	0.001	0.274	0.001
0.997	0.001	0.001	0.001
0.001	0.205	0.793	0.001
0.001	0.001	0.997	0.001
0.997	0.001	0.001	0.001
0.001	0.558	0.001	0.440
0.001	0.001	0.793	0.205
0.001	0.001	0.997	0.001
0.195	0.001	0.001	0.803
>AGDTGTCGGC	25-AGDTGTCGGC	9.050061	-4.769091	0	T:10.0(3.73%),B:626.6(1.51%),P:1e-2	Tpos:423.5,Tstd:216.4,Bpos:504.7,Bstd:294.9,StrandBias:-0.1,Multiplicity:2.70
0.885	0.025	0.039	0.051
0.153	0.075	0.749	0.023
0.335	0.001	0.380	0.284
0.205	0.151	0.069	0.575
0.033	0.035	0.898	0.034
0.066	0.085	0.048	0.801
0.058	0.770	0.001	0.171
0.101	0.037	0.793	0.069
0.021	0.022	0.874	0.083
0.130	0.658	0.020	0.192
>ATTKCGAAATWT	1-ATTKCGAAATWT	9.772286	-109.283481	0	T:94.0(35.07%),B:2310.8(5.57%),P:1e-47	Tpos:620.9,Tstd:276.3,Bpos:543.8,Bstd:309.9,StrandBias:-0.0,Multiplicity:1.16
0.923	0.001	0.075	0.001
0.001	0.001	0.001	0.997
0.001	0.001	0.001	0.997
0.047	0.001	0.434	0.518
0.001	0.997	0.001	0.001
0.001	0.001	0.997	0.001
0.542	0.348	0.001	0.109
0.997	0.001	0.001	0.001
0.997	0.001	0.001	0.001
0.001	0.204	0.001	0.794
0.379	0.196	0.103	0.322
0.168	0.106	0.001	0.725
>CGGAGRCGCAGA	2-CGGAGRCGCAGA	10.857044	-33.851122	0	T:17.0(6.34%),B:157.5(0.38%),P:1e-14	Tpos:507.8,Tstd:251.2,Bpos:504.2,Bstd:354.9,StrandBias:-1.7,Multiplicity:1.00
0.001	0.997	0.001	0.001
0.001	0.104	0.894	0.001
0.001	0.001	0.997	0.001
0.997	0.001	0.001	0.001
0.122	0.001	0.772	0.105
0.316	0.244	0.439	0.001
0.001	0.997	0.001	0.001
0.001	0.121	0.877	0.001
0.122	0.684	0.089	0.105
0.794	0.001	0.204	0.001
0.001	0.205	0.672	0.122
0.997	0.001	0.001	0.001
>GCCTGYGTCTCT	3-GCCTGYGTCTCT	10.539001	-29.495378	0	T:40.0(14.93%),B:1544.8(3.72%),P:1e-12	Tpos:560.7,Tstd:294.9,Bpos:550.0,Bstd:335.0,StrandBias:1.2,Multiplicity:1.07
0.001	0.001	0.757	0.241
0.003	0.495	0.242	0.260
0.001	0.996	0.002	0.001
0.001	0.001	0.175	0.823
0.249	0.247	0.503	0.001
0.001	0.465	0.001	0.533
0.001	0.001	0.707	0.291
0.001	0.215	0.001	0.783
0.001	0.757	0.001	0.241
0.001	0.001	0.001	0.997
0.001	0.997	0.001	0.001
0.001	0.002	0.242	0.755
>AGTTCGATGGAC	4-AGTTCGATGGAC	10.603272	-27.435261	0	T:15.0(5.60%),B:168.4(0.41%),P:1e-11	Tpos:487.9,Tstd:328.5,Bpos:517.7,Bstd:281.9,StrandBias:0.2,Multiplicity:1.00
0.740	0.001	0.207	0.052
0.137	0.002	0.860	0.001
0.001	0.072	0.001	0.926
0.072	0.001	0.065	0.862
0.001	0.909	0.062	0.028
0.264	0.062	0.673	0.001
0.936	0.001	0.062	0.001
0.001	0.072	0.052	0.875
0.057	0.043	0.827	0.073
0.057	0.065	0.815	0.063
0.865	0.062	0.001	0.072
0.153	0.725	0.001	0.121
>TAGTTCTGACGA	5-TAGTTCTGACGA	13.880800	-26.335130	0	T:8.0(2.99%),B:18.5(0.04%),P:1e-11	Tpos:572.9,Tstd:263.8,Bpos:371.6,Bstd:291.0,StrandBias:-1.6,Multiplicity:1.00
0.001	0.001	0.001	0.997
0.997	0.001	0.001	0.001
0.001	0.001	0.997	0.001
0.001	0.001	0.001	0.997
0.001	0.001	0.208	0.790
0.001	0.997	0.001	0.001
0.001	0.151	0.001	0.847
0.001	0.142	0.856	0.001
0.819	0.179	0.001	0.001
0.163	0.835	0.001	0.001
0.001	0.001	0.997	0.001
0.997	0.001	0.001	0.001
>ATTCATTTGAGC	6-ATTCATTTGAGC	13.411415	-23.887695	0	T:11.0(4.10%),B:87.7(0.21%),P:1e-10	Tpos:455.3,Tstd:197.5,Bpos:536.6,Bstd:280.7,StrandBias:-0.3,Multiplicity:1.00
0.997	0.001	0.001	0.001
0.001	0.001	0.001	0.997
0.001	0.001	0.001	0.997
0.105	0.820	0.001	0.074
0.997	0.001	0.001	0.001
0.091	0.001	0.114	0.794
0.001	0.001	0.001	0.997
0.001	0.001	0.001	0.997
0.001	0.261	0.620	0.118
0.997	0.001	0.001	0.001
0.001	0.001	0.881	0.117
0.001	0.997	0.001	0.001
>GCGAAGCTCAGC	7-GCGAAGCTCAGC	13.975020	-23.495879	0	T:5.0(1.87%),B:1.2(0.00%),P:1e-10	Tpos:187.6,Tstd:126.3,Bpos:978.0,Bstd:0.0,StrandBias:0.6,Multiplicity:1.00
0.001	0.001	0.997	0.001
0.117	0.881	0.001	0.001
0.001	0.001	0.997	0.001
0.997	0.001	0.001	0.001
0.997	0.001	0.001	0.001
0.001	0.001	0.997	0.001
0.181	0.637	0.181	0.001
0.001	0.001	0.001	0.997
0.180	0.818	0.001	0.001
0.842	0.001	0.156	0.001
0.001	0.001	0.997	0.001
0.001	0.997	0.001	0.001
>TTTTGAATTCAC	8-TTTTGAATTCAC	12.834210	-23.490828	0	T:18.0(6.72%),B:360.8(0.87%),P:1e-10	Tpos:628.2,Tstd:253.3,Bpos:520.4,Bstd:333.8,StrandBias:1.0,Multiplicity:1.00
0.066	0.001	0.110	0.823
0.001	0.001	0.001	0.997
0.001	0.001	0.001	0.997
0.001	0.001	0.001	0.997
0.052	0.033	0.914	0.001
0.997	0.001	0.001	0.001
0.897	0.001	0.101	0.001
0.061	0.001	0.001	0.937
0.079	0.001	0.001	0.919
0.046	0.681	0.228	0.045
0.924	0.001	0.001	0.074
0.020	0.950	0.001	0.029
>GTTCCCAACCTT	9-GTTCCCAACCTT	12.915792	-23.457084	0	T:7.0(2.61%),B:15.5(0.04%),P:1e-10	Tpos:518.6,Tstd:326.5,Bpos:561.5,Bstd:231.4,StrandBias:2.6,Multiplicity:1.00
0.385	0.001	0.590	0.024
0.001	0.342	0.013	0.644
0.013	0.001	0.001	0.985
0.001	0.997	0.001	0.001
0.013	0.985	0.001	0.001
0.001	0.690	0.308	0.001
0.997	0.001	0.001	0.001
0.997	0.001	0.001	0.001
0.307	0.691	0.001	0.001
0.001	0.997	0.001	0.001
0.310	0.013	0.011	0.666
0.001	0.308	0.001	0.690
>ACGCAGTTGACT	10-ACGCAGTTGACT	13.863095	-22.437265	0	T:7.0(2.61%),B:18.8(0.05%),P:1e-9	Tpos:608.9,Tstd:266.8,Bpos:557.2,Bstd:293.8,StrandBias:0.4,Multiplicity:1.00
0.997	0.001	0.001	0.001
0.001	0.997	0.001	0.001
0.001	0.001	0.852	0.146
0.001	0.997	0.001	0.001
0.997	0.001	0.001	0.001
0.201	0.001	0.797	0.001
0.001	0.001	0.001	0.997
0.001	0.001	0.201	0.797
0.001	0.001	0.997	0.001
0.861	0.137	0.001	0.001
0.001	0.997	0.001	0.001
0.137	0.001	0.001	0.861
>TCTTTCTCTTCA	11-TCTTTCTCTTCA	12.380005	-21.140504	0	T:20.0(7.46%),B:532.3(1.28%),P:1e-9	Tpos:620.0,Tstd:279.0,Bpos:521.3,Bstd:326.2,StrandBias:1.6,Multiplicity:1.00
0.001	0.001	0.001	0.997
0.083	0.766	0.075	0.076
0.060	0.001	0.001	0.938
0.093	0.061	0.001	0.845
0.001	0.001	0.001	0.997
0.001	0.959	0.001	0.039
0.001	0.001	0.001	0.997
0.001	0.997	0.001	0.001
0.084	0.001	0.001	0.914
0.001	0.001	0.001	0.997
0.001	0.886	0.112	0.001
0.751	0.047	0.109	0.093
>AAAATGTTATAT	12-AAAATGTTATAT	13.263222	-20.791704	0	T:17.0(6.34%),B:376.2(0.91%),P:1e-9	Tpos:472.5,Tstd:291.2,Bpos:497.7,Bstd:294.8,StrandBias:0.5,Multiplicity:1.00
0.889	0.001	0.109	0.001
0.908	0.001	0.001	0.090
0.997	0.001	0.001	0.001
0.997	0.001	0.001	0.001
0.001	0.001	0.001	0.997
0.001	0.091	0.907	0.001
0.001	0.001	0.001	0.997
0.001	0.001	0.001	0.997
0.997	0.001	0.001	0.001
0.001	0.053	0.064	0.882
0.997	0.001	0.001	0.001
0.095	0.001	0.001	0.903
>GTTTTCTGAATG	13-GTTTTCTGAATG	12.768265	-19.534261	0	T:15.0(5.60%),B:306.1(0.74%),P:1e-8	Tpos:448.1,Tstd:267.4,Bpos:510.1,Bstd:313.8,StrandBias:-1.5,Multiplicity:1.00
0.047	0.001	0.913	0.039
0.001	0.001	0.001	0.997
0.001	0.128	0.001	0.870
0.001	0.001	0.001	0.997
0.001	0.001	0.001	0.997
0.075	0.809	0.001	0.115
0.054	0.001	0.001	0.944
0.088	0.001	0.910	0.001
0.922	0.001	0.001	0.076
0.997	0.001	0.001	0.001
0.001	0.001	0.122	0.876
0.001	0.079	0.830	0.090
>ATACATACTTTC	14-ATACATACTTTC	13.358462	-19.362508	0	T:11.0(4.10%),B:138.0(0.33%),P:1e-8	Tpos:596.2,Tstd:304.7,Bpos:469.2,Bstd:284.5,StrandBias:1.4,Multiplicity:1.00
0.886	0.001	0.001	0.112
0.001	0.001	0.001	0.997
0.906	0.001	0.001	0.092
0.094	0.904	0.001	0.001
0.997	0.001	0.001	0.001
0.061	0.001	0.001	0.937
0.882	0.001	0.001	0.116
0.179	0.770	0.001	0.050
0.001	0.001	0.001	0.997
0.001	0.001	0.001	0.997
0.001	0.001	0.001	0.997
0.001	0.817	0.093	0.089
>GCTTAYGAATTC	15-GCTTAYGAATTC	9.391619	-18.003775	0	T:21.0(7.84%),B:712.6(1.72%),P:1e-7	Tpos:526.1,Tstd:315.6,Bpos:481.5,Bstd:301.4,StrandBias:0.7,Multiplicity:1.00
0.001	0.342	0.656	0.001
0.001	0.756	0.242	0.001
0.001	0.001	0.001	0.997
0.001	0.270	0.001	0.728
0.664	0.001	0.334	0.001
0.001	0.559	0.001	0.439
0.001	0.001	0.997	0.001
0.562	0.001	0.231	0.206
0.657	0.001	0.001	0.341
0.180	0.001	0.334	0.485
0.335	0.001	0.001	0.663
0.001	0.756	0.242	0.001
>TTGACCTACCCC	16-TTGACCTACCCC	10.831039	-16.563282	0	T:10.0(3.73%),B:143.2(0.35%),P:1e-7	Tpos:624.8,Tstd:266.5,Bpos:517.4,Bstd:326.8,StrandBias:1.4,Multiplicity:1.10
0.001	0.001	0.001	0.997
0.001	0.001	0.001	0.997
0.001	0.160	0.838	0.001
0.794	0.204	0.001	0.001
0.001	0.997	0.001	0.001
0.001	0.822	0.001	0.176
0.001	0.139	0.001	0.859
0.477	0.140	0.177	0.205
0.160	0.838	0.001	0.001
0.001	0.872	0.001	0.126
0.001	0.850	0.148	0.001
0.001	0.723	0.001	0.275
>AATTGTTCAGAG	17-AATTGTTCAGAG	10.446829	-16.155118	0	T:22.0(8.21%),B:871.3(2.10%),P:1e-7	Tpos:488.0,Tstd:270.4,Bpos:500.7,Bstd:302.5,StrandBias:0.7,Multiplicity:1.18
0.905	0.019	0.036	0.040
0.816	0.036	0.026	0.122
0.073	0.012	0.122	0.793
0.051	0.001	0.014	0.934
0.040	0.057	0.795	0.108
0.030	0.024	0.042	0.904
0.095	0.065	0.015	0.825
0.039	0.797	0.080	0.084
0.789	0.087	0.045	0.079
0.066	0.001	0.821	0.112
0.885	0.052	0.043	0.020
0.039	0.138	0.742	0.081
>TTGTGTTTTTAS	18-TTGTGTTTTTAS	11.568420	-15.636384	0	T:18.0(6.72%),B:609.8(1.47%),P:1e-6	Tpos:507.5,Tstd:255.1,Bpos:530.8,Bstd:327.1,StrandBias:-0.3,Multiplicity:1.22
0.001	0.001	0.001	0.997
0.001	0.001	0.001	0.997
0.001	0.188	0.810	0.001
0.001	0.001	0.216	0.782
0.001	0.258	0.740	0.001
0.001	0.001	0.001	0.997
0.001	0.001	0.001	0.997
0.001	0.001	0.324	0.674
0.001	0.222	0.001	0.776
0.001	0.066	0.074	0.859
0.745	0.001	0.253	0.001
0.001	0.529	0.469	0.001
>TGCCGAAAACCA	19-TGCCGAAAACCA	14.569924	-14.454788	0	T:4.0(1.49%),B:7.1(0.02%),P:1e-6	Tpos:367.4,Tstd:252.0,Bpos:574.5,Bstd:218.7,StrandBias:1.0,Multiplicity:2.25
0.001	0.001	0.001	0.997
0.001	0.001	0.997	0.001
0.001	0.997	0.001	0.001
0.001	0.997	0.001	0.001
0.001	0.001	0.997	0.001
0.867	0.001	0.131	0.001
0.997	0.001	0.001	0.001
0.997	0.001	0.001	0.001
0.997	0.001	0.001	0.001
0.001	0.997	0.001	0.001
0.001	0.997	0.001	0.001
0.997	0.001	0.001	0.001
>TAGTTTATTTAT	20-TAGTTTATTTAT	10.974566	-12.442308	0	T:41.0(15.30%),B:2964.8(7.14%),P:1e-5	Tpos:515.8,Tstd:311.9,Bpos:522.4,Bstd:295.2,StrandBias:0.5,Multiplicity:1.17
0.021	0.124	0.001	0.854
0.719	0.001	0.001	0.279
0.114	0.054	0.763	0.069
0.001	0.001	0.001	0.997
0.001	0.001	0.001	0.997
0.001	0.001	0.184	0.814
0.765	0.001	0.096	0.138
0.373	0.073	0.001	0.553
0.085	0.001	0.001	0.913
0.001	0.001	0.001	0.997
0.664	0.160	0.049	0.127
0.001	0.001	0.001	0.997
>AATACACATGTG	21-AATACACATGTG	14.915082	-10.755992	0	T:3.0(1.12%),B:6.5(0.02%),P:1e-4	Tpos:443.4,Tstd:155.3,Bpos:613.8,Bstd:318.8,StrandBias:0.6,Multiplicity:1.00
0.997	0.001	0.001	0.001
0.997	0.001	0.001	0.001
0.001	0.001	0.001	0.997
0.997	0.001	0.001	0.001
0.001	0.997	0.001	0.001
0.997	0.001	0.001	0.001
0.001	0.997	0.001	0.001
0.997	0.001	0.001	0.001
0.001	0.001	0.001	0.997
0.001	0.001	0.997	0.001
0.001	0.001	0.001	0.997
0.001	0.185	0.813	0.001
>CTGGTCCTGGTG	22-CTGGTCCTGGTG	11.451559	-10.304831	0	T:6.0(2.24%),B:88.5(0.21%),P:1e-4	Tpos:408.0,Tstd:193.9,Bpos:399.6,Bstd:277.7,StrandBias:-1.7,Multiplicity:2.17
0.001	0.792	0.206	0.001
0.142	0.133	0.001	0.724
0.001	0.001	0.902	0.096
0.001	0.001	0.695	0.303
0.001	0.001	0.001	0.997
0.339	0.659	0.001	0.001
0.001	0.884	0.114	0.001
0.001	0.001	0.001	0.997
0.001	0.001	0.997	0.001
0.224	0.097	0.678	0.001
0.121	0.001	0.001	0.877
0.001	0.190	0.808	0.001
>CTCCCAGTGCTC	23-CTCCCAGTGCTC	14.276475	-10.101751	0	T:2.0(0.75%),B:0.0(0.00%),P:1e-4	Tpos:492.3,Tstd:150.2,Bpos:0.0,Bstd:0.0,StrandBias:10.0,Multiplicity:1.50
0.119	0.653	0.001	0.227
0.001	0.001	0.001	0.997
0.001	0.904	0.094	0.001
0.001	0.811	0.094	0.094
0.001	0.795	0.119	0.085
0.819	0.001	0.001	0.179
0.233	0.108	0.540	0.119
0.001	0.001	0.001	0.997
0.119	0.001	0.660	0.220
0.001	0.997	0.001	0.001
0.001	0.001	0.001	0.997
0.137	0.861	0.001	0.001
>GTGACGTCACTT	24-GTGACGTCACTT	15.125549	-6.986258	0	T:4.0(1.49%),B:63.3(0.15%),P:1e-3	Tpos:362.4,Tstd:159.8,Bpos:529.3,Bstd:297.1,StrandBias:2.4,Multiplicity:4.25
0.001	0.001	0.997	0.001
0.001	0.001	0.001	0.997
0.001	0.001	0.997	0.001
0.997	0.001	0.001	0.001
0.001	0.997	0.001	0.001
0.001	0.001	0.997	0.001
0.001	0.001	0.001	0.997
0.001	0.997	0.001	0.001
0.997	0.001	0.001	0.001
0.001	0.997	0.001	0.001
0.311	0.043	0.001	0.645
0.001	0.266	0.001	0.732
>CAGCCGACAYCT	25-CAGCCGACAYCT	11.032005	-6.146326	0	T:10.0(3.73%),B:511.2(1.23%),P:1e-2	Tpos:473.3,Tstd:234.5,Bpos:462.8,Bstd:282.7,StrandBias:0.4,Multiplicity:3.30
0.001	0.838	0.069	0.092
0.716	0.001	0.217	0.066
0.073	0.001	0.848	0.078
0.001	0.997	0.001	0.001
0.001	0.852	0.001	0.146
0.047	0.001	0.874	0.078
0.915	0.001	0.001	0.083
0.001	0.925	0.073	0.001
0.647	0.001	0.084	0.268
0.193	0.454	0.001	0.352
0.030	0.626	0.001	0.343
0.137	0.001	0.001	0.861
>ATTTCGCA	1-ATTTCGCA	8.236954	-54.493653	0	T:64.0(23.88%),B:2173.7(5.24%),P:1e-23	Tpos:604.3,Tstd:290.3,Bpos:532.6,Bstd:316.3,StrandBias:0.5,Multiplicity:1.12
0.700	0.100	0.100	0.100
0.100	0.100	0.100	0.700
0.100	0.100	0.100	0.700
0.100	0.100	0.100	0.700
0.100	0.700	0.100	0.100
0.100	0.100	0.700	0.100
0.100	0.700	0.100	0.100
0.700	0.100	0.100	0.100
>TTTCGTAA	2-TTTCGTAA	9.853044	-32.494743	0	T:107.0(39.93%),B:8021.2(19.33%),P:1e-14	Tpos:565.4,Tstd:275.4,Bpos:515.9,Bstd:306.7,StrandBias:0.2,Multiplicity:1.15
0.001	0.001	0.001	0.997
0.001	0.001	0.001	0.997
0.001	0.001	0.100	0.898
0.001	0.997	0.001	0.001
0.001	0.001	0.997	0.001
0.329	0.169	0.001	0.501
0.997	0.001	0.001	0.001
0.997	0.001	0.001	0.001
>CTGCGTCT	3-CTGCGTCT	7.890284	-25.303838	0	T:63.0(23.51%),B:3901.6(9.40%),P:1e-10	Tpos:564.4,Tstd:268.3,Bpos:539.9,Bstd:327.9,StrandBias:0.9,Multiplicity:1.22
0.001	0.950	0.001	0.048
0.001	0.001	0.001	0.997
0.001	0.144	0.854	0.001
0.001	0.997	0.001	0.001
0.001	0.001	0.997	0.001
0.001	0.001	0.001	0.997
0.051	0.947	0.001	0.001
0.001	0.001	0.001	0.997
>TGCGTAAC	4-TGCGTAAC	6.994337	-14.501252	0	T:68.0(25.37%),B:5767.8(13.90%),P:1e-6	Tpos:535.3,Tstd:265.4,Bpos:508.3,Bstd:310.3,StrandBias:-0.2,Multiplicity:1.21
0.001	0.001	0.014	0.984
0.059	0.115	0.825	0.001
0.027	0.971	0.001	0.001
0.084	0.001	0.889	0.026
0.170	0.081	0.001	0.748
0.917	0.001	0.018	0.064
0.964	0.034	0.001	0.001
0.085	0.698	0.158	0.059
>GGCCGCTT	5-GGCCGCTT	6.450367	-13.518508	0	T:28.0(10.45%),B:1548.5(3.73%),P:1e-5	Tpos:518.1,Tstd:291.5,Bpos:489.2,Bstd:309.4,StrandBias:0.9,Multiplicity:1.11
0.001	0.001	0.997	0.001
0.181	0.001	0.817	0.001
0.001	0.997	0.001	0.001
0.001	0.997	0.001	0.001
0.001	0.001	0.997	0.001
0.001	0.848	0.150	0.001
0.001	0.001	0.001	0.997
0.001	0.080	0.001	0.918
>AAACCAAG	6-AAACCAAG	7.050489	-9.205423	0	T:42.0(15.67%),B:3534.6(8.52%),P:1e-3	Tpos:506.6,Tstd:302.6,Bpos:496.2,Bstd:308.1,StrandBias:0.8,Multiplicity:1.30
0.858	0.001	0.001	0.140
0.870	0.001	0.128	0.001
0.997	0.001	0.001	0.001
0.001	0.997	0.001	0.001
0.001	0.997	0.001	0.001
0.997	0.001	0.001	0.001
0.997	0.001	0.001	0.001
0.001	0.001	0.997	0.001
>CTCTCTCT	7-CTCTCTCT	7.958622	-8.842923	0	T:97.0(36.19%),B:10768.9(25.95%),P:1e-3	Tpos:548.0,Tstd:288.1,Bpos:544.5,Bstd:331.2,StrandBias:0.9,Multiplicity:1.49
0.001	0.875	0.107	0.017
0.001	0.001	0.099	0.899
0.099	0.784	0.001	0.116
0.001	0.001	0.001	0.997
0.001	0.835	0.163	0.001
0.001	0.001	0.001	0.997
0.001	0.882	0.001	0.116
0.126	0.001	0.138	0.735
>AGCAGCCG	8-AGCAGCCG	10.588056	-5.311907	0	T:12.0(4.48%),B:769.0(1.85%),P:1e-2	Tpos:448.8,Tstd:206.3,Bpos:475.0,Bstd:289.7,StrandBias:0.9,Multiplicity:1.92
0.997	0.001	0.001	0.001
0.001	0.001	0.997	0.001
0.001	0.997	0.001	0.001
0.618	0.001	0.300	0.081
0.001	0.001	0.997	0.001
0.001	0.997	0.001	0.001
0.001	0.997	0.001	0.001
0.001	0.001	0.997	0.001
>GTGACGTC	9-GTGACGTC	7.419664	-2.572592	0	T:14.0(5.22%),B:1409.6(3.40%),P:1e-1	Tpos:466.3,Tstd:234.5,Bpos:498.6,Bstd:300.6,StrandBias:-0.3,Multiplicity:2.00
0.001	0.001	0.997	0.001
0.001	0.001	0.001	0.997
0.026	0.001	0.972	0.001
0.997	0.001	0.001	0.001
0.001	0.997	0.001	0.001
0.001	0.001	0.997	0.001
0.001	0.001	0.001	0.997
0.001	0.997	0.001	0.001
