>GATAAGGAAAAG	9-GATAAGGAAAAG,BestGuess:elt-2/MA1701.1/Jaspar(0.692)	11.333628	-27.500981	0	T:17.0(4.08%),B:145.4(0.36%),P:1e-11
0.053	0.052	0.880	0.015
0.963	0.001	0.001	0.035
0.012	0.026	0.065	0.897
0.696	0.114	0.024	0.166
0.733	0.017	0.019	0.231
0.156	0.001	0.639	0.204
0.039	0.067	0.696	0.198
0.851	0.001	0.147	0.001
0.603	0.141	0.055	0.201
0.882	0.001	0.033	0.084
0.719	0.192	0.046	0.043
0.073	0.020	0.845	0.062
