>AAACGTCATC	1-AAACGTCATC	9.735195	-31.071731	0	T:19.0(27.54%),B:1069.8(2.75%),P:1e-13	Tpos:592.1,Tstd:320.7,Bpos:523.1,Bstd:318.1,StrandBias:-0.5,Multiplicity:1.00
0.909	0.001	0.001	0.089
0.918	0.001	0.001	0.080
0.997	0.001	0.001	0.001
0.001	0.844	0.001	0.154
0.001	0.001	0.997	0.001
0.001	0.088	0.001	0.910
0.001	0.955	0.001	0.043
0.900	0.098	0.001	0.001
0.061	0.079	0.089	0.771
0.060	0.848	0.001	0.091
>AAATGCKBAC	2-AAATGCKBAC	8.585992	-24.218723	0	T:23.0(33.33%),B:2512.9(6.47%),P:1e-10	Tpos:538.5,Tstd:321.4,Bpos:516.0,Bstd:317.0,StrandBias:-0.7,Multiplicity:1.04
0.997	0.001	0.001	0.001
0.956	0.002	0.001	0.041
0.813	0.001	0.047	0.139
0.076	0.046	0.068	0.810
0.059	0.001	0.939	0.001
0.192	0.634	0.034	0.140
0.049	0.073	0.384	0.494
0.036	0.307	0.389	0.268
0.624	0.051	0.273	0.052
0.076	0.542	0.268	0.114
>GATTACCATT	3-GATTACCATT	10.386148	-20.409324	0	T:12.0(17.39%),B:630.1(1.62%),P:1e-8	Tpos:466.2,Tstd:256.2,Bpos:483.1,Bstd:312.2,StrandBias:0.0,Multiplicity:1.00
0.001	0.001	0.997	0.001
0.817	0.107	0.001	0.075
0.001	0.001	0.001	0.997
0.001	0.001	0.001	0.997
0.954	0.001	0.001	0.044
0.272	0.585	0.088	0.055
0.057	0.863	0.001	0.079
0.997	0.001	0.001	0.001
0.001	0.001	0.001	0.997
0.127	0.001	0.001	0.871
>TTTAGCTTCT	4-TTTAGCTTCT	10.315315	-18.480882	0	T:14.0(20.29%),B:1113.5(2.87%),P:1e-8	Tpos:510.7,Tstd:309.8,Bpos:493.4,Bstd:317.1,StrandBias:0.6,Multiplicity:1.07
0.001	0.001	0.001	0.997
0.001	0.001	0.081	0.917
0.068	0.226	0.001	0.705
0.969	0.001	0.001	0.029
0.046	0.066	0.709	0.179
0.048	0.921	0.001	0.030
0.001	0.001	0.001	0.997
0.001	0.001	0.001	0.997
0.001	0.896	0.075	0.028
0.051	0.001	0.001	0.947
>AAAAACTCCA	5-AAAAACTCCA	11.164148	-17.940776	0	T:20.0(28.99%),B:2603.5(6.70%),P:1e-7	Tpos:428.9,Tstd:297.5,Bpos:500.9,Bstd:316.2,StrandBias:-0.1,Multiplicity:1.05
0.997	0.001	0.001	0.001
0.997	0.001	0.001	0.001
0.997	0.001	0.001	0.001
0.997	0.001	0.001	0.001
0.965	0.001	0.001	0.033
0.052	0.946	0.001	0.001
0.001	0.001	0.001	0.997
0.001	0.636	0.190	0.173
0.099	0.782	0.118	0.001
0.997	0.001	0.001	0.001
>TAGCTTTCTG	6-TAGCTTTCTG	8.886591	-17.808201	0	T:17.0(24.64%),B:1844.3(4.75%),P:1e-7	Tpos:400.5,Tstd:264.8,Bpos:517.9,Bstd:325.2,StrandBias:0.8,Multiplicity:1.12
0.001	0.001	0.001	0.997
0.649	0.021	0.329	0.001
0.245	0.195	0.420	0.140
0.058	0.779	0.064	0.099
0.345	0.058	0.001	0.596
0.001	0.219	0.001	0.779
0.001	0.001	0.134	0.864
0.051	0.843	0.001	0.105
0.017	0.001	0.001	0.981
0.068	0.053	0.773	0.106
>CACTGATAAG	7-CACTGATAAG	10.265235	-16.446574	0	T:13.0(18.84%),B:1103.0(2.84%),P:1e-7	Tpos:613.1,Tstd:252.6,Bpos:561.8,Bstd:320.6,StrandBias:-0.2,Multiplicity:1.15
0.027	0.832	0.083	0.058
0.860	0.001	0.138	0.001
0.089	0.909	0.001	0.001
0.001	0.148	0.001	0.850
0.001	0.001	0.997	0.001
0.997	0.001	0.001	0.001
0.056	0.001	0.001	0.942
0.997	0.001	0.001	0.001
0.881	0.001	0.001	0.117
0.001	0.063	0.864	0.072
>ATCACATCAT	8-ATCACATCAT	7.999556	-16.096397	0	T:19.0(27.54%),B:2623.1(6.75%),P:1e-6	Tpos:612.5,Tstd:318.3,Bpos:522.4,Bstd:324.8,StrandBias:0.8,Multiplicity:1.16
0.931	0.067	0.001	0.001
0.070	0.001	0.001	0.928
0.060	0.887	0.052	0.001
0.997	0.001	0.001	0.001
0.037	0.900	0.001	0.062
0.832	0.001	0.086	0.081
0.061	0.095	0.001	0.843
0.057	0.874	0.068	0.001
0.997	0.001	0.001	0.001
0.060	0.073	0.001	0.866
>ATTTCGCAAT	9-ATTTCGCAAT	12.748777	-16.011041	0	T:13.0(18.84%),B:1146.1(2.95%),P:1e-6	Tpos:558.4,Tstd:285.8,Bpos:536.2,Bstd:326.5,StrandBias:0.4,Multiplicity:1.08
0.997	0.001	0.001	0.001
0.073	0.001	0.001	0.925
0.001	0.001	0.001	0.997
0.001	0.001	0.001	0.997
0.001	0.997	0.001	0.001
0.396	0.001	0.602	0.001
0.001	0.997	0.001	0.001
0.997	0.001	0.001	0.001
0.997	0.001	0.001	0.001
0.001	0.001	0.083	0.915
>AAGCTTTGCC	10-AAGCTTTGCC	10.336081	-15.284756	0	T:10.0(14.49%),B:643.3(1.66%),P:1e-6	Tpos:395.6,Tstd:236.5,Bpos:494.9,Bstd:303.7,StrandBias:0.2,Multiplicity:1.30
0.997	0.001	0.001	0.001
0.877	0.121	0.001	0.001
0.049	0.082	0.868	0.001
0.071	0.725	0.093	0.111
0.001	0.001	0.001	0.997
0.001	0.091	0.125	0.783
0.001	0.001	0.001	0.997
0.001	0.001	0.997	0.001
0.001	0.918	0.080	0.001
0.001	0.923	0.001	0.075
>CGAAAGGGTA	11-CGAAAGGGTA	11.014396	-14.455911	0	T:6.0(8.70%),B:160.4(0.41%),P:1e-6	Tpos:518.6,Tstd:352.0,Bpos:495.6,Bstd:350.6,StrandBias:-1.3,Multiplicity:1.17
0.001	0.687	0.311	0.001
0.001	0.001	0.997	0.001
0.997	0.001	0.001	0.001
0.997	0.001	0.001	0.001
0.865	0.001	0.001	0.133
0.103	0.148	0.748	0.001
0.001	0.001	0.997	0.001
0.001	0.001	0.997	0.001
0.001	0.001	0.001	0.997
0.863	0.001	0.001	0.135
>CGCAGWCTGC	12-CGCAGWCTGC	11.400373	-13.395615	0	T:4.0(5.80%),B:43.2(0.11%),P:1e-5	Tpos:466.4,Tstd:202.1,Bpos:534.0,Bstd:313.4,StrandBias:0.4,Multiplicity:1.00
0.193	0.805	0.001	0.001
0.001	0.001	0.997	0.001
0.001	0.997	0.001	0.001
0.997	0.001	0.001	0.001
0.001	0.001	0.809	0.189
0.426	0.001	0.001	0.572
0.001	0.997	0.001	0.001
0.001	0.001	0.001	0.997
0.001	0.001	0.997	0.001
0.001	0.997	0.001	0.001
>TCTTATGAAC	13-TCTTATGAAC	11.268076	-11.029765	0	T:7.0(10.14%),B:447.7(1.15%),P:1e-4	Tpos:289.9,Tstd:275.1,Bpos:516.4,Bstd:319.6,StrandBias:3.0,Multiplicity:1.29
0.001	0.001	0.001	0.997
0.001	0.886	0.112	0.001
0.001	0.001	0.001	0.997
0.124	0.001	0.001	0.874
0.881	0.001	0.117	0.001
0.001	0.001	0.001	0.997
0.001	0.159	0.839	0.001
0.997	0.001	0.001	0.001
0.997	0.001	0.001	0.001
0.001	0.997	0.001	0.001
>TTCAGTCACA	14-TTCAGTCACA	8.350283	-9.060957	0	T:16.0(23.19%),B:3177.7(8.18%),P:1e-3	Tpos:410.6,Tstd:313.5,Bpos:514.2,Bstd:326.2,StrandBias:0.2,Multiplicity:1.06
0.100	0.100	0.100	0.700
0.100	0.100	0.100	0.700
0.100	0.700	0.100	0.100
0.700	0.100	0.100	0.100
0.100	0.100	0.700	0.100
0.100	0.100	0.100	0.700
0.100	0.700	0.100	0.100
0.700	0.100	0.100	0.100
0.100	0.700	0.100	0.100
0.700	0.100	0.100	0.100
>WACGGWCCGT	15-WACGGWCCGT	9.782772	-7.328732	0	T:3.0(4.35%),B:92.7(0.24%),P:1e-3	Tpos:184.2,Tstd:112.1,Bpos:400.3,Bstd:319.4,StrandBias:0.0,Multiplicity:2.00
0.410	0.080	0.056	0.453
0.919	0.079	0.001	0.001
0.001	0.997	0.001	0.001
0.001	0.001	0.997	0.001
0.001	0.001	0.997	0.001
0.465	0.001	0.001	0.533
0.001	0.997	0.001	0.001
0.001	0.997	0.001	0.001
0.001	0.001	0.997	0.001
0.001	0.001	0.001	0.997
>CCAACTTTAG	16-CCAACTTTAG	10.296193	-4.622456	0	T:2.0(2.90%),B:82.6(0.21%),P:1e-2	Tpos:658.4,Tstd:82.0,Bpos:446.4,Bstd:286.1,StrandBias:1.3,Multiplicity:3.50
0.100	0.700	0.100	0.100
0.100	0.700	0.100	0.100
0.700	0.100	0.100	0.100
0.700	0.100	0.100	0.100
0.100	0.700	0.100	0.100
0.100	0.100	0.100	0.700
0.100	0.100	0.100	0.700
0.100	0.100	0.100	0.700
0.700	0.100	0.100	0.100
0.100	0.100	0.700	0.100
>TTGTTACACG	17-TTGTTACACG	10.971198	-4.233975	0	T:2.0(2.90%),B:101.6(0.26%),P:1e-1	Tpos:438.5,Tstd:151.8,Bpos:418.2,Bstd:275.2,StrandBias:4.3,Multiplicity:10.50
0.001	0.001	0.001	0.997
0.001	0.001	0.001	0.997
0.001	0.001	0.997	0.001
0.057	0.001	0.001	0.941
0.001	0.001	0.001	0.997
0.997	0.001	0.001	0.001
0.001	0.997	0.001	0.001
0.997	0.001	0.001	0.001
0.001	0.997	0.001	0.001
0.001	0.001	0.997	0.001
