>AAACGTCATC	1-AAACGTCATC	9.735195	-31.071731	0	T:19.0(27.54%),B:1069.8(2.75%),P:1e-13	Tpos:592.1,Tstd:320.7,Bpos:523.1,Bstd:318.1,StrandBias:-0.5,Multiplicity:1.00
0.909	0.001	0.001	0.089
0.918	0.001	0.001	0.080
0.997	0.001	0.001	0.001
0.001	0.844	0.001	0.154
0.001	0.001	0.997	0.001
0.001	0.088	0.001	0.910
0.001	0.955	0.001	0.043
0.900	0.098	0.001	0.001
0.061	0.079	0.089	0.771
0.060	0.848	0.001	0.091
>AAATGCKBAC	2-AAATGCKBAC	8.585992	-24.218723	0	T:23.0(33.33%),B:2512.9(6.47%),P:1e-10	Tpos:538.5,Tstd:321.4,Bpos:516.0,Bstd:317.0,StrandBias:-0.7,Multiplicity:1.04
0.997	0.001	0.001	0.001
0.956	0.002	0.001	0.041
0.813	0.001	0.047	0.139
0.076	0.046	0.068	0.810
0.059	0.001	0.939	0.001
0.192	0.634	0.034	0.140
0.049	0.073	0.384	0.494
0.036	0.307	0.389	0.268
0.624	0.051	0.273	0.052
0.076	0.542	0.268	0.114
>GATTACCATT	3-GATTACCATT	10.386148	-20.409324	0	T:12.0(17.39%),B:630.1(1.62%),P:1e-8	Tpos:466.2,Tstd:256.2,Bpos:483.1,Bstd:312.2,StrandBias:0.0,Multiplicity:1.00
0.001	0.001	0.997	0.001
0.817	0.107	0.001	0.075
0.001	0.001	0.001	0.997
0.001	0.001	0.001	0.997
0.954	0.001	0.001	0.044
0.272	0.585	0.088	0.055
0.057	0.863	0.001	0.079
0.997	0.001	0.001	0.001
0.001	0.001	0.001	0.997
0.127	0.001	0.001	0.871
>TTTAGCTTCT	4-TTTAGCTTCT	10.315315	-18.480882	0	T:14.0(20.29%),B:1113.5(2.87%),P:1e-8	Tpos:510.7,Tstd:309.8,Bpos:493.4,Bstd:317.1,StrandBias:0.6,Multiplicity:1.07
0.001	0.001	0.001	0.997
0.001	0.001	0.081	0.917
0.068	0.226	0.001	0.705
0.969	0.001	0.001	0.029
0.046	0.066	0.709	0.179
0.048	0.921	0.001	0.030
0.001	0.001	0.001	0.997
0.001	0.001	0.001	0.997
0.001	0.896	0.075	0.028
0.051	0.001	0.001	0.947
>AAAAACTCCA	5-AAAAACTCCA	11.164148	-17.940776	0	T:20.0(28.99%),B:2603.5(6.70%),P:1e-7	Tpos:428.9,Tstd:297.5,Bpos:500.9,Bstd:316.2,StrandBias:-0.1,Multiplicity:1.05
0.997	0.001	0.001	0.001
0.997	0.001	0.001	0.001
0.997	0.001	0.001	0.001
0.997	0.001	0.001	0.001
0.965	0.001	0.001	0.033
0.052	0.946	0.001	0.001
0.001	0.001	0.001	0.997
0.001	0.636	0.190	0.173
0.099	0.782	0.118	0.001
0.997	0.001	0.001	0.001
>TAGCTTTCTG	6-TAGCTTTCTG	8.886591	-17.808201	0	T:17.0(24.64%),B:1844.3(4.75%),P:1e-7	Tpos:400.5,Tstd:264.8,Bpos:517.9,Bstd:325.2,StrandBias:0.8,Multiplicity:1.12
0.001	0.001	0.001	0.997
0.649	0.021	0.329	0.001
0.245	0.195	0.420	0.140
0.058	0.779	0.064	0.099
0.345	0.058	0.001	0.596
0.001	0.219	0.001	0.779
0.001	0.001	0.134	0.864
0.051	0.843	0.001	0.105
0.017	0.001	0.001	0.981
0.068	0.053	0.773	0.106
>CACTGATAAG	7-CACTGATAAG	10.265235	-16.446574	0	T:13.0(18.84%),B:1103.0(2.84%),P:1e-7	Tpos:613.1,Tstd:252.6,Bpos:561.8,Bstd:320.6,StrandBias:-0.2,Multiplicity:1.15
0.027	0.832	0.083	0.058
0.860	0.001	0.138	0.001
0.089	0.909	0.001	0.001
0.001	0.148	0.001	0.850
0.001	0.001	0.997	0.001
0.997	0.001	0.001	0.001
0.056	0.001	0.001	0.942
0.997	0.001	0.001	0.001
0.881	0.001	0.001	0.117
0.001	0.063	0.864	0.072
>ATCACATCAT	8-ATCACATCAT	7.999556	-16.096397	0	T:19.0(27.54%),B:2623.1(6.75%),P:1e-6	Tpos:612.5,Tstd:318.3,Bpos:522.4,Bstd:324.8,StrandBias:0.8,Multiplicity:1.16
0.931	0.067	0.001	0.001
0.070	0.001	0.001	0.928
0.060	0.887	0.052	0.001
0.997	0.001	0.001	0.001
0.037	0.900	0.001	0.062
0.832	0.001	0.086	0.081
0.061	0.095	0.001	0.843
0.057	0.874	0.068	0.001
0.997	0.001	0.001	0.001
0.060	0.073	0.001	0.866
>ATTTCGCAAT	9-ATTTCGCAAT	12.748777	-16.011041	0	T:13.0(18.84%),B:1146.1(2.95%),P:1e-6	Tpos:558.4,Tstd:285.8,Bpos:536.2,Bstd:326.5,StrandBias:0.4,Multiplicity:1.08
0.997	0.001	0.001	0.001
0.073	0.001	0.001	0.925
0.001	0.001	0.001	0.997
0.001	0.001	0.001	0.997
0.001	0.997	0.001	0.001
0.396	0.001	0.602	0.001
0.001	0.997	0.001	0.001
0.997	0.001	0.001	0.001
0.997	0.001	0.001	0.001
0.001	0.001	0.083	0.915
>AAGCTTTGCC	10-AAGCTTTGCC	10.336081	-15.284756	0	T:10.0(14.49%),B:643.3(1.66%),P:1e-6	Tpos:395.6,Tstd:236.5,Bpos:494.9,Bstd:303.7,StrandBias:0.2,Multiplicity:1.30
0.997	0.001	0.001	0.001
0.877	0.121	0.001	0.001
0.049	0.082	0.868	0.001
0.071	0.725	0.093	0.111
0.001	0.001	0.001	0.997
0.001	0.091	0.125	0.783
0.001	0.001	0.001	0.997
0.001	0.001	0.997	0.001
0.001	0.918	0.080	0.001
0.001	0.923	0.001	0.075
>CGAAAGGGTA	11-CGAAAGGGTA	11.014396	-14.455911	0	T:6.0(8.70%),B:160.4(0.41%),P:1e-6	Tpos:518.6,Tstd:352.0,Bpos:495.6,Bstd:350.6,StrandBias:-1.3,Multiplicity:1.17
0.001	0.687	0.311	0.001
0.001	0.001	0.997	0.001
0.997	0.001	0.001	0.001
0.997	0.001	0.001	0.001
0.865	0.001	0.001	0.133
0.103	0.148	0.748	0.001
0.001	0.001	0.997	0.001
0.001	0.001	0.997	0.001
0.001	0.001	0.001	0.997
0.863	0.001	0.001	0.135
>CGCAGWCTGC	12-CGCAGWCTGC	11.400373	-13.395615	0	T:4.0(5.80%),B:43.2(0.11%),P:1e-5	Tpos:466.4,Tstd:202.1,Bpos:534.0,Bstd:313.4,StrandBias:0.4,Multiplicity:1.00
0.193	0.805	0.001	0.001
0.001	0.001	0.997	0.001
0.001	0.997	0.001	0.001
0.997	0.001	0.001	0.001
0.001	0.001	0.809	0.189
0.426	0.001	0.001	0.572
0.001	0.997	0.001	0.001
0.001	0.001	0.001	0.997
0.001	0.001	0.997	0.001
0.001	0.997	0.001	0.001
>TCTTATGAAC	13-TCTTATGAAC	11.268076	-11.029765	0	T:7.0(10.14%),B:447.7(1.15%),P:1e-4	Tpos:289.9,Tstd:275.1,Bpos:516.4,Bstd:319.6,StrandBias:3.0,Multiplicity:1.29
0.001	0.001	0.001	0.997
0.001	0.886	0.112	0.001
0.001	0.001	0.001	0.997
0.124	0.001	0.001	0.874
0.881	0.001	0.117	0.001
0.001	0.001	0.001	0.997
0.001	0.159	0.839	0.001
0.997	0.001	0.001	0.001
0.997	0.001	0.001	0.001
0.001	0.997	0.001	0.001
>TTCAGTCACA	14-TTCAGTCACA	8.350283	-9.060957	0	T:16.0(23.19%),B:3177.7(8.18%),P:1e-3	Tpos:410.6,Tstd:313.5,Bpos:514.2,Bstd:326.2,StrandBias:0.2,Multiplicity:1.06
0.100	0.100	0.100	0.700
0.100	0.100	0.100	0.700
0.100	0.700	0.100	0.100
0.700	0.100	0.100	0.100
0.100	0.100	0.700	0.100
0.100	0.100	0.100	0.700
0.100	0.700	0.100	0.100
0.700	0.100	0.100	0.100
0.100	0.700	0.100	0.100
0.700	0.100	0.100	0.100
>WACGGWCCGT	15-WACGGWCCGT	9.782772	-7.328732	0	T:3.0(4.35%),B:92.7(0.24%),P:1e-3	Tpos:184.2,Tstd:112.1,Bpos:400.3,Bstd:319.4,StrandBias:0.0,Multiplicity:2.00
0.410	0.080	0.056	0.453
0.919	0.079	0.001	0.001
0.001	0.997	0.001	0.001
0.001	0.001	0.997	0.001
0.001	0.001	0.997	0.001
0.465	0.001	0.001	0.533
0.001	0.997	0.001	0.001
0.001	0.997	0.001	0.001
0.001	0.001	0.997	0.001
0.001	0.001	0.001	0.997
>CCAACTTTAG	16-CCAACTTTAG	10.296193	-4.622456	0	T:2.0(2.90%),B:82.6(0.21%),P:1e-2	Tpos:658.4,Tstd:82.0,Bpos:446.4,Bstd:286.1,StrandBias:1.3,Multiplicity:3.50
0.100	0.700	0.100	0.100
0.100	0.700	0.100	0.100
0.700	0.100	0.100	0.100
0.700	0.100	0.100	0.100
0.100	0.700	0.100	0.100
0.100	0.100	0.100	0.700
0.100	0.100	0.100	0.700
0.100	0.100	0.100	0.700
0.700	0.100	0.100	0.100
0.100	0.100	0.700	0.100
>TTGTTACACG	17-TTGTTACACG	10.971198	-4.233975	0	T:2.0(2.90%),B:101.6(0.26%),P:1e-1	Tpos:438.5,Tstd:151.8,Bpos:418.2,Bstd:275.2,StrandBias:4.3,Multiplicity:10.50
0.001	0.001	0.001	0.997
0.001	0.001	0.001	0.997
0.001	0.001	0.997	0.001
0.057	0.001	0.001	0.941
0.001	0.001	0.001	0.997
0.997	0.001	0.001	0.001
0.001	0.997	0.001	0.001
0.997	0.001	0.001	0.001
0.001	0.997	0.001	0.001
0.001	0.001	0.997	0.001
>AGTCTGTATTTA	1-AGTCTGTATTTA	14.507284	-21.970709	0	T:6.0(8.70%),B:42.0(0.11%),P:1e-9	Tpos:465.0,Tstd:285.9,Bpos:543.0,Bstd:213.5,StrandBias:-1.0,Multiplicity:1.00
0.784	0.001	0.001	0.214
0.242	0.001	0.756	0.001
0.001	0.001	0.001	0.997
0.242	0.756	0.001	0.001
0.001	0.001	0.001	0.997
0.001	0.001	0.997	0.001
0.001	0.001	0.001	0.997
0.997	0.001	0.001	0.001
0.001	0.001	0.001	0.997
0.001	0.001	0.001	0.997
0.001	0.001	0.001	0.997
0.997	0.001	0.001	0.001
>AWTTCGCAWTTT	2-AWTTCGCAWTTT	13.247512	-21.244551	0	T:10.0(14.49%),B:338.0(0.87%),P:1e-9	Tpos:573.1,Tstd:249.5,Bpos:525.9,Bstd:317.3,StrandBias:0.0,Multiplicity:1.00
0.997	0.001	0.001	0.001
0.428	0.001	0.001	0.570
0.001	0.001	0.001	0.997
0.215	0.197	0.001	0.587
0.129	0.869	0.001	0.001
0.001	0.001	0.913	0.085
0.001	0.874	0.124	0.001
0.805	0.193	0.001	0.001
0.451	0.001	0.001	0.547
0.001	0.001	0.001	0.997
0.001	0.001	0.001	0.997
0.001	0.001	0.001	0.997
>CAGAGACTCAAG	3-CAGAGACTCAAG	10.100829	-19.709611	0	T:11.0(15.94%),B:527.0(1.36%),P:1e-8	Tpos:549.3,Tstd:344.5,Bpos:515.2,Bstd:319.5,StrandBias:-1.0,Multiplicity:1.09
0.001	0.997	0.001	0.001
0.997	0.001	0.001	0.001
0.138	0.214	0.472	0.177
0.822	0.001	0.001	0.176
0.013	0.177	0.802	0.008
0.625	0.013	0.164	0.198
0.260	0.738	0.001	0.001
0.145	0.001	0.001	0.853
0.001	0.997	0.001	0.001
0.835	0.163	0.001	0.001
0.881	0.001	0.117	0.001
0.116	0.001	0.707	0.176
>TAAAGCCGTGAT	4-TAAAGCCGTGAT	14.975550	-19.235896	0	T:4.0(5.80%),B:8.6(0.02%),P:1e-8	Tpos:148.8,Tstd:66.4,Bpos:612.7,Bstd:316.5,StrandBias:10.0,Multiplicity:1.00
0.001	0.001	0.001	0.997
0.678	0.001	0.320	0.001
0.997	0.001	0.001	0.001
0.997	0.001	0.001	0.001
0.001	0.001	0.997	0.001
0.001	0.997	0.001	0.001
0.001	0.709	0.001	0.289
0.001	0.001	0.997	0.001
0.001	0.001	0.001	0.997
0.001	0.001	0.997	0.001
0.997	0.001	0.001	0.001
0.001	0.001	0.001	0.997
>GGCAACWTTTTC	5-GGCAACWTTTTC	11.626696	-19.097907	0	T:12.0(17.39%),B:710.5(1.83%),P:1e-8	Tpos:503.9,Tstd:241.8,Bpos:503.7,Bstd:325.4,StrandBias:1.0,Multiplicity:1.00
0.359	0.001	0.639	0.001
0.351	0.001	0.526	0.122
0.001	0.863	0.135	0.001
0.793	0.205	0.001	0.001
0.853	0.001	0.145	0.001
0.001	0.997	0.001	0.001
0.328	0.205	0.001	0.466
0.001	0.001	0.001	0.997
0.001	0.001	0.001	0.997
0.001	0.001	0.001	0.997
0.001	0.001	0.281	0.717
0.001	0.997	0.001	0.001
>AATTGTCATCAT	6-AATTGTCATCAT	13.687293	-18.704436	0	T:8.0(11.59%),B:220.6(0.57%),P:1e-8	Tpos:603.6,Tstd:333.8,Bpos:566.1,Bstd:321.8,StrandBias:-1.0,Multiplicity:1.12
0.830	0.168	0.001	0.001
0.997	0.001	0.001	0.001
0.129	0.001	0.001	0.869
0.168	0.001	0.001	0.830
0.001	0.001	0.997	0.001
0.001	0.001	0.001	0.997
0.136	0.862	0.001	0.001
0.997	0.001	0.001	0.001
0.001	0.001	0.001	0.997
0.001	0.997	0.001	0.001
0.699	0.147	0.153	0.001
0.001	0.001	0.001	0.997
>AAAACTCCAGAT	7-AAAACTCCAGAT	13.739322	-18.137689	0	T:7.0(10.14%),B:150.1(0.39%),P:1e-7	Tpos:378.4,Tstd:169.6,Bpos:494.1,Bstd:322.8,StrandBias:-1.3,Multiplicity:1.00
0.997	0.001	0.001	0.001
0.997	0.001	0.001	0.001
0.997	0.001	0.001	0.001
0.997	0.001	0.001	0.001
0.001	0.891	0.001	0.107
0.001	0.001	0.001	0.997
0.001	0.828	0.170	0.001
0.001	0.765	0.001	0.233
0.997	0.001	0.001	0.001
0.124	0.001	0.874	0.001
0.806	0.001	0.001	0.192
0.001	0.001	0.001	0.997
>TACGAAAATGCT	8-TACGAAAATGCT	13.967601	-17.588340	0	T:6.0(8.70%),B:92.9(0.24%),P:1e-7	Tpos:473.3,Tstd:277.6,Bpos:530.6,Bstd:293.5,StrandBias:-1.0,Multiplicity:1.00
0.001	0.001	0.001	0.997
0.599	0.229	0.001	0.171
0.001	0.997	0.001	0.001
0.156	0.001	0.842	0.001
0.997	0.001	0.001	0.001
0.997	0.001	0.001	0.001
0.997	0.001	0.001	0.001
0.997	0.001	0.001	0.001
0.235	0.001	0.001	0.763
0.001	0.001	0.997	0.001
0.001	0.997	0.001	0.001
0.001	0.001	0.001	0.997
>GCTCTAAATAAA	9-GCTCTAAATAAA	13.831471	-17.230959	0	T:6.0(8.70%),B:98.2(0.25%),P:1e-7	Tpos:641.8,Tstd:291.2,Bpos:458.7,Bstd:259.4,StrandBias:1.0,Multiplicity:1.00
0.001	0.001	0.838	0.160
0.001	0.997	0.001	0.001
0.001	0.001	0.001	0.997
0.001	0.848	0.001	0.150
0.133	0.001	0.001	0.865
0.997	0.001	0.001	0.001
0.997	0.001	0.001	0.001
0.997	0.001	0.001	0.001
0.001	0.001	0.001	0.997
0.801	0.001	0.197	0.001
0.997	0.001	0.001	0.001
0.817	0.001	0.001	0.181
>CCATCTTCACAA	10-CCATCTTCACAA	11.368130	-17.117822	0	T:9.0(13.04%),B:389.8(1.00%),P:1e-7	Tpos:424.4,Tstd:258.1,Bpos:503.3,Bstd:321.0,StrandBias:-0.3,Multiplicity:1.00
0.001	0.864	0.134	0.001
0.001	0.864	0.134	0.001
0.737	0.252	0.001	0.010
0.303	0.001	0.001	0.695
0.001	0.798	0.001	0.200
0.001	0.001	0.001	0.997
0.001	0.001	0.001	0.997
0.001	0.997	0.001	0.001
0.775	0.001	0.135	0.089
0.064	0.846	0.001	0.089
0.696	0.302	0.001	0.001
0.750	0.001	0.001	0.248
>GAAVGTTCTAGA	11-GAAVGTTCTAGA	11.341883	-16.864509	0	T:9.0(13.04%),B:401.3(1.03%),P:1e-7	Tpos:603.0,Tstd:266.2,Bpos:505.6,Bstd:313.1,StrandBias:1.2,Multiplicity:1.11
0.192	0.001	0.806	0.001
0.989	0.001	0.005	0.005
0.867	0.001	0.001	0.131
0.235	0.273	0.364	0.128
0.074	0.001	0.924	0.001
0.001	0.131	0.001	0.867
0.001	0.003	0.103	0.893
0.001	0.845	0.001	0.153
0.001	0.001	0.001	0.997
0.853	0.001	0.082	0.064
0.082	0.001	0.828	0.089
0.781	0.132	0.001	0.086
>GAAGCAACATCA	12-GAAGCAACATCA	12.355432	-16.749983	0	T:3.0(4.35%),B:2.4(0.01%),P:1e-7	Tpos:480.7,Tstd:212.4,Bpos:609.1,Bstd:197.1,StrandBias:1.0,Multiplicity:1.00
0.100	0.100	0.700	0.100
0.700	0.100	0.100	0.100
0.700	0.100	0.100	0.100
0.100	0.100	0.700	0.100
0.100	0.700	0.100	0.100
0.700	0.100	0.100	0.100
0.700	0.100	0.100	0.100
0.100	0.700	0.100	0.100
0.700	0.100	0.100	0.100
0.100	0.100	0.100	0.700
0.100	0.700	0.100	0.100
0.700	0.100	0.100	0.100
>CAATTCACTACC	13-CAATTCACTACC	12.355432	-16.749983	0	T:3.0(4.35%),B:2.6(0.01%),P:1e-7	Tpos:825.3,Tstd:173.5,Bpos:589.4,Bstd:278.5,StrandBias:10.0,Multiplicity:1.00
0.100	0.700	0.100	0.100
0.700	0.100	0.100	0.100
0.700	0.100	0.100	0.100
0.100	0.100	0.100	0.700
0.100	0.100	0.100	0.700
0.100	0.700	0.100	0.100
0.700	0.100	0.100	0.100
0.100	0.700	0.100	0.100
0.100	0.100	0.100	0.700
0.700	0.100	0.100	0.100
0.100	0.700	0.100	0.100
0.100	0.700	0.100	0.100
>CTTGCTTGATGT	14-CTTGCTTGATGT	14.336826	-16.556134	0	T:4.0(5.80%),B:18.3(0.05%),P:1e-7	Tpos:367.8,Tstd:192.5,Bpos:460.3,Bstd:319.6,StrandBias:-0.6,Multiplicity:1.25
0.255	0.743	0.001	0.001
0.001	0.001	0.001	0.997
0.001	0.001	0.001	0.997
0.001	0.001	0.997	0.001
0.001	0.806	0.001	0.192
0.001	0.001	0.001	0.997
0.001	0.001	0.001	0.997
0.001	0.001	0.997	0.001
0.997	0.001	0.001	0.001
0.001	0.001	0.001	0.997
0.001	0.001	0.997	0.001
0.001	0.275	0.001	0.723
>ATATAAAAACCT	15-ATATAAAAACCT	10.116622	-16.080761	0	T:18.0(26.09%),B:2347.3(6.04%),P:1e-6	Tpos:532.5,Tstd:293.2,Bpos:493.2,Bstd:309.8,StrandBias:0.1,Multiplicity:1.17
0.770	0.001	0.067	0.162
0.045	0.097	0.082	0.776
0.969	0.001	0.001	0.029
0.001	0.001	0.201	0.797
0.777	0.097	0.063	0.063
0.761	0.001	0.177	0.061
0.934	0.064	0.001	0.001
0.886	0.112	0.001	0.001
0.934	0.001	0.064	0.001
0.124	0.739	0.001	0.136
0.051	0.880	0.001	0.068
0.149	0.001	0.052	0.798
>TGKTTGKCTCGG	16-TGKTTGKCTCGG	11.796544	-15.687687	0	T:4.0(5.80%),B:23.7(0.06%),P:1e-6	Tpos:395.0,Tstd:211.4,Bpos:593.4,Bstd:269.4,StrandBias:-1.6,Multiplicity:1.00
0.001	0.174	0.001	0.824
0.266	0.104	0.629	0.001
0.180	0.093	0.382	0.344
0.093	0.001	0.078	0.828
0.001	0.104	0.001	0.894
0.001	0.001	0.827	0.171
0.075	0.078	0.386	0.460
0.182	0.816	0.001	0.001
0.001	0.001	0.001	0.997
0.168	0.830	0.001	0.001
0.104	0.001	0.791	0.104
0.075	0.001	0.749	0.175
>ATAACGTGTTTT	17-ATAACGTGTTTT	13.898567	-15.493834	0	T:7.0(10.14%),B:224.9(0.58%),P:1e-6	Tpos:400.0,Tstd:285.8,Bpos:512.6,Bstd:326.8,StrandBias:-0.7,Multiplicity:1.14
0.997	0.001	0.001	0.001
0.001	0.001	0.001	0.997
0.788	0.001	0.210	0.001
0.997	0.001	0.001	0.001
0.001	0.997	0.001	0.001
0.124	0.001	0.714	0.161
0.001	0.001	0.001	0.997
0.194	0.001	0.681	0.124
0.001	0.001	0.001	0.997
0.001	0.001	0.001	0.997
0.001	0.001	0.001	0.997
0.001	0.001	0.001	0.997
>ATATAAAAATGA	18-ATATAAAAATGA	13.308845	-14.748461	0	T:9.0(13.04%),B:518.4(1.33%),P:1e-6	Tpos:362.9,Tstd:201.7,Bpos:506.9,Bstd:310.9,StrandBias:0.3,Multiplicity:1.22
0.997	0.001	0.001	0.001
0.001	0.001	0.001	0.997
0.822	0.001	0.001	0.176
0.214	0.001	0.001	0.784
0.749	0.001	0.249	0.001
0.997	0.001	0.001	0.001
0.997	0.001	0.001	0.001
0.997	0.001	0.001	0.001
0.642	0.001	0.001	0.356
0.001	0.001	0.356	0.642
0.001	0.001	0.997	0.001
0.997	0.001	0.001	0.001
>TTMCCGGTCCGT	19-TTMCCGGTCCGT	12.506903	-14.375760	0	T:4.0(5.80%),B:33.5(0.09%),P:1e-6	Tpos:140.5,Tstd:93.0,Bpos:329.8,Bstd:294.8,StrandBias:1.0,Multiplicity:1.50
0.001	0.001	0.001	0.997
0.001	0.001	0.001	0.997
0.433	0.398	0.001	0.169
0.185	0.813	0.001	0.001
0.001	0.813	0.001	0.185
0.001	0.001	0.997	0.001
0.001	0.001	0.997	0.001
0.001	0.001	0.001	0.997
0.001	0.997	0.001	0.001
0.001	0.997	0.001	0.001
0.180	0.001	0.818	0.001
0.180	0.001	0.001	0.818
>TGAAACAATGTA	20-TGAAACAATGTA	10.409522	-13.941874	0	T:10.0(14.49%),B:747.7(1.92%),P:1e-6	Tpos:498.8,Tstd:265.4,Bpos:514.2,Bstd:305.9,StrandBias:-0.5,Multiplicity:1.20
0.100	0.100	0.100	0.700
0.100	0.100	0.700	0.100
0.700	0.100	0.100	0.100
0.700	0.100	0.100	0.100
0.700	0.100	0.100	0.100
0.100	0.700	0.100	0.100
0.700	0.100	0.100	0.100
0.700	0.100	0.100	0.100
0.100	0.100	0.100	0.700
0.100	0.100	0.700	0.100
0.100	0.100	0.100	0.700
0.700	0.100	0.100	0.100
>GAACACCTTTTC	21-GAACACCTTTTC	16.209439	-13.667845	0	T:3.0(4.35%),B:9.4(0.02%),P:1e-5	Tpos:213.3,Tstd:149.0,Bpos:496.0,Bstd:266.9,StrandBias:10.0,Multiplicity:1.00
0.001	0.323	0.675	0.001
0.997	0.001	0.001	0.001
0.997	0.001	0.001	0.001
0.001	0.997	0.001	0.001
0.997	0.001	0.001	0.001
0.001	0.997	0.001	0.001
0.001	0.997	0.001	0.001
0.001	0.001	0.001	0.997
0.001	0.001	0.001	0.997
0.001	0.001	0.001	0.997
0.001	0.001	0.001	0.997
0.001	0.997	0.001	0.001
>ATTTCACAATRC	22-ATTTCACAATRC	14.137920	-12.738622	0	T:3.0(4.35%),B:13.7(0.04%),P:1e-5	Tpos:297.3,Tstd:386.6,Bpos:558.7,Bstd:334.5,StrandBias:10.0,Multiplicity:1.00
0.903	0.001	0.001	0.095
0.156	0.001	0.001	0.842
0.001	0.001	0.001	0.997
0.001	0.001	0.001	0.997
0.001	0.997	0.001	0.001
0.997	0.001	0.001	0.001
0.253	0.578	0.168	0.001
0.997	0.001	0.001	0.001
0.544	0.168	0.001	0.287
0.001	0.001	0.001	0.997
0.398	0.001	0.466	0.136
0.001	0.752	0.136	0.111
>AGTATTTGTTAG	23-AGTATTTGTTAG	11.271864	-12.349006	0	T:9.0(13.04%),B:697.9(1.80%),P:1e-5	Tpos:581.4,Tstd:207.0,Bpos:483.8,Bstd:311.4,StrandBias:-0.3,Multiplicity:1.22
0.864	0.001	0.134	0.001
0.001	0.001	0.997	0.001
0.001	0.139	0.157	0.703
0.997	0.001	0.001	0.001
0.001	0.001	0.101	0.897
0.001	0.149	0.001	0.849
0.001	0.001	0.001	0.997
0.001	0.135	0.606	0.258
0.001	0.001	0.001	0.997
0.341	0.001	0.001	0.657
0.703	0.001	0.295	0.001
0.219	0.001	0.694	0.086
>CCCCAACTTTAG	24-CCCCAACTTTAG	13.935164	-11.337335	0	T:3.0(4.35%),B:22.6(0.06%),P:1e-4	Tpos:662.5,Tstd:113.9,Bpos:609.8,Bstd:242.5,StrandBias:1.0,Multiplicity:2.00
0.001	0.852	0.146	0.001
0.129	0.516	0.212	0.143
0.001	0.997	0.001	0.001
0.001	0.997	0.001	0.001
0.997	0.001	0.001	0.001
0.997	0.001	0.001	0.001
0.001	0.997	0.001	0.001
0.001	0.001	0.001	0.997
0.001	0.001	0.001	0.997
0.001	0.001	0.001	0.997
0.841	0.001	0.001	0.157
0.001	0.001	0.997	0.001
>ATTTTTCGTGTA	25-ATTTTTCGTGTA	13.432396	-6.092743	0	T:3.0(4.35%),B:143.2(0.37%),P:1e-2	Tpos:427.2,Tstd:112.4,Bpos:443.8,Bstd:300.0,StrandBias:-4.5,Multiplicity:7.67
0.997	0.001	0.001	0.001
0.001	0.001	0.001	0.997
0.001	0.001	0.001	0.997
0.001	0.001	0.001	0.997
0.001	0.001	0.001	0.997
0.001	0.001	0.001	0.997
0.001	0.997	0.001	0.001
0.001	0.042	0.913	0.044
0.001	0.001	0.001	0.997
0.001	0.001	0.997	0.001
0.001	0.001	0.001	0.997
0.997	0.001	0.001	0.001
>TGTCATCA	1-TGTCATCA	7.314511	-14.916455	0	T:33.0(47.83%),B:7927.7(20.40%),P:1e-6	Tpos:598.6,Tstd:288.3,Bpos:518.1,Bstd:323.1,StrandBias:0.1,Multiplicity:1.30
0.042	0.001	0.001	0.956
0.001	0.001	0.997	0.001
0.095	0.001	0.001	0.903
0.001	0.667	0.123	0.209
0.934	0.001	0.064	0.001
0.001	0.001	0.043	0.955
0.001	0.997	0.001	0.001
0.997	0.001	0.001	0.001
>ACCCTATC	2-ACCCTATC	7.609324	-14.509717	0	T:22.0(31.88%),B:3862.8(9.94%),P:1e-6	Tpos:470.3,Tstd:273.5,Bpos:514.5,Bstd:322.5,StrandBias:1.2,Multiplicity:1.18
0.997	0.001	0.001	0.001
0.001	0.997	0.001	0.001
0.001	0.974	0.024	0.001
0.001	0.878	0.001	0.120
0.197	0.001	0.178	0.624
0.836	0.001	0.001	0.162
0.150	0.001	0.112	0.737
0.128	0.689	0.001	0.182
>AAACGTCA	3-AAACGTCA	8.357085	-11.943170	0	T:27.0(39.13%),B:6429.2(16.54%),P:1e-5	Tpos:498.7,Tstd:293.8,Bpos:513.7,Bstd:323.3,StrandBias:1.0,Multiplicity:1.22
0.997	0.001	0.001	0.001
0.870	0.128	0.001	0.001
0.997	0.001	0.001	0.001
0.001	0.751	0.001	0.247
0.001	0.001	0.997	0.001
0.001	0.001	0.001	0.997
0.001	0.997	0.001	0.001
0.897	0.001	0.101	0.001
>CCGGACCG	4-CCGGACCG	7.857118	-8.677277	0	T:6.0(8.70%),B:455.9(1.17%),P:1e-3	Tpos:234.4,Tstd:256.2,Bpos:441.7,Bstd:331.7,StrandBias:0.4,Multiplicity:2.00
0.316	0.507	0.176	0.001
0.001	0.789	0.209	0.001
0.001	0.147	0.851	0.001
0.001	0.067	0.931	0.001
0.469	0.179	0.111	0.240
0.001	0.908	0.090	0.001
0.001	0.862	0.001	0.136
0.001	0.110	0.888	0.001
>GTTACACG	5-GTTACACG	8.627475	-6.285544	0	T:6.0(8.70%),B:723.4(1.86%),P:1e-2	Tpos:417.7,Tstd:136.4,Bpos:468.9,Bstd:313.5,StrandBias:3.5,Multiplicity:4.17
0.001	0.001	0.997	0.001
0.001	0.001	0.001	0.997
0.001	0.001	0.001	0.997
0.911	0.001	0.087	0.001
0.001	0.997	0.001	0.001
0.997	0.001	0.001	0.001
0.001	0.997	0.001	0.001
0.001	0.001	0.997	0.001
>AATAGATT	6-AATAGATT	8.236954	-1.097155	0	T:6.0(8.70%),B:2659.3(6.84%),P:1e0	Tpos:466.9,Tstd:213.8,Bpos:495.6,Bstd:307.9,StrandBias:2.2,Multiplicity:3.83
0.700	0.100	0.100	0.100
0.700	0.100	0.100	0.100
0.100	0.100	0.100	0.700
0.700	0.100	0.100	0.100
0.100	0.100	0.700	0.100
0.700	0.100	0.100	0.100
0.100	0.100	0.100	0.700
0.100	0.100	0.100	0.700
