>AGTCTGTATTTA	1-AGTCTGTATTTA	14.507284	-21.970709	0	T:6.0(8.70%),B:42.0(0.11%),P:1e-9	Tpos:465.0,Tstd:285.9,Bpos:543.0,Bstd:213.5,StrandBias:-1.0,Multiplicity:1.00
0.784	0.001	0.001	0.214
0.242	0.001	0.756	0.001
0.001	0.001	0.001	0.997
0.242	0.756	0.001	0.001
0.001	0.001	0.001	0.997
0.001	0.001	0.997	0.001
0.001	0.001	0.001	0.997
0.997	0.001	0.001	0.001
0.001	0.001	0.001	0.997
0.001	0.001	0.001	0.997
0.001	0.001	0.001	0.997
0.997	0.001	0.001	0.001
>AWTTCGCAWTTT	2-AWTTCGCAWTTT	13.247512	-21.244551	0	T:10.0(14.49%),B:338.0(0.87%),P:1e-9	Tpos:573.1,Tstd:249.5,Bpos:525.9,Bstd:317.3,StrandBias:0.0,Multiplicity:1.00
0.997	0.001	0.001	0.001
0.428	0.001	0.001	0.570
0.001	0.001	0.001	0.997
0.215	0.197	0.001	0.587
0.129	0.869	0.001	0.001
0.001	0.001	0.913	0.085
0.001	0.874	0.124	0.001
0.805	0.193	0.001	0.001
0.451	0.001	0.001	0.547
0.001	0.001	0.001	0.997
0.001	0.001	0.001	0.997
0.001	0.001	0.001	0.997
>CAGAGACTCAAG	3-CAGAGACTCAAG	10.100829	-19.709611	0	T:11.0(15.94%),B:527.0(1.36%),P:1e-8	Tpos:549.3,Tstd:344.5,Bpos:515.2,Bstd:319.5,StrandBias:-1.0,Multiplicity:1.09
0.001	0.997	0.001	0.001
0.997	0.001	0.001	0.001
0.138	0.214	0.472	0.177
0.822	0.001	0.001	0.176
0.013	0.177	0.802	0.008
0.625	0.013	0.164	0.198
0.260	0.738	0.001	0.001
0.145	0.001	0.001	0.853
0.001	0.997	0.001	0.001
0.835	0.163	0.001	0.001
0.881	0.001	0.117	0.001
0.116	0.001	0.707	0.176
>TAAAGCCGTGAT	4-TAAAGCCGTGAT	14.975550	-19.235896	0	T:4.0(5.80%),B:8.6(0.02%),P:1e-8	Tpos:148.8,Tstd:66.4,Bpos:612.7,Bstd:316.5,StrandBias:10.0,Multiplicity:1.00
0.001	0.001	0.001	0.997
0.678	0.001	0.320	0.001
0.997	0.001	0.001	0.001
0.997	0.001	0.001	0.001
0.001	0.001	0.997	0.001
0.001	0.997	0.001	0.001
0.001	0.709	0.001	0.289
0.001	0.001	0.997	0.001
0.001	0.001	0.001	0.997
0.001	0.001	0.997	0.001
0.997	0.001	0.001	0.001
0.001	0.001	0.001	0.997
>GGCAACWTTTTC	5-GGCAACWTTTTC	11.626696	-19.097907	0	T:12.0(17.39%),B:710.5(1.83%),P:1e-8	Tpos:503.9,Tstd:241.8,Bpos:503.7,Bstd:325.4,StrandBias:1.0,Multiplicity:1.00
0.359	0.001	0.639	0.001
0.351	0.001	0.526	0.122
0.001	0.863	0.135	0.001
0.793	0.205	0.001	0.001
0.853	0.001	0.145	0.001
0.001	0.997	0.001	0.001
0.328	0.205	0.001	0.466
0.001	0.001	0.001	0.997
0.001	0.001	0.001	0.997
0.001	0.001	0.001	0.997
0.001	0.001	0.281	0.717
0.001	0.997	0.001	0.001
>AATTGTCATCAT	6-AATTGTCATCAT	13.687293	-18.704436	0	T:8.0(11.59%),B:220.6(0.57%),P:1e-8	Tpos:603.6,Tstd:333.8,Bpos:566.1,Bstd:321.8,StrandBias:-1.0,Multiplicity:1.12
0.830	0.168	0.001	0.001
0.997	0.001	0.001	0.001
0.129	0.001	0.001	0.869
0.168	0.001	0.001	0.830
0.001	0.001	0.997	0.001
0.001	0.001	0.001	0.997
0.136	0.862	0.001	0.001
0.997	0.001	0.001	0.001
0.001	0.001	0.001	0.997
0.001	0.997	0.001	0.001
0.699	0.147	0.153	0.001
0.001	0.001	0.001	0.997
>AAAACTCCAGAT	7-AAAACTCCAGAT	13.739322	-18.137689	0	T:7.0(10.14%),B:150.1(0.39%),P:1e-7	Tpos:378.4,Tstd:169.6,Bpos:494.1,Bstd:322.8,StrandBias:-1.3,Multiplicity:1.00
0.997	0.001	0.001	0.001
0.997	0.001	0.001	0.001
0.997	0.001	0.001	0.001
0.997	0.001	0.001	0.001
0.001	0.891	0.001	0.107
0.001	0.001	0.001	0.997
0.001	0.828	0.170	0.001
0.001	0.765	0.001	0.233
0.997	0.001	0.001	0.001
0.124	0.001	0.874	0.001
0.806	0.001	0.001	0.192
0.001	0.001	0.001	0.997
>TACGAAAATGCT	8-TACGAAAATGCT	13.967601	-17.588340	0	T:6.0(8.70%),B:92.9(0.24%),P:1e-7	Tpos:473.3,Tstd:277.6,Bpos:530.6,Bstd:293.5,StrandBias:-1.0,Multiplicity:1.00
0.001	0.001	0.001	0.997
0.599	0.229	0.001	0.171
0.001	0.997	0.001	0.001
0.156	0.001	0.842	0.001
0.997	0.001	0.001	0.001
0.997	0.001	0.001	0.001
0.997	0.001	0.001	0.001
0.997	0.001	0.001	0.001
0.235	0.001	0.001	0.763
0.001	0.001	0.997	0.001
0.001	0.997	0.001	0.001
0.001	0.001	0.001	0.997
>GCTCTAAATAAA	9-GCTCTAAATAAA	13.831471	-17.230959	0	T:6.0(8.70%),B:98.2(0.25%),P:1e-7	Tpos:641.8,Tstd:291.2,Bpos:458.7,Bstd:259.4,StrandBias:1.0,Multiplicity:1.00
0.001	0.001	0.838	0.160
0.001	0.997	0.001	0.001
0.001	0.001	0.001	0.997
0.001	0.848	0.001	0.150
0.133	0.001	0.001	0.865
0.997	0.001	0.001	0.001
0.997	0.001	0.001	0.001
0.997	0.001	0.001	0.001
0.001	0.001	0.001	0.997
0.801	0.001	0.197	0.001
0.997	0.001	0.001	0.001
0.817	0.001	0.001	0.181
>CCATCTTCACAA	10-CCATCTTCACAA	11.368130	-17.117822	0	T:9.0(13.04%),B:389.8(1.00%),P:1e-7	Tpos:424.4,Tstd:258.1,Bpos:503.3,Bstd:321.0,StrandBias:-0.3,Multiplicity:1.00
0.001	0.864	0.134	0.001
0.001	0.864	0.134	0.001
0.737	0.252	0.001	0.010
0.303	0.001	0.001	0.695
0.001	0.798	0.001	0.200
0.001	0.001	0.001	0.997
0.001	0.001	0.001	0.997
0.001	0.997	0.001	0.001
0.775	0.001	0.135	0.089
0.064	0.846	0.001	0.089
0.696	0.302	0.001	0.001
0.750	0.001	0.001	0.248
>GAAVGTTCTAGA	11-GAAVGTTCTAGA	11.341883	-16.864509	0	T:9.0(13.04%),B:401.3(1.03%),P:1e-7	Tpos:603.0,Tstd:266.2,Bpos:505.6,Bstd:313.1,StrandBias:1.2,Multiplicity:1.11
0.192	0.001	0.806	0.001
0.989	0.001	0.005	0.005
0.867	0.001	0.001	0.131
0.235	0.273	0.364	0.128
0.074	0.001	0.924	0.001
0.001	0.131	0.001	0.867
0.001	0.003	0.103	0.893
0.001	0.845	0.001	0.153
0.001	0.001	0.001	0.997
0.853	0.001	0.082	0.064
0.082	0.001	0.828	0.089
0.781	0.132	0.001	0.086
>GAAGCAACATCA	12-GAAGCAACATCA	12.355432	-16.749983	0	T:3.0(4.35%),B:2.4(0.01%),P:1e-7	Tpos:480.7,Tstd:212.4,Bpos:609.1,Bstd:197.1,StrandBias:1.0,Multiplicity:1.00
0.100	0.100	0.700	0.100
0.700	0.100	0.100	0.100
0.700	0.100	0.100	0.100
0.100	0.100	0.700	0.100
0.100	0.700	0.100	0.100
0.700	0.100	0.100	0.100
0.700	0.100	0.100	0.100
0.100	0.700	0.100	0.100
0.700	0.100	0.100	0.100
0.100	0.100	0.100	0.700
0.100	0.700	0.100	0.100
0.700	0.100	0.100	0.100
>CAATTCACTACC	13-CAATTCACTACC	12.355432	-16.749983	0	T:3.0(4.35%),B:2.6(0.01%),P:1e-7	Tpos:825.3,Tstd:173.5,Bpos:589.4,Bstd:278.5,StrandBias:10.0,Multiplicity:1.00
0.100	0.700	0.100	0.100
0.700	0.100	0.100	0.100
0.700	0.100	0.100	0.100
0.100	0.100	0.100	0.700
0.100	0.100	0.100	0.700
0.100	0.700	0.100	0.100
0.700	0.100	0.100	0.100
0.100	0.700	0.100	0.100
0.100	0.100	0.100	0.700
0.700	0.100	0.100	0.100
0.100	0.700	0.100	0.100
0.100	0.700	0.100	0.100
>CTTGCTTGATGT	14-CTTGCTTGATGT	14.336826	-16.556134	0	T:4.0(5.80%),B:18.3(0.05%),P:1e-7	Tpos:367.8,Tstd:192.5,Bpos:460.3,Bstd:319.6,StrandBias:-0.6,Multiplicity:1.25
0.255	0.743	0.001	0.001
0.001	0.001	0.001	0.997
0.001	0.001	0.001	0.997
0.001	0.001	0.997	0.001
0.001	0.806	0.001	0.192
0.001	0.001	0.001	0.997
0.001	0.001	0.001	0.997
0.001	0.001	0.997	0.001
0.997	0.001	0.001	0.001
0.001	0.001	0.001	0.997
0.001	0.001	0.997	0.001
0.001	0.275	0.001	0.723
>ATATAAAAACCT	15-ATATAAAAACCT	10.116622	-16.080761	0	T:18.0(26.09%),B:2347.3(6.04%),P:1e-6	Tpos:532.5,Tstd:293.2,Bpos:493.2,Bstd:309.8,StrandBias:0.1,Multiplicity:1.17
0.770	0.001	0.067	0.162
0.045	0.097	0.082	0.776
0.969	0.001	0.001	0.029
0.001	0.001	0.201	0.797
0.777	0.097	0.063	0.063
0.761	0.001	0.177	0.061
0.934	0.064	0.001	0.001
0.886	0.112	0.001	0.001
0.934	0.001	0.064	0.001
0.124	0.739	0.001	0.136
0.051	0.880	0.001	0.068
0.149	0.001	0.052	0.798
>TGKTTGKCTCGG	16-TGKTTGKCTCGG	11.796544	-15.687687	0	T:4.0(5.80%),B:23.7(0.06%),P:1e-6	Tpos:395.0,Tstd:211.4,Bpos:593.4,Bstd:269.4,StrandBias:-1.6,Multiplicity:1.00
0.001	0.174	0.001	0.824
0.266	0.104	0.629	0.001
0.180	0.093	0.382	0.344
0.093	0.001	0.078	0.828
0.001	0.104	0.001	0.894
0.001	0.001	0.827	0.171
0.075	0.078	0.386	0.460
0.182	0.816	0.001	0.001
0.001	0.001	0.001	0.997
0.168	0.830	0.001	0.001
0.104	0.001	0.791	0.104
0.075	0.001	0.749	0.175
>ATAACGTGTTTT	17-ATAACGTGTTTT	13.898567	-15.493834	0	T:7.0(10.14%),B:224.9(0.58%),P:1e-6	Tpos:400.0,Tstd:285.8,Bpos:512.6,Bstd:326.8,StrandBias:-0.7,Multiplicity:1.14
0.997	0.001	0.001	0.001
0.001	0.001	0.001	0.997
0.788	0.001	0.210	0.001
0.997	0.001	0.001	0.001
0.001	0.997	0.001	0.001
0.124	0.001	0.714	0.161
0.001	0.001	0.001	0.997
0.194	0.001	0.681	0.124
0.001	0.001	0.001	0.997
0.001	0.001	0.001	0.997
0.001	0.001	0.001	0.997
0.001	0.001	0.001	0.997
>ATATAAAAATGA	18-ATATAAAAATGA	13.308845	-14.748461	0	T:9.0(13.04%),B:518.4(1.33%),P:1e-6	Tpos:362.9,Tstd:201.7,Bpos:506.9,Bstd:310.9,StrandBias:0.3,Multiplicity:1.22
0.997	0.001	0.001	0.001
0.001	0.001	0.001	0.997
0.822	0.001	0.001	0.176
0.214	0.001	0.001	0.784
0.749	0.001	0.249	0.001
0.997	0.001	0.001	0.001
0.997	0.001	0.001	0.001
0.997	0.001	0.001	0.001
0.642	0.001	0.001	0.356
0.001	0.001	0.356	0.642
0.001	0.001	0.997	0.001
0.997	0.001	0.001	0.001
>TTMCCGGTCCGT	19-TTMCCGGTCCGT	12.506903	-14.375760	0	T:4.0(5.80%),B:33.5(0.09%),P:1e-6	Tpos:140.5,Tstd:93.0,Bpos:329.8,Bstd:294.8,StrandBias:1.0,Multiplicity:1.50
0.001	0.001	0.001	0.997
0.001	0.001	0.001	0.997
0.433	0.398	0.001	0.169
0.185	0.813	0.001	0.001
0.001	0.813	0.001	0.185
0.001	0.001	0.997	0.001
0.001	0.001	0.997	0.001
0.001	0.001	0.001	0.997
0.001	0.997	0.001	0.001
0.001	0.997	0.001	0.001
0.180	0.001	0.818	0.001
0.180	0.001	0.001	0.818
>TGAAACAATGTA	20-TGAAACAATGTA	10.409522	-13.941874	0	T:10.0(14.49%),B:747.7(1.92%),P:1e-6	Tpos:498.8,Tstd:265.4,Bpos:514.2,Bstd:305.9,StrandBias:-0.5,Multiplicity:1.20
0.100	0.100	0.100	0.700
0.100	0.100	0.700	0.100
0.700	0.100	0.100	0.100
0.700	0.100	0.100	0.100
0.700	0.100	0.100	0.100
0.100	0.700	0.100	0.100
0.700	0.100	0.100	0.100
0.700	0.100	0.100	0.100
0.100	0.100	0.100	0.700
0.100	0.100	0.700	0.100
0.100	0.100	0.100	0.700
0.700	0.100	0.100	0.100
>GAACACCTTTTC	21-GAACACCTTTTC	16.209439	-13.667845	0	T:3.0(4.35%),B:9.4(0.02%),P:1e-5	Tpos:213.3,Tstd:149.0,Bpos:496.0,Bstd:266.9,StrandBias:10.0,Multiplicity:1.00
0.001	0.323	0.675	0.001
0.997	0.001	0.001	0.001
0.997	0.001	0.001	0.001
0.001	0.997	0.001	0.001
0.997	0.001	0.001	0.001
0.001	0.997	0.001	0.001
0.001	0.997	0.001	0.001
0.001	0.001	0.001	0.997
0.001	0.001	0.001	0.997
0.001	0.001	0.001	0.997
0.001	0.001	0.001	0.997
0.001	0.997	0.001	0.001
>ATTTCACAATRC	22-ATTTCACAATRC	14.137920	-12.738622	0	T:3.0(4.35%),B:13.7(0.04%),P:1e-5	Tpos:297.3,Tstd:386.6,Bpos:558.7,Bstd:334.5,StrandBias:10.0,Multiplicity:1.00
0.903	0.001	0.001	0.095
0.156	0.001	0.001	0.842
0.001	0.001	0.001	0.997
0.001	0.001	0.001	0.997
0.001	0.997	0.001	0.001
0.997	0.001	0.001	0.001
0.253	0.578	0.168	0.001
0.997	0.001	0.001	0.001
0.544	0.168	0.001	0.287
0.001	0.001	0.001	0.997
0.398	0.001	0.466	0.136
0.001	0.752	0.136	0.111
>AGTATTTGTTAG	23-AGTATTTGTTAG	11.271864	-12.349006	0	T:9.0(13.04%),B:697.9(1.80%),P:1e-5	Tpos:581.4,Tstd:207.0,Bpos:483.8,Bstd:311.4,StrandBias:-0.3,Multiplicity:1.22
0.864	0.001	0.134	0.001
0.001	0.001	0.997	0.001
0.001	0.139	0.157	0.703
0.997	0.001	0.001	0.001
0.001	0.001	0.101	0.897
0.001	0.149	0.001	0.849
0.001	0.001	0.001	0.997
0.001	0.135	0.606	0.258
0.001	0.001	0.001	0.997
0.341	0.001	0.001	0.657
0.703	0.001	0.295	0.001
0.219	0.001	0.694	0.086
>CCCCAACTTTAG	24-CCCCAACTTTAG	13.935164	-11.337335	0	T:3.0(4.35%),B:22.6(0.06%),P:1e-4	Tpos:662.5,Tstd:113.9,Bpos:609.8,Bstd:242.5,StrandBias:1.0,Multiplicity:2.00
0.001	0.852	0.146	0.001
0.129	0.516	0.212	0.143
0.001	0.997	0.001	0.001
0.001	0.997	0.001	0.001
0.997	0.001	0.001	0.001
0.997	0.001	0.001	0.001
0.001	0.997	0.001	0.001
0.001	0.001	0.001	0.997
0.001	0.001	0.001	0.997
0.001	0.001	0.001	0.997
0.841	0.001	0.001	0.157
0.001	0.001	0.997	0.001
>ATTTTTCGTGTA	25-ATTTTTCGTGTA	13.432396	-6.092743	0	T:3.0(4.35%),B:143.2(0.37%),P:1e-2	Tpos:427.2,Tstd:112.4,Bpos:443.8,Bstd:300.0,StrandBias:-4.5,Multiplicity:7.67
0.997	0.001	0.001	0.001
0.001	0.001	0.001	0.997
0.001	0.001	0.001	0.997
0.001	0.001	0.001	0.997
0.001	0.001	0.001	0.997
0.001	0.001	0.001	0.997
0.001	0.997	0.001	0.001
0.001	0.042	0.913	0.044
0.001	0.001	0.001	0.997
0.001	0.001	0.997	0.001
0.001	0.001	0.001	0.997
0.997	0.001	0.001	0.001
