>AGACACAACG	1-AGACACAACG	10.577521	-21.052355	0	T:10.0(18.52%),B:464.6(1.16%),P:1e-9	Tpos:539.9,Tstd:255.0,Bpos:516.9,Bstd:309.3,StrandBias:0.0,Multiplicity:1.00
0.997	0.001	0.001	0.001
0.092	0.001	0.906	0.001
0.844	0.001	0.001	0.154
0.001	0.997	0.001	0.001
0.997	0.001	0.001	0.001
0.001	0.851	0.147	0.001
0.739	0.128	0.132	0.001
0.997	0.001	0.001	0.001
0.088	0.778	0.133	0.001
0.001	0.001	0.997	0.001
>TCTCTCTCAC	2-TCTCTCTCAC	10.081848	-18.447300	0	T:18.0(33.33%),B:2741.5(6.84%),P:1e-8	Tpos:629.6,Tstd:261.2,Bpos:559.4,Bstd:335.7,StrandBias:2.1,Multiplicity:1.17
0.054	0.001	0.001	0.944
0.001	0.882	0.079	0.038
0.001	0.001	0.001	0.997
0.001	0.879	0.001	0.119
0.058	0.001	0.098	0.843
0.001	0.997	0.001	0.001
0.061	0.054	0.001	0.884
0.001	0.924	0.074	0.001
0.798	0.001	0.070	0.131
0.001	0.997	0.001	0.001
>CGACGACGCC	3-CGACGACGCC	7.862186	-17.589409	0	T:15.0(27.78%),B:1912.2(4.77%),P:1e-7	Tpos:552.8,Tstd:340.3,Bpos:518.4,Bstd:320.0,StrandBias:-0.7,Multiplicity:1.20
0.072	0.876	0.001	0.051
0.081	0.266	0.652	0.001
0.713	0.096	0.002	0.189
0.001	0.997	0.001	0.001
0.045	0.001	0.953	0.001
0.640	0.052	0.001	0.307
0.001	0.620	0.105	0.274
0.043	0.198	0.665	0.094
0.316	0.638	0.045	0.001
0.029	0.632	0.087	0.252
>CATTAGTAAC	4-CATTAGTAAC	7.801615	-16.758988	0	T:16.0(29.63%),B:2360.1(5.89%),P:1e-7	Tpos:463.3,Tstd:301.9,Bpos:491.7,Bstd:292.8,StrandBias:0.7,Multiplicity:1.12
0.137	0.831	0.001	0.031
0.772	0.136	0.032	0.060
0.065	0.037	0.045	0.853
0.033	0.124	0.034	0.809
0.798	0.021	0.097	0.084
0.013	0.065	0.858	0.064
0.073	0.086	0.055	0.786
0.679	0.066	0.119	0.136
0.857	0.054	0.058	0.031
0.102	0.770	0.033	0.095
>CTTCATTGTT	5-CTTCATTGTT	10.225787	-16.718318	0	T:16.0(29.63%),B:2367.7(5.90%),P:1e-7	Tpos:541.8,Tstd:286.0,Bpos:514.3,Bstd:310.5,StrandBias:0.8,Multiplicity:1.19
0.001	0.997	0.001	0.001
0.067	0.001	0.086	0.846
0.001	0.001	0.001	0.997
0.061	0.815	0.065	0.059
0.932	0.066	0.001	0.001
0.001	0.001	0.001	0.997
0.001	0.001	0.001	0.997
0.049	0.052	0.635	0.264
0.001	0.001	0.001	0.997
0.090	0.082	0.001	0.827
>GTGGCAGAAA	6-GTGGCAGAAA	7.235105	-15.846813	0	T:16.0(29.63%),B:2523.5(6.29%),P:1e-6	Tpos:454.7,Tstd:273.3,Bpos:514.5,Bstd:314.3,StrandBias:-1.0,Multiplicity:1.12
0.216	0.001	0.782	0.001
0.001	0.001	0.387	0.611
0.001	0.001	0.997	0.001
0.001	0.001	0.997	0.001
0.001	0.997	0.001	0.001
0.997	0.001	0.001	0.001
0.364	0.018	0.617	0.001
0.840	0.158	0.001	0.001
0.967	0.001	0.031	0.001
0.997	0.001	0.001	0.001
>ATTRKACTCA	7-ATTRKACTCA	9.407609	-14.955765	0	T:11.0(20.37%),B:1141.4(2.85%),P:1e-6	Tpos:533.5,Tstd:217.8,Bpos:500.9,Bstd:289.5,StrandBias:-0.2,Multiplicity:1.18
0.997	0.001	0.001	0.001
0.204	0.001	0.001	0.794
0.001	0.001	0.087	0.911
0.429	0.218	0.352	0.001
0.048	0.001	0.508	0.443
0.864	0.001	0.134	0.001
0.001	0.997	0.001	0.001
0.172	0.001	0.001	0.826
0.001	0.921	0.001	0.077
0.757	0.088	0.091	0.064
>CCTACTTCAT	8-CCTACTTCAT	10.235468	-14.520211	0	T:9.0(16.67%),B:715.6(1.78%),P:1e-6	Tpos:646.4,Tstd:261.0,Bpos:516.6,Bstd:303.7,StrandBias:1.0,Multiplicity:1.33
0.001	0.997	0.001	0.001
0.001	0.878	0.120	0.001
0.083	0.001	0.001	0.915
0.932	0.001	0.001	0.066
0.001	0.859	0.139	0.001
0.125	0.001	0.001	0.873
0.001	0.001	0.001	0.997
0.001	0.866	0.132	0.001
0.779	0.117	0.001	0.103
0.001	0.001	0.001	0.997
>CCAGTTTCGG	9-CCAGTTTCGG	11.023908	-10.210560	0	T:5.0(9.26%),B:273.7(0.68%),P:1e-4	Tpos:553.8,Tstd:239.9,Bpos:533.5,Bstd:292.3,StrandBias:2.8,Multiplicity:1.60
0.001	0.997	0.001	0.001
0.120	0.878	0.001	0.001
0.997	0.001	0.001	0.001
0.001	0.001	0.997	0.001
0.001	0.001	0.225	0.773
0.001	0.001	0.001	0.997
0.001	0.001	0.001	0.997
0.001	0.997	0.001	0.001
0.088	0.001	0.910	0.001
0.001	0.001	0.997	0.001
>TAGCAGACCC	10-TAGCAGACCC	10.775622	-3.759129	0	T:2.0(3.70%),B:173.3(0.43%),P:1e-1	Tpos:403.7,Tstd:216.4,Bpos:521.2,Bstd:318.6,StrandBias:0.0,Multiplicity:11.00
0.001	0.001	0.001	0.997
0.997	0.001	0.001	0.001
0.001	0.001	0.935	0.063
0.001	0.997	0.001	0.001
0.927	0.071	0.001	0.001
0.001	0.001	0.797	0.201
0.997	0.001	0.001	0.001
0.001	0.997	0.001	0.001
0.001	0.997	0.001	0.001
0.120	0.878	0.001	0.001
>AAACTACAAG	11-AAACTACAAG	11.209580	-2.175639	0	T:2.0(3.70%),B:427.3(1.07%),P:1e0	Tpos:378.2,Tstd:203.2,Bpos:498.5,Bstd:295.9,StrandBias:3.3,Multiplicity:5.50
0.997	0.001	0.001	0.001
0.997	0.001	0.001	0.001
0.997	0.001	0.001	0.001
0.001	0.997	0.001	0.001
0.001	0.001	0.001	0.997
0.919	0.079	0.001	0.001
0.001	0.997	0.001	0.001
0.997	0.001	0.001	0.001
0.913	0.085	0.001	0.001
0.001	0.001	0.997	0.001
