>AGACACAACG	1-AGACACAACG	10.577521	-21.052355	0	T:10.0(18.52%),B:464.6(1.16%),P:1e-9	Tpos:539.9,Tstd:255.0,Bpos:516.9,Bstd:309.3,StrandBias:0.0,Multiplicity:1.00
0.997	0.001	0.001	0.001
0.092	0.001	0.906	0.001
0.844	0.001	0.001	0.154
0.001	0.997	0.001	0.001
0.997	0.001	0.001	0.001
0.001	0.851	0.147	0.001
0.739	0.128	0.132	0.001
0.997	0.001	0.001	0.001
0.088	0.778	0.133	0.001
0.001	0.001	0.997	0.001
>TCTCTCTCAC	2-TCTCTCTCAC	10.081848	-18.447300	0	T:18.0(33.33%),B:2741.5(6.84%),P:1e-8	Tpos:629.6,Tstd:261.2,Bpos:559.4,Bstd:335.7,StrandBias:2.1,Multiplicity:1.17
0.054	0.001	0.001	0.944
0.001	0.882	0.079	0.038
0.001	0.001	0.001	0.997
0.001	0.879	0.001	0.119
0.058	0.001	0.098	0.843
0.001	0.997	0.001	0.001
0.061	0.054	0.001	0.884
0.001	0.924	0.074	0.001
0.798	0.001	0.070	0.131
0.001	0.997	0.001	0.001
>CGACGACGCC	3-CGACGACGCC	7.862186	-17.589409	0	T:15.0(27.78%),B:1912.2(4.77%),P:1e-7	Tpos:552.8,Tstd:340.3,Bpos:518.4,Bstd:320.0,StrandBias:-0.7,Multiplicity:1.20
0.072	0.876	0.001	0.051
0.081	0.266	0.652	0.001
0.713	0.096	0.002	0.189
0.001	0.997	0.001	0.001
0.045	0.001	0.953	0.001
0.640	0.052	0.001	0.307
0.001	0.620	0.105	0.274
0.043	0.198	0.665	0.094
0.316	0.638	0.045	0.001
0.029	0.632	0.087	0.252
>CATTAGTAAC	4-CATTAGTAAC	7.801615	-16.758988	0	T:16.0(29.63%),B:2360.1(5.89%),P:1e-7	Tpos:463.3,Tstd:301.9,Bpos:491.7,Bstd:292.8,StrandBias:0.7,Multiplicity:1.12
0.137	0.831	0.001	0.031
0.772	0.136	0.032	0.060
0.065	0.037	0.045	0.853
0.033	0.124	0.034	0.809
0.798	0.021	0.097	0.084
0.013	0.065	0.858	0.064
0.073	0.086	0.055	0.786
0.679	0.066	0.119	0.136
0.857	0.054	0.058	0.031
0.102	0.770	0.033	0.095
>CTTCATTGTT	5-CTTCATTGTT	10.225787	-16.718318	0	T:16.0(29.63%),B:2367.7(5.90%),P:1e-7	Tpos:541.8,Tstd:286.0,Bpos:514.3,Bstd:310.5,StrandBias:0.8,Multiplicity:1.19
0.001	0.997	0.001	0.001
0.067	0.001	0.086	0.846
0.001	0.001	0.001	0.997
0.061	0.815	0.065	0.059
0.932	0.066	0.001	0.001
0.001	0.001	0.001	0.997
0.001	0.001	0.001	0.997
0.049	0.052	0.635	0.264
0.001	0.001	0.001	0.997
0.090	0.082	0.001	0.827
>GTGGCAGAAA	6-GTGGCAGAAA	7.235105	-15.846813	0	T:16.0(29.63%),B:2523.5(6.29%),P:1e-6	Tpos:454.7,Tstd:273.3,Bpos:514.5,Bstd:314.3,StrandBias:-1.0,Multiplicity:1.12
0.216	0.001	0.782	0.001
0.001	0.001	0.387	0.611
0.001	0.001	0.997	0.001
0.001	0.001	0.997	0.001
0.001	0.997	0.001	0.001
0.997	0.001	0.001	0.001
0.364	0.018	0.617	0.001
0.840	0.158	0.001	0.001
0.967	0.001	0.031	0.001
0.997	0.001	0.001	0.001
>ATTRKACTCA	7-ATTRKACTCA	9.407609	-14.955765	0	T:11.0(20.37%),B:1141.4(2.85%),P:1e-6	Tpos:533.5,Tstd:217.8,Bpos:500.9,Bstd:289.5,StrandBias:-0.2,Multiplicity:1.18
0.997	0.001	0.001	0.001
0.204	0.001	0.001	0.794
0.001	0.001	0.087	0.911
0.429	0.218	0.352	0.001
0.048	0.001	0.508	0.443
0.864	0.001	0.134	0.001
0.001	0.997	0.001	0.001
0.172	0.001	0.001	0.826
0.001	0.921	0.001	0.077
0.757	0.088	0.091	0.064
>CCTACTTCAT	8-CCTACTTCAT	10.235468	-14.520211	0	T:9.0(16.67%),B:715.6(1.78%),P:1e-6	Tpos:646.4,Tstd:261.0,Bpos:516.6,Bstd:303.7,StrandBias:1.0,Multiplicity:1.33
0.001	0.997	0.001	0.001
0.001	0.878	0.120	0.001
0.083	0.001	0.001	0.915
0.932	0.001	0.001	0.066
0.001	0.859	0.139	0.001
0.125	0.001	0.001	0.873
0.001	0.001	0.001	0.997
0.001	0.866	0.132	0.001
0.779	0.117	0.001	0.103
0.001	0.001	0.001	0.997
>CCAGTTTCGG	9-CCAGTTTCGG	11.023908	-10.210560	0	T:5.0(9.26%),B:273.7(0.68%),P:1e-4	Tpos:553.8,Tstd:239.9,Bpos:533.5,Bstd:292.3,StrandBias:2.8,Multiplicity:1.60
0.001	0.997	0.001	0.001
0.120	0.878	0.001	0.001
0.997	0.001	0.001	0.001
0.001	0.001	0.997	0.001
0.001	0.001	0.225	0.773
0.001	0.001	0.001	0.997
0.001	0.001	0.001	0.997
0.001	0.997	0.001	0.001
0.088	0.001	0.910	0.001
0.001	0.001	0.997	0.001
>TAGCAGACCC	10-TAGCAGACCC	10.775622	-3.759129	0	T:2.0(3.70%),B:173.3(0.43%),P:1e-1	Tpos:403.7,Tstd:216.4,Bpos:521.2,Bstd:318.6,StrandBias:0.0,Multiplicity:11.00
0.001	0.001	0.001	0.997
0.997	0.001	0.001	0.001
0.001	0.001	0.935	0.063
0.001	0.997	0.001	0.001
0.927	0.071	0.001	0.001
0.001	0.001	0.797	0.201
0.997	0.001	0.001	0.001
0.001	0.997	0.001	0.001
0.001	0.997	0.001	0.001
0.120	0.878	0.001	0.001
>AAACTACAAG	11-AAACTACAAG	11.209580	-2.175639	0	T:2.0(3.70%),B:427.3(1.07%),P:1e0	Tpos:378.2,Tstd:203.2,Bpos:498.5,Bstd:295.9,StrandBias:3.3,Multiplicity:5.50
0.997	0.001	0.001	0.001
0.997	0.001	0.001	0.001
0.997	0.001	0.001	0.001
0.001	0.997	0.001	0.001
0.001	0.001	0.001	0.997
0.919	0.079	0.001	0.001
0.001	0.997	0.001	0.001
0.997	0.001	0.001	0.001
0.913	0.085	0.001	0.001
0.001	0.001	0.997	0.001
>GTGAGTATAATG	1-GTGAGTATAATG	13.949449	-27.139250	0	T:6.0(11.11%),B:22.8(0.06%),P:1e-11	Tpos:565.0,Tstd:282.8,Bpos:488.4,Bstd:342.5,StrandBias:0.0,Multiplicity:1.00
0.001	0.001	0.850	0.148
0.001	0.001	0.001	0.997
0.001	0.001	0.997	0.001
0.997	0.001	0.001	0.001
0.001	0.001	0.997	0.001
0.001	0.001	0.001	0.997
0.834	0.164	0.001	0.001
0.001	0.176	0.135	0.688
0.997	0.001	0.001	0.001
0.997	0.001	0.001	0.001
0.001	0.001	0.001	0.997
0.001	0.176	0.822	0.001
>CTACCCATATAA	2-CTACCCATATAA	14.684843	-19.890688	0	T:3.0(5.56%),B:0.9(0.00%),P:1e-8	Tpos:374.0,Tstd:239.1,Bpos:858.8,Bstd:77.9,StrandBias:1.0,Multiplicity:1.00
0.001	0.997	0.001	0.001
0.001	0.001	0.001	0.997
0.997	0.001	0.001	0.001
0.001	0.997	0.001	0.001
0.001	0.997	0.001	0.001
0.229	0.769	0.001	0.001
0.742	0.001	0.001	0.256
0.256	0.001	0.001	0.742
0.997	0.001	0.001	0.001
0.001	0.001	0.001	0.997
0.997	0.001	0.001	0.001
0.997	0.001	0.001	0.001
>AATGAATACMGG	3-AATGAATACMGG	11.863807	-18.817053	0	T:7.0(12.96%),B:182.1(0.45%),P:1e-8	Tpos:667.0,Tstd:310.0,Bpos:482.8,Bstd:307.5,StrandBias:-1.3,Multiplicity:1.00
0.778	0.001	0.220	0.001
0.997	0.001	0.001	0.001
0.001	0.001	0.001	0.997
0.001	0.001	0.997	0.001
0.997	0.001	0.001	0.001
0.997	0.001	0.001	0.001
0.001	0.304	0.001	0.694
0.882	0.001	0.001	0.116
0.001	0.668	0.330	0.001
0.344	0.486	0.001	0.169
0.001	0.001	0.997	0.001
0.364	0.001	0.622	0.013
>TTTCATCTTATT	4-TTTCATCTTATT	11.594861	-18.325438	0	T:9.0(16.67%),B:453.7(1.13%),P:1e-7	Tpos:658.7,Tstd:280.2,Bpos:514.4,Bstd:305.4,StrandBias:1.8,Multiplicity:1.00
0.001	0.001	0.001	0.997
0.001	0.001	0.001	0.997
0.001	0.001	0.001	0.997
0.001	0.754	0.244	0.001
0.868	0.130	0.001	0.001
0.001	0.001	0.001	0.997
0.001	0.962	0.036	0.001
0.001	0.001	0.001	0.997
0.001	0.001	0.001	0.997
0.946	0.001	0.001	0.052
0.001	0.082	0.001	0.916
0.001	0.001	0.001	0.997
>MTTTTTSYTCCT	5-MTTTTTSYTCCT	12.302881	-17.605981	0	T:8.0(14.81%),B:342.2(0.85%),P:1e-7	Tpos:639.2,Tstd:351.3,Bpos:518.7,Bstd:333.8,StrandBias:2.8,Multiplicity:1.00
0.446	0.552	0.001	0.001
0.001	0.001	0.001	0.997
0.001	0.001	0.001	0.997
0.001	0.001	0.001	0.997
0.098	0.001	0.001	0.900
0.001	0.001	0.001	0.997
0.001	0.391	0.508	0.100
0.001	0.436	0.190	0.373
0.001	0.172	0.001	0.826
0.001	0.630	0.153	0.216
0.039	0.819	0.087	0.055
0.153	0.001	0.001	0.845
>TTTCTTGAATWT	6-TTTCTTGAATWT	12.371676	-17.307006	0	T:12.0(22.22%),B:1132.0(2.82%),P:1e-7	Tpos:434.0,Tstd:282.6,Bpos:517.9,Bstd:307.3,StrandBias:0.5,Multiplicity:1.00
0.001	0.001	0.001	0.997
0.153	0.091	0.001	0.755
0.100	0.001	0.001	0.898
0.001	0.958	0.001	0.040
0.064	0.201	0.001	0.734
0.001	0.001	0.001	0.997
0.001	0.001	0.997	0.001
0.997	0.001	0.001	0.001
0.862	0.001	0.001	0.136
0.001	0.001	0.001	0.997
0.489	0.001	0.001	0.509
0.001	0.215	0.001	0.783
>TCCGAAACTGGT	7-TCCGAAACTGGT	11.392496	-16.374157	0	T:6.0(11.11%),B:153.5(0.38%),P:1e-7	Tpos:572.9,Tstd:255.1,Bpos:511.9,Bstd:271.3,StrandBias:-1.0,Multiplicity:1.50
0.172	0.001	0.172	0.655
0.001	0.714	0.001	0.284
0.001	0.889	0.001	0.109
0.001	0.001	0.997	0.001
0.859	0.001	0.001	0.139
0.997	0.001	0.001	0.001
0.827	0.171	0.001	0.001
0.090	0.908	0.001	0.001
0.001	0.191	0.001	0.807
0.001	0.001	0.736	0.262
0.001	0.232	0.766	0.001
0.001	0.001	0.109	0.889
>GAATTTATATTC	8-GAATTTATATTC	10.780700	-15.632814	0	T:12.0(22.22%),B:1322.4(3.30%),P:1e-6	Tpos:641.0,Tstd:242.3,Bpos:498.8,Bstd:292.7,StrandBias:-1.2,Multiplicity:1.08
0.188	0.203	0.496	0.113
0.869	0.001	0.129	0.001
0.796	0.001	0.118	0.085
0.001	0.001	0.001	0.997
0.001	0.001	0.001	0.997
0.001	0.085	0.081	0.833
0.771	0.001	0.227	0.001
0.001	0.001	0.136	0.862
0.625	0.228	0.146	0.001
0.001	0.001	0.001	0.997
0.001	0.001	0.145	0.853
0.001	0.901	0.097	0.001
>TATGCTAAATAT	9-TATGCTAAATAT	10.997121	-15.365783	0	T:8.0(14.81%),B:461.4(1.15%),P:1e-6	Tpos:375.7,Tstd:232.6,Bpos:481.0,Bstd:299.5,StrandBias:-1.4,Multiplicity:1.38
0.001	0.092	0.203	0.704
0.908	0.001	0.001	0.090
0.001	0.098	0.001	0.900
0.129	0.001	0.680	0.190
0.087	0.807	0.105	0.001
0.001	0.001	0.001	0.997
0.911	0.001	0.001	0.087
0.997	0.001	0.001	0.001
0.854	0.001	0.144	0.001
0.001	0.144	0.134	0.721
0.809	0.001	0.091	0.099
0.001	0.001	0.256	0.742
>CTTCTTCATTGT	10-CTTCTTCATTGT	9.720192	-13.798056	0	T:9.0(16.67%),B:782.0(1.95%),P:1e-5	Tpos:622.4,Tstd:233.7,Bpos:509.9,Bstd:327.2,StrandBias:1.4,Multiplicity:1.22
0.096	0.902	0.001	0.001
0.052	0.001	0.001	0.946
0.001	0.001	0.001	0.997
0.001	0.997	0.001	0.001
0.001	0.001	0.001	0.997
0.001	0.001	0.001	0.997
0.001	0.956	0.042	0.001
0.997	0.001	0.001	0.001
0.001	0.001	0.059	0.939
0.005	0.041	0.001	0.953
0.001	0.001	0.791	0.207
0.001	0.001	0.001	0.997
>CTCTCTCTCTCC	11-CTCTCTCTCTCC	7.603857	-7.756511	0	T:14.0(25.93%),B:3829.1(9.55%),P:1e-3	Tpos:655.2,Tstd:270.0,Bpos:560.0,Bstd:337.3,StrandBias:1.8,Multiplicity:1.14
0.164	0.408	0.250	0.178
0.173	0.175	0.162	0.490
0.090	0.703	0.129	0.078
0.113	0.130	0.092	0.665
0.106	0.634	0.128	0.132
0.109	0.135	0.118	0.638
0.069	0.725	0.145	0.061
0.081	0.103	0.138	0.678
0.105	0.634	0.186	0.075
0.185	0.093	0.143	0.579
0.131	0.622	0.139	0.108
0.199	0.390	0.183	0.228
>TAGCAGACCMAA	12-TAGCAGACCMAA	10.308727	-7.337059	0	T:4.0(7.41%),B:288.2(0.72%),P:1e-3	Tpos:415.0,Tstd:231.5,Bpos:521.2,Bstd:316.7,StrandBias:-0.4,Multiplicity:5.75
0.172	0.203	0.001	0.624
0.997	0.001	0.001	0.001
0.001	0.203	0.611	0.185
0.001	0.997	0.001	0.001
0.997	0.001	0.001	0.001
0.001	0.001	0.991	0.007
0.768	0.001	0.230	0.001
0.001	0.997	0.001	0.001
0.001	0.997	0.001	0.001
0.348	0.420	0.230	0.001
0.997	0.001	0.001	0.001
0.644	0.172	0.001	0.183
>MTCWGAAACTGC	13-MTCWGAAACTGC	13.880403	-6.517951	0	T:2.0(3.70%),B:40.6(0.10%),P:1e-2	Tpos:365.8,Tstd:195.5,Bpos:500.5,Bstd:273.5,StrandBias:-10.0,Multiplicity:2.00
0.546	0.452	0.001	0.001
0.001	0.001	0.001	0.997
0.001	0.997	0.001	0.001
0.546	0.001	0.001	0.452
0.202	0.001	0.796	0.001
0.997	0.001	0.001	0.001
0.997	0.001	0.001	0.001
0.997	0.001	0.001	0.001
0.001	0.997	0.001	0.001
0.001	0.001	0.001	0.997
0.001	0.001	0.741	0.257
0.202	0.539	0.001	0.258
>CTTGTAGTTTGT	14-CTTGTAGTTTGT	16.335909	-2.555822	0	T:1.0(1.85%),B:59.7(0.15%),P:1e-1	Tpos:403.7,Tstd:205.8,Bpos:452.2,Bstd:294.5,StrandBias:-10.0,Multiplicity:9.00
0.001	0.997	0.001	0.001
0.134	0.001	0.099	0.766
0.001	0.001	0.001	0.997
0.001	0.001	0.997	0.001
0.001	0.001	0.001	0.997
0.997	0.001	0.001	0.001
0.001	0.001	0.997	0.001
0.001	0.001	0.001	0.997
0.001	0.001	0.001	0.997
0.001	0.001	0.001	0.997
0.001	0.001	0.997	0.001
0.001	0.001	0.001	0.997
>ACGACGCT	1-ACGACGCT	7.793011	-15.332165	0	T:14.0(25.93%),B:1950.8(4.87%),P:1e-6	Tpos:431.2,Tstd:315.9,Bpos:503.4,Bstd:302.9,StrandBias:0.0,Multiplicity:1.14
0.794	0.098	0.107	0.001
0.001	0.923	0.001	0.075
0.001	0.001	0.777	0.221
0.997	0.001	0.001	0.001
0.001	0.762	0.236	0.001
0.001	0.001	0.997	0.001
0.001	0.997	0.001	0.001
0.001	0.086	0.104	0.809
>GGGGTTTG	2-GGGGTTTG	7.256504	-11.807077	0	T:18.0(33.33%),B:4296.6(10.72%),P:1e-5	Tpos:342.0,Tstd:297.4,Bpos:570.5,Bstd:319.6,StrandBias:-0.7,Multiplicity:1.24
0.001	0.001	0.997	0.001
0.001	0.001	0.997	0.001
0.001	0.065	0.933	0.001
0.001	0.070	0.928	0.001
0.001	0.001	0.141	0.857
0.118	0.001	0.089	0.792
0.001	0.001	0.001	0.997
0.269	0.197	0.533	0.001
>GACTACAA	3-GACTACAA	8.965588	-3.527496	0	T:7.0(12.96%),B:2227.2(5.55%),P:1e-1	Tpos:444.8,Tstd:248.8,Bpos:509.1,Bstd:301.2,StrandBias:3.0,Multiplicity:2.57
0.001	0.001	0.997	0.001
0.997	0.001	0.001	0.001
0.001	0.876	0.122	0.001
0.001	0.001	0.001	0.997
0.997	0.001	0.001	0.001
0.001	0.997	0.001	0.001
0.997	0.001	0.001	0.001
0.997	0.001	0.001	0.001
>CTTGTAGT	4-CTTGTAGT	8.255912	-1.330944	0	T:3.0(5.56%),B:1324.5(3.30%),P:1e0	Tpos:373.2,Tstd:198.9,Bpos:490.6,Bstd:297.9,StrandBias:-2.2,Multiplicity:3.67
0.001	0.997	0.001	0.001
0.001	0.001	0.001	0.997
0.001	0.001	0.001	0.997
0.001	0.001	0.997	0.001
0.001	0.001	0.001	0.997
0.997	0.001	0.001	0.001
0.001	0.001	0.997	0.001
0.001	0.060	0.001	0.938
>GGTCTGCT	5-GGTCTGCT	-2.743184	-1.323561	0	T:41.0(75.93%),B:28494.5(71.06%),P:1e0	Tpos:465.2,Tstd:274.3,Bpos:506.1,Bstd:302.8,StrandBias:0.5,Multiplicity:2.27
0.001	0.001	0.997	0.001
0.001	0.001	0.997	0.001
0.001	0.001	0.001	0.997
0.117	0.881	0.001	0.001
0.001	0.001	0.001	0.997
0.001	0.001	0.997	0.001
0.001	0.997	0.001	0.001
0.001	0.001	0.001	0.997
