>RTTTCCTGATGA	15-TCATCAGGAAAY	11.470146	-21.992302	0	T:6.0(5.31%),B:24.7(0.06%),P:1e-9
0.335	0.111	0.477	0.077
0.115	0.085	0.055	0.745
0.174	0.110	0.001	0.715
0.272	0.001	0.218	0.509
0.003	0.677	0.178	0.142
0.180	0.696	0.001	0.123
0.090	0.085	0.002	0.823
0.003	0.001	0.922	0.074
0.925	0.073	0.001	0.001
0.170	0.001	0.001	0.828
0.123	0.179	0.630	0.068
0.682	0.063	0.016	0.239
