>TGTAGATTTWCG	23-TGTAGATTTWCG,BestGuess:ceh-38/MA1699.1/Jaspar(0.575)	9.204438	-11.025648	0	T:34.0(15.11%),B:2791.4(6.91%),P:1e-4
0.069	0.102	0.060	0.769
0.241	0.123	0.560	0.076
0.059	0.032	0.001	0.908
0.744	0.001	0.254	0.001
0.079	0.073	0.847	0.001
0.662	0.001	0.001	0.336
0.078	0.001	0.001	0.920
0.237	0.001	0.001	0.761
0.059	0.001	0.001	0.939
0.418	0.001	0.257	0.324
0.030	0.924	0.045	0.001
0.001	0.047	0.699	0.253
