>CGGTGATC	1-CGGTGATC	5.552580	-12.176354	0	T:19.0(63.33%),B:8943.5(23.92%),P:1e-5	Tpos:560.0,Tstd:244.2,Bpos:500.0,Bstd:324.8,StrandBias:-0.1,Multiplicity:1.42
0.122	0.565	0.089	0.224
0.205	0.017	0.512	0.266
0.147	0.143	0.542	0.168
0.142	0.035	0.063	0.760
0.172	0.139	0.632	0.057
0.716	0.062	0.140	0.082
0.136	0.051	0.001	0.812
0.173	0.472	0.197	0.158
>GTGATGTC	2-GTGATGTC	8.753835	-11.431799	0	T:9.0(30.00%),B:1870.0(5.00%),P:1e-4	Tpos:515.7,Tstd:267.8,Bpos:513.4,Bstd:321.9,StrandBias:1.0,Multiplicity:1.00
0.414	0.001	0.584	0.001
0.001	0.001	0.001	0.997
0.140	0.199	0.660	0.001
0.997	0.001	0.001	0.001
0.001	0.001	0.027	0.971
0.383	0.001	0.615	0.001
0.001	0.227	0.001	0.771
0.001	0.773	0.225	0.001
>CTGATAAG	3-CTGATAAG	10.655735	-11.279397	0	T:9.0(30.00%),B:1905.2(5.10%),P:1e-4	Tpos:610.4,Tstd:276.6,Bpos:561.3,Bstd:321.6,StrandBias:1.0,Multiplicity:1.67
0.001	0.871	0.127	0.001
0.001	0.120	0.001	0.878
0.001	0.001	0.997	0.001
0.903	0.001	0.052	0.044
0.001	0.001	0.001	0.997
0.997	0.001	0.001	0.001
0.949	0.001	0.049	0.001
0.001	0.001	0.997	0.001
>TCTTGTAC	4-TCTTGTAC	8.704862	-10.398512	0	T:8.0(26.67%),B:1614.7(4.32%),P:1e-4	Tpos:492.2,Tstd:272.2,Bpos:511.7,Bstd:321.3,StrandBias:0.7,Multiplicity:1.00
0.001	0.001	0.001	0.997
0.001	0.997	0.001	0.001
0.001	0.001	0.001	0.997
0.001	0.001	0.001	0.997
0.001	0.001	0.997	0.001
0.001	0.001	0.001	0.997
0.904	0.001	0.094	0.001
0.001	0.997	0.001	0.001
>GGTGCAGC	5-GGTGCAGC	8.025266	-4.688640	0	T:5.0(16.67%),B:1636.0(4.38%),P:1e-2	Tpos:456.8,Tstd:192.4,Bpos:499.0,Bstd:318.6,StrandBias:-1.3,Multiplicity:2.40
0.001	0.001	0.997	0.001
0.001	0.232	0.766	0.001
0.158	0.001	0.001	0.840
0.001	0.001	0.997	0.001
0.001	0.997	0.001	0.001
0.755	0.001	0.243	0.001
0.001	0.001	0.997	0.001
0.001	0.997	0.001	0.001
