>AGTAGCGATT	1-AGTAGCGATT	11.142332	-21.208818	0	T:7.0(23.33%),B:227.9(0.61%),P:1e-9	Tpos:638.4,Tstd:272.0,Bpos:495.6,Bstd:330.0,StrandBias:-0.4,Multiplicity:1.00
0.796	0.202	0.001	0.001
0.001	0.001	0.850	0.148
0.001	0.001	0.001	0.997
0.997	0.001	0.001	0.001
0.001	0.001	0.997	0.001
0.001	0.997	0.001	0.001
0.001	0.154	0.688	0.157
0.997	0.001	0.001	0.001
0.001	0.144	0.001	0.854
0.001	0.001	0.001	0.997
>GTGACATCAT	2-GTGACATCAT	10.416202	-21.081138	0	T:9.0(30.00%),B:591.6(1.58%),P:1e-9	Tpos:629.3,Tstd:247.7,Bpos:526.4,Bstd:309.3,StrandBias:-0.3,Multiplicity:1.22
0.082	0.001	0.916	0.001
0.001	0.001	0.001	0.997
0.001	0.001	0.997	0.001
0.997	0.001	0.001	0.001
0.001	0.760	0.001	0.238
0.687	0.169	0.001	0.143
0.001	0.001	0.001	0.997
0.001	0.869	0.001	0.129
0.997	0.001	0.001	0.001
0.001	0.129	0.001	0.869
>AATCTTGGTC	3-AATCTTGGTC	11.569511	-20.317884	0	T:7.0(23.33%),B:259.7(0.69%),P:1e-8	Tpos:397.6,Tstd:257.1,Bpos:475.3,Bstd:322.2,StrandBias:1.3,Multiplicity:1.00
0.997	0.001	0.001	0.001
0.817	0.001	0.001	0.181
0.001	0.001	0.001	0.997
0.001	0.997	0.001	0.001
0.001	0.001	0.001	0.997
0.001	0.001	0.001	0.997
0.001	0.001	0.997	0.001
0.150	0.001	0.848	0.001
0.001	0.001	0.001	0.997
0.157	0.841	0.001	0.001
>ATCCGGTAAG	4-ATCCGGTAAG	7.428906	-18.246715	0	T:10.0(33.33%),B:1135.9(3.04%),P:1e-7	Tpos:607.1,Tstd:259.3,Bpos:553.6,Bstd:322.5,StrandBias:0.9,Multiplicity:1.70
0.882	0.001	0.114	0.003
0.083	0.001	0.001	0.915
0.001	0.997	0.001	0.001
0.001	0.814	0.001	0.184
0.001	0.001	0.997	0.001
0.130	0.001	0.814	0.055
0.001	0.001	0.001	0.997
0.997	0.001	0.001	0.001
0.931	0.001	0.067	0.001
0.001	0.001	0.997	0.001
>ACAGAGTTTA	5-ACAGAGTTTA	10.704216	-15.575454	0	T:9.0(30.00%),B:1128.8(3.02%),P:1e-6	Tpos:555.2,Tstd:244.6,Bpos:508.1,Bstd:311.4,StrandBias:-0.8,Multiplicity:1.22
0.997	0.001	0.001	0.001
0.097	0.761	0.141	0.001
0.997	0.001	0.001	0.001
0.001	0.127	0.753	0.119
0.997	0.001	0.001	0.001
0.102	0.001	0.896	0.001
0.001	0.001	0.001	0.997
0.001	0.001	0.001	0.997
0.001	0.001	0.001	0.997
0.740	0.001	0.153	0.106
>GCGGAAGTTT	6-GCGGAAGTTT	10.732140	-15.481626	0	T:7.0(23.33%),B:532.1(1.42%),P:1e-6	Tpos:585.0,Tstd:311.3,Bpos:495.9,Bstd:316.7,StrandBias:-0.7,Multiplicity:1.14
0.116	0.001	0.882	0.001
0.001	0.997	0.001	0.001
0.001	0.001	0.883	0.115
0.001	0.001	0.843	0.155
0.800	0.001	0.001	0.198
0.794	0.001	0.029	0.176
0.001	0.001	0.997	0.001
0.001	0.184	0.001	0.814
0.001	0.001	0.001	0.997
0.001	0.001	0.001	0.997
>GTAGAGAVGA	7-GTAGAGAVGA	10.559440	-13.676708	0	T:5.0(16.67%),B:229.7(0.61%),P:1e-5	Tpos:359.4,Tstd:239.6,Bpos:542.1,Bstd:331.0,StrandBias:-0.6,Multiplicity:1.00
0.160	0.001	0.838	0.001
0.001	0.284	0.133	0.582
0.997	0.001	0.001	0.001
0.001	0.177	0.821	0.001
0.997	0.001	0.001	0.001
0.133	0.001	0.865	0.001
0.997	0.001	0.001	0.001
0.211	0.311	0.340	0.137
0.001	0.161	0.509	0.329
0.997	0.001	0.001	0.001
>TTTTTACACT	8-TTTTTACACT	10.850408	-11.994964	0	T:8.0(26.67%),B:1293.3(3.46%),P:1e-5	Tpos:501.2,Tstd:298.3,Bpos:526.2,Bstd:324.8,StrandBias:0.3,Multiplicity:1.12
0.001	0.001	0.381	0.617
0.001	0.124	0.001	0.874
0.001	0.001	0.113	0.885
0.067	0.084	0.001	0.848
0.324	0.058	0.059	0.559
0.935	0.001	0.001	0.063
0.117	0.542	0.001	0.340
0.997	0.001	0.001	0.001
0.001	0.930	0.068	0.001
0.001	0.128	0.073	0.798
>CAGCTGGAGC	9-CAGCTGGAGC	10.402840	-8.142393	0	T:4.0(13.33%),B:399.6(1.07%),P:1e-3	Tpos:519.8,Tstd:197.6,Bpos:469.5,Bstd:309.8,StrandBias:-1.0,Multiplicity:2.25
0.001	0.997	0.001	0.001
0.688	0.001	0.241	0.070
0.001	0.001	0.997	0.001
0.001	0.997	0.001	0.001
0.001	0.268	0.001	0.730
0.001	0.063	0.935	0.001
0.001	0.310	0.688	0.001
0.997	0.001	0.001	0.001
0.189	0.001	0.809	0.001
0.001	0.771	0.227	0.001
>ATGCGATGTT	10-ATGCGATGTT	8.350283	-6.162784	0	T:6.0(20.00%),B:1708.2(4.57%),P:1e-2	Tpos:548.5,Tstd:263.0,Bpos:505.1,Bstd:318.9,StrandBias:-0.7,Multiplicity:1.33
0.700	0.100	0.100	0.100
0.100	0.100	0.100	0.700
0.100	0.100	0.700	0.100
0.100	0.700	0.100	0.100
0.100	0.100	0.700	0.100
0.700	0.100	0.100	0.100
0.100	0.100	0.100	0.700
0.100	0.100	0.700	0.100
0.100	0.100	0.100	0.700
0.100	0.100	0.100	0.700
