>GCGTCGCGTGTG	5-CACACGCGACGC	7.186704	-26.451456	0	T:74.0(19.37%),B:2948.7(8.09%),P:1e-11
0.090	0.068	0.735	0.107
0.043	0.832	0.039	0.086
0.040	0.028	0.860	0.072
0.099	0.076	0.072	0.753
0.136	0.634	0.081	0.149
0.073	0.079	0.724	0.124
0.090	0.701	0.080	0.129
0.047	0.060	0.791	0.102
0.077	0.124	0.076	0.723
0.071	0.087	0.693	0.149
0.056	0.096	0.011	0.837
0.051	0.108	0.719	0.122
