>CAGATCCGGAAA	22-CAGATCCGGAAA	7.770787	-11.496603	0	T:23.0(6.02%),B:764.0(2.10%),P:1e-4
0.131	0.456	0.186	0.226
0.606	0.134	0.121	0.139
0.227	0.156	0.452	0.165
0.607	0.156	0.014	0.223
0.181	0.131	0.099	0.589
0.093	0.479	0.132	0.296
0.143	0.463	0.161	0.233
0.235	0.130	0.464	0.171
0.207	0.112	0.662	0.019
0.740	0.218	0.019	0.023
0.755	0.009	0.100	0.136
0.476	0.096	0.216	0.211
