>GGGCATAKAC	1-GGGCATAKAC	7.504707	-20.684528	0	T:18.0(36.73%),B:2568.0(6.65%),P:1e-8	Tpos:620.4,Tstd:299.1,Bpos:520.7,Bstd:319.2,StrandBias:1.6,Multiplicity:1.11
0.299	0.001	0.699	0.001
0.002	0.415	0.582	0.001
0.055	0.001	0.660	0.284
0.001	0.908	0.086	0.005
0.587	0.106	0.306	0.001
0.001	0.001	0.282	0.716
0.786	0.001	0.004	0.209
0.062	0.001	0.490	0.447
0.714	0.001	0.001	0.284
0.001	0.831	0.106	0.062
>ATAGGAGACT	2-ATAGGAGACT	10.549835	-20.579742	0	T:9.0(18.37%),B:372.3(0.96%),P:1e-8	Tpos:552.0,Tstd:297.3,Bpos:511.3,Bstd:320.4,StrandBias:-1.8,Multiplicity:1.00
0.997	0.001	0.001	0.001
0.001	0.001	0.001	0.997
0.914	0.001	0.001	0.084
0.107	0.001	0.891	0.001
0.001	0.001	0.869	0.129
0.997	0.001	0.001	0.001
0.001	0.133	0.741	0.125
0.997	0.001	0.001	0.001
0.089	0.909	0.001	0.001
0.001	0.157	0.001	0.841
>AGTATAGCTA	3-AGTATAGCTA	10.834496	-20.198691	0	T:9.0(18.37%),B:389.7(1.01%),P:1e-8	Tpos:561.8,Tstd:223.2,Bpos:449.0,Bstd:311.7,StrandBias:0.3,Multiplicity:1.00
0.997	0.001	0.001	0.001
0.109	0.001	0.785	0.105
0.001	0.001	0.001	0.997
0.730	0.159	0.001	0.110
0.001	0.001	0.133	0.865
0.885	0.001	0.001	0.113
0.001	0.001	0.997	0.001
0.121	0.877	0.001	0.001
0.001	0.001	0.001	0.997
0.997	0.001	0.001	0.001
>GWMYCCCAYG	4-GWMYCCCAYG	7.118286	-19.247930	0	T:9.0(18.37%),B:435.1(1.13%),P:1e-8	Tpos:610.4,Tstd:231.6,Bpos:470.5,Bstd:336.0,StrandBias:-0.3,Multiplicity:1.22
0.001	0.001	0.997	0.001
0.539	0.001	0.001	0.459
0.437	0.561	0.001	0.001
0.001	0.547	0.001	0.451
0.001	0.997	0.001	0.001
0.001	0.997	0.001	0.001
0.001	0.980	0.018	0.001
0.997	0.001	0.001	0.001
0.001	0.473	0.001	0.525
0.014	0.001	0.969	0.016
>CAATTATACC	5-CAATTATACC	9.038245	-16.003270	0	T:13.0(26.53%),B:1665.1(4.31%),P:1e-6	Tpos:590.4,Tstd:278.7,Bpos:498.2,Bstd:317.5,StrandBias:0.0,Multiplicity:1.08
0.001	0.806	0.001	0.192
0.822	0.176	0.001	0.001
0.893	0.001	0.001	0.105
0.120	0.172	0.070	0.638
0.082	0.001	0.001	0.916
0.639	0.001	0.212	0.148
0.259	0.001	0.001	0.739
0.562	0.041	0.131	0.266
0.076	0.855	0.053	0.016
0.163	0.544	0.001	0.292
>TTTTCGGCGA	6-TTTTCGGCGA	6.755977	-15.795807	0	T:12.0(24.49%),B:1398.0(3.62%),P:1e-6	Tpos:464.8,Tstd:241.4,Bpos:514.2,Bstd:303.8,StrandBias:1.1,Multiplicity:1.27
0.017	0.001	0.001	0.981
0.001	0.001	0.001	0.997
0.001	0.001	0.001	0.997
0.001	0.001	0.001	0.997
0.001	0.997	0.001	0.001
0.001	0.001	0.997	0.001
0.001	0.385	0.613	0.001
0.145	0.853	0.001	0.001
0.001	0.001	0.997	0.001
0.997	0.001	0.001	0.001
>GGCAAGGATT	7-GGCAAGGATT	11.162019	-14.571795	0	T:7.0(14.29%),B:369.8(0.96%),P:1e-6	Tpos:597.8,Tstd:236.4,Bpos:501.8,Bstd:301.9,StrandBias:-1.0,Multiplicity:1.29
0.001	0.001	0.997	0.001
0.151	0.001	0.847	0.001
0.001	0.997	0.001	0.001
0.997	0.001	0.001	0.001
0.997	0.001	0.001	0.001
0.142	0.001	0.730	0.127
0.001	0.179	0.819	0.001
0.997	0.001	0.001	0.001
0.001	0.001	0.001	0.997
0.001	0.222	0.001	0.776
>ACTTGCAAGG	8-ACTTGCAAGG	10.828161	-14.483349	0	T:7.0(14.29%),B:374.3(0.97%),P:1e-6	Tpos:444.9,Tstd:261.4,Bpos:483.4,Bstd:323.2,StrandBias:0.6,Multiplicity:1.29
0.997	0.001	0.001	0.001
0.001	0.997	0.001	0.001
0.168	0.001	0.001	0.830
0.001	0.001	0.001	0.997
0.149	0.001	0.754	0.096
0.001	0.997	0.001	0.001
0.997	0.001	0.001	0.001
0.997	0.001	0.001	0.001
0.001	0.001	0.863	0.135
0.001	0.150	0.712	0.137
>GTATGTATGT	9-GTATGTATGT	8.569845	-13.489589	0	T:20.0(40.82%),B:5063.2(13.11%),P:1e-5	Tpos:526.8,Tstd:253.3,Bpos:499.5,Bstd:333.5,StrandBias:0.0,Multiplicity:1.25
0.180	0.001	0.818	0.001
0.352	0.001	0.001	0.646
0.690	0.001	0.216	0.093
0.002	0.001	0.001	0.996
0.168	0.001	0.644	0.187
0.109	0.001	0.001	0.889
0.867	0.001	0.131	0.001
0.001	0.217	0.001	0.781
0.264	0.001	0.694	0.041
0.001	0.001	0.228	0.770
>GGTAGGTGAA	10-GGTAGGTGAA	7.695894	-13.305996	0	T:16.0(32.65%),B:3285.9(8.51%),P:1e-5	Tpos:605.1,Tstd:235.8,Bpos:507.0,Bstd:328.0,StrandBias:-1.0,Multiplicity:1.12
0.081	0.001	0.810	0.108
0.001	0.053	0.869	0.077
0.078	0.001	0.073	0.848
0.820	0.001	0.091	0.088
0.115	0.152	0.658	0.075
0.002	0.034	0.844	0.120
0.116	0.202	0.001	0.681
0.089	0.170	0.666	0.075
0.874	0.001	0.124	0.001
0.951	0.001	0.001	0.047
>CCCGCCCCGC	11-CCCGCCCCGC	11.378593	-13.259215	0	T:4.0(8.16%),B:64.8(0.17%),P:1e-5	Tpos:728.0,Tstd:193.3,Bpos:580.0,Bstd:322.1,StrandBias:1.6,Multiplicity:1.00
0.001	0.997	0.001	0.001
0.001	0.997	0.001	0.001
0.183	0.815	0.001	0.001
0.001	0.001	0.997	0.001
0.001	0.824	0.001	0.174
0.001	0.802	0.001	0.196
0.001	0.997	0.001	0.001
0.001	0.997	0.001	0.001
0.001	0.164	0.702	0.133
0.001	0.997	0.001	0.001
>TWTCAGACAT	12-TWTCAGACAT	10.472396	-10.332159	0	T:11.0(22.45%),B:1990.3(5.15%),P:1e-4	Tpos:595.1,Tstd:326.1,Bpos:498.4,Bstd:328.7,StrandBias:-0.2,Multiplicity:1.18
0.001	0.020	0.001	0.978
0.482	0.001	0.140	0.377
0.001	0.001	0.001	0.997
0.001	0.997	0.001	0.001
0.783	0.001	0.001	0.215
0.129	0.081	0.789	0.001
0.842	0.001	0.001	0.156
0.157	0.550	0.001	0.292
0.918	0.001	0.001	0.080
0.001	0.001	0.001	0.997
