>TGACTGTA	1-TGACTGTA	7.919098	-12.451342	0	T:15.0(30.61%),B:3080.2(7.97%),P:1e-5	Tpos:554.1,Tstd:277.7,Bpos:494.2,Bstd:327.5,StrandBias:-0.4,Multiplicity:1.07
0.001	0.001	0.001	0.997
0.001	0.001	0.997	0.001
0.935	0.063	0.001	0.001
0.320	0.678	0.001	0.001
0.001	0.001	0.001	0.997
0.001	0.001	0.997	0.001
0.001	0.001	0.001	0.997
0.997	0.001	0.001	0.001
>CACTGATA	2-CACTGATA	7.978715	-11.844889	0	T:17.0(34.69%),B:4137.4(10.71%),P:1e-5	Tpos:594.3,Tstd:302.4,Bpos:516.1,Bstd:318.5,StrandBias:0.0,Multiplicity:1.06
0.001	0.963	0.035	0.001
0.929	0.001	0.069	0.001
0.141	0.857	0.001	0.001
0.001	0.073	0.001	0.925
0.001	0.001	0.997	0.001
0.853	0.145	0.001	0.001
0.001	0.001	0.001	0.997
0.997	0.001	0.001	0.001
>ATATCCGT	3-ATATCCGT	3.808922	-11.352034	0	T:27.0(55.10%),B:9931.3(25.71%),P:1e-4	Tpos:547.0,Tstd:301.4,Bpos:500.0,Bstd:320.2,StrandBias:0.2,Multiplicity:1.19
0.997	0.001	0.001	0.001
0.001	0.001	0.001	0.997
0.939	0.001	0.059	0.001
0.001	0.001	0.001	0.997
0.001	0.997	0.001	0.001
0.001	0.744	0.001	0.254
0.001	0.001	0.997	0.001
0.254	0.001	0.001	0.744
>CGTTATAA	4-CGTTATAA	7.936215	-9.887651	0	T:11.0(22.45%),B:2090.2(5.41%),P:1e-4	Tpos:472.8,Tstd:243.1,Bpos:514.3,Bstd:306.6,StrandBias:-0.2,Multiplicity:1.09
0.001	0.997	0.001	0.001
0.001	0.001	0.997	0.001
0.001	0.001	0.001	0.997
0.001	0.001	0.001	0.997
0.943	0.055	0.001	0.001
0.001	0.001	0.001	0.997
0.887	0.001	0.001	0.111
0.888	0.001	0.110	0.001
>GACCCCCA	5-GACCCCCA	10.656097	-6.905138	0	T:4.0(8.16%),B:345.6(0.89%),P:1e-2	Tpos:465.6,Tstd:177.8,Bpos:459.6,Bstd:346.1,StrandBias:0.6,Multiplicity:1.25
0.001	0.001	0.997	0.001
0.853	0.145	0.001	0.001
0.001	0.997	0.001	0.001
0.001	0.997	0.001	0.001
0.001	0.874	0.124	0.001
0.001	0.997	0.001	0.001
0.001	0.882	0.116	0.001
0.997	0.001	0.001	0.001
