>GGGCATAKAC	1-GGGCATAKAC	7.504707	-20.684528	0	T:18.0(36.73%),B:2568.0(6.65%),P:1e-8	Tpos:620.4,Tstd:299.1,Bpos:520.7,Bstd:319.2,StrandBias:1.6,Multiplicity:1.11
0.299	0.001	0.699	0.001
0.002	0.415	0.582	0.001
0.055	0.001	0.660	0.284
0.001	0.908	0.086	0.005
0.587	0.106	0.306	0.001
0.001	0.001	0.282	0.716
0.786	0.001	0.004	0.209
0.062	0.001	0.490	0.447
0.714	0.001	0.001	0.284
0.001	0.831	0.106	0.062
>ATAGGAGACT	2-ATAGGAGACT	10.549835	-20.579742	0	T:9.0(18.37%),B:372.3(0.96%),P:1e-8	Tpos:552.0,Tstd:297.3,Bpos:511.3,Bstd:320.4,StrandBias:-1.8,Multiplicity:1.00
0.997	0.001	0.001	0.001
0.001	0.001	0.001	0.997
0.914	0.001	0.001	0.084
0.107	0.001	0.891	0.001
0.001	0.001	0.869	0.129
0.997	0.001	0.001	0.001
0.001	0.133	0.741	0.125
0.997	0.001	0.001	0.001
0.089	0.909	0.001	0.001
0.001	0.157	0.001	0.841
>AGTATAGCTA	3-AGTATAGCTA	10.834496	-20.198691	0	T:9.0(18.37%),B:389.7(1.01%),P:1e-8	Tpos:561.8,Tstd:223.2,Bpos:449.0,Bstd:311.7,StrandBias:0.3,Multiplicity:1.00
0.997	0.001	0.001	0.001
0.109	0.001	0.785	0.105
0.001	0.001	0.001	0.997
0.730	0.159	0.001	0.110
0.001	0.001	0.133	0.865
0.885	0.001	0.001	0.113
0.001	0.001	0.997	0.001
0.121	0.877	0.001	0.001
0.001	0.001	0.001	0.997
0.997	0.001	0.001	0.001
>GWMYCCCAYG	4-GWMYCCCAYG	7.118286	-19.247930	0	T:9.0(18.37%),B:435.1(1.13%),P:1e-8	Tpos:610.4,Tstd:231.6,Bpos:470.5,Bstd:336.0,StrandBias:-0.3,Multiplicity:1.22
0.001	0.001	0.997	0.001
0.539	0.001	0.001	0.459
0.437	0.561	0.001	0.001
0.001	0.547	0.001	0.451
0.001	0.997	0.001	0.001
0.001	0.997	0.001	0.001
0.001	0.980	0.018	0.001
0.997	0.001	0.001	0.001
0.001	0.473	0.001	0.525
0.014	0.001	0.969	0.016
>CAATTATACC	5-CAATTATACC	9.038245	-16.003270	0	T:13.0(26.53%),B:1665.1(4.31%),P:1e-6	Tpos:590.4,Tstd:278.7,Bpos:498.2,Bstd:317.5,StrandBias:0.0,Multiplicity:1.08
0.001	0.806	0.001	0.192
0.822	0.176	0.001	0.001
0.893	0.001	0.001	0.105
0.120	0.172	0.070	0.638
0.082	0.001	0.001	0.916
0.639	0.001	0.212	0.148
0.259	0.001	0.001	0.739
0.562	0.041	0.131	0.266
0.076	0.855	0.053	0.016
0.163	0.544	0.001	0.292
>TTTTCGGCGA	6-TTTTCGGCGA	6.755977	-15.795807	0	T:12.0(24.49%),B:1398.0(3.62%),P:1e-6	Tpos:464.8,Tstd:241.4,Bpos:514.2,Bstd:303.8,StrandBias:1.1,Multiplicity:1.27
0.017	0.001	0.001	0.981
0.001	0.001	0.001	0.997
0.001	0.001	0.001	0.997
0.001	0.001	0.001	0.997
0.001	0.997	0.001	0.001
0.001	0.001	0.997	0.001
0.001	0.385	0.613	0.001
0.145	0.853	0.001	0.001
0.001	0.001	0.997	0.001
0.997	0.001	0.001	0.001
>GGCAAGGATT	7-GGCAAGGATT	11.162019	-14.571795	0	T:7.0(14.29%),B:369.8(0.96%),P:1e-6	Tpos:597.8,Tstd:236.4,Bpos:501.8,Bstd:301.9,StrandBias:-1.0,Multiplicity:1.29
0.001	0.001	0.997	0.001
0.151	0.001	0.847	0.001
0.001	0.997	0.001	0.001
0.997	0.001	0.001	0.001
0.997	0.001	0.001	0.001
0.142	0.001	0.730	0.127
0.001	0.179	0.819	0.001
0.997	0.001	0.001	0.001
0.001	0.001	0.001	0.997
0.001	0.222	0.001	0.776
>ACTTGCAAGG	8-ACTTGCAAGG	10.828161	-14.483349	0	T:7.0(14.29%),B:374.3(0.97%),P:1e-6	Tpos:444.9,Tstd:261.4,Bpos:483.4,Bstd:323.2,StrandBias:0.6,Multiplicity:1.29
0.997	0.001	0.001	0.001
0.001	0.997	0.001	0.001
0.168	0.001	0.001	0.830
0.001	0.001	0.001	0.997
0.149	0.001	0.754	0.096
0.001	0.997	0.001	0.001
0.997	0.001	0.001	0.001
0.997	0.001	0.001	0.001
0.001	0.001	0.863	0.135
0.001	0.150	0.712	0.137
>GTATGTATGT	9-GTATGTATGT	8.569845	-13.489589	0	T:20.0(40.82%),B:5063.2(13.11%),P:1e-5	Tpos:526.8,Tstd:253.3,Bpos:499.5,Bstd:333.5,StrandBias:0.0,Multiplicity:1.25
0.180	0.001	0.818	0.001
0.352	0.001	0.001	0.646
0.690	0.001	0.216	0.093
0.002	0.001	0.001	0.996
0.168	0.001	0.644	0.187
0.109	0.001	0.001	0.889
0.867	0.001	0.131	0.001
0.001	0.217	0.001	0.781
0.264	0.001	0.694	0.041
0.001	0.001	0.228	0.770
>GGTAGGTGAA	10-GGTAGGTGAA	7.695894	-13.305996	0	T:16.0(32.65%),B:3285.9(8.51%),P:1e-5	Tpos:605.1,Tstd:235.8,Bpos:507.0,Bstd:328.0,StrandBias:-1.0,Multiplicity:1.12
0.081	0.001	0.810	0.108
0.001	0.053	0.869	0.077
0.078	0.001	0.073	0.848
0.820	0.001	0.091	0.088
0.115	0.152	0.658	0.075
0.002	0.034	0.844	0.120
0.116	0.202	0.001	0.681
0.089	0.170	0.666	0.075
0.874	0.001	0.124	0.001
0.951	0.001	0.001	0.047
>CCCGCCCCGC	11-CCCGCCCCGC	11.378593	-13.259215	0	T:4.0(8.16%),B:64.8(0.17%),P:1e-5	Tpos:728.0,Tstd:193.3,Bpos:580.0,Bstd:322.1,StrandBias:1.6,Multiplicity:1.00
0.001	0.997	0.001	0.001
0.001	0.997	0.001	0.001
0.183	0.815	0.001	0.001
0.001	0.001	0.997	0.001
0.001	0.824	0.001	0.174
0.001	0.802	0.001	0.196
0.001	0.997	0.001	0.001
0.001	0.997	0.001	0.001
0.001	0.164	0.702	0.133
0.001	0.997	0.001	0.001
>TWTCAGACAT	12-TWTCAGACAT	10.472396	-10.332159	0	T:11.0(22.45%),B:1990.3(5.15%),P:1e-4	Tpos:595.1,Tstd:326.1,Bpos:498.4,Bstd:328.7,StrandBias:-0.2,Multiplicity:1.18
0.001	0.020	0.001	0.978
0.482	0.001	0.140	0.377
0.001	0.001	0.001	0.997
0.001	0.997	0.001	0.001
0.783	0.001	0.001	0.215
0.129	0.081	0.789	0.001
0.842	0.001	0.001	0.156
0.157	0.550	0.001	0.292
0.918	0.001	0.001	0.080
0.001	0.001	0.001	0.997
>TCGGTTACCTAT	1-TCGGTTACCTAT	8.567082	-23.932238	0	T:6.0(12.24%),B:43.4(0.11%),P:1e-10	Tpos:603.7,Tstd:305.7,Bpos:457.4,Bstd:332.3,StrandBias:0.0,Multiplicity:1.00
0.001	0.001	0.001	0.997
0.001	0.997	0.001	0.001
0.001	0.278	0.720	0.001
0.001	0.001	0.997	0.001
0.001	0.001	0.001	0.997
0.379	0.001	0.001	0.619
0.619	0.379	0.001	0.001
0.001	0.720	0.001	0.278
0.001	0.997	0.001	0.001
0.001	0.001	0.001	0.997
0.997	0.001	0.001	0.001
0.001	0.001	0.001	0.997
>TCWCCGAAAAAC	2-TCWCCGAAAAAC	12.024653	-22.789400	0	T:10.0(20.41%),B:414.6(1.07%),P:1e-9	Tpos:540.4,Tstd:274.9,Bpos:524.9,Bstd:314.2,StrandBias:-0.3,Multiplicity:1.10
0.001	0.001	0.001	0.997
0.001	0.997	0.001	0.001
0.368	0.086	0.210	0.337
0.001	0.735	0.263	0.001
0.001	0.997	0.001	0.001
0.001	0.001	0.997	0.001
0.896	0.001	0.102	0.001
0.870	0.001	0.128	0.001
0.870	0.001	0.128	0.001
0.853	0.001	0.145	0.001
0.880	0.001	0.118	0.001
0.242	0.642	0.115	0.001
>TAGGTTACAAGA	3-TAGGTTACAAGA	14.550515	-21.468310	0	T:4.0(8.16%),B:6.5(0.02%),P:1e-9	Tpos:495.2,Tstd:313.6,Bpos:400.4,Bstd:329.7,StrandBias:10.0,Multiplicity:1.00
0.001	0.001	0.001	0.997
0.997	0.001	0.001	0.001
0.001	0.001	0.997	0.001
0.001	0.001	0.997	0.001
0.001	0.001	0.001	0.997
0.001	0.001	0.001	0.997
0.731	0.267	0.001	0.001
0.239	0.759	0.001	0.001
0.997	0.001	0.001	0.001
0.997	0.001	0.001	0.001
0.001	0.267	0.731	0.001
0.997	0.001	0.001	0.001
>GCTAGCTAGCMA	4-GCTAGCTAGCMA	8.465198	-20.334822	0	T:5.0(10.20%),B:34.9(0.09%),P:1e-8	Tpos:673.3,Tstd:264.2,Bpos:452.9,Bstd:274.9,StrandBias:-2.3,Multiplicity:1.00
0.001	0.001	0.997	0.001
0.001	0.997	0.001	0.001
0.001	0.001	0.001	0.997
0.997	0.001	0.001	0.001
0.001	0.006	0.992	0.001
0.413	0.581	0.001	0.005
0.001	0.001	0.001	0.997
0.997	0.001	0.001	0.001
0.001	0.001	0.590	0.408
0.001	0.996	0.001	0.002
0.479	0.519	0.001	0.001
0.585	0.001	0.001	0.413
>TCACTGATAACA	5-TCACTGATAACA	13.638343	-20.001027	0	T:7.0(14.29%),B:163.5(0.42%),P:1e-8	Tpos:649.7,Tstd:282.6,Bpos:617.2,Bstd:316.6,StrandBias:1.3,Multiplicity:1.00
0.133	0.001	0.001	0.865
0.001	0.680	0.183	0.136
0.997	0.001	0.001	0.001
0.001	0.997	0.001	0.001
0.001	0.001	0.001	0.997
0.001	0.001	0.997	0.001
0.997	0.001	0.001	0.001
0.137	0.001	0.001	0.861
0.997	0.001	0.001	0.001
0.997	0.001	0.001	0.001
0.001	0.878	0.120	0.001
0.839	0.159	0.001	0.001
>GAACGTGTTTTT	6-GAACGTGTTTTT	13.932119	-19.782959	0	T:6.0(12.24%),B:90.4(0.23%),P:1e-8	Tpos:577.2,Tstd:300.7,Bpos:526.2,Bstd:328.2,StrandBias:-2.3,Multiplicity:1.00
0.001	0.001	0.834	0.164
0.997	0.001	0.001	0.001
0.997	0.001	0.001	0.001
0.001	0.997	0.001	0.001
0.001	0.001	0.843	0.155
0.185	0.001	0.223	0.591
0.001	0.001	0.898	0.100
0.001	0.001	0.001	0.997
0.001	0.001	0.001	0.997
0.001	0.001	0.001	0.997
0.001	0.001	0.001	0.997
0.001	0.001	0.001	0.997
>AATTTATCTGCT	7-AATTTATCTGCT	13.784460	-19.475059	0	T:6.0(12.24%),B:95.5(0.25%),P:1e-8	Tpos:477.7,Tstd:307.4,Bpos:531.0,Bstd:321.8,StrandBias:2.3,Multiplicity:1.00
0.997	0.001	0.001	0.001
0.796	0.001	0.202	0.001
0.145	0.001	0.001	0.853
0.001	0.001	0.001	0.997
0.001	0.001	0.001	0.997
0.997	0.001	0.001	0.001
0.195	0.001	0.001	0.803
0.001	0.997	0.001	0.001
0.159	0.001	0.001	0.839
0.001	0.001	0.869	0.129
0.001	0.997	0.001	0.001
0.001	0.001	0.001	0.997
>ATACTTCCCATT	8-ATACTTCCCATT	13.993115	-18.940119	0	T:5.0(10.20%),B:46.6(0.12%),P:1e-8	Tpos:532.2,Tstd:247.7,Bpos:501.5,Bstd:331.7,StrandBias:0.6,Multiplicity:1.00
0.997	0.001	0.001	0.001
0.001	0.001	0.001	0.997
0.844	0.001	0.001	0.154
0.001	0.807	0.191	0.001
0.001	0.001	0.001	0.997
0.001	0.232	0.001	0.766
0.001	0.997	0.001	0.001
0.001	0.997	0.001	0.001
0.001	0.997	0.001	0.001
0.997	0.001	0.001	0.001
0.001	0.232	0.001	0.766
0.001	0.001	0.001	0.997
>ATACAGTCWCTT	9-ATACAGTCWCTT	11.602879	-18.341546	0	T:7.0(14.29%),B:209.2(0.54%),P:1e-7	Tpos:663.8,Tstd:262.4,Bpos:480.5,Bstd:306.2,StrandBias:0.0,Multiplicity:1.14
0.867	0.001	0.131	0.001
0.001	0.001	0.001	0.997
0.851	0.001	0.147	0.001
0.001	0.851	0.001	0.147
0.851	0.001	0.147	0.001
0.001	0.132	0.640	0.227
0.185	0.001	0.132	0.682
0.001	0.997	0.001	0.001
0.534	0.001	0.001	0.464
0.001	0.772	0.001	0.226
0.001	0.001	0.001	0.997
0.001	0.001	0.001	0.997
>TCTTTTTTCCAG	10-TCTTTTTTCCAG	13.565627	-18.227714	0	T:8.0(16.33%),B:337.2(0.87%),P:1e-7	Tpos:484.6,Tstd:332.8,Bpos:492.4,Bstd:327.2,StrandBias:1.0,Multiplicity:1.12
0.001	0.001	0.001	0.997
0.001	0.865	0.133	0.001
0.001	0.001	0.001	0.997
0.001	0.001	0.001	0.997
0.001	0.001	0.181	0.817
0.001	0.001	0.001	0.997
0.001	0.001	0.001	0.997
0.001	0.001	0.001	0.997
0.001	0.768	0.135	0.096
0.001	0.829	0.169	0.001
0.997	0.001	0.001	0.001
0.001	0.155	0.843	0.001
>TATTTGAAAAGT	11-TATTTGAAAAGT	12.604048	-18.085840	0	T:13.0(26.53%),B:1391.9(3.60%),P:1e-7	Tpos:604.0,Tstd:277.9,Bpos:496.5,Bstd:300.9,StrandBias:-0.8,Multiplicity:1.08
0.072	0.129	0.001	0.798
0.779	0.001	0.106	0.114
0.001	0.001	0.001	0.997
0.001	0.001	0.001	0.997
0.001	0.001	0.001	0.997
0.001	0.092	0.906	0.001
0.997	0.001	0.001	0.001
0.997	0.001	0.001	0.001
0.997	0.001	0.001	0.001
0.840	0.001	0.158	0.001
0.001	0.001	0.761	0.237
0.001	0.001	0.001	0.997
>GTATTGTTCATT	12-GTATTGTTCATT	13.631714	-17.596436	0	T:6.0(12.24%),B:132.8(0.34%),P:1e-7	Tpos:552.0,Tstd:292.5,Bpos:533.7,Bstd:313.8,StrandBias:0.0,Multiplicity:1.00
0.001	0.175	0.823	0.001
0.001	0.001	0.001	0.997
0.867	0.001	0.001	0.131
0.001	0.001	0.001	0.997
0.001	0.001	0.191	0.807
0.001	0.001	0.889	0.109
0.191	0.001	0.001	0.807
0.001	0.001	0.001	0.997
0.001	0.997	0.001	0.001
0.997	0.001	0.001	0.001
0.001	0.001	0.001	0.997
0.001	0.001	0.001	0.997
>TTGTGAAATTGT	13-TTGTGAAATTGT	13.399859	-16.563306	0	T:7.0(14.29%),B:273.1(0.71%),P:1e-7	Tpos:658.1,Tstd:206.6,Bpos:523.0,Bstd:317.3,StrandBias:0.4,Multiplicity:1.00
0.001	0.143	0.001	0.855
0.001	0.001	0.001	0.997
0.001	0.089	0.852	0.058
0.001	0.001	0.001	0.997
0.001	0.001	0.872	0.126
0.997	0.001	0.001	0.001
0.997	0.001	0.001	0.001
0.875	0.001	0.001	0.123
0.001	0.001	0.001	0.997
0.001	0.001	0.162	0.836
0.001	0.001	0.938	0.060
0.001	0.001	0.121	0.877
>ATCTTTTTATAT	14-ATCTTTTTATAT	14.722821	-16.517183	0	T:5.0(10.20%),B:77.9(0.20%),P:1e-7	Tpos:385.4,Tstd:284.6,Bpos:544.1,Bstd:298.6,StrandBias:2.0,Multiplicity:1.00
0.997	0.001	0.001	0.001
0.001	0.001	0.001	0.997
0.001	0.997	0.001	0.001
0.001	0.001	0.001	0.997
0.252	0.001	0.001	0.746
0.001	0.001	0.001	0.997
0.001	0.001	0.001	0.997
0.001	0.001	0.204	0.794
0.997	0.001	0.001	0.001
0.001	0.001	0.001	0.997
0.997	0.001	0.001	0.001
0.001	0.001	0.001	0.997
>TAGGTAGGTGAA	15-TAGGTAGGTGAA	12.074793	-16.217458	0	T:4.0(8.16%),B:29.8(0.08%),P:1e-7	Tpos:755.0,Tstd:45.9,Bpos:416.9,Bstd:290.4,StrandBias:-1.6,Multiplicity:1.00
0.013	0.350	0.014	0.623
0.665	0.001	0.001	0.333
0.001	0.001	0.997	0.001
0.001	0.001	0.798	0.200
0.001	0.001	0.135	0.863
0.997	0.001	0.001	0.001
0.168	0.201	0.527	0.104
0.013	0.001	0.702	0.284
0.135	0.180	0.001	0.684
0.001	0.194	0.625	0.180
0.831	0.001	0.167	0.001
0.997	0.001	0.001	0.001
>TATCAAGATAAG	16-TATCAAGATAAG	13.940748	-16.093226	0	T:4.0(8.16%),B:30.8(0.08%),P:1e-6	Tpos:716.6,Tstd:171.2,Bpos:481.4,Bstd:348.8,StrandBias:10.0,Multiplicity:1.25
0.001	0.001	0.197	0.801
0.997	0.001	0.001	0.001
0.001	0.001	0.001	0.997
0.001	0.801	0.001	0.197
0.997	0.001	0.001	0.001
0.997	0.001	0.001	0.001
0.001	0.001	0.997	0.001
0.997	0.001	0.001	0.001
0.001	0.001	0.001	0.997
0.749	0.001	0.249	0.001
0.997	0.001	0.001	0.001
0.144	0.001	0.854	0.001
>GACTCYGMCCGT	17-GACTCYGMCCGT	10.809191	-14.821277	0	T:5.0(10.20%),B:110.7(0.29%),P:1e-6	Tpos:692.5,Tstd:212.5,Bpos:603.7,Bstd:347.2,StrandBias:0.0,Multiplicity:1.20
0.001	0.001	0.997	0.001
0.997	0.001	0.001	0.001
0.001	0.997	0.001	0.001
0.001	0.001	0.001	0.997
0.001	0.997	0.001	0.001
0.001	0.471	0.001	0.527
0.001	0.001	0.997	0.001
0.527	0.471	0.001	0.001
0.001	0.997	0.001	0.001
0.001	0.997	0.001	0.001
0.392	0.001	0.584	0.023
0.001	0.029	0.378	0.592
>AATGTCTGAAAT	18-AATGTCTGAAAT	13.504010	-12.201454	0	T:7.0(14.29%),B:531.1(1.37%),P:1e-5	Tpos:431.0,Tstd:287.1,Bpos:485.9,Bstd:311.1,StrandBias:-0.3,Multiplicity:1.29
0.997	0.001	0.001	0.001
0.997	0.001	0.001	0.001
0.001	0.001	0.001	0.997
0.139	0.001	0.769	0.091
0.001	0.190	0.001	0.808
0.001	0.997	0.001	0.001
0.001	0.001	0.001	0.997
0.174	0.001	0.824	0.001
0.997	0.001	0.001	0.001
0.997	0.001	0.001	0.001
0.997	0.001	0.001	0.001
0.260	0.001	0.001	0.738
>CAATTTTTTTAT	19-CAATTTTTTTAT	11.823722	-11.194840	0	T:13.0(26.53%),B:2570.5(6.65%),P:1e-4	Tpos:472.8,Tstd:312.3,Bpos:501.6,Bstd:311.6,StrandBias:1.5,Multiplicity:1.15
0.081	0.803	0.061	0.055
0.684	0.314	0.001	0.001
0.939	0.003	0.026	0.032
0.002	0.001	0.381	0.616
0.001	0.005	0.168	0.826
0.001	0.002	0.059	0.938
0.151	0.067	0.063	0.719
0.050	0.001	0.001	0.948
0.001	0.003	0.050	0.946
0.001	0.120	0.093	0.786
0.586	0.001	0.001	0.412
0.152	0.001	0.069	0.778
>TGACTGTA	1-TGACTGTA	7.919098	-12.451342	0	T:15.0(30.61%),B:3080.2(7.97%),P:1e-5	Tpos:554.1,Tstd:277.7,Bpos:494.2,Bstd:327.5,StrandBias:-0.4,Multiplicity:1.07
0.001	0.001	0.001	0.997
0.001	0.001	0.997	0.001
0.935	0.063	0.001	0.001
0.320	0.678	0.001	0.001
0.001	0.001	0.001	0.997
0.001	0.001	0.997	0.001
0.001	0.001	0.001	0.997
0.997	0.001	0.001	0.001
>CACTGATA	2-CACTGATA	7.978715	-11.844889	0	T:17.0(34.69%),B:4137.4(10.71%),P:1e-5	Tpos:594.3,Tstd:302.4,Bpos:516.1,Bstd:318.5,StrandBias:0.0,Multiplicity:1.06
0.001	0.963	0.035	0.001
0.929	0.001	0.069	0.001
0.141	0.857	0.001	0.001
0.001	0.073	0.001	0.925
0.001	0.001	0.997	0.001
0.853	0.145	0.001	0.001
0.001	0.001	0.001	0.997
0.997	0.001	0.001	0.001
>ATATCCGT	3-ATATCCGT	3.808922	-11.352034	0	T:27.0(55.10%),B:9931.3(25.71%),P:1e-4	Tpos:547.0,Tstd:301.4,Bpos:500.0,Bstd:320.2,StrandBias:0.2,Multiplicity:1.19
0.997	0.001	0.001	0.001
0.001	0.001	0.001	0.997
0.939	0.001	0.059	0.001
0.001	0.001	0.001	0.997
0.001	0.997	0.001	0.001
0.001	0.744	0.001	0.254
0.001	0.001	0.997	0.001
0.254	0.001	0.001	0.744
>CGTTATAA	4-CGTTATAA	7.936215	-9.887651	0	T:11.0(22.45%),B:2090.2(5.41%),P:1e-4	Tpos:472.8,Tstd:243.1,Bpos:514.3,Bstd:306.6,StrandBias:-0.2,Multiplicity:1.09
0.001	0.997	0.001	0.001
0.001	0.001	0.997	0.001
0.001	0.001	0.001	0.997
0.001	0.001	0.001	0.997
0.943	0.055	0.001	0.001
0.001	0.001	0.001	0.997
0.887	0.001	0.001	0.111
0.888	0.001	0.110	0.001
>GACCCCCA	5-GACCCCCA	10.656097	-6.905138	0	T:4.0(8.16%),B:345.6(0.89%),P:1e-2	Tpos:465.6,Tstd:177.8,Bpos:459.6,Bstd:346.1,StrandBias:0.6,Multiplicity:1.25
0.001	0.001	0.997	0.001
0.853	0.145	0.001	0.001
0.001	0.997	0.001	0.001
0.001	0.997	0.001	0.001
0.001	0.874	0.124	0.001
0.001	0.997	0.001	0.001
0.001	0.882	0.116	0.001
0.997	0.001	0.001	0.001
