>TGTGATAAGASA	1-TGTGATAAGASA	10.409412	-36.856427	0	T:34.0(10.97%),B:706.8(1.77%),P:1e-16	Tpos:640.6,Tstd:256.5,Bpos:525.7,Bstd:315.8,StrandBias:-0.1,Multiplicity:1.03
0.123	0.001	0.001	0.875
0.172	0.279	0.547	0.002
0.001	0.001	0.104	0.894
0.001	0.001	0.944	0.054
0.997	0.001	0.001	0.001
0.076	0.001	0.001	0.922
0.738	0.260	0.001	0.001
0.947	0.001	0.051	0.001
0.065	0.107	0.769	0.059
0.940	0.001	0.058	0.001
0.001	0.487	0.435	0.077
0.835	0.045	0.001	0.119
>TGTGATTCATAT	2-TGTGATTCATAT	11.782561	-30.020001	0	T:16.0(5.16%),B:139.9(0.35%),P:1e-13	Tpos:558.2,Tstd:223.5,Bpos:497.1,Bstd:282.0,StrandBias:2.2,Multiplicity:1.06
0.001	0.001	0.001	0.997
0.001	0.001	0.909	0.089
0.128	0.001	0.001	0.870
0.001	0.001	0.929	0.069
0.737	0.108	0.154	0.001
0.001	0.001	0.128	0.870
0.001	0.001	0.001	0.997
0.079	0.824	0.096	0.001
0.997	0.001	0.001	0.001
0.055	0.001	0.001	0.943
0.997	0.001	0.001	0.001
0.001	0.001	0.001	0.997
>CTTCTTTCTTAT	3-CTTCTTTCTTAT	13.004106	-26.463824	0	T:20.0(6.45%),B:321.1(0.80%),P:1e-11	Tpos:529.6,Tstd:317.6,Bpos:525.6,Bstd:308.0,StrandBias:1.6,Multiplicity:1.00
0.001	0.997	0.001	0.001
0.001	0.001	0.001	0.997
0.001	0.001	0.001	0.997
0.001	0.921	0.001	0.077
0.001	0.001	0.001	0.997
0.161	0.001	0.001	0.837
0.001	0.067	0.001	0.931
0.001	0.921	0.077	0.001
0.073	0.078	0.001	0.848
0.001	0.001	0.080	0.918
0.779	0.001	0.080	0.140
0.001	0.069	0.001	0.929
>ATAGAGACRMAG	4-ATAGAGACRMAG	10.909595	-25.542667	0	T:16.0(5.16%),B:191.4(0.48%),P:1e-11	Tpos:569.4,Tstd:235.2,Bpos:578.6,Bstd:327.6,StrandBias:-2.2,Multiplicity:1.06
0.560	0.001	0.398	0.041
0.182	0.079	0.237	0.502
0.785	0.019	0.117	0.079
0.148	0.001	0.793	0.058
0.875	0.011	0.056	0.058
0.100	0.028	0.824	0.048
0.600	0.024	0.342	0.034
0.058	0.533	0.110	0.299
0.440	0.015	0.528	0.017
0.506	0.412	0.046	0.036
0.884	0.084	0.019	0.013
0.126	0.013	0.749	0.112
>GATAAGATATTT	5-GATAAGATATTT	10.671787	-24.319769	0	T:19.0(6.13%),B:322.7(0.81%),P:1e-10	Tpos:429.6,Tstd:324.1,Bpos:485.6,Bstd:310.6,StrandBias:-0.2,Multiplicity:1.00
0.036	0.045	0.607	0.312
0.674	0.044	0.039	0.243
0.266	0.030	0.014	0.690
0.634	0.047	0.028	0.291
0.849	0.038	0.064	0.049
0.253	0.028	0.490	0.229
0.537	0.050	0.160	0.253
0.048	0.034	0.067	0.851
0.645	0.272	0.039	0.044
0.073	0.058	0.042	0.827
0.320	0.040	0.038	0.602
0.055	0.044	0.040	0.861
>TGCGTCTCTCTG	6-TGCGTCTCTCTG	10.266875	-23.558037	0	T:24.0(7.74%),B:572.5(1.43%),P:1e-10	Tpos:640.0,Tstd:257.6,Bpos:560.2,Bstd:332.7,StrandBias:1.6,Multiplicity:1.04
0.001	0.067	0.001	0.931
0.076	0.094	0.655	0.175
0.001	0.940	0.001	0.058
0.001	0.059	0.907	0.033
0.134	0.001	0.001	0.864
0.196	0.592	0.141	0.071
0.001	0.054	0.001	0.944
0.054	0.944	0.001	0.001
0.048	0.093	0.116	0.743
0.001	0.757	0.039	0.203
0.001	0.001	0.065	0.933
0.051	0.128	0.801	0.020
>TGCCTTTTTTTT	7-TGCCTTTTTTTT	12.454653	-23.160075	0	T:31.0(10.00%),B:981.1(2.45%),P:1e-10	Tpos:569.2,Tstd:276.4,Bpos:506.0,Bstd:303.0,StrandBias:1.6,Multiplicity:1.03
0.001	0.001	0.001	0.997
0.018	0.072	0.659	0.251
0.001	0.918	0.028	0.053
0.028	0.970	0.001	0.001
0.001	0.001	0.001	0.997
0.042	0.049	0.046	0.863
0.058	0.001	0.047	0.894
0.001	0.001	0.001	0.997
0.001	0.079	0.060	0.860
0.001	0.001	0.001	0.997
0.001	0.044	0.042	0.913
0.052	0.001	0.001	0.946
>AAGAGGGAAAAG	8-AAGAGGGAAAAG	12.198949	-21.955802	0	T:21.0(6.77%),B:467.6(1.17%),P:1e-9	Tpos:606.4,Tstd:304.5,Bpos:574.7,Bstd:351.8,StrandBias:-1.4,Multiplicity:1.05
0.959	0.001	0.039	0.001
0.855	0.001	0.072	0.072
0.128	0.001	0.831	0.040
0.868	0.075	0.056	0.001
0.001	0.068	0.930	0.001
0.052	0.001	0.946	0.001
0.001	0.001	0.997	0.001
0.997	0.001	0.001	0.001
0.912	0.086	0.001	0.001
0.915	0.001	0.083	0.001
0.857	0.001	0.072	0.070
0.032	0.001	0.966	0.001
>TTTCTTTCCATT	9-TTTCTTTCCATT	11.489226	-21.760275	0	T:37.0(11.94%),B:1441.7(3.60%),P:1e-9	Tpos:598.5,Tstd:281.8,Bpos:510.4,Bstd:313.0,StrandBias:1.5,Multiplicity:1.05
0.001	0.001	0.001	0.997
0.078	0.001	0.001	0.920
0.056	0.052	0.001	0.891
0.028	0.899	0.037	0.036
0.048	0.001	0.001	0.950
0.001	0.040	0.001	0.958
0.001	0.001	0.051	0.947
0.044	0.882	0.038	0.036
0.228	0.731	0.040	0.001
0.997	0.001	0.001	0.001
0.032	0.001	0.068	0.899
0.001	0.051	0.001	0.947
>TTTTGTTCATCT	10-TTTTGTTCATCT	12.870019	-21.013147	0	T:18.0(5.81%),B:350.5(0.88%),P:1e-9	Tpos:606.7,Tstd:247.8,Bpos:515.8,Bstd:313.6,StrandBias:1.0,Multiplicity:1.00
0.001	0.001	0.001	0.997
0.001	0.001	0.001	0.997
0.001	0.001	0.088	0.910
0.001	0.001	0.001	0.997
0.050	0.001	0.948	0.001
0.001	0.001	0.001	0.997
0.082	0.092	0.064	0.762
0.001	0.997	0.001	0.001
0.933	0.065	0.001	0.001
0.046	0.108	0.001	0.845
0.001	0.653	0.001	0.345
0.001	0.001	0.001	0.997
>CTGTAGSTCAAC	11-CTGTAGSTCAAC	11.091431	-20.088482	0	T:14.0(4.52%),B:204.3(0.51%),P:1e-8	Tpos:466.3,Tstd:192.6,Bpos:476.7,Bstd:304.8,StrandBias:0.8,Multiplicity:1.00
0.001	0.909	0.001	0.089
0.004	0.001	0.001	0.994
0.001	0.001	0.997	0.001
0.139	0.001	0.139	0.721
0.764	0.001	0.234	0.001
0.001	0.001	0.860	0.138
0.224	0.272	0.389	0.115
0.001	0.001	0.001	0.997
0.126	0.711	0.162	0.001
0.997	0.001	0.001	0.001
0.997	0.001	0.001	0.001
0.066	0.685	0.001	0.248
>GAGTCCCGTAAC	12-GAGTCCCGTAAC	9.277263	-19.574821	0	T:9.0(2.90%),B:60.4(0.15%),P:1e-8	Tpos:396.9,Tstd:250.3,Bpos:482.4,Bstd:279.3,StrandBias:-1.0,Multiplicity:1.00
0.001	0.001	0.997	0.001
0.917	0.001	0.001	0.081
0.003	0.001	0.921	0.075
0.006	0.001	0.001	0.992
0.001	0.849	0.001	0.149
0.001	0.921	0.001	0.077
0.001	0.997	0.001	0.001
0.001	0.001	0.997	0.001
0.001	0.169	0.001	0.829
0.997	0.001	0.001	0.001
0.997	0.001	0.001	0.001
0.001	0.997	0.001	0.001
>CCTTTTACTCGA	13-CCTTTTACTCGA	9.343036	-19.517252	0	T:32.0(10.32%),B:1215.8(3.04%),P:1e-8	Tpos:568.6,Tstd:304.7,Bpos:519.7,Bstd:318.6,StrandBias:0.8,Multiplicity:1.03
0.070	0.872	0.001	0.057
0.065	0.902	0.001	0.032
0.069	0.062	0.041	0.828
0.001	0.049	0.077	0.873
0.068	0.001	0.068	0.863
0.124	0.001	0.066	0.809
0.811	0.001	0.077	0.111
0.033	0.757	0.067	0.143
0.001	0.066	0.055	0.878
0.100	0.737	0.001	0.162
0.096	0.090	0.718	0.096
0.887	0.077	0.001	0.035
>AACAATTATTAC	14-AACAATTATTAC	13.275245	-19.439719	0	T:15.0(4.84%),B:255.8(0.64%),P:1e-8	Tpos:513.7,Tstd:271.4,Bpos:508.1,Bstd:286.3,StrandBias:-1.6,Multiplicity:1.07
0.997	0.001	0.001	0.001
0.997	0.001	0.001	0.001
0.157	0.735	0.107	0.001
0.997	0.001	0.001	0.001
0.997	0.001	0.001	0.001
0.056	0.087	0.001	0.856
0.001	0.001	0.001	0.997
0.890	0.001	0.001	0.108
0.001	0.001	0.001	0.997
0.001	0.067	0.001	0.931
0.716	0.001	0.001	0.282
0.001	0.932	0.066	0.001
>TCTCTHTCTCTC	15-TCTCTHTCTCTC	8.488917	-19.226682	0	T:133.0(42.90%),B:10991.1(27.46%),P:1e-8	Tpos:548.3,Tstd:294.1,Bpos:569.8,Bstd:335.4,StrandBias:2.0,Multiplicity:1.55
0.011	0.098	0.001	0.890
0.034	0.790	0.007	0.169
0.035	0.112	0.001	0.852
0.127	0.715	0.042	0.116
0.006	0.103	0.023	0.868
0.284	0.290	0.027	0.398
0.069	0.076	0.080	0.775
0.035	0.766	0.112	0.087
0.037	0.021	0.001	0.941
0.022	0.831	0.019	0.128
0.022	0.098	0.001	0.879
0.109	0.665	0.018	0.208
>TGATTTACTTGT	16-TGATTTACTTGT	13.051955	-18.859073	0	T:10.0(3.23%),B:91.1(0.23%),P:1e-8	Tpos:513.9,Tstd:379.9,Bpos:582.0,Bstd:261.2,StrandBias:2.0,Multiplicity:1.00
0.001	0.001	0.001	0.997
0.001	0.001	0.928	0.070
0.949	0.001	0.001	0.049
0.001	0.001	0.001	0.997
0.001	0.104	0.001	0.894
0.109	0.001	0.001	0.889
0.728	0.073	0.156	0.043
0.075	0.923	0.001	0.001
0.001	0.001	0.001	0.997
0.001	0.001	0.001	0.997
0.001	0.001	0.940	0.058
0.001	0.155	0.001	0.843
>AATTTTATTACT	17-AATTTTATTACT	11.691916	-17.387142	0	T:23.0(7.42%),B:731.5(1.83%),P:1e-7	Tpos:647.4,Tstd:291.0,Bpos:508.4,Bstd:292.5,StrandBias:1.4,Multiplicity:1.09
0.949	0.049	0.001	0.001
0.831	0.074	0.052	0.043
0.001	0.049	0.001	0.949
0.001	0.001	0.001	0.997
0.001	0.001	0.064	0.934
0.038	0.001	0.001	0.960
0.902	0.042	0.043	0.013
0.001	0.069	0.142	0.788
0.041	0.001	0.001	0.957
0.918	0.044	0.037	0.001
0.052	0.892	0.038	0.018
0.001	0.050	0.001	0.948
>TTTAKGTTTCGG	18-TTTAKGTTTCGG	10.952394	-16.321891	0	T:18.0(5.81%),B:481.0(1.20%),P:1e-7	Tpos:376.6,Tstd:250.9,Bpos:500.4,Bstd:306.7,StrandBias:0.7,Multiplicity:1.06
0.003	0.001	0.001	0.995
0.001	0.006	0.001	0.992
0.001	0.001	0.139	0.859
0.729	0.269	0.001	0.001
0.202	0.001	0.472	0.324
0.184	0.001	0.723	0.092
0.227	0.070	0.004	0.699
0.001	0.001	0.007	0.991
0.342	0.001	0.008	0.649
0.170	0.828	0.001	0.001
0.001	0.001	0.854	0.144
0.001	0.001	0.867	0.131
>GTAACACGTAGG	19-GTAACACGTAGG	11.999155	-15.727268	0	T:8.0(2.58%),B:69.1(0.17%),P:1e-6	Tpos:463.3,Tstd:243.7,Bpos:542.6,Bstd:330.1,StrandBias:-1.0,Multiplicity:1.12
0.136	0.001	0.713	0.150
0.001	0.001	0.001	0.997
0.538	0.150	0.311	0.001
0.997	0.001	0.001	0.001
0.325	0.673	0.001	0.001
0.997	0.001	0.001	0.001
0.175	0.823	0.001	0.001
0.001	0.001	0.997	0.001
0.175	0.001	0.001	0.823
0.823	0.175	0.001	0.001
0.001	0.001	0.997	0.001
0.325	0.001	0.673	0.001
>TCTTCAATTTAA	20-TCTTCAATTTAA	12.272514	-15.087364	0	T:21.0(6.77%),B:706.9(1.77%),P:1e-6	Tpos:456.0,Tstd:222.0,Bpos:495.0,Bstd:284.8,StrandBias:0.0,Multiplicity:1.15
0.047	0.001	0.001	0.951
0.001	0.758	0.046	0.195
0.001	0.001	0.001	0.997
0.001	0.001	0.001	0.997
0.050	0.838	0.056	0.056
0.799	0.199	0.001	0.001
0.964	0.001	0.001	0.034
0.029	0.001	0.001	0.969
0.001	0.001	0.001	0.997
0.049	0.044	0.001	0.906
0.972	0.026	0.001	0.001
0.918	0.080	0.001	0.001
>YGYCCCYCGYCC	21-YGYCCCYCGYCC	8.895041	-14.383332	0	T:7.0(2.26%),B:56.4(0.14%),P:1e-6	Tpos:719.7,Tstd:270.5,Bpos:503.3,Bstd:347.9,StrandBias:0.4,Multiplicity:2.29
0.001	0.561	0.001	0.437
0.001	0.001	0.997	0.001
0.001	0.482	0.001	0.516
0.001	0.997	0.001	0.001
0.001	0.997	0.001	0.001
0.001	0.997	0.001	0.001
0.001	0.496	0.001	0.502
0.001	0.997	0.001	0.001
0.001	0.001	0.990	0.008
0.001	0.473	0.001	0.525
0.001	0.997	0.001	0.001
0.001	0.997	0.001	0.001
>CTGCTGCTGCAG	22-CTGCTGCTGCAG	13.371055	-14.090656	0	T:10.0(3.23%),B:157.6(0.39%),P:1e-6	Tpos:427.4,Tstd:231.9,Bpos:545.7,Bstd:377.0,StrandBias:0.7,Multiplicity:1.00
0.001	0.997	0.001	0.001
0.001	0.001	0.001	0.997
0.001	0.001	0.997	0.001
0.001	0.997	0.001	0.001
0.001	0.001	0.001	0.997
0.001	0.176	0.822	0.001
0.001	0.997	0.001	0.001
0.001	0.001	0.001	0.997
0.001	0.001	0.997	0.001
0.001	0.494	0.234	0.272
0.795	0.001	0.001	0.203
0.001	0.256	0.742	0.001
>GATTGACATACC	23-GATTGACATACC	14.020933	-9.272515	0	T:3.0(0.97%),B:9.1(0.02%),P:1e-4	Tpos:211.0,Tstd:231.7,Bpos:680.3,Bstd:138.1,StrandBias:-2.6,Multiplicity:2.33
0.001	0.001	0.997	0.001
0.997	0.001	0.001	0.001
0.001	0.001	0.001	0.997
0.001	0.001	0.001	0.997
0.001	0.001	0.997	0.001
0.567	0.001	0.200	0.232
0.001	0.997	0.001	0.001
0.997	0.001	0.001	0.001
0.001	0.199	0.001	0.799
0.997	0.001	0.001	0.001
0.001	0.997	0.001	0.001
0.166	0.832	0.001	0.001
>GTCAGTTCTTTK	24-GTCAGTTCTTTK	12.264491	-4.398971	0	T:2.0(0.65%),B:20.1(0.05%),P:1e-1	Tpos:463.5,Tstd:176.5,Bpos:488.1,Bstd:286.2,StrandBias:10.0,Multiplicity:1.00
0.110	0.084	0.758	0.048
0.031	0.014	0.029	0.926
0.030	0.840	0.071	0.059
0.735	0.115	0.041	0.109
0.082	0.072	0.735	0.111
0.030	0.072	0.011	0.887
0.020	0.021	0.363	0.596
0.156	0.653	0.071	0.120
0.019	0.353	0.015	0.613
0.065	0.101	0.066	0.768
0.042	0.020	0.071	0.867
0.038	0.056	0.417	0.489
>AAGGCACTGCCA	25-AAGGCACTGCCA	9.897374	-3.744593	0	T:2.0(0.65%),B:29.8(0.07%),P:1e-1	Tpos:266.6,Tstd:41.7,Bpos:514.7,Bstd:308.3,StrandBias:-10.0,Multiplicity:4.50
0.997	0.001	0.001	0.001
0.997	0.001	0.001	0.001
0.159	0.001	0.839	0.001
0.001	0.001	0.997	0.001
0.001	0.997	0.001	0.001
0.997	0.001	0.001	0.001
0.001	0.997	0.001	0.001
0.001	0.001	0.001	0.997
0.033	0.001	0.965	0.001
0.232	0.766	0.001	0.001
0.001	0.997	0.001	0.001
0.997	0.001	0.001	0.001
