>CCGTCTGTTG	1-CCGTCTGTTG	8.517917	-25.070379	0	T:39.0(12.58%),B:1408.1(3.52%),P:1e-10	Tpos:537.9,Tstd:281.5,Bpos:517.7,Bstd:326.6,StrandBias:-0.2,Multiplicity:1.10
0.220	0.646	0.001	0.133
0.001	0.770	0.154	0.075
0.075	0.001	0.923	0.001
0.001	0.001	0.169	0.829
0.001	0.720	0.278	0.001
0.117	0.001	0.108	0.774
0.001	0.128	0.662	0.209
0.001	0.001	0.050	0.948
0.001	0.108	0.001	0.890
0.001	0.111	0.844	0.044
>AAGAGGGAAA	2-AAGAGGGAAA	9.421117	-24.770054	0	T:61.0(19.68%),B:3087.8(7.71%),P:1e-10	Tpos:610.4,Tstd:270.1,Bpos:552.0,Bstd:330.1,StrandBias:-1.9,Multiplicity:1.09
0.933	0.001	0.065	0.001
0.813	0.096	0.040	0.051
0.093	0.001	0.905	0.001
0.970	0.001	0.028	0.001
0.001	0.102	0.896	0.001
0.078	0.001	0.920	0.001
0.001	0.001	0.997	0.001
0.914	0.031	0.054	0.001
0.956	0.042	0.001	0.001
0.726	0.098	0.051	0.125
>CAGCAAGAGC	3-CAGCAAGAGC	7.344617	-24.378679	0	T:79.0(25.48%),B:4699.6(11.74%),P:1e-10	Tpos:493.1,Tstd:286.1,Bpos:521.3,Bstd:327.0,StrandBias:-0.3,Multiplicity:1.16
0.049	0.591	0.250	0.110
0.831	0.063	0.001	0.105
0.192	0.058	0.684	0.066
0.064	0.676	0.209	0.051
0.744	0.057	0.011	0.188
0.837	0.060	0.029	0.074
0.192	0.094	0.513	0.201
0.877	0.008	0.048	0.067
0.063	0.089	0.829	0.019
0.214	0.489	0.275	0.022
>TCTTATCAGA	4-TCTTATCAGA	9.179738	-22.667354	0	T:68.0(21.94%),B:3865.8(9.66%),P:1e-9	Tpos:547.1,Tstd:285.1,Bpos:538.8,Bstd:307.6,StrandBias:0.1,Multiplicity:1.12
0.063	0.001	0.001	0.935
0.001	0.838	0.032	0.129
0.015	0.001	0.169	0.815
0.047	0.055	0.139	0.759
0.798	0.084	0.001	0.117
0.001	0.001	0.001	0.997
0.001	0.997	0.001	0.001
0.997	0.001	0.001	0.001
0.097	0.132	0.501	0.270
0.605	0.263	0.001	0.131
>CTTYGWCYCT	5-CTTYGWCYCT	7.050155	-22.031482	0	T:84.0(27.10%),B:5414.5(13.53%),P:1e-9	Tpos:508.4,Tstd:316.2,Bpos:546.2,Bstd:328.8,StrandBias:1.6,Multiplicity:1.45
0.143	0.512	0.277	0.068
0.154	0.072	0.081	0.693
0.288	0.001	0.197	0.514
0.199	0.373	0.090	0.339
0.326	0.057	0.556	0.061
0.376	0.066	0.074	0.484
0.044	0.863	0.051	0.042
0.059	0.456	0.061	0.424
0.018	0.863	0.064	0.055
0.025	0.062	0.057	0.856
>GCGGCCCGTT	6-GCGGCCCGTT	8.224347	-20.702711	0	T:23.0(7.42%),B:608.5(1.52%),P:1e-8	Tpos:526.7,Tstd:307.0,Bpos:534.6,Bstd:316.6,StrandBias:0.0,Multiplicity:1.09
0.099	0.168	0.648	0.085
0.001	0.997	0.001	0.001
0.001	0.090	0.876	0.033
0.002	0.164	0.687	0.147
0.115	0.747	0.001	0.137
0.051	0.860	0.088	0.001
0.057	0.907	0.035	0.001
0.001	0.040	0.875	0.084
0.202	0.131	0.188	0.478
0.001	0.065	0.001	0.933
>CYWCCATCTA	7-CYWCCATCTA	7.030855	-20.607791	0	T:36.0(11.61%),B:1434.3(3.58%),P:1e-8	Tpos:481.9,Tstd:284.7,Bpos:520.3,Bstd:327.3,StrandBias:1.5,Multiplicity:1.09
0.001	0.620	0.221	0.158
0.184	0.250	0.176	0.390
0.416	0.018	0.015	0.551
0.009	0.662	0.015	0.314
0.170	0.542	0.021	0.267
0.456	0.232	0.013	0.300
0.009	0.311	0.018	0.662
0.010	0.531	0.228	0.231
0.001	0.406	0.015	0.578
0.698	0.014	0.287	0.001
>GTAATAGTGC	8-GTAATAGTGC	8.064572	-20.452347	0	T:20.0(6.45%),B:459.1(1.15%),P:1e-8	Tpos:357.8,Tstd:306.9,Bpos:503.5,Bstd:312.1,StrandBias:-1.1,Multiplicity:1.10
0.034	0.001	0.827	0.138
0.023	0.056	0.058	0.863
0.469	0.230	0.079	0.222
0.790	0.090	0.075	0.045
0.001	0.032	0.303	0.664
0.654	0.020	0.047	0.279
0.042	0.238	0.539	0.181
0.233	0.108	0.075	0.584
0.119	0.303	0.541	0.037
0.056	0.705	0.052	0.187
>CCTTKTSTTW	9-CCTTKTSTTW	6.618448	-20.394803	0	T:31.0(10.00%),B:1104.0(2.76%),P:1e-8	Tpos:453.3,Tstd:277.8,Bpos:529.8,Bstd:309.0,StrandBias:0.2,Multiplicity:1.03
0.237	0.695	0.021	0.047
0.048	0.570	0.064	0.318
0.294	0.060	0.071	0.575
0.290	0.085	0.117	0.508
0.069	0.223	0.325	0.384
0.054	0.087	0.336	0.523
0.172	0.263	0.413	0.152
0.080	0.081	0.304	0.535
0.047	0.075	0.329	0.549
0.470	0.198	0.001	0.332
>TAACTATACA	10-TAACTATACA	11.064482	-20.207826	0	T:14.0(4.52%),B:202.5(0.51%),P:1e-8	Tpos:535.1,Tstd:289.2,Bpos:488.2,Bstd:315.0,StrandBias:0.4,Multiplicity:1.00
0.001	0.001	0.001	0.997
0.962	0.001	0.001	0.036
0.997	0.001	0.001	0.001
0.077	0.880	0.042	0.001
0.001	0.345	0.001	0.653
0.997	0.001	0.001	0.001
0.001	0.001	0.120	0.878
0.997	0.001	0.001	0.001
0.001	0.932	0.001	0.066
0.997	0.001	0.001	0.001
>GACCCGCAAC	11-GACCCGCAAC	9.821913	-18.207875	0	T:12.0(3.87%),B:162.8(0.41%),P:1e-7	Tpos:433.1,Tstd:223.6,Bpos:533.5,Bstd:309.9,StrandBias:-0.7,Multiplicity:1.08
0.158	0.001	0.840	0.001
0.581	0.001	0.001	0.417
0.027	0.751	0.001	0.221
0.152	0.846	0.001	0.001
0.001	0.911	0.001	0.087
0.071	0.001	0.927	0.001
0.001	0.805	0.001	0.193
0.917	0.001	0.081	0.001
0.784	0.140	0.001	0.075
0.116	0.813	0.070	0.001
>ACCCTAACCG	12-ACCCTAACCG	7.873408	-17.870900	0	T:24.0(7.74%),B:773.0(1.93%),P:1e-7	Tpos:588.6,Tstd:261.1,Bpos:525.0,Bstd:315.1,StrandBias:0.6,Multiplicity:1.04
0.810	0.064	0.045	0.081
0.072	0.866	0.037	0.025
0.073	0.827	0.027	0.073
0.040	0.769	0.063	0.128
0.153	0.047	0.044	0.756
0.749	0.208	0.022	0.021
0.770	0.083	0.055	0.092
0.063	0.799	0.026	0.112
0.091	0.807	0.047	0.055
0.036	0.052	0.856	0.056
>CCAGCTGTCG	13-CCAGCTGTCG	9.905126	-17.331667	0	T:16.0(5.16%),B:348.9(0.87%),P:1e-7	Tpos:518.1,Tstd:301.6,Bpos:486.8,Bstd:320.3,StrandBias:0.4,Multiplicity:1.00
0.063	0.809	0.058	0.070
0.069	0.929	0.001	0.001
0.997	0.001	0.001	0.001
0.050	0.001	0.948	0.001
0.069	0.887	0.001	0.043
0.001	0.001	0.107	0.891
0.066	0.001	0.932	0.001
0.001	0.065	0.091	0.843
0.001	0.884	0.076	0.039
0.001	0.001	0.929	0.069
>GTGCTGCTGC	14-GTGCTGCTGC	8.819829	-17.252068	0	T:26.0(8.39%),B:927.8(2.32%),P:1e-7	Tpos:537.8,Tstd:240.0,Bpos:537.0,Bstd:347.5,StrandBias:-0.5,Multiplicity:1.08
0.001	0.148	0.850	0.001
0.050	0.105	0.002	0.843
0.001	0.026	0.892	0.081
0.001	0.900	0.098	0.001
0.001	0.123	0.001	0.875
0.001	0.155	0.843	0.001
0.001	0.896	0.001	0.102
0.001	0.001	0.112	0.886
0.001	0.059	0.939	0.001
0.001	0.927	0.001	0.071
>AAGGAGAAAT	15-AAGGAGAAAT	8.344235	-17.194851	0	T:43.0(13.87%),B:2197.3(5.49%),P:1e-7	Tpos:514.1,Tstd:301.8,Bpos:535.2,Bstd:319.9,StrandBias:-1.1,Multiplicity:1.07
0.714	0.021	0.132	0.133
0.607	0.076	0.109	0.208
0.017	0.013	0.960	0.010
0.107	0.181	0.696	0.016
0.644	0.014	0.241	0.101
0.279	0.101	0.606	0.014
0.665	0.123	0.173	0.039
0.596	0.016	0.206	0.182
0.572	0.138	0.136	0.154
0.018	0.115	0.265	0.602
>TCAGCCTTCC	16-TCAGCCTTCC	9.678754	-17.177897	0	T:21.0(6.77%),B:620.4(1.55%),P:1e-7	Tpos:553.9,Tstd:332.1,Bpos:542.2,Bstd:332.8,StrandBias:1.1,Multiplicity:1.05
0.078	0.072	0.001	0.849
0.001	0.997	0.001	0.001
0.860	0.044	0.095	0.001
0.042	0.001	0.879	0.078
0.001	0.830	0.065	0.104
0.057	0.941	0.001	0.001
0.048	0.001	0.001	0.950
0.001	0.001	0.001	0.997
0.084	0.785	0.130	0.001
0.041	0.957	0.001	0.001
>CCCCACTTTT	17-CCCCACTTTT	9.923797	-15.767181	0	T:41.0(13.23%),B:2148.2(5.37%),P:1e-6	Tpos:440.0,Tstd:272.6,Bpos:519.5,Bstd:319.7,StrandBias:1.7,Multiplicity:1.05
0.036	0.962	0.001	0.001
0.103	0.797	0.001	0.099
0.147	0.851	0.001	0.001
0.065	0.767	0.048	0.120
0.941	0.001	0.057	0.001
0.212	0.715	0.001	0.072
0.001	0.001	0.001	0.997
0.001	0.001	0.001	0.997
0.001	0.001	0.001	0.997
0.001	0.035	0.001	0.963
>TCTTTTTTGG	18-TCTTTTTTGG	7.282001	-15.285917	0	T:145.0(46.77%),B:13109.0(32.75%),P:1e-6	Tpos:510.1,Tstd:303.3,Bpos:500.6,Bstd:308.4,StrandBias:0.7,Multiplicity:1.41
0.047	0.056	0.050	0.847
0.067	0.812	0.061	0.060
0.074	0.058	0.065	0.803
0.055	0.062	0.064	0.819
0.100	0.087	0.048	0.765
0.084	0.106	0.067	0.743
0.036	0.127	0.065	0.772
0.066	0.074	0.054	0.806
0.073	0.074	0.819	0.034
0.051	0.044	0.821	0.084
>GGGACGATGG	19-GGGACGATGG	9.461628	-13.802722	0	T:11.0(3.55%),B:204.4(0.51%),P:1e-5	Tpos:665.7,Tstd:278.6,Bpos:530.4,Bstd:346.3,StrandBias:-1.0,Multiplicity:1.91
0.001	0.001	0.997	0.001
0.001	0.001	0.997	0.001
0.001	0.001	0.997	0.001
0.906	0.001	0.092	0.001
0.001	0.952	0.001	0.046
0.001	0.001	0.997	0.001
0.905	0.001	0.093	0.001
0.001	0.001	0.331	0.667
0.001	0.001	0.997	0.001
0.001	0.001	0.997	0.001
>AGCAATACTA	20-AGCAATACTA	9.475497	-13.308208	0	T:25.0(8.06%),B:1073.9(2.68%),P:1e-5	Tpos:574.0,Tstd:285.6,Bpos:500.6,Bstd:302.3,StrandBias:0.2,Multiplicity:1.04
0.855	0.001	0.143	0.001
0.001	0.047	0.951	0.001
0.003	0.905	0.046	0.046
0.829	0.001	0.001	0.169
0.698	0.001	0.141	0.160
0.075	0.017	0.122	0.786
0.950	0.001	0.001	0.048
0.001	0.946	0.001	0.052
0.057	0.001	0.001	0.941
0.940	0.001	0.001	0.058
>CCCACACACA	21-CCCACACACA	8.737657	-12.410221	0	T:42.0(13.55%),B:2547.9(6.37%),P:1e-5	Tpos:532.2,Tstd:282.4,Bpos:541.7,Bstd:353.6,StrandBias:1.1,Multiplicity:1.05
0.001	0.679	0.105	0.215
0.231	0.656	0.112	0.001
0.189	0.643	0.001	0.167
0.511	0.358	0.061	0.070
0.001	0.854	0.001	0.144
0.643	0.075	0.096	0.186
0.001	0.781	0.001	0.217
0.997	0.001	0.001	0.001
0.136	0.862	0.001	0.001
0.997	0.001	0.001	0.001
>CCAGTTTCCC	22-CCAGTTTCCC	9.782214	-11.956529	0	T:19.0(6.13%),B:727.7(1.82%),P:1e-5	Tpos:578.7,Tstd:258.2,Bpos:510.6,Bstd:326.5,StrandBias:1.5,Multiplicity:1.00
0.001	0.997	0.001	0.001
0.132	0.805	0.001	0.062
0.911	0.001	0.001	0.087
0.167	0.001	0.831	0.001
0.001	0.120	0.065	0.814
0.001	0.124	0.001	0.874
0.001	0.116	0.001	0.882
0.001	0.997	0.001	0.001
0.048	0.950	0.001	0.001
0.001	0.926	0.072	0.001
>AGAGTGTGTG	23-AGAGTGTGTG	9.606923	-11.686732	0	T:29.0(9.35%),B:1498.2(3.74%),P:1e-5	Tpos:540.1,Tstd:281.3,Bpos:552.3,Bstd:325.2,StrandBias:-0.5,Multiplicity:1.14
0.926	0.046	0.001	0.027
0.066	0.033	0.900	0.001
0.943	0.001	0.055	0.001
0.001	0.001	0.997	0.001
0.242	0.001	0.062	0.695
0.001	0.057	0.887	0.055
0.001	0.001	0.056	0.942
0.035	0.037	0.811	0.117
0.001	0.001	0.001	0.997
0.001	0.065	0.893	0.041
>GGCGGGGCAG	24-GGCGGGGCAG	7.525740	-10.880557	0	T:29.0(9.35%),B:1566.7(3.91%),P:1e-4	Tpos:540.4,Tstd:248.0,Bpos:539.9,Bstd:353.5,StrandBias:-2.2,Multiplicity:1.14
0.041	0.037	0.842	0.080
0.057	0.123	0.728	0.092
0.085	0.715	0.103	0.097
0.021	0.115	0.759	0.105
0.076	0.026	0.883	0.015
0.026	0.074	0.831	0.069
0.057	0.016	0.843	0.084
0.105	0.791	0.103	0.001
0.895	0.017	0.044	0.044
0.072	0.070	0.724	0.134
>TTGTCAGTGC	25-TTGTCAGTGC	10.882188	-7.429170	0	T:10.0(3.23%),B:356.0(0.89%),P:1e-3	Tpos:324.8,Tstd:226.2,Bpos:486.7,Bstd:307.0,StrandBias:1.4,Multiplicity:1.80
0.001	0.001	0.001	0.997
0.001	0.001	0.001	0.997
0.001	0.001	0.997	0.001
0.001	0.001	0.073	0.925
0.001	0.930	0.068	0.001
0.997	0.001	0.001	0.001
0.104	0.001	0.894	0.001
0.001	0.001	0.001	0.997
0.001	0.001	0.997	0.001
0.079	0.919	0.001	0.001
