>TCACCGATTTTT	1-TCACCGATTTTT	9.452677	-30.363259	0	T:129.0(37.39%),B:7370.2(19.92%),P:1e-13	Tpos:569.2,Tstd:279.8,Bpos:528.5,Bstd:382.6,StrandBias:1.9,Multiplicity:1.26
0.001	0.166	0.001	0.832
0.031	0.519	0.270	0.180
0.655	0.271	0.057	0.017
0.001	0.584	0.238	0.177
0.016	0.845	0.001	0.138
0.074	0.203	0.705	0.018
0.555	0.001	0.299	0.145
0.001	0.032	0.028	0.939
0.001	0.001	0.001	0.997
0.001	0.001	0.107	0.891
0.001	0.001	0.001	0.997
0.236	0.170	0.001	0.593
>GAAAAGAGAAGA	2-GAAAAGAGAAGA	9.641337	-26.650462	0	T:70.0(20.29%),B:3043.2(8.22%),P:1e-11	Tpos:561.4,Tstd:271.4,Bpos:545.2,Bstd:341.4,StrandBias:-2.2,Multiplicity:1.11
0.001	0.226	0.765	0.008
0.997	0.001	0.001	0.001
0.713	0.001	0.001	0.285
0.983	0.001	0.005	0.011
0.997	0.001	0.001	0.001
0.010	0.164	0.645	0.181
0.993	0.001	0.001	0.005
0.001	0.001	0.997	0.001
0.997	0.001	0.001	0.001
0.597	0.293	0.109	0.001
0.335	0.089	0.575	0.001
0.753	0.245	0.001	0.001
>ATTGTAGAATTG	3-ATTGTAGAATTG	11.747468	-26.271430	0	T:16.0(4.64%),B:149.5(0.40%),P:1e-11	Tpos:455.1,Tstd:303.3,Bpos:438.6,Bstd:328.9,StrandBias:-2.8,Multiplicity:1.00
0.632	0.236	0.001	0.131
0.152	0.278	0.057	0.513
0.041	0.001	0.049	0.909
0.234	0.194	0.571	0.001
0.299	0.082	0.036	0.583
0.997	0.001	0.001	0.001
0.020	0.001	0.912	0.067
0.711	0.001	0.001	0.287
0.917	0.001	0.001	0.081
0.001	0.001	0.001	0.997
0.047	0.001	0.094	0.858
0.173	0.238	0.545	0.044
>TTTTAABGTGAA	4-TTTTAABGTGAA	12.293541	-23.845503	0	T:22.0(6.38%),B:384.5(1.04%),P:1e-10	Tpos:545.1,Tstd:290.8,Bpos:476.1,Bstd:321.3,StrandBias:-0.9,Multiplicity:1.18
0.001	0.001	0.001	0.997
0.001	0.365	0.001	0.633
0.185	0.001	0.001	0.813
0.001	0.001	0.001	0.997
0.997	0.001	0.001	0.001
0.997	0.001	0.001	0.001
0.001	0.316	0.362	0.321
0.001	0.001	0.997	0.001
0.001	0.001	0.244	0.754
0.001	0.185	0.813	0.001
0.997	0.001	0.001	0.001
0.997	0.001	0.001	0.001
>CAAATTTCGNTT	5-CAAATTTCGNTT	11.513068	-23.763019	0	T:34.0(9.86%),B:943.4(2.55%),P:1e-10	Tpos:487.5,Tstd:249.0,Bpos:500.7,Bstd:352.3,StrandBias:0.6,Multiplicity:1.03
0.001	0.997	0.001	0.001
0.825	0.001	0.001	0.173
0.997	0.001	0.001	0.001
0.610	0.001	0.352	0.037
0.260	0.001	0.001	0.738
0.001	0.001	0.001	0.997
0.001	0.001	0.001	0.997
0.001	0.925	0.001	0.073
0.084	0.229	0.686	0.001
0.256	0.197	0.329	0.218
0.258	0.001	0.096	0.645
0.001	0.001	0.001	0.997
>GTGGTTGATGGC	6-GTGGTTGATGGC	12.567286	-23.437695	0	T:10.0(2.90%),B:44.2(0.12%),P:1e-10	Tpos:704.9,Tstd:319.4,Bpos:511.0,Bstd:280.5,StrandBias:-1.2,Multiplicity:1.00
0.001	0.001	0.653	0.345
0.001	0.001	0.001	0.997
0.001	0.001	0.997	0.001
0.001	0.001	0.653	0.345
0.001	0.209	0.001	0.789
0.001	0.001	0.232	0.766
0.001	0.001	0.997	0.001
0.997	0.001	0.001	0.001
0.001	0.001	0.001	0.997
0.001	0.001	0.997	0.001
0.001	0.001	0.997	0.001
0.001	0.845	0.001	0.153
>ATATCGATTTTT	7-ATATCGATTTTT	10.745244	-22.966684	0	T:113.0(32.75%),B:6761.9(18.27%),P:1e-9	Tpos:576.1,Tstd:279.4,Bpos:527.7,Bstd:411.4,StrandBias:0.3,Multiplicity:1.56
0.729	0.001	0.054	0.216
0.316	0.001	0.001	0.682
0.937	0.001	0.001	0.061
0.001	0.001	0.001	0.997
0.001	0.828	0.001	0.170
0.001	0.029	0.924	0.046
0.900	0.001	0.098	0.001
0.001	0.001	0.001	0.997
0.220	0.185	0.001	0.594
0.001	0.001	0.035	0.963
0.142	0.001	0.001	0.856
0.084	0.317	0.001	0.598
>AATGTGTAATTT	8-AATGTGTAATTT	12.391499	-22.287606	0	T:21.0(6.09%),B:378.8(1.02%),P:1e-9	Tpos:464.4,Tstd:259.2,Bpos:472.4,Bstd:330.8,StrandBias:0.3,Multiplicity:1.05
0.876	0.084	0.001	0.039
0.915	0.083	0.001	0.001
0.027	0.052	0.045	0.876
0.001	0.001	0.974	0.024
0.001	0.074	0.001	0.924
0.025	0.001	0.949	0.025
0.001	0.028	0.001	0.970
0.959	0.001	0.001	0.039
0.771	0.045	0.152	0.032
0.001	0.001	0.001	0.997
0.050	0.001	0.001	0.948
0.068	0.063	0.001	0.868
>CGCAAACACTAC	9-CGCAAACACTAC	9.530789	-22.235667	0	T:26.0(7.54%),B:596.9(1.61%),P:1e-9	Tpos:497.0,Tstd:250.9,Bpos:564.0,Bstd:326.7,StrandBias:0.0,Multiplicity:1.12
0.102	0.828	0.001	0.069
0.001	0.128	0.824	0.047
0.101	0.804	0.001	0.094
0.889	0.001	0.001	0.109
0.836	0.001	0.108	0.055
0.811	0.091	0.001	0.097
0.023	0.845	0.077	0.055
0.905	0.001	0.047	0.047
0.078	0.730	0.001	0.191
0.047	0.042	0.055	0.856
0.778	0.058	0.062	0.102
0.073	0.905	0.021	0.001
>CACCAATTTTCC	10-CACCAATTTTCC	12.363449	-22.172143	0	T:17.0(4.93%),B:233.3(0.63%),P:1e-9	Tpos:627.0,Tstd:252.8,Bpos:531.7,Bstd:422.2,StrandBias:0.2,Multiplicity:1.00
0.141	0.741	0.032	0.086
0.997	0.001	0.001	0.001
0.001	0.899	0.099	0.001
0.144	0.752	0.103	0.001
0.861	0.001	0.137	0.001
0.765	0.001	0.137	0.097
0.001	0.001	0.001	0.997
0.001	0.001	0.001	0.997
0.001	0.001	0.001	0.997
0.001	0.001	0.001	0.997
0.001	0.997	0.001	0.001
0.001	0.997	0.001	0.001
>TTGTTGTGTTTT	11-TTGTTGTGTTTT	12.140405	-21.960743	0	T:43.0(12.46%),B:1537.4(4.15%),P:1e-9	Tpos:510.2,Tstd:276.9,Bpos:519.6,Bstd:330.2,StrandBias:0.6,Multiplicity:1.07
0.001	0.001	0.001	0.997
0.001	0.001	0.001	0.997
0.001	0.001	0.888	0.110
0.001	0.040	0.001	0.958
0.052	0.001	0.044	0.903
0.001	0.073	0.873	0.053
0.001	0.001	0.097	0.901
0.062	0.001	0.789	0.148
0.001	0.238	0.001	0.760
0.001	0.061	0.001	0.937
0.001	0.040	0.058	0.901
0.120	0.052	0.001	0.827
>ATTAAATCGCCA	12-ATTAAATCGCCA	11.300447	-21.214822	0	T:15.0(4.35%),B:183.6(0.50%),P:1e-9	Tpos:548.2,Tstd:259.0,Bpos:491.4,Bstd:343.2,StrandBias:0.4,Multiplicity:1.07
0.993	0.001	0.001	0.005
0.001	0.001	0.001	0.997
0.001	0.001	0.001	0.997
0.943	0.001	0.001	0.055
0.997	0.001	0.001	0.001
0.997	0.001	0.001	0.001
0.001	0.001	0.242	0.756
0.095	0.580	0.063	0.262
0.044	0.229	0.726	0.001
0.111	0.715	0.127	0.047
0.049	0.774	0.176	0.001
0.595	0.271	0.067	0.067
>TTTCGCAWTTTT	13-TTTCGCAWTTTT	10.844948	-21.030440	0	T:91.0(26.38%),B:5116.8(13.83%),P:1e-9	Tpos:506.9,Tstd:295.9,Bpos:521.9,Bstd:382.2,StrandBias:0.8,Multiplicity:1.34
0.025	0.001	0.001	0.973
0.285	0.145	0.001	0.569
0.001	0.001	0.001	0.997
0.001	0.819	0.001	0.179
0.252	0.001	0.746	0.001
0.094	0.715	0.103	0.088
0.605	0.001	0.361	0.033
0.502	0.099	0.001	0.398
0.001	0.001	0.001	0.997
0.207	0.001	0.124	0.668
0.001	0.066	0.001	0.932
0.001	0.257	0.135	0.607
>CGGKDGAGCGMG	14-CGGKDGAGCGMG	9.317944	-20.539631	0	T:26.0(7.54%),B:648.2(1.75%),P:1e-8	Tpos:564.7,Tstd:245.0,Bpos:569.5,Bstd:388.6,StrandBias:-0.1,Multiplicity:1.19
0.005	0.940	0.054	0.001
0.001	0.001	0.994	0.004
0.067	0.198	0.734	0.001
0.159	0.143	0.312	0.385
0.425	0.006	0.280	0.289
0.413	0.001	0.585	0.001
0.748	0.001	0.250	0.001
0.127	0.004	0.868	0.001
0.079	0.793	0.001	0.127
0.001	0.108	0.890	0.001
0.344	0.463	0.001	0.192
0.220	0.001	0.778	0.001
>TTTCTCACGCGT	15-TTTCTCACGCGT	10.222334	-20.342721	0	T:23.0(6.67%),B:512.7(1.39%),P:1e-8	Tpos:615.0,Tstd:268.8,Bpos:561.5,Bstd:341.2,StrandBias:1.4,Multiplicity:1.00
0.001	0.091	0.099	0.809
0.032	0.041	0.001	0.926
0.031	0.041	0.001	0.927
0.001	0.879	0.049	0.071
0.049	0.001	0.001	0.949
0.001	0.927	0.038	0.034
0.639	0.088	0.001	0.272
0.070	0.823	0.106	0.001
0.042	0.167	0.754	0.037
0.024	0.865	0.001	0.110
0.139	0.085	0.742	0.034
0.035	0.115	0.079	0.771
>AGAATTAAGAAA	16-AGAATTAAGAAA	9.758217	-20.141117	0	T:53.0(15.36%),B:2300.4(6.22%),P:1e-8	Tpos:519.0,Tstd:278.8,Bpos:515.9,Bstd:327.1,StrandBias:-1.0,Multiplicity:1.04
0.844	0.067	0.048	0.041
0.051	0.041	0.850	0.058
0.817	0.043	0.071	0.069
0.804	0.072	0.053	0.071
0.038	0.029	0.049	0.884
0.076	0.049	0.089	0.786
0.816	0.052	0.079	0.053
0.757	0.073	0.063	0.107
0.045	0.075	0.824	0.056
0.939	0.040	0.011	0.010
0.875	0.047	0.035	0.043
0.808	0.020	0.080	0.092
>ATTTCGGYKAAA	17-ATTTCGGYKAAA	10.750994	-20.117324	0	T:71.0(20.58%),B:3616.0(9.77%),P:1e-8	Tpos:509.7,Tstd:296.4,Bpos:512.3,Bstd:413.6,StrandBias:-0.2,Multiplicity:1.34
0.597	0.019	0.001	0.383
0.001	0.001	0.001	0.997
0.029	0.001	0.001	0.969
0.001	0.001	0.001	0.997
0.001	0.851	0.147	0.001
0.325	0.163	0.511	0.001
0.083	0.331	0.568	0.018
0.023	0.431	0.261	0.284
0.121	0.179	0.409	0.290
0.640	0.049	0.310	0.001
0.997	0.001	0.001	0.001
0.997	0.001	0.001	0.001
>TGTGGAAAAAGC	18-TGTGGAAAAAGC	12.664554	-17.105047	0	T:13.0(3.77%),B:181.9(0.49%),P:1e-7	Tpos:619.9,Tstd:233.6,Bpos:537.9,Bstd:347.7,StrandBias:-0.8,Multiplicity:1.08
0.087	0.001	0.001	0.911
0.074	0.126	0.799	0.001
0.001	0.001	0.174	0.824
0.064	0.001	0.934	0.001
0.001	0.072	0.926	0.001
0.997	0.001	0.001	0.001
0.778	0.001	0.001	0.220
0.869	0.001	0.129	0.001
0.997	0.001	0.001	0.001
0.997	0.001	0.001	0.001
0.301	0.001	0.697	0.001
0.183	0.815	0.001	0.001
>TTTTATCCGAAT	19-TTTTATCCGAAT	11.421690	-16.304549	0	T:19.0(5.51%),B:444.0(1.20%),P:1e-7	Tpos:530.2,Tstd:310.8,Bpos:544.2,Bstd:386.2,StrandBias:0.6,Multiplicity:1.05
0.001	0.001	0.001	0.997
0.001	0.001	0.001	0.997
0.146	0.001	0.001	0.852
0.001	0.001	0.087	0.911
0.906	0.034	0.001	0.059
0.001	0.001	0.111	0.887
0.057	0.874	0.068	0.001
0.001	0.944	0.001	0.054
0.055	0.107	0.837	0.001
0.792	0.107	0.001	0.100
0.997	0.001	0.001	0.001
0.001	0.001	0.001	0.997
>AAATTTTTGGGC	20-AAATTTTTGGGC	12.093912	-14.771867	0	T:17.0(4.93%),B:396.4(1.07%),P:1e-6	Tpos:321.2,Tstd:287.2,Bpos:454.5,Bstd:365.5,StrandBias:1.5,Multiplicity:1.59
0.631	0.001	0.046	0.322
0.948	0.001	0.050	0.001
0.940	0.001	0.001	0.058
0.045	0.001	0.001	0.953
0.001	0.001	0.001	0.997
0.001	0.001	0.001	0.997
0.001	0.001	0.001	0.997
0.061	0.001	0.001	0.937
0.024	0.001	0.974	0.001
0.001	0.001	0.966	0.032
0.001	0.001	0.965	0.033
0.001	0.712	0.021	0.266
>AATTAGCVTACC	21-AATTAGCVTACC	11.418378	-13.659691	0	T:11.0(3.19%),B:171.3(0.46%),P:1e-5	Tpos:186.2,Tstd:221.0,Bpos:455.0,Bstd:351.8,StrandBias:-0.7,Multiplicity:1.64
0.997	0.001	0.001	0.001
0.768	0.098	0.001	0.133
0.001	0.001	0.001	0.997
0.001	0.001	0.001	0.997
0.901	0.097	0.001	0.001
0.001	0.001	0.997	0.001
0.228	0.770	0.001	0.001
0.340	0.239	0.280	0.142
0.001	0.001	0.164	0.834
0.997	0.001	0.001	0.001
0.140	0.744	0.001	0.115
0.042	0.561	0.001	0.396
>GATGAGGAAAAA	22-GATGAGGAAAAA	10.409522	-11.908601	0	T:25.0(7.25%),B:964.3(2.61%),P:1e-5	Tpos:594.0,Tstd:230.5,Bpos:538.6,Bstd:349.1,StrandBias:-2.1,Multiplicity:1.08
0.100	0.100	0.700	0.100
0.700	0.100	0.100	0.100
0.100	0.100	0.100	0.700
0.100	0.100	0.700	0.100
0.700	0.100	0.100	0.100
0.100	0.100	0.700	0.100
0.100	0.100	0.700	0.100
0.700	0.100	0.100	0.100
0.700	0.100	0.100	0.100
0.700	0.100	0.100	0.100
0.700	0.100	0.100	0.100
0.700	0.100	0.100	0.100
>AGATTGTAATCC	23-AGATTGTAATCC	12.682837	-10.775348	0	T:7.0(2.03%),B:84.0(0.23%),P:1e-4	Tpos:422.4,Tstd:179.8,Bpos:448.0,Bstd:283.2,StrandBias:-1.4,Multiplicity:1.57
0.997	0.001	0.001	0.001
0.319	0.001	0.679	0.001
0.689	0.309	0.001	0.001
0.001	0.001	0.001	0.997
0.001	0.001	0.001	0.997
0.001	0.351	0.647	0.001
0.001	0.001	0.001	0.997
0.997	0.001	0.001	0.001
0.597	0.401	0.001	0.001
0.001	0.001	0.001	0.997
0.001	0.767	0.231	0.001
0.001	0.997	0.001	0.001
>AAACTACGACAC	24-AAACTACGACAC	15.289438	-7.592535	0	T:2.0(0.58%),B:2.8(0.01%),P:1e-3	Tpos:564.2,Tstd:265.5,Bpos:809.3,Bstd:82.9,StrandBias:2.0,Multiplicity:2.50
0.997	0.001	0.001	0.001
0.997	0.001	0.001	0.001
0.997	0.001	0.001	0.001
0.001	0.729	0.001	0.269
0.001	0.001	0.001	0.997
0.997	0.001	0.001	0.001
0.001	0.997	0.001	0.001
0.001	0.001	0.997	0.001
0.997	0.001	0.001	0.001
0.001	0.997	0.001	0.001
0.997	0.001	0.001	0.001
0.001	0.997	0.001	0.001
>CCCCCCCCCCCT	25-CCCCCCCCCCCT	10.850559	-5.466318	0	T:20.0(5.80%),B:1102.2(2.98%),P:1e-2	Tpos:536.8,Tstd:292.7,Bpos:537.8,Bstd:377.5,StrandBias:4.1,Multiplicity:1.05
0.001	0.705	0.001	0.293
0.195	0.766	0.001	0.038
0.001	0.961	0.037	0.001
0.001	0.997	0.001	0.001
0.001	0.997	0.001	0.001
0.001	0.804	0.001	0.194
0.037	0.767	0.195	0.001
0.001	0.758	0.001	0.240
0.001	0.873	0.001	0.125
0.001	0.719	0.001	0.279
0.034	0.963	0.001	0.002
0.005	0.276	0.001	0.718
