>ACCCCCACCC	1-ACCCCCACCC	9.626231	-21.816202	0	T:10.0(11.90%),B:267.9(0.66%),P:1e-9	Tpos:441.3,Tstd:302.5,Bpos:514.3,Bstd:323.3,StrandBias:0.8,Multiplicity:1.10
0.898	0.100	0.001	0.001
0.001	0.997	0.001	0.001
0.001	0.997	0.001	0.001
0.001	0.997	0.001	0.001
0.154	0.844	0.001	0.001
0.001	0.821	0.177	0.001
0.997	0.001	0.001	0.001
0.001	0.682	0.135	0.182
0.119	0.879	0.001	0.001
0.001	0.997	0.001	0.001
>ATTGAGCRGA	2-ATTGAGCRGA	9.239868	-21.212186	0	T:28.0(33.33%),B:3661.7(9.06%),P:1e-9	Tpos:521.6,Tstd:289.2,Bpos:513.3,Bstd:308.1,StrandBias:-0.5,Multiplicity:1.14
0.803	0.001	0.195	0.001
0.001	0.001	0.001	0.997
0.001	0.001	0.011	0.987
0.001	0.001	0.805	0.193
0.698	0.001	0.300	0.001
0.001	0.001	0.685	0.313
0.247	0.751	0.001	0.001
0.514	0.001	0.484	0.001
0.225	0.001	0.773	0.001
0.988	0.001	0.001	0.010
>TGATTCTATT	3-TGATTCTATT	9.995242	-21.018741	0	T:21.0(25.00%),B:2016.9(4.99%),P:1e-9	Tpos:565.5,Tstd:289.4,Bpos:506.7,Bstd:301.6,StrandBias:-0.4,Multiplicity:1.00
0.001	0.086	0.001	0.912
0.040	0.049	0.819	0.092
0.808	0.074	0.095	0.023
0.001	0.001	0.001	0.997
0.001	0.001	0.001	0.997
0.103	0.895	0.001	0.001
0.001	0.053	0.052	0.894
0.842	0.054	0.072	0.032
0.001	0.001	0.001	0.997
0.001	0.106	0.001	0.892
>GTCGGGGTGT	4-GTCGGGGTGT	11.003359	-20.879843	0	T:8.0(9.52%),B:139.1(0.34%),P:1e-9	Tpos:581.4,Tstd:387.3,Bpos:459.6,Bstd:311.9,StrandBias:-0.7,Multiplicity:1.00
0.001	0.001	0.997	0.001
0.171	0.001	0.001	0.827
0.154	0.844	0.001	0.001
0.001	0.001	0.869	0.129
0.126	0.001	0.761	0.112
0.001	0.001	0.997	0.001
0.001	0.001	0.997	0.001
0.001	0.001	0.001	0.997
0.001	0.001	0.872	0.126
0.001	0.001	0.001	0.997
>GACGGCGCTT	5-GACGGCGCTT	9.563813	-20.617744	0	T:11.0(13.10%),B:405.6(1.00%),P:1e-8	Tpos:458.2,Tstd:329.5,Bpos:472.5,Bstd:313.4,StrandBias:0.8,Multiplicity:1.00
0.001	0.001	0.997	0.001
0.907	0.001	0.091	0.001
0.001	0.997	0.001	0.001
0.001	0.149	0.849	0.001
0.093	0.139	0.767	0.001
0.388	0.610	0.001	0.001
0.115	0.001	0.736	0.148
0.101	0.897	0.001	0.001
0.001	0.135	0.001	0.863
0.135	0.001	0.001	0.863
>ACAAGCTGGC	6-ACAAGCTGGC	10.541954	-20.098085	0	T:10.0(11.90%),B:321.3(0.79%),P:1e-8	Tpos:496.6,Tstd:254.9,Bpos:484.0,Bstd:287.3,StrandBias:1.2,Multiplicity:1.00
0.868	0.001	0.130	0.001
0.001	0.914	0.084	0.001
0.997	0.001	0.001	0.001
0.997	0.001	0.001	0.001
0.001	0.001	0.997	0.001
0.001	0.922	0.001	0.076
0.106	0.001	0.131	0.762
0.001	0.001	0.997	0.001
0.097	0.001	0.798	0.104
0.001	0.997	0.001	0.001
>AACCATATTC	7-AACCATATTC	9.557717	-18.926040	0	T:15.0(17.86%),B:1067.7(2.64%),P:1e-8	Tpos:590.7,Tstd:240.6,Bpos:489.9,Bstd:303.0,StrandBias:-0.2,Multiplicity:1.00
0.922	0.076	0.001	0.001
0.820	0.095	0.084	0.001
0.025	0.973	0.001	0.001
0.025	0.796	0.001	0.178
0.917	0.001	0.081	0.001
0.001	0.061	0.001	0.937
0.903	0.001	0.073	0.023
0.001	0.001	0.001	0.997
0.001	0.095	0.001	0.903
0.064	0.902	0.001	0.033
>TACATAGTAA	8-TACATAGTAA	9.773509	-13.523901	0	T:12.0(14.29%),B:1011.6(2.50%),P:1e-5	Tpos:619.5,Tstd:215.8,Bpos:516.0,Bstd:290.3,StrandBias:-1.0,Multiplicity:1.00
0.146	0.001	0.001	0.852
0.731	0.001	0.001	0.267
0.001	0.869	0.001	0.129
0.997	0.001	0.001	0.001
0.001	0.001	0.001	0.997
0.788	0.210	0.001	0.001
0.001	0.335	0.632	0.032
0.001	0.001	0.164	0.834
0.968	0.001	0.001	0.030
0.786	0.001	0.212	0.001
>TTATCCTTTT	9-TTATCCTTTT	10.610300	-12.894298	0	T:11.0(13.10%),B:887.0(2.19%),P:1e-5	Tpos:640.5,Tstd:269.0,Bpos:517.0,Bstd:307.0,StrandBias:2.2,Multiplicity:1.00
0.001	0.001	0.117	0.881
0.001	0.001	0.001	0.997
0.941	0.001	0.057	0.001
0.001	0.001	0.001	0.997
0.001	0.997	0.001	0.001
0.001	0.997	0.001	0.001
0.001	0.001	0.001	0.997
0.110	0.001	0.001	0.888
0.115	0.001	0.001	0.883
0.001	0.001	0.001	0.997
>GTTCTCGCGG	10-GTTCTCGCGG	12.469410	-12.763555	0	T:4.0(4.76%),B:43.2(0.11%),P:1e-5	Tpos:555.0,Tstd:158.4,Bpos:507.7,Bstd:302.9,StrandBias:-1.6,Multiplicity:1.00
0.001	0.001	0.997	0.001
0.001	0.001	0.001	0.997
0.001	0.001	0.001	0.997
0.001	0.997	0.001	0.001
0.001	0.001	0.001	0.997
0.001	0.997	0.001	0.001
0.001	0.001	0.997	0.001
0.001	0.997	0.001	0.001
0.001	0.001	0.743	0.255
0.001	0.001	0.997	0.001
>RDRMTTCTKS	11-RDRMTTCTKS	7.627996	-12.472420	0	T:25.0(29.76%),B:4559.9(11.28%),P:1e-5	Tpos:398.9,Tstd:248.1,Bpos:489.5,Bstd:297.6,StrandBias:-0.1,Multiplicity:1.08
0.507	0.012	0.433	0.048
0.323	0.017	0.331	0.329
0.512	0.045	0.420	0.023
0.449	0.465	0.021	0.065
0.029	0.096	0.053	0.822
0.041	0.068	0.054	0.837
0.322	0.548	0.102	0.028
0.069	0.065	0.032	0.834
0.063	0.014	0.397	0.526
0.215	0.313	0.417	0.055
>ATTTTTACAT	12-ATTTTTACAT	8.864824	-12.305988	0	T:37.0(44.05%),B:8809.2(21.79%),P:1e-5	Tpos:569.6,Tstd:281.4,Bpos:500.4,Bstd:300.4,StrandBias:0.7,Multiplicity:1.35
0.896	0.038	0.020	0.046
0.016	0.041	0.071	0.872
0.021	0.001	0.051	0.927
0.053	0.181	0.058	0.708
0.036	0.023	0.032	0.909
0.001	0.363	0.001	0.635
0.860	0.038	0.101	0.001
0.001	0.997	0.001	0.001
0.855	0.083	0.061	0.001
0.249	0.023	0.001	0.727
>CAAAAACCTG	13-CAAAAACCTG	9.979765	-10.615913	0	T:12.0(14.29%),B:1353.8(3.35%),P:1e-4	Tpos:501.7,Tstd:299.2,Bpos:506.9,Bstd:313.4,StrandBias:-0.2,Multiplicity:1.25
0.017	0.746	0.203	0.034
0.997	0.001	0.001	0.001
0.903	0.001	0.001	0.095
0.997	0.001	0.001	0.001
0.997	0.001	0.001	0.001
0.865	0.082	0.001	0.052
0.032	0.922	0.045	0.001
0.170	0.787	0.001	0.042
0.031	0.065	0.001	0.903
0.032	0.039	0.905	0.024
>TGRTCTSCTA	14-TGRTCTSCTA	10.254492	-8.304498	0	T:7.0(8.33%),B:590.2(1.46%),P:1e-3	Tpos:506.8,Tstd:281.9,Bpos:514.1,Bstd:312.8,StrandBias:0.3,Multiplicity:1.57
0.001	0.001	0.041	0.957
0.001	0.001	0.975	0.023
0.338	0.199	0.463	0.001
0.001	0.001	0.001	0.997
0.001	0.661	0.337	0.001
0.001	0.001	0.001	0.997
0.001	0.338	0.463	0.199
0.001	0.997	0.001	0.001
0.001	0.001	0.001	0.997
0.661	0.337	0.001	0.001
>ATTTTTCGGG	15-ATTTTTCGGG	11.450585	-6.316633	0	T:11.0(13.10%),B:1881.0(4.65%),P:1e-2	Tpos:390.7,Tstd:352.1,Bpos:506.8,Bstd:327.1,StrandBias:-0.5,Multiplicity:1.73
0.997	0.001	0.001	0.001
0.215	0.001	0.001	0.783
0.001	0.001	0.001	0.997
0.001	0.001	0.001	0.997
0.001	0.001	0.001	0.997
0.001	0.001	0.001	0.997
0.001	0.783	0.215	0.001
0.336	0.001	0.662	0.001
0.001	0.001	0.664	0.334
0.001	0.327	0.671	0.001
>ATTTAGSACC	16-ATTTAGSACC	9.508000	-5.820119	0	T:5.0(5.95%),B:464.0(1.15%),P:1e-2	Tpos:622.7,Tstd:96.3,Bpos:502.7,Bstd:307.3,StrandBias:1.4,Multiplicity:2.20
0.650	0.001	0.348	0.001
0.001	0.001	0.001	0.997
0.001	0.001	0.001	0.997
0.001	0.001	0.001	0.997
0.462	0.298	0.239	0.001
0.001	0.001	0.997	0.001
0.001	0.566	0.432	0.001
0.889	0.001	0.001	0.109
0.001	0.922	0.076	0.001
0.001	0.997	0.001	0.001
>GCACTTGGCA	17-GCACTTGGCA	10.296193	-5.362780	0	T:2.0(2.38%),B:47.2(0.12%),P:1e-2	Tpos:536.0,Tstd:193.1,Bpos:564.0,Bstd:291.7,StrandBias:0.0,Multiplicity:2.00
0.100	0.100	0.700	0.100
0.100	0.700	0.100	0.100
0.700	0.100	0.100	0.100
0.100	0.700	0.100	0.100
0.100	0.100	0.100	0.700
0.100	0.100	0.100	0.700
0.100	0.100	0.700	0.100
0.100	0.100	0.700	0.100
0.100	0.700	0.100	0.100
0.700	0.100	0.100	0.100
>AACCTGACTG	18-AACCTGACTG	10.296193	-3.552972	0	T:1.0(1.19%),B:14.0(0.03%),P:1e-1	Tpos:512.5,Tstd:58.7,Bpos:508.1,Bstd:242.8,StrandBias:-10.0,Multiplicity:12.00
0.700	0.100	0.100	0.100
0.700	0.100	0.100	0.100
0.100	0.700	0.100	0.100
0.100	0.700	0.100	0.100
0.100	0.100	0.100	0.700
0.100	0.100	0.700	0.100
0.700	0.100	0.100	0.100
0.100	0.700	0.100	0.100
0.100	0.100	0.100	0.700
0.100	0.100	0.700	0.100
>TGATCGTTTTGG	1-TGATCGTTTTGG	13.891599	-22.821967	0	T:6.0(7.14%),B:30.8(0.08%),P:1e-9	Tpos:428.7,Tstd:356.3,Bpos:393.0,Bstd:301.9,StrandBias:0.0,Multiplicity:1.00
0.001	0.001	0.001	0.997
0.001	0.001	0.997	0.001
0.997	0.001	0.001	0.001
0.001	0.001	0.001	0.997
0.001	0.997	0.001	0.001
0.355	0.001	0.643	0.001
0.175	0.001	0.001	0.823
0.001	0.001	0.001	0.997
0.001	0.001	0.001	0.997
0.255	0.001	0.001	0.743
0.210	0.001	0.788	0.001
0.001	0.001	0.997	0.001
>CYTGAAASCCTT	2-CYTGAAASCCTT	11.388022	-22.704793	0	T:9.0(10.71%),B:169.7(0.42%),P:1e-9	Tpos:588.8,Tstd:266.9,Bpos:465.2,Bstd:291.7,StrandBias:-1.8,Multiplicity:1.00
0.286	0.712	0.001	0.001
0.001	0.483	0.001	0.515
0.001	0.001	0.001	0.997
0.001	0.001	0.997	0.001
0.743	0.001	0.255	0.001
0.504	0.001	0.264	0.231
0.710	0.001	0.288	0.001
0.001	0.456	0.542	0.001
0.001	0.803	0.001	0.195
0.001	0.997	0.001	0.001
0.001	0.001	0.001	0.997
0.022	0.001	0.001	0.976
>TTGMTCAAAATC	3-TTGMTCAAAATC	11.478583	-20.873419	0	T:12.0(14.29%),B:508.7(1.26%),P:1e-9	Tpos:569.9,Tstd:286.4,Bpos:505.2,Bstd:318.4,StrandBias:0.0,Multiplicity:1.27
0.343	0.001	0.001	0.655
0.001	0.118	0.234	0.647
0.001	0.116	0.882	0.001
0.473	0.525	0.001	0.001
0.145	0.001	0.001	0.853
0.001	0.997	0.001	0.001
0.728	0.001	0.270	0.001
0.761	0.114	0.124	0.001
0.997	0.001	0.001	0.001
0.997	0.001	0.001	0.001
0.001	0.001	0.001	0.997
0.001	0.997	0.001	0.001
>AGTCTGAATTCT	4-AGTCTGAATTCT	10.520936	-19.957449	0	T:7.0(8.33%),B:96.7(0.24%),P:1e-8	Tpos:396.4,Tstd:222.9,Bpos:545.9,Bstd:290.9,StrandBias:-0.4,Multiplicity:1.00
0.997	0.001	0.001	0.001
0.001	0.001	0.997	0.001
0.001	0.001	0.001	0.997
0.019	0.812	0.168	0.001
0.001	0.001	0.001	0.997
0.333	0.001	0.665	0.001
0.997	0.001	0.001	0.001
0.654	0.001	0.001	0.344
0.001	0.001	0.001	0.997
0.001	0.001	0.001	0.997
0.001	0.997	0.001	0.001
0.001	0.001	0.274	0.724
>ATTGATAAGATA	5-ATTGATAAGATA	13.172837	-19.638459	0	T:9.0(10.71%),B:243.1(0.60%),P:1e-8	Tpos:673.0,Tstd:277.7,Bpos:531.6,Bstd:316.5,StrandBias:0.6,Multiplicity:1.11
0.997	0.001	0.001	0.001
0.001	0.001	0.001	0.997
0.001	0.001	0.001	0.997
0.001	0.001	0.997	0.001
0.997	0.001	0.001	0.001
0.001	0.001	0.001	0.997
0.997	0.001	0.001	0.001
0.997	0.001	0.001	0.001
0.112	0.001	0.704	0.183
0.997	0.001	0.001	0.001
0.001	0.210	0.180	0.609
0.838	0.001	0.001	0.160
>ACGATGACGAAA	6-ACGATGACGAAA	13.733408	-18.756662	0	T:6.0(7.14%),B:63.7(0.16%),P:1e-8	Tpos:491.3,Tstd:285.5,Bpos:615.1,Bstd:254.1,StrandBias:-2.3,Multiplicity:1.00
0.997	0.001	0.001	0.001
0.001	0.997	0.001	0.001
0.187	0.001	0.811	0.001
0.997	0.001	0.001	0.001
0.001	0.001	0.001	0.997
0.207	0.001	0.791	0.001
0.997	0.001	0.001	0.001
0.001	0.843	0.001	0.155
0.123	0.001	0.875	0.001
0.843	0.155	0.001	0.001
0.997	0.001	0.001	0.001
0.997	0.001	0.001	0.001
>MCTGTTTTTTTT	7-MCTGTTTTTTTT	13.120557	-18.228264	0	T:17.0(20.24%),B:1500.9(3.71%),P:1e-7	Tpos:447.4,Tstd:288.6,Bpos:518.7,Bstd:306.5,StrandBias:0.2,Multiplicity:1.12
0.438	0.464	0.001	0.097
0.062	0.678	0.001	0.259
0.001	0.376	0.001	0.622
0.392	0.001	0.606	0.001
0.133	0.001	0.001	0.865
0.010	0.001	0.001	0.988
0.001	0.001	0.001	0.997
0.001	0.001	0.001	0.997
0.053	0.001	0.001	0.945
0.001	0.001	0.001	0.997
0.001	0.001	0.001	0.997
0.001	0.175	0.001	0.823
>CYCCGACCCCGA	8-CYCCGACCCCGA	12.680636	-17.585706	0	T:4.0(4.76%),B:12.0(0.03%),P:1e-7	Tpos:466.2,Tstd:251.7,Bpos:562.8,Bstd:286.6,StrandBias:2.3,Multiplicity:1.50
0.001	0.997	0.001	0.001
0.001	0.509	0.001	0.489
0.001	0.997	0.001	0.001
0.001	0.997	0.001	0.001
0.001	0.001	0.997	0.001
0.822	0.001	0.001	0.176
0.156	0.687	0.156	0.001
0.001	0.997	0.001	0.001
0.001	0.997	0.001	0.001
0.001	0.997	0.001	0.001
0.313	0.001	0.510	0.176
0.997	0.001	0.001	0.001
>AAMTTTAGCTCC	9-AAMTTTAGCTCC	11.510791	-17.359333	0	T:9.0(10.71%),B:319.6(0.79%),P:1e-7	Tpos:539.6,Tstd:215.7,Bpos:491.6,Bstd:301.9,StrandBias:1.7,Multiplicity:1.44
0.858	0.001	0.001	0.140
0.858	0.140	0.001	0.001
0.569	0.429	0.001	0.001
0.001	0.001	0.001	0.997
0.001	0.001	0.001	0.997
0.001	0.068	0.232	0.699
0.997	0.001	0.001	0.001
0.083	0.001	0.749	0.167
0.001	0.902	0.001	0.096
0.086	0.001	0.001	0.912
0.001	0.556	0.343	0.100
0.001	0.997	0.001	0.001
>TCTCCAAGAAGT	10-TCTCCAAGAAGT	14.592417	-16.950425	0	T:5.0(5.95%),B:41.9(0.10%),P:1e-7	Tpos:514.6,Tstd:259.2,Bpos:539.3,Bstd:307.8,StrandBias:-2.0,Multiplicity:1.00
0.001	0.001	0.001	0.997
0.001	0.997	0.001	0.001
0.001	0.001	0.001	0.997
0.001	0.997	0.001	0.001
0.260	0.738	0.001	0.001
0.997	0.001	0.001	0.001
0.997	0.001	0.001	0.001
0.001	0.001	0.997	0.001
0.997	0.001	0.001	0.001
0.997	0.001	0.001	0.001
0.181	0.001	0.817	0.001
0.001	0.001	0.001	0.997
>TAAGAGTCAAAA	11-TAAGAGTCAAAA	10.273301	-16.219431	0	T:17.0(20.24%),B:1726.6(4.27%),P:1e-7	Tpos:667.4,Tstd:245.2,Bpos:524.1,Bstd:299.7,StrandBias:-0.9,Multiplicity:1.18
0.133	0.122	0.122	0.623
0.810	0.150	0.039	0.001
0.861	0.137	0.001	0.001
0.119	0.075	0.759	0.047
0.918	0.080	0.001	0.001
0.031	0.020	0.878	0.071
0.001	0.161	0.001	0.837
0.127	0.806	0.066	0.001
0.885	0.001	0.075	0.039
0.774	0.001	0.068	0.157
0.907	0.001	0.001	0.091
0.952	0.046	0.001	0.001
>AGATTTAATCTC	12-AGATTTAATCTC	10.313563	-16.194899	0	T:17.0(20.24%),B:1729.8(4.28%),P:1e-7	Tpos:559.4,Tstd:291.5,Bpos:515.3,Bstd:303.2,StrandBias:-1.2,Multiplicity:1.00
0.948	0.001	0.001	0.050
0.252	0.095	0.550	0.103
0.959	0.001	0.001	0.039
0.001	0.001	0.001	0.997
0.001	0.001	0.001	0.997
0.133	0.095	0.003	0.769
0.759	0.167	0.001	0.073
0.834	0.001	0.001	0.164
0.001	0.003	0.001	0.995
0.044	0.902	0.001	0.053
0.044	0.001	0.168	0.787
0.139	0.512	0.119	0.230
>TTTCGYTAATTC	13-TTTCGYTAATTC	14.385317	-15.917992	0	T:4.0(4.76%),B:18.2(0.04%),P:1e-6	Tpos:693.8,Tstd:213.5,Bpos:554.5,Bstd:299.2,StrandBias:0.6,Multiplicity:1.25
0.001	0.001	0.273	0.725
0.001	0.001	0.001	0.997
0.001	0.001	0.001	0.997
0.001	0.997	0.001	0.001
0.001	0.001	0.997	0.001
0.001	0.451	0.001	0.547
0.001	0.001	0.001	0.997
0.997	0.001	0.001	0.001
0.997	0.001	0.001	0.001
0.001	0.001	0.001	0.997
0.001	0.273	0.001	0.725
0.001	0.997	0.001	0.001
>TCCATTTAAAAT	14-TCCATTTAAAAT	13.043623	-15.736899	0	T:9.0(10.71%),B:388.1(0.96%),P:1e-6	Tpos:415.3,Tstd:297.5,Bpos:489.1,Bstd:305.4,StrandBias:0.3,Multiplicity:1.00
0.001	0.001	0.001	0.997
0.001	0.942	0.001	0.056
0.049	0.770	0.093	0.088
0.888	0.001	0.110	0.001
0.001	0.001	0.001	0.997
0.133	0.120	0.001	0.746
0.065	0.001	0.091	0.843
0.997	0.001	0.001	0.001
0.997	0.001	0.001	0.001
0.997	0.001	0.001	0.001
0.898	0.001	0.001	0.100
0.001	0.001	0.001	0.997
>TTTTGTCGTAAA	15-TTTTGTCGTAAA	12.104301	-15.200906	0	T:12.0(14.29%),B:860.7(2.13%),P:1e-6	Tpos:622.6,Tstd:294.8,Bpos:514.9,Bstd:300.8,StrandBias:0.2,Multiplicity:1.08
0.001	0.001	0.001	0.997
0.001	0.001	0.001	0.997
0.001	0.001	0.001	0.997
0.001	0.001	0.001	0.997
0.001	0.088	0.867	0.044
0.113	0.001	0.118	0.768
0.001	0.950	0.001	0.048
0.083	0.001	0.850	0.066
0.047	0.107	0.001	0.845
0.997	0.001	0.001	0.001
0.834	0.164	0.001	0.001
0.997	0.001	0.001	0.001
>TTACAATGCTCA	16-TTACAATGCTCA	10.911739	-14.855257	0	T:9.0(10.71%),B:432.4(1.07%),P:1e-6	Tpos:322.0,Tstd:325.1,Bpos:514.4,Bstd:280.3,StrandBias:0.6,Multiplicity:1.11
0.001	0.001	0.001	0.997
0.004	0.001	0.001	0.994
0.844	0.151	0.001	0.004
0.004	0.887	0.001	0.108
0.898	0.001	0.001	0.100
0.483	0.272	0.001	0.244
0.001	0.001	0.001	0.997
0.151	0.001	0.704	0.144
0.263	0.529	0.164	0.044
0.001	0.001	0.163	0.835
0.001	0.856	0.142	0.001
0.997	0.001	0.001	0.001
>CTAGTATGTATC	17-CTAGTATGTATC	10.160514	-14.851432	0	T:7.0(8.33%),B:209.6(0.52%),P:1e-6	Tpos:733.0,Tstd:117.8,Bpos:554.2,Bstd:289.0,StrandBias:0.7,Multiplicity:1.14
0.001	0.706	0.001	0.292
0.350	0.001	0.001	0.648
0.997	0.001	0.001	0.001
0.001	0.292	0.706	0.001
0.001	0.001	0.001	0.997
0.997	0.001	0.001	0.001
0.001	0.001	0.001	0.997
0.001	0.001	0.706	0.292
0.001	0.001	0.350	0.648
0.997	0.001	0.001	0.001
0.001	0.001	0.292	0.706
0.023	0.961	0.001	0.015
>CACGAAAAATAG	18-CACGAAAAATAG	11.969939	-14.816314	0	T:8.0(9.52%),B:313.3(0.77%),P:1e-6	Tpos:330.1,Tstd:329.3,Bpos:455.6,Bstd:296.3,StrandBias:1.5,Multiplicity:1.88
0.089	0.909	0.001	0.001
0.997	0.001	0.001	0.001
0.029	0.869	0.101	0.001
0.004	0.070	0.899	0.027
0.997	0.001	0.001	0.001
0.997	0.001	0.001	0.001
0.997	0.001	0.001	0.001
0.819	0.179	0.001	0.001
0.750	0.001	0.001	0.248
0.025	0.102	0.001	0.872
0.592	0.232	0.175	0.001
0.004	0.001	0.923	0.072
>TGGTTTGTTGAG	19-TGGTTTGTTGAG	14.090590	-14.141276	0	T:5.0(5.95%),B:75.8(0.19%),P:1e-6	Tpos:665.0,Tstd:201.1,Bpos:542.6,Bstd:285.9,StrandBias:2.3,Multiplicity:1.20
0.001	0.001	0.001	0.997
0.001	0.001	0.810	0.188
0.001	0.001	0.834	0.164
0.001	0.001	0.001	0.997
0.001	0.001	0.001	0.997
0.001	0.001	0.001	0.997
0.232	0.001	0.766	0.001
0.001	0.001	0.001	0.997
0.001	0.001	0.001	0.997
0.001	0.001	0.997	0.001
0.997	0.001	0.001	0.001
0.001	0.001	0.790	0.208
>CGTCGTCCTTCT	20-CGTCGTCCTTCT	10.591549	-13.838636	0	T:5.0(5.95%),B:80.4(0.20%),P:1e-6	Tpos:656.6,Tstd:128.7,Bpos:516.0,Bstd:331.2,StrandBias:2.0,Multiplicity:1.00
0.001	0.959	0.001	0.039
0.001	0.136	0.821	0.042
0.001	0.001	0.001	0.997
0.001	0.997	0.001	0.001
0.001	0.001	0.997	0.001
0.001	0.001	0.001	0.997
0.001	0.997	0.001	0.001
0.001	0.997	0.001	0.001
0.138	0.001	0.001	0.860
0.001	0.001	0.001	0.997
0.001	0.863	0.001	0.135
0.001	0.001	0.001	0.997
>TTTCTGCAGTTT	21-TTTCTGCAGTTT	13.155325	-11.076799	0	T:9.0(10.71%),B:693.6(1.72%),P:1e-4	Tpos:463.2,Tstd:230.4,Bpos:496.5,Bstd:328.3,StrandBias:0.7,Multiplicity:1.78
0.001	0.001	0.001	0.997
0.178	0.001	0.001	0.820
0.001	0.001	0.001	0.997
0.001	0.965	0.001	0.033
0.001	0.001	0.096	0.902
0.001	0.001	0.997	0.001
0.001	0.918	0.001	0.080
0.997	0.001	0.001	0.001
0.107	0.071	0.726	0.096
0.123	0.001	0.001	0.875
0.001	0.001	0.001	0.997
0.136	0.001	0.001	0.862
>CGATTTTGCTCA	22-CGATTTTGCTCA	14.637794	-10.407598	0	T:3.0(3.57%),B:26.4(0.07%),P:1e-4	Tpos:672.0,Tstd:232.1,Bpos:524.2,Bstd:306.3,StrandBias:1.0,Multiplicity:2.00
0.161	0.837	0.001	0.001
0.001	0.001	0.997	0.001
0.997	0.001	0.001	0.001
0.001	0.001	0.001	0.997
0.001	0.001	0.001	0.997
0.001	0.001	0.001	0.997
0.001	0.001	0.001	0.997
0.001	0.001	0.997	0.001
0.001	0.652	0.180	0.167
0.001	0.001	0.001	0.997
0.001	0.997	0.001	0.001
0.997	0.001	0.001	0.001
>TACCCWAAAAAA	23-TACCCWAAAAAA	10.614454	-10.241777	0	T:17.0(20.24%),B:2697.1(6.67%),P:1e-4	Tpos:436.8,Tstd:285.3,Bpos:510.1,Bstd:309.1,StrandBias:0.9,Multiplicity:1.06
0.018	0.101	0.001	0.880
0.872	0.001	0.001	0.126
0.086	0.912	0.001	0.001
0.101	0.682	0.001	0.216
0.036	0.962	0.001	0.001
0.371	0.001	0.129	0.499
0.848	0.001	0.150	0.001
0.872	0.126	0.001	0.001
0.997	0.001	0.001	0.001
0.997	0.001	0.001	0.001
0.651	0.001	0.347	0.001
0.997	0.001	0.001	0.001
>GCAGTCAGGTTA	24-GCAGTCAGGTTA	16.524520	-6.178734	0	T:1.0(1.19%),B:0.0(0.00%),P:1e-2	Tpos:513.5,Tstd:58.7,Bpos:0.0,Bstd:0.0,StrandBias:10.0,Multiplicity:12.00
0.001	0.001	0.997	0.001
0.001	0.997	0.001	0.001
0.997	0.001	0.001	0.001
0.001	0.001	0.997	0.001
0.001	0.001	0.001	0.997
0.001	0.997	0.001	0.001
0.997	0.001	0.001	0.001
0.001	0.001	0.925	0.073
0.001	0.001	0.997	0.001
0.001	0.001	0.001	0.997
0.001	0.001	0.001	0.997
0.997	0.001	0.001	0.001
>TAGCAGACAAAA	25-TAGCAGACAAAA	14.758781	-5.068116	0	T:2.0(2.38%),B:55.6(0.14%),P:1e-2	Tpos:559.2,Tstd:231.9,Bpos:495.2,Bstd:323.3,StrandBias:0.6,Multiplicity:2.50
0.031	0.001	0.001	0.967
0.997	0.001	0.001	0.001
0.001	0.001	0.997	0.001
0.001	0.997	0.001	0.001
0.997	0.001	0.001	0.001
0.001	0.001	0.997	0.001
0.997	0.001	0.001	0.001
0.001	0.931	0.001	0.067
0.788	0.210	0.001	0.001
0.876	0.122	0.001	0.001
0.997	0.001	0.001	0.001
0.944	0.054	0.001	0.001
>GCCGAGGA	1-GCCGAGGA	8.875416	-11.835358	0	T:9.0(10.71%),B:629.3(1.56%),P:1e-5	Tpos:484.8,Tstd:304.4,Bpos:516.1,Bstd:319.7,StrandBias:-0.3,Multiplicity:1.00
0.001	0.001	0.997	0.001
0.001	0.934	0.064	0.001
0.001	0.997	0.001	0.001
0.001	0.001	0.997	0.001
0.879	0.001	0.119	0.001
0.001	0.001	0.997	0.001
0.001	0.001	0.997	0.001
0.997	0.001	0.001	0.001
>CCTTCGAA	2-CCTTCGAA	8.129604	-11.118948	0	T:13.0(15.48%),B:1510.4(3.74%),P:1e-4	Tpos:516.5,Tstd:298.8,Bpos:491.8,Bstd:310.5,StrandBias:1.2,Multiplicity:1.00
0.001	0.997	0.001	0.001
0.001	0.997	0.001	0.001
0.001	0.058	0.001	0.940
0.001	0.001	0.001	0.997
0.001	0.997	0.001	0.001
0.001	0.001	0.997	0.001
0.909	0.001	0.001	0.089
0.997	0.001	0.001	0.001
>TGTTACAC	3-TGTTACAC	10.981583	-4.583305	0	T:6.0(7.14%),B:879.0(2.17%),P:1e-1	Tpos:259.7,Tstd:273.9,Bpos:465.8,Bstd:282.9,StrandBias:1.4,Multiplicity:1.83
0.001	0.001	0.082	0.916
0.001	0.001	0.997	0.001
0.001	0.001	0.001	0.997
0.001	0.001	0.001	0.997
0.997	0.001	0.001	0.001
0.001	0.997	0.001	0.001
0.997	0.001	0.001	0.001
0.001	0.997	0.001	0.001
>GTCTGCTA	4-GTCTGCTA	8.236954	-1.240379	0	T:2.0(2.38%),B:513.4(1.27%),P:1e0	Tpos:675.8,Tstd:195.2,Bpos:526.8,Bstd:342.8,StrandBias:0.0,Multiplicity:6.00
0.100	0.100	0.700	0.100
0.100	0.100	0.100	0.700
0.100	0.700	0.100	0.100
0.100	0.100	0.100	0.700
0.100	0.100	0.700	0.100
0.100	0.700	0.100	0.100
0.100	0.100	0.100	0.700
0.700	0.100	0.100	0.100
>CAGTCAGG	5-CAGTCAGG	8.236954	-0.752168	0	T:1.0(1.19%),B:305.8(0.76%),P:1e0	Tpos:512.5,Tstd:58.7,Bpos:481.8,Bstd:300.5,StrandBias:10.0,Multiplicity:12.00
0.100	0.700	0.100	0.100
0.700	0.100	0.100	0.100
0.100	0.100	0.700	0.100
0.100	0.100	0.100	0.700
0.100	0.700	0.100	0.100
0.700	0.100	0.100	0.100
0.100	0.100	0.700	0.100
0.100	0.100	0.700	0.100
