>ACCCCCACCC	1-ACCCCCACCC	9.626231	-21.816202	0	T:10.0(11.90%),B:267.9(0.66%),P:1e-9	Tpos:441.3,Tstd:302.5,Bpos:514.3,Bstd:323.3,StrandBias:0.8,Multiplicity:1.10
0.898	0.100	0.001	0.001
0.001	0.997	0.001	0.001
0.001	0.997	0.001	0.001
0.001	0.997	0.001	0.001
0.154	0.844	0.001	0.001
0.001	0.821	0.177	0.001
0.997	0.001	0.001	0.001
0.001	0.682	0.135	0.182
0.119	0.879	0.001	0.001
0.001	0.997	0.001	0.001
>ATTGAGCRGA	2-ATTGAGCRGA	9.239868	-21.212186	0	T:28.0(33.33%),B:3661.7(9.06%),P:1e-9	Tpos:521.6,Tstd:289.2,Bpos:513.3,Bstd:308.1,StrandBias:-0.5,Multiplicity:1.14
0.803	0.001	0.195	0.001
0.001	0.001	0.001	0.997
0.001	0.001	0.011	0.987
0.001	0.001	0.805	0.193
0.698	0.001	0.300	0.001
0.001	0.001	0.685	0.313
0.247	0.751	0.001	0.001
0.514	0.001	0.484	0.001
0.225	0.001	0.773	0.001
0.988	0.001	0.001	0.010
>TGATTCTATT	3-TGATTCTATT	9.995242	-21.018741	0	T:21.0(25.00%),B:2016.9(4.99%),P:1e-9	Tpos:565.5,Tstd:289.4,Bpos:506.7,Bstd:301.6,StrandBias:-0.4,Multiplicity:1.00
0.001	0.086	0.001	0.912
0.040	0.049	0.819	0.092
0.808	0.074	0.095	0.023
0.001	0.001	0.001	0.997
0.001	0.001	0.001	0.997
0.103	0.895	0.001	0.001
0.001	0.053	0.052	0.894
0.842	0.054	0.072	0.032
0.001	0.001	0.001	0.997
0.001	0.106	0.001	0.892
>GTCGGGGTGT	4-GTCGGGGTGT	11.003359	-20.879843	0	T:8.0(9.52%),B:139.1(0.34%),P:1e-9	Tpos:581.4,Tstd:387.3,Bpos:459.6,Bstd:311.9,StrandBias:-0.7,Multiplicity:1.00
0.001	0.001	0.997	0.001
0.171	0.001	0.001	0.827
0.154	0.844	0.001	0.001
0.001	0.001	0.869	0.129
0.126	0.001	0.761	0.112
0.001	0.001	0.997	0.001
0.001	0.001	0.997	0.001
0.001	0.001	0.001	0.997
0.001	0.001	0.872	0.126
0.001	0.001	0.001	0.997
>GACGGCGCTT	5-GACGGCGCTT	9.563813	-20.617744	0	T:11.0(13.10%),B:405.6(1.00%),P:1e-8	Tpos:458.2,Tstd:329.5,Bpos:472.5,Bstd:313.4,StrandBias:0.8,Multiplicity:1.00
0.001	0.001	0.997	0.001
0.907	0.001	0.091	0.001
0.001	0.997	0.001	0.001
0.001	0.149	0.849	0.001
0.093	0.139	0.767	0.001
0.388	0.610	0.001	0.001
0.115	0.001	0.736	0.148
0.101	0.897	0.001	0.001
0.001	0.135	0.001	0.863
0.135	0.001	0.001	0.863
>ACAAGCTGGC	6-ACAAGCTGGC	10.541954	-20.098085	0	T:10.0(11.90%),B:321.3(0.79%),P:1e-8	Tpos:496.6,Tstd:254.9,Bpos:484.0,Bstd:287.3,StrandBias:1.2,Multiplicity:1.00
0.868	0.001	0.130	0.001
0.001	0.914	0.084	0.001
0.997	0.001	0.001	0.001
0.997	0.001	0.001	0.001
0.001	0.001	0.997	0.001
0.001	0.922	0.001	0.076
0.106	0.001	0.131	0.762
0.001	0.001	0.997	0.001
0.097	0.001	0.798	0.104
0.001	0.997	0.001	0.001
>AACCATATTC	7-AACCATATTC	9.557717	-18.926040	0	T:15.0(17.86%),B:1067.7(2.64%),P:1e-8	Tpos:590.7,Tstd:240.6,Bpos:489.9,Bstd:303.0,StrandBias:-0.2,Multiplicity:1.00
0.922	0.076	0.001	0.001
0.820	0.095	0.084	0.001
0.025	0.973	0.001	0.001
0.025	0.796	0.001	0.178
0.917	0.001	0.081	0.001
0.001	0.061	0.001	0.937
0.903	0.001	0.073	0.023
0.001	0.001	0.001	0.997
0.001	0.095	0.001	0.903
0.064	0.902	0.001	0.033
>TACATAGTAA	8-TACATAGTAA	9.773509	-13.523901	0	T:12.0(14.29%),B:1011.6(2.50%),P:1e-5	Tpos:619.5,Tstd:215.8,Bpos:516.0,Bstd:290.3,StrandBias:-1.0,Multiplicity:1.00
0.146	0.001	0.001	0.852
0.731	0.001	0.001	0.267
0.001	0.869	0.001	0.129
0.997	0.001	0.001	0.001
0.001	0.001	0.001	0.997
0.788	0.210	0.001	0.001
0.001	0.335	0.632	0.032
0.001	0.001	0.164	0.834
0.968	0.001	0.001	0.030
0.786	0.001	0.212	0.001
>TTATCCTTTT	9-TTATCCTTTT	10.610300	-12.894298	0	T:11.0(13.10%),B:887.0(2.19%),P:1e-5	Tpos:640.5,Tstd:269.0,Bpos:517.0,Bstd:307.0,StrandBias:2.2,Multiplicity:1.00
0.001	0.001	0.117	0.881
0.001	0.001	0.001	0.997
0.941	0.001	0.057	0.001
0.001	0.001	0.001	0.997
0.001	0.997	0.001	0.001
0.001	0.997	0.001	0.001
0.001	0.001	0.001	0.997
0.110	0.001	0.001	0.888
0.115	0.001	0.001	0.883
0.001	0.001	0.001	0.997
>GTTCTCGCGG	10-GTTCTCGCGG	12.469410	-12.763555	0	T:4.0(4.76%),B:43.2(0.11%),P:1e-5	Tpos:555.0,Tstd:158.4,Bpos:507.7,Bstd:302.9,StrandBias:-1.6,Multiplicity:1.00
0.001	0.001	0.997	0.001
0.001	0.001	0.001	0.997
0.001	0.001	0.001	0.997
0.001	0.997	0.001	0.001
0.001	0.001	0.001	0.997
0.001	0.997	0.001	0.001
0.001	0.001	0.997	0.001
0.001	0.997	0.001	0.001
0.001	0.001	0.743	0.255
0.001	0.001	0.997	0.001
>RDRMTTCTKS	11-RDRMTTCTKS	7.627996	-12.472420	0	T:25.0(29.76%),B:4559.9(11.28%),P:1e-5	Tpos:398.9,Tstd:248.1,Bpos:489.5,Bstd:297.6,StrandBias:-0.1,Multiplicity:1.08
0.507	0.012	0.433	0.048
0.323	0.017	0.331	0.329
0.512	0.045	0.420	0.023
0.449	0.465	0.021	0.065
0.029	0.096	0.053	0.822
0.041	0.068	0.054	0.837
0.322	0.548	0.102	0.028
0.069	0.065	0.032	0.834
0.063	0.014	0.397	0.526
0.215	0.313	0.417	0.055
>ATTTTTACAT	12-ATTTTTACAT	8.864824	-12.305988	0	T:37.0(44.05%),B:8809.2(21.79%),P:1e-5	Tpos:569.6,Tstd:281.4,Bpos:500.4,Bstd:300.4,StrandBias:0.7,Multiplicity:1.35
0.896	0.038	0.020	0.046
0.016	0.041	0.071	0.872
0.021	0.001	0.051	0.927
0.053	0.181	0.058	0.708
0.036	0.023	0.032	0.909
0.001	0.363	0.001	0.635
0.860	0.038	0.101	0.001
0.001	0.997	0.001	0.001
0.855	0.083	0.061	0.001
0.249	0.023	0.001	0.727
>CAAAAACCTG	13-CAAAAACCTG	9.979765	-10.615913	0	T:12.0(14.29%),B:1353.8(3.35%),P:1e-4	Tpos:501.7,Tstd:299.2,Bpos:506.9,Bstd:313.4,StrandBias:-0.2,Multiplicity:1.25
0.017	0.746	0.203	0.034
0.997	0.001	0.001	0.001
0.903	0.001	0.001	0.095
0.997	0.001	0.001	0.001
0.997	0.001	0.001	0.001
0.865	0.082	0.001	0.052
0.032	0.922	0.045	0.001
0.170	0.787	0.001	0.042
0.031	0.065	0.001	0.903
0.032	0.039	0.905	0.024
>TGRTCTSCTA	14-TGRTCTSCTA	10.254492	-8.304498	0	T:7.0(8.33%),B:590.2(1.46%),P:1e-3	Tpos:506.8,Tstd:281.9,Bpos:514.1,Bstd:312.8,StrandBias:0.3,Multiplicity:1.57
0.001	0.001	0.041	0.957
0.001	0.001	0.975	0.023
0.338	0.199	0.463	0.001
0.001	0.001	0.001	0.997
0.001	0.661	0.337	0.001
0.001	0.001	0.001	0.997
0.001	0.338	0.463	0.199
0.001	0.997	0.001	0.001
0.001	0.001	0.001	0.997
0.661	0.337	0.001	0.001
>ATTTTTCGGG	15-ATTTTTCGGG	11.450585	-6.316633	0	T:11.0(13.10%),B:1881.0(4.65%),P:1e-2	Tpos:390.7,Tstd:352.1,Bpos:506.8,Bstd:327.1,StrandBias:-0.5,Multiplicity:1.73
0.997	0.001	0.001	0.001
0.215	0.001	0.001	0.783
0.001	0.001	0.001	0.997
0.001	0.001	0.001	0.997
0.001	0.001	0.001	0.997
0.001	0.001	0.001	0.997
0.001	0.783	0.215	0.001
0.336	0.001	0.662	0.001
0.001	0.001	0.664	0.334
0.001	0.327	0.671	0.001
>ATTTAGSACC	16-ATTTAGSACC	9.508000	-5.820119	0	T:5.0(5.95%),B:464.0(1.15%),P:1e-2	Tpos:622.7,Tstd:96.3,Bpos:502.7,Bstd:307.3,StrandBias:1.4,Multiplicity:2.20
0.650	0.001	0.348	0.001
0.001	0.001	0.001	0.997
0.001	0.001	0.001	0.997
0.001	0.001	0.001	0.997
0.462	0.298	0.239	0.001
0.001	0.001	0.997	0.001
0.001	0.566	0.432	0.001
0.889	0.001	0.001	0.109
0.001	0.922	0.076	0.001
0.001	0.997	0.001	0.001
>GCACTTGGCA	17-GCACTTGGCA	10.296193	-5.362780	0	T:2.0(2.38%),B:47.2(0.12%),P:1e-2	Tpos:536.0,Tstd:193.1,Bpos:564.0,Bstd:291.7,StrandBias:0.0,Multiplicity:2.00
0.100	0.100	0.700	0.100
0.100	0.700	0.100	0.100
0.700	0.100	0.100	0.100
0.100	0.700	0.100	0.100
0.100	0.100	0.100	0.700
0.100	0.100	0.100	0.700
0.100	0.100	0.700	0.100
0.100	0.100	0.700	0.100
0.100	0.700	0.100	0.100
0.700	0.100	0.100	0.100
>AACCTGACTG	18-AACCTGACTG	10.296193	-3.552972	0	T:1.0(1.19%),B:14.0(0.03%),P:1e-1	Tpos:512.5,Tstd:58.7,Bpos:508.1,Bstd:242.8,StrandBias:-10.0,Multiplicity:12.00
0.700	0.100	0.100	0.100
0.700	0.100	0.100	0.100
0.100	0.700	0.100	0.100
0.100	0.700	0.100	0.100
0.100	0.100	0.100	0.700
0.100	0.100	0.700	0.100
0.700	0.100	0.100	0.100
0.100	0.700	0.100	0.100
0.100	0.100	0.100	0.700
0.100	0.100	0.700	0.100
