>TCGTACATGA	1-TCGTACATGA	10.510392	-24.691450	0	T:11.0(11.11%),B:228.0(0.56%),P:1e-10	Tpos:609.4,Tstd:288.3,Bpos:509.5,Bstd:288.1,StrandBias:0.8,Multiplicity:1.00
0.001	0.001	0.001	0.997
0.088	0.910	0.001	0.001
0.001	0.001	0.997	0.001
0.001	0.001	0.110	0.888
0.867	0.001	0.131	0.001
0.001	0.885	0.001	0.113
0.895	0.001	0.001	0.103
0.001	0.001	0.001	0.997
0.220	0.119	0.660	0.001
0.997	0.001	0.001	0.001
>TCTCGTCAAA	2-TCTCGTCAAA	9.236123	-18.591019	0	T:28.0(28.28%),B:3419.1(8.45%),P:1e-8	Tpos:606.7,Tstd:238.6,Bpos:511.5,Bstd:321.7,StrandBias:-0.4,Multiplicity:1.07
0.032	0.001	0.080	0.887
0.283	0.529	0.073	0.115
0.005	0.047	0.001	0.947
0.195	0.616	0.065	0.124
0.082	0.224	0.554	0.140
0.035	0.001	0.170	0.794
0.084	0.716	0.083	0.117
0.997	0.001	0.001	0.001
0.997	0.001	0.001	0.001
0.997	0.001	0.001	0.001
>GCTAGCGGTT	3-GCTAGCGGTT	10.752433	-18.280807	0	T:7.0(7.07%),B:104.4(0.26%),P:1e-7	Tpos:447.3,Tstd:204.4,Bpos:476.1,Bstd:347.7,StrandBias:0.4,Multiplicity:1.00
0.001	0.001	0.997	0.001
0.001	0.997	0.001	0.001
0.095	0.001	0.099	0.805
0.997	0.001	0.001	0.001
0.001	0.001	0.858	0.140
0.001	0.731	0.145	0.123
0.096	0.001	0.902	0.001
0.001	0.001	0.997	0.001
0.156	0.001	0.001	0.842
0.001	0.001	0.001	0.997
>TAGCTGTATT	4-TAGCTGTATT	10.494675	-16.990653	0	T:11.0(11.11%),B:488.4(1.21%),P:1e-7	Tpos:573.0,Tstd:320.1,Bpos:475.0,Bstd:294.6,StrandBias:-1.0,Multiplicity:1.09
0.063	0.001	0.095	0.841
0.937	0.001	0.001	0.061
0.045	0.001	0.953	0.001
0.150	0.777	0.072	0.001
0.001	0.001	0.101	0.897
0.001	0.001	0.881	0.117
0.056	0.001	0.001	0.942
0.957	0.001	0.001	0.041
0.001	0.001	0.001	0.997
0.101	0.001	0.001	0.897
>TCGGCCAAAT	5-TCGGCCAAAT	8.859591	-16.691674	0	T:15.0(15.15%),B:1062.3(2.63%),P:1e-7	Tpos:412.9,Tstd:319.6,Bpos:490.8,Bstd:308.7,StrandBias:-0.8,Multiplicity:1.20
0.001	0.001	0.183	0.815
0.001	0.800	0.198	0.001
0.001	0.001	0.997	0.001
0.047	0.001	0.951	0.001
0.001	0.844	0.154	0.001
0.001	0.774	0.224	0.001
0.728	0.001	0.270	0.001
0.658	0.340	0.001	0.001
0.854	0.001	0.144	0.001
0.001	0.001	0.348	0.650
>GTAACTATAG	6-GTAACTATAG	10.395149	-15.637933	0	T:11.0(11.11%),B:560.2(1.38%),P:1e-6	Tpos:491.2,Tstd:315.9,Bpos:520.8,Bstd:318.7,StrandBias:-1.0,Multiplicity:1.09
0.001	0.001	0.997	0.001
0.079	0.001	0.001	0.919
0.997	0.001	0.001	0.001
0.709	0.154	0.001	0.136
0.083	0.835	0.001	0.081
0.105	0.001	0.001	0.893
0.758	0.134	0.001	0.107
0.001	0.001	0.001	0.997
0.997	0.001	0.001	0.001
0.001	0.001	0.997	0.001
>ACTTTGGAAG	7-ACTTTGGAAG	10.103457	-15.438279	0	T:17.0(17.17%),B:1528.6(3.78%),P:1e-6	Tpos:508.2,Tstd:303.8,Bpos:498.5,Bstd:291.0,StrandBias:1.1,Multiplicity:1.12
0.892	0.106	0.001	0.001
0.019	0.860	0.120	0.001
0.075	0.001	0.001	0.923
0.001	0.001	0.101	0.897
0.001	0.001	0.001	0.997
0.001	0.061	0.917	0.021
0.160	0.070	0.769	0.001
0.997	0.001	0.001	0.001
0.997	0.001	0.001	0.001
0.114	0.059	0.789	0.038
>GCAGGAGCAT	8-GCAGGAGCAT	6.769808	-14.773753	0	T:7.0(7.07%),B:178.7(0.44%),P:1e-6	Tpos:277.1,Tstd:178.6,Bpos:401.6,Bstd:304.8,StrandBias:1.6,Multiplicity:1.14
0.001	0.001	0.997	0.001
0.001	0.997	0.001	0.001
0.730	0.268	0.001	0.001
0.001	0.001	0.997	0.001
0.001	0.001	0.997	0.001
0.997	0.001	0.001	0.001
0.001	0.001	0.997	0.001
0.001	0.851	0.001	0.147
0.997	0.001	0.001	0.001
0.001	0.001	0.001	0.997
>GGCATATTGT	9-GGCATATTGT	10.014421	-14.495116	0	T:14.0(14.14%),B:1091.7(2.70%),P:1e-6	Tpos:516.4,Tstd:261.8,Bpos:499.9,Bstd:293.1,StrandBias:0.7,Multiplicity:1.14
0.070	0.001	0.877	0.052
0.001	0.001	0.997	0.001
0.048	0.784	0.090	0.078
0.890	0.001	0.001	0.108
0.061	0.001	0.001	0.937
0.906	0.001	0.092	0.001
0.001	0.001	0.001	0.997
0.001	0.001	0.001	0.997
0.001	0.075	0.763	0.161
0.083	0.001	0.001	0.915
>AAGTAGCAAA	10-AAGTAGCAAA	9.728021	-13.733711	0	T:19.0(19.19%),B:2146.3(5.31%),P:1e-5	Tpos:448.5,Tstd:303.3,Bpos:520.6,Bstd:308.0,StrandBias:-0.7,Multiplicity:1.11
0.873	0.001	0.001	0.125
0.997	0.001	0.001	0.001
0.044	0.034	0.908	0.014
0.035	0.001	0.056	0.908
0.996	0.002	0.001	0.001
0.027	0.001	0.569	0.403
0.001	0.696	0.203	0.100
0.939	0.001	0.001	0.059
0.901	0.001	0.001	0.097
0.659	0.339	0.001	0.001
>GTCAGTGCAA	11-GTCAGTGCAA	8.964153	-11.775070	0	T:8.0(8.08%),B:401.6(0.99%),P:1e-5	Tpos:301.1,Tstd:173.2,Bpos:467.3,Bstd:293.8,StrandBias:1.3,Multiplicity:1.75
0.001	0.001	0.997	0.001
0.001	0.001	0.102	0.896
0.092	0.906	0.001	0.001
0.997	0.001	0.001	0.001
0.067	0.001	0.867	0.065
0.079	0.001	0.001	0.919
0.001	0.001	0.997	0.001
0.001	0.915	0.001	0.083
0.997	0.001	0.001	0.001
0.886	0.001	0.112	0.001
>AGCCTGAATC	12-AGCCTGAATC	10.718688	-10.370610	0	T:6.0(6.06%),B:238.5(0.59%),P:1e-4	Tpos:337.6,Tstd:229.7,Bpos:484.3,Bstd:297.8,StrandBias:-0.3,Multiplicity:1.50
0.997	0.001	0.001	0.001
0.001	0.001	0.997	0.001
0.111	0.796	0.001	0.092
0.097	0.821	0.001	0.081
0.001	0.001	0.122	0.876
0.134	0.001	0.864	0.001
0.997	0.001	0.001	0.001
0.824	0.001	0.174	0.001
0.001	0.001	0.001	0.997
0.001	0.926	0.001	0.072
>TTTGGCAATC	13-TTTGGCAATC	8.594068	-10.255884	0	T:15.0(15.15%),B:1805.4(4.46%),P:1e-4	Tpos:567.1,Tstd:330.9,Bpos:487.9,Bstd:302.3,StrandBias:1.3,Multiplicity:1.13
0.001	0.001	0.001	0.997
0.001	0.001	0.001	0.997
0.001	0.001	0.001	0.997
0.160	0.109	0.730	0.001
0.001	0.017	0.981	0.001
0.001	0.768	0.110	0.121
0.581	0.187	0.231	0.001
0.997	0.001	0.001	0.001
0.037	0.010	0.009	0.944
0.001	0.997	0.001	0.001
>ATTGATGAAG	14-ATTGATGAAG	11.184441	-10.103535	0	T:11.0(11.11%),B:1010.5(2.50%),P:1e-4	Tpos:555.0,Tstd:264.2,Bpos:496.9,Bstd:306.6,StrandBias:0.0,Multiplicity:1.09
0.753	0.001	0.001	0.245
0.001	0.001	0.001	0.997
0.001	0.001	0.184	0.814
0.001	0.001	0.997	0.001
0.786	0.001	0.212	0.001
0.001	0.001	0.001	0.997
0.001	0.001	0.997	0.001
0.997	0.001	0.001	0.001
0.997	0.001	0.001	0.001
0.001	0.001	0.642	0.356
>TAGSTCACAA	15-TAGSTCACAA	8.476196	-9.745604	0	T:17.0(17.17%),B:2356.2(5.82%),P:1e-4	Tpos:440.3,Tstd:333.8,Bpos:508.5,Bstd:317.5,StrandBias:-0.3,Multiplicity:1.29
0.001	0.106	0.104	0.789
0.833	0.165	0.001	0.001
0.001	0.001	0.997	0.001
0.001	0.523	0.475	0.001
0.095	0.139	0.001	0.765
0.001	0.919	0.001	0.079
0.637	0.112	0.001	0.250
0.106	0.819	0.074	0.001
0.997	0.001	0.001	0.001
0.719	0.001	0.279	0.001
>AACTAATTGA	16-AACTAATTGA	11.356989	-9.148250	0	T:8.0(8.08%),B:585.7(1.45%),P:1e-3	Tpos:549.7,Tstd:270.3,Bpos:486.6,Bstd:294.1,StrandBias:0.3,Multiplicity:1.12
0.997	0.001	0.001	0.001
0.884	0.001	0.114	0.001
0.001	0.997	0.001	0.001
0.001	0.001	0.001	0.997
0.997	0.001	0.001	0.001
0.997	0.001	0.001	0.001
0.001	0.001	0.001	0.997
0.001	0.107	0.001	0.891
0.001	0.001	0.997	0.001
0.881	0.001	0.117	0.001
>CTMTGATACT	17-CTMTGATACT	10.761944	-8.457596	0	T:5.0(5.05%),B:215.1(0.53%),P:1e-3	Tpos:437.1,Tstd:174.7,Bpos:495.1,Bstd:306.6,StrandBias:1.6,Multiplicity:1.60
0.001	0.997	0.001	0.001
0.001	0.001	0.001	0.997
0.550	0.448	0.001	0.001
0.001	0.001	0.001	0.997
0.001	0.001	0.863	0.135
0.997	0.001	0.001	0.001
0.001	0.001	0.001	0.997
0.997	0.001	0.001	0.001
0.001	0.619	0.379	0.001
0.001	0.001	0.001	0.997
>TGTCACGTGG	18-TGTCACGTGG	8.350283	-7.714912	0	T:12.0(12.12%),B:1557.6(3.85%),P:1e-3	Tpos:754.2,Tstd:247.3,Bpos:521.9,Bstd:323.0,StrandBias:0.0,Multiplicity:1.09
0.100	0.100	0.100	0.700
0.100	0.100	0.700	0.100
0.100	0.100	0.100	0.700
0.100	0.700	0.100	0.100
0.700	0.100	0.100	0.100
0.100	0.700	0.100	0.100
0.100	0.100	0.700	0.100
0.100	0.100	0.100	0.700
0.100	0.100	0.700	0.100
0.100	0.100	0.700	0.100
>AWCTTAAGGG	19-AWCTTAAGGG	10.054457	-7.620123	0	T:6.0(6.06%),B:399.3(0.99%),P:1e-3	Tpos:438.4,Tstd:211.4,Bpos:500.5,Bstd:290.1,StrandBias:-10.0,Multiplicity:1.67
0.997	0.001	0.001	0.001
0.444	0.001	0.001	0.554
0.001	0.903	0.001	0.095
0.001	0.001	0.001	0.997
0.247	0.001	0.001	0.751
0.847	0.001	0.151	0.001
0.790	0.208	0.001	0.001
0.001	0.001	0.997	0.001
0.001	0.001	0.802	0.196
0.175	0.001	0.777	0.047
