>GCATTWATCTTG	1-GCATTWATCTTG	9.814550	-21.731822	0	T:10.0(10.10%),B:226.8(0.56%),P:1e-9	Tpos:600.4,Tstd:203.3,Bpos:534.2,Bstd:321.0,StrandBias:0.6,Multiplicity:1.00
0.001	0.001	0.997	0.001
0.011	0.987	0.001	0.001
0.982	0.001	0.016	0.001
0.001	0.322	0.001	0.676
0.001	0.001	0.001	0.997
0.570	0.001	0.001	0.428
0.570	0.417	0.001	0.012
0.001	0.001	0.001	0.997
0.001	0.997	0.001	0.001
0.087	0.001	0.330	0.582
0.001	0.001	0.001	0.997
0.001	0.001	0.997	0.001
>AAAGCGATAAGA	2-AAAGCGATAAGA	10.924579	-21.219882	0	T:14.0(14.14%),B:629.0(1.55%),P:1e-9	Tpos:432.1,Tstd:285.3,Bpos:538.1,Bstd:316.3,StrandBias:-2.0,Multiplicity:1.07
0.997	0.001	0.001	0.001
0.997	0.001	0.001	0.001
0.997	0.001	0.001	0.001
0.003	0.179	0.649	0.169
0.001	0.940	0.001	0.058
0.140	0.001	0.775	0.084
0.897	0.001	0.001	0.101
0.096	0.192	0.003	0.709
0.691	0.180	0.128	0.001
0.581	0.001	0.309	0.109
0.001	0.001	0.917	0.081
0.831	0.001	0.001	0.167
>ATTTGGCGATCT	3-ATTTGGCGATCT	10.623758	-21.036127	0	T:13.0(13.13%),B:524.9(1.30%),P:1e-9	Tpos:503.2,Tstd:336.3,Bpos:464.1,Bstd:325.5,StrandBias:0.4,Multiplicity:1.08
0.740	0.001	0.001	0.258
0.087	0.001	0.078	0.834
0.001	0.087	0.004	0.908
0.001	0.001	0.001	0.997
0.094	0.094	0.811	0.001
0.264	0.078	0.627	0.031
0.046	0.801	0.001	0.152
0.201	0.132	0.666	0.001
0.913	0.001	0.001	0.085
0.001	0.078	0.094	0.827
0.001	0.888	0.078	0.033
0.001	0.001	0.001	0.997
>AAATACCGTTCG	4-AAATACCGTTCG	13.988716	-19.557687	0	T:5.0(5.05%),B:19.8(0.05%),P:1e-8	Tpos:655.4,Tstd:197.8,Bpos:487.8,Bstd:341.0,StrandBias:0.6,Multiplicity:1.00
0.997	0.001	0.001	0.001
0.997	0.001	0.001	0.001
0.997	0.001	0.001	0.001
0.001	0.001	0.241	0.757
0.821	0.001	0.001	0.177
0.001	0.997	0.001	0.001
0.001	0.997	0.001	0.001
0.001	0.001	0.849	0.149
0.001	0.001	0.001	0.997
0.001	0.001	0.001	0.997
0.001	0.784	0.214	0.001
0.001	0.001	0.997	0.001
>TTTAATTTACAG	5-TTTAATTTACAG	12.766716	-18.133774	0	T:13.0(13.13%),B:672.1(1.66%),P:1e-7	Tpos:569.2,Tstd:272.2,Bpos:515.3,Bstd:317.0,StrandBias:-0.7,Multiplicity:1.00
0.001	0.001	0.145	0.853
0.001	0.001	0.001	0.997
0.100	0.001	0.001	0.898
0.997	0.001	0.001	0.001
0.912	0.001	0.001	0.086
0.001	0.001	0.001	0.997
0.001	0.001	0.001	0.997
0.001	0.001	0.001	0.997
0.701	0.083	0.001	0.215
0.001	0.840	0.158	0.001
0.997	0.001	0.001	0.001
0.001	0.001	0.896	0.102
>TAGGTCACYGAA	6-TAGGTCACYGAA	8.450565	-17.459418	0	T:21.0(21.21%),B:2065.0(5.10%),P:1e-7	Tpos:467.7,Tstd:249.0,Bpos:511.9,Bstd:312.7,StrandBias:-0.4,Multiplicity:1.24
0.113	0.061	0.001	0.825
0.667	0.059	0.062	0.212
0.222	0.001	0.776	0.001
0.096	0.004	0.867	0.033
0.118	0.319	0.001	0.562
0.001	0.657	0.133	0.209
0.781	0.001	0.054	0.164
0.068	0.890	0.041	0.001
0.010	0.454	0.001	0.535
0.045	0.059	0.895	0.001
0.870	0.001	0.128	0.001
0.888	0.066	0.045	0.001
>TCAATCGATTCC	7-TCAATCGATTCC	13.643706	-17.341720	0	T:6.0(6.06%),B:68.2(0.17%),P:1e-7	Tpos:507.7,Tstd:313.6,Bpos:477.3,Bstd:309.7,StrandBias:2.6,Multiplicity:1.17
0.001	0.001	0.001	0.997
0.001	0.866	0.001	0.132
0.854	0.144	0.001	0.001
0.997	0.001	0.001	0.001
0.001	0.001	0.001	0.997
0.001	0.997	0.001	0.001
0.001	0.132	0.866	0.001
0.696	0.170	0.001	0.133
0.001	0.001	0.001	0.997
0.001	0.001	0.001	0.997
0.001	0.997	0.001	0.001
0.001	0.883	0.115	0.001
>GTGACTAATTAG	8-GTGACTAATTAG	14.371743	-16.691558	0	T:3.0(3.03%),B:1.7(0.00%),P:1e-7	Tpos:514.0,Tstd:209.5,Bpos:380.5,Bstd:57.2,StrandBias:1.0,Multiplicity:1.00
0.001	0.001	0.997	0.001
0.219	0.001	0.001	0.779
0.001	0.219	0.779	0.001
0.849	0.149	0.001	0.001
0.001	0.829	0.169	0.001
0.001	0.001	0.001	0.997
0.726	0.001	0.133	0.140
0.858	0.001	0.001	0.140
0.149	0.001	0.001	0.849
0.001	0.001	0.001	0.997
0.547	0.170	0.133	0.150
0.001	0.001	0.849	0.149
>TCAAAAATAGTA	9-TCAAAAATAGTA	12.873606	-15.637933	0	T:11.0(11.11%),B:561.0(1.39%),P:1e-6	Tpos:603.7,Tstd:247.8,Bpos:506.1,Bstd:300.9,StrandBias:0.8,Multiplicity:1.00
0.001	0.114	0.001	0.884
0.001	0.925	0.001	0.073
0.997	0.001	0.001	0.001
0.878	0.001	0.120	0.001
0.997	0.001	0.001	0.001
0.997	0.001	0.001	0.001
0.997	0.001	0.001	0.001
0.001	0.001	0.001	0.997
0.846	0.105	0.001	0.048
0.045	0.096	0.807	0.052
0.001	0.001	0.086	0.912
0.819	0.001	0.113	0.067
>CTMGTTTGAGAA	10-CTMGTTTGAGAA	13.000367	-15.031259	0	T:5.0(5.05%),B:52.1(0.13%),P:1e-6	Tpos:750.8,Tstd:279.9,Bpos:511.6,Bstd:297.6,StrandBias:-2.0,Multiplicity:1.00
0.263	0.731	0.005	0.001
0.118	0.001	0.219	0.662
0.432	0.559	0.008	0.001
0.001	0.001	0.997	0.001
0.345	0.001	0.001	0.653
0.001	0.001	0.001	0.997
0.153	0.001	0.001	0.845
0.001	0.001	0.734	0.264
0.852	0.001	0.001	0.146
0.095	0.001	0.903	0.001
0.878	0.001	0.006	0.115
0.997	0.001	0.001	0.001
>AGTTGCACTTAC	11-AGTTGCACTTAC	13.921263	-13.301020	0	T:3.0(3.03%),B:7.3(0.02%),P:1e-5	Tpos:461.4,Tstd:243.7,Bpos:481.7,Bstd:345.5,StrandBias:-0.6,Multiplicity:1.67
0.634	0.001	0.001	0.364
0.001	0.001	0.981	0.017
0.001	0.001	0.001	0.997
0.001	0.001	0.364	0.634
0.001	0.001	0.796	0.202
0.001	0.997	0.001	0.001
0.997	0.001	0.001	0.001
0.001	0.997	0.001	0.001
0.001	0.001	0.001	0.997
0.001	0.001	0.270	0.728
0.997	0.001	0.001	0.001
0.202	0.796	0.001	0.001
>AAAAGCGGATTT	12-AAAAGCGGATTT	13.708224	-12.274261	0	T:5.0(5.05%),B:94.3(0.23%),P:1e-5	Tpos:676.2,Tstd:167.9,Bpos:514.7,Bstd:273.8,StrandBias:-10.0,Multiplicity:1.20
0.766	0.232	0.001	0.001
0.997	0.001	0.001	0.001
0.997	0.001	0.001	0.001
0.997	0.001	0.001	0.001
0.001	0.001	0.934	0.064
0.001	0.873	0.125	0.001
0.001	0.001	0.905	0.093
0.105	0.118	0.776	0.001
0.997	0.001	0.001	0.001
0.130	0.001	0.001	0.868
0.001	0.001	0.001	0.997
0.001	0.001	0.001	0.997
>GGCCGAAATTCC	13-GGCCGAAATTCC	12.521338	-11.626439	0	T:4.0(4.04%),B:49.1(0.12%),P:1e-5	Tpos:210.7,Tstd:171.2,Bpos:478.8,Bstd:380.5,StrandBias:1.3,Multiplicity:1.75
0.156	0.001	0.675	0.168
0.001	0.001	0.997	0.001
0.302	0.696	0.001	0.001
0.001	0.830	0.168	0.001
0.001	0.001	0.997	0.001
0.997	0.001	0.001	0.001
0.997	0.001	0.001	0.001
0.997	0.001	0.001	0.001
0.146	0.001	0.001	0.852
0.001	0.001	0.001	0.997
0.001	0.997	0.001	0.001
0.001	0.997	0.001	0.001
>AAGTATCATAGA	14-AAGTATCATAGA	12.618955	-11.228225	0	T:3.0(3.03%),B:16.6(0.04%),P:1e-4	Tpos:389.3,Tstd:176.4,Bpos:484.4,Bstd:369.9,StrandBias:-2.3,Multiplicity:2.00
0.997	0.001	0.001	0.001
0.997	0.001	0.001	0.001
0.001	0.001	0.997	0.001
0.001	0.001	0.001	0.997
0.997	0.001	0.001	0.001
0.001	0.001	0.001	0.997
0.156	0.842	0.001	0.001
0.997	0.001	0.001	0.001
0.001	0.001	0.001	0.997
0.997	0.001	0.001	0.001
0.001	0.001	0.997	0.001
0.879	0.119	0.001	0.001
>GTCAGTGCAATT	15-GTCAGTGCAATT	10.059863	-10.872369	0	T:4.0(4.04%),B:60.4(0.15%),P:1e-4	Tpos:254.2,Tstd:207.8,Bpos:528.0,Bstd:275.3,StrandBias:0.6,Multiplicity:1.25
0.001	0.001	0.997	0.001
0.001	0.001	0.001	0.997
0.001	0.997	0.001	0.001
0.997	0.001	0.001	0.001
0.001	0.001	0.997	0.001
0.001	0.001	0.001	0.997
0.001	0.001	0.997	0.001
0.047	0.816	0.001	0.136
0.944	0.001	0.054	0.001
0.997	0.001	0.001	0.001
0.001	0.001	0.195	0.803
0.001	0.001	0.001	0.997
>AATATGCCAATC	16-AATATGCCAATC	11.009237	-10.612687	0	T:9.0(9.09%),B:620.9(1.53%),P:1e-4	Tpos:392.3,Tstd:223.1,Bpos:488.0,Bstd:297.4,StrandBias:-2.3,Multiplicity:1.33
0.727	0.001	0.001	0.271
0.997	0.001	0.001	0.001
0.110	0.123	0.001	0.766
0.850	0.001	0.001	0.148
0.001	0.001	0.001	0.997
0.101	0.209	0.689	0.001
0.161	0.751	0.001	0.087
0.199	0.799	0.001	0.001
0.698	0.140	0.161	0.001
0.990	0.001	0.008	0.001
0.001	0.001	0.001	0.997
0.232	0.766	0.001	0.001
>TTGWSYATGCTG	17-TTGWSYATGCTG	13.532695	-10.405401	0	T:4.0(4.04%),B:68.6(0.17%),P:1e-4	Tpos:458.5,Tstd:230.4,Bpos:405.2,Bstd:323.7,StrandBias:1.0,Multiplicity:1.50
0.001	0.001	0.001	0.997
0.025	0.001	0.001	0.973
0.001	0.001	0.584	0.414
0.555	0.001	0.001	0.443
0.001	0.521	0.477	0.001
0.001	0.496	0.001	0.502
0.997	0.001	0.001	0.001
0.001	0.001	0.001	0.997
0.001	0.001	0.997	0.001
0.001	0.997	0.001	0.001
0.001	0.001	0.001	0.997
0.018	0.001	0.980	0.001
>CTTGAGTCGAAG	18-CTTGAGTCGAAG	9.999223	-10.374469	0	T:3.0(3.03%),B:22.9(0.06%),P:1e-4	Tpos:441.0,Tstd:113.2,Bpos:506.0,Bstd:254.7,StrandBias:-2.0,Multiplicity:1.67
0.001	0.997	0.001	0.001
0.001	0.001	0.001	0.997
0.001	0.001	0.001	0.997
0.001	0.001	0.997	0.001
0.997	0.001	0.001	0.001
0.001	0.001	0.997	0.001
0.001	0.001	0.141	0.857
0.011	0.858	0.130	0.001
0.001	0.001	0.997	0.001
0.869	0.001	0.001	0.129
0.997	0.001	0.001	0.001
0.001	0.001	0.997	0.001
>AAATARTCTGCC	19-AAATARTCTGCC	10.773021	-9.668591	0	T:8.0(8.08%),B:542.5(1.34%),P:1e-4	Tpos:440.8,Tstd:262.2,Bpos:470.7,Bstd:304.9,StrandBias:-2.0,Multiplicity:1.25
0.997	0.001	0.001	0.001
0.816	0.167	0.001	0.016
0.997	0.001	0.001	0.001
0.096	0.001	0.001	0.902
0.737	0.261	0.001	0.001
0.368	0.129	0.501	0.002
0.001	0.001	0.147	0.851
0.086	0.670	0.001	0.243
0.292	0.123	0.001	0.584
0.237	0.001	0.754	0.008
0.220	0.778	0.001	0.001
0.086	0.905	0.001	0.008
>CGAGATATAAGG	20-CGAGATATAAGG	13.540965	-7.940115	0	T:3.0(3.03%),B:53.2(0.13%),P:1e-3	Tpos:397.2,Tstd:332.2,Bpos:406.3,Bstd:320.1,StrandBias:1.6,Multiplicity:1.33
0.001	0.925	0.071	0.003
0.303	0.001	0.695	0.001
0.997	0.001	0.001	0.001
0.303	0.001	0.695	0.001
0.997	0.001	0.001	0.001
0.001	0.001	0.001	0.997
0.992	0.006	0.001	0.001
0.001	0.001	0.001	0.997
0.786	0.001	0.212	0.001
0.997	0.001	0.001	0.001
0.006	0.001	0.992	0.001
0.001	0.298	0.700	0.001
>CTGATCCTWGCC	21-CTGATCCTWGCC	8.286696	-7.047775	0	T:5.0(5.05%),B:295.3(0.73%),P:1e-3	Tpos:339.1,Tstd:228.6,Bpos:489.8,Bstd:311.6,StrandBias:1.4,Multiplicity:2.20
0.001	0.997	0.001	0.001
0.001	0.001	0.001	0.997
0.010	0.001	0.735	0.254
0.997	0.001	0.001	0.001
0.001	0.001	0.253	0.745
0.001	0.997	0.001	0.001
0.253	0.745	0.001	0.001
0.001	0.001	0.001	0.997
0.549	0.001	0.001	0.449
0.264	0.254	0.481	0.001
0.001	0.988	0.001	0.010
0.195	0.803	0.001	0.001
