>ACATGGTGATTA	5-TAATCACCATGT	10.131662	-24.663269	0	T:20.0(9.80%),B:560.8(1.39%),P:1e-10
0.786	0.001	0.051	0.162
0.189	0.769	0.001	0.041
0.830	0.051	0.118	0.001
0.029	0.001	0.002	0.968
0.034	0.076	0.818	0.072
0.075	0.001	0.804	0.120
0.001	0.080	0.059	0.860
0.021	0.051	0.794	0.134
0.911	0.059	0.001	0.029
0.026	0.001	0.036	0.937
0.089	0.185	0.037	0.689
0.842	0.080	0.044	0.034
