>TGTTTACAGAAT	11-TGTTTACAGAAT,BestGuess:daf-16/MA1446.1/Jaspar(0.726)	9.904329	-19.968835	0	T:46.0(6.34%),B:958.8(2.30%),P:1e-8
0.073	0.037	0.039	0.851
0.073	0.056	0.812	0.059
0.079	0.051	0.085	0.785
0.038	0.088	0.025	0.849
0.047	0.064	0.080	0.809
0.838	0.071	0.037	0.054
0.075	0.782	0.057	0.086
0.844	0.052	0.064	0.040
0.088	0.037	0.792	0.083
0.908	0.028	0.042	0.022
0.847	0.076	0.034	0.043
0.067	0.026	0.015	0.892
