>GATCTGGCCAGA	19-TCTGGCCAGATC	10.029949	-12.475097	0	T:15.0(2.07%),B:195.8(0.47%),P:1e-5
0.223	0.001	0.617	0.159
0.865	0.001	0.001	0.133
0.001	0.002	0.057	0.940
0.001	0.904	0.045	0.050
0.057	0.050	0.125	0.768
0.038	0.057	0.858	0.047
0.104	0.001	0.793	0.102
0.096	0.712	0.057	0.135
0.058	0.884	0.001	0.057
0.949	0.001	0.049	0.001
0.164	0.001	0.767	0.068
0.961	0.001	0.037	0.001
