>GGTAACCAAG	1-GGTAACCAAG	7.085856	-23.761109	0	T:73.0(19.06%),B:3478.2(8.38%),P:1e-10	Tpos:515.3,Tstd:294.3,Bpos:500.4,Bstd:301.8,StrandBias:0.1,Multiplicity:1.11
0.056	0.071	0.802	0.071
0.102	0.070	0.787	0.041
0.030	0.037	0.038	0.895
0.762	0.102	0.074	0.062
0.766	0.039	0.107	0.088
0.052	0.805	0.063	0.080
0.079	0.825	0.024	0.072
0.738	0.089	0.114	0.059
0.760	0.070	0.047	0.123
0.083	0.014	0.865	0.038
>TCCGTAAACC	2-TCCGTAAACC	8.648799	-23.338987	0	T:36.0(9.40%),B:1073.6(2.59%),P:1e-10	Tpos:546.2,Tstd:299.9,Bpos:515.5,Bstd:308.4,StrandBias:0.6,Multiplicity:1.03
0.121	0.001	0.001	0.877
0.138	0.697	0.164	0.001
0.123	0.705	0.171	0.001
0.037	0.200	0.686	0.077
0.032	0.060	0.118	0.790
0.738	0.001	0.260	0.001
0.997	0.001	0.001	0.001
0.997	0.001	0.001	0.001
0.185	0.813	0.001	0.001
0.076	0.724	0.103	0.097
>CGGGTCTAGG	3-CGGGTCTAGG	10.185941	-22.402782	0	T:12.0(3.13%),B:90.2(0.22%),P:1e-9	Tpos:450.4,Tstd:313.8,Bpos:482.6,Bstd:335.5,StrandBias:-0.5,Multiplicity:1.00
0.001	0.936	0.001	0.062
0.001	0.076	0.854	0.069
0.001	0.001	0.901	0.097
0.001	0.001	0.997	0.001
0.001	0.001	0.097	0.901
0.125	0.791	0.001	0.083
0.069	0.113	0.001	0.817
0.997	0.001	0.001	0.001
0.001	0.079	0.919	0.001
0.001	0.001	0.997	0.001
>CGTATACAAT	4-CGTATACAAT	9.340637	-22.266620	0	T:28.0(7.31%),B:695.7(1.68%),P:1e-9	Tpos:558.5,Tstd:275.7,Bpos:521.8,Bstd:297.7,StrandBias:0.5,Multiplicity:1.00
0.001	0.958	0.040	0.001
0.001	0.001	0.997	0.001
0.001	0.297	0.001	0.701
0.895	0.001	0.001	0.103
0.275	0.044	0.042	0.639
0.914	0.044	0.001	0.041
0.060	0.938	0.001	0.001
0.736	0.220	0.001	0.043
0.826	0.065	0.108	0.001
0.001	0.102	0.046	0.851
>TACRCGCCTG	5-TACRCGCCTG	7.896582	-22.255351	0	T:36.0(9.40%),B:1118.1(2.69%),P:1e-9	Tpos:519.4,Tstd:273.9,Bpos:498.6,Bstd:316.5,StrandBias:0.1,Multiplicity:1.08
0.001	0.001	0.001	0.997
0.841	0.096	0.001	0.062
0.001	0.780	0.218	0.001
0.502	0.058	0.395	0.045
0.006	0.682	0.290	0.022
0.181	0.002	0.760	0.057
0.001	0.751	0.001	0.247
0.001	0.924	0.001	0.074
0.078	0.094	0.001	0.827
0.044	0.001	0.954	0.001
>SHVAYCNTYW	6-SHVAYCNTYW	6.082707	-21.605911	0	T:59.0(15.40%),B:2628.3(6.34%),P:1e-9	Tpos:549.5,Tstd:296.3,Bpos:495.2,Bstd:309.6,StrandBias:-0.1,Multiplicity:1.08
0.006	0.452	0.533	0.009
0.419	0.288	0.014	0.279
0.278	0.244	0.392	0.086
0.660	0.318	0.013	0.009
0.004	0.314	0.220	0.462
0.012	0.973	0.009	0.006
0.253	0.256	0.174	0.318
0.011	0.226	0.290	0.473
0.252	0.296	0.012	0.440
0.302	0.257	0.012	0.429
>TAGCTAGAAC	7-TAGCTAGAAC	9.615774	-21.397667	0	T:25.0(6.53%),B:578.5(1.39%),P:1e-9	Tpos:535.5,Tstd:261.1,Bpos:515.1,Bstd:312.4,StrandBias:-0.3,Multiplicity:1.00
0.001	0.208	0.001	0.790
0.636	0.001	0.001	0.362
0.295	0.036	0.668	0.001
0.001	0.936	0.062	0.001
0.001	0.044	0.001	0.954
0.997	0.001	0.001	0.001
0.001	0.001	0.575	0.423
0.827	0.171	0.001	0.001
0.858	0.140	0.001	0.001
0.001	0.997	0.001	0.001
>GCKTATCACA	8-GCKTATCACA	6.669390	-21.034031	0	T:59.0(15.40%),B:2669.9(6.44%),P:1e-9	Tpos:534.1,Tstd:268.5,Bpos:510.7,Bstd:304.9,StrandBias:0.7,Multiplicity:1.09
0.038	0.312	0.617	0.033
0.186	0.498	0.046	0.270
0.201	0.067	0.297	0.435
0.189	0.230	0.185	0.397
0.464	0.029	0.312	0.195
0.044	0.058	0.053	0.845
0.369	0.539	0.038	0.054
0.523	0.057	0.178	0.242
0.045	0.513	0.171	0.271
0.872	0.048	0.039	0.041
>TTGATCAGTC	9-TTGATCAGTC	6.314079	-19.924366	0	T:62.0(16.19%),B:2970.4(7.16%),P:1e-8	Tpos:543.1,Tstd:319.8,Bpos:501.6,Bstd:297.7,StrandBias:0.4,Multiplicity:1.08
0.233	0.126	0.097	0.544
0.155	0.012	0.246	0.587
0.197	0.125	0.493	0.185
0.666	0.016	0.127	0.191
0.183	0.190	0.012	0.615
0.130	0.516	0.177	0.177
0.609	0.135	0.024	0.232
0.245	0.078	0.471	0.205
0.330	0.016	0.107	0.547
0.254	0.439	0.204	0.103
>GCATCAGGTC	10-GCATCAGGTC	7.010802	-19.311711	0	T:57.0(14.88%),B:2654.9(6.40%),P:1e-8	Tpos:484.7,Tstd:301.8,Bpos:482.2,Bstd:307.8,StrandBias:-0.3,Multiplicity:1.04
0.053	0.075	0.836	0.036
0.056	0.826	0.041	0.077
0.792	0.066	0.068	0.074
0.060	0.054	0.072	0.814
0.072	0.765	0.113	0.050
0.788	0.071	0.058	0.083
0.027	0.027	0.855	0.091
0.103	0.037	0.808	0.052
0.068	0.088	0.061	0.783
0.117	0.740	0.070	0.073
>TCTGCATGGA	11-TCTGCATGGA	10.527668	-17.960279	0	T:17.0(4.44%),B:316.9(0.76%),P:1e-7	Tpos:433.5,Tstd:309.1,Bpos:478.8,Bstd:293.4,StrandBias:0.2,Multiplicity:1.00
0.001	0.133	0.001	0.865
0.084	0.764	0.001	0.151
0.001	0.001	0.001	0.997
0.001	0.001	0.997	0.001
0.001	0.889	0.109	0.001
0.754	0.001	0.001	0.244
0.001	0.001	0.001	0.997
0.099	0.001	0.899	0.001
0.001	0.001	0.997	0.001
0.823	0.001	0.175	0.001
>TGTCGCAAGG	12-TGTCGCAAGG	9.952159	-17.874429	0	T:16.0(4.18%),B:278.7(0.67%),P:1e-7	Tpos:458.5,Tstd:258.0,Bpos:498.9,Bstd:315.4,StrandBias:-0.9,Multiplicity:1.06
0.001	0.001	0.100	0.898
0.001	0.118	0.772	0.109
0.001	0.001	0.001	0.997
0.001	0.943	0.055	0.001
0.061	0.001	0.937	0.001
0.001	0.845	0.080	0.074
0.997	0.001	0.001	0.001
0.932	0.001	0.001	0.066
0.048	0.001	0.886	0.065
0.063	0.001	0.870	0.066
>AACCGCCTGC	13-AACCGCCTGC	8.312683	-17.316909	0	T:16.0(4.18%),B:290.9(0.70%),P:1e-7	Tpos:500.6,Tstd:294.3,Bpos:531.3,Bstd:316.1,StrandBias:0.5,Multiplicity:1.06
0.529	0.186	0.042	0.243
0.554	0.170	0.065	0.211
0.228	0.686	0.050	0.036
0.206	0.575	0.049	0.170
0.130	0.022	0.627	0.221
0.042	0.669	0.074	0.215
0.037	0.539	0.206	0.218
0.189	0.039	0.049	0.723
0.066	0.042	0.856	0.036
0.137	0.783	0.051	0.029
>TTTGTTGTTT	14-TTTGTTGTTT	10.196546	-17.120856	0	T:65.0(16.97%),B:3439.1(8.29%),P:1e-7	Tpos:450.4,Tstd:317.1,Bpos:524.2,Bstd:296.6,StrandBias:0.7,Multiplicity:1.11
0.001	0.001	0.001	0.997
0.001	0.001	0.160	0.838
0.001	0.001	0.001	0.997
0.196	0.001	0.802	0.001
0.001	0.001	0.001	0.997
0.001	0.048	0.001	0.950
0.001	0.001	0.997	0.001
0.001	0.001	0.001	0.997
0.114	0.078	0.001	0.807
0.001	0.001	0.001	0.997
>TGAGGGATCT	15-TGAGGGATCT	10.488826	-15.927103	0	T:12.0(3.13%),B:168.3(0.41%),P:1e-6	Tpos:419.6,Tstd:312.8,Bpos:498.4,Bstd:324.0,StrandBias:1.6,Multiplicity:1.00
0.001	0.001	0.001	0.997
0.001	0.196	0.802	0.001
0.997	0.001	0.001	0.001
0.094	0.001	0.821	0.084
0.001	0.180	0.818	0.001
0.001	0.001	0.997	0.001
0.997	0.001	0.001	0.001
0.163	0.001	0.001	0.835
0.001	0.906	0.092	0.001
0.001	0.001	0.255	0.743
>CGACCCGCCG	16-CGACCCGCCG	9.025390	-14.580854	0	T:17.0(4.44%),B:405.0(0.98%),P:1e-6	Tpos:493.5,Tstd:255.6,Bpos:560.2,Bstd:319.4,StrandBias:0.2,Multiplicity:1.06
0.001	0.997	0.001	0.001
0.001	0.324	0.636	0.039
0.714	0.284	0.001	0.001
0.114	0.884	0.001	0.001
0.121	0.877	0.001	0.001
0.001	0.997	0.001	0.001
0.001	0.149	0.758	0.092
0.001	0.762	0.001	0.236
0.001	0.997	0.001	0.001
0.127	0.008	0.760	0.105
>GAAATCATCC	17-GAAATCATCC	10.296193	-13.223837	0	T:7.0(1.83%),B:56.1(0.14%),P:1e-5	Tpos:479.6,Tstd:332.5,Bpos:478.3,Bstd:286.4,StrandBias:1.3,Multiplicity:1.00
0.100	0.100	0.700	0.100
0.700	0.100	0.100	0.100
0.700	0.100	0.100	0.100
0.700	0.100	0.100	0.100
0.100	0.100	0.100	0.700
0.100	0.700	0.100	0.100
0.700	0.100	0.100	0.100
0.100	0.100	0.100	0.700
0.100	0.700	0.100	0.100
0.100	0.700	0.100	0.100
>AGCAGTGGGA	18-AGCAGTGGGA	8.483815	-13.194928	0	T:36.0(9.40%),B:1623.3(3.91%),P:1e-5	Tpos:433.2,Tstd:271.3,Bpos:511.1,Bstd:315.1,StrandBias:-1.1,Multiplicity:1.06
0.924	0.001	0.001	0.074
0.105	0.080	0.740	0.075
0.001	0.739	0.259	0.001
0.924	0.074	0.001	0.001
0.004	0.144	0.851	0.001
0.269	0.001	0.001	0.729
0.158	0.001	0.691	0.150
0.115	0.001	0.819	0.065
0.001	0.048	0.845	0.106
0.788	0.095	0.001	0.116
>CTACCGTAGC	19-CTACCGTAGC	7.430195	-12.898573	0	T:35.0(9.14%),B:1575.3(3.80%),P:1e-5	Tpos:494.4,Tstd:273.9,Bpos:501.3,Bstd:305.3,StrandBias:-0.8,Multiplicity:1.14
0.091	0.783	0.060	0.066
0.121	0.051	0.001	0.827
0.841	0.027	0.065	0.067
0.042	0.768	0.065	0.125
0.091	0.791	0.055	0.063
0.050	0.118	0.794	0.038
0.059	0.053	0.081	0.807
0.819	0.066	0.040	0.075
0.067	0.098	0.784	0.051
0.059	0.792	0.075	0.074
>TCAAAAGGCC	20-TCAAAAGGCC	9.465259	-12.859330	0	T:10.0(2.61%),B:151.6(0.37%),P:1e-5	Tpos:500.3,Tstd:276.7,Bpos:480.2,Bstd:281.4,StrandBias:0.5,Multiplicity:1.20
0.001	0.001	0.001	0.997
0.001	0.795	0.068	0.136
0.894	0.001	0.001	0.104
0.997	0.001	0.001	0.001
0.846	0.152	0.001	0.001
0.997	0.001	0.001	0.001
0.001	0.001	0.997	0.001
0.001	0.001	0.997	0.001
0.001	0.997	0.001	0.001
0.001	0.997	0.001	0.001
>TTCACCGGAA	21-TTCACCGGAA	8.839806	-12.793083	0	T:39.0(10.18%),B:1867.8(4.50%),P:1e-5	Tpos:522.7,Tstd:261.1,Bpos:501.7,Bstd:300.8,StrandBias:-0.1,Multiplicity:1.13
0.131	0.048	0.001	0.820
0.001	0.001	0.001	0.997
0.029	0.937	0.033	0.001
0.931	0.001	0.050	0.018
0.011	0.937	0.001	0.051
0.016	0.904	0.031	0.049
0.016	0.043	0.886	0.055
0.186	0.001	0.780	0.033
0.935	0.001	0.001	0.063
0.934	0.001	0.064	0.001
>TCMATTTYGG	22-TCMATTTYGG	8.113376	-12.524124	0	T:27.0(7.05%),B:1063.7(2.56%),P:1e-5	Tpos:449.5,Tstd:237.8,Bpos:476.6,Bstd:311.0,StrandBias:-0.3,Multiplicity:1.15
0.351	0.007	0.040	0.602
0.036	0.594	0.180	0.190
0.460	0.487	0.029	0.024
0.657	0.106	0.038	0.199
0.035	0.257	0.034	0.674
0.166	0.168	0.169	0.497
0.035	0.274	0.181	0.510
0.019	0.501	0.025	0.455
0.042	0.153	0.786	0.019
0.017	0.201	0.770	0.012
>GCGTAATCAA	23-GCGTAATCAA	7.261459	-12.492725	0	T:47.0(12.27%),B:2490.3(6.00%),P:1e-5	Tpos:482.0,Tstd:315.8,Bpos:497.9,Bstd:306.5,StrandBias:-0.5,Multiplicity:1.09
0.057	0.075	0.813	0.055
0.086	0.840	0.007	0.067
0.027	0.055	0.831	0.087
0.030	0.044	0.058	0.868
0.739	0.077	0.118	0.066
0.727	0.071	0.134	0.068
0.121	0.074	0.073	0.732
0.042	0.835	0.059	0.064
0.812	0.055	0.076	0.057
0.812	0.063	0.099	0.026
>ATTTTTCGTG	24-ATTTTTCGTG	10.930934	-9.296125	0	T:18.0(4.70%),B:679.3(1.64%),P:1e-4	Tpos:324.3,Tstd:287.8,Bpos:505.4,Bstd:283.2,StrandBias:0.1,Multiplicity:1.39
0.997	0.001	0.001	0.001
0.001	0.001	0.001	0.997
0.001	0.027	0.169	0.803
0.206	0.001	0.001	0.792
0.329	0.001	0.001	0.669
0.001	0.001	0.001	0.997
0.001	0.997	0.001	0.001
0.001	0.001	0.997	0.001
0.001	0.001	0.001	0.997
0.001	0.001	0.997	0.001
>TTCTAATTAG	25-TTCTAATTAG	10.210123	-6.340690	0	T:17.0(4.44%),B:808.1(1.95%),P:1e-2	Tpos:540.1,Tstd:234.4,Bpos:491.8,Bstd:306.8,StrandBias:0.1,Multiplicity:1.53
0.066	0.156	0.001	0.777
0.001	0.001	0.001	0.997
0.001	0.997	0.001	0.001
0.001	0.001	0.024	0.974
0.899	0.001	0.055	0.045
0.870	0.001	0.001	0.128
0.110	0.001	0.001	0.888
0.001	0.001	0.001	0.997
0.997	0.001	0.001	0.001
0.001	0.001	0.997	0.001
