>ATTATTATCAAT	13-ATTATTATCAAT	9.568941	-21.098404	0	T:59.0(31.55%),B:5596.1(13.95%),P:1e-9
0.872	0.064	0.034	0.030
0.021	0.057	0.001	0.921
0.119	0.078	0.048	0.755
0.801	0.056	0.064	0.079
0.001	0.021	0.001	0.977
0.047	0.081	0.104	0.768
0.782	0.026	0.056	0.136
0.102	0.028	0.113	0.757
0.061	0.882	0.021	0.036
0.924	0.043	0.001	0.032
0.784	0.026	0.120	0.070
0.133	0.051	0.032	0.784
