>TGATAAGA	1-TGATAAGA	7.613704	-59.758353	0	T:100.0(68.49%),B:11033.4(26.02%),P:1e-25	Tpos:663.6,Tstd:271.1,Bpos:540.6,Bstd:325.9,StrandBias:-0.6,Multiplicity:1.46
0.104	0.035	0.046	0.815
0.001	0.001	0.997	0.001
0.997	0.001	0.001	0.001
0.001	0.001	0.001	0.997
0.997	0.001	0.001	0.001
0.911	0.017	0.071	0.001
0.001	0.082	0.916	0.001
0.742	0.046	0.211	0.001
>CGCACGAT	2-CGCACGAT	7.327813	-19.758388	0	T:28.0(19.18%),B:2214.4(5.22%),P:1e-8	Tpos:496.5,Tstd:284.0,Bpos:547.4,Bstd:301.3,StrandBias:0.9,Multiplicity:1.04
0.001	0.997	0.001	0.001
0.001	0.140	0.858	0.001
0.001	0.762	0.236	0.001
0.752	0.001	0.001	0.246
0.001	0.997	0.001	0.001
0.001	0.001	0.997	0.001
0.705	0.293	0.001	0.001
0.001	0.001	0.001	0.997
>TCAGTTGA	3-TCAGTTGA	7.305455	-13.693508	0	T:49.0(33.56%),B:7248.5(17.09%),P:1e-5	Tpos:578.9,Tstd:290.2,Bpos:502.0,Bstd:311.2,StrandBias:0.1,Multiplicity:1.29
0.001	0.001	0.001	0.997
0.001	0.997	0.001	0.001
0.887	0.001	0.001	0.111
0.001	0.001	0.997	0.001
0.001	0.342	0.001	0.656
0.001	0.001	0.076	0.922
0.001	0.001	0.997	0.001
0.997	0.001	0.001	0.001
>CTCGTGAT	4-CTCGTGAT	8.187550	-13.410581	0	T:21.0(14.38%),B:1829.0(4.31%),P:1e-5	Tpos:578.7,Tstd:305.0,Bpos:505.7,Bstd:313.2,StrandBias:-0.3,Multiplicity:1.05
0.001	0.997	0.001	0.001
0.001	0.168	0.001	0.830
0.001	0.997	0.001	0.001
0.001	0.001	0.997	0.001
0.001	0.001	0.001	0.997
0.001	0.001	0.997	0.001
0.883	0.115	0.001	0.001
0.001	0.076	0.001	0.922
>ATCTAGGC	5-ATCTAGGC	7.825071	-12.538669	0	T:26.0(17.81%),B:2792.3(6.59%),P:1e-5	Tpos:473.5,Tstd:269.0,Bpos:506.3,Bstd:300.4,StrandBias:0.3,Multiplicity:1.60
0.988	0.010	0.001	0.001
0.001	0.012	0.126	0.861
0.001	0.705	0.293	0.001
0.001	0.001	0.001	0.997
0.948	0.001	0.041	0.010
0.055	0.001	0.943	0.001
0.094	0.039	0.839	0.028
0.001	0.760	0.047	0.192
>GACCTATC	6-GACCTATC	6.297374	-12.069601	0	T:43.0(29.45%),B:6314.1(14.89%),P:1e-5	Tpos:462.2,Tstd:295.8,Bpos:495.3,Bstd:312.2,StrandBias:0.0,Multiplicity:1.26
0.078	0.073	0.758	0.091
0.880	0.001	0.118	0.001
0.001	0.947	0.001	0.051
0.071	0.927	0.001	0.001
0.067	0.001	0.001	0.931
0.930	0.001	0.068	0.001
0.095	0.001	0.001	0.903
0.148	0.716	0.001	0.135
>ACAAACAA	7-ACAAACAA	7.863748	-12.003613	0	T:50.0(34.25%),B:7915.5(18.67%),P:1e-5	Tpos:568.2,Tstd:271.4,Bpos:510.7,Bstd:316.6,StrandBias:-0.2,Multiplicity:1.26
0.997	0.001	0.001	0.001
0.001	0.997	0.001	0.001
0.831	0.001	0.167	0.001
0.997	0.001	0.001	0.001
0.756	0.242	0.001	0.001
0.001	0.997	0.001	0.001
0.997	0.001	0.001	0.001
0.997	0.001	0.001	0.001
>CACACTGT	8-CACACTGT	6.837495	-10.281656	0	T:63.0(43.15%),B:11639.0(27.45%),P:1e-4	Tpos:522.1,Tstd:293.1,Bpos:506.4,Bstd:320.4,StrandBias:-0.5,Multiplicity:1.25
0.140	0.858	0.001	0.001
0.871	0.127	0.001	0.001
0.377	0.556	0.066	0.001
0.597	0.001	0.001	0.401
0.001	0.625	0.373	0.001
0.108	0.001	0.001	0.890
0.001	0.001	0.997	0.001
0.062	0.066	0.001	0.871
>AACCGATC	9-AACCGATC	8.236954	-10.113448	0	T:10.0(6.85%),B:581.7(1.37%),P:1e-4	Tpos:605.9,Tstd:264.8,Bpos:516.4,Bstd:314.2,StrandBias:-0.6,Multiplicity:1.00
0.700	0.100	0.100	0.100
0.700	0.100	0.100	0.100
0.100	0.700	0.100	0.100
0.100	0.700	0.100	0.100
0.100	0.100	0.700	0.100
0.700	0.100	0.100	0.100
0.100	0.100	0.100	0.700
0.100	0.700	0.100	0.100
>CCCTGTAG	10-CCCTGTAG	4.161567	-8.410950	0	T:11.0(7.53%),B:860.9(2.03%),P:1e-3	Tpos:554.9,Tstd:254.5,Bpos:533.4,Bstd:295.5,StrandBias:0.7,Multiplicity:1.45
0.001	0.997	0.001	0.001
0.001	0.997	0.001	0.001
0.001	0.997	0.001	0.001
0.001	0.001	0.001	0.997
0.001	0.188	0.810	0.001
0.001	0.001	0.001	0.997
0.997	0.001	0.001	0.001
0.001	0.001	0.997	0.001
>ATCCGCCG	11-ATCCGCCG	8.236954	-1.593911	0	T:2.0(1.37%),B:241.6(0.57%),P:1e0	Tpos:225.8,Tstd:230.7,Bpos:486.0,Bstd:284.2,StrandBias:-10.0,Multiplicity:6.00
0.700	0.100	0.100	0.100
0.100	0.100	0.100	0.700
0.100	0.700	0.100	0.100
0.100	0.700	0.100	0.100
0.100	0.100	0.700	0.100
0.100	0.700	0.100	0.100
0.100	0.700	0.100	0.100
0.100	0.100	0.700	0.100
