>GCGTCCCT	1-GCGTCCCT	7.309894	-19.939921	0	T:60.0(19.35%),B:3269.3(8.51%),P:1e-8	Tpos:565.9,Tstd:291.3,Bpos:526.4,Bstd:340.5,StrandBias:1.1,Multiplicity:1.09
0.033	0.025	0.880	0.062
0.090	0.885	0.001	0.024
0.001	0.044	0.954	0.001
0.156	0.001	0.077	0.766
0.008	0.947	0.009	0.036
0.061	0.674	0.009	0.256
0.026	0.904	0.069	0.001
0.001	0.012	0.001	0.986
>CTTTATTT	2-CTTTATTT	9.428093	-17.824308	0	T:85.0(27.42%),B:5776.4(15.04%),P:1e-7	Tpos:539.9,Tstd:275.9,Bpos:527.8,Bstd:320.1,StrandBias:1.1,Multiplicity:1.13
0.001	0.997	0.001	0.001
0.001	0.001	0.001	0.997
0.001	0.112	0.001	0.886
0.001	0.001	0.118	0.880
0.997	0.001	0.001	0.001
0.139	0.001	0.247	0.613
0.001	0.001	0.001	0.997
0.001	0.001	0.001	0.997
>GTGTCWGC	3-GTGTCWGC	6.651434	-14.354158	0	T:107.0(34.52%),B:8537.0(22.23%),P:1e-6	Tpos:526.2,Tstd:274.3,Bpos:530.4,Bstd:329.1,StrandBias:-0.0,Multiplicity:1.19
0.001	0.001	0.997	0.001
0.001	0.074	0.001	0.924
0.027	0.001	0.971	0.001
0.001	0.001	0.269	0.729
0.001	0.723	0.001	0.275
0.486	0.001	0.001	0.512
0.001	0.001	0.869	0.129
0.001	0.997	0.001	0.001
>TGCCGCAC	4-TGCCGCAC	8.095951	-13.595746	0	T:34.0(10.97%),B:1679.6(4.37%),P:1e-5	Tpos:540.2,Tstd:268.9,Bpos:509.0,Bstd:349.1,StrandBias:0.4,Multiplicity:1.12
0.001	0.001	0.015	0.983
0.001	0.120	0.878	0.001
0.001	0.997	0.001	0.001
0.001	0.666	0.332	0.001
0.094	0.001	0.904	0.001
0.001	0.935	0.063	0.001
0.997	0.001	0.001	0.001
0.001	0.997	0.001	0.001
>GACACTCC	5-GACACTCC	8.070332	-13.334013	0	T:31.0(10.00%),B:1467.5(3.82%),P:1e-5	Tpos:589.2,Tstd:243.6,Bpos:514.1,Bstd:332.2,StrandBias:0.6,Multiplicity:1.19
0.001	0.001	0.997	0.001
0.817	0.001	0.001	0.181
0.001	0.997	0.001	0.001
0.931	0.067	0.001	0.001
0.001	0.905	0.093	0.001
0.001	0.001	0.001	0.997
0.001	0.997	0.001	0.001
0.001	0.997	0.001	0.001
>TTACGGTA	6-TTACGGTA	7.459409	-13.202414	0	T:71.0(22.90%),B:5029.1(13.10%),P:1e-5	Tpos:534.9,Tstd:311.2,Bpos:519.4,Bstd:326.1,StrandBias:-0.2,Multiplicity:1.18
0.001	0.001	0.001	0.997
0.023	0.075	0.001	0.901
0.748	0.250	0.001	0.001
0.054	0.754	0.191	0.001
0.001	0.107	0.891	0.001
0.001	0.177	0.637	0.185
0.001	0.001	0.001	0.997
0.995	0.001	0.003	0.001
>ATCGATTT	7-ATCGATTT	7.932127	-12.021896	0	T:194.0(62.58%),B:19201.5(50.00%),P:1e-5	Tpos:543.3,Tstd:286.6,Bpos:523.4,Bstd:355.7,StrandBias:0.2,Multiplicity:1.92
0.984	0.014	0.001	0.001
0.001	0.020	0.230	0.749
0.001	0.638	0.001	0.360
0.352	0.001	0.646	0.001
0.667	0.001	0.331	0.001
0.001	0.001	0.001	0.997
0.001	0.001	0.001	0.997
0.056	0.001	0.374	0.569
>CTGCTAAG	8-CTGCTAAG	8.236954	-3.988457	0	T:6.0(1.94%),B:254.0(0.66%),P:1e-1	Tpos:337.8,Tstd:241.8,Bpos:505.2,Bstd:307.7,StrandBias:2.7,Multiplicity:2.50
0.100	0.700	0.100	0.100
0.100	0.100	0.100	0.700
0.100	0.100	0.700	0.100
0.100	0.700	0.100	0.100
0.100	0.100	0.100	0.700
0.700	0.100	0.100	0.100
0.700	0.100	0.100	0.100
0.100	0.100	0.700	0.100
