>CCGTGTTTGC	1-CCGTGTTTGC	7.086091	-27.614498	0	T:93.0(30.00%),B:5458.2(14.21%),P:1e-11	Tpos:557.5,Tstd:280.7,Bpos:533.4,Bstd:344.4,StrandBias:0.5,Multiplicity:1.13
0.060	0.691	0.138	0.111
0.050	0.890	0.032	0.028
0.042	0.138	0.755	0.065
0.089	0.081	0.026	0.804
0.124	0.084	0.718	0.074
0.077	0.032	0.048	0.843
0.077	0.077	0.083	0.763
0.043	0.037	0.001	0.919
0.074	0.079	0.791	0.056
0.035	0.831	0.061	0.073
>CGGCGTCTCT	2-CGGCGTCTCT	7.508504	-23.162593	0	T:63.0(20.32%),B:3247.5(8.46%),P:1e-10	Tpos:546.2,Tstd:298.1,Bpos:544.1,Bstd:354.1,StrandBias:1.0,Multiplicity:1.11
0.001	0.948	0.001	0.050
0.059	0.001	0.604	0.336
0.001	0.032	0.966	0.001
0.001	0.906	0.092	0.001
0.001	0.001	0.963	0.035
0.001	0.067	0.001	0.931
0.001	0.997	0.001	0.001
0.089	0.001	0.001	0.909
0.063	0.866	0.001	0.070
0.001	0.056	0.001	0.942
>TCTATCGCTA	3-TCTATCGCTA	9.710464	-22.479365	0	T:19.0(6.13%),B:346.1(0.90%),P:1e-9	Tpos:570.0,Tstd:344.5,Bpos:513.2,Bstd:315.2,StrandBias:1.1,Multiplicity:1.00
0.077	0.001	0.001	0.921
0.001	0.944	0.054	0.001
0.001	0.069	0.086	0.844
0.901	0.045	0.001	0.053
0.001	0.001	0.001	0.997
0.001	0.997	0.001	0.001
0.149	0.001	0.823	0.027
0.030	0.852	0.065	0.053
0.123	0.001	0.001	0.875
0.901	0.001	0.059	0.039
>TCCGCCAACT	4-TCCGCCAACT	7.236785	-21.699985	0	T:74.0(23.87%),B:4320.6(11.25%),P:1e-9	Tpos:493.8,Tstd:291.8,Bpos:505.5,Bstd:333.8,StrandBias:0.2,Multiplicity:1.15
0.068	0.047	0.052	0.833
0.072	0.798	0.077	0.053
0.068	0.779	0.098	0.055
0.040	0.085	0.827	0.048
0.031	0.836	0.055	0.078
0.044	0.853	0.043	0.060
0.800	0.097	0.063	0.040
0.768	0.083	0.115	0.034
0.135	0.732	0.079	0.054
0.100	0.107	0.011	0.782
>GAAAATAAAG	5-GAAAATAAAG	9.616223	-21.027114	0	T:127.0(40.97%),B:9623.6(25.06%),P:1e-9	Tpos:533.9,Tstd:285.2,Bpos:530.8,Bstd:328.7,StrandBias:-1.1,Multiplicity:1.28
0.295	0.001	0.703	0.001
0.759	0.164	0.076	0.001
0.942	0.001	0.056	0.001
0.857	0.001	0.052	0.090
0.801	0.129	0.001	0.069
0.013	0.001	0.152	0.834
0.848	0.145	0.001	0.006
0.774	0.129	0.089	0.008
0.997	0.001	0.001	0.001
0.239	0.001	0.759	0.001
>ATTTCTCTCT	6-ATTTCTCTCT	9.208161	-21.011586	0	T:67.0(21.61%),B:3771.9(9.82%),P:1e-9	Tpos:559.9,Tstd:306.2,Bpos:538.7,Bstd:338.8,StrandBias:1.0,Multiplicity:1.08
0.896	0.075	0.028	0.001
0.001	0.001	0.001	0.997
0.001	0.001	0.001	0.997
0.001	0.109	0.001	0.889
0.028	0.838	0.133	0.001
0.001	0.131	0.001	0.867
0.001	0.809	0.151	0.039
0.001	0.001	0.001	0.997
0.047	0.893	0.059	0.001
0.043	0.152	0.001	0.804
>GTGCGGCACG	7-GTGCGGCACG	6.596400	-20.492691	0	T:68.0(21.94%),B:3907.9(10.18%),P:1e-8	Tpos:518.7,Tstd:260.8,Bpos:507.7,Bstd:355.9,StrandBias:-0.2,Multiplicity:1.22
0.034	0.054	0.838	0.074
0.066	0.051	0.091	0.792
0.047	0.046	0.866	0.041
0.058	0.816	0.057	0.069
0.039	0.119	0.804	0.038
0.089	0.065	0.784	0.062
0.124	0.764	0.100	0.012
0.797	0.052	0.088	0.063
0.086	0.793	0.068	0.053
0.075	0.110	0.750	0.065
>ATCCACACGG	8-ATCCACACGG	9.172555	-20.269745	0	T:20.0(6.45%),B:446.0(1.16%),P:1e-8	Tpos:504.9,Tstd:243.3,Bpos:496.4,Bstd:335.7,StrandBias:0.0,Multiplicity:1.05
0.729	0.001	0.128	0.142
0.001	0.001	0.001	0.997
0.081	0.917	0.001	0.001
0.069	0.929	0.001	0.001
0.997	0.001	0.001	0.001
0.045	0.884	0.070	0.001
0.997	0.001	0.001	0.001
0.074	0.924	0.001	0.001
0.001	0.045	0.953	0.001
0.056	0.001	0.726	0.217
>CGCTGGATTG	9-CGCTGGATTG	9.936157	-19.255508	0	T:17.0(5.48%),B:332.1(0.86%),P:1e-8	Tpos:423.1,Tstd:293.0,Bpos:443.9,Bstd:343.9,StrandBias:0.0,Multiplicity:1.06
0.001	0.886	0.055	0.058
0.001	0.001	0.997	0.001
0.099	0.899	0.001	0.001
0.106	0.001	0.001	0.892
0.001	0.070	0.862	0.067
0.057	0.080	0.862	0.001
0.997	0.001	0.001	0.001
0.033	0.001	0.001	0.965
0.001	0.094	0.077	0.828
0.001	0.068	0.884	0.047
>GTCTCATCAC	10-GTCTCATCAC	7.118663	-18.888236	0	T:68.0(21.94%),B:4066.3(10.59%),P:1e-8	Tpos:501.0,Tstd:286.3,Bpos:501.5,Bstd:331.5,StrandBias:0.5,Multiplicity:1.15
0.039	0.090	0.830	0.041
0.102	0.051	0.068	0.779
0.069	0.823	0.064	0.044
0.067	0.039	0.114	0.780
0.030	0.865	0.056	0.049
0.772	0.070	0.104	0.054
0.084	0.081	0.071	0.764
0.113	0.765	0.086	0.036
0.834	0.063	0.057	0.046
0.062	0.794	0.082	0.062
>CTGCGAATAC	11-CTGCGAATAC	9.979416	-18.350290	0	T:17.0(5.48%),B:354.1(0.92%),P:1e-7	Tpos:363.4,Tstd:293.1,Bpos:483.9,Bstd:302.7,StrandBias:-0.3,Multiplicity:1.06
0.058	0.940	0.001	0.001
0.053	0.001	0.099	0.847
0.069	0.001	0.830	0.100
0.046	0.952	0.001	0.001
0.001	0.200	0.798	0.001
0.997	0.001	0.001	0.001
0.997	0.001	0.001	0.001
0.001	0.001	0.001	0.997
0.811	0.066	0.086	0.037
0.051	0.895	0.001	0.053
>ATCAACGGCA	12-ATCAACGGCA	9.618495	-17.952466	0	T:19.0(6.13%),B:462.3(1.20%),P:1e-7	Tpos:485.7,Tstd:251.4,Bpos:503.2,Bstd:335.6,StrandBias:0.8,Multiplicity:1.00
0.718	0.210	0.001	0.071
0.210	0.026	0.083	0.681
0.001	0.923	0.075	0.001
0.647	0.163	0.083	0.107
0.798	0.001	0.112	0.089
0.085	0.913	0.001	0.001
0.001	0.001	0.997	0.001
0.001	0.001	0.997	0.001
0.235	0.763	0.001	0.001
0.899	0.001	0.099	0.001
>GAGTGTCGTC	13-GAGTGTCGTC	8.431518	-17.900865	0	T:29.0(9.35%),B:1050.8(2.74%),P:1e-7	Tpos:512.0,Tstd:290.2,Bpos:557.1,Bstd:327.6,StrandBias:0.3,Multiplicity:1.24
0.025	0.001	0.973	0.001
0.997	0.001	0.001	0.001
0.001	0.059	0.893	0.047
0.001	0.001	0.080	0.918
0.001	0.001	0.997	0.001
0.166	0.001	0.001	0.832
0.001	0.997	0.001	0.001
0.062	0.075	0.823	0.040
0.001	0.001	0.001	0.997
0.221	0.689	0.001	0.089
>CGCGGACTTT	14-CGCGGACTTT	9.954313	-17.593683	0	T:19.0(6.13%),B:473.1(1.23%),P:1e-7	Tpos:603.3,Tstd:243.4,Bpos:575.6,Bstd:353.9,StrandBias:0.7,Multiplicity:1.11
0.076	0.791	0.001	0.132
0.045	0.072	0.819	0.064
0.001	0.997	0.001	0.001
0.001	0.001	0.997	0.001
0.001	0.059	0.939	0.001
0.997	0.001	0.001	0.001
0.111	0.873	0.001	0.015
0.078	0.145	0.001	0.776
0.101	0.001	0.001	0.897
0.001	0.001	0.001	0.997
>AAAATCGATT	15-AAAATCGATT	8.637695	-17.529024	0	T:140.0(45.16%),B:11602.5(30.21%),P:1e-7	Tpos:552.4,Tstd:277.0,Bpos:526.7,Bstd:375.5,StrandBias:-0.2,Multiplicity:1.62
0.915	0.058	0.026	0.001
0.891	0.053	0.055	0.001
0.981	0.001	0.017	0.001
0.957	0.001	0.001	0.041
0.068	0.073	0.001	0.858
0.001	0.926	0.001	0.072
0.122	0.020	0.857	0.001
0.962	0.001	0.001	0.036
0.001	0.001	0.017	0.981
0.138	0.001	0.001	0.860
>CTATTTAAAA	16-CTATTTAAAA	10.283261	-17.268441	0	T:45.0(14.52%),B:2260.5(5.89%),P:1e-7	Tpos:495.6,Tstd:291.7,Bpos:505.9,Bstd:315.1,StrandBias:-0.1,Multiplicity:1.04
0.001	0.997	0.001	0.001
0.001	0.071	0.001	0.927
0.839	0.001	0.159	0.001
0.001	0.001	0.051	0.947
0.001	0.047	0.001	0.951
0.001	0.001	0.001	0.997
0.871	0.001	0.001	0.127
0.997	0.001	0.001	0.001
0.997	0.001	0.001	0.001
0.936	0.001	0.062	0.001
>CACGAGAGAA	17-CACGAGAGAA	10.550098	-17.188601	0	T:23.0(7.42%),B:709.1(1.85%),P:1e-7	Tpos:533.9,Tstd:278.7,Bpos:528.7,Bstd:351.6,StrandBias:-0.9,Multiplicity:1.00
0.306	0.619	0.074	0.001
0.997	0.001	0.001	0.001
0.001	0.879	0.001	0.119
0.001	0.001	0.997	0.001
0.997	0.001	0.001	0.001
0.001	0.001	0.889	0.109
0.997	0.001	0.001	0.001
0.066	0.001	0.932	0.001
0.879	0.001	0.001	0.119
0.905	0.001	0.001	0.093
>ATCGCCTAAA	18-ATCGCCTAAA	9.826848	-15.271477	0	T:20.0(6.45%),B:610.0(1.59%),P:1e-6	Tpos:611.2,Tstd:258.4,Bpos:513.2,Bstd:333.0,StrandBias:-0.4,Multiplicity:1.05
0.997	0.001	0.001	0.001
0.104	0.069	0.001	0.826
0.046	0.907	0.046	0.001
0.158	0.001	0.803	0.038
0.001	0.863	0.135	0.001
0.045	0.890	0.001	0.064
0.045	0.050	0.016	0.889
0.950	0.001	0.048	0.001
0.997	0.001	0.001	0.001
0.898	0.001	0.001	0.100
>WTCGATCAAT	19-WTCGATCAAT	9.945012	-14.602735	0	T:54.0(17.42%),B:3266.7(8.51%),P:1e-6	Tpos:532.2,Tstd:287.0,Bpos:523.0,Bstd:344.9,StrandBias:0.5,Multiplicity:1.26
0.445	0.001	0.001	0.553
0.001	0.001	0.001	0.997
0.101	0.717	0.067	0.115
0.297	0.001	0.701	0.001
0.997	0.001	0.001	0.001
0.001	0.001	0.001	0.997
0.129	0.705	0.001	0.165
0.997	0.001	0.001	0.001
0.895	0.001	0.001	0.103
0.001	0.001	0.001	0.997
>TTTCTCTTCA	20-TTTCTCTTCA	8.364478	-14.530301	0	T:107.0(34.52%),B:8506.2(22.15%),P:1e-6	Tpos:564.4,Tstd:276.6,Bpos:528.7,Bstd:339.4,StrandBias:1.4,Multiplicity:1.24
0.020	0.001	0.080	0.899
0.135	0.001	0.016	0.848
0.015	0.141	0.013	0.831
0.030	0.922	0.001	0.047
0.035	0.001	0.025	0.939
0.011	0.923	0.001	0.065
0.010	0.001	0.001	0.988
0.059	0.001	0.017	0.923
0.035	0.875	0.053	0.037
0.848	0.016	0.054	0.082
>AATTAGAGCG	21-AATTAGAGCG	7.095375	-13.931523	0	T:54.0(17.42%),B:3339.7(8.70%),P:1e-6	Tpos:583.9,Tstd:279.4,Bpos:529.0,Bstd:336.9,StrandBias:-0.9,Multiplicity:1.06
0.612	0.012	0.276	0.100
0.902	0.042	0.001	0.055
0.123	0.164	0.233	0.480
0.008	0.085	0.280	0.627
0.436	0.138	0.236	0.190
0.203	0.223	0.481	0.092
0.646	0.072	0.273	0.009
0.013	0.270	0.716	0.001
0.178	0.439	0.142	0.241
0.014	0.107	0.867	0.012
>ACGAGGAAGA	22-ACGAGGAAGA	7.218635	-13.768406	0	T:74.0(23.87%),B:5243.5(13.65%),P:1e-5	Tpos:486.7,Tstd:290.3,Bpos:495.8,Bstd:337.5,StrandBias:-0.2,Multiplicity:1.20
0.737	0.099	0.053	0.111
0.060	0.863	0.028	0.049
0.071	0.073	0.837	0.019
0.794	0.081	0.029	0.096
0.083	0.089	0.759	0.069
0.064	0.058	0.828	0.050
0.746	0.080	0.090	0.084
0.771	0.079	0.070	0.080
0.038	0.036	0.859	0.067
0.812	0.091	0.034	0.063
>TAATTAATTA	23-TAATTAATTA	9.778644	-12.912222	0	T:64.0(20.65%),B:4392.9(11.44%),P:1e-5	Tpos:449.4,Tstd:298.0,Bpos:510.9,Bstd:319.9,StrandBias:0.3,Multiplicity:1.17
0.001	0.216	0.039	0.744
0.997	0.001	0.001	0.001
0.997	0.001	0.001	0.001
0.001	0.001	0.001	0.997
0.001	0.001	0.001	0.997
0.770	0.098	0.001	0.131
0.775	0.088	0.001	0.136
0.091	0.001	0.001	0.907
0.001	0.001	0.001	0.997
0.833	0.001	0.001	0.165
>GGCCCAAAAT	24-GGCCCAAAAT	9.423858	-12.389406	0	T:25.0(8.06%),B:1086.1(2.83%),P:1e-5	Tpos:526.5,Tstd:254.0,Bpos:504.0,Bstd:369.9,StrandBias:-0.7,Multiplicity:1.36
0.014	0.204	0.781	0.001
0.010	0.030	0.959	0.001
0.001	0.976	0.022	0.001
0.008	0.990	0.001	0.001
0.084	0.808	0.039	0.069
0.851	0.074	0.001	0.074
0.997	0.001	0.001	0.001
0.914	0.001	0.084	0.001
0.867	0.044	0.088	0.001
0.001	0.038	0.001	0.960
>GTCTTAGCAG	25-GTCTTAGCAG	10.296193	-2.469191	0	T:1.0(0.32%),B:10.1(0.03%),P:1e-1	Tpos:239.3,Tstd:130.6,Bpos:243.1,Bstd:212.1,StrandBias:-10.0,Multiplicity:10.00
0.100	0.100	0.700	0.100
0.100	0.100	0.100	0.700
0.100	0.700	0.100	0.100
0.100	0.100	0.100	0.700
0.100	0.100	0.100	0.700
0.700	0.100	0.100	0.100
0.100	0.100	0.700	0.100
0.100	0.700	0.100	0.100
0.700	0.100	0.100	0.100
0.100	0.100	0.700	0.100
