>GTTGCCAT	1-GTTGCCAT	8.110620	-57.984231	0	T:103.0(27.32%),B:3537.2(8.63%),P:1e-25	Tpos:712.7,Tstd:263.0,Bpos:506.2,Bstd:314.2,StrandBias:-0.7,Multiplicity:1.09
0.001	0.001	0.997	0.001
0.001	0.001	0.001	0.997
0.001	0.053	0.001	0.945
0.085	0.001	0.913	0.001
0.001	0.839	0.001	0.159
0.001	0.763	0.001	0.235
0.997	0.001	0.001	0.001
0.001	0.001	0.001	0.997
>TTCACCTG	2-TTCACCTG	7.117612	-26.098141	0	T:126.0(33.42%),B:7574.9(18.49%),P:1e-11	Tpos:550.5,Tstd:308.1,Bpos:513.4,Bstd:321.4,StrandBias:0.2,Multiplicity:1.29
0.076	0.001	0.069	0.854
0.124	0.141	0.001	0.734
0.001	0.997	0.001	0.001
0.997	0.001	0.001	0.001
0.001	0.882	0.116	0.001
0.094	0.904	0.001	0.001
0.001	0.055	0.038	0.906
0.001	0.001	0.997	0.001
>TGTGAGCA	3-TGTGAGCA	7.229228	-20.827287	0	T:138.0(36.60%),B:9298.8(22.70%),P:1e-9	Tpos:544.3,Tstd:286.8,Bpos:507.5,Bstd:317.5,StrandBias:-0.4,Multiplicity:1.26
0.001	0.046	0.001	0.952
0.001	0.001	0.997	0.001
0.063	0.059	0.001	0.877
0.111	0.036	0.852	0.001
0.917	0.081	0.001	0.001
0.001	0.057	0.941	0.001
0.174	0.700	0.001	0.125
0.811	0.055	0.001	0.133
>TAATCWGM	4-TAATCWGM	6.375042	-18.909646	0	T:193.0(51.19%),B:14990.2(36.59%),P:1e-8	Tpos:520.6,Tstd:285.3,Bpos:504.7,Bstd:311.8,StrandBias:0.3,Multiplicity:1.47
0.001	0.001	0.001	0.997
0.997	0.001	0.001	0.001
0.797	0.050	0.152	0.001
0.001	0.001	0.001	0.997
0.001	0.997	0.001	0.001
0.384	0.229	0.001	0.387
0.026	0.330	0.643	0.001
0.467	0.326	0.206	0.001
>CTGCCGCG	5-CTGCCGCG	8.290897	-18.835919	0	T:35.0(9.28%),B:1222.1(2.98%),P:1e-8	Tpos:501.2,Tstd:278.2,Bpos:504.8,Bstd:309.1,StrandBias:0.8,Multiplicity:1.03
0.001	0.667	0.292	0.040
0.001	0.001	0.001	0.997
0.001	0.001	0.997	0.001
0.001	0.997	0.001	0.001
0.289	0.709	0.001	0.001
0.001	0.001	0.662	0.336
0.276	0.609	0.114	0.001
0.001	0.208	0.790	0.001
>AATGCTCA	6-AATGCTCA	7.391365	-18.266656	0	T:158.0(41.91%),B:11582.4(28.27%),P:1e-7	Tpos:543.7,Tstd:272.9,Bpos:495.9,Bstd:312.0,StrandBias:0.1,Multiplicity:1.31
0.842	0.156	0.001	0.001
0.997	0.001	0.001	0.001
0.117	0.058	0.001	0.824
0.001	0.001	0.857	0.141
0.001	0.997	0.001	0.001
0.001	0.001	0.051	0.947
0.131	0.867	0.001	0.001
0.947	0.001	0.051	0.001
>CTTAGAGA	7-CTTAGAGA	7.147668	-16.313077	0	T:120.0(31.83%),B:8274.5(20.20%),P:1e-7	Tpos:592.7,Tstd:295.1,Bpos:527.1,Bstd:323.0,StrandBias:-0.4,Multiplicity:1.24
0.001	0.760	0.238	0.001
0.001	0.212	0.161	0.626
0.001	0.001	0.186	0.812
0.997	0.001	0.001	0.001
0.061	0.001	0.937	0.001
0.902	0.001	0.001	0.096
0.001	0.001	0.997	0.001
0.918	0.001	0.001	0.080
>GGGCGGAG	8-GGGCGGAG	8.787580	-16.235948	0	T:49.0(13.00%),B:2324.4(5.67%),P:1e-7	Tpos:624.9,Tstd:235.4,Bpos:567.2,Bstd:311.9,StrandBias:-1.0,Multiplicity:1.20
0.102	0.207	0.690	0.001
0.066	0.001	0.932	0.001
0.001	0.001	0.997	0.001
0.001	0.884	0.001	0.114
0.001	0.001	0.997	0.001
0.001	0.001	0.997	0.001
0.820	0.001	0.001	0.178
0.001	0.001	0.997	0.001
>GCCATTAT	9-GCCATTAT	10.194653	-13.873860	0	T:26.0(6.90%),B:929.0(2.27%),P:1e-6	Tpos:548.4,Tstd:273.8,Bpos:488.7,Bstd:305.8,StrandBias:-0.2,Multiplicity:1.08
0.001	0.001	0.997	0.001
0.001	0.997	0.001	0.001
0.001	0.997	0.001	0.001
0.581	0.001	0.417	0.001
0.001	0.001	0.001	0.997
0.001	0.001	0.001	0.997
0.997	0.001	0.001	0.001
0.001	0.001	0.001	0.997
