>TCTCTTATCAAT	9-ATTGATAAGAGA	9.582399	-19.314127	0	T:31.0(23.66%),B:2921.7(7.26%),P:1e-8
0.001	0.102	0.030	0.867
0.065	0.725	0.043	0.167
0.096	0.061	0.048	0.795
0.022	0.813	0.106	0.059
0.127	0.001	0.001	0.871
0.068	0.179	0.048	0.705
0.843	0.121	0.001	0.035
0.066	0.001	0.052	0.881
0.024	0.815	0.039	0.122
0.929	0.001	0.042	0.028
0.872	0.097	0.030	0.001
0.001	0.106	0.001	0.892
