>ATTGATAAGAGA	9-ATTGATAAGAGA,BestGuess:ELT-3(Gata)/cElegans-L1-ELT3-ChIP-Seq(modEncode)/Homer(0.829)	9.582399	-19.314127	0	T:31.0(23.66%),B:2921.7(7.26%),P:1e-8
0.892	0.001	0.106	0.001
0.001	0.030	0.097	0.872
0.028	0.042	0.001	0.929
0.122	0.039	0.815	0.024
0.881	0.052	0.001	0.066
0.035	0.001	0.121	0.843
0.705	0.048	0.179	0.068
0.871	0.001	0.001	0.127
0.059	0.106	0.813	0.022
0.795	0.048	0.061	0.096
0.167	0.043	0.725	0.065
0.867	0.030	0.102	0.001
