>ATTTTGAAGTAG	18-ATTTTGAAGTAG	12.677756	-14.598307	0	T:5.0(3.82%),B:42.1(0.10%),P:1e-6
0.835	0.001	0.063	0.101
0.144	0.106	0.063	0.687
0.089	0.143	0.043	0.725
0.001	0.381	0.001	0.617
0.081	0.001	0.003	0.915
0.077	0.118	0.732	0.073
0.961	0.001	0.001	0.037
0.767	0.048	0.112	0.073
0.060	0.026	0.841	0.073
0.094	0.028	0.080	0.798
0.669	0.043	0.287	0.001
0.021	0.123	0.783	0.073
