>GGGCGGAGCY	1-GGGCGGAGCY	8.764669	-33.077470	0	T:55.0(15.67%),B:1824.2(4.59%),P:1e-14	Tpos:713.9,Tstd:240.8,Bpos:572.7,Bstd:311.9,StrandBias:-1.0,Multiplicity:1.22
0.161	0.080	0.758	0.001
0.001	0.001	0.997	0.001
0.001	0.001	0.997	0.001
0.001	0.997	0.001	0.001
0.054	0.001	0.604	0.341
0.001	0.114	0.725	0.160
0.800	0.001	0.001	0.198
0.001	0.001	0.838	0.160
0.226	0.604	0.001	0.169
0.233	0.397	0.001	0.368
>CCGCCTAGAT	2-CCGCCTAGAT	10.008176	-32.063129	0	T:22.0(6.27%),B:261.9(0.66%),P:1e-13	Tpos:494.5,Tstd:289.2,Bpos:480.3,Bstd:318.9,StrandBias:1.0,Multiplicity:1.00
0.001	0.997	0.001	0.001
0.001	0.997	0.001	0.001
0.001	0.001	0.936	0.062
0.052	0.879	0.001	0.068
0.001	0.908	0.001	0.090
0.084	0.073	0.056	0.787
0.943	0.001	0.001	0.055
0.057	0.191	0.751	0.001
0.997	0.001	0.001	0.001
0.118	0.001	0.001	0.880
>GCTCTAACTC	3-GCTCTAACTC	7.104770	-27.931083	0	T:82.0(23.36%),B:4022.1(10.13%),P:1e-12	Tpos:517.9,Tstd:287.3,Bpos:516.7,Bstd:312.8,StrandBias:0.4,Multiplicity:1.10
0.050	0.097	0.768	0.085
0.059	0.791	0.082	0.068
0.079	0.068	0.066	0.787
0.049	0.835	0.059	0.057
0.111	0.035	0.057	0.797
0.724	0.048	0.098	0.130
0.775	0.055	0.112	0.058
0.086	0.864	0.001	0.049
0.043	0.037	0.040	0.880
0.131	0.788	0.045	0.036
>GCGGATTATA	4-GCGGATTATA	9.733221	-26.874815	0	T:26.0(7.41%),B:504.8(1.27%),P:1e-11	Tpos:634.2,Tstd:300.6,Bpos:506.0,Bstd:313.4,StrandBias:-0.6,Multiplicity:1.00
0.043	0.052	0.904	0.001
0.088	0.910	0.001	0.001
0.035	0.044	0.797	0.124
0.001	0.001	0.997	0.001
0.924	0.074	0.001	0.001
0.001	0.109	0.001	0.889
0.001	0.001	0.001	0.997
0.909	0.001	0.001	0.089
0.046	0.060	0.001	0.893
0.843	0.001	0.048	0.108
>AACTTCAGGT	5-AACTTCAGGT	9.180165	-24.614731	0	T:42.0(11.97%),B:1424.9(3.59%),P:1e-10	Tpos:459.9,Tstd:277.2,Bpos:498.5,Bstd:306.8,StrandBias:0.0,Multiplicity:1.02
0.852	0.046	0.055	0.047
0.964	0.001	0.034	0.001
0.017	0.953	0.029	0.001
0.042	0.001	0.001	0.956
0.036	0.001	0.001	0.962
0.001	0.914	0.022	0.063
0.868	0.070	0.001	0.061
0.071	0.028	0.887	0.014
0.001	0.001	0.824	0.174
0.001	0.036	0.042	0.921
>GGGGCGTGGC	6-GGGGCGTGGC	9.979803	-23.803772	0	T:17.0(4.84%),B:221.0(0.56%),P:1e-10	Tpos:773.6,Tstd:204.2,Bpos:587.8,Bstd:300.1,StrandBias:0.4,Multiplicity:1.00
0.039	0.001	0.959	0.001
0.043	0.001	0.955	0.001
0.001	0.001	0.997	0.001
0.001	0.001	0.997	0.001
0.001	0.962	0.001	0.036
0.099	0.001	0.899	0.001
0.095	0.001	0.018	0.886
0.001	0.001	0.889	0.109
0.001	0.001	0.899	0.099
0.001	0.908	0.057	0.034
>AAWAGTTCAG	7-AAWAGTTCAG	8.962593	-23.404044	0	T:54.0(15.38%),B:2276.8(5.73%),P:1e-10	Tpos:533.2,Tstd:303.1,Bpos:495.8,Bstd:311.4,StrandBias:-0.3,Multiplicity:1.07
0.577	0.001	0.001	0.421
0.997	0.001	0.001	0.001
0.431	0.001	0.218	0.350
0.894	0.104	0.001	0.001
0.001	0.001	0.997	0.001
0.001	0.223	0.001	0.775
0.001	0.001	0.001	0.997
0.001	0.997	0.001	0.001
0.621	0.001	0.377	0.001
0.001	0.001	0.997	0.001
>AGTAGCAAAG	8-AGTAGCAAAG	7.341186	-22.826916	0	T:102.0(29.06%),B:6155.1(15.50%),P:1e-9	Tpos:533.6,Tstd:286.7,Bpos:513.8,Bstd:315.0,StrandBias:-0.1,Multiplicity:1.17
0.788	0.093	0.080	0.039
0.130	0.013	0.814	0.043
0.037	0.052	0.042	0.869
0.799	0.059	0.099	0.043
0.072	0.126	0.731	0.071
0.053	0.799	0.113	0.035
0.770	0.043	0.099	0.088
0.883	0.064	0.020	0.033
0.812	0.063	0.060	0.065
0.104	0.074	0.746	0.076
>TTGGGCGGGG	9-TTGGGCGGGG	9.882484	-22.598297	0	T:17.0(4.84%),B:239.3(0.60%),P:1e-9	Tpos:607.2,Tstd:257.3,Bpos:564.0,Bstd:305.6,StrandBias:0.2,Multiplicity:1.00
0.055	0.114	0.001	0.830
0.090	0.001	0.001	0.908
0.001	0.213	0.785	0.001
0.177	0.100	0.721	0.002
0.321	0.115	0.563	0.001
0.284	0.714	0.001	0.001
0.001	0.048	0.745	0.206
0.001	0.001	0.838	0.160
0.001	0.175	0.801	0.023
0.001	0.001	0.997	0.001
>AGTATAAAAA	10-AGTATAAAAA	10.789836	-21.180088	0	T:49.0(13.96%),B:2070.2(5.21%),P:1e-9	Tpos:683.6,Tstd:307.1,Bpos:539.3,Bstd:337.7,StrandBias:0.6,Multiplicity:1.04
0.845	0.001	0.153	0.001
0.001	0.001	0.997	0.001
0.001	0.001	0.001	0.997
0.887	0.111	0.001	0.001
0.001	0.001	0.001	0.997
0.997	0.001	0.001	0.001
0.909	0.001	0.001	0.089
0.997	0.001	0.001	0.001
0.902	0.001	0.019	0.078
0.884	0.001	0.114	0.001
>ATGTGCGCGG	11-ATGTGCGCGG	8.536303	-20.379129	0	T:22.0(6.27%),B:492.9(1.24%),P:1e-8	Tpos:527.7,Tstd:236.4,Bpos:506.5,Bstd:303.7,StrandBias:-1.1,Multiplicity:1.05
0.888	0.001	0.053	0.058
0.119	0.001	0.001	0.879
0.065	0.001	0.933	0.001
0.072	0.001	0.001	0.926
0.001	0.156	0.842	0.001
0.046	0.854	0.040	0.060
0.055	0.001	0.943	0.001
0.001	0.928	0.070	0.001
0.055	0.001	0.943	0.001
0.001	0.057	0.941	0.001
>TGAGGGATTA	12-TGAGGGATTA	9.520894	-19.899915	0	T:25.0(7.12%),B:654.6(1.65%),P:1e-8	Tpos:534.4,Tstd:320.7,Bpos:524.1,Bstd:317.6,StrandBias:-0.5,Multiplicity:1.08
0.040	0.066	0.001	0.893
0.039	0.106	0.824	0.031
0.880	0.086	0.001	0.033
0.001	0.001	0.958	0.040
0.011	0.034	0.931	0.024
0.001	0.045	0.917	0.037
0.865	0.070	0.064	0.001
0.025	0.001	0.070	0.904
0.001	0.042	0.035	0.922
0.933	0.040	0.001	0.026
>GGAAGTGATT	13-GGAAGTGATT	9.488196	-19.318443	0	T:36.0(10.26%),B:1314.3(3.31%),P:1e-8	Tpos:523.2,Tstd:314.9,Bpos:503.3,Bstd:313.1,StrandBias:-1.4,Multiplicity:1.03
0.080	0.052	0.679	0.189
0.075	0.001	0.887	0.037
0.946	0.052	0.001	0.001
0.927	0.001	0.071	0.001
0.120	0.001	0.878	0.001
0.001	0.001	0.001	0.997
0.001	0.001	0.997	0.001
0.997	0.001	0.001	0.001
0.001	0.001	0.095	0.903
0.001	0.222	0.001	0.776
>CACACAGTAC	14-CACACAGTAC	9.179617	-19.205879	0	T:25.0(7.12%),B:678.8(1.71%),P:1e-8	Tpos:512.0,Tstd:273.8,Bpos:515.1,Bstd:322.0,StrandBias:-0.4,Multiplicity:1.04
0.001	0.793	0.001	0.205
0.650	0.001	0.207	0.142
0.001	0.866	0.132	0.001
0.997	0.001	0.001	0.001
0.140	0.568	0.111	0.181
0.837	0.001	0.001	0.161
0.001	0.106	0.892	0.001
0.001	0.001	0.001	0.997
0.742	0.126	0.001	0.131
0.112	0.610	0.208	0.070
>AYTCGTAGGS	15-AYTCGTAGGS	8.444554	-18.693730	0	T:31.0(8.83%),B:1037.1(2.61%),P:1e-8	Tpos:565.4,Tstd:286.0,Bpos:483.4,Bstd:307.1,StrandBias:-1.1,Multiplicity:1.10
0.487	0.001	0.247	0.264
0.079	0.433	0.001	0.487
0.001	0.001	0.096	0.902
0.030	0.634	0.019	0.317
0.001	0.001	0.863	0.135
0.001	0.199	0.071	0.729
0.954	0.001	0.027	0.018
0.137	0.030	0.796	0.037
0.077	0.006	0.889	0.028
0.001	0.556	0.411	0.032
>CAAMTGKAGG	16-CAAMTGKAGG	6.388211	-18.132477	0	T:36.0(10.26%),B:1378.1(3.47%),P:1e-7	Tpos:531.2,Tstd:278.1,Bpos:477.9,Bstd:310.2,StrandBias:0.5,Multiplicity:1.06
0.085	0.472	0.220	0.223
0.805	0.128	0.066	0.001
0.447	0.040	0.221	0.292
0.528	0.385	0.040	0.047
0.206	0.108	0.065	0.621
0.080	0.088	0.530	0.302
0.196	0.185	0.246	0.373
0.391	0.200	0.230	0.179
0.182	0.222	0.421	0.175
0.157	0.006	0.753	0.084
>AGAACGTCAT	17-AGAACGTCAT	9.257086	-18.025339	0	T:32.0(9.12%),B:1130.1(2.85%),P:1e-7	Tpos:476.7,Tstd:256.4,Bpos:495.1,Bstd:312.8,StrandBias:-0.4,Multiplicity:1.03
0.909	0.048	0.042	0.001
0.078	0.026	0.870	0.026
0.834	0.045	0.068	0.053
0.997	0.001	0.001	0.001
0.208	0.673	0.024	0.095
0.001	0.001	0.997	0.001
0.033	0.001	0.001	0.965
0.037	0.933	0.029	0.001
0.972	0.001	0.001	0.026
0.029	0.063	0.042	0.866
>KGTTACGYGA	18-KGTTACGYGA	8.387054	-17.726167	0	T:39.0(11.11%),B:1601.8(4.03%),P:1e-7	Tpos:446.6,Tstd:323.7,Bpos:491.2,Bstd:307.2,StrandBias:0.2,Multiplicity:1.38
0.001	0.001	0.557	0.441
0.136	0.303	0.560	0.001
0.254	0.001	0.001	0.744
0.001	0.001	0.001	0.997
0.590	0.001	0.408	0.001
0.001	0.646	0.001	0.352
0.400	0.001	0.598	0.001
0.001	0.571	0.001	0.427
0.231	0.001	0.767	0.001
0.840	0.001	0.158	0.001
>TGGCGAACAT	19-TGGCGAACAT	9.119113	-17.183660	0	T:27.0(7.69%),B:869.6(2.19%),P:1e-7	Tpos:649.7,Tstd:241.2,Bpos:485.6,Bstd:328.4,StrandBias:-0.3,Multiplicity:1.00
0.041	0.001	0.001	0.957
0.001	0.090	0.908	0.001
0.054	0.001	0.898	0.047
0.021	0.886	0.001	0.092
0.070	0.051	0.825	0.054
0.906	0.001	0.001	0.092
0.897	0.001	0.101	0.001
0.001	0.948	0.001	0.050
0.937	0.001	0.001	0.061
0.034	0.073	0.001	0.892
>CCTCCCACTA	20-CCTCCCACTA	10.836807	-16.965870	0	T:12.0(3.42%),B:159.0(0.40%),P:1e-7	Tpos:543.1,Tstd:305.8,Bpos:588.0,Bstd:326.2,StrandBias:1.0,Multiplicity:1.00
0.001	0.997	0.001	0.001
0.001	0.997	0.001	0.001
0.108	0.001	0.001	0.890
0.001	0.997	0.001	0.001
0.001	0.997	0.001	0.001
0.079	0.919	0.001	0.001
0.997	0.001	0.001	0.001
0.001	0.849	0.149	0.001
0.001	0.183	0.001	0.815
0.833	0.001	0.087	0.079
>YGCACAAAGT	21-YGCACAAAGT	10.764062	-16.135680	0	T:19.0(5.41%),B:474.8(1.20%),P:1e-7	Tpos:549.0,Tstd:231.2,Bpos:493.3,Bstd:308.3,StrandBias:-0.2,Multiplicity:1.00
0.001	0.435	0.001	0.563
0.001	0.226	0.772	0.001
0.001	0.997	0.001	0.001
0.826	0.172	0.001	0.001
0.001	0.997	0.001	0.001
0.997	0.001	0.001	0.001
0.795	0.001	0.203	0.001
0.997	0.001	0.001	0.001
0.001	0.001	0.997	0.001
0.001	0.001	0.001	0.997
>AGACCWAGGT	22-AGACCWAGGT	10.457860	-14.838301	0	T:8.0(2.28%),B:68.5(0.17%),P:1e-6	Tpos:447.1,Tstd:293.5,Bpos:458.1,Bstd:282.6,StrandBias:0.6,Multiplicity:1.38
0.888	0.110	0.001	0.001
0.001	0.001	0.997	0.001
0.997	0.001	0.001	0.001
0.001	0.997	0.001	0.001
0.001	0.997	0.001	0.001
0.511	0.001	0.001	0.487
0.633	0.365	0.001	0.001
0.001	0.001	0.997	0.001
0.001	0.001	0.997	0.001
0.001	0.001	0.001	0.997
>AATGGATTCT	23-AATGGATTCT	9.888604	-13.005999	0	T:25.0(7.12%),B:953.4(2.40%),P:1e-5	Tpos:519.5,Tstd:276.7,Bpos:475.5,Bstd:298.7,StrandBias:-0.2,Multiplicity:1.20
0.997	0.001	0.001	0.001
0.997	0.001	0.001	0.001
0.252	0.001	0.001	0.746
0.001	0.001	0.823	0.175
0.040	0.001	0.958	0.001
0.645	0.046	0.172	0.137
0.001	0.313	0.042	0.644
0.001	0.089	0.001	0.909
0.089	0.868	0.042	0.001
0.001	0.048	0.001	0.950
>CAAATAATCC	24-CAAATAATCC	11.629280	-11.375161	0	T:8.0(2.28%),B:112.6(0.28%),P:1e-4	Tpos:563.6,Tstd:359.1,Bpos:440.2,Bstd:298.1,StrandBias:0.7,Multiplicity:1.00
0.021	0.814	0.076	0.089
0.792	0.097	0.090	0.021
0.748	0.078	0.103	0.071
0.864	0.027	0.076	0.033
0.025	0.108	0.029	0.838
0.697	0.091	0.137	0.075
0.885	0.057	0.050	0.008
0.106	0.086	0.058	0.750
0.128	0.846	0.025	0.001
0.073	0.784	0.033	0.110
>CCAACTTTAG	25-CCAACTTTAG	10.886115	-7.998385	0	T:8.0(2.28%),B:186.1(0.47%),P:1e-3	Tpos:506.9,Tstd:270.5,Bpos:479.4,Bstd:310.5,StrandBias:0.5,Multiplicity:1.71
0.001	0.997	0.001	0.001
0.001	0.997	0.001	0.001
0.784	0.124	0.001	0.091
0.862	0.136	0.001	0.001
0.001	0.997	0.001	0.001
0.001	0.001	0.001	0.997
0.001	0.001	0.077	0.921
0.001	0.001	0.001	0.997
0.997	0.001	0.001	0.001
0.001	0.001	0.997	0.001
>GTGGGCGGAGTC	1-GTGGGCGGAGTC	7.820597	-38.406513	0	T:75.0(21.37%),B:2839.9(7.15%),P:1e-16	Tpos:686.2,Tstd:261.3,Bpos:562.3,Bstd:313.4,StrandBias:-1.2,Multiplicity:1.17
0.074	0.097	0.690	0.139
0.041	0.017	0.049	0.893
0.164	0.041	0.742	0.053
0.001	0.025	0.962	0.012
0.092	0.025	0.760	0.123
0.169	0.658	0.056	0.117
0.070	0.001	0.837	0.092
0.070	0.052	0.757	0.121
0.797	0.048	0.069	0.086
0.024	0.091	0.712	0.173
0.148	0.185	0.117	0.550
0.101	0.687	0.037	0.175
>AGTATAAAAAAA	2-AGTATAAAAAAA	11.273817	-33.136536	0	T:52.0(14.81%),B:1642.0(4.13%),P:1e-14	Tpos:579.0,Tstd:319.8,Bpos:513.9,Bstd:308.8,StrandBias:-0.1,Multiplicity:1.04
0.816	0.001	0.182	0.001
0.155	0.001	0.770	0.074
0.001	0.139	0.037	0.823
0.723	0.275	0.001	0.001
0.001	0.001	0.133	0.865
0.997	0.001	0.001	0.001
0.997	0.001	0.001	0.001
0.997	0.001	0.001	0.001
0.780	0.001	0.001	0.218
0.997	0.001	0.001	0.001
0.565	0.001	0.329	0.105
0.804	0.001	0.153	0.042
>AAGGGGCGKGGC	3-AAGGGGCGKGGC	9.680014	-30.843162	0	T:42.0(11.97%),B:1167.2(2.94%),P:1e-13	Tpos:685.6,Tstd:270.9,Bpos:577.7,Bstd:313.2,StrandBias:0.5,Multiplicity:1.31
0.840	0.001	0.158	0.001
0.531	0.048	0.343	0.078
0.138	0.001	0.693	0.168
0.288	0.001	0.710	0.001
0.001	0.001	0.951	0.047
0.036	0.001	0.962	0.001
0.163	0.835	0.001	0.001
0.047	0.001	0.857	0.095
0.049	0.001	0.493	0.456
0.219	0.001	0.607	0.173
0.074	0.001	0.924	0.001
0.001	0.939	0.001	0.059
>TTTATAGATCCA	4-TTTATAGATCCA	11.166000	-25.689288	0	T:24.0(6.84%),B:447.9(1.13%),P:1e-11	Tpos:492.8,Tstd:300.0,Bpos:494.0,Bstd:306.9,StrandBias:-0.3,Multiplicity:1.04
0.001	0.001	0.001	0.997
0.137	0.001	0.001	0.861
0.189	0.001	0.001	0.809
0.937	0.001	0.061	0.001
0.068	0.146	0.001	0.785
0.930	0.001	0.068	0.001
0.028	0.131	0.683	0.158
0.646	0.140	0.001	0.213
0.001	0.001	0.001	0.997
0.039	0.933	0.001	0.027
0.094	0.857	0.048	0.001
0.889	0.001	0.109	0.001
>TAAGAGGATTAT	5-TAAGAGGATTAT	9.291056	-25.526171	0	T:44.0(12.54%),B:1503.6(3.79%),P:1e-11	Tpos:510.6,Tstd:331.2,Bpos:507.3,Bstd:315.3,StrandBias:0.2,Multiplicity:1.07
0.124	0.091	0.001	0.784
0.860	0.064	0.046	0.030
0.792	0.081	0.030	0.097
0.013	0.098	0.797	0.092
0.898	0.052	0.035	0.015
0.101	0.060	0.823	0.016
0.088	0.070	0.766	0.076
0.820	0.092	0.076	0.012
0.029	0.001	0.029	0.941
0.055	0.024	0.001	0.920
0.751	0.030	0.064	0.155
0.069	0.044	0.030	0.857
>GCGGATATATTT	6-GCGGATATATTT	13.044471	-25.100797	0	T:12.0(3.42%),B:73.2(0.18%),P:1e-10	Tpos:570.4,Tstd:209.6,Bpos:479.0,Bstd:306.6,StrandBias:-1.6,Multiplicity:1.00
0.001	0.001	0.997	0.001
0.094	0.790	0.001	0.115
0.342	0.001	0.656	0.001
0.098	0.001	0.900	0.001
0.997	0.001	0.001	0.001
0.001	0.001	0.001	0.997
0.876	0.001	0.001	0.122
0.001	0.001	0.001	0.997
0.908	0.001	0.001	0.090
0.001	0.001	0.001	0.997
0.001	0.001	0.001	0.997
0.001	0.001	0.001	0.997
>ACCTTCTAAATA	7-ACCTTCTAAATA	10.098502	-24.430112	0	T:29.0(8.26%),B:709.7(1.79%),P:1e-10	Tpos:399.6,Tstd:320.1,Bpos:505.2,Bstd:310.2,StrandBias:0.5,Multiplicity:1.00
0.863	0.032	0.001	0.104
0.025	0.839	0.086	0.050
0.082	0.751	0.083	0.084
0.095	0.101	0.100	0.704
0.025	0.001	0.066	0.908
0.120	0.798	0.001	0.081
0.038	0.067	0.001	0.894
0.757	0.043	0.174	0.026
0.829	0.106	0.026	0.039
0.914	0.023	0.041	0.022
0.030	0.052	0.001	0.917
0.834	0.021	0.091	0.054
>ATASTCATCAAA	8-ATASTCATCAAA	11.559160	-22.825531	0	T:27.0(7.69%),B:660.3(1.66%),P:1e-9	Tpos:572.3,Tstd:309.5,Bpos:526.2,Bstd:295.9,StrandBias:0.8,Multiplicity:1.00
0.828	0.001	0.001	0.170
0.194	0.001	0.001	0.804
0.547	0.198	0.067	0.188
0.200	0.396	0.404	0.001
0.001	0.169	0.001	0.829
0.001	0.997	0.001	0.001
0.850	0.001	0.001	0.148
0.001	0.001	0.001	0.997
0.001	0.856	0.142	0.001
0.852	0.007	0.001	0.140
0.997	0.001	0.001	0.001
0.913	0.085	0.001	0.001
>AAGGAACTGTGC	9-AAGGAACTGTGC	13.270349	-22.565714	0	T:8.0(2.28%),B:22.0(0.06%),P:1e-9	Tpos:564.8,Tstd:229.7,Bpos:520.9,Bstd:251.9,StrandBias:0.0,Multiplicity:1.00
0.997	0.001	0.001	0.001
0.853	0.001	0.001	0.145
0.125	0.001	0.791	0.083
0.082	0.001	0.916	0.001
0.874	0.124	0.001	0.001
0.997	0.001	0.001	0.001
0.001	0.853	0.145	0.001
0.001	0.001	0.001	0.997
0.001	0.001	0.997	0.001
0.001	0.001	0.001	0.997
0.001	0.145	0.853	0.001
0.001	0.997	0.001	0.001
>ACGCATGCCTGC	10-ACGCATGCCTGC	13.732115	-21.664442	0	T:7.0(1.99%),B:14.5(0.04%),P:1e-9	Tpos:574.5,Tstd:249.9,Bpos:369.5,Bstd:278.5,StrandBias:-0.7,Multiplicity:1.14
0.997	0.001	0.001	0.001
0.001	0.855	0.001	0.143
0.001	0.001	0.997	0.001
0.001	0.997	0.001	0.001
0.932	0.066	0.001	0.001
0.159	0.159	0.001	0.681
0.001	0.001	0.997	0.001
0.001	0.997	0.001	0.001
0.001	0.997	0.001	0.001
0.001	0.001	0.001	0.997
0.123	0.001	0.875	0.001
0.001	0.839	0.159	0.001
>ATGGACAACGCT	11-ATGGACAACGCT	10.001994	-21.120529	0	T:20.0(5.70%),B:384.4(0.97%),P:1e-9	Tpos:490.9,Tstd:287.7,Bpos:473.0,Bstd:324.2,StrandBias:-0.6,Multiplicity:1.00
0.823	0.001	0.088	0.088
0.001	0.001	0.001	0.997
0.001	0.001	0.797	0.201
0.068	0.168	0.763	0.001
0.798	0.001	0.001	0.200
0.043	0.554	0.001	0.402
0.640	0.001	0.101	0.258
0.762	0.001	0.117	0.120
0.257	0.494	0.001	0.248
0.001	0.219	0.779	0.001
0.167	0.565	0.001	0.267
0.058	0.001	0.001	0.940
>TATTGAGCATTG	12-TATTGAGCATTG	12.970190	-20.936591	0	T:11.0(3.13%),B:84.6(0.21%),P:1e-9	Tpos:519.7,Tstd:236.4,Bpos:491.8,Bstd:257.4,StrandBias:0.3,Multiplicity:1.00
0.070	0.123	0.001	0.806
0.856	0.001	0.086	0.057
0.001	0.001	0.001	0.997
0.001	0.001	0.001	0.997
0.001	0.001	0.917	0.081
0.997	0.001	0.001	0.001
0.001	0.001	0.917	0.081
0.001	0.997	0.001	0.001
0.855	0.143	0.001	0.001
0.001	0.001	0.001	0.997
0.001	0.001	0.001	0.997
0.060	0.103	0.789	0.048
>ACATATTATTTG	13-ACATATTATTTG	11.544875	-20.631796	0	T:22.0(6.27%),B:486.0(1.22%),P:1e-8	Tpos:470.2,Tstd:271.1,Bpos:505.3,Bstd:306.5,StrandBias:0.0,Multiplicity:1.00
0.813	0.076	0.048	0.063
0.158	0.552	0.126	0.164
0.732	0.001	0.063	0.204
0.013	0.050	0.040	0.897
0.784	0.030	0.052	0.134
0.097	0.001	0.042	0.860
0.011	0.015	0.001	0.973
0.941	0.034	0.001	0.024
0.020	0.082	0.001	0.897
0.016	0.266	0.038	0.680
0.025	0.012	0.158	0.805
0.102	0.041	0.632	0.225
>AGAAGTGGCAAA	14-AGAAGTGGCAAA	11.792714	-20.371364	0	T:17.0(4.84%),B:279.3(0.70%),P:1e-8	Tpos:375.8,Tstd:328.9,Bpos:499.2,Bstd:326.4,StrandBias:0.2,Multiplicity:1.12
0.997	0.001	0.001	0.001
0.087	0.001	0.911	0.001
0.884	0.114	0.001	0.001
0.910	0.088	0.001	0.001
0.080	0.124	0.795	0.001
0.066	0.001	0.001	0.932
0.129	0.001	0.869	0.001
0.085	0.001	0.913	0.001
0.001	0.997	0.001	0.001
0.836	0.001	0.162	0.001
0.884	0.001	0.114	0.001
0.997	0.001	0.001	0.001
>AAGTCTTCTGAA	15-AAGTCTTCTGAA	12.747520	-20.299675	0	T:16.0(4.56%),B:243.1(0.61%),P:1e-8	Tpos:349.2,Tstd:304.7,Bpos:489.2,Bstd:297.1,StrandBias:-0.2,Multiplicity:1.06
0.908	0.090	0.001	0.001
0.915	0.083	0.001	0.001
0.001	0.001	0.950	0.048
0.077	0.001	0.001	0.921
0.001	0.843	0.052	0.104
0.001	0.001	0.001	0.997
0.094	0.099	0.001	0.806
0.001	0.997	0.001	0.001
0.083	0.001	0.001	0.915
0.001	0.090	0.908	0.001
0.997	0.001	0.001	0.001
0.997	0.001	0.001	0.001
>CAAGTTMAAACG	16-CAAGTTMAAACG	11.546627	-18.983942	0	T:9.0(2.56%),B:56.2(0.14%),P:1e-8	Tpos:704.3,Tstd:267.5,Bpos:585.9,Bstd:369.2,StrandBias:1.0,Multiplicity:1.00
0.001	0.997	0.001	0.001
0.997	0.001	0.001	0.001
0.997	0.001	0.001	0.001
0.019	0.001	0.960	0.020
0.001	0.001	0.001	0.997
0.001	0.001	0.001	0.997
0.447	0.551	0.001	0.001
0.997	0.001	0.001	0.001
0.997	0.001	0.001	0.001
0.997	0.001	0.001	0.001
0.001	0.997	0.001	0.001
0.001	0.393	0.605	0.001
>ARTGATCTCGTA	17-ARTGATCTCGTA	11.490467	-18.533278	0	T:10.0(2.85%),B:82.9(0.21%),P:1e-8	Tpos:619.5,Tstd:240.6,Bpos:431.8,Bstd:295.0,StrandBias:0.7,Multiplicity:1.30
0.821	0.177	0.001	0.001
0.296	0.202	0.357	0.145
0.001	0.001	0.001	0.997
0.001	0.151	0.535	0.313
0.821	0.177	0.001	0.001
0.001	0.001	0.001	0.997
0.001	0.997	0.001	0.001
0.001	0.001	0.379	0.619
0.001	0.997	0.001	0.001
0.001	0.001	0.997	0.001
0.001	0.001	0.001	0.997
0.997	0.001	0.001	0.001
>ATGGATTATTTG	18-ATGGATTATTTG	9.744493	-18.225364	0	T:33.0(9.40%),B:1182.6(2.98%),P:1e-7	Tpos:523.4,Tstd:307.9,Bpos:480.8,Bstd:304.9,StrandBias:-0.6,Multiplicity:1.15
0.851	0.041	0.033	0.075
0.069	0.001	0.191	0.739
0.060	0.159	0.692	0.089
0.001	0.001	0.997	0.001
0.997	0.001	0.001	0.001
0.053	0.001	0.036	0.910
0.064	0.026	0.033	0.877
0.679	0.084	0.236	0.001
0.001	0.027	0.039	0.933
0.148	0.001	0.157	0.694
0.080	0.177	0.069	0.674
0.170	0.001	0.776	0.053
>CTGTTTTTTAGA	19-CTGTTTTTTAGA	10.173716	-17.475248	0	T:42.0(11.97%),B:1824.6(4.59%),P:1e-7	Tpos:548.2,Tstd:306.3,Bpos:499.5,Bstd:301.4,StrandBias:1.0,Multiplicity:1.07
0.036	0.931	0.032	0.001
0.001	0.001	0.059	0.939
0.014	0.001	0.938	0.047
0.100	0.001	0.120	0.779
0.032	0.026	0.042	0.900
0.001	0.024	0.105	0.870
0.064	0.050	0.096	0.790
0.001	0.036	0.054	0.909
0.001	0.085	0.100	0.814
0.696	0.106	0.067	0.131
0.067	0.118	0.814	0.001
0.636	0.117	0.142	0.105
>GTTCCAGTTTCT	20-GTTCCAGTTTCT	12.355432	-16.179278	0	T:5.0(1.42%),B:9.8(0.02%),P:1e-7	Tpos:381.0,Tstd:192.1,Bpos:430.7,Bstd:352.3,StrandBias:-2.0,Multiplicity:1.00
0.100	0.100	0.700	0.100
0.100	0.100	0.100	0.700
0.100	0.100	0.100	0.700
0.100	0.700	0.100	0.100
0.100	0.700	0.100	0.100
0.700	0.100	0.100	0.100
0.100	0.100	0.700	0.100
0.100	0.100	0.100	0.700
0.100	0.100	0.100	0.700
0.100	0.100	0.100	0.700
0.100	0.700	0.100	0.100
0.100	0.100	0.100	0.700
>TGGTCGATCGAC	21-TGGTCGATCGAC	14.216750	-15.432794	0	T:4.0(1.14%),B:3.9(0.01%),P:1e-6	Tpos:415.7,Tstd:268.8,Bpos:545.3,Bstd:43.3,StrandBias:0.0,Multiplicity:1.00
0.001	0.001	0.001	0.997
0.001	0.001	0.997	0.001
0.180	0.001	0.818	0.001
0.001	0.001	0.001	0.997
0.001	0.787	0.001	0.211
0.001	0.001	0.997	0.001
0.997	0.001	0.001	0.001
0.001	0.001	0.001	0.997
0.211	0.787	0.001	0.001
0.001	0.001	0.997	0.001
0.997	0.001	0.001	0.001
0.001	0.818	0.001	0.180
>TTTCGATAAAGT	22-TTTCGATAAAGT	14.209353	-14.584091	0	T:7.0(1.99%),B:47.0(0.12%),P:1e-6	Tpos:387.8,Tstd:301.1,Bpos:493.7,Bstd:262.5,StrandBias:0.0,Multiplicity:1.14
0.001	0.001	0.001	0.997
0.001	0.001	0.001	0.997
0.001	0.001	0.001	0.997
0.135	0.863	0.001	0.001
0.001	0.001	0.997	0.001
0.835	0.001	0.163	0.001
0.001	0.001	0.001	0.997
0.872	0.001	0.126	0.001
0.997	0.001	0.001	0.001
0.997	0.001	0.001	0.001
0.001	0.001	0.997	0.001
0.001	0.001	0.001	0.997
>CTGHTAACTTTA	23-CTGHTAACTTTA	9.233888	-12.199648	0	T:10.0(2.85%),B:171.8(0.43%),P:1e-5	Tpos:388.1,Tstd:317.9,Bpos:513.0,Bstd:314.1,StrandBias:0.0,Multiplicity:1.40
0.001	0.997	0.001	0.001
0.001	0.001	0.001	0.997
0.001	0.026	0.972	0.001
0.321	0.271	0.001	0.407
0.001	0.080	0.001	0.918
0.705	0.001	0.293	0.001
0.997	0.001	0.001	0.001
0.001	0.997	0.001	0.001
0.001	0.001	0.001	0.997
0.001	0.001	0.001	0.997
0.001	0.001	0.001	0.997
0.907	0.091	0.001	0.001
>ACACGAAAAAKA	24-ACACGAAAAAKA	11.692517	-10.960444	0	T:9.0(2.56%),B:157.5(0.40%),P:1e-4	Tpos:331.6,Tstd:347.8,Bpos:462.4,Bstd:268.1,StrandBias:0.9,Multiplicity:2.22
0.801	0.083	0.023	0.093
0.084	0.733	0.109	0.074
0.595	0.111	0.261	0.033
0.072	0.757	0.048	0.123
0.221	0.067	0.619	0.093
0.770	0.126	0.054	0.050
0.880	0.053	0.066	0.001
0.662	0.027	0.012	0.299
0.876	0.025	0.057	0.042
0.857	0.033	0.001	0.109
0.025	0.080	0.475	0.420
0.763	0.062	0.061	0.114
>GCGACCTAGGTC	25-GCGACCTAGGTC	13.105978	-10.691986	0	T:3.0(0.85%),B:4.9(0.01%),P:1e-4	Tpos:460.2,Tstd:254.6,Bpos:495.4,Bstd:294.3,StrandBias:0.0,Multiplicity:2.00
0.008	0.147	0.572	0.273
0.157	0.718	0.001	0.124
0.001	0.001	0.997	0.001
0.997	0.001	0.001	0.001
0.001	0.605	0.001	0.393
0.001	0.997	0.001	0.001
0.001	0.001	0.001	0.997
0.997	0.001	0.001	0.001
0.001	0.001	0.997	0.001
0.393	0.001	0.605	0.001
0.001	0.001	0.001	0.997
0.009	0.989	0.001	0.001
>GTGGGCGG	1-GTGGGCGG	6.614886	-32.126908	0	T:109.0(31.05%),B:5852.6(14.74%),P:1e-13	Tpos:640.0,Tstd:280.7,Bpos:559.5,Bstd:315.9,StrandBias:-0.6,Multiplicity:1.33
0.079	0.036	0.777	0.108
0.008	0.025	0.072	0.895
0.069	0.001	0.929	0.001
0.001	0.089	0.909	0.001
0.025	0.015	0.949	0.011
0.134	0.748	0.001	0.117
0.031	0.001	0.955	0.013
0.008	0.001	0.881	0.110
>GGCGGGGM	2-GGCGGGGM	7.507879	-26.408276	0	T:77.0(21.94%),B:3754.1(9.45%),P:1e-11	Tpos:692.9,Tstd:251.8,Bpos:544.1,Bstd:314.4,StrandBias:-0.1,Multiplicity:1.25
0.001	0.001	0.997	0.001
0.001	0.001	0.997	0.001
0.196	0.802	0.001	0.001
0.001	0.001	0.945	0.053
0.132	0.001	0.511	0.356
0.161	0.001	0.837	0.001
0.001	0.001	0.997	0.001
0.302	0.450	0.246	0.001
>GTTTGVTC	3-GTTTGVTC	6.795447	-23.387612	0	T:154.0(43.87%),B:10979.0(27.64%),P:1e-10	Tpos:620.5,Tstd:269.2,Bpos:515.3,Bstd:317.8,StrandBias:0.3,Multiplicity:1.30
0.001	0.001	0.997	0.001
0.040	0.001	0.108	0.851
0.001	0.001	0.204	0.794
0.001	0.001	0.001	0.997
0.001	0.001	0.997	0.001
0.288	0.323	0.240	0.150
0.001	0.071	0.082	0.846
0.001	0.996	0.002	0.001
>CGGGGTAA	4-CGGGGTAA	5.725615	-21.560034	0	T:66.0(18.80%),B:3292.9(8.29%),P:1e-9	Tpos:557.4,Tstd:306.5,Bpos:516.4,Bstd:310.5,StrandBias:-0.7,Multiplicity:1.14
0.172	0.826	0.001	0.001
0.001	0.001	0.997	0.001
0.001	0.001	0.997	0.001
0.001	0.001	0.997	0.001
0.175	0.001	0.799	0.025
0.001	0.001	0.001	0.997
0.768	0.001	0.001	0.230
0.997	0.001	0.001	0.001
>TTTTATAC	5-TTTTATAC	8.563781	-14.902180	0	T:128.0(36.47%),B:9682.4(24.38%),P:1e-6	Tpos:651.4,Tstd:320.9,Bpos:538.5,Bstd:328.8,StrandBias:-1.2,Multiplicity:1.18
0.001	0.078	0.001	0.920
0.001	0.001	0.001	0.997
0.120	0.001	0.001	0.878
0.001	0.001	0.001	0.997
0.997	0.001	0.001	0.001
0.001	0.001	0.001	0.997
0.885	0.113	0.001	0.001
0.001	0.828	0.170	0.001
>AHGTAGSG	6-AHGTAGSG	6.378486	-14.873567	0	T:93.0(26.50%),B:6323.0(15.92%),P:1e-6	Tpos:540.0,Tstd:280.3,Bpos:509.1,Bstd:310.5,StrandBias:-0.5,Multiplicity:1.13
0.669	0.006	0.061	0.264
0.367	0.337	0.058	0.238
0.086	0.036	0.877	0.001
0.070	0.013	0.040	0.877
0.773	0.043	0.004	0.180
0.042	0.025	0.866	0.067
0.001	0.534	0.436	0.029
0.145	0.054	0.718	0.083
>AGTTCGGC	7-AGTTCGGC	7.871289	-13.483627	0	T:48.0(13.68%),B:2593.2(6.53%),P:1e-5	Tpos:561.4,Tstd:289.1,Bpos:497.5,Bstd:314.1,StrandBias:-0.1,Multiplicity:1.09
0.982	0.016	0.001	0.001
0.075	0.015	0.824	0.086
0.026	0.001	0.001	0.972
0.001	0.001	0.041	0.957
0.020	0.768	0.211	0.001
0.095	0.040	0.831	0.034
0.102	0.128	0.769	0.001
0.051	0.947	0.001	0.001
>TCCTCTAA	8-TCCTCTAA	8.236954	-9.596638	0	T:20.0(5.70%),B:825.5(2.08%),P:1e-4	Tpos:529.0,Tstd:271.9,Bpos:519.0,Bstd:320.9,StrandBias:2.1,Multiplicity:1.05
0.100	0.100	0.100	0.700
0.100	0.700	0.100	0.100
0.100	0.700	0.100	0.100
0.100	0.100	0.100	0.700
0.100	0.700	0.100	0.100
0.100	0.100	0.100	0.700
0.700	0.100	0.100	0.100
0.700	0.100	0.100	0.100
>GACCTAGG	9-GACCTAGG	9.051916	-4.282772	0	T:7.0(1.99%),B:280.5(0.71%),P:1e-1	Tpos:364.3,Tstd:271.7,Bpos:442.7,Bstd:322.4,StrandBias:0.6,Multiplicity:1.43
0.001	0.001	0.997	0.001
0.997	0.001	0.001	0.001
0.001	0.997	0.001	0.001
0.001	0.997	0.001	0.001
0.001	0.001	0.001	0.997
0.865	0.001	0.133	0.001
0.001	0.001	0.997	0.001
0.001	0.001	0.997	0.001
