>GCTGCTGCAAAA	1-GCTGCTGCAAAA	13.392137	-25.902319	0	T:9.0(6.67%),B:71.2(0.17%),P:1e-11	Tpos:515.8,Tstd:237.5,Bpos:472.7,Bstd:320.9,StrandBias:1.0,Multiplicity:1.00
0.001	0.001	0.899	0.099
0.106	0.892	0.001	0.001
0.001	0.001	0.001	0.997
0.001	0.123	0.875	0.001
0.001	0.997	0.001	0.001
0.001	0.001	0.001	0.997
0.001	0.001	0.903	0.095
0.001	0.997	0.001	0.001
0.997	0.001	0.001	0.001
0.997	0.001	0.001	0.001
0.714	0.151	0.134	0.001
0.835	0.001	0.163	0.001
>TATTGGTCGTTR	2-TATTGGTCGTTR	11.756635	-22.507508	0	T:9.0(6.67%),B:107.2(0.26%),P:1e-9	Tpos:550.4,Tstd:317.2,Bpos:486.8,Bstd:293.3,StrandBias:1.0,Multiplicity:1.00
0.001	0.001	0.001	0.997
0.733	0.001	0.133	0.133
0.001	0.001	0.001	0.997
0.001	0.001	0.001	0.997
0.001	0.001	0.779	0.219
0.114	0.001	0.786	0.099
0.238	0.001	0.001	0.760
0.001	0.997	0.001	0.001
0.001	0.001	0.881	0.117
0.001	0.144	0.001	0.854
0.227	0.001	0.001	0.771
0.470	0.001	0.404	0.125
>TATTTTTCAGGA	3-TATTTTTCAGGA	13.011052	-20.644035	0	T:16.0(11.85%),B:679.1(1.63%),P:1e-8	Tpos:402.8,Tstd:243.6,Bpos:520.5,Bstd:315.1,StrandBias:-0.9,Multiplicity:1.06
0.064	0.001	0.094	0.841
0.958	0.001	0.001	0.040
0.001	0.001	0.001	0.997
0.001	0.001	0.001	0.997
0.001	0.001	0.001	0.997
0.001	0.001	0.001	0.997
0.001	0.001	0.001	0.997
0.001	0.997	0.001	0.001
0.732	0.177	0.001	0.090
0.070	0.133	0.796	0.001
0.001	0.086	0.826	0.087
0.920	0.001	0.001	0.078
>ATATTTTTGATT	4-ATATTTTTGATT	11.980028	-20.031937	0	T:24.0(17.78%),B:1723.8(4.14%),P:1e-8	Tpos:601.8,Tstd:326.5,Bpos:515.7,Bstd:301.0,StrandBias:0.5,Multiplicity:1.04
0.939	0.001	0.059	0.001
0.023	0.034	0.041	0.902
0.912	0.066	0.001	0.021
0.052	0.001	0.001	0.946
0.001	0.001	0.072	0.926
0.001	0.074	0.001	0.924
0.001	0.001	0.001	0.997
0.001	0.001	0.069	0.929
0.023	0.001	0.750	0.226
0.878	0.050	0.048	0.024
0.027	0.001	0.057	0.915
0.001	0.001	0.001	0.997
>TTGAATTTTTCG	5-TTGAATTTTTCG	12.166251	-19.968987	0	T:26.0(19.26%),B:2028.3(4.87%),P:1e-8	Tpos:561.3,Tstd:288.3,Bpos:502.1,Bstd:316.8,StrandBias:0.5,Multiplicity:1.04
0.001	0.001	0.001	0.997
0.091	0.061	0.001	0.847
0.001	0.031	0.928	0.040
0.997	0.001	0.001	0.001
0.862	0.001	0.083	0.054
0.040	0.001	0.001	0.958
0.001	0.001	0.132	0.866
0.001	0.001	0.001	0.997
0.001	0.001	0.001	0.997
0.001	0.001	0.001	0.997
0.113	0.795	0.001	0.091
0.145	0.047	0.779	0.029
>TTAGTTTGGTAT	6-TTAGTTTGGTAT	13.347931	-19.360414	0	T:7.0(5.19%),B:65.9(0.16%),P:1e-8	Tpos:470.0,Tstd:269.7,Bpos:448.9,Bstd:318.5,StrandBias:-0.7,Multiplicity:1.14
0.001	0.001	0.001	0.997
0.001	0.001	0.001	0.997
0.997	0.001	0.001	0.001
0.001	0.001	0.906	0.092
0.001	0.001	0.001	0.997
0.234	0.001	0.141	0.624
0.001	0.001	0.233	0.765
0.001	0.001	0.997	0.001
0.001	0.001	0.997	0.001
0.127	0.001	0.001	0.871
0.997	0.001	0.001	0.001
0.001	0.001	0.001	0.997
>TCGTCAAACTTA	7-TCGTCAAACTTA	14.383744	-19.139578	0	T:6.0(4.44%),B:36.3(0.09%),P:1e-8	Tpos:572.7,Tstd:310.9,Bpos:517.6,Bstd:322.2,StrandBias:0.0,Multiplicity:1.00
0.001	0.001	0.001	0.997
0.001	0.997	0.001	0.001
0.238	0.001	0.556	0.205
0.001	0.001	0.001	0.997
0.001	0.997	0.001	0.001
0.997	0.001	0.001	0.001
0.997	0.001	0.001	0.001
0.997	0.001	0.001	0.001
0.195	0.803	0.001	0.001
0.001	0.001	0.001	0.997
0.001	0.001	0.001	0.997
0.997	0.001	0.001	0.001
>GAATATCTGAGC	8-GAATATCTGAGC	13.782271	-18.991945	0	T:6.0(4.44%),B:38.0(0.09%),P:1e-8	Tpos:346.3,Tstd:275.8,Bpos:570.8,Bstd:325.9,StrandBias:0.0,Multiplicity:1.00
0.001	0.184	0.814	0.001
0.997	0.001	0.001	0.001
0.997	0.001	0.001	0.001
0.001	0.001	0.001	0.997
0.997	0.001	0.001	0.001
0.200	0.001	0.001	0.798
0.001	0.997	0.001	0.001
0.001	0.001	0.124	0.874
0.001	0.001	0.997	0.001
0.997	0.001	0.001	0.001
0.145	0.001	0.853	0.001
0.141	0.857	0.001	0.001
>ACACAATACAAA	9-ACACAATACAAA	12.795267	-18.542914	0	T:12.0(8.89%),B:391.9(0.94%),P:1e-8	Tpos:500.8,Tstd:281.8,Bpos:511.6,Bstd:296.2,StrandBias:0.5,Multiplicity:1.00
0.997	0.001	0.001	0.001
0.105	0.683	0.127	0.085
0.997	0.001	0.001	0.001
0.060	0.938	0.001	0.001
0.997	0.001	0.001	0.001
0.997	0.001	0.001	0.001
0.001	0.001	0.001	0.997
0.822	0.001	0.109	0.068
0.057	0.941	0.001	0.001
0.875	0.001	0.123	0.001
0.997	0.001	0.001	0.001
0.833	0.001	0.165	0.001
>ATGTTCCCAATT	10-ATGTTCCCAATT	13.189931	-18.373590	0	T:9.0(6.67%),B:176.2(0.42%),P:1e-7	Tpos:499.8,Tstd:289.6,Bpos:504.7,Bstd:310.2,StrandBias:-0.3,Multiplicity:1.00
0.997	0.001	0.001	0.001
0.001	0.001	0.001	0.997
0.001	0.001	0.941	0.057
0.001	0.178	0.001	0.820
0.001	0.001	0.001	0.997
0.001	0.921	0.001	0.077
0.001	0.782	0.141	0.076
0.095	0.903	0.001	0.001
0.997	0.001	0.001	0.001
0.895	0.001	0.001	0.103
0.001	0.001	0.001	0.997
0.001	0.001	0.136	0.862
>TTTTTTCATCGT	11-TTTTTTCATCGT	12.846778	-18.104736	0	T:13.0(9.63%),B:499.8(1.20%),P:1e-7	Tpos:562.6,Tstd:280.0,Bpos:543.8,Bstd:303.3,StrandBias:-0.2,Multiplicity:1.00
0.001	0.001	0.001	0.997
0.001	0.001	0.001	0.997
0.001	0.001	0.127	0.871
0.001	0.094	0.001	0.904
0.001	0.074	0.001	0.924
0.001	0.001	0.001	0.997
0.067	0.931	0.001	0.001
0.851	0.091	0.001	0.057
0.058	0.001	0.001	0.940
0.001	0.881	0.080	0.038
0.001	0.001	0.951	0.047
0.072	0.001	0.112	0.815
>ACAACCSGGTTG	12-ACAACCSGGTTG	11.255660	-18.052459	0	T:6.0(4.44%),B:44.6(0.11%),P:1e-7	Tpos:546.9,Tstd:264.5,Bpos:439.8,Bstd:258.7,StrandBias:0.3,Multiplicity:1.00
0.625	0.001	0.202	0.172
0.001	0.997	0.001	0.001
0.997	0.001	0.001	0.001
0.688	0.001	0.171	0.140
0.171	0.801	0.001	0.027
0.001	0.655	0.001	0.343
0.001	0.485	0.513	0.001
0.313	0.001	0.685	0.001
0.170	0.001	0.828	0.001
0.312	0.171	0.001	0.516
0.001	0.001	0.001	0.997
0.140	0.001	0.858	0.001
>TTGATTTGGTTC	13-TTGATTTGGTTC	13.817541	-17.631177	0	T:7.0(5.19%),B:86.0(0.21%),P:1e-7	Tpos:518.9,Tstd:257.9,Bpos:561.8,Bstd:307.6,StrandBias:1.3,Multiplicity:1.00
0.001	0.001	0.001	0.997
0.001	0.001	0.001	0.997
0.001	0.001	0.997	0.001
0.997	0.001	0.001	0.001
0.001	0.001	0.001	0.997
0.001	0.164	0.001	0.834
0.001	0.001	0.001	0.997
0.001	0.001	0.997	0.001
0.211	0.001	0.708	0.080
0.001	0.001	0.001	0.997
0.201	0.001	0.001	0.797
0.001	0.786	0.130	0.083
>ATAAACAAGTAA	14-ATAAACAAGTAA	12.558222	-17.496484	0	T:11.0(8.15%),B:344.4(0.83%),P:1e-7	Tpos:490.6,Tstd:288.8,Bpos:513.1,Bstd:293.4,StrandBias:0.5,Multiplicity:1.09
0.808	0.001	0.190	0.001
0.073	0.001	0.001	0.925
0.997	0.001	0.001	0.001
0.997	0.001	0.001	0.001
0.997	0.001	0.001	0.001
0.082	0.916	0.001	0.001
0.997	0.001	0.001	0.001
0.785	0.213	0.001	0.001
0.001	0.137	0.717	0.145
0.001	0.001	0.001	0.997
0.997	0.001	0.001	0.001
0.997	0.001	0.001	0.001
>GGGGAAAGTTAA	15-GGGGAAAGTTAA	13.654221	-17.464495	0	T:6.0(4.44%),B:49.1(0.12%),P:1e-7	Tpos:392.4,Tstd:333.3,Bpos:436.4,Bstd:285.6,StrandBias:-0.4,Multiplicity:1.17
0.001	0.001	0.997	0.001
0.001	0.001	0.997	0.001
0.140	0.001	0.858	0.001
0.001	0.001	0.997	0.001
0.997	0.001	0.001	0.001
0.997	0.001	0.001	0.001
0.765	0.233	0.001	0.001
0.001	0.001	0.882	0.116
0.205	0.001	0.001	0.793
0.001	0.001	0.001	0.997
0.858	0.001	0.140	0.001
0.997	0.001	0.001	0.001
>TCTTAGAATTAG	16-TCTTAGAATTAG	13.512247	-17.261793	0	T:7.0(5.19%),B:90.0(0.22%),P:1e-7	Tpos:550.9,Tstd:243.4,Bpos:446.6,Bstd:306.9,StrandBias:1.3,Multiplicity:1.00
0.001	0.001	0.001	0.997
0.270	0.728	0.001	0.001
0.001	0.001	0.001	0.997
0.001	0.001	0.203	0.795
0.997	0.001	0.001	0.001
0.001	0.107	0.891	0.001
0.997	0.001	0.001	0.001
0.997	0.001	0.001	0.001
0.001	0.001	0.001	0.997
0.270	0.001	0.001	0.728
0.997	0.001	0.001	0.001
0.001	0.001	0.997	0.001
>TTAAGCWTWAAA	17-TTAAGCWTWAAA	11.367625	-16.446167	0	T:16.0(11.85%),B:923.3(2.22%),P:1e-7	Tpos:426.4,Tstd:259.0,Bpos:515.8,Bstd:312.3,StrandBias:0.8,Multiplicity:1.12
0.001	0.001	0.001	0.997
0.235	0.001	0.001	0.763
0.997	0.001	0.001	0.001
0.997	0.001	0.001	0.001
0.001	0.001	0.997	0.001
0.001	0.748	0.250	0.001
0.365	0.216	0.001	0.418
0.001	0.001	0.001	0.997
0.349	0.084	0.179	0.388
0.997	0.001	0.001	0.001
0.811	0.001	0.187	0.001
0.709	0.001	0.001	0.289
>GGCGCACAATCG	18-GGCGCACAATCG	14.302302	-16.431551	0	T:4.0(2.96%),B:10.0(0.02%),P:1e-7	Tpos:474.2,Tstd:305.3,Bpos:544.3,Bstd:211.9,StrandBias:0.0,Multiplicity:1.00
0.001	0.285	0.713	0.001
0.001	0.001	0.997	0.001
0.001	0.997	0.001	0.001
0.001	0.001	0.802	0.196
0.001	0.713	0.285	0.001
0.997	0.001	0.001	0.001
0.001	0.997	0.001	0.001
0.997	0.001	0.001	0.001
0.997	0.001	0.001	0.001
0.001	0.001	0.001	0.997
0.001	0.997	0.001	0.001
0.001	0.001	0.997	0.001
>TTTTATCSATTT	19-TTTTATCSATTT	10.835897	-14.913069	0	T:28.0(20.74%),B:2983.5(7.17%),P:1e-6	Tpos:508.6,Tstd:291.5,Bpos:521.7,Bstd:318.4,StrandBias:1.5,Multiplicity:1.30
0.042	0.001	0.221	0.736
0.001	0.001	0.001	0.997
0.001	0.001	0.001	0.997
0.001	0.079	0.202	0.718
0.850	0.062	0.087	0.001
0.001	0.001	0.148	0.850
0.005	0.970	0.024	0.001
0.034	0.432	0.533	0.001
0.813	0.001	0.108	0.078
0.001	0.001	0.001	0.997
0.001	0.001	0.001	0.997
0.001	0.001	0.001	0.997
>TCACAGATTTTT	20-TCACAGATTTTT	9.840628	-14.075588	0	T:18.0(13.33%),B:1396.6(3.36%),P:1e-6	Tpos:590.1,Tstd:283.3,Bpos:504.2,Bstd:299.2,StrandBias:0.9,Multiplicity:1.00
0.109	0.117	0.052	0.722
0.151	0.580	0.071	0.198
0.633	0.095	0.093	0.179
0.250	0.565	0.115	0.070
0.656	0.104	0.090	0.150
0.206	0.094	0.523	0.177
0.681	0.091	0.108	0.120
0.093	0.100	0.063	0.744
0.159	0.072	0.069	0.700
0.096	0.044	0.017	0.843
0.123	0.070	0.122	0.685
0.098	0.137	0.094	0.671
>TCATTCTGTGCA	21-TCATTCTGTGCA	10.660029	-13.545191	0	T:5.0(3.70%),B:53.3(0.13%),P:1e-5	Tpos:353.3,Tstd:158.7,Bpos:501.5,Bstd:299.8,StrandBias:1.0,Multiplicity:1.20
0.001	0.001	0.001	0.997
0.001	0.997	0.001	0.001
0.997	0.001	0.001	0.001
0.001	0.187	0.001	0.811
0.001	0.067	0.001	0.931
0.001	0.997	0.001	0.001
0.001	0.001	0.001	0.997
0.001	0.001	0.997	0.001
0.001	0.001	0.001	0.997
0.001	0.001	0.997	0.001
0.001	0.762	0.001	0.236
0.880	0.001	0.001	0.118
>TCGGGGAAAAYT	22-TCGGGGAAAAYT	12.644345	-13.373970	0	T:8.0(5.93%),B:239.6(0.58%),P:1e-5	Tpos:528.6,Tstd:237.0,Bpos:506.8,Bstd:306.0,StrandBias:-1.0,Multiplicity:1.12
0.193	0.001	0.001	0.805
0.001	0.820	0.004	0.175
0.001	0.123	0.870	0.006
0.001	0.001	0.997	0.001
0.001	0.001	0.731	0.267
0.001	0.001	0.997	0.001
0.852	0.001	0.146	0.001
0.997	0.001	0.001	0.001
0.845	0.153	0.001	0.001
0.997	0.001	0.001	0.001
0.201	0.395	0.001	0.403
0.102	0.001	0.001	0.896
>AAATATCGATRT	23-AAATATCGATRT	10.976544	-10.956634	0	T:21.0(15.56%),B:2291.0(5.51%),P:1e-4	Tpos:466.8,Tstd:267.1,Bpos:524.5,Bstd:325.8,StrandBias:0.5,Multiplicity:1.29
0.997	0.001	0.001	0.001
0.833	0.001	0.089	0.077
0.997	0.001	0.001	0.001
0.346	0.001	0.001	0.652
0.895	0.001	0.001	0.103
0.001	0.001	0.001	0.997
0.053	0.945	0.001	0.001
0.001	0.100	0.820	0.079
0.937	0.001	0.001	0.061
0.170	0.001	0.001	0.828
0.454	0.001	0.446	0.099
0.001	0.001	0.001	0.997
>TGTAGATTTACG	24-TGTAGATTTACG	10.424079	-8.967871	0	T:11.0(8.15%),B:857.0(2.06%),P:1e-3	Tpos:318.8,Tstd:210.9,Bpos:535.2,Bstd:320.0,StrandBias:-1.1,Multiplicity:1.45
0.078	0.001	0.001	0.920
0.081	0.001	0.796	0.122
0.135	0.139	0.001	0.725
0.997	0.001	0.001	0.001
0.001	0.078	0.836	0.085
0.812	0.001	0.118	0.069
0.095	0.118	0.001	0.786
0.001	0.001	0.103	0.895
0.001	0.005	0.001	0.993
0.841	0.067	0.001	0.091
0.306	0.589	0.068	0.037
0.162	0.001	0.836	0.001
