>TGCACGCG	1-TGCACGCG	7.509258	-17.612731	0	T:26.0(19.26%),B:2279.5(5.48%),P:1e-7	Tpos:486.4,Tstd:260.3,Bpos:516.3,Bstd:305.5,StrandBias:-0.4,Multiplicity:1.15
0.001	0.001	0.077	0.921
0.030	0.001	0.968	0.001
0.084	0.914	0.001	0.001
0.997	0.001	0.001	0.001
0.001	0.881	0.117	0.001
0.123	0.076	0.496	0.305
0.001	0.997	0.001	0.001
0.057	0.001	0.941	0.001
>TCTCATCA	2-TCTCATCA	8.264456	-15.221884	0	T:53.0(39.26%),B:8342.0(20.05%),P:1e-6	Tpos:550.1,Tstd:301.4,Bpos:532.8,Bstd:313.9,StrandBias:0.6,Multiplicity:1.17
0.001	0.001	0.001	0.997
0.001	0.997	0.001	0.001
0.001	0.001	0.024	0.974
0.001	0.812	0.001	0.186
0.795	0.001	0.104	0.100
0.001	0.001	0.001	0.997
0.116	0.827	0.056	0.001
0.879	0.050	0.070	0.001
>TTTCCCCG	3-TTTCCCCG	9.165040	-10.180972	0	T:17.0(12.59%),B:1687.4(4.05%),P:1e-4	Tpos:448.5,Tstd:230.7,Bpos:528.6,Bstd:324.9,StrandBias:0.5,Multiplicity:1.12
0.001	0.070	0.032	0.897
0.001	0.001	0.001	0.997
0.001	0.001	0.001	0.997
0.204	0.794	0.001	0.001
0.001	0.997	0.001	0.001
0.001	0.997	0.001	0.001
0.001	0.997	0.001	0.001
0.189	0.001	0.809	0.001
>ARGCTTAR	4-ARGCTTAR	9.600309	-8.326750	0	T:16.0(11.85%),B:1783.6(4.29%),P:1e-3	Tpos:445.9,Tstd:285.6,Bpos:505.9,Bstd:312.4,StrandBias:0.0,Multiplicity:1.06
0.997	0.001	0.001	0.001
0.507	0.001	0.491	0.001
0.001	0.001	0.997	0.001
0.001	0.997	0.001	0.001
0.001	0.108	0.001	0.890
0.001	0.001	0.001	0.997
0.997	0.001	0.001	0.001
0.507	0.001	0.491	0.001
>ATCGATTT	5-ATCGATTT	4.161567	-2.794409	0	T:32.0(23.70%),B:7533.4(18.10%),P:1e-1	Tpos:452.5,Tstd:265.9,Bpos:531.9,Bstd:319.2,StrandBias:0.4,Multiplicity:1.62
0.997	0.001	0.001	0.001
0.001	0.001	0.001	0.997
0.001	0.997	0.001	0.001
0.001	0.001	0.997	0.001
0.997	0.001	0.001	0.001
0.001	0.001	0.001	0.997
0.246	0.001	0.222	0.531
0.001	0.001	0.001	0.997
