>TACACTCCAC	1-TACACTCCAC	10.385018	-25.676226	0	T:14.0(10.37%),B:327.9(0.79%),P:1e-11	Tpos:592.8,Tstd:250.2,Bpos:523.4,Bstd:304.9,StrandBias:0.4,Multiplicity:1.00
0.088	0.098	0.001	0.813
0.997	0.001	0.001	0.001
0.001	0.997	0.001	0.001
0.920	0.001	0.001	0.078
0.095	0.903	0.001	0.001
0.089	0.001	0.132	0.778
0.001	0.898	0.100	0.001
0.001	0.870	0.128	0.001
0.895	0.001	0.103	0.001
0.001	0.997	0.001	0.001
>TTCCCCGATT	2-TTCCCCGATT	9.520269	-22.549906	0	T:22.0(16.30%),B:1255.5(3.02%),P:1e-9	Tpos:504.5,Tstd:267.6,Bpos:515.3,Bstd:322.6,StrandBias:0.8,Multiplicity:1.00
0.001	0.001	0.001	0.997
0.001	0.001	0.001	0.997
0.071	0.874	0.054	0.001
0.206	0.792	0.001	0.001
0.038	0.960	0.001	0.001
0.042	0.916	0.001	0.041
0.021	0.027	0.918	0.034
0.770	0.068	0.088	0.074
0.001	0.086	0.001	0.912
0.001	0.098	0.001	0.900
>TTGTCGGTGG	3-TTGTCGGTGG	9.987836	-21.444127	0	T:17.0(12.59%),B:743.4(1.79%),P:1e-9	Tpos:596.1,Tstd:261.1,Bpos:489.0,Bstd:312.5,StrandBias:0.7,Multiplicity:1.06
0.001	0.090	0.001	0.908
0.001	0.001	0.077	0.921
0.075	0.001	0.923	0.001
0.062	0.001	0.054	0.883
0.001	0.909	0.053	0.037
0.001	0.001	0.937	0.061
0.064	0.001	0.934	0.001
0.001	0.001	0.111	0.887
0.001	0.083	0.863	0.053
0.053	0.001	0.896	0.050
>TCTGATCGCC	4-TCTGATCGCC	10.418700	-21.378279	0	T:12.0(8.89%),B:302.0(0.73%),P:1e-9	Tpos:403.5,Tstd:303.4,Bpos:519.5,Bstd:305.5,StrandBias:1.7,Multiplicity:1.08
0.001	0.102	0.001	0.896
0.001	0.783	0.131	0.085
0.001	0.001	0.119	0.879
0.001	0.078	0.920	0.001
0.997	0.001	0.001	0.001
0.001	0.001	0.001	0.997
0.001	0.919	0.001	0.079
0.001	0.131	0.867	0.001
0.078	0.920	0.001	0.001
0.001	0.911	0.001	0.087
>TCTMRTCDAT	5-TCTMRTCDAT	8.042729	-20.218210	0	T:38.0(28.15%),B:4077.1(9.80%),P:1e-8	Tpos:473.5,Tstd:293.0,Bpos:503.4,Bstd:305.6,StrandBias:0.6,Multiplicity:1.11
0.001	0.001	0.001	0.997
0.001	0.950	0.048	0.001
0.031	0.001	0.070	0.898
0.393	0.460	0.146	0.001
0.529	0.029	0.441	0.001
0.001	0.079	0.074	0.846
0.001	0.783	0.128	0.088
0.198	0.167	0.294	0.341
0.776	0.045	0.146	0.033
0.001	0.154	0.001	0.844
>AAAGTGTAGT	6-AAAGTGTAGT	8.185957	-19.974258	0	T:30.0(22.22%),B:2671.8(6.42%),P:1e-8	Tpos:427.2,Tstd:299.8,Bpos:504.8,Bstd:302.6,StrandBias:-1.1,Multiplicity:1.13
0.656	0.102	0.191	0.051
0.595	0.038	0.034	0.333
0.612	0.151	0.048	0.189
0.138	0.166	0.571	0.125
0.057	0.092	0.051	0.800
0.025	0.225	0.716	0.034
0.049	0.060	0.063	0.828
0.685	0.051	0.024	0.240
0.102	0.036	0.704	0.158
0.178	0.164	0.023	0.635
>GMTCCATTGC	7-GMTCCATTGC	9.743259	-18.719621	0	T:13.0(9.63%),B:473.3(1.14%),P:1e-8	Tpos:600.8,Tstd:256.7,Bpos:496.6,Bstd:291.4,StrandBias:0.2,Multiplicity:1.00
0.001	0.001	0.997	0.001
0.558	0.440	0.001	0.001
0.001	0.001	0.001	0.997
0.001	0.997	0.001	0.001
0.001	0.997	0.001	0.001
0.837	0.001	0.161	0.001
0.001	0.001	0.001	0.997
0.208	0.100	0.001	0.691
0.338	0.001	0.660	0.001
0.001	0.997	0.001	0.001
>TCGCGTGCAA	8-TCGCGTGCAA	6.457956	-18.364317	0	T:58.0(42.96%),B:8798.1(21.14%),P:1e-7	Tpos:539.3,Tstd:295.7,Bpos:511.7,Bstd:311.3,StrandBias:-0.2,Multiplicity:1.41
0.040	0.077	0.059	0.824
0.031	0.805	0.037	0.127
0.154	0.087	0.667	0.092
0.100	0.682	0.121	0.097
0.047	0.076	0.828	0.049
0.050	0.027	0.102	0.821
0.001	0.050	0.929	0.020
0.061	0.796	0.077	0.066
0.828	0.087	0.064	0.021
0.827	0.069	0.057	0.047
>TTACCACTTT	9-TTACCACTTT	9.095196	-15.991725	0	T:38.0(28.15%),B:4774.0(11.47%),P:1e-6	Tpos:512.1,Tstd:285.3,Bpos:517.2,Bstd:311.8,StrandBias:0.6,Multiplicity:1.13
0.001	0.001	0.001	0.997
0.102	0.215	0.001	0.682
0.598	0.048	0.339	0.015
0.001	0.876	0.039	0.084
0.001	0.829	0.083	0.087
0.884	0.001	0.001	0.114
0.027	0.738	0.173	0.062
0.001	0.001	0.001	0.997
0.001	0.001	0.001	0.997
0.001	0.001	0.001	0.997
>TTTATCCATT	10-TTTATCCATT	10.856415	-14.998931	0	T:32.0(23.70%),B:3734.1(8.97%),P:1e-6	Tpos:516.7,Tstd:266.6,Bpos:521.7,Bstd:315.6,StrandBias:1.1,Multiplicity:1.09
0.001	0.001	0.001	0.997
0.001	0.001	0.001	0.997
0.001	0.001	0.001	0.997
0.762	0.001	0.079	0.158
0.040	0.043	0.001	0.916
0.001	0.839	0.159	0.001
0.086	0.631	0.282	0.001
0.997	0.001	0.001	0.001
0.001	0.001	0.001	0.997
0.001	0.001	0.001	0.997
>CMSTCTGTCT	11-CMSTCTGTCT	8.832402	-14.217836	0	T:18.0(13.33%),B:1382.9(3.32%),P:1e-6	Tpos:466.9,Tstd:316.6,Bpos:525.5,Bstd:309.1,StrandBias:0.0,Multiplicity:1.11
0.001	0.997	0.001	0.001
0.524	0.474	0.001	0.001
0.106	0.374	0.429	0.091
0.001	0.098	0.001	0.900
0.001	0.646	0.159	0.194
0.001	0.001	0.001	0.997
0.001	0.001	0.997	0.001
0.001	0.195	0.001	0.803
0.001	0.997	0.001	0.001
0.232	0.001	0.001	0.766
>CGATCAAAAA	12-CGATCAAAAA	9.073178	-13.728194	0	T:34.0(25.19%),B:4369.2(10.50%),P:1e-5	Tpos:574.1,Tstd:322.8,Bpos:520.0,Bstd:311.5,StrandBias:-0.7,Multiplicity:1.18
0.171	0.619	0.174	0.036
0.001	0.001	0.997	0.001
0.892	0.001	0.001	0.106
0.212	0.246	0.001	0.541
0.001	0.654	0.232	0.113
0.660	0.054	0.285	0.001
0.681	0.217	0.042	0.060
0.710	0.056	0.001	0.233
0.997	0.001	0.001	0.001
0.926	0.001	0.046	0.027
>GTTTGGCCTT	13-GTTTGGCCTT	7.663209	-13.420022	0	T:16.0(11.85%),B:1164.1(2.80%),P:1e-5	Tpos:518.7,Tstd:284.0,Bpos:527.9,Bstd:304.1,StrandBias:1.3,Multiplicity:1.06
0.001	0.001	0.997	0.001
0.001	0.001	0.001	0.997
0.001	0.001	0.001	0.997
0.001	0.001	0.001	0.997
0.001	0.172	0.774	0.053
0.030	0.260	0.709	0.001
0.001	0.981	0.001	0.017
0.001	0.997	0.001	0.001
0.001	0.001	0.001	0.997
0.001	0.001	0.001	0.997
>CKWAAGCTTA	14-CKWAAGCTTA	7.663071	-12.603507	0	T:26.0(19.26%),B:2968.6(7.13%),P:1e-5	Tpos:378.9,Tstd:269.2,Bpos:485.1,Bstd:309.0,StrandBias:0.1,Multiplicity:1.15
0.027	0.569	0.060	0.344
0.020	0.249	0.296	0.435
0.368	0.143	0.040	0.449
0.662	0.030	0.287	0.021
0.585	0.018	0.309	0.088
0.165	0.043	0.781	0.011
0.079	0.789	0.071	0.061
0.285	0.020	0.024	0.671
0.045	0.050	0.081	0.824
0.637	0.015	0.036	0.312
>TAAAACGCTG	15-TAAAACGCTG	10.296193	-9.531468	0	T:4.0(2.96%),B:64.5(0.16%),P:1e-4	Tpos:700.4,Tstd:184.2,Bpos:546.0,Bstd:351.8,StrandBias:0.6,Multiplicity:1.25
0.100	0.100	0.100	0.700
0.700	0.100	0.100	0.100
0.700	0.100	0.100	0.100
0.700	0.100	0.100	0.100
0.700	0.100	0.100	0.100
0.100	0.700	0.100	0.100
0.100	0.100	0.700	0.100
0.100	0.700	0.100	0.100
0.100	0.100	0.100	0.700
0.100	0.100	0.700	0.100
>TAAATATCGA	16-TAAATATCGA	9.683511	-8.642407	0	T:27.0(20.00%),B:3969.3(9.54%),P:1e-3	Tpos:451.5,Tstd:283.0,Bpos:522.3,Bstd:319.5,StrandBias:-0.2,Multiplicity:1.42
0.196	0.001	0.277	0.526
0.963	0.001	0.001	0.035
0.855	0.001	0.073	0.071
0.916	0.082	0.001	0.001
0.131	0.055	0.001	0.813
0.941	0.001	0.001	0.057
0.044	0.001	0.001	0.954
0.001	0.997	0.001	0.001
0.001	0.034	0.902	0.063
0.869	0.072	0.058	0.001
>TAGGATGGTG	17-TAGGATGGTG	10.296193	-7.907029	0	T:2.0(1.48%),B:7.4(0.02%),P:1e-3	Tpos:388.8,Tstd:145.1,Bpos:382.3,Bstd:164.6,StrandBias:10.0,Multiplicity:2.00
0.100	0.100	0.100	0.700
0.700	0.100	0.100	0.100
0.100	0.100	0.700	0.100
0.100	0.100	0.700	0.100
0.700	0.100	0.100	0.100
0.100	0.100	0.100	0.700
0.100	0.100	0.700	0.100
0.100	0.100	0.700	0.100
0.100	0.100	0.100	0.700
0.100	0.100	0.700	0.100
