>GTGGCGCAGTKG	5-CMACTGCGCCAC	9.372912	-19.443918	0	T:9.0(24.32%),B:587.2(1.50%),P:1e-8
0.001	0.095	0.681	0.223
0.086	0.001	0.131	0.782
0.065	0.001	0.933	0.001
0.181	0.237	0.467	0.116
0.001	0.639	0.359	0.001
0.001	0.001	0.913	0.085
0.085	0.913	0.001	0.001
0.755	0.243	0.001	0.001
0.001	0.180	0.818	0.001
0.086	0.001	0.007	0.906
0.006	0.001	0.565	0.428
0.116	0.108	0.660	0.116
