>YCTTATCART	1-YCTTATCART	5.406773	-57.958512	0	T:95.0(46.57%),B:6166.1(15.26%),P:1e-25	Tpos:654.3,Tstd:300.3,Bpos:548.2,Bstd:326.6,StrandBias:0.5,Multiplicity:1.23
0.001	0.439	0.001	0.559
0.001	0.633	0.365	0.001
0.001	0.001	0.001	0.997
0.001	0.001	0.001	0.997
0.997	0.001	0.001	0.001
0.001	0.001	0.001	0.997
0.001	0.997	0.001	0.001
0.997	0.001	0.001	0.001
0.471	0.001	0.509	0.019
0.272	0.001	0.001	0.726
>TTCTTATCAC	2-TTCTTATCAC	8.819382	-44.914963	0	T:70.0(34.31%),B:4148.7(10.27%),P:1e-19	Tpos:541.0,Tstd:274.7,Bpos:536.2,Bstd:327.9,StrandBias:-0.1,Multiplicity:1.12
0.001	0.001	0.001	0.997
0.045	0.025	0.035	0.895
0.042	0.849	0.048	0.061
0.027	0.047	0.001	0.925
0.034	0.001	0.001	0.964
0.929	0.001	0.069	0.001
0.001	0.001	0.001	0.997
0.148	0.824	0.001	0.027
0.782	0.001	0.086	0.131
0.016	0.927	0.029	0.028
>AATGATGATA	3-AATGATGATA	9.547101	-26.655624	0	T:49.0(24.02%),B:3213.7(7.96%),P:1e-11	Tpos:627.7,Tstd:280.8,Bpos:520.7,Bstd:319.0,StrandBias:-0.1,Multiplicity:1.15
0.662	0.001	0.001	0.336
0.678	0.001	0.130	0.191
0.001	0.060	0.001	0.938
0.001	0.067	0.931	0.001
0.948	0.001	0.050	0.001
0.001	0.001	0.001	0.997
0.106	0.001	0.892	0.001
0.942	0.056	0.001	0.001
0.001	0.116	0.082	0.801
0.901	0.001	0.001	0.097
>CCTAATCACC	4-CCTAATCACC	10.202207	-24.059714	0	T:15.0(7.35%),B:281.5(0.70%),P:1e-10	Tpos:563.7,Tstd:328.0,Bpos:530.5,Bstd:299.3,StrandBias:-0.2,Multiplicity:1.00
0.199	0.799	0.001	0.001
0.001	0.883	0.115	0.001
0.065	0.001	0.001	0.933
0.997	0.001	0.001	0.001
0.854	0.001	0.077	0.068
0.082	0.001	0.001	0.916
0.102	0.896	0.001	0.001
0.924	0.001	0.001	0.074
0.001	0.997	0.001	0.001
0.001	0.871	0.127	0.001
>GACTGTAAAC	5-GACTGTAAAC	7.585726	-22.034697	0	T:53.0(25.98%),B:4187.0(10.37%),P:1e-9	Tpos:519.2,Tstd:294.1,Bpos:504.8,Bstd:316.7,StrandBias:-1.0,Multiplicity:1.06
0.057	0.048	0.784	0.111
0.644	0.110	0.149	0.097
0.027	0.834	0.091	0.048
0.054	0.050	0.001	0.895
0.035	0.063	0.813	0.089
0.093	0.066	0.116	0.725
0.751	0.067	0.075	0.107
0.951	0.019	0.001	0.029
0.800	0.036	0.076	0.088
0.037	0.815	0.090	0.058
>TTTACACGCC	6-TTTACACGCC	7.989885	-20.956498	0	T:21.0(10.29%),B:775.4(1.92%),P:1e-9	Tpos:543.2,Tstd:297.3,Bpos:511.8,Bstd:296.3,StrandBias:0.1,Multiplicity:1.00
0.082	0.001	0.001	0.916
0.001	0.094	0.001	0.904
0.001	0.001	0.070	0.928
0.825	0.053	0.083	0.039
0.001	0.997	0.001	0.001
0.873	0.079	0.001	0.047
0.042	0.895	0.062	0.001
0.001	0.066	0.932	0.001
0.001	0.935	0.001	0.063
0.065	0.933	0.001	0.001
>ATGGAGTTCG	7-ATGGAGTTCG	8.983097	-20.624987	0	T:19.0(9.31%),B:635.8(1.57%),P:1e-8	Tpos:592.9,Tstd:354.9,Bpos:471.4,Bstd:301.1,StrandBias:-0.8,Multiplicity:1.00
0.997	0.001	0.001	0.001
0.001	0.001	0.001	0.997
0.113	0.155	0.701	0.031
0.098	0.001	0.900	0.001
0.997	0.001	0.001	0.001
0.001	0.207	0.791	0.001
0.001	0.001	0.001	0.997
0.147	0.208	0.001	0.644
0.001	0.997	0.001	0.001
0.024	0.001	0.974	0.001
>AACGCAAACC	8-AACGCAAACC	10.750069	-20.039876	0	T:15.0(7.35%),B:381.3(0.94%),P:1e-8	Tpos:475.9,Tstd:272.8,Bpos:506.8,Bstd:291.4,StrandBias:0.7,Multiplicity:1.07
0.997	0.001	0.001	0.001
0.997	0.001	0.001	0.001
0.110	0.843	0.001	0.046
0.035	0.001	0.846	0.118
0.070	0.777	0.001	0.152
0.997	0.001	0.001	0.001
0.997	0.001	0.001	0.001
0.901	0.001	0.001	0.097
0.001	0.943	0.001	0.055
0.110	0.888	0.001	0.001
>TMKATGTAGT	9-TMKATGTAGT	6.460431	-19.466159	0	T:40.0(19.61%),B:2829.7(7.01%),P:1e-8	Tpos:470.2,Tstd:304.9,Bpos:500.8,Bstd:323.4,StrandBias:0.4,Multiplicity:1.18
0.019	0.023	0.026	0.932
0.377	0.266	0.218	0.139
0.150	0.210	0.261	0.379
0.515	0.112	0.263	0.110
0.244	0.036	0.059	0.661
0.218	0.062	0.456	0.263
0.046	0.207	0.272	0.475
0.454	0.275	0.065	0.206
0.229	0.058	0.490	0.223
0.033	0.073	0.095	0.799
>TGACCTGATC	10-TGACCTGATC	9.753010	-18.831494	0	T:18.0(8.82%),B:633.3(1.57%),P:1e-8	Tpos:440.6,Tstd:269.7,Bpos:506.8,Bstd:312.1,StrandBias:0.5,Multiplicity:1.06
0.001	0.001	0.001	0.997
0.001	0.065	0.874	0.060
0.997	0.001	0.001	0.001
0.001	0.955	0.001	0.043
0.001	0.929	0.001	0.069
0.071	0.124	0.001	0.804
0.072	0.062	0.777	0.089
0.926	0.072	0.001	0.001
0.065	0.070	0.001	0.864
0.001	0.946	0.001	0.052
>GACTGTGAHT	11-GACTGTGAHT	7.763021	-18.385592	0	T:15.0(7.35%),B:433.0(1.07%),P:1e-7	Tpos:454.1,Tstd:281.2,Bpos:496.0,Bstd:317.7,StrandBias:0.3,Multiplicity:1.20
0.001	0.161	0.667	0.171
0.534	0.370	0.001	0.095
0.372	0.621	0.001	0.006
0.151	0.152	0.144	0.553
0.270	0.245	0.445	0.040
0.202	0.001	0.001	0.796
0.004	0.001	0.863	0.132
0.526	0.127	0.162	0.185
0.295	0.327	0.001	0.377
0.211	0.178	0.106	0.505
>TAGTTTGCTC	12-TAGTTTGCTC	9.576485	-18.142614	0	T:33.0(16.18%),B:2136.2(5.29%),P:1e-7	Tpos:511.4,Tstd:278.9,Bpos:510.1,Bstd:315.4,StrandBias:0.3,Multiplicity:1.03
0.001	0.083	0.096	0.820
0.997	0.001	0.001	0.001
0.001	0.001	0.997	0.001
0.001	0.001	0.001	0.997
0.001	0.001	0.001	0.997
0.001	0.001	0.001	0.997
0.001	0.075	0.805	0.119
0.159	0.839	0.001	0.001
0.090	0.001	0.001	0.908
0.001	0.700	0.001	0.298
>GGATGACAAA	13-GGATGACAAA	8.701602	-17.832132	0	T:57.0(27.94%),B:5294.2(13.11%),P:1e-7	Tpos:570.4,Tstd:288.7,Bpos:517.5,Bstd:309.3,StrandBias:-0.6,Multiplicity:1.30
0.235	0.091	0.486	0.188
0.070	0.136	0.722	0.072
0.957	0.001	0.001	0.041
0.001	0.001	0.001	0.997
0.070	0.001	0.928	0.001
0.625	0.123	0.251	0.001
0.202	0.686	0.111	0.001
0.866	0.132	0.001	0.001
0.997	0.001	0.001	0.001
0.663	0.181	0.001	0.155
>TACTTTGTCC	14-TACTTTGTCC	8.007138	-16.937806	0	T:27.0(13.24%),B:1579.2(3.91%),P:1e-7	Tpos:522.5,Tstd:288.9,Bpos:514.7,Bstd:308.2,StrandBias:0.5,Multiplicity:1.07
0.119	0.157	0.203	0.521
0.787	0.065	0.082	0.066
0.024	0.578	0.221	0.177
0.055	0.061	0.095	0.789
0.037	0.225	0.049	0.689
0.046	0.036	0.054	0.864
0.042	0.145	0.660	0.153
0.029	0.142	0.206	0.623
0.152	0.557	0.047	0.244
0.160	0.658	0.049	0.133
>TTCAGCGCGT	15-TTCAGCGCGT	9.929867	-16.741387	0	T:16.0(7.84%),B:568.5(1.41%),P:1e-7	Tpos:571.8,Tstd:321.9,Bpos:527.5,Bstd:315.6,StrandBias:1.3,Multiplicity:1.06
0.128	0.001	0.001	0.870
0.001	0.001	0.001	0.997
0.001	0.997	0.001	0.001
0.997	0.001	0.001	0.001
0.061	0.085	0.853	0.001
0.059	0.787	0.093	0.061
0.057	0.001	0.941	0.001
0.126	0.827	0.001	0.046
0.001	0.157	0.784	0.058
0.001	0.001	0.001	0.997
>GCTTAGGTTT	16-GCTTAGGTTT	9.881563	-16.546818	0	T:17.0(8.33%),B:656.3(1.62%),P:1e-7	Tpos:491.4,Tstd:292.6,Bpos:492.7,Bstd:312.8,StrandBias:0.9,Multiplicity:1.18
0.110	0.001	0.888	0.001
0.001	0.997	0.001	0.001
0.201	0.231	0.001	0.567
0.001	0.158	0.001	0.840
0.909	0.001	0.016	0.074
0.001	0.001	0.748	0.250
0.001	0.001	0.997	0.001
0.001	0.141	0.001	0.857
0.001	0.001	0.001	0.997
0.001	0.001	0.001	0.997
>AGCGAAWTAG	17-AGCGAAWTAG	8.563210	-16.180567	0	T:28.0(13.73%),B:1750.5(4.33%),P:1e-7	Tpos:571.4,Tstd:299.1,Bpos:540.0,Bstd:318.2,StrandBias:-0.9,Multiplicity:1.07
0.541	0.351	0.001	0.107
0.096	0.003	0.898	0.003
0.154	0.582	0.262	0.002
0.001	0.072	0.878	0.049
0.997	0.001	0.001	0.001
0.566	0.001	0.222	0.211
0.430	0.110	0.138	0.321
0.001	0.001	0.001	0.997
0.823	0.001	0.096	0.080
0.132	0.001	0.866	0.001
>GATCGAAGAA	18-GATCGAAGAA	9.997538	-14.320633	0	T:14.0(6.86%),B:518.9(1.28%),P:1e-6	Tpos:530.8,Tstd:250.3,Bpos:507.9,Bstd:317.4,StrandBias:-1.0,Multiplicity:1.07
0.001	0.001	0.997	0.001
0.934	0.001	0.001	0.064
0.001	0.128	0.001	0.870
0.001	0.997	0.001	0.001
0.179	0.001	0.819	0.001
0.997	0.001	0.001	0.001
0.997	0.001	0.001	0.001
0.001	0.001	0.997	0.001
0.997	0.001	0.001	0.001
0.997	0.001	0.001	0.001
>CCGATAGATC	19-CCGATAGATC	9.855197	-14.091977	0	T:12.0(5.88%),B:377.7(0.93%),P:1e-6	Tpos:435.5,Tstd:250.8,Bpos:532.9,Bstd:314.6,StrandBias:0.8,Multiplicity:1.17
0.121	0.597	0.084	0.198
0.413	0.585	0.001	0.001
0.001	0.337	0.661	0.001
0.912	0.001	0.001	0.086
0.001	0.001	0.144	0.854
0.909	0.001	0.089	0.001
0.001	0.001	0.907	0.091
0.862	0.006	0.001	0.131
0.001	0.001	0.001	0.997
0.001	0.997	0.001	0.001
>AACTTTCGGC	20-AACTTTCGGC	7.683471	-13.645636	0	T:38.0(18.63%),B:3258.2(8.07%),P:1e-5	Tpos:480.0,Tstd:303.7,Bpos:497.3,Bstd:296.0,StrandBias:0.4,Multiplicity:1.24
0.783	0.117	0.058	0.042
0.731	0.098	0.096	0.075
0.076	0.826	0.061	0.037
0.063	0.030	0.054	0.853
0.076	0.058	0.024	0.842
0.029	0.085	0.014	0.872
0.047	0.823	0.061	0.069
0.077	0.046	0.841	0.036
0.103	0.129	0.705	0.063
0.099	0.732	0.037	0.132
>CGAGTGCTTT	21-CGAGTGCTTT	8.350283	-11.254909	0	T:20.0(9.80%),B:1301.2(3.22%),P:1e-4	Tpos:483.0,Tstd:310.5,Bpos:508.7,Bstd:298.3,StrandBias:-0.1,Multiplicity:1.05
0.100	0.700	0.100	0.100
0.100	0.100	0.700	0.100
0.700	0.100	0.100	0.100
0.100	0.100	0.700	0.100
0.100	0.100	0.100	0.700
0.100	0.100	0.700	0.100
0.100	0.700	0.100	0.100
0.100	0.100	0.100	0.700
0.100	0.100	0.100	0.700
0.100	0.100	0.100	0.700
>ACTTGTGACT	22-ACTTGTGACT	11.613245	-10.994006	0	T:6.0(2.94%),B:100.9(0.25%),P:1e-4	Tpos:516.2,Tstd:330.9,Bpos:480.3,Bstd:299.9,StrandBias:1.6,Multiplicity:1.33
0.812	0.001	0.186	0.001
0.001	0.997	0.001	0.001
0.001	0.001	0.133	0.865
0.001	0.001	0.001	0.997
0.001	0.001	0.997	0.001
0.001	0.001	0.001	0.997
0.001	0.001	0.997	0.001
0.997	0.001	0.001	0.001
0.001	0.997	0.001	0.001
0.001	0.001	0.001	0.997
>TTTCCGCGGC	23-TTTCCGCGGC	10.296193	-8.768585	0	T:3.0(1.47%),B:18.4(0.05%),P:1e-3	Tpos:632.8,Tstd:284.5,Bpos:480.8,Bstd:290.3,StrandBias:-1.6,Multiplicity:1.33
0.100	0.100	0.100	0.700
0.100	0.100	0.100	0.700
0.100	0.100	0.100	0.700
0.100	0.700	0.100	0.100
0.100	0.700	0.100	0.100
0.100	0.100	0.700	0.100
0.100	0.700	0.100	0.100
0.100	0.100	0.700	0.100
0.100	0.100	0.700	0.100
0.100	0.700	0.100	0.100
>TTTATAATAA	24-TTTATAATAA	13.270111	-8.566340	0	T:11.0(5.39%),B:570.3(1.41%),P:1e-3	Tpos:447.4,Tstd:322.5,Bpos:498.9,Bstd:307.7,StrandBias:0.0,Multiplicity:1.27
0.001	0.315	0.001	0.683
0.001	0.001	0.001	0.997
0.001	0.001	0.001	0.997
0.997	0.001	0.001	0.001
0.001	0.001	0.001	0.997
0.829	0.001	0.001	0.169
0.997	0.001	0.001	0.001
0.001	0.001	0.001	0.997
0.997	0.001	0.001	0.001
0.997	0.001	0.001	0.001
>CCTAATGCCT	25-CCTAATGCCT	9.762315	-7.029053	0	T:9.0(4.41%),B:480.4(1.19%),P:1e-3	Tpos:492.4,Tstd:208.2,Bpos:457.3,Bstd:300.4,StrandBias:-0.7,Multiplicity:1.78
0.001	0.997	0.001	0.001
0.044	0.862	0.001	0.093
0.001	0.001	0.079	0.919
0.889	0.041	0.001	0.069
0.883	0.046	0.070	0.001
0.084	0.001	0.001	0.914
0.193	0.001	0.805	0.001
0.001	0.997	0.001	0.001
0.074	0.792	0.133	0.001
0.001	0.001	0.001	0.997
>ATTTTCTTATCA	1-ATTTTCTTATCA	12.458082	-33.523225	0	T:26.0(12.75%),B:675.8(1.67%),P:1e-14	Tpos:657.6,Tstd:323.5,Bpos:560.8,Bstd:307.7,StrandBias:-0.3,Multiplicity:1.04
0.941	0.001	0.001	0.057
0.201	0.001	0.001	0.797
0.108	0.001	0.001	0.890
0.001	0.065	0.001	0.933
0.001	0.284	0.001	0.714
0.038	0.960	0.001	0.001
0.001	0.001	0.001	0.997
0.001	0.044	0.001	0.954
0.997	0.001	0.001	0.001
0.001	0.001	0.001	0.997
0.035	0.963	0.001	0.001
0.997	0.001	0.001	0.001
>TCGTCATTTTTA	2-TCGTCATTTTTA	10.656976	-32.356816	0	T:45.0(22.06%),B:2332.1(5.77%),P:1e-14	Tpos:584.6,Tstd:244.4,Bpos:516.8,Bstd:317.9,StrandBias:0.6,Multiplicity:1.07
0.071	0.174	0.001	0.754
0.001	0.997	0.001	0.001
0.271	0.001	0.537	0.191
0.001	0.001	0.001	0.997
0.103	0.895	0.001	0.001
0.687	0.001	0.169	0.143
0.001	0.001	0.001	0.997
0.001	0.001	0.001	0.997
0.001	0.121	0.001	0.877
0.052	0.050	0.001	0.897
0.258	0.277	0.001	0.464
0.815	0.001	0.183	0.001
>TTTCTTATCTAT	3-TTTCTTATCTAT	12.204185	-31.919802	0	T:24.0(11.76%),B:596.7(1.48%),P:1e-13	Tpos:643.4,Tstd:260.2,Bpos:555.6,Bstd:327.0,StrandBias:-0.1,Multiplicity:1.05
0.001	0.001	0.001	0.997
0.152	0.122	0.001	0.725
0.001	0.001	0.001	0.997
0.001	0.997	0.001	0.001
0.001	0.001	0.001	0.997
0.099	0.053	0.001	0.847
0.927	0.001	0.001	0.071
0.063	0.001	0.001	0.935
0.054	0.917	0.001	0.028
0.305	0.001	0.072	0.622
0.669	0.232	0.065	0.034
0.118	0.001	0.001	0.880
>TTTTGTCATCAA	4-TTTTGTCATCAA	12.350192	-29.516378	0	T:21.0(10.29%),B:481.6(1.19%),P:1e-12	Tpos:576.6,Tstd:314.9,Bpos:540.6,Bstd:302.0,StrandBias:-0.4,Multiplicity:1.00
0.070	0.001	0.001	0.928
0.001	0.001	0.001	0.997
0.001	0.001	0.001	0.997
0.001	0.001	0.001	0.997
0.036	0.001	0.898	0.065
0.001	0.001	0.001	0.997
0.001	0.911	0.056	0.032
0.877	0.077	0.001	0.045
0.001	0.001	0.088	0.910
0.001	0.997	0.001	0.001
0.690	0.110	0.132	0.068
0.834	0.001	0.001	0.164
>TAATCACCATGT	5-TAATCACCATGT	10.131662	-24.663269	0	T:20.0(9.80%),B:560.8(1.39%),P:1e-10	Tpos:628.0,Tstd:283.5,Bpos:513.2,Bstd:327.1,StrandBias:0.6,Multiplicity:1.00
0.034	0.044	0.080	0.842
0.689	0.037	0.185	0.089
0.937	0.036	0.001	0.026
0.029	0.001	0.059	0.911
0.134	0.794	0.051	0.021
0.860	0.059	0.080	0.001
0.120	0.804	0.001	0.075
0.072	0.818	0.076	0.034
0.968	0.002	0.001	0.029
0.001	0.118	0.051	0.830
0.041	0.001	0.769	0.189
0.162	0.051	0.001	0.786
>TCACCAAAATGC	6-TCACCAAAATGC	13.457095	-24.017301	0	T:10.0(4.90%),B:81.8(0.20%),P:1e-10	Tpos:462.2,Tstd:253.2,Bpos:473.1,Bstd:277.8,StrandBias:0.6,Multiplicity:1.00
0.121	0.001	0.088	0.790
0.001	0.997	0.001	0.001
0.897	0.001	0.001	0.101
0.070	0.928	0.001	0.001
0.001	0.997	0.001	0.001
0.997	0.001	0.001	0.001
0.997	0.001	0.001	0.001
0.997	0.001	0.001	0.001
0.897	0.001	0.001	0.101
0.001	0.001	0.001	0.997
0.127	0.001	0.871	0.001
0.093	0.741	0.001	0.165
>GCATAATTGTGT	7-GCATAATTGTGT	13.057209	-23.843084	0	T:8.0(3.92%),B:35.7(0.09%),P:1e-10	Tpos:486.6,Tstd:249.2,Bpos:502.8,Bstd:257.0,StrandBias:0.0,Multiplicity:1.00
0.001	0.001	0.926	0.072
0.001	0.997	0.001	0.001
0.997	0.001	0.001	0.001
0.055	0.001	0.146	0.798
0.997	0.001	0.001	0.001
0.997	0.001	0.001	0.001
0.146	0.001	0.001	0.852
0.127	0.001	0.001	0.871
0.001	0.001	0.997	0.001
0.001	0.001	0.001	0.997
0.127	0.116	0.756	0.001
0.001	0.001	0.116	0.882
>TGGATCTATKTG	8-TGGATCTATKTG	11.804978	-23.667902	0	T:11.0(5.39%),B:116.9(0.29%),P:1e-10	Tpos:381.4,Tstd:200.4,Bpos:509.8,Bstd:315.4,StrandBias:-0.3,Multiplicity:1.00
0.351	0.001	0.001	0.647
0.176	0.163	0.660	0.001
0.116	0.001	0.882	0.001
0.859	0.139	0.001	0.001
0.001	0.001	0.001	0.997
0.001	0.869	0.129	0.001
0.001	0.001	0.001	0.997
0.924	0.001	0.001	0.074
0.001	0.001	0.175	0.823
0.001	0.153	0.374	0.473
0.001	0.001	0.001	0.997
0.001	0.001	0.997	0.001
>ATGATATCATCA	9-ATGATATCATCA	13.292965	-22.844410	0	T:11.0(5.39%),B:126.0(0.31%),P:1e-9	Tpos:705.8,Tstd:193.0,Bpos:473.1,Bstd:304.6,StrandBias:0.5,Multiplicity:1.00
0.686	0.125	0.001	0.188
0.001	0.001	0.001	0.997
0.001	0.093	0.905	0.001
0.830	0.001	0.001	0.168
0.001	0.105	0.105	0.789
0.997	0.001	0.001	0.001
0.001	0.001	0.001	0.997
0.001	0.997	0.001	0.001
0.997	0.001	0.001	0.001
0.001	0.001	0.001	0.997
0.001	0.864	0.134	0.001
0.997	0.001	0.001	0.001
>GCGATAATTTCA	10-GCGATAATTTCA	12.881761	-22.306252	0	T:11.0(5.39%),B:133.6(0.33%),P:1e-9	Tpos:522.2,Tstd:266.9,Bpos:508.9,Bstd:291.8,StrandBias:-2.2,Multiplicity:1.00
0.001	0.001	0.997	0.001
0.082	0.916	0.001	0.001
0.060	0.001	0.938	0.001
0.997	0.001	0.001	0.001
0.076	0.001	0.001	0.922
0.887	0.001	0.001	0.111
0.887	0.001	0.001	0.111
0.001	0.001	0.091	0.907
0.001	0.001	0.001	0.997
0.001	0.001	0.001	0.997
0.001	0.907	0.091	0.001
0.723	0.001	0.153	0.123
>ACCAAAAACGTC	11-ACCAAAAACGTC	12.895460	-21.655061	0	T:11.0(5.39%),B:142.9(0.35%),P:1e-9	Tpos:516.9,Tstd:224.8,Bpos:460.7,Bstd:298.1,StrandBias:0.8,Multiplicity:1.00
0.997	0.001	0.001	0.001
0.068	0.836	0.001	0.095
0.001	0.913	0.085	0.001
0.997	0.001	0.001	0.001
0.997	0.001	0.001	0.001
0.997	0.001	0.001	0.001
0.997	0.001	0.001	0.001
0.822	0.001	0.001	0.176
0.156	0.842	0.001	0.001
0.001	0.001	0.997	0.001
0.095	0.141	0.001	0.763
0.060	0.938	0.001	0.001
>CTTCTTATCACT	12-CTTCTTATCACT	9.455457	-21.213480	0	T:38.0(18.63%),B:2429.6(6.01%),P:1e-9	Tpos:613.8,Tstd:314.8,Bpos:528.6,Bstd:329.3,StrandBias:1.2,Multiplicity:1.25
0.152	0.693	0.134	0.021
0.085	0.032	0.052	0.831
0.052	0.040	0.048	0.860
0.001	0.914	0.020	0.065
0.172	0.076	0.052	0.700
0.136	0.001	0.044	0.819
0.725	0.001	0.273	0.001
0.001	0.001	0.001	0.997
0.052	0.873	0.042	0.033
0.909	0.001	0.034	0.056
0.261	0.627	0.028	0.084
0.315	0.025	0.001	0.659
>AGACTCAAAATG	13-AGACTCAAAATG	13.444952	-21.086635	0	T:10.0(4.90%),B:112.4(0.28%),P:1e-9	Tpos:424.6,Tstd:192.5,Bpos:536.8,Bstd:292.2,StrandBias:-1.2,Multiplicity:1.00
0.916	0.001	0.001	0.082
0.047	0.001	0.851	0.101
0.900	0.001	0.001	0.098
0.001	0.875	0.123	0.001
0.001	0.001	0.001	0.997
0.001	0.793	0.078	0.128
0.997	0.001	0.001	0.001
0.997	0.001	0.001	0.001
0.997	0.001	0.001	0.001
0.875	0.001	0.001	0.123
0.001	0.001	0.001	0.997
0.001	0.001	0.997	0.001
>ATACAATGGTGA	14-ATACAATGGTGA	13.915321	-20.937865	0	T:7.0(3.43%),B:31.8(0.08%),P:1e-9	Tpos:418.3,Tstd:284.1,Bpos:375.7,Bstd:296.3,StrandBias:-0.4,Multiplicity:1.00
0.792	0.001	0.206	0.001
0.088	0.001	0.001	0.910
0.997	0.001	0.001	0.001
0.001	0.997	0.001	0.001
0.806	0.001	0.192	0.001
0.833	0.001	0.001	0.165
0.001	0.001	0.001	0.997
0.001	0.001	0.859	0.139
0.001	0.001	0.997	0.001
0.001	0.001	0.001	0.997
0.001	0.001	0.997	0.001
0.997	0.001	0.001	0.001
>CCTTTCCGCGGC	15-CCTTTCCGCGGC	11.620083	-20.019096	0	T:8.0(3.92%),B:60.7(0.15%),P:1e-8	Tpos:624.5,Tstd:294.3,Bpos:555.4,Bstd:305.1,StrandBias:1.6,Multiplicity:1.00
0.001	0.997	0.001	0.001
0.012	0.772	0.001	0.215
0.001	0.001	0.001	0.997
0.001	0.202	0.001	0.796
0.001	0.001	0.001	0.997
0.001	0.997	0.001	0.001
0.001	0.997	0.001	0.001
0.001	0.001	0.997	0.001
0.001	0.623	0.203	0.173
0.203	0.203	0.593	0.001
0.173	0.173	0.444	0.210
0.001	0.826	0.172	0.001
>TTTATAATAAAC	16-TTTATAATAAAC	12.266661	-19.512003	0	T:17.0(8.33%),B:532.1(1.32%),P:1e-8	Tpos:445.4,Tstd:307.0,Bpos:502.7,Bstd:309.3,StrandBias:1.0,Multiplicity:1.06
0.001	0.098	0.001	0.900
0.001	0.001	0.001	0.997
0.001	0.001	0.001	0.997
0.889	0.073	0.001	0.037
0.030	0.001	0.084	0.885
0.907	0.001	0.091	0.001
0.997	0.001	0.001	0.001
0.034	0.001	0.001	0.964
0.997	0.001	0.001	0.001
0.830	0.168	0.001	0.001
0.842	0.098	0.001	0.059
0.039	0.840	0.067	0.054
>KTTTTCGTTGTC	17-KTTTTCGTTGTC	14.065397	-19.086608	0	T:6.0(2.94%),B:22.8(0.06%),P:1e-8	Tpos:541.5,Tstd:318.7,Bpos:516.1,Bstd:268.3,StrandBias:-1.0,Multiplicity:1.00
0.001	0.001	0.551	0.447
0.001	0.209	0.001	0.789
0.001	0.001	0.001	0.997
0.001	0.001	0.001	0.997
0.240	0.001	0.001	0.758
0.001	0.898	0.001	0.100
0.001	0.001	0.997	0.001
0.001	0.001	0.001	0.997
0.001	0.001	0.001	0.997
0.001	0.001	0.997	0.001
0.001	0.001	0.001	0.997
0.001	0.997	0.001	0.001
>TCRGGGTTTTTA	18-TCRGGGTTTTTA	12.635668	-18.877542	0	T:11.0(5.39%),B:188.4(0.47%),P:1e-8	Tpos:602.8,Tstd:325.8,Bpos:510.2,Bstd:289.9,StrandBias:-0.8,Multiplicity:1.00
0.001	0.001	0.001	0.997
0.001	0.833	0.001	0.165
0.379	0.001	0.513	0.107
0.273	0.107	0.535	0.085
0.001	0.001	0.997	0.001
0.001	0.001	0.997	0.001
0.001	0.001	0.001	0.997
0.001	0.186	0.001	0.812
0.001	0.001	0.001	0.997
0.001	0.001	0.001	0.997
0.001	0.001	0.001	0.997
0.997	0.001	0.001	0.001
>RTGCAATTTTTT	19-RTGCAATTTTTT	12.316465	-17.924704	0	T:21.0(10.29%),B:926.8(2.29%),P:1e-7	Tpos:398.0,Tstd:298.5,Bpos:485.5,Bstd:297.6,StrandBias:0.7,Multiplicity:1.00
0.440	0.001	0.332	0.227
0.001	0.001	0.001	0.997
0.090	0.001	0.908	0.001
0.001	0.997	0.001	0.001
0.687	0.001	0.311	0.001
0.557	0.001	0.308	0.134
0.001	0.001	0.001	0.997
0.001	0.001	0.001	0.997
0.001	0.308	0.001	0.690
0.001	0.001	0.001	0.997
0.001	0.001	0.399	0.599
0.001	0.001	0.109	0.889
>TTTAACTGATAA	20-TTTAACTGATAA	11.406841	-17.472958	0	T:26.0(12.75%),B:1434.9(3.55%),P:1e-7	Tpos:409.5,Tstd:265.5,Bpos:524.8,Bstd:318.4,StrandBias:1.3,Multiplicity:1.17
0.001	0.001	0.288	0.710
0.001	0.001	0.001	0.997
0.001	0.261	0.187	0.551
0.697	0.163	0.074	0.066
0.997	0.001	0.001	0.001
0.297	0.462	0.001	0.240
0.001	0.001	0.001	0.997
0.001	0.001	0.964	0.034
0.997	0.001	0.001	0.001
0.059	0.075	0.001	0.865
0.997	0.001	0.001	0.001
0.851	0.006	0.001	0.142
>TCAGTTTAGTTT	21-TCAGTTTAGTTT	9.552338	-15.789011	0	T:39.0(19.12%),B:3113.4(7.71%),P:1e-6	Tpos:509.9,Tstd:275.2,Bpos:510.8,Bstd:312.7,StrandBias:0.4,Multiplicity:1.05
0.001	0.149	0.001	0.849
0.001	0.846	0.001	0.152
0.968	0.001	0.001	0.030
0.001	0.055	0.868	0.076
0.061	0.001	0.114	0.824
0.118	0.038	0.079	0.765
0.139	0.001	0.081	0.779
0.742	0.110	0.034	0.114
0.161	0.059	0.779	0.001
0.042	0.122	0.001	0.835
0.041	0.001	0.067	0.891
0.039	0.103	0.006	0.852
>TTKTWAMKCBWT	22-TTKTWAMKCBWT	10.444614	-15.560305	0	T:6.0(2.94%),B:43.2(0.11%),P:1e-6	Tpos:493.0,Tstd:182.0,Bpos:554.3,Bstd:229.2,StrandBias:-2.3,Multiplicity:1.00
0.001	0.001	0.001	0.997
0.001	0.001	0.255	0.743
0.001	0.001	0.542	0.456
0.001	0.001	0.001	0.997
0.357	0.224	0.001	0.417
0.794	0.001	0.204	0.001
0.434	0.550	0.001	0.015
0.020	0.206	0.331	0.442
0.001	0.714	0.284	0.001
0.198	0.213	0.354	0.234
0.350	0.168	0.022	0.460
0.001	0.166	0.074	0.759
>ATTCTTCGATCC	23-ATTCTTCGATCC	10.535280	-14.959991	0	T:13.0(6.37%),B:416.3(1.03%),P:1e-6	Tpos:553.9,Tstd:273.2,Bpos:478.6,Bstd:323.4,StrandBias:1.3,Multiplicity:1.08
0.777	0.001	0.094	0.128
0.001	0.001	0.126	0.872
0.099	0.001	0.001	0.899
0.001	0.875	0.123	0.001
0.001	0.001	0.123	0.875
0.001	0.113	0.124	0.762
0.001	0.904	0.001	0.094
0.218	0.014	0.767	0.001
0.762	0.001	0.124	0.113
0.087	0.124	0.119	0.670
0.001	0.997	0.001	0.001
0.001	0.813	0.001	0.185
>CTTTCGTAAACT	24-CTTTCGTAAACT	12.355432	-13.599536	0	T:3.0(1.47%),B:2.3(0.01%),P:1e-5	Tpos:538.7,Tstd:326.3,Bpos:537.1,Bstd:122.6,StrandBias:1.0,Multiplicity:1.00
0.100	0.700	0.100	0.100
0.100	0.100	0.100	0.700
0.100	0.100	0.100	0.700
0.100	0.100	0.100	0.700
0.100	0.700	0.100	0.100
0.100	0.100	0.700	0.100
0.100	0.100	0.100	0.700
0.700	0.100	0.100	0.100
0.700	0.100	0.100	0.100
0.700	0.100	0.100	0.100
0.100	0.700	0.100	0.100
0.100	0.100	0.100	0.700
>TATTAGGGATAT	25-TATTAGGGATAT	13.918674	-10.275856	0	T:3.0(1.47%),B:10.9(0.03%),P:1e-4	Tpos:394.8,Tstd:156.6,Bpos:690.6,Bstd:235.2,StrandBias:2.0,Multiplicity:1.67
0.001	0.001	0.177	0.821
0.997	0.001	0.001	0.001
0.001	0.001	0.001	0.997
0.001	0.001	0.001	0.997
0.856	0.142	0.001	0.001
0.001	0.001	0.997	0.001
0.001	0.001	0.997	0.001
0.107	0.001	0.767	0.125
0.997	0.001	0.001	0.001
0.091	0.151	0.001	0.757
0.997	0.001	0.001	0.001
0.001	0.001	0.001	0.997
>TGATAAGA	1-TGATAAGA	7.185083	-77.395098	0	T:144.0(70.59%),B:11714.9(29.00%),P:1e-33	Tpos:652.4,Tstd:280.9,Bpos:542.9,Bstd:324.5,StrandBias:-0.5,Multiplicity:1.45
0.118	0.001	0.001	0.880
0.001	0.001	0.997	0.001
0.997	0.001	0.001	0.001
0.001	0.001	0.001	0.997
0.997	0.001	0.001	0.001
0.953	0.001	0.045	0.001
0.001	0.100	0.898	0.001
0.670	0.086	0.243	0.001
>GTGACWWG	2-GTGACWWG	7.524519	-22.413454	0	T:72.0(35.29%),B:6803.3(16.84%),P:1e-9	Tpos:568.0,Tstd:272.0,Bpos:513.9,Bstd:315.2,StrandBias:-0.6,Multiplicity:1.20
0.001	0.008	0.990	0.001
0.028	0.102	0.028	0.842
0.001	0.001	0.843	0.155
0.640	0.003	0.020	0.337
0.001	0.577	0.065	0.357
0.420	0.026	0.078	0.476
0.531	0.041	0.025	0.403
0.067	0.003	0.918	0.012
>GHTCTATA	3-GHTCTATA	7.050289	-17.493360	0	T:67.0(32.84%),B:6835.6(16.92%),P:1e-7	Tpos:508.3,Tstd:300.5,Bpos:509.5,Bstd:321.9,StrandBias:-0.2,Multiplicity:1.18
0.001	0.001	0.997	0.001
0.361	0.317	0.001	0.321
0.001	0.087	0.001	0.911
0.188	0.810	0.001	0.001
0.001	0.001	0.001	0.997
0.997	0.001	0.001	0.001
0.001	0.001	0.032	0.966
0.926	0.004	0.069	0.001
>TTGTCATC	4-TTGTCATC	8.236954	-13.515505	0	T:26.0(12.75%),B:1769.4(4.38%),P:1e-5	Tpos:678.7,Tstd:285.4,Bpos:522.4,Bstd:316.1,StrandBias:0.5,Multiplicity:1.24
0.100	0.100	0.100	0.700
0.100	0.100	0.100	0.700
0.100	0.100	0.700	0.100
0.100	0.100	0.100	0.700
0.100	0.700	0.100	0.100
0.700	0.100	0.100	0.100
0.100	0.100	0.100	0.700
0.100	0.700	0.100	0.100
>CCTTTCGG	5-CCTTTCGG	6.085434	-12.662620	0	T:75.0(36.76%),B:9100.6(22.53%),P:1e-5	Tpos:510.0,Tstd:302.4,Bpos:504.5,Bstd:307.3,StrandBias:0.3,Multiplicity:1.23
0.078	0.902	0.019	0.001
0.043	0.869	0.034	0.054
0.001	0.024	0.014	0.961
0.052	0.058	0.148	0.742
0.023	0.001	0.001	0.975
0.001	0.969	0.001	0.029
0.102	0.121	0.644	0.133
0.062	0.001	0.936	0.001
>CCCGGGKA	6-CCCGGGKA	6.937477	-11.950027	0	T:23.0(11.27%),B:1576.7(3.90%),P:1e-5	Tpos:550.9,Tstd:223.7,Bpos:493.3,Bstd:289.0,StrandBias:0.4,Multiplicity:1.00
0.001	0.997	0.001	0.001
0.001	0.997	0.001	0.001
0.066	0.932	0.001	0.001
0.001	0.394	0.604	0.001
0.001	0.001	0.997	0.001
0.001	0.001	0.842	0.156
0.040	0.047	0.515	0.398
0.712	0.001	0.286	0.001
>TCTGACAT	7-TCTGACAT	8.236954	-11.430240	0	T:20.0(9.80%),B:1285.9(3.18%),P:1e-4	Tpos:628.6,Tstd:280.7,Bpos:498.1,Bstd:315.8,StrandBias:1.0,Multiplicity:1.05
0.100	0.100	0.100	0.700
0.100	0.700	0.100	0.100
0.100	0.100	0.100	0.700
0.100	0.100	0.700	0.100
0.700	0.100	0.100	0.100
0.100	0.700	0.100	0.100
0.700	0.100	0.100	0.100
0.100	0.100	0.100	0.700
>TACCACGA	8-TACCACGA	9.052881	-11.140717	0	T:15.0(7.35%),B:784.0(1.94%),P:1e-4	Tpos:487.1,Tstd:277.3,Bpos:499.2,Bstd:302.3,StrandBias:-0.2,Multiplicity:1.00
0.001	0.001	0.001	0.997
0.997	0.001	0.001	0.001
0.001	0.997	0.001	0.001
0.001	0.997	0.001	0.001
0.879	0.001	0.001	0.119
0.001	0.997	0.001	0.001
0.001	0.001	0.997	0.001
0.847	0.001	0.001	0.151
>GTGATTGT	9-GTGATTGT	8.236954	-9.919687	0	T:18.0(8.82%),B:1201.4(2.97%),P:1e-4	Tpos:622.3,Tstd:282.8,Bpos:493.1,Bstd:318.9,StrandBias:1.0,Multiplicity:1.00
0.100	0.100	0.700	0.100
0.100	0.100	0.100	0.700
0.100	0.100	0.700	0.100
0.700	0.100	0.100	0.100
0.100	0.100	0.100	0.700
0.100	0.100	0.100	0.700
0.100	0.100	0.700	0.100
0.100	0.100	0.100	0.700
>CGGGAGGA	10-CGGGAGGA	7.372936	-6.155803	0	T:23.0(11.27%),B:2361.1(5.85%),P:1e-2	Tpos:492.9,Tstd:329.1,Bpos:488.2,Bstd:296.4,StrandBias:-0.7,Multiplicity:1.39
0.001	0.997	0.001	0.001
0.001	0.166	0.754	0.079
0.001	0.369	0.592	0.038
0.001	0.001	0.576	0.422
0.958	0.001	0.040	0.001
0.001	0.001	0.997	0.001
0.001	0.001	0.997	0.001
0.950	0.001	0.048	0.001
