>TGATAAGA	1-TGATAAGA	7.185083	-77.395098	0	T:144.0(70.59%),B:11714.9(29.00%),P:1e-33	Tpos:652.4,Tstd:280.9,Bpos:542.9,Bstd:324.5,StrandBias:-0.5,Multiplicity:1.45
0.118	0.001	0.001	0.880
0.001	0.001	0.997	0.001
0.997	0.001	0.001	0.001
0.001	0.001	0.001	0.997
0.997	0.001	0.001	0.001
0.953	0.001	0.045	0.001
0.001	0.100	0.898	0.001
0.670	0.086	0.243	0.001
>GTGACWWG	2-GTGACWWG	7.524519	-22.413454	0	T:72.0(35.29%),B:6803.3(16.84%),P:1e-9	Tpos:568.0,Tstd:272.0,Bpos:513.9,Bstd:315.2,StrandBias:-0.6,Multiplicity:1.20
0.001	0.008	0.990	0.001
0.028	0.102	0.028	0.842
0.001	0.001	0.843	0.155
0.640	0.003	0.020	0.337
0.001	0.577	0.065	0.357
0.420	0.026	0.078	0.476
0.531	0.041	0.025	0.403
0.067	0.003	0.918	0.012
>GHTCTATA	3-GHTCTATA	7.050289	-17.493360	0	T:67.0(32.84%),B:6835.6(16.92%),P:1e-7	Tpos:508.3,Tstd:300.5,Bpos:509.5,Bstd:321.9,StrandBias:-0.2,Multiplicity:1.18
0.001	0.001	0.997	0.001
0.361	0.317	0.001	0.321
0.001	0.087	0.001	0.911
0.188	0.810	0.001	0.001
0.001	0.001	0.001	0.997
0.997	0.001	0.001	0.001
0.001	0.001	0.032	0.966
0.926	0.004	0.069	0.001
>TTGTCATC	4-TTGTCATC	8.236954	-13.515505	0	T:26.0(12.75%),B:1769.4(4.38%),P:1e-5	Tpos:678.7,Tstd:285.4,Bpos:522.4,Bstd:316.1,StrandBias:0.5,Multiplicity:1.24
0.100	0.100	0.100	0.700
0.100	0.100	0.100	0.700
0.100	0.100	0.700	0.100
0.100	0.100	0.100	0.700
0.100	0.700	0.100	0.100
0.700	0.100	0.100	0.100
0.100	0.100	0.100	0.700
0.100	0.700	0.100	0.100
>CCTTTCGG	5-CCTTTCGG	6.085434	-12.662620	0	T:75.0(36.76%),B:9100.6(22.53%),P:1e-5	Tpos:510.0,Tstd:302.4,Bpos:504.5,Bstd:307.3,StrandBias:0.3,Multiplicity:1.23
0.078	0.902	0.019	0.001
0.043	0.869	0.034	0.054
0.001	0.024	0.014	0.961
0.052	0.058	0.148	0.742
0.023	0.001	0.001	0.975
0.001	0.969	0.001	0.029
0.102	0.121	0.644	0.133
0.062	0.001	0.936	0.001
>CCCGGGKA	6-CCCGGGKA	6.937477	-11.950027	0	T:23.0(11.27%),B:1576.7(3.90%),P:1e-5	Tpos:550.9,Tstd:223.7,Bpos:493.3,Bstd:289.0,StrandBias:0.4,Multiplicity:1.00
0.001	0.997	0.001	0.001
0.001	0.997	0.001	0.001
0.066	0.932	0.001	0.001
0.001	0.394	0.604	0.001
0.001	0.001	0.997	0.001
0.001	0.001	0.842	0.156
0.040	0.047	0.515	0.398
0.712	0.001	0.286	0.001
>TCTGACAT	7-TCTGACAT	8.236954	-11.430240	0	T:20.0(9.80%),B:1285.9(3.18%),P:1e-4	Tpos:628.6,Tstd:280.7,Bpos:498.1,Bstd:315.8,StrandBias:1.0,Multiplicity:1.05
0.100	0.100	0.100	0.700
0.100	0.700	0.100	0.100
0.100	0.100	0.100	0.700
0.100	0.100	0.700	0.100
0.700	0.100	0.100	0.100
0.100	0.700	0.100	0.100
0.700	0.100	0.100	0.100
0.100	0.100	0.100	0.700
>TACCACGA	8-TACCACGA	9.052881	-11.140717	0	T:15.0(7.35%),B:784.0(1.94%),P:1e-4	Tpos:487.1,Tstd:277.3,Bpos:499.2,Bstd:302.3,StrandBias:-0.2,Multiplicity:1.00
0.001	0.001	0.001	0.997
0.997	0.001	0.001	0.001
0.001	0.997	0.001	0.001
0.001	0.997	0.001	0.001
0.879	0.001	0.001	0.119
0.001	0.997	0.001	0.001
0.001	0.001	0.997	0.001
0.847	0.001	0.001	0.151
>GTGATTGT	9-GTGATTGT	8.236954	-9.919687	0	T:18.0(8.82%),B:1201.4(2.97%),P:1e-4	Tpos:622.3,Tstd:282.8,Bpos:493.1,Bstd:318.9,StrandBias:1.0,Multiplicity:1.00
0.100	0.100	0.700	0.100
0.100	0.100	0.100	0.700
0.100	0.100	0.700	0.100
0.700	0.100	0.100	0.100
0.100	0.100	0.100	0.700
0.100	0.100	0.100	0.700
0.100	0.100	0.700	0.100
0.100	0.100	0.100	0.700
>CGGGAGGA	10-CGGGAGGA	7.372936	-6.155803	0	T:23.0(11.27%),B:2361.1(5.85%),P:1e-2	Tpos:492.9,Tstd:329.1,Bpos:488.2,Bstd:296.4,StrandBias:-0.7,Multiplicity:1.39
0.001	0.997	0.001	0.001
0.001	0.166	0.754	0.079
0.001	0.369	0.592	0.038
0.001	0.001	0.576	0.422
0.958	0.001	0.040	0.001
0.001	0.001	0.997	0.001
0.001	0.001	0.997	0.001
0.950	0.001	0.048	0.001
