>TTATTTTTGCTT	18-AAGCAAAAATAA	10.461853	-11.738502	0	T:11.0(14.67%),B:1110.1(2.80%),P:1e-5
0.129	0.090	0.086	0.695
0.133	0.106	0.106	0.655
0.548	0.113	0.117	0.222
0.110	0.090	0.090	0.710
0.089	0.078	0.086	0.747
0.108	0.062	0.090	0.740
0.107	0.090	0.076	0.727
0.087	0.099	0.071	0.743
0.138	0.131	0.517	0.214
0.158	0.528	0.094	0.220
0.131	0.100	0.080	0.689
0.121	0.091	0.088	0.700
