>GAACAKCTGTTG	2-GAACAKCTGTTG,BestGuess:HLH-1(bHLH)/cElegans-Embryo-HLH1-ChIP-Seq(modEncode)/Homer(0.885)	9.962658	-28.935444	0	T:30.0(13.82%),B:1084.2(2.64%),P:1e-12
0.161	0.134	0.562	0.143
0.847	0.128	0.001	0.024
0.837	0.161	0.001	0.001
0.096	0.902	0.001	0.001
0.969	0.001	0.001	0.029
0.224	0.051	0.434	0.290
0.085	0.637	0.063	0.215
0.054	0.001	0.001	0.944
0.043	0.001	0.866	0.090
0.106	0.191	0.113	0.590
0.001	0.112	0.001	0.886
0.207	0.001	0.616	0.176
