>TTCTACGCAG	1-TTCTACGCAG	10.465039	-26.757974	0	T:12.0(11.43%),B:228.6(0.58%),P:1e-11	Tpos:446.6,Tstd:269.1,Bpos:494.8,Bstd:310.4,StrandBias:0.5,Multiplicity:1.00
0.001	0.123	0.001	0.875
0.001	0.001	0.001	0.997
0.001	0.997	0.001	0.001
0.001	0.301	0.001	0.697
0.741	0.001	0.106	0.152
0.087	0.911	0.001	0.001
0.001	0.001	0.997	0.001
0.001	0.911	0.087	0.001
0.997	0.001	0.001	0.001
0.053	0.001	0.945	0.001
>TTCGATTAAA	2-TTCGATTAAA	8.872866	-24.749699	0	T:45.0(42.86%),B:6033.4(15.38%),P:1e-10	Tpos:538.8,Tstd:276.3,Bpos:530.8,Bstd:329.1,StrandBias:0.3,Multiplicity:1.18
0.202	0.079	0.001	0.718
0.001	0.233	0.089	0.677
0.001	0.997	0.001	0.001
0.156	0.001	0.703	0.140
0.641	0.222	0.064	0.073
0.088	0.001	0.001	0.910
0.001	0.001	0.172	0.826
0.829	0.001	0.001	0.169
0.910	0.001	0.088	0.001
0.762	0.001	0.001	0.236
>TATTGCCTTT	3-TATTGCCTTT	9.999986	-21.837688	0	T:20.0(19.05%),B:1307.4(3.33%),P:1e-9	Tpos:536.5,Tstd:307.2,Bpos:512.1,Bstd:309.8,StrandBias:1.2,Multiplicity:1.00
0.001	0.001	0.001	0.997
0.833	0.068	0.044	0.055
0.001	0.086	0.001	0.912
0.001	0.093	0.001	0.905
0.053	0.052	0.894	0.001
0.028	0.887	0.001	0.084
0.001	0.943	0.055	0.001
0.001	0.085	0.001	0.913
0.066	0.001	0.001	0.932
0.089	0.001	0.082	0.828
>TCGACGTCGC	4-TCGACGTCGC	10.099930	-21.165442	0	T:11.0(10.48%),B:293.2(0.75%),P:1e-9	Tpos:439.6,Tstd:233.9,Bpos:511.3,Bstd:303.0,StrandBias:0.3,Multiplicity:1.00
0.001	0.001	0.001	0.997
0.001	0.734	0.149	0.116
0.110	0.123	0.766	0.001
0.997	0.001	0.001	0.001
0.001	0.997	0.001	0.001
0.127	0.001	0.871	0.001
0.072	0.001	0.125	0.802
0.001	0.938	0.060	0.001
0.001	0.001	0.997	0.001
0.001	0.997	0.001	0.001
>CATGCACTCC	5-CATGCACTCC	10.234732	-20.055399	0	T:11.0(10.48%),B:327.4(0.83%),P:1e-8	Tpos:426.1,Tstd:274.9,Bpos:475.7,Bstd:287.7,StrandBias:0.3,Multiplicity:1.00
0.001	0.904	0.001	0.094
0.923	0.001	0.001	0.075
0.001	0.122	0.001	0.876
0.001	0.001	0.931	0.067
0.079	0.816	0.104	0.001
0.997	0.001	0.001	0.001
0.094	0.822	0.001	0.083
0.001	0.001	0.001	0.997
0.089	0.909	0.001	0.001
0.103	0.895	0.001	0.001
>GGCGAATCGA	6-GGCGAATCGA	10.227766	-19.558274	0	T:13.0(12.38%),B:541.6(1.38%),P:1e-8	Tpos:544.6,Tstd:254.9,Bpos:514.8,Bstd:329.7,StrandBias:-2.5,Multiplicity:1.00
0.001	0.133	0.865	0.001
0.076	0.001	0.922	0.001
0.068	0.862	0.069	0.001
0.066	0.001	0.932	0.001
0.997	0.001	0.001	0.001
0.997	0.001	0.001	0.001
0.114	0.001	0.141	0.744
0.001	0.894	0.104	0.001
0.001	0.001	0.882	0.116
0.997	0.001	0.001	0.001
>TTGACGACAC	7-TTGACGACAC	10.981056	-19.359316	0	T:9.0(8.57%),B:192.2(0.49%),P:1e-8	Tpos:538.4,Tstd:324.9,Bpos:508.5,Bstd:339.2,StrandBias:-0.3,Multiplicity:1.00
0.001	0.091	0.001	0.907
0.001	0.001	0.129	0.869
0.001	0.001	0.997	0.001
0.997	0.001	0.001	0.001
0.001	0.997	0.001	0.001
0.001	0.001	0.902	0.096
0.997	0.001	0.001	0.001
0.001	0.997	0.001	0.001
0.851	0.147	0.001	0.001
0.001	0.937	0.001	0.061
>ATATACCACG	8-ATATACCACG	10.413066	-18.586275	0	T:10.0(9.52%),B:289.4(0.74%),P:1e-8	Tpos:544.1,Tstd:231.1,Bpos:528.4,Bstd:312.1,StrandBias:-0.3,Multiplicity:1.10
0.877	0.001	0.001	0.121
0.077	0.001	0.001	0.921
0.764	0.138	0.001	0.097
0.001	0.001	0.001	0.997
0.904	0.001	0.094	0.001
0.001	0.917	0.001	0.081
0.001	0.863	0.001	0.135
0.997	0.001	0.001	0.001
0.001	0.997	0.001	0.001
0.001	0.130	0.868	0.001
>TAYATATMYT	9-TAYATATMYT	6.707185	-15.392695	0	T:18.0(17.14%),B:1568.6(4.00%),P:1e-6	Tpos:570.0,Tstd:276.1,Bpos:515.2,Bstd:303.1,StrandBias:0.7,Multiplicity:1.22
0.192	0.299	0.031	0.479
0.461	0.138	0.201	0.199
0.015	0.442	0.168	0.376
0.590	0.337	0.030	0.043
0.035	0.040	0.034	0.891
0.445	0.229	0.212	0.114
0.261	0.015	0.198	0.526
0.352	0.451	0.019	0.179
0.018	0.451	0.021	0.510
0.272	0.168	0.028	0.532
>TGTGCGATAT	10-TGTGCGATAT	10.410909	-15.257201	0	T:8.0(7.62%),B:226.8(0.58%),P:1e-6	Tpos:458.0,Tstd:185.8,Bpos:538.6,Bstd:307.0,StrandBias:0.0,Multiplicity:1.00
0.001	0.001	0.328	0.670
0.001	0.001	0.997	0.001
0.001	0.001	0.286	0.712
0.092	0.001	0.906	0.001
0.001	0.997	0.001	0.001
0.001	0.001	0.997	0.001
0.997	0.001	0.001	0.001
0.001	0.001	0.001	0.997
0.997	0.001	0.001	0.001
0.263	0.001	0.001	0.735
>TGGAAGASAT	11-TGGAAGASAT	8.910978	-15.043155	0	T:29.0(27.62%),B:3909.3(9.97%),P:1e-6	Tpos:527.4,Tstd:294.4,Bpos:499.4,Bstd:311.2,StrandBias:-1.2,Multiplicity:1.03
0.070	0.001	0.001	0.928
0.001	0.001	0.913	0.085
0.046	0.001	0.952	0.001
0.901	0.097	0.001	0.001
0.835	0.121	0.043	0.001
0.198	0.295	0.506	0.001
0.997	0.001	0.001	0.001
0.041	0.387	0.400	0.172
0.730	0.094	0.071	0.105
0.001	0.120	0.001	0.878
>TCTCTATTCT	12-TCTCTATTCT	10.179030	-14.326911	0	T:21.0(20.00%),B:2269.0(5.78%),P:1e-6	Tpos:628.0,Tstd:261.0,Bpos:530.8,Bstd:316.3,StrandBias:1.9,Multiplicity:1.38
0.001	0.001	0.001	0.997
0.067	0.754	0.001	0.178
0.001	0.001	0.001	0.997
0.001	0.831	0.059	0.109
0.001	0.001	0.001	0.997
0.621	0.121	0.144	0.114
0.072	0.001	0.001	0.926
0.001	0.001	0.001	0.997
0.001	0.997	0.001	0.001
0.001	0.001	0.001	0.997
>CACWGCGGCT	13-CACWGCGGCT	9.405916	-14.156080	0	T:10.0(9.52%),B:472.6(1.20%),P:1e-6	Tpos:430.8,Tstd:286.3,Bpos:499.4,Bstd:310.0,StrandBias:1.6,Multiplicity:1.20
0.001	0.925	0.001	0.073
0.583	0.001	0.001	0.415
0.001	0.889	0.001	0.109
0.495	0.001	0.081	0.423
0.001	0.001	0.815	0.183
0.001	0.858	0.140	0.001
0.073	0.001	0.839	0.087
0.001	0.001	0.997	0.001
0.114	0.884	0.001	0.001
0.001	0.096	0.001	0.902
>TGTGGAWNCA	14-TGTGGAWNCA	10.186113	-13.425143	0	T:11.0(10.48%),B:642.7(1.64%),P:1e-5	Tpos:391.8,Tstd:224.5,Bpos:470.7,Bstd:302.2,StrandBias:-1.0,Multiplicity:1.09
0.001	0.001	0.001	0.997
0.001	0.001	0.795	0.203
0.001	0.001	0.001	0.997
0.001	0.001	0.997	0.001
0.302	0.001	0.696	0.001
0.997	0.001	0.001	0.001
0.362	0.228	0.001	0.409
0.228	0.303	0.194	0.275
0.001	0.893	0.001	0.105
0.997	0.001	0.001	0.001
>GCAATTTATA	15-GCAATTTATA	8.221996	-13.303668	0	T:46.0(43.81%),B:8960.8(22.85%),P:1e-5	Tpos:553.1,Tstd:271.1,Bpos:518.4,Bstd:309.0,StrandBias:0.5,Multiplicity:1.27
0.001	0.001	0.577	0.421
0.067	0.753	0.074	0.106
0.747	0.001	0.160	0.092
0.738	0.001	0.175	0.086
0.001	0.053	0.001	0.945
0.203	0.001	0.001	0.795
0.124	0.001	0.194	0.681
0.560	0.105	0.200	0.135
0.079	0.001	0.068	0.852
0.714	0.099	0.107	0.080
>TCAGAATGGC	16-TCAGAATGGC	8.350283	-10.946879	0	T:16.0(15.24%),B:1745.3(4.45%),P:1e-4	Tpos:527.7,Tstd:350.5,Bpos:480.0,Bstd:310.2,StrandBias:0.2,Multiplicity:1.00
0.100	0.100	0.100	0.700
0.100	0.700	0.100	0.100
0.700	0.100	0.100	0.100
0.100	0.100	0.700	0.100
0.700	0.100	0.100	0.100
0.700	0.100	0.100	0.100
0.100	0.100	0.100	0.700
0.100	0.100	0.700	0.100
0.100	0.100	0.700	0.100
0.100	0.700	0.100	0.100
>CTCCTCGAGG	17-CTCCTCGAGG	11.492246	-8.699156	0	T:4.0(3.81%),B:98.6(0.25%),P:1e-3	Tpos:502.1,Tstd:126.4,Bpos:438.4,Bstd:364.1,StrandBias:-0.4,Multiplicity:1.25
0.001	0.891	0.001	0.107
0.001	0.001	0.001	0.997
0.001	0.997	0.001	0.001
0.136	0.862	0.001	0.001
0.001	0.120	0.001	0.878
0.001	0.894	0.104	0.001
0.001	0.001	0.997	0.001
0.997	0.001	0.001	0.001
0.001	0.001	0.997	0.001
0.001	0.001	0.997	0.001
>AGTAAAAACCTG	1-AGTAAAAACCTG	13.574791	-25.076517	0	T:9.0(8.57%),B:97.4(0.25%),P:1e-10	Tpos:749.7,Tstd:178.0,Bpos:487.0,Bstd:301.8,StrandBias:-0.3,Multiplicity:1.00
0.855	0.143	0.001	0.001
0.115	0.001	0.883	0.001
0.001	0.001	0.001	0.997
0.832	0.001	0.166	0.001
0.997	0.001	0.001	0.001
0.769	0.001	0.001	0.229
0.997	0.001	0.001	0.001
0.997	0.001	0.001	0.001
0.001	0.997	0.001	0.001
0.124	0.874	0.001	0.001
0.001	0.001	0.113	0.885
0.001	0.001	0.997	0.001
>CACGCTCAACGG	2-CACGCTCAACGG	8.695005	-21.967221	0	T:16.0(15.24%),B:762.3(1.94%),P:1e-9	Tpos:487.3,Tstd:274.4,Bpos:474.1,Bstd:328.4,StrandBias:1.7,Multiplicity:1.06
0.001	0.597	0.001	0.401
0.611	0.001	0.001	0.387
0.001	0.482	0.322	0.195
0.001	0.245	0.753	0.001
0.001	0.789	0.209	0.001
0.001	0.112	0.103	0.784
0.001	0.774	0.001	0.224
0.854	0.144	0.001	0.001
0.568	0.003	0.112	0.317
0.001	0.997	0.001	0.001
0.126	0.001	0.872	0.001
0.001	0.283	0.589	0.127
>CAACAATAAGCA	3-CAACAATAAGCA	11.370080	-21.337903	0	T:14.0(13.33%),B:567.8(1.45%),P:1e-9	Tpos:431.6,Tstd:235.4,Bpos:491.4,Bstd:305.2,StrandBias:-0.9,Multiplicity:1.21
0.042	0.956	0.001	0.001
0.826	0.001	0.001	0.172
0.798	0.200	0.001	0.001
0.096	0.725	0.001	0.178
0.997	0.001	0.001	0.001
0.997	0.001	0.001	0.001
0.063	0.001	0.001	0.935
0.721	0.277	0.001	0.001
0.997	0.001	0.001	0.001
0.266	0.091	0.489	0.155
0.032	0.760	0.207	0.001
0.997	0.001	0.001	0.001
>AAGATATATAAR	4-AAGATATATAAR	12.178609	-20.414807	0	T:10.0(9.52%),B:237.2(0.60%),P:1e-8	Tpos:426.1,Tstd:208.9,Bpos:522.5,Bstd:323.0,StrandBias:-0.3,Multiplicity:1.10
0.793	0.001	0.001	0.205
0.576	0.001	0.422	0.001
0.001	0.001	0.863	0.135
0.997	0.001	0.001	0.001
0.001	0.001	0.217	0.781
0.997	0.001	0.001	0.001
0.242	0.001	0.001	0.756
0.859	0.001	0.139	0.001
0.001	0.001	0.008	0.990
0.840	0.001	0.158	0.001
0.997	0.001	0.001	0.001
0.435	0.001	0.563	0.001
>CTTCTCTATTCT	5-CTTCTCTATTCT	8.642213	-20.386341	0	T:50.0(47.62%),B:8262.2(21.06%),P:1e-8	Tpos:630.0,Tstd:266.1,Bpos:537.6,Bstd:320.0,StrandBias:1.3,Multiplicity:1.37
0.107	0.642	0.073	0.178
0.134	0.001	0.002	0.863
0.001	0.079	0.072	0.848
0.099	0.746	0.092	0.063
0.044	0.001	0.001	0.954
0.048	0.837	0.030	0.085
0.029	0.001	0.090	0.880
0.669	0.097	0.141	0.093
0.031	0.039	0.001	0.929
0.040	0.078	0.001	0.881
0.078	0.822	0.001	0.099
0.030	0.033	0.001	0.936
>TCTCTTTTTATT	6-TCTCTTTTTATT	12.822477	-20.295816	0	T:16.0(15.24%),B:858.2(2.19%),P:1e-8	Tpos:529.7,Tstd:318.3,Bpos:572.7,Bstd:314.1,StrandBias:1.3,Multiplicity:1.06
0.001	0.096	0.001	0.902
0.001	0.886	0.086	0.027
0.001	0.092	0.089	0.818
0.001	0.934	0.064	0.001
0.001	0.001	0.001	0.997
0.081	0.001	0.001	0.917
0.001	0.001	0.001	0.997
0.001	0.001	0.001	0.997
0.001	0.001	0.001	0.997
0.586	0.313	0.057	0.044
0.001	0.001	0.001	0.997
0.001	0.001	0.001	0.997
>TTGACGACACAT	7-TTGACGACACAT	10.638100	-19.662693	0	T:11.0(10.48%),B:340.0(0.87%),P:1e-8	Tpos:536.8,Tstd:304.8,Bpos:515.5,Bstd:311.4,StrandBias:-1.6,Multiplicity:1.09
0.001	0.003	0.001	0.995
0.001	0.007	0.177	0.815
0.001	0.002	0.841	0.156
0.997	0.001	0.001	0.001
0.003	0.838	0.150	0.009
0.262	0.001	0.618	0.119
0.833	0.005	0.157	0.005
0.001	0.997	0.001	0.001
0.709	0.150	0.005	0.136
0.001	0.885	0.003	0.111
0.969	0.001	0.001	0.029
0.124	0.297	0.112	0.467
>ACATTTRGTACW	8-ACATTTRGTACW	13.534743	-19.338865	0	T:6.0(5.71%),B:43.8(0.11%),P:1e-8	Tpos:486.2,Tstd:298.4,Bpos:513.3,Bstd:254.5,StrandBias:-1.0,Multiplicity:1.00
0.997	0.001	0.001	0.001
0.001	0.997	0.001	0.001
0.997	0.001	0.001	0.001
0.001	0.001	0.001	0.997
0.001	0.001	0.001	0.997
0.223	0.001	0.001	0.775
0.442	0.184	0.373	0.001
0.001	0.001	0.997	0.001
0.001	0.001	0.001	0.997
0.997	0.001	0.001	0.001
0.001	0.997	0.001	0.001
0.442	0.001	0.001	0.556
>GTACCCATGGRT	9-GTACCCATGGRT	13.799095	-17.975865	0	T:4.0(3.81%),B:7.6(0.02%),P:1e-7	Tpos:305.0,Tstd:133.6,Bpos:255.9,Bstd:191.5,StrandBias:-1.0,Multiplicity:1.00
0.001	0.001	0.997	0.001
0.001	0.257	0.001	0.741
0.997	0.001	0.001	0.001
0.001	0.741	0.001	0.257
0.001	0.997	0.001	0.001
0.001	0.997	0.001	0.001
0.997	0.001	0.001	0.001
0.001	0.001	0.001	0.997
0.001	0.001	0.997	0.001
0.001	0.001	0.997	0.001
0.484	0.001	0.514	0.001
0.226	0.001	0.001	0.772
>CATCATTCAATC	10-CATCATTCAATC	13.868256	-17.691987	0	T:6.0(5.71%),B:58.5(0.15%),P:1e-7	Tpos:450.3,Tstd:155.0,Bpos:522.5,Bstd:326.7,StrandBias:1.3,Multiplicity:1.17
0.001	0.832	0.001	0.166
0.832	0.001	0.001	0.166
0.001	0.001	0.001	0.997
0.001	0.997	0.001	0.001
0.997	0.001	0.001	0.001
0.001	0.001	0.001	0.997
0.001	0.001	0.001	0.997
0.001	0.811	0.001	0.187
0.997	0.001	0.001	0.001
0.853	0.145	0.001	0.001
0.134	0.001	0.001	0.864
0.001	0.997	0.001	0.001
>AGAAAAAATACA	11-AGAAAAAATACA	12.611693	-16.577021	0	T:17.0(16.19%),B:1282.1(3.27%),P:1e-7	Tpos:595.6,Tstd:270.3,Bpos:520.5,Bstd:308.1,StrandBias:-1.3,Multiplicity:1.24
0.943	0.001	0.001	0.055
0.001	0.054	0.944	0.001
0.997	0.001	0.001	0.001
0.997	0.001	0.001	0.001
0.997	0.001	0.001	0.001
0.997	0.001	0.001	0.001
0.871	0.127	0.001	0.001
0.833	0.099	0.001	0.067
0.118	0.001	0.083	0.798
0.950	0.001	0.001	0.048
0.019	0.871	0.056	0.054
0.840	0.001	0.158	0.001
>TATATATATTTT	12-TATATATATTTT	12.553627	-16.273487	0	T:15.0(14.29%),B:999.1(2.55%),P:1e-7	Tpos:598.6,Tstd:293.6,Bpos:526.6,Bstd:303.0,StrandBias:-0.5,Multiplicity:1.00
0.032	0.001	0.001	0.966
0.920	0.001	0.059	0.020
0.001	0.001	0.085	0.913
0.900	0.001	0.062	0.037
0.046	0.001	0.001	0.952
0.896	0.001	0.069	0.034
0.001	0.064	0.001	0.934
0.914	0.028	0.001	0.057
0.079	0.001	0.001	0.919
0.043	0.001	0.001	0.955
0.001	0.105	0.001	0.893
0.001	0.063	0.098	0.838
>AATCAAGTTTTK	13-AATCAAGTTTTK	11.782359	-16.208607	0	T:17.0(16.19%),B:1316.9(3.36%),P:1e-7	Tpos:406.7,Tstd:245.8,Bpos:515.0,Bstd:299.9,StrandBias:-0.3,Multiplicity:1.25
0.812	0.001	0.001	0.186
0.997	0.001	0.001	0.001
0.130	0.001	0.001	0.868
0.001	0.728	0.165	0.106
0.997	0.001	0.001	0.001
0.997	0.001	0.001	0.001
0.001	0.100	0.898	0.001
0.162	0.001	0.001	0.836
0.001	0.001	0.001	0.997
0.001	0.261	0.001	0.737
0.261	0.001	0.003	0.735
0.167	0.001	0.419	0.413
>AAGTCCRCAATA	14-AAGTCCRCAATA	9.453729	-15.999386	0	T:10.0(9.52%),B:384.3(0.98%),P:1e-6	Tpos:520.4,Tstd:296.6,Bpos:552.2,Bstd:338.2,StrandBias:-1.4,Multiplicity:1.10
0.665	0.016	0.318	0.001
0.997	0.001	0.001	0.001
0.162	0.001	0.836	0.001
0.001	0.001	0.001	0.997
0.001	0.997	0.001	0.001
0.001	0.997	0.001	0.001
0.433	0.001	0.565	0.001
0.001	0.997	0.001	0.001
0.997	0.001	0.001	0.001
0.681	0.001	0.317	0.001
0.007	0.194	0.001	0.798
0.517	0.281	0.195	0.007
>ACTTTCATCGAT	15-ACTTTCATCGAT	15.121050	-15.528842	0	T:4.0(3.81%),B:15.5(0.04%),P:1e-6	Tpos:661.5,Tstd:176.0,Bpos:343.3,Bstd:243.8,StrandBias:0.0,Multiplicity:1.00
0.997	0.001	0.001	0.001
0.001	0.865	0.001	0.133
0.001	0.001	0.001	0.997
0.001	0.001	0.001	0.997
0.001	0.001	0.001	0.997
0.001	0.997	0.001	0.001
0.997	0.001	0.001	0.001
0.001	0.001	0.001	0.997
0.001	0.736	0.001	0.262
0.001	0.001	0.997	0.001
0.997	0.001	0.001	0.001
0.001	0.001	0.001	0.997
>ATTAAATTTATA	16-ATTAAATTTATA	13.883879	-15.134787	0	T:9.0(8.57%),B:320.9(0.82%),P:1e-6	Tpos:482.2,Tstd:315.0,Bpos:528.4,Bstd:284.5,StrandBias:-0.3,Multiplicity:1.00
0.997	0.001	0.001	0.001
0.001	0.001	0.001	0.997
0.001	0.001	0.001	0.997
0.997	0.001	0.001	0.001
0.997	0.001	0.001	0.001
0.997	0.001	0.001	0.001
0.001	0.001	0.001	0.997
0.001	0.001	0.371	0.627
0.001	0.001	0.251	0.747
0.624	0.235	0.001	0.140
0.001	0.001	0.001	0.997
0.997	0.001	0.001	0.001
>TTAGAAAGCTTT	17-TTAGAAAGCTTT	14.031155	-13.882930	0	T:4.0(3.81%),B:24.2(0.06%),P:1e-6	Tpos:592.0,Tstd:235.0,Bpos:562.4,Bstd:247.8,StrandBias:0.0,Multiplicity:1.00
0.001	0.001	0.001	0.997
0.001	0.099	0.001	0.899
0.835	0.097	0.001	0.067
0.001	0.001	0.997	0.001
0.816	0.001	0.182	0.001
0.997	0.001	0.001	0.001
0.997	0.001	0.001	0.001
0.071	0.001	0.927	0.001
0.001	0.997	0.001	0.001
0.001	0.001	0.001	0.997
0.133	0.001	0.182	0.684
0.001	0.001	0.001	0.997
>TAAATASGAAAA	18-TAAATASGAAAA	12.505207	-13.686469	0	T:13.0(12.38%),B:909.7(2.32%),P:1e-5	Tpos:455.7,Tstd:259.4,Bpos:528.3,Bstd:318.5,StrandBias:-1.0,Multiplicity:1.38
0.227	0.001	0.001	0.771
0.900	0.001	0.001	0.098
0.699	0.001	0.299	0.001
0.757	0.012	0.001	0.230
0.001	0.001	0.001	0.997
0.906	0.092	0.001	0.001
0.059	0.458	0.426	0.057
0.056	0.001	0.942	0.001
0.997	0.001	0.001	0.001
0.997	0.001	0.001	0.001
0.997	0.001	0.001	0.001
0.911	0.001	0.087	0.001
>TCTCCTCGAGGA	19-TCTCCTCGAGGA	11.913636	-11.193904	0	T:5.0(4.76%),B:108.5(0.28%),P:1e-4	Tpos:447.6,Tstd:154.0,Bpos:443.1,Bstd:375.3,StrandBias:-0.3,Multiplicity:1.40
0.355	0.001	0.001	0.643
0.221	0.585	0.001	0.193
0.001	0.001	0.001	0.997
0.001	0.997	0.001	0.001
0.001	0.778	0.220	0.001
0.001	0.110	0.221	0.668
0.001	0.778	0.220	0.001
0.001	0.182	0.816	0.001
0.778	0.001	0.220	0.001
0.001	0.001	0.997	0.001
0.001	0.001	0.997	0.001
0.997	0.001	0.001	0.001
>GYGTCCTS	1-GYGTCCTS	5.934358	-17.458371	0	T:32.0(30.48%),B:4174.3(10.64%),P:1e-7	Tpos:430.8,Tstd:283.4,Bpos:505.1,Bstd:316.8,StrandBias:0.3,Multiplicity:1.31
0.029	0.166	0.616	0.189
0.048	0.408	0.042	0.502
0.066	0.079	0.788	0.067
0.228	0.067	0.029	0.676
0.191	0.725	0.061	0.023
0.052	0.615	0.264	0.069
0.033	0.099	0.355	0.513
0.153	0.479	0.367	0.001
>YGCACTYY	2-YGCACTYY	6.906960	-15.055188	0	T:18.0(17.14%),B:1606.0(4.09%),P:1e-6	Tpos:486.6,Tstd:303.5,Bpos:530.3,Bstd:328.6,StrandBias:0.0,Multiplicity:1.11
0.043	0.471	0.048	0.438
0.001	0.096	0.900	0.003
0.008	0.559	0.369	0.064
0.842	0.131	0.026	0.001
0.179	0.577	0.128	0.116
0.083	0.161	0.058	0.698
0.076	0.480	0.077	0.367
0.001	0.517	0.071	0.411
>CGCRGCGT	3-CGCRGCGT	5.803308	-11.757848	0	T:32.0(30.48%),B:5390.4(13.74%),P:1e-5	Tpos:530.2,Tstd:258.2,Bpos:541.5,Bstd:330.1,StrandBias:0.0,Multiplicity:1.38
0.001	0.997	0.001	0.001
0.001	0.001	0.997	0.001
0.001	0.997	0.001	0.001
0.331	0.036	0.468	0.166
0.001	0.114	0.884	0.001
0.001	0.904	0.065	0.030
0.054	0.001	0.944	0.001
0.201	0.001	0.001	0.797
>CGATTAAA	4-CGATTAAA	8.732930	-10.242434	0	T:40.0(38.10%),B:8133.5(20.74%),P:1e-4	Tpos:577.3,Tstd:294.9,Bpos:519.3,Bstd:325.6,StrandBias:0.2,Multiplicity:1.27
0.210	0.788	0.001	0.001
0.001	0.001	0.997	0.001
0.997	0.001	0.001	0.001
0.001	0.001	0.001	0.997
0.001	0.001	0.185	0.813
0.848	0.001	0.001	0.150
0.997	0.001	0.001	0.001
0.997	0.001	0.001	0.001
>CGTCCTTG	5-CGTCCTTG	6.292142	-9.956830	0	T:20.0(19.05%),B:2785.0(7.10%),P:1e-4	Tpos:447.2,Tstd:261.0,Bpos:494.0,Bstd:326.1,StrandBias:-0.2,Multiplicity:1.30
0.072	0.842	0.085	0.001
0.001	0.001	0.997	0.001
0.001	0.077	0.001	0.921
0.001	0.997	0.001	0.001
0.001	0.876	0.122	0.001
0.001	0.084	0.001	0.914
0.001	0.045	0.001	0.953
0.001	0.001	0.997	0.001
