>TTCTACGCAG	1-TTCTACGCAG	10.465039	-26.757974	0	T:12.0(11.43%),B:228.6(0.58%),P:1e-11	Tpos:446.6,Tstd:269.1,Bpos:494.8,Bstd:310.4,StrandBias:0.5,Multiplicity:1.00
0.001	0.123	0.001	0.875
0.001	0.001	0.001	0.997
0.001	0.997	0.001	0.001
0.001	0.301	0.001	0.697
0.741	0.001	0.106	0.152
0.087	0.911	0.001	0.001
0.001	0.001	0.997	0.001
0.001	0.911	0.087	0.001
0.997	0.001	0.001	0.001
0.053	0.001	0.945	0.001
>TTCGATTAAA	2-TTCGATTAAA	8.872866	-24.749699	0	T:45.0(42.86%),B:6033.4(15.38%),P:1e-10	Tpos:538.8,Tstd:276.3,Bpos:530.8,Bstd:329.1,StrandBias:0.3,Multiplicity:1.18
0.202	0.079	0.001	0.718
0.001	0.233	0.089	0.677
0.001	0.997	0.001	0.001
0.156	0.001	0.703	0.140
0.641	0.222	0.064	0.073
0.088	0.001	0.001	0.910
0.001	0.001	0.172	0.826
0.829	0.001	0.001	0.169
0.910	0.001	0.088	0.001
0.762	0.001	0.001	0.236
>TATTGCCTTT	3-TATTGCCTTT	9.999986	-21.837688	0	T:20.0(19.05%),B:1307.4(3.33%),P:1e-9	Tpos:536.5,Tstd:307.2,Bpos:512.1,Bstd:309.8,StrandBias:1.2,Multiplicity:1.00
0.001	0.001	0.001	0.997
0.833	0.068	0.044	0.055
0.001	0.086	0.001	0.912
0.001	0.093	0.001	0.905
0.053	0.052	0.894	0.001
0.028	0.887	0.001	0.084
0.001	0.943	0.055	0.001
0.001	0.085	0.001	0.913
0.066	0.001	0.001	0.932
0.089	0.001	0.082	0.828
>TCGACGTCGC	4-TCGACGTCGC	10.099930	-21.165442	0	T:11.0(10.48%),B:293.2(0.75%),P:1e-9	Tpos:439.6,Tstd:233.9,Bpos:511.3,Bstd:303.0,StrandBias:0.3,Multiplicity:1.00
0.001	0.001	0.001	0.997
0.001	0.734	0.149	0.116
0.110	0.123	0.766	0.001
0.997	0.001	0.001	0.001
0.001	0.997	0.001	0.001
0.127	0.001	0.871	0.001
0.072	0.001	0.125	0.802
0.001	0.938	0.060	0.001
0.001	0.001	0.997	0.001
0.001	0.997	0.001	0.001
>CATGCACTCC	5-CATGCACTCC	10.234732	-20.055399	0	T:11.0(10.48%),B:327.4(0.83%),P:1e-8	Tpos:426.1,Tstd:274.9,Bpos:475.7,Bstd:287.7,StrandBias:0.3,Multiplicity:1.00
0.001	0.904	0.001	0.094
0.923	0.001	0.001	0.075
0.001	0.122	0.001	0.876
0.001	0.001	0.931	0.067
0.079	0.816	0.104	0.001
0.997	0.001	0.001	0.001
0.094	0.822	0.001	0.083
0.001	0.001	0.001	0.997
0.089	0.909	0.001	0.001
0.103	0.895	0.001	0.001
>GGCGAATCGA	6-GGCGAATCGA	10.227766	-19.558274	0	T:13.0(12.38%),B:541.6(1.38%),P:1e-8	Tpos:544.6,Tstd:254.9,Bpos:514.8,Bstd:329.7,StrandBias:-2.5,Multiplicity:1.00
0.001	0.133	0.865	0.001
0.076	0.001	0.922	0.001
0.068	0.862	0.069	0.001
0.066	0.001	0.932	0.001
0.997	0.001	0.001	0.001
0.997	0.001	0.001	0.001
0.114	0.001	0.141	0.744
0.001	0.894	0.104	0.001
0.001	0.001	0.882	0.116
0.997	0.001	0.001	0.001
>TTGACGACAC	7-TTGACGACAC	10.981056	-19.359316	0	T:9.0(8.57%),B:192.2(0.49%),P:1e-8	Tpos:538.4,Tstd:324.9,Bpos:508.5,Bstd:339.2,StrandBias:-0.3,Multiplicity:1.00
0.001	0.091	0.001	0.907
0.001	0.001	0.129	0.869
0.001	0.001	0.997	0.001
0.997	0.001	0.001	0.001
0.001	0.997	0.001	0.001
0.001	0.001	0.902	0.096
0.997	0.001	0.001	0.001
0.001	0.997	0.001	0.001
0.851	0.147	0.001	0.001
0.001	0.937	0.001	0.061
>ATATACCACG	8-ATATACCACG	10.413066	-18.586275	0	T:10.0(9.52%),B:289.4(0.74%),P:1e-8	Tpos:544.1,Tstd:231.1,Bpos:528.4,Bstd:312.1,StrandBias:-0.3,Multiplicity:1.10
0.877	0.001	0.001	0.121
0.077	0.001	0.001	0.921
0.764	0.138	0.001	0.097
0.001	0.001	0.001	0.997
0.904	0.001	0.094	0.001
0.001	0.917	0.001	0.081
0.001	0.863	0.001	0.135
0.997	0.001	0.001	0.001
0.001	0.997	0.001	0.001
0.001	0.130	0.868	0.001
>TAYATATMYT	9-TAYATATMYT	6.707185	-15.392695	0	T:18.0(17.14%),B:1568.6(4.00%),P:1e-6	Tpos:570.0,Tstd:276.1,Bpos:515.2,Bstd:303.1,StrandBias:0.7,Multiplicity:1.22
0.192	0.299	0.031	0.479
0.461	0.138	0.201	0.199
0.015	0.442	0.168	0.376
0.590	0.337	0.030	0.043
0.035	0.040	0.034	0.891
0.445	0.229	0.212	0.114
0.261	0.015	0.198	0.526
0.352	0.451	0.019	0.179
0.018	0.451	0.021	0.510
0.272	0.168	0.028	0.532
>TGTGCGATAT	10-TGTGCGATAT	10.410909	-15.257201	0	T:8.0(7.62%),B:226.8(0.58%),P:1e-6	Tpos:458.0,Tstd:185.8,Bpos:538.6,Bstd:307.0,StrandBias:0.0,Multiplicity:1.00
0.001	0.001	0.328	0.670
0.001	0.001	0.997	0.001
0.001	0.001	0.286	0.712
0.092	0.001	0.906	0.001
0.001	0.997	0.001	0.001
0.001	0.001	0.997	0.001
0.997	0.001	0.001	0.001
0.001	0.001	0.001	0.997
0.997	0.001	0.001	0.001
0.263	0.001	0.001	0.735
>TGGAAGASAT	11-TGGAAGASAT	8.910978	-15.043155	0	T:29.0(27.62%),B:3909.3(9.97%),P:1e-6	Tpos:527.4,Tstd:294.4,Bpos:499.4,Bstd:311.2,StrandBias:-1.2,Multiplicity:1.03
0.070	0.001	0.001	0.928
0.001	0.001	0.913	0.085
0.046	0.001	0.952	0.001
0.901	0.097	0.001	0.001
0.835	0.121	0.043	0.001
0.198	0.295	0.506	0.001
0.997	0.001	0.001	0.001
0.041	0.387	0.400	0.172
0.730	0.094	0.071	0.105
0.001	0.120	0.001	0.878
>TCTCTATTCT	12-TCTCTATTCT	10.179030	-14.326911	0	T:21.0(20.00%),B:2269.0(5.78%),P:1e-6	Tpos:628.0,Tstd:261.0,Bpos:530.8,Bstd:316.3,StrandBias:1.9,Multiplicity:1.38
0.001	0.001	0.001	0.997
0.067	0.754	0.001	0.178
0.001	0.001	0.001	0.997
0.001	0.831	0.059	0.109
0.001	0.001	0.001	0.997
0.621	0.121	0.144	0.114
0.072	0.001	0.001	0.926
0.001	0.001	0.001	0.997
0.001	0.997	0.001	0.001
0.001	0.001	0.001	0.997
>CACWGCGGCT	13-CACWGCGGCT	9.405916	-14.156080	0	T:10.0(9.52%),B:472.6(1.20%),P:1e-6	Tpos:430.8,Tstd:286.3,Bpos:499.4,Bstd:310.0,StrandBias:1.6,Multiplicity:1.20
0.001	0.925	0.001	0.073
0.583	0.001	0.001	0.415
0.001	0.889	0.001	0.109
0.495	0.001	0.081	0.423
0.001	0.001	0.815	0.183
0.001	0.858	0.140	0.001
0.073	0.001	0.839	0.087
0.001	0.001	0.997	0.001
0.114	0.884	0.001	0.001
0.001	0.096	0.001	0.902
>TGTGGAWNCA	14-TGTGGAWNCA	10.186113	-13.425143	0	T:11.0(10.48%),B:642.7(1.64%),P:1e-5	Tpos:391.8,Tstd:224.5,Bpos:470.7,Bstd:302.2,StrandBias:-1.0,Multiplicity:1.09
0.001	0.001	0.001	0.997
0.001	0.001	0.795	0.203
0.001	0.001	0.001	0.997
0.001	0.001	0.997	0.001
0.302	0.001	0.696	0.001
0.997	0.001	0.001	0.001
0.362	0.228	0.001	0.409
0.228	0.303	0.194	0.275
0.001	0.893	0.001	0.105
0.997	0.001	0.001	0.001
>GCAATTTATA	15-GCAATTTATA	8.221996	-13.303668	0	T:46.0(43.81%),B:8960.8(22.85%),P:1e-5	Tpos:553.1,Tstd:271.1,Bpos:518.4,Bstd:309.0,StrandBias:0.5,Multiplicity:1.27
0.001	0.001	0.577	0.421
0.067	0.753	0.074	0.106
0.747	0.001	0.160	0.092
0.738	0.001	0.175	0.086
0.001	0.053	0.001	0.945
0.203	0.001	0.001	0.795
0.124	0.001	0.194	0.681
0.560	0.105	0.200	0.135
0.079	0.001	0.068	0.852
0.714	0.099	0.107	0.080
>TCAGAATGGC	16-TCAGAATGGC	8.350283	-10.946879	0	T:16.0(15.24%),B:1745.3(4.45%),P:1e-4	Tpos:527.7,Tstd:350.5,Bpos:480.0,Bstd:310.2,StrandBias:0.2,Multiplicity:1.00
0.100	0.100	0.100	0.700
0.100	0.700	0.100	0.100
0.700	0.100	0.100	0.100
0.100	0.100	0.700	0.100
0.700	0.100	0.100	0.100
0.700	0.100	0.100	0.100
0.100	0.100	0.100	0.700
0.100	0.100	0.700	0.100
0.100	0.100	0.700	0.100
0.100	0.700	0.100	0.100
>CTCCTCGAGG	17-CTCCTCGAGG	11.492246	-8.699156	0	T:4.0(3.81%),B:98.6(0.25%),P:1e-3	Tpos:502.1,Tstd:126.4,Bpos:438.4,Bstd:364.1,StrandBias:-0.4,Multiplicity:1.25
0.001	0.891	0.001	0.107
0.001	0.001	0.001	0.997
0.001	0.997	0.001	0.001
0.136	0.862	0.001	0.001
0.001	0.120	0.001	0.878
0.001	0.894	0.104	0.001
0.001	0.001	0.997	0.001
0.997	0.001	0.001	0.001
0.001	0.001	0.997	0.001
0.001	0.001	0.997	0.001
