>GGGTGGCATT	1-GGGTGGCATT	10.327526	-25.456888	0	T:13.0(10.32%),B:267.6(0.69%),P:1e-11	Tpos:442.4,Tstd:225.2,Bpos:484.5,Bstd:316.0,StrandBias:-0.2,Multiplicity:1.00
0.001	0.103	0.895	0.001
0.096	0.090	0.813	0.001
0.001	0.001	0.997	0.001
0.001	0.001	0.109	0.889
0.001	0.114	0.791	0.094
0.001	0.109	0.889	0.001
0.001	0.997	0.001	0.001
0.997	0.001	0.001	0.001
0.072	0.001	0.001	0.926
0.100	0.001	0.001	0.898
>CTCGGGCGCC	2-CTCGGGCGCC	10.635685	-22.427808	0	T:9.0(7.14%),B:108.7(0.28%),P:1e-9	Tpos:584.4,Tstd:249.6,Bpos:492.5,Bstd:318.2,StrandBias:1.0,Multiplicity:1.00
0.001	0.997	0.001	0.001
0.001	0.166	0.001	0.832
0.001	0.882	0.001	0.116
0.001	0.001	0.997	0.001
0.001	0.001	0.746	0.252
0.001	0.093	0.905	0.001
0.001	0.889	0.001	0.109
0.001	0.001	0.887	0.111
0.001	0.997	0.001	0.001
0.001	0.997	0.001	0.001
>ATTATCACAC	3-ATTATCACAC	9.983511	-22.330832	0	T:20.0(15.87%),B:1029.9(2.66%),P:1e-9	Tpos:480.9,Tstd:277.5,Bpos:515.7,Bstd:291.8,StrandBias:0.3,Multiplicity:1.00
0.856	0.001	0.092	0.051
0.001	0.001	0.001	0.997
0.068	0.001	0.001	0.930
0.873	0.047	0.067	0.013
0.001	0.001	0.001	0.997
0.050	0.948	0.001	0.001
0.997	0.001	0.001	0.001
0.001	0.836	0.001	0.162
0.935	0.001	0.001	0.063
0.099	0.752	0.114	0.035
>CCGTGCACAA	4-CCGTGCACAA	8.986888	-21.587116	0	T:13.0(10.32%),B:370.1(0.96%),P:1e-9	Tpos:538.4,Tstd:215.9,Bpos:520.9,Bstd:312.3,StrandBias:0.4,Multiplicity:1.08
0.001	0.997	0.001	0.001
0.001	0.997	0.001	0.001
0.001	0.001	0.913	0.085
0.001	0.100	0.001	0.898
0.001	0.001	0.910	0.088
0.091	0.907	0.001	0.001
0.873	0.001	0.125	0.001
0.066	0.701	0.102	0.131
0.892	0.106	0.001	0.001
0.997	0.001	0.001	0.001
>GTGGCTTTTG	5-GTGGCTTTTG	10.962594	-20.844979	0	T:11.0(8.73%),B:246.7(0.64%),P:1e-9	Tpos:399.0,Tstd:302.8,Bpos:481.4,Bstd:296.1,StrandBias:0.8,Multiplicity:1.00
0.001	0.001	0.997	0.001
0.001	0.001	0.001	0.997
0.001	0.001	0.997	0.001
0.001	0.099	0.899	0.001
0.001	0.997	0.001	0.001
0.001	0.127	0.001	0.871
0.115	0.001	0.001	0.883
0.001	0.081	0.001	0.917
0.001	0.001	0.001	0.997
0.001	0.001	0.997	0.001
>TTTTCTYTTA	6-TTTTCTYTTA	8.340444	-20.684545	0	T:49.0(38.89%),B:6296.9(16.25%),P:1e-8	Tpos:562.7,Tstd:292.3,Bpos:533.0,Bstd:317.2,StrandBias:0.2,Multiplicity:1.08
0.095	0.038	0.014	0.853
0.068	0.013	0.037	0.882
0.001	0.127	0.001	0.871
0.001	0.063	0.090	0.846
0.202	0.491	0.151	0.157
0.114	0.185	0.115	0.586
0.098	0.471	0.110	0.321
0.049	0.120	0.187	0.644
0.135	0.185	0.197	0.483
0.556	0.137	0.084	0.223
>ATTGAGATGC	7-ATTGAGATGC	10.088853	-19.892803	0	T:17.0(13.49%),B:827.9(2.14%),P:1e-8	Tpos:542.8,Tstd:276.5,Bpos:488.2,Bstd:290.5,StrandBias:-0.8,Multiplicity:1.12
0.907	0.001	0.091	0.001
0.001	0.001	0.001	0.997
0.092	0.001	0.087	0.820
0.001	0.142	0.777	0.080
0.929	0.001	0.001	0.069
0.001	0.001	0.997	0.001
0.997	0.001	0.001	0.001
0.054	0.098	0.001	0.847
0.073	0.001	0.882	0.044
0.092	0.906	0.001	0.001
>AGGACTTTGT	8-AGGACTTTGT	8.341906	-19.004514	0	T:19.0(15.08%),B:1124.4(2.90%),P:1e-8	Tpos:495.9,Tstd:257.8,Bpos:485.4,Bstd:294.9,StrandBias:-0.3,Multiplicity:1.00
0.441	0.254	0.202	0.102
0.064	0.129	0.734	0.073
0.038	0.042	0.856	0.064
0.394	0.148	0.219	0.240
0.001	0.997	0.001	0.001
0.052	0.001	0.093	0.854
0.068	0.047	0.059	0.826
0.001	0.065	0.005	0.929
0.001	0.001	0.931	0.067
0.038	0.109	0.047	0.806
>CTGCTGACGT	9-CTGCTGACGT	9.376191	-17.526246	0	T:11.0(8.73%),B:343.7(0.89%),P:1e-7	Tpos:462.3,Tstd:312.5,Bpos:514.7,Bstd:302.8,StrandBias:-0.5,Multiplicity:1.09
0.001	0.850	0.148	0.001
0.146	0.001	0.001	0.852
0.001	0.001	0.882	0.116
0.001	0.870	0.128	0.001
0.001	0.001	0.001	0.997
0.001	0.001	0.997	0.001
0.867	0.001	0.001	0.131
0.001	0.885	0.001	0.113
0.001	0.001	0.997	0.001
0.153	0.001	0.034	0.812
>CGTGGTCAGG	10-CGTGGTCAGG	10.951934	-16.838963	0	T:7.0(5.56%),B:96.1(0.25%),P:1e-7	Tpos:508.1,Tstd:275.8,Bpos:450.7,Bstd:300.2,StrandBias:-1.6,Multiplicity:1.14
0.001	0.997	0.001	0.001
0.140	0.001	0.858	0.001
0.001	0.001	0.001	0.997
0.001	0.001	0.997	0.001
0.001	0.001	0.890	0.108
0.001	0.001	0.001	0.997
0.001	0.997	0.001	0.001
0.851	0.001	0.001	0.147
0.001	0.163	0.835	0.001
0.001	0.001	0.839	0.159
>CCCCAGTTAT	11-CCCCAGTTAT	9.729341	-16.263007	0	T:14.0(11.11%),B:697.7(1.80%),P:1e-7	Tpos:464.4,Tstd:251.7,Bpos:504.4,Bstd:317.7,StrandBias:2.0,Multiplicity:1.07
0.001	0.882	0.001	0.116
0.174	0.692	0.001	0.133
0.001	0.997	0.001	0.001
0.139	0.820	0.040	0.001
0.997	0.001	0.001	0.001
0.001	0.163	0.835	0.001
0.001	0.001	0.001	0.997
0.001	0.001	0.001	0.997
0.798	0.001	0.001	0.200
0.001	0.001	0.001	0.997
>TAACATATGT	12-TAACATATGT	9.953748	-16.203224	0	T:16.0(12.70%),B:941.3(2.43%),P:1e-7	Tpos:585.7,Tstd:315.2,Bpos:508.9,Bstd:288.3,StrandBias:-0.8,Multiplicity:1.00
0.022	0.001	0.051	0.926
0.760	0.139	0.055	0.046
0.946	0.001	0.001	0.052
0.025	0.885	0.056	0.034
0.997	0.001	0.001	0.001
0.027	0.050	0.057	0.866
0.943	0.055	0.001	0.001
0.060	0.001	0.001	0.938
0.098	0.060	0.841	0.001
0.053	0.001	0.001	0.945
>TTTCCGAAAT	13-TTTCCGAAAT	10.918806	-15.392222	0	T:38.0(30.16%),B:4911.1(12.67%),P:1e-6	Tpos:445.2,Tstd:283.5,Bpos:503.1,Bstd:309.6,StrandBias:0.3,Multiplicity:1.21
0.001	0.001	0.001	0.997
0.001	0.001	0.140	0.858
0.036	0.001	0.151	0.812
0.015	0.983	0.001	0.001
0.001	0.703	0.093	0.203
0.171	0.001	0.827	0.001
0.962	0.036	0.001	0.001
0.997	0.001	0.001	0.001
0.997	0.001	0.001	0.001
0.148	0.001	0.001	0.850
>WCKATATAGC	14-WCKATATAGC	8.987968	-15.190159	0	T:19.0(15.08%),B:1439.6(3.72%),P:1e-6	Tpos:487.3,Tstd:257.5,Bpos:495.6,Bstd:293.0,StrandBias:-1.5,Multiplicity:1.42
0.550	0.001	0.001	0.448
0.001	0.997	0.001	0.001
0.249	0.001	0.427	0.323
0.997	0.001	0.001	0.001
0.001	0.001	0.373	0.625
0.550	0.148	0.001	0.301
0.001	0.001	0.001	0.997
0.997	0.001	0.001	0.001
0.001	0.233	0.603	0.163
0.014	0.984	0.001	0.001
>AKAATGCATA	15-AKAATGCATA	9.346406	-14.959201	0	T:22.0(17.46%),B:1933.5(4.99%),P:1e-6	Tpos:435.2,Tstd:291.6,Bpos:533.9,Bstd:310.3,StrandBias:-1.1,Multiplicity:1.05
0.997	0.001	0.001	0.001
0.001	0.001	0.458	0.540
0.997	0.001	0.001	0.001
0.668	0.001	0.330	0.001
0.268	0.001	0.001	0.730
0.001	0.001	0.997	0.001
0.106	0.892	0.001	0.001
0.997	0.001	0.001	0.001
0.001	0.001	0.307	0.691
0.997	0.001	0.001	0.001
>TGAAGGCAGG	16-TGAAGGCAGG	10.317335	-12.389920	0	T:11.0(8.73%),B:585.4(1.51%),P:1e-5	Tpos:532.6,Tstd:283.8,Bpos:494.3,Bstd:299.3,StrandBias:1.0,Multiplicity:1.36
0.075	0.001	0.001	0.923
0.001	0.001	0.997	0.001
0.909	0.001	0.001	0.089
0.997	0.001	0.001	0.001
0.001	0.137	0.861	0.001
0.001	0.001	0.997	0.001
0.081	0.745	0.001	0.173
0.889	0.001	0.109	0.001
0.001	0.001	0.911	0.087
0.073	0.001	0.822	0.104
>GCATAGACTT	17-GCATAGACTT	8.350283	-12.062948	0	T:16.0(12.70%),B:1298.6(3.35%),P:1e-5	Tpos:461.4,Tstd:279.3,Bpos:490.1,Bstd:300.2,StrandBias:0.4,Multiplicity:1.00
0.100	0.100	0.700	0.100
0.100	0.700	0.100	0.100
0.700	0.100	0.100	0.100
0.100	0.100	0.100	0.700
0.700	0.100	0.100	0.100
0.100	0.100	0.700	0.100
0.700	0.100	0.100	0.100
0.100	0.700	0.100	0.100
0.100	0.100	0.100	0.700
0.100	0.100	0.100	0.700
>CGCGTCAAAT	18-CGCGTCAAAT	9.460814	-8.383594	0	T:7.0(5.56%),B:367.3(0.95%),P:1e-3	Tpos:438.3,Tstd:284.1,Bpos:486.8,Bstd:310.7,StrandBias:0.3,Multiplicity:1.57
0.001	0.890	0.001	0.108
0.001	0.099	0.899	0.001
0.001	0.997	0.001	0.001
0.001	0.001	0.997	0.001
0.001	0.001	0.001	0.997
0.001	0.856	0.001	0.142
0.997	0.001	0.001	0.001
0.997	0.001	0.001	0.001
0.997	0.001	0.001	0.001
0.001	0.001	0.001	0.997
>CACATTATGA	19-CACATTATGA	10.296193	-3.577570	0	T:2.0(1.59%),B:78.4(0.20%),P:1e-1	Tpos:459.6,Tstd:164.8,Bpos:500.6,Bstd:320.8,StrandBias:-10.0,Multiplicity:2.50
0.100	0.700	0.100	0.100
0.700	0.100	0.100	0.100
0.100	0.700	0.100	0.100
0.700	0.100	0.100	0.100
0.100	0.100	0.100	0.700
0.100	0.100	0.100	0.700
0.700	0.100	0.100	0.100
0.100	0.100	0.100	0.700
0.100	0.100	0.700	0.100
0.700	0.100	0.100	0.100
