>GGGTGGCATT	1-GGGTGGCATT	10.327526	-25.456888	0	T:13.0(10.32%),B:267.6(0.69%),P:1e-11	Tpos:442.4,Tstd:225.2,Bpos:484.5,Bstd:316.0,StrandBias:-0.2,Multiplicity:1.00
0.001	0.103	0.895	0.001
0.096	0.090	0.813	0.001
0.001	0.001	0.997	0.001
0.001	0.001	0.109	0.889
0.001	0.114	0.791	0.094
0.001	0.109	0.889	0.001
0.001	0.997	0.001	0.001
0.997	0.001	0.001	0.001
0.072	0.001	0.001	0.926
0.100	0.001	0.001	0.898
>CTCGGGCGCC	2-CTCGGGCGCC	10.635685	-22.427808	0	T:9.0(7.14%),B:108.7(0.28%),P:1e-9	Tpos:584.4,Tstd:249.6,Bpos:492.5,Bstd:318.2,StrandBias:1.0,Multiplicity:1.00
0.001	0.997	0.001	0.001
0.001	0.166	0.001	0.832
0.001	0.882	0.001	0.116
0.001	0.001	0.997	0.001
0.001	0.001	0.746	0.252
0.001	0.093	0.905	0.001
0.001	0.889	0.001	0.109
0.001	0.001	0.887	0.111
0.001	0.997	0.001	0.001
0.001	0.997	0.001	0.001
>ATTATCACAC	3-ATTATCACAC	9.983511	-22.330832	0	T:20.0(15.87%),B:1029.9(2.66%),P:1e-9	Tpos:480.9,Tstd:277.5,Bpos:515.7,Bstd:291.8,StrandBias:0.3,Multiplicity:1.00
0.856	0.001	0.092	0.051
0.001	0.001	0.001	0.997
0.068	0.001	0.001	0.930
0.873	0.047	0.067	0.013
0.001	0.001	0.001	0.997
0.050	0.948	0.001	0.001
0.997	0.001	0.001	0.001
0.001	0.836	0.001	0.162
0.935	0.001	0.001	0.063
0.099	0.752	0.114	0.035
>CCGTGCACAA	4-CCGTGCACAA	8.986888	-21.587116	0	T:13.0(10.32%),B:370.1(0.96%),P:1e-9	Tpos:538.4,Tstd:215.9,Bpos:520.9,Bstd:312.3,StrandBias:0.4,Multiplicity:1.08
0.001	0.997	0.001	0.001
0.001	0.997	0.001	0.001
0.001	0.001	0.913	0.085
0.001	0.100	0.001	0.898
0.001	0.001	0.910	0.088
0.091	0.907	0.001	0.001
0.873	0.001	0.125	0.001
0.066	0.701	0.102	0.131
0.892	0.106	0.001	0.001
0.997	0.001	0.001	0.001
>GTGGCTTTTG	5-GTGGCTTTTG	10.962594	-20.844979	0	T:11.0(8.73%),B:246.7(0.64%),P:1e-9	Tpos:399.0,Tstd:302.8,Bpos:481.4,Bstd:296.1,StrandBias:0.8,Multiplicity:1.00
0.001	0.001	0.997	0.001
0.001	0.001	0.001	0.997
0.001	0.001	0.997	0.001
0.001	0.099	0.899	0.001
0.001	0.997	0.001	0.001
0.001	0.127	0.001	0.871
0.115	0.001	0.001	0.883
0.001	0.081	0.001	0.917
0.001	0.001	0.001	0.997
0.001	0.001	0.997	0.001
>TTTTCTYTTA	6-TTTTCTYTTA	8.340444	-20.684545	0	T:49.0(38.89%),B:6296.9(16.25%),P:1e-8	Tpos:562.7,Tstd:292.3,Bpos:533.0,Bstd:317.2,StrandBias:0.2,Multiplicity:1.08
0.095	0.038	0.014	0.853
0.068	0.013	0.037	0.882
0.001	0.127	0.001	0.871
0.001	0.063	0.090	0.846
0.202	0.491	0.151	0.157
0.114	0.185	0.115	0.586
0.098	0.471	0.110	0.321
0.049	0.120	0.187	0.644
0.135	0.185	0.197	0.483
0.556	0.137	0.084	0.223
>ATTGAGATGC	7-ATTGAGATGC	10.088853	-19.892803	0	T:17.0(13.49%),B:827.9(2.14%),P:1e-8	Tpos:542.8,Tstd:276.5,Bpos:488.2,Bstd:290.5,StrandBias:-0.8,Multiplicity:1.12
0.907	0.001	0.091	0.001
0.001	0.001	0.001	0.997
0.092	0.001	0.087	0.820
0.001	0.142	0.777	0.080
0.929	0.001	0.001	0.069
0.001	0.001	0.997	0.001
0.997	0.001	0.001	0.001
0.054	0.098	0.001	0.847
0.073	0.001	0.882	0.044
0.092	0.906	0.001	0.001
>AGGACTTTGT	8-AGGACTTTGT	8.341906	-19.004514	0	T:19.0(15.08%),B:1124.4(2.90%),P:1e-8	Tpos:495.9,Tstd:257.8,Bpos:485.4,Bstd:294.9,StrandBias:-0.3,Multiplicity:1.00
0.441	0.254	0.202	0.102
0.064	0.129	0.734	0.073
0.038	0.042	0.856	0.064
0.394	0.148	0.219	0.240
0.001	0.997	0.001	0.001
0.052	0.001	0.093	0.854
0.068	0.047	0.059	0.826
0.001	0.065	0.005	0.929
0.001	0.001	0.931	0.067
0.038	0.109	0.047	0.806
>CTGCTGACGT	9-CTGCTGACGT	9.376191	-17.526246	0	T:11.0(8.73%),B:343.7(0.89%),P:1e-7	Tpos:462.3,Tstd:312.5,Bpos:514.7,Bstd:302.8,StrandBias:-0.5,Multiplicity:1.09
0.001	0.850	0.148	0.001
0.146	0.001	0.001	0.852
0.001	0.001	0.882	0.116
0.001	0.870	0.128	0.001
0.001	0.001	0.001	0.997
0.001	0.001	0.997	0.001
0.867	0.001	0.001	0.131
0.001	0.885	0.001	0.113
0.001	0.001	0.997	0.001
0.153	0.001	0.034	0.812
>CGTGGTCAGG	10-CGTGGTCAGG	10.951934	-16.838963	0	T:7.0(5.56%),B:96.1(0.25%),P:1e-7	Tpos:508.1,Tstd:275.8,Bpos:450.7,Bstd:300.2,StrandBias:-1.6,Multiplicity:1.14
0.001	0.997	0.001	0.001
0.140	0.001	0.858	0.001
0.001	0.001	0.001	0.997
0.001	0.001	0.997	0.001
0.001	0.001	0.890	0.108
0.001	0.001	0.001	0.997
0.001	0.997	0.001	0.001
0.851	0.001	0.001	0.147
0.001	0.163	0.835	0.001
0.001	0.001	0.839	0.159
>CCCCAGTTAT	11-CCCCAGTTAT	9.729341	-16.263007	0	T:14.0(11.11%),B:697.7(1.80%),P:1e-7	Tpos:464.4,Tstd:251.7,Bpos:504.4,Bstd:317.7,StrandBias:2.0,Multiplicity:1.07
0.001	0.882	0.001	0.116
0.174	0.692	0.001	0.133
0.001	0.997	0.001	0.001
0.139	0.820	0.040	0.001
0.997	0.001	0.001	0.001
0.001	0.163	0.835	0.001
0.001	0.001	0.001	0.997
0.001	0.001	0.001	0.997
0.798	0.001	0.001	0.200
0.001	0.001	0.001	0.997
>TAACATATGT	12-TAACATATGT	9.953748	-16.203224	0	T:16.0(12.70%),B:941.3(2.43%),P:1e-7	Tpos:585.7,Tstd:315.2,Bpos:508.9,Bstd:288.3,StrandBias:-0.8,Multiplicity:1.00
0.022	0.001	0.051	0.926
0.760	0.139	0.055	0.046
0.946	0.001	0.001	0.052
0.025	0.885	0.056	0.034
0.997	0.001	0.001	0.001
0.027	0.050	0.057	0.866
0.943	0.055	0.001	0.001
0.060	0.001	0.001	0.938
0.098	0.060	0.841	0.001
0.053	0.001	0.001	0.945
>TTTCCGAAAT	13-TTTCCGAAAT	10.918806	-15.392222	0	T:38.0(30.16%),B:4911.1(12.67%),P:1e-6	Tpos:445.2,Tstd:283.5,Bpos:503.1,Bstd:309.6,StrandBias:0.3,Multiplicity:1.21
0.001	0.001	0.001	0.997
0.001	0.001	0.140	0.858
0.036	0.001	0.151	0.812
0.015	0.983	0.001	0.001
0.001	0.703	0.093	0.203
0.171	0.001	0.827	0.001
0.962	0.036	0.001	0.001
0.997	0.001	0.001	0.001
0.997	0.001	0.001	0.001
0.148	0.001	0.001	0.850
>WCKATATAGC	14-WCKATATAGC	8.987968	-15.190159	0	T:19.0(15.08%),B:1439.6(3.72%),P:1e-6	Tpos:487.3,Tstd:257.5,Bpos:495.6,Bstd:293.0,StrandBias:-1.5,Multiplicity:1.42
0.550	0.001	0.001	0.448
0.001	0.997	0.001	0.001
0.249	0.001	0.427	0.323
0.997	0.001	0.001	0.001
0.001	0.001	0.373	0.625
0.550	0.148	0.001	0.301
0.001	0.001	0.001	0.997
0.997	0.001	0.001	0.001
0.001	0.233	0.603	0.163
0.014	0.984	0.001	0.001
>AKAATGCATA	15-AKAATGCATA	9.346406	-14.959201	0	T:22.0(17.46%),B:1933.5(4.99%),P:1e-6	Tpos:435.2,Tstd:291.6,Bpos:533.9,Bstd:310.3,StrandBias:-1.1,Multiplicity:1.05
0.997	0.001	0.001	0.001
0.001	0.001	0.458	0.540
0.997	0.001	0.001	0.001
0.668	0.001	0.330	0.001
0.268	0.001	0.001	0.730
0.001	0.001	0.997	0.001
0.106	0.892	0.001	0.001
0.997	0.001	0.001	0.001
0.001	0.001	0.307	0.691
0.997	0.001	0.001	0.001
>TGAAGGCAGG	16-TGAAGGCAGG	10.317335	-12.389920	0	T:11.0(8.73%),B:585.4(1.51%),P:1e-5	Tpos:532.6,Tstd:283.8,Bpos:494.3,Bstd:299.3,StrandBias:1.0,Multiplicity:1.36
0.075	0.001	0.001	0.923
0.001	0.001	0.997	0.001
0.909	0.001	0.001	0.089
0.997	0.001	0.001	0.001
0.001	0.137	0.861	0.001
0.001	0.001	0.997	0.001
0.081	0.745	0.001	0.173
0.889	0.001	0.109	0.001
0.001	0.001	0.911	0.087
0.073	0.001	0.822	0.104
>GCATAGACTT	17-GCATAGACTT	8.350283	-12.062948	0	T:16.0(12.70%),B:1298.6(3.35%),P:1e-5	Tpos:461.4,Tstd:279.3,Bpos:490.1,Bstd:300.2,StrandBias:0.4,Multiplicity:1.00
0.100	0.100	0.700	0.100
0.100	0.700	0.100	0.100
0.700	0.100	0.100	0.100
0.100	0.100	0.100	0.700
0.700	0.100	0.100	0.100
0.100	0.100	0.700	0.100
0.700	0.100	0.100	0.100
0.100	0.700	0.100	0.100
0.100	0.100	0.100	0.700
0.100	0.100	0.100	0.700
>CGCGTCAAAT	18-CGCGTCAAAT	9.460814	-8.383594	0	T:7.0(5.56%),B:367.3(0.95%),P:1e-3	Tpos:438.3,Tstd:284.1,Bpos:486.8,Bstd:310.7,StrandBias:0.3,Multiplicity:1.57
0.001	0.890	0.001	0.108
0.001	0.099	0.899	0.001
0.001	0.997	0.001	0.001
0.001	0.001	0.997	0.001
0.001	0.001	0.001	0.997
0.001	0.856	0.001	0.142
0.997	0.001	0.001	0.001
0.997	0.001	0.001	0.001
0.997	0.001	0.001	0.001
0.001	0.001	0.001	0.997
>CACATTATGA	19-CACATTATGA	10.296193	-3.577570	0	T:2.0(1.59%),B:78.4(0.20%),P:1e-1	Tpos:459.6,Tstd:164.8,Bpos:500.6,Bstd:320.8,StrandBias:-10.0,Multiplicity:2.50
0.100	0.700	0.100	0.100
0.700	0.100	0.100	0.100
0.100	0.700	0.100	0.100
0.700	0.100	0.100	0.100
0.100	0.100	0.100	0.700
0.100	0.100	0.100	0.700
0.700	0.100	0.100	0.100
0.100	0.100	0.100	0.700
0.100	0.100	0.700	0.100
0.700	0.100	0.100	0.100
>TGTGGCYTTTGT	1-TGTGGCYTTTGT	12.314023	-28.874520	0	T:10.0(7.94%),B:77.5(0.20%),P:1e-12	Tpos:386.4,Tstd:273.6,Bpos:476.6,Bstd:324.2,StrandBias:0.0,Multiplicity:1.00
0.287	0.001	0.001	0.711
0.001	0.001	0.997	0.001
0.001	0.143	0.001	0.855
0.001	0.001	0.928	0.070
0.001	0.001	0.997	0.001
0.075	0.681	0.243	0.001
0.001	0.530	0.001	0.468
0.001	0.001	0.001	0.997
0.001	0.001	0.001	0.997
0.001	0.001	0.001	0.997
0.001	0.001	0.997	0.001
0.001	0.001	0.001	0.997
>TTAGAGGCTTTT	2-TTAGAGGCTTTT	8.818411	-26.293034	0	T:10.0(7.94%),B:102.6(0.26%),P:1e-11	Tpos:351.8,Tstd:252.4,Bpos:523.2,Bstd:326.5,StrandBias:0.0,Multiplicity:1.00
0.314	0.001	0.001	0.684
0.001	0.001	0.001	0.997
0.605	0.247	0.001	0.147
0.001	0.001	0.997	0.001
0.997	0.001	0.001	0.001
0.001	0.001	0.997	0.001
0.001	0.001	0.997	0.001
0.001	0.997	0.001	0.001
0.001	0.001	0.001	0.997
0.001	0.001	0.001	0.997
0.001	0.289	0.001	0.709
0.001	0.001	0.001	0.997
>YAGCTATATCGT	3-YAGCTATATCGT	9.674356	-22.476198	0	T:14.0(11.11%),B:421.4(1.09%),P:1e-9	Tpos:517.3,Tstd:230.0,Bpos:507.9,Bstd:314.0,StrandBias:1.5,Multiplicity:1.36
0.081	0.445	0.001	0.473
0.541	0.118	0.105	0.236
0.103	0.001	0.708	0.188
0.082	0.710	0.207	0.001
0.001	0.118	0.001	0.880
0.792	0.001	0.206	0.001
0.310	0.001	0.117	0.572
0.718	0.104	0.118	0.060
0.001	0.001	0.001	0.997
0.001	0.818	0.001	0.180
0.001	0.001	0.997	0.001
0.201	0.001	0.001	0.797
>CTATATATTTCT	4-CTATATATTTCT	12.697759	-21.904325	0	T:12.0(9.52%),B:287.7(0.74%),P:1e-9	Tpos:568.9,Tstd:285.3,Bpos:530.2,Bstd:324.0,StrandBias:0.0,Multiplicity:1.00
0.001	0.997	0.001	0.001
0.001	0.001	0.001	0.997
0.906	0.092	0.001	0.001
0.001	0.001	0.112	0.886
0.826	0.001	0.097	0.076
0.001	0.001	0.118	0.880
0.941	0.001	0.001	0.057
0.001	0.001	0.001	0.997
0.001	0.001	0.001	0.997
0.001	0.001	0.196	0.802
0.001	0.948	0.001	0.050
0.102	0.001	0.001	0.896
>TCTTGTCTGGGA	5-TCTTGTCTGGGA	14.267143	-20.039604	0	T:5.0(3.97%),B:12.0(0.03%),P:1e-8	Tpos:351.8,Tstd:296.6,Bpos:367.4,Bstd:271.9,StrandBias:-0.6,Multiplicity:1.00
0.001	0.001	0.001	0.997
0.001	0.997	0.001	0.001
0.001	0.001	0.001	0.997
0.001	0.001	0.001	0.997
0.001	0.001	0.809	0.189
0.001	0.001	0.001	0.997
0.001	0.997	0.001	0.001
0.001	0.001	0.206	0.792
0.206	0.001	0.792	0.001
0.189	0.001	0.809	0.001
0.001	0.001	0.997	0.001
0.997	0.001	0.001	0.001
>AAACTCGTTCCT	6-AAACTCGTTCCT	13.538398	-19.600278	0	T:6.0(4.76%),B:34.0(0.09%),P:1e-8	Tpos:507.5,Tstd:300.3,Bpos:477.5,Bstd:321.3,StrandBias:-1.6,Multiplicity:1.33
0.997	0.001	0.001	0.001
0.997	0.001	0.001	0.001
0.997	0.001	0.001	0.001
0.001	0.997	0.001	0.001
0.001	0.001	0.001	0.997
0.001	0.817	0.181	0.001
0.001	0.001	0.866	0.132
0.001	0.001	0.001	0.997
0.001	0.001	0.414	0.584
0.001	0.886	0.001	0.112
0.001	0.997	0.001	0.001
0.001	0.001	0.001	0.997
>ATAAGATCTTTA	7-ATAAGATCTTTA	13.058478	-19.586256	0	T:9.0(7.14%),B:152.4(0.39%),P:1e-8	Tpos:543.8,Tstd:268.9,Bpos:503.7,Bstd:273.7,StrandBias:-1.0,Multiplicity:1.00
0.997	0.001	0.001	0.001
0.001	0.001	0.420	0.578
0.796	0.001	0.202	0.001
0.656	0.001	0.001	0.342
0.004	0.001	0.643	0.352
0.997	0.001	0.001	0.001
0.410	0.001	0.001	0.588
0.001	0.701	0.001	0.297
0.001	0.001	0.001	0.997
0.001	0.001	0.001	0.997
0.022	0.001	0.001	0.976
0.997	0.001	0.001	0.001
>TGCCCCCCGTCT	8-TGCCCCCCGTCT	9.576408	-19.579006	0	T:17.0(13.49%),B:845.1(2.18%),P:1e-8	Tpos:572.2,Tstd:315.3,Bpos:530.5,Bstd:318.8,StrandBias:1.7,Multiplicity:1.00
0.001	0.077	0.001	0.921
0.001	0.047	0.595	0.357
0.001	0.862	0.001	0.136
0.001	0.734	0.001	0.264
0.194	0.605	0.001	0.200
0.001	0.599	0.001	0.399
0.001	0.869	0.001	0.129
0.078	0.737	0.069	0.116
0.254	0.161	0.584	0.001
0.001	0.068	0.001	0.930
0.001	0.904	0.001	0.094
0.056	0.207	0.001	0.736
>AGAAATTTCTAA	9-AGAAATTTCTAA	12.611537	-18.299914	0	T:14.0(11.11%),B:589.5(1.52%),P:1e-7	Tpos:467.9,Tstd:272.9,Bpos:500.0,Bstd:281.2,StrandBias:0.0,Multiplicity:1.00
0.943	0.001	0.001	0.055
0.030	0.001	0.968	0.001
0.918	0.001	0.001	0.080
0.893	0.105	0.001	0.001
0.997	0.001	0.001	0.001
0.069	0.001	0.001	0.929
0.001	0.001	0.141	0.857
0.001	0.001	0.001	0.997
0.070	0.859	0.070	0.001
0.001	0.066	0.043	0.890
0.930	0.001	0.068	0.001
0.879	0.119	0.001	0.001
>CAGAAATGTGGG	10-CAGAAATGTGGG	13.805195	-17.702072	0	T:7.0(5.56%),B:85.0(0.22%),P:1e-7	Tpos:348.0,Tstd:268.9,Bpos:552.7,Bstd:273.6,StrandBias:-1.3,Multiplicity:1.00
0.115	0.606	0.143	0.136
0.997	0.001	0.001	0.001
0.001	0.001	0.997	0.001
0.997	0.001	0.001	0.001
0.997	0.001	0.001	0.001
0.997	0.001	0.001	0.001
0.146	0.001	0.001	0.852
0.001	0.001	0.997	0.001
0.001	0.001	0.001	0.997
0.001	0.001	0.997	0.001
0.139	0.001	0.859	0.001
0.156	0.001	0.842	0.001
>TACRTTTTGGCC	11-TACRTTTTGGCC	10.979095	-17.164920	0	T:12.0(9.52%),B:445.6(1.15%),P:1e-7	Tpos:544.4,Tstd:223.6,Bpos:500.8,Bstd:311.3,StrandBias:1.0,Multiplicity:1.00
0.160	0.001	0.001	0.838
0.997	0.001	0.001	0.001
0.001	0.845	0.001	0.153
0.460	0.001	0.378	0.161
0.001	0.001	0.001	0.997
0.001	0.001	0.001	0.997
0.001	0.001	0.001	0.997
0.001	0.223	0.001	0.775
0.001	0.001	0.997	0.001
0.148	0.154	0.697	0.001
0.001	0.880	0.001	0.118
0.001	0.578	0.267	0.154
>AAAAAGAGCAAA	12-AAAAAGAGCAAA	12.632503	-16.946487	0	T:22.0(17.46%),B:1720.1(4.44%),P:1e-7	Tpos:538.3,Tstd:328.9,Bpos:533.2,Bstd:318.4,StrandBias:-0.6,Multiplicity:1.05
0.922	0.076	0.001	0.001
0.915	0.083	0.001	0.001
0.923	0.001	0.075	0.001
0.997	0.001	0.001	0.001
0.896	0.066	0.001	0.037
0.175	0.057	0.723	0.045
0.961	0.001	0.001	0.037
0.093	0.001	0.905	0.001
0.158	0.840	0.001	0.001
0.997	0.001	0.001	0.001
0.948	0.050	0.001	0.001
0.997	0.001	0.001	0.001
>TTACAGACAGAC	13-TTACAGACAGAC	13.916355	-16.126231	0	T:5.0(3.97%),B:30.0(0.08%),P:1e-7	Tpos:734.7,Tstd:187.8,Bpos:642.1,Bstd:295.7,StrandBias:2.3,Multiplicity:1.20
0.001	0.001	0.001	0.997
0.001	0.001	0.001	0.997
0.857	0.001	0.001	0.141
0.001	0.997	0.001	0.001
0.997	0.001	0.001	0.001
0.001	0.001	0.997	0.001
0.997	0.001	0.001	0.001
0.172	0.599	0.228	0.001
0.997	0.001	0.001	0.001
0.196	0.001	0.802	0.001
0.997	0.001	0.001	0.001
0.001	0.997	0.001	0.001
>ACGTATTTTATC	14-ACGTATTTTATC	10.371829	-15.603967	0	T:19.0(15.08%),B:1400.8(3.62%),P:1e-6	Tpos:508.8,Tstd:276.7,Bpos:511.8,Bstd:309.2,StrandBias:-0.4,Multiplicity:1.21
0.887	0.037	0.001	0.075
0.075	0.759	0.083	0.083
0.106	0.101	0.549	0.244
0.061	0.042	0.001	0.896
0.837	0.075	0.042	0.046
0.001	0.054	0.075	0.870
0.001	0.001	0.001	0.997
0.001	0.001	0.001	0.997
0.075	0.059	0.001	0.865
0.814	0.045	0.001	0.140
0.001	0.150	0.075	0.774
0.001	0.764	0.078	0.157
>CAAAAATTGCCA	15-CAAAAATTGCCA	9.709577	-15.578530	0	T:36.0(28.57%),B:4457.1(11.50%),P:1e-6	Tpos:447.7,Tstd:267.2,Bpos:496.2,Bstd:307.9,StrandBias:0.2,Multiplicity:1.34
0.034	0.783	0.052	0.131
0.886	0.036	0.031	0.047
0.852	0.001	0.133	0.014
0.916	0.001	0.057	0.026
0.776	0.124	0.036	0.064
0.762	0.058	0.062	0.118
0.030	0.026	0.021	0.923
0.092	0.019	0.040	0.849
0.081	0.086	0.763	0.070
0.067	0.699	0.099	0.135
0.048	0.871	0.033	0.048
0.926	0.044	0.020	0.010
>ACATTGAGTTTT	16-ACATTGAGTTTT	13.130653	-15.484620	0	T:12.0(9.52%),B:522.1(1.35%),P:1e-6	Tpos:503.8,Tstd:244.6,Bpos:528.7,Bstd:307.9,StrandBias:-0.2,Multiplicity:1.08
0.891	0.001	0.107	0.001
0.098	0.900	0.001	0.001
0.804	0.128	0.001	0.067
0.001	0.001	0.085	0.913
0.001	0.001	0.001	0.997
0.094	0.001	0.837	0.068
0.916	0.001	0.001	0.082
0.001	0.001	0.997	0.001
0.001	0.001	0.001	0.997
0.001	0.001	0.166	0.832
0.001	0.001	0.001	0.997
0.001	0.001	0.001	0.997
>CGAATTATCACA	17-CGAATTATCACA	13.988731	-14.483765	0	T:6.0(4.76%),B:84.6(0.22%),P:1e-6	Tpos:274.1,Tstd:167.3,Bpos:560.3,Bstd:277.2,StrandBias:0.0,Multiplicity:1.33
0.175	0.823	0.001	0.001
0.001	0.001	0.997	0.001
0.997	0.001	0.001	0.001
0.997	0.001	0.001	0.001
0.001	0.001	0.001	0.997
0.001	0.001	0.001	0.997
0.748	0.001	0.001	0.250
0.001	0.001	0.001	0.997
0.001	0.997	0.001	0.001
0.997	0.001	0.001	0.001
0.156	0.842	0.001	0.001
0.756	0.001	0.001	0.242
>TTTGCGCGTCAA	18-TTTGCGCGTCAA	11.327158	-14.199826	0	T:9.0(7.14%),B:293.1(0.76%),P:1e-6	Tpos:336.6,Tstd:254.0,Bpos:571.2,Bstd:305.1,StrandBias:1.6,Multiplicity:1.33
0.001	0.002	0.001	0.996
0.265	0.119	0.001	0.615
0.001	0.001	0.001	0.997
0.119	0.106	0.699	0.076
0.001	0.615	0.119	0.265
0.237	0.001	0.761	0.001
0.001	0.994	0.004	0.001
0.001	0.005	0.875	0.119
0.067	0.001	0.001	0.931
0.279	0.719	0.001	0.001
0.817	0.110	0.072	0.001
0.997	0.001	0.001	0.001
>GATTTTTCACGA	19-GATTTTTCACGA	13.035722	-13.297088	0	T:11.0(8.73%),B:531.1(1.37%),P:1e-5	Tpos:562.6,Tstd:251.8,Bpos:506.9,Bstd:318.3,StrandBias:-0.9,Multiplicity:1.55
0.001	0.001	0.893	0.105
0.997	0.001	0.001	0.001
0.001	0.001	0.001	0.997
0.001	0.001	0.001	0.997
0.001	0.001	0.001	0.997
0.001	0.001	0.001	0.997
0.001	0.001	0.001	0.997
0.001	0.893	0.001	0.105
0.813	0.001	0.123	0.063
0.061	0.659	0.279	0.001
0.155	0.001	0.843	0.001
0.997	0.001	0.001	0.001
>CGTWGAAGAKGC	20-CGTWGAAGAKGC	14.136684	-13.205660	0	T:3.0(2.38%),B:5.7(0.01%),P:1e-5	Tpos:338.5,Tstd:179.9,Bpos:426.2,Bstd:195.6,StrandBias:0.0,Multiplicity:1.33
0.001	0.997	0.001	0.001
0.001	0.001	0.997	0.001
0.001	0.001	0.370	0.628
0.462	0.001	0.001	0.536
0.370	0.001	0.628	0.001
0.997	0.001	0.001	0.001
0.997	0.001	0.001	0.001
0.001	0.001	0.997	0.001
0.997	0.001	0.001	0.001
0.001	0.001	0.462	0.536
0.001	0.001	0.997	0.001
0.001	0.997	0.001	0.001
>TTCTCAACGCCT	21-TTCTCAACGCCT	13.382415	-12.458582	0	T:5.0(3.97%),B:67.7(0.17%),P:1e-5	Tpos:512.0,Tstd:193.6,Bpos:577.0,Bstd:310.5,StrandBias:1.6,Multiplicity:1.60
0.001	0.001	0.001	0.997
0.001	0.001	0.131	0.867
0.001	0.904	0.001	0.094
0.001	0.001	0.001	0.997
0.001	0.679	0.160	0.160
0.997	0.001	0.001	0.001
0.892	0.001	0.001	0.106
0.001	0.997	0.001	0.001
0.001	0.001	0.882	0.116
0.001	0.904	0.001	0.094
0.001	0.997	0.001	0.001
0.001	0.001	0.001	0.997
>CACATATTTTCA	22-CACATATTTTCA	12.998936	-12.361005	0	T:9.0(7.14%),B:369.3(0.95%),P:1e-5	Tpos:438.1,Tstd:333.0,Bpos:529.4,Bstd:323.2,StrandBias:-1.2,Multiplicity:1.11
0.058	0.940	0.001	0.001
0.926	0.001	0.001	0.072
0.045	0.890	0.001	0.064
0.883	0.115	0.001	0.001
0.049	0.060	0.099	0.792
0.844	0.001	0.106	0.049
0.001	0.001	0.001	0.997
0.001	0.001	0.001	0.997
0.001	0.001	0.001	0.997
0.001	0.107	0.001	0.891
0.001	0.910	0.001	0.088
0.997	0.001	0.001	0.001
>AAMTGAATVCCT	23-AAMTGAATVCCT	10.294959	-11.535598	0	T:14.0(11.11%),B:1050.5(2.71%),P:1e-5	Tpos:408.6,Tstd:249.9,Bpos:498.2,Bstd:291.8,StrandBias:0.7,Multiplicity:1.29
0.997	0.001	0.001	0.001
0.905	0.093	0.001	0.001
0.500	0.406	0.001	0.093
0.247	0.001	0.001	0.751
0.001	0.275	0.652	0.072
0.558	0.159	0.001	0.282
0.997	0.001	0.001	0.001
0.001	0.001	0.001	0.997
0.353	0.285	0.361	0.001
0.351	0.522	0.126	0.001
0.062	0.702	0.235	0.001
0.196	0.001	0.001	0.802
>TTTTTCCGGGAA	24-TTTTTCCGGGAA	13.539978	-11.378071	0	T:8.0(6.35%),B:316.4(0.82%),P:1e-4	Tpos:352.9,Tstd:298.1,Bpos:493.9,Bstd:306.5,StrandBias:0.5,Multiplicity:1.38
0.140	0.001	0.001	0.858
0.001	0.001	0.001	0.997
0.001	0.001	0.001	0.997
0.001	0.001	0.001	0.997
0.001	0.001	0.001	0.997
0.001	0.887	0.111	0.001
0.203	0.795	0.001	0.001
0.001	0.116	0.882	0.001
0.001	0.001	0.997	0.001
0.060	0.104	0.692	0.144
0.997	0.001	0.001	0.001
0.997	0.001	0.001	0.001
>ACATCTTAATGT	25-ACATCTTAATGT	12.826607	-7.483247	0	T:2.0(1.59%),B:9.2(0.02%),P:1e-3	Tpos:404.6,Tstd:216.3,Bpos:468.9,Bstd:264.4,StrandBias:10.0,Multiplicity:2.50
0.992	0.004	0.001	0.003
0.053	0.886	0.001	0.060
0.668	0.078	0.095	0.159
0.050	0.001	0.392	0.557
0.126	0.776	0.003	0.095
0.410	0.001	0.001	0.588
0.232	0.088	0.150	0.530
0.888	0.060	0.001	0.051
0.718	0.069	0.001	0.212
0.001	0.001	0.001	0.997
0.133	0.003	0.753	0.111
0.067	0.092	0.001	0.840
>GCCCCCCG	1-GCCCCCCG	7.229476	-12.886787	0	T:17.0(13.49%),B:1366.3(3.53%),P:1e-5	Tpos:498.1,Tstd:263.2,Bpos:510.1,Bstd:317.3,StrandBias:1.9,Multiplicity:1.12
0.125	0.001	0.873	0.001
0.001	0.997	0.001	0.001
0.001	0.807	0.001	0.191
0.001	0.997	0.001	0.001
0.052	0.895	0.001	0.052
0.001	0.997	0.001	0.001
0.001	0.997	0.001	0.001
0.001	0.001	0.997	0.001
>GCTAAATC	2-GCTAAATC	7.947660	-12.049195	0	T:42.0(33.33%),B:6554.3(16.92%),P:1e-5	Tpos:484.3,Tstd:255.0,Bpos:494.1,Bstd:301.6,StrandBias:-0.3,Multiplicity:1.29
0.001	0.001	0.886	0.112
0.001	0.997	0.001	0.001
0.001	0.109	0.055	0.835
0.997	0.001	0.001	0.001
0.738	0.001	0.001	0.260
0.997	0.001	0.001	0.001
0.001	0.001	0.001	0.997
0.119	0.633	0.125	0.123
>GGGTGGCT	3-GGGTGGCT	7.717114	-11.937521	0	T:17.0(13.49%),B:1470.0(3.79%),P:1e-5	Tpos:434.3,Tstd:256.5,Bpos:495.1,Bstd:324.1,StrandBias:-1.0,Multiplicity:1.06
0.056	0.160	0.783	0.001
0.001	0.020	0.978	0.001
0.001	0.021	0.977	0.001
0.030	0.070	0.082	0.818
0.164	0.001	0.834	0.001
0.001	0.032	0.923	0.044
0.047	0.895	0.021	0.037
0.142	0.024	0.023	0.811
>GTCTGCTA	4-GTCTGCTA	8.334527	-10.042574	0	T:14.0(11.11%),B:1205.3(3.11%),P:1e-4	Tpos:461.3,Tstd:242.7,Bpos:526.4,Bstd:335.9,StrandBias:1.1,Multiplicity:1.57
0.001	0.001	0.997	0.001
0.001	0.036	0.001	0.962
0.001	0.997	0.001	0.001
0.001	0.001	0.001	0.997
0.001	0.001	0.997	0.001
0.001	0.907	0.091	0.001
0.001	0.001	0.001	0.997
0.737	0.261	0.001	0.001
>CGGCAGCW	5-CGGCAGCW	9.081646	-8.348748	0	T:16.0(12.70%),B:1780.9(4.60%),P:1e-3	Tpos:479.9,Tstd:290.3,Bpos:505.4,Bstd:318.0,StrandBias:0.7,Multiplicity:1.00
0.001	0.997	0.001	0.001
0.160	0.001	0.838	0.001
0.001	0.001	0.667	0.331
0.001	0.997	0.001	0.001
0.997	0.001	0.001	0.001
0.001	0.001	0.997	0.001
0.001	0.997	0.001	0.001
0.491	0.001	0.001	0.507
