>TCTTGCAAAATT	15-TCTTGCAAAATT,BestGuess:mab-3/MA0262.1/Jaspar(0.628)	10.189250	-12.529353	0	T:18.0(22.22%),B:2544.6(6.48%),P:1e-5
0.056	0.077	0.127	0.740
0.158	0.722	0.091	0.029
0.045	0.001	0.001	0.953
0.123	0.033	0.049	0.795
0.001	0.095	0.903	0.001
0.036	0.784	0.034	0.146
0.855	0.001	0.030	0.114
0.851	0.042	0.001	0.106
0.911	0.033	0.055	0.001
0.784	0.050	0.123	0.043
0.057	0.035	0.046	0.862
0.106	0.001	0.039	0.854
