>AAAACGTCAAAC	11-AAAACGTCAAAC,BestGuess:MF0002.1_bZIP_CREB/G-box-like_subclass/Jaspar(0.693)	9.745275	-15.430881	0	T:18.0(22.22%),B:2076.8(5.29%),P:1e-6
0.940	0.001	0.001	0.058
0.857	0.001	0.141	0.001
0.827	0.001	0.081	0.091
0.801	0.071	0.001	0.127
0.001	0.891	0.060	0.048
0.001	0.146	0.852	0.001
0.001	0.043	0.001	0.955
0.171	0.711	0.047	0.071
0.789	0.001	0.048	0.162
0.800	0.118	0.081	0.001
0.740	0.136	0.001	0.123
0.086	0.858	0.001	0.055
