>AAAATCAATAAC	24-AAAATCAATAAC,BestGuess:ceh-38/MA1699.1/Jaspar(0.884)	10.846944	-7.444434	0	T:36.0(17.06%),B:3914.7(9.65%),P:1e-3
0.800	0.013	0.177	0.010
0.979	0.001	0.001	0.019
0.902	0.046	0.051	0.001
0.848	0.041	0.061	0.050
0.062	0.054	0.001	0.883
0.073	0.804	0.012	0.111
0.785	0.048	0.118	0.049
0.870	0.017	0.029	0.084
0.096	0.061	0.066	0.777
0.894	0.001	0.046	0.059
0.863	0.048	0.009	0.080
0.117	0.603	0.113	0.167
