>GCTACACTAA	1-GCTACACTAA	10.452821	-22.854101	0	T:14.0(12.28%),B:474.0(1.17%),P:1e-9	Tpos:365.6,Tstd:233.3,Bpos:495.5,Bstd:291.6,StrandBias:0.0,Multiplicity:1.08
0.001	0.001	0.997	0.001
0.134	0.731	0.134	0.001
0.001	0.001	0.001	0.997
0.883	0.115	0.001	0.001
0.081	0.917	0.001	0.001
0.997	0.001	0.001	0.001
0.001	0.739	0.259	0.001
0.001	0.130	0.001	0.868
0.997	0.001	0.001	0.001
0.997	0.001	0.001	0.001
>TTGGTTTGTG	2-TTGGTTTGTG	10.010031	-20.583822	0	T:25.0(21.93%),B:2122.1(5.26%),P:1e-8	Tpos:522.7,Tstd:308.0,Bpos:498.3,Bstd:302.3,StrandBias:-0.5,Multiplicity:1.08
0.001	0.082	0.053	0.864
0.001	0.001	0.073	0.925
0.001	0.001	0.997	0.001
0.065	0.001	0.852	0.082
0.062	0.081	0.077	0.780
0.001	0.001	0.063	0.935
0.001	0.001	0.001	0.997
0.049	0.032	0.759	0.160
0.001	0.001	0.072	0.926
0.001	0.001	0.997	0.001
>GCCAAAACTC	3-GCCAAAACTC	9.452499	-20.324858	0	T:20.0(17.54%),B:1345.8(3.33%),P:1e-8	Tpos:497.0,Tstd:322.3,Bpos:501.6,Bstd:293.4,StrandBias:0.1,Multiplicity:1.11
0.007	0.001	0.880	0.112
0.001	0.990	0.001	0.008
0.211	0.786	0.002	0.001
0.846	0.001	0.152	0.001
0.997	0.001	0.001	0.001
0.801	0.001	0.185	0.013
0.797	0.191	0.001	0.011
0.001	0.891	0.103	0.005
0.001	0.001	0.274	0.724
0.147	0.794	0.001	0.058
>GAAAGGTGGG	4-GAAAGGTGGG	9.366213	-19.641601	0	T:15.0(13.16%),B:726.6(1.80%),P:1e-8	Tpos:512.5,Tstd:239.5,Bpos:514.2,Bstd:309.0,StrandBias:-0.5,Multiplicity:1.27
0.194	0.229	0.486	0.092
0.997	0.001	0.001	0.001
0.997	0.001	0.001	0.001
0.896	0.102	0.001	0.001
0.001	0.001	0.958	0.040
0.001	0.001	0.997	0.001
0.001	0.001	0.001	0.997
0.074	0.001	0.924	0.001
0.057	0.001	0.941	0.001
0.060	0.066	0.873	0.001
>TGATCAAAGA	5-TGATCAAAGA	10.954624	-18.611075	0	T:19.0(16.67%),B:1337.1(3.31%),P:1e-8	Tpos:514.4,Tstd:241.4,Bpos:493.9,Bstd:312.0,StrandBias:0.8,Multiplicity:1.00
0.001	0.001	0.001	0.997
0.001	0.001	0.997	0.001
0.686	0.001	0.001	0.312
0.051	0.001	0.001	0.947
0.039	0.785	0.001	0.175
0.997	0.001	0.001	0.001
0.997	0.001	0.001	0.001
0.849	0.001	0.001	0.149
0.269	0.001	0.729	0.001
0.997	0.001	0.001	0.001
>ACTCCACCCT	6-ACTCCACCCT	10.509027	-18.479461	0	T:11.0(9.65%),B:361.6(0.90%),P:1e-8	Tpos:601.8,Tstd:274.4,Bpos:551.7,Bstd:322.6,StrandBias:0.0,Multiplicity:1.09
0.768	0.001	0.073	0.158
0.001	0.997	0.001	0.001
0.001	0.123	0.001	0.875
0.001	0.875	0.123	0.001
0.001	0.997	0.001	0.001
0.997	0.001	0.001	0.001
0.001	0.828	0.170	0.001
0.001	0.905	0.001	0.093
0.001	0.891	0.001	0.107
0.053	0.001	0.001	0.945
>TTCGACCCCC	7-TTCGACCCCC	7.834292	-17.640976	0	T:20.0(17.54%),B:1582.5(3.92%),P:1e-7	Tpos:419.1,Tstd:260.3,Bpos:506.4,Bstd:296.8,StrandBias:0.4,Multiplicity:1.11
0.001	0.024	0.116	0.859
0.001	0.088	0.001	0.910
0.031	0.753	0.119	0.097
0.001	0.111	0.787	0.101
0.857	0.001	0.066	0.076
0.108	0.812	0.045	0.035
0.129	0.706	0.097	0.068
0.056	0.782	0.036	0.126
0.040	0.840	0.001	0.119
0.141	0.709	0.114	0.036
>TACACGCGCG	8-TACACGCGCG	9.077785	-17.609508	0	T:11.0(9.65%),B:394.7(0.98%),P:1e-7	Tpos:607.9,Tstd:259.0,Bpos:558.8,Bstd:288.9,StrandBias:-0.4,Multiplicity:1.09
0.001	0.407	0.001	0.591
0.891	0.001	0.107	0.001
0.179	0.819	0.001	0.001
0.755	0.001	0.146	0.098
0.001	0.834	0.092	0.073
0.001	0.001	0.997	0.001
0.108	0.790	0.001	0.101
0.353	0.001	0.563	0.083
0.074	0.924	0.001	0.001
0.001	0.001	0.997	0.001
>TGTTAAAAGT	9-TGTTAAAAGT	10.383937	-16.451852	0	T:17.0(14.91%),B:1219.1(3.02%),P:1e-7	Tpos:492.3,Tstd:206.5,Bpos:490.5,Bstd:301.6,StrandBias:0.3,Multiplicity:1.06
0.001	0.001	0.001	0.997
0.001	0.049	0.949	0.001
0.001	0.001	0.001	0.997
0.001	0.001	0.001	0.997
0.997	0.001	0.001	0.001
0.906	0.001	0.092	0.001
0.997	0.001	0.001	0.001
0.997	0.001	0.001	0.001
0.001	0.157	0.841	0.001
0.060	0.098	0.001	0.841
>GMCGTAAGGC	10-GMCGTAAGGC	9.741782	-15.386576	0	T:9.0(7.89%),B:293.0(0.73%),P:1e-6	Tpos:502.9,Tstd:306.9,Bpos:495.9,Bstd:291.8,StrandBias:-1.4,Multiplicity:1.22
0.001	0.001	0.997	0.001
0.450	0.548	0.001	0.001
0.001	0.759	0.001	0.239
0.158	0.001	0.840	0.001
0.001	0.001	0.001	0.997
0.840	0.001	0.158	0.001
0.997	0.001	0.001	0.001
0.287	0.176	0.536	0.001
0.001	0.001	0.754	0.244
0.001	0.997	0.001	0.001
>GYTATAACAT	11-GYTATAACAT	8.383298	-14.639939	0	T:22.0(19.30%),B:2286.4(5.66%),P:1e-6	Tpos:421.0,Tstd:282.6,Bpos:509.9,Bstd:303.5,StrandBias:0.2,Multiplicity:1.09
0.050	0.001	0.948	0.001
0.001	0.500	0.063	0.436
0.050	0.105	0.001	0.844
0.869	0.061	0.001	0.069
0.054	0.049	0.001	0.896
0.997	0.001	0.001	0.001
0.897	0.001	0.001	0.101
0.001	0.848	0.001	0.150
0.862	0.001	0.081	0.056
0.001	0.079	0.001	0.919
>CACTGATAAG	12-CACTGATAAG	8.378945	-12.635785	0	T:22.0(19.30%),B:2584.8(6.40%),P:1e-5	Tpos:686.1,Tstd:268.8,Bpos:554.9,Bstd:313.8,StrandBias:0.8,Multiplicity:1.23
0.206	0.549	0.120	0.125
0.790	0.025	0.025	0.160
0.255	0.532	0.052	0.161
0.098	0.044	0.016	0.842
0.122	0.077	0.592	0.209
0.717	0.024	0.074	0.185
0.179	0.049	0.058	0.714
0.777	0.076	0.075	0.072
0.897	0.036	0.001	0.066
0.151	0.150	0.598	0.101
>GAGACGCAGG	13-GAGACGCAGG	10.335911	-11.384221	0	T:17.0(14.91%),B:1776.1(4.40%),P:1e-4	Tpos:602.8,Tstd:242.1,Bpos:567.9,Bstd:297.8,StrandBias:-0.9,Multiplicity:1.18
0.126	0.001	0.747	0.126
0.827	0.001	0.001	0.171
0.136	0.001	0.862	0.001
0.997	0.001	0.001	0.001
0.001	0.997	0.001	0.001
0.001	0.136	0.862	0.001
0.001	0.997	0.001	0.001
0.997	0.001	0.001	0.001
0.001	0.001	0.997	0.001
0.203	0.065	0.731	0.001
>AMCTCGGCCA	14-AMCTCGGCCA	10.609246	-11.347117	0	T:8.0(7.02%),B:367.4(0.91%),P:1e-4	Tpos:505.2,Tstd:295.9,Bpos:512.5,Bstd:274.6,StrandBias:2.0,Multiplicity:1.88
0.859	0.139	0.001	0.001
0.393	0.528	0.001	0.078
0.001	0.997	0.001	0.001
0.001	0.001	0.001	0.997
0.001	0.997	0.001	0.001
0.107	0.089	0.803	0.001
0.001	0.108	0.890	0.001
0.001	0.997	0.001	0.001
0.001	0.997	0.001	0.001
0.997	0.001	0.001	0.001
>GAAAAGCTTT	15-GAAAAGCTTT	9.161829	-11.139581	0	T:32.0(28.07%),B:5221.3(12.94%),P:1e-4	Tpos:484.9,Tstd:263.2,Bpos:497.0,Bstd:303.2,StrandBias:-0.4,Multiplicity:1.16
0.057	0.024	0.896	0.023
0.848	0.062	0.039	0.051
0.901	0.001	0.041	0.057
0.955	0.001	0.001	0.043
0.910	0.054	0.001	0.035
0.025	0.020	0.947	0.008
0.012	0.895	0.001	0.092
0.030	0.054	0.058	0.858
0.001	0.049	0.037	0.913
0.036	0.033	0.035	0.896
>TACTTCTCGT	16-TACTTCTCGT	8.034914	-11.089899	0	T:28.0(24.56%),B:4238.6(10.50%),P:1e-4	Tpos:464.5,Tstd:269.6,Bpos:507.2,Bstd:305.2,StrandBias:0.2,Multiplicity:1.25
0.001	0.335	0.001	0.663
0.835	0.163	0.001	0.001
0.286	0.712	0.001	0.001
0.043	0.001	0.155	0.801
0.001	0.156	0.001	0.842
0.061	0.567	0.371	0.001
0.001	0.001	0.208	0.790
0.001	0.668	0.223	0.108
0.347	0.001	0.651	0.001
0.163	0.001	0.056	0.780
>ATTTAGCTCC	17-ATTTAGCTCC	11.381434	-9.513733	0	T:5.0(4.39%),B:147.9(0.37%),P:1e-4	Tpos:422.4,Tstd:241.0,Bpos:491.1,Bstd:288.1,StrandBias:1.6,Multiplicity:2.00
0.997	0.001	0.001	0.001
0.001	0.001	0.195	0.803
0.001	0.001	0.001	0.997
0.001	0.001	0.001	0.997
0.997	0.001	0.001	0.001
0.001	0.001	0.997	0.001
0.001	0.997	0.001	0.001
0.126	0.001	0.001	0.872
0.154	0.844	0.001	0.001
0.001	0.997	0.001	0.001
>TGACATCATA	18-TGACATCATA	11.353685	-9.478889	0	T:6.0(5.26%),B:242.0(0.60%),P:1e-4	Tpos:578.4,Tstd:257.8,Bpos:467.7,Bstd:279.4,StrandBias:-0.4,Multiplicity:1.17
0.001	0.001	0.001	0.997
0.001	0.001	0.997	0.001
0.997	0.001	0.001	0.001
0.001	0.925	0.001	0.073
0.997	0.001	0.001	0.001
0.001	0.136	0.001	0.862
0.001	0.884	0.114	0.001
0.997	0.001	0.001	0.001
0.001	0.001	0.001	0.997
0.911	0.087	0.001	0.001
>CTCCGCCYAC	19-CTCCGCCYAC	8.838557	-8.690926	0	T:17.0(14.91%),B:2211.1(5.48%),P:1e-3	Tpos:672.3,Tstd:264.0,Bpos:563.0,Bstd:294.5,StrandBias:0.2,Multiplicity:1.53
0.226	0.627	0.001	0.146
0.079	0.073	0.001	0.847
0.001	0.890	0.108	0.001
0.001	0.997	0.001	0.001
0.087	0.001	0.873	0.039
0.001	0.890	0.108	0.001
0.001	0.997	0.001	0.001
0.089	0.392	0.022	0.497
0.581	0.362	0.001	0.056
0.069	0.848	0.001	0.082
>AACCTGACTG	20-AACCTGACTG	10.296193	-3.183715	0	T:1.0(0.88%),B:14.4(0.04%),P:1e-1	Tpos:512.5,Tstd:58.7,Bpos:516.3,Bstd:257.7,StrandBias:-10.0,Multiplicity:12.00
0.700	0.100	0.100	0.100
0.700	0.100	0.100	0.100
0.100	0.700	0.100	0.100
0.100	0.700	0.100	0.100
0.100	0.100	0.100	0.700
0.100	0.100	0.700	0.100
0.700	0.100	0.100	0.100
0.100	0.700	0.100	0.100
0.100	0.100	0.100	0.700
0.100	0.100	0.700	0.100
>GATCAAAAAGAT	1-GATCAAAAAGAT	12.922121	-23.064803	0	T:10.0(8.77%),B:168.6(0.42%),P:1e-10	Tpos:574.1,Tstd:295.1,Bpos:525.2,Bstd:286.6,StrandBias:0.6,Multiplicity:1.00
0.064	0.001	0.934	0.001
0.997	0.001	0.001	0.001
0.001	0.102	0.089	0.808
0.001	0.997	0.001	0.001
0.997	0.001	0.001	0.001
0.880	0.001	0.118	0.001
0.741	0.151	0.107	0.001
0.997	0.001	0.001	0.001
0.997	0.001	0.001	0.001
0.001	0.077	0.921	0.001
0.884	0.114	0.001	0.001
0.001	0.001	0.096	0.902
>ATTTTAGATATT	2-ATTTTAGATATT	12.159815	-22.453116	0	T:18.0(15.79%),B:927.8(2.30%),P:1e-9	Tpos:528.2,Tstd:258.9,Bpos:494.7,Bstd:310.6,StrandBias:0.0,Multiplicity:1.00
0.997	0.001	0.001	0.001
0.001	0.001	0.001	0.997
0.001	0.001	0.001	0.997
0.133	0.001	0.104	0.762
0.001	0.001	0.001	0.997
0.957	0.001	0.001	0.041
0.040	0.001	0.958	0.001
0.722	0.001	0.106	0.171
0.001	0.086	0.001	0.912
0.880	0.001	0.087	0.032
0.001	0.001	0.001	0.997
0.001	0.115	0.001	0.883
>CTAAAAGCTTGG	3-CTAAAAGCTTGG	11.041131	-21.069443	0	T:11.0(9.65%),B:279.2(0.69%),P:1e-9	Tpos:575.0,Tstd:274.4,Bpos:501.3,Bstd:294.7,StrandBias:-0.3,Multiplicity:1.00
0.179	0.485	0.118	0.218
0.220	0.074	0.078	0.628
0.584	0.105	0.111	0.200
0.997	0.001	0.001	0.001
0.679	0.001	0.319	0.001
0.753	0.004	0.134	0.109
0.002	0.004	0.991	0.003
0.220	0.699	0.001	0.080
0.001	0.001	0.001	0.997
0.001	0.001	0.001	0.997
0.001	0.002	0.755	0.242
0.216	0.001	0.782	0.001
>AAAATGAACACT	4-AAAATGAACACT	13.309725	-20.974528	0	T:13.0(11.40%),B:452.7(1.12%),P:1e-9	Tpos:503.8,Tstd:309.9,Bpos:490.4,Bstd:311.1,StrandBias:3.6,Multiplicity:1.00
0.997	0.001	0.001	0.001
0.855	0.001	0.001	0.143
0.997	0.001	0.001	0.001
0.997	0.001	0.001	0.001
0.101	0.001	0.001	0.897
0.090	0.001	0.908	0.001
0.997	0.001	0.001	0.001
0.846	0.152	0.001	0.001
0.188	0.713	0.001	0.098
0.997	0.001	0.001	0.001
0.001	0.997	0.001	0.001
0.001	0.001	0.119	0.879
>AATTGACTCTGA	5-AATTGACTCTGA	10.297061	-19.890577	0	T:9.0(7.89%),B:170.7(0.42%),P:1e-8	Tpos:394.9,Tstd:327.0,Bpos:445.2,Bstd:294.6,StrandBias:1.0,Multiplicity:1.00
0.643	0.001	0.355	0.001
0.997	0.001	0.001	0.001
0.001	0.001	0.001	0.997
0.301	0.001	0.001	0.697
0.246	0.001	0.752	0.001
0.997	0.001	0.001	0.001
0.001	0.670	0.328	0.001
0.001	0.001	0.001	0.997
0.001	0.997	0.001	0.001
0.001	0.050	0.001	0.948
0.001	0.001	0.997	0.001
0.629	0.369	0.001	0.001
>GTCTCTTTATTT	6-GTCTCTTTATTT	13.206279	-18.867810	0	T:8.0(7.02%),B:131.2(0.33%),P:1e-8	Tpos:589.5,Tstd:258.3,Bpos:589.2,Bstd:295.7,StrandBias:0.7,Multiplicity:1.00
0.081	0.001	0.869	0.049
0.001	0.001	0.001	0.997
0.001	0.950	0.001	0.048
0.001	0.001	0.001	0.997
0.091	0.907	0.001	0.001
0.001	0.118	0.131	0.750
0.001	0.080	0.001	0.918
0.001	0.001	0.001	0.997
0.944	0.001	0.001	0.054
0.111	0.001	0.001	0.887
0.126	0.001	0.001	0.872
0.001	0.001	0.001	0.997
>TCCGTGTACATA	7-TCCGTGTACATA	14.084451	-18.835301	0	T:5.0(4.39%),B:19.2(0.05%),P:1e-8	Tpos:483.2,Tstd:235.1,Bpos:540.1,Bstd:288.8,StrandBias:0.6,Multiplicity:1.00
0.001	0.001	0.001	0.997
0.001	0.840	0.001	0.158
0.001	0.997	0.001	0.001
0.001	0.158	0.840	0.001
0.001	0.001	0.001	0.997
0.236	0.001	0.762	0.001
0.001	0.001	0.001	0.997
0.997	0.001	0.001	0.001
0.001	0.790	0.208	0.001
0.997	0.001	0.001	0.001
0.001	0.001	0.001	0.997
0.997	0.001	0.001	0.001
>GACAATCGCATT	8-GACAATCGCATT	13.950025	-18.614403	0	T:5.0(4.39%),B:20.8(0.05%),P:1e-8	Tpos:410.4,Tstd:301.5,Bpos:593.4,Bstd:451.5,StrandBias:2.0,Multiplicity:1.00
0.001	0.001	0.857	0.141
0.997	0.001	0.001	0.001
0.097	0.901	0.001	0.001
0.997	0.001	0.001	0.001
0.857	0.001	0.001	0.141
0.001	0.001	0.001	0.997
0.001	0.997	0.001	0.001
0.001	0.001	0.997	0.001
0.178	0.820	0.001	0.001
0.997	0.001	0.001	0.001
0.001	0.001	0.001	0.997
0.001	0.218	0.001	0.780
>CTGTTGCGCAAC	9-CTGTTGCGCAAC	10.573468	-18.412644	0	T:9.0(7.89%),B:203.5(0.50%),P:1e-7	Tpos:546.7,Tstd:268.3,Bpos:497.3,Bstd:305.7,StrandBias:0.8,Multiplicity:1.00
0.152	0.717	0.125	0.006
0.150	0.001	0.001	0.848
0.001	0.001	0.880	0.118
0.001	0.162	0.001	0.836
0.001	0.143	0.001	0.855
0.124	0.001	0.874	0.001
0.119	0.747	0.001	0.133
0.132	0.001	0.866	0.001
0.001	0.855	0.001	0.143
0.855	0.001	0.143	0.001
0.692	0.001	0.306	0.001
0.001	0.997	0.001	0.001
>GACAATTTTGTA	10-GACAATTTTGTA	12.950078	-17.624369	0	T:10.0(8.77%),B:303.0(0.75%),P:1e-7	Tpos:494.7,Tstd:220.2,Bpos:485.1,Bstd:305.0,StrandBias:0.6,Multiplicity:1.00
0.063	0.001	0.935	0.001
0.912	0.001	0.001	0.086
0.067	0.819	0.113	0.001
0.817	0.001	0.181	0.001
0.916	0.001	0.001	0.082
0.121	0.001	0.001	0.877
0.001	0.001	0.001	0.997
0.001	0.001	0.001	0.997
0.001	0.129	0.001	0.869
0.001	0.001	0.946	0.052
0.001	0.001	0.001	0.997
0.997	0.001	0.001	0.001
>CTACGTTTTATT	11-CTACGTTTTATT	13.515844	-16.678005	0	T:8.0(7.02%),B:176.0(0.44%),P:1e-7	Tpos:433.9,Tstd:251.1,Bpos:501.4,Bstd:313.1,StrandBias:0.7,Multiplicity:1.00
0.001	0.876	0.122	0.001
0.112	0.001	0.001	0.886
0.805	0.001	0.193	0.001
0.142	0.760	0.001	0.097
0.095	0.001	0.808	0.096
0.001	0.001	0.001	0.997
0.001	0.001	0.001	0.997
0.001	0.001	0.001	0.997
0.001	0.001	0.001	0.997
0.997	0.001	0.001	0.001
0.001	0.001	0.001	0.997
0.001	0.001	0.001	0.997
>AAAACGGTCTCG	12-AAAACGGTCTCG	13.936705	-16.397837	0	T:5.0(4.39%),B:33.2(0.08%),P:1e-7	Tpos:544.0,Tstd:253.8,Bpos:496.4,Bstd:258.7,StrandBias:2.0,Multiplicity:1.00
0.997	0.001	0.001	0.001
0.997	0.001	0.001	0.001
0.997	0.001	0.001	0.001
0.997	0.001	0.001	0.001
0.001	0.842	0.001	0.156
0.001	0.001	0.997	0.001
0.001	0.001	0.997	0.001
0.001	0.262	0.001	0.736
0.001	0.853	0.001	0.145
0.001	0.001	0.001	0.997
0.001	0.997	0.001	0.001
0.001	0.001	0.767	0.231
>AWTACACGCGCG	13-AWTACACGCGCG	9.217419	-16.089716	0	T:7.0(6.14%),B:126.0(0.31%),P:1e-6	Tpos:535.6,Tstd:307.0,Bpos:585.9,Bstd:312.2,StrandBias:0.0,Multiplicity:1.00
0.519	0.240	0.001	0.240
0.519	0.001	0.001	0.479
0.001	0.001	0.239	0.759
0.997	0.001	0.001	0.001
0.239	0.759	0.001	0.001
0.750	0.240	0.009	0.001
0.001	0.991	0.001	0.007
0.001	0.001	0.997	0.001
0.240	0.748	0.001	0.011
0.001	0.001	0.997	0.001
0.001	0.997	0.001	0.001
0.001	0.001	0.997	0.001
>AACATGTTAACA	14-AACATGTTAACA	14.258501	-15.309682	0	T:6.0(5.26%),B:85.0(0.21%),P:1e-6	Tpos:369.2,Tstd:265.6,Bpos:581.2,Bstd:278.3,StrandBias:-0.7,Multiplicity:1.17
0.730	0.001	0.001	0.268
0.997	0.001	0.001	0.001
0.314	0.684	0.001	0.001
0.997	0.001	0.001	0.001
0.001	0.001	0.001	0.997
0.001	0.001	0.997	0.001
0.001	0.001	0.001	0.997
0.191	0.001	0.001	0.807
0.997	0.001	0.001	0.001
0.997	0.001	0.001	0.001
0.001	0.997	0.001	0.001
0.997	0.001	0.001	0.001
>TAAGTAGGCGGA	15-TAAGTAGGCGGA	11.439522	-15.035014	0	T:8.0(7.02%),B:220.1(0.55%),P:1e-6	Tpos:509.1,Tstd:201.1,Bpos:582.7,Bstd:307.1,StrandBias:0.0,Multiplicity:1.00
0.162	0.197	0.001	0.640
0.614	0.162	0.223	0.001
0.646	0.001	0.197	0.156
0.001	0.223	0.614	0.162
0.001	0.222	0.001	0.776
0.980	0.001	0.018	0.001
0.001	0.001	0.997	0.001
0.222	0.001	0.776	0.001
0.001	0.997	0.001	0.001
0.001	0.001	0.997	0.001
0.001	0.001	0.997	0.001
0.997	0.001	0.001	0.001
>ACATCATAATGT	16-ACATCATAATGT	10.275017	-14.307003	0	T:12.0(10.53%),B:677.8(1.68%),P:1e-6	Tpos:364.1,Tstd:266.0,Bpos:481.5,Bstd:296.7,StrandBias:-0.2,Multiplicity:1.25
0.997	0.001	0.001	0.001
0.062	0.830	0.107	0.001
0.729	0.177	0.093	0.001
0.082	0.085	0.140	0.693
0.061	0.764	0.174	0.001
0.754	0.001	0.076	0.169
0.001	0.084	0.001	0.914
0.764	0.156	0.001	0.079
0.997	0.001	0.001	0.001
0.078	0.001	0.001	0.920
0.001	0.165	0.833	0.001
0.164	0.001	0.001	0.834
>GCAGTGAGGTTA	17-GCAGTGAGGTTA	10.092569	-14.228009	0	T:6.0(5.26%),B:102.7(0.25%),P:1e-6	Tpos:527.7,Tstd:155.3,Bpos:537.9,Bstd:317.5,StrandBias:1.7,Multiplicity:2.83
0.001	0.053	0.724	0.222
0.050	0.846	0.054	0.050
0.685	0.001	0.001	0.313
0.047	0.118	0.785	0.050
0.286	0.061	0.103	0.550
0.061	0.368	0.567	0.004
0.710	0.061	0.061	0.168
0.153	0.110	0.727	0.010
0.049	0.001	0.779	0.171
0.395	0.001	0.001	0.603
0.001	0.061	0.053	0.885
0.836	0.110	0.001	0.053
>TCATTTCCTTAC	18-TCATTTCCTTAC	9.970701	-14.034814	0	T:20.0(17.54%),B:1987.7(4.92%),P:1e-6	Tpos:630.3,Tstd:303.8,Bpos:531.6,Bstd:314.9,StrandBias:0.6,Multiplicity:1.15
0.041	0.001	0.001	0.957
0.047	0.814	0.098	0.041
0.853	0.001	0.001	0.145
0.161	0.001	0.001	0.837
0.001	0.001	0.153	0.845
0.084	0.001	0.001	0.914
0.001	0.828	0.001	0.170
0.148	0.599	0.116	0.137
0.004	0.093	0.001	0.902
0.048	0.038	0.001	0.913
0.765	0.092	0.001	0.142
0.087	0.790	0.044	0.079
>TTABAAAATTAA	19-TTABAAAATTAA	11.077752	-13.589841	0	T:22.0(19.30%),B:2436.7(6.04%),P:1e-5	Tpos:448.3,Tstd:233.4,Bpos:506.3,Bstd:293.6,StrandBias:-0.1,Multiplicity:1.14
0.067	0.066	0.001	0.866
0.001	0.066	0.014	0.919
0.997	0.001	0.001	0.001
0.121	0.318	0.221	0.341
0.928	0.001	0.070	0.001
0.712	0.115	0.172	0.001
0.597	0.152	0.158	0.093
0.944	0.001	0.001	0.054
0.001	0.001	0.090	0.908
0.001	0.001	0.121	0.877
0.997	0.001	0.001	0.001
0.843	0.001	0.001	0.155
>AATTTAGCTCCB	20-AATTTAGCTCCB	12.391354	-10.188751	0	T:4.0(3.51%),B:62.4(0.15%),P:1e-4	Tpos:432.7,Tstd:200.9,Bpos:430.1,Bstd:279.8,StrandBias:2.6,Multiplicity:1.75
0.635	0.001	0.363	0.001
0.997	0.001	0.001	0.001
0.001	0.001	0.001	0.997
0.001	0.001	0.001	0.997
0.278	0.001	0.001	0.720
0.703	0.295	0.001	0.001
0.001	0.001	0.997	0.001
0.001	0.997	0.001	0.001
0.297	0.001	0.001	0.701
0.034	0.945	0.001	0.020
0.363	0.635	0.001	0.001
0.056	0.369	0.279	0.296
>AACTCGGCCAAY	21-AACTCGGCCAAY	8.895752	-9.018480	0	T:9.0(7.89%),B:660.9(1.64%),P:1e-3	Tpos:537.2,Tstd:284.3,Bpos:498.3,Bstd:285.5,StrandBias:1.8,Multiplicity:2.44
0.960	0.030	0.009	0.001
0.529	0.084	0.165	0.222
0.049	0.846	0.060	0.045
0.035	0.030	0.253	0.682
0.207	0.677	0.060	0.056
0.118	0.230	0.472	0.181
0.036	0.059	0.874	0.031
0.054	0.577	0.103	0.266
0.059	0.584	0.001	0.356
0.556	0.057	0.334	0.053
0.521	0.235	0.001	0.243
0.028	0.513	0.001	0.458
>CCACCTTT	1-CCACCTTT	9.214588	-11.245420	0	T:19.0(16.67%),B:2191.1(5.43%),P:1e-4	Tpos:447.0,Tstd:215.7,Bpos:508.2,Bstd:298.8,StrandBias:0.1,Multiplicity:1.42
0.001	0.997	0.001	0.001
0.001	0.603	0.395	0.001
0.997	0.001	0.001	0.001
0.001	0.997	0.001	0.001
0.001	0.997	0.001	0.001
0.001	0.001	0.001	0.997
0.001	0.001	0.001	0.997
0.001	0.001	0.395	0.603
>GTTAACCT	2-GTTAACCT	7.039534	-11.226773	0	T:45.0(39.47%),B:8743.4(21.66%),P:1e-4	Tpos:400.6,Tstd:285.7,Bpos:502.2,Bstd:306.4,StrandBias:0.7,Multiplicity:1.24
0.001	0.003	0.868	0.128
0.165	0.012	0.029	0.794
0.001	0.128	0.247	0.624
0.841	0.151	0.001	0.007
0.831	0.001	0.001	0.167
0.001	0.990	0.008	0.001
0.280	0.711	0.008	0.001
0.254	0.133	0.055	0.558
>CTACAGTA	3-CTACAGTA	8.973751	-7.617636	0	T:19.0(16.67%),B:2893.7(7.17%),P:1e-3	Tpos:545.1,Tstd:176.8,Bpos:491.0,Bstd:296.5,StrandBias:-0.9,Multiplicity:1.63
0.001	0.997	0.001	0.001
0.001	0.001	0.001	0.997
0.997	0.001	0.001	0.001
0.001	0.875	0.123	0.001
0.997	0.001	0.001	0.001
0.001	0.001	0.997	0.001
0.001	0.001	0.001	0.997
0.997	0.001	0.001	0.001
>TGGCCGAG	4-TGGCCGAG	8.236954	-4.264632	0	T:6.0(5.26%),B:689.9(1.71%),P:1e-1	Tpos:478.2,Tstd:327.8,Bpos:519.7,Bstd:278.0,StrandBias:-1.9,Multiplicity:2.33
0.100	0.100	0.100	0.700
0.100	0.100	0.700	0.100
0.100	0.100	0.700	0.100
0.100	0.700	0.100	0.100
0.100	0.700	0.100	0.100
0.100	0.100	0.700	0.100
0.700	0.100	0.100	0.100
0.100	0.100	0.700	0.100
>CAGTCAGG	5-CAGTCAGG	7.990208	-3.150289	0	T:4.0(3.51%),B:461.5(1.14%),P:1e-1	Tpos:529.9,Tstd:140.7,Bpos:500.2,Bstd:308.0,StrandBias:2.7,Multiplicity:3.75
0.001	0.997	0.001	0.001
0.997	0.001	0.001	0.001
0.001	0.001	0.997	0.001
0.001	0.001	0.001	0.997
0.001	0.997	0.001	0.001
0.952	0.046	0.001	0.001
0.001	0.001	0.997	0.001
0.001	0.001	0.997	0.001
