>CACCAGGA	1-CACCAGGA	7.740700	-12.284088	0	T:21.0(22.34%),B:2978.3(7.43%),P:1e-5	Tpos:498.9,Tstd:324.3,Bpos:469.0,Bstd:318.6,StrandBias:1.0,Multiplicity:1.57
0.001	0.997	0.001	0.001
0.793	0.001	0.028	0.178
0.201	0.797	0.001	0.001
0.001	0.827	0.114	0.058
0.997	0.001	0.001	0.001
0.001	0.001	0.997	0.001
0.001	0.001	0.997	0.001
0.969	0.001	0.029	0.001
>CCRGCGWC	2-CCRGCGWC	5.947838	-12.133792	0	T:37.0(39.36%),B:7727.8(19.27%),P:1e-5	Tpos:541.9,Tstd:295.8,Bpos:491.9,Bstd:320.3,StrandBias:-0.3,Multiplicity:1.35
0.027	0.751	0.163	0.059
0.005	0.921	0.073	0.001
0.300	0.185	0.402	0.113
0.141	0.001	0.857	0.001
0.212	0.590	0.135	0.063
0.188	0.030	0.723	0.059
0.516	0.025	0.001	0.458
0.056	0.759	0.184	0.001
>CACTGATA	3-CACTGATA	8.222921	-11.896822	0	T:27.0(28.72%),B:4692.2(11.70%),P:1e-5	Tpos:611.3,Tstd:273.1,Bpos:519.2,Bstd:316.5,StrandBias:0.0,Multiplicity:1.19
0.001	0.997	0.001	0.001
0.870	0.001	0.001	0.128
0.001	0.867	0.131	0.001
0.001	0.001	0.001	0.997
0.001	0.089	0.909	0.001
0.997	0.001	0.001	0.001
0.001	0.001	0.001	0.997
0.857	0.001	0.141	0.001
>TTCGTCTG	4-TTCGTCTG	7.775043	-6.822687	0	T:12.0(12.77%),B:1807.0(4.51%),P:1e-2	Tpos:555.5,Tstd:228.3,Bpos:510.3,Bstd:310.1,StrandBias:-1.3,Multiplicity:1.42
0.001	0.001	0.001	0.997
0.001	0.001	0.045	0.953
0.140	0.858	0.001	0.001
0.001	0.001	0.997	0.001
0.001	0.001	0.001	0.997
0.001	0.997	0.001	0.001
0.001	0.043	0.001	0.955
0.001	0.001	0.997	0.001
>CAAAATCG	5-CAAAATCG	8.236954	-3.317810	0	T:11.0(11.70%),B:2545.3(6.35%),P:1e-1	Tpos:482.5,Tstd:296.5,Bpos:494.1,Bstd:310.6,StrandBias:-0.8,Multiplicity:1.73
0.100	0.700	0.100	0.100
0.700	0.100	0.100	0.100
0.700	0.100	0.100	0.100
0.700	0.100	0.100	0.100
0.700	0.100	0.100	0.100
0.100	0.100	0.100	0.700
0.100	0.700	0.100	0.100
0.100	0.100	0.700	0.100
