>ACTGGAATAAAC	1-ACTGGAATAAAC	11.859078	-23.123989	0	T:10.0(10.64%),B:204.2(0.51%),P:1e-10	Tpos:638.0,Tstd:221.7,Bpos:495.4,Bstd:314.6,StrandBias:-0.6,Multiplicity:1.00
0.997	0.001	0.001	0.001
0.001	0.867	0.001	0.131
0.001	0.001	0.166	0.832
0.001	0.001	0.997	0.001
0.100	0.001	0.748	0.151
0.997	0.001	0.001	0.001
0.997	0.001	0.001	0.001
0.100	0.001	0.001	0.898
0.997	0.001	0.001	0.001
0.997	0.001	0.001	0.001
0.790	0.208	0.001	0.001
0.001	0.997	0.001	0.001
>GATATGAAAGTG	2-GATATGAAAGTG	13.667443	-22.227319	0	T:8.0(8.51%),B:102.1(0.25%),P:1e-9	Tpos:559.9,Tstd:221.7,Bpos:533.8,Bstd:302.2,StrandBias:0.7,Multiplicity:1.00
0.001	0.001	0.997	0.001
0.997	0.001	0.001	0.001
0.001	0.001	0.183	0.815
0.997	0.001	0.001	0.001
0.001	0.001	0.001	0.997
0.122	0.001	0.876	0.001
0.824	0.174	0.001	0.001
0.997	0.001	0.001	0.001
0.997	0.001	0.001	0.001
0.104	0.001	0.768	0.127
0.001	0.001	0.001	0.997
0.001	0.001	0.858	0.140
>CGAGTGGTTATC	3-CGAGTGGTTATC	14.528873	-21.593233	0	T:4.0(4.26%),B:2.4(0.01%),P:1e-9	Tpos:569.2,Tstd:319.6,Bpos:711.5,Bstd:167.6,StrandBias:0.0,Multiplicity:1.00
0.001	0.997	0.001	0.001
0.001	0.001	0.742	0.256
0.742	0.001	0.001	0.256
0.001	0.001	0.997	0.001
0.001	0.001	0.001	0.997
0.001	0.001	0.997	0.001
0.001	0.227	0.771	0.001
0.001	0.001	0.001	0.997
0.001	0.001	0.001	0.997
0.997	0.001	0.001	0.001
0.001	0.001	0.001	0.997
0.001	0.997	0.001	0.001
>ADTYACTRTTTG	4-ADTYACTRTTTG	10.177943	-20.683685	0	T:20.0(21.28%),B:1615.1(4.03%),P:1e-8	Tpos:568.5,Tstd:269.3,Bpos:526.8,Bstd:292.6,StrandBias:-1.2,Multiplicity:1.05
0.997	0.001	0.001	0.001
0.408	0.001	0.332	0.259
0.061	0.104	0.249	0.586
0.001	0.356	0.142	0.501
0.627	0.108	0.264	0.001
0.164	0.734	0.001	0.101
0.073	0.001	0.001	0.925
0.430	0.005	0.305	0.260
0.131	0.001	0.001	0.867
0.001	0.001	0.001	0.997
0.001	0.001	0.273	0.725
0.001	0.001	0.997	0.001
>TACCTCATTTGT	5-TACCTCATTTGT	14.038262	-18.585023	0	T:6.0(6.38%),B:57.4(0.14%),P:1e-8	Tpos:604.3,Tstd:265.6,Bpos:494.6,Bstd:342.9,StrandBias:1.0,Multiplicity:1.00
0.001	0.001	0.001	0.997
0.997	0.001	0.001	0.001
0.001	0.997	0.001	0.001
0.001	0.821	0.001	0.177
0.001	0.001	0.001	0.997
0.001	0.997	0.001	0.001
0.825	0.001	0.001	0.173
0.001	0.001	0.001	0.997
0.001	0.001	0.001	0.997
0.001	0.001	0.001	0.997
0.001	0.156	0.842	0.001
0.001	0.276	0.001	0.722
>AGATCGTATTTT	6-AGATCGTATTTT	12.529426	-18.103966	0	T:8.0(8.51%),B:178.0(0.44%),P:1e-7	Tpos:536.9,Tstd:287.3,Bpos:520.5,Bstd:289.4,StrandBias:0.3,Multiplicity:1.12
0.872	0.126	0.001	0.001
0.076	0.001	0.922	0.001
0.997	0.001	0.001	0.001
0.001	0.001	0.001	0.997
0.001	0.997	0.001	0.001
0.001	0.211	0.787	0.001
0.001	0.001	0.001	0.997
0.872	0.001	0.001	0.126
0.001	0.001	0.211	0.787
0.001	0.001	0.001	0.997
0.001	0.001	0.001	0.997
0.001	0.001	0.001	0.997
>CYGCACCTGACA	7-CYGCACCTGACA	8.770869	-17.654033	0	T:9.0(9.57%),B:271.1(0.68%),P:1e-7	Tpos:397.6,Tstd:257.7,Bpos:511.1,Bstd:302.0,StrandBias:0.3,Multiplicity:1.00
0.001	0.614	0.384	0.001
0.194	0.441	0.001	0.364
0.001	0.001	0.997	0.001
0.001	0.997	0.001	0.001
0.635	0.001	0.363	0.001
0.001	0.997	0.001	0.001
0.001	0.980	0.018	0.001
0.001	0.193	0.001	0.805
0.001	0.001	0.997	0.001
0.980	0.001	0.001	0.018
0.001	0.997	0.001	0.001
0.635	0.001	0.001	0.363
>TTGTKTGAAAAT	8-TTGTKTGAAAAT	10.845468	-15.546204	0	T:15.0(15.96%),B:1218.5(3.04%),P:1e-6	Tpos:402.5,Tstd:236.1,Bpos:509.2,Bstd:308.8,StrandBias:-1.6,Multiplicity:1.07
0.001	0.001	0.001	0.997
0.001	0.001	0.001	0.997
0.001	0.120	0.878	0.001
0.001	0.001	0.001	0.997
0.096	0.044	0.408	0.452
0.001	0.001	0.001	0.997
0.001	0.001	0.997	0.001
0.997	0.001	0.001	0.001
0.997	0.001	0.001	0.001
0.997	0.001	0.001	0.001
0.595	0.403	0.001	0.001
0.001	0.001	0.001	0.997
>AATTTCTTCYCC	9-AATTTCTTCYCC	10.627100	-15.416371	0	T:13.0(13.83%),B:894.9(2.23%),P:1e-6	Tpos:501.1,Tstd:236.0,Bpos:517.5,Bstd:304.6,StrandBias:2.0,Multiplicity:1.15
0.760	0.112	0.060	0.068
0.799	0.081	0.001	0.119
0.001	0.080	0.001	0.918
0.001	0.001	0.001	0.997
0.001	0.001	0.001	0.997
0.177	0.821	0.001	0.001
0.001	0.070	0.001	0.928
0.112	0.083	0.001	0.804
0.001	0.794	0.136	0.069
0.134	0.471	0.072	0.323
0.001	0.744	0.083	0.172
0.001	0.994	0.001	0.004
>GCTCGAAAATTC	10-GCTCGAAAATTC	13.478144	-15.256626	0	T:7.0(7.45%),B:173.7(0.43%),P:1e-6	Tpos:514.9,Tstd:230.4,Bpos:482.9,Bstd:304.7,StrandBias:-0.6,Multiplicity:1.43
0.110	0.001	0.888	0.001
0.141	0.857	0.001	0.001
0.001	0.001	0.001	0.997
0.001	0.997	0.001	0.001
0.001	0.104	0.894	0.001
0.997	0.001	0.001	0.001
0.997	0.001	0.001	0.001
0.997	0.001	0.001	0.001
0.997	0.001	0.001	0.001
0.124	0.001	0.001	0.874
0.001	0.001	0.001	0.997
0.001	0.628	0.269	0.102
>AAATATTGACCC	11-AAATATTGACCC	14.626433	-14.413740	0	T:4.0(4.26%),B:24.4(0.06%),P:1e-6	Tpos:654.2,Tstd:210.6,Bpos:449.9,Bstd:324.6,StrandBias:-0.6,Multiplicity:1.25
0.997	0.001	0.001	0.001
0.997	0.001	0.001	0.001
0.997	0.001	0.001	0.001
0.001	0.001	0.001	0.997
0.691	0.001	0.307	0.001
0.001	0.001	0.001	0.997
0.001	0.001	0.001	0.997
0.001	0.001	0.997	0.001
0.997	0.001	0.001	0.001
0.001	0.997	0.001	0.001
0.200	0.798	0.001	0.001
0.001	0.997	0.001	0.001
>TTTTGCTCAAAT	12-TTTTGCTCAAAT	11.149802	-13.500325	0	T:22.0(23.40%),B:3000.2(7.48%),P:1e-5	Tpos:503.2,Tstd:294.4,Bpos:516.0,Bstd:302.2,StrandBias:0.1,Multiplicity:1.14
0.001	0.001	0.001	0.997
0.093	0.001	0.001	0.905
0.001	0.001	0.001	0.997
0.001	0.001	0.228	0.770
0.001	0.001	0.699	0.299
0.068	0.868	0.063	0.001
0.001	0.001	0.001	0.997
0.086	0.810	0.001	0.103
0.997	0.001	0.001	0.001
0.997	0.001	0.001	0.001
0.802	0.095	0.016	0.087
0.085	0.146	0.001	0.768
>GTTAGTGGCCTA	13-GTTAGTGGCCTA	7.088955	-13.218327	0	T:28.0(29.79%),B:4655.7(11.61%),P:1e-5	Tpos:484.0,Tstd:251.5,Bpos:508.0,Bstd:312.0,StrandBias:-0.5,Multiplicity:1.36
0.176	0.116	0.611	0.097
0.024	0.124	0.035	0.817
0.094	0.098	0.045	0.763
0.669	0.074	0.085	0.172
0.141	0.033	0.786	0.040
0.036	0.001	0.044	0.919
0.005	0.119	0.705	0.171
0.192	0.040	0.731	0.037
0.128	0.832	0.001	0.039
0.212	0.607	0.040	0.141
0.040	0.079	0.111	0.770
0.797	0.069	0.001	0.133
>AGCCGCTTTGAA	14-AGCCGCTTTGAA	12.324627	-12.032931	0	T:4.0(4.26%),B:46.8(0.12%),P:1e-5	Tpos:686.3,Tstd:195.7,Bpos:525.9,Bstd:294.9,StrandBias:1.0,Multiplicity:1.50
0.791	0.001	0.207	0.001
0.001	0.001	0.997	0.001
0.001	0.997	0.001	0.001
0.001	0.760	0.238	0.001
0.269	0.001	0.729	0.001
0.001	0.791	0.001	0.207
0.001	0.238	0.001	0.760
0.001	0.001	0.001	0.997
0.001	0.239	0.239	0.521
0.001	0.001	0.997	0.001
0.997	0.001	0.001	0.001
0.729	0.269	0.001	0.001
>TTTAATTAAATT	15-TTTAATTAAATT	10.354507	-11.585745	0	T:16.0(17.02%),B:1905.2(4.75%),P:1e-5	Tpos:475.0,Tstd:267.3,Bpos:505.8,Bstd:287.2,StrandBias:0.3,Multiplicity:1.12
0.022	0.180	0.014	0.784
0.153	0.037	0.171	0.639
0.304	0.153	0.055	0.488
0.747	0.159	0.050	0.044
0.870	0.044	0.050	0.036
0.256	0.019	0.021	0.704
0.245	0.035	0.134	0.586
0.612	0.027	0.152	0.209
0.579	0.145	0.033	0.243
0.885	0.035	0.014	0.066
0.194	0.013	0.022	0.771
0.044	0.006	0.277	0.673
>GCATCCCCGAKG	16-GCATCCCCGAKG	9.024460	-10.753858	0	T:9.0(9.57%),B:637.9(1.59%),P:1e-4	Tpos:418.5,Tstd:268.9,Bpos:476.7,Bstd:315.5,StrandBias:1.9,Multiplicity:1.56
0.227	0.099	0.656	0.018
0.001	0.744	0.001	0.254
0.997	0.001	0.001	0.001
0.127	0.001	0.074	0.798
0.001	0.872	0.001	0.126
0.001	0.828	0.001	0.170
0.001	0.646	0.001	0.352
0.001	0.997	0.001	0.001
0.327	0.001	0.545	0.127
0.872	0.001	0.126	0.001
0.225	0.001	0.347	0.426
0.146	0.001	0.726	0.127
>GATTGGCAGACG	17-GATTGGCAGACG	16.298670	-10.338570	0	T:2.0(2.13%),B:2.2(0.01%),P:1e-4	Tpos:489.8,Tstd:139.8,Bpos:516.1,Bstd:136.5,StrandBias:10.0,Multiplicity:2.00
0.001	0.001	0.997	0.001
0.997	0.001	0.001	0.001
0.001	0.001	0.001	0.997
0.001	0.001	0.001	0.997
0.001	0.260	0.738	0.001
0.001	0.001	0.997	0.001
0.001	0.997	0.001	0.001
0.997	0.001	0.001	0.001
0.001	0.001	0.997	0.001
0.997	0.001	0.001	0.001
0.001	0.997	0.001	0.001
0.001	0.001	0.997	0.001
>CCGACKWYTAGC	18-CCGACKWYTAGC	14.440186	-10.338570	0	T:2.0(2.13%),B:2.8(0.01%),P:1e-4	Tpos:663.5,Tstd:64.5,Bpos:380.2,Bstd:102.9,StrandBias:0.0,Multiplicity:1.00
0.001	0.997	0.001	0.001
0.001	0.997	0.001	0.001
0.001	0.001	0.997	0.001
0.997	0.001	0.001	0.001
0.001	0.997	0.001	0.001
0.076	0.001	0.462	0.462
0.537	0.001	0.001	0.461
0.001	0.537	0.001	0.461
0.001	0.001	0.001	0.997
0.997	0.001	0.001	0.001
0.001	0.001	0.997	0.001
0.001	0.997	0.001	0.001
>ACTTGCTCAAAA	19-ACTTGCTCAAAA	8.452809	-10.121014	0	T:8.0(8.51%),B:531.2(1.32%),P:1e-4	Tpos:454.5,Tstd:242.5,Bpos:454.6,Bstd:293.5,StrandBias:-0.8,Multiplicity:1.38
0.997	0.001	0.001	0.001
0.001	0.800	0.198	0.001
0.001	0.001	0.001	0.997
0.001	0.001	0.001	0.997
0.001	0.001	0.997	0.001
0.001	0.997	0.001	0.001
0.001	0.001	0.001	0.997
0.001	0.795	0.203	0.001
0.577	0.421	0.001	0.001
0.997	0.001	0.001	0.001
0.624	0.001	0.374	0.001
0.997	0.001	0.001	0.001
>CAGCTGCCACGT	20-CAGCTGCCACGT	9.214401	-9.654720	0	T:4.0(4.26%),B:87.5(0.22%),P:1e-4	Tpos:731.6,Tstd:205.1,Bpos:507.3,Bstd:300.4,StrandBias:1.3,Multiplicity:1.75
0.001	0.997	0.001	0.001
0.997	0.001	0.001	0.001
0.001	0.052	0.946	0.001
0.001	0.997	0.001	0.001
0.060	0.001	0.134	0.805
0.193	0.001	0.805	0.001
0.001	0.960	0.038	0.001
0.001	0.997	0.001	0.001
0.997	0.001	0.001	0.001
0.001	0.997	0.001	0.001
0.001	0.001	0.997	0.001
0.001	0.001	0.001	0.997
>GTGTRGATTTAC	21-GTGTRGATTTAC	11.177918	-7.800010	0	T:6.0(6.38%),B:403.0(1.00%),P:1e-3	Tpos:435.4,Tstd:183.3,Bpos:556.9,Bstd:305.1,StrandBias:-1.3,Multiplicity:2.33
0.187	0.002	0.808	0.003
0.001	0.102	0.001	0.896
0.350	0.001	0.648	0.001
0.133	0.001	0.001	0.865
0.428	0.001	0.437	0.134
0.001	0.001	0.996	0.002
0.997	0.001	0.001	0.001
0.001	0.001	0.001	0.997
0.085	0.001	0.134	0.780
0.003	0.003	0.001	0.993
0.597	0.001	0.237	0.165
0.001	0.997	0.001	0.001
>GATCTCCAGGAT	22-GATCTCCAGGAT	14.482687	-7.493146	0	T:2.0(2.13%),B:13.9(0.03%),P:1e-3	Tpos:508.4,Tstd:237.2,Bpos:447.1,Bstd:316.7,StrandBias:2.0,Multiplicity:2.50
0.001	0.001	0.997	0.001
0.997	0.001	0.001	0.001
0.237	0.001	0.001	0.761
0.001	0.997	0.001	0.001
0.001	0.001	0.001	0.997
0.001	0.997	0.001	0.001
0.001	0.997	0.001	0.001
0.997	0.001	0.001	0.001
0.216	0.001	0.782	0.001
0.001	0.001	0.997	0.001
0.997	0.001	0.001	0.001
0.001	0.272	0.001	0.726
>CGACAACTAGCG	23-CGACAACTAGCG	12.355432	-6.058303	0	T:1.0(1.06%),B:0.3(0.00%),P:1e-2	Tpos:437.0,Tstd:61.5,Bpos:557.0,Bstd:0.0,StrandBias:-10.0,Multiplicity:3.00
0.100	0.700	0.100	0.100
0.100	0.100	0.700	0.100
0.700	0.100	0.100	0.100
0.100	0.700	0.100	0.100
0.700	0.100	0.100	0.100
0.700	0.100	0.100	0.100
0.100	0.700	0.100	0.100
0.100	0.100	0.100	0.700
0.700	0.100	0.100	0.100
0.100	0.100	0.700	0.100
0.100	0.700	0.100	0.100
0.100	0.100	0.700	0.100
>GACCACCAGGAC	24-GACCACCAGGAC	10.337123	-4.022655	0	T:3.0(3.19%),B:232.1(0.58%),P:1e-1	Tpos:297.8,Tstd:268.5,Bpos:376.4,Bstd:294.4,StrandBias:2.2,Multiplicity:3.67
0.001	0.001	0.997	0.001
0.667	0.176	0.156	0.001
0.001	0.843	0.155	0.001
0.156	0.687	0.001	0.156
0.936	0.001	0.001	0.062
0.001	0.843	0.001	0.155
0.160	0.838	0.001	0.001
0.661	0.156	0.007	0.176
0.001	0.001	0.997	0.001
0.001	0.175	0.823	0.001
0.823	0.001	0.175	0.001
0.088	0.907	0.004	0.001
