>ACCAAGTGGT	1-ACCAAGTGGT	8.831896	-20.307599	0	T:14.0(14.89%),B:709.1(1.77%),P:1e-8	Tpos:577.9,Tstd:339.9,Bpos:518.5,Bstd:315.8,StrandBias:-0.6,Multiplicity:1.00
0.917	0.001	0.001	0.081
0.069	0.855	0.001	0.075
0.001	0.997	0.001	0.001
0.867	0.131	0.001	0.001
0.865	0.133	0.001	0.001
0.069	0.001	0.929	0.001
0.001	0.001	0.001	0.997
0.001	0.001	0.997	0.001
0.083	0.001	0.853	0.063
0.086	0.092	0.001	0.821
>CTAACAYCTA	2-CTAACAYCTA	7.631574	-18.951710	0	T:33.0(35.11%),B:4815.5(12.01%),P:1e-8	Tpos:542.7,Tstd:296.1,Bpos:545.2,Bstd:329.8,StrandBias:0.8,Multiplicity:1.18
0.111	0.514	0.314	0.061
0.001	0.156	0.001	0.842
0.816	0.182	0.001	0.001
0.523	0.316	0.001	0.160
0.189	0.519	0.001	0.291
0.997	0.001	0.001	0.001
0.001	0.565	0.001	0.433
0.001	0.769	0.001	0.229
0.247	0.259	0.001	0.492
0.678	0.001	0.001	0.320
>AGCACGTCTT	3-AGCACGTCTT	7.410816	-18.667322	0	T:9.0(9.57%),B:240.2(0.60%),P:1e-8	Tpos:433.9,Tstd:259.0,Bpos:500.5,Bstd:323.2,StrandBias:0.3,Multiplicity:1.00
0.997	0.001	0.001	0.001
0.001	0.001	0.997	0.001
0.001	0.997	0.001	0.001
0.973	0.001	0.025	0.001
0.001	0.909	0.001	0.089
0.001	0.001	0.997	0.001
0.022	0.001	0.001	0.976
0.001	0.997	0.001	0.001
0.001	0.001	0.001	0.997
0.001	0.019	0.001	0.979
>GCCCTGACAG	4-GCCCTGACAG	7.989987	-17.102235	0	T:18.0(19.15%),B:1609.7(4.01%),P:1e-7	Tpos:652.4,Tstd:258.4,Bpos:494.5,Bstd:311.3,StrandBias:-0.5,Multiplicity:1.06
0.001	0.101	0.763	0.135
0.191	0.535	0.090	0.184
0.165	0.714	0.001	0.120
0.077	0.876	0.001	0.046
0.064	0.001	0.001	0.934
0.001	0.001	0.931	0.067
0.780	0.145	0.005	0.070
0.108	0.825	0.066	0.001
0.997	0.001	0.001	0.001
0.247	0.001	0.629	0.123
>CTACTTGTTT	5-CTACTTGTTT	8.274038	-16.548956	0	T:18.0(19.15%),B:1670.7(4.17%),P:1e-7	Tpos:520.0,Tstd:335.6,Bpos:523.2,Bstd:310.1,StrandBias:0.2,Multiplicity:1.06
0.133	0.741	0.085	0.041
0.072	0.074	0.102	0.752
0.816	0.065	0.083	0.036
0.174	0.492	0.179	0.155
0.247	0.037	0.174	0.542
0.164	0.200	0.017	0.619
0.150	0.115	0.705	0.030
0.054	0.032	0.154	0.760
0.152	0.183	0.039	0.626
0.043	0.171	0.053	0.733
>TAGAACTTCG	6-TAGAACTTCG	10.529372	-16.325571	0	T:12.0(12.77%),B:680.2(1.70%),P:1e-7	Tpos:437.3,Tstd:264.8,Bpos:508.1,Bstd:306.5,StrandBias:-0.7,Multiplicity:1.08
0.001	0.093	0.001	0.905
0.997	0.001	0.001	0.001
0.059	0.001	0.939	0.001
0.837	0.001	0.161	0.001
0.997	0.001	0.001	0.001
0.088	0.799	0.001	0.112
0.001	0.001	0.001	0.997
0.001	0.109	0.001	0.889
0.001	0.876	0.084	0.039
0.001	0.084	0.848	0.067
>ACCTCACATG	7-ACCTCACATG	11.932093	-15.973378	0	T:7.0(7.45%),B:155.5(0.39%),P:1e-6	Tpos:549.0,Tstd:308.7,Bpos:484.6,Bstd:330.1,StrandBias:0.4,Multiplicity:1.00
0.997	0.001	0.001	0.001
0.149	0.678	0.001	0.172
0.001	0.997	0.001	0.001
0.001	0.001	0.001	0.997
0.001	0.997	0.001	0.001
0.997	0.001	0.001	0.001
0.001	0.997	0.001	0.001
0.997	0.001	0.001	0.001
0.001	0.001	0.001	0.997
0.001	0.001	0.997	0.001
>AACCTTATCG	8-AACCTTATCG	10.231749	-12.633731	0	T:10.0(10.64%),B:645.3(1.61%),P:1e-5	Tpos:350.3,Tstd:234.8,Bpos:503.1,Bstd:308.3,StrandBias:1.2,Multiplicity:1.30
0.997	0.001	0.001	0.001
0.885	0.001	0.113	0.001
0.001	0.917	0.001	0.081
0.071	0.761	0.113	0.055
0.001	0.001	0.001	0.997
0.001	0.001	0.127	0.871
0.840	0.001	0.099	0.060
0.001	0.097	0.001	0.901
0.001	0.919	0.001	0.079
0.001	0.001	0.997	0.001
>TTAGTGGCCT	9-TTAGTGGCCT	7.577496	-11.355156	0	T:22.0(23.40%),B:3429.1(8.55%),P:1e-4	Tpos:499.3,Tstd:270.2,Bpos:504.8,Bstd:310.2,StrandBias:0.0,Multiplicity:1.36
0.040	0.072	0.044	0.844
0.101	0.033	0.046	0.820
0.754	0.081	0.074	0.091
0.123	0.068	0.786	0.023
0.001	0.038	0.046	0.915
0.037	0.034	0.809	0.120
0.151	0.063	0.715	0.071
0.145	0.732	0.001	0.122
0.191	0.688	0.001	0.120
0.001	0.046	0.001	0.952
>CAGGACAGCC	10-CAGGACAGCC	10.913465	-11.047100	0	T:5.0(5.32%),B:128.9(0.32%),P:1e-4	Tpos:307.7,Tstd:161.9,Bpos:439.0,Bstd:327.9,StrandBias:0.4,Multiplicity:1.40
0.123	0.875	0.001	0.001
0.997	0.001	0.001	0.001
0.001	0.001	0.997	0.001
0.149	0.001	0.849	0.001
0.863	0.001	0.001	0.135
0.001	0.880	0.118	0.001
0.815	0.001	0.183	0.001
0.001	0.001	0.997	0.001
0.001	0.997	0.001	0.001
0.178	0.820	0.001	0.001
>AAAACACCCT	11-AAAACACCCT	10.591736	-10.065651	0	T:12.0(12.77%),B:1262.3(3.15%),P:1e-4	Tpos:488.6,Tstd:237.2,Bpos:512.6,Bstd:308.7,StrandBias:0.6,Multiplicity:1.25
0.997	0.001	0.001	0.001
0.997	0.001	0.001	0.001
0.997	0.001	0.001	0.001
0.997	0.001	0.001	0.001
0.183	0.815	0.001	0.001
0.997	0.001	0.001	0.001
0.001	0.881	0.001	0.117
0.188	0.519	0.292	0.001
0.001	0.781	0.001	0.217
0.001	0.001	0.001	0.997
>CGATCCTGGA	12-CGATCCTGGA	10.296193	-10.047589	0	T:3.0(3.19%),B:26.9(0.07%),P:1e-4	Tpos:306.2,Tstd:99.1,Bpos:421.6,Bstd:270.4,StrandBias:0.0,Multiplicity:1.33
0.100	0.700	0.100	0.100
0.100	0.100	0.700	0.100
0.700	0.100	0.100	0.100
0.100	0.100	0.100	0.700
0.100	0.700	0.100	0.100
0.100	0.700	0.100	0.100
0.100	0.100	0.100	0.700
0.100	0.100	0.700	0.100
0.100	0.100	0.700	0.100
0.700	0.100	0.100	0.100
>GTTTTACGGG	13-GTTTTACGGG	10.288467	-9.323142	0	T:7.0(7.45%),B:440.6(1.10%),P:1e-4	Tpos:443.8,Tstd:244.1,Bpos:466.3,Bstd:305.3,StrandBias:-1.6,Multiplicity:1.71
0.001	0.001	0.946	0.052
0.205	0.001	0.001	0.793
0.001	0.001	0.126	0.872
0.001	0.001	0.001	0.997
0.096	0.001	0.001	0.902
0.916	0.046	0.001	0.037
0.069	0.853	0.077	0.001
0.001	0.088	0.846	0.065
0.057	0.001	0.941	0.001
0.001	0.001	0.997	0.001
>AAATTGCTCG	14-AAATTGCTCG	10.386689	-9.243818	0	T:10.0(10.64%),B:965.0(2.41%),P:1e-4	Tpos:506.7,Tstd:308.2,Bpos:494.5,Bstd:298.5,StrandBias:-0.7,Multiplicity:1.60
0.941	0.057	0.001	0.001
0.997	0.001	0.001	0.001
0.814	0.001	0.184	0.001
0.001	0.001	0.001	0.997
0.231	0.001	0.001	0.767
0.001	0.001	0.997	0.001
0.001	0.823	0.175	0.001
0.133	0.001	0.170	0.696
0.001	0.997	0.001	0.001
0.093	0.001	0.905	0.001
>TTTCGTCTGC	15-TTTCGTCTGC	11.161337	-4.560257	0	T:3.0(3.19%),B:189.4(0.47%),P:1e-1	Tpos:490.2,Tstd:153.6,Bpos:575.8,Bstd:284.3,StrandBias:-10.0,Multiplicity:2.67
0.001	0.001	0.001	0.997
0.001	0.001	0.001	0.997
0.001	0.001	0.208	0.790
0.001	0.997	0.001	0.001
0.001	0.001	0.997	0.001
0.001	0.001	0.001	0.997
0.001	0.997	0.001	0.001
0.001	0.001	0.001	0.997
0.001	0.001	0.997	0.001
0.001	0.911	0.001	0.087
>ATCCCCGAGG	16-ATCCCCGAGG	10.296193	-3.870326	0	T:1.0(1.06%),B:8.2(0.02%),P:1e-1	Tpos:199.8,Tstd:41.1,Bpos:565.4,Bstd:261.1,StrandBias:10.0,Multiplicity:4.00
0.700	0.100	0.100	0.100
0.100	0.100	0.100	0.700
0.100	0.700	0.100	0.100
0.100	0.700	0.100	0.100
0.100	0.700	0.100	0.100
0.100	0.700	0.100	0.100
0.100	0.100	0.700	0.100
0.700	0.100	0.100	0.100
0.100	0.100	0.700	0.100
0.100	0.100	0.700	0.100
>GAGCAAAATC	17-GAGCAAAATC	10.296193	-3.178394	0	T:2.0(2.13%),B:136.9(0.34%),P:1e-1	Tpos:701.3,Tstd:176.0,Bpos:526.5,Bstd:296.3,StrandBias:-2.3,Multiplicity:3.00
0.100	0.100	0.700	0.100
0.700	0.100	0.100	0.100
0.100	0.100	0.700	0.100
0.100	0.700	0.100	0.100
0.700	0.100	0.100	0.100
0.700	0.100	0.100	0.100
0.700	0.100	0.100	0.100
0.700	0.100	0.100	0.100
0.100	0.100	0.100	0.700
0.100	0.700	0.100	0.100
