>ATGGATTA	1-ATGGATTA	6.870316	-15.999106	0	T:49.0(44.14%),B:8881.9(21.68%),P:1e-6	Tpos:546.0,Tstd:280.1,Bpos:501.5,Bstd:298.9,StrandBias:-0.1,Multiplicity:1.22
0.997	0.001	0.001	0.001
0.001	0.001	0.001	0.997
0.001	0.001	0.680	0.318
0.001	0.078	0.920	0.001
0.947	0.051	0.001	0.001
0.001	0.001	0.001	0.997
0.001	0.001	0.001	0.997
0.997	0.001	0.001	0.001
>CCCCCGCG	2-CCCCCGCG	7.141970	-11.553798	0	T:16.0(14.41%),B:1635.4(3.99%),P:1e-5	Tpos:556.5,Tstd:296.8,Bpos:512.0,Bstd:313.8,StrandBias:0.6,Multiplicity:1.38
0.001	0.966	0.001	0.032
0.001	0.966	0.001	0.032
0.152	0.846	0.001	0.001
0.001	0.864	0.134	0.001
0.057	0.842	0.055	0.046
0.035	0.037	0.927	0.001
0.139	0.815	0.045	0.001
0.024	0.170	0.805	0.001
>TAGAACWC	3-TAGAACWC	8.374785	-8.902378	0	T:23.0(20.72%),B:3700.1(9.03%),P:1e-3	Tpos:535.1,Tstd:277.1,Bpos:490.0,Bstd:305.0,StrandBias:0.2,Multiplicity:1.30
0.001	0.048	0.001	0.950
0.855	0.143	0.001	0.001
0.001	0.001	0.940	0.058
0.831	0.047	0.001	0.121
0.710	0.225	0.059	0.006
0.001	0.684	0.001	0.314
0.436	0.011	0.058	0.495
0.053	0.945	0.001	0.001
>TTTTATCT	4-TTTTATCT	8.894478	-8.445927	0	T:38.0(34.23%),B:8029.4(19.60%),P:1e-3	Tpos:511.3,Tstd:279.8,Bpos:510.6,Bstd:309.0,StrandBias:0.5,Multiplicity:1.32
0.001	0.001	0.001	0.997
0.001	0.128	0.001	0.870
0.001	0.001	0.154	0.844
0.001	0.001	0.001	0.997
0.997	0.001	0.001	0.001
0.001	0.001	0.155	0.843
0.001	0.997	0.001	0.001
0.001	0.001	0.001	0.997
>GGTCTGCT	5-GGTCTGCT	7.713758	-3.683901	0	T:8.0(7.21%),B:1294.4(3.16%),P:1e-1	Tpos:527.8,Tstd:245.8,Bpos:522.8,Bstd:308.4,StrandBias:-0.2,Multiplicity:2.12
0.001	0.001	0.997	0.001
0.001	0.001	0.997	0.001
0.001	0.001	0.001	0.997
0.001	0.773	0.001	0.225
0.001	0.001	0.001	0.997
0.001	0.001	0.997	0.001
0.001	0.997	0.001	0.001
0.045	0.001	0.001	0.953
