>CGCGAGAAATCT	1-CGCGAGAAATCT	14.440833	-20.219203	0	T:4.0(18.18%),B:24.9(0.07%),P:1e-8	Tpos:715.5,Tstd:239.0,Bpos:665.4,Bstd:211.9,StrandBias:0.0,Multiplicity:1.00
0.001	0.997	0.001	0.001
0.206	0.001	0.792	0.001
0.001	0.997	0.001	0.001
0.001	0.001	0.997	0.001
0.997	0.001	0.001	0.001
0.001	0.001	0.997	0.001
0.997	0.001	0.001	0.001
0.997	0.001	0.001	0.001
0.760	0.001	0.001	0.238
0.001	0.001	0.267	0.731
0.001	0.997	0.001	0.001
0.001	0.001	0.001	0.997
>GGAAACTCCAAA	2-GGAAACTCCAAA	13.848674	-19.125034	0	T:5.0(22.73%),B:107.9(0.28%),P:1e-8	Tpos:346.8,Tstd:312.3,Bpos:456.4,Bstd:317.1,StrandBias:-0.6,Multiplicity:1.00
0.001	0.001	0.997	0.001
0.138	0.001	0.860	0.001
0.752	0.246	0.001	0.001
0.997	0.001	0.001	0.001
0.997	0.001	0.001	0.001
0.001	0.997	0.001	0.001
0.001	0.001	0.001	0.997
0.001	0.997	0.001	0.001
0.001	0.610	0.170	0.219
0.997	0.001	0.001	0.001
0.997	0.001	0.001	0.001
0.997	0.001	0.001	0.001
>GACMAARAACTT	3-GACMAARAACTT	13.648157	-16.099527	0	T:4.0(18.18%),B:72.7(0.19%),P:1e-6	Tpos:435.5,Tstd:215.0,Bpos:534.9,Bstd:342.2,StrandBias:0.0,Multiplicity:1.00
0.053	0.003	0.943	0.001
0.997	0.001	0.001	0.001
0.243	0.727	0.001	0.029
0.566	0.432	0.001	0.001
0.755	0.001	0.243	0.001
0.997	0.001	0.001	0.001
0.566	0.001	0.432	0.001
0.997	0.001	0.001	0.001
0.739	0.259	0.001	0.001
0.001	0.717	0.023	0.259
0.001	0.001	0.001	0.997
0.001	0.001	0.001	0.997
>TTGTTTGTTTGT	4-TTGTTTGTTTGT	13.354922	-14.103436	0	T:6.0(27.27%),B:579.0(1.51%),P:1e-6	Tpos:556.9,Tstd:282.4,Bpos:508.5,Bstd:328.3,StrandBias:0.4,Multiplicity:1.00
0.136	0.001	0.001	0.862
0.001	0.001	0.001	0.997
0.127	0.001	0.791	0.081
0.001	0.001	0.001	0.997
0.001	0.001	0.001	0.997
0.001	0.001	0.001	0.997
0.126	0.001	0.872	0.001
0.001	0.001	0.001	0.997
0.001	0.190	0.001	0.808
0.001	0.001	0.001	0.997
0.001	0.001	0.920	0.078
0.001	0.152	0.001	0.846
>ATTGGTGRTAGA	5-ATTGGTGRTAGA	7.536130	-13.917716	0	T:6.0(27.27%),B:598.9(1.56%),P:1e-6	Tpos:432.3,Tstd:281.3,Bpos:529.3,Bstd:315.6,StrandBias:1.0,Multiplicity:1.00
0.997	0.001	0.001	0.001
0.380	0.001	0.001	0.618
0.001	0.277	0.002	0.720
0.001	0.001	0.996	0.002
0.002	0.001	0.996	0.001
0.001	0.052	0.001	0.946
0.001	0.001	0.997	0.001
0.563	0.001	0.435	0.001
0.047	0.001	0.293	0.659
0.997	0.001	0.001	0.001
0.001	0.001	0.727	0.271
0.997	0.001	0.001	0.001
>ATGTACATGTAC	6-ATGTACATGTAC	11.632423	-11.222307	0	T:4.0(18.18%),B:254.3(0.66%),P:1e-4	Tpos:573.1,Tstd:155.9,Bpos:464.5,Bstd:333.6,StrandBias:-0.4,Multiplicity:1.25
0.990	0.001	0.001	0.008
0.001	0.001	0.001	0.997
0.246	0.001	0.752	0.001
0.001	0.223	0.001	0.775
0.849	0.001	0.149	0.001
0.001	0.495	0.224	0.280
0.997	0.001	0.001	0.001
0.001	0.001	0.001	0.997
0.007	0.224	0.768	0.001
0.001	0.001	0.001	0.997
0.529	0.246	0.224	0.001
0.001	0.876	0.001	0.122
>CMASCCACCACG	7-CMASCCACCACG	9.876266	-10.541468	0	T:4.0(18.18%),B:303.8(0.79%),P:1e-4	Tpos:556.2,Tstd:89.6,Bpos:560.9,Bstd:340.6,StrandBias:-1.6,Multiplicity:1.00
0.001	0.867	0.131	0.001
0.442	0.556	0.001	0.001
0.997	0.001	0.001	0.001
0.255	0.320	0.424	0.001
0.019	0.979	0.001	0.001
0.001	0.712	0.001	0.286
0.884	0.001	0.001	0.114
0.001	0.710	0.001	0.288
0.001	0.702	0.001	0.296
0.596	0.115	0.156	0.133
0.155	0.843	0.001	0.001
0.010	0.156	0.537	0.297
>TMMKCCGCCKCC	8-TMMKCCGCCKCC	11.278105	-10.425027	0	T:3.0(13.64%),B:102.1(0.27%),P:1e-4	Tpos:581.2,Tstd:245.3,Bpos:481.6,Bstd:340.1,StrandBias:-2.0,Multiplicity:1.00
0.001	0.001	0.061	0.937
0.468	0.530	0.001	0.001
0.468	0.530	0.001	0.001
0.001	0.001	0.530	0.468
0.001	0.997	0.001	0.001
0.001	0.997	0.001	0.001
0.001	0.001	0.997	0.001
0.001	0.997	0.001	0.001
0.001	0.997	0.001	0.001
0.001	0.001	0.530	0.468
0.001	0.997	0.001	0.001
0.001	0.997	0.001	0.001
>TBDTACCGTCDT	9-TBDTACCGTCDT	8.776771	-9.722434	0	T:6.0(27.27%),B:1256.7(3.28%),P:1e-4	Tpos:634.4,Tstd:287.7,Bpos:512.7,Bstd:314.3,StrandBias:1.3,Multiplicity:1.17
0.318	0.001	0.001	0.680
0.014	0.319	0.319	0.348
0.319	0.001	0.319	0.361
0.319	0.001	0.013	0.667
0.985	0.013	0.001	0.001
0.001	0.680	0.318	0.001
0.001	0.997	0.001	0.001
0.319	0.027	0.653	0.001
0.001	0.015	0.319	0.665
0.001	0.972	0.026	0.001
0.319	0.001	0.346	0.334
0.001	0.332	0.028	0.639
>CCRWMKCYTAGG	10-CCRWMKCYTAGG	12.967983	-9.535468	0	T:2.0(9.09%),B:20.6(0.05%),P:1e-4	Tpos:155.5,Tstd:21.5,Bpos:350.4,Bstd:361.5,StrandBias:10.0,Multiplicity:1.00
0.001	0.997	0.001	0.001
0.001	0.997	0.001	0.001
0.530	0.001	0.468	0.001
0.470	0.001	0.001	0.528
0.523	0.475	0.001	0.001
0.001	0.062	0.469	0.469
0.001	0.997	0.001	0.001
0.001	0.528	0.001	0.470
0.001	0.001	0.001	0.997
0.997	0.001	0.001	0.001
0.001	0.001	0.997	0.001
0.001	0.001	0.997	0.001
>CGTCTAACATTT	11-CGTCTAACATTT	14.513812	-8.838980	0	T:2.0(9.09%),B:29.9(0.08%),P:1e-3	Tpos:354.0,Tstd:48.9,Bpos:543.4,Bstd:234.9,StrandBias:10.0,Multiplicity:2.00
0.001	0.741	0.001	0.257
0.001	0.001	0.997	0.001
0.001	0.001	0.001	0.997
0.001	0.997	0.001	0.001
0.001	0.001	0.001	0.997
0.997	0.001	0.001	0.001
0.997	0.001	0.001	0.001
0.001	0.997	0.001	0.001
0.764	0.001	0.001	0.234
0.001	0.288	0.001	0.710
0.001	0.001	0.001	0.997
0.001	0.001	0.001	0.997
>CATCCCCTAGGG	12-CATCCCCTAGGG	11.233870	-8.428096	0	T:2.0(9.09%),B:36.8(0.10%),P:1e-3	Tpos:200.5,Tstd:83.4,Bpos:527.3,Bstd:271.8,StrandBias:10.0,Multiplicity:3.00
0.001	0.997	0.001	0.001
0.997	0.001	0.001	0.001
0.215	0.001	0.001	0.783
0.351	0.647	0.001	0.001
0.001	0.997	0.001	0.001
0.351	0.647	0.001	0.001
0.001	0.647	0.001	0.351
0.001	0.001	0.001	0.997
0.997	0.001	0.001	0.001
0.216	0.001	0.647	0.136
0.001	0.001	0.997	0.001
0.001	0.001	0.997	0.001
>ATTTTTGGTATT	13-ATTTTTGGTATT	9.555015	-8.299025	0	T:4.0(18.18%),B:545.5(1.42%),P:1e-3	Tpos:289.1,Tstd:169.1,Bpos:504.1,Bstd:280.4,StrandBias:2.6,Multiplicity:1.75
0.997	0.001	0.001	0.001
0.001	0.001	0.001	0.997
0.001	0.001	0.001	0.997
0.001	0.001	0.001	0.997
0.001	0.001	0.001	0.997
0.001	0.001	0.001	0.997
0.001	0.001	0.997	0.001
0.001	0.001	0.997	0.001
0.220	0.001	0.001	0.778
0.997	0.001	0.001	0.001
0.001	0.001	0.001	0.997
0.131	0.001	0.001	0.867
>CCGTATCAGTAT	14-CCGTATCAGTAT	12.355432	-7.462215	0	T:1.0(4.55%),B:0.7(0.00%),P:1e-3	Tpos:837.0,Tstd:0.0,Bpos:706.0,Bstd:0.0,StrandBias:10.0,Multiplicity:1.00
0.100	0.700	0.100	0.100
0.100	0.700	0.100	0.100
0.100	0.100	0.700	0.100
0.100	0.100	0.100	0.700
0.700	0.100	0.100	0.100
0.100	0.100	0.100	0.700
0.100	0.700	0.100	0.100
0.700	0.100	0.100	0.100
0.100	0.100	0.700	0.100
0.100	0.100	0.100	0.700
0.700	0.100	0.100	0.100
0.100	0.100	0.100	0.700
>ACCTTCTGGATC	15-ACCTTCTGGATC	13.008745	-7.462215	0	T:1.0(4.55%),B:0.4(0.00%),P:1e-3	Tpos:107.0,Tstd:0.0,Bpos:634.0,Bstd:0.0,StrandBias:-10.0,Multiplicity:1.00
0.781	0.217	0.001	0.001
0.001	0.609	0.195	0.195
0.195	0.609	0.195	0.001
0.001	0.001	0.194	0.804
0.389	0.001	0.001	0.609
0.001	0.804	0.194	0.001
0.001	0.194	0.001	0.804
0.001	0.022	0.976	0.001
0.195	0.195	0.609	0.001
0.997	0.001	0.001	0.001
0.194	0.001	0.001	0.804
0.001	0.609	0.195	0.195
>TCACGTGGATAG	16-TCACGTGGATAG	12.355432	-7.462215	0	T:1.0(4.55%),B:1.0(0.00%),P:1e-3	Tpos:764.0,Tstd:0.0,Bpos:282.5,Bstd:70.0,StrandBias:-10.0,Multiplicity:1.00
0.100	0.100	0.100	0.700
0.100	0.700	0.100	0.100
0.700	0.100	0.100	0.100
0.100	0.700	0.100	0.100
0.100	0.100	0.700	0.100
0.100	0.100	0.100	0.700
0.100	0.100	0.700	0.100
0.100	0.100	0.700	0.100
0.700	0.100	0.100	0.100
0.100	0.100	0.100	0.700
0.700	0.100	0.100	0.100
0.100	0.100	0.700	0.100
>CGGTTTTAATAC	17-CGGTTTTAATAC	12.355432	-7.462215	0	T:1.0(4.55%),B:0.7(0.00%),P:1e-3	Tpos:134.0,Tstd:0.0,Bpos:107.0,Bstd:0.0,StrandBias:10.0,Multiplicity:1.00
0.100	0.700	0.100	0.100
0.100	0.100	0.700	0.100
0.100	0.100	0.700	0.100
0.100	0.100	0.100	0.700
0.100	0.100	0.100	0.700
0.100	0.100	0.100	0.700
0.100	0.100	0.100	0.700
0.700	0.100	0.100	0.100
0.700	0.100	0.100	0.100
0.100	0.100	0.100	0.700
0.700	0.100	0.100	0.100
0.100	0.700	0.100	0.100
>CTTGGAGATGCC	18-CTTGGAGATGCC	12.355432	-7.462215	0	T:1.0(4.55%),B:0.5(0.00%),P:1e-3	Tpos:855.0,Tstd:0.0,Bpos:367.0,Bstd:0.0,StrandBias:-10.0,Multiplicity:1.00
0.100	0.700	0.100	0.100
0.100	0.100	0.100	0.700
0.100	0.100	0.100	0.700
0.100	0.100	0.700	0.100
0.100	0.100	0.700	0.100
0.700	0.100	0.100	0.100
0.100	0.100	0.700	0.100
0.700	0.100	0.100	0.100
0.100	0.100	0.100	0.700
0.100	0.100	0.700	0.100
0.100	0.700	0.100	0.100
0.100	0.700	0.100	0.100
>ATTTGCGGAGAT	19-ATTTGCGGAGAT	12.355432	-7.462215	0	T:1.0(4.55%),B:0.4(0.00%),P:1e-3	Tpos:838.0,Tstd:0.0,Bpos:427.0,Bstd:0.0,StrandBias:10.0,Multiplicity:1.00
0.700	0.100	0.100	0.100
0.100	0.100	0.100	0.700
0.100	0.100	0.100	0.700
0.100	0.100	0.100	0.700
0.100	0.100	0.700	0.100
0.100	0.700	0.100	0.100
0.100	0.100	0.700	0.100
0.100	0.100	0.700	0.100
0.700	0.100	0.100	0.100
0.100	0.100	0.700	0.100
0.700	0.100	0.100	0.100
0.100	0.100	0.100	0.700
>CGTTGTAACACT	20-CGTTGTAACACT	12.355432	-7.462215	0	T:1.0(4.55%),B:0.8(0.00%),P:1e-3	Tpos:577.0,Tstd:0.0,Bpos:775.0,Bstd:0.0,StrandBias:-10.0,Multiplicity:1.00
0.100	0.700	0.100	0.100
0.100	0.100	0.700	0.100
0.100	0.100	0.100	0.700
0.100	0.100	0.100	0.700
0.100	0.100	0.700	0.100
0.100	0.100	0.100	0.700
0.700	0.100	0.100	0.100
0.700	0.100	0.100	0.100
0.100	0.700	0.100	0.100
0.700	0.100	0.100	0.100
0.100	0.700	0.100	0.100
0.100	0.100	0.100	0.700
>TCTTTATCTGCG	21-TCTTTATCTGCG	12.355432	-7.462215	0	T:1.0(4.55%),B:0.7(0.00%),P:1e-3	Tpos:200.0,Tstd:0.0,Bpos:715.0,Bstd:0.0,StrandBias:10.0,Multiplicity:1.00
0.100	0.100	0.100	0.700
0.100	0.700	0.100	0.100
0.100	0.100	0.100	0.700
0.100	0.100	0.100	0.700
0.100	0.100	0.100	0.700
0.700	0.100	0.100	0.100
0.100	0.100	0.100	0.700
0.100	0.700	0.100	0.100
0.100	0.100	0.100	0.700
0.100	0.100	0.700	0.100
0.100	0.700	0.100	0.100
0.100	0.100	0.700	0.100
>AATGCTTGCCTC	22-AATGCTTGCCTC	12.355432	-7.462215	0	T:1.0(4.55%),B:0.8(0.00%),P:1e-3	Tpos:562.0,Tstd:0.0,Bpos:665.0,Bstd:0.0,StrandBias:10.0,Multiplicity:1.00
0.700	0.100	0.100	0.100
0.700	0.100	0.100	0.100
0.100	0.100	0.100	0.700
0.100	0.100	0.700	0.100
0.100	0.700	0.100	0.100
0.100	0.100	0.100	0.700
0.100	0.100	0.100	0.700
0.100	0.100	0.700	0.100
0.100	0.700	0.100	0.100
0.100	0.700	0.100	0.100
0.100	0.100	0.100	0.700
0.100	0.700	0.100	0.100
>GAAGAGATACAC	23-GAAGAGATACAC	12.355432	-7.462215	0	T:1.0(4.55%),B:0.5(0.00%),P:1e-3	Tpos:915.0,Tstd:0.0,Bpos:189.0,Bstd:0.0,StrandBias:10.0,Multiplicity:1.00
0.100	0.100	0.700	0.100
0.700	0.100	0.100	0.100
0.700	0.100	0.100	0.100
0.100	0.100	0.700	0.100
0.700	0.100	0.100	0.100
0.100	0.100	0.700	0.100
0.700	0.100	0.100	0.100
0.100	0.100	0.100	0.700
0.700	0.100	0.100	0.100
0.100	0.700	0.100	0.100
0.700	0.100	0.100	0.100
0.100	0.700	0.100	0.100
>GACGGATAAGTT	24-GACGGATAAGTT	12.355432	-7.462215	0	T:1.0(4.55%),B:0.4(0.00%),P:1e-3	Tpos:309.0,Tstd:0.0,Bpos:252.0,Bstd:0.0,StrandBias:-10.0,Multiplicity:1.00
0.100	0.100	0.700	0.100
0.700	0.100	0.100	0.100
0.100	0.700	0.100	0.100
0.100	0.100	0.700	0.100
0.100	0.100	0.700	0.100
0.700	0.100	0.100	0.100
0.100	0.100	0.100	0.700
0.700	0.100	0.100	0.100
0.700	0.100	0.100	0.100
0.100	0.100	0.700	0.100
0.100	0.100	0.100	0.700
0.100	0.100	0.100	0.700
>AACCCCTAGGGG	25-AACCCCTAGGGG	12.881943	-6.769342	0	T:1.0(4.55%),B:2.0(0.01%),P:1e-2	Tpos:286.7,Tstd:21.2,Bpos:931.0,Bstd:0.0,StrandBias:-10.0,Multiplicity:3.00
0.673	0.001	0.163	0.163
0.489	0.326	0.001	0.184
0.001	0.836	0.001	0.162
0.001	0.836	0.001	0.162
0.018	0.980	0.001	0.001
0.001	0.673	0.001	0.325
0.001	0.001	0.001	0.997
0.836	0.001	0.162	0.001
0.344	0.001	0.654	0.001
0.001	0.001	0.997	0.001
0.162	0.001	0.836	0.001
0.326	0.001	0.510	0.163
