>GATAAGAT	1-GATAAGAT	8.236954	-116.787371	0	T:87.0(32.58%),B:1648.7(4.16%),P:1e-50	Tpos:698.8,Tstd:254.6,Bpos:521.8,Bstd:312.0,StrandBias:-0.3,Multiplicity:1.17
0.100	0.100	0.700	0.100
0.700	0.100	0.100	0.100
0.100	0.100	0.100	0.700
0.700	0.100	0.100	0.100
0.700	0.100	0.100	0.100
0.100	0.100	0.700	0.100
0.700	0.100	0.100	0.100
0.100	0.100	0.100	0.700
>TGATAAGA	2-TGATAAGA	7.179414	-94.102245	0	T:175.0(65.54%),B:10256.6(25.89%),P:1e-40	Tpos:586.4,Tstd:285.4,Bpos:548.9,Bstd:312.7,StrandBias:-0.5,Multiplicity:1.40
0.114	0.153	0.001	0.732
0.001	0.001	0.997	0.001
0.997	0.001	0.001	0.001
0.001	0.001	0.001	0.997
0.997	0.001	0.001	0.001
0.997	0.001	0.001	0.001
0.001	0.111	0.887	0.001
0.797	0.001	0.201	0.001
>CCCTGACC	3-CCCTGACC	6.830695	-19.390198	0	T:46.0(17.23%),B:2633.6(6.65%),P:1e-8	Tpos:520.1,Tstd:270.0,Bpos:493.1,Bstd:306.5,StrandBias:0.6,Multiplicity:1.13
0.022	0.904	0.033	0.041
0.094	0.689	0.001	0.216
0.001	0.974	0.024	0.001
0.045	0.051	0.078	0.826
0.001	0.001	0.997	0.001
0.978	0.001	0.020	0.001
0.029	0.903	0.001	0.067
0.001	0.997	0.001	0.001
>CCACACTA	4-CCACACTA	8.072968	-17.313102	0	T:49.0(18.35%),B:3118.9(7.87%),P:1e-7	Tpos:520.0,Tstd:298.9,Bpos:502.7,Bstd:307.6,StrandBias:0.6,Multiplicity:1.08
0.044	0.916	0.039	0.001
0.098	0.665	0.050	0.187
0.997	0.001	0.001	0.001
0.001	0.961	0.037	0.001
0.997	0.001	0.001	0.001
0.034	0.735	0.030	0.201
0.001	0.043	0.131	0.825
0.941	0.001	0.057	0.001
>TGTAGTCT	5-TGTAGTCT	6.928447	-17.019093	0	T:102.0(38.20%),B:9227.5(23.30%),P:1e-7	Tpos:591.2,Tstd:273.2,Bpos:499.7,Bstd:309.2,StrandBias:0.2,Multiplicity:1.32
0.001	0.001	0.001	0.997
0.001	0.001	0.997	0.001
0.001	0.058	0.001	0.940
0.871	0.052	0.076	0.001
0.001	0.001	0.909	0.089
0.102	0.108	0.068	0.722
0.001	0.947	0.051	0.001
0.218	0.001	0.024	0.757
