>TGATAAGATA	1-TGATAAGATA	6.685366	-131.391154	0	T:95.0(35.58%),B:1745.2(4.41%),P:1e-57	Tpos:690.7,Tstd:258.1,Bpos:540.9,Bstd:315.2,StrandBias:-0.5,Multiplicity:1.19
0.077	0.096	0.001	0.826
0.001	0.001	0.997	0.001
0.997	0.001	0.001	0.001
0.001	0.001	0.001	0.997
0.997	0.001	0.001	0.001
0.997	0.001	0.001	0.001
0.001	0.001	0.997	0.001
0.997	0.001	0.001	0.001
0.001	0.054	0.001	0.944
0.878	0.001	0.001	0.120
>AATGATAAGA	2-AATGATAAGA	8.184864	-80.398172	0	T:135.0(50.56%),B:6761.1(17.07%),P:1e-34	Tpos:556.4,Tstd:288.4,Bpos:543.6,Bstd:311.4,StrandBias:-0.6,Multiplicity:1.27
0.943	0.029	0.013	0.015
0.809	0.100	0.005	0.086
0.038	0.019	0.018	0.925
0.001	0.035	0.963	0.001
0.972	0.026	0.001	0.001
0.045	0.022	0.001	0.932
0.914	0.005	0.080	0.001
0.949	0.026	0.020	0.005
0.035	0.105	0.821	0.039
0.795	0.016	0.128	0.061
>AGACTACACT	3-AGACTACACT	9.140017	-32.669358	0	T:32.0(11.99%),B:834.0(2.11%),P:1e-14	Tpos:625.6,Tstd:255.9,Bpos:521.9,Bstd:312.0,StrandBias:0.1,Multiplicity:1.06
0.684	0.146	0.001	0.169
0.028	0.303	0.668	0.001
0.676	0.001	0.276	0.047
0.082	0.916	0.001	0.001
0.001	0.161	0.001	0.837
0.779	0.001	0.092	0.128
0.001	0.997	0.001	0.001
0.882	0.001	0.001	0.116
0.154	0.844	0.001	0.001
0.079	0.175	0.001	0.745
>TATTATCTCT	4-TATTATCTCT	8.620100	-29.066147	0	T:109.0(40.82%),B:8324.1(21.02%),P:1e-12	Tpos:550.4,Tstd:293.7,Bpos:527.1,Bstd:306.7,StrandBias:1.0,Multiplicity:1.26
0.133	0.203	0.001	0.663
0.794	0.168	0.001	0.037
0.001	0.217	0.001	0.781
0.001	0.077	0.001	0.921
0.633	0.038	0.177	0.152
0.001	0.001	0.001	0.997
0.001	0.997	0.001	0.001
0.264	0.001	0.001	0.734
0.017	0.613	0.230	0.140
0.081	0.019	0.001	0.899
>GCTGCGTGGC	5-GCTGCGTGGC	10.442953	-24.069174	0	T:12.0(4.49%),B:108.9(0.27%),P:1e-10	Tpos:610.1,Tstd:211.4,Bpos:524.2,Bstd:278.2,StrandBias:1.0,Multiplicity:1.00
0.001	0.001	0.997	0.001
0.001	0.918	0.001	0.080
0.087	0.147	0.001	0.765
0.045	0.001	0.863	0.091
0.001	0.933	0.001	0.065
0.001	0.001	0.922	0.076
0.001	0.001	0.001	0.997
0.076	0.001	0.922	0.001
0.001	0.001	0.997	0.001
0.210	0.788	0.001	0.001
>TTATCAACAC	6-TTATCAACAC	8.645491	-23.343398	0	T:50.0(18.73%),B:2678.0(6.76%),P:1e-10	Tpos:472.3,Tstd:275.7,Bpos:517.0,Bstd:305.0,StrandBias:0.1,Multiplicity:1.11
0.001	0.001	0.001	0.997
0.001	0.028	0.001	0.970
0.818	0.101	0.033	0.048
0.025	0.039	0.041	0.895
0.127	0.796	0.001	0.076
0.872	0.126	0.001	0.001
0.940	0.022	0.037	0.001
0.001	0.887	0.089	0.023
0.937	0.061	0.001	0.001
0.051	0.882	0.066	0.001
>AGTCGCTTTG	7-AGTCGCTTTG	8.278243	-22.363073	0	T:17.0(6.37%),B:323.5(0.82%),P:1e-9	Tpos:426.1,Tstd:252.7,Bpos:512.9,Bstd:295.5,StrandBias:-1.7,Multiplicity:1.00
0.815	0.054	0.065	0.066
0.108	0.222	0.628	0.042
0.250	0.054	0.029	0.667
0.059	0.608	0.231	0.102
0.050	0.008	0.734	0.208
0.124	0.604	0.252	0.020
0.036	0.061	0.280	0.623
0.271	0.036	0.035	0.658
0.096	0.054	0.035	0.815
0.225	0.202	0.431	0.142
>AATGGTCATC	8-AATGGTCATC	7.553427	-21.176005	0	T:48.0(17.98%),B:2668.5(6.74%),P:1e-9	Tpos:522.8,Tstd:278.8,Bpos:500.1,Bstd:305.4,StrandBias:0.2,Multiplicity:1.04
0.783	0.069	0.080	0.068
0.886	0.042	0.032	0.040
0.073	0.043	0.079	0.805
0.068	0.100	0.769	0.063
0.057	0.027	0.844	0.072
0.076	0.010	0.072	0.842
0.051	0.790	0.084	0.075
0.820	0.047	0.035	0.098
0.102	0.045	0.094	0.759
0.114	0.709	0.102	0.075
>ACATGACTAC	9-ACATGACTAC	6.555176	-21.167834	0	T:50.0(18.73%),B:2855.9(7.21%),P:1e-9	Tpos:582.3,Tstd:290.3,Bpos:492.0,Bstd:302.2,StrandBias:0.0,Multiplicity:1.08
0.670	0.091	0.093	0.146
0.179	0.572	0.070	0.179
0.493	0.192	0.120	0.195
0.170	0.027	0.027	0.776
0.109	0.103	0.650	0.138
0.538	0.153	0.166	0.143
0.143	0.663	0.074	0.120
0.180	0.202	0.112	0.506
0.652	0.127	0.063	0.158
0.090	0.534	0.191	0.185
>ATGGCGTTAG	10-ATGGCGTTAG	10.204237	-20.995307	0	T:8.0(3.00%),B:38.8(0.10%),P:1e-9	Tpos:457.5,Tstd:271.7,Bpos:448.1,Bstd:278.0,StrandBias:-0.7,Multiplicity:1.00
0.834	0.001	0.164	0.001
0.001	0.001	0.001	0.997
0.001	0.184	0.814	0.001
0.001	0.001	0.997	0.001
0.001	0.997	0.001	0.001
0.001	0.001	0.997	0.001
0.001	0.001	0.001	0.997
0.001	0.001	0.001	0.997
0.872	0.001	0.126	0.001
0.001	0.001	0.997	0.001
>ATTCATTTAG	11-ATTCATTTAG	8.148318	-20.601992	0	T:45.0(16.85%),B:2440.8(6.16%),P:1e-8	Tpos:634.7,Tstd:241.5,Bpos:510.0,Bstd:304.8,StrandBias:0.5,Multiplicity:1.07
0.718	0.067	0.214	0.001
0.092	0.253	0.096	0.559
0.261	0.044	0.054	0.641
0.125	0.499	0.211	0.166
0.629	0.046	0.016	0.309
0.065	0.273	0.184	0.477
0.030	0.030	0.005	0.935
0.008	0.006	0.158	0.828
0.759	0.211	0.020	0.010
0.001	0.152	0.602	0.245
>GTCGCTGCGT	12-GTCGCTGCGT	9.757870	-20.496504	0	T:13.0(4.87%),B:189.0(0.48%),P:1e-8	Tpos:464.5,Tstd:260.1,Bpos:497.5,Bstd:288.9,StrandBias:0.8,Multiplicity:1.08
0.105	0.091	0.745	0.059
0.001	0.001	0.001	0.997
0.001	0.997	0.001	0.001
0.001	0.083	0.915	0.001
0.001	0.889	0.068	0.042
0.070	0.067	0.001	0.862
0.001	0.001	0.997	0.001
0.072	0.735	0.192	0.001
0.001	0.001	0.997	0.001
0.001	0.078	0.001	0.920
>ACGCTTAACA	13-ACGCTTAACA	9.653640	-19.667332	0	T:20.0(7.49%),B:557.4(1.41%),P:1e-8	Tpos:496.7,Tstd:290.9,Bpos:499.3,Bstd:291.6,StrandBias:0.4,Multiplicity:1.05
0.856	0.066	0.001	0.077
0.028	0.870	0.066	0.036
0.144	0.001	0.812	0.043
0.052	0.880	0.067	0.001
0.001	0.001	0.001	0.997
0.040	0.001	0.001	0.958
0.869	0.049	0.081	0.001
0.894	0.104	0.001	0.001
0.001	0.997	0.001	0.001
0.912	0.086	0.001	0.001
>TTGGTGTGCA	14-TTGGTGTGCA	9.799619	-19.406127	0	T:20.0(7.49%),B:566.5(1.43%),P:1e-8	Tpos:491.5,Tstd:299.4,Bpos:503.4,Bstd:307.1,StrandBias:0.0,Multiplicity:1.10
0.053	0.001	0.001	0.945
0.001	0.152	0.072	0.775
0.046	0.049	0.904	0.001
0.030	0.050	0.893	0.027
0.043	0.001	0.079	0.877
0.001	0.001	0.997	0.001
0.039	0.082	0.001	0.878
0.001	0.041	0.957	0.001
0.001	0.890	0.001	0.108
0.907	0.001	0.091	0.001
>ATCTCCTACC	15-ATCTCCTACC	9.976708	-19.063044	0	T:18.0(6.74%),B:461.6(1.17%),P:1e-8	Tpos:507.1,Tstd:265.1,Bpos:536.4,Bstd:301.1,StrandBias:1.0,Multiplicity:1.00
0.852	0.001	0.099	0.048
0.001	0.001	0.001	0.997
0.001	0.826	0.091	0.082
0.001	0.001	0.001	0.997
0.075	0.862	0.062	0.001
0.066	0.824	0.109	0.001
0.001	0.061	0.001	0.937
0.895	0.001	0.061	0.043
0.001	0.933	0.001	0.065
0.001	0.937	0.001	0.061
>ACATCATCGA	16-ACATCATCGA	10.238542	-18.760421	0	T:20.0(7.49%),B:589.3(1.49%),P:1e-8	Tpos:479.9,Tstd:277.6,Bpos:498.2,Bstd:304.8,StrandBias:-0.9,Multiplicity:1.00
0.997	0.001	0.001	0.001
0.145	0.853	0.001	0.001
0.997	0.001	0.001	0.001
0.001	0.001	0.001	0.997
0.001	0.997	0.001	0.001
0.997	0.001	0.001	0.001
0.001	0.076	0.001	0.922
0.050	0.874	0.075	0.001
0.001	0.001	0.954	0.044
0.895	0.103	0.001	0.001
>CACAATGTAC	17-CACAATGTAC	9.350553	-18.349150	0	T:28.0(10.49%),B:1163.9(2.94%),P:1e-7	Tpos:506.9,Tstd:288.4,Bpos:499.2,Bstd:308.0,StrandBias:-0.1,Multiplicity:1.04
0.025	0.894	0.046	0.035
0.945	0.001	0.001	0.053
0.056	0.861	0.037	0.046
0.937	0.001	0.001	0.061
0.826	0.056	0.063	0.055
0.031	0.001	0.001	0.967
0.001	0.001	0.983	0.015
0.026	0.001	0.001	0.972
0.706	0.057	0.030	0.207
0.001	0.932	0.040	0.027
>TGATAAGAAA	18-TGATAAGAAA	10.272993	-18.057467	0	T:44.0(16.48%),B:2562.7(6.47%),P:1e-7	Tpos:636.2,Tstd:293.9,Bpos:557.5,Bstd:313.3,StrandBias:0.1,Multiplicity:1.04
0.079	0.001	0.001	0.919
0.001	0.001	0.997	0.001
0.997	0.001	0.001	0.001
0.001	0.001	0.001	0.997
0.892	0.001	0.001	0.106
0.997	0.001	0.001	0.001
0.001	0.001	0.997	0.001
0.997	0.001	0.001	0.001
0.879	0.001	0.119	0.001
0.848	0.039	0.001	0.112
>TCGGGGACTC	19-TCGGGGACTC	8.241313	-17.919105	0	T:13.0(4.87%),B:236.5(0.60%),P:1e-7	Tpos:373.9,Tstd:272.5,Bpos:503.2,Bstd:315.4,StrandBias:0.0,Multiplicity:1.08
0.060	0.210	0.011	0.719
0.307	0.596	0.081	0.016
0.205	0.033	0.718	0.044
0.059	0.074	0.807	0.060
0.047	0.016	0.699	0.238
0.333	0.027	0.612	0.028
0.488	0.088	0.185	0.239
0.213	0.531	0.235	0.021
0.077	0.058	0.057	0.808
0.057	0.645	0.297	0.001
>GGTCAGGGGT	20-GGTCAGGGGT	10.287110	-17.532325	0	T:12.0(4.49%),B:200.8(0.51%),P:1e-7	Tpos:461.9,Tstd:286.4,Bpos:512.4,Bstd:309.8,StrandBias:-0.4,Multiplicity:1.33
0.001	0.001	0.997	0.001
0.053	0.068	0.878	0.001
0.001	0.099	0.076	0.824
0.001	0.997	0.001	0.001
0.850	0.079	0.070	0.001
0.001	0.001	0.997	0.001
0.056	0.001	0.873	0.070
0.060	0.001	0.938	0.001
0.001	0.001	0.997	0.001
0.066	0.001	0.001	0.932
>CCAATGCAAA	21-CCAATGCAAA	10.057198	-17.122616	0	T:24.0(8.99%),B:930.6(2.35%),P:1e-7	Tpos:507.8,Tstd:289.6,Bpos:512.5,Bstd:299.9,StrandBias:-0.4,Multiplicity:1.08
0.001	0.795	0.203	0.001
0.056	0.876	0.067	0.001
0.997	0.001	0.001	0.001
0.859	0.001	0.083	0.057
0.023	0.001	0.001	0.975
0.001	0.022	0.781	0.196
0.001	0.970	0.001	0.028
0.906	0.028	0.065	0.001
0.962	0.036	0.001	0.001
0.873	0.037	0.062	0.028
>GCGATAAGAG	22-GCGATAAGAG	9.942741	-15.172424	0	T:19.0(7.12%),B:670.1(1.69%),P:1e-6	Tpos:532.3,Tstd:313.5,Bpos:550.5,Bstd:321.0,StrandBias:-1.7,Multiplicity:1.06
0.186	0.078	0.735	0.001
0.048	0.824	0.063	0.065
0.071	0.001	0.927	0.001
0.997	0.001	0.001	0.001
0.041	0.001	0.001	0.957
0.944	0.001	0.054	0.001
0.997	0.001	0.001	0.001
0.001	0.001	0.997	0.001
0.754	0.145	0.100	0.001
0.083	0.001	0.915	0.001
>TATGGTCGGC	23-TATGGTCGGC	8.260984	-14.549521	0	T:24.0(8.99%),B:1075.9(2.72%),P:1e-6	Tpos:437.9,Tstd:321.3,Bpos:489.8,Bstd:291.5,StrandBias:-0.1,Multiplicity:1.12
0.001	0.096	0.069	0.834
0.744	0.152	0.001	0.103
0.001	0.001	0.003	0.995
0.001	0.070	0.868	0.061
0.226	0.002	0.771	0.001
0.004	0.094	0.003	0.899
0.334	0.664	0.001	0.001
0.159	0.001	0.839	0.001
0.047	0.001	0.896	0.056
0.001	0.765	0.135	0.099
>ATAAGGAATA	24-ATAAGGAATA	9.952822	-12.197431	0	T:26.0(9.74%),B:1411.2(3.56%),P:1e-5	Tpos:511.6,Tstd:322.9,Bpos:501.5,Bstd:314.2,StrandBias:-0.8,Multiplicity:1.20
0.875	0.001	0.123	0.001
0.043	0.001	0.055	0.901
0.949	0.027	0.001	0.023
0.786	0.130	0.037	0.047
0.069	0.030	0.846	0.055
0.001	0.203	0.737	0.059
0.997	0.001	0.001	0.001
0.997	0.001	0.001	0.001
0.027	0.028	0.001	0.944
0.974	0.001	0.024	0.001
>AATCTGTAAA	25-AATCTGTAAA	10.241778	-5.794554	0	T:17.0(6.37%),B:1176.1(2.97%),P:1e-2	Tpos:414.0,Tstd:258.7,Bpos:501.8,Bstd:303.3,StrandBias:2.1,Multiplicity:1.59
0.997	0.001	0.001	0.001
0.871	0.001	0.127	0.001
0.001	0.001	0.001	0.997
0.001	0.997	0.001	0.001
0.069	0.001	0.256	0.674
0.001	0.001	0.997	0.001
0.001	0.001	0.001	0.997
0.941	0.001	0.001	0.057
0.997	0.001	0.001	0.001
0.814	0.184	0.001	0.001
