>WACTGAAAATCG	1-WACTGAAAATCG	13.217100	-21.113687	0	T:7.0(25.93%),B:246.3(0.69%),P:1e-9	Tpos:436.0,Tstd:248.7,Bpos:485.8,Bstd:358.8,StrandBias:0.4,Multiplicity:1.00
0.402	0.001	0.133	0.465
0.997	0.001	0.001	0.001
0.001	0.602	0.001	0.396
0.001	0.001	0.001	0.997
0.001	0.001	0.997	0.001
0.997	0.001	0.001	0.001
0.744	0.254	0.001	0.001
0.997	0.001	0.001	0.001
0.997	0.001	0.001	0.001
0.168	0.001	0.001	0.830
0.001	0.997	0.001	0.001
0.001	0.001	0.997	0.001
>ATAAGAGACATA	2-ATAAGAGACATA	10.345737	-19.692584	0	T:6.0(22.22%),B:162.7(0.46%),P:1e-8	Tpos:522.7,Tstd:258.5,Bpos:491.7,Bstd:336.2,StrandBias:0.0,Multiplicity:1.00
0.762	0.043	0.067	0.128
0.228	0.059	0.125	0.588
0.662	0.094	0.082	0.162
0.761	0.074	0.077	0.088
0.211	0.097	0.626	0.066
0.814	0.040	0.044	0.102
0.267	0.064	0.553	0.116
0.789	0.062	0.032	0.117
0.265	0.459	0.145	0.131
0.715	0.054	0.086	0.145
0.185	0.087	0.124	0.604
0.669	0.085	0.139	0.107
>ATTCATAAAATC	3-ATTCATAAAATC	11.293576	-18.653439	0	T:11.0(40.74%),B:1552.8(4.38%),P:1e-8	Tpos:512.8,Tstd:262.6,Bpos:514.6,Bstd:336.1,StrandBias:-1.2,Multiplicity:1.18
0.997	0.001	0.001	0.001
0.001	0.001	0.072	0.926
0.075	0.157	0.055	0.713
0.047	0.828	0.056	0.069
0.637	0.361	0.001	0.001
0.245	0.001	0.001	0.753
0.844	0.001	0.080	0.075
0.787	0.211	0.001	0.001
0.997	0.001	0.001	0.001
0.918	0.001	0.001	0.080
0.087	0.001	0.001	0.911
0.244	0.700	0.001	0.055
>CATACTGCATGG	4-CATACTGCATGG	8.619561	-18.397743	0	T:12.0(44.44%),B:2037.5(5.74%),P:1e-7	Tpos:525.7,Tstd:305.6,Bpos:486.8,Bstd:318.4,StrandBias:0.4,Multiplicity:1.17
0.401	0.597	0.001	0.001
0.919	0.001	0.001	0.079
0.074	0.076	0.001	0.849
0.716	0.001	0.089	0.194
0.148	0.711	0.001	0.140
0.172	0.001	0.001	0.826
0.146	0.084	0.588	0.182
0.149	0.849	0.001	0.001
0.703	0.001	0.295	0.001
0.083	0.001	0.098	0.818
0.001	0.001	0.587	0.411
0.001	0.072	0.844	0.083
>TTGGTTTTCATT	5-TTGGTTTTCATT	13.947653	-14.186163	0	T:5.0(18.52%),B:219.1(0.62%),P:1e-6	Tpos:572.4,Tstd:309.2,Bpos:464.4,Bstd:325.9,StrandBias:2.0,Multiplicity:1.00
0.001	0.001	0.001	0.997
0.001	0.001	0.001	0.997
0.001	0.001	0.852	0.146
0.001	0.001	0.997	0.001
0.001	0.001	0.001	0.997
0.001	0.001	0.001	0.997
0.001	0.317	0.001	0.681
0.001	0.001	0.001	0.997
0.001	0.849	0.001	0.149
0.806	0.001	0.001	0.192
0.001	0.001	0.001	0.997
0.001	0.001	0.001	0.997
>AAAAATTATTGA	6-AAAAATTATTGA	13.488555	-13.429148	0	T:8.0(29.63%),B:1137.8(3.21%),P:1e-5	Tpos:659.5,Tstd:204.5,Bpos:501.4,Bstd:355.4,StrandBias:-1.4,Multiplicity:1.38
0.997	0.001	0.001	0.001
0.997	0.001	0.001	0.001
0.997	0.001	0.001	0.001
0.997	0.001	0.001	0.001
0.899	0.001	0.001	0.099
0.001	0.001	0.001	0.997
0.001	0.122	0.001	0.876
0.895	0.001	0.103	0.001
0.001	0.001	0.001	0.997
0.001	0.001	0.112	0.886
0.080	0.001	0.918	0.001
0.876	0.001	0.122	0.001
>AGCCTGAATTCT	7-AGCCTGAATTCT	14.423984	-13.302021	0	T:2.0(7.41%),B:1.1(0.00%),P:1e-5	Tpos:272.3,Tstd:112.0,Bpos:259.8,Bstd:129.9,StrandBias:10.0,Multiplicity:1.50
0.815	0.001	0.001	0.183
0.001	0.001	0.997	0.001
0.001	0.815	0.001	0.183
0.001	0.997	0.001	0.001
0.001	0.216	0.001	0.782
0.001	0.001	0.997	0.001
0.997	0.001	0.001	0.001
0.997	0.001	0.001	0.001
0.001	0.001	0.001	0.997
0.001	0.216	0.001	0.782
0.001	0.997	0.001	0.001
0.001	0.001	0.001	0.997
>TGGATCATCCAG	8-TGGATCATCCAG	9.590314	-12.124819	0	T:6.0(22.22%),B:603.0(1.70%),P:1e-5	Tpos:428.3,Tstd:321.5,Bpos:484.6,Bstd:318.9,StrandBias:0.0,Multiplicity:1.33
0.001	0.001	0.001	0.997
0.001	0.001	0.725	0.273
0.181	0.001	0.701	0.117
0.997	0.001	0.001	0.001
0.099	0.001	0.320	0.580
0.001	0.690	0.308	0.001
0.765	0.117	0.001	0.117
0.090	0.001	0.001	0.908
0.117	0.476	0.205	0.201
0.166	0.642	0.001	0.191
0.822	0.001	0.001	0.176
0.117	0.001	0.703	0.179
>TTTATTTGTACT	9-TTTATTTGTACT	14.274768	-12.053441	0	T:4.0(14.81%),B:152.1(0.43%),P:1e-5	Tpos:465.8,Tstd:191.6,Bpos:489.2,Bstd:340.2,StrandBias:-2.0,Multiplicity:1.25
0.001	0.001	0.001	0.997
0.001	0.001	0.001	0.997
0.001	0.001	0.001	0.997
0.997	0.001	0.001	0.001
0.001	0.001	0.001	0.997
0.001	0.001	0.001	0.997
0.001	0.001	0.001	0.997
0.207	0.001	0.640	0.152
0.001	0.225	0.001	0.773
0.997	0.001	0.001	0.001
0.001	0.825	0.001	0.173
0.001	0.001	0.001	0.997
>GTCTTACTAAGA	10-GTCTTACTAAGA	12.334663	-11.860216	0	T:3.0(11.11%),B:46.1(0.13%),P:1e-5	Tpos:340.2,Tstd:207.3,Bpos:554.1,Bstd:206.2,StrandBias:-0.6,Multiplicity:1.33
0.001	0.294	0.704	0.001
0.294	0.001	0.001	0.704
0.001	0.834	0.001	0.164
0.001	0.001	0.001	0.997
0.001	0.001	0.001	0.997
0.997	0.001	0.001	0.001
0.001	0.729	0.269	0.001
0.414	0.001	0.001	0.584
0.997	0.001	0.001	0.001
0.749	0.249	0.001	0.001
0.001	0.001	0.997	0.001
0.749	0.001	0.001	0.249
>CTGATCCTAVCC	11-CTGATCCTAVCC	14.000998	-7.181226	0	T:1.0(3.70%),B:0.0(0.00%),P:1e-3	Tpos:126.0,Tstd:0.0,Bpos:0.0,Bstd:0.0,StrandBias:10.0,Multiplicity:1.00
0.001	0.997	0.001	0.001
0.001	0.001	0.001	0.997
0.011	0.001	0.670	0.318
0.997	0.001	0.001	0.001
0.001	0.001	0.318	0.680
0.001	0.997	0.001	0.001
0.318	0.680	0.001	0.001
0.001	0.001	0.001	0.997
0.680	0.001	0.001	0.318
0.329	0.318	0.351	0.001
0.001	0.988	0.001	0.010
0.001	0.997	0.001	0.001
>AAAAATCGWTTT	12-AAAAATCGWTTT	11.749291	-5.919503	0	T:8.0(29.63%),B:3342.2(9.42%),P:1e-2	Tpos:534.9,Tstd:287.9,Bpos:517.6,Bstd:399.9,StrandBias:0.1,Multiplicity:2.00
0.646	0.174	0.109	0.071
0.798	0.001	0.109	0.092
0.997	0.001	0.001	0.001
0.997	0.001	0.001	0.001
0.931	0.067	0.001	0.001
0.302	0.001	0.001	0.696
0.001	0.954	0.001	0.044
0.076	0.001	0.922	0.001
0.503	0.060	0.001	0.436
0.001	0.001	0.066	0.932
0.001	0.102	0.001	0.896
0.071	0.001	0.001	0.927
>HCCCCCCCCCCC	13-HCCCCCCCCCCC	13.096098	-3.901962	0	T:3.0(11.11%),B:767.6(2.16%),P:1e-1	Tpos:725.2,Tstd:153.5,Bpos:530.1,Bstd:390.9,StrandBias:10.0,Multiplicity:1.00
0.326	0.326	0.139	0.210
0.276	0.720	0.001	0.003
0.001	0.994	0.001	0.004
0.001	0.994	0.001	0.004
0.001	0.993	0.001	0.005
0.001	0.994	0.001	0.004
0.001	0.813	0.001	0.185
0.001	0.997	0.001	0.001
0.001	0.997	0.001	0.001
0.001	0.838	0.001	0.160
0.124	0.873	0.001	0.002
0.163	0.503	0.001	0.333
