>CAGTCCAG	1-CAGTCCAG	7.082782	-12.370065	0	T:11.0(40.74%),B:2904.8(8.19%),P:1e-5	Tpos:581.8,Tstd:251.8,Bpos:505.3,Bstd:339.6,StrandBias:2.3,Multiplicity:1.09
0.001	0.785	0.001	0.213
0.997	0.001	0.001	0.001
0.001	0.001	0.997	0.001
0.001	0.001	0.001	0.997
0.001	0.997	0.001	0.001
0.114	0.884	0.001	0.001
0.997	0.001	0.001	0.001
0.001	0.369	0.532	0.098
>GTAAGTGC	2-GTAAGTGC	8.137622	-8.878056	0	T:6.0(22.22%),B:1082.6(3.05%),P:1e-3	Tpos:499.5,Tstd:294.8,Bpos:493.7,Bstd:318.8,StrandBias:-0.7,Multiplicity:1.33
0.001	0.145	0.853	0.001
0.001	0.001	0.001	0.997
0.997	0.001	0.001	0.001
0.882	0.001	0.116	0.001
0.001	0.001	0.997	0.001
0.001	0.001	0.174	0.824
0.090	0.001	0.908	0.001
0.054	0.944	0.001	0.001
>CCTCAGCC	3-CCTCAGCC	6.436834	-6.338044	0	T:12.0(44.44%),B:6571.6(18.53%),P:1e-2	Tpos:444.1,Tstd:243.1,Bpos:491.8,Bstd:345.5,StrandBias:1.1,Multiplicity:1.33
0.001	0.770	0.001	0.228
0.337	0.609	0.001	0.053
0.001	0.131	0.211	0.657
0.001	0.755	0.243	0.001
0.812	0.161	0.001	0.026
0.199	0.105	0.695	0.001
0.104	0.894	0.001	0.001
0.117	0.881	0.001	0.001
>TCTGATCC	4-TCTGATCC	8.447054	-5.405607	0	T:6.0(22.22%),B:2113.3(5.96%),P:1e-2	Tpos:318.5,Tstd:200.7,Bpos:474.7,Bstd:319.2,StrandBias:0.6,Multiplicity:1.67
0.001	0.001	0.146	0.852
0.001	0.997	0.001	0.001
0.001	0.001	0.001	0.997
0.001	0.001	0.997	0.001
0.997	0.001	0.001	0.001
0.085	0.001	0.113	0.801
0.001	0.997	0.001	0.001
0.001	0.997	0.001	0.001
>CCCCCCCC	5-CCCCCCCC	10.837650	-3.417835	0	T:3.0(11.11%),B:926.3(2.61%),P:1e-1	Tpos:682.6,Tstd:191.2,Bpos:532.8,Bstd:389.5,StrandBias:10.0,Multiplicity:1.00
0.089	0.909	0.001	0.001
0.001	0.997	0.001	0.001
0.001	0.997	0.001	0.001
0.001	0.997	0.001	0.001
0.001	0.997	0.001	0.001
0.001	0.949	0.001	0.049
0.001	0.997	0.001	0.001
0.084	0.914	0.001	0.001
