>GCACTTACCC	1-GCACTTACCC	11.706038	-14.248186	0	T:4.0(14.81%),B:86.4(0.24%),P:1e-6	Tpos:528.8,Tstd:314.1,Bpos:524.3,Bstd:304.9,StrandBias:2.0,Multiplicity:1.25
0.001	0.001	0.775	0.223
0.001	0.997	0.001	0.001
0.997	0.001	0.001	0.001
0.001	0.997	0.001	0.001
0.001	0.001	0.001	0.997
0.001	0.001	0.001	0.997
0.997	0.001	0.001	0.001
0.300	0.698	0.001	0.001
0.239	0.759	0.001	0.001
0.001	0.997	0.001	0.001
>GATTTTTCCG	2-GATTTTTCCG	11.156964	-10.361959	0	T:10.0(37.04%),B:2907.0(8.20%),P:1e-4	Tpos:564.1,Tstd:256.9,Bpos:514.7,Bstd:392.7,StrandBias:0.7,Multiplicity:1.30
0.001	0.001	0.620	0.378
0.997	0.001	0.001	0.001
0.001	0.001	0.001	0.997
0.001	0.001	0.001	0.997
0.001	0.001	0.001	0.997
0.001	0.001	0.001	0.997
0.001	0.001	0.001	0.997
0.001	0.997	0.001	0.001
0.168	0.830	0.001	0.001
0.001	0.001	0.655	0.343
>CTGTGTGTGT	3-CTGTGTGTGT	10.263952	-8.336372	0	T:5.0(18.52%),B:753.7(2.13%),P:1e-3	Tpos:406.1,Tstd:276.5,Bpos:517.7,Bstd:343.2,StrandBias:0.6,Multiplicity:2.00
0.066	0.879	0.054	0.001
0.001	0.001	0.146	0.852
0.001	0.001	0.997	0.001
0.001	0.162	0.001	0.836
0.001	0.001	0.997	0.001
0.181	0.001	0.001	0.817
0.001	0.142	0.856	0.001
0.156	0.001	0.001	0.842
0.001	0.001	0.997	0.001
0.001	0.001	0.001	0.997
>YAGMCTGAAT	4-YAGMCTGAAT	8.625192	-7.383352	0	T:7.0(25.93%),B:2014.6(5.68%),P:1e-3	Tpos:393.7,Tstd:261.1,Bpos:496.0,Bstd:339.1,StrandBias:1.7,Multiplicity:2.14
0.001	0.571	0.001	0.427
0.928	0.001	0.001	0.070
0.001	0.001	0.997	0.001
0.346	0.341	0.134	0.179
0.001	0.854	0.001	0.144
0.001	0.001	0.001	0.997
0.001	0.001	0.877	0.121
0.756	0.242	0.001	0.001
0.814	0.001	0.184	0.001
0.140	0.001	0.134	0.725
>TTCTGATCTT	5-TTCTGATCTT	9.979214	-5.830486	0	T:5.0(18.52%),B:1321.2(3.73%),P:1e-2	Tpos:473.6,Tstd:250.4,Bpos:510.5,Bstd:338.2,StrandBias:-0.4,Multiplicity:1.40
0.001	0.001	0.001	0.997
0.001	0.001	0.175	0.823
0.001	0.896	0.102	0.001
0.001	0.001	0.132	0.866
0.100	0.001	0.818	0.081
0.866	0.001	0.132	0.001
0.035	0.001	0.008	0.956
0.001	0.997	0.001	0.001
0.006	0.040	0.291	0.663
0.117	0.117	0.037	0.729
>TCTGATCCTA	6-TCTGATCCTA	7.661457	-4.858281	0	T:9.0(33.33%),B:4860.4(13.70%),P:1e-2	Tpos:378.7,Tstd:181.2,Bpos:505.1,Bstd:337.4,StrandBias:1.8,Multiplicity:1.89
0.001	0.249	0.001	0.749
0.126	0.773	0.100	0.001
0.001	0.001	0.001	0.997
0.133	0.103	0.763	0.001
0.891	0.107	0.001	0.001
0.103	0.001	0.212	0.684
0.001	0.997	0.001	0.001
0.233	0.677	0.089	0.001
0.282	0.001	0.107	0.610
0.902	0.001	0.001	0.096
>CCCCCCCCCC	7-CCCCCCCCCC	13.174746	-3.782772	0	T:3.0(11.11%),B:803.0(2.26%),P:1e-1	Tpos:728.1,Tstd:144.2,Bpos:529.9,Bstd:391.0,StrandBias:10.0,Multiplicity:1.00
0.052	0.899	0.001	0.048
0.001	0.923	0.001	0.075
0.001	0.907	0.001	0.091
0.001	0.919	0.001	0.079
0.001	0.923	0.001	0.075
0.001	0.935	0.001	0.063
0.001	0.997	0.001	0.001
0.001	0.997	0.001	0.001
0.001	0.941	0.001	0.057
0.057	0.900	0.001	0.042
>WACTGAAAATCG	1-WACTGAAAATCG	13.217100	-21.113687	0	T:7.0(25.93%),B:246.3(0.69%),P:1e-9	Tpos:436.0,Tstd:248.7,Bpos:485.8,Bstd:358.8,StrandBias:0.4,Multiplicity:1.00
0.402	0.001	0.133	0.465
0.997	0.001	0.001	0.001
0.001	0.602	0.001	0.396
0.001	0.001	0.001	0.997
0.001	0.001	0.997	0.001
0.997	0.001	0.001	0.001
0.744	0.254	0.001	0.001
0.997	0.001	0.001	0.001
0.997	0.001	0.001	0.001
0.168	0.001	0.001	0.830
0.001	0.997	0.001	0.001
0.001	0.001	0.997	0.001
>ATAAGAGACATA	2-ATAAGAGACATA	10.345737	-19.692584	0	T:6.0(22.22%),B:162.7(0.46%),P:1e-8	Tpos:522.7,Tstd:258.5,Bpos:491.7,Bstd:336.2,StrandBias:0.0,Multiplicity:1.00
0.762	0.043	0.067	0.128
0.228	0.059	0.125	0.588
0.662	0.094	0.082	0.162
0.761	0.074	0.077	0.088
0.211	0.097	0.626	0.066
0.814	0.040	0.044	0.102
0.267	0.064	0.553	0.116
0.789	0.062	0.032	0.117
0.265	0.459	0.145	0.131
0.715	0.054	0.086	0.145
0.185	0.087	0.124	0.604
0.669	0.085	0.139	0.107
>ATTCATAAAATC	3-ATTCATAAAATC	11.293576	-18.653439	0	T:11.0(40.74%),B:1552.8(4.38%),P:1e-8	Tpos:512.8,Tstd:262.6,Bpos:514.6,Bstd:336.1,StrandBias:-1.2,Multiplicity:1.18
0.997	0.001	0.001	0.001
0.001	0.001	0.072	0.926
0.075	0.157	0.055	0.713
0.047	0.828	0.056	0.069
0.637	0.361	0.001	0.001
0.245	0.001	0.001	0.753
0.844	0.001	0.080	0.075
0.787	0.211	0.001	0.001
0.997	0.001	0.001	0.001
0.918	0.001	0.001	0.080
0.087	0.001	0.001	0.911
0.244	0.700	0.001	0.055
>CATACTGCATGG	4-CATACTGCATGG	8.619561	-18.397743	0	T:12.0(44.44%),B:2037.5(5.74%),P:1e-7	Tpos:525.7,Tstd:305.6,Bpos:486.8,Bstd:318.4,StrandBias:0.4,Multiplicity:1.17
0.401	0.597	0.001	0.001
0.919	0.001	0.001	0.079
0.074	0.076	0.001	0.849
0.716	0.001	0.089	0.194
0.148	0.711	0.001	0.140
0.172	0.001	0.001	0.826
0.146	0.084	0.588	0.182
0.149	0.849	0.001	0.001
0.703	0.001	0.295	0.001
0.083	0.001	0.098	0.818
0.001	0.001	0.587	0.411
0.001	0.072	0.844	0.083
>TTGGTTTTCATT	5-TTGGTTTTCATT	13.947653	-14.186163	0	T:5.0(18.52%),B:219.1(0.62%),P:1e-6	Tpos:572.4,Tstd:309.2,Bpos:464.4,Bstd:325.9,StrandBias:2.0,Multiplicity:1.00
0.001	0.001	0.001	0.997
0.001	0.001	0.001	0.997
0.001	0.001	0.852	0.146
0.001	0.001	0.997	0.001
0.001	0.001	0.001	0.997
0.001	0.001	0.001	0.997
0.001	0.317	0.001	0.681
0.001	0.001	0.001	0.997
0.001	0.849	0.001	0.149
0.806	0.001	0.001	0.192
0.001	0.001	0.001	0.997
0.001	0.001	0.001	0.997
>AAAAATTATTGA	6-AAAAATTATTGA	13.488555	-13.429148	0	T:8.0(29.63%),B:1137.8(3.21%),P:1e-5	Tpos:659.5,Tstd:204.5,Bpos:501.4,Bstd:355.4,StrandBias:-1.4,Multiplicity:1.38
0.997	0.001	0.001	0.001
0.997	0.001	0.001	0.001
0.997	0.001	0.001	0.001
0.997	0.001	0.001	0.001
0.899	0.001	0.001	0.099
0.001	0.001	0.001	0.997
0.001	0.122	0.001	0.876
0.895	0.001	0.103	0.001
0.001	0.001	0.001	0.997
0.001	0.001	0.112	0.886
0.080	0.001	0.918	0.001
0.876	0.001	0.122	0.001
>AGCCTGAATTCT	7-AGCCTGAATTCT	14.423984	-13.302021	0	T:2.0(7.41%),B:1.1(0.00%),P:1e-5	Tpos:272.3,Tstd:112.0,Bpos:259.8,Bstd:129.9,StrandBias:10.0,Multiplicity:1.50
0.815	0.001	0.001	0.183
0.001	0.001	0.997	0.001
0.001	0.815	0.001	0.183
0.001	0.997	0.001	0.001
0.001	0.216	0.001	0.782
0.001	0.001	0.997	0.001
0.997	0.001	0.001	0.001
0.997	0.001	0.001	0.001
0.001	0.001	0.001	0.997
0.001	0.216	0.001	0.782
0.001	0.997	0.001	0.001
0.001	0.001	0.001	0.997
>TGGATCATCCAG	8-TGGATCATCCAG	9.590314	-12.124819	0	T:6.0(22.22%),B:603.0(1.70%),P:1e-5	Tpos:428.3,Tstd:321.5,Bpos:484.6,Bstd:318.9,StrandBias:0.0,Multiplicity:1.33
0.001	0.001	0.001	0.997
0.001	0.001	0.725	0.273
0.181	0.001	0.701	0.117
0.997	0.001	0.001	0.001
0.099	0.001	0.320	0.580
0.001	0.690	0.308	0.001
0.765	0.117	0.001	0.117
0.090	0.001	0.001	0.908
0.117	0.476	0.205	0.201
0.166	0.642	0.001	0.191
0.822	0.001	0.001	0.176
0.117	0.001	0.703	0.179
>TTTATTTGTACT	9-TTTATTTGTACT	14.274768	-12.053441	0	T:4.0(14.81%),B:152.1(0.43%),P:1e-5	Tpos:465.8,Tstd:191.6,Bpos:489.2,Bstd:340.2,StrandBias:-2.0,Multiplicity:1.25
0.001	0.001	0.001	0.997
0.001	0.001	0.001	0.997
0.001	0.001	0.001	0.997
0.997	0.001	0.001	0.001
0.001	0.001	0.001	0.997
0.001	0.001	0.001	0.997
0.001	0.001	0.001	0.997
0.207	0.001	0.640	0.152
0.001	0.225	0.001	0.773
0.997	0.001	0.001	0.001
0.001	0.825	0.001	0.173
0.001	0.001	0.001	0.997
>GTCTTACTAAGA	10-GTCTTACTAAGA	12.334663	-11.860216	0	T:3.0(11.11%),B:46.1(0.13%),P:1e-5	Tpos:340.2,Tstd:207.3,Bpos:554.1,Bstd:206.2,StrandBias:-0.6,Multiplicity:1.33
0.001	0.294	0.704	0.001
0.294	0.001	0.001	0.704
0.001	0.834	0.001	0.164
0.001	0.001	0.001	0.997
0.001	0.001	0.001	0.997
0.997	0.001	0.001	0.001
0.001	0.729	0.269	0.001
0.414	0.001	0.001	0.584
0.997	0.001	0.001	0.001
0.749	0.249	0.001	0.001
0.001	0.001	0.997	0.001
0.749	0.001	0.001	0.249
>CTGATCCTAVCC	11-CTGATCCTAVCC	14.000998	-7.181226	0	T:1.0(3.70%),B:0.0(0.00%),P:1e-3	Tpos:126.0,Tstd:0.0,Bpos:0.0,Bstd:0.0,StrandBias:10.0,Multiplicity:1.00
0.001	0.997	0.001	0.001
0.001	0.001	0.001	0.997
0.011	0.001	0.670	0.318
0.997	0.001	0.001	0.001
0.001	0.001	0.318	0.680
0.001	0.997	0.001	0.001
0.318	0.680	0.001	0.001
0.001	0.001	0.001	0.997
0.680	0.001	0.001	0.318
0.329	0.318	0.351	0.001
0.001	0.988	0.001	0.010
0.001	0.997	0.001	0.001
>AAAAATCGWTTT	12-AAAAATCGWTTT	11.749291	-5.919503	0	T:8.0(29.63%),B:3342.2(9.42%),P:1e-2	Tpos:534.9,Tstd:287.9,Bpos:517.6,Bstd:399.9,StrandBias:0.1,Multiplicity:2.00
0.646	0.174	0.109	0.071
0.798	0.001	0.109	0.092
0.997	0.001	0.001	0.001
0.997	0.001	0.001	0.001
0.931	0.067	0.001	0.001
0.302	0.001	0.001	0.696
0.001	0.954	0.001	0.044
0.076	0.001	0.922	0.001
0.503	0.060	0.001	0.436
0.001	0.001	0.066	0.932
0.001	0.102	0.001	0.896
0.071	0.001	0.001	0.927
>HCCCCCCCCCCC	13-HCCCCCCCCCCC	13.096098	-3.901962	0	T:3.0(11.11%),B:767.6(2.16%),P:1e-1	Tpos:725.2,Tstd:153.5,Bpos:530.1,Bstd:390.9,StrandBias:10.0,Multiplicity:1.00
0.326	0.326	0.139	0.210
0.276	0.720	0.001	0.003
0.001	0.994	0.001	0.004
0.001	0.994	0.001	0.004
0.001	0.993	0.001	0.005
0.001	0.994	0.001	0.004
0.001	0.813	0.001	0.185
0.001	0.997	0.001	0.001
0.001	0.997	0.001	0.001
0.001	0.838	0.001	0.160
0.124	0.873	0.001	0.002
0.163	0.503	0.001	0.333
>CAGTCCAG	1-CAGTCCAG	7.082782	-12.370065	0	T:11.0(40.74%),B:2904.8(8.19%),P:1e-5	Tpos:581.8,Tstd:251.8,Bpos:505.3,Bstd:339.6,StrandBias:2.3,Multiplicity:1.09
0.001	0.785	0.001	0.213
0.997	0.001	0.001	0.001
0.001	0.001	0.997	0.001
0.001	0.001	0.001	0.997
0.001	0.997	0.001	0.001
0.114	0.884	0.001	0.001
0.997	0.001	0.001	0.001
0.001	0.369	0.532	0.098
>GTAAGTGC	2-GTAAGTGC	8.137622	-8.878056	0	T:6.0(22.22%),B:1082.6(3.05%),P:1e-3	Tpos:499.5,Tstd:294.8,Bpos:493.7,Bstd:318.8,StrandBias:-0.7,Multiplicity:1.33
0.001	0.145	0.853	0.001
0.001	0.001	0.001	0.997
0.997	0.001	0.001	0.001
0.882	0.001	0.116	0.001
0.001	0.001	0.997	0.001
0.001	0.001	0.174	0.824
0.090	0.001	0.908	0.001
0.054	0.944	0.001	0.001
>CCTCAGCC	3-CCTCAGCC	6.436834	-6.338044	0	T:12.0(44.44%),B:6571.6(18.53%),P:1e-2	Tpos:444.1,Tstd:243.1,Bpos:491.8,Bstd:345.5,StrandBias:1.1,Multiplicity:1.33
0.001	0.770	0.001	0.228
0.337	0.609	0.001	0.053
0.001	0.131	0.211	0.657
0.001	0.755	0.243	0.001
0.812	0.161	0.001	0.026
0.199	0.105	0.695	0.001
0.104	0.894	0.001	0.001
0.117	0.881	0.001	0.001
>TCTGATCC	4-TCTGATCC	8.447054	-5.405607	0	T:6.0(22.22%),B:2113.3(5.96%),P:1e-2	Tpos:318.5,Tstd:200.7,Bpos:474.7,Bstd:319.2,StrandBias:0.6,Multiplicity:1.67
0.001	0.001	0.146	0.852
0.001	0.997	0.001	0.001
0.001	0.001	0.001	0.997
0.001	0.001	0.997	0.001
0.997	0.001	0.001	0.001
0.085	0.001	0.113	0.801
0.001	0.997	0.001	0.001
0.001	0.997	0.001	0.001
>CCCCCCCC	5-CCCCCCCC	10.837650	-3.417835	0	T:3.0(11.11%),B:926.3(2.61%),P:1e-1	Tpos:682.6,Tstd:191.2,Bpos:532.8,Bstd:389.5,StrandBias:10.0,Multiplicity:1.00
0.089	0.909	0.001	0.001
0.001	0.997	0.001	0.001
0.001	0.997	0.001	0.001
0.001	0.997	0.001	0.001
0.001	0.997	0.001	0.001
0.001	0.949	0.001	0.049
0.001	0.997	0.001	0.001
0.084	0.914	0.001	0.001
