>GTATAAAA	1-GTATAAAA	9.187333	-27.609489	0	T:71.0(46.71%),B:8345.1(20.80%),P:1e-11	Tpos:730.9,Tstd:316.9,Bpos:544.1,Bstd:343.3,StrandBias:1.6,Multiplicity:1.15
0.001	0.001	0.997	0.001
0.001	0.001	0.001	0.997
0.997	0.001	0.001	0.001
0.001	0.001	0.001	0.997
0.997	0.001	0.001	0.001
0.778	0.001	0.001	0.220
0.953	0.001	0.045	0.001
0.722	0.001	0.001	0.276
>TGATAAGA	2-TGATAAGA	8.521666	-15.545581	0	T:49.0(32.24%),B:6166.8(15.37%),P:1e-6	Tpos:618.6,Tstd:328.9,Bpos:539.5,Bstd:329.9,StrandBias:-0.3,Multiplicity:1.32
0.001	0.001	0.032	0.966
0.001	0.147	0.851	0.001
0.997	0.001	0.001	0.001
0.001	0.001	0.001	0.997
0.997	0.001	0.001	0.001
0.808	0.091	0.100	0.001
0.001	0.001	0.997	0.001
0.676	0.240	0.083	0.001
>ACYAGTTA	3-ACYAGTTA	6.456725	-15.411072	0	T:74.0(48.68%),B:11564.9(28.83%),P:1e-6	Tpos:630.9,Tstd:276.1,Bpos:506.0,Bstd:318.6,StrandBias:-0.0,Multiplicity:1.42
0.864	0.134	0.001	0.001
0.001	0.997	0.001	0.001
0.037	0.479	0.075	0.408
0.540	0.097	0.362	0.001
0.001	0.001	0.997	0.001
0.138	0.028	0.001	0.833
0.049	0.061	0.001	0.889
0.532	0.129	0.270	0.069
>CATAAACT	4-CATAAACT	7.138277	-9.909427	0	T:74.0(48.68%),B:13265.1(33.07%),P:1e-4	Tpos:509.6,Tstd:292.2,Bpos:510.7,Bstd:320.4,StrandBias:-0.2,Multiplicity:1.39
0.001	0.997	0.001	0.001
0.622	0.001	0.376	0.001
0.001	0.001	0.225	0.773
0.745	0.253	0.001	0.001
0.847	0.001	0.001	0.151
0.777	0.001	0.001	0.221
0.001	0.997	0.001	0.001
0.156	0.001	0.082	0.761
>GTTGAGTG	5-GTTGAGTG	10.155528	-7.910220	0	T:18.0(11.84%),B:1908.7(4.76%),P:1e-3	Tpos:484.8,Tstd:250.6,Bpos:505.5,Bstd:330.9,StrandBias:-0.6,Multiplicity:1.28
0.001	0.001	0.997	0.001
0.001	0.001	0.001	0.997
0.001	0.001	0.001	0.997
0.001	0.401	0.597	0.001
0.997	0.001	0.001	0.001
0.001	0.001	0.997	0.001
0.001	0.001	0.001	0.997
0.001	0.001	0.997	0.001
>GTTACACG	6-GTTACACG	4.345134	-3.102347	0	T:152.0(100.00%),B:39303.4(97.98%),P:1e-1	Tpos:506.5,Tstd:292.4,Bpos:512.8,Bstd:319.2,StrandBias:-0.0,Multiplicity:4.69
0.100	0.100	0.700	0.100
0.100	0.100	0.100	0.700
0.100	0.100	0.100	0.700
0.700	0.100	0.100	0.100
0.100	0.700	0.100	0.100
0.700	0.100	0.100	0.100
0.100	0.700	0.100	0.100
0.100	0.100	0.700	0.100
>AATAGATT	7-AATAGATT	8.236954	-0.609906	0	T:11.0(7.24%),B:2900.1(7.23%),P:1e0	Tpos:456.1,Tstd:198.7,Bpos:499.9,Bstd:311.2,StrandBias:3.1,Multiplicity:2.64
0.700	0.100	0.100	0.100
0.700	0.100	0.100	0.100
0.100	0.100	0.100	0.700
0.700	0.100	0.100	0.100
0.100	0.100	0.700	0.100
0.700	0.100	0.100	0.100
0.100	0.100	0.100	0.700
0.100	0.100	0.100	0.700
