>CCTTTTATAC	1-CCTTTTATAC	8.164792	-28.894825	0	T:42.0(27.63%),B:3111.3(7.76%),P:1e-12	Tpos:743.5,Tstd:320.9,Bpos:571.0,Bstd:344.2,StrandBias:-1.6,Multiplicity:1.05
0.001	0.894	0.001	0.104
0.044	0.638	0.052	0.266
0.064	0.001	0.001	0.934
0.001	0.001	0.001	0.997
0.065	0.001	0.001	0.933
0.001	0.001	0.001	0.997
0.997	0.001	0.001	0.001
0.001	0.001	0.084	0.914
0.997	0.001	0.001	0.001
0.001	0.997	0.001	0.001
>CGCGGATCTC	2-CGCGGATCTC	9.279293	-27.086724	0	T:12.0(7.89%),B:152.8(0.38%),P:1e-11	Tpos:488.2,Tstd:289.9,Bpos:523.6,Bstd:276.8,StrandBias:2.3,Multiplicity:1.00
0.001	0.891	0.001	0.107
0.001	0.001	0.997	0.001
0.001	0.997	0.001	0.001
0.001	0.001	0.901	0.097
0.001	0.103	0.895	0.001
0.997	0.001	0.001	0.001
0.102	0.154	0.001	0.743
0.001	0.997	0.001	0.001
0.001	0.001	0.188	0.810
0.140	0.858	0.001	0.001
>WCGTAGGAGG	3-WCGTAGGAGG	8.809972	-23.618620	0	T:19.0(12.50%),B:716.6(1.79%),P:1e-10	Tpos:525.9,Tstd:254.0,Bpos:516.1,Bstd:301.6,StrandBias:0.5,Multiplicity:1.00
0.541	0.001	0.001	0.457
0.082	0.848	0.069	0.001
0.001	0.001	0.828	0.170
0.001	0.071	0.140	0.788
0.849	0.001	0.149	0.001
0.001	0.001	0.577	0.421
0.001	0.083	0.915	0.001
0.924	0.074	0.001	0.001
0.073	0.001	0.925	0.001
0.063	0.001	0.935	0.001
>GTTTTTGTAC	4-GTTTTTGTAC	8.354202	-22.291841	0	T:28.0(18.42%),B:1787.0(4.45%),P:1e-9	Tpos:561.4,Tstd:340.4,Bpos:521.4,Bstd:337.2,StrandBias:-0.1,Multiplicity:1.25
0.001	0.001	0.997	0.001
0.001	0.069	0.001	0.929
0.001	0.001	0.001	0.997
0.060	0.064	0.043	0.833
0.061	0.001	0.001	0.937
0.001	0.001	0.001	0.997
0.090	0.052	0.857	0.001
0.001	0.001	0.001	0.997
0.968	0.030	0.001	0.001
0.001	0.997	0.001	0.001
>GTACTACCAC	5-GTACTACCAC	10.161989	-21.978336	0	T:12.0(7.89%),B:242.9(0.61%),P:1e-9	Tpos:483.4,Tstd:281.1,Bpos:486.1,Bstd:315.3,StrandBias:0.0,Multiplicity:1.00
0.068	0.001	0.930	0.001
0.081	0.001	0.001	0.917
0.889	0.001	0.109	0.001
0.001	0.840	0.085	0.074
0.001	0.001	0.086	0.912
0.923	0.075	0.001	0.001
0.001	0.889	0.109	0.001
0.057	0.853	0.089	0.001
0.997	0.001	0.001	0.001
0.001	0.912	0.086	0.001
>ATCCTAAAAC	6-ATCCTAAAAC	10.062808	-21.174092	0	T:23.0(15.13%),B:1261.4(3.14%),P:1e-9	Tpos:375.8,Tstd:271.3,Bpos:518.5,Bstd:316.5,StrandBias:-0.5,Multiplicity:1.09
0.997	0.001	0.001	0.001
0.001	0.001	0.001	0.997
0.027	0.711	0.001	0.261
0.001	0.875	0.040	0.084
0.139	0.055	0.001	0.805
0.997	0.001	0.001	0.001
0.700	0.076	0.001	0.223
0.997	0.001	0.001	0.001
0.997	0.001	0.001	0.001
0.050	0.948	0.001	0.001
>TCTCTTACTG	7-TCTCTTACTG	8.367899	-21.139796	0	T:22.0(14.47%),B:1150.5(2.87%),P:1e-9	Tpos:446.6,Tstd:290.0,Bpos:531.7,Bstd:334.8,StrandBias:-0.9,Multiplicity:1.05
0.001	0.091	0.001	0.907
0.051	0.947	0.001	0.001
0.053	0.001	0.001	0.945
0.001	0.912	0.053	0.034
0.001	0.064	0.085	0.850
0.001	0.032	0.065	0.902
0.850	0.094	0.055	0.001
0.001	0.894	0.104	0.001
0.060	0.001	0.001	0.938
0.051	0.001	0.915	0.033
>GTCTGTCTGC	8-GTCTGTCTGC	9.488241	-21.074440	0	T:19.0(12.50%),B:837.5(2.09%),P:1e-9	Tpos:517.3,Tstd:262.4,Bpos:520.9,Bstd:309.8,StrandBias:0.2,Multiplicity:1.00
0.158	0.001	0.718	0.123
0.001	0.001	0.001	0.997
0.152	0.598	0.053	0.197
0.001	0.001	0.001	0.997
0.075	0.001	0.784	0.140
0.001	0.001	0.001	0.997
0.001	0.851	0.001	0.147
0.001	0.001	0.001	0.997
0.294	0.001	0.704	0.001
0.049	0.876	0.074	0.001
>TTTCTGGATC	9-TTTCTGGATC	9.002317	-21.047599	0	T:21.0(13.82%),B:1046.6(2.61%),P:1e-9	Tpos:428.7,Tstd:229.1,Bpos:488.4,Bstd:316.5,StrandBias:-0.3,Multiplicity:1.10
0.001	0.071	0.001	0.927
0.001	0.001	0.001	0.997
0.001	0.130	0.001	0.868
0.001	0.997	0.001	0.001
0.001	0.001	0.001	0.997
0.001	0.134	0.729	0.136
0.001	0.001	0.997	0.001
0.997	0.001	0.001	0.001
0.001	0.001	0.001	0.997
0.001	0.955	0.043	0.001
>GACCTCCAAA	10-GACCTCCAAA	8.228691	-20.518683	0	T:18.0(11.84%),B:767.6(1.91%),P:1e-8	Tpos:424.1,Tstd:267.5,Bpos:493.2,Bstd:303.6,StrandBias:-0.3,Multiplicity:1.00
0.043	0.042	0.858	0.057
0.659	0.186	0.081	0.074
0.141	0.530	0.187	0.142
0.179	0.523	0.227	0.071
0.163	0.021	0.179	0.637
0.044	0.774	0.020	0.162
0.209	0.557	0.023	0.211
0.792	0.078	0.085	0.045
0.468	0.307	0.206	0.020
0.836	0.045	0.051	0.068
>AAACAACTGG	11-AAACAACTGG	9.847421	-20.060478	0	T:25.0(16.45%),B:1584.7(3.95%),P:1e-8	Tpos:515.7,Tstd:335.8,Bpos:508.3,Bstd:307.8,StrandBias:-1.4,Multiplicity:1.04
0.936	0.001	0.062	0.001
0.684	0.092	0.005	0.219
0.818	0.180	0.001	0.001
0.134	0.814	0.004	0.048
0.777	0.001	0.001	0.221
0.997	0.001	0.001	0.001
0.001	0.997	0.001	0.001
0.001	0.001	0.001	0.997
0.001	0.232	0.766	0.001
0.001	0.042	0.733	0.224
>ATAAGCCGGA	12-ATAAGCCGGA	10.171752	-18.927031	0	T:13.0(8.55%),B:396.0(0.99%),P:1e-8	Tpos:585.4,Tstd:280.0,Bpos:513.0,Bstd:315.8,StrandBias:-0.4,Multiplicity:1.08
0.997	0.001	0.001	0.001
0.063	0.001	0.001	0.935
0.888	0.110	0.001	0.001
0.997	0.001	0.001	0.001
0.086	0.001	0.819	0.094
0.001	0.906	0.092	0.001
0.089	0.909	0.001	0.001
0.111	0.001	0.669	0.219
0.001	0.001	0.997	0.001
0.997	0.001	0.001	0.001
>TTGATAAGAC	13-TTGATAAGAC	9.207813	-18.660834	0	T:34.0(22.37%),B:3004.4(7.49%),P:1e-8	Tpos:562.9,Tstd:317.9,Bpos:524.8,Bstd:329.5,StrandBias:-0.6,Multiplicity:1.21
0.113	0.165	0.045	0.677
0.001	0.001	0.001	0.997
0.050	0.038	0.868	0.044
0.997	0.001	0.001	0.001
0.001	0.001	0.037	0.961
0.860	0.058	0.040	0.042
0.954	0.001	0.001	0.044
0.087	0.001	0.887	0.025
0.901	0.047	0.051	0.001
0.047	0.917	0.001	0.035
>TATCACTTTC	14-TATCACTTTC	9.802775	-17.997022	0	T:30.0(19.74%),B:2470.6(6.16%),P:1e-7	Tpos:516.3,Tstd:279.1,Bpos:523.6,Bstd:331.5,StrandBias:-0.3,Multiplicity:1.11
0.023	0.001	0.001	0.975
0.717	0.076	0.123	0.084
0.033	0.047	0.064	0.856
0.054	0.899	0.046	0.001
0.970	0.001	0.001	0.028
0.194	0.788	0.001	0.017
0.036	0.001	0.001	0.962
0.001	0.001	0.001	0.997
0.047	0.037	0.001	0.915
0.025	0.934	0.027	0.014
>TAGGAAAGYC	15-TAGGAAAGYC	9.840533	-17.787623	0	T:14.0(9.21%),B:522.6(1.30%),P:1e-7	Tpos:469.5,Tstd:241.0,Bpos:487.1,Bstd:310.1,StrandBias:-0.8,Multiplicity:1.00
0.001	0.001	0.001	0.997
0.982	0.001	0.016	0.001
0.202	0.029	0.768	0.001
0.001	0.001	0.834	0.164
0.997	0.001	0.001	0.001
0.976	0.001	0.022	0.001
0.505	0.261	0.001	0.233
0.093	0.207	0.682	0.018
0.001	0.500	0.001	0.498
0.001	0.648	0.001	0.350
>CATCTAAAGT	16-CATCTAAAGT	9.447568	-17.414569	0	T:24.0(15.79%),B:1679.2(4.19%),P:1e-7	Tpos:498.2,Tstd:285.3,Bpos:491.4,Bstd:316.3,StrandBias:0.1,Multiplicity:1.04
0.001	0.916	0.082	0.001
0.952	0.001	0.001	0.046
0.061	0.195	0.001	0.743
0.039	0.835	0.065	0.061
0.001	0.001	0.062	0.936
0.941	0.001	0.057	0.001
0.958	0.040	0.001	0.001
0.916	0.001	0.001	0.082
0.062	0.053	0.856	0.029
0.001	0.001	0.001	0.997
>TWMYCAGTTG	17-TWMYCAGTTG	6.277064	-17.251274	0	T:32.0(21.05%),B:2864.6(7.14%),P:1e-7	Tpos:642.4,Tstd:278.8,Bpos:506.0,Bstd:316.3,StrandBias:-0.5,Multiplicity:1.25
0.267	0.058	0.054	0.621
0.364	0.052	0.200	0.384
0.401	0.276	0.153	0.171
0.206	0.371	0.156	0.267
0.278	0.582	0.047	0.093
0.627	0.034	0.266	0.073
0.250	0.086	0.460	0.204
0.096	0.015	0.049	0.840
0.050	0.281	0.079	0.590
0.230	0.174	0.409	0.187
>AGCRCCAGAY	18-AGCRCCAGAY	9.744919	-17.089674	0	T:13.0(8.55%),B:464.3(1.16%),P:1e-7	Tpos:516.9,Tstd:296.9,Bpos:511.0,Bstd:310.7,StrandBias:0.2,Multiplicity:1.15
0.994	0.001	0.004	0.001
0.413	0.005	0.576	0.006
0.007	0.988	0.001	0.004
0.350	0.001	0.456	0.193
0.001	0.634	0.005	0.360
0.106	0.678	0.215	0.001
0.885	0.001	0.109	0.005
0.001	0.179	0.819	0.001
0.987	0.001	0.007	0.005
0.001	0.494	0.001	0.504
>CAGACCCGGA	19-CAGACCCGGA	10.687634	-16.670674	0	T:9.0(5.92%),B:184.9(0.46%),P:1e-7	Tpos:483.1,Tstd:234.5,Bpos:503.3,Bstd:310.6,StrandBias:0.8,Multiplicity:1.22
0.001	0.900	0.098	0.001
0.997	0.001	0.001	0.001
0.105	0.001	0.767	0.127
0.997	0.001	0.001	0.001
0.093	0.818	0.001	0.088
0.099	0.899	0.001	0.001
0.001	0.889	0.001	0.109
0.001	0.001	0.997	0.001
0.001	0.001	0.871	0.127
0.997	0.001	0.001	0.001
>CGACCTGTTT	20-CGACCTGTTT	11.376716	-15.590909	0	T:7.0(4.61%),B:99.2(0.25%),P:1e-6	Tpos:622.4,Tstd:346.6,Bpos:582.3,Bstd:330.1,StrandBias:-1.3,Multiplicity:1.00
0.001	0.997	0.001	0.001
0.001	0.001	0.997	0.001
0.997	0.001	0.001	0.001
0.001	0.997	0.001	0.001
0.001	0.887	0.111	0.001
0.001	0.001	0.001	0.997
0.001	0.001	0.997	0.001
0.001	0.001	0.230	0.768
0.001	0.001	0.001	0.997
0.001	0.001	0.001	0.997
>CCCTGGTTTG	21-CCCTGGTTTG	10.296193	-13.918640	0	T:4.0(2.63%),B:16.7(0.04%),P:1e-6	Tpos:430.2,Tstd:276.7,Bpos:446.6,Bstd:292.2,StrandBias:1.6,Multiplicity:1.00
0.100	0.700	0.100	0.100
0.100	0.700	0.100	0.100
0.100	0.700	0.100	0.100
0.100	0.100	0.100	0.700
0.100	0.100	0.700	0.100
0.100	0.100	0.700	0.100
0.100	0.100	0.100	0.700
0.100	0.100	0.100	0.700
0.100	0.100	0.100	0.700
0.100	0.100	0.700	0.100
>AGWACGCATT	22-AGWACGCATT	9.626186	-12.969047	0	T:17.0(11.18%),B:1155.0(2.88%),P:1e-5	Tpos:401.8,Tstd:259.0,Bpos:504.4,Bstd:298.3,StrandBias:0.7,Multiplicity:1.06
0.913	0.001	0.085	0.001
0.116	0.001	0.882	0.001
0.524	0.001	0.001	0.474
0.997	0.001	0.001	0.001
0.164	0.834	0.001	0.001
0.001	0.038	0.960	0.001
0.001	0.653	0.195	0.151
0.852	0.001	0.001	0.146
0.167	0.001	0.001	0.831
0.001	0.001	0.001	0.997
>AGGAGTGATA	23-AGGAGTGATA	11.209634	-12.760903	0	T:10.0(6.58%),B:385.0(0.96%),P:1e-5	Tpos:633.7,Tstd:333.4,Bpos:506.1,Bstd:336.5,StrandBias:0.8,Multiplicity:1.10
0.997	0.001	0.001	0.001
0.001	0.001	0.997	0.001
0.210	0.154	0.635	0.001
0.809	0.001	0.001	0.189
0.001	0.001	0.845	0.153
0.001	0.001	0.001	0.997
0.001	0.001	0.997	0.001
0.997	0.001	0.001	0.001
0.291	0.001	0.001	0.707
0.997	0.001	0.001	0.001
>GGTATACCTA	24-GGTATACCTA	11.717017	-7.650481	0	T:4.0(2.63%),B:91.3(0.23%),P:1e-3	Tpos:540.8,Tstd:158.1,Bpos:477.8,Bstd:320.5,StrandBias:-1.0,Multiplicity:1.00
0.001	0.001	0.997	0.001
0.001	0.001	0.997	0.001
0.001	0.001	0.001	0.997
0.815	0.183	0.001	0.001
0.001	0.001	0.001	0.997
0.997	0.001	0.001	0.001
0.001	0.997	0.001	0.001
0.001	0.997	0.001	0.001
0.147	0.001	0.001	0.851
0.997	0.001	0.001	0.001
>TGTTACACGA	25-TGTTACACGA	10.528848	-7.631009	0	T:5.0(3.29%),B:165.9(0.41%),P:1e-3	Tpos:444.8,Tstd:189.1,Bpos:437.6,Bstd:271.5,StrandBias:2.8,Multiplicity:4.80
0.001	0.001	0.001	0.997
0.040	0.001	0.958	0.001
0.001	0.001	0.001	0.997
0.001	0.042	0.001	0.956
0.997	0.001	0.001	0.001
0.001	0.997	0.001	0.001
0.952	0.001	0.001	0.046
0.001	0.997	0.001	0.001
0.001	0.001	0.997	0.001
0.997	0.001	0.001	0.001
>YHBSTTTTATAC	1-YHBSTTTTATAC	9.492644	-31.391175	0	T:40.0(26.32%),B:2614.8(6.52%),P:1e-13	Tpos:771.8,Tstd:273.0,Bpos:575.9,Bstd:356.4,StrandBias:-1.8,Multiplicity:1.08
0.001	0.570	0.001	0.428
0.269	0.331	0.125	0.275
0.124	0.245	0.258	0.373
0.058	0.362	0.408	0.171
0.001	0.001	0.001	0.997
0.001	0.061	0.071	0.867
0.296	0.001	0.001	0.702
0.001	0.044	0.001	0.954
0.997	0.001	0.001	0.001
0.066	0.065	0.001	0.868
0.881	0.001	0.061	0.057
0.001	0.822	0.129	0.048
>AAATAACCAGTT	2-AAATAACCAGTT	11.962934	-29.483655	0	T:15.0(9.87%),B:256.3(0.64%),P:1e-12	Tpos:626.6,Tstd:291.9,Bpos:537.5,Bstd:306.0,StrandBias:0.2,Multiplicity:1.13
0.925	0.001	0.073	0.001
0.688	0.102	0.118	0.092
0.810	0.001	0.188	0.001
0.257	0.001	0.135	0.607
0.488	0.001	0.259	0.252
0.997	0.001	0.001	0.001
0.001	0.945	0.053	0.001
0.096	0.859	0.001	0.044
0.997	0.001	0.001	0.001
0.001	0.001	0.997	0.001
0.001	0.001	0.001	0.997
0.001	0.001	0.001	0.997
>ATTTCTGGATCA	3-ATTTCTGGATCA	13.299148	-26.752112	0	T:10.0(6.58%),B:82.4(0.21%),P:1e-11	Tpos:424.9,Tstd:223.9,Bpos:536.9,Bstd:316.6,StrandBias:1.2,Multiplicity:1.00
0.872	0.126	0.001	0.001
0.001	0.001	0.001	0.997
0.001	0.001	0.001	0.997
0.001	0.001	0.001	0.997
0.001	0.997	0.001	0.001
0.001	0.001	0.001	0.997
0.001	0.127	0.782	0.090
0.001	0.001	0.997	0.001
0.852	0.001	0.001	0.146
0.001	0.001	0.001	0.997
0.001	0.907	0.091	0.001
0.687	0.156	0.156	0.001
>TTATTTCCTACA	4-TTATTTCCTACA	13.234212	-25.597134	0	T:12.0(7.89%),B:174.8(0.44%),P:1e-11	Tpos:572.5,Tstd:240.6,Bpos:555.9,Bstd:311.5,StrandBias:0.0,Multiplicity:1.00
0.114	0.001	0.001	0.884
0.001	0.001	0.001	0.997
0.917	0.001	0.001	0.081
0.001	0.001	0.001	0.997
0.001	0.001	0.001	0.997
0.001	0.001	0.126	0.872
0.001	0.856	0.001	0.142
0.001	0.785	0.132	0.082
0.001	0.100	0.001	0.898
0.997	0.001	0.001	0.001
0.001	0.898	0.001	0.100
0.997	0.001	0.001	0.001
>AACTTCTTTTAT	5-AACTTCTTTTAT	13.217766	-22.980347	0	T:13.0(8.55%),B:279.4(0.70%),P:1e-9	Tpos:565.8,Tstd:290.6,Bpos:525.7,Bstd:313.1,StrandBias:0.2,Multiplicity:1.00
0.997	0.001	0.001	0.001
0.913	0.001	0.001	0.085
0.001	0.892	0.106	0.001
0.001	0.001	0.001	0.997
0.086	0.001	0.001	0.912
0.061	0.670	0.001	0.268
0.095	0.001	0.001	0.903
0.001	0.106	0.001	0.892
0.001	0.001	0.001	0.997
0.001	0.001	0.001	0.997
0.997	0.001	0.001	0.001
0.086	0.001	0.001	0.912
>TTTTGTCGGCGT	6-TTTTGTCGGCGT	10.647262	-22.842573	0	T:14.0(9.21%),B:347.8(0.87%),P:1e-9	Tpos:583.4,Tstd:232.1,Bpos:488.4,Bstd:287.6,StrandBias:1.1,Multiplicity:1.14
0.090	0.001	0.001	0.908
0.001	0.103	0.053	0.843
0.001	0.082	0.001	0.916
0.186	0.001	0.083	0.730
0.001	0.002	0.914	0.083
0.103	0.001	0.090	0.806
0.142	0.516	0.078	0.264
0.027	0.001	0.834	0.138
0.001	0.082	0.916	0.001
0.083	0.845	0.044	0.028
0.001	0.001	0.894	0.104
0.105	0.001	0.001	0.893
>TTCATAAACTAT	7-TTCATAAACTAT	13.476965	-20.986110	0	T:11.0(7.24%),B:206.6(0.52%),P:1e-9	Tpos:431.3,Tstd:274.3,Bpos:486.4,Bstd:297.7,StrandBias:0.3,Multiplicity:1.00
0.001	0.001	0.001	0.997
0.001	0.001	0.001	0.997
0.076	0.922	0.001	0.001
0.997	0.001	0.001	0.001
0.109	0.001	0.090	0.800
0.997	0.001	0.001	0.001
0.997	0.001	0.001	0.001
0.997	0.001	0.001	0.001
0.001	0.890	0.108	0.001
0.108	0.001	0.001	0.890
0.997	0.001	0.001	0.001
0.386	0.001	0.001	0.612
>CACTCAACTTGG	8-CACTCAACTTGG	14.508785	-20.827538	0	T:5.0(3.29%),B:8.6(0.02%),P:1e-9	Tpos:450.0,Tstd:245.0,Bpos:588.5,Bstd:260.0,StrandBias:-0.4,Multiplicity:1.40
0.001	0.712	0.286	0.001
0.997	0.001	0.001	0.001
0.001	0.997	0.001	0.001
0.001	0.001	0.001	0.997
0.001	0.768	0.230	0.001
0.997	0.001	0.001	0.001
0.997	0.001	0.001	0.001
0.001	0.997	0.001	0.001
0.001	0.001	0.001	0.997
0.001	0.001	0.001	0.997
0.001	0.250	0.748	0.001
0.001	0.001	0.997	0.001
>TTACGCATCGAA	9-TTACGCATCGAA	13.956343	-20.805113	0	T:6.0(3.95%),B:22.1(0.06%),P:1e-9	Tpos:487.0,Tstd:231.3,Bpos:576.0,Bstd:266.5,StrandBias:1.0,Multiplicity:1.00
0.001	0.001	0.001	0.997
0.001	0.001	0.001	0.997
0.997	0.001	0.001	0.001
0.001	0.775	0.001	0.223
0.001	0.001	0.997	0.001
0.223	0.775	0.001	0.001
0.775	0.223	0.001	0.001
0.001	0.001	0.001	0.997
0.001	0.997	0.001	0.001
0.151	0.001	0.847	0.001
0.997	0.001	0.001	0.001
0.997	0.001	0.001	0.001
>GGTCGTATGAGG	10-GGTCGTATGAGG	14.985513	-19.655099	0	T:4.0(2.63%),B:2.3(0.01%),P:1e-8	Tpos:715.2,Tstd:202.4,Bpos:336.1,Bstd:89.0,StrandBias:0.0,Multiplicity:1.00
0.001	0.001	0.997	0.001
0.001	0.001	0.651	0.347
0.001	0.001	0.001	0.997
0.001	0.997	0.001	0.001
0.001	0.001	0.997	0.001
0.001	0.001	0.001	0.997
0.997	0.001	0.001	0.001
0.001	0.001	0.001	0.997
0.304	0.001	0.694	0.001
0.997	0.001	0.001	0.001
0.001	0.001	0.997	0.001
0.001	0.001	0.997	0.001
>GTTCAGTAAATC	11-GTTCAGTAAATC	10.748586	-19.316734	0	T:16.0(10.53%),B:635.8(1.58%),P:1e-8	Tpos:516.7,Tstd:293.1,Bpos:490.7,Bstd:308.5,StrandBias:0.3,Multiplicity:1.12
0.115	0.001	0.821	0.063
0.001	0.001	0.001	0.997
0.001	0.001	0.001	0.997
0.001	0.847	0.092	0.060
0.783	0.001	0.128	0.088
0.212	0.005	0.691	0.092
0.116	0.001	0.053	0.830
0.997	0.001	0.001	0.001
0.563	0.144	0.061	0.232
0.933	0.001	0.001	0.065
0.104	0.213	0.001	0.682
0.100	0.872	0.001	0.027
>GGTTGATSAAGG	12-GGTTGATSAAGG	10.740311	-18.408364	0	T:10.0(6.58%),B:204.6(0.51%),P:1e-7	Tpos:483.6,Tstd:320.7,Bpos:493.3,Bstd:324.3,StrandBias:1.2,Multiplicity:1.00
0.204	0.283	0.512	0.001
0.037	0.017	0.702	0.244
0.203	0.001	0.001	0.795
0.211	0.001	0.001	0.787
0.001	0.001	0.997	0.001
0.787	0.001	0.211	0.001
0.001	0.001	0.001	0.997
0.016	0.526	0.457	0.001
0.980	0.001	0.018	0.001
0.997	0.001	0.001	0.001
0.001	0.001	0.978	0.020
0.033	0.001	0.965	0.001
>GAACAACAACAA	13-GAACAACAACAA	9.244672	-17.583040	0	T:62.0(40.79%),B:8383.4(20.90%),P:1e-7	Tpos:552.1,Tstd:315.3,Bpos:523.0,Bstd:309.3,StrandBias:-0.2,Multiplicity:1.29
0.115	0.083	0.732	0.070
0.761	0.055	0.063	0.121
0.883	0.001	0.062	0.054
0.062	0.733	0.001	0.204
0.959	0.001	0.039	0.001
0.997	0.001	0.001	0.001
0.161	0.574	0.125	0.140
0.997	0.001	0.001	0.001
0.717	0.001	0.069	0.213
0.078	0.613	0.211	0.098
0.997	0.001	0.001	0.001
0.773	0.160	0.066	0.001
>GTTGTTTRAGGT	14-GTTGTTTRAGGT	11.441023	-17.128067	0	T:9.0(5.92%),B:174.3(0.43%),P:1e-7	Tpos:577.5,Tstd:337.3,Bpos:525.3,Bstd:299.0,StrandBias:-1.2,Multiplicity:1.11
0.109	0.205	0.685	0.001
0.205	0.180	0.001	0.614
0.001	0.001	0.001	0.997
0.145	0.001	0.853	0.001
0.001	0.001	0.001	0.997
0.001	0.001	0.204	0.794
0.001	0.001	0.001	0.997
0.434	0.001	0.321	0.244
0.997	0.001	0.001	0.001
0.129	0.001	0.869	0.001
0.001	0.001	0.997	0.001
0.001	0.204	0.001	0.794
>AGATCTTCAAGA	15-AGATCTTCAAGA	13.793090	-16.545898	0	T:6.0(3.95%),B:49.7(0.12%),P:1e-7	Tpos:387.2,Tstd:217.1,Bpos:470.6,Bstd:310.0,StrandBias:0.0,Multiplicity:1.00
0.844	0.001	0.154	0.001
0.001	0.001	0.997	0.001
0.997	0.001	0.001	0.001
0.001	0.001	0.001	0.997
0.109	0.674	0.148	0.069
0.001	0.001	0.001	0.997
0.001	0.001	0.001	0.997
0.001	0.997	0.001	0.001
0.881	0.117	0.001	0.001
0.800	0.198	0.001	0.001
0.080	0.001	0.918	0.001
0.997	0.001	0.001	0.001
>GTCACAAAAAGC	16-GTCACAAAAAGC	14.410283	-16.172215	0	T:5.0(3.29%),B:25.2(0.06%),P:1e-7	Tpos:246.0,Tstd:185.3,Bpos:477.0,Bstd:243.4,StrandBias:0.6,Multiplicity:1.00
0.001	0.001	0.894	0.104
0.146	0.001	0.001	0.852
0.001	0.997	0.001	0.001
0.997	0.001	0.001	0.001
0.001	0.997	0.001	0.001
0.997	0.001	0.001	0.001
0.997	0.001	0.001	0.001
0.997	0.001	0.001	0.001
0.753	0.001	0.001	0.245
0.773	0.001	0.001	0.225
0.001	0.001	0.997	0.001
0.001	0.855	0.001	0.143
>TCGAGATATACG	17-TCGAGATATACG	12.446118	-15.623644	0	T:6.0(3.95%),B:59.0(0.15%),P:1e-6	Tpos:535.6,Tstd:236.7,Bpos:451.2,Bstd:302.0,StrandBias:0.4,Multiplicity:1.17
0.001	0.001	0.001	0.997
0.001	0.835	0.163	0.001
0.001	0.001	0.997	0.001
0.997	0.001	0.001	0.001
0.001	0.001	0.997	0.001
0.997	0.001	0.001	0.001
0.327	0.001	0.001	0.671
0.997	0.001	0.001	0.001
0.001	0.001	0.163	0.835
0.835	0.163	0.001	0.001
0.001	0.701	0.001	0.297
0.001	0.133	0.865	0.001
>GATAAGCTATCA	18-GATAAGCTATCA	9.551204	-15.122560	0	T:19.0(12.50%),B:1227.6(3.06%),P:1e-6	Tpos:495.8,Tstd:305.8,Bpos:505.6,Bstd:314.4,StrandBias:0.5,Multiplicity:1.11
0.001	0.069	0.812	0.118
0.997	0.001	0.001	0.001
0.084	0.070	0.103	0.743
0.861	0.069	0.069	0.001
0.850	0.148	0.001	0.001
0.154	0.069	0.776	0.001
0.169	0.621	0.070	0.140
0.097	0.001	0.079	0.823
0.863	0.001	0.057	0.079
0.001	0.117	0.001	0.881
0.079	0.866	0.054	0.001
0.929	0.069	0.001	0.001
>CACAAGCATAGG	19-CACAAGCATAGG	10.183440	-14.855365	0	T:10.0(6.58%),B:303.9(0.76%),P:1e-6	Tpos:608.6,Tstd:262.1,Bpos:505.2,Bstd:302.0,StrandBias:-1.0,Multiplicity:1.20
0.001	0.997	0.001	0.001
0.997	0.001	0.001	0.001
0.135	0.863	0.001	0.001
0.665	0.001	0.333	0.001
0.825	0.001	0.173	0.001
0.334	0.001	0.647	0.018
0.143	0.686	0.001	0.170
0.627	0.198	0.174	0.001
0.001	0.173	0.001	0.825
0.997	0.001	0.001	0.001
0.001	0.001	0.877	0.121
0.001	0.198	0.680	0.121
>KCCAGGAAAAGA	20-KCCAGGAAAAGA	14.238327	-14.460966	0	T:3.0(1.97%),B:2.4(0.01%),P:1e-6	Tpos:455.7,Tstd:50.6,Bpos:306.6,Bstd:235.8,StrandBias:1.0,Multiplicity:1.00
0.001	0.193	0.442	0.364
0.001	0.997	0.001	0.001
0.001	0.997	0.001	0.001
0.820	0.001	0.178	0.001
0.212	0.001	0.786	0.001
0.193	0.213	0.593	0.001
0.997	0.001	0.001	0.001
0.997	0.001	0.001	0.001
0.820	0.178	0.001	0.001
0.997	0.001	0.001	0.001
0.178	0.001	0.820	0.001
0.813	0.185	0.001	0.001
>ATTCCTCAAGTT	21-ATTCCTCAAGTT	14.327033	-14.372291	0	T:4.0(2.63%),B:14.2(0.04%),P:1e-6	Tpos:240.8,Tstd:85.9,Bpos:608.3,Bstd:354.2,StrandBias:0.0,Multiplicity:1.00
0.960	0.038	0.001	0.001
0.001	0.001	0.126	0.872
0.055	0.001	0.001	0.943
0.040	0.919	0.001	0.040
0.181	0.681	0.001	0.137
0.178	0.040	0.078	0.704
0.001	0.958	0.001	0.040
0.938	0.001	0.060	0.001
0.893	0.001	0.105	0.001
0.269	0.054	0.614	0.063
0.038	0.001	0.063	0.898
0.063	0.179	0.112	0.646
>TGTTTTCCAACT	22-TGTTTTCCAACT	12.597572	-13.738859	0	T:10.0(6.58%),B:344.6(0.86%),P:1e-5	Tpos:595.6,Tstd:288.9,Bpos:534.5,Bstd:308.6,StrandBias:1.0,Multiplicity:1.20
0.001	0.001	0.319	0.679
0.001	0.001	0.883	0.115
0.001	0.001	0.001	0.997
0.001	0.001	0.001	0.997
0.001	0.001	0.001	0.997
0.001	0.001	0.001	0.997
0.001	0.901	0.001	0.097
0.001	0.739	0.001	0.259
0.997	0.001	0.001	0.001
0.796	0.001	0.001	0.202
0.001	0.959	0.039	0.001
0.038	0.001	0.001	0.960
>AGGTATACCTAA	23-AGGTATACCTAA	12.355432	-9.378603	0	T:2.0(1.32%),B:2.4(0.01%),P:1e-4	Tpos:519.5,Tstd:18.1,Bpos:713.4,Bstd:200.2,StrandBias:0.0,Multiplicity:1.00
0.700	0.100	0.100	0.100
0.100	0.100	0.700	0.100
0.100	0.100	0.700	0.100
0.100	0.100	0.100	0.700
0.700	0.100	0.100	0.100
0.100	0.100	0.100	0.700
0.700	0.100	0.100	0.100
0.100	0.700	0.100	0.100
0.100	0.700	0.100	0.100
0.100	0.100	0.100	0.700
0.700	0.100	0.100	0.100
0.700	0.100	0.100	0.100
>ATTCCTAGTTAG	24-ATTCCTAGTTAG	15.421574	-8.133293	0	T:2.0(1.32%),B:5.5(0.01%),P:1e-3	Tpos:723.8,Tstd:145.0,Bpos:493.8,Bstd:371.5,StrandBias:1.6,Multiplicity:2.00
0.997	0.001	0.001	0.001
0.001	0.001	0.001	0.997
0.001	0.001	0.001	0.997
0.001	0.997	0.001	0.001
0.001	0.997	0.001	0.001
0.001	0.001	0.001	0.997
0.997	0.001	0.001	0.001
0.001	0.001	0.997	0.001
0.001	0.001	0.001	0.997
0.001	0.001	0.001	0.997
0.997	0.001	0.001	0.001
0.307	0.001	0.691	0.001
>ACACGGAAAATA	25-ACACGGAAAATA	12.216250	-8.029122	0	T:4.0(2.63%),B:82.1(0.20%),P:1e-3	Tpos:440.2,Tstd:157.7,Bpos:433.4,Bstd:254.6,StrandBias:4.5,Multiplicity:5.75
0.835	0.001	0.099	0.065
0.064	0.724	0.117	0.095
0.899	0.050	0.031	0.020
0.081	0.781	0.038	0.100
0.107	0.127	0.765	0.001
0.226	0.047	0.697	0.030
0.820	0.001	0.139	0.040
0.637	0.086	0.194	0.083
0.927	0.001	0.071	0.001
0.734	0.094	0.132	0.040
0.105	0.032	0.034	0.829
0.593	0.040	0.341	0.026
>GTATAAAA	1-GTATAAAA	9.187333	-27.609489	0	T:71.0(46.71%),B:8345.1(20.80%),P:1e-11	Tpos:730.9,Tstd:316.9,Bpos:544.1,Bstd:343.3,StrandBias:1.6,Multiplicity:1.15
0.001	0.001	0.997	0.001
0.001	0.001	0.001	0.997
0.997	0.001	0.001	0.001
0.001	0.001	0.001	0.997
0.997	0.001	0.001	0.001
0.778	0.001	0.001	0.220
0.953	0.001	0.045	0.001
0.722	0.001	0.001	0.276
>TGATAAGA	2-TGATAAGA	8.521666	-15.545581	0	T:49.0(32.24%),B:6166.8(15.37%),P:1e-6	Tpos:618.6,Tstd:328.9,Bpos:539.5,Bstd:329.9,StrandBias:-0.3,Multiplicity:1.32
0.001	0.001	0.032	0.966
0.001	0.147	0.851	0.001
0.997	0.001	0.001	0.001
0.001	0.001	0.001	0.997
0.997	0.001	0.001	0.001
0.808	0.091	0.100	0.001
0.001	0.001	0.997	0.001
0.676	0.240	0.083	0.001
>ACYAGTTA	3-ACYAGTTA	6.456725	-15.411072	0	T:74.0(48.68%),B:11564.9(28.83%),P:1e-6	Tpos:630.9,Tstd:276.1,Bpos:506.0,Bstd:318.6,StrandBias:-0.0,Multiplicity:1.42
0.864	0.134	0.001	0.001
0.001	0.997	0.001	0.001
0.037	0.479	0.075	0.408
0.540	0.097	0.362	0.001
0.001	0.001	0.997	0.001
0.138	0.028	0.001	0.833
0.049	0.061	0.001	0.889
0.532	0.129	0.270	0.069
>CATAAACT	4-CATAAACT	7.138277	-9.909427	0	T:74.0(48.68%),B:13265.1(33.07%),P:1e-4	Tpos:509.6,Tstd:292.2,Bpos:510.7,Bstd:320.4,StrandBias:-0.2,Multiplicity:1.39
0.001	0.997	0.001	0.001
0.622	0.001	0.376	0.001
0.001	0.001	0.225	0.773
0.745	0.253	0.001	0.001
0.847	0.001	0.001	0.151
0.777	0.001	0.001	0.221
0.001	0.997	0.001	0.001
0.156	0.001	0.082	0.761
>GTTGAGTG	5-GTTGAGTG	10.155528	-7.910220	0	T:18.0(11.84%),B:1908.7(4.76%),P:1e-3	Tpos:484.8,Tstd:250.6,Bpos:505.5,Bstd:330.9,StrandBias:-0.6,Multiplicity:1.28
0.001	0.001	0.997	0.001
0.001	0.001	0.001	0.997
0.001	0.001	0.001	0.997
0.001	0.401	0.597	0.001
0.997	0.001	0.001	0.001
0.001	0.001	0.997	0.001
0.001	0.001	0.001	0.997
0.001	0.001	0.997	0.001
>GTTACACG	6-GTTACACG	4.345134	-3.102347	0	T:152.0(100.00%),B:39303.4(97.98%),P:1e-1	Tpos:506.5,Tstd:292.4,Bpos:512.8,Bstd:319.2,StrandBias:-0.0,Multiplicity:4.69
0.100	0.100	0.700	0.100
0.100	0.100	0.100	0.700
0.100	0.100	0.100	0.700
0.700	0.100	0.100	0.100
0.100	0.700	0.100	0.100
0.700	0.100	0.100	0.100
0.100	0.700	0.100	0.100
0.100	0.100	0.700	0.100
>AATAGATT	7-AATAGATT	8.236954	-0.609906	0	T:11.0(7.24%),B:2900.1(7.23%),P:1e0	Tpos:456.1,Tstd:198.7,Bpos:499.9,Bstd:311.2,StrandBias:3.1,Multiplicity:2.64
0.700	0.100	0.100	0.100
0.700	0.100	0.100	0.100
0.100	0.100	0.100	0.700
0.700	0.100	0.100	0.100
0.100	0.100	0.700	0.100
0.700	0.100	0.100	0.100
0.100	0.100	0.100	0.700
0.100	0.100	0.100	0.700
