>NGAAAATTAACT	10-NGAAAATTAACT	8.481216	-7.305291	0	T:7.0(22.58%),B:1875.8(4.95%),P:1e-3
0.182	0.252	0.309	0.258
0.189	0.033	0.669	0.109
0.469	0.092	0.296	0.144
0.664	0.137	0.047	0.152
0.769	0.001	0.137	0.093
0.656	0.138	0.114	0.092
0.085	0.114	0.194	0.607
0.064	0.227	0.046	0.663
0.681	0.092	0.116	0.111
0.624	0.092	0.254	0.030
0.182	0.493	0.070	0.255
0.203	0.137	0.207	0.454
