>TCCTTTTATACA	2-TCCTTTTATACA	9.670754	-29.933085	0	T:34.0(27.20%),B:2457.1(6.08%),P:1e-12
0.026	0.074	0.001	0.899
0.132	0.684	0.039	0.145
0.031	0.723	0.047	0.199
0.071	0.001	0.045	0.883
0.080	0.001	0.049	0.870
0.098	0.035	0.045	0.822
0.001	0.029	0.001	0.969
0.780	0.043	0.074	0.103
0.104	0.001	0.001	0.894
0.891	0.001	0.092	0.016
0.096	0.752	0.071	0.081
0.839	0.027	0.039	0.095
