>ACTTTATCAATT	4-ACTTTATCAATT,BestGuess:PQM-1(?)/cElegans-L3-ChIP-Seq(modEncode)/Homer(0.680)	9.933865	-24.967294	0	T:43.0(34.40%),B:4618.3(11.43%),P:1e-10
0.889	0.018	0.060	0.033
0.061	0.709	0.045	0.185
0.030	0.083	0.113	0.774
0.084	0.066	0.138	0.712
0.001	0.033	0.001	0.965
0.817	0.061	0.014	0.108
0.133	0.001	0.068	0.798
0.008	0.802	0.074	0.116
0.915	0.001	0.021	0.063
0.840	0.001	0.067	0.092
0.056	0.100	0.001	0.843
0.024	0.032	0.001	0.943
