>YACGTGAACT	1-YACGTGAACT	6.356135	-283.136580	0	T:457.0(58.22%),B:7927.4(19.39%),P:1e-122	Tpos:743.4,Tstd:229.5,Bpos:519.8,Bstd:329.4,StrandBias:0.8,Multiplicity:1.35
0.216	0.365	0.027	0.392
0.766	0.170	0.063	0.001
0.001	0.997	0.001	0.001
0.001	0.001	0.997	0.001
0.001	0.001	0.001	0.997
0.001	0.001	0.997	0.001
0.922	0.001	0.066	0.011
0.771	0.203	0.008	0.018
0.182	0.724	0.001	0.093
0.134	0.205	0.001	0.660
>CACGTGDAAA	2-CACGTGDAAA	5.845553	-106.730844	0	T:414.0(52.74%),B:11450.7(28.01%),P:1e-46	Tpos:661.3,Tstd:290.7,Bpos:507.5,Bstd:317.3,StrandBias:0.0,Multiplicity:1.36
0.174	0.440	0.224	0.163
0.726	0.019	0.029	0.226
0.121	0.843	0.016	0.020
0.228	0.037	0.700	0.035
0.038	0.181	0.148	0.633
0.211	0.117	0.468	0.203
0.290	0.037	0.305	0.369
0.419	0.238	0.201	0.142
0.528	0.047	0.261	0.164
0.508	0.042	0.273	0.177
>AGAAATGATT	3-AGAAATGATT	8.492561	-84.996199	0	T:329.0(41.91%),B:8725.0(21.34%),P:1e-36	Tpos:675.3,Tstd:300.8,Bpos:519.1,Bstd:324.1,StrandBias:-0.8,Multiplicity:1.16
0.752	0.095	0.098	0.055
0.001	0.001	0.912	0.086
0.824	0.001	0.151	0.024
0.997	0.001	0.001	0.001
0.884	0.099	0.001	0.016
0.001	0.001	0.001	0.997
0.152	0.001	0.823	0.024
0.991	0.001	0.007	0.001
0.076	0.064	0.001	0.859
0.001	0.008	0.001	0.990
>AATTTATTTC	4-AATTTATTTC	10.489951	-54.736583	0	T:143.0(18.22%),B:2892.2(7.08%),P:1e-23	Tpos:759.4,Tstd:276.1,Bpos:518.2,Bstd:319.6,StrandBias:1.5,Multiplicity:1.06
0.997	0.001	0.001	0.001
0.930	0.001	0.068	0.001
0.001	0.001	0.001	0.997
0.001	0.001	0.058	0.940
0.001	0.001	0.042	0.956
0.997	0.001	0.001	0.001
0.001	0.001	0.001	0.997
0.001	0.001	0.001	0.997
0.098	0.165	0.060	0.677
0.001	0.997	0.001	0.001
>ATTGATTKAT	5-ATTGATTKAT	7.430051	-35.700741	0	T:271.0(34.52%),B:8888.2(21.74%),P:1e-15	Tpos:641.8,Tstd:308.9,Bpos:524.5,Bstd:319.4,StrandBias:-0.3,Multiplicity:1.26
0.629	0.099	0.060	0.212
0.250	0.157	0.097	0.496
0.034	0.299	0.024	0.643
0.162	0.135	0.486	0.217
0.866	0.058	0.069	0.007
0.099	0.035	0.004	0.862
0.001	0.006	0.080	0.913
0.072	0.142	0.425	0.361
0.439	0.188	0.247	0.126
0.277	0.180	0.090	0.453
>ACTSACCWTT	6-ACTSACCWTT	5.864835	-30.377543	0	T:190.0(24.20%),B:5757.8(14.09%),P:1e-13	Tpos:529.6,Tstd:289.1,Bpos:500.8,Bstd:310.0,StrandBias:-0.3,Multiplicity:1.11
0.708	0.053	0.056	0.183
0.053	0.617	0.211	0.119
0.130	0.270	0.121	0.479
0.079	0.422	0.280	0.219
0.501	0.220	0.167	0.112
0.310	0.462	0.170	0.057
0.143	0.515	0.195	0.147
0.463	0.134	0.026	0.377
0.071	0.056	0.283	0.590
0.303	0.076	0.104	0.517
>ATCGATAACT	7-ATCGATAACT	7.564133	-27.947461	0	T:254.0(32.36%),B:8706.8(21.30%),P:1e-12	Tpos:551.4,Tstd:306.6,Bpos:510.5,Bstd:323.3,StrandBias:0.3,Multiplicity:1.35
0.848	0.064	0.040	0.048
0.084	0.047	0.028	0.841
0.048	0.801	0.028	0.123
0.166	0.079	0.711	0.044
0.869	0.020	0.063	0.048
0.054	0.065	0.194	0.687
0.882	0.008	0.019	0.091
0.816	0.031	0.073	0.080
0.047	0.750	0.076	0.127
0.090	0.105	0.001	0.804
>GTGAGTTGGA	8-GTGAGTTGGA	9.525005	-27.846100	0	T:53.0(6.75%),B:862.3(2.11%),P:1e-12	Tpos:564.9,Tstd:316.7,Bpos:494.2,Bstd:313.4,StrandBias:0.3,Multiplicity:1.04
0.155	0.016	0.736	0.093
0.054	0.001	0.001	0.944
0.001	0.024	0.974	0.001
0.969	0.001	0.029	0.001
0.001	0.001	0.944	0.054
0.001	0.001	0.104	0.894
0.001	0.001	0.045	0.953
0.001	0.001	0.997	0.001
0.112	0.015	0.872	0.001
0.952	0.001	0.001	0.046
>ATWTGAACTT	9-ATWTGAACTT	8.167715	-27.817695	0	T:158.0(20.13%),B:4603.3(11.26%),P:1e-12	Tpos:557.1,Tstd:298.4,Bpos:516.9,Bstd:310.2,StrandBias:0.3,Multiplicity:1.15
0.596	0.016	0.102	0.286
0.261	0.141	0.168	0.430
0.482	0.163	0.021	0.335
0.116	0.119	0.128	0.637
0.022	0.323	0.621	0.034
0.762	0.155	0.029	0.054
0.664	0.153	0.091	0.092
0.105	0.645	0.130	0.120
0.217	0.037	0.034	0.712
0.014	0.060	0.023	0.903
>WTCGTGACCT	10-WTCGTGACCT	11.020857	-27.155970	0	T:26.0(3.31%),B:219.2(0.54%),P:1e-11	Tpos:665.9,Tstd:258.5,Bpos:507.0,Bstd:309.2,StrandBias:1.7,Multiplicity:1.00
0.464	0.001	0.001	0.534
0.001	0.001	0.001	0.997
0.001	0.997	0.001	0.001
0.001	0.001	0.997	0.001
0.001	0.001	0.001	0.997
0.001	0.001	0.997	0.001
0.997	0.001	0.001	0.001
0.404	0.594	0.001	0.001
0.001	0.997	0.001	0.001
0.001	0.276	0.001	0.722
>CCACATCACT	11-CCACATCACT	7.061576	-23.508092	0	T:140.0(17.83%),B:4138.8(10.12%),P:1e-10	Tpos:553.8,Tstd:285.8,Bpos:496.9,Bstd:318.5,StrandBias:0.4,Multiplicity:1.08
0.048	0.856	0.045	0.051
0.039	0.863	0.039	0.059
0.828	0.070	0.055	0.047
0.076	0.763	0.075	0.086
0.740	0.051	0.146	0.063
0.064	0.048	0.079	0.809
0.074	0.796	0.032	0.098
0.791	0.102	0.057	0.050
0.089	0.763	0.084	0.064
0.042	0.064	0.096	0.798
>CATACCGTCT	12-CATACCGTCT	10.252498	-23.493939	0	T:17.0(2.17%),B:98.3(0.24%),P:1e-10	Tpos:542.7,Tstd:241.1,Bpos:367.0,Bstd:277.7,StrandBias:0.9,Multiplicity:1.00
0.001	0.997	0.001	0.001
0.930	0.068	0.001	0.001
0.001	0.001	0.001	0.997
0.943	0.001	0.055	0.001
0.043	0.955	0.001	0.001
0.001	0.997	0.001	0.001
0.001	0.001	0.997	0.001
0.001	0.001	0.087	0.911
0.001	0.997	0.001	0.001
0.001	0.001	0.199	0.799
>YAGGCAGGCA	13-YAGGCAGGCA	7.874049	-21.937219	0	T:112.0(14.27%),B:3121.3(7.64%),P:1e-9	Tpos:497.7,Tstd:245.8,Bpos:483.5,Bstd:281.3,StrandBias:0.2,Multiplicity:1.96
0.102	0.356	0.126	0.416
0.900	0.098	0.001	0.001
0.114	0.001	0.884	0.001
0.096	0.001	0.902	0.001
0.001	0.615	0.001	0.383
0.997	0.001	0.001	0.001
0.001	0.001	0.870	0.128
0.117	0.075	0.807	0.001
0.069	0.830	0.001	0.100
0.661	0.190	0.100	0.049
>CAGCTCCAGC	14-CAGCTCCAGC	9.860906	-20.675281	0	T:38.0(4.84%),B:610.7(1.49%),P:1e-8	Tpos:352.7,Tstd:186.4,Bpos:406.4,Bstd:284.9,StrandBias:1.2,Multiplicity:1.63
0.001	0.818	0.180	0.001
0.997	0.001	0.001	0.001
0.001	0.242	0.756	0.001
0.001	0.731	0.267	0.001
0.287	0.001	0.001	0.711
0.001	0.997	0.001	0.001
0.001	0.997	0.001	0.001
0.997	0.001	0.001	0.001
0.001	0.001	0.768	0.230
0.001	0.580	0.418	0.001
>GTGATCACGT	15-GTGATCACGT	9.310217	-20.532104	0	T:34.0(4.33%),B:504.8(1.23%),P:1e-8	Tpos:623.7,Tstd:268.1,Bpos:497.4,Bstd:326.2,StrandBias:0.1,Multiplicity:1.07
0.125	0.089	0.785	0.001
0.001	0.001	0.001	0.997
0.048	0.054	0.897	0.001
0.933	0.065	0.001	0.001
0.047	0.138	0.086	0.729
0.001	0.898	0.100	0.001
0.997	0.001	0.001	0.001
0.001	0.997	0.001	0.001
0.001	0.001	0.945	0.053
0.130	0.001	0.001	0.868
>GCGTGGCATY	16-GCGTGGCATY	8.321070	-18.507638	0	T:70.0(8.92%),B:1721.8(4.21%),P:1e-8	Tpos:584.5,Tstd:281.6,Bpos:496.6,Bstd:316.4,StrandBias:0.4,Multiplicity:1.19
0.055	0.087	0.857	0.001
0.094	0.799	0.001	0.106
0.058	0.001	0.654	0.287
0.022	0.021	0.001	0.956
0.001	0.001	0.977	0.021
0.121	0.001	0.677	0.201
0.260	0.738	0.001	0.001
0.949	0.001	0.049	0.001
0.001	0.001	0.185	0.813
0.136	0.361	0.080	0.423
>GCTTGTACTC	17-GCTTGTACTC	10.257815	-18.395082	0	T:20.0(2.55%),B:203.0(0.50%),P:1e-7	Tpos:369.7,Tstd:314.9,Bpos:466.4,Bstd:315.8,StrandBias:1.1,Multiplicity:1.16
0.001	0.001	0.997	0.001
0.001	0.882	0.106	0.011
0.001	0.041	0.036	0.922
0.001	0.038	0.001	0.960
0.001	0.014	0.958	0.027
0.001	0.001	0.001	0.997
0.734	0.001	0.011	0.254
0.026	0.835	0.132	0.007
0.001	0.225	0.270	0.504
0.013	0.985	0.001	0.001
>GGTCCTGGTG	18-GGTCCTGGTG	7.342882	-16.704158	0	T:69.0(8.79%),B:1769.5(4.33%),P:1e-7	Tpos:374.4,Tstd:243.5,Bpos:438.3,Bstd:312.7,StrandBias:-0.5,Multiplicity:1.47
0.078	0.042	0.781	0.099
0.053	0.143	0.709	0.095
0.027	0.131	0.073	0.769
0.056	0.781	0.072	0.091
0.034	0.890	0.030	0.046
0.068	0.041	0.081	0.810
0.025	0.080	0.823	0.072
0.039	0.071	0.830	0.060
0.110	0.045	0.051	0.794
0.085	0.056	0.818	0.041
>CCCCCCCCCC	19-CCCCCCCCCC	7.450363	-16.060742	0	T:61.0(7.77%),B:1509.6(3.69%),P:1e-6	Tpos:682.1,Tstd:276.6,Bpos:502.6,Bstd:302.3,StrandBias:0.4,Multiplicity:1.07
0.037	0.804	0.059	0.100
0.043	0.808	0.065	0.084
0.061	0.769	0.051	0.119
0.051	0.815	0.061	0.073
0.053	0.795	0.060	0.092
0.066	0.783	0.055	0.096
0.045	0.840	0.064	0.051
0.029	0.835	0.061	0.075
0.055	0.781	0.068	0.096
0.084	0.775	0.062	0.079
>TCCTCCAGTA	20-TCCTCCAGTA	7.861151	-13.731240	0	T:72.0(9.17%),B:2041.5(4.99%),P:1e-5	Tpos:436.1,Tstd:252.9,Bpos:476.6,Bstd:322.0,StrandBias:-0.5,Multiplicity:1.33
0.033	0.001	0.001	0.965
0.001	0.951	0.001	0.047
0.001	0.997	0.001	0.001
0.030	0.053	0.062	0.855
0.073	0.908	0.001	0.018
0.001	0.928	0.035	0.036
0.844	0.001	0.126	0.029
0.001	0.104	0.838	0.057
0.133	0.076	0.022	0.769
0.963	0.012	0.024	0.001
>CGGCGATCGC	21-CGGCGATCGC	8.776961	-5.955160	0	T:13.0(1.66%),B:265.7(0.65%),P:1e-2	Tpos:608.9,Tstd:211.4,Bpos:421.1,Bstd:308.2,StrandBias:-0.1,Multiplicity:1.92
0.025	0.816	0.037	0.122
0.001	0.094	0.880	0.025
0.065	0.256	0.678	0.001
0.032	0.939	0.001	0.028
0.105	0.080	0.780	0.035
0.599	0.034	0.123	0.244
0.080	0.224	0.025	0.671
0.070	0.795	0.028	0.107
0.134	0.077	0.748	0.041
0.041	0.539	0.255	0.165
>ACCTCCCGAC	22-ACCTCCCGAC	10.462075	-5.447383	0	T:6.0(0.76%),B:75.5(0.18%),P:1e-2	Tpos:416.4,Tstd:225.9,Bpos:434.4,Bstd:311.6,StrandBias:-2.7,Multiplicity:2.50
0.530	0.154	0.001	0.315
0.045	0.874	0.080	0.001
0.001	0.997	0.001	0.001
0.001	0.080	0.080	0.839
0.001	0.950	0.001	0.048
0.001	0.938	0.060	0.001
0.001	0.800	0.045	0.154
0.001	0.001	0.838	0.160
0.767	0.001	0.129	0.103
0.061	0.520	0.103	0.316
>AGAYTGTTAC	23-AGAYTGTTAC	10.417119	-5.259177	0	T:8.0(1.02%),B:132.9(0.33%),P:1e-2	Tpos:444.8,Tstd:188.0,Bpos:444.5,Bstd:261.9,StrandBias:-2.8,Multiplicity:4.88
0.997	0.001	0.001	0.001
0.001	0.001	0.997	0.001
0.997	0.001	0.001	0.001
0.001	0.435	0.001	0.563
0.001	0.001	0.001	0.997
0.001	0.001	0.997	0.001
0.001	0.001	0.001	0.997
0.001	0.001	0.001	0.997
0.940	0.001	0.058	0.001
0.001	0.997	0.001	0.001
>TTAGATGAAT	24-TTAGATGAAT	4.566691	-4.506993	0	T:111.0(14.14%),B:4654.9(11.39%),P:1e-1	Tpos:482.9,Tstd:283.8,Bpos:515.2,Bstd:316.9,StrandBias:-0.8,Multiplicity:1.25
0.001	0.001	0.001	0.997
0.094	0.001	0.001	0.904
0.997	0.001	0.001	0.001
0.001	0.001	0.997	0.001
0.997	0.001	0.001	0.001
0.001	0.001	0.001	0.997
0.001	0.001	0.997	0.001
0.944	0.001	0.054	0.001
0.997	0.001	0.001	0.001
0.001	0.001	0.001	0.997
>TGGTCTAACT	25-TGGTCTAACT	10.296193	-1.872517	0	T:2.0(0.25%),B:35.1(0.09%),P:1e0	Tpos:379.5,Tstd:197.4,Bpos:424.6,Bstd:350.7,StrandBias:10.0,Multiplicity:12.50
0.100	0.100	0.100	0.700
0.100	0.100	0.700	0.100
0.100	0.100	0.700	0.100
0.100	0.100	0.100	0.700
0.100	0.700	0.100	0.100
0.100	0.100	0.100	0.700
0.700	0.100	0.100	0.100
0.700	0.100	0.100	0.100
0.100	0.700	0.100	0.100
0.100	0.100	0.100	0.700
>RWAAKTTCACGT	1-RWAAKTTCACGT	6.469540	-286.982520	0	T:516.0(65.73%),B:10169.9(24.88%),P:1e-124	Tpos:739.7,Tstd:233.4,Bpos:515.1,Bstd:324.6,StrandBias:-0.6,Multiplicity:1.46
0.377	0.093	0.316	0.215
0.451	0.031	0.210	0.309
0.481	0.087	0.165	0.266
0.548	0.026	0.180	0.246
0.086	0.001	0.473	0.440
0.001	0.001	0.304	0.694
0.018	0.119	0.001	0.862
0.001	0.997	0.001	0.001
0.997	0.001	0.001	0.001
0.001	0.997	0.001	0.001
0.001	0.001	0.997	0.001
0.001	0.158	0.140	0.701
>MGAAATRATTBA	2-MGAAATRATTBA	9.088079	-103.393806	0	T:255.0(32.48%),B:5204.2(12.73%),P:1e-44	Tpos:737.9,Tstd:281.5,Bpos:530.8,Bstd:331.1,StrandBias:-1.4,Multiplicity:1.15
0.477	0.359	0.112	0.052
0.001	0.001	0.997	0.001
0.556	0.061	0.238	0.145
0.997	0.001	0.001	0.001
0.997	0.001	0.001	0.001
0.001	0.001	0.001	0.997
0.449	0.001	0.549	0.001
0.997	0.001	0.001	0.001
0.240	0.001	0.001	0.758
0.001	0.117	0.001	0.881
0.089	0.254	0.388	0.269
0.833	0.001	0.165	0.001
>TCAGTTCTTAAT	3-TCAGTTCTTAAT	10.819116	-44.638052	0	T:33.0(4.20%),B:187.8(0.46%),P:1e-19	Tpos:737.3,Tstd:254.0,Bpos:515.4,Bstd:376.9,StrandBias:2.1,Multiplicity:1.03
0.024	0.082	0.021	0.873
0.057	0.553	0.238	0.152
0.754	0.169	0.038	0.039
0.042	0.145	0.626	0.187
0.073	0.073	0.015	0.839
0.063	0.045	0.036	0.856
0.044	0.904	0.041	0.011
0.047	0.060	0.152	0.741
0.108	0.222	0.169	0.501
0.658	0.052	0.041	0.249
0.540	0.118	0.185	0.157
0.226	0.012	0.018	0.744
>ATTTATTCCCGA	4-ATTTATTCCCGA	12.713073	-40.671046	0	T:21.0(2.68%),B:60.2(0.15%),P:1e-17	Tpos:801.0,Tstd:242.2,Bpos:565.5,Bstd:308.5,StrandBias:1.8,Multiplicity:1.00
0.997	0.001	0.001	0.001
0.001	0.001	0.087	0.911
0.001	0.001	0.001	0.997
0.077	0.001	0.106	0.816
0.997	0.001	0.001	0.001
0.001	0.001	0.001	0.997
0.001	0.001	0.001	0.997
0.078	0.645	0.031	0.246
0.052	0.946	0.001	0.001
0.018	0.940	0.001	0.041
0.001	0.038	0.960	0.001
0.893	0.001	0.105	0.001
>TATTGATTTATT	5-TATTGATTTATT	10.097092	-38.940930	0	T:170.0(21.66%),B:4482.5(10.97%),P:1e-16	Tpos:639.1,Tstd:293.1,Bpos:536.0,Bstd:321.7,StrandBias:-0.5,Multiplicity:1.29
0.107	0.043	0.104	0.746
0.841	0.035	0.062	0.062
0.049	0.043	0.042	0.866
0.047	0.113	0.061	0.779
0.043	0.065	0.820	0.072
0.915	0.034	0.021	0.030
0.045	0.038	0.029	0.888
0.007	0.024	0.057	0.912
0.043	0.026	0.113	0.818
0.737	0.065	0.078	0.120
0.103	0.054	0.021	0.822
0.035	0.067	0.042	0.856
>CWTCGTGAACTK	6-CWTCGTGAACTK	10.973276	-36.255335	0	T:37.0(4.71%),B:331.4(0.81%),P:1e-15	Tpos:570.0,Tstd:279.2,Bpos:472.0,Bstd:307.6,StrandBias:0.6,Multiplicity:1.00
0.244	0.594	0.086	0.076
0.485	0.001	0.001	0.513
0.113	0.071	0.093	0.723
0.001	0.743	0.176	0.080
0.162	0.076	0.643	0.119
0.102	0.001	0.001	0.896
0.001	0.171	0.827	0.001
0.997	0.001	0.001	0.001
0.997	0.001	0.001	0.001
0.071	0.863	0.065	0.001
0.001	0.001	0.001	0.997
0.176	0.003	0.337	0.484
>TTGGAAAACCTG	7-TTGGAAAACCTG	12.543151	-32.954029	0	T:26.0(3.31%),B:166.3(0.41%),P:1e-14	Tpos:471.2,Tstd:331.0,Bpos:481.4,Bstd:309.0,StrandBias:0.0,Multiplicity:1.00
0.043	0.051	0.001	0.905
0.001	0.058	0.001	0.940
0.001	0.001	0.969	0.029
0.033	0.001	0.965	0.001
0.997	0.001	0.001	0.001
0.997	0.001	0.001	0.001
0.948	0.001	0.001	0.050
0.902	0.096	0.001	0.001
0.087	0.847	0.032	0.034
0.022	0.782	0.195	0.001
0.001	0.048	0.051	0.900
0.001	0.045	0.872	0.082
>CAGGCGGACATC	8-CAGGCGGACATC	13.714354	-29.285879	0	T:9.0(1.15%),B:4.6(0.01%),P:1e-12	Tpos:431.8,Tstd:303.5,Bpos:525.7,Bstd:234.8,StrandBias:0.3,Multiplicity:1.00
0.001	0.997	0.001	0.001
0.997	0.001	0.001	0.001
0.001	0.001	0.997	0.001
0.150	0.001	0.725	0.124
0.001	0.997	0.001	0.001
0.001	0.001	0.849	0.149
0.001	0.001	0.874	0.124
0.849	0.001	0.001	0.149
0.001	0.997	0.001	0.001
0.849	0.001	0.001	0.149
0.001	0.001	0.001	0.997
0.001	0.997	0.001	0.001
>TTATYGAYTKAT	9-TTATYGAYTKAT	10.646269	-28.934745	0	T:106.0(13.50%),B:2555.7(6.25%),P:1e-12	Tpos:587.8,Tstd:304.9,Bpos:551.3,Bstd:332.9,StrandBias:-0.2,Multiplicity:1.49
0.028	0.016	0.065	0.891
0.020	0.017	0.207	0.756
0.891	0.096	0.012	0.001
0.012	0.001	0.001	0.986
0.049	0.528	0.001	0.422
0.015	0.023	0.939	0.023
0.949	0.001	0.032	0.018
0.001	0.528	0.091	0.380
0.029	0.021	0.120	0.830
0.001	0.048	0.473	0.478
0.655	0.001	0.001	0.343
0.032	0.035	0.034	0.899
>GCCTGCCTGCCT	10-GCCTGCCTGCCT	9.430826	-28.665420	0	T:62.0(7.90%),B:1104.0(2.70%),P:1e-12	Tpos:485.5,Tstd:257.8,Bpos:489.3,Bstd:272.3,StrandBias:-0.2,Multiplicity:1.50
0.224	0.001	0.639	0.136
0.086	0.598	0.053	0.263
0.145	0.676	0.169	0.010
0.081	0.115	0.101	0.703
0.165	0.029	0.777	0.029
0.001	0.885	0.028	0.086
0.089	0.725	0.058	0.128
0.001	0.001	0.028	0.970
0.236	0.029	0.677	0.058
0.115	0.782	0.074	0.029
0.036	0.655	0.065	0.244
0.070	0.001	0.171	0.758
>AAATTTATTTCG	11-AAATTTATTTCG	13.627962	-25.778648	0	T:18.0(2.29%),B:97.0(0.24%),P:1e-11	Tpos:781.7,Tstd:243.8,Bpos:569.6,Bstd:305.3,StrandBias:1.4,Multiplicity:1.00
0.997	0.001	0.001	0.001
0.997	0.001	0.001	0.001
0.863	0.001	0.135	0.001
0.001	0.001	0.001	0.997
0.001	0.001	0.001	0.997
0.001	0.001	0.001	0.997
0.997	0.001	0.001	0.001
0.001	0.001	0.001	0.997
0.001	0.001	0.093	0.905
0.065	0.001	0.001	0.933
0.001	0.997	0.001	0.001
0.001	0.001	0.997	0.001
>CACACCCCGGAT	12-CACACCCCGGAT	10.183259	-22.992890	0	T:20.0(2.55%),B:151.6(0.37%),P:1e-9	Tpos:338.7,Tstd:222.2,Bpos:438.8,Bstd:318.9,StrandBias:-1.6,Multiplicity:1.00
0.066	0.932	0.001	0.001
0.868	0.061	0.070	0.001
0.084	0.845	0.001	0.070
0.761	0.084	0.001	0.154
0.055	0.790	0.001	0.154
0.191	0.724	0.001	0.084
0.055	0.943	0.001	0.001
0.001	0.844	0.154	0.001
0.061	0.001	0.815	0.123
0.070	0.001	0.789	0.140
0.779	0.169	0.051	0.001
0.001	0.001	0.069	0.929
>TGCTGGAGCTGG	13-TGCTGGAGCTGG	11.724656	-21.262300	0	T:15.0(1.91%),B:84.6(0.21%),P:1e-9	Tpos:376.8,Tstd:226.5,Bpos:423.0,Bstd:302.4,StrandBias:-1.7,Multiplicity:1.67
0.194	0.001	0.001	0.804
0.001	0.068	0.882	0.049
0.001	0.997	0.001	0.001
0.001	0.001	0.001	0.997
0.001	0.001	0.997	0.001
0.001	0.001	0.997	0.001
0.997	0.001	0.001	0.001
0.001	0.067	0.931	0.001
0.001	0.931	0.001	0.067
0.001	0.001	0.001	0.997
0.067	0.001	0.931	0.001
0.170	0.077	0.752	0.001
>GCAAACATTCAT	14-GCAAACATTCAT	12.080547	-20.569247	0	T:23.0(2.93%),B:237.3(0.58%),P:1e-8	Tpos:419.3,Tstd:283.6,Bpos:531.6,Bstd:284.5,StrandBias:-0.6,Multiplicity:1.09
0.042	0.057	0.834	0.067
0.035	0.910	0.054	0.001
0.997	0.001	0.001	0.001
0.997	0.001	0.001	0.001
0.997	0.001	0.001	0.001
0.076	0.830	0.045	0.049
0.818	0.001	0.121	0.060
0.001	0.100	0.001	0.898
0.001	0.001	0.044	0.954
0.001	0.929	0.043	0.027
0.942	0.001	0.001	0.056
0.001	0.001	0.053	0.945
>GAATATCCTACA	15-GAATATCCTACA	11.120040	-17.773815	0	T:24.0(3.06%),B:303.0(0.74%),P:1e-7	Tpos:394.3,Tstd:293.7,Bpos:511.6,Bstd:298.2,StrandBias:0.3,Multiplicity:1.17
0.133	0.069	0.689	0.109
0.997	0.001	0.001	0.001
0.846	0.152	0.001	0.001
0.001	0.282	0.001	0.716
0.776	0.001	0.001	0.222
0.102	0.001	0.001	0.896
0.001	0.836	0.001	0.162
0.001	0.997	0.001	0.001
0.001	0.348	0.001	0.650
0.903	0.095	0.001	0.001
0.001	0.693	0.305	0.001
0.915	0.083	0.001	0.001
>TAGTTTCTTGCC	16-TAGTTTCTTGCC	12.833500	-17.042326	0	T:12.0(1.53%),B:69.7(0.17%),P:1e-7	Tpos:455.1,Tstd:328.7,Bpos:463.2,Bstd:280.5,StrandBias:0.0,Multiplicity:1.17
0.088	0.001	0.001	0.910
0.997	0.001	0.001	0.001
0.060	0.001	0.898	0.041
0.001	0.080	0.001	0.918
0.001	0.001	0.001	0.997
0.001	0.001	0.001	0.997
0.001	0.857	0.101	0.041
0.121	0.001	0.001	0.877
0.001	0.001	0.001	0.997
0.101	0.001	0.841	0.057
0.089	0.836	0.074	0.001
0.001	0.941	0.001	0.057
>CGAGTACAATCS	17-CGAGTACAATCS	10.071836	-15.398497	0	T:9.0(1.15%),B:38.5(0.09%),P:1e-6	Tpos:237.2,Tstd:165.7,Bpos:319.5,Bstd:255.1,StrandBias:-1.6,Multiplicity:1.33
0.001	0.952	0.001	0.046
0.001	0.001	0.997	0.001
0.997	0.001	0.001	0.001
0.001	0.001	0.997	0.001
0.001	0.001	0.001	0.997
0.997	0.001	0.001	0.001
0.001	0.997	0.001	0.001
0.630	0.001	0.001	0.368
0.977	0.001	0.021	0.001
0.001	0.103	0.001	0.895
0.001	0.997	0.001	0.001
0.001	0.494	0.504	0.001
>TCGGCGATCGCC	18-TCGGCGATCGCC	10.054695	-14.684071	0	T:16.0(2.04%),B:166.7(0.41%),P:1e-6	Tpos:620.3,Tstd:217.4,Bpos:423.5,Bstd:308.7,StrandBias:-0.2,Multiplicity:1.75
0.004	0.256	0.062	0.678
0.001	0.888	0.001	0.110
0.059	0.001	0.683	0.257
0.001	0.231	0.709	0.059
0.001	0.927	0.001	0.071
0.129	0.038	0.831	0.002
0.806	0.059	0.001	0.134
0.052	0.043	0.001	0.904
0.001	0.890	0.072	0.037
0.121	0.001	0.733	0.145
0.072	0.796	0.060	0.072
0.035	0.912	0.001	0.052
>CGCCTCHTCCAG	19-CGCCTCHTCCAG	10.046656	-14.414975	0	T:20.0(2.55%),B:263.6(0.64%),P:1e-6	Tpos:531.1,Tstd:222.1,Bpos:455.7,Bstd:312.8,StrandBias:0.5,Multiplicity:1.26
0.001	0.997	0.001	0.001
0.143	0.001	0.740	0.116
0.110	0.883	0.001	0.006
0.001	0.883	0.001	0.115
0.001	0.001	0.001	0.997
0.001	0.907	0.001	0.091
0.241	0.378	0.140	0.242
0.001	0.001	0.357	0.641
0.001	0.997	0.001	0.001
0.139	0.859	0.001	0.001
0.888	0.001	0.110	0.001
0.116	0.065	0.818	0.001
>CCCCCCCCCCCY	20-CCCCCCCCCCCY	7.602063	-14.051428	0	T:55.0(7.01%),B:1386.4(3.39%),P:1e-6	Tpos:700.8,Tstd:275.4,Bpos:502.4,Bstd:303.6,StrandBias:0.7,Multiplicity:1.06
0.131	0.531	0.049	0.289
0.069	0.651	0.061	0.219
0.072	0.670	0.049	0.209
0.120	0.646	0.043	0.191
0.092	0.665	0.056	0.187
0.075	0.690	0.035	0.200
0.075	0.665	0.052	0.208
0.088	0.702	0.062	0.148
0.146	0.603	0.078	0.173
0.145	0.586	0.059	0.210
0.194	0.529	0.065	0.212
0.212	0.441	0.056	0.292
>GGAGCACCAGGA	21-GGAGCACCAGGA	7.667314	-11.077052	0	T:77.0(9.81%),B:2415.0(5.91%),P:1e-4	Tpos:397.9,Tstd:238.1,Bpos:408.3,Bstd:302.8,StrandBias:0.6,Multiplicity:2.23
0.052	0.057	0.890	0.001
0.028	0.001	0.592	0.379
0.602	0.095	0.001	0.302
0.050	0.332	0.602	0.016
0.089	0.829	0.053	0.029
0.705	0.072	0.001	0.222
0.001	0.759	0.216	0.024
0.047	0.784	0.168	0.001
0.667	0.076	0.110	0.147
0.001	0.038	0.960	0.001
0.001	0.154	0.844	0.001
0.905	0.066	0.001	0.028
>TACCTCCCGACG	22-TACCTCCCGACG	9.672721	-10.200835	0	T:4.0(0.51%),B:7.4(0.02%),P:1e-4	Tpos:373.8,Tstd:206.7,Bpos:300.2,Bstd:240.0,StrandBias:-3.6,Multiplicity:3.25
0.198	0.001	0.001	0.800
0.820	0.001	0.001	0.178
0.001	0.997	0.001	0.001
0.001	0.997	0.001	0.001
0.001	0.001	0.001	0.997
0.001	0.997	0.001	0.001
0.001	0.839	0.159	0.001
0.001	0.997	0.001	0.001
0.001	0.001	0.997	0.001
0.997	0.001	0.001	0.001
0.001	0.825	0.001	0.173
0.001	0.001	0.997	0.001
>CTTTGGVAATTC	23-CTTTGGVAATTC	11.426628	-6.646960	0	T:16.0(2.04%),B:339.8(0.83%),P:1e-2	Tpos:404.1,Tstd:242.2,Bpos:497.9,Bstd:299.5,StrandBias:2.7,Multiplicity:2.31
0.067	0.793	0.061	0.079
0.068	0.001	0.258	0.673
0.062	0.005	0.074	0.859
0.001	0.001	0.001	0.997
0.001	0.001	0.955	0.043
0.146	0.073	0.698	0.083
0.338	0.298	0.364	0.001
0.663	0.093	0.106	0.138
0.939	0.001	0.001	0.059
0.025	0.031	0.061	0.883
0.034	0.001	0.001	0.964
0.035	0.958	0.004	0.003
>ATAGATTGTTAC	24-ATAGATTGTTAC	13.596527	-4.079487	0	T:3.0(0.38%),B:26.6(0.07%),P:1e-1	Tpos:409.9,Tstd:186.4,Bpos:414.9,Bstd:212.4,StrandBias:-4.0,Multiplicity:11.33
0.997	0.001	0.001	0.001
0.001	0.001	0.001	0.997
0.997	0.001	0.001	0.001
0.001	0.001	0.997	0.001
0.997	0.001	0.001	0.001
0.001	0.001	0.067	0.931
0.001	0.001	0.001	0.997
0.001	0.001	0.997	0.001
0.001	0.001	0.001	0.997
0.001	0.001	0.001	0.997
0.997	0.001	0.001	0.001
0.053	0.945	0.001	0.001
>ATCTAATGGTCT	25-ATCTAATGGTCT	16.558530	-3.971709	0	T:1.0(0.13%),B:0.0(0.00%),P:1e-1	Tpos:392.2,Tstd:178.3,Bpos:0.0,Bstd:0.0,StrandBias:10.0,Multiplicity:20.00
0.997	0.001	0.001	0.001
0.001	0.001	0.001	0.997
0.001	0.997	0.001	0.001
0.001	0.001	0.001	0.997
0.957	0.001	0.001	0.041
0.997	0.001	0.001	0.001
0.001	0.001	0.001	0.997
0.001	0.001	0.997	0.001
0.001	0.001	0.997	0.001
0.001	0.001	0.001	0.997
0.001	0.997	0.001	0.001
0.001	0.001	0.001	0.997
>AGTTCACG	1-AGTTCACG	7.221023	-237.304215	0	T:208.0(26.50%),B:1595.9(3.90%),P:1e-103	Tpos:782.3,Tstd:191.1,Bpos:526.5,Bstd:334.7,StrandBias:-2.1,Multiplicity:1.08
0.860	0.001	0.138	0.001
0.001	0.001	0.997	0.001
0.001	0.001	0.154	0.844
0.001	0.001	0.001	0.997
0.001	0.997	0.001	0.001
0.997	0.001	0.001	0.001
0.001	0.997	0.001	0.001
0.001	0.001	0.997	0.001
>TTCACGTG	2-TTCACGTG	5.864018	-228.505460	0	T:547.0(69.68%),B:13185.0(32.25%),P:1e-99	Tpos:699.0,Tstd:266.7,Bpos:509.5,Bstd:326.6,StrandBias:0.0,Multiplicity:1.34
0.041	0.015	0.023	0.921
0.042	0.048	0.037	0.873
0.038	0.756	0.027	0.179
0.920	0.053	0.026	0.001
0.001	0.997	0.001	0.001
0.001	0.001	0.997	0.001
0.001	0.016	0.053	0.930
0.095	0.018	0.762	0.125
>NACGTGAM	3-NACGTGAM	5.970272	-216.693892	0	T:565.0(71.97%),B:14451.1(35.35%),P:1e-94	Tpos:658.6,Tstd:278.1,Bpos:501.5,Bstd:322.6,StrandBias:0.5,Multiplicity:1.15
0.242	0.292	0.162	0.304
0.524	0.103	0.265	0.108
0.001	0.887	0.031	0.081
0.001	0.001	0.997	0.001
0.001	0.001	0.045	0.953
0.125	0.161	0.629	0.085
0.537	0.001	0.249	0.213
0.357	0.402	0.041	0.200
>CGTGGAAA	4-CGTGGAAA	3.807464	-50.367023	0	T:248.0(31.59%),B:7015.2(17.16%),P:1e-21	Tpos:573.3,Tstd:295.2,Bpos:487.3,Bstd:322.8,StrandBias:0.2,Multiplicity:1.28
0.001	0.997	0.001	0.001
0.001	0.001	0.997	0.001
0.001	0.001	0.001	0.997
0.001	0.001	0.997	0.001
0.001	0.001	0.814	0.184
0.997	0.001	0.001	0.001
0.857	0.001	0.141	0.001
0.769	0.227	0.001	0.003
>AAAGTTCA	5-AAAGTTCA	7.262183	-48.375445	0	T:328.0(41.78%),B:10597.2(25.92%),P:1e-21	Tpos:553.5,Tstd:309.4,Bpos:515.4,Bstd:308.9,StrandBias:-0.1,Multiplicity:1.26
0.760	0.001	0.103	0.136
0.997	0.001	0.001	0.001
0.997	0.001	0.001	0.001
0.001	0.001	0.997	0.001
0.001	0.001	0.215	0.783
0.001	0.001	0.001	0.997
0.001	0.997	0.001	0.001
0.997	0.001	0.001	0.001
>TCCACATC	6-TCCACATC	7.256090	-34.012791	0	T:192.0(24.46%),B:5619.3(13.75%),P:1e-14	Tpos:525.4,Tstd:281.4,Bpos:473.5,Bstd:320.7,StrandBias:0.9,Multiplicity:1.12
0.001	0.001	0.132	0.866
0.001	0.997	0.001	0.001
0.001	0.997	0.001	0.001
0.997	0.001	0.001	0.001
0.001	0.997	0.001	0.001
0.718	0.140	0.141	0.001
0.001	0.001	0.001	0.997
0.001	0.817	0.181	0.001
>ATTGATTK	7-ATTGATTK	8.142258	-32.902598	0	T:353.0(44.97%),B:12901.7(31.56%),P:1e-14	Tpos:607.8,Tstd:307.9,Bpos:522.7,Bstd:326.7,StrandBias:-0.4,Multiplicity:1.51
0.969	0.001	0.029	0.001
0.302	0.153	0.064	0.481
0.134	0.109	0.028	0.729
0.001	0.208	0.728	0.063
0.950	0.001	0.048	0.001
0.049	0.025	0.064	0.862
0.001	0.175	0.001	0.823
0.001	0.030	0.501	0.468
>GAAATAAA	8-GAAATAAA	9.827994	-31.873583	0	T:358.0(45.61%),B:13230.4(32.36%),P:1e-13	Tpos:663.1,Tstd:301.4,Bpos:527.2,Bstd:319.2,StrandBias:-0.7,Multiplicity:1.33
0.001	0.001	0.997	0.001
0.997	0.001	0.001	0.001
0.997	0.001	0.001	0.001
0.997	0.001	0.001	0.001
0.001	0.001	0.001	0.997
0.997	0.001	0.001	0.001
0.997	0.001	0.001	0.001
0.709	0.001	0.001	0.289
>GAATTGAT	9-GAATTGAT	7.053408	-29.718119	0	T:306.0(38.98%),B:10945.9(26.78%),P:1e-12	Tpos:536.6,Tstd:300.6,Bpos:496.2,Bstd:323.5,StrandBias:0.1,Multiplicity:1.15
0.001	0.178	0.820	0.001
0.890	0.001	0.001	0.108
0.997	0.001	0.001	0.001
0.001	0.128	0.001	0.870
0.001	0.117	0.001	0.881
0.001	0.001	0.997	0.001
0.997	0.001	0.001	0.001
0.001	0.001	0.001	0.997
>TGGATCAC	10-TGGATCAC	6.863009	-28.431181	0	T:240.0(30.57%),B:8044.0(19.68%),P:1e-12	Tpos:460.1,Tstd:277.4,Bpos:470.5,Bstd:310.9,StrandBias:0.2,Multiplicity:1.19
0.001	0.001	0.068	0.930
0.058	0.001	0.940	0.001
0.001	0.100	0.898	0.001
0.886	0.026	0.018	0.070
0.097	0.029	0.031	0.843
0.122	0.795	0.001	0.082
0.958	0.037	0.004	0.001
0.106	0.846	0.047	0.001
>GCCTGCCT	11-GCCTGCCT	8.336226	-19.718535	0	T:76.0(9.68%),B:1882.5(4.60%),P:1e-8	Tpos:511.4,Tstd:240.5,Bpos:473.3,Bstd:280.6,StrandBias:-0.2,Multiplicity:1.92
0.137	0.075	0.713	0.075
0.025	0.925	0.009	0.041
0.123	0.763	0.072	0.042
0.068	0.062	0.052	0.818
0.381	0.029	0.561	0.029
0.029	0.825	0.101	0.045
0.066	0.757	0.076	0.101
0.052	0.125	0.173	0.650
>TAAGATCT	12-TAAGATCT	7.952029	-17.802067	0	T:142.0(18.09%),B:4613.0(11.28%),P:1e-7	Tpos:609.3,Tstd:282.8,Bpos:501.7,Bstd:320.4,StrandBias:0.4,Multiplicity:1.15
0.001	0.001	0.001	0.997
0.750	0.248	0.001	0.001
0.997	0.001	0.001	0.001
0.001	0.001	0.997	0.001
0.820	0.001	0.001	0.178
0.001	0.001	0.001	0.997
0.001	0.997	0.001	0.001
0.001	0.001	0.001	0.997
>TGCTGGCA	13-TGCTGGCA	6.341931	-17.077892	0	T:198.0(25.22%),B:7129.4(17.44%),P:1e-7	Tpos:463.0,Tstd:287.4,Bpos:496.3,Bstd:307.6,StrandBias:-0.6,Multiplicity:1.19
0.001	0.001	0.068	0.930
0.149	0.001	0.849	0.001
0.001	0.764	0.001	0.234
0.089	0.001	0.001	0.909
0.001	0.001	0.997	0.001
0.001	0.001	0.997	0.001
0.001	0.928	0.001	0.070
0.997	0.001	0.001	0.001
>AACCTCAC	14-AACCTCAC	7.711883	-16.280588	0	T:171.0(21.78%),B:5997.3(14.67%),P:1e-7	Tpos:515.5,Tstd:282.8,Bpos:483.0,Bstd:313.6,StrandBias:-0.4,Multiplicity:1.10
0.645	0.039	0.001	0.315
0.796	0.001	0.001	0.202
0.376	0.622	0.001	0.001
0.001	0.927	0.071	0.001
0.001	0.032	0.099	0.868
0.001	0.997	0.001	0.001
0.708	0.290	0.001	0.001
0.001	0.686	0.125	0.188
>CCAACTCA	15-CCAACTCA	10.934647	-15.533703	0	T:48.0(6.11%),B:1077.4(2.64%),P:1e-6	Tpos:545.7,Tstd:284.1,Bpos:498.9,Bstd:316.7,StrandBias:0.2,Multiplicity:1.06
0.001	0.997	0.001	0.001
0.001	0.997	0.001	0.001
0.997	0.001	0.001	0.001
0.997	0.001	0.001	0.001
0.001	0.997	0.001	0.001
0.001	0.124	0.001	0.874
0.001	0.997	0.001	0.001
0.997	0.001	0.001	0.001
>TGCCTACG	16-TGCCTACG	4.274322	-14.380284	0	T:104.0(13.25%),B:3281.6(8.03%),P:1e-6	Tpos:512.9,Tstd:238.7,Bpos:489.7,Bstd:291.0,StrandBias:0.4,Multiplicity:1.49
0.001	0.001	0.009	0.989
0.001	0.001	0.997	0.001
0.001	0.997	0.001	0.001
0.001	0.997	0.001	0.001
0.001	0.001	0.001	0.997
0.997	0.001	0.001	0.001
0.001	0.997	0.001	0.001
0.061	0.124	0.749	0.066
>CCCCCCCC	17-CCCCCCCC	7.890814	-13.006505	0	T:62.0(7.90%),B:1699.3(4.16%),P:1e-5	Tpos:680.6,Tstd:269.6,Bpos:506.6,Bstd:305.4,StrandBias:0.4,Multiplicity:1.13
0.011	0.919	0.021	0.049
0.012	0.923	0.001	0.064
0.001	0.874	0.016	0.109
0.017	0.884	0.017	0.082
0.031	0.920	0.001	0.048
0.001	0.881	0.053	0.065
0.001	0.931	0.027	0.041
0.001	0.889	0.036	0.074
>TTTATTTT	18-TTTATTTT	8.236954	-11.092521	0	T:406.0(51.72%),B:18054.6(44.17%),P:1e-4	Tpos:592.1,Tstd:287.5,Bpos:534.9,Bstd:308.9,StrandBias:-0.0,Multiplicity:1.43
0.100	0.100	0.100	0.700
0.100	0.100	0.100	0.700
0.100	0.100	0.100	0.700
0.700	0.100	0.100	0.100
0.100	0.100	0.100	0.700
0.100	0.100	0.100	0.700
0.100	0.100	0.100	0.700
0.100	0.100	0.100	0.700
>AGCACCAG	19-AGCACCAG	7.525207	-8.451700	0	T:87.0(11.08%),B:3056.0(7.48%),P:1e-3	Tpos:406.8,Tstd:219.6,Bpos:442.7,Bstd:308.3,StrandBias:1.0,Multiplicity:1.64
0.970	0.001	0.001	0.028
0.001	0.072	0.906	0.021
0.080	0.743	0.146	0.031
0.639	0.142	0.001	0.218
0.001	0.943	0.055	0.001
0.001	0.988	0.001	0.010
0.997	0.001	0.001	0.001
0.034	0.025	0.868	0.073
>TATCCTCC	20-TATCCTCC	8.316640	-8.125107	0	T:69.0(8.79%),B:2315.6(5.66%),P:1e-3	Tpos:451.6,Tstd:242.9,Bpos:473.7,Bstd:316.9,StrandBias:0.1,Multiplicity:1.18
0.001	0.001	0.001	0.997
0.824	0.001	0.174	0.001
0.001	0.001	0.093	0.905
0.001	0.997	0.001	0.001
0.001	0.997	0.001	0.001
0.001	0.001	0.001	0.997
0.001	0.997	0.001	0.001
0.001	0.827	0.001	0.171
>CCTCCGGC	21-CCTCCGGC	7.433740	-7.305040	0	T:64.0(8.15%),B:2175.9(5.32%),P:1e-3	Tpos:371.4,Tstd:251.9,Bpos:474.4,Bstd:305.0,StrandBias:-0.3,Multiplicity:1.33
0.001	0.759	0.001	0.239
0.001	0.997	0.001	0.001
0.001	0.035	0.174	0.790
0.001	0.587	0.411	0.001
0.183	0.815	0.001	0.001
0.001	0.001	0.997	0.001
0.001	0.382	0.616	0.001
0.147	0.665	0.001	0.187
>CGATCGCC	22-CGATCGCC	8.853274	-7.285779	0	T:27.0(3.44%),B:695.4(1.70%),P:1e-3	Tpos:547.1,Tstd:245.9,Bpos:454.2,Bstd:327.6,StrandBias:-0.1,Multiplicity:1.56
0.001	0.997	0.001	0.001
0.001	0.001	0.997	0.001
0.856	0.001	0.142	0.001
0.001	0.001	0.001	0.997
0.001	0.871	0.127	0.001
0.001	0.001	0.997	0.001
0.001	0.997	0.001	0.001
0.001	0.997	0.001	0.001
>GATGAATT	23-GATGAATT	8.579888	-5.714806	0	T:125.0(15.92%),B:5117.1(12.52%),P:1e-2	Tpos:456.9,Tstd:267.5,Bpos:500.9,Bstd:316.4,StrandBias:-0.8,Multiplicity:1.28
0.001	0.001	0.997	0.001
0.997	0.001	0.001	0.001
0.001	0.001	0.001	0.997
0.001	0.001	0.997	0.001
0.997	0.001	0.001	0.001
0.874	0.001	0.124	0.001
0.001	0.001	0.001	0.997
0.001	0.331	0.001	0.667
>TATCGATT	24-TATCGATT	9.326353	-5.183951	0	T:110.0(14.01%),B:4496.8(11.00%),P:1e-2	Tpos:570.3,Tstd:317.6,Bpos:545.3,Bstd:332.9,StrandBias:-0.4,Multiplicity:1.62
0.001	0.001	0.001	0.997
0.997	0.001	0.001	0.001
0.001	0.001	0.001	0.997
0.001	0.997	0.001	0.001
0.001	0.001	0.997	0.001
0.997	0.001	0.001	0.001
0.001	0.001	0.001	0.997
0.175	0.001	0.001	0.823
>TGGTCTAA	25-TGGTCTAA	8.236954	-1.233919	0	T:13.0(1.66%),B:562.7(1.38%),P:1e0	Tpos:373.4,Tstd:218.2,Bpos:497.1,Bstd:321.7,StrandBias:3.0,Multiplicity:3.08
0.100	0.100	0.100	0.700
0.100	0.100	0.700	0.100
0.100	0.100	0.700	0.100
0.100	0.100	0.100	0.700
0.100	0.700	0.100	0.100
0.100	0.100	0.100	0.700
0.700	0.100	0.100	0.100
0.700	0.100	0.100	0.100
