>YACGTGAACT	1-YACGTGAACT	6.356135	-283.136580	0	T:457.0(58.22%),B:7927.4(19.39%),P:1e-122	Tpos:743.4,Tstd:229.5,Bpos:519.8,Bstd:329.4,StrandBias:0.8,Multiplicity:1.35
0.216	0.365	0.027	0.392
0.766	0.170	0.063	0.001
0.001	0.997	0.001	0.001
0.001	0.001	0.997	0.001
0.001	0.001	0.001	0.997
0.001	0.001	0.997	0.001
0.922	0.001	0.066	0.011
0.771	0.203	0.008	0.018
0.182	0.724	0.001	0.093
0.134	0.205	0.001	0.660
>CACGTGDAAA	2-CACGTGDAAA	5.845553	-106.730844	0	T:414.0(52.74%),B:11450.7(28.01%),P:1e-46	Tpos:661.3,Tstd:290.7,Bpos:507.5,Bstd:317.3,StrandBias:0.0,Multiplicity:1.36
0.174	0.440	0.224	0.163
0.726	0.019	0.029	0.226
0.121	0.843	0.016	0.020
0.228	0.037	0.700	0.035
0.038	0.181	0.148	0.633
0.211	0.117	0.468	0.203
0.290	0.037	0.305	0.369
0.419	0.238	0.201	0.142
0.528	0.047	0.261	0.164
0.508	0.042	0.273	0.177
>AGAAATGATT	3-AGAAATGATT	8.492561	-84.996199	0	T:329.0(41.91%),B:8725.0(21.34%),P:1e-36	Tpos:675.3,Tstd:300.8,Bpos:519.1,Bstd:324.1,StrandBias:-0.8,Multiplicity:1.16
0.752	0.095	0.098	0.055
0.001	0.001	0.912	0.086
0.824	0.001	0.151	0.024
0.997	0.001	0.001	0.001
0.884	0.099	0.001	0.016
0.001	0.001	0.001	0.997
0.152	0.001	0.823	0.024
0.991	0.001	0.007	0.001
0.076	0.064	0.001	0.859
0.001	0.008	0.001	0.990
>AATTTATTTC	4-AATTTATTTC	10.489951	-54.736583	0	T:143.0(18.22%),B:2892.2(7.08%),P:1e-23	Tpos:759.4,Tstd:276.1,Bpos:518.2,Bstd:319.6,StrandBias:1.5,Multiplicity:1.06
0.997	0.001	0.001	0.001
0.930	0.001	0.068	0.001
0.001	0.001	0.001	0.997
0.001	0.001	0.058	0.940
0.001	0.001	0.042	0.956
0.997	0.001	0.001	0.001
0.001	0.001	0.001	0.997
0.001	0.001	0.001	0.997
0.098	0.165	0.060	0.677
0.001	0.997	0.001	0.001
>ATTGATTKAT	5-ATTGATTKAT	7.430051	-35.700741	0	T:271.0(34.52%),B:8888.2(21.74%),P:1e-15	Tpos:641.8,Tstd:308.9,Bpos:524.5,Bstd:319.4,StrandBias:-0.3,Multiplicity:1.26
0.629	0.099	0.060	0.212
0.250	0.157	0.097	0.496
0.034	0.299	0.024	0.643
0.162	0.135	0.486	0.217
0.866	0.058	0.069	0.007
0.099	0.035	0.004	0.862
0.001	0.006	0.080	0.913
0.072	0.142	0.425	0.361
0.439	0.188	0.247	0.126
0.277	0.180	0.090	0.453
>ACTSACCWTT	6-ACTSACCWTT	5.864835	-30.377543	0	T:190.0(24.20%),B:5757.8(14.09%),P:1e-13	Tpos:529.6,Tstd:289.1,Bpos:500.8,Bstd:310.0,StrandBias:-0.3,Multiplicity:1.11
0.708	0.053	0.056	0.183
0.053	0.617	0.211	0.119
0.130	0.270	0.121	0.479
0.079	0.422	0.280	0.219
0.501	0.220	0.167	0.112
0.310	0.462	0.170	0.057
0.143	0.515	0.195	0.147
0.463	0.134	0.026	0.377
0.071	0.056	0.283	0.590
0.303	0.076	0.104	0.517
>ATCGATAACT	7-ATCGATAACT	7.564133	-27.947461	0	T:254.0(32.36%),B:8706.8(21.30%),P:1e-12	Tpos:551.4,Tstd:306.6,Bpos:510.5,Bstd:323.3,StrandBias:0.3,Multiplicity:1.35
0.848	0.064	0.040	0.048
0.084	0.047	0.028	0.841
0.048	0.801	0.028	0.123
0.166	0.079	0.711	0.044
0.869	0.020	0.063	0.048
0.054	0.065	0.194	0.687
0.882	0.008	0.019	0.091
0.816	0.031	0.073	0.080
0.047	0.750	0.076	0.127
0.090	0.105	0.001	0.804
>GTGAGTTGGA	8-GTGAGTTGGA	9.525005	-27.846100	0	T:53.0(6.75%),B:862.3(2.11%),P:1e-12	Tpos:564.9,Tstd:316.7,Bpos:494.2,Bstd:313.4,StrandBias:0.3,Multiplicity:1.04
0.155	0.016	0.736	0.093
0.054	0.001	0.001	0.944
0.001	0.024	0.974	0.001
0.969	0.001	0.029	0.001
0.001	0.001	0.944	0.054
0.001	0.001	0.104	0.894
0.001	0.001	0.045	0.953
0.001	0.001	0.997	0.001
0.112	0.015	0.872	0.001
0.952	0.001	0.001	0.046
>ATWTGAACTT	9-ATWTGAACTT	8.167715	-27.817695	0	T:158.0(20.13%),B:4603.3(11.26%),P:1e-12	Tpos:557.1,Tstd:298.4,Bpos:516.9,Bstd:310.2,StrandBias:0.3,Multiplicity:1.15
0.596	0.016	0.102	0.286
0.261	0.141	0.168	0.430
0.482	0.163	0.021	0.335
0.116	0.119	0.128	0.637
0.022	0.323	0.621	0.034
0.762	0.155	0.029	0.054
0.664	0.153	0.091	0.092
0.105	0.645	0.130	0.120
0.217	0.037	0.034	0.712
0.014	0.060	0.023	0.903
>WTCGTGACCT	10-WTCGTGACCT	11.020857	-27.155970	0	T:26.0(3.31%),B:219.2(0.54%),P:1e-11	Tpos:665.9,Tstd:258.5,Bpos:507.0,Bstd:309.2,StrandBias:1.7,Multiplicity:1.00
0.464	0.001	0.001	0.534
0.001	0.001	0.001	0.997
0.001	0.997	0.001	0.001
0.001	0.001	0.997	0.001
0.001	0.001	0.001	0.997
0.001	0.001	0.997	0.001
0.997	0.001	0.001	0.001
0.404	0.594	0.001	0.001
0.001	0.997	0.001	0.001
0.001	0.276	0.001	0.722
>CCACATCACT	11-CCACATCACT	7.061576	-23.508092	0	T:140.0(17.83%),B:4138.8(10.12%),P:1e-10	Tpos:553.8,Tstd:285.8,Bpos:496.9,Bstd:318.5,StrandBias:0.4,Multiplicity:1.08
0.048	0.856	0.045	0.051
0.039	0.863	0.039	0.059
0.828	0.070	0.055	0.047
0.076	0.763	0.075	0.086
0.740	0.051	0.146	0.063
0.064	0.048	0.079	0.809
0.074	0.796	0.032	0.098
0.791	0.102	0.057	0.050
0.089	0.763	0.084	0.064
0.042	0.064	0.096	0.798
>CATACCGTCT	12-CATACCGTCT	10.252498	-23.493939	0	T:17.0(2.17%),B:98.3(0.24%),P:1e-10	Tpos:542.7,Tstd:241.1,Bpos:367.0,Bstd:277.7,StrandBias:0.9,Multiplicity:1.00
0.001	0.997	0.001	0.001
0.930	0.068	0.001	0.001
0.001	0.001	0.001	0.997
0.943	0.001	0.055	0.001
0.043	0.955	0.001	0.001
0.001	0.997	0.001	0.001
0.001	0.001	0.997	0.001
0.001	0.001	0.087	0.911
0.001	0.997	0.001	0.001
0.001	0.001	0.199	0.799
>YAGGCAGGCA	13-YAGGCAGGCA	7.874049	-21.937219	0	T:112.0(14.27%),B:3121.3(7.64%),P:1e-9	Tpos:497.7,Tstd:245.8,Bpos:483.5,Bstd:281.3,StrandBias:0.2,Multiplicity:1.96
0.102	0.356	0.126	0.416
0.900	0.098	0.001	0.001
0.114	0.001	0.884	0.001
0.096	0.001	0.902	0.001
0.001	0.615	0.001	0.383
0.997	0.001	0.001	0.001
0.001	0.001	0.870	0.128
0.117	0.075	0.807	0.001
0.069	0.830	0.001	0.100
0.661	0.190	0.100	0.049
>CAGCTCCAGC	14-CAGCTCCAGC	9.860906	-20.675281	0	T:38.0(4.84%),B:610.7(1.49%),P:1e-8	Tpos:352.7,Tstd:186.4,Bpos:406.4,Bstd:284.9,StrandBias:1.2,Multiplicity:1.63
0.001	0.818	0.180	0.001
0.997	0.001	0.001	0.001
0.001	0.242	0.756	0.001
0.001	0.731	0.267	0.001
0.287	0.001	0.001	0.711
0.001	0.997	0.001	0.001
0.001	0.997	0.001	0.001
0.997	0.001	0.001	0.001
0.001	0.001	0.768	0.230
0.001	0.580	0.418	0.001
>GTGATCACGT	15-GTGATCACGT	9.310217	-20.532104	0	T:34.0(4.33%),B:504.8(1.23%),P:1e-8	Tpos:623.7,Tstd:268.1,Bpos:497.4,Bstd:326.2,StrandBias:0.1,Multiplicity:1.07
0.125	0.089	0.785	0.001
0.001	0.001	0.001	0.997
0.048	0.054	0.897	0.001
0.933	0.065	0.001	0.001
0.047	0.138	0.086	0.729
0.001	0.898	0.100	0.001
0.997	0.001	0.001	0.001
0.001	0.997	0.001	0.001
0.001	0.001	0.945	0.053
0.130	0.001	0.001	0.868
>GCGTGGCATY	16-GCGTGGCATY	8.321070	-18.507638	0	T:70.0(8.92%),B:1721.8(4.21%),P:1e-8	Tpos:584.5,Tstd:281.6,Bpos:496.6,Bstd:316.4,StrandBias:0.4,Multiplicity:1.19
0.055	0.087	0.857	0.001
0.094	0.799	0.001	0.106
0.058	0.001	0.654	0.287
0.022	0.021	0.001	0.956
0.001	0.001	0.977	0.021
0.121	0.001	0.677	0.201
0.260	0.738	0.001	0.001
0.949	0.001	0.049	0.001
0.001	0.001	0.185	0.813
0.136	0.361	0.080	0.423
>GCTTGTACTC	17-GCTTGTACTC	10.257815	-18.395082	0	T:20.0(2.55%),B:203.0(0.50%),P:1e-7	Tpos:369.7,Tstd:314.9,Bpos:466.4,Bstd:315.8,StrandBias:1.1,Multiplicity:1.16
0.001	0.001	0.997	0.001
0.001	0.882	0.106	0.011
0.001	0.041	0.036	0.922
0.001	0.038	0.001	0.960
0.001	0.014	0.958	0.027
0.001	0.001	0.001	0.997
0.734	0.001	0.011	0.254
0.026	0.835	0.132	0.007
0.001	0.225	0.270	0.504
0.013	0.985	0.001	0.001
>GGTCCTGGTG	18-GGTCCTGGTG	7.342882	-16.704158	0	T:69.0(8.79%),B:1769.5(4.33%),P:1e-7	Tpos:374.4,Tstd:243.5,Bpos:438.3,Bstd:312.7,StrandBias:-0.5,Multiplicity:1.47
0.078	0.042	0.781	0.099
0.053	0.143	0.709	0.095
0.027	0.131	0.073	0.769
0.056	0.781	0.072	0.091
0.034	0.890	0.030	0.046
0.068	0.041	0.081	0.810
0.025	0.080	0.823	0.072
0.039	0.071	0.830	0.060
0.110	0.045	0.051	0.794
0.085	0.056	0.818	0.041
>CCCCCCCCCC	19-CCCCCCCCCC	7.450363	-16.060742	0	T:61.0(7.77%),B:1509.6(3.69%),P:1e-6	Tpos:682.1,Tstd:276.6,Bpos:502.6,Bstd:302.3,StrandBias:0.4,Multiplicity:1.07
0.037	0.804	0.059	0.100
0.043	0.808	0.065	0.084
0.061	0.769	0.051	0.119
0.051	0.815	0.061	0.073
0.053	0.795	0.060	0.092
0.066	0.783	0.055	0.096
0.045	0.840	0.064	0.051
0.029	0.835	0.061	0.075
0.055	0.781	0.068	0.096
0.084	0.775	0.062	0.079
>TCCTCCAGTA	20-TCCTCCAGTA	7.861151	-13.731240	0	T:72.0(9.17%),B:2041.5(4.99%),P:1e-5	Tpos:436.1,Tstd:252.9,Bpos:476.6,Bstd:322.0,StrandBias:-0.5,Multiplicity:1.33
0.033	0.001	0.001	0.965
0.001	0.951	0.001	0.047
0.001	0.997	0.001	0.001
0.030	0.053	0.062	0.855
0.073	0.908	0.001	0.018
0.001	0.928	0.035	0.036
0.844	0.001	0.126	0.029
0.001	0.104	0.838	0.057
0.133	0.076	0.022	0.769
0.963	0.012	0.024	0.001
>CGGCGATCGC	21-CGGCGATCGC	8.776961	-5.955160	0	T:13.0(1.66%),B:265.7(0.65%),P:1e-2	Tpos:608.9,Tstd:211.4,Bpos:421.1,Bstd:308.2,StrandBias:-0.1,Multiplicity:1.92
0.025	0.816	0.037	0.122
0.001	0.094	0.880	0.025
0.065	0.256	0.678	0.001
0.032	0.939	0.001	0.028
0.105	0.080	0.780	0.035
0.599	0.034	0.123	0.244
0.080	0.224	0.025	0.671
0.070	0.795	0.028	0.107
0.134	0.077	0.748	0.041
0.041	0.539	0.255	0.165
>ACCTCCCGAC	22-ACCTCCCGAC	10.462075	-5.447383	0	T:6.0(0.76%),B:75.5(0.18%),P:1e-2	Tpos:416.4,Tstd:225.9,Bpos:434.4,Bstd:311.6,StrandBias:-2.7,Multiplicity:2.50
0.530	0.154	0.001	0.315
0.045	0.874	0.080	0.001
0.001	0.997	0.001	0.001
0.001	0.080	0.080	0.839
0.001	0.950	0.001	0.048
0.001	0.938	0.060	0.001
0.001	0.800	0.045	0.154
0.001	0.001	0.838	0.160
0.767	0.001	0.129	0.103
0.061	0.520	0.103	0.316
>AGAYTGTTAC	23-AGAYTGTTAC	10.417119	-5.259177	0	T:8.0(1.02%),B:132.9(0.33%),P:1e-2	Tpos:444.8,Tstd:188.0,Bpos:444.5,Bstd:261.9,StrandBias:-2.8,Multiplicity:4.88
0.997	0.001	0.001	0.001
0.001	0.001	0.997	0.001
0.997	0.001	0.001	0.001
0.001	0.435	0.001	0.563
0.001	0.001	0.001	0.997
0.001	0.001	0.997	0.001
0.001	0.001	0.001	0.997
0.001	0.001	0.001	0.997
0.940	0.001	0.058	0.001
0.001	0.997	0.001	0.001
>TTAGATGAAT	24-TTAGATGAAT	4.566691	-4.506993	0	T:111.0(14.14%),B:4654.9(11.39%),P:1e-1	Tpos:482.9,Tstd:283.8,Bpos:515.2,Bstd:316.9,StrandBias:-0.8,Multiplicity:1.25
0.001	0.001	0.001	0.997
0.094	0.001	0.001	0.904
0.997	0.001	0.001	0.001
0.001	0.001	0.997	0.001
0.997	0.001	0.001	0.001
0.001	0.001	0.001	0.997
0.001	0.001	0.997	0.001
0.944	0.001	0.054	0.001
0.997	0.001	0.001	0.001
0.001	0.001	0.001	0.997
>TGGTCTAACT	25-TGGTCTAACT	10.296193	-1.872517	0	T:2.0(0.25%),B:35.1(0.09%),P:1e0	Tpos:379.5,Tstd:197.4,Bpos:424.6,Bstd:350.7,StrandBias:10.0,Multiplicity:12.50
0.100	0.100	0.100	0.700
0.100	0.100	0.700	0.100
0.100	0.100	0.700	0.100
0.100	0.100	0.100	0.700
0.100	0.700	0.100	0.100
0.100	0.100	0.100	0.700
0.700	0.100	0.100	0.100
0.700	0.100	0.100	0.100
0.100	0.700	0.100	0.100
0.100	0.100	0.100	0.700
