>AGTTCACG	1-AGTTCACG	7.221023	-237.304215	0	T:208.0(26.50%),B:1595.9(3.90%),P:1e-103	Tpos:782.3,Tstd:191.1,Bpos:526.5,Bstd:334.7,StrandBias:-2.1,Multiplicity:1.08
0.860	0.001	0.138	0.001
0.001	0.001	0.997	0.001
0.001	0.001	0.154	0.844
0.001	0.001	0.001	0.997
0.001	0.997	0.001	0.001
0.997	0.001	0.001	0.001
0.001	0.997	0.001	0.001
0.001	0.001	0.997	0.001
>TTCACGTG	2-TTCACGTG	5.864018	-228.505460	0	T:547.0(69.68%),B:13185.0(32.25%),P:1e-99	Tpos:699.0,Tstd:266.7,Bpos:509.5,Bstd:326.6,StrandBias:0.0,Multiplicity:1.34
0.041	0.015	0.023	0.921
0.042	0.048	0.037	0.873
0.038	0.756	0.027	0.179
0.920	0.053	0.026	0.001
0.001	0.997	0.001	0.001
0.001	0.001	0.997	0.001
0.001	0.016	0.053	0.930
0.095	0.018	0.762	0.125
>NACGTGAM	3-NACGTGAM	5.970272	-216.693892	0	T:565.0(71.97%),B:14451.1(35.35%),P:1e-94	Tpos:658.6,Tstd:278.1,Bpos:501.5,Bstd:322.6,StrandBias:0.5,Multiplicity:1.15
0.242	0.292	0.162	0.304
0.524	0.103	0.265	0.108
0.001	0.887	0.031	0.081
0.001	0.001	0.997	0.001
0.001	0.001	0.045	0.953
0.125	0.161	0.629	0.085
0.537	0.001	0.249	0.213
0.357	0.402	0.041	0.200
>CGTGGAAA	4-CGTGGAAA	3.807464	-50.367023	0	T:248.0(31.59%),B:7015.2(17.16%),P:1e-21	Tpos:573.3,Tstd:295.2,Bpos:487.3,Bstd:322.8,StrandBias:0.2,Multiplicity:1.28
0.001	0.997	0.001	0.001
0.001	0.001	0.997	0.001
0.001	0.001	0.001	0.997
0.001	0.001	0.997	0.001
0.001	0.001	0.814	0.184
0.997	0.001	0.001	0.001
0.857	0.001	0.141	0.001
0.769	0.227	0.001	0.003
>AAAGTTCA	5-AAAGTTCA	7.262183	-48.375445	0	T:328.0(41.78%),B:10597.2(25.92%),P:1e-21	Tpos:553.5,Tstd:309.4,Bpos:515.4,Bstd:308.9,StrandBias:-0.1,Multiplicity:1.26
0.760	0.001	0.103	0.136
0.997	0.001	0.001	0.001
0.997	0.001	0.001	0.001
0.001	0.001	0.997	0.001
0.001	0.001	0.215	0.783
0.001	0.001	0.001	0.997
0.001	0.997	0.001	0.001
0.997	0.001	0.001	0.001
>TCCACATC	6-TCCACATC	7.256090	-34.012791	0	T:192.0(24.46%),B:5619.3(13.75%),P:1e-14	Tpos:525.4,Tstd:281.4,Bpos:473.5,Bstd:320.7,StrandBias:0.9,Multiplicity:1.12
0.001	0.001	0.132	0.866
0.001	0.997	0.001	0.001
0.001	0.997	0.001	0.001
0.997	0.001	0.001	0.001
0.001	0.997	0.001	0.001
0.718	0.140	0.141	0.001
0.001	0.001	0.001	0.997
0.001	0.817	0.181	0.001
>ATTGATTK	7-ATTGATTK	8.142258	-32.902598	0	T:353.0(44.97%),B:12901.7(31.56%),P:1e-14	Tpos:607.8,Tstd:307.9,Bpos:522.7,Bstd:326.7,StrandBias:-0.4,Multiplicity:1.51
0.969	0.001	0.029	0.001
0.302	0.153	0.064	0.481
0.134	0.109	0.028	0.729
0.001	0.208	0.728	0.063
0.950	0.001	0.048	0.001
0.049	0.025	0.064	0.862
0.001	0.175	0.001	0.823
0.001	0.030	0.501	0.468
>GAAATAAA	8-GAAATAAA	9.827994	-31.873583	0	T:358.0(45.61%),B:13230.4(32.36%),P:1e-13	Tpos:663.1,Tstd:301.4,Bpos:527.2,Bstd:319.2,StrandBias:-0.7,Multiplicity:1.33
0.001	0.001	0.997	0.001
0.997	0.001	0.001	0.001
0.997	0.001	0.001	0.001
0.997	0.001	0.001	0.001
0.001	0.001	0.001	0.997
0.997	0.001	0.001	0.001
0.997	0.001	0.001	0.001
0.709	0.001	0.001	0.289
>GAATTGAT	9-GAATTGAT	7.053408	-29.718119	0	T:306.0(38.98%),B:10945.9(26.78%),P:1e-12	Tpos:536.6,Tstd:300.6,Bpos:496.2,Bstd:323.5,StrandBias:0.1,Multiplicity:1.15
0.001	0.178	0.820	0.001
0.890	0.001	0.001	0.108
0.997	0.001	0.001	0.001
0.001	0.128	0.001	0.870
0.001	0.117	0.001	0.881
0.001	0.001	0.997	0.001
0.997	0.001	0.001	0.001
0.001	0.001	0.001	0.997
>TGGATCAC	10-TGGATCAC	6.863009	-28.431181	0	T:240.0(30.57%),B:8044.0(19.68%),P:1e-12	Tpos:460.1,Tstd:277.4,Bpos:470.5,Bstd:310.9,StrandBias:0.2,Multiplicity:1.19
0.001	0.001	0.068	0.930
0.058	0.001	0.940	0.001
0.001	0.100	0.898	0.001
0.886	0.026	0.018	0.070
0.097	0.029	0.031	0.843
0.122	0.795	0.001	0.082
0.958	0.037	0.004	0.001
0.106	0.846	0.047	0.001
>GCCTGCCT	11-GCCTGCCT	8.336226	-19.718535	0	T:76.0(9.68%),B:1882.5(4.60%),P:1e-8	Tpos:511.4,Tstd:240.5,Bpos:473.3,Bstd:280.6,StrandBias:-0.2,Multiplicity:1.92
0.137	0.075	0.713	0.075
0.025	0.925	0.009	0.041
0.123	0.763	0.072	0.042
0.068	0.062	0.052	0.818
0.381	0.029	0.561	0.029
0.029	0.825	0.101	0.045
0.066	0.757	0.076	0.101
0.052	0.125	0.173	0.650
>TAAGATCT	12-TAAGATCT	7.952029	-17.802067	0	T:142.0(18.09%),B:4613.0(11.28%),P:1e-7	Tpos:609.3,Tstd:282.8,Bpos:501.7,Bstd:320.4,StrandBias:0.4,Multiplicity:1.15
0.001	0.001	0.001	0.997
0.750	0.248	0.001	0.001
0.997	0.001	0.001	0.001
0.001	0.001	0.997	0.001
0.820	0.001	0.001	0.178
0.001	0.001	0.001	0.997
0.001	0.997	0.001	0.001
0.001	0.001	0.001	0.997
>TGCTGGCA	13-TGCTGGCA	6.341931	-17.077892	0	T:198.0(25.22%),B:7129.4(17.44%),P:1e-7	Tpos:463.0,Tstd:287.4,Bpos:496.3,Bstd:307.6,StrandBias:-0.6,Multiplicity:1.19
0.001	0.001	0.068	0.930
0.149	0.001	0.849	0.001
0.001	0.764	0.001	0.234
0.089	0.001	0.001	0.909
0.001	0.001	0.997	0.001
0.001	0.001	0.997	0.001
0.001	0.928	0.001	0.070
0.997	0.001	0.001	0.001
>AACCTCAC	14-AACCTCAC	7.711883	-16.280588	0	T:171.0(21.78%),B:5997.3(14.67%),P:1e-7	Tpos:515.5,Tstd:282.8,Bpos:483.0,Bstd:313.6,StrandBias:-0.4,Multiplicity:1.10
0.645	0.039	0.001	0.315
0.796	0.001	0.001	0.202
0.376	0.622	0.001	0.001
0.001	0.927	0.071	0.001
0.001	0.032	0.099	0.868
0.001	0.997	0.001	0.001
0.708	0.290	0.001	0.001
0.001	0.686	0.125	0.188
>CCAACTCA	15-CCAACTCA	10.934647	-15.533703	0	T:48.0(6.11%),B:1077.4(2.64%),P:1e-6	Tpos:545.7,Tstd:284.1,Bpos:498.9,Bstd:316.7,StrandBias:0.2,Multiplicity:1.06
0.001	0.997	0.001	0.001
0.001	0.997	0.001	0.001
0.997	0.001	0.001	0.001
0.997	0.001	0.001	0.001
0.001	0.997	0.001	0.001
0.001	0.124	0.001	0.874
0.001	0.997	0.001	0.001
0.997	0.001	0.001	0.001
>TGCCTACG	16-TGCCTACG	4.274322	-14.380284	0	T:104.0(13.25%),B:3281.6(8.03%),P:1e-6	Tpos:512.9,Tstd:238.7,Bpos:489.7,Bstd:291.0,StrandBias:0.4,Multiplicity:1.49
0.001	0.001	0.009	0.989
0.001	0.001	0.997	0.001
0.001	0.997	0.001	0.001
0.001	0.997	0.001	0.001
0.001	0.001	0.001	0.997
0.997	0.001	0.001	0.001
0.001	0.997	0.001	0.001
0.061	0.124	0.749	0.066
>CCCCCCCC	17-CCCCCCCC	7.890814	-13.006505	0	T:62.0(7.90%),B:1699.3(4.16%),P:1e-5	Tpos:680.6,Tstd:269.6,Bpos:506.6,Bstd:305.4,StrandBias:0.4,Multiplicity:1.13
0.011	0.919	0.021	0.049
0.012	0.923	0.001	0.064
0.001	0.874	0.016	0.109
0.017	0.884	0.017	0.082
0.031	0.920	0.001	0.048
0.001	0.881	0.053	0.065
0.001	0.931	0.027	0.041
0.001	0.889	0.036	0.074
>TTTATTTT	18-TTTATTTT	8.236954	-11.092521	0	T:406.0(51.72%),B:18054.6(44.17%),P:1e-4	Tpos:592.1,Tstd:287.5,Bpos:534.9,Bstd:308.9,StrandBias:-0.0,Multiplicity:1.43
0.100	0.100	0.100	0.700
0.100	0.100	0.100	0.700
0.100	0.100	0.100	0.700
0.700	0.100	0.100	0.100
0.100	0.100	0.100	0.700
0.100	0.100	0.100	0.700
0.100	0.100	0.100	0.700
0.100	0.100	0.100	0.700
>AGCACCAG	19-AGCACCAG	7.525207	-8.451700	0	T:87.0(11.08%),B:3056.0(7.48%),P:1e-3	Tpos:406.8,Tstd:219.6,Bpos:442.7,Bstd:308.3,StrandBias:1.0,Multiplicity:1.64
0.970	0.001	0.001	0.028
0.001	0.072	0.906	0.021
0.080	0.743	0.146	0.031
0.639	0.142	0.001	0.218
0.001	0.943	0.055	0.001
0.001	0.988	0.001	0.010
0.997	0.001	0.001	0.001
0.034	0.025	0.868	0.073
>TATCCTCC	20-TATCCTCC	8.316640	-8.125107	0	T:69.0(8.79%),B:2315.6(5.66%),P:1e-3	Tpos:451.6,Tstd:242.9,Bpos:473.7,Bstd:316.9,StrandBias:0.1,Multiplicity:1.18
0.001	0.001	0.001	0.997
0.824	0.001	0.174	0.001
0.001	0.001	0.093	0.905
0.001	0.997	0.001	0.001
0.001	0.997	0.001	0.001
0.001	0.001	0.001	0.997
0.001	0.997	0.001	0.001
0.001	0.827	0.001	0.171
>CCTCCGGC	21-CCTCCGGC	7.433740	-7.305040	0	T:64.0(8.15%),B:2175.9(5.32%),P:1e-3	Tpos:371.4,Tstd:251.9,Bpos:474.4,Bstd:305.0,StrandBias:-0.3,Multiplicity:1.33
0.001	0.759	0.001	0.239
0.001	0.997	0.001	0.001
0.001	0.035	0.174	0.790
0.001	0.587	0.411	0.001
0.183	0.815	0.001	0.001
0.001	0.001	0.997	0.001
0.001	0.382	0.616	0.001
0.147	0.665	0.001	0.187
>CGATCGCC	22-CGATCGCC	8.853274	-7.285779	0	T:27.0(3.44%),B:695.4(1.70%),P:1e-3	Tpos:547.1,Tstd:245.9,Bpos:454.2,Bstd:327.6,StrandBias:-0.1,Multiplicity:1.56
0.001	0.997	0.001	0.001
0.001	0.001	0.997	0.001
0.856	0.001	0.142	0.001
0.001	0.001	0.001	0.997
0.001	0.871	0.127	0.001
0.001	0.001	0.997	0.001
0.001	0.997	0.001	0.001
0.001	0.997	0.001	0.001
>GATGAATT	23-GATGAATT	8.579888	-5.714806	0	T:125.0(15.92%),B:5117.1(12.52%),P:1e-2	Tpos:456.9,Tstd:267.5,Bpos:500.9,Bstd:316.4,StrandBias:-0.8,Multiplicity:1.28
0.001	0.001	0.997	0.001
0.997	0.001	0.001	0.001
0.001	0.001	0.001	0.997
0.001	0.001	0.997	0.001
0.997	0.001	0.001	0.001
0.874	0.001	0.124	0.001
0.001	0.001	0.001	0.997
0.001	0.331	0.001	0.667
>TATCGATT	24-TATCGATT	9.326353	-5.183951	0	T:110.0(14.01%),B:4496.8(11.00%),P:1e-2	Tpos:570.3,Tstd:317.6,Bpos:545.3,Bstd:332.9,StrandBias:-0.4,Multiplicity:1.62
0.001	0.001	0.001	0.997
0.997	0.001	0.001	0.001
0.001	0.001	0.001	0.997
0.001	0.997	0.001	0.001
0.001	0.001	0.997	0.001
0.997	0.001	0.001	0.001
0.001	0.001	0.001	0.997
0.175	0.001	0.001	0.823
>TGGTCTAA	25-TGGTCTAA	8.236954	-1.233919	0	T:13.0(1.66%),B:562.7(1.38%),P:1e0	Tpos:373.4,Tstd:218.2,Bpos:497.1,Bstd:321.7,StrandBias:3.0,Multiplicity:3.08
0.100	0.100	0.100	0.700
0.100	0.100	0.700	0.100
0.100	0.100	0.700	0.100
0.100	0.100	0.100	0.700
0.100	0.700	0.100	0.100
0.100	0.100	0.100	0.700
0.700	0.100	0.100	0.100
0.700	0.100	0.100	0.100
