>TTCTAGAABWTT	18-TTCTAGAABWTT	9.002487	-16.387883	0	T:62.0(33.33%),B:6914.2(17.17%),P:1e-7
0.033	0.051	0.001	0.915
0.118	0.001	0.031	0.850
0.093	0.808	0.024	0.075
0.023	0.346	0.022	0.609
0.915	0.001	0.034	0.050
0.086	0.053	0.844	0.017
0.682	0.029	0.028	0.261
0.911	0.015	0.027	0.047
0.001	0.247	0.356	0.396
0.446	0.031	0.181	0.343
0.060	0.027	0.050	0.863
0.307	0.001	0.205	0.487
