>TGATGACCAGAT	15-ATCTGGTCATCA	10.133355	-19.700287	0	T:16.0(8.60%),B:501.1(1.24%),P:1e-8
0.244	0.080	0.001	0.675
0.141	0.001	0.857	0.001
0.905	0.001	0.001	0.093
0.051	0.107	0.001	0.841
0.054	0.069	0.685	0.192
0.860	0.001	0.001	0.138
0.003	0.941	0.055	0.001
0.056	0.868	0.075	0.001
0.921	0.001	0.075	0.003
0.128	0.054	0.683	0.135
0.857	0.001	0.001	0.141
0.074	0.001	0.001	0.924
