>GAAAAATATACA	3-TGTATATTTTTC	10.903155	-17.936387	0	T:18.0(12.24%),B:951.8(2.35%),P:1e-7
0.040	0.036	0.754	0.170
0.599	0.125	0.047	0.229
0.940	0.020	0.017	0.023
0.748	0.022	0.188	0.042
0.937	0.016	0.008	0.039
0.592	0.172	0.027	0.209
0.082	0.167	0.021	0.730
0.735	0.064	0.142	0.059
0.123	0.061	0.143	0.673
0.649	0.165	0.033	0.153
0.026	0.554	0.197	0.223
0.775	0.010	0.201	0.014
