>CATTAATCAAAC	1-CATTAATCAAAC	11.676637	-27.192597	0	T:14.0(10.77%),B:282.2(0.73%),P:1e-11	Tpos:628.4,Tstd:189.0,Bpos:549.7,Bstd:267.0,StrandBias:-0.4,Multiplicity:1.00
0.001	0.997	0.001	0.001
0.997	0.001	0.001	0.001
0.001	0.001	0.001	0.997
0.138	0.148	0.001	0.713
0.997	0.001	0.001	0.001
0.885	0.001	0.001	0.113
0.001	0.001	0.001	0.997
0.001	0.875	0.123	0.001
0.997	0.001	0.001	0.001
0.997	0.001	0.001	0.001
0.803	0.001	0.195	0.001
0.097	0.901	0.001	0.001
>TTCCTCGGCGCA	2-TTCCTCGGCGCA	10.553800	-25.750975	0	T:11.0(8.46%),B:147.2(0.38%),P:1e-11	Tpos:535.9,Tstd:290.1,Bpos:502.0,Bstd:385.9,StrandBias:1.7,Multiplicity:1.18
0.001	0.187	0.224	0.588
0.001	0.001	0.001	0.997
0.205	0.793	0.001	0.001
0.085	0.913	0.001	0.001
0.001	0.001	0.001	0.997
0.001	0.894	0.001	0.104
0.001	0.172	0.826	0.001
0.001	0.119	0.703	0.177
0.119	0.801	0.001	0.079
0.119	0.001	0.801	0.079
0.104	0.894	0.001	0.001
0.822	0.072	0.001	0.105
>TTGTGCTTTCCA	3-TTGTGCTTTCCA	13.446578	-25.564038	0	T:10.0(7.69%),B:107.8(0.28%),P:1e-11	Tpos:513.6,Tstd:203.8,Bpos:510.4,Bstd:288.7,StrandBias:1.2,Multiplicity:1.00
0.001	0.001	0.001	0.997
0.001	0.001	0.206	0.792
0.001	0.001	0.874	0.124
0.142	0.001	0.001	0.856
0.110	0.001	0.787	0.102
0.001	0.891	0.001	0.107
0.001	0.001	0.001	0.997
0.001	0.001	0.001	0.997
0.001	0.001	0.001	0.997
0.001	0.997	0.001	0.001
0.101	0.897	0.001	0.001
0.997	0.001	0.001	0.001
>CGCAACCACACT	4-CGCAACCACACT	10.382710	-23.858831	0	T:12.0(9.23%),B:233.1(0.60%),P:1e-10	Tpos:452.1,Tstd:266.7,Bpos:529.0,Bstd:321.4,StrandBias:0.2,Multiplicity:1.25
0.001	0.924	0.074	0.001
0.001	0.146	0.666	0.187
0.145	0.853	0.001	0.001
0.853	0.001	0.145	0.001
0.870	0.001	0.001	0.128
0.001	0.908	0.001	0.090
0.001	0.623	0.230	0.146
0.997	0.001	0.001	0.001
0.001	0.853	0.145	0.001
0.699	0.146	0.001	0.154
0.001	0.774	0.224	0.001
0.001	0.001	0.001	0.997
>ACAAACTAGTCG	5-ACAAACTAGTCG	13.742176	-22.575081	0	T:6.0(4.62%),B:18.2(0.05%),P:1e-9	Tpos:492.2,Tstd:262.0,Bpos:485.8,Bstd:255.0,StrandBias:1.0,Multiplicity:1.00
0.997	0.001	0.001	0.001
0.001	0.997	0.001	0.001
0.997	0.001	0.001	0.001
0.997	0.001	0.001	0.001
0.803	0.195	0.001	0.001
0.125	0.873	0.001	0.001
0.001	0.172	0.001	0.826
0.997	0.001	0.001	0.001
0.001	0.001	0.997	0.001
0.001	0.001	0.001	0.997
0.172	0.826	0.001	0.001
0.001	0.001	0.826	0.172
>TTTTTTCTCGCA	6-TTTTTTCTCGCA	12.518804	-20.757791	0	T:17.0(13.08%),B:756.7(1.95%),P:1e-9	Tpos:475.4,Tstd:255.4,Bpos:534.4,Bstd:332.5,StrandBias:1.1,Multiplicity:1.00
0.001	0.001	0.001	0.997
0.311	0.001	0.001	0.687
0.001	0.001	0.001	0.997
0.001	0.014	0.001	0.984
0.001	0.001	0.001	0.997
0.001	0.001	0.001	0.997
0.167	0.831	0.001	0.001
0.137	0.001	0.001	0.861
0.001	0.997	0.001	0.001
0.207	0.001	0.791	0.001
0.240	0.758	0.001	0.001
0.670	0.218	0.001	0.111
>CGTAATTATTTA	7-CGTAATTATTTA	14.192106	-20.689939	0	T:6.0(4.62%),B:26.1(0.07%),P:1e-8	Tpos:324.1,Tstd:203.7,Bpos:430.8,Bstd:280.3,StrandBias:0.0,Multiplicity:1.33
0.001	0.997	0.001	0.001
0.001	0.135	0.863	0.001
0.001	0.119	0.001	0.879
0.997	0.001	0.001	0.001
0.997	0.001	0.001	0.001
0.001	0.001	0.001	0.997
0.001	0.001	0.001	0.997
0.997	0.001	0.001	0.001
0.129	0.001	0.001	0.869
0.001	0.001	0.001	0.997
0.001	0.001	0.001	0.997
0.997	0.001	0.001	0.001
>AAGAAATGTCTT	8-AAGAAATGTCTT	13.509392	-19.117912	0	T:9.0(6.92%),B:156.6(0.40%),P:1e-8	Tpos:639.0,Tstd:263.0,Bpos:506.2,Bstd:268.3,StrandBias:0.0,Multiplicity:1.11
0.846	0.001	0.152	0.001
0.997	0.001	0.001	0.001
0.168	0.001	0.830	0.001
0.997	0.001	0.001	0.001
0.997	0.001	0.001	0.001
0.997	0.001	0.001	0.001
0.133	0.001	0.001	0.865
0.128	0.001	0.870	0.001
0.177	0.001	0.001	0.821
0.103	0.895	0.001	0.001
0.001	0.001	0.001	0.997
0.001	0.001	0.001	0.997
>TTACAAGAAAAA	9-TTACAAGAAAAA	12.288612	-18.923625	0	T:14.0(10.77%),B:543.7(1.40%),P:1e-8	Tpos:517.3,Tstd:361.4,Bpos:544.9,Bstd:313.1,StrandBias:-0.6,Multiplicity:1.07
0.001	0.001	0.099	0.899
0.001	0.086	0.001	0.912
0.961	0.018	0.018	0.003
0.001	0.879	0.052	0.068
0.959	0.001	0.039	0.001
0.916	0.001	0.001	0.082
0.001	0.001	0.997	0.001
0.997	0.001	0.001	0.001
0.884	0.001	0.114	0.001
0.724	0.153	0.001	0.122
0.825	0.001	0.173	0.001
0.997	0.001	0.001	0.001
>ATTCAAGTTATC	10-ATTCAAGTTATC	13.450272	-17.899886	0	T:7.0(5.38%),B:79.5(0.20%),P:1e-7	Tpos:463.7,Tstd:281.3,Bpos:529.5,Bstd:274.9,StrandBias:-2.6,Multiplicity:1.00
0.997	0.001	0.001	0.001
0.121	0.001	0.001	0.877
0.001	0.001	0.001	0.997
0.001	0.873	0.001	0.125
0.869	0.129	0.001	0.001
0.821	0.001	0.177	0.001
0.001	0.001	0.940	0.058
0.001	0.001	0.001	0.997
0.001	0.001	0.001	0.997
0.951	0.001	0.001	0.047
0.001	0.001	0.001	0.997
0.001	0.788	0.125	0.086
>TAATTWTGASTC	11-TAATTWTGASTC	11.849361	-16.394939	0	T:13.0(10.00%),B:563.0(1.45%),P:1e-7	Tpos:420.3,Tstd:302.6,Bpos:517.7,Bstd:295.3,StrandBias:1.5,Multiplicity:1.15
0.001	0.001	0.001	0.997
0.675	0.138	0.186	0.001
0.997	0.001	0.001	0.001
0.001	0.001	0.001	0.997
0.001	0.001	0.001	0.997
0.437	0.001	0.001	0.561
0.001	0.001	0.001	0.997
0.001	0.001	0.803	0.195
0.997	0.001	0.001	0.001
0.186	0.364	0.450	0.001
0.134	0.001	0.001	0.864
0.001	0.810	0.188	0.001
>TTGATCTGGCAT	12-TTGATCTGGCAT	10.436178	-15.372324	0	T:9.0(6.92%),B:246.4(0.63%),P:1e-6	Tpos:481.4,Tstd:194.2,Bpos:484.2,Bstd:307.9,StrandBias:0.3,Multiplicity:1.00
0.001	0.001	0.001	0.997
0.001	0.183	0.161	0.655
0.005	0.001	0.833	0.161
0.676	0.322	0.001	0.001
0.006	0.001	0.001	0.992
0.160	0.838	0.001	0.001
0.007	0.001	0.001	0.991
0.001	0.001	0.997	0.001
0.005	0.001	0.716	0.278
0.001	0.816	0.182	0.001
0.838	0.160	0.001	0.001
0.001	0.139	0.183	0.677
>AAAAATAGGATC	13-AAAAATAGGATC	9.986679	-14.733650	0	T:30.0(23.08%),B:3295.6(8.48%),P:1e-6	Tpos:497.2,Tstd:283.5,Bpos:510.0,Bstd:321.4,StrandBias:-0.4,Multiplicity:1.10
0.869	0.078	0.004	0.049
0.997	0.001	0.001	0.001
0.879	0.002	0.051	0.068
0.909	0.089	0.001	0.001
0.877	0.001	0.002	0.120
0.115	0.059	0.049	0.777
0.766	0.002	0.162	0.070
0.001	0.014	0.984	0.001
0.067	0.035	0.744	0.154
0.828	0.086	0.037	0.049
0.095	0.001	0.172	0.732
0.103	0.619	0.186	0.092
>TTGCGCCGATTC	14-TTGCGCCGATTC	11.274601	-14.164303	0	T:7.0(5.38%),B:141.8(0.37%),P:1e-6	Tpos:224.7,Tstd:162.1,Bpos:502.4,Bstd:333.6,StrandBias:-0.3,Multiplicity:1.29
0.001	0.130	0.001	0.868
0.154	0.001	0.001	0.844
0.001	0.154	0.648	0.197
0.078	0.920	0.001	0.001
0.111	0.001	0.887	0.001
0.309	0.689	0.001	0.001
0.001	0.770	0.154	0.075
0.005	0.001	0.872	0.122
0.733	0.001	0.001	0.265
0.001	0.001	0.001	0.997
0.001	0.001	0.001	0.997
0.125	0.795	0.079	0.001
>TTTTTTGTTCGG	15-TTTTTTGTTCGG	11.492496	-13.717903	0	T:13.0(10.00%),B:717.0(1.85%),P:1e-5	Tpos:600.8,Tstd:276.4,Bpos:519.7,Bstd:308.9,StrandBias:0.0,Multiplicity:1.08
0.001	0.001	0.001	0.997
0.001	0.001	0.001	0.997
0.126	0.001	0.001	0.872
0.167	0.001	0.001	0.831
0.001	0.001	0.001	0.997
0.001	0.001	0.001	0.997
0.001	0.001	0.997	0.001
0.001	0.001	0.001	0.997
0.001	0.138	0.001	0.860
0.093	0.779	0.065	0.063
0.050	0.001	0.894	0.055
0.060	0.096	0.843	0.001
>TTAGAATATATA	16-TTAGAATATATA	10.910013	-13.673901	0	T:14.0(10.77%),B:843.8(2.17%),P:1e-5	Tpos:533.5,Tstd:300.2,Bpos:495.8,Bstd:297.4,StrandBias:-1.3,Multiplicity:1.07
0.040	0.031	0.001	0.928
0.035	0.117	0.065	0.783
0.721	0.105	0.048	0.126
0.126	0.147	0.666	0.061
0.882	0.047	0.001	0.070
0.962	0.001	0.001	0.036
0.101	0.030	0.001	0.868
0.938	0.060	0.001	0.001
0.053	0.156	0.056	0.735
0.888	0.110	0.001	0.001
0.078	0.083	0.023	0.816
0.822	0.044	0.026	0.108
>GAGACAACACAC	17-GAGACAACACAC	11.429044	-13.516444	0	T:7.0(5.38%),B:156.9(0.40%),P:1e-5	Tpos:436.1,Tstd:281.5,Bpos:562.9,Bstd:277.5,StrandBias:2.0,Multiplicity:1.43
0.001	0.270	0.728	0.001
0.842	0.156	0.001	0.001
0.113	0.001	0.624	0.262
0.997	0.001	0.001	0.001
0.001	0.997	0.001	0.001
0.920	0.078	0.001	0.001
0.879	0.001	0.119	0.001
0.113	0.767	0.001	0.119
0.997	0.001	0.001	0.001
0.001	0.601	0.157	0.241
0.871	0.001	0.001	0.127
0.183	0.815	0.001	0.001
>TAGAATTGATTC	18-TAGAATTGATTC	15.285713	-13.119683	0	T:3.0(2.31%),B:5.6(0.01%),P:1e-5	Tpos:171.0,Tstd:124.9,Bpos:529.2,Bstd:181.6,StrandBias:2.0,Multiplicity:1.67
0.001	0.001	0.001	0.997
0.997	0.001	0.001	0.001
0.001	0.001	0.997	0.001
0.730	0.001	0.001	0.268
0.997	0.001	0.001	0.001
0.001	0.001	0.001	0.997
0.001	0.001	0.001	0.997
0.001	0.001	0.997	0.001
0.997	0.001	0.001	0.001
0.001	0.001	0.001	0.997
0.001	0.001	0.001	0.997
0.001	0.997	0.001	0.001
>GMGGACTACAAA	19-GMGGACTACAAA	14.125196	-9.983860	0	T:3.0(2.31%),B:18.9(0.05%),P:1e-4	Tpos:552.8,Tstd:219.9,Bpos:485.4,Bstd:321.1,StrandBias:-2.3,Multiplicity:2.00
0.001	0.182	0.816	0.001
0.429	0.569	0.001	0.001
0.001	0.001	0.997	0.001
0.001	0.001	0.997	0.001
0.997	0.001	0.001	0.001
0.001	0.997	0.001	0.001
0.001	0.001	0.001	0.997
0.997	0.001	0.001	0.001
0.001	0.806	0.192	0.001
0.997	0.001	0.001	0.001
0.997	0.001	0.001	0.001
0.997	0.001	0.001	0.001
>CTGTTAAGCCCC	20-CTGTTAAGCCCC	12.770841	-9.839697	0	T:3.0(2.31%),B:19.4(0.05%),P:1e-4	Tpos:431.6,Tstd:246.9,Bpos:407.7,Bstd:282.9,StrandBias:0.6,Multiplicity:1.67
0.001	0.851	0.001	0.147
0.001	0.001	0.001	0.997
0.001	0.001	0.851	0.147
0.001	0.001	0.001	0.997
0.001	0.001	0.001	0.997
0.997	0.001	0.001	0.001
0.997	0.001	0.001	0.001
0.001	0.001	0.997	0.001
0.001	0.997	0.001	0.001
0.001	0.997	0.001	0.001
0.001	0.997	0.001	0.001
0.001	0.997	0.001	0.001
>GTCGSMCSCTGW	21-GTCGSMCSCTGW	10.532219	-8.694459	0	T:3.0(2.31%),B:29.4(0.08%),P:1e-3	Tpos:263.3,Tstd:174.3,Bpos:506.9,Bstd:222.0,StrandBias:0.0,Multiplicity:2.00
0.001	0.001	0.997	0.001
0.001	0.001	0.001	0.997
0.001	0.997	0.001	0.001
0.001	0.028	0.970	0.001
0.001	0.428	0.570	0.001
0.486	0.512	0.001	0.001
0.001	0.997	0.001	0.001
0.001	0.486	0.512	0.001
0.001	0.997	0.001	0.001
0.001	0.001	0.001	0.997
0.001	0.016	0.982	0.001
0.554	0.001	0.001	0.444
>ACGATTTCATTT	22-ACGATTTCATTT	12.355432	-7.609966	0	T:3.0(2.31%),B:43.8(0.11%),P:1e-3	Tpos:276.6,Tstd:70.4,Bpos:491.5,Bstd:286.1,StrandBias:-0.6,Multiplicity:1.67
0.700	0.100	0.100	0.100
0.100	0.700	0.100	0.100
0.100	0.100	0.700	0.100
0.700	0.100	0.100	0.100
0.100	0.100	0.100	0.700
0.100	0.100	0.100	0.700
0.100	0.100	0.100	0.700
0.100	0.700	0.100	0.100
0.700	0.100	0.100	0.100
0.100	0.100	0.100	0.700
0.100	0.100	0.100	0.700
0.100	0.100	0.100	0.700
>GCAGCYGACACT	23-GCAGCYGACACT	10.407126	-6.993977	0	T:9.0(6.92%),B:736.1(1.89%),P:1e-3	Tpos:460.4,Tstd:260.0,Bpos:506.9,Bstd:310.3,StrandBias:-2.8,Multiplicity:1.78
0.001	0.001	0.997	0.001
0.006	0.992	0.001	0.001
0.997	0.001	0.001	0.001
0.001	0.001	0.997	0.001
0.001	0.848	0.150	0.001
0.217	0.267	0.109	0.407
0.001	0.001	0.782	0.216
0.834	0.001	0.164	0.001
0.214	0.784	0.001	0.001
0.997	0.001	0.001	0.001
0.071	0.702	0.121	0.106
0.164	0.001	0.144	0.691
>BYTGACGCRTTT	24-BYTGACGCRTTT	11.164479	-6.714865	0	T:6.0(4.62%),B:346.6(0.89%),P:1e-2	Tpos:493.3,Tstd:259.4,Bpos:508.3,Bstd:316.1,StrandBias:-0.4,Multiplicity:1.17
0.001	0.284	0.354	0.361
0.001	0.503	0.001	0.495
0.001	0.003	0.122	0.874
0.001	0.107	0.558	0.334
0.960	0.001	0.038	0.001
0.257	0.509	0.001	0.233
0.001	0.122	0.876	0.001
0.001	0.786	0.001	0.212
0.475	0.001	0.523	0.001
0.337	0.001	0.001	0.661
0.001	0.099	0.001	0.899
0.001	0.001	0.001	0.997
>TCCAATCCTTTA	25-TCCAATCCTTTA	13.960721	-6.015444	0	T:2.0(1.54%),B:21.0(0.05%),P:1e-2	Tpos:540.5,Tstd:136.4,Bpos:582.7,Bstd:284.1,StrandBias:-10.0,Multiplicity:3.00
0.001	0.001	0.001	0.997
0.001	0.997	0.001	0.001
0.001	0.997	0.001	0.001
0.997	0.001	0.001	0.001
0.997	0.001	0.001	0.001
0.001	0.001	0.001	0.997
0.001	0.997	0.001	0.001
0.108	0.635	0.133	0.124
0.001	0.001	0.001	0.997
0.001	0.001	0.001	0.997
0.001	0.001	0.001	0.997
0.534	0.001	0.349	0.116
