>GAGGAATACA	1-GAGGAATACA	9.752255	-26.196911	0	T:20.0(15.38%),B:798.1(2.05%),P:1e-11	Tpos:582.6,Tstd:248.8,Bpos:529.2,Bstd:312.9,StrandBias:-1.1,Multiplicity:1.10
0.001	0.001	0.936	0.062
0.942	0.001	0.001	0.056
0.027	0.001	0.862	0.110
0.001	0.240	0.758	0.001
0.997	0.001	0.001	0.001
0.865	0.133	0.001	0.001
0.001	0.001	0.042	0.956
0.934	0.001	0.064	0.001
0.088	0.871	0.040	0.001
0.924	0.001	0.074	0.001
>ACTAGGTTGT	2-ACTAGGTTGT	10.676168	-21.041404	0	T:11.0(8.46%),B:234.6(0.60%),P:1e-9	Tpos:548.9,Tstd:264.0,Bpos:468.1,Bstd:292.7,StrandBias:-0.5,Multiplicity:1.09
0.997	0.001	0.001	0.001
0.001	0.997	0.001	0.001
0.001	0.143	0.090	0.766
0.997	0.001	0.001	0.001
0.001	0.001	0.997	0.001
0.083	0.001	0.729	0.187
0.001	0.001	0.001	0.997
0.124	0.001	0.096	0.779
0.001	0.001	0.945	0.053
0.102	0.001	0.001	0.896
>GCTCGAAGAA	3-GCTCGAAGAA	10.199001	-20.858479	0	T:18.0(13.85%),B:858.6(2.21%),P:1e-9	Tpos:567.1,Tstd:240.6,Bpos:500.6,Bstd:303.4,StrandBias:-1.4,Multiplicity:1.00
0.001	0.001	0.924	0.074
0.001	0.861	0.078	0.060
0.074	0.001	0.001	0.924
0.059	0.848	0.049	0.044
0.001	0.143	0.855	0.001
0.818	0.001	0.084	0.097
0.997	0.001	0.001	0.001
0.001	0.077	0.921	0.001
0.997	0.001	0.001	0.001
0.923	0.001	0.075	0.001
>CCCAACTCGT	4-CCCAACTCGT	10.227043	-16.984208	0	T:9.0(6.92%),B:202.6(0.52%),P:1e-7	Tpos:452.7,Tstd:263.3,Bpos:536.1,Bstd:297.3,StrandBias:0.5,Multiplicity:1.33
0.069	0.929	0.001	0.001
0.001	0.997	0.001	0.001
0.078	0.920	0.001	0.001
0.997	0.001	0.001	0.001
0.789	0.106	0.104	0.001
0.001	0.871	0.127	0.001
0.001	0.096	0.001	0.902
0.001	0.997	0.001	0.001
0.274	0.001	0.678	0.047
0.001	0.001	0.001	0.997
>TAGCAAGCCT	5-TAGCAAGCCT	10.070715	-16.733289	0	T:10.0(7.69%),B:280.9(0.72%),P:1e-7	Tpos:569.3,Tstd:268.4,Bpos:488.3,Bstd:301.7,StrandBias:-0.3,Multiplicity:1.10
0.090	0.001	0.097	0.812
0.942	0.001	0.001	0.056
0.076	0.001	0.922	0.001
0.001	0.928	0.001	0.070
0.855	0.143	0.001	0.001
0.997	0.001	0.001	0.001
0.001	0.001	0.896	0.102
0.091	0.907	0.001	0.001
0.077	0.839	0.001	0.083
0.001	0.001	0.001	0.997
>GCGACATAAT	6-GCGACATAAT	9.925630	-16.319437	0	T:14.0(10.77%),B:673.4(1.73%),P:1e-7	Tpos:640.2,Tstd:277.2,Bpos:498.4,Bstd:301.1,StrandBias:-0.4,Multiplicity:1.00
0.078	0.104	0.817	0.001
0.001	0.838	0.097	0.064
0.062	0.001	0.936	0.001
0.997	0.001	0.001	0.001
0.049	0.949	0.001	0.001
0.997	0.001	0.001	0.001
0.046	0.001	0.089	0.864
0.883	0.001	0.001	0.115
0.915	0.001	0.001	0.083
0.103	0.001	0.001	0.895
>TAGTGCTCTG	7-TAGTGCTCTG	10.210582	-15.818094	0	T:10.0(7.69%),B:310.9(0.80%),P:1e-6	Tpos:539.2,Tstd:171.5,Bpos:521.6,Bstd:306.4,StrandBias:0.7,Multiplicity:1.44
0.072	0.001	0.001	0.926
0.997	0.001	0.001	0.001
0.001	0.001	0.928	0.070
0.001	0.001	0.001	0.997
0.001	0.001	0.997	0.001
0.083	0.748	0.098	0.071
0.001	0.155	0.001	0.843
0.156	0.644	0.118	0.082
0.001	0.001	0.001	0.997
0.001	0.001	0.997	0.001
>TGACTCGAAA	8-TGACTCGAAA	9.288761	-14.513313	0	T:21.0(16.15%),B:1766.8(4.55%),P:1e-6	Tpos:544.1,Tstd:259.1,Bpos:505.2,Bstd:310.6,StrandBias:0.1,Multiplicity:1.19
0.001	0.077	0.001	0.921
0.001	0.037	0.879	0.083
0.955	0.001	0.001	0.043
0.113	0.746	0.001	0.140
0.001	0.001	0.001	0.997
0.030	0.941	0.028	0.001
0.001	0.001	0.943	0.055
0.997	0.001	0.001	0.001
0.819	0.001	0.076	0.104
0.832	0.001	0.092	0.075
>TATTTTCTCG	9-TATTTTCTCG	9.343235	-14.408290	0	T:29.0(22.31%),B:3159.7(8.13%),P:1e-6	Tpos:497.0,Tstd:291.5,Bpos:517.3,Bstd:325.3,StrandBias:0.7,Multiplicity:1.10
0.001	0.001	0.001	0.997
0.628	0.001	0.311	0.060
0.001	0.001	0.001	0.997
0.016	0.160	0.001	0.823
0.130	0.001	0.015	0.854
0.001	0.334	0.155	0.510
0.001	0.997	0.001	0.001
0.053	0.120	0.101	0.726
0.001	0.924	0.074	0.001
0.001	0.001	0.997	0.001
>ACTWAACTGT	10-ACTWAACTGT	9.906745	-14.344495	0	T:13.0(10.00%),B:677.6(1.74%),P:1e-6	Tpos:485.7,Tstd:272.1,Bpos:508.6,Bstd:290.7,StrandBias:0.6,Multiplicity:1.15
0.997	0.001	0.001	0.001
0.032	0.938	0.001	0.029
0.001	0.001	0.001	0.997
0.473	0.001	0.001	0.525
0.810	0.129	0.060	0.001
0.677	0.094	0.146	0.083
0.312	0.686	0.001	0.001
0.001	0.001	0.001	0.997
0.001	0.146	0.781	0.072
0.064	0.001	0.097	0.838
>TTCACTTTCC	11-TTCACTTTCC	10.455377	-13.702792	0	T:28.0(21.54%),B:3083.0(7.94%),P:1e-5	Tpos:558.5,Tstd:264.7,Bpos:538.2,Bstd:304.0,StrandBias:0.7,Multiplicity:1.14
0.001	0.132	0.001	0.866
0.001	0.001	0.001	0.997
0.001	0.878	0.001	0.120
0.900	0.001	0.001	0.098
0.242	0.561	0.001	0.196
0.001	0.001	0.001	0.997
0.001	0.001	0.001	0.997
0.001	0.102	0.001	0.896
0.001	0.895	0.001	0.103
0.001	0.997	0.001	0.001
>CGCACGATTT	12-CGCACGATTT	11.188694	-13.682674	0	T:7.0(5.38%),B:152.4(0.39%),P:1e-5	Tpos:476.1,Tstd:228.8,Bpos:514.8,Bstd:330.5,StrandBias:-0.3,Multiplicity:1.29
0.001	0.935	0.001	0.063
0.098	0.296	0.605	0.001
0.001	0.857	0.001	0.141
0.783	0.001	0.215	0.001
0.124	0.578	0.297	0.001
0.001	0.001	0.997	0.001
0.875	0.123	0.001	0.001
0.242	0.001	0.001	0.756
0.001	0.001	0.001	0.997
0.021	0.001	0.001	0.977
>TAAAAGTTTC	13-TAAAAGTTTC	10.640624	-13.069214	0	T:17.0(13.08%),B:1307.5(3.37%),P:1e-5	Tpos:582.1,Tstd:296.1,Bpos:490.8,Bstd:290.9,StrandBias:0.5,Multiplicity:1.00
0.001	0.001	0.001	0.997
0.840	0.001	0.158	0.001
0.932	0.001	0.066	0.001
0.997	0.001	0.001	0.001
0.997	0.001	0.001	0.001
0.001	0.001	0.997	0.001
0.001	0.001	0.001	0.997
0.001	0.001	0.001	0.997
0.001	0.001	0.052	0.946
0.001	0.997	0.001	0.001
>AGAAAAAGAG	14-AGAAAAAGAG	10.277863	-12.982845	0	T:25.0(19.23%),B:2642.4(6.80%),P:1e-5	Tpos:440.9,Tstd:275.3,Bpos:544.9,Bstd:316.7,StrandBias:-1.0,Multiplicity:1.20
0.997	0.001	0.001	0.001
0.001	0.001	0.997	0.001
0.859	0.001	0.074	0.066
0.816	0.057	0.126	0.001
0.951	0.001	0.001	0.047
0.955	0.001	0.001	0.043
0.974	0.001	0.024	0.001
0.001	0.001	0.997	0.001
0.997	0.001	0.001	0.001
0.001	0.001	0.916	0.082
>CTMKYTTTRA	15-CTMKYTTTRA	8.605093	-12.049741	0	T:20.0(15.38%),B:1898.6(4.89%),P:1e-5	Tpos:419.7,Tstd:232.7,Bpos:515.2,Bstd:309.9,StrandBias:-0.1,Multiplicity:1.15
0.050	0.594	0.324	0.032
0.019	0.057	0.076	0.848
0.524	0.396	0.025	0.055
0.139	0.022	0.349	0.489
0.026	0.401	0.068	0.505
0.178	0.021	0.024	0.777
0.038	0.267	0.190	0.505
0.183	0.045	0.109	0.663
0.409	0.001	0.558	0.032
0.771	0.109	0.043	0.077
>AAGTACGATC	16-AAGTACGATC	11.537459	-11.577799	0	T:6.0(4.62%),B:138.5(0.36%),P:1e-5	Tpos:360.1,Tstd:241.1,Bpos:479.2,Bstd:280.9,StrandBias:-0.7,Multiplicity:1.33
0.997	0.001	0.001	0.001
0.997	0.001	0.001	0.001
0.218	0.001	0.780	0.001
0.001	0.001	0.411	0.587
0.997	0.001	0.001	0.001
0.001	0.780	0.218	0.001
0.001	0.001	0.997	0.001
0.997	0.001	0.001	0.001
0.001	0.001	0.001	0.997
0.001	0.997	0.001	0.001
>ATTGATTCTG	17-ATTGATTCTG	11.100928	-11.081309	0	T:9.0(6.92%),B:422.1(1.09%),P:1e-4	Tpos:313.9,Tstd:288.2,Bpos:472.1,Bstd:321.0,StrandBias:0.3,Multiplicity:1.22
0.997	0.001	0.001	0.001
0.001	0.001	0.001	0.997
0.001	0.001	0.001	0.997
0.001	0.001	0.997	0.001
0.997	0.001	0.001	0.001
0.001	0.001	0.001	0.997
0.001	0.001	0.001	0.997
0.001	0.997	0.001	0.001
0.179	0.001	0.001	0.819
0.079	0.001	0.919	0.001
>CCTGACAAAA	18-CCTGACAAAA	9.493067	-10.559143	0	T:24.0(18.46%),B:2850.4(7.34%),P:1e-4	Tpos:431.9,Tstd:305.9,Bpos:519.2,Bstd:318.7,StrandBias:-0.1,Multiplicity:1.21
0.001	0.958	0.040	0.001
0.032	0.879	0.001	0.088
0.046	0.060	0.074	0.820
0.039	0.043	0.917	0.001
0.880	0.001	0.076	0.043
0.139	0.697	0.114	0.050
0.903	0.001	0.001	0.095
0.997	0.001	0.001	0.001
0.997	0.001	0.001	0.001
0.997	0.001	0.001	0.001
>NMCTACCCCG	19-NMCTACCCCG	9.048097	-10.516380	0	T:8.0(6.15%),B:347.3(0.89%),P:1e-4	Tpos:368.6,Tstd:248.1,Bpos:494.0,Bstd:319.6,StrandBias:-0.6,Multiplicity:1.25
0.236	0.205	0.284	0.274
0.425	0.573	0.001	0.001
0.001	0.843	0.155	0.001
0.001	0.001	0.001	0.997
0.997	0.001	0.001	0.001
0.001	0.997	0.001	0.001
0.001	0.997	0.001	0.001
0.128	0.756	0.001	0.115
0.001	0.997	0.001	0.001
0.400	0.001	0.598	0.001
>CCTATCCTTA	20-CCTATCCTTA	10.247487	-9.583827	0	T:7.0(5.38%),B:292.1(0.75%),P:1e-4	Tpos:526.6,Tstd:201.3,Bpos:547.6,Bstd:298.6,StrandBias:-0.3,Multiplicity:1.57
0.175	0.823	0.001	0.001
0.001	0.997	0.001	0.001
0.232	0.001	0.001	0.766
0.793	0.048	0.001	0.158
0.001	0.001	0.001	0.997
0.001	0.855	0.001	0.143
0.001	0.700	0.142	0.157
0.001	0.001	0.145	0.853
0.001	0.001	0.001	0.997
0.636	0.001	0.001	0.362
>ACAAGCACGC	21-ACAAGCACGC	6.350103	-8.941816	0	T:8.0(6.15%),B:437.8(1.13%),P:1e-3	Tpos:451.9,Tstd:268.8,Bpos:490.8,Bstd:311.8,StrandBias:-0.3,Multiplicity:1.38
0.781	0.217	0.001	0.001
0.001	0.997	0.001	0.001
0.997	0.001	0.001	0.001
0.997	0.001	0.001	0.001
0.001	0.284	0.714	0.001
0.001	0.946	0.052	0.001
0.997	0.001	0.001	0.001
0.001	0.997	0.001	0.001
0.001	0.001	0.997	0.001
0.001	0.997	0.001	0.001
>TAATTACGAG	22-TAATTACGAG	10.296193	-8.177971	0	T:3.0(2.31%),B:35.1(0.09%),P:1e-3	Tpos:360.2,Tstd:271.7,Bpos:462.8,Bstd:272.9,StrandBias:10.0,Multiplicity:1.67
0.100	0.100	0.100	0.700
0.700	0.100	0.100	0.100
0.700	0.100	0.100	0.100
0.100	0.100	0.100	0.700
0.100	0.100	0.100	0.700
0.700	0.100	0.100	0.100
0.100	0.700	0.100	0.100
0.100	0.100	0.700	0.100
0.700	0.100	0.100	0.100
0.100	0.100	0.700	0.100
>GACAACACAC	23-GACAACACAC	10.296193	-7.609966	0	T:3.0(2.31%),B:44.0(0.11%),P:1e-3	Tpos:317.8,Tstd:229.5,Bpos:546.8,Bstd:293.6,StrandBias:2.0,Multiplicity:1.67
0.100	0.100	0.700	0.100
0.700	0.100	0.100	0.100
0.100	0.700	0.100	0.100
0.700	0.100	0.100	0.100
0.700	0.100	0.100	0.100
0.100	0.700	0.100	0.100
0.700	0.100	0.100	0.100
0.100	0.700	0.100	0.100
0.700	0.100	0.100	0.100
0.100	0.700	0.100	0.100
>TACTAATCAG	24-TACTAATCAG	8.350283	-7.416178	0	T:14.0(10.77%),B:1514.7(3.90%),P:1e-3	Tpos:530.8,Tstd:335.2,Bpos:506.4,Bstd:291.5,StrandBias:-0.4,Multiplicity:1.15
0.100	0.100	0.100	0.700
0.700	0.100	0.100	0.100
0.100	0.700	0.100	0.100
0.100	0.100	0.100	0.700
0.700	0.100	0.100	0.100
0.700	0.100	0.100	0.100
0.100	0.100	0.100	0.700
0.100	0.700	0.100	0.100
0.700	0.100	0.100	0.100
0.100	0.100	0.700	0.100
>GGCGCAGAWT	25-GGCGCAGAWT	11.174128	-5.394966	0	T:4.0(3.08%),B:195.3(0.50%),P:1e-2	Tpos:362.1,Tstd:149.3,Bpos:521.7,Bstd:312.3,StrandBias:-1.8,Multiplicity:2.25
0.001	0.001	0.609	0.389
0.001	0.001	0.997	0.001
0.001	0.997	0.001	0.001
0.001	0.375	0.623	0.001
0.001	0.997	0.001	0.001
0.986	0.012	0.001	0.001
0.001	0.029	0.969	0.001
0.997	0.001	0.001	0.001
0.503	0.001	0.001	0.495
0.001	0.001	0.001	0.997
