>CYMGTAMG	1-CYMGTAMG	6.675995	-13.531031	0	T:43.0(33.08%),B:6219.2(16.01%),P:1e-5	Tpos:466.4,Tstd:320.8,Bpos:507.2,Bstd:304.7,StrandBias:-0.4,Multiplicity:1.21
0.001	0.958	0.028	0.013
0.017	0.457	0.001	0.525
0.416	0.543	0.040	0.001
0.142	0.117	0.580	0.161
0.001	0.002	0.001	0.996
0.939	0.059	0.001	0.001
0.485	0.347	0.167	0.001
0.001	0.001	0.688	0.310
>CSRGGTAG	2-CSRGGTAG	6.960278	-12.213895	0	T:45.0(34.62%),B:7000.3(18.02%),P:1e-5	Tpos:418.7,Tstd:269.6,Bpos:514.8,Bstd:312.5,StrandBias:0.2,Multiplicity:1.27
0.001	0.761	0.001	0.237
0.033	0.524	0.421	0.022
0.485	0.019	0.495	0.001
0.001	0.076	0.922	0.001
0.001	0.001	0.692	0.306
0.001	0.001	0.001	0.997
0.577	0.001	0.421	0.001
0.001	0.001	0.997	0.001
>GCACTGCG	3-GCACTGCG	10.773484	-9.884568	0	T:7.0(5.38%),B:278.3(0.72%),P:1e-4	Tpos:555.1,Tstd:290.9,Bpos:478.2,Bstd:300.1,StrandBias:0.4,Multiplicity:1.00
0.001	0.001	0.997	0.001
0.001	0.997	0.001	0.001
0.884	0.114	0.001	0.001
0.001	0.839	0.159	0.001
0.001	0.001	0.001	0.997
0.001	0.001	0.997	0.001
0.001	0.997	0.001	0.001
0.001	0.001	0.997	0.001
>TATATAGC	4-TATATAGC	6.875674	-7.934239	0	T:51.0(39.23%),B:9849.6(25.35%),P:1e-3	Tpos:463.0,Tstd:275.4,Bpos:510.2,Bstd:304.8,StrandBias:-0.5,Multiplicity:1.25
0.001	0.001	0.164	0.834
0.997	0.001	0.001	0.001
0.001	0.001	0.156	0.842
0.997	0.001	0.001	0.001
0.001	0.001	0.001	0.997
0.640	0.358	0.001	0.001
0.001	0.001	0.758	0.240
0.067	0.703	0.001	0.229
>TCGGCGCA	5-TCGGCGCA	6.624015	-5.192174	0	T:22.0(16.92%),B:3686.8(9.49%),P:1e-2	Tpos:398.4,Tstd:243.0,Bpos:525.2,Bstd:314.2,StrandBias:-0.5,Multiplicity:1.45
0.001	0.001	0.144	0.854
0.001	0.705	0.293	0.001
0.001	0.001	0.663	0.335
0.001	0.001	0.997	0.001
0.001	0.859	0.139	0.001
0.001	0.001	0.997	0.001
0.001	0.997	0.001	0.001
0.995	0.003	0.001	0.001
