>GAAAAAGGAAAG	1-GAAAAAGGAAAG	12.195499	-27.495860	0	T:20.0(11.56%),B:556.9(1.41%),P:1e-11	Tpos:626.8,Tstd:276.0,Bpos:519.9,Bstd:341.1,StrandBias:-1.6,Multiplicity:1.00
0.078	0.071	0.769	0.082
0.997	0.001	0.001	0.001
0.997	0.001	0.001	0.001
0.752	0.137	0.001	0.110
0.997	0.001	0.001	0.001
0.997	0.001	0.001	0.001
0.001	0.059	0.939	0.001
0.078	0.001	0.920	0.001
0.997	0.001	0.001	0.001
0.997	0.001	0.001	0.001
0.856	0.001	0.001	0.142
0.001	0.192	0.806	0.001
>GAAGAAAACATG	2-GAAGAAAACATG	13.011561	-24.478691	0	T:15.0(8.67%),B:318.9(0.80%),P:1e-10	Tpos:552.1,Tstd:269.9,Bpos:493.5,Bstd:305.5,StrandBias:-2.6,Multiplicity:1.00
0.056	0.001	0.942	0.001
0.872	0.001	0.126	0.001
0.997	0.001	0.001	0.001
0.132	0.094	0.696	0.078
0.889	0.001	0.109	0.001
0.997	0.001	0.001	0.001
0.997	0.001	0.001	0.001
0.886	0.001	0.001	0.112
0.151	0.847	0.001	0.001
0.927	0.001	0.071	0.001
0.001	0.001	0.001	0.997
0.001	0.001	0.997	0.001
>TTCTCTGGCTCC	3-TTCTCTGGCTCC	14.225161	-23.746833	0	T:7.0(4.05%),B:23.1(0.06%),P:1e-10	Tpos:611.9,Tstd:233.3,Bpos:368.7,Bstd:374.9,StrandBias:0.4,Multiplicity:1.00
0.001	0.001	0.001	0.997
0.001	0.001	0.001	0.997
0.001	0.997	0.001	0.001
0.001	0.001	0.262	0.736
0.001	0.997	0.001	0.001
0.001	0.001	0.001	0.997
0.001	0.001	0.997	0.001
0.001	0.001	0.847	0.151
0.001	0.997	0.001	0.001
0.001	0.001	0.001	0.997
0.168	0.830	0.001	0.001
0.001	0.997	0.001	0.001
>GGCTCTGCGTCA	4-GGCTCTGCGTCA	10.799194	-23.538964	0	T:10.0(5.78%),B:100.4(0.25%),P:1e-10	Tpos:291.8,Tstd:217.6,Bpos:525.6,Bstd:284.1,StrandBias:0.0,Multiplicity:1.00
0.001	0.001	0.800	0.198
0.001	0.163	0.637	0.199
0.001	0.838	0.001	0.160
0.001	0.198	0.001	0.800
0.001	0.997	0.001	0.001
0.198	0.001	0.001	0.800
0.037	0.001	0.960	0.002
0.001	0.957	0.001	0.041
0.001	0.034	0.964	0.001
0.004	0.001	0.199	0.796
0.398	0.567	0.001	0.034
0.800	0.001	0.198	0.001
>GTTGGATATCAG	5-GTTGGATATCAG	9.861253	-23.512059	0	T:19.0(10.98%),B:620.9(1.57%),P:1e-10	Tpos:456.4,Tstd:274.9,Bpos:510.4,Bstd:304.9,StrandBias:1.1,Multiplicity:1.00
0.107	0.057	0.800	0.036
0.001	0.001	0.001	0.997
0.061	0.058	0.163	0.718
0.001	0.112	0.765	0.122
0.036	0.001	0.902	0.061
0.917	0.001	0.001	0.081
0.110	0.001	0.002	0.887
0.783	0.081	0.001	0.135
0.001	0.060	0.065	0.874
0.001	0.818	0.001	0.180
0.884	0.071	0.001	0.044
0.055	0.112	0.665	0.168
>GCTAAACTTGGA	6-GCTAAACTTGGA	11.980360	-23.507249	0	T:12.0(6.94%),B:181.3(0.46%),P:1e-10	Tpos:553.4,Tstd:261.0,Bpos:507.8,Bstd:318.3,StrandBias:0.0,Multiplicity:1.00
0.001	0.001	0.910	0.088
0.001	0.583	0.312	0.104
0.047	0.065	0.001	0.887
0.649	0.178	0.172	0.001
0.997	0.001	0.001	0.001
0.997	0.001	0.001	0.001
0.189	0.745	0.001	0.065
0.001	0.001	0.001	0.997
0.001	0.001	0.001	0.997
0.191	0.001	0.745	0.063
0.001	0.071	0.927	0.001
0.942	0.001	0.056	0.001
>AAAAAACCTGAA	7-AAAAAACCTGAA	11.435263	-22.268159	0	T:29.0(16.76%),B:1646.2(4.16%),P:1e-9	Tpos:447.8,Tstd:278.9,Bpos:503.3,Bstd:318.6,StrandBias:-0.4,Multiplicity:1.14
0.884	0.055	0.060	0.001
0.930	0.001	0.068	0.001
0.997	0.001	0.001	0.001
0.893	0.085	0.001	0.021
0.798	0.065	0.136	0.001
0.941	0.057	0.001	0.001
0.016	0.982	0.001	0.001
0.062	0.825	0.001	0.112
0.028	0.096	0.001	0.875
0.001	0.001	0.941	0.057
0.997	0.001	0.001	0.001
0.926	0.001	0.001	0.072
>TTCACTCATTAT	8-TTCACTCATTAT	10.402962	-21.720559	0	T:21.0(12.14%),B:866.9(2.19%),P:1e-9	Tpos:498.0,Tstd:262.8,Bpos:539.0,Bstd:319.6,StrandBias:1.4,Multiplicity:1.10
0.106	0.023	0.038	0.833
0.091	0.036	0.093	0.780
0.173	0.734	0.038	0.055
0.796	0.128	0.001	0.075
0.075	0.702	0.111	0.112
0.001	0.001	0.001	0.997
0.039	0.859	0.066	0.036
0.846	0.059	0.036	0.059
0.039	0.001	0.001	0.959
0.095	0.149	0.001	0.755
0.788	0.120	0.069	0.023
0.040	0.001	0.001	0.958
>CATTCTTTTTAC	9-CATTCTTTTTAC	12.808088	-21.141621	0	T:12.0(6.94%),B:225.0(0.57%),P:1e-9	Tpos:492.6,Tstd:353.1,Bpos:505.8,Bstd:327.8,StrandBias:1.0,Multiplicity:1.00
0.001	0.997	0.001	0.001
0.932	0.001	0.001	0.066
0.158	0.001	0.158	0.683
0.001	0.001	0.001	0.997
0.001	0.942	0.001	0.056
0.119	0.001	0.001	0.879
0.122	0.001	0.001	0.876
0.001	0.001	0.001	0.997
0.001	0.001	0.001	0.997
0.001	0.001	0.001	0.997
0.947	0.001	0.001	0.051
0.070	0.850	0.079	0.001
>TAAATTGTATTT	10-TAAATTGTATTT	12.843835	-20.927336	0	T:18.0(10.40%),B:643.8(1.63%),P:1e-9	Tpos:530.8,Tstd:269.5,Bpos:501.0,Bstd:284.7,StrandBias:0.2,Multiplicity:1.06
0.001	0.066	0.065	0.868
0.776	0.001	0.076	0.147
0.997	0.001	0.001	0.001
0.938	0.001	0.001	0.060
0.001	0.001	0.104	0.894
0.001	0.001	0.001	0.997
0.048	0.001	0.930	0.021
0.141	0.094	0.001	0.764
0.997	0.001	0.001	0.001
0.001	0.001	0.001	0.997
0.001	0.001	0.001	0.997
0.001	0.106	0.001	0.892
>CTGTTGYTCTTT	11-CTGTTGYTCTTT	11.970018	-20.870678	0	T:15.0(8.67%),B:417.6(1.05%),P:1e-9	Tpos:563.0,Tstd:269.6,Bpos:543.4,Bstd:316.0,StrandBias:1.5,Multiplicity:1.00
0.001	0.832	0.103	0.064
0.001	0.001	0.001	0.997
0.199	0.001	0.742	0.058
0.001	0.125	0.193	0.681
0.001	0.001	0.001	0.997
0.001	0.001	0.932	0.066
0.103	0.405	0.194	0.298
0.001	0.001	0.001	0.997
0.001	0.853	0.001	0.145
0.001	0.001	0.001	0.997
0.001	0.001	0.001	0.997
0.001	0.001	0.001	0.997
>TGAATTTTTTCG	12-TGAATTTTTTCG	12.563230	-20.283455	0	T:20.0(11.56%),B:847.6(2.14%),P:1e-8	Tpos:509.1,Tstd:271.1,Bpos:502.3,Bstd:321.8,StrandBias:0.0,Multiplicity:1.10
0.001	0.046	0.001	0.952
0.001	0.079	0.919	0.001
0.903	0.044	0.052	0.001
0.914	0.084	0.001	0.001
0.160	0.001	0.068	0.771
0.074	0.001	0.001	0.924
0.001	0.001	0.001	0.997
0.084	0.001	0.001	0.914
0.001	0.001	0.001	0.997
0.001	0.060	0.001	0.938
0.037	0.961	0.001	0.001
0.100	0.033	0.837	0.030
>ACGAACAGATGG	13-ACGAACAGATGG	12.162846	-19.168722	0	T:8.0(4.62%),B:79.8(0.20%),P:1e-8	Tpos:544.6,Tstd:286.4,Bpos:501.0,Bstd:328.5,StrandBias:-1.0,Multiplicity:1.12
0.843	0.155	0.001	0.001
0.256	0.742	0.001	0.001
0.001	0.001	0.997	0.001
0.997	0.001	0.001	0.001
0.594	0.001	0.001	0.404
0.001	0.997	0.001	0.001
0.997	0.001	0.001	0.001
0.001	0.001	0.820	0.178
0.997	0.001	0.001	0.001
0.001	0.001	0.178	0.820
0.001	0.001	0.873	0.125
0.115	0.001	0.595	0.289
>GAATTAAACTAG	14-GAATTAAACTAG	10.238251	-18.038066	0	T:21.0(12.14%),B:1073.2(2.71%),P:1e-7	Tpos:575.4,Tstd:318.6,Bpos:506.9,Bstd:312.9,StrandBias:-0.4,Multiplicity:1.00
0.055	0.051	0.774	0.120
0.652	0.155	0.076	0.117
0.997	0.001	0.001	0.001
0.002	0.001	0.200	0.797
0.130	0.002	0.183	0.685
0.752	0.246	0.001	0.001
0.997	0.001	0.001	0.001
0.938	0.001	0.001	0.060
0.184	0.755	0.059	0.002
0.056	0.055	0.001	0.888
0.980	0.018	0.001	0.001
0.187	0.001	0.758	0.054
>CCTGTTATTGTT	15-CCTGTTATTGTT	12.152963	-17.901477	0	T:8.0(4.62%),B:94.9(0.24%),P:1e-7	Tpos:391.9,Tstd:268.4,Bpos:610.5,Bstd:293.3,StrandBias:2.8,Multiplicity:1.00
0.001	0.491	0.271	0.237
0.102	0.721	0.176	0.001
0.001	0.001	0.001	0.997
0.001	0.109	0.889	0.001
0.001	0.001	0.001	0.997
0.001	0.001	0.292	0.706
0.897	0.101	0.001	0.001
0.001	0.336	0.001	0.662
0.001	0.001	0.001	0.997
0.001	0.296	0.702	0.001
0.001	0.001	0.001	0.997
0.001	0.001	0.001	0.997
>CTGCATTTAATT	16-CTGCATTTAATT	13.383118	-17.803718	0	T:9.0(5.20%),B:138.5(0.35%),P:1e-7	Tpos:510.7,Tstd:241.0,Bpos:519.3,Bstd:285.5,StrandBias:0.0,Multiplicity:1.11
0.100	0.801	0.001	0.098
0.001	0.001	0.001	0.997
0.001	0.001	0.997	0.001
0.001	0.997	0.001	0.001
0.687	0.178	0.001	0.134
0.110	0.001	0.001	0.888
0.001	0.001	0.001	0.997
0.001	0.138	0.001	0.860
0.997	0.001	0.001	0.001
0.904	0.001	0.001	0.094
0.001	0.001	0.001	0.997
0.001	0.001	0.001	0.997
>TTTTAATTTCCG	17-TTTTAATTTCCG	12.317950	-16.657291	0	T:16.0(9.25%),B:666.2(1.68%),P:1e-7	Tpos:464.7,Tstd:309.6,Bpos:500.4,Bstd:322.3,StrandBias:1.0,Multiplicity:1.12
0.001	0.001	0.001	0.997
0.001	0.001	0.001	0.997
0.001	0.001	0.001	0.997
0.001	0.001	0.031	0.967
0.707	0.001	0.050	0.242
0.842	0.077	0.080	0.001
0.061	0.001	0.001	0.937
0.001	0.001	0.132	0.866
0.001	0.001	0.001	0.997
0.001	0.916	0.082	0.001
0.040	0.923	0.001	0.036
0.025	0.052	0.876	0.047
>CTCCGCCYATTT	18-CTCCGCCYATTT	10.365949	-15.820783	0	T:25.0(14.45%),B:1699.7(4.29%),P:1e-6	Tpos:427.9,Tstd:285.2,Bpos:556.5,Bstd:340.3,StrandBias:1.1,Multiplicity:1.28
0.001	0.819	0.129	0.051
0.219	0.097	0.001	0.683
0.001	0.997	0.001	0.001
0.001	0.772	0.001	0.226
0.064	0.001	0.600	0.335
0.001	0.920	0.001	0.078
0.091	0.844	0.001	0.064
0.160	0.469	0.001	0.370
0.621	0.188	0.190	0.001
0.001	0.252	0.001	0.746
0.041	0.001	0.001	0.957
0.001	0.001	0.001	0.997
>TTHTTTTTCTCT	19-TTHTTTTTCTCT	10.053942	-15.488291	0	T:36.0(20.81%),B:3237.3(8.17%),P:1e-6	Tpos:549.6,Tstd:291.1,Bpos:546.9,Bstd:327.8,StrandBias:2.4,Multiplicity:1.14
0.272	0.075	0.055	0.598
0.226	0.065	0.043	0.666
0.304	0.285	0.076	0.336
0.061	0.080	0.172	0.687
0.035	0.139	0.046	0.780
0.047	0.172	0.020	0.761
0.039	0.247	0.048	0.666
0.074	0.050	0.053	0.823
0.064	0.651	0.236	0.049
0.072	0.085	0.028	0.815
0.071	0.621	0.266	0.042
0.086	0.069	0.056	0.789
>CTGACTTTTTAG	20-CTGACTTTTTAG	13.193124	-14.750125	0	T:8.0(4.62%),B:145.6(0.37%),P:1e-6	Tpos:345.9,Tstd:276.4,Bpos:530.4,Bstd:311.8,StrandBias:-0.7,Multiplicity:1.00
0.001	0.997	0.001	0.001
0.001	0.001	0.001	0.997
0.001	0.132	0.866	0.001
0.997	0.001	0.001	0.001
0.063	0.863	0.001	0.073
0.001	0.001	0.001	0.997
0.001	0.001	0.001	0.997
0.001	0.001	0.001	0.997
0.001	0.001	0.001	0.997
0.001	0.136	0.001	0.862
0.794	0.001	0.106	0.099
0.001	0.142	0.755	0.102
>GGCCGAAATTCC	21-GGCCGAAATTCC	10.801791	-13.824207	0	T:10.0(5.78%),B:294.2(0.74%),P:1e-6	Tpos:455.7,Tstd:313.3,Bpos:503.1,Bstd:328.7,StrandBias:3.8,Multiplicity:1.50
0.212	0.115	0.672	0.001
0.001	0.001	0.685	0.313
0.001	0.997	0.001	0.001
0.001	0.804	0.194	0.001
0.001	0.001	0.997	0.001
0.997	0.001	0.001	0.001
0.772	0.001	0.226	0.001
0.779	0.219	0.001	0.001
0.227	0.001	0.001	0.771
0.001	0.001	0.001	0.997
0.001	0.779	0.219	0.001
0.001	0.797	0.201	0.001
>TCAGGCATATAA	22-TCAGGCATATAA	11.545140	-8.994389	0	T:5.0(2.89%),B:105.4(0.27%),P:1e-3	Tpos:450.2,Tstd:219.9,Bpos:540.5,Bstd:332.7,StrandBias:1.6,Multiplicity:1.60
0.001	0.328	0.001	0.670
0.118	0.779	0.001	0.102
0.997	0.001	0.001	0.001
0.101	0.001	0.897	0.001
0.001	0.001	0.997	0.001
0.001	0.705	0.118	0.176
0.997	0.001	0.001	0.001
0.153	0.118	0.001	0.728
0.997	0.001	0.001	0.001
0.001	0.299	0.001	0.699
0.705	0.001	0.293	0.001
0.875	0.001	0.001	0.123
>GAGGAGTGACGT	23-GAGGAGTGACGT	11.199195	-5.656522	0	T:5.0(2.89%),B:226.4(0.57%),P:1e-2	Tpos:519.4,Tstd:142.4,Bpos:496.2,Bstd:382.0,StrandBias:0.8,Multiplicity:2.80
0.001	0.001	0.850	0.148
0.850	0.001	0.148	0.001
0.224	0.001	0.774	0.001
0.225	0.254	0.520	0.001
0.850	0.001	0.148	0.001
0.215	0.001	0.783	0.001
0.229	0.001	0.001	0.769
0.001	0.001	0.997	0.001
0.997	0.001	0.001	0.001
0.001	0.787	0.001	0.211
0.001	0.001	0.997	0.001
0.126	0.001	0.001	0.872
