>ACTTCAAGGA	1-ACTTCAAGGA	9.233449	-19.422887	0	T:19.0(15.32%),B:1125.1(2.87%),P:1e-8	Tpos:351.0,Tstd:264.6,Bpos:489.1,Bstd:299.2,StrandBias:0.0,Multiplicity:1.05
0.844	0.091	0.001	0.064
0.001	0.932	0.042	0.025
0.001	0.094	0.081	0.824
0.001	0.001	0.001	0.997
0.001	0.997	0.001	0.001
0.922	0.001	0.076	0.001
0.898	0.001	0.100	0.001
0.001	0.001	0.955	0.043
0.001	0.059	0.895	0.045
0.798	0.110	0.091	0.001
>GACTATGGTT	2-GACTATGGTT	10.363857	-18.237320	0	T:11.0(8.87%),B:328.4(0.84%),P:1e-7	Tpos:545.7,Tstd:331.3,Bpos:476.4,Bstd:265.0,StrandBias:0.0,Multiplicity:1.09
0.079	0.122	0.798	0.001
0.849	0.001	0.149	0.001
0.001	0.901	0.001	0.097
0.073	0.001	0.001	0.925
0.919	0.001	0.001	0.079
0.001	0.001	0.001	0.997
0.001	0.140	0.858	0.001
0.001	0.001	0.997	0.001
0.001	0.001	0.001	0.997
0.001	0.001	0.130	0.868
>AAACCCCGCT	3-AAACCCCGCT	9.954326	-17.596893	0	T:12.0(9.68%),B:439.7(1.12%),P:1e-7	Tpos:557.0,Tstd:277.8,Bpos:518.1,Bstd:314.1,StrandBias:1.2,Multiplicity:1.08
0.997	0.001	0.001	0.001
0.832	0.001	0.166	0.001
0.881	0.117	0.001	0.001
0.001	0.997	0.001	0.001
0.095	0.732	0.096	0.077
0.001	0.997	0.001	0.001
0.083	0.915	0.001	0.001
0.001	0.079	0.852	0.068
0.067	0.931	0.001	0.001
0.001	0.052	0.001	0.946
>TATATGAATA	4-TATATGAATA	10.230314	-17.426578	0	T:27.0(21.77%),B:2545.7(6.50%),P:1e-7	Tpos:499.9,Tstd:320.6,Bpos:511.2,Bstd:290.0,StrandBias:-0.1,Multiplicity:1.19
0.095	0.001	0.001	0.903
0.813	0.001	0.001	0.185
0.001	0.001	0.070	0.928
0.997	0.001	0.001	0.001
0.150	0.001	0.001	0.848
0.124	0.001	0.778	0.097
0.997	0.001	0.001	0.001
0.997	0.001	0.001	0.001
0.134	0.001	0.001	0.864
0.911	0.001	0.001	0.087
>GTGACTGGAA	5-GTGACTGGAA	7.985846	-17.102356	0	T:26.0(20.97%),B:2411.2(6.16%),P:1e-7	Tpos:556.6,Tstd:301.6,Bpos:521.1,Bstd:296.1,StrandBias:-0.8,Multiplicity:1.08
0.001	0.001	0.997	0.001
0.001	0.001	0.001	0.997
0.052	0.055	0.850	0.043
0.815	0.001	0.065	0.119
0.046	0.863	0.051	0.040
0.001	0.060	0.001	0.938
0.001	0.079	0.919	0.001
0.093	0.056	0.850	0.001
0.900	0.001	0.098	0.001
0.919	0.001	0.001	0.079
>ATCCCAACAA	6-ATCCCAACAA	11.179933	-16.716224	0	T:9.0(7.26%),B:221.0(0.56%),P:1e-7	Tpos:523.8,Tstd:228.8,Bpos:532.3,Bstd:317.8,StrandBias:-0.6,Multiplicity:1.11
0.997	0.001	0.001	0.001
0.001	0.001	0.097	0.901
0.001	0.997	0.001	0.001
0.001	0.997	0.001	0.001
0.001	0.799	0.199	0.001
0.997	0.001	0.001	0.001
0.887	0.111	0.001	0.001
0.001	0.997	0.001	0.001
0.871	0.001	0.127	0.001
0.997	0.001	0.001	0.001
>CTTCCCCTTA	7-CTTCCCCTTA	9.758059	-16.705571	0	T:13.0(10.48%),B:580.4(1.48%),P:1e-7	Tpos:551.8,Tstd:276.6,Bpos:515.1,Bstd:305.5,StrandBias:2.6,Multiplicity:1.08
0.223	0.775	0.001	0.001
0.100	0.001	0.001	0.898
0.001	0.233	0.001	0.765
0.001	0.997	0.001	0.001
0.090	0.811	0.001	0.098
0.079	0.838	0.001	0.082
0.001	0.910	0.001	0.088
0.113	0.001	0.001	0.885
0.001	0.297	0.001	0.701
0.924	0.074	0.001	0.001
>TTTGAGCAGT	8-TTTGAGCAGT	7.112611	-16.586617	0	T:66.0(53.23%),B:11741.6(30.00%),P:1e-7	Tpos:533.5,Tstd:283.1,Bpos:504.0,Bstd:301.6,StrandBias:-0.1,Multiplicity:1.42
0.060	0.034	0.025	0.881
0.036	0.060	0.059	0.845
0.067	0.090	0.048	0.795
0.097	0.078	0.747	0.078
0.848	0.019	0.089	0.044
0.068	0.072	0.770	0.090
0.046	0.798	0.104	0.052
0.754	0.152	0.052	0.042
0.062	0.030	0.806	0.102
0.067	0.048	0.121	0.764
>TGAGGGTACC	9-TGAGGGTACC	10.423729	-15.413162	0	T:7.0(5.65%),B:123.3(0.31%),P:1e-6	Tpos:447.0,Tstd:300.2,Bpos:508.4,Bstd:354.3,StrandBias:-0.3,Multiplicity:1.43
0.122	0.001	0.001	0.876
0.001	0.001	0.899	0.099
0.703	0.109	0.095	0.093
0.001	0.001	0.997	0.001
0.001	0.001	0.997	0.001
0.001	0.001	0.997	0.001
0.001	0.001	0.085	0.913
0.902	0.096	0.001	0.001
0.001	0.899	0.001	0.099
0.079	0.919	0.001	0.001
>TGATCAGAAA	10-TGATCAGAAA	9.825841	-14.082114	0	T:26.0(20.97%),B:2821.0(7.21%),P:1e-6	Tpos:500.4,Tstd:277.7,Bpos:514.8,Bstd:302.3,StrandBias:-0.3,Multiplicity:1.04
0.001	0.066	0.001	0.932
0.214	0.001	0.784	0.001
0.944	0.001	0.001	0.054
0.194	0.001	0.213	0.592
0.001	0.888	0.110	0.001
0.955	0.001	0.001	0.043
0.048	0.001	0.899	0.052
0.997	0.001	0.001	0.001
0.997	0.001	0.001	0.001
0.997	0.001	0.001	0.001
>TTTCTAGTGC	11-TTTCTAGTGC	9.521344	-13.007265	0	T:14.0(11.29%),B:946.6(2.42%),P:1e-5	Tpos:557.6,Tstd:256.1,Bpos:503.1,Bstd:310.5,StrandBias:1.5,Multiplicity:1.64
0.326	0.001	0.115	0.558
0.099	0.114	0.001	0.786
0.117	0.001	0.001	0.881
0.075	0.736	0.188	0.001
0.001	0.291	0.075	0.633
0.901	0.097	0.001	0.001
0.001	0.001	0.983	0.015
0.001	0.001	0.001	0.997
0.001	0.018	0.930	0.051
0.051	0.864	0.084	0.001
>MAAAACGTGA	12-MAAAACGTGA	8.660851	-9.982673	0	T:53.0(42.74%),B:10228.9(26.14%),P:1e-4	Tpos:585.9,Tstd:295.7,Bpos:514.1,Bstd:311.7,StrandBias:-0.0,Multiplicity:1.30
0.336	0.455	0.029	0.180
0.817	0.001	0.029	0.153
0.923	0.001	0.075	0.001
0.951	0.047	0.001	0.001
0.859	0.052	0.047	0.042
0.126	0.746	0.034	0.094
0.031	0.098	0.707	0.164
0.117	0.134	0.001	0.748
0.103	0.063	0.833	0.001
0.996	0.001	0.001	0.002
>AGGTCACAAA	13-AGGTCACAAA	9.162127	-9.238563	0	T:15.0(12.10%),B:1510.8(3.86%),P:1e-4	Tpos:544.3,Tstd:281.3,Bpos:510.1,Bstd:303.9,StrandBias:-0.3,Multiplicity:1.20
0.997	0.001	0.001	0.001
0.001	0.001	0.997	0.001
0.036	0.097	0.864	0.003
0.064	0.079	0.001	0.856
0.001	0.913	0.001	0.085
0.997	0.001	0.001	0.001
0.041	0.893	0.065	0.001
0.697	0.301	0.001	0.001
0.866	0.132	0.001	0.001
0.581	0.001	0.145	0.273
>AAAAAATCGC	14-AAAAAATCGC	11.224138	-8.473306	0	T:28.0(22.58%),B:4358.2(11.14%),P:1e-3	Tpos:548.8,Tstd:291.7,Bpos:508.0,Bstd:347.1,StrandBias:0.1,Multiplicity:1.68
0.987	0.011	0.001	0.001
0.997	0.001	0.001	0.001
0.784	0.214	0.001	0.001
0.884	0.001	0.001	0.114
0.941	0.001	0.057	0.001
0.997	0.001	0.001	0.001
0.001	0.001	0.001	0.997
0.001	0.704	0.294	0.001
0.001	0.244	0.754	0.001
0.225	0.773	0.001	0.001
>TTTCGAGCTC	15-TTTCGAGCTC	8.350283	-5.498740	0	T:18.0(14.52%),B:2859.1(7.31%),P:1e-2	Tpos:460.2,Tstd:334.4,Bpos:494.5,Bstd:320.3,StrandBias:0.1,Multiplicity:1.11
0.100	0.100	0.100	0.700
0.100	0.100	0.100	0.700
0.100	0.100	0.100	0.700
0.100	0.700	0.100	0.100
0.100	0.100	0.700	0.100
0.700	0.100	0.100	0.100
0.100	0.100	0.700	0.100
0.100	0.700	0.100	0.100
0.100	0.100	0.100	0.700
0.100	0.700	0.100	0.100
