>CGTCATCC	1-CGTCATCC	7.078894	-13.820779	0	T:32.0(25.81%),B:4065.5(10.39%),P:1e-6	Tpos:408.5,Tstd:321.5,Bpos:502.4,Bstd:304.6,StrandBias:0.1,Multiplicity:1.34
0.001	0.925	0.073	0.001
0.001	0.062	0.936	0.001
0.001	0.022	0.001	0.976
0.001	0.889	0.109	0.001
0.997	0.001	0.001	0.001
0.001	0.001	0.073	0.925
0.054	0.944	0.001	0.001
0.001	0.484	0.277	0.238
>CTGAGCCC	2-CTGAGCCC	8.200738	-12.059053	0	T:17.0(13.71%),B:1495.0(3.82%),P:1e-5	Tpos:512.1,Tstd:252.5,Bpos:489.1,Bstd:312.9,StrandBias:-1.0,Multiplicity:1.24
0.081	0.917	0.001	0.001
0.001	0.001	0.001	0.997
0.001	0.037	0.961	0.001
0.861	0.001	0.001	0.137
0.001	0.001	0.972	0.026
0.342	0.656	0.001	0.001
0.001	0.942	0.001	0.056
0.201	0.769	0.029	0.001
>ACCATAGT	3-ACCATAGT	8.408304	-10.883061	0	T:19.0(15.32%),B:1996.0(5.10%),P:1e-4	Tpos:502.2,Tstd:317.1,Bpos:505.6,Bstd:288.0,StrandBias:0.1,Multiplicity:1.21
0.997	0.001	0.001	0.001
0.001	0.877	0.121	0.001
0.001	0.997	0.001	0.001
0.997	0.001	0.001	0.001
0.001	0.001	0.001	0.997
0.898	0.001	0.001	0.100
0.001	0.001	0.997	0.001
0.001	0.206	0.001	0.792
>TATGAATA	4-TATGAATA	10.550128	-8.629588	0	T:20.0(16.13%),B:2571.0(6.57%),P:1e-3	Tpos:469.9,Tstd:294.4,Bpos:499.5,Bstd:285.6,StrandBias:-0.4,Multiplicity:1.05
0.282	0.001	0.122	0.595
0.997	0.001	0.001	0.001
0.001	0.001	0.001	0.997
0.001	0.001	0.997	0.001
0.997	0.001	0.001	0.001
0.997	0.001	0.001	0.001
0.001	0.001	0.001	0.997
0.997	0.001	0.001	0.001
>TCGATTTT	5-TCGATTTT	9.080449	-6.661764	0	T:54.0(43.55%),B:11865.2(30.32%),P:1e-2	Tpos:556.9,Tstd:281.4,Bpos:513.8,Bstd:343.0,StrandBias:0.1,Multiplicity:1.83
0.001	0.001	0.181	0.817
0.001	0.997	0.001	0.001
0.001	0.001	0.997	0.001
0.997	0.001	0.001	0.001
0.001	0.001	0.001	0.997
0.001	0.001	0.001	0.997
0.001	0.001	0.167	0.831
0.001	0.001	0.001	0.997
>TCTAGTGC	6-TCTAGTGC	8.627025	-4.989762	0	T:9.0(7.26%),B:1056.5(2.70%),P:1e-2	Tpos:595.4,Tstd:263.6,Bpos:499.7,Bstd:290.8,StrandBias:1.8,Multiplicity:1.89
0.100	0.001	0.001	0.898
0.001	0.867	0.131	0.001
0.001	0.001	0.001	0.997
0.997	0.001	0.001	0.001
0.001	0.001	0.997	0.001
0.001	0.001	0.001	0.997
0.001	0.001	0.997	0.001
0.001	0.997	0.001	0.001
