>AATTTCTTAGCT	1-AATTTCTTAGCT	12.630455	-24.746122	0	T:10.0(8.06%),B:124.6(0.32%),P:1e-10	Tpos:453.9,Tstd:245.3,Bpos:501.9,Bstd:286.8,StrandBias:-0.6,Multiplicity:1.00
0.732	0.001	0.001	0.266
0.839	0.001	0.159	0.001
0.001	0.001	0.001	0.997
0.001	0.001	0.001	0.997
0.001	0.001	0.001	0.997
0.106	0.892	0.001	0.001
0.292	0.139	0.001	0.568
0.001	0.001	0.001	0.997
0.835	0.001	0.163	0.001
0.001	0.001	0.997	0.001
0.001	0.997	0.001	0.001
0.001	0.001	0.265	0.733
>ATTGTTCTCGTT	2-ATTGTTCTCGTT	13.212663	-23.234582	0	T:10.0(8.06%),B:146.4(0.37%),P:1e-10	Tpos:701.2,Tstd:271.6,Bpos:520.1,Bstd:307.7,StrandBias:-0.6,Multiplicity:1.00
0.899	0.001	0.001	0.099
0.103	0.001	0.001	0.895
0.001	0.001	0.001	0.997
0.001	0.001	0.954	0.044
0.001	0.143	0.001	0.855
0.001	0.001	0.001	0.997
0.001	0.997	0.001	0.001
0.130	0.001	0.001	0.868
0.092	0.826	0.001	0.081
0.001	0.001	0.918	0.080
0.121	0.001	0.001	0.877
0.001	0.001	0.001	0.997
>AGGCTCAAAATT	3-AGGCTCAAAATT	13.137651	-22.562508	0	T:10.0(8.06%),B:157.3(0.40%),P:1e-9	Tpos:566.8,Tstd:185.5,Bpos:488.2,Bstd:286.8,StrandBias:0.0,Multiplicity:1.00
0.868	0.073	0.001	0.058
0.001	0.001	0.997	0.001
0.001	0.001	0.997	0.001
0.001	0.997	0.001	0.001
0.001	0.001	0.156	0.842
0.070	0.846	0.001	0.083
0.870	0.001	0.128	0.001
0.875	0.001	0.123	0.001
0.863	0.001	0.001	0.135
0.997	0.001	0.001	0.001
0.001	0.001	0.001	0.997
0.084	0.001	0.001	0.914
>TTTGCGCGATAT	4-TTTGCGCGATAT	14.078233	-22.373243	0	T:6.0(4.84%),B:20.3(0.05%),P:1e-9	Tpos:522.8,Tstd:377.2,Bpos:539.1,Bstd:338.7,StrandBias:-1.0,Multiplicity:1.00
0.167	0.001	0.001	0.831
0.001	0.001	0.001	0.997
0.001	0.001	0.001	0.997
0.001	0.001	0.837	0.161
0.001	0.997	0.001	0.001
0.001	0.001	0.997	0.001
0.001	0.785	0.213	0.001
0.001	0.001	0.997	0.001
0.997	0.001	0.001	0.001
0.001	0.242	0.001	0.756
0.997	0.001	0.001	0.001
0.001	0.001	0.001	0.997
>CAGTTGCTTCTG	5-CAGTTGCTTCTG	11.000848	-20.005115	0	T:12.0(9.68%),B:351.8(0.90%),P:1e-8	Tpos:577.3,Tstd:338.5,Bpos:474.6,Bstd:303.1,StrandBias:-0.5,Multiplicity:1.00
0.054	0.870	0.001	0.075
0.708	0.098	0.001	0.193
0.090	0.121	0.643	0.146
0.003	0.001	0.120	0.876
0.001	0.001	0.001	0.997
0.001	0.001	0.902	0.096
0.087	0.566	0.001	0.346
0.001	0.001	0.001	0.997
0.001	0.001	0.001	0.997
0.087	0.698	0.106	0.109
0.001	0.106	0.080	0.813
0.001	0.001	0.945	0.053
>GAAACGCGCCAG	6-GAAACGCGCCAG	13.244591	-19.466613	0	T:8.0(6.45%),B:107.3(0.27%),P:1e-8	Tpos:734.1,Tstd:95.0,Bpos:676.9,Bstd:284.3,StrandBias:-0.3,Multiplicity:1.12
0.001	0.001	0.997	0.001
0.780	0.001	0.001	0.218
0.997	0.001	0.001	0.001
0.750	0.001	0.248	0.001
0.001	0.997	0.001	0.001
0.001	0.001	0.997	0.001
0.001	0.997	0.001	0.001
0.001	0.001	0.997	0.001
0.249	0.648	0.001	0.102
0.001	0.997	0.001	0.001
0.997	0.001	0.001	0.001
0.091	0.001	0.907	0.001
>GGAGAAGAGAGA	7-GGAGAAGAGAGA	10.330276	-18.992418	0	T:20.0(16.13%),B:1290.8(3.30%),P:1e-8	Tpos:572.7,Tstd:341.9,Bpos:551.9,Bstd:310.5,StrandBias:-0.8,Multiplicity:1.10
0.059	0.185	0.755	0.001
0.202	0.152	0.519	0.127
0.783	0.001	0.169	0.047
0.132	0.001	0.866	0.001
0.929	0.001	0.069	0.001
0.945	0.001	0.053	0.001
0.035	0.001	0.963	0.001
0.946	0.001	0.001	0.052
0.004	0.096	0.746	0.154
0.997	0.001	0.001	0.001
0.028	0.070	0.807	0.095
0.788	0.001	0.210	0.001
>AATTTATGCATA	8-AATTTATGCATA	13.175348	-18.847474	0	T:10.0(8.06%),B:235.3(0.60%),P:1e-8	Tpos:506.1,Tstd:274.9,Bpos:510.0,Bstd:291.9,StrandBias:-0.3,Multiplicity:1.00
0.997	0.001	0.001	0.001
0.997	0.001	0.001	0.001
0.001	0.001	0.001	0.997
0.001	0.001	0.117	0.881
0.112	0.001	0.001	0.886
0.899	0.001	0.099	0.001
0.001	0.001	0.001	0.997
0.001	0.001	0.920	0.078
0.159	0.839	0.001	0.001
0.760	0.126	0.001	0.113
0.001	0.084	0.001	0.914
0.997	0.001	0.001	0.001
>TTTCCTCAGAAA	9-TTTCCTCAGAAA	13.009580	-17.880760	0	T:11.0(8.87%),B:340.4(0.87%),P:1e-7	Tpos:499.5,Tstd:256.4,Bpos:519.8,Bstd:333.1,StrandBias:-0.5,Multiplicity:1.09
0.001	0.001	0.001	0.997
0.001	0.001	0.001	0.997
0.001	0.001	0.001	0.997
0.001	0.963	0.001	0.035
0.060	0.824	0.001	0.115
0.070	0.001	0.001	0.928
0.001	0.997	0.001	0.001
0.755	0.088	0.102	0.055
0.001	0.001	0.919	0.079
0.835	0.001	0.163	0.001
0.997	0.001	0.001	0.001
0.870	0.001	0.001	0.128
>TAAACTCAAATT	10-TAAACTCAAATT	13.039308	-15.990538	0	T:13.0(10.48%),B:618.2(1.58%),P:1e-6	Tpos:493.4,Tstd:282.6,Bpos:498.4,Bstd:303.3,StrandBias:0.2,Multiplicity:1.15
0.110	0.001	0.094	0.795
0.997	0.001	0.001	0.001
0.997	0.001	0.001	0.001
0.843	0.001	0.155	0.001
0.223	0.745	0.001	0.031
0.001	0.001	0.001	0.997
0.066	0.857	0.076	0.001
0.850	0.001	0.001	0.148
0.997	0.001	0.001	0.001
0.997	0.001	0.001	0.001
0.001	0.001	0.001	0.997
0.001	0.001	0.001	0.997
>TGGAGAATACTC	11-TGGAGAATACTC	13.761161	-15.971695	0	T:6.0(4.84%),B:66.7(0.17%),P:1e-6	Tpos:496.3,Tstd:258.3,Bpos:428.2,Bstd:254.8,StrandBias:-1.0,Multiplicity:1.00
0.001	0.001	0.001	0.997
0.001	0.161	0.837	0.001
0.001	0.001	0.997	0.001
0.997	0.001	0.001	0.001
0.142	0.001	0.856	0.001
0.837	0.001	0.161	0.001
0.997	0.001	0.001	0.001
0.001	0.001	0.001	0.997
0.788	0.210	0.001	0.001
0.001	0.876	0.001	0.122
0.001	0.001	0.001	0.997
0.001	0.997	0.001	0.001
>CGTATTCTTATT	12-CGTATTCTTATT	10.192304	-15.808035	0	T:20.0(16.13%),B:1571.2(4.01%),P:1e-6	Tpos:621.3,Tstd:292.5,Bpos:547.3,Bstd:301.9,StrandBias:0.4,Multiplicity:1.15
0.059	0.798	0.001	0.142
0.048	0.001	0.732	0.219
0.062	0.001	0.203	0.734
0.820	0.118	0.001	0.061
0.115	0.001	0.001	0.883
0.001	0.001	0.001	0.997
0.063	0.740	0.079	0.118
0.044	0.062	0.001	0.893
0.037	0.001	0.108	0.854
0.816	0.112	0.049	0.023
0.001	0.003	0.078	0.918
0.112	0.062	0.001	0.825
>KCAAATTKCGTC	13-KCAAATTKCGTC	9.699375	-15.747598	0	T:21.0(16.94%),B:1734.5(4.43%),P:1e-6	Tpos:404.5,Tstd:269.0,Bpos:495.9,Bstd:314.9,StrandBias:1.2,Multiplicity:1.05
0.001	0.175	0.448	0.376
0.001	0.593	0.405	0.001
0.895	0.103	0.001	0.001
0.997	0.001	0.001	0.001
0.997	0.001	0.001	0.001
0.133	0.001	0.001	0.865
0.001	0.207	0.091	0.701
0.235	0.001	0.308	0.455
0.001	0.763	0.001	0.235
0.040	0.001	0.929	0.030
0.001	0.247	0.001	0.751
0.174	0.824	0.001	0.001
>TCAAAGTCCGAA	14-TCAAAGTCCGAA	13.872795	-15.567497	0	T:6.0(4.84%),B:71.5(0.18%),P:1e-6	Tpos:537.4,Tstd:137.7,Bpos:433.8,Bstd:301.7,StrandBias:-1.3,Multiplicity:1.17
0.001	0.001	0.001	0.997
0.001	0.997	0.001	0.001
0.997	0.001	0.001	0.001
0.997	0.001	0.001	0.001
0.997	0.001	0.001	0.001
0.161	0.001	0.837	0.001
0.001	0.001	0.001	0.997
0.001	0.997	0.001	0.001
0.177	0.404	0.232	0.187
0.001	0.001	0.997	0.001
0.997	0.001	0.001	0.001
0.997	0.001	0.001	0.001
>TACMSRCAWCCC	15-TACMSRCAWCCC	13.841963	-14.999364	0	T:3.0(2.42%),B:2.5(0.01%),P:1e-6	Tpos:252.7,Tstd:84.1,Bpos:834.0,Bstd:50.7,StrandBias:1.0,Multiplicity:1.00
0.001	0.001	0.001	0.997
0.997	0.001	0.001	0.001
0.001	0.997	0.001	0.001
0.480	0.518	0.001	0.001
0.018	0.521	0.460	0.001
0.460	0.001	0.538	0.001
0.001	0.997	0.001	0.001
0.997	0.001	0.001	0.001
0.538	0.001	0.001	0.460
0.001	0.997	0.001	0.001
0.001	0.997	0.001	0.001
0.020	0.978	0.001	0.001
>TTGTTCTAGAAA	16-TTGTTCTAGAAA	13.399488	-13.588977	0	T:10.0(8.06%),B:422.6(1.08%),P:1e-5	Tpos:567.2,Tstd:186.5,Bpos:508.1,Bstd:303.3,StrandBias:0.2,Multiplicity:1.20
0.107	0.001	0.001	0.891
0.001	0.001	0.001	0.997
0.001	0.086	0.694	0.219
0.001	0.001	0.001	0.997
0.001	0.001	0.001	0.997
0.120	0.878	0.001	0.001
0.001	0.001	0.120	0.878
0.900	0.001	0.098	0.001
0.001	0.141	0.857	0.001
0.997	0.001	0.001	0.001
0.997	0.001	0.001	0.001
0.997	0.001	0.001	0.001
>TTTTTTGCCTTG	17-TTTTTTGCCTTG	12.355432	-12.880386	0	T:3.0(2.42%),B:7.0(0.02%),P:1e-5	Tpos:695.7,Tstd:145.3,Bpos:588.9,Bstd:220.8,StrandBias:10.0,Multiplicity:1.00
0.100	0.100	0.100	0.700
0.100	0.100	0.100	0.700
0.100	0.100	0.100	0.700
0.100	0.100	0.100	0.700
0.100	0.100	0.100	0.700
0.100	0.100	0.100	0.700
0.100	0.100	0.700	0.100
0.100	0.700	0.100	0.100
0.100	0.700	0.100	0.100
0.100	0.100	0.100	0.700
0.100	0.100	0.100	0.700
0.100	0.100	0.700	0.100
>CCGTCTCCAATC	18-CCGTCTCCAATC	11.895586	-12.706082	0	T:6.0(4.84%),B:119.4(0.31%),P:1e-5	Tpos:386.5,Tstd:264.4,Bpos:492.6,Bstd:284.9,StrandBias:2.8,Multiplicity:1.33
0.001	0.997	0.001	0.001
0.001	0.997	0.001	0.001
0.354	0.008	0.637	0.001
0.162	0.001	0.001	0.836
0.001	0.997	0.001	0.001
0.001	0.001	0.001	0.997
0.001	0.997	0.001	0.001
0.001	0.989	0.009	0.001
0.803	0.001	0.195	0.001
0.575	0.217	0.001	0.207
0.207	0.191	0.001	0.601
0.001	0.601	0.207	0.191
>KTKSGACCCMSC	19-KTKSGACCCMSC	10.097823	-12.585002	0	T:5.0(4.03%),B:67.9(0.17%),P:1e-5	Tpos:417.1,Tstd:300.1,Bpos:505.0,Bstd:317.8,StrandBias:1.6,Multiplicity:1.40
0.001	0.001	0.538	0.460
0.001	0.001	0.001	0.997
0.001	0.001	0.460	0.538
0.001	0.502	0.463	0.034
0.001	0.001	0.997	0.001
0.997	0.001	0.001	0.001
0.044	0.954	0.001	0.001
0.001	0.997	0.001	0.001
0.001	0.997	0.001	0.001
0.498	0.500	0.001	0.001
0.001	0.500	0.498	0.001
0.001	0.997	0.001	0.001
>GACAAAATTCTG	20-GACAAAATTCTG	11.575617	-11.849920	0	T:6.0(4.84%),B:139.4(0.36%),P:1e-5	Tpos:564.4,Tstd:280.7,Bpos:508.7,Bstd:305.8,StrandBias:0.4,Multiplicity:1.17
0.001	0.001	0.776	0.222
0.997	0.001	0.001	0.001
0.001	0.977	0.021	0.001
0.607	0.391	0.001	0.001
0.997	0.001	0.001	0.001
0.997	0.001	0.001	0.001
0.703	0.001	0.001	0.295
0.001	0.001	0.001	0.997
0.001	0.001	0.001	0.997
0.001	0.997	0.001	0.001
0.001	0.001	0.066	0.932
0.001	0.001	0.997	0.001
>ATCGATTTTTTA	21-ATCGATTTTTTA	12.949454	-11.846266	0	T:16.0(12.90%),B:1357.2(3.47%),P:1e-5	Tpos:559.5,Tstd:308.8,Bpos:535.5,Bstd:361.6,StrandBias:0.0,Multiplicity:1.50
0.901	0.065	0.001	0.033
0.001	0.001	0.001	0.997
0.060	0.919	0.001	0.020
0.001	0.001	0.997	0.001
0.997	0.001	0.001	0.001
0.112	0.001	0.001	0.886
0.068	0.001	0.001	0.930
0.001	0.001	0.001	0.997
0.001	0.001	0.001	0.997
0.001	0.065	0.001	0.933
0.033	0.056	0.137	0.774
0.716	0.047	0.001	0.236
>GCACTRGAATCK	22-GCACTRGAATCK	10.959156	-11.747890	0	T:8.0(6.45%),B:308.2(0.79%),P:1e-5	Tpos:646.7,Tstd:169.8,Bpos:484.9,Bstd:283.9,StrandBias:-2.0,Multiplicity:1.88
0.001	0.001	0.785	0.213
0.001	0.997	0.001	0.001
0.997	0.001	0.001	0.001
0.001	0.997	0.001	0.001
0.001	0.001	0.124	0.874
0.422	0.014	0.563	0.001
0.185	0.001	0.813	0.001
0.985	0.001	0.013	0.001
0.997	0.001	0.001	0.001
0.117	0.288	0.001	0.594
0.001	0.498	0.329	0.173
0.197	0.001	0.436	0.366
>AGGCCACAACAG	23-AGGCCACAACAG	12.342592	-9.864249	0	T:3.0(2.42%),B:20.8(0.05%),P:1e-4	Tpos:385.7,Tstd:254.4,Bpos:422.0,Bstd:249.5,StrandBias:2.6,Multiplicity:2.33
0.997	0.001	0.001	0.001
0.001	0.357	0.641	0.001
0.001	0.001	0.997	0.001
0.001	0.630	0.001	0.368
0.222	0.776	0.001	0.001
0.997	0.001	0.001	0.001
0.001	0.641	0.357	0.001
0.593	0.405	0.001	0.001
0.997	0.001	0.001	0.001
0.001	0.725	0.001	0.273
0.974	0.024	0.001	0.001
0.001	0.001	0.740	0.258
>GGCGGCCGTGGG	24-GGCGGCCGTGGG	8.969966	-7.137870	0	T:3.0(2.42%),B:54.6(0.14%),P:1e-3	Tpos:299.9,Tstd:193.0,Bpos:500.5,Bstd:365.0,StrandBias:1.8,Multiplicity:3.00
0.327	0.001	0.671	0.001
0.001	0.001	0.997	0.001
0.001	0.615	0.001	0.383
0.001	0.327	0.671	0.001
0.288	0.001	0.710	0.001
0.001	0.997	0.001	0.001
0.001	0.985	0.001	0.013
0.001	0.001	0.997	0.001
0.001	0.001	0.001	0.997
0.327	0.001	0.671	0.001
0.012	0.001	0.977	0.010
0.001	0.006	0.992	0.001
