>ATATAGCC	1-ATATAGCC	7.697864	-13.103564	0	T:10.0(27.78%),B:1705.8(4.31%),P:1e-5	Tpos:490.2,Tstd:278.3,Bpos:510.6,Bstd:302.3,StrandBias:0.2,Multiplicity:1.30
0.703	0.170	0.001	0.126
0.001	0.143	0.001	0.855
0.884	0.001	0.114	0.001
0.001	0.298	0.001	0.700
0.557	0.334	0.108	0.001
0.001	0.052	0.946	0.001
0.001	0.787	0.001	0.211
0.144	0.854	0.001	0.001
>TAGTCTTA	2-TAGTCTTA	6.846559	-4.791229	0	T:9.0(25.00%),B:4004.4(10.12%),P:1e-2	Tpos:368.9,Tstd:241.1,Bpos:489.6,Bstd:300.0,StrandBias:-1.7,Multiplicity:2.22
0.001	0.037	0.001	0.961
0.776	0.001	0.222	0.001
0.001	0.001	0.997	0.001
0.178	0.001	0.001	0.820
0.001	0.997	0.001	0.001
0.001	0.001	0.001	0.997
0.381	0.001	0.001	0.617
0.997	0.001	0.001	0.001
>ATCGATTT	3-ATCGATTT	9.116654	-4.293492	0	T:16.0(44.44%),B:10368.5(26.20%),P:1e-1	Tpos:490.6,Tstd:277.5,Bpos:516.4,Bstd:349.6,StrandBias:0.4,Multiplicity:2.19
0.719	0.001	0.279	0.001
0.217	0.001	0.001	0.781
0.001	0.997	0.001	0.001
0.001	0.094	0.904	0.001
0.997	0.001	0.001	0.001
0.001	0.001	0.001	0.997
0.001	0.001	0.001	0.997
0.001	0.001	0.001	0.997
>CTTGTAGT	4-CTTGTAGT	4.110115	-2.259462	0	T:7.0(19.44%),B:4463.6(11.28%),P:1e0	Tpos:307.3,Tstd:248.5,Bpos:489.6,Bstd:299.6,StrandBias:-3.0,Multiplicity:2.57
0.001	0.997	0.001	0.001
0.001	0.001	0.001	0.997
0.001	0.001	0.001	0.997
0.001	0.001	0.997	0.001
0.001	0.127	0.001	0.871
0.947	0.051	0.001	0.001
0.001	0.001	0.997	0.001
0.001	0.001	0.001	0.997
>GGCGCTGC	5-GGCGCTGC	4.345134	-1.892020	0	T:31.0(86.11%),B:30701.1(77.57%),P:1e0	Tpos:468.5,Tstd:310.2,Bpos:506.6,Bstd:317.1,StrandBias:0.7,Multiplicity:2.90
0.100	0.100	0.700	0.100
0.100	0.100	0.700	0.100
0.100	0.700	0.100	0.100
0.100	0.100	0.700	0.100
0.100	0.700	0.100	0.100
0.100	0.100	0.100	0.700
0.100	0.100	0.700	0.100
0.100	0.700	0.100	0.100
