>CATGATGTCATT	2-CATGATGTCATT,BestGuess:atf-7/MA1438.1/Jaspar(0.726)	9.636731	-25.748348	0	T:28.0(15.82%),B:1323.6(3.24%),P:1e-11
0.030	0.873	0.069	0.028
0.814	0.001	0.075	0.110
0.037	0.060	0.065	0.838
0.001	0.001	0.848	0.150
0.924	0.074	0.001	0.001
0.050	0.167	0.053	0.730
0.001	0.112	0.805	0.082
0.079	0.050	0.053	0.818
0.183	0.735	0.001	0.081
0.881	0.065	0.001	0.053
0.082	0.040	0.001	0.877
0.059	0.001	0.001	0.939
