>GCAAAACTGGGA	6-GCAAAACTGGGA,BestGuess:blmp-1/MA0537.1/Jaspar(0.540)	10.474108	-22.425535	0	T:18.0(10.17%),B:587.3(1.44%),P:1e-9
0.001	0.089	0.877	0.033
0.057	0.780	0.083	0.080
0.931	0.001	0.002	0.066
0.923	0.001	0.075	0.001
0.923	0.075	0.001	0.001
0.751	0.066	0.001	0.182
0.031	0.806	0.001	0.162
0.179	0.001	0.100	0.720
0.001	0.001	0.899	0.099
0.038	0.112	0.783	0.067
0.051	0.212	0.701	0.036
0.918	0.053	0.001	0.028
