>TGASTTTKAAGT	8-TGASTTTKAAGT,BestGuess:ceh-22/MA0264.1/Jaspar(0.621)	9.930470	-20.702070	0	T:17.0(9.60%),B:575.0(1.41%),P:1e-8
0.144	0.024	0.270	0.562
0.220	0.181	0.544	0.055
0.890	0.051	0.027	0.032
0.082	0.429	0.376	0.114
0.099	0.102	0.061	0.738
0.022	0.179	0.173	0.626
0.037	0.030	0.055	0.878
0.030	0.052	0.472	0.447
0.533	0.228	0.040	0.199
0.862	0.026	0.026	0.086
0.347	0.060	0.546	0.047
0.067	0.029	0.113	0.791
