>AGTATGACTCAT	1-ATGAGTCATACT	9.578594	-29.037686	0	T:31.0(12.02%),B:966.9(2.35%),P:1e-12
0.838	0.047	0.085	0.030
0.095	0.058	0.702	0.145
0.094	0.001	0.184	0.721
0.802	0.001	0.133	0.064
0.001	0.039	0.139	0.821
0.001	0.001	0.962	0.036
0.962	0.036	0.001	0.001
0.080	0.777	0.064	0.079
0.029	0.001	0.002	0.968
0.108	0.695	0.029	0.168
0.920	0.042	0.037	0.001
0.089	0.002	0.072	0.837
