>TATGAACVGTTT	14-TATGAACVGTTT,BestGuess:MF0009.1_TRP(MYB)_class/Jaspar(0.578)	10.259560	-18.080401	0	T:19.0(7.36%),B:596.1(1.45%),P:1e-7
0.294	0.071	0.049	0.586
0.613	0.038	0.050	0.299
0.274	0.010	0.013	0.703
0.196	0.225	0.562	0.017
0.726	0.001	0.034	0.239
0.722	0.038	0.049	0.191
0.214	0.680	0.063	0.043
0.305	0.323	0.299	0.074
0.051	0.060	0.806	0.083
0.052	0.055	0.022	0.871
0.218	0.029	0.007	0.746
0.066	0.037	0.019	0.878
