>TTTTGCCTAKRT	21-TTTTGCCTAKRT	10.857425	-12.111264	0	T:12.0(4.65%),B:368.3(0.89%),P:1e-5
0.305	0.001	0.116	0.578
0.413	0.001	0.001	0.585
0.001	0.001	0.051	0.947
0.001	0.069	0.069	0.861
0.001	0.137	0.861	0.001
0.001	0.580	0.001	0.418
0.125	0.873	0.001	0.001
0.042	0.069	0.001	0.888
0.787	0.069	0.034	0.110
0.011	0.038	0.425	0.526
0.522	0.001	0.476	0.001
0.051	0.001	0.001	0.947
