>AAACBGTTCATA	14-TATGAACVGTTT	10.259560	-18.080401	0	T:19.0(7.36%),B:596.1(1.45%),P:1e-7
0.878	0.019	0.037	0.066
0.746	0.007	0.029	0.218
0.871	0.022	0.055	0.052
0.083	0.806	0.060	0.051
0.074	0.299	0.323	0.305
0.043	0.063	0.680	0.214
0.191	0.049	0.038	0.722
0.239	0.034	0.001	0.726
0.017	0.562	0.225	0.196
0.703	0.013	0.010	0.274
0.299	0.050	0.038	0.613
0.586	0.049	0.071	0.294
