>GCACTCTCGT	1-GCACTCTCGT	8.793336	-25.294239	0	T:14.0(9.52%),B:299.3(0.74%),P:1e-10	Tpos:552.9,Tstd:340.3,Bpos:508.2,Bstd:314.2,StrandBias:1.9,Multiplicity:1.00
0.070	0.080	0.849	0.001
0.001	0.997	0.001	0.001
0.997	0.001	0.001	0.001
0.001	0.997	0.001	0.001
0.001	0.001	0.001	0.997
0.104	0.894	0.001	0.001
0.107	0.096	0.001	0.796
0.096	0.734	0.110	0.060
0.001	0.001	0.997	0.001
0.096	0.001	0.094	0.809
>CCAGTCTATT	2-CCAGTCTATT	7.646491	-24.938569	0	T:28.0(19.05%),B:1662.6(4.11%),P:1e-10	Tpos:512.5,Tstd:305.5,Bpos:521.4,Bstd:304.9,StrandBias:0.5,Multiplicity:1.11
0.193	0.598	0.050	0.159
0.180	0.682	0.077	0.061
0.668	0.031	0.047	0.254
0.029	0.226	0.628	0.117
0.037	0.159	0.224	0.580
0.046	0.597	0.029	0.328
0.047	0.059	0.201	0.693
0.570	0.198	0.183	0.049
0.026	0.215	0.042	0.717
0.038	0.264	0.027	0.671
>GTATCGTATA	3-GTATCGTATA	9.954012	-19.849044	0	T:15.0(10.20%),B:547.9(1.35%),P:1e-8	Tpos:539.1,Tstd:308.5,Bpos:512.2,Bstd:300.4,StrandBias:0.2,Multiplicity:1.00
0.059	0.106	0.692	0.143
0.065	0.001	0.001	0.933
0.905	0.093	0.001	0.001
0.001	0.001	0.001	0.997
0.050	0.899	0.001	0.050
0.066	0.001	0.932	0.001
0.001	0.001	0.099	0.899
0.997	0.001	0.001	0.001
0.001	0.001	0.001	0.997
0.827	0.077	0.095	0.001
>GTGGTTTGTK	4-GTGGTTTGTK	10.213480	-18.972232	0	T:15.0(10.20%),B:585.7(1.45%),P:1e-8	Tpos:636.5,Tstd:272.7,Bpos:541.3,Bstd:309.6,StrandBias:-0.4,Multiplicity:1.00
0.001	0.091	0.905	0.003
0.059	0.001	0.197	0.743
0.001	0.001	0.959	0.039
0.039	0.205	0.755	0.001
0.062	0.001	0.001	0.936
0.001	0.001	0.158	0.840
0.070	0.001	0.001	0.928
0.072	0.001	0.926	0.001
0.034	0.001	0.001	0.964
0.001	0.001	0.436	0.562
>CTAGGATCTC	5-CTAGGATCTC	10.025806	-18.895036	0	T:13.0(8.84%),B:414.1(1.02%),P:1e-8	Tpos:398.0,Tstd:256.8,Bpos:448.9,Bstd:303.6,StrandBias:-1.0,Multiplicity:1.15
0.001	0.997	0.001	0.001
0.056	0.001	0.001	0.942
0.937	0.001	0.001	0.061
0.001	0.001	0.997	0.001
0.062	0.066	0.871	0.001
0.881	0.063	0.001	0.055
0.001	0.001	0.084	0.914
0.001	0.852	0.101	0.046
0.088	0.001	0.001	0.910
0.166	0.760	0.001	0.073
>TTTGTGACTT	6-TTTGTGACTT	9.639826	-16.671797	0	T:21.0(14.29%),B:1414.6(3.50%),P:1e-7	Tpos:714.0,Tstd:227.8,Bpos:526.8,Bstd:298.1,StrandBias:0.7,Multiplicity:1.30
0.001	0.001	0.001	0.997
0.078	0.001	0.001	0.920
0.001	0.001	0.001	0.997
0.001	0.066	0.932	0.001
0.001	0.001	0.001	0.997
0.001	0.001	0.997	0.001
0.882	0.001	0.001	0.116
0.001	0.997	0.001	0.001
0.001	0.001	0.001	0.997
0.042	0.062	0.150	0.746
>CTCACTAATT	7-CTCACTAATT	10.774355	-14.587532	0	T:16.0(10.88%),B:945.2(2.34%),P:1e-6	Tpos:430.5,Tstd:297.6,Bpos:527.9,Bstd:303.7,StrandBias:0.0,Multiplicity:1.38
0.001	0.997	0.001	0.001
0.001	0.001	0.001	0.997
0.086	0.791	0.122	0.001
0.997	0.001	0.001	0.001
0.302	0.493	0.001	0.204
0.001	0.001	0.063	0.935
0.997	0.001	0.001	0.001
0.825	0.001	0.001	0.173
0.001	0.001	0.001	0.997
0.001	0.001	0.001	0.997
>TGGGTAAAAC	8-TGGGTAAAAC	9.788900	-14.199070	0	T:14.0(9.52%),B:738.3(1.82%),P:1e-6	Tpos:387.9,Tstd:213.3,Bpos:512.7,Bstd:303.1,StrandBias:-1.1,Multiplicity:1.14
0.062	0.001	0.001	0.936
0.043	0.057	0.899	0.001
0.032	0.001	0.940	0.027
0.043	0.001	0.915	0.041
0.001	0.043	0.001	0.955
0.825	0.076	0.040	0.059
0.867	0.001	0.076	0.056
0.997	0.001	0.001	0.001
0.799	0.101	0.099	0.001
0.025	0.919	0.055	0.001
>TAGCCAACTT	9-TAGCCAACTT	7.844577	-13.662461	0	T:19.0(12.93%),B:1416.5(3.50%),P:1e-5	Tpos:532.6,Tstd:224.6,Bpos:482.0,Bstd:287.0,StrandBias:0.3,Multiplicity:1.16
0.250	0.048	0.040	0.662
0.658	0.199	0.033	0.110
0.186	0.005	0.642	0.167
0.152	0.585	0.016	0.247
0.055	0.565	0.208	0.172
0.868	0.051	0.020	0.061
0.612	0.058	0.264	0.066
0.201	0.604	0.070	0.125
0.254	0.036	0.230	0.480
0.072	0.032	0.051	0.845
>TCGGCGTAGA	10-TCGGCGTAGA	7.501257	-13.637887	0	T:23.0(15.65%),B:2010.4(4.97%),P:1e-5	Tpos:436.8,Tstd:244.9,Bpos:480.9,Bstd:311.3,StrandBias:-1.0,Multiplicity:1.17
0.033	0.001	0.068	0.898
0.225	0.661	0.041	0.073
0.058	0.042	0.858	0.042
0.194	0.069	0.579	0.158
0.014	0.984	0.001	0.001
0.037	0.142	0.818	0.003
0.001	0.040	0.104	0.855
0.857	0.041	0.036	0.066
0.037	0.142	0.671	0.150
0.802	0.001	0.127	0.070
>GCCAGCACTT	11-GCCAGCACTT	10.757257	-13.474708	0	T:7.0(4.76%),B:144.5(0.36%),P:1e-5	Tpos:318.2,Tstd:200.8,Bpos:531.7,Bstd:297.2,StrandBias:2.3,Multiplicity:1.71
0.001	0.109	0.889	0.001
0.085	0.913	0.001	0.001
0.001	0.997	0.001	0.001
0.878	0.001	0.120	0.001
0.001	0.001	0.997	0.001
0.001	0.997	0.001	0.001
0.997	0.001	0.001	0.001
0.001	0.934	0.001	0.064
0.001	0.001	0.001	0.997
0.001	0.001	0.001	0.997
>TSTTGWACTA	12-TSTTGWACTA	8.701358	-12.887120	0	T:30.0(20.41%),B:3289.3(8.13%),P:1e-5	Tpos:470.8,Tstd:309.1,Bpos:502.1,Bstd:314.2,StrandBias:-0.6,Multiplicity:1.27
0.001	0.131	0.001	0.867
0.001	0.490	0.508	0.001
0.157	0.001	0.001	0.841
0.077	0.008	0.240	0.675
0.001	0.001	0.828	0.170
0.492	0.008	0.001	0.499
0.581	0.001	0.001	0.417
0.136	0.741	0.122	0.001
0.001	0.003	0.222	0.774
0.938	0.001	0.001	0.060
>GCGTCGTTAA	13-GCGTCGTTAA	11.123978	-11.633577	0	T:4.0(2.72%),B:32.1(0.08%),P:1e-5	Tpos:416.0,Tstd:256.3,Bpos:485.0,Bstd:296.2,StrandBias:-3.0,Multiplicity:2.25
0.001	0.001	0.997	0.001
0.287	0.711	0.001	0.001
0.001	0.001	0.997	0.001
0.001	0.307	0.001	0.691
0.001	0.678	0.320	0.001
0.001	0.001	0.990	0.008
0.287	0.001	0.001	0.711
0.001	0.001	0.001	0.997
0.997	0.001	0.001	0.001
0.628	0.370	0.001	0.001
>GTGTGTGTTT	14-GTGTGTGTTT	9.023328	-9.428915	0	T:28.0(19.05%),B:3554.2(8.78%),P:1e-4	Tpos:603.8,Tstd:267.6,Bpos:532.1,Bstd:319.8,StrandBias:-0.3,Multiplicity:1.11
0.001	0.033	0.965	0.001
0.001	0.067	0.001	0.931
0.145	0.001	0.755	0.099
0.039	0.001	0.001	0.959
0.024	0.001	0.974	0.001
0.034	0.001	0.001	0.964
0.024	0.045	0.878	0.053
0.001	0.049	0.001	0.949
0.001	0.001	0.345	0.653
0.001	0.001	0.032	0.966
>TGGAGYATCG	15-TGGAGYATCG	10.138555	-8.846980	0	T:8.0(5.44%),B:407.4(1.01%),P:1e-3	Tpos:375.3,Tstd:260.6,Bpos:464.0,Bstd:293.2,StrandBias:0.2,Multiplicity:1.62
0.145	0.001	0.001	0.853
0.001	0.001	0.997	0.001
0.001	0.203	0.795	0.001
0.997	0.001	0.001	0.001
0.001	0.001	0.997	0.001
0.001	0.525	0.001	0.473
0.664	0.334	0.001	0.001
0.001	0.001	0.001	0.997
0.115	0.722	0.162	0.001
0.001	0.001	0.997	0.001
>CCAVAGCATC	16-CCAVAGCATC	11.506764	-8.524373	0	T:5.0(3.40%),B:141.5(0.35%),P:1e-3	Tpos:283.0,Tstd:138.1,Bpos:497.5,Bstd:296.0,StrandBias:2.0,Multiplicity:1.00
0.001	0.997	0.001	0.001
0.001	0.997	0.001	0.001
0.997	0.001	0.001	0.001
0.282	0.429	0.289	0.001
0.997	0.001	0.001	0.001
0.001	0.001	0.997	0.001
0.001	0.865	0.001	0.133
0.997	0.001	0.001	0.001
0.001	0.001	0.288	0.710
0.001	0.903	0.001	0.095
>CCTCCCAGTA	17-CCTCCCAGTA	11.518621	-5.955415	0	T:3.0(2.04%),B:72.9(0.18%),P:1e-2	Tpos:394.7,Tstd:229.4,Bpos:513.9,Bstd:287.0,StrandBias:10.0,Multiplicity:2.33
0.001	0.997	0.001	0.001
0.001	0.997	0.001	0.001
0.001	0.001	0.001	0.997
0.001	0.848	0.001	0.150
0.001	0.862	0.001	0.136
0.001	0.997	0.001	0.001
0.997	0.001	0.001	0.001
0.001	0.001	0.997	0.001
0.001	0.001	0.001	0.997
0.864	0.001	0.134	0.001
>ATCCTGGATA	18-ATCCTGGATA	11.578269	-5.844073	0	T:3.0(2.04%),B:75.8(0.19%),P:1e-2	Tpos:430.1,Tstd:252.5,Bpos:467.2,Bstd:310.2,StrandBias:-2.8,Multiplicity:2.33
0.997	0.001	0.001	0.001
0.001	0.001	0.001	0.997
0.001	0.997	0.001	0.001
0.001	0.997	0.001	0.001
0.157	0.001	0.001	0.841
0.124	0.001	0.874	0.001
0.001	0.001	0.997	0.001
0.997	0.001	0.001	0.001
0.001	0.001	0.001	0.997
0.997	0.001	0.001	0.001
>TCCTTGAGGG	19-TCCTTGAGGG	11.782377	-5.376711	0	T:2.0(1.36%),B:26.3(0.06%),P:1e-2	Tpos:253.9,Tstd:149.3,Bpos:530.2,Bstd:240.6,StrandBias:-10.0,Multiplicity:3.50
0.001	0.001	0.001	0.997
0.001	0.847	0.151	0.001
0.001	0.997	0.001	0.001
0.001	0.001	0.001	0.997
0.151	0.001	0.001	0.847
0.001	0.001	0.997	0.001
0.997	0.001	0.001	0.001
0.001	0.001	0.997	0.001
0.001	0.001	0.997	0.001
0.001	0.001	0.997	0.001
>GAAACTCCAT	20-GAAACTCCAT	8.986721	-5.195611	0	T:4.0(2.72%),B:190.9(0.47%),P:1e-2	Tpos:397.9,Tstd:298.7,Bpos:508.4,Bstd:289.5,StrandBias:-1.6,Multiplicity:3.00
0.043	0.102	0.737	0.118
0.663	0.090	0.103	0.144
0.554	0.159	0.155	0.132
0.588	0.169	0.140	0.103
0.071	0.780	0.123	0.026
0.066	0.102	0.086	0.746
0.080	0.758	0.122	0.040
0.028	0.791	0.104	0.077
0.712	0.127	0.091	0.070
0.122	0.115	0.091	0.672
>ACCAGTGCAC	21-ACCAGTGCAC	11.380369	-5.176662	0	T:2.0(1.36%),B:29.6(0.07%),P:1e-2	Tpos:334.9,Tstd:243.5,Bpos:440.6,Bstd:274.6,StrandBias:-3.0,Multiplicity:4.50
0.997	0.001	0.001	0.001
0.001	0.997	0.001	0.001
0.001	0.997	0.001	0.001
0.930	0.001	0.001	0.068
0.001	0.092	0.906	0.001
0.001	0.001	0.001	0.997
0.001	0.001	0.997	0.001
0.001	0.997	0.001	0.001
0.997	0.001	0.001	0.001
0.001	0.997	0.001	0.001
>GGATACCGTG	22-GGATACCGTG	13.325076	-3.554663	0	T:1.0(0.68%),B:7.5(0.02%),P:1e-1	Tpos:238.0,Tstd:131.5,Bpos:537.6,Bstd:277.9,StrandBias:-10.0,Multiplicity:5.00
0.001	0.001	0.997	0.001
0.001	0.001	0.997	0.001
0.997	0.001	0.001	0.001
0.001	0.001	0.001	0.997
0.997	0.001	0.001	0.001
0.001	0.997	0.001	0.001
0.001	0.600	0.001	0.398
0.001	0.001	0.997	0.001
0.001	0.001	0.001	0.997
0.001	0.001	0.997	0.001
>TTAAACTGAG	23-TTAAACTGAG	11.655535	-2.973014	0	T:2.0(1.36%),B:98.4(0.24%),P:1e-1	Tpos:325.3,Tstd:172.9,Bpos:472.7,Bstd:296.0,StrandBias:10.0,Multiplicity:5.00
0.001	0.001	0.001	0.997
0.001	0.001	0.001	0.997
0.997	0.001	0.001	0.001
0.885	0.001	0.113	0.001
0.997	0.001	0.001	0.001
0.001	0.997	0.001	0.001
0.001	0.001	0.001	0.997
0.001	0.001	0.997	0.001
0.997	0.001	0.001	0.001
0.001	0.001	0.997	0.001
>CTACTCCGAT	24-CTACTCCGAT	13.417547	-2.525373	0	T:1.0(0.68%),B:22.9(0.06%),P:1e-1	Tpos:261.5,Tstd:132.6,Bpos:500.9,Bstd:335.9,StrandBias:-10.0,Multiplicity:4.00
0.001	0.997	0.001	0.001
0.001	0.001	0.001	0.997
0.838	0.001	0.160	0.001
0.001	0.997	0.001	0.001
0.001	0.001	0.001	0.997
0.001	0.997	0.001	0.001
0.001	0.997	0.001	0.001
0.001	0.001	0.997	0.001
0.997	0.001	0.001	0.001
0.001	0.215	0.001	0.783
>GGTAACTACA	25-GGTAACTACA	10.296193	-2.272078	0	T:1.0(0.68%),B:29.6(0.07%),P:1e0	Tpos:296.5,Tstd:158.8,Bpos:457.7,Bstd:249.4,StrandBias:10.0,Multiplicity:6.00
0.100	0.100	0.700	0.100
0.100	0.100	0.700	0.100
0.100	0.100	0.100	0.700
0.700	0.100	0.100	0.100
0.700	0.100	0.100	0.100
0.100	0.700	0.100	0.100
0.100	0.100	0.100	0.700
0.700	0.100	0.100	0.100
0.100	0.700	0.100	0.100
0.700	0.100	0.100	0.100
