>TTTAAAAKCG	1-TTTAAAAKCG	8.516799	-20.969392	0	T:29.0(43.28%),B:4758.4(12.85%),P:1e-9	Tpos:558.3,Tstd:288.9,Bpos:493.2,Bstd:330.3,StrandBias:0.6,Multiplicity:1.31
0.045	0.188	0.035	0.732
0.102	0.106	0.001	0.791
0.096	0.049	0.118	0.737
0.549	0.001	0.117	0.333
0.788	0.001	0.001	0.210
0.813	0.028	0.044	0.115
0.755	0.205	0.017	0.023
0.011	0.081	0.410	0.498
0.056	0.616	0.148	0.180
0.097	0.072	0.505	0.326
>CAACTACCTA	2-CAACTACCTA	9.744519	-19.487304	0	T:10.0(14.93%),B:400.4(1.08%),P:1e-8	Tpos:478.2,Tstd:283.5,Bpos:519.5,Bstd:318.9,StrandBias:0.7,Multiplicity:1.30
0.001	0.852	0.146	0.001
0.997	0.001	0.001	0.001
0.997	0.001	0.001	0.001
0.001	0.884	0.114	0.001
0.030	0.001	0.175	0.794
0.588	0.001	0.410	0.001
0.001	0.863	0.135	0.001
0.001	0.552	0.142	0.305
0.001	0.001	0.001	0.997
0.760	0.122	0.117	0.001
>TTGCGTCACC	3-TTGCGTCACC	11.047273	-17.890289	0	T:7.0(10.45%),B:153.7(0.41%),P:1e-7	Tpos:515.0,Tstd:238.1,Bpos:515.6,Bstd:321.7,StrandBias:1.6,Multiplicity:1.14
0.001	0.188	0.001	0.810
0.001	0.001	0.001	0.997
0.001	0.001	0.841	0.157
0.001	0.997	0.001	0.001
0.001	0.001	0.997	0.001
0.176	0.001	0.001	0.822
0.001	0.997	0.001	0.001
0.816	0.001	0.182	0.001
0.001	0.865	0.001	0.133
0.001	0.997	0.001	0.001
>CCGAGACCCG	4-CCGAGACCCG	10.999489	-16.273044	0	T:6.0(8.96%),B:114.7(0.31%),P:1e-7	Tpos:550.7,Tstd:247.2,Bpos:531.1,Bstd:327.6,StrandBias:-2.3,Multiplicity:1.00
0.101	0.821	0.001	0.077
0.001	0.997	0.001	0.001
0.001	0.001	0.997	0.001
0.997	0.001	0.001	0.001
0.001	0.001	0.997	0.001
0.807	0.191	0.001	0.001
0.001	0.935	0.063	0.001
0.001	0.997	0.001	0.001
0.140	0.858	0.001	0.001
0.109	0.001	0.714	0.176
>TTCTTCGCCT	5-TTCTTCGCCT	10.226588	-15.026154	0	T:12.0(17.91%),B:1022.0(2.76%),P:1e-6	Tpos:398.5,Tstd:257.6,Bpos:530.4,Bstd:329.4,StrandBias:3.6,Multiplicity:1.08
0.001	0.103	0.001	0.895
0.001	0.001	0.001	0.997
0.001	0.964	0.001	0.034
0.100	0.001	0.114	0.785
0.001	0.001	0.001	0.997
0.001	0.930	0.001	0.068
0.001	0.078	0.841	0.080
0.196	0.761	0.001	0.042
0.001	0.997	0.001	0.001
0.001	0.001	0.096	0.902
>GCTGCAGAAA	6-GCTGCAGAAA	9.941614	-13.851386	0	T:11.0(16.42%),B:934.3(2.52%),P:1e-6	Tpos:600.5,Tstd:256.1,Bpos:495.1,Bstd:332.9,StrandBias:0.0,Multiplicity:1.27
0.052	0.001	0.946	0.001
0.001	0.968	0.001	0.030
0.066	0.001	0.001	0.932
0.001	0.001	0.943	0.055
0.001	0.997	0.001	0.001
0.748	0.100	0.001	0.151
0.025	0.001	0.973	0.001
0.869	0.001	0.129	0.001
0.791	0.112	0.096	0.001
0.898	0.001	0.100	0.001
>CTAACTGAAA	7-CTAACTGAAA	10.461062	-13.637882	0	T:16.0(23.88%),B:2160.9(5.83%),P:1e-5	Tpos:447.0,Tstd:241.0,Bpos:525.6,Bstd:331.4,StrandBias:0.2,Multiplicity:1.06
0.001	0.703	0.001	0.295
0.255	0.001	0.001	0.743
0.997	0.001	0.001	0.001
0.911	0.001	0.001	0.087
0.001	0.936	0.001	0.062
0.001	0.001	0.001	0.997
0.001	0.001	0.997	0.001
0.795	0.203	0.001	0.001
0.997	0.001	0.001	0.001
0.997	0.001	0.001	0.001
>GTGGCAGAGA	8-GTGGCAGAGA	10.329032	-13.564108	0	T:9.0(13.43%),B:589.7(1.59%),P:1e-5	Tpos:483.5,Tstd:285.3,Bpos:537.5,Bstd:327.6,StrandBias:-0.6,Multiplicity:1.11
0.001	0.001	0.997	0.001
0.272	0.001	0.001	0.726
0.220	0.001	0.778	0.001
0.001	0.001	0.997	0.001
0.001	0.688	0.310	0.001
0.997	0.001	0.001	0.001
0.415	0.001	0.583	0.001
0.583	0.001	0.415	0.001
0.207	0.001	0.791	0.001
0.997	0.001	0.001	0.001
>CTCCGGAAAM	9-CTCCGGAAAM	8.547099	-12.530729	0	T:30.0(44.78%),B:7370.0(19.90%),P:1e-5	Tpos:396.6,Tstd:270.6,Bpos:507.8,Bstd:355.9,StrandBias:-0.9,Multiplicity:1.27
0.303	0.468	0.001	0.228
0.017	0.001	0.134	0.848
0.150	0.725	0.124	0.001
0.175	0.452	0.123	0.250
0.134	0.177	0.663	0.026
0.288	0.175	0.536	0.001
0.997	0.001	0.001	0.001
0.997	0.001	0.001	0.001
0.945	0.053	0.001	0.001
0.460	0.420	0.001	0.118
>TTCACGGTAA	10-TTCACGGTAA	9.526043	-12.476999	0	T:11.0(16.42%),B:1079.3(2.91%),P:1e-5	Tpos:580.4,Tstd:217.2,Bpos:504.4,Bstd:333.4,StrandBias:1.6,Multiplicity:1.09
0.001	0.001	0.001	0.997
0.001	0.001	0.001	0.997
0.001	0.997	0.001	0.001
0.629	0.226	0.058	0.087
0.001	0.903	0.001	0.095
0.367	0.001	0.560	0.072
0.102	0.001	0.896	0.001
0.070	0.069	0.095	0.766
0.795	0.001	0.102	0.102
0.832	0.001	0.166	0.001
>GMGTTTTCRT	11-GMGTTTTCRT	9.727642	-10.591398	0	T:10.0(14.93%),B:1081.0(2.92%),P:1e-4	Tpos:653.8,Tstd:247.9,Bpos:503.4,Bstd:324.7,StrandBias:0.5,Multiplicity:1.20
0.001	0.064	0.867	0.068
0.546	0.447	0.006	0.001
0.066	0.159	0.774	0.001
0.167	0.001	0.001	0.831
0.001	0.001	0.001	0.997
0.001	0.001	0.119	0.879
0.001	0.001	0.001	0.997
0.092	0.906	0.001	0.001
0.478	0.001	0.460	0.061
0.001	0.078	0.077	0.844
>ACACTGTAAC	12-ACACTGTAAC	10.296193	-6.188269	0	T:2.0(2.99%),B:35.5(0.10%),P:1e-2	Tpos:844.0,Tstd:180.4,Bpos:534.8,Bstd:329.2,StrandBias:-10.0,Multiplicity:3.00
0.700	0.100	0.100	0.100
0.100	0.700	0.100	0.100
0.700	0.100	0.100	0.100
0.100	0.700	0.100	0.100
0.100	0.100	0.100	0.700
0.100	0.100	0.700	0.100
0.100	0.100	0.100	0.700
0.700	0.100	0.100	0.100
0.700	0.100	0.100	0.100
0.100	0.700	0.100	0.100
>GRTCGMRTTT	13-GRTCGMRTTT	8.974166	-5.400706	0	T:12.0(17.91%),B:2826.0(7.63%),P:1e-2	Tpos:573.5,Tstd:243.3,Bpos:505.5,Bstd:326.4,StrandBias:-1.4,Multiplicity:2.17
0.008	0.103	0.785	0.104
0.476	0.076	0.447	0.001
0.001	0.285	0.093	0.621
0.008	0.990	0.001	0.001
0.215	0.001	0.604	0.180
0.568	0.420	0.001	0.011
0.452	0.001	0.546	0.001
0.001	0.001	0.190	0.808
0.001	0.001	0.001	0.997
0.001	0.001	0.001	0.997
>CCCCCCCCCC	14-CCCCCCCCCC	9.877548	-4.407101	0	T:6.0(8.96%),B:1054.7(2.85%),P:1e-1	Tpos:415.0,Tstd:243.7,Bpos:538.1,Bstd:353.4,StrandBias:0.2,Multiplicity:1.17
0.001	0.832	0.166	0.001
0.001	0.811	0.187	0.001
0.001	0.997	0.001	0.001
0.079	0.919	0.001	0.001
0.079	0.873	0.001	0.047
0.077	0.884	0.001	0.038
0.001	0.953	0.001	0.045
0.001	0.952	0.001	0.046
0.001	0.969	0.001	0.029
0.029	0.917	0.001	0.053
>CGACGACGAT	15-CGACGACGAT	8.350283	-3.791933	0	T:7.0(10.45%),B:1558.9(4.21%),P:1e-1	Tpos:562.5,Tstd:290.4,Bpos:512.9,Bstd:353.7,StrandBias:0.5,Multiplicity:1.29
0.100	0.700	0.100	0.100
0.100	0.100	0.700	0.100
0.700	0.100	0.100	0.100
0.100	0.700	0.100	0.100
0.100	0.100	0.700	0.100
0.700	0.100	0.100	0.100
0.100	0.700	0.100	0.100
0.100	0.100	0.700	0.100
0.700	0.100	0.100	0.100
0.100	0.100	0.100	0.700
