>GGCCTACGTGAC	18-GGCCTACGTGAC,BestGuess:PL0007.1_mxl-3/Jaspar(0.611)	7.035945	-13.080993	0	T:30.0(17.96%),B:2928.9(7.03%),P:1e-5
0.075	0.136	0.629	0.160
0.099	0.070	0.756	0.075
0.118	0.668	0.001	0.213
0.024	0.923	0.018	0.035
0.059	0.230	0.075	0.636
0.823	0.067	0.068	0.042
0.072	0.814	0.052	0.062
0.040	0.107	0.703	0.150
0.075	0.107	0.026	0.792
0.124	0.017	0.858	0.001
0.601	0.062	0.209	0.128
0.054	0.808	0.026	0.112
