>AACAATTAATTG	6-CAATTAATTGTT	11.074158	-16.636797	0	T:12.0(12.00%),B:617.2(1.54%),P:1e-7
0.683	0.088	0.138	0.091
0.724	0.062	0.094	0.120
0.055	0.809	0.070	0.066
0.822	0.033	0.041	0.104
0.866	0.035	0.063	0.036
0.270	0.085	0.034	0.611
0.310	0.055	0.057	0.578
0.546	0.065	0.029	0.360
0.872	0.039	0.023	0.066
0.055	0.019	0.083	0.843
0.057	0.037	0.069	0.837
0.029	0.133	0.728	0.110
