>AKGAGCTCGAGC	5-GCTCGAGCTCMT	11.150708	-16.877270	0	T:5.0(5.00%),B:34.3(0.09%),P:1e-7
0.592	0.067	0.191	0.150
0.011	0.211	0.342	0.436
0.120	0.073	0.677	0.130
0.654	0.278	0.067	0.001
0.001	0.001	0.870	0.128
0.051	0.881	0.067	0.001
0.001	0.001	0.066	0.932
0.111	0.826	0.001	0.062
0.111	0.129	0.693	0.067
0.883	0.067	0.001	0.049
0.047	0.001	0.951	0.001
0.101	0.702	0.129	0.068
