>CAATTAATTGTT	6-CAATTAATTGTT,BestGuess:MF0011.1_HMG_class/Jaspar(0.696)	11.074158	-16.636797	0	T:12.0(12.00%),B:617.2(1.54%),P:1e-7
0.110	0.728	0.133	0.029
0.837	0.069	0.037	0.057
0.843	0.083	0.019	0.055
0.066	0.023	0.039	0.872
0.360	0.029	0.065	0.546
0.578	0.057	0.055	0.310
0.611	0.034	0.085	0.270
0.036	0.063	0.035	0.866
0.104	0.041	0.033	0.822
0.066	0.070	0.809	0.055
0.120	0.094	0.062	0.724
0.091	0.138	0.088	0.683
