>GCCGTTAGAGGA	19-TCCTCTAACGGC	11.522114	-14.060286	0	T:4.0(2.20%),B:12.7(0.03%),P:1e-6
0.141	0.098	0.648	0.113
0.078	0.767	0.050	0.105
0.122	0.595	0.159	0.124
0.087	0.019	0.770	0.124
0.099	0.040	0.019	0.842
0.042	0.034	0.054	0.870
0.658	0.100	0.187	0.055
0.078	0.054	0.777	0.091
0.768	0.052	0.019	0.161
0.138	0.090	0.663	0.109
0.046	0.091	0.766	0.097
0.882	0.058	0.042	0.018
