>AAASAACAATKA	12-AAASAACAATKA	10.055101	-19.166424	0	T:22.0(12.09%),B:1031.2(2.64%),P:1e-8
0.853	0.019	0.083	0.045
0.798	0.088	0.027	0.087
0.619	0.044	0.066	0.271
0.052	0.292	0.432	0.224
0.782	0.082	0.063	0.073
0.562	0.182	0.005	0.251
0.266	0.429	0.057	0.248
0.714	0.092	0.135	0.059
0.904	0.012	0.034	0.050
0.304	0.091	0.060	0.545
0.151	0.015	0.491	0.342
0.648	0.024	0.301	0.027
