>GCGAGACCCA	1-GCGAGACCCA	8.349467	-48.625853	0	T:62.0(19.81%),B:1668.2(4.62%),P:1e-21	Tpos:614.7,Tstd:204.6,Bpos:551.1,Bstd:359.7,StrandBias:-0.4,Multiplicity:1.03
0.001	0.023	0.879	0.097
0.001	0.897	0.049	0.053
0.021	0.001	0.977	0.001
0.997	0.001	0.001	0.001
0.022	0.001	0.976	0.001
0.997	0.001	0.001	0.001
0.001	0.997	0.001	0.001
0.032	0.924	0.024	0.020
0.001	0.843	0.044	0.112
0.885	0.030	0.084	0.001
>GCGCTCTTGC	2-GCGCTCTTGC	7.205217	-43.477788	0	T:97.0(30.99%),B:4218.1(11.69%),P:1e-18	Tpos:495.7,Tstd:287.4,Bpos:514.9,Bstd:385.5,StrandBias:0.5,Multiplicity:1.15
0.127	0.001	0.762	0.110
0.166	0.832	0.001	0.001
0.043	0.001	0.845	0.111
0.001	0.800	0.063	0.136
0.001	0.001	0.154	0.844
0.001	0.784	0.214	0.001
0.001	0.001	0.226	0.772
0.044	0.154	0.001	0.801
0.001	0.127	0.685	0.187
0.126	0.719	0.081	0.074
>MTTTCGCAAT	3-MTTTCGCAAT	8.338277	-29.005812	0	T:39.0(12.46%),B:1099.0(3.05%),P:1e-12	Tpos:530.3,Tstd:250.1,Bpos:563.0,Bstd:377.5,StrandBias:0.2,Multiplicity:1.06
0.521	0.375	0.042	0.062
0.098	0.121	0.040	0.741
0.293	0.067	0.136	0.504
0.031	0.077	0.279	0.613
0.110	0.709	0.017	0.164
0.083	0.059	0.792	0.066
0.297	0.701	0.001	0.001
0.701	0.001	0.036	0.262
0.458	0.041	0.281	0.221
0.238	0.287	0.020	0.455
>GAAAATCTCG	4-GAAAATCTCG	7.213472	-28.523249	0	T:144.0(46.01%),B:9686.4(26.85%),P:1e-12	Tpos:527.2,Tstd:268.6,Bpos:503.5,Bstd:371.3,StrandBias:-0.4,Multiplicity:1.43
0.026	0.064	0.878	0.032
0.806	0.057	0.084	0.053
0.754	0.065	0.085	0.096
0.796	0.058	0.068	0.078
0.841	0.063	0.052	0.044
0.052	0.092	0.089	0.767
0.088	0.780	0.067	0.065
0.059	0.059	0.138	0.744
0.089	0.831	0.040	0.040
0.047	0.027	0.811	0.115
>TACCCTGAAA	5-TACCCTGAAA	8.703833	-28.458552	0	T:56.0(17.89%),B:2171.0(6.02%),P:1e-12	Tpos:701.3,Tstd:327.5,Bpos:541.0,Bstd:367.1,StrandBias:-1.7,Multiplicity:1.00
0.065	0.001	0.020	0.914
0.857	0.020	0.017	0.106
0.001	0.997	0.001	0.001
0.053	0.857	0.057	0.033
0.001	0.986	0.001	0.012
0.001	0.001	0.001	0.997
0.017	0.001	0.981	0.001
0.770	0.041	0.156	0.033
0.997	0.001	0.001	0.001
0.953	0.001	0.001	0.045
>TTGTCASCAT	6-TTGTCASCAT	8.985026	-27.584944	0	T:42.0(13.42%),B:1325.4(3.67%),P:1e-11	Tpos:489.1,Tstd:286.7,Bpos:492.7,Bstd:342.7,StrandBias:0.9,Multiplicity:1.10
0.001	0.076	0.007	0.916
0.001	0.001	0.120	0.878
0.001	0.036	0.962	0.001
0.001	0.067	0.098	0.834
0.001	0.997	0.001	0.001
0.794	0.105	0.082	0.019
0.001	0.495	0.473	0.030
0.003	0.951	0.001	0.045
0.824	0.010	0.001	0.165
0.179	0.001	0.008	0.812
>WTCKCTTAAT	7-WTCKCTTAAT	8.247364	-25.810154	0	T:139.0(44.41%),B:9516.7(26.38%),P:1e-11	Tpos:582.1,Tstd:282.9,Bpos:510.3,Bstd:335.0,StrandBias:0.6,Multiplicity:1.28
0.336	0.076	0.125	0.463
0.001	0.001	0.001	0.997
0.245	0.592	0.001	0.162
0.045	0.001	0.502	0.452
0.001	0.759	0.001	0.239
0.086	0.001	0.124	0.789
0.070	0.144	0.228	0.558
0.997	0.001	0.001	0.001
0.969	0.001	0.001	0.029
0.001	0.001	0.031	0.967
>CCGTGTTTGC	8-CCGTGTTTGC	8.583396	-25.658148	0	T:49.0(15.65%),B:1856.6(5.15%),P:1e-11	Tpos:549.4,Tstd:273.5,Bpos:572.2,Bstd:374.9,StrandBias:0.3,Multiplicity:1.09
0.059	0.714	0.106	0.121
0.156	0.574	0.118	0.152
0.001	0.178	0.820	0.001
0.001	0.200	0.006	0.793
0.001	0.001	0.997	0.001
0.001	0.001	0.001	0.997
0.001	0.120	0.274	0.605
0.001	0.422	0.001	0.576
0.001	0.001	0.859	0.139
0.001	0.962	0.036	0.001
>CTTCGTATTT	9-CTTCGTATTT	6.979893	-25.037128	0	T:148.0(47.28%),B:10523.4(29.17%),P:1e-10	Tpos:492.8,Tstd:292.7,Bpos:516.3,Bstd:358.0,StrandBias:0.6,Multiplicity:1.28
0.049	0.827	0.065	0.059
0.032	0.080	0.072	0.816
0.069	0.058	0.114	0.759
0.025	0.862	0.064	0.049
0.008	0.047	0.863	0.082
0.080	0.069	0.054	0.797
0.711	0.161	0.077	0.051
0.123	0.080	0.062	0.735
0.024	0.050	0.074	0.852
0.070	0.046	0.099	0.785
>AGCCAGCAGA	10-AGCCAGCAGA	9.590429	-23.533361	0	T:27.0(8.63%),B:653.9(1.81%),P:1e-10	Tpos:517.6,Tstd:263.7,Bpos:522.8,Bstd:358.6,StrandBias:-1.2,Multiplicity:1.00
0.885	0.001	0.064	0.050
0.001	0.001	0.960	0.038
0.037	0.874	0.035	0.054
0.001	0.773	0.157	0.069
0.935	0.063	0.001	0.001
0.001	0.054	0.909	0.036
0.087	0.871	0.041	0.001
0.918	0.050	0.001	0.031
0.034	0.001	0.964	0.001
0.937	0.001	0.061	0.001
>AATCGATAGA	11-AATCGATAGA	7.269291	-23.443415	0	T:121.0(38.66%),B:8046.4(22.30%),P:1e-10	Tpos:522.7,Tstd:289.1,Bpos:535.1,Bstd:377.2,StrandBias:-0.5,Multiplicity:1.24
0.801	0.046	0.080	0.073
0.777	0.070	0.084	0.069
0.072	0.069	0.097	0.762
0.029	0.835	0.082	0.054
0.048	0.055	0.847	0.050
0.797	0.063	0.080	0.060
0.055	0.051	0.081	0.813
0.816	0.072	0.054	0.058
0.125	0.064	0.758	0.053
0.803	0.082	0.034	0.081
>TAAAGGCGCA	12-TAAAGGCGCA	8.334934	-23.121720	0	T:41.0(13.10%),B:1469.6(4.07%),P:1e-10	Tpos:569.4,Tstd:250.1,Bpos:552.7,Bstd:361.5,StrandBias:0.2,Multiplicity:1.05
0.033	0.001	0.001	0.965
0.910	0.088	0.001	0.001
0.934	0.064	0.001	0.001
0.907	0.001	0.001	0.091
0.001	0.001	0.997	0.001
0.040	0.001	0.958	0.001
0.001	0.997	0.001	0.001
0.001	0.001	0.950	0.048
0.001	0.947	0.051	0.001
0.941	0.001	0.001	0.057
>RCTTTTAYST	13-RCTTTTAYST	8.563011	-22.102349	0	T:71.0(22.68%),B:3734.5(10.35%),P:1e-9	Tpos:523.8,Tstd:273.6,Bpos:524.7,Bstd:338.4,StrandBias:0.6,Multiplicity:1.07
0.510	0.001	0.488	0.001
0.151	0.847	0.001	0.001
0.169	0.001	0.001	0.829
0.001	0.001	0.001	0.997
0.001	0.001	0.346	0.652
0.001	0.265	0.001	0.733
0.640	0.358	0.001	0.001
0.001	0.369	0.226	0.404
0.001	0.563	0.435	0.001
0.001	0.001	0.321	0.677
>CMGTAAATCG	14-CMGTAAATCG	8.862815	-22.085055	0	T:37.0(11.82%),B:1269.5(3.52%),P:1e-9	Tpos:502.6,Tstd:267.3,Bpos:518.9,Bstd:350.2,StrandBias:0.1,Multiplicity:1.03
0.005	0.756	0.185	0.054
0.332	0.476	0.138	0.054
0.039	0.107	0.703	0.151
0.037	0.027	0.001	0.935
0.863	0.128	0.008	0.001
0.882	0.116	0.001	0.001
0.902	0.042	0.001	0.055
0.035	0.001	0.091	0.873
0.046	0.864	0.001	0.089
0.055	0.275	0.669	0.001
>GTTAGATGTG	15-GTTAGATGTG	11.872151	-21.585103	0	T:13.0(4.15%),B:131.1(0.36%),P:1e-9	Tpos:583.9,Tstd:194.0,Bpos:537.1,Bstd:304.2,StrandBias:0.7,Multiplicity:1.00
0.001	0.001	0.997	0.001
0.001	0.001	0.001	0.997
0.001	0.001	0.001	0.997
0.828	0.170	0.001	0.001
0.001	0.001	0.997	0.001
0.997	0.001	0.001	0.001
0.001	0.001	0.001	0.997
0.001	0.001	0.997	0.001
0.175	0.001	0.001	0.823
0.001	0.001	0.997	0.001
>GGCCCAWCGG	16-GGCCCAWCGG	9.164979	-20.647125	0	T:12.0(3.83%),B:114.5(0.32%),P:1e-8	Tpos:361.8,Tstd:220.5,Bpos:447.9,Bstd:369.2,StrandBias:-1.6,Multiplicity:1.00
0.001	0.168	0.830	0.001
0.001	0.001	0.710	0.288
0.324	0.480	0.001	0.195
0.173	0.825	0.001	0.001
0.287	0.711	0.001	0.001
0.677	0.001	0.321	0.001
0.425	0.001	0.067	0.507
0.062	0.936	0.001	0.001
0.001	0.264	0.734	0.001
0.001	0.314	0.684	0.001
>TCNTGCACTG	17-TCNTGCACTG	6.957809	-20.623778	0	T:83.0(26.52%),B:4883.1(13.53%),P:1e-8	Tpos:474.7,Tstd:284.6,Bpos:512.4,Bstd:338.1,StrandBias:0.2,Multiplicity:1.16
0.163	0.150	0.225	0.461
0.192	0.503	0.121	0.184
0.317	0.184	0.313	0.185
0.036	0.001	0.014	0.949
0.015	0.008	0.607	0.370
0.001	0.789	0.008	0.202
0.805	0.008	0.001	0.186
0.097	0.699	0.001	0.203
0.009	0.191	0.172	0.628
0.006	0.098	0.612	0.284
>TGTAACTACG	18-TGTAACTACG	8.211803	-20.409694	0	T:22.0(7.03%),B:502.6(1.39%),P:1e-8	Tpos:422.4,Tstd:287.4,Bpos:504.8,Bstd:351.8,StrandBias:0.8,Multiplicity:1.00
0.069	0.093	0.001	0.837
0.079	0.001	0.879	0.041
0.034	0.065	0.001	0.900
0.873	0.001	0.064	0.062
0.932	0.001	0.066	0.001
0.001	0.912	0.001	0.086
0.053	0.049	0.073	0.825
0.997	0.001	0.001	0.001
0.074	0.924	0.001	0.001
0.041	0.001	0.957	0.001
>TACTCAGCCA	19-TACTCAGCCA	9.022679	-20.041540	0	T:24.0(7.67%),B:612.7(1.70%),P:1e-8	Tpos:578.4,Tstd:205.5,Bpos:527.6,Bstd:373.2,StrandBias:0.7,Multiplicity:1.29
0.001	0.001	0.001	0.997
0.872	0.045	0.028	0.055
0.001	0.886	0.112	0.001
0.001	0.001	0.162	0.836
0.001	0.997	0.001	0.001
0.918	0.043	0.001	0.038
0.001	0.041	0.957	0.001
0.057	0.862	0.001	0.080
0.033	0.912	0.001	0.054
0.906	0.001	0.092	0.001
>AAATAATCAT	20-AAATAATCAT	9.893591	-19.811621	0	T:72.0(23.00%),B:4025.6(11.16%),P:1e-8	Tpos:565.7,Tstd:287.9,Bpos:522.2,Bstd:336.2,StrandBias:-0.3,Multiplicity:1.10
0.997	0.001	0.001	0.001
0.932	0.012	0.027	0.029
0.879	0.021	0.001	0.099
0.001	0.001	0.001	0.997
0.834	0.086	0.024	0.056
0.997	0.001	0.001	0.001
0.026	0.001	0.001	0.972
0.132	0.456	0.138	0.274
0.997	0.001	0.001	0.001
0.001	0.033	0.026	0.940
>CTTAAWTTAA	21-CTTAAWTTAA	9.726087	-18.862289	0	T:67.0(21.41%),B:3699.4(10.25%),P:1e-8	Tpos:612.2,Tstd:293.3,Bpos:511.2,Bstd:329.5,StrandBias:0.1,Multiplicity:1.13
0.159	0.497	0.001	0.343
0.339	0.001	0.001	0.659
0.001	0.001	0.005	0.993
0.993	0.001	0.005	0.001
0.997	0.001	0.001	0.001
0.546	0.003	0.001	0.450
0.050	0.001	0.041	0.908
0.144	0.001	0.001	0.854
0.808	0.190	0.001	0.001
0.860	0.001	0.001	0.138
>AGGATAATTA	22-AGGATAATTA	10.934504	-17.766001	0	T:21.0(6.71%),B:533.0(1.48%),P:1e-7	Tpos:448.3,Tstd:270.8,Bpos:496.8,Bstd:327.2,StrandBias:0.5,Multiplicity:1.00
0.997	0.001	0.001	0.001
0.067	0.224	0.708	0.001
0.266	0.037	0.696	0.001
0.997	0.001	0.001	0.001
0.061	0.139	0.001	0.799
0.997	0.001	0.001	0.001
0.997	0.001	0.001	0.001
0.001	0.001	0.001	0.997
0.001	0.001	0.001	0.997
0.795	0.047	0.001	0.157
>ACGCGCTCCT	23-ACGCGCTCCT	8.743013	-17.281739	0	T:17.0(5.43%),B:355.6(0.99%),P:1e-7	Tpos:527.5,Tstd:257.1,Bpos:510.2,Bstd:367.2,StrandBias:1.5,Multiplicity:1.12
0.892	0.001	0.043	0.064
0.077	0.850	0.072	0.001
0.058	0.001	0.940	0.001
0.001	0.997	0.001	0.001
0.092	0.077	0.830	0.001
0.092	0.843	0.001	0.064
0.062	0.001	0.035	0.902
0.001	0.809	0.148	0.042
0.001	0.997	0.001	0.001
0.001	0.001	0.001	0.997
>CAACGAAGAT	24-CAACGAAGAT	8.691726	-16.259686	0	T:55.0(17.57%),B:2960.6(8.21%),P:1e-7	Tpos:508.8,Tstd:280.0,Bpos:511.5,Bstd:344.6,StrandBias:-1.0,Multiplicity:1.15
0.114	0.758	0.089	0.039
0.840	0.047	0.013	0.100
0.893	0.030	0.024	0.053
0.224	0.611	0.130	0.035
0.097	0.048	0.776	0.079
0.935	0.026	0.001	0.038
0.840	0.035	0.038	0.087
0.157	0.044	0.768	0.031
0.907	0.035	0.001	0.057
0.108	0.075	0.129	0.688
>AGAAATAAAT	25-AGAAATAAAT	10.785610	-15.914458	0	T:36.0(11.50%),B:1545.9(4.29%),P:1e-6	Tpos:556.7,Tstd:301.2,Bpos:537.6,Bstd:334.5,StrandBias:-0.4,Multiplicity:1.08
0.997	0.001	0.001	0.001
0.001	0.001	0.997	0.001
0.997	0.001	0.001	0.001
0.851	0.022	0.126	0.001
0.814	0.001	0.089	0.096
0.001	0.001	0.001	0.997
0.997	0.001	0.001	0.001
0.997	0.001	0.001	0.001
0.894	0.071	0.034	0.001
0.001	0.044	0.001	0.954
>GGGTCTCGCVAC	1-GGGTCTCGCVAC	9.560981	-52.984697	0	T:68.0(21.73%),B:1850.7(5.13%),P:1e-23	Tpos:617.0,Tstd:210.4,Bpos:555.3,Bstd:357.8,StrandBias:0.2,Multiplicity:1.04
0.223	0.095	0.660	0.022
0.037	0.081	0.829	0.053
0.051	0.001	0.867	0.081
0.001	0.001	0.001	0.997
0.001	0.904	0.094	0.001
0.001	0.033	0.001	0.965
0.001	0.997	0.001	0.001
0.072	0.081	0.846	0.001
0.080	0.759	0.001	0.160
0.297	0.421	0.281	0.001
0.840	0.001	0.158	0.001
0.066	0.932	0.001	0.001
>TTTAAAGACGCA	2-TTTAAAGACGCA	7.939295	-34.176827	0	T:95.0(30.35%),B:4699.0(13.02%),P:1e-14	Tpos:516.1,Tstd:263.4,Bpos:518.2,Bstd:358.0,StrandBias:-0.3,Multiplicity:1.04
0.267	0.001	0.260	0.471
0.001	0.125	0.166	0.708
0.127	0.173	0.074	0.626
0.561	0.142	0.296	0.001
0.969	0.001	0.029	0.001
0.877	0.001	0.121	0.001
0.033	0.001	0.965	0.001
0.510	0.001	0.308	0.181
0.030	0.968	0.001	0.001
0.001	0.001	0.896	0.102
0.189	0.766	0.001	0.044
0.672	0.001	0.040	0.287
>GAAATTAAGAAA	3-GAAATTAAGAAA	12.216734	-33.526940	0	T:39.0(12.46%),B:947.6(2.63%),P:1e-14	Tpos:646.9,Tstd:290.7,Bpos:525.4,Bstd:327.9,StrandBias:-2.2,Multiplicity:1.03
0.131	0.082	0.764	0.023
0.924	0.074	0.001	0.001
0.901	0.001	0.044	0.054
0.926	0.001	0.040	0.033
0.019	0.001	0.001	0.979
0.047	0.016	0.001	0.936
0.910	0.063	0.026	0.001
0.889	0.034	0.036	0.041
0.001	0.001	0.997	0.001
0.997	0.001	0.001	0.001
0.909	0.042	0.001	0.048
0.857	0.001	0.108	0.034
>TACCCTGAAAAA	4-TACCCTGAAAAA	10.041097	-32.359799	0	T:61.0(19.49%),B:2296.7(6.37%),P:1e-14	Tpos:634.0,Tstd:333.5,Bpos:537.7,Bstd:376.0,StrandBias:-1.0,Multiplicity:1.05
0.120	0.088	0.040	0.752
0.717	0.076	0.080	0.127
0.058	0.856	0.001	0.085
0.104	0.793	0.090	0.013
0.045	0.897	0.001	0.057
0.036	0.038	0.051	0.875
0.071	0.039	0.877	0.013
0.826	0.039	0.110	0.025
0.932	0.001	0.066	0.001
0.903	0.095	0.001	0.001
0.870	0.020	0.045	0.065
0.709	0.100	0.060	0.131
>GTCATCATTTTT	5-GTCATCATTTTT	12.936022	-30.787692	0	T:25.0(7.99%),B:392.7(1.09%),P:1e-13	Tpos:466.8,Tstd:311.7,Bpos:554.2,Bstd:375.0,StrandBias:1.6,Multiplicity:1.00
0.091	0.001	0.883	0.025
0.001	0.001	0.001	0.997
0.001	0.997	0.001	0.001
0.821	0.070	0.083	0.026
0.093	0.087	0.001	0.819
0.032	0.966	0.001	0.001
0.904	0.063	0.001	0.032
0.001	0.001	0.001	0.997
0.001	0.001	0.001	0.997
0.001	0.001	0.001	0.997
0.052	0.112	0.001	0.835
0.001	0.058	0.041	0.900
>TGAAAATCAATT	6-TGAAAATCAATT	11.539045	-25.629836	0	T:50.0(15.97%),B:1924.6(5.33%),P:1e-11	Tpos:529.8,Tstd:286.6,Bpos:540.4,Bstd:355.4,StrandBias:0.5,Multiplicity:1.16
0.001	0.001	0.027	0.971
0.133	0.001	0.835	0.031
0.954	0.001	0.001	0.044
0.997	0.001	0.001	0.001
0.928	0.001	0.070	0.001
0.962	0.036	0.001	0.001
0.008	0.001	0.001	0.990
0.011	0.912	0.001	0.076
0.933	0.032	0.034	0.001
0.932	0.028	0.021	0.019
0.001	0.027	0.001	0.971
0.314	0.033	0.036	0.617
>AGCAAGAGCGCT	7-AGCAAGAGCGCT	9.575968	-25.341405	0	T:25.0(7.99%),B:509.5(1.41%),P:1e-11	Tpos:456.5,Tstd:255.8,Bpos:534.7,Bstd:387.8,StrandBias:-0.2,Multiplicity:1.12
0.909	0.060	0.028	0.003
0.167	0.001	0.688	0.144
0.062	0.716	0.144	0.078
0.932	0.001	0.066	0.001
0.929	0.001	0.069	0.001
0.023	0.040	0.936	0.001
0.919	0.026	0.001	0.054
0.143	0.001	0.855	0.001
0.001	0.997	0.001	0.001
0.001	0.048	0.831	0.120
0.048	0.873	0.001	0.078
0.138	0.181	0.253	0.428
>GTTGGCTGAGTA	8-GTTGGCTGAGTA	11.723194	-25.123169	0	T:13.0(4.15%),B:96.1(0.27%),P:1e-10	Tpos:632.5,Tstd:189.2,Bpos:505.9,Bstd:359.1,StrandBias:-0.7,Multiplicity:1.00
0.122	0.001	0.655	0.222
0.400	0.001	0.001	0.598
0.001	0.001	0.001	0.997
0.001	0.001	0.837	0.161
0.004	0.001	0.994	0.001
0.001	0.927	0.001	0.071
0.093	0.001	0.064	0.842
0.001	0.001	0.997	0.001
0.865	0.078	0.001	0.056
0.052	0.170	0.777	0.001
0.127	0.001	0.109	0.763
0.765	0.001	0.150	0.084
>ATTGCGAAAKAW	9-ATTGCGAAAKAW	11.038454	-24.758086	0	T:23.0(7.35%),B:436.0(1.21%),P:1e-10	Tpos:541.4,Tstd:260.4,Bpos:568.9,Bstd:379.6,StrandBias:-1.4,Multiplicity:1.09
0.557	0.001	0.292	0.150
0.001	0.001	0.136	0.862
0.001	0.331	0.001	0.667
0.053	0.001	0.861	0.085
0.210	0.507	0.128	0.155
0.110	0.001	0.888	0.001
0.942	0.056	0.001	0.001
0.928	0.001	0.070	0.001
0.997	0.001	0.001	0.001
0.028	0.001	0.546	0.425
0.528	0.001	0.299	0.172
0.317	0.139	0.179	0.365
>CAACGACCGAGA	10-CAACGACCGAGA	10.123296	-24.431554	0	T:18.0(5.75%),B:250.0(0.69%),P:1e-10	Tpos:418.6,Tstd:240.6,Bpos:511.5,Bstd:364.0,StrandBias:-0.3,Multiplicity:1.11
0.027	0.936	0.034	0.003
0.963	0.035	0.001	0.001
0.760	0.113	0.126	0.001
0.001	0.901	0.058	0.040
0.076	0.127	0.618	0.179
0.684	0.113	0.036	0.167
0.039	0.769	0.105	0.087
0.110	0.712	0.070	0.108
0.001	0.001	0.997	0.001
0.864	0.097	0.001	0.038
0.085	0.001	0.807	0.107
0.997	0.001	0.001	0.001
>GTAGTTATTTTA	11-GTAGTTATTTTA	11.580716	-22.433967	0	T:17.0(5.43%),B:247.0(0.68%),P:1e-9	Tpos:556.4,Tstd:261.3,Bpos:534.7,Bstd:258.7,StrandBias:0.2,Multiplicity:1.00
0.053	0.001	0.897	0.049
0.001	0.001	0.001	0.997
0.951	0.001	0.001	0.047
0.001	0.001	0.997	0.001
0.071	0.001	0.001	0.927
0.001	0.001	0.001	0.997
0.880	0.001	0.074	0.045
0.001	0.001	0.001	0.997
0.001	0.001	0.001	0.997
0.001	0.001	0.122	0.876
0.105	0.094	0.001	0.800
0.800	0.086	0.001	0.113
>CAAACACGCTCY	12-CAAACACGCTCY	8.268445	-22.315508	0	T:40.0(12.78%),B:1446.4(4.01%),P:1e-9	Tpos:592.0,Tstd:263.0,Bpos:555.9,Bstd:369.4,StrandBias:0.1,Multiplicity:1.11
0.264	0.586	0.135	0.015
0.966	0.014	0.008	0.012
0.655	0.183	0.161	0.001
0.677	0.039	0.038	0.246
0.159	0.463	0.166	0.211
0.564	0.164	0.108	0.164
0.199	0.664	0.119	0.018
0.018	0.009	0.671	0.302
0.246	0.506	0.012	0.236
0.015	0.124	0.033	0.828
0.119	0.428	0.235	0.219
0.015	0.443	0.241	0.301
>ATCAAAGAAGAT	13-ATCAAAGAAGAT	12.719728	-21.786731	0	T:15.0(4.79%),B:189.8(0.53%),P:1e-9	Tpos:527.3,Tstd:295.7,Bpos:507.3,Bstd:305.1,StrandBias:-1.1,Multiplicity:1.07
0.997	0.001	0.001	0.001
0.001	0.001	0.091	0.907
0.001	0.997	0.001	0.001
0.867	0.001	0.001	0.131
0.997	0.001	0.001	0.001
0.727	0.092	0.103	0.078
0.001	0.001	0.997	0.001
0.997	0.001	0.001	0.001
0.889	0.001	0.109	0.001
0.106	0.001	0.829	0.064
0.944	0.001	0.001	0.054
0.001	0.001	0.109	0.889
>GAATAATTCCAT	14-GAATAATTCCAT	9.797821	-21.527460	0	T:44.0(14.06%),B:1752.7(4.86%),P:1e-9	Tpos:455.3,Tstd:261.1,Bpos:480.6,Bstd:328.2,StrandBias:0.8,Multiplicity:1.14
0.099	0.061	0.744	0.096
0.803	0.039	0.104	0.054
0.909	0.046	0.028	0.017
0.079	0.029	0.071	0.821
0.778	0.064	0.041	0.117
0.841	0.063	0.069	0.027
0.039	0.017	0.028	0.916
0.001	0.054	0.057	0.888
0.106	0.757	0.047	0.090
0.062	0.857	0.016	0.065
0.903	0.001	0.059	0.037
0.077	0.077	0.055	0.791
>TTTTGTCGCCAA	15-TTTTGTCGCCAA	13.035532	-21.316638	0	T:15.0(4.79%),B:196.8(0.55%),P:1e-9	Tpos:533.1,Tstd:279.1,Bpos:527.3,Bstd:361.6,StrandBias:1.0,Multiplicity:1.00
0.001	0.001	0.001	0.997
0.001	0.001	0.001	0.997
0.001	0.001	0.117	0.881
0.001	0.001	0.117	0.881
0.088	0.001	0.820	0.091
0.001	0.082	0.121	0.796
0.001	0.997	0.001	0.001
0.087	0.001	0.911	0.001
0.082	0.871	0.001	0.046
0.069	0.929	0.001	0.001
0.997	0.001	0.001	0.001
0.997	0.001	0.001	0.001
>GTCTGGCGTTCT	16-GTCTGGCGTTCT	13.861648	-21.185911	0	T:6.0(1.92%),B:7.7(0.02%),P:1e-9	Tpos:467.1,Tstd:282.5,Bpos:273.8,Bstd:183.6,StrandBias:0.4,Multiplicity:1.17
0.177	0.001	0.821	0.001
0.001	0.001	0.001	0.997
0.001	0.821	0.001	0.177
0.136	0.001	0.001	0.862
0.001	0.001	0.847	0.151
0.001	0.001	0.997	0.001
0.001	0.997	0.001	0.001
0.001	0.001	0.997	0.001
0.001	0.177	0.001	0.821
0.001	0.001	0.001	0.997
0.001	0.997	0.001	0.001
0.001	0.001	0.001	0.997
>TTTATAAATRCA	17-TTTATAAATRCA	10.903939	-20.778194	0	T:64.0(20.45%),B:3285.9(9.11%),P:1e-9	Tpos:540.8,Tstd:281.1,Bpos:497.1,Bstd:318.1,StrandBias:0.2,Multiplicity:1.14
0.001	0.001	0.001	0.997
0.001	0.001	0.078	0.920
0.213	0.001	0.258	0.528
0.587	0.001	0.001	0.411
0.323	0.001	0.001	0.675
0.893	0.001	0.001	0.105
0.997	0.001	0.001	0.001
0.997	0.001	0.001	0.001
0.001	0.001	0.001	0.997
0.542	0.001	0.456	0.001
0.064	0.691	0.023	0.222
0.786	0.001	0.001	0.212
>GAAAATCTCGCT	18-GAAAATCTCGCT	12.670580	-19.657111	0	T:11.0(3.51%),B:98.8(0.27%),P:1e-8	Tpos:371.6,Tstd:260.7,Bpos:600.9,Bstd:348.5,StrandBias:0.0,Multiplicity:1.27
0.001	0.001	0.907	0.091
0.997	0.001	0.001	0.001
0.889	0.001	0.109	0.001
0.997	0.001	0.001	0.001
0.937	0.061	0.001	0.001
0.085	0.001	0.001	0.913
0.001	0.997	0.001	0.001
0.066	0.001	0.001	0.932
0.207	0.701	0.091	0.001
0.050	0.001	0.948	0.001
0.001	0.997	0.001	0.001
0.062	0.001	0.085	0.852
>CGGCACGAGCTC	19-CGGCACGAGCTC	13.925959	-19.239150	0	T:6.0(1.92%),B:11.5(0.03%),P:1e-8	Tpos:506.7,Tstd:300.9,Bpos:630.8,Bstd:494.0,StrandBias:0.0,Multiplicity:1.00
0.001	0.997	0.001	0.001
0.160	0.001	0.652	0.187
0.001	0.001	0.997	0.001
0.001	0.997	0.001	0.001
0.997	0.001	0.001	0.001
0.159	0.839	0.001	0.001
0.001	0.001	0.997	0.001
0.811	0.187	0.001	0.001
0.001	0.001	0.997	0.001
0.001	0.811	0.001	0.187
0.001	0.001	0.001	0.997
0.001	0.997	0.001	0.001
>AGGACAATCGGC	20-AGGACAATCGGC	10.278858	-18.934427	0	T:10.0(3.19%),B:80.2(0.22%),P:1e-8	Tpos:430.6,Tstd:286.9,Bpos:465.9,Bstd:355.4,StrandBias:-1.2,Multiplicity:1.00
0.629	0.342	0.001	0.028
0.001	0.001	0.997	0.001
0.001	0.001	0.997	0.001
0.584	0.414	0.001	0.001
0.014	0.984	0.001	0.001
0.975	0.023	0.001	0.001
0.997	0.001	0.001	0.001
0.001	0.001	0.001	0.997
0.001	0.704	0.001	0.294
0.292	0.001	0.706	0.001
0.001	0.001	0.997	0.001
0.001	0.997	0.001	0.001
>AGAAATGAAAGC	21-AGAAATGAAAGC	12.995378	-18.902136	0	T:11.0(3.51%),B:106.9(0.30%),P:1e-8	Tpos:527.4,Tstd:328.3,Bpos:586.3,Bstd:296.0,StrandBias:-0.3,Multiplicity:1.00
0.997	0.001	0.001	0.001
0.051	0.001	0.947	0.001
0.776	0.104	0.119	0.001
0.997	0.001	0.001	0.001
0.923	0.075	0.001	0.001
0.001	0.001	0.001	0.997
0.070	0.001	0.928	0.001
0.997	0.001	0.001	0.001
0.856	0.001	0.001	0.142
0.908	0.001	0.001	0.090
0.038	0.074	0.828	0.060
0.045	0.905	0.001	0.049
>GTTAGATGTGCA	22-GTTAGATGTGCA	12.355432	-18.513165	0	T:7.0(2.24%),B:26.0(0.07%),P:1e-8	Tpos:637.0,Tstd:143.8,Bpos:510.3,Bstd:372.6,StrandBias:2.6,Multiplicity:1.00
0.100	0.100	0.700	0.100
0.100	0.100	0.100	0.700
0.100	0.100	0.100	0.700
0.700	0.100	0.100	0.100
0.100	0.100	0.700	0.100
0.700	0.100	0.100	0.100
0.100	0.100	0.100	0.700
0.100	0.100	0.700	0.100
0.100	0.100	0.100	0.700
0.100	0.100	0.700	0.100
0.100	0.700	0.100	0.100
0.700	0.100	0.100	0.100
>AAAAGAACAAAA	23-AAAAGAACAAAA	9.804198	-18.043904	0	T:105.0(33.55%),B:7201.4(19.96%),P:1e-7	Tpos:565.1,Tstd:260.3,Bpos:530.2,Bstd:335.9,StrandBias:-0.8,Multiplicity:1.26
0.865	0.068	0.043	0.024
0.869	0.064	0.042	0.025
0.825	0.049	0.043	0.083
0.813	0.040	0.064	0.083
0.075	0.082	0.794	0.049
0.843	0.023	0.082	0.052
0.839	0.054	0.049	0.058
0.065	0.786	0.068	0.081
0.834	0.022	0.089	0.055
0.876	0.053	0.051	0.020
0.851	0.062	0.032	0.055
0.809	0.094	0.053	0.044
>AATAATAATTAT	24-AATAATAATTAT	9.950884	-16.794423	0	T:49.0(15.65%),B:2440.8(6.77%),P:1e-7	Tpos:567.5,Tstd:280.3,Bpos:520.6,Bstd:330.3,StrandBias:-0.3,Multiplicity:1.00
0.842	0.074	0.043	0.041
0.869	0.040	0.041	0.050
0.083	0.038	0.102	0.777
0.807	0.073	0.075	0.045
0.918	0.005	0.037	0.040
0.065	0.050	0.029	0.856
0.783	0.040	0.070	0.107
0.855	0.035	0.060	0.050
0.055	0.034	0.060	0.851
0.062	0.032	0.066	0.840
0.812	0.069	0.059	0.060
0.096	0.053	0.059	0.792
>AATGCACTGACC	25-AATGCACTGACC	13.693038	-7.058870	0	T:3.0(0.96%),B:20.0(0.06%),P:1e-3	Tpos:521.7,Tstd:227.8,Bpos:689.4,Bstd:250.3,StrandBias:-3.2,Multiplicity:3.33
0.879	0.001	0.119	0.001
0.997	0.001	0.001	0.001
0.001	0.001	0.001	0.997
0.001	0.001	0.997	0.001
0.132	0.866	0.001	0.001
0.997	0.001	0.001	0.001
0.001	0.906	0.092	0.001
0.001	0.001	0.001	0.997
0.001	0.001	0.997	0.001
0.888	0.001	0.110	0.001
0.001	0.866	0.001	0.132
0.001	0.997	0.001	0.001
>GCGCCCTT	1-GCGCCCTT	5.358719	-45.135555	0	T:189.0(60.38%),B:12504.3(34.66%),P:1e-19	Tpos:590.7,Tstd:251.7,Bpos:546.6,Bstd:382.1,StrandBias:0.0,Multiplicity:1.52
0.181	0.001	0.804	0.014
0.001	0.997	0.001	0.001
0.001	0.001	0.997	0.001
0.001	0.997	0.001	0.001
0.022	0.578	0.203	0.197
0.015	0.588	0.367	0.030
0.001	0.001	0.104	0.894
0.070	0.001	0.160	0.769
>GCGAGACC	2-GCGAGACC	8.464846	-44.663801	0	T:81.0(25.88%),B:3004.8(8.33%),P:1e-19	Tpos:571.6,Tstd:235.7,Bpos:538.8,Bstd:365.3,StrandBias:-0.3,Multiplicity:1.06
0.001	0.083	0.760	0.156
0.001	0.901	0.001	0.097
0.001	0.001	0.997	0.001
0.997	0.001	0.001	0.001
0.001	0.001	0.997	0.001
0.997	0.001	0.001	0.001
0.001	0.997	0.001	0.001
0.001	0.997	0.001	0.001
>GCGCTTGC	3-GCGCTTGC	3.884065	-30.318070	0	T:103.0(32.91%),B:5684.1(15.76%),P:1e-13	Tpos:546.7,Tstd:272.9,Bpos:545.9,Bstd:362.1,StrandBias:-0.1,Multiplicity:1.21
0.001	0.001	0.997	0.001
0.001	0.851	0.001	0.147
0.001	0.001	0.997	0.001
0.001	0.586	0.001	0.412
0.113	0.001	0.001	0.885
0.001	0.001	0.001	0.997
0.001	0.001	0.997	0.001
0.001	0.997	0.001	0.001
>TTCGCGTC	4-TTCGCGTC	7.290635	-27.179894	0	T:97.0(30.99%),B:5453.3(15.12%),P:1e-11	Tpos:458.5,Tstd:293.7,Bpos:498.1,Bstd:369.9,StrandBias:0.3,Multiplicity:1.12
0.063	0.001	0.001	0.935
0.001	0.001	0.001	0.997
0.001	0.952	0.001	0.046
0.086	0.001	0.745	0.168
0.001	0.809	0.086	0.104
0.001	0.046	0.952	0.001
0.193	0.033	0.103	0.671
0.026	0.972	0.001	0.001
>TATCGATC	5-TATCGATC	5.425250	-24.227978	0	T:113.0(36.10%),B:7196.1(19.95%),P:1e-10	Tpos:560.6,Tstd:284.0,Bpos:538.9,Bstd:384.3,StrandBias:0.5,Multiplicity:1.24
0.001	0.001	0.001	0.997
0.997	0.001	0.001	0.001
0.117	0.001	0.001	0.881
0.001	0.997	0.001	0.001
0.001	0.001	0.997	0.001
0.585	0.001	0.413	0.001
0.001	0.363	0.069	0.567
0.001	0.986	0.001	0.012
>TACGCAGT	6-TACGCAGT	3.534040	-23.071552	0	T:164.0(52.40%),B:12472.4(34.57%),P:1e-10	Tpos:529.0,Tstd:270.3,Bpos:517.5,Bstd:356.4,StrandBias:0.1,Multiplicity:1.43
0.001	0.001	0.001	0.997
0.802	0.162	0.001	0.035
0.001	0.997	0.001	0.001
0.001	0.001	0.997	0.001
0.001	0.997	0.001	0.001
0.977	0.001	0.001	0.021
0.156	0.001	0.842	0.001
0.001	0.001	0.001	0.997
>ATTAAGCG	7-ATTAAGCG	7.282818	-21.857279	0	T:104.0(33.23%),B:6632.3(18.38%),P:1e-9	Tpos:544.9,Tstd:273.0,Bpos:512.5,Bstd:356.5,StrandBias:-0.7,Multiplicity:1.13
0.943	0.001	0.001	0.055
0.098	0.001	0.059	0.842
0.001	0.065	0.001	0.933
0.621	0.152	0.082	0.145
0.915	0.001	0.001	0.083
0.119	0.001	0.818	0.062
0.075	0.923	0.001	0.001
0.001	0.001	0.997	0.001
>TCGCACTC	8-TCGCACTC	8.036887	-18.788643	0	T:54.0(17.25%),B:2665.4(7.39%),P:1e-8	Tpos:597.1,Tstd:241.7,Bpos:513.6,Bstd:369.5,StrandBias:0.9,Multiplicity:1.15
0.001	0.001	0.178	0.820
0.001	0.967	0.031	0.001
0.213	0.001	0.785	0.001
0.001	0.806	0.033	0.160
0.702	0.070	0.001	0.227
0.001	0.863	0.027	0.109
0.180	0.002	0.198	0.620
0.075	0.923	0.001	0.001
>TTAATTTA	9-TTAATTTA	7.962963	-18.579901	0	T:185.0(59.11%),B:15511.4(42.99%),P:1e-8	Tpos:589.2,Tstd:289.0,Bpos:511.7,Bstd:330.5,StrandBias:0.4,Multiplicity:1.48
0.001	0.001	0.001	0.997
0.001	0.001	0.001	0.997
0.786	0.001	0.001	0.212
0.997	0.001	0.001	0.001
0.233	0.001	0.001	0.765
0.001	0.074	0.001	0.924
0.001	0.001	0.001	0.997
0.997	0.001	0.001	0.001
>GAAAATCT	10-GAAAATCT	8.159010	-16.943386	0	T:137.0(43.77%),B:10564.0(29.28%),P:1e-7	Tpos:475.4,Tstd:278.8,Bpos:503.5,Bstd:358.6,StrandBias:-0.6,Multiplicity:1.36
0.001	0.001	0.997	0.001
0.997	0.001	0.001	0.001
0.682	0.001	0.175	0.142
0.898	0.001	0.001	0.100
0.997	0.001	0.001	0.001
0.001	0.067	0.001	0.931
0.001	0.997	0.001	0.001
0.001	0.148	0.001	0.850
>CGTTTATC	11-CGTTTATC	7.413586	-16.018741	0	T:93.0(29.71%),B:6335.5(17.56%),P:1e-6	Tpos:428.4,Tstd:302.6,Bpos:502.8,Bstd:346.7,StrandBias:0.4,Multiplicity:1.14
0.001	0.955	0.001	0.043
0.202	0.087	0.710	0.001
0.162	0.001	0.001	0.836
0.001	0.001	0.001	0.997
0.001	0.077	0.001	0.921
0.997	0.001	0.001	0.001
0.232	0.115	0.068	0.585
0.001	0.997	0.001	0.001
>CCCTGAAA	12-CCCTGAAA	6.552850	-15.130656	0	T:97.0(30.99%),B:6840.3(18.96%),P:1e-6	Tpos:628.0,Tstd:354.2,Bpos:521.8,Bstd:371.7,StrandBias:-0.6,Multiplicity:1.20
0.194	0.804	0.001	0.001
0.001	0.997	0.001	0.001
0.001	0.997	0.001	0.001
0.001	0.001	0.001	0.997
0.001	0.001	0.997	0.001
0.963	0.001	0.035	0.001
0.997	0.001	0.001	0.001
0.612	0.386	0.001	0.001
>GCCTAAAA	13-GCCTAAAA	8.771460	-14.080274	0	T:90.0(28.75%),B:6323.4(17.53%),P:1e-6	Tpos:559.5,Tstd:292.9,Bpos:507.5,Bstd:353.2,StrandBias:0.1,Multiplicity:1.35
0.001	0.001	0.830	0.168
0.001	0.778	0.220	0.001
0.001	0.997	0.001	0.001
0.001	0.001	0.001	0.997
0.835	0.163	0.001	0.001
0.997	0.001	0.001	0.001
0.997	0.001	0.001	0.001
0.946	0.052	0.001	0.001
>GACGGGCG	14-GACGGGCG	8.771929	-11.988756	0	T:25.0(7.99%),B:1034.2(2.87%),P:1e-5	Tpos:561.6,Tstd:292.5,Bpos:532.3,Bstd:378.9,StrandBias:-0.7,Multiplicity:1.18
0.139	0.001	0.859	0.001
0.997	0.001	0.001	0.001
0.001	0.997	0.001	0.001
0.001	0.001	0.997	0.001
0.001	0.001	0.997	0.001
0.001	0.277	0.721	0.001
0.001	0.997	0.001	0.001
0.001	0.001	0.997	0.001
