>AATCAGGAGG	1-AATCAGGAGG	9.099388	-20.937718	0	T:14.0(15.22%),B:691.2(1.72%),P:1e-9	Tpos:457.9,Tstd:292.0,Bpos:540.1,Bstd:300.3,StrandBias:-1.3,Multiplicity:1.00
0.997	0.001	0.001	0.001
0.891	0.001	0.001	0.107
0.085	0.001	0.001	0.913
0.001	0.906	0.001	0.092
0.997	0.001	0.001	0.001
0.082	0.001	0.916	0.001
0.001	0.001	0.896	0.102
0.731	0.128	0.028	0.113
0.001	0.001	0.997	0.001
0.001	0.126	0.763	0.110
>GGGCAAACGC	2-GGGCAAACGC	10.934057	-20.110276	0	T:9.0(9.78%),B:207.1(0.52%),P:1e-8	Tpos:463.7,Tstd:313.4,Bpos:539.8,Bstd:299.3,StrandBias:-1.0,Multiplicity:1.00
0.001	0.131	0.728	0.140
0.120	0.001	0.878	0.001
0.001	0.001	0.997	0.001
0.001	0.997	0.001	0.001
0.997	0.001	0.001	0.001
0.838	0.160	0.001	0.001
0.997	0.001	0.001	0.001
0.129	0.869	0.001	0.001
0.001	0.001	0.997	0.001
0.145	0.853	0.001	0.001
>ATACAAATGA	3-ATACAAATGA	7.731695	-18.904283	0	T:33.0(35.87%),B:4952.0(12.33%),P:1e-8	Tpos:409.3,Tstd:281.6,Bpos:513.4,Bstd:304.2,StrandBias:-0.8,Multiplicity:1.15
0.525	0.135	0.154	0.186
0.182	0.030	0.287	0.501
0.681	0.047	0.239	0.033
0.174	0.527	0.161	0.138
0.916	0.039	0.031	0.014
0.474	0.152	0.229	0.145
0.718	0.042	0.024	0.216
0.219	0.030	0.023	0.728
0.032	0.241	0.581	0.146
0.735	0.049	0.039	0.177
>ATCCACGGAG	4-ATCCACGGAG	10.730240	-18.461329	0	T:9.0(9.78%),B:252.6(0.63%),P:1e-8	Tpos:390.7,Tstd:205.0,Bpos:446.8,Bstd:299.3,StrandBias:-0.6,Multiplicity:1.11
0.997	0.001	0.001	0.001
0.001	0.001	0.001	0.997
0.001	0.887	0.001	0.111
0.113	0.885	0.001	0.001
0.997	0.001	0.001	0.001
0.117	0.641	0.138	0.104
0.001	0.001	0.997	0.001
0.001	0.001	0.997	0.001
0.997	0.001	0.001	0.001
0.001	0.293	0.705	0.001
>GCCGCGGCTS	5-GCCGCGGCTS	8.876702	-17.875504	0	T:11.0(11.96%),B:479.4(1.19%),P:1e-7	Tpos:508.4,Tstd:254.8,Bpos:502.2,Bstd:286.0,StrandBias:-0.8,Multiplicity:1.09
0.239	0.001	0.556	0.204
0.111	0.887	0.001	0.001
0.001	0.813	0.185	0.001
0.238	0.001	0.760	0.001
0.001	0.997	0.001	0.001
0.001	0.001	0.997	0.001
0.001	0.001	0.903	0.095
0.001	0.997	0.001	0.001
0.124	0.135	0.083	0.658
0.001	0.542	0.456	0.001
>CCGCAGGTTT	6-CCGCAGGTTT	10.196410	-15.251670	0	T:11.0(11.96%),B:625.6(1.56%),P:1e-6	Tpos:542.9,Tstd:289.0,Bpos:507.8,Bstd:297.9,StrandBias:-0.5,Multiplicity:1.09
0.105	0.893	0.001	0.001
0.081	0.846	0.001	0.072
0.001	0.001	0.888	0.110
0.001	0.761	0.119	0.119
0.997	0.001	0.001	0.001
0.069	0.001	0.859	0.071
0.078	0.001	0.862	0.059
0.001	0.001	0.001	0.997
0.001	0.001	0.001	0.997
0.001	0.001	0.001	0.997
>GTCTACAACA	7-GTCTACAACA	10.200032	-14.052164	0	T:10.0(10.87%),B:562.7(1.40%),P:1e-6	Tpos:447.2,Tstd:225.3,Bpos:512.7,Bstd:300.0,StrandBias:1.2,Multiplicity:1.30
0.049	0.001	0.853	0.097
0.067	0.001	0.001	0.931
0.001	0.952	0.001	0.046
0.001	0.001	0.001	0.997
0.856	0.001	0.083	0.060
0.001	0.921	0.077	0.001
0.997	0.001	0.001	0.001
0.789	0.109	0.101	0.001
0.038	0.765	0.196	0.001
0.997	0.001	0.001	0.001
>GGCCCAAAAA	8-GGCCCAAAAA	8.628754	-13.850612	0	T:19.0(20.65%),B:2288.0(5.70%),P:1e-6	Tpos:533.8,Tstd:259.2,Bpos:493.9,Bstd:288.4,StrandBias:-0.3,Multiplicity:1.32
0.127	0.041	0.757	0.075
0.215	0.193	0.393	0.199
0.045	0.612	0.122	0.221
0.157	0.559	0.020	0.264
0.250	0.519	0.206	0.025
0.745	0.001	0.001	0.253
0.997	0.001	0.001	0.001
0.997	0.001	0.001	0.001
0.742	0.001	0.256	0.001
0.697	0.001	0.241	0.061
>ATTATATGGG	9-ATTATATGGG	11.050783	-13.567470	0	T:8.0(8.70%),B:335.9(0.84%),P:1e-5	Tpos:497.9,Tstd:294.6,Bpos:510.4,Bstd:293.7,StrandBias:-10.0,Multiplicity:1.38
0.864	0.134	0.001	0.001
0.001	0.001	0.001	0.997
0.099	0.001	0.001	0.899
0.997	0.001	0.001	0.001
0.096	0.001	0.001	0.902
0.997	0.001	0.001	0.001
0.001	0.001	0.001	0.997
0.001	0.094	0.904	0.001
0.072	0.001	0.926	0.001
0.001	0.001	0.997	0.001
>TTGAGGATGT	10-TTGAGGATGT	9.816691	-12.521232	0	T:14.0(15.22%),B:1389.4(3.46%),P:1e-5	Tpos:570.6,Tstd:212.9,Bpos:487.2,Bstd:304.8,StrandBias:-1.6,Multiplicity:1.43
0.254	0.001	0.001	0.744
0.001	0.001	0.232	0.766
0.001	0.001	0.892	0.106
0.836	0.001	0.001	0.162
0.001	0.001	0.997	0.001
0.207	0.001	0.791	0.001
0.997	0.001	0.001	0.001
0.001	0.001	0.001	0.997
0.001	0.001	0.859	0.139
0.091	0.001	0.137	0.771
>CATRCCTACK	11-CATRCCTACK	9.010555	-12.301108	0	T:15.0(16.30%),B:1625.6(4.05%),P:1e-5	Tpos:494.4,Tstd:280.8,Bpos:489.6,Bstd:299.1,StrandBias:0.6,Multiplicity:1.33
0.182	0.491	0.001	0.327
0.879	0.001	0.001	0.119
0.001	0.001	0.001	0.997
0.469	0.001	0.529	0.001
0.001	0.729	0.001	0.269
0.078	0.920	0.001	0.001
0.137	0.001	0.001	0.861
0.997	0.001	0.001	0.001
0.001	0.997	0.001	0.001
0.098	0.001	0.403	0.498
>TATCACCGGA	12-TATCACCGGA	7.543760	-11.439250	0	T:23.0(25.00%),B:3772.3(9.39%),P:1e-4	Tpos:590.6,Tstd:269.3,Bpos:513.3,Bstd:304.3,StrandBias:-0.1,Multiplicity:1.26
0.170	0.170	0.001	0.659
0.542	0.001	0.210	0.247
0.001	0.041	0.001	0.957
0.075	0.923	0.001	0.001
0.997	0.001	0.001	0.001
0.024	0.883	0.092	0.001
0.077	0.921	0.001	0.001
0.001	0.178	0.712	0.109
0.001	0.101	0.731	0.167
0.693	0.001	0.137	0.169
>TATTNGCTTA	13-TATTNGCTTA	9.698242	-8.162168	0	T:12.0(13.04%),B:1587.2(3.95%),P:1e-3	Tpos:447.9,Tstd:271.2,Bpos:511.1,Bstd:299.3,StrandBias:-1.3,Multiplicity:1.17
0.106	0.001	0.001	0.892
0.807	0.091	0.101	0.001
0.001	0.001	0.001	0.997
0.091	0.001	0.001	0.907
0.228	0.196	0.322	0.253
0.076	0.001	0.922	0.001
0.250	0.688	0.001	0.061
0.001	0.001	0.001	0.997
0.001	0.001	0.001	0.997
0.832	0.001	0.001	0.166
>CATTGTAAGG	14-CATTGTAAGG	10.296193	-2.345108	0	T:1.0(1.09%),B:43.7(0.11%),P:1e-1	Tpos:200.5,Tstd:116.9,Bpos:532.3,Bstd:286.3,StrandBias:10.0,Multiplicity:14.00
0.100	0.700	0.100	0.100
0.700	0.100	0.100	0.100
0.100	0.100	0.100	0.700
0.100	0.100	0.100	0.700
0.100	0.100	0.700	0.100
0.100	0.100	0.100	0.700
0.700	0.100	0.100	0.100
0.700	0.100	0.100	0.100
0.100	0.100	0.700	0.100
0.100	0.100	0.700	0.100
>TATGTCAATA	15-TATGTCAATA	10.296193	-1.382968	0	T:1.0(1.09%),B:125.7(0.31%),P:1e0	Tpos:215.5,Tstd:108.7,Bpos:409.2,Bstd:305.1,StrandBias:10.0,Multiplicity:11.00
0.100	0.100	0.100	0.700
0.700	0.100	0.100	0.100
0.100	0.100	0.100	0.700
0.100	0.100	0.700	0.100
0.100	0.100	0.100	0.700
0.100	0.700	0.100	0.100
0.700	0.100	0.100	0.100
0.700	0.100	0.100	0.100
0.100	0.100	0.100	0.700
0.700	0.100	0.100	0.100
>ATGTCTACGAGA	1-ATGTCTACGAGA	10.960429	-21.990446	0	T:10.0(10.87%),B:237.0(0.59%),P:1e-9	Tpos:490.7,Tstd:252.7,Bpos:521.0,Bstd:285.7,StrandBias:0.0,Multiplicity:1.00
0.855	0.143	0.001	0.001
0.150	0.133	0.001	0.716
0.001	0.001	0.997	0.001
0.001	0.005	0.001	0.993
0.001	0.848	0.001	0.150
0.202	0.001	0.007	0.790
0.997	0.001	0.001	0.001
0.172	0.826	0.001	0.001
0.332	0.001	0.662	0.005
0.813	0.001	0.013	0.173
0.143	0.001	0.850	0.006
0.797	0.201	0.001	0.001
>CGGAAAAATTCG	2-CGGAAAAATTCG	10.852918	-21.710132	0	T:19.0(20.65%),B:1386.7(3.45%),P:1e-9	Tpos:500.5,Tstd:270.2,Bpos:505.0,Bstd:280.9,StrandBias:0.0,Multiplicity:1.11
0.083	0.644	0.001	0.272
0.135	0.150	0.631	0.084
0.101	0.178	0.720	0.001
0.859	0.001	0.061	0.079
0.939	0.001	0.059	0.001
0.997	0.001	0.001	0.001
0.942	0.001	0.001	0.056
0.671	0.083	0.083	0.163
0.116	0.001	0.001	0.882
0.001	0.057	0.001	0.941
0.001	0.901	0.001	0.097
0.112	0.001	0.886	0.001
>ATCTTTTTTGTC	3-ATCTTTTTTGTC	13.110259	-19.914774	0	T:11.0(11.96%),B:391.2(0.97%),P:1e-8	Tpos:492.4,Tstd:326.2,Bpos:539.4,Bstd:302.4,StrandBias:1.0,Multiplicity:1.09
0.997	0.001	0.001	0.001
0.001	0.001	0.001	0.997
0.001	0.900	0.098	0.001
0.096	0.001	0.001	0.902
0.001	0.001	0.001	0.997
0.001	0.001	0.001	0.997
0.001	0.001	0.001	0.997
0.001	0.001	0.001	0.997
0.001	0.001	0.158	0.840
0.254	0.088	0.606	0.052
0.001	0.150	0.001	0.848
0.001	0.997	0.001	0.001
>ATTTCGCAATAG	4-ATTTCGCAATAG	12.131050	-19.395249	0	T:10.0(10.87%),B:312.6(0.78%),P:1e-8	Tpos:642.8,Tstd:250.2,Bpos:529.4,Bstd:307.3,StrandBias:1.0,Multiplicity:1.20
0.797	0.001	0.201	0.001
0.001	0.227	0.001	0.771
0.001	0.001	0.001	0.997
0.227	0.001	0.001	0.771
0.001	0.879	0.001	0.119
0.001	0.001	0.997	0.001
0.070	0.661	0.001	0.268
0.997	0.001	0.001	0.001
0.997	0.001	0.001	0.001
0.001	0.369	0.001	0.629
0.997	0.001	0.001	0.001
0.169	0.001	0.748	0.082
>ATCCACGGAGAC	5-ATCCACGGAGAC	14.183109	-19.256190	0	T:5.0(5.43%),B:22.9(0.06%),P:1e-8	Tpos:219.2,Tstd:73.1,Bpos:391.2,Bstd:261.2,StrandBias:-0.6,Multiplicity:1.00
0.997	0.001	0.001	0.001
0.001	0.001	0.001	0.997
0.001	0.997	0.001	0.001
0.001	0.997	0.001	0.001
0.997	0.001	0.001	0.001
0.145	0.653	0.001	0.201
0.001	0.001	0.997	0.001
0.001	0.001	0.997	0.001
0.997	0.001	0.001	0.001
0.001	0.217	0.781	0.001
0.781	0.001	0.001	0.217
0.001	0.997	0.001	0.001
>CTTATTCATTTG	6-CTTATTCATTTG	10.782113	-19.164266	0	T:18.0(19.57%),B:1439.2(3.58%),P:1e-8	Tpos:525.6,Tstd:309.1,Bpos:506.1,Bstd:301.3,StrandBias:1.5,Multiplicity:1.06
0.001	0.714	0.001	0.284
0.139	0.001	0.069	0.791
0.068	0.001	0.001	0.930
0.832	0.001	0.166	0.001
0.001	0.001	0.001	0.997
0.063	0.070	0.001	0.866
0.001	0.828	0.091	0.080
0.929	0.001	0.069	0.001
0.001	0.071	0.001	0.927
0.081	0.081	0.183	0.655
0.001	0.059	0.078	0.862
0.081	0.076	0.694	0.149
>TCTCCAATTCTT	7-TCTCCAATTCTT	13.104933	-19.010152	0	T:9.0(9.78%),B:237.0(0.59%),P:1e-8	Tpos:631.5,Tstd:321.0,Bpos:502.1,Bstd:312.6,StrandBias:1.2,Multiplicity:1.11
0.001	0.001	0.118	0.880
0.001	0.928	0.001	0.070
0.001	0.001	0.001	0.997
0.001	0.997	0.001	0.001
0.084	0.914	0.001	0.001
0.886	0.001	0.001	0.112
0.882	0.116	0.001	0.001
0.116	0.001	0.001	0.882
0.118	0.001	0.001	0.880
0.001	0.997	0.001	0.001
0.001	0.001	0.001	0.997
0.130	0.001	0.001	0.868
>TCCTATTTCTTA	8-TCCTATTTCTTA	10.691256	-18.845649	0	T:15.0(16.30%),B:966.1(2.41%),P:1e-8	Tpos:470.2,Tstd:245.9,Bpos:552.1,Bstd:292.8,StrandBias:1.1,Multiplicity:1.27
0.108	0.037	0.001	0.854
0.046	0.888	0.001	0.065
0.001	0.896	0.032	0.071
0.129	0.031	0.001	0.839
0.772	0.168	0.001	0.059
0.150	0.108	0.001	0.741
0.001	0.001	0.001	0.997
0.001	0.001	0.001	0.997
0.060	0.856	0.001	0.083
0.219	0.116	0.049	0.616
0.050	0.001	0.116	0.833
0.719	0.062	0.094	0.125
>ACACAATTCTGA	9-ACACAATTCTGA	13.377014	-18.764204	0	T:8.0(8.70%),B:166.9(0.42%),P:1e-8	Tpos:537.9,Tstd:312.8,Bpos:550.4,Bstd:296.3,StrandBias:0.7,Multiplicity:1.00
0.997	0.001	0.001	0.001
0.106	0.760	0.001	0.133
0.997	0.001	0.001	0.001
0.001	0.839	0.159	0.001
0.997	0.001	0.001	0.001
0.997	0.001	0.001	0.001
0.001	0.001	0.001	0.997
0.001	0.001	0.226	0.772
0.137	0.782	0.001	0.080
0.001	0.001	0.001	0.997
0.001	0.001	0.997	0.001
0.997	0.001	0.001	0.001
>TACAGTAAATTA	10-TACAGTAAATTA	11.996020	-17.552927	0	T:9.0(9.78%),B:281.5(0.70%),P:1e-7	Tpos:392.1,Tstd:180.8,Bpos:463.7,Bstd:299.1,StrandBias:-0.3,Multiplicity:1.00
0.001	0.412	0.001	0.586
0.722	0.001	0.001	0.276
0.001	0.769	0.001	0.229
0.997	0.001	0.001	0.001
0.006	0.001	0.992	0.001
0.138	0.001	0.001	0.860
0.700	0.001	0.298	0.001
0.678	0.320	0.001	0.001
0.997	0.001	0.001	0.001
0.001	0.340	0.001	0.658
0.001	0.001	0.001	0.997
0.997	0.001	0.001	0.001
>TTCTTGGGAAAT	11-TTCTTGGGAAAT	13.484417	-16.818118	0	T:9.0(9.78%),B:308.0(0.77%),P:1e-7	Tpos:537.2,Tstd:277.3,Bpos:479.5,Bstd:296.6,StrandBias:-2.0,Multiplicity:1.11
0.001	0.001	0.001	0.997
0.001	0.001	0.001	0.997
0.001	0.814	0.001	0.184
0.001	0.001	0.001	0.997
0.001	0.162	0.001	0.836
0.001	0.001	0.885	0.113
0.001	0.001	0.894	0.104
0.098	0.001	0.900	0.001
0.997	0.001	0.001	0.001
0.997	0.001	0.001	0.001
0.826	0.172	0.001	0.001
0.001	0.001	0.001	0.997
>AAAAGAGAAATW	12-AAAAGAGAAATW	13.795902	-15.642579	0	T:9.0(9.78%),B:354.8(0.88%),P:1e-6	Tpos:635.3,Tstd:303.3,Bpos:534.5,Bstd:314.7,StrandBias:-1.8,Multiplicity:1.00
0.997	0.001	0.001	0.001
0.997	0.001	0.001	0.001
0.892	0.106	0.001	0.001
0.797	0.083	0.119	0.001
0.316	0.074	0.609	0.001
0.997	0.001	0.001	0.001
0.001	0.093	0.905	0.001
0.916	0.001	0.082	0.001
0.798	0.001	0.104	0.097
0.997	0.001	0.001	0.001
0.142	0.001	0.001	0.856
0.465	0.025	0.053	0.458
>AAAACCTGCAGA	13-AAAACCTGCAGA	12.781177	-15.527017	0	T:7.0(7.61%),B:170.9(0.43%),P:1e-6	Tpos:455.9,Tstd:272.3,Bpos:483.9,Bstd:329.2,StrandBias:1.0,Multiplicity:1.29
0.997	0.001	0.001	0.001
0.997	0.001	0.001	0.001
0.997	0.001	0.001	0.001
0.997	0.001	0.001	0.001
0.102	0.896	0.001	0.001
0.146	0.717	0.136	0.001
0.143	0.001	0.001	0.855
0.001	0.001	0.997	0.001
0.001	0.997	0.001	0.001
0.784	0.001	0.214	0.001
0.094	0.001	0.904	0.001
0.997	0.001	0.001	0.001
>GCTASAAATTCA	14-GCTASAAATTCA	14.280730	-15.523838	0	T:4.0(4.35%),B:18.5(0.05%),P:1e-6	Tpos:385.2,Tstd:297.6,Bpos:450.5,Bstd:260.0,StrandBias:10.0,Multiplicity:1.50
0.001	0.001	0.997	0.001
0.001	0.997	0.001	0.001
0.001	0.001	0.001	0.997
0.997	0.001	0.001	0.001
0.001	0.531	0.467	0.001
0.997	0.001	0.001	0.001
0.723	0.001	0.001	0.275
0.997	0.001	0.001	0.001
0.001	0.001	0.001	0.997
0.001	0.001	0.001	0.997
0.001	0.997	0.001	0.001
0.744	0.001	0.001	0.254
>CCATTAAATGGG	15-CCATTAAATGGG	13.544073	-13.349657	0	T:4.0(4.35%),B:33.1(0.08%),P:1e-5	Tpos:437.1,Tstd:245.8,Bpos:460.0,Bstd:320.5,StrandBias:-2.8,Multiplicity:2.00
0.001	0.997	0.001	0.001
0.001	0.997	0.001	0.001
0.997	0.001	0.001	0.001
0.001	0.001	0.001	0.997
0.112	0.001	0.001	0.886
0.997	0.001	0.001	0.001
0.587	0.001	0.001	0.411
0.997	0.001	0.001	0.001
0.001	0.001	0.171	0.827
0.001	0.001	0.856	0.142
0.001	0.001	0.997	0.001
0.001	0.001	0.997	0.001
>CCACATCCACAA	16-CCACATCCACAA	12.701430	-13.030101	0	T:4.0(4.35%),B:36.9(0.09%),P:1e-5	Tpos:564.2,Tstd:164.9,Bpos:473.0,Bstd:246.6,StrandBias:2.8,Multiplicity:2.00
0.001	0.871	0.001	0.127
0.144	0.854	0.001	0.001
0.997	0.001	0.001	0.001
0.001	0.997	0.001	0.001
0.997	0.001	0.001	0.001
0.001	0.001	0.001	0.997
0.180	0.818	0.001	0.001
0.001	0.997	0.001	0.001
0.997	0.001	0.001	0.001
0.001	0.997	0.001	0.001
0.818	0.180	0.001	0.001
0.829	0.001	0.169	0.001
>TTTTCATCAAAA	17-TTTTCATCAAAA	12.508326	-12.815989	0	T:17.0(18.48%),B:1990.4(4.96%),P:1e-5	Tpos:499.0,Tstd:291.2,Bpos:517.1,Bstd:288.9,StrandBias:0.0,Multiplicity:1.29
0.051	0.001	0.001	0.947
0.001	0.001	0.001	0.997
0.098	0.001	0.001	0.900
0.001	0.073	0.087	0.839
0.100	0.779	0.085	0.036
0.943	0.055	0.001	0.001
0.001	0.001	0.033	0.965
0.039	0.828	0.052	0.081
0.923	0.001	0.075	0.001
0.997	0.001	0.001	0.001
0.997	0.001	0.001	0.001
0.909	0.089	0.001	0.001
>CTACACTTTTTT	18-CTACACTTTTTT	14.434630	-11.888372	0	T:4.0(4.35%),B:49.9(0.12%),P:1e-5	Tpos:404.5,Tstd:298.2,Bpos:595.9,Bstd:300.0,StrandBias:0.0,Multiplicity:1.00
0.070	0.784	0.069	0.077
0.111	0.061	0.059	0.769
0.794	0.102	0.049	0.055
0.042	0.819	0.040	0.099
0.848	0.037	0.001	0.114
0.001	0.915	0.053	0.031
0.033	0.042	0.107	0.818
0.267	0.001	0.039	0.693
0.100	0.042	0.001	0.857
0.001	0.001	0.067	0.931
0.001	0.104	0.001	0.894
0.001	0.001	0.098	0.900
>GTTTCAATAGTA	19-GTTTCAATAGTA	12.355432	-8.599878	0	T:2.0(2.17%),B:7.7(0.02%),P:1e-3	Tpos:211.7,Tstd:113.8,Bpos:622.8,Bstd:192.9,StrandBias:-10.0,Multiplicity:1.50
0.100	0.100	0.700	0.100
0.100	0.100	0.100	0.700
0.100	0.100	0.100	0.700
0.100	0.100	0.100	0.700
0.100	0.700	0.100	0.100
0.700	0.100	0.100	0.100
0.700	0.100	0.100	0.100
0.100	0.100	0.100	0.700
0.700	0.100	0.100	0.100
0.100	0.100	0.700	0.100
0.100	0.100	0.100	0.700
0.700	0.100	0.100	0.100
>GCAAAAATCCAT	20-GCAAAAATCCAT	12.355432	-8.179044	0	T:2.0(2.17%),B:9.7(0.02%),P:1e-3	Tpos:422.7,Tstd:222.9,Bpos:371.8,Bstd:204.9,StrandBias:1.0,Multiplicity:1.50
0.100	0.100	0.700	0.100
0.100	0.700	0.100	0.100
0.700	0.100	0.100	0.100
0.700	0.100	0.100	0.100
0.700	0.100	0.100	0.100
0.700	0.100	0.100	0.100
0.700	0.100	0.100	0.100
0.100	0.100	0.100	0.700
0.100	0.700	0.100	0.100
0.100	0.700	0.100	0.100
0.700	0.100	0.100	0.100
0.100	0.100	0.100	0.700
>TAAATTTTGAGG	21-TAAATTTTGAGG	14.554539	-6.330461	0	T:3.0(3.26%),B:101.1(0.25%),P:1e-2	Tpos:383.3,Tstd:256.2,Bpos:534.0,Bstd:315.4,StrandBias:-10.0,Multiplicity:2.00
0.001	0.001	0.001	0.997
0.997	0.001	0.001	0.001
0.997	0.001	0.001	0.001
0.997	0.001	0.001	0.001
0.001	0.001	0.001	0.997
0.001	0.001	0.001	0.997
0.001	0.001	0.001	0.997
0.001	0.001	0.001	0.997
0.001	0.129	0.869	0.001
0.997	0.001	0.001	0.001
0.001	0.001	0.997	0.001
0.001	0.001	0.997	0.001
>GTCAATACATTG	22-GTCAATACATTG	12.355432	-5.389011	0	T:1.0(1.09%),B:1.5(0.00%),P:1e-2	Tpos:194.5,Tstd:116.9,Bpos:478.5,Bstd:40.2,StrandBias:10.0,Multiplicity:14.00
0.100	0.100	0.700	0.100
0.100	0.100	0.100	0.700
0.100	0.700	0.100	0.100
0.700	0.100	0.100	0.100
0.700	0.100	0.100	0.100
0.100	0.100	0.100	0.700
0.700	0.100	0.100	0.100
0.100	0.700	0.100	0.100
0.700	0.100	0.100	0.100
0.100	0.100	0.100	0.700
0.100	0.100	0.100	0.700
0.100	0.100	0.700	0.100
>CGGTGATAAAAA	23-CGGTGATAAAAA	12.355432	-4.984677	0	T:1.0(1.09%),B:2.9(0.01%),P:1e-2	Tpos:365.8,Tstd:248.1,Bpos:389.1,Bstd:230.5,StrandBias:10.0,Multiplicity:4.00
0.100	0.700	0.100	0.100
0.100	0.100	0.700	0.100
0.100	0.100	0.700	0.100
0.100	0.100	0.100	0.700
0.100	0.100	0.700	0.100
0.700	0.100	0.100	0.100
0.100	0.100	0.100	0.700
0.700	0.100	0.100	0.100
0.700	0.100	0.100	0.100
0.700	0.100	0.100	0.100
0.700	0.100	0.100	0.100
0.700	0.100	0.100	0.100
>TAAGGATTTCCC	24-TAAGGATTTCCC	16.516924	-4.698125	0	T:1.0(1.09%),B:3.6(0.01%),P:1e-2	Tpos:192.0,Tstd:108.5,Bpos:314.8,Bstd:359.7,StrandBias:10.0,Multiplicity:13.00
0.001	0.001	0.001	0.997
0.997	0.001	0.001	0.001
0.997	0.001	0.001	0.001
0.001	0.001	0.997	0.001
0.001	0.001	0.997	0.001
0.997	0.001	0.001	0.001
0.001	0.080	0.001	0.918
0.001	0.001	0.001	0.997
0.001	0.001	0.001	0.997
0.001	0.997	0.001	0.001
0.001	0.997	0.001	0.001
0.001	0.997	0.001	0.001
>GCCTACCTGCCT	25-GCCTACCTGCCT	11.826559	-2.561129	0	T:3.0(3.26%),B:430.3(1.07%),P:1e-1	Tpos:335.0,Tstd:182.4,Bpos:474.6,Bstd:284.9,StrandBias:2.8,Multiplicity:2.67
0.001	0.001	0.997	0.001
0.001	0.821	0.001	0.177
0.001	0.643	0.355	0.001
0.196	0.001	0.001	0.802
0.951	0.001	0.047	0.001
0.181	0.637	0.001	0.181
0.181	0.617	0.116	0.086
0.001	0.001	0.001	0.997
0.046	0.001	0.598	0.355
0.001	0.818	0.180	0.001
0.180	0.818	0.001	0.001
0.006	0.001	0.001	0.992
>CATGGGCG	1-CATGGGCG	7.746926	-12.471571	0	T:15.0(16.30%),B:1602.1(3.99%),P:1e-5	Tpos:415.3,Tstd:250.0,Bpos:506.7,Bstd:302.9,StrandBias:-0.4,Multiplicity:1.40
0.001	0.714	0.001	0.284
0.997	0.001	0.001	0.001
0.001	0.208	0.001	0.790
0.126	0.001	0.872	0.001
0.001	0.001	0.997	0.001
0.001	0.001	0.997	0.001
0.001	0.997	0.001	0.001
0.001	0.276	0.722	0.001
>CCCCTTTA	2-CCCCTTTA	10.274668	-10.798227	0	T:7.0(7.61%),B:355.8(0.89%),P:1e-4	Tpos:520.9,Tstd:215.2,Bpos:529.4,Bstd:289.5,StrandBias:0.4,Multiplicity:1.00
0.001	0.997	0.001	0.001
0.178	0.820	0.001	0.001
0.001	0.741	0.257	0.001
0.001	0.997	0.001	0.001
0.001	0.001	0.001	0.997
0.001	0.259	0.001	0.739
0.001	0.001	0.001	0.997
0.997	0.001	0.001	0.001
>CCGGTGAT	3-CCGGTGAT	6.936869	-10.711084	0	T:14.0(15.22%),B:1634.2(4.07%),P:1e-4	Tpos:505.0,Tstd:267.4,Bpos:509.3,Bstd:300.9,StrandBias:0.5,Multiplicity:1.21
0.104	0.894	0.001	0.001
0.001	0.997	0.001	0.001
0.001	0.001	0.997	0.001
0.001	0.001	0.997	0.001
0.001	0.063	0.001	0.935
0.001	0.001	0.997	0.001
0.997	0.001	0.001	0.001
0.001	0.164	0.001	0.834
>GATGTCGT	4-GATGTCGT	8.236954	-9.941630	0	T:8.0(8.70%),B:558.6(1.39%),P:1e-4	Tpos:470.6,Tstd:303.3,Bpos:506.7,Bstd:296.2,StrandBias:0.3,Multiplicity:1.12
0.100	0.100	0.700	0.100
0.700	0.100	0.100	0.100
0.100	0.100	0.100	0.700
0.100	0.100	0.700	0.100
0.100	0.100	0.100	0.700
0.100	0.700	0.100	0.100
0.100	0.100	0.700	0.100
0.100	0.100	0.100	0.700
>TGAATAAG	5-TGAATAAG	8.236954	-8.209954	0	T:13.0(14.13%),B:1821.5(4.54%),P:1e-3	Tpos:484.8,Tstd:310.4,Bpos:510.0,Bstd:304.9,StrandBias:-0.4,Multiplicity:1.08
0.100	0.100	0.100	0.700
0.100	0.100	0.700	0.100
0.700	0.100	0.100	0.100
0.700	0.100	0.100	0.100
0.100	0.100	0.100	0.700
0.700	0.100	0.100	0.100
0.700	0.100	0.100	0.100
0.100	0.100	0.700	0.100
>GTATKGAC	6-GTATKGAC	8.016016	-2.665141	0	T:6.0(6.52%),B:1257.7(3.13%),P:1e-1	Tpos:239.2,Tstd:222.6,Bpos:482.5,Bstd:305.8,StrandBias:-2.0,Multiplicity:3.33
0.001	0.001	0.997	0.001
0.001	0.001	0.001	0.997
0.997	0.001	0.001	0.001
0.001	0.083	0.001	0.915
0.001	0.001	0.431	0.567
0.001	0.001	0.997	0.001
0.997	0.001	0.001	0.001
0.001	0.997	0.001	0.001
>ATCCTTAC	7-ATCCTTAC	8.236954	-1.332458	0	T:2.0(2.17%),B:435.0(1.08%),P:1e0	Tpos:188.1,Tstd:104.6,Bpos:478.8,Bstd:313.0,StrandBias:-10.0,Multiplicity:7.00
0.700	0.100	0.100	0.100
0.100	0.100	0.100	0.700
0.100	0.700	0.100	0.100
0.100	0.700	0.100	0.100
0.100	0.100	0.100	0.700
0.100	0.100	0.100	0.700
0.700	0.100	0.100	0.100
0.100	0.700	0.100	0.100
