>WTATAGKCCACG	20-CGTGGMCTATAW	9.521193	-15.017163	0	T:15.0(7.01%),B:541.1(1.33%),P:1e-6
0.498	0.050	0.064	0.388
0.001	0.071	0.001	0.927
0.615	0.383	0.001	0.001
0.192	0.001	0.001	0.806
0.881	0.064	0.002	0.053
0.126	0.001	0.705	0.168
0.075	0.001	0.427	0.497
0.001	0.655	0.291	0.053
0.351	0.647	0.001	0.001
0.508	0.308	0.001	0.183
0.001	0.882	0.116	0.001
0.001	0.001	0.877	0.121
