>ATATCATCGT	1-ATATCATCGT	7.115757	-21.154090	0	T:42.0(40.00%),B:6243.4(15.13%),P:1e-9	Tpos:497.3,Tstd:280.3,Bpos:498.5,Bstd:316.1,StrandBias:0.3,Multiplicity:1.21
0.780	0.027	0.111	0.082
0.052	0.048	0.051	0.849
0.802	0.071	0.076	0.051
0.113	0.120	0.017	0.750
0.130	0.832	0.020	0.018
0.847	0.035	0.075	0.043
0.053	0.110	0.079	0.758
0.098	0.732	0.096	0.074
0.054	0.066	0.830	0.050
0.077	0.073	0.021	0.829
>TATGACGAAC	2-TATGACGAAC	9.933647	-20.711797	0	T:13.0(12.38%),B:516.2(1.25%),P:1e-8	Tpos:549.4,Tstd:308.3,Bpos:510.1,Bstd:319.4,StrandBias:-1.9,Multiplicity:1.08
0.001	0.001	0.077	0.921
0.778	0.085	0.089	0.048
0.001	0.001	0.121	0.877
0.083	0.001	0.915	0.001
0.898	0.100	0.001	0.001
0.001	0.947	0.001	0.051
0.001	0.001	0.997	0.001
0.811	0.086	0.001	0.102
0.997	0.001	0.001	0.001
0.001	0.926	0.072	0.001
>TTATCACCTC	3-TTATCACCTC	8.895292	-20.265317	0	T:20.0(19.05%),B:1509.2(3.66%),P:1e-8	Tpos:527.3,Tstd:259.9,Bpos:536.8,Bstd:323.8,StrandBias:0.6,Multiplicity:1.15
0.001	0.001	0.001	0.997
0.001	0.001	0.001	0.997
0.807	0.001	0.093	0.099
0.001	0.001	0.001	0.997
0.001	0.888	0.110	0.001
0.688	0.112	0.110	0.090
0.053	0.892	0.001	0.054
0.001	0.960	0.001	0.038
0.059	0.001	0.001	0.939
0.001	0.887	0.061	0.051
>TATGTCTATC	4-TATGTCTATC	9.718549	-19.247537	0	T:18.0(17.14%),B:1274.9(3.09%),P:1e-8	Tpos:507.2,Tstd:304.7,Bpos:525.5,Bstd:305.6,StrandBias:0.7,Multiplicity:1.00
0.083	0.001	0.078	0.838
0.951	0.001	0.001	0.047
0.095	0.001	0.001	0.903
0.001	0.125	0.838	0.036
0.001	0.001	0.001	0.997
0.041	0.838	0.070	0.051
0.001	0.001	0.001	0.997
0.936	0.001	0.001	0.062
0.001	0.001	0.100	0.898
0.068	0.874	0.001	0.057
>CTGAAGCCAG	5-CTGAAGCCAG	9.223293	-19.066835	0	T:13.0(12.38%),B:594.7(1.44%),P:1e-8	Tpos:410.4,Tstd:273.7,Bpos:491.0,Bstd:316.2,StrandBias:-1.2,Multiplicity:1.00
0.081	0.858	0.001	0.060
0.001	0.135	0.001	0.863
0.139	0.001	0.859	0.001
0.997	0.001	0.001	0.001
0.997	0.001	0.001	0.001
0.065	0.001	0.933	0.001
0.001	0.912	0.086	0.001
0.080	0.835	0.001	0.084
0.901	0.001	0.001	0.097
0.055	0.001	0.943	0.001
>CAAAAGTCAG	6-CAAAAGTCAG	9.898352	-18.864291	0	T:23.0(21.90%),B:2192.1(5.31%),P:1e-8	Tpos:474.3,Tstd:261.8,Bpos:510.0,Bstd:307.2,StrandBias:-1.1,Multiplicity:1.09
0.189	0.707	0.048	0.056
0.869	0.001	0.129	0.001
0.997	0.001	0.001	0.001
0.997	0.001	0.001	0.001
0.997	0.001	0.001	0.001
0.001	0.001	0.943	0.055
0.067	0.076	0.001	0.856
0.001	0.961	0.037	0.001
0.870	0.081	0.001	0.048
0.067	0.001	0.837	0.095
>CTTCGCCGAA	7-CTTCGCCGAA	10.258961	-17.989826	0	T:11.0(10.48%),B:423.9(1.03%),P:1e-7	Tpos:500.2,Tstd:306.1,Bpos:494.4,Bstd:307.7,StrandBias:0.0,Multiplicity:1.00
0.001	0.918	0.080	0.001
0.089	0.001	0.117	0.793
0.001	0.001	0.001	0.997
0.001	0.997	0.001	0.001
0.069	0.001	0.929	0.001
0.082	0.741	0.097	0.080
0.001	0.918	0.001	0.080
0.001	0.103	0.895	0.001
0.997	0.001	0.001	0.001
0.898	0.001	0.001	0.100
>CCCACCAATT	8-CCCACCAATT	9.954150	-16.221167	0	T:14.0(13.33%),B:904.2(2.19%),P:1e-7	Tpos:578.1,Tstd:302.1,Bpos:510.3,Bstd:291.4,StrandBias:0.2,Multiplicity:1.07
0.050	0.876	0.037	0.037
0.001	0.946	0.001	0.052
0.001	0.997	0.001	0.001
0.881	0.058	0.060	0.001
0.051	0.906	0.001	0.042
0.042	0.956	0.001	0.001
0.913	0.085	0.001	0.001
0.854	0.082	0.001	0.063
0.061	0.001	0.112	0.826
0.001	0.001	0.099	0.899
>GCTTATACTC	9-GCTTATACTC	7.241683	-15.376407	0	T:31.0(29.52%),B:4548.2(11.02%),P:1e-6	Tpos:579.9,Tstd:272.4,Bpos:507.2,Bstd:316.6,StrandBias:-0.2,Multiplicity:1.23
0.090	0.129	0.721	0.060
0.080	0.705	0.101	0.114
0.044	0.028	0.025	0.903
0.043	0.084	0.022	0.851
0.877	0.039	0.039	0.045
0.001	0.110	0.055	0.834
0.912	0.037	0.001	0.050
0.070	0.782	0.060	0.088
0.055	0.149	0.026	0.770
0.101	0.652	0.118	0.129
>ACCATGTAAA	10-ACCATGTAAA	8.662188	-13.947065	0	T:16.0(15.24%),B:1445.6(3.50%),P:1e-6	Tpos:589.9,Tstd:294.5,Bpos:500.1,Bstd:306.8,StrandBias:0.0,Multiplicity:1.38
0.930	0.001	0.001	0.068
0.032	0.966	0.001	0.001
0.001	0.997	0.001	0.001
0.827	0.087	0.001	0.085
0.001	0.001	0.001	0.997
0.055	0.088	0.856	0.001
0.001	0.001	0.056	0.942
0.828	0.001	0.074	0.097
0.877	0.001	0.121	0.001
0.784	0.124	0.001	0.091
>TAGATTTACG	11-TAGATTTACG	8.827341	-12.842958	0	T:13.0(12.38%),B:1034.4(2.51%),P:1e-5	Tpos:509.5,Tstd:286.3,Bpos:523.1,Bstd:289.7,StrandBias:-2.3,Multiplicity:1.38
0.001	0.001	0.001	0.997
0.997	0.001	0.001	0.001
0.001	0.083	0.915	0.001
0.940	0.001	0.001	0.058
0.001	0.001	0.001	0.997
0.001	0.001	0.001	0.997
0.101	0.113	0.001	0.785
0.962	0.001	0.001	0.036
0.001	0.896	0.064	0.039
0.001	0.075	0.866	0.058
>CGAGCTTTGA	12-CGAGCTTTGA	8.350283	-10.999699	0	T:16.0(15.24%),B:1828.9(4.43%),P:1e-4	Tpos:557.6,Tstd:322.3,Bpos:487.0,Bstd:301.8,StrandBias:0.6,Multiplicity:1.00
0.100	0.700	0.100	0.100
0.100	0.100	0.700	0.100
0.700	0.100	0.100	0.100
0.100	0.100	0.700	0.100
0.100	0.700	0.100	0.100
0.100	0.100	0.100	0.700
0.100	0.100	0.100	0.700
0.100	0.100	0.100	0.700
0.100	0.100	0.700	0.100
0.700	0.100	0.100	0.100
>CTGTCACCTT	13-CTGTCACCTT	8.350283	-10.735061	0	T:15.0(14.29%),B:1659.7(4.02%),P:1e-4	Tpos:466.2,Tstd:317.9,Bpos:506.0,Bstd:321.9,StrandBias:-0.2,Multiplicity:1.00
0.100	0.700	0.100	0.100
0.100	0.100	0.100	0.700
0.100	0.100	0.700	0.100
0.100	0.100	0.100	0.700
0.100	0.700	0.100	0.100
0.700	0.100	0.100	0.100
0.100	0.700	0.100	0.100
0.100	0.700	0.100	0.100
0.100	0.100	0.100	0.700
0.100	0.100	0.100	0.700
>GCAAGMSRTG	14-GCAAGMSRTG	10.361757	-9.628706	0	T:6.0(5.71%),B:262.0(0.64%),P:1e-4	Tpos:400.7,Tstd:226.0,Bpos:489.0,Bstd:320.2,StrandBias:-1.8,Multiplicity:1.50
0.002	0.001	0.996	0.001
0.077	0.854	0.058	0.011
0.997	0.001	0.001	0.001
0.997	0.001	0.001	0.001
0.001	0.001	0.997	0.001
0.436	0.511	0.029	0.024
0.011	0.417	0.436	0.135
0.441	0.001	0.557	0.001
0.001	0.001	0.001	0.997
0.004	0.061	0.934	0.001
>GTGCTCCGGG	15-GTGCTCCGGG	8.350283	-3.526933	0	T:5.0(4.76%),B:672.0(1.63%),P:1e-1	Tpos:356.7,Tstd:273.1,Bpos:488.0,Bstd:290.1,StrandBias:-2.0,Multiplicity:3.00
0.100	0.100	0.700	0.100
0.100	0.100	0.100	0.700
0.100	0.100	0.700	0.100
0.100	0.700	0.100	0.100
0.100	0.100	0.100	0.700
0.100	0.700	0.100	0.100
0.100	0.700	0.100	0.100
0.100	0.100	0.700	0.100
0.100	0.100	0.700	0.100
0.100	0.100	0.700	0.100
