>TCCAACCA	1-TCCAACCA	5.852369	-13.295245	0	T:52.0(49.52%),B:11403.1(27.64%),P:1e-5	Tpos:571.8,Tstd:278.6,Bpos:504.2,Bstd:317.8,StrandBias:0.6,Multiplicity:1.29
0.129	0.252	0.217	0.402
0.001	0.860	0.138	0.001
0.001	0.689	0.160	0.150
0.555	0.358	0.001	0.086
0.611	0.235	0.153	0.001
0.260	0.487	0.082	0.171
0.035	0.616	0.310	0.039
0.683	0.154	0.122	0.041
>TATAAGCC	2-TATAAGCC	6.915743	-13.225845	0	T:33.0(31.43%),B:5567.2(13.49%),P:1e-5	Tpos:470.3,Tstd:294.4,Bpos:504.1,Bstd:315.8,StrandBias:0.4,Multiplicity:1.22
0.001	0.109	0.082	0.808
0.919	0.001	0.079	0.001
0.093	0.177	0.001	0.729
0.981	0.017	0.001	0.001
0.554	0.119	0.303	0.024
0.001	0.180	0.559	0.260
0.039	0.959	0.001	0.001
0.037	0.961	0.001	0.001
>CAAAGGTC	3-CAAAGGTC	7.829860	-12.312075	0	T:36.0(34.29%),B:6666.6(16.16%),P:1e-5	Tpos:529.0,Tstd:258.0,Bpos:500.2,Bstd:309.4,StrandBias:-0.7,Multiplicity:1.26
0.001	0.838	0.001	0.160
0.933	0.065	0.001	0.001
0.936	0.001	0.062	0.001
0.997	0.001	0.001	0.001
0.221	0.001	0.777	0.001
0.001	0.001	0.763	0.235
0.001	0.074	0.001	0.924
0.001	0.902	0.001	0.096
>TTTGATCT	4-TTTGATCT	8.582110	-10.343857	0	T:31.0(29.52%),B:5786.3(14.02%),P:1e-4	Tpos:498.4,Tstd:282.9,Bpos:510.0,Bstd:310.6,StrandBias:-0.5,Multiplicity:1.26
0.001	0.001	0.001	0.997
0.001	0.001	0.001	0.997
0.097	0.001	0.001	0.901
0.001	0.001	0.997	0.001
0.997	0.001	0.001	0.001
0.001	0.001	0.001	0.997
0.001	0.997	0.001	0.001
0.001	0.092	0.001	0.906
>CTCCGCGA	5-CTCCGCGA	8.834396	-5.857332	0	T:7.0(6.67%),B:733.8(1.78%),P:1e-2	Tpos:503.8,Tstd:239.3,Bpos:513.0,Bstd:292.5,StrandBias:-1.2,Multiplicity:1.86
0.001	0.997	0.001	0.001
0.001	0.001	0.107	0.891
0.001	0.997	0.001	0.001
0.001	0.997	0.001	0.001
0.001	0.001	0.997	0.001
0.001	0.997	0.001	0.001
0.001	0.001	0.997	0.001
0.997	0.001	0.001	0.001
