>TTCTKGCTGVMM	1-TTCTKGCTGVMM	11.753731	-23.598165	0	T:11.0(10.48%),B:243.5(0.59%),P:1e-10	Tpos:534.4,Tstd:288.6,Bpos:504.7,Bstd:317.8,StrandBias:-1.4,Multiplicity:1.00
0.001	0.001	0.001	0.997
0.001	0.001	0.196	0.802
0.001	0.997	0.001	0.001
0.001	0.001	0.001	0.997
0.001	0.024	0.513	0.462
0.001	0.001	0.997	0.001
0.001	0.658	0.001	0.340
0.001	0.001	0.019	0.979
0.291	0.001	0.707	0.001
0.320	0.386	0.293	0.001
0.448	0.550	0.001	0.001
0.509	0.489	0.001	0.001
>CGTAGTCAACTT	2-CGTAGTCAACTT	14.141648	-22.393904	0	T:5.0(4.76%),B:9.4(0.02%),P:1e-9	Tpos:448.4,Tstd:235.7,Bpos:559.2,Bstd:179.7,StrandBias:0.6,Multiplicity:1.00
0.001	0.997	0.001	0.001
0.001	0.001	0.997	0.001
0.001	0.001	0.194	0.804
0.997	0.001	0.001	0.001
0.168	0.001	0.830	0.001
0.001	0.219	0.001	0.779
0.001	0.997	0.001	0.001
0.997	0.001	0.001	0.001
0.997	0.001	0.001	0.001
0.001	0.804	0.001	0.194
0.001	0.001	0.001	0.997
0.001	0.001	0.001	0.997
>CATTTTCCARTA	3-CATTTTCCARTA	11.270435	-21.752039	0	T:17.0(16.19%),B:945.2(2.29%),P:1e-9	Tpos:443.1,Tstd:271.6,Bpos:489.2,Bstd:297.5,StrandBias:1.3,Multiplicity:1.00
0.072	0.637	0.001	0.290
0.896	0.036	0.001	0.067
0.062	0.027	0.027	0.884
0.001	0.001	0.048	0.950
0.001	0.041	0.001	0.957
0.081	0.038	0.213	0.668
0.148	0.527	0.033	0.292
0.340	0.564	0.065	0.031
0.663	0.021	0.017	0.299
0.382	0.001	0.471	0.146
0.272	0.056	0.001	0.671
0.893	0.001	0.001	0.105
>CGTAGTGDACRA	4-CGTAGTGDACRA	10.453095	-20.816393	0	T:10.0(9.52%),B:239.8(0.58%),P:1e-9	Tpos:522.8,Tstd:243.5,Bpos:498.6,Bstd:324.8,StrandBias:0.6,Multiplicity:1.00
0.203	0.574	0.001	0.222
0.001	0.001	0.884	0.114
0.001	0.001	0.001	0.997
0.997	0.001	0.001	0.001
0.115	0.001	0.684	0.200
0.001	0.001	0.001	0.997
0.106	0.001	0.892	0.001
0.222	0.100	0.362	0.316
0.767	0.231	0.001	0.001
0.001	0.997	0.001	0.001
0.325	0.105	0.454	0.115
0.769	0.130	0.001	0.100
>TCTTTAGATTTG	5-TCTTTAGATTTG	11.676311	-20.813186	0	T:9.0(8.57%),B:170.0(0.41%),P:1e-9	Tpos:594.5,Tstd:240.4,Bpos:522.3,Bstd:315.7,StrandBias:1.4,Multiplicity:1.22
0.001	0.001	0.140	0.858
0.001	0.896	0.102	0.001
0.001	0.001	0.161	0.837
0.001	0.001	0.001	0.997
0.001	0.001	0.123	0.875
0.997	0.001	0.001	0.001
0.076	0.001	0.922	0.001
0.997	0.001	0.001	0.001
0.001	0.001	0.001	0.997
0.149	0.001	0.001	0.849
0.001	0.001	0.001	0.997
0.115	0.001	0.883	0.001
>TTCGATAAATGA	6-TTCGATAAATGA	12.878614	-20.675254	0	T:7.0(6.67%),B:69.9(0.17%),P:1e-8	Tpos:573.2,Tstd:227.1,Bpos:463.4,Bstd:335.6,StrandBias:0.0,Multiplicity:1.14
0.001	0.181	0.001	0.817
0.001	0.001	0.001	0.997
0.001	0.899	0.099	0.001
0.001	0.001	0.997	0.001
0.997	0.001	0.001	0.001
0.077	0.001	0.001	0.921
0.550	0.288	0.001	0.161
0.592	0.161	0.001	0.246
0.601	0.397	0.001	0.001
0.001	0.001	0.001	0.997
0.001	0.001	0.997	0.001
0.997	0.001	0.001	0.001
>AATTTCTTATCA	7-AATTTCTTATCA	14.148497	-20.195339	0	T:9.0(8.57%),B:183.5(0.44%),P:1e-8	Tpos:559.6,Tstd:281.8,Bpos:538.7,Bstd:320.8,StrandBias:0.3,Multiplicity:1.00
0.905	0.093	0.001	0.001
0.997	0.001	0.001	0.001
0.001	0.001	0.001	0.997
0.161	0.001	0.001	0.837
0.001	0.001	0.001	0.997
0.001	0.997	0.001	0.001
0.133	0.001	0.001	0.865
0.001	0.001	0.001	0.997
0.997	0.001	0.001	0.001
0.001	0.001	0.001	0.997
0.001	0.868	0.130	0.001
0.997	0.001	0.001	0.001
>CAAGAGAAAAGG	8-CAAGAGAAAAGG	13.466760	-19.689887	0	T:8.0(7.62%),B:131.3(0.32%),P:1e-8	Tpos:597.8,Tstd:291.7,Bpos:530.9,Bstd:365.8,StrandBias:-1.6,Multiplicity:1.00
0.066	0.932	0.001	0.001
0.997	0.001	0.001	0.001
0.997	0.001	0.001	0.001
0.108	0.001	0.890	0.001
0.843	0.001	0.001	0.155
0.001	0.001	0.997	0.001
0.997	0.001	0.001	0.001
0.795	0.001	0.001	0.203
0.997	0.001	0.001	0.001
0.997	0.001	0.001	0.001
0.093	0.120	0.786	0.001
0.098	0.001	0.900	0.001
>TCCATTTTCATT	9-TCCATTTTCATT	12.698197	-19.687629	0	T:12.0(11.43%),B:455.4(1.10%),P:1e-8	Tpos:588.4,Tstd:255.0,Bpos:502.6,Bstd:306.3,StrandBias:0.0,Multiplicity:1.17
0.089	0.001	0.096	0.814
0.001	0.961	0.001	0.037
0.038	0.898	0.001	0.063
0.997	0.001	0.001	0.001
0.077	0.001	0.001	0.921
0.001	0.001	0.001	0.997
0.100	0.001	0.001	0.898
0.001	0.001	0.114	0.884
0.001	0.947	0.001	0.051
0.904	0.094	0.001	0.001
0.001	0.088	0.080	0.831
0.001	0.001	0.001	0.997
>GCAAGAAAATAT	10-GCAAGAAAATAT	13.000945	-19.551601	0	T:10.0(9.52%),B:274.4(0.67%),P:1e-8	Tpos:438.4,Tstd:309.3,Bpos:511.1,Bstd:302.6,StrandBias:-1.2,Multiplicity:1.00
0.001	0.001	0.932	0.066
0.051	0.947	0.001	0.001
0.997	0.001	0.001	0.001
0.878	0.001	0.120	0.001
0.001	0.101	0.805	0.093
0.997	0.001	0.001	0.001
0.808	0.190	0.001	0.001
0.997	0.001	0.001	0.001
0.892	0.001	0.001	0.106
0.001	0.001	0.001	0.997
0.911	0.001	0.001	0.087
0.077	0.001	0.001	0.921
>TAGATTAATGTC	11-TAGATTAATGTC	13.821572	-19.267998	0	T:6.0(5.71%),B:46.1(0.11%),P:1e-8	Tpos:495.0,Tstd:309.8,Bpos:498.6,Bstd:292.6,StrandBias:0.0,Multiplicity:1.00
0.206	0.001	0.001	0.792
0.997	0.001	0.001	0.001
0.001	0.001	0.997	0.001
0.997	0.001	0.001	0.001
0.158	0.001	0.001	0.840
0.131	0.001	0.001	0.867
0.819	0.001	0.001	0.179
0.997	0.001	0.001	0.001
0.001	0.001	0.001	0.997
0.001	0.001	0.997	0.001
0.001	0.001	0.001	0.997
0.001	0.858	0.001	0.140
>AYGTTATCAGTG	12-AYGTTATCAGTG	11.531722	-18.098106	0	T:12.0(11.43%),B:527.5(1.28%),P:1e-7	Tpos:633.2,Tstd:231.2,Bpos:573.7,Bstd:308.6,StrandBias:-0.7,Multiplicity:1.08
0.583	0.301	0.001	0.115
0.101	0.417	0.001	0.481
0.001	0.365	0.633	0.001
0.001	0.001	0.001	0.997
0.001	0.001	0.176	0.822
0.892	0.001	0.001	0.106
0.001	0.001	0.001	0.997
0.105	0.893	0.001	0.001
0.997	0.001	0.001	0.001
0.128	0.001	0.717	0.154
0.001	0.001	0.001	0.997
0.001	0.146	0.687	0.166
>GCAATACGGGCC	13-GCAATACGGGCC	15.096400	-17.957491	0	T:3.0(2.86%),B:0.8(0.00%),P:1e-7	Tpos:626.7,Tstd:101.7,Bpos:416.0,Bstd:0.0,StrandBias:1.0,Multiplicity:1.00
0.001	0.001	0.997	0.001
0.001	0.997	0.001	0.001
0.997	0.001	0.001	0.001
0.997	0.001	0.001	0.001
0.001	0.001	0.001	0.997
0.997	0.001	0.001	0.001
0.001	0.666	0.001	0.332
0.001	0.001	0.997	0.001
0.001	0.001	0.997	0.001
0.001	0.001	0.997	0.001
0.001	0.666	0.332	0.001
0.001	0.997	0.001	0.001
>SGGATTGGCTCR	14-SGGATTGGCTCR	9.840156	-17.235774	0	T:7.0(6.67%),B:117.9(0.29%),P:1e-7	Tpos:463.6,Tstd:300.8,Bpos:470.7,Bstd:265.0,StrandBias:0.7,Multiplicity:1.14
0.001	0.443	0.555	0.001
0.001	0.001	0.637	0.361
0.001	0.001	0.997	0.001
0.657	0.001	0.341	0.001
0.001	0.001	0.001	0.997
0.001	0.001	0.001	0.997
0.001	0.017	0.981	0.001
0.001	0.001	0.997	0.001
0.001	0.997	0.001	0.001
0.001	0.140	0.001	0.858
0.001	0.984	0.014	0.001
0.444	0.140	0.415	0.001
>WCAYRGCTTGCA	15-WCAYRGCTTGCA	13.191960	-16.479525	0	T:4.0(3.81%),B:12.7(0.03%),P:1e-7	Tpos:506.7,Tstd:191.3,Bpos:544.5,Bstd:238.1,StrandBias:2.3,Multiplicity:1.50
0.518	0.001	0.001	0.480
0.001	0.836	0.162	0.001
0.997	0.001	0.001	0.001
0.001	0.562	0.001	0.436
0.323	0.232	0.437	0.008
0.001	0.130	0.638	0.231
0.001	0.997	0.001	0.001
0.001	0.001	0.001	0.997
0.001	0.001	0.001	0.997
0.007	0.130	0.700	0.163
0.001	0.997	0.001	0.001
0.997	0.001	0.001	0.001
>TCATTTTACAAG	16-TCATTTTACAAG	11.317169	-14.150337	0	T:7.0(6.67%),B:188.3(0.46%),P:1e-6	Tpos:486.1,Tstd:303.5,Bpos:497.8,Bstd:289.9,StrandBias:0.0,Multiplicity:1.14
0.001	0.047	0.001	0.951
0.001	0.997	0.001	0.001
0.997	0.001	0.001	0.001
0.001	0.001	0.001	0.997
0.001	0.047	0.001	0.951
0.001	0.001	0.001	0.997
0.001	0.001	0.001	0.997
0.997	0.001	0.001	0.001
0.001	0.787	0.001	0.211
0.851	0.120	0.001	0.028
0.951	0.001	0.047	0.001
0.001	0.001	0.982	0.016
>GGTTTTGATTTT	17-GGTTTTGATTTT	12.070259	-14.016022	0	T:11.0(10.48%),B:635.6(1.54%),P:1e-6	Tpos:435.1,Tstd:310.4,Bpos:507.1,Bstd:285.1,StrandBias:0.2,Multiplicity:1.36
0.089	0.001	0.909	0.001
0.001	0.001	0.997	0.001
0.001	0.001	0.151	0.847
0.130	0.001	0.001	0.868
0.001	0.001	0.001	0.997
0.148	0.001	0.151	0.700
0.001	0.001	0.632	0.366
0.972	0.001	0.001	0.026
0.089	0.001	0.001	0.909
0.001	0.141	0.001	0.857
0.001	0.001	0.001	0.997
0.104	0.081	0.001	0.814
>TAGATTTACGGG	18-TAGATTTACGGG	14.095951	-9.909334	0	T:3.0(2.86%),B:25.5(0.06%),P:1e-4	Tpos:538.8,Tstd:174.2,Bpos:599.4,Bstd:276.6,StrandBias:-1.6,Multiplicity:1.33
0.001	0.001	0.001	0.997
0.997	0.001	0.001	0.001
0.001	0.227	0.771	0.001
0.997	0.001	0.001	0.001
0.001	0.001	0.001	0.997
0.001	0.001	0.001	0.997
0.001	0.001	0.001	0.997
0.997	0.001	0.001	0.001
0.001	0.737	0.261	0.001
0.001	0.001	0.997	0.001
0.001	0.165	0.833	0.001
0.136	0.001	0.862	0.001
>KTTWGTGGMCTA	19-KTTWGTGGMCTA	10.398897	-9.607625	0	T:9.0(8.57%),B:679.3(1.65%),P:1e-4	Tpos:419.8,Tstd:254.7,Bpos:508.6,Bstd:313.5,StrandBias:-1.3,Multiplicity:1.56
0.200	0.103	0.328	0.368
0.001	0.001	0.001	0.997
0.001	0.001	0.001	0.997
0.513	0.001	0.089	0.397
0.108	0.084	0.807	0.001
0.102	0.001	0.001	0.896
0.001	0.001	0.997	0.001
0.251	0.001	0.524	0.224
0.421	0.410	0.001	0.168
0.001	0.927	0.001	0.071
0.001	0.001	0.296	0.702
0.997	0.001	0.001	0.001
>ACAAACAAAACT	20-ACAAACAAAACT	10.409522	-8.696924	0	T:12.0(11.43%),B:1339.6(3.25%),P:1e-3	Tpos:620.3,Tstd:224.9,Bpos:514.4,Bstd:292.6,StrandBias:-1.0,Multiplicity:1.25
0.700	0.100	0.100	0.100
0.100	0.700	0.100	0.100
0.700	0.100	0.100	0.100
0.700	0.100	0.100	0.100
0.700	0.100	0.100	0.100
0.100	0.700	0.100	0.100
0.700	0.100	0.100	0.100
0.700	0.100	0.100	0.100
0.700	0.100	0.100	0.100
0.700	0.100	0.100	0.100
0.100	0.700	0.100	0.100
0.100	0.100	0.100	0.700
>TGTGCTSYGCGW	21-TGTGCTSYGCGW	9.096182	-8.110366	0	T:5.0(4.76%),B:223.6(0.54%),P:1e-3	Tpos:443.1,Tstd:247.1,Bpos:523.9,Bstd:323.6,StrandBias:-2.3,Multiplicity:2.40
0.001	0.001	0.391	0.607
0.001	0.001	0.997	0.001
0.001	0.001	0.075	0.923
0.001	0.001	0.997	0.001
0.001	0.997	0.001	0.001
0.001	0.001	0.001	0.997
0.001	0.477	0.521	0.001
0.010	0.469	0.001	0.520
0.001	0.001	0.997	0.001
0.008	0.600	0.001	0.391
0.001	0.001	0.997	0.001
0.487	0.001	0.001	0.511
