>GCACTGTGCG	1-GCACTGTGCG	10.674019	-24.620845	0	T:9.0(14.29%),B:174.0(0.46%),P:1e-10	Tpos:704.5,Tstd:264.2,Bpos:551.7,Bstd:292.1,StrandBias:0.0,Multiplicity:1.00
0.097	0.132	0.770	0.001
0.106	0.892	0.001	0.001
0.997	0.001	0.001	0.001
0.001	0.897	0.001	0.101
0.135	0.001	0.001	0.863
0.001	0.097	0.901	0.001
0.001	0.001	0.001	0.997
0.001	0.001	0.897	0.101
0.001	0.997	0.001	0.001
0.099	0.001	0.899	0.001
>AAAACTCCCT	2-AAAACTCCCT	10.169698	-22.088961	0	T:15.0(23.81%),B:1088.0(2.86%),P:1e-9	Tpos:468.5,Tstd:266.0,Bpos:524.7,Bstd:319.9,StrandBias:0.2,Multiplicity:1.13
0.919	0.079	0.001	0.001
0.883	0.001	0.115	0.001
0.997	0.001	0.001	0.001
0.923	0.075	0.001	0.001
0.046	0.848	0.001	0.105
0.001	0.001	0.087	0.911
0.055	0.804	0.052	0.089
0.001	0.997	0.001	0.001
0.041	0.847	0.061	0.051
0.001	0.069	0.001	0.929
>TACACCTCCG	3-TACACCTCCG	8.220559	-20.703434	0	T:14.0(22.22%),B:1008.8(2.65%),P:1e-8	Tpos:421.9,Tstd:270.3,Bpos:501.3,Bstd:345.2,StrandBias:-1.0,Multiplicity:1.07
0.113	0.053	0.106	0.728
0.825	0.077	0.001	0.097
0.038	0.706	0.166	0.090
0.857	0.001	0.001	0.141
0.057	0.895	0.001	0.047
0.001	0.817	0.113	0.069
0.003	0.184	0.173	0.640
0.074	0.868	0.001	0.057
0.001	0.905	0.001	0.093
0.160	0.064	0.775	0.001
>TTGACTGGAG	4-TTGACTGGAG	10.474119	-19.896205	0	T:10.0(15.87%),B:420.5(1.11%),P:1e-8	Tpos:339.9,Tstd:252.6,Bpos:466.4,Bstd:329.4,StrandBias:-1.2,Multiplicity:1.00
0.152	0.001	0.001	0.846
0.197	0.001	0.001	0.801
0.001	0.001	0.997	0.001
0.855	0.001	0.001	0.143
0.001	0.779	0.001	0.219
0.001	0.001	0.001	0.997
0.001	0.001	0.997	0.001
0.001	0.001	0.728	0.270
0.997	0.001	0.001	0.001
0.001	0.001	0.997	0.001
>GGCCGTTGGA	5-GGCCGTTGGA	11.002481	-19.104668	0	T:9.0(14.29%),B:331.6(0.87%),P:1e-8	Tpos:421.1,Tstd:244.4,Bpos:393.6,Bstd:216.3,StrandBias:0.3,Multiplicity:1.00
0.001	0.001	0.997	0.001
0.001	0.001	0.997	0.001
0.001	0.905	0.001	0.093
0.001	0.997	0.001	0.001
0.142	0.001	0.856	0.001
0.134	0.001	0.001	0.864
0.001	0.001	0.001	0.997
0.001	0.001	0.997	0.001
0.001	0.182	0.816	0.001
0.686	0.001	0.312	0.001
>CCATCTGTTA	6-CCATCTGTTA	10.329360	-18.405796	0	T:10.0(15.87%),B:493.8(1.30%),P:1e-7	Tpos:495.0,Tstd:259.9,Bpos:505.5,Bstd:307.0,StrandBias:1.4,Multiplicity:1.10
0.001	0.912	0.001	0.086
0.001	0.997	0.001	0.001
0.875	0.123	0.001	0.001
0.001	0.001	0.001	0.997
0.098	0.786	0.115	0.001
0.001	0.001	0.130	0.868
0.001	0.001	0.926	0.072
0.001	0.001	0.001	0.997
0.001	0.088	0.001	0.910
0.826	0.087	0.086	0.001
>ATGTAATCTC	7-ATGTAATCTC	7.999888	-17.502117	0	T:12.0(19.05%),B:888.9(2.34%),P:1e-7	Tpos:553.2,Tstd:296.4,Bpos:503.9,Bstd:307.7,StrandBias:0.4,Multiplicity:1.17
0.997	0.001	0.001	0.001
0.001	0.001	0.001	0.997
0.001	0.001	0.997	0.001
0.001	0.001	0.183	0.815
0.997	0.001	0.001	0.001
0.940	0.001	0.047	0.012
0.189	0.001	0.298	0.512
0.001	0.578	0.420	0.001
0.001	0.001	0.001	0.997
0.001	0.997	0.001	0.001
>TTGGACCGAG	8-TTGGACCGAG	10.570284	-16.738333	0	T:5.0(7.94%),B:55.7(0.15%),P:1e-7	Tpos:543.4,Tstd:238.5,Bpos:514.3,Bstd:316.4,StrandBias:0.6,Multiplicity:1.00
0.237	0.001	0.001	0.761
0.168	0.001	0.001	0.830
0.001	0.001	0.997	0.001
0.001	0.001	0.997	0.001
0.997	0.001	0.001	0.001
0.001	0.997	0.001	0.001
0.001	0.997	0.001	0.001
0.001	0.001	0.997	0.001
0.997	0.001	0.001	0.001
0.045	0.001	0.953	0.001
>GAGACCCGTT	9-GAGACCCGTT	10.528135	-15.804277	0	T:8.0(12.70%),B:349.1(0.92%),P:1e-6	Tpos:410.6,Tstd:231.0,Bpos:530.6,Bstd:329.4,StrandBias:0.6,Multiplicity:1.25
0.141	0.001	0.857	0.001
0.997	0.001	0.001	0.001
0.101	0.001	0.897	0.001
0.997	0.001	0.001	0.001
0.001	0.997	0.001	0.001
0.001	0.837	0.161	0.001
0.114	0.884	0.001	0.001
0.076	0.001	0.792	0.131
0.001	0.001	0.001	0.997
0.164	0.001	0.001	0.834
>GAATTCTCTT	10-GAATTCTCTT	9.777330	-15.287722	0	T:10.0(15.87%),B:693.4(1.82%),P:1e-6	Tpos:294.3,Tstd:263.4,Bpos:528.4,Bstd:331.6,StrandBias:2.2,Multiplicity:1.10
0.001	0.001	0.851	0.147
0.866	0.068	0.001	0.065
0.997	0.001	0.001	0.001
0.001	0.075	0.087	0.837
0.055	0.208	0.102	0.635
0.001	0.939	0.059	0.001
0.001	0.420	0.001	0.578
0.001	0.997	0.001	0.001
0.001	0.001	0.053	0.945
0.068	0.068	0.054	0.810
>TCTTATGAAC	11-TCTTATGAAC	10.596584	-13.972992	0	T:8.0(12.70%),B:447.5(1.18%),P:1e-6	Tpos:460.3,Tstd:353.7,Bpos:547.4,Bstd:316.2,StrandBias:3.2,Multiplicity:1.25
0.001	0.001	0.001	0.997
0.001	0.997	0.001	0.001
0.001	0.001	0.001	0.997
0.001	0.001	0.001	0.997
0.997	0.001	0.001	0.001
0.001	0.119	0.140	0.740
0.001	0.061	0.839	0.099
0.863	0.001	0.001	0.135
0.997	0.001	0.001	0.001
0.001	0.997	0.001	0.001
>TCTGAGATTA	12-TCTGAGATTA	10.740166	-13.880235	0	T:12.0(19.05%),B:1250.2(3.29%),P:1e-6	Tpos:478.9,Tstd:315.7,Bpos:523.0,Bstd:344.7,StrandBias:-1.2,Multiplicity:1.08
0.105	0.154	0.001	0.740
0.001	0.948	0.001	0.050
0.001	0.144	0.001	0.854
0.001	0.105	0.893	0.001
0.997	0.001	0.001	0.001
0.134	0.001	0.864	0.001
0.997	0.001	0.001	0.001
0.001	0.001	0.001	0.997
0.001	0.001	0.001	0.997
0.820	0.112	0.001	0.067
>GATTAATCGA	13-GATTAATCGA	10.419807	-13.772724	0	T:9.0(14.29%),B:629.9(1.66%),P:1e-5	Tpos:421.8,Tstd:263.4,Bpos:515.2,Bstd:336.6,StrandBias:-0.5,Multiplicity:1.22
0.042	0.001	0.879	0.078
0.997	0.001	0.001	0.001
0.001	0.001	0.001	0.997
0.257	0.001	0.001	0.741
0.787	0.079	0.081	0.053
0.997	0.001	0.001	0.001
0.001	0.135	0.001	0.863
0.001	0.944	0.001	0.054
0.001	0.125	0.873	0.001
0.997	0.001	0.001	0.001
>TTGCGCGTCA	14-TTGCGCGTCA	11.235098	-12.899078	0	T:7.0(11.11%),B:359.1(0.94%),P:1e-5	Tpos:650.8,Tstd:232.1,Bpos:568.1,Bstd:340.9,StrandBias:1.0,Multiplicity:1.29
0.166	0.001	0.198	0.635
0.001	0.181	0.001	0.817
0.001	0.001	0.873	0.125
0.001	0.997	0.001	0.001
0.001	0.001	0.733	0.265
0.001	0.997	0.001	0.001
0.001	0.001	0.997	0.001
0.001	0.001	0.001	0.997
0.001	0.997	0.001	0.001
0.997	0.001	0.001	0.001
>CCCTAAAGAG	15-CCCTAAAGAG	8.739958	-12.081145	0	T:10.0(15.87%),B:995.5(2.62%),P:1e-5	Tpos:304.8,Tstd:205.2,Bpos:481.3,Bstd:311.2,StrandBias:-0.5,Multiplicity:1.20
0.124	0.874	0.001	0.001
0.001	0.805	0.001	0.193
0.001	0.680	0.318	0.001
0.001	0.001	0.247	0.751
0.894	0.104	0.001	0.001
0.747	0.119	0.133	0.001
0.997	0.001	0.001	0.001
0.076	0.125	0.684	0.115
0.883	0.001	0.001	0.115
0.172	0.075	0.752	0.001
>GCAKTAAAAA	16-GCAKTAAAAA	8.549396	-11.229899	0	T:21.0(33.33%),B:4706.3(12.38%),P:1e-4	Tpos:569.1,Tstd:280.3,Bpos:508.2,Bstd:312.3,StrandBias:0.2,Multiplicity:1.33
0.001	0.001	0.997	0.001
0.001	0.884	0.114	0.001
0.997	0.001	0.001	0.001
0.017	0.057	0.488	0.439
0.001	0.001	0.001	0.997
0.603	0.250	0.089	0.058
0.861	0.001	0.137	0.001
0.997	0.001	0.001	0.001
0.689	0.001	0.179	0.131
0.964	0.006	0.001	0.029
>ACCAAGCTTG	17-ACCAAGCTTG	11.996073	-9.372571	0	T:3.0(4.76%),B:48.3(0.13%),P:1e-4	Tpos:303.2,Tstd:124.8,Bpos:430.7,Bstd:320.1,StrandBias:-0.6,Multiplicity:1.00
0.997	0.001	0.001	0.001
0.001	0.997	0.001	0.001
0.001	0.997	0.001	0.001
0.997	0.001	0.001	0.001
0.997	0.001	0.001	0.001
0.001	0.190	0.808	0.001
0.001	0.802	0.196	0.001
0.001	0.001	0.001	0.997
0.001	0.001	0.001	0.997
0.001	0.001	0.997	0.001
>TTCTTCGGGG	18-TTCTTCGGGG	10.915850	-7.284753	0	T:4.0(6.35%),B:236.5(0.62%),P:1e-3	Tpos:872.2,Tstd:70.9,Bpos:561.0,Bstd:354.8,StrandBias:0.0,Multiplicity:1.50
0.271	0.001	0.001	0.727
0.318	0.001	0.001	0.680
0.001	0.997	0.001	0.001
0.001	0.001	0.001	0.997
0.001	0.001	0.318	0.680
0.001	0.997	0.001	0.001
0.001	0.001	0.997	0.001
0.001	0.001	0.997	0.001
0.001	0.001	0.727	0.271
0.001	0.001	0.997	0.001
>AATTTTTACC	19-AATTTTTACC	10.689654	-6.429304	0	T:8.0(12.70%),B:1333.9(3.51%),P:1e-2	Tpos:397.2,Tstd:246.4,Bpos:494.8,Bstd:338.5,StrandBias:2.7,Multiplicity:1.88
0.934	0.064	0.001	0.001
0.807	0.001	0.001	0.191
0.001	0.001	0.084	0.914
0.001	0.001	0.001	0.997
0.001	0.095	0.001	0.903
0.001	0.001	0.001	0.997
0.001	0.001	0.001	0.997
0.997	0.001	0.001	0.001
0.001	0.997	0.001	0.001
0.001	0.997	0.001	0.001
>TAAAAWHCCC	20-TAAAAWHCCC	4.538361	-2.509659	0	T:28.0(44.44%),B:13368.3(35.18%),P:1e-1	Tpos:439.1,Tstd:275.5,Bpos:509.9,Bstd:332.1,StrandBias:0.8,Multiplicity:2.18
0.001	0.001	0.111	0.887
0.879	0.001	0.001	0.119
0.997	0.001	0.001	0.001
0.758	0.240	0.001	0.001
0.997	0.001	0.001	0.001
0.472	0.001	0.001	0.526
0.382	0.322	0.001	0.295
0.001	0.997	0.001	0.001
0.001	0.997	0.001	0.001
0.240	0.758	0.001	0.001
