>CCTACTCCGC	1-CCTACTCCGC	10.617681	-19.248344	0	T:8.0(9.20%),B:167.3(0.41%),P:1e-8	Tpos:379.3,Tstd:149.2,Bpos:475.8,Bstd:319.7,StrandBias:-0.3,Multiplicity:1.12
0.124	0.765	0.001	0.110
0.001	0.997	0.001	0.001
0.001	0.001	0.001	0.997
0.997	0.001	0.001	0.001
0.001	0.864	0.001	0.134
0.001	0.001	0.001	0.997
0.001	0.875	0.001	0.123
0.001	0.786	0.114	0.099
0.087	0.097	0.815	0.001
0.001	0.997	0.001	0.001
>TCTTTGACAG	2-TCTTTGACAG	10.007771	-18.259869	0	T:13.0(14.94%),B:766.9(1.89%),P:1e-7	Tpos:512.4,Tstd:289.0,Bpos:508.2,Bstd:306.0,StrandBias:0.0,Multiplicity:1.08
0.001	0.001	0.001	0.997
0.001	0.928	0.070	0.001
0.001	0.001	0.001	0.997
0.001	0.001	0.100	0.898
0.001	0.001	0.001	0.997
0.001	0.001	0.942	0.056
0.906	0.092	0.001	0.001
0.034	0.892	0.001	0.073
0.701	0.110	0.104	0.085
0.042	0.086	0.808	0.064
>TTACGACGGA	3-TTACGACGGA	11.119424	-17.253434	0	T:8.0(9.20%),B:218.2(0.54%),P:1e-7	Tpos:564.6,Tstd:286.0,Bpos:458.6,Bstd:308.0,StrandBias:-2.0,Multiplicity:1.25
0.001	0.001	0.001	0.997
0.001	0.001	0.001	0.997
0.733	0.102	0.164	0.001
0.001	0.997	0.001	0.001
0.001	0.001	0.997	0.001
0.997	0.001	0.001	0.001
0.122	0.876	0.001	0.001
0.122	0.001	0.876	0.001
0.001	0.161	0.837	0.001
0.997	0.001	0.001	0.001
>TACMCATGAT	4-TACMCATGAT	10.024477	-17.146432	0	T:11.0(12.64%),B:553.8(1.36%),P:1e-7	Tpos:496.8,Tstd:358.4,Bpos:497.1,Bstd:298.1,StrandBias:-1.2,Multiplicity:1.18
0.128	0.001	0.001	0.870
0.997	0.001	0.001	0.001
0.240	0.526	0.233	0.001
0.509	0.489	0.001	0.001
0.001	0.883	0.115	0.001
0.997	0.001	0.001	0.001
0.256	0.001	0.001	0.742
0.009	0.068	0.922	0.001
0.895	0.001	0.093	0.011
0.131	0.179	0.001	0.689
>ACTTACCATA	5-ACTTACCATA	10.191753	-16.176610	0	T:11.0(12.64%),B:610.5(1.50%),P:1e-7	Tpos:455.1,Tstd:297.1,Bpos:477.3,Bstd:281.7,StrandBias:0.3,Multiplicity:1.00
0.917	0.001	0.001	0.081
0.051	0.890	0.001	0.058
0.001	0.001	0.001	0.997
0.077	0.001	0.001	0.921
0.863	0.001	0.085	0.051
0.001	0.929	0.001	0.069
0.059	0.864	0.001	0.076
0.906	0.001	0.001	0.092
0.001	0.064	0.093	0.842
0.941	0.001	0.001	0.057
>ATAWGAAGCG	6-ATAWGAAGCG	10.301515	-14.892492	0	T:9.0(10.34%),B:416.8(1.03%),P:1e-6	Tpos:555.4,Tstd:232.3,Bpos:535.3,Bstd:310.0,StrandBias:-0.3,Multiplicity:1.00
0.997	0.001	0.001	0.001
0.001	0.001	0.001	0.997
0.705	0.177	0.117	0.001
0.561	0.001	0.001	0.437
0.001	0.001	0.997	0.001
0.768	0.001	0.230	0.001
0.997	0.001	0.001	0.001
0.092	0.188	0.719	0.001
0.001	0.866	0.132	0.001
0.001	0.001	0.997	0.001
>AGCTCTAGAT	7-AGCTCTAGAT	9.642985	-14.837725	0	T:12.0(13.79%),B:861.6(2.12%),P:1e-6	Tpos:438.6,Tstd:297.3,Bpos:478.2,Bstd:293.9,StrandBias:0.2,Multiplicity:1.00
0.888	0.001	0.001	0.110
0.094	0.001	0.891	0.014
0.156	0.702	0.001	0.141
0.001	0.001	0.001	0.997
0.127	0.791	0.001	0.081
0.001	0.101	0.001	0.897
0.944	0.001	0.001	0.054
0.001	0.001	0.781	0.217
0.997	0.001	0.001	0.001
0.086	0.001	0.001	0.912
>RAAGGTCACA	8-RAAGGTCACA	9.467438	-14.688659	0	T:13.0(14.94%),B:1049.3(2.59%),P:1e-6	Tpos:532.6,Tstd:251.0,Bpos:509.7,Bstd:302.8,StrandBias:0.0,Multiplicity:1.08
0.573	0.001	0.425	0.001
0.997	0.001	0.001	0.001
0.997	0.001	0.001	0.001
0.001	0.103	0.895	0.001
0.001	0.001	0.908	0.090
0.163	0.192	0.001	0.644
0.090	0.751	0.081	0.078
0.834	0.164	0.001	0.001
0.001	0.636	0.001	0.362
0.972	0.026	0.001	0.001
>CCAAACTAAT	9-CCAAACTAAT	10.345609	-14.563291	0	T:12.0(13.79%),B:885.0(2.18%),P:1e-6	Tpos:461.4,Tstd:281.1,Bpos:497.6,Bstd:310.5,StrandBias:0.2,Multiplicity:1.08
0.001	0.997	0.001	0.001
0.001	0.633	0.199	0.167
0.883	0.001	0.115	0.001
0.688	0.284	0.002	0.026
0.997	0.001	0.001	0.001
0.110	0.881	0.008	0.001
0.001	0.016	0.020	0.963
0.956	0.024	0.019	0.001
0.997	0.001	0.001	0.001
0.001	0.229	0.001	0.769
>CTGTTCAGCA	10-CTGTTCAGCA	11.112793	-13.694414	0	T:6.0(6.90%),B:150.5(0.37%),P:1e-5	Tpos:498.4,Tstd:207.1,Bpos:436.3,Bstd:297.3,StrandBias:10.0,Multiplicity:1.17
0.001	0.997	0.001	0.001
0.001	0.001	0.001	0.997
0.001	0.001	0.997	0.001
0.097	0.001	0.001	0.901
0.001	0.001	0.001	0.997
0.112	0.807	0.001	0.080
0.890	0.001	0.108	0.001
0.001	0.090	0.908	0.001
0.001	0.910	0.001	0.088
0.997	0.001	0.001	0.001
>GCCAGAAAAT	11-GCCAGAAAAT	9.862879	-13.219761	0	T:17.0(19.54%),B:2073.5(5.11%),P:1e-5	Tpos:448.7,Tstd:287.6,Bpos:497.9,Bstd:295.8,StrandBias:0.0,Multiplicity:1.29
0.322	0.018	0.655	0.005
0.001	0.736	0.093	0.170
0.001	0.987	0.006	0.006
0.595	0.155	0.131	0.119
0.027	0.001	0.971	0.001
0.725	0.273	0.001	0.001
0.997	0.001	0.001	0.001
0.720	0.001	0.252	0.027
0.974	0.024	0.001	0.001
0.001	0.011	0.278	0.710
>TTGATCAAAG	12-TTGATCAAAG	11.724645	-12.175739	0	T:7.0(8.05%),B:306.8(0.76%),P:1e-5	Tpos:512.4,Tstd:346.9,Bpos:509.7,Bstd:288.3,StrandBias:-2.6,Multiplicity:1.00
0.001	0.001	0.001	0.997
0.136	0.001	0.001	0.862
0.001	0.001	0.997	0.001
0.997	0.001	0.001	0.001
0.001	0.001	0.001	0.997
0.001	0.997	0.001	0.001
0.751	0.001	0.001	0.247
0.997	0.001	0.001	0.001
0.701	0.001	0.001	0.297
0.194	0.001	0.804	0.001
>GCTCACAACT	13-GCTCACAACT	8.451854	-11.849408	0	T:22.0(25.29%),B:3660.8(9.02%),P:1e-5	Tpos:506.7,Tstd:294.8,Bpos:498.0,Bstd:298.3,StrandBias:0.0,Multiplicity:1.00
0.001	0.001	0.997	0.001
0.001	0.802	0.001	0.196
0.055	0.182	0.001	0.762
0.190	0.602	0.001	0.207
0.997	0.001	0.001	0.001
0.030	0.968	0.001	0.001
0.800	0.001	0.198	0.001
0.804	0.001	0.194	0.001
0.155	0.616	0.191	0.038
0.415	0.001	0.001	0.583
>ATCAAAAGCA	14-ATCAAAAGCA	9.633644	-11.385883	0	T:19.0(21.84%),B:2915.8(7.18%),P:1e-4	Tpos:595.8,Tstd:279.6,Bpos:488.7,Bstd:302.7,StrandBias:1.0,Multiplicity:1.42
0.932	0.001	0.001	0.066
0.039	0.047	0.043	0.871
0.001	0.997	0.001	0.001
0.918	0.001	0.080	0.001
0.927	0.071	0.001	0.001
0.997	0.001	0.001	0.001
0.865	0.001	0.093	0.041
0.034	0.035	0.846	0.085
0.173	0.750	0.001	0.076
0.934	0.064	0.001	0.001
>TCAATTTGTG	15-TCAATTTGTG	11.331621	-10.112545	0	T:9.0(10.34%),B:760.2(1.87%),P:1e-4	Tpos:576.1,Tstd:337.5,Bpos:503.5,Bstd:304.9,StrandBias:0.6,Multiplicity:1.11
0.001	0.001	0.001	0.997
0.001	0.997	0.001	0.001
0.997	0.001	0.001	0.001
0.887	0.001	0.001	0.111
0.050	0.001	0.001	0.948
0.105	0.001	0.001	0.893
0.001	0.136	0.001	0.862
0.001	0.001	0.997	0.001
0.001	0.001	0.001	0.997
0.001	0.001	0.997	0.001
>TCGTGGTGTT	16-TCGTGGTGTT	8.350283	-8.220864	0	T:13.0(14.94%),B:1950.9(4.81%),P:1e-3	Tpos:506.9,Tstd:303.1,Bpos:501.4,Bstd:306.4,StrandBias:0.8,Multiplicity:1.08
0.100	0.100	0.100	0.700
0.100	0.700	0.100	0.100
0.100	0.100	0.700	0.100
0.100	0.100	0.100	0.700
0.100	0.100	0.700	0.100
0.100	0.100	0.700	0.100
0.100	0.100	0.100	0.700
0.100	0.100	0.700	0.100
0.100	0.100	0.100	0.700
0.100	0.100	0.100	0.700
