>CTGACGGYGACG	1-CTGACGGYGACG	12.069921	-25.008991	0	T:6.0(6.90%),B:19.1(0.05%),P:1e-10	Tpos:293.6,Tstd:258.5,Bpos:535.7,Bstd:287.4,StrandBias:1.3,Multiplicity:1.17
0.001	0.795	0.203	0.001
0.193	0.001	0.001	0.805
0.001	0.001	0.997	0.001
0.805	0.001	0.193	0.001
0.001	0.997	0.001	0.001
0.001	0.203	0.795	0.001
0.001	0.001	0.997	0.001
0.193	0.418	0.001	0.387
0.193	0.001	0.805	0.001
0.805	0.193	0.001	0.001
0.001	0.805	0.001	0.193
0.001	0.001	0.997	0.001
>TGGCGTCACCCC	2-TGGCGTCACCCC	14.640156	-24.659900	0	T:4.0(4.60%),B:0.9(0.00%),P:1e-10	Tpos:408.8,Tstd:243.8,Bpos:461.0,Bstd:0.0,StrandBias:0.0,Multiplicity:1.00
0.001	0.001	0.001	0.997
0.001	0.001	0.997	0.001
0.001	0.001	0.997	0.001
0.001	0.749	0.001	0.249
0.001	0.001	0.997	0.001
0.001	0.001	0.001	0.997
0.001	0.749	0.249	0.001
0.997	0.001	0.001	0.001
0.249	0.749	0.001	0.001
0.001	0.997	0.001	0.001
0.001	0.997	0.001	0.001
0.001	0.997	0.001	0.001
>AATTGTATAAAT	3-AATTGTATAAAT	13.224430	-20.554242	0	T:11.0(12.64%),B:394.9(0.97%),P:1e-8	Tpos:420.1,Tstd:280.9,Bpos:502.7,Bstd:283.8,StrandBias:-0.3,Multiplicity:1.00
0.879	0.001	0.001	0.119
0.997	0.001	0.001	0.001
0.001	0.115	0.001	0.883
0.108	0.001	0.001	0.890
0.001	0.001	0.939	0.059
0.056	0.001	0.001	0.942
0.727	0.001	0.111	0.161
0.001	0.001	0.083	0.915
0.906	0.001	0.001	0.092
0.997	0.001	0.001	0.001
0.997	0.001	0.001	0.001
0.001	0.001	0.001	0.997
>AGATCTAGAGCT	4-AGATCTAGAGCT	14.345553	-20.417939	0	T:4.0(4.60%),B:4.1(0.01%),P:1e-8	Tpos:263.6,Tstd:53.1,Bpos:664.7,Bstd:144.5,StrandBias:0.6,Multiplicity:1.00
0.997	0.001	0.001	0.001
0.001	0.001	0.997	0.001
0.775	0.001	0.223	0.001
0.001	0.001	0.001	0.997
0.198	0.800	0.001	0.001
0.001	0.001	0.001	0.997
0.997	0.001	0.001	0.001
0.001	0.001	0.997	0.001
0.997	0.001	0.001	0.001
0.001	0.001	0.800	0.198
0.153	0.845	0.001	0.001
0.001	0.001	0.001	0.997
>ATCAGTGTTTTT	5-ATCAGTGTTTTT	12.820308	-19.954563	0	T:11.0(12.64%),B:418.6(1.03%),P:1e-8	Tpos:553.8,Tstd:304.3,Bpos:554.8,Bstd:278.5,StrandBias:-1.4,Multiplicity:1.00
0.941	0.001	0.001	0.057
0.062	0.001	0.001	0.936
0.001	0.997	0.001	0.001
0.788	0.119	0.001	0.092
0.001	0.001	0.937	0.061
0.001	0.001	0.121	0.877
0.001	0.001	0.953	0.045
0.001	0.001	0.124	0.874
0.001	0.001	0.001	0.997
0.124	0.001	0.001	0.874
0.001	0.114	0.001	0.884
0.001	0.001	0.001	0.997
>CACTTTCATTGG	6-CACTTTCATTGG	13.088366	-18.746542	0	T:6.0(6.90%),B:61.4(0.15%),P:1e-8	Tpos:443.6,Tstd:272.0,Bpos:487.9,Bstd:253.5,StrandBias:-1.3,Multiplicity:1.17
0.001	0.997	0.001	0.001
0.997	0.001	0.001	0.001
0.001	0.857	0.001	0.141
0.001	0.282	0.001	0.716
0.001	0.001	0.001	0.997
0.001	0.001	0.001	0.997
0.001	0.845	0.001	0.153
0.997	0.001	0.001	0.001
0.200	0.001	0.001	0.798
0.001	0.001	0.001	0.997
0.001	0.001	0.997	0.001
0.001	0.001	0.997	0.001
>TACACTTTTTAT	7-TACACTTTTTAT	11.637468	-18.139235	0	T:12.0(13.79%),B:631.7(1.56%),P:1e-7	Tpos:561.9,Tstd:321.6,Bpos:525.0,Bstd:285.5,StrandBias:0.2,Multiplicity:1.08
0.001	0.098	0.121	0.780
0.997	0.001	0.001	0.001
0.066	0.932	0.001	0.001
0.997	0.001	0.001	0.001
0.059	0.787	0.091	0.063
0.094	0.001	0.001	0.904
0.001	0.001	0.001	0.997
0.001	0.001	0.001	0.997
0.001	0.138	0.001	0.860
0.001	0.107	0.001	0.891
0.932	0.001	0.001	0.066
0.001	0.001	0.001	0.997
>CAATTTGAGAAA	8-CAATTTGAGAAA	12.972296	-18.130875	0	T:11.0(12.64%),B:501.9(1.24%),P:1e-7	Tpos:401.7,Tstd:306.9,Bpos:530.9,Bstd:309.4,StrandBias:-3.5,Multiplicity:1.09
0.001	0.931	0.067	0.001
0.997	0.001	0.001	0.001
0.927	0.001	0.001	0.071
0.076	0.136	0.001	0.787
0.001	0.001	0.001	0.997
0.001	0.115	0.001	0.883
0.227	0.053	0.719	0.001
0.997	0.001	0.001	0.001
0.038	0.001	0.960	0.001
0.997	0.001	0.001	0.001
0.997	0.001	0.001	0.001
0.874	0.001	0.124	0.001
>TTTTGATTCCAA	9-TTTTGATTCCAA	12.758350	-18.051320	0	T:11.0(12.64%),B:505.3(1.24%),P:1e-7	Tpos:524.7,Tstd:195.0,Bpos:496.6,Bstd:287.3,StrandBias:0.5,Multiplicity:1.09
0.104	0.001	0.001	0.894
0.001	0.001	0.109	0.889
0.001	0.001	0.001	0.997
0.001	0.001	0.001	0.997
0.001	0.001	0.997	0.001
0.944	0.001	0.001	0.054
0.087	0.096	0.001	0.816
0.001	0.001	0.142	0.856
0.001	0.881	0.077	0.041
0.050	0.796	0.078	0.076
0.997	0.001	0.001	0.001
0.997	0.001	0.001	0.001
>TGCCACATTGAC	10-TGCCACATTGAC	11.112499	-17.789729	0	T:9.0(10.34%),B:293.4(0.72%),P:1e-7	Tpos:513.0,Tstd:271.8,Bpos:513.3,Bstd:308.6,StrandBias:1.8,Multiplicity:1.00
0.014	0.256	0.001	0.729
0.044	0.223	0.732	0.001
0.001	0.982	0.001	0.016
0.001	0.997	0.001	0.001
0.741	0.002	0.256	0.001
0.307	0.691	0.001	0.001
0.997	0.001	0.001	0.001
0.165	0.009	0.001	0.825
0.001	0.001	0.001	0.997
0.038	0.001	0.796	0.165
0.590	0.165	0.001	0.244
0.044	0.812	0.001	0.143
>TAYCATGTGTAT	11-TAYCATGTGTAT	10.055936	-16.850762	0	T:9.0(10.34%),B:328.6(0.81%),P:1e-7	Tpos:543.4,Tstd:318.2,Bpos:500.6,Bstd:310.6,StrandBias:2.2,Multiplicity:1.22
0.011	0.001	0.384	0.604
0.997	0.001	0.001	0.001
0.001	0.558	0.001	0.440
0.001	0.987	0.001	0.011
0.997	0.001	0.001	0.001
0.007	0.001	0.001	0.991
0.007	0.001	0.686	0.306
0.008	0.001	0.383	0.608
0.001	0.066	0.932	0.001
0.009	0.001	0.019	0.971
0.711	0.001	0.008	0.280
0.001	0.001	0.001	0.997
>ACRTCGTAACGA	12-ACRTCGTAACGA	9.166166	-16.355848	0	T:11.0(12.64%),B:599.7(1.48%),P:1e-7	Tpos:485.8,Tstd:372.6,Bpos:529.4,Bstd:310.3,StrandBias:0.2,Multiplicity:1.09
0.446	0.237	0.245	0.072
0.115	0.874	0.001	0.010
0.403	0.115	0.482	0.001
0.085	0.001	0.001	0.913
0.244	0.754	0.001	0.001
0.001	0.001	0.997	0.001
0.272	0.001	0.001	0.726
0.875	0.001	0.001	0.123
0.632	0.001	0.129	0.238
0.001	0.883	0.115	0.001
0.001	0.101	0.768	0.130
0.884	0.001	0.001	0.114
>SGCYAAAYCATA	13-SGCYAAAYCATA	12.757558	-15.791614	0	T:4.0(4.60%),B:18.1(0.04%),P:1e-6	Tpos:463.6,Tstd:250.6,Bpos:491.6,Bstd:251.1,StrandBias:10.0,Multiplicity:1.25
0.001	0.462	0.536	0.001
0.001	0.001	0.997	0.001
0.001	0.997	0.001	0.001
0.074	0.462	0.001	0.462
0.997	0.001	0.001	0.001
0.997	0.001	0.001	0.001
0.997	0.001	0.001	0.001
0.001	0.462	0.001	0.536
0.001	0.997	0.001	0.001
0.997	0.001	0.001	0.001
0.001	0.001	0.001	0.997
0.997	0.001	0.001	0.001
>AATTTACTAAAT	14-AATTTACTAAAT	13.455419	-15.610774	0	T:7.0(8.05%),B:180.5(0.44%),P:1e-6	Tpos:538.3,Tstd:275.5,Bpos:529.6,Bstd:296.3,StrandBias:0.6,Multiplicity:1.00
0.595	0.001	0.226	0.178
0.997	0.001	0.001	0.001
0.001	0.001	0.001	0.997
0.001	0.001	0.001	0.997
0.001	0.001	0.191	0.807
0.997	0.001	0.001	0.001
0.001	0.672	0.234	0.093
0.001	0.132	0.139	0.728
0.997	0.001	0.001	0.001
0.997	0.001	0.001	0.001
0.997	0.001	0.001	0.001
0.001	0.001	0.001	0.997
>SACTTTTCACGT	15-SACTTTTCACGT	13.245933	-15.349737	0	T:5.0(5.75%),B:56.7(0.14%),P:1e-6	Tpos:347.8,Tstd:404.7,Bpos:490.8,Bstd:312.6,StrandBias:2.3,Multiplicity:1.20
0.001	0.452	0.546	0.001
0.697	0.301	0.001	0.001
0.001	0.997	0.001	0.001
0.001	0.001	0.001	0.997
0.001	0.389	0.001	0.609
0.001	0.001	0.001	0.997
0.001	0.001	0.001	0.997
0.001	0.997	0.001	0.001
0.997	0.001	0.001	0.001
0.001	0.754	0.001	0.244
0.001	0.001	0.997	0.001
0.001	0.001	0.389	0.609
>ATTGTTTTGTTG	16-ATTGTTTTGTTG	13.534939	-14.296890	0	T:8.0(9.20%),B:325.3(0.80%),P:1e-6	Tpos:693.4,Tstd:245.4,Bpos:516.4,Bstd:288.5,StrandBias:1.8,Multiplicity:1.12
0.889	0.001	0.109	0.001
0.001	0.001	0.001	0.997
0.001	0.001	0.001	0.997
0.101	0.001	0.814	0.084
0.131	0.001	0.001	0.867
0.001	0.001	0.001	0.997
0.001	0.172	0.001	0.826
0.001	0.001	0.001	0.997
0.001	0.112	0.886	0.001
0.138	0.001	0.001	0.860
0.001	0.001	0.001	0.997
0.001	0.001	0.944	0.054
>GGTATTTTCTGG	17-GGTATTTTCTGG	14.668627	-12.906614	0	T:4.0(4.60%),B:40.2(0.10%),P:1e-5	Tpos:385.5,Tstd:225.8,Bpos:495.9,Bstd:264.4,StrandBias:-1.0,Multiplicity:1.50
0.001	0.001	0.997	0.001
0.001	0.246	0.752	0.001
0.166	0.001	0.247	0.586
0.997	0.001	0.001	0.001
0.001	0.001	0.001	0.997
0.001	0.001	0.001	0.997
0.001	0.001	0.001	0.997
0.001	0.001	0.001	0.997
0.001	0.997	0.001	0.001
0.001	0.001	0.001	0.997
0.001	0.001	0.997	0.001
0.001	0.001	0.997	0.001
>AAAGTATGCTAT	18-AAAGTATGCTAT	11.192891	-11.179555	0	T:7.0(8.05%),B:358.5(0.88%),P:1e-4	Tpos:567.4,Tstd:263.4,Bpos:503.5,Bstd:282.9,StrandBias:0.0,Multiplicity:1.14
0.997	0.001	0.001	0.001
0.997	0.001	0.001	0.001
0.908	0.001	0.001	0.090
0.145	0.001	0.748	0.106
0.067	0.001	0.001	0.931
0.670	0.173	0.091	0.066
0.208	0.118	0.001	0.673
0.098	0.001	0.744	0.157
0.001	0.826	0.172	0.001
0.178	0.001	0.001	0.820
0.997	0.001	0.001	0.001
0.069	0.109	0.128	0.694
>AATTTTCAGCAC	19-AATTTTCAGCAC	11.597899	-9.570488	0	T:8.0(9.20%),B:631.9(1.56%),P:1e-4	Tpos:427.8,Tstd:309.6,Bpos:528.6,Bstd:309.5,StrandBias:0.3,Multiplicity:1.38
0.813	0.016	0.001	0.170
0.997	0.001	0.001	0.001
0.001	0.001	0.001	0.997
0.001	0.001	0.001	0.997
0.001	0.001	0.397	0.601
0.001	0.226	0.001	0.772
0.001	0.997	0.001	0.001
0.997	0.001	0.001	0.001
0.001	0.001	0.997	0.001
0.049	0.757	0.023	0.171
0.931	0.067	0.001	0.001
0.018	0.818	0.153	0.011
