>CATTTCTA	1-CATTTCTA	8.429907	-14.911675	0	T:31.0(35.63%),B:5651.2(13.92%),P:1e-6	Tpos:471.3,Tstd:288.6,Bpos:518.0,Bstd:300.2,StrandBias:0.6,Multiplicity:1.23
0.001	0.997	0.001	0.001
0.856	0.001	0.142	0.001
0.001	0.001	0.001	0.997
0.001	0.001	0.277	0.721
0.001	0.115	0.001	0.883
0.001	0.997	0.001	0.001
0.001	0.001	0.001	0.997
0.997	0.001	0.001	0.001
>CCACGTGT	2-CCACGTGT	8.075672	-14.758267	0	T:25.0(28.74%),B:3884.9(9.57%),P:1e-6	Tpos:529.5,Tstd:295.2,Bpos:521.8,Bstd:315.1,StrandBias:1.1,Multiplicity:1.20
0.208	0.790	0.001	0.001
0.001	0.784	0.214	0.001
0.672	0.001	0.326	0.001
0.001	0.997	0.001	0.001
0.001	0.001	0.672	0.326
0.001	0.001	0.001	0.997
0.001	0.001	0.997	0.001
0.177	0.001	0.001	0.821
>TAGSCMGW	3-TAGSCMGW	5.725249	-12.429299	0	T:21.0(24.14%),B:3249.9(8.01%),P:1e-5	Tpos:519.1,Tstd:300.8,Bpos:498.5,Bstd:296.2,StrandBias:0.6,Multiplicity:1.10
0.001	0.044	0.019	0.936
0.424	0.261	0.051	0.265
0.188	0.065	0.470	0.276
0.206	0.445	0.348	0.001
0.001	0.531	0.193	0.275
0.466	0.361	0.130	0.043
0.001	0.001	0.702	0.296
0.440	0.020	0.021	0.519
>TACGGTTG	4-TACGGTTG	8.574359	-10.965815	0	T:13.0(14.94%),B:1482.9(3.65%),P:1e-4	Tpos:519.2,Tstd:272.4,Bpos:505.5,Bstd:308.2,StrandBias:-0.7,Multiplicity:1.00
0.100	0.001	0.001	0.898
0.997	0.001	0.001	0.001
0.120	0.878	0.001	0.001
0.001	0.001	0.997	0.001
0.001	0.064	0.934	0.001
0.001	0.001	0.001	0.997
0.001	0.001	0.001	0.997
0.001	0.001	0.997	0.001
>CTYTAGAT	5-CTYTAGAT	7.136109	-9.345330	0	T:38.0(43.68%),B:10030.8(24.71%),P:1e-4	Tpos:465.9,Tstd:291.0,Bpos:508.4,Bstd:302.3,StrandBias:-0.1,Multiplicity:1.47
0.001	0.965	0.033	0.001
0.067	0.020	0.016	0.897
0.001	0.490	0.017	0.491
0.143	0.029	0.019	0.809
0.555	0.146	0.040	0.259
0.042	0.001	0.819	0.138
0.936	0.020	0.029	0.015
0.001	0.255	0.001	0.743
