>TTTTCTCG	1-TTTTCTCG	7.470988	-17.695963	0	T:463.0(47.78%),B:15903.8(38.94%),P:1e-7	Tpos:529.9,Tstd:285.9,Bpos:527.7,Bstd:323.0,StrandBias:0.9,Multiplicity:1.46
0.001	0.001	0.001	0.997
0.116	0.001	0.001	0.882
0.001	0.001	0.001	0.997
0.001	0.001	0.001	0.997
0.001	0.997	0.001	0.001
0.181	0.199	0.001	0.619
0.001	0.997	0.001	0.001
0.001	0.155	0.843	0.001
>TTGACCGC	2-TTGACCGC	7.362011	-15.773502	0	T:143.0(14.76%),B:3867.5(9.47%),P:1e-6	Tpos:489.3,Tstd:288.9,Bpos:502.2,Bstd:311.4,StrandBias:-0.1,Multiplicity:1.10
0.001	0.022	0.066	0.911
0.001	0.161	0.013	0.825
0.001	0.084	0.914	0.001
0.901	0.027	0.042	0.030
0.001	0.934	0.064	0.001
0.193	0.748	0.058	0.001
0.001	0.001	0.952	0.046
0.001	0.852	0.001	0.146
>ATTAGGAA	3-ATTAGGAA	7.944686	-15.030125	0	T:165.0(17.03%),B:4692.0(11.49%),P:1e-6	Tpos:522.5,Tstd:276.6,Bpos:511.6,Bstd:312.1,StrandBias:-0.6,Multiplicity:1.08
0.888	0.110	0.001	0.001
0.001	0.201	0.142	0.656
0.001	0.001	0.001	0.997
0.997	0.001	0.001	0.001
0.001	0.001	0.997	0.001
0.001	0.001	0.997	0.001
0.997	0.001	0.001	0.001
0.923	0.075	0.001	0.001
>TGATTAGA	4-TGATTAGA	7.973667	-13.623538	0	T:237.0(24.46%),B:7456.9(18.26%),P:1e-5	Tpos:519.1,Tstd:297.4,Bpos:537.4,Bstd:310.6,StrandBias:-0.0,Multiplicity:1.17
0.001	0.203	0.001	0.795
0.001	0.001	0.997	0.001
0.997	0.001	0.001	0.001
0.001	0.272	0.001	0.726
0.139	0.001	0.001	0.859
0.893	0.001	0.105	0.001
0.001	0.001	0.997	0.001
0.624	0.001	0.001	0.374
>CTGGCAAC	5-CTGGCAAC	6.829685	-9.034399	0	T:156.0(16.10%),B:4901.5(12.00%),P:1e-3	Tpos:464.7,Tstd:281.0,Bpos:495.4,Bstd:303.6,StrandBias:0.2,Multiplicity:1.14
0.001	0.997	0.001	0.001
0.001	0.001	0.001	0.997
0.001	0.001	0.997	0.001
0.001	0.332	0.666	0.001
0.001	0.997	0.001	0.001
0.950	0.001	0.048	0.001
0.997	0.001	0.001	0.001
0.099	0.899	0.001	0.001
