>ATCTCATTCC	1-ATCTCATTCC	7.979040	-27.210501	0	T:44.0(20.56%),B:2478.1(6.11%),P:1e-11	Tpos:532.2,Tstd:318.0,Bpos:526.8,Bstd:341.0,StrandBias:1.2,Multiplicity:1.05
0.461	0.224	0.179	0.135
0.021	0.178	0.041	0.760
0.141	0.511	0.163	0.185
0.218	0.020	0.033	0.729
0.202	0.774	0.013	0.011
0.507	0.151	0.171	0.171
0.021	0.001	0.009	0.969
0.069	0.043	0.016	0.872
0.012	0.531	0.358	0.099
0.312	0.521	0.015	0.152
>TGTCMTTACT	2-TGTCMTTACT	9.326098	-24.124275	0	T:27.0(12.62%),B:1070.2(2.64%),P:1e-10	Tpos:525.2,Tstd:322.5,Bpos:519.5,Bstd:316.9,StrandBias:1.3,Multiplicity:1.15
0.150	0.077	0.001	0.772
0.013	0.001	0.766	0.220
0.001	0.009	0.084	0.906
0.001	0.997	0.001	0.001
0.469	0.326	0.204	0.001
0.131	0.084	0.001	0.784
0.001	0.081	0.001	0.917
0.790	0.084	0.125	0.001
0.067	0.922	0.010	0.001
0.074	0.001	0.001	0.924
>CGGGAGGACT	3-CGGGAGGACT	10.296193	-21.029890	0	T:4.0(1.87%),B:0.8(0.00%),P:1e-9	Tpos:664.8,Tstd:264.2,Bpos:522.0,Bstd:0.0,StrandBias:-1.6,Multiplicity:1.00
0.100	0.700	0.100	0.100
0.100	0.100	0.700	0.100
0.100	0.100	0.700	0.100
0.100	0.100	0.700	0.100
0.700	0.100	0.100	0.100
0.100	0.100	0.700	0.100
0.100	0.100	0.700	0.100
0.700	0.100	0.100	0.100
0.100	0.700	0.100	0.100
0.100	0.100	0.100	0.700
>TCTGCCTGTG	4-TCTGCCTGTG	9.975567	-18.919768	0	T:15.0(7.01%),B:397.2(0.98%),P:1e-8	Tpos:533.4,Tstd:285.9,Bpos:519.9,Bstd:345.8,StrandBias:1.7,Multiplicity:1.13
0.001	0.065	0.001	0.933
0.001	0.954	0.001	0.044
0.001	0.001	0.001	0.997
0.001	0.062	0.902	0.035
0.001	0.997	0.001	0.001
0.065	0.748	0.120	0.067
0.163	0.001	0.001	0.835
0.178	0.071	0.750	0.001
0.001	0.001	0.001	0.997
0.001	0.001	0.943	0.055
>ATCTCTCGGT	5-ATCTCTCGGT	9.770042	-18.847051	0	T:20.0(9.35%),B:757.2(1.87%),P:1e-8	Tpos:553.1,Tstd:258.1,Bpos:516.5,Bstd:342.7,StrandBias:1.7,Multiplicity:1.05
0.924	0.043	0.001	0.032
0.001	0.001	0.001	0.997
0.080	0.851	0.068	0.001
0.001	0.096	0.001	0.902
0.082	0.861	0.001	0.056
0.001	0.001	0.001	0.997
0.001	0.914	0.084	0.001
0.126	0.001	0.872	0.001
0.138	0.001	0.782	0.079
0.001	0.050	0.001	0.948
>GTAGTCTCGT	6-GTAGTCTCGT	9.947620	-18.647938	0	T:16.0(7.48%),B:471.8(1.16%),P:1e-8	Tpos:499.7,Tstd:287.2,Bpos:490.9,Bstd:352.8,StrandBias:0.0,Multiplicity:1.07
0.001	0.001	0.907	0.091
0.078	0.001	0.001	0.920
0.839	0.057	0.058	0.046
0.001	0.090	0.768	0.141
0.001	0.001	0.001	0.997
0.001	0.929	0.001	0.069
0.099	0.001	0.001	0.899
0.001	0.997	0.001	0.001
0.080	0.102	0.817	0.001
0.001	0.001	0.001	0.997
>AATAAATTGG	7-AATAAATTGG	8.433807	-18.162084	0	T:52.0(24.30%),B:4332.0(10.67%),P:1e-7	Tpos:560.7,Tstd:299.1,Bpos:500.7,Bstd:324.0,StrandBias:-1.1,Multiplicity:1.19
0.670	0.025	0.173	0.132
0.848	0.086	0.053	0.013
0.287	0.240	0.017	0.457
0.475	0.224	0.278	0.022
0.848	0.081	0.068	0.003
0.914	0.052	0.012	0.022
0.242	0.228	0.050	0.480
0.119	0.029	0.303	0.549
0.038	0.139	0.599	0.224
0.036	0.164	0.791	0.009
>GTATAACGTG	8-GTATAACGTG	9.717116	-17.992803	0	T:13.0(6.07%),B:303.7(0.75%),P:1e-7	Tpos:568.9,Tstd:246.2,Bpos:519.7,Bstd:341.4,StrandBias:-0.8,Multiplicity:1.08
0.147	0.001	0.851	0.001
0.001	0.001	0.045	0.953
0.658	0.203	0.138	0.001
0.001	0.001	0.001	0.997
0.997	0.001	0.001	0.001
0.997	0.001	0.001	0.001
0.001	0.997	0.001	0.001
0.001	0.003	0.932	0.064
0.149	0.001	0.001	0.849
0.001	0.140	0.712	0.147
>AAGAGGAAAC	9-AAGAGGAAAC	10.090126	-17.799696	0	T:36.0(16.82%),B:2404.1(5.92%),P:1e-7	Tpos:601.9,Tstd:287.3,Bpos:531.4,Bstd:353.0,StrandBias:-0.6,Multiplicity:1.03
0.925	0.040	0.034	0.001
0.942	0.027	0.030	0.001
0.147	0.001	0.833	0.019
0.929	0.001	0.042	0.028
0.062	0.001	0.936	0.001
0.225	0.001	0.773	0.001
0.997	0.001	0.001	0.001
0.912	0.001	0.086	0.001
0.878	0.001	0.001	0.120
0.107	0.891	0.001	0.001
>AAATATGGAA	10-AAATATGGAA	10.848202	-17.242179	0	T:21.0(9.81%),B:923.0(2.27%),P:1e-7	Tpos:454.1,Tstd:327.0,Bpos:505.3,Bstd:329.0,StrandBias:-0.3,Multiplicity:1.00
0.997	0.001	0.001	0.001
0.930	0.068	0.001	0.001
0.997	0.001	0.001	0.001
0.001	0.001	0.001	0.997
0.997	0.001	0.001	0.001
0.001	0.001	0.259	0.739
0.001	0.001	0.997	0.001
0.001	0.001	0.997	0.001
0.997	0.001	0.001	0.001
0.997	0.001	0.001	0.001
>CACWATGCAT	11-CACWATGCAT	9.111821	-16.897276	0	T:11.0(5.14%),B:220.7(0.54%),P:1e-7	Tpos:510.3,Tstd:269.1,Bpos:528.2,Bstd:284.0,StrandBias:-0.3,Multiplicity:1.00
0.075	0.543	0.359	0.023
0.698	0.048	0.027	0.227
0.183	0.650	0.059	0.108
0.376	0.065	0.034	0.525
0.800	0.046	0.061	0.093
0.028	0.001	0.123	0.848
0.001	0.001	0.817	0.181
0.021	0.835	0.023	0.121
0.625	0.044	0.050	0.281
0.001	0.231	0.261	0.507
>TACACCGGTG	12-TACACCGGTG	10.698589	-16.544772	0	T:9.0(4.21%),B:132.6(0.33%),P:1e-7	Tpos:294.7,Tstd:237.1,Bpos:478.8,Bstd:333.1,StrandBias:1.2,Multiplicity:1.00
0.001	0.001	0.093	0.905
0.793	0.099	0.107	0.001
0.001	0.865	0.001	0.133
0.997	0.001	0.001	0.001
0.100	0.898	0.001	0.001
0.067	0.931	0.001	0.001
0.001	0.001	0.892	0.106
0.001	0.001	0.997	0.001
0.078	0.001	0.001	0.920
0.001	0.001	0.896	0.102
>TCTCTCAGCG	13-TCTCTCAGCG	9.353707	-16.174956	0	T:21.0(9.81%),B:984.3(2.43%),P:1e-7	Tpos:471.2,Tstd:254.5,Bpos:521.7,Bstd:362.3,StrandBias:0.7,Multiplicity:1.00
0.341	0.001	0.001	0.657
0.001	0.872	0.126	0.001
0.001	0.001	0.001	0.997
0.001	0.815	0.001	0.183
0.120	0.001	0.001	0.878
0.001	0.997	0.001	0.001
0.841	0.001	0.001	0.157
0.073	0.056	0.693	0.178
0.001	0.997	0.001	0.001
0.001	0.149	0.806	0.044
>CTCTCTATCT	14-CTCTCTATCT	7.039813	-15.567960	0	T:93.0(43.46%),B:10952.9(26.99%),P:1e-6	Tpos:556.5,Tstd:294.0,Bpos:563.6,Bstd:359.4,StrandBias:1.8,Multiplicity:1.57
0.027	0.809	0.099	0.065
0.018	0.055	0.071	0.856
0.068	0.826	0.073	0.033
0.051	0.054	0.060	0.835
0.037	0.772	0.079	0.112
0.081	0.094	0.064	0.761
0.752	0.089	0.081	0.078
0.083	0.063	0.069	0.785
0.066	0.832	0.070	0.032
0.074	0.091	0.057	0.778
>AGACATACGT	15-AGACATACGT	10.349037	-15.101396	0	T:14.0(6.54%),B:463.6(1.14%),P:1e-6	Tpos:428.9,Tstd:250.8,Bpos:503.5,Bstd:322.1,StrandBias:-0.2,Multiplicity:1.07
0.997	0.001	0.001	0.001
0.001	0.001	0.997	0.001
0.909	0.001	0.001	0.089
0.032	0.880	0.001	0.087
0.997	0.001	0.001	0.001
0.066	0.001	0.001	0.932
0.845	0.001	0.085	0.069
0.081	0.834	0.084	0.001
0.102	0.001	0.763	0.134
0.080	0.001	0.001	0.918
>AGCTCTCGAA	16-AGCTCTCGAA	10.782914	-14.926621	0	T:15.0(7.01%),B:545.4(1.34%),P:1e-6	Tpos:604.5,Tstd:289.0,Bpos:472.2,Bstd:348.5,StrandBias:0.2,Multiplicity:1.00
0.997	0.001	0.001	0.001
0.200	0.001	0.798	0.001
0.001	0.997	0.001	0.001
0.001	0.001	0.199	0.799
0.298	0.700	0.001	0.001
0.001	0.001	0.001	0.997
0.001	0.820	0.178	0.001
0.001	0.001	0.997	0.001
0.820	0.001	0.001	0.178
0.714	0.284	0.001	0.001
>DATCGATMRT	17-DATCGATMRT	8.017073	-13.974335	0	T:60.0(28.04%),B:6099.1(15.03%),P:1e-6	Tpos:645.8,Tstd:281.0,Bpos:536.8,Bstd:343.7,StrandBias:-0.1,Multiplicity:1.33
0.343	0.001	0.258	0.398
0.905	0.001	0.093	0.001
0.001	0.001	0.001	0.997
0.001	0.997	0.001	0.001
0.001	0.001	0.972	0.026
0.997	0.001	0.001	0.001
0.001	0.001	0.001	0.997
0.435	0.305	0.058	0.202
0.488	0.088	0.423	0.001
0.332	0.154	0.001	0.513
>CGCGCTCCAT	18-CGCGCTCCAT	8.581577	-13.872437	0	T:21.0(9.81%),B:1137.2(2.80%),P:1e-6	Tpos:538.8,Tstd:241.1,Bpos:570.8,Bstd:346.4,StrandBias:0.1,Multiplicity:1.19
0.001	0.850	0.119	0.030
0.001	0.096	0.817	0.086
0.001	0.997	0.001	0.001
0.001	0.001	0.908	0.090
0.001	0.997	0.001	0.001
0.135	0.001	0.001	0.863
0.001	0.997	0.001	0.001
0.126	0.840	0.001	0.033
0.861	0.001	0.061	0.077
0.039	0.028	0.001	0.932
>CTACGGTCCG	19-CTACGGTCCG	7.811446	-13.133694	0	T:16.0(7.48%),B:718.1(1.77%),P:1e-5	Tpos:403.0,Tstd:286.4,Bpos:517.6,Bstd:356.9,StrandBias:1.7,Multiplicity:1.25
0.115	0.789	0.041	0.055
0.036	0.108	0.204	0.652
0.798	0.086	0.089	0.027
0.044	0.817	0.138	0.001
0.075	0.086	0.811	0.028
0.037	0.056	0.783	0.124
0.070	0.035	0.001	0.894
0.035	0.741	0.098	0.126
0.068	0.846	0.036	0.050
0.001	0.001	0.882	0.116
>CATCATGCAC	20-CATCATGCAC	10.296193	-12.454113	0	T:5.0(2.34%),B:40.2(0.10%),P:1e-5	Tpos:497.6,Tstd:230.1,Bpos:519.1,Bstd:310.3,StrandBias:0.6,Multiplicity:1.00
0.100	0.700	0.100	0.100
0.700	0.100	0.100	0.100
0.100	0.100	0.100	0.700
0.100	0.700	0.100	0.100
0.700	0.100	0.100	0.100
0.100	0.100	0.100	0.700
0.100	0.100	0.700	0.100
0.100	0.700	0.100	0.100
0.700	0.100	0.100	0.100
0.100	0.700	0.100	0.100
>AAATTGCCAA	21-AAATTGCCAA	9.934107	-10.732296	0	T:24.0(11.21%),B:1745.0(4.30%),P:1e-4	Tpos:414.3,Tstd:253.6,Bpos:474.2,Bstd:302.7,StrandBias:1.7,Multiplicity:1.42
0.997	0.001	0.001	0.001
0.968	0.001	0.001	0.030
0.997	0.001	0.001	0.001
0.001	0.080	0.001	0.918
0.001	0.001	0.025	0.973
0.001	0.093	0.905	0.001
0.001	0.997	0.001	0.001
0.001	0.898	0.001	0.100
0.997	0.001	0.001	0.001
0.914	0.001	0.084	0.001
>ATAATGAAAG	22-ATAATGAAAG	10.059145	-10.688484	0	T:32.0(14.95%),B:2742.9(6.76%),P:1e-4	Tpos:536.4,Tstd:306.9,Bpos:514.9,Bstd:325.4,StrandBias:-1.9,Multiplicity:1.16
0.969	0.001	0.001	0.029
0.066	0.027	0.204	0.703
0.997	0.001	0.001	0.001
0.963	0.035	0.001	0.001
0.001	0.065	0.001	0.933
0.047	0.001	0.837	0.115
0.997	0.001	0.001	0.001
0.997	0.001	0.001	0.001
0.839	0.001	0.001	0.159
0.151	0.001	0.751	0.097
>CAAAAAATCG	23-CAAAAAATCG	10.274636	-10.076524	0	T:47.0(21.96%),B:4931.4(12.15%),P:1e-4	Tpos:460.6,Tstd:269.3,Bpos:506.7,Bstd:317.4,StrandBias:-0.6,Multiplicity:1.27
0.001	0.930	0.068	0.001
0.893	0.080	0.001	0.026
0.978	0.001	0.001	0.020
0.905	0.001	0.001	0.093
0.938	0.001	0.030	0.031
0.983	0.001	0.001	0.015
0.877	0.001	0.012	0.110
0.065	0.001	0.064	0.870
0.043	0.883	0.036	0.038
0.113	0.001	0.823	0.063
>GGTGCACCAT	24-GGTGCACCAT	8.259711	-8.859177	0	T:17.0(7.94%),B:1139.9(2.81%),P:1e-3	Tpos:516.7,Tstd:256.7,Bpos:495.2,Bstd:341.3,StrandBias:-0.6,Multiplicity:1.47
0.062	0.001	0.936	0.001
0.281	0.001	0.717	0.001
0.001	0.001	0.001	0.997
0.001	0.001	0.997	0.001
0.089	0.909	0.001	0.001
0.997	0.001	0.001	0.001
0.001	0.997	0.001	0.001
0.001	0.997	0.001	0.001
0.737	0.129	0.133	0.001
0.085	0.074	0.071	0.770
>AACATGTTTT	25-AACATGTTTT	8.941689	-6.682122	0	T:20.0(9.35%),B:1768.3(4.36%),P:1e-2	Tpos:486.4,Tstd:267.6,Bpos:494.5,Bstd:308.8,StrandBias:-0.8,Multiplicity:1.00
0.966	0.001	0.032	0.001
0.968	0.001	0.030	0.001
0.001	0.997	0.001	0.001
0.997	0.001	0.001	0.001
0.001	0.001	0.001	0.997
0.001	0.001	0.997	0.001
0.001	0.001	0.034	0.964
0.038	0.001	0.001	0.960
0.098	0.001	0.001	0.900
0.001	0.001	0.087	0.911
