>CTAGSCTS	1-CTAGSCTS	5.875422	-21.242567	0	T:98.0(45.79%),B:10624.5(26.18%),P:1e-9	Tpos:537.1,Tstd:308.7,Bpos:509.5,Bstd:349.6,StrandBias:0.1,Multiplicity:1.26
0.001	0.728	0.001	0.270
0.047	0.001	0.001	0.951
0.733	0.001	0.099	0.167
0.001	0.048	0.920	0.031
0.094	0.453	0.362	0.091
0.001	0.921	0.077	0.001
0.001	0.341	0.054	0.604
0.026	0.425	0.428	0.121
>TATCGATC	2-TATCGATC	8.476368	-19.196420	0	T:59.0(27.57%),B:5128.5(12.64%),P:1e-8	Tpos:667.5,Tstd:281.0,Bpos:551.0,Bstd:345.9,StrandBias:0.4,Multiplicity:1.24
0.001	0.001	0.101	0.897
0.863	0.001	0.135	0.001
0.001	0.001	0.001	0.997
0.001	0.997	0.001	0.001
0.001	0.001	0.997	0.001
0.936	0.001	0.062	0.001
0.001	0.001	0.001	0.997
0.001	0.654	0.001	0.344
>GAACGCKC	3-GAACGCKC	7.387098	-15.341012	0	T:47.0(21.96%),B:4054.7(9.99%),P:1e-6	Tpos:596.9,Tstd:290.0,Bpos:528.0,Bstd:348.7,StrandBias:-0.7,Multiplicity:1.09
0.387	0.001	0.611	0.001
0.533	0.121	0.345	0.001
0.725	0.001	0.273	0.001
0.001	0.997	0.001	0.001
0.001	0.001	0.921	0.077
0.209	0.789	0.001	0.001
0.001	0.001	0.453	0.545
0.001	0.702	0.001	0.296
>CWCATYCC	4-CWCATYCC	7.594437	-15.169097	0	T:62.0(28.97%),B:6179.5(15.23%),P:1e-6	Tpos:508.2,Tstd:276.8,Bpos:504.3,Bstd:331.5,StrandBias:0.3,Multiplicity:1.18
0.001	0.840	0.158	0.001
0.526	0.001	0.001	0.472
0.386	0.552	0.061	0.001
0.691	0.001	0.001	0.307
0.001	0.005	0.005	0.989
0.073	0.286	0.206	0.434
0.001	0.670	0.328	0.001
0.001	0.997	0.001	0.001
>CTCTCTCG	5-CTCTCTCG	7.029230	-12.070265	0	T:88.0(41.12%),B:10952.7(26.99%),P:1e-5	Tpos:553.3,Tstd:272.2,Bpos:558.2,Bstd:367.6,StrandBias:1.3,Multiplicity:1.41
0.099	0.776	0.048	0.077
0.025	0.080	0.016	0.879
0.001	0.919	0.001	0.079
0.001	0.001	0.001	0.997
0.073	0.925	0.001	0.001
0.031	0.001	0.001	0.967
0.049	0.902	0.001	0.048
0.171	0.001	0.629	0.199
