>SAAGTCACAA	1-SAAGTCACAA	8.353682	-24.078358	0	T:46.0(22.22%),B:3028.8(7.55%),P:1e-10	Tpos:610.5,Tstd:292.6,Bpos:501.7,Bstd:299.7,StrandBias:-0.2,Multiplicity:1.15
0.052	0.453	0.376	0.119
0.717	0.232	0.050	0.001
0.909	0.089	0.001	0.001
0.001	0.038	0.960	0.001
0.001	0.213	0.026	0.760
0.001	0.823	0.001	0.175
0.883	0.001	0.001	0.115
0.026	0.889	0.084	0.001
0.997	0.001	0.001	0.001
0.853	0.042	0.042	0.063
>ATCTTATCAG	2-ATCTTATCAG	9.167946	-24.001400	0	T:50.0(24.15%),B:3509.7(8.74%),P:1e-10	Tpos:653.9,Tstd:302.2,Bpos:541.0,Bstd:306.5,StrandBias:0.0,Multiplicity:1.06
0.596	0.294	0.001	0.109
0.001	0.001	0.001	0.997
0.001	0.683	0.229	0.087
0.001	0.001	0.001	0.997
0.001	0.001	0.001	0.997
0.927	0.034	0.038	0.001
0.001	0.001	0.001	0.997
0.001	0.997	0.001	0.001
0.997	0.001	0.001	0.001
0.090	0.068	0.792	0.050
>CAATATATAC	3-CAATATATAC	7.813787	-23.482058	0	T:39.0(18.84%),B:2297.5(5.72%),P:1e-10	Tpos:471.2,Tstd:293.0,Bpos:509.5,Bstd:361.0,StrandBias:0.2,Multiplicity:1.05
0.049	0.705	0.044	0.202
0.675	0.046	0.046	0.233
0.748	0.033	0.022	0.197
0.200	0.036	0.184	0.580
0.501	0.214	0.209	0.076
0.036	0.251	0.060	0.653
0.601	0.022	0.178	0.199
0.279	0.028	0.201	0.493
0.734	0.036	0.215	0.015
0.337	0.610	0.025	0.028
>TGGTCGCTGC	4-TGGTCGCTGC	8.564073	-23.255986	0	T:15.0(7.25%),B:292.3(0.73%),P:1e-10	Tpos:464.1,Tstd:276.8,Bpos:463.9,Bstd:287.3,StrandBias:-1.5,Multiplicity:1.00
0.053	0.080	0.034	0.833
0.022	0.023	0.713	0.242
0.035	0.046	0.581	0.338
0.224	0.093	0.057	0.626
0.018	0.735	0.246	0.001
0.230	0.017	0.489	0.264
0.267	0.619	0.048	0.066
0.049	0.070	0.022	0.859
0.040	0.078	0.639	0.243
0.327	0.566	0.049	0.058
>ACGATAAGGA	5-ACGATAAGGA	9.002416	-19.529891	0	T:23.0(11.11%),B:993.3(2.47%),P:1e-8	Tpos:618.9,Tstd:313.2,Bpos:519.3,Bstd:293.1,StrandBias:-1.2,Multiplicity:1.00
0.889	0.060	0.001	0.050
0.001	0.977	0.001	0.021
0.001	0.001	0.933	0.065
0.901	0.001	0.001	0.097
0.032	0.001	0.001	0.966
0.872	0.001	0.047	0.080
0.997	0.001	0.001	0.001
0.041	0.070	0.841	0.048
0.075	0.001	0.750	0.174
0.941	0.001	0.001	0.057
>CCACGTGTCG	6-CCACGTGTCG	7.065147	-18.920154	0	T:48.0(23.19%),B:3818.0(9.51%),P:1e-8	Tpos:575.2,Tstd:273.8,Bpos:506.9,Bstd:296.1,StrandBias:0.3,Multiplicity:1.17
0.165	0.711	0.080	0.044
0.110	0.871	0.018	0.001
0.868	0.035	0.049	0.048
0.065	0.794	0.035	0.106
0.080	0.031	0.812	0.077
0.118	0.021	0.001	0.860
0.101	0.083	0.786	0.030
0.142	0.078	0.035	0.745
0.030	0.870	0.020	0.080
0.107	0.099	0.689	0.105
>GGTMACCACA	7-GGTMACCACA	7.087922	-18.614045	0	T:40.0(19.32%),B:2854.2(7.11%),P:1e-8	Tpos:510.5,Tstd:244.1,Bpos:504.7,Bstd:305.7,StrandBias:0.5,Multiplicity:1.43
0.024	0.220	0.738	0.018
0.024	0.001	0.930	0.045
0.049	0.351	0.044	0.556
0.474	0.469	0.055	0.001
0.770	0.179	0.031	0.020
0.105	0.531	0.363	0.001
0.049	0.722	0.001	0.228
0.612	0.120	0.248	0.020
0.054	0.913	0.001	0.032
0.814	0.022	0.001	0.163
>AGGTGAAATC	8-AGGTGAAATC	9.592670	-17.477739	0	T:24.0(11.59%),B:1207.8(3.01%),P:1e-7	Tpos:454.9,Tstd:247.1,Bpos:524.5,Bstd:303.7,StrandBias:-0.1,Multiplicity:1.12
0.856	0.056	0.052	0.036
0.049	0.039	0.887	0.025
0.001	0.177	0.807	0.015
0.001	0.001	0.001	0.997
0.036	0.053	0.910	0.001
0.954	0.001	0.044	0.001
0.940	0.058	0.001	0.001
0.953	0.001	0.001	0.045
0.001	0.053	0.001	0.945
0.126	0.787	0.073	0.014
>NGGTHVTWCA	9-NGGTHVTWCA	5.732466	-16.204968	0	T:17.0(8.21%),B:658.6(1.64%),P:1e-7	Tpos:547.7,Tstd:296.4,Bpos:477.5,Bstd:285.1,StrandBias:0.8,Multiplicity:1.12
0.245	0.220	0.256	0.279
0.023	0.288	0.450	0.239
0.029	0.050	0.633	0.288
0.317	0.035	0.022	0.626
0.380	0.280	0.029	0.311
0.321	0.289	0.364	0.026
0.254	0.261	0.029	0.455
0.416	0.047	0.032	0.505
0.026	0.563	0.023	0.388
0.454	0.201	0.206	0.139
>GACTTCCGGA	10-GACTTCCGGA	10.131258	-16.196684	0	T:13.0(6.28%),B:364.2(0.91%),P:1e-7	Tpos:495.4,Tstd:321.8,Bpos:493.2,Bstd:285.4,StrandBias:-1.9,Multiplicity:1.00
0.043	0.001	0.955	0.001
0.863	0.001	0.135	0.001
0.048	0.786	0.115	0.051
0.086	0.001	0.001	0.912
0.001	0.001	0.001	0.997
0.001	0.997	0.001	0.001
0.101	0.841	0.001	0.057
0.001	0.001	0.929	0.069
0.001	0.001	0.997	0.001
0.807	0.118	0.001	0.074
>CCACCCCTTT	11-CCACCCCTTT	9.373078	-14.697254	0	T:19.0(9.18%),B:914.6(2.28%),P:1e-6	Tpos:594.2,Tstd:325.9,Bpos:538.8,Bstd:295.6,StrandBias:-0.6,Multiplicity:1.05
0.085	0.913	0.001	0.001
0.090	0.908	0.001	0.001
0.918	0.001	0.001	0.080
0.001	0.932	0.001	0.066
0.205	0.748	0.001	0.046
0.036	0.880	0.001	0.083
0.001	0.800	0.074	0.125
0.075	0.072	0.001	0.852
0.097	0.076	0.001	0.826
0.001	0.001	0.001	0.997
>GGCGCTAAAT	12-GGCGCTAAAT	10.085657	-12.936311	0	T:10.0(4.83%),B:274.2(0.68%),P:1e-5	Tpos:365.6,Tstd:237.0,Bpos:498.1,Bstd:275.4,StrandBias:-0.8,Multiplicity:1.40
0.001	0.001	0.997	0.001
0.001	0.047	0.861	0.091
0.348	0.522	0.001	0.129
0.001	0.001	0.997	0.001
0.065	0.933	0.001	0.001
0.001	0.001	0.058	0.940
0.904	0.001	0.094	0.001
0.997	0.001	0.001	0.001
0.997	0.001	0.001	0.001
0.065	0.001	0.001	0.933
>TCCTAGAGGG	13-TCCTAGAGGG	11.015741	-12.562190	0	T:5.0(2.42%),B:40.4(0.10%),P:1e-5	Tpos:410.0,Tstd:159.2,Bpos:524.9,Bstd:307.3,StrandBias:0.6,Multiplicity:1.00
0.001	0.001	0.001	0.997
0.001	0.997	0.001	0.001
0.001	0.997	0.001	0.001
0.001	0.001	0.001	0.997
0.926	0.001	0.001	0.072
0.001	0.302	0.696	0.001
0.682	0.316	0.001	0.001
0.001	0.001	0.997	0.001
0.001	0.001	0.997	0.001
0.290	0.001	0.708	0.001
>GCTCCGAGAG	14-GCTCCGAGAG	9.946260	-11.521344	0	T:13.0(6.28%),B:562.3(1.40%),P:1e-5	Tpos:348.7,Tstd:299.7,Bpos:493.0,Bstd:285.5,StrandBias:-1.0,Multiplicity:1.38
0.001	0.001	0.997	0.001
0.001	0.997	0.001	0.001
0.001	0.001	0.001	0.997
0.001	0.997	0.001	0.001
0.001	0.997	0.001	0.001
0.001	0.118	0.880	0.001
0.512	0.247	0.001	0.240
0.001	0.001	0.997	0.001
0.845	0.001	0.001	0.153
0.001	0.175	0.823	0.001
>ATCCTCCCAG	15-ATCCTCCCAG	10.342332	-10.810166	0	T:5.0(2.42%),B:59.2(0.15%),P:1e-4	Tpos:264.9,Tstd:254.5,Bpos:451.8,Bstd:313.5,StrandBias:1.6,Multiplicity:1.60
0.805	0.001	0.193	0.001
0.001	0.001	0.001	0.997
0.001	0.997	0.001	0.001
0.001	0.997	0.001	0.001
0.001	0.001	0.001	0.997
0.001	0.997	0.001	0.001
0.001	0.997	0.001	0.001
0.001	0.841	0.157	0.001
0.997	0.001	0.001	0.001
0.001	0.001	0.997	0.001
>GCAAGTCCAT	16-GCAAGTCCAT	8.612238	-10.241442	0	T:18.0(8.70%),B:1146.9(2.86%),P:1e-4	Tpos:409.3,Tstd:279.8,Bpos:481.5,Bstd:373.0,StrandBias:-1.6,Multiplicity:1.56
0.001	0.074	0.924	0.001
0.203	0.682	0.001	0.114
0.745	0.001	0.149	0.105
0.908	0.001	0.001	0.090
0.001	0.306	0.692	0.001
0.064	0.001	0.084	0.851
0.001	0.997	0.001	0.001
0.001	0.864	0.001	0.134
0.899	0.001	0.001	0.099
0.001	0.061	0.001	0.937
>ACCCTCAAGG	17-ACCCTCAAGG	9.303868	-9.450614	0	T:7.0(3.38%),B:191.8(0.48%),P:1e-4	Tpos:252.7,Tstd:220.3,Bpos:490.0,Bstd:303.9,StrandBias:2.2,Multiplicity:1.57
0.997	0.001	0.001	0.001
0.001	0.997	0.001	0.001
0.099	0.899	0.001	0.001
0.001	0.845	0.001	0.153
0.001	0.001	0.001	0.997
0.001	0.997	0.001	0.001
0.997	0.001	0.001	0.001
0.599	0.313	0.001	0.087
0.001	0.107	0.891	0.001
0.001	0.001	0.997	0.001
>TACTAATTTT	18-TACTAATTTT	8.247700	-8.438763	0	T:60.0(28.99%),B:7493.2(18.67%),P:1e-3	Tpos:442.5,Tstd:257.6,Bpos:506.7,Bstd:297.2,StrandBias:0.0,Multiplicity:1.37
0.083	0.234	0.096	0.587
0.485	0.014	0.223	0.279
0.266	0.455	0.015	0.263
0.256	0.208	0.039	0.497
0.621	0.284	0.045	0.050
0.873	0.046	0.043	0.038
0.247	0.102	0.034	0.617
0.013	0.120	0.111	0.756
0.146	0.135	0.055	0.664
0.017	0.153	0.025	0.805
>TKGYGCRCKG	19-TKGYGCRCKG	8.479872	-7.785464	0	T:5.0(2.42%),B:116.2(0.29%),P:1e-3	Tpos:363.3,Tstd:229.9,Bpos:504.8,Bstd:307.0,StrandBias:1.6,Multiplicity:2.40
0.001	0.340	0.001	0.658
0.179	0.001	0.394	0.426
0.001	0.001	0.793	0.205
0.001	0.346	0.235	0.418
0.001	0.001	0.615	0.383
0.001	0.724	0.274	0.001
0.470	0.001	0.528	0.001
0.001	0.766	0.232	0.001
0.059	0.001	0.423	0.517
0.353	0.001	0.645	0.001
>ATTATTGAGA	20-ATTATTGAGA	10.519400	-7.705994	0	T:17.0(8.21%),B:1290.5(3.22%),P:1e-3	Tpos:586.8,Tstd:288.7,Bpos:494.9,Bstd:304.4,StrandBias:0.5,Multiplicity:1.41
0.997	0.001	0.001	0.001
0.084	0.001	0.067	0.848
0.001	0.001	0.001	0.997
0.997	0.001	0.001	0.001
0.001	0.001	0.001	0.997
0.001	0.001	0.055	0.943
0.001	0.001	0.997	0.001
0.879	0.001	0.001	0.119
0.001	0.001	0.997	0.001
0.877	0.121	0.001	0.001
>ATGCGAAAAC	21-ATGCGAAAAC	9.414389	-7.655005	0	T:39.0(18.84%),B:4358.4(10.86%),P:1e-3	Tpos:471.3,Tstd:290.5,Bpos:515.8,Bstd:307.7,StrandBias:-0.7,Multiplicity:1.41
0.997	0.001	0.001	0.001
0.357	0.042	0.001	0.600
0.001	0.001	0.777	0.221
0.001	0.632	0.001	0.366
0.001	0.001	0.997	0.001
0.997	0.001	0.001	0.001
0.997	0.001	0.001	0.001
0.997	0.001	0.001	0.001
0.997	0.001	0.001	0.001
0.001	0.997	0.001	0.001
>TTAAACTGAG	22-TTAAACTGAG	11.723937	-6.393451	0	T:5.0(2.42%),B:160.6(0.40%),P:1e-2	Tpos:348.0,Tstd:203.8,Bpos:499.9,Bstd:312.9,StrandBias:3.6,Multiplicity:2.60
0.001	0.001	0.001	0.997
0.001	0.001	0.001	0.997
0.877	0.121	0.001	0.001
0.997	0.001	0.001	0.001
0.997	0.001	0.001	0.001
0.001	0.997	0.001	0.001
0.001	0.001	0.001	0.997
0.001	0.001	0.997	0.001
0.997	0.001	0.001	0.001
0.001	0.001	0.997	0.001
>AACGGCCTGA	23-AACGGCCTGA	12.481106	-6.126386	0	T:3.0(1.45%),B:47.3(0.12%),P:1e-2	Tpos:293.0,Tstd:180.0,Bpos:368.3,Bstd:258.5,StrandBias:-2.3,Multiplicity:2.00
0.997	0.001	0.001	0.001
0.740	0.258	0.001	0.001
0.001	0.997	0.001	0.001
0.001	0.001	0.997	0.001
0.001	0.001	0.997	0.001
0.001	0.997	0.001	0.001
0.001	0.997	0.001	0.001
0.001	0.001	0.001	0.997
0.001	0.001	0.997	0.001
0.997	0.001	0.001	0.001
>GGATACCGTG	24-GGATACCGTG	10.850607	-5.751973	0	T:3.0(1.45%),B:54.0(0.13%),P:1e-2	Tpos:303.5,Tstd:214.1,Bpos:515.6,Bstd:289.1,StrandBias:-2.3,Multiplicity:4.00
0.001	0.001	0.997	0.001
0.001	0.001	0.911	0.087
0.997	0.001	0.001	0.001
0.001	0.001	0.001	0.997
0.997	0.001	0.001	0.001
0.001	0.997	0.001	0.001
0.001	0.579	0.001	0.419
0.001	0.001	0.997	0.001
0.001	0.001	0.001	0.997
0.001	0.001	0.997	0.001
>GCCAGCACTT	25-GCCAGCACTT	11.480809	-5.424789	0	T:3.0(1.45%),B:61.3(0.15%),P:1e-2	Tpos:413.2,Tstd:223.1,Bpos:548.1,Bstd:317.0,StrandBias:1.6,Multiplicity:2.67
0.001	0.001	0.997	0.001
0.001	0.997	0.001	0.001
0.001	0.997	0.001	0.001
0.860	0.001	0.138	0.001
0.001	0.001	0.997	0.001
0.001	0.997	0.001	0.001
0.997	0.001	0.001	0.001
0.001	0.888	0.110	0.001
0.001	0.001	0.001	0.997
0.001	0.001	0.001	0.997
>ACAAGTCACAAA	1-ACAAGTCACAAA	12.742314	-31.787099	0	T:13.0(6.28%),B:96.0(0.24%),P:1e-13	Tpos:617.5,Tstd:269.7,Bpos:509.2,Bstd:307.1,StrandBias:0.2,Multiplicity:1.00
0.931	0.067	0.001	0.001
0.025	0.921	0.001	0.053
0.997	0.001	0.001	0.001
0.997	0.001	0.001	0.001
0.001	0.001	0.963	0.035
0.001	0.093	0.001	0.905
0.001	0.997	0.001	0.001
0.997	0.001	0.001	0.001
0.001	0.803	0.062	0.134
0.822	0.001	0.083	0.094
0.811	0.094	0.094	0.001
0.896	0.102	0.001	0.001
>MAAWTGATAAGA	2-MAAWTGATAAGA	11.076636	-24.269820	0	T:28.0(13.53%),B:1174.1(2.93%),P:1e-10	Tpos:712.3,Tstd:268.5,Bpos:580.2,Bstd:305.8,StrandBias:-0.2,Multiplicity:1.07
0.517	0.443	0.039	0.001
0.580	0.003	0.329	0.088
0.777	0.136	0.086	0.001
0.299	0.260	0.002	0.439
0.001	0.114	0.001	0.884
0.069	0.001	0.929	0.001
0.954	0.001	0.002	0.043
0.033	0.001	0.001	0.965
0.882	0.055	0.001	0.062
0.956	0.001	0.001	0.042
0.001	0.047	0.900	0.052
0.884	0.001	0.114	0.001
>TTTTATACATCT	3-TTTTATACATCT	11.498735	-24.167080	0	T:17.0(8.21%),B:379.2(0.94%),P:1e-10	Tpos:439.3,Tstd:290.2,Bpos:502.3,Bstd:316.0,StrandBias:-1.3,Multiplicity:1.00
0.001	0.001	0.001	0.997
0.106	0.001	0.001	0.892
0.097	0.001	0.001	0.901
0.091	0.001	0.001	0.907
0.997	0.001	0.001	0.001
0.081	0.001	0.001	0.917
0.985	0.013	0.001	0.001
0.059	0.939	0.001	0.001
0.861	0.001	0.137	0.001
0.078	0.001	0.132	0.789
0.001	0.828	0.090	0.081
0.001	0.001	0.017	0.981
>CAAAGTTTTGAC	4-CAAAGTTTTGAC	11.194307	-23.446575	0	T:16.0(7.73%),B:341.9(0.85%),P:1e-10	Tpos:569.5,Tstd:259.6,Bpos:497.2,Bstd:307.1,StrandBias:-0.5,Multiplicity:1.06
0.046	0.952	0.001	0.001
0.979	0.001	0.019	0.001
0.799	0.001	0.095	0.105
0.813	0.001	0.101	0.085
0.001	0.001	0.997	0.001
0.001	0.001	0.001	0.997
0.001	0.001	0.001	0.997
0.001	0.001	0.001	0.997
0.101	0.001	0.105	0.793
0.001	0.067	0.931	0.001
0.847	0.083	0.001	0.069
0.001	0.893	0.059	0.047
>ATCTATAATCTC	5-ATCTATAATCTC	10.183141	-22.572413	0	T:22.0(10.63%),B:766.2(1.91%),P:1e-9	Tpos:553.2,Tstd:256.8,Bpos:512.1,Bstd:298.3,StrandBias:0.0,Multiplicity:1.18
0.789	0.001	0.136	0.074
0.104	0.100	0.001	0.795
0.083	0.730	0.140	0.047
0.001	0.058	0.001	0.940
0.803	0.082	0.001	0.114
0.173	0.001	0.001	0.825
0.822	0.093	0.047	0.038
0.799	0.127	0.001	0.073
0.088	0.068	0.059	0.785
0.001	0.896	0.001	0.102
0.001	0.001	0.106	0.892
0.001	0.931	0.067	0.001
>ATAACAGTCATT	6-ATAACAGTCATT	12.793760	-21.437181	0	T:9.0(4.35%),B:74.2(0.18%),P:1e-9	Tpos:304.5,Tstd:266.8,Bpos:528.5,Bstd:303.2,StrandBias:0.6,Multiplicity:1.11
0.997	0.001	0.001	0.001
0.001	0.001	0.001	0.997
0.789	0.001	0.209	0.001
0.997	0.001	0.001	0.001
0.001	0.997	0.001	0.001
0.997	0.001	0.001	0.001
0.150	0.161	0.561	0.128
0.001	0.001	0.001	0.997
0.001	0.997	0.001	0.001
0.997	0.001	0.001	0.001
0.001	0.001	0.174	0.824
0.001	0.001	0.001	0.997
>GAAAAATGTGTC	7-GAAAAATGTGTC	12.466639	-21.209612	0	T:19.0(9.18%),B:599.8(1.49%),P:1e-9	Tpos:584.4,Tstd:286.6,Bpos:490.5,Bstd:433.3,StrandBias:-0.5,Multiplicity:1.00
0.042	0.001	0.956	0.001
0.997	0.001	0.001	0.001
0.997	0.001	0.001	0.001
0.997	0.001	0.001	0.001
0.997	0.001	0.001	0.001
0.864	0.001	0.134	0.001
0.066	0.108	0.001	0.825
0.001	0.001	0.997	0.001
0.001	0.001	0.097	0.901
0.068	0.001	0.766	0.165
0.071	0.001	0.075	0.853
0.107	0.891	0.001	0.001
>GTAACAGAAGAA	8-GTAACAGAAGAA	13.329132	-20.099773	0	T:8.0(3.86%),B:58.9(0.15%),P:1e-8	Tpos:454.6,Tstd:316.2,Bpos:514.3,Bstd:292.5,StrandBias:-0.3,Multiplicity:1.12
0.001	0.001	0.841	0.157
0.001	0.001	0.001	0.997
0.577	0.421	0.001	0.001
0.997	0.001	0.001	0.001
0.001	0.997	0.001	0.001
0.997	0.001	0.001	0.001
0.001	0.001	0.997	0.001
0.729	0.001	0.269	0.001
0.864	0.134	0.001	0.001
0.099	0.001	0.899	0.001
0.997	0.001	0.001	0.001
0.997	0.001	0.001	0.001
>ATCATTATAAAT	9-ATCATTATAAAT	12.592854	-19.894184	0	T:15.0(7.25%),B:377.5(0.94%),P:1e-8	Tpos:584.0,Tstd:299.8,Bpos:506.5,Bstd:297.2,StrandBias:0.4,Multiplicity:1.07
0.946	0.001	0.001	0.052
0.001	0.001	0.001	0.997
0.057	0.941	0.001	0.001
0.997	0.001	0.001	0.001
0.001	0.001	0.103	0.895
0.001	0.001	0.001	0.997
0.952	0.001	0.001	0.046
0.221	0.001	0.060	0.718
0.918	0.080	0.001	0.001
0.997	0.001	0.001	0.001
0.887	0.001	0.111	0.001
0.059	0.111	0.001	0.829
>AGGCCACCATAG	10-AGGCCACCATAG	11.221594	-18.954883	0	T:8.0(3.86%),B:68.8(0.17%),P:1e-8	Tpos:499.9,Tstd:283.6,Bpos:499.9,Bstd:261.2,StrandBias:0.5,Multiplicity:1.50
0.997	0.001	0.001	0.001
0.001	0.001	0.997	0.001
0.112	0.001	0.886	0.001
0.001	0.876	0.001	0.122
0.265	0.592	0.142	0.001
0.997	0.001	0.001	0.001
0.236	0.640	0.123	0.001
0.001	0.857	0.001	0.141
0.997	0.001	0.001	0.001
0.142	0.246	0.001	0.611
0.792	0.001	0.001	0.206
0.001	0.083	0.793	0.123
>TCTCAGTTTAAA	11-TCTCAGTTTAAA	11.345299	-15.085036	0	T:9.0(4.35%),B:162.0(0.40%),P:1e-6	Tpos:400.7,Tstd:210.2,Bpos:474.6,Bstd:298.6,StrandBias:-3.0,Multiplicity:2.00
0.001	0.001	0.001	0.997
0.001	0.997	0.001	0.001
0.279	0.001	0.001	0.719
0.001	0.997	0.001	0.001
0.997	0.001	0.001	0.001
0.001	0.001	0.997	0.001
0.128	0.001	0.001	0.870
0.001	0.001	0.001	0.997
0.001	0.001	0.358	0.640
0.997	0.001	0.001	0.001
0.901	0.001	0.097	0.001
0.901	0.001	0.097	0.001
>KADAAHATGSAR	12-KADAAHATGSAR	8.739176	-14.378820	0	T:10.0(4.83%),B:232.2(0.58%),P:1e-6	Tpos:419.7,Tstd:248.3,Bpos:511.6,Bstd:312.4,StrandBias:0.6,Multiplicity:1.50
0.144	0.100	0.449	0.307
0.703	0.001	0.001	0.295
0.294	0.028	0.343	0.336
0.596	0.001	0.211	0.192
0.637	0.001	0.114	0.248
0.238	0.358	0.028	0.375
0.673	0.177	0.149	0.001
0.001	0.001	0.228	0.770
0.355	0.124	0.507	0.014
0.001	0.476	0.495	0.028
0.749	0.057	0.193	0.001
0.265	0.202	0.378	0.155
>GCTCSCCGGTAT	13-GCTCSCCGGTAT	12.954650	-13.537077	0	T:3.0(1.45%),B:2.0(0.01%),P:1e-5	Tpos:301.7,Tstd:287.8,Bpos:532.5,Bstd:3.5,StrandBias:10.0,Multiplicity:2.33
0.001	0.001	0.997	0.001
0.001	0.997	0.001	0.001
0.001	0.001	0.001	0.997
0.001	0.997	0.001	0.001
0.001	0.513	0.485	0.001
0.091	0.907	0.001	0.001
0.001	0.997	0.001	0.001
0.038	0.001	0.960	0.001
0.001	0.001	0.997	0.001
0.001	0.422	0.001	0.576
0.997	0.001	0.001	0.001
0.001	0.001	0.001	0.997
>CCTTATGTTATT	14-CCTTATGTTATT	12.355432	-13.537077	0	T:3.0(1.45%),B:2.1(0.01%),P:1e-5	Tpos:583.2,Tstd:237.6,Bpos:516.0,Bstd:39.4,StrandBias:10.0,Multiplicity:1.33
0.100	0.700	0.100	0.100
0.100	0.700	0.100	0.100
0.100	0.100	0.100	0.700
0.100	0.100	0.100	0.700
0.700	0.100	0.100	0.100
0.100	0.100	0.100	0.700
0.100	0.100	0.700	0.100
0.100	0.100	0.100	0.700
0.100	0.100	0.100	0.700
0.700	0.100	0.100	0.100
0.100	0.100	0.100	0.700
0.100	0.100	0.100	0.700
>TGGTCAGTGCAA	15-TGGTCAGTGCAA	8.507077	-11.589869	0	T:10.0(4.83%),B:322.0(0.80%),P:1e-5	Tpos:489.5,Tstd:166.4,Bpos:467.3,Bstd:301.7,StrandBias:2.2,Multiplicity:2.20
0.001	0.001	0.001	0.997
0.323	0.001	0.491	0.185
0.016	0.014	0.670	0.300
0.232	0.249	0.028	0.491
0.001	0.729	0.001	0.269
0.470	0.227	0.055	0.248
0.222	0.055	0.535	0.188
0.167	0.325	0.001	0.507
0.188	0.155	0.430	0.227
0.104	0.575	0.084	0.237
0.752	0.028	0.028	0.192
0.529	0.227	0.161	0.083
>GTACCCTCAAGG	16-GTACCCTCAAGG	13.664579	-10.549875	0	T:2.0(0.97%),B:0.9(0.00%),P:1e-4	Tpos:233.4,Tstd:126.6,Bpos:416.0,Bstd:0.0,StrandBias:1.3,Multiplicity:3.50
0.125	0.001	0.873	0.001
0.001	0.001	0.001	0.997
0.997	0.001	0.001	0.001
0.001	0.997	0.001	0.001
0.001	0.997	0.001	0.001
0.001	0.997	0.001	0.001
0.145	0.145	0.001	0.709
0.001	0.997	0.001	0.001
0.997	0.001	0.001	0.001
0.582	0.416	0.001	0.001
0.001	0.001	0.997	0.001
0.001	0.001	0.997	0.001
>GCAAAGGCATTG	17-GCAAAGGCATTG	11.904277	-9.757303	0	T:3.0(1.45%),B:12.3(0.03%),P:1e-4	Tpos:304.5,Tstd:146.1,Bpos:491.3,Bstd:226.0,StrandBias:-2.8,Multiplicity:2.67
0.001	0.001	0.997	0.001
0.001	0.997	0.001	0.001
0.869	0.001	0.129	0.001
0.880	0.001	0.001	0.118
0.849	0.149	0.001	0.001
0.001	0.001	0.997	0.001
0.001	0.001	0.997	0.001
0.001	0.997	0.001	0.001
0.869	0.001	0.129	0.001
0.001	0.001	0.001	0.997
0.001	0.001	0.001	0.997
0.119	0.150	0.730	0.001
>TACTCAAAATCA	18-TACTCAAAATCA	12.355432	-9.757303	0	T:3.0(1.45%),B:12.9(0.03%),P:1e-4	Tpos:394.5,Tstd:113.8,Bpos:426.5,Bstd:287.7,StrandBias:10.0,Multiplicity:1.33
0.100	0.100	0.100	0.700
0.700	0.100	0.100	0.100
0.100	0.700	0.100	0.100
0.100	0.100	0.100	0.700
0.100	0.700	0.100	0.100
0.700	0.100	0.100	0.100
0.700	0.100	0.100	0.100
0.700	0.100	0.100	0.100
0.700	0.100	0.100	0.100
0.100	0.100	0.100	0.700
0.100	0.700	0.100	0.100
0.700	0.100	0.100	0.100
>GGTGCTAAATTT	19-GGTGCTAAATTT	11.802810	-9.482304	0	T:7.0(3.38%),B:190.8(0.48%),P:1e-4	Tpos:284.2,Tstd:190.6,Bpos:509.4,Bstd:257.3,StrandBias:0.4,Multiplicity:1.57
0.093	0.001	0.905	0.001
0.001	0.001	0.919	0.079
0.307	0.154	0.001	0.538
0.001	0.001	0.997	0.001
0.001	0.997	0.001	0.001
0.001	0.001	0.257	0.741
0.997	0.001	0.001	0.001
0.997	0.001	0.001	0.001
0.997	0.001	0.001	0.001
0.001	0.001	0.001	0.997
0.001	0.001	0.001	0.997
0.001	0.001	0.001	0.997
>CCGAACTAGGCC	20-CCGAACTAGGCC	14.512872	-9.454656	0	T:2.0(0.97%),B:2.0(0.00%),P:1e-4	Tpos:276.0,Tstd:128.7,Bpos:312.4,Bstd:118.7,StrandBias:2.0,Multiplicity:2.50
0.001	0.997	0.001	0.001
0.001	0.997	0.001	0.001
0.001	0.001	0.997	0.001
0.997	0.001	0.001	0.001
0.997	0.001	0.001	0.001
0.257	0.741	0.001	0.001
0.257	0.001	0.001	0.741
0.774	0.001	0.001	0.224
0.001	0.001	0.997	0.001
0.001	0.001	0.997	0.001
0.001	0.997	0.001	0.001
0.001	0.997	0.001	0.001
>GTTTTCAAATTT	21-GTTTTCAAATTT	13.059539	-9.064280	0	T:16.0(7.73%),B:1034.3(2.58%),P:1e-3	Tpos:481.7,Tstd:303.7,Bpos:512.0,Bstd:308.3,StrandBias:2.2,Multiplicity:1.44
0.001	0.064	0.934	0.001
0.001	0.071	0.038	0.890
0.001	0.001	0.001	0.997
0.001	0.001	0.001	0.997
0.001	0.001	0.001	0.997
0.001	0.997	0.001	0.001
0.905	0.036	0.001	0.058
0.997	0.001	0.001	0.001
0.997	0.001	0.001	0.001
0.001	0.001	0.040	0.958
0.001	0.001	0.001	0.997
0.001	0.001	0.001	0.997
>ATAATGGAGTTT	22-ATAATGGAGTTT	12.355432	-5.687974	0	T:2.0(0.97%),B:15.9(0.04%),P:1e-2	Tpos:291.2,Tstd:156.5,Bpos:727.4,Bstd:218.6,StrandBias:10.0,Multiplicity:3.00
0.700	0.100	0.100	0.100
0.100	0.100	0.100	0.700
0.700	0.100	0.100	0.100
0.700	0.100	0.100	0.100
0.100	0.100	0.100	0.700
0.100	0.100	0.700	0.100
0.100	0.100	0.700	0.100
0.700	0.100	0.100	0.100
0.100	0.100	0.700	0.100
0.100	0.100	0.100	0.700
0.100	0.100	0.100	0.700
0.100	0.100	0.100	0.700
>TGATCCACAGTA	23-TGATCCACAGTA	12.012799	-4.592660	0	T:4.0(1.93%),B:159.0(0.40%),P:1e-1	Tpos:403.3,Tstd:186.0,Bpos:506.0,Bstd:297.3,StrandBias:3.0,Multiplicity:2.25
0.001	0.001	0.001	0.997
0.001	0.010	0.988	0.001
0.628	0.370	0.001	0.001
0.001	0.001	0.328	0.670
0.001	0.678	0.001	0.320
0.320	0.678	0.001	0.001
0.997	0.001	0.001	0.001
0.001	0.988	0.010	0.001
0.997	0.001	0.001	0.001
0.001	0.001	0.699	0.299
0.299	0.001	0.001	0.699
0.997	0.001	0.001	0.001
>TCCAGGATCCTC	24-TCCAGGATCCTC	16.290507	-4.581938	0	T:1.0(0.48%),B:1.3(0.00%),P:1e-1	Tpos:248.5,Tstd:104.0,Bpos:96.0,Bstd:0.0,StrandBias:10.0,Multiplicity:4.00
0.001	0.001	0.001	0.997
0.001	0.997	0.001	0.001
0.001	0.732	0.001	0.266
0.997	0.001	0.001	0.001
0.001	0.001	0.997	0.001
0.001	0.001	0.997	0.001
0.997	0.001	0.001	0.001
0.001	0.001	0.001	0.997
0.001	0.997	0.001	0.001
0.001	0.997	0.001	0.001
0.001	0.001	0.001	0.997
0.001	0.997	0.001	0.001
>AATTGTGCACTG	25-AATTGTGCACTG	16.513651	-4.179027	0	T:1.0(0.48%),B:2.2(0.01%),P:1e-1	Tpos:272.0,Tstd:182.6,Bpos:400.0,Bstd:232.8,StrandBias:10.0,Multiplicity:8.00
0.997	0.001	0.001	0.001
0.997	0.001	0.001	0.001
0.001	0.001	0.001	0.997
0.001	0.001	0.001	0.997
0.001	0.001	0.997	0.001
0.001	0.001	0.001	0.997
0.001	0.001	0.997	0.001
0.001	0.997	0.001	0.001
0.997	0.001	0.001	0.001
0.001	0.997	0.001	0.001
0.083	0.001	0.001	0.915
0.001	0.001	0.997	0.001
>CGATAASR	1-CGATAASR	7.664486	-27.135302	0	T:104.0(50.24%),B:10883.0(27.11%),P:1e-11	Tpos:666.8,Tstd:283.0,Bpos:538.3,Bstd:305.2,StrandBias:-0.1,Multiplicity:1.28
0.001	0.633	0.043	0.323
0.001	0.001	0.997	0.001
0.997	0.001	0.001	0.001
0.001	0.001	0.001	0.997
0.929	0.001	0.069	0.001
0.838	0.001	0.001	0.160
0.001	0.433	0.415	0.151
0.441	0.001	0.467	0.091
>TGACTTGT	2-TGACTTGT	8.236954	-12.603851	0	T:19.0(9.18%),B:1057.2(2.63%),P:1e-5	Tpos:579.9,Tstd:280.5,Bpos:519.2,Bstd:306.5,StrandBias:-0.5,Multiplicity:1.00
0.100	0.100	0.100	0.700
0.100	0.100	0.700	0.100
0.700	0.100	0.100	0.100
0.100	0.700	0.100	0.100
0.100	0.100	0.100	0.700
0.100	0.100	0.100	0.700
0.100	0.100	0.700	0.100
0.100	0.100	0.100	0.700
>ARCACGTG	3-ARCACGTG	6.920810	-10.771952	0	T:52.0(25.12%),B:5667.9(14.12%),P:1e-4	Tpos:529.2,Tstd:289.4,Bpos:525.5,Bstd:302.1,StrandBias:-0.6,Multiplicity:1.25
0.770	0.001	0.054	0.175
0.493	0.117	0.388	0.001
0.001	0.988	0.010	0.001
0.962	0.001	0.001	0.036
0.001	0.779	0.219	0.001
0.001	0.001	0.997	0.001
0.166	0.027	0.001	0.806
0.022	0.001	0.976	0.001
>GTGCACTG	4-GTGCACTG	10.061464	-9.822458	0	T:22.0(10.63%),B:1649.8(4.11%),P:1e-4	Tpos:517.2,Tstd:273.0,Bpos:497.6,Bstd:304.1,StrandBias:-0.7,Multiplicity:1.73
0.001	0.001	0.633	0.365
0.001	0.001	0.001	0.997
0.001	0.001	0.997	0.001
0.001	0.997	0.001	0.001
0.997	0.001	0.001	0.001
0.001	0.997	0.001	0.001
0.001	0.001	0.001	0.997
0.001	0.001	0.997	0.001
>TAGGCCAT	5-TAGGCCAT	6.560386	-9.549995	0	T:54.0(26.09%),B:6246.2(15.56%),P:1e-4	Tpos:510.3,Tstd:270.6,Bpos:498.8,Bstd:289.3,StrandBias:-0.5,Multiplicity:1.41
0.089	0.001	0.038	0.872
0.840	0.001	0.060	0.099
0.001	0.052	0.886	0.061
0.001	0.001	0.997	0.001
0.072	0.926	0.001	0.001
0.107	0.752	0.001	0.140
0.997	0.001	0.001	0.001
0.094	0.160	0.024	0.722
>GTAACTAC	6-GTAACTAC	7.529538	-8.933831	0	T:23.0(11.11%),B:1881.3(4.69%),P:1e-3	Tpos:470.6,Tstd:284.0,Bpos:490.8,Bstd:291.4,StrandBias:0.8,Multiplicity:1.26
0.001	0.001	0.997	0.001
0.001	0.001	0.001	0.997
0.997	0.001	0.001	0.001
0.826	0.001	0.036	0.137
0.001	0.870	0.001	0.128
0.001	0.077	0.001	0.921
0.997	0.001	0.001	0.001
0.001	0.997	0.001	0.001
>AGGGTACT	7-AGGGTACT	9.110327	-8.535726	0	T:11.0(5.31%),B:560.7(1.40%),P:1e-3	Tpos:487.9,Tstd:325.6,Bpos:488.0,Bstd:300.2,StrandBias:-1.1,Multiplicity:1.45
0.997	0.001	0.001	0.001
0.001	0.001	0.997	0.001
0.001	0.001	0.997	0.001
0.001	0.001	0.997	0.001
0.001	0.001	0.001	0.997
0.997	0.001	0.001	0.001
0.001	0.857	0.141	0.001
0.001	0.001	0.001	0.997
>RGCTCCAC	8-RGCTCCAC	6.566539	-4.338621	0	T:69.0(33.33%),B:10492.6(26.14%),P:1e-1	Tpos:460.5,Tstd:300.7,Bpos:480.2,Bstd:295.9,StrandBias:0.1,Multiplicity:1.58
0.367	0.009	0.441	0.183
0.379	0.001	0.619	0.001
0.001	0.920	0.034	0.045
0.001	0.118	0.001	0.880
0.001	0.937	0.001	0.061
0.188	0.762	0.049	0.001
0.699	0.261	0.039	0.001
0.001	0.761	0.001	0.237
