>DNAAAAGATTTC	14-GAAATCTTTTNH	8.585075	-19.837764	0	T:16.0(4.18%),B:240.4(0.58%),P:1e-8
0.300	0.027	0.392	0.281
0.250	0.178	0.305	0.267
0.601	0.026	0.174	0.199
0.729	0.039	0.030	0.202
0.660	0.037	0.167	0.136
0.800	0.139	0.025	0.036
0.027	0.210	0.468	0.295
0.525	0.122	0.022	0.331
0.231	0.023	0.182	0.564
0.248	0.159	0.161	0.431
0.193	0.027	0.024	0.756
0.229	0.407	0.218	0.146
