>TATCGACT	1-TATCGACT	5.810727	-78.706691	0	T:102.0(48.11%),B:4877.2(13.00%),P:1e-34	Tpos:682.1,Tstd:267.3,Bpos:554.0,Bstd:342.0,StrandBias:-0.0,Multiplicity:1.27
0.001	0.001	0.001	0.997
0.997	0.001	0.001	0.001
0.001	0.001	0.001	0.997
0.001	0.997	0.001	0.001
0.001	0.001	0.997	0.001
0.997	0.001	0.001	0.001
0.001	0.907	0.001	0.091
0.001	0.057	0.001	0.941
>ATCGATAG	2-ATCGATAG	7.072974	-34.896940	0	T:81.0(38.21%),B:5762.6(15.36%),P:1e-15	Tpos:627.7,Tstd:291.7,Bpos:515.1,Bstd:345.4,StrandBias:-0.8,Multiplicity:1.26
0.936	0.001	0.062	0.001
0.001	0.001	0.001	0.997
0.059	0.939	0.001	0.001
0.055	0.001	0.943	0.001
0.951	0.001	0.001	0.047
0.001	0.055	0.001	0.943
0.551	0.212	0.001	0.236
0.038	0.026	0.892	0.044
>CTGGGAAG	3-CTGGGAAG	6.936485	-27.741209	0	T:103.0(48.58%),B:9644.7(25.71%),P:1e-12	Tpos:634.1,Tstd:281.5,Bpos:522.5,Bstd:357.9,StrandBias:-1.1,Multiplicity:1.25
0.041	0.556	0.213	0.190
0.033	0.105	0.001	0.861
0.009	0.001	0.958	0.032
0.001	0.001	0.976	0.022
0.063	0.001	0.935	0.001
0.997	0.001	0.001	0.001
0.997	0.001	0.001	0.001
0.101	0.001	0.808	0.090
>CATTCATT	4-CATTCATT	8.450442	-24.375043	0	T:86.0(40.57%),B:7683.6(20.48%),P:1e-10	Tpos:667.9,Tstd:305.7,Bpos:518.9,Bstd:354.0,StrandBias:1.2,Multiplicity:1.43
0.001	0.997	0.001	0.001
0.997	0.001	0.001	0.001
0.001	0.001	0.246	0.752
0.001	0.001	0.001	0.997
0.001	0.997	0.001	0.001
0.827	0.001	0.001	0.171
0.001	0.001	0.122	0.876
0.001	0.001	0.046	0.952
>RCACCTGS	5-RCACCTGS	6.575796	-22.065256	0	T:94.0(44.34%),B:9189.1(24.49%),P:1e-9	Tpos:600.4,Tstd:296.3,Bpos:502.5,Bstd:369.4,StrandBias:-0.0,Multiplicity:1.35
0.409	0.092	0.494	0.004
0.001	0.888	0.110	0.001
0.972	0.001	0.026	0.001
0.071	0.733	0.093	0.103
0.001	0.901	0.001	0.097
0.001	0.001	0.041	0.957
0.001	0.001	0.875	0.123
0.001	0.382	0.442	0.176
>ACGCTGCG	6-ACGCTGCG	7.218490	-20.149513	0	T:32.0(15.09%),B:1655.0(4.41%),P:1e-8	Tpos:611.9,Tstd:270.8,Bpos:533.9,Bstd:363.8,StrandBias:0.0,Multiplicity:1.22
0.976	0.001	0.022	0.001
0.014	0.969	0.016	0.001
0.001	0.001	0.963	0.035
0.001	0.997	0.001	0.001
0.131	0.046	0.001	0.822
0.047	0.004	0.944	0.005
0.161	0.740	0.014	0.085
0.182	0.015	0.802	0.001
>GGCAGAYG	7-GGCAGAYG	7.262070	-18.842128	0	T:57.0(26.89%),B:4581.6(12.21%),P:1e-8	Tpos:587.5,Tstd:322.9,Bpos:544.2,Bstd:365.1,StrandBias:-1.1,Multiplicity:1.16
0.293	0.237	0.469	0.001
0.080	0.051	0.801	0.068
0.168	0.657	0.090	0.085
0.960	0.001	0.012	0.027
0.096	0.020	0.861	0.023
0.993	0.001	0.005	0.001
0.001	0.541	0.040	0.418
0.078	0.145	0.776	0.001
>TTTCCAGC	8-TTTCCAGC	8.888497	-16.039186	0	T:75.0(35.38%),B:7445.9(19.85%),P:1e-6	Tpos:560.3,Tstd:314.3,Bpos:516.3,Bstd:349.5,StrandBias:0.6,Multiplicity:1.24
0.096	0.174	0.001	0.729
0.001	0.001	0.001	0.997
0.001	0.001	0.001	0.997
0.001	0.997	0.001	0.001
0.001	0.882	0.116	0.001
0.926	0.072	0.001	0.001
0.001	0.001	0.997	0.001
0.188	0.810	0.001	0.001
>TGTCACCT	9-TGTCACCT	7.312909	-15.830986	0	T:55.0(25.94%),B:4734.2(12.62%),P:1e-6	Tpos:562.7,Tstd:311.8,Bpos:540.5,Bstd:371.1,StrandBias:0.7,Multiplicity:1.17
0.001	0.001	0.091	0.907
0.001	0.114	0.884	0.001
0.001	0.108	0.092	0.799
0.001	0.997	0.001	0.001
0.901	0.097	0.001	0.001
0.001	0.997	0.001	0.001
0.001	0.997	0.001	0.001
0.001	0.040	0.058	0.901
>TAGCACGC	10-TAGCACGC	8.111067	-15.633754	0	T:23.0(10.85%),B:1127.0(3.00%),P:1e-6	Tpos:621.0,Tstd:280.1,Bpos:500.5,Bstd:374.6,StrandBias:0.5,Multiplicity:1.04
0.001	0.015	0.029	0.955
0.956	0.001	0.020	0.023
0.001	0.128	0.752	0.119
0.253	0.621	0.028	0.098
0.938	0.026	0.016	0.020
0.041	0.957	0.001	0.001
0.058	0.034	0.857	0.051
0.001	0.982	0.016	0.001
>TCTTAGTG	11-TCTTAGTG	9.518153	-12.978558	0	T:17.0(8.02%),B:762.2(2.03%),P:1e-5	Tpos:610.3,Tstd:252.7,Bpos:511.3,Bstd:345.5,StrandBias:-0.3,Multiplicity:1.06
0.001	0.001	0.001	0.997
0.001	0.997	0.001	0.001
0.001	0.001	0.212	0.786
0.001	0.001	0.001	0.997
0.997	0.001	0.001	0.001
0.001	0.001	0.997	0.001
0.001	0.001	0.001	0.997
0.001	0.001	0.997	0.001
>GTGTAGTC	12-GTGTAGTC	7.922767	-12.526191	0	T:17.0(8.02%),B:789.7(2.10%),P:1e-5	Tpos:710.1,Tstd:284.7,Bpos:492.4,Bstd:358.8,StrandBias:-0.9,Multiplicity:1.00
0.001	0.001	0.997	0.001
0.001	0.050	0.043	0.906
0.001	0.001	0.997	0.001
0.001	0.001	0.001	0.997
0.997	0.001	0.001	0.001
0.001	0.001	0.997	0.001
0.001	0.001	0.001	0.997
0.001	0.997	0.001	0.001
>CTCATTCT	13-CTCATTCT	4.026458	-11.292940	0	T:77.0(36.32%),B:8708.6(23.21%),P:1e-4	Tpos:575.4,Tstd:308.8,Bpos:538.8,Bstd:364.9,StrandBias:1.1,Multiplicity:1.19
0.001	0.824	0.174	0.001
0.001	0.001	0.001	0.997
0.001	0.997	0.001	0.001
0.997	0.001	0.001	0.001
0.001	0.001	0.127	0.871
0.001	0.001	0.001	0.997
0.001	0.997	0.001	0.001
0.001	0.001	0.001	0.997
>GGAACGTA	14-GGAACGTA	10.805636	-10.761193	0	T:10.0(4.72%),B:323.4(0.86%),P:1e-4	Tpos:514.8,Tstd:271.0,Bpos:505.4,Bstd:349.0,StrandBias:-0.6,Multiplicity:1.00
0.001	0.001	0.997	0.001
0.001	0.001	0.997	0.001
0.997	0.001	0.001	0.001
0.955	0.043	0.001	0.001
0.001	0.997	0.001	0.001
0.001	0.001	0.997	0.001
0.001	0.001	0.196	0.802
0.997	0.001	0.001	0.001
>TTGTACAG	15-TTGTACAG	9.459963	-9.343289	0	T:27.0(12.74%),B:2134.8(5.69%),P:1e-4	Tpos:533.0,Tstd:340.9,Bpos:500.7,Bstd:337.0,StrandBias:0.1,Multiplicity:1.04
0.001	0.022	0.001	0.976
0.001	0.081	0.049	0.869
0.001	0.001	0.997	0.001
0.001	0.375	0.001	0.623
0.865	0.001	0.133	0.001
0.001	0.948	0.050	0.001
0.853	0.001	0.145	0.001
0.115	0.001	0.883	0.001
>ATTGCCAA	16-ATTGCCAA	8.236954	-3.535074	0	T:19.0(8.96%),B:2089.9(5.57%),P:1e-1	Tpos:384.0,Tstd:261.6,Bpos:475.7,Bstd:334.7,StrandBias:0.6,Multiplicity:1.47
0.700	0.100	0.100	0.100
0.100	0.100	0.100	0.700
0.100	0.100	0.100	0.700
0.100	0.100	0.700	0.100
0.100	0.700	0.100	0.100
0.100	0.700	0.100	0.100
0.700	0.100	0.100	0.100
0.700	0.100	0.100	0.100
