>NVDATCGATA	1-NVDATCGATA	7.277742	-66.679558	0	T:93.0(43.87%),B:4653.5(12.40%),P:1e-28	Tpos:693.0,Tstd:241.5,Bpos:548.1,Bstd:342.9,StrandBias:0.2,Multiplicity:1.31
0.228	0.267	0.199	0.306
0.321	0.328	0.185	0.165
0.234	0.156	0.248	0.362
0.793	0.011	0.195	0.001
0.165	0.001	0.001	0.833
0.124	0.744	0.001	0.131
0.217	0.001	0.781	0.001
0.997	0.001	0.001	0.001
0.110	0.126	0.001	0.763
0.386	0.219	0.194	0.201
>GCGCGTTCTA	2-GCGCGTTCTA	8.550310	-36.563380	0	T:34.0(16.04%),B:1006.5(2.68%),P:1e-15	Tpos:702.7,Tstd:234.2,Bpos:535.8,Bstd:351.8,StrandBias:0.5,Multiplicity:1.00
0.001	0.069	0.829	0.101
0.132	0.735	0.001	0.132
0.001	0.001	0.997	0.001
0.071	0.804	0.001	0.124
0.001	0.001	0.996	0.002
0.001	0.123	0.001	0.875
0.001	0.001	0.001	0.997
0.065	0.808	0.001	0.126
0.127	0.226	0.066	0.581
0.557	0.232	0.176	0.035
>CAGTCATTCT	3-CAGTCATTCT	7.473882	-34.833750	0	T:75.0(35.38%),B:5042.8(13.44%),P:1e-15	Tpos:671.9,Tstd:302.3,Bpos:526.3,Bstd:364.9,StrandBias:1.4,Multiplicity:1.19
0.064	0.842	0.058	0.036
0.784	0.050	0.043	0.123
0.045	0.111	0.695	0.149
0.040	0.083	0.014	0.863
0.060	0.823	0.051	0.066
0.830	0.059	0.041	0.070
0.056	0.050	0.080	0.814
0.045	0.088	0.062	0.805
0.072	0.802	0.079	0.047
0.109	0.069	0.074	0.748
>ATCGATTGTA	4-ATCGATTGTA	7.464402	-33.725545	0	T:61.0(28.77%),B:3561.7(9.49%),P:1e-14	Tpos:594.4,Tstd:297.6,Bpos:523.1,Bstd:336.5,StrandBias:-0.2,Multiplicity:1.15
0.814	0.038	0.101	0.047
0.042	0.058	0.048	0.852
0.106	0.739	0.069	0.086
0.052	0.056	0.805	0.087
0.793	0.085	0.035	0.087
0.053	0.106	0.113	0.728
0.034	0.043	0.057	0.866
0.077	0.069	0.805	0.049
0.057	0.075	0.117	0.751
0.855	0.041	0.035	0.069
>GACCTCTTCC	5-GACCTCTTCC	9.756470	-33.177270	0	T:20.0(9.43%),B:307.7(0.82%),P:1e-14	Tpos:799.2,Tstd:204.7,Bpos:534.5,Bstd:339.4,StrandBias:2.1,Multiplicity:1.05
0.017	0.001	0.955	0.027
0.818	0.001	0.180	0.001
0.023	0.933	0.021	0.023
0.001	0.997	0.001	0.001
0.030	0.035	0.001	0.934
0.036	0.824	0.001	0.139
0.057	0.034	0.001	0.908
0.001	0.001	0.001	0.997
0.045	0.924	0.001	0.030
0.032	0.940	0.001	0.027
>TGAGCAGVTG	6-TGAGCAGVTG	8.845335	-30.044452	0	T:35.0(16.51%),B:1347.8(3.59%),P:1e-13	Tpos:672.3,Tstd:314.6,Bpos:556.0,Bstd:376.6,StrandBias:-1.1,Multiplicity:1.06
0.094	0.052	0.100	0.754
0.075	0.001	0.856	0.068
0.607	0.317	0.049	0.027
0.118	0.047	0.834	0.001
0.079	0.860	0.060	0.001
0.914	0.052	0.001	0.033
0.001	0.019	0.979	0.001
0.293	0.271	0.407	0.029
0.038	0.070	0.001	0.891
0.001	0.042	0.914	0.043
>AGCCCTGGAT	7-AGCCCTGGAT	8.654995	-24.415740	0	T:20.0(9.43%),B:506.5(1.35%),P:1e-10	Tpos:440.5,Tstd:285.4,Bpos:491.8,Bstd:357.5,StrandBias:0.9,Multiplicity:1.00
0.790	0.001	0.208	0.001
0.056	0.096	0.814	0.034
0.001	0.936	0.062	0.001
0.263	0.459	0.115	0.163
0.054	0.784	0.001	0.161
0.001	0.057	0.001	0.941
0.001	0.371	0.627	0.001
0.001	0.089	0.685	0.225
0.903	0.001	0.052	0.044
0.001	0.001	0.068	0.930
>AGAACAAKGG	8-AGAACAAKGG	6.460096	-23.318028	0	T:55.0(25.94%),B:3826.5(10.20%),P:1e-10	Tpos:525.8,Tstd:316.2,Bpos:512.8,Bstd:350.9,StrandBias:-0.4,Multiplicity:1.11
0.514	0.038	0.174	0.274
0.264	0.033	0.669	0.034
0.476	0.258	0.028	0.238
0.382	0.199	0.224	0.195
0.215	0.467	0.038	0.281
0.502	0.181	0.284	0.033
0.863	0.056	0.036	0.045
0.184	0.039	0.321	0.457
0.284	0.140	0.539	0.037
0.028	0.248	0.677	0.047
>AAGACGYGCK	9-AAGACGYGCK	7.893930	-22.793212	0	T:33.0(15.57%),B:1573.5(4.19%),P:1e-9	Tpos:506.4,Tstd:315.2,Bpos:524.1,Bstd:367.5,StrandBias:0.0,Multiplicity:1.06
0.522	0.059	0.067	0.352
0.869	0.081	0.026	0.024
0.090	0.176	0.733	0.001
0.957	0.041	0.001	0.001
0.016	0.522	0.363	0.099
0.004	0.064	0.911	0.021
0.021	0.501	0.024	0.454
0.074	0.001	0.924	0.001
0.098	0.786	0.046	0.070
0.082	0.017	0.490	0.411
>AGCAGACGCT	10-AGCAGACGCT	9.373372	-22.099751	0	T:20.0(9.43%),B:580.9(1.55%),P:1e-9	Tpos:532.3,Tstd:277.2,Bpos:513.2,Bstd:370.3,StrandBias:-0.1,Multiplicity:1.05
0.657	0.183	0.001	0.159
0.216	0.001	0.782	0.001
0.144	0.781	0.074	0.001
0.776	0.222	0.001	0.001
0.206	0.001	0.792	0.001
0.997	0.001	0.001	0.001
0.001	0.997	0.001	0.001
0.086	0.001	0.735	0.178
0.249	0.693	0.001	0.057
0.001	0.001	0.036	0.962
>CTGCTCAATT	11-CTGCTCAATT	8.144384	-22.088511	0	T:66.0(31.13%),B:5311.7(14.16%),P:1e-9	Tpos:555.3,Tstd:310.4,Bpos:510.0,Bstd:344.2,StrandBias:0.6,Multiplicity:1.19
0.001	0.627	0.177	0.195
0.001	0.356	0.001	0.642
0.001	0.038	0.960	0.001
0.036	0.835	0.128	0.001
0.055	0.001	0.001	0.943
0.107	0.720	0.046	0.127
0.880	0.027	0.001	0.092
0.733	0.088	0.001	0.178
0.004	0.001	0.001	0.994
0.204	0.061	0.075	0.660
>ACGCCGCGTT	12-ACGCCGCGTT	8.076648	-21.975943	0	T:24.0(11.32%),B:867.8(2.31%),P:1e-9	Tpos:597.0,Tstd:251.1,Bpos:541.0,Bstd:340.4,StrandBias:-0.2,Multiplicity:1.17
0.816	0.147	0.001	0.036
0.029	0.969	0.001	0.001
0.110	0.001	0.652	0.237
0.027	0.823	0.149	0.001
0.193	0.433	0.125	0.249
0.001	0.039	0.959	0.001
0.146	0.778	0.042	0.034
0.125	0.001	0.846	0.028
0.042	0.040	0.001	0.917
0.113	0.001	0.001	0.885
>AAGAGGTAAA	13-AAGAGGTAAA	8.522870	-21.884669	0	T:35.0(16.51%),B:1819.8(4.85%),P:1e-9	Tpos:574.3,Tstd:322.1,Bpos:525.4,Bstd:350.2,StrandBias:-1.8,Multiplicity:1.03
0.822	0.003	0.005	0.170
0.503	0.135	0.158	0.204
0.225	0.111	0.633	0.031
0.741	0.001	0.240	0.018
0.097	0.128	0.677	0.098
0.017	0.126	0.700	0.157
0.157	0.010	0.012	0.821
0.969	0.006	0.010	0.015
0.584	0.269	0.129	0.018
0.594	0.120	0.012	0.274
>CAGGTGTGCT	14-CAGGTGTGCT	9.197937	-21.052746	0	T:18.0(8.49%),B:487.3(1.30%),P:1e-9	Tpos:624.8,Tstd:259.2,Bpos:537.3,Bstd:376.1,StrandBias:-0.4,Multiplicity:1.31
0.059	0.877	0.063	0.001
0.997	0.001	0.001	0.001
0.057	0.001	0.941	0.001
0.044	0.061	0.894	0.001
0.001	0.001	0.113	0.885
0.001	0.001	0.997	0.001
0.001	0.097	0.062	0.840
0.001	0.064	0.790	0.145
0.001	0.997	0.001	0.001
0.001	0.062	0.001	0.936
>GACCTARACA	15-GACCTARACA	10.592728	-20.390540	0	T:12.0(5.66%),B:184.6(0.49%),P:1e-8	Tpos:528.0,Tstd:256.3,Bpos:525.1,Bstd:340.1,StrandBias:1.0,Multiplicity:1.00
0.001	0.001	0.997	0.001
0.772	0.001	0.001	0.226
0.001	0.997	0.001	0.001
0.001	0.997	0.001	0.001
0.001	0.001	0.001	0.997
0.753	0.245	0.001	0.001
0.563	0.001	0.435	0.001
0.997	0.001	0.001	0.001
0.001	0.997	0.001	0.001
0.845	0.001	0.001	0.153
>CAGCTGGGGA	16-CAGCTGGGGA	10.129524	-20.290069	0	T:14.0(6.60%),B:280.0(0.75%),P:1e-8	Tpos:621.1,Tstd:377.7,Bpos:537.8,Bstd:380.5,StrandBias:-1.9,Multiplicity:1.00
0.077	0.735	0.084	0.104
0.922	0.001	0.076	0.001
0.070	0.001	0.863	0.066
0.001	0.997	0.001	0.001
0.001	0.001	0.001	0.997
0.001	0.001	0.997	0.001
0.001	0.001	0.936	0.062
0.036	0.061	0.763	0.140
0.048	0.001	0.950	0.001
0.918	0.001	0.001	0.080
>TTCCCAGGAG	17-TTCCCAGGAG	9.729131	-19.513598	0	T:17.0(8.02%),B:474.4(1.26%),P:1e-8	Tpos:515.3,Tstd:315.5,Bpos:521.0,Bstd:340.8,StrandBias:1.1,Multiplicity:1.29
0.001	0.047	0.069	0.883
0.001	0.068	0.001	0.930
0.204	0.794	0.001	0.001
0.001	0.997	0.001	0.001
0.001	0.949	0.001	0.049
0.896	0.001	0.047	0.056
0.042	0.001	0.920	0.037
0.037	0.090	0.872	0.001
0.864	0.001	0.076	0.059
0.031	0.001	0.916	0.052
>ACATATGTCG	18-ACATATGTCG	8.146842	-18.524846	0	T:22.0(10.38%),B:875.5(2.33%),P:1e-8	Tpos:605.5,Tstd:238.5,Bpos:495.0,Bstd:368.1,StrandBias:0.2,Multiplicity:1.05
0.456	0.228	0.021	0.296
0.001	0.467	0.224	0.308
0.743	0.008	0.248	0.001
0.192	0.008	0.310	0.491
0.511	0.112	0.178	0.199
0.001	0.001	0.001	0.997
0.006	0.001	0.992	0.001
0.193	0.067	0.027	0.713
0.041	0.606	0.242	0.111
0.007	0.075	0.717	0.201
>GAGGTGACAT	19-GAGGTGACAT	9.084354	-17.395980	0	T:22.0(10.38%),B:934.1(2.49%),P:1e-7	Tpos:516.8,Tstd:299.8,Bpos:487.3,Bstd:350.1,StrandBias:0.0,Multiplicity:1.09
0.010	0.081	0.829	0.080
0.764	0.032	0.001	0.203
0.001	0.001	0.997	0.001
0.047	0.056	0.847	0.050
0.001	0.001	0.038	0.960
0.001	0.001	0.997	0.001
0.676	0.283	0.020	0.021
0.001	0.942	0.056	0.001
0.854	0.063	0.082	0.001
0.117	0.098	0.022	0.763
>CTCCCCWTAC	20-CTCCCCWTAC	8.707349	-16.647889	0	T:20.0(9.43%),B:810.6(2.16%),P:1e-7	Tpos:512.2,Tstd:275.0,Bpos:549.1,Bstd:353.7,StrandBias:2.1,Multiplicity:1.17
0.003	0.592	0.001	0.404
0.001	0.001	0.001	0.997
0.001	0.657	0.001	0.341
0.072	0.713	0.112	0.103
0.053	0.896	0.001	0.050
0.045	0.721	0.007	0.227
0.497	0.001	0.001	0.501
0.002	0.050	0.007	0.941
0.790	0.001	0.139	0.070
0.042	0.722	0.133	0.103
>CTCCCATCTC	21-CTCCCATCTC	8.705431	-16.302331	0	T:24.0(11.32%),B:1173.9(3.13%),P:1e-7	Tpos:580.8,Tstd:293.0,Bpos:530.2,Bstd:372.3,StrandBias:0.4,Multiplicity:1.17
0.001	0.997	0.001	0.001
0.001	0.065	0.001	0.933
0.001	0.936	0.062	0.001
0.133	0.842	0.001	0.024
0.063	0.769	0.093	0.075
0.913	0.001	0.085	0.001
0.090	0.066	0.001	0.843
0.001	0.981	0.001	0.017
0.001	0.109	0.001	0.889
0.001	0.902	0.096	0.001
>TTAAGATCTT	22-TTAAGATCTT	10.848146	-15.394973	0	T:14.0(6.60%),B:421.6(1.12%),P:1e-6	Tpos:430.7,Tstd:333.8,Bpos:501.1,Bstd:306.0,StrandBias:0.2,Multiplicity:1.00
0.001	0.095	0.001	0.903
0.001	0.001	0.001	0.997
0.997	0.001	0.001	0.001
0.915	0.083	0.001	0.001
0.001	0.001	0.997	0.001
0.930	0.068	0.001	0.001
0.001	0.001	0.001	0.997
0.001	0.889	0.109	0.001
0.001	0.001	0.001	0.997
0.001	0.001	0.001	0.997
>CTCTDASCGA	23-CTCTDASCGA	7.675967	-14.774677	0	T:44.0(20.75%),B:3488.8(9.30%),P:1e-6	Tpos:497.2,Tstd:266.3,Bpos:512.9,Bstd:356.7,StrandBias:0.3,Multiplicity:1.14
0.001	0.781	0.217	0.001
0.001	0.329	0.001	0.669
0.420	0.578	0.001	0.001
0.001	0.309	0.001	0.689
0.367	0.001	0.278	0.354
0.997	0.001	0.001	0.001
0.270	0.302	0.427	0.001
0.001	0.676	0.001	0.322
0.001	0.197	0.801	0.001
0.997	0.001	0.001	0.001
>ATATTGCCAA	24-ATATTGCCAA	10.306857	-11.879342	0	T:23.0(10.85%),B:1412.2(3.76%),P:1e-5	Tpos:369.4,Tstd:256.8,Bpos:475.9,Bstd:318.6,StrandBias:0.6,Multiplicity:1.30
0.670	0.080	0.106	0.144
0.099	0.001	0.050	0.850
0.914	0.001	0.084	0.001
0.001	0.050	0.001	0.948
0.137	0.001	0.122	0.740
0.001	0.001	0.997	0.001
0.001	0.997	0.001	0.001
0.159	0.784	0.001	0.056
0.997	0.001	0.001	0.001
0.864	0.001	0.102	0.033
>TACTWATTTG	25-TACTWATTTG	9.281032	-11.498971	0	T:28.0(13.21%),B:1992.8(5.31%),P:1e-4	Tpos:547.7,Tstd:258.3,Bpos:496.0,Bstd:328.5,StrandBias:0.0,Multiplicity:1.25
0.332	0.031	0.034	0.603
0.778	0.001	0.001	0.220
0.001	0.997	0.001	0.001
0.183	0.186	0.033	0.598
0.533	0.001	0.001	0.465
0.652	0.001	0.346	0.001
0.001	0.001	0.090	0.908
0.001	0.001	0.001	0.997
0.353	0.065	0.001	0.581
0.119	0.001	0.708	0.172
