>TATCGATCGGAA	1-TATCGATCGGAA	12.743153	-56.578958	0	T:18.0(8.49%),B:52.6(0.14%),P:1e-24	Tpos:742.3,Tstd:210.7,Bpos:601.2,Bstd:324.5,StrandBias:-0.7,Multiplicity:1.00
0.070	0.001	0.070	0.859
0.934	0.001	0.064	0.001
0.001	0.001	0.001	0.997
0.001	0.997	0.001	0.001
0.001	0.001	0.997	0.001
0.997	0.001	0.001	0.001
0.001	0.001	0.001	0.997
0.057	0.941	0.001	0.001
0.001	0.001	0.761	0.237
0.001	0.065	0.669	0.265
0.892	0.001	0.106	0.001
0.997	0.001	0.001	0.001
>GACCTCTTCCAG	2-GACCTCTTCCAG	13.233018	-47.710066	0	T:15.0(7.08%),B:42.8(0.11%),P:1e-20	Tpos:842.4,Tstd:113.4,Bpos:593.4,Bstd:438.7,StrandBias:2.8,Multiplicity:1.07
0.097	0.001	0.901	0.001
0.997	0.001	0.001	0.001
0.001	0.921	0.001	0.077
0.001	0.997	0.001	0.001
0.001	0.111	0.001	0.887
0.078	0.715	0.001	0.206
0.001	0.001	0.001	0.997
0.001	0.001	0.001	0.997
0.001	0.901	0.001	0.097
0.001	0.997	0.001	0.001
0.997	0.001	0.001	0.001
0.143	0.001	0.855	0.001
>ACTCATTCAGTC	3-ACTCATTCAGTC	9.602790	-39.898354	0	T:35.0(16.51%),B:960.4(2.56%),P:1e-17	Tpos:711.1,Tstd:288.1,Bpos:556.2,Bstd:363.8,StrandBias:1.9,Multiplicity:1.03
0.861	0.060	0.001	0.078
0.210	0.527	0.122	0.141
0.119	0.001	0.001	0.879
0.001	0.976	0.001	0.022
0.874	0.001	0.124	0.001
0.069	0.106	0.208	0.617
0.001	0.001	0.001	0.997
0.153	0.780	0.066	0.001
0.845	0.039	0.001	0.115
0.076	0.048	0.731	0.145
0.066	0.001	0.001	0.932
0.058	0.872	0.069	0.001
>ATTGAGCAGATG	4-ATTGAGCAGATG	11.351051	-36.711725	0	T:18.0(8.49%),B:183.0(0.49%),P:1e-15	Tpos:649.6,Tstd:300.1,Bpos:498.8,Bstd:384.2,StrandBias:-0.3,Multiplicity:1.11
0.997	0.001	0.001	0.001
0.001	0.001	0.143	0.855
0.087	0.001	0.074	0.838
0.001	0.001	0.938	0.060
0.753	0.245	0.001	0.001
0.001	0.087	0.911	0.001
0.001	0.935	0.063	0.001
0.997	0.001	0.001	0.001
0.001	0.048	0.950	0.001
0.657	0.333	0.009	0.001
0.039	0.087	0.001	0.873
0.001	0.001	0.959	0.039
>TGARTATCGATT	5-TGARTATCGATT	10.175938	-36.336550	0	T:36.0(16.98%),B:1154.0(3.08%),P:1e-15	Tpos:671.8,Tstd:252.8,Bpos:555.7,Bstd:334.1,StrandBias:0.2,Multiplicity:1.27
0.001	0.001	0.001	0.997
0.093	0.069	0.645	0.193
0.651	0.001	0.258	0.090
0.336	0.171	0.337	0.157
0.117	0.001	0.001	0.881
0.997	0.001	0.001	0.001
0.001	0.001	0.001	0.997
0.001	0.997	0.001	0.001
0.001	0.001	0.997	0.001
0.828	0.001	0.001	0.170
0.001	0.001	0.001	0.997
0.261	0.170	0.001	0.568
>RACTCCACTAGA	6-RACTCCACTAGA	11.127355	-32.969050	0	T:15.0(7.08%),B:129.6(0.35%),P:1e-14	Tpos:578.4,Tstd:268.9,Bpos:510.6,Bstd:341.6,StrandBias:-0.7,Multiplicity:1.07
0.350	0.220	0.429	0.001
0.882	0.001	0.116	0.001
0.001	0.611	0.001	0.387
0.122	0.001	0.001	0.876
0.183	0.815	0.001	0.001
0.001	0.882	0.001	0.116
0.997	0.001	0.001	0.001
0.001	0.928	0.070	0.001
0.001	0.001	0.001	0.997
0.997	0.001	0.001	0.001
0.261	0.001	0.737	0.001
0.767	0.116	0.116	0.001
>GGATTAATGGAT	7-GGATTAATGGAT	12.629333	-29.614641	0	T:10.0(4.72%),B:38.4(0.10%),P:1e-12	Tpos:487.9,Tstd:203.5,Bpos:462.9,Bstd:376.3,StrandBias:3.2,Multiplicity:1.00
0.001	0.001	0.997	0.001
0.001	0.001	0.997	0.001
0.997	0.001	0.001	0.001
0.001	0.001	0.109	0.889
0.001	0.138	0.001	0.860
0.997	0.001	0.001	0.001
0.997	0.001	0.001	0.001
0.149	0.163	0.001	0.687
0.001	0.188	0.810	0.001
0.001	0.001	0.997	0.001
0.997	0.001	0.001	0.001
0.130	0.001	0.001	0.868
>TAATCGATCGAT	8-TAATCGATCGAT	8.794251	-28.353259	0	T:46.0(21.70%),B:2428.8(6.47%),P:1e-12	Tpos:672.1,Tstd:258.1,Bpos:526.9,Bstd:327.2,StrandBias:0.0,Multiplicity:1.13
0.182	0.001	0.096	0.721
0.730	0.001	0.001	0.268
0.789	0.078	0.059	0.074
0.001	0.044	0.001	0.954
0.001	0.715	0.149	0.135
0.068	0.001	0.879	0.052
0.876	0.074	0.001	0.049
0.112	0.001	0.001	0.886
0.116	0.778	0.001	0.105
0.093	0.036	0.870	0.001
0.866	0.001	0.132	0.001
0.001	0.001	0.055	0.943
>ACCTCTTAGTGA	9-ACCTCTTAGTGA	10.630668	-26.703036	0	T:13.0(6.13%),B:133.6(0.36%),P:1e-11	Tpos:601.2,Tstd:197.8,Bpos:474.2,Bstd:341.3,StrandBias:1.7,Multiplicity:1.00
0.855	0.141	0.001	0.003
0.001	0.973	0.001	0.025
0.137	0.860	0.001	0.002
0.136	0.001	0.001	0.862
0.099	0.763	0.137	0.001
0.004	0.141	0.257	0.598
0.009	0.140	0.137	0.714
0.898	0.001	0.100	0.001
0.002	0.112	0.690	0.196
0.109	0.004	0.004	0.883
0.119	0.004	0.876	0.001
0.997	0.001	0.001	0.001
>GCGCGTCGCGTA	10-GCGCGTCGCGTA	14.192975	-25.832381	0	T:6.0(2.83%),B:4.4(0.01%),P:1e-11	Tpos:778.7,Tstd:257.1,Bpos:660.5,Bstd:238.0,StrandBias:-1.0,Multiplicity:1.00
0.001	0.001	0.997	0.001
0.001	0.997	0.001	0.001
0.001	0.001	0.997	0.001
0.001	0.997	0.001	0.001
0.001	0.001	0.997	0.001
0.001	0.001	0.001	0.997
0.001	0.997	0.001	0.001
0.001	0.001	0.997	0.001
0.001	0.788	0.001	0.210
0.001	0.001	0.788	0.210
0.001	0.210	0.001	0.788
0.816	0.001	0.001	0.182
>AAAGATCTTAAC	11-AAAGATCTTAAC	13.459317	-25.173722	0	T:9.0(4.25%),B:42.4(0.11%),P:1e-10	Tpos:462.2,Tstd:367.7,Bpos:481.7,Bstd:367.2,StrandBias:-0.3,Multiplicity:1.00
0.857	0.001	0.001	0.141
0.997	0.001	0.001	0.001
0.997	0.001	0.001	0.001
0.001	0.001	0.904	0.094
0.880	0.001	0.001	0.118
0.001	0.001	0.001	0.997
0.001	0.997	0.001	0.001
0.001	0.001	0.155	0.843
0.001	0.001	0.092	0.906
0.997	0.001	0.001	0.001
0.997	0.001	0.001	0.001
0.001	0.785	0.109	0.105
>AGCTATCBAATG	12-AGCTATCBAATG	11.035082	-24.396636	0	T:13.0(6.13%),B:162.3(0.43%),P:1e-10	Tpos:343.3,Tstd:278.5,Bpos:451.0,Bstd:320.4,StrandBias:0.4,Multiplicity:1.08
0.870	0.001	0.128	0.001
0.001	0.001	0.884	0.114
0.165	0.833	0.001	0.001
0.001	0.334	0.001	0.664
0.877	0.001	0.001	0.121
0.001	0.001	0.001	0.997
0.001	0.855	0.001	0.143
0.001	0.257	0.404	0.338
0.701	0.297	0.001	0.001
0.997	0.001	0.001	0.001
0.001	0.001	0.001	0.997
0.001	0.001	0.877	0.121
>TCTCATTCTGCT	13-TCTCATTCTGCT	12.672868	-23.501893	0	T:14.0(6.60%),B:216.7(0.58%),P:1e-10	Tpos:745.9,Tstd:279.3,Bpos:524.3,Bstd:361.0,StrandBias:1.0,Multiplicity:1.07
0.001	0.001	0.001	0.997
0.001	0.725	0.001	0.273
0.001	0.001	0.001	0.997
0.262	0.736	0.001	0.001
0.997	0.001	0.001	0.001
0.001	0.001	0.001	0.997
0.001	0.001	0.001	0.997
0.185	0.813	0.001	0.001
0.001	0.001	0.001	0.997
0.001	0.001	0.627	0.371
0.001	0.900	0.001	0.098
0.001	0.001	0.001	0.997
>TATTATCGACTG	14-TATTATCGACTG	9.907237	-23.125258	0	T:21.0(9.91%),B:610.5(1.63%),P:1e-10	Tpos:603.0,Tstd:295.9,Bpos:526.8,Bstd:334.4,StrandBias:-0.1,Multiplicity:1.00
0.060	0.055	0.130	0.755
0.564	0.140	0.180	0.116
0.054	0.001	0.001	0.944
0.059	0.001	0.001	0.939
0.707	0.128	0.113	0.052
0.072	0.067	0.001	0.860
0.139	0.807	0.001	0.053
0.045	0.072	0.882	0.001
0.920	0.078	0.001	0.001
0.072	0.879	0.001	0.048
0.001	0.001	0.001	0.997
0.229	0.001	0.767	0.003
>GTAGATCCTTGG	15-GTAGATCCTTGG	10.725881	-23.045613	0	T:10.0(4.72%),B:80.4(0.21%),P:1e-10	Tpos:445.5,Tstd:220.0,Bpos:461.5,Bstd:337.7,StrandBias:0.6,Multiplicity:1.00
0.001	0.001	0.862	0.136
0.131	0.001	0.001	0.867
0.855	0.137	0.007	0.001
0.143	0.001	0.855	0.001
0.689	0.158	0.152	0.001
0.001	0.001	0.115	0.883
0.143	0.855	0.001	0.001
0.253	0.745	0.001	0.001
0.006	0.001	0.125	0.868
0.158	0.008	0.158	0.676
0.001	0.001	0.969	0.029
0.001	0.001	0.841	0.157
>TCTGAAACTCTT	16-TCTGAAACTCTT	12.705400	-22.336337	0	T:9.0(4.25%),B:60.1(0.16%),P:1e-9	Tpos:836.7,Tstd:91.9,Bpos:582.2,Bstd:334.8,StrandBias:1.8,Multiplicity:1.00
0.001	0.143	0.001	0.855
0.001	0.997	0.001	0.001
0.001	0.001	0.001	0.997
0.001	0.001	0.997	0.001
0.831	0.167	0.001	0.001
0.997	0.001	0.001	0.001
0.845	0.153	0.001	0.001
0.001	0.997	0.001	0.001
0.001	0.001	0.001	0.997
0.001	0.997	0.001	0.001
0.001	0.001	0.001	0.997
0.001	0.001	0.001	0.997
>CACTCATTTGTC	17-CACTCATTTGTC	13.317374	-22.189221	0	T:10.0(4.72%),B:88.3(0.24%),P:1e-9	Tpos:612.9,Tstd:356.5,Bpos:532.4,Bstd:336.6,StrandBias:1.2,Multiplicity:1.00
0.001	0.997	0.001	0.001
0.828	0.001	0.001	0.170
0.001	0.885	0.001	0.113
0.148	0.001	0.001	0.850
0.142	0.856	0.001	0.001
0.997	0.001	0.001	0.001
0.001	0.001	0.001	0.997
0.001	0.001	0.001	0.997
0.001	0.212	0.001	0.786
0.001	0.001	0.910	0.088
0.001	0.001	0.001	0.997
0.001	0.997	0.001	0.001
>ATTTTGCTGGAA	18-ATTTTGCTGGAA	12.533043	-22.027494	0	T:18.0(8.49%),B:457.2(1.22%),P:1e-9	Tpos:473.4,Tstd:309.3,Bpos:500.1,Bstd:326.1,StrandBias:0.3,Multiplicity:1.00
0.954	0.001	0.001	0.044
0.001	0.136	0.097	0.766
0.001	0.001	0.001	0.997
0.001	0.125	0.001	0.873
0.085	0.001	0.001	0.913
0.001	0.001	0.937	0.061
0.050	0.948	0.001	0.001
0.001	0.001	0.001	0.997
0.001	0.068	0.930	0.001
0.068	0.060	0.871	0.001
0.863	0.135	0.001	0.001
0.997	0.001	0.001	0.001
>TCTCCTGGKAAG	19-TCTCCTGGKAAG	11.512770	-21.286706	0	T:11.0(5.19%),B:131.5(0.35%),P:1e-9	Tpos:377.4,Tstd:288.6,Bpos:518.4,Bstd:367.9,StrandBias:-0.4,Multiplicity:1.27
0.001	0.001	0.290	0.708
0.001	0.820	0.001	0.178
0.001	0.112	0.001	0.886
0.001	0.997	0.001	0.001
0.001	0.997	0.001	0.001
0.122	0.001	0.112	0.765
0.077	0.001	0.921	0.001
0.001	0.001	0.886	0.112
0.176	0.001	0.337	0.486
0.997	0.001	0.001	0.001
0.997	0.001	0.001	0.001
0.199	0.001	0.729	0.071
>CCATTCATWCCA	20-CCATTCATWCCA	11.757985	-21.271564	0	T:13.0(6.13%),B:212.8(0.57%),P:1e-9	Tpos:726.4,Tstd:275.0,Bpos:457.4,Bstd:328.1,StrandBias:1.7,Multiplicity:1.00
0.254	0.632	0.001	0.113
0.058	0.767	0.174	0.001
0.848	0.001	0.001	0.150
0.001	0.001	0.001	0.997
0.001	0.001	0.001	0.997
0.001	0.997	0.001	0.001
0.884	0.114	0.001	0.001
0.004	0.001	0.001	0.994
0.463	0.001	0.001	0.535
0.105	0.893	0.001	0.001
0.099	0.726	0.001	0.174
0.997	0.001	0.001	0.001
>GCTCTTATTTTT	21-GCTCTTATTTTT	12.716808	-18.211087	0	T:13.0(6.13%),B:277.6(0.74%),P:1e-7	Tpos:631.5,Tstd:262.3,Bpos:527.3,Bstd:318.7,StrandBias:0.0,Multiplicity:1.08
0.001	0.001	0.960	0.038
0.001	0.960	0.001	0.038
0.001	0.098	0.001	0.900
0.072	0.877	0.001	0.050
0.001	0.001	0.001	0.997
0.068	0.063	0.001	0.868
0.641	0.065	0.090	0.204
0.001	0.001	0.124	0.874
0.001	0.001	0.001	0.997
0.001	0.001	0.001	0.997
0.001	0.001	0.001	0.997
0.001	0.001	0.001	0.997
>TGTGTGATGCCC	22-TGTGTGATGCCC	12.001070	-17.873394	0	T:7.0(3.30%),B:45.6(0.12%),P:1e-7	Tpos:602.0,Tstd:167.1,Bpos:603.6,Bstd:315.4,StrandBias:0.4,Multiplicity:1.00
0.001	0.236	0.001	0.762
0.237	0.001	0.525	0.237
0.001	0.001	0.001	0.997
0.001	0.001	0.997	0.001
0.001	0.001	0.236	0.762
0.001	0.001	0.997	0.001
0.762	0.001	0.236	0.001
0.001	0.001	0.001	0.997
0.001	0.001	0.997	0.001
0.001	0.762	0.001	0.236
0.236	0.762	0.001	0.001
0.001	0.762	0.236	0.001
>AACCACCCGTTT	23-AACCACCCGTTT	10.320100	-17.676351	0	T:16.0(7.55%),B:472.0(1.26%),P:1e-7	Tpos:639.9,Tstd:294.2,Bpos:544.5,Bstd:331.3,StrandBias:1.9,Multiplicity:1.19
0.871	0.001	0.001	0.127
0.897	0.001	0.101	0.001
0.147	0.744	0.108	0.001
0.001	0.736	0.001	0.262
0.775	0.001	0.001	0.223
0.001	0.997	0.001	0.001
0.096	0.902	0.001	0.001
0.001	0.891	0.001	0.107
0.102	0.001	0.654	0.243
0.001	0.001	0.146	0.852
0.001	0.001	0.001	0.997
0.001	0.273	0.001	0.725
>AGATTTTATTCC	24-AGATTTTATTCC	16.394227	-15.434203	0	T:4.0(1.89%),B:6.7(0.02%),P:1e-6	Tpos:607.0,Tstd:359.5,Bpos:554.9,Bstd:260.0,StrandBias:0.0,Multiplicity:1.00
0.997	0.001	0.001	0.001
0.001	0.001	0.997	0.001
0.997	0.001	0.001	0.001
0.001	0.001	0.001	0.997
0.001	0.001	0.001	0.997
0.001	0.001	0.001	0.997
0.001	0.001	0.001	0.997
0.997	0.001	0.001	0.001
0.001	0.001	0.001	0.997
0.001	0.001	0.001	0.997
0.001	0.997	0.001	0.001
0.001	0.812	0.186	0.001
>TGCCAAATTTTT	25-TGCCAAATTTTT	8.869244	-12.925322	0	T:16.0(7.55%),B:681.3(1.82%),P:1e-5	Tpos:380.3,Tstd:261.2,Bpos:479.7,Bstd:306.1,StrandBias:1.0,Multiplicity:1.69
0.001	0.001	0.001	0.997
0.001	0.001	0.997	0.001
0.001	0.637	0.361	0.001
0.001	0.997	0.001	0.001
0.830	0.168	0.001	0.001
0.997	0.001	0.001	0.001
0.753	0.001	0.245	0.001
0.001	0.001	0.001	0.997
0.001	0.001	0.001	0.997
0.001	0.001	0.093	0.905
0.001	0.001	0.001	0.997
0.001	0.001	0.001	0.997
