>TCTCTCAC	1-TCTCTCAC	8.150016	-25.184807	0	T:135.0(35.53%),B:8527.8(20.50%),P:1e-10	Tpos:576.6,Tstd:284.4,Bpos:541.1,Bstd:320.5,StrandBias:1.5,Multiplicity:1.24
0.001	0.001	0.001	0.997
0.001	0.772	0.049	0.178
0.053	0.001	0.001	0.945
0.028	0.870	0.101	0.001
0.001	0.001	0.016	0.982
0.037	0.890	0.072	0.001
0.803	0.001	0.195	0.001
0.001	0.879	0.001	0.119
>CTSCSTCT	2-CTSCSTCT	7.603483	-16.561471	0	T:128.0(33.68%),B:9038.1(21.73%),P:1e-7	Tpos:543.8,Tstd:284.0,Bpos:533.8,Bstd:319.6,StrandBias:0.8,Multiplicity:1.32
0.140	0.478	0.225	0.157
0.001	0.001	0.108	0.890
0.001	0.432	0.566	0.001
0.001	0.997	0.001	0.001
0.001	0.513	0.485	0.001
0.001	0.001	0.001	0.997
0.001	0.997	0.001	0.001
0.001	0.001	0.001	0.997
>TATCGATT	3-TATCGATT	9.679020	-16.491449	0	T:75.0(19.74%),B:4345.4(10.45%),P:1e-7	Tpos:600.2,Tstd:304.9,Bpos:553.4,Bstd:313.5,StrandBias:-0.4,Multiplicity:1.12
0.001	0.001	0.001	0.997
0.997	0.001	0.001	0.001
0.001	0.001	0.001	0.997
0.001	0.997	0.001	0.001
0.001	0.001	0.997	0.001
0.997	0.001	0.001	0.001
0.001	0.001	0.001	0.997
0.001	0.249	0.001	0.749
>CATCTCTC	4-CATCTCTC	7.405043	-14.687963	0	T:168.0(44.21%),B:13280.2(31.93%),P:1e-6	Tpos:565.2,Tstd:264.1,Bpos:533.0,Bstd:317.4,StrandBias:1.1,Multiplicity:1.31
0.001	0.825	0.001	0.173
0.968	0.001	0.030	0.001
0.001	0.112	0.001	0.886
0.109	0.568	0.001	0.322
0.001	0.090	0.001	0.908
0.001	0.997	0.001	0.001
0.001	0.001	0.136	0.862
0.001	0.918	0.001	0.080
>GCGWGAYT	5-GCGWGAYT	7.787477	-13.263805	0	T:47.0(12.37%),B:2445.0(5.88%),P:1e-5	Tpos:554.2,Tstd:286.3,Bpos:519.8,Bstd:309.9,StrandBias:-1.2,Multiplicity:1.09
0.001	0.001	0.997	0.001
0.278	0.720	0.001	0.001
0.262	0.001	0.736	0.001
0.545	0.022	0.001	0.432
0.001	0.240	0.758	0.001
0.997	0.001	0.001	0.001
0.001	0.567	0.001	0.431
0.226	0.001	0.001	0.772
>GGTGCGTG	6-GGTGCGTG	9.074052	-11.949831	0	T:16.0(4.21%),B:448.8(1.08%),P:1e-5	Tpos:656.5,Tstd:231.9,Bpos:513.4,Bstd:303.8,StrandBias:-0.7,Multiplicity:1.00
0.001	0.001	0.997	0.001
0.001	0.001	0.997	0.001
0.001	0.001	0.001	0.997
0.181	0.001	0.817	0.001
0.001	0.997	0.001	0.001
0.001	0.001	0.997	0.001
0.001	0.147	0.103	0.749
0.001	0.001	0.997	0.001
>TACTGGTC	7-TACTGGTC	6.311204	-10.803192	0	T:22.0(5.79%),B:854.3(2.05%),P:1e-4	Tpos:425.6,Tstd:303.4,Bpos:498.3,Bstd:306.6,StrandBias:0.8,Multiplicity:1.36
0.001	0.001	0.001	0.997
0.997	0.001	0.001	0.001
0.001	0.997	0.001	0.001
0.001	0.001	0.092	0.906
0.001	0.001	0.997	0.001
0.001	0.001	0.997	0.001
0.001	0.093	0.001	0.905
0.001	0.997	0.001	0.001
>AGGGGTTC	8-AGGGGTTC	9.434567	-10.700053	0	T:20.0(5.26%),B:734.4(1.77%),P:1e-4	Tpos:369.9,Tstd:290.6,Bpos:507.6,Bstd:303.6,StrandBias:-0.1,Multiplicity:1.05
0.803	0.001	0.001	0.195
0.001	0.001	0.997	0.001
0.001	0.001	0.997	0.001
0.001	0.001	0.997	0.001
0.001	0.001	0.997	0.001
0.001	0.001	0.001	0.997
0.001	0.001	0.001	0.997
0.001	0.997	0.001	0.001
>GGTCACAC	9-GGTCACAC	6.493667	-10.518843	0	T:100.0(26.32%),B:7411.0(17.82%),P:1e-4	Tpos:507.8,Tstd:286.7,Bpos:523.6,Bstd:312.4,StrandBias:0.3,Multiplicity:1.24
0.027	0.114	0.713	0.146
0.001	0.039	0.959	0.001
0.041	0.181	0.030	0.748
0.001	0.997	0.001	0.001
0.980	0.018	0.001	0.001
0.001	0.935	0.029	0.035
0.892	0.001	0.047	0.060
0.040	0.771	0.089	0.100
>CCCCCCCC	10-CCCCCCCC	10.665628	-5.086557	0	T:18.0(4.74%),B:1006.5(2.42%),P:1e-2	Tpos:443.3,Tstd:234.5,Bpos:528.9,Bstd:328.8,StrandBias:2.2,Multiplicity:1.06
0.001	0.893	0.046	0.060
0.001	0.960	0.038	0.001
0.001	0.997	0.001	0.001
0.001	0.997	0.001	0.001
0.044	0.954	0.001	0.001
0.001	0.997	0.001	0.001
0.001	0.920	0.078	0.001
0.001	0.877	0.072	0.050
