>CTCCGTCTCT	1-CTCCGTCTCT	8.272944	-31.531605	0	T:92.0(24.21%),B:4343.5(10.44%),P:1e-13	Tpos:602.4,Tstd:272.0,Bpos:547.0,Bstd:322.0,StrandBias:1.0,Multiplicity:1.18
0.186	0.750	0.063	0.001
0.056	0.001	0.001	0.942
0.001	0.712	0.286	0.001
0.196	0.744	0.059	0.001
0.001	0.278	0.676	0.045
0.064	0.001	0.003	0.932
0.001	0.997	0.001	0.001
0.001	0.001	0.001	0.997
0.110	0.779	0.069	0.042
0.062	0.001	0.060	0.877
>TCTCTCACTA	2-TCTCTCACTA	7.259268	-29.543891	0	T:132.0(34.74%),B:7778.3(18.70%),P:1e-12	Tpos:552.6,Tstd:296.7,Bpos:535.6,Bstd:314.4,StrandBias:1.2,Multiplicity:1.20
0.057	0.068	0.024	0.851
0.046	0.792	0.054	0.108
0.088	0.058	0.031	0.823
0.058	0.853	0.046	0.043
0.068	0.066	0.064	0.802
0.081	0.775	0.086	0.058
0.796	0.058	0.085	0.061
0.043	0.792	0.056	0.109
0.072	0.086	0.027	0.815
0.705	0.095	0.116	0.084
>CGTACAGACA	3-CGTACAGACA	8.899649	-26.131567	0	T:31.0(8.16%),B:728.8(1.75%),P:1e-11	Tpos:495.5,Tstd:275.6,Bpos:501.1,Bstd:309.6,StrandBias:-0.4,Multiplicity:1.06
0.081	0.917	0.001	0.001
0.001	0.139	0.859	0.001
0.001	0.113	0.204	0.682
0.649	0.001	0.349	0.001
0.001	0.876	0.122	0.001
0.997	0.001	0.001	0.001
0.069	0.288	0.642	0.001
0.691	0.001	0.001	0.307
0.001	0.693	0.305	0.001
0.997	0.001	0.001	0.001
>CCTCTTGTCG	4-CCTCTTGTCG	9.640437	-24.414477	0	T:26.0(6.84%),B:546.6(1.31%),P:1e-10	Tpos:488.7,Tstd:266.3,Bpos:528.3,Bstd:313.9,StrandBias:0.9,Multiplicity:1.00
0.205	0.739	0.055	0.001
0.126	0.872	0.001	0.001
0.001	0.067	0.001	0.931
0.001	0.963	0.001	0.035
0.001	0.083	0.001	0.915
0.001	0.052	0.001	0.946
0.001	0.110	0.773	0.116
0.051	0.001	0.001	0.947
0.001	0.965	0.033	0.001
0.001	0.001	0.997	0.001
>ACGCAGTGTG	5-ACGCAGTGTG	8.267353	-24.374259	0	T:27.0(7.11%),B:592.5(1.42%),P:1e-10	Tpos:423.1,Tstd:288.0,Bpos:532.2,Bstd:296.2,StrandBias:0.1,Multiplicity:1.00
0.913	0.001	0.001	0.085
0.065	0.768	0.078	0.089
0.054	0.027	0.918	0.001
0.066	0.868	0.065	0.001
0.919	0.001	0.079	0.001
0.074	0.001	0.851	0.074
0.001	0.001	0.001	0.997
0.001	0.091	0.845	0.063
0.001	0.060	0.001	0.938
0.001	0.001	0.997	0.001
>CCCGATTCTG	6-CCCGATTCTG	9.502979	-23.872291	0	T:27.0(7.11%),B:606.5(1.46%),P:1e-10	Tpos:580.8,Tstd:211.9,Bpos:516.5,Bstd:305.4,StrandBias:0.1,Multiplicity:1.04
0.001	0.873	0.125	0.001
0.001	0.944	0.001	0.054
0.001	0.930	0.068	0.001
0.154	0.015	0.830	0.001
0.946	0.001	0.052	0.001
0.142	0.172	0.010	0.676
0.001	0.001	0.006	0.992
0.066	0.684	0.155	0.095
0.076	0.001	0.081	0.842
0.001	0.384	0.614	0.001
>CGTCGTACAC	7-CGTCGTACAC	10.232002	-23.528389	0	T:15.0(3.95%),B:156.4(0.38%),P:1e-10	Tpos:714.9,Tstd:184.1,Bpos:462.4,Bstd:297.4,StrandBias:0.6,Multiplicity:1.00
0.080	0.809	0.110	0.001
0.001	0.001	0.997	0.001
0.104	0.001	0.001	0.894
0.164	0.834	0.001	0.001
0.068	0.001	0.930	0.001
0.042	0.001	0.001	0.956
0.961	0.001	0.001	0.037
0.001	0.997	0.001	0.001
0.835	0.001	0.095	0.069
0.077	0.847	0.075	0.001
>GAGACTAGAC	8-GAGACTAGAC	8.478768	-21.936216	0	T:23.0(6.05%),B:478.8(1.15%),P:1e-9	Tpos:537.4,Tstd:258.0,Bpos:500.9,Bstd:315.9,StrandBias:0.1,Multiplicity:1.00
0.001	0.001	0.943	0.055
0.889	0.109	0.001	0.001
0.094	0.074	0.804	0.028
0.926	0.001	0.001	0.072
0.001	0.866	0.077	0.056
0.001	0.076	0.001	0.922
0.904	0.001	0.094	0.001
0.001	0.001	0.997	0.001
0.901	0.001	0.097	0.001
0.001	0.859	0.058	0.082
>TCCCAGATTC	9-TCCCAGATTC	7.467950	-20.291817	0	T:62.0(16.32%),B:2973.4(7.15%),P:1e-8	Tpos:569.6,Tstd:268.9,Bpos:510.3,Bstd:313.2,StrandBias:0.9,Multiplicity:1.03
0.102	0.057	0.030	0.811
0.094	0.825	0.024	0.057
0.042	0.814	0.041	0.103
0.077	0.772	0.092	0.059
0.757	0.062	0.116	0.065
0.033	0.148	0.732	0.087
0.822	0.051	0.063	0.064
0.035	0.058	0.046	0.861
0.068	0.116	0.019	0.797
0.066	0.820	0.073	0.041
>CATATCGCGC	10-CATATCGCGC	7.985881	-19.509041	0	T:20.0(5.26%),B:409.5(0.98%),P:1e-8	Tpos:550.2,Tstd:246.9,Bpos:543.3,Bstd:306.4,StrandBias:0.8,Multiplicity:1.10
0.205	0.539	0.234	0.022
0.649	0.030	0.046	0.275
0.312	0.037	0.050	0.601
0.582	0.235	0.016	0.167
0.277	0.053	0.043	0.627
0.063	0.684	0.035	0.218
0.042	0.044	0.618	0.296
0.059	0.695	0.183	0.063
0.038	0.025	0.858	0.079
0.030	0.632	0.048	0.290
>TTCCCAACGT	11-TTCCCAACGT	9.450127	-19.427724	0	T:31.0(8.16%),B:968.4(2.33%),P:1e-8	Tpos:453.3,Tstd:288.4,Bpos:507.6,Bstd:300.5,StrandBias:-0.3,Multiplicity:1.16
0.001	0.001	0.090	0.908
0.001	0.001	0.061	0.937
0.001	0.967	0.031	0.001
0.041	0.885	0.038	0.036
0.001	0.973	0.025	0.001
0.942	0.056	0.001	0.001
0.855	0.038	0.001	0.106
0.236	0.720	0.043	0.001
0.001	0.036	0.922	0.041
0.032	0.001	0.045	0.922
>ATAGCTCTAC	12-ATAGCTCTAC	9.824514	-18.903283	0	T:19.0(5.00%),B:381.0(0.92%),P:1e-8	Tpos:416.1,Tstd:242.0,Bpos:465.7,Bstd:306.0,StrandBias:-0.6,Multiplicity:1.05
0.997	0.001	0.001	0.001
0.028	0.066	0.043	0.863
0.756	0.001	0.001	0.242
0.040	0.052	0.791	0.117
0.041	0.957	0.001	0.001
0.063	0.001	0.001	0.935
0.055	0.943	0.001	0.001
0.001	0.001	0.083	0.915
0.970	0.001	0.001	0.028
0.032	0.918	0.001	0.049
>GTACACCCCC	13-GTACACCCCC	9.981723	-18.723533	0	T:14.0(3.68%),B:192.4(0.46%),P:1e-8	Tpos:502.4,Tstd:305.9,Bpos:524.4,Bstd:309.3,StrandBias:-0.4,Multiplicity:1.08
0.001	0.001	0.964	0.034
0.055	0.001	0.001	0.943
0.910	0.001	0.088	0.001
0.001	0.896	0.001	0.102
0.997	0.001	0.001	0.001
0.116	0.743	0.140	0.001
0.001	0.920	0.001	0.078
0.153	0.751	0.045	0.051
0.001	0.997	0.001	0.001
0.001	0.935	0.001	0.063
>CGCACCCTCT	14-CGCACCCTCT	9.931603	-17.397084	0	T:15.0(3.95%),B:252.4(0.61%),P:1e-7	Tpos:708.2,Tstd:287.2,Bpos:547.7,Bstd:329.6,StrandBias:1.1,Multiplicity:1.07
0.001	0.929	0.069	0.001
0.122	0.001	0.876	0.001
0.001	0.997	0.001	0.001
0.846	0.066	0.001	0.087
0.001	0.997	0.001	0.001
0.021	0.907	0.050	0.022
0.001	0.943	0.001	0.055
0.001	0.001	0.142	0.856
0.001	0.920	0.078	0.001
0.084	0.063	0.081	0.772
>CTTTTTAGTA	15-CTTTTTAGTA	9.847900	-16.382445	0	T:56.0(14.74%),B:2850.0(6.85%),P:1e-7	Tpos:518.0,Tstd:281.7,Bpos:501.1,Bstd:297.2,StrandBias:0.8,Multiplicity:1.02
0.001	0.963	0.035	0.001
0.001	0.001	0.001	0.997
0.001	0.001	0.001	0.997
0.001	0.001	0.001	0.997
0.001	0.099	0.001	0.899
0.054	0.001	0.001	0.944
0.684	0.041	0.203	0.072
0.029	0.147	0.696	0.128
0.083	0.001	0.001	0.915
0.894	0.001	0.001	0.104
>STATTTGCGG	16-STATTTGCGG	9.781341	-15.772557	0	T:16.0(4.21%),B:331.0(0.80%),P:1e-6	Tpos:600.6,Tstd:226.1,Bpos:543.2,Bstd:296.2,StrandBias:-1.6,Multiplicity:1.00
0.001	0.554	0.444	0.001
0.001	0.001	0.001	0.997
0.821	0.001	0.094	0.084
0.115	0.092	0.001	0.792
0.160	0.037	0.001	0.802
0.001	0.127	0.001	0.871
0.045	0.001	0.953	0.001
0.054	0.735	0.117	0.094
0.001	0.001	0.940	0.058
0.001	0.001	0.997	0.001
>GTTGACAATG	17-GTTGACAATG	10.242361	-15.632441	0	T:22.0(5.79%),B:627.1(1.51%),P:1e-6	Tpos:456.0,Tstd:255.0,Bpos:479.5,Bstd:292.2,StrandBias:1.6,Multiplicity:1.45
0.009	0.025	0.718	0.248
0.001	0.001	0.001	0.997
0.019	0.001	0.001	0.979
0.015	0.001	0.983	0.001
0.876	0.001	0.122	0.001
0.001	0.997	0.001	0.001
0.838	0.050	0.111	0.001
0.975	0.023	0.001	0.001
0.125	0.024	0.026	0.825
0.066	0.001	0.871	0.062
>GTCTTTCTGA	18-GTCTTTCTGA	9.554783	-15.323258	0	T:27.0(7.11%),B:923.6(2.22%),P:1e-6	Tpos:515.7,Tstd:271.6,Bpos:516.4,Bstd:302.6,StrandBias:1.2,Multiplicity:1.11
0.180	0.008	0.811	0.001
0.001	0.001	0.022	0.976
0.001	0.983	0.007	0.009
0.001	0.004	0.084	0.911
0.021	0.001	0.079	0.899
0.001	0.295	0.001	0.703
0.097	0.804	0.098	0.001
0.011	0.145	0.001	0.843
0.058	0.099	0.798	0.045
0.985	0.009	0.001	0.005
>TACTCCGATA	19-TACTCCGATA	11.730176	-15.045379	0	T:7.0(1.84%),B:42.5(0.10%),P:1e-6	Tpos:630.1,Tstd:259.2,Bpos:493.8,Bstd:321.4,StrandBias:0.4,Multiplicity:1.00
0.001	0.001	0.001	0.997
0.997	0.001	0.001	0.001
0.001	0.997	0.001	0.001
0.144	0.001	0.001	0.854
0.001	0.997	0.001	0.001
0.001	0.997	0.001	0.001
0.001	0.001	0.997	0.001
0.843	0.001	0.155	0.001
0.001	0.001	0.001	0.997
0.997	0.001	0.001	0.001
>TTTTCACCTT	20-TTTTCACCTT	9.520867	-14.761663	0	T:46.0(12.11%),B:2239.9(5.39%),P:1e-6	Tpos:548.2,Tstd:299.7,Bpos:513.4,Bstd:311.0,StrandBias:0.9,Multiplicity:1.09
0.001	0.001	0.049	0.949
0.035	0.056	0.031	0.878
0.001	0.001	0.001	0.997
0.001	0.001	0.001	0.997
0.001	0.997	0.001	0.001
0.997	0.001	0.001	0.001
0.001	0.997	0.001	0.001
0.250	0.748	0.001	0.001
0.001	0.001	0.001	0.997
0.001	0.001	0.001	0.997
>TTTGACGTCA	21-TTTGACGTCA	10.405044	-13.674159	0	T:26.0(6.84%),B:946.4(2.28%),P:1e-5	Tpos:548.0,Tstd:276.7,Bpos:494.2,Bstd:300.7,StrandBias:-0.2,Multiplicity:1.08
0.001	0.010	0.064	0.925
0.001	0.001	0.210	0.788
0.082	0.001	0.255	0.662
0.001	0.001	0.984	0.014
0.814	0.001	0.001	0.184
0.001	0.997	0.001	0.001
0.001	0.001	0.997	0.001
0.098	0.001	0.001	0.900
0.096	0.858	0.001	0.045
0.975	0.023	0.001	0.001
>GGTACCATCG	22-GGTACCATCG	10.296193	-12.686785	0	T:4.0(1.05%),B:8.4(0.02%),P:1e-5	Tpos:697.5,Tstd:290.9,Bpos:206.9,Bstd:97.0,StrandBias:0.0,Multiplicity:1.00
0.100	0.100	0.700	0.100
0.100	0.100	0.700	0.100
0.100	0.100	0.100	0.700
0.700	0.100	0.100	0.100
0.100	0.700	0.100	0.100
0.100	0.700	0.100	0.100
0.700	0.100	0.100	0.100
0.100	0.100	0.100	0.700
0.100	0.700	0.100	0.100
0.100	0.100	0.700	0.100
>CCCCCCCCCC	23-CCCCCCCCCC	7.492233	-10.821320	0	T:38.0(10.00%),B:1984.1(4.77%),P:1e-4	Tpos:466.1,Tstd:245.9,Bpos:536.2,Bstd:328.7,StrandBias:1.9,Multiplicity:1.16
0.035	0.899	0.018	0.048
0.058	0.795	0.083	0.064
0.047	0.769	0.039	0.145
0.091	0.755	0.063	0.091
0.096	0.723	0.092	0.089
0.074	0.787	0.058	0.081
0.071	0.778	0.088	0.063
0.031	0.840	0.062	0.067
0.060	0.818	0.050	0.072
0.050	0.847	0.049	0.054
>GACCAGTAGA	24-GACCAGTAGA	11.543267	-9.825203	0	T:6.0(1.58%),B:67.9(0.16%),P:1e-4	Tpos:251.5,Tstd:271.8,Bpos:470.1,Bstd:331.9,StrandBias:-3.7,Multiplicity:2.33
0.001	0.001	0.997	0.001
0.997	0.001	0.001	0.001
0.001	0.997	0.001	0.001
0.001	0.997	0.001	0.001
0.997	0.001	0.001	0.001
0.101	0.001	0.897	0.001
0.001	0.001	0.001	0.997
0.997	0.001	0.001	0.001
0.001	0.001	0.997	0.001
0.997	0.001	0.001	0.001
>TAGCAAATTG	25-TAGCAAATTG	10.831809	-7.315285	0	T:11.0(2.89%),B:362.5(0.87%),P:1e-3	Tpos:530.3,Tstd:297.6,Bpos:499.8,Bstd:304.4,StrandBias:0.7,Multiplicity:1.18
0.001	0.001	0.001	0.997
0.847	0.148	0.004	0.001
0.001	0.001	0.997	0.001
0.001	0.968	0.001	0.030
0.817	0.150	0.032	0.001
0.933	0.031	0.001	0.035
0.997	0.001	0.001	0.001
0.001	0.143	0.176	0.680
0.132	0.001	0.241	0.626
0.001	0.001	0.997	0.001
>AGGGAGAAAAAA	1-AGGGAGAAAAAA	10.010606	-30.434434	0	T:126.0(33.16%),B:7171.9(17.24%),P:1e-13	Tpos:544.1,Tstd:293.2,Bpos:539.6,Bstd:317.9,StrandBias:-1.5,Multiplicity:1.24
0.912	0.036	0.044	0.008
0.279	0.007	0.688	0.026
0.185	0.063	0.572	0.180
0.136	0.171	0.671	0.022
0.733	0.060	0.031	0.176
0.035	0.032	0.871	0.062
0.997	0.001	0.001	0.001
0.923	0.036	0.028	0.013
0.935	0.015	0.049	0.001
0.871	0.030	0.035	0.064
0.770	0.058	0.124	0.048
0.875	0.105	0.019	0.001
>CTCTCACATACT	2-CTCTCACATACT	10.276627	-25.915249	0	T:23.0(6.05%),B:387.6(0.93%),P:1e-11	Tpos:620.8,Tstd:282.4,Bpos:520.5,Bstd:319.9,StrandBias:1.8,Multiplicity:1.00
0.036	0.818	0.039	0.107
0.096	0.001	0.001	0.902
0.095	0.853	0.001	0.051
0.001	0.001	0.142	0.856
0.040	0.838	0.078	0.044
0.863	0.001	0.135	0.001
0.065	0.822	0.001	0.112
0.869	0.001	0.044	0.086
0.092	0.101	0.025	0.782
0.739	0.101	0.044	0.116
0.088	0.772	0.044	0.096
0.070	0.034	0.001	0.895
>AACAGTTCTGAA	3-AACAGTTCTGAA	12.796102	-25.461367	0	T:16.0(4.21%),B:161.4(0.39%),P:1e-11	Tpos:368.5,Tstd:232.7,Bpos:513.7,Bstd:269.6,StrandBias:-0.4,Multiplicity:1.00
0.997	0.001	0.001	0.001
0.805	0.106	0.088	0.001
0.001	0.946	0.001	0.052
0.997	0.001	0.001	0.001
0.001	0.056	0.925	0.018
0.096	0.106	0.001	0.797
0.091	0.001	0.001	0.907
0.070	0.928	0.001	0.001
0.064	0.001	0.001	0.934
0.001	0.056	0.942	0.001
0.878	0.120	0.001	0.001
0.997	0.001	0.001	0.001
>GCCCACAAAAAT	4-GCCCACAAAAAT	13.120205	-24.928294	0	T:14.0(3.68%),B:115.4(0.28%),P:1e-10	Tpos:430.7,Tstd:276.4,Bpos:549.1,Bstd:306.0,StrandBias:0.8,Multiplicity:1.00
0.091	0.001	0.907	0.001
0.001	0.923	0.001	0.075
0.001	0.884	0.114	0.001
0.067	0.848	0.001	0.084
0.864	0.134	0.001	0.001
0.001	0.997	0.001	0.001
0.855	0.143	0.001	0.001
0.997	0.001	0.001	0.001
0.997	0.001	0.001	0.001
0.997	0.001	0.001	0.001
0.910	0.001	0.001	0.088
0.001	0.120	0.001	0.878
>TTTCTGGTCTCC	5-TTTCTGGTCTCC	10.564699	-23.931824	0	T:28.0(7.37%),B:651.8(1.57%),P:1e-10	Tpos:600.1,Tstd:293.2,Bpos:510.0,Bstd:312.9,StrandBias:1.6,Multiplicity:1.00
0.105	0.001	0.001	0.893
0.055	0.001	0.001	0.943
0.161	0.001	0.065	0.773
0.059	0.939	0.001	0.001
0.031	0.001	0.086	0.882
0.043	0.082	0.818	0.057
0.324	0.001	0.524	0.151
0.001	0.001	0.056	0.942
0.102	0.783	0.057	0.058
0.001	0.001	0.110	0.888
0.074	0.571	0.293	0.062
0.001	0.925	0.001	0.073
>AACGCGCTCTAT	6-AACGCGCTCTAT	13.238284	-23.622968	0	T:12.0(3.16%),B:81.2(0.20%),P:1e-10	Tpos:753.0,Tstd:144.5,Bpos:626.5,Bstd:302.7,StrandBias:0.5,Multiplicity:1.00
0.997	0.001	0.001	0.001
0.780	0.105	0.034	0.081
0.001	0.997	0.001	0.001
0.080	0.001	0.918	0.001
0.001	0.909	0.001	0.089
0.001	0.001	0.997	0.001
0.135	0.863	0.001	0.001
0.001	0.001	0.089	0.909
0.001	0.997	0.001	0.001
0.001	0.029	0.116	0.854
0.894	0.001	0.001	0.104
0.001	0.001	0.001	0.997
>AACSGTGGGAAA	7-AACSGTGGGAAA	12.759490	-23.085055	0	T:20.0(5.26%),B:329.1(0.79%),P:1e-10	Tpos:593.2,Tstd:253.1,Bpos:557.9,Bstd:305.0,StrandBias:-1.1,Multiplicity:1.00
0.997	0.001	0.001	0.001
0.997	0.001	0.001	0.001
0.270	0.721	0.008	0.001
0.001	0.392	0.457	0.150
0.129	0.001	0.576	0.294
0.001	0.001	0.001	0.997
0.001	0.001	0.997	0.001
0.324	0.001	0.674	0.001
0.001	0.010	0.988	0.001
0.997	0.001	0.001	0.001
0.997	0.001	0.001	0.001
0.997	0.001	0.001	0.001
>ATTTGACGACAA	8-ATTTGACGACAA	11.092726	-23.021394	0	T:21.0(5.53%),B:370.0(0.89%),P:1e-9	Tpos:559.6,Tstd:291.0,Bpos:543.7,Bstd:296.5,StrandBias:0.3,Multiplicity:1.00
0.759	0.001	0.157	0.083
0.001	0.001	0.001	0.997
0.001	0.001	0.001	0.997
0.001	0.001	0.001	0.997
0.001	0.001	0.947	0.051
0.997	0.001	0.001	0.001
0.042	0.956	0.001	0.001
0.060	0.001	0.938	0.001
0.913	0.001	0.001	0.085
0.050	0.882	0.067	0.001
0.868	0.130	0.001	0.001
0.864	0.083	0.001	0.052
>GAAAATATCGGT	9-GAAAATATCGGT	12.904898	-22.060218	0	T:16.0(4.21%),B:206.8(0.50%),P:1e-9	Tpos:538.6,Tstd:321.0,Bpos:526.4,Bstd:323.4,StrandBias:0.4,Multiplicity:1.00
0.057	0.122	0.820	0.001
0.997	0.001	0.001	0.001
0.997	0.001	0.001	0.001
0.909	0.001	0.001	0.089
0.997	0.001	0.001	0.001
0.001	0.001	0.001	0.997
0.997	0.001	0.001	0.001
0.001	0.077	0.001	0.921
0.066	0.808	0.084	0.042
0.075	0.001	0.923	0.001
0.312	0.001	0.686	0.001
0.001	0.001	0.001	0.997
>TGTGTCTGCGTC	10-TGTGTCTGCGTC	9.098204	-21.331675	0	T:55.0(14.47%),B:2394.9(5.76%),P:1e-9	Tpos:554.5,Tstd:280.7,Bpos:539.3,Bstd:322.3,StrandBias:0.1,Multiplicity:1.15
0.010	0.020	0.180	0.790
0.083	0.149	0.568	0.200
0.166	0.199	0.001	0.634
0.001	0.154	0.681	0.164
0.001	0.001	0.001	0.997
0.036	0.671	0.001	0.292
0.035	0.001	0.020	0.944
0.297	0.085	0.465	0.154
0.001	0.750	0.001	0.248
0.066	0.276	0.657	0.001
0.001	0.035	0.056	0.908
0.020	0.920	0.059	0.001
>CTTATATTTCTC	11-CTTATATTTCTC	12.267206	-21.162723	0	T:16.0(4.21%),B:220.8(0.53%),P:1e-9	Tpos:533.0,Tstd:291.0,Bpos:549.2,Bstd:309.6,StrandBias:0.4,Multiplicity:1.00
0.048	0.837	0.086	0.029
0.001	0.001	0.001	0.997
0.074	0.001	0.001	0.924
0.804	0.035	0.111	0.050
0.001	0.001	0.001	0.997
0.921	0.077	0.001	0.001
0.001	0.081	0.001	0.917
0.001	0.001	0.001	0.997
0.143	0.001	0.001	0.855
0.095	0.903	0.001	0.001
0.001	0.001	0.001	0.997
0.001	0.913	0.085	0.001
>TTTTASTAAATT	12-TTTTASTAAATT	10.624597	-20.131516	0	T:34.0(8.95%),B:1110.0(2.67%),P:1e-8	Tpos:414.4,Tstd:268.1,Bpos:475.6,Bstd:299.8,StrandBias:0.6,Multiplicity:1.12
0.179	0.035	0.054	0.732
0.056	0.031	0.032	0.881
0.171	0.202	0.007	0.620
0.172	0.029	0.048	0.751
0.631	0.036	0.291	0.042
0.185	0.251	0.382	0.182
0.020	0.035	0.196	0.749
0.668	0.191	0.022	0.119
0.587	0.198	0.171	0.044
0.763	0.044	0.018	0.175
0.020	0.028	0.217	0.735
0.044	0.023	0.035	0.898
>TGAAAAGCTGTC	13-TGAAAAGCTGTC	13.081729	-20.109645	0	T:10.0(2.63%),B:66.8(0.16%),P:1e-8	Tpos:424.1,Tstd:321.5,Bpos:417.0,Bstd:337.3,StrandBias:0.6,Multiplicity:1.00
0.001	0.001	0.092	0.906
0.001	0.104	0.894	0.001
0.997	0.001	0.001	0.001
0.872	0.001	0.001	0.126
0.872	0.126	0.001	0.001
0.997	0.001	0.001	0.001
0.054	0.001	0.897	0.048
0.080	0.814	0.105	0.001
0.076	0.001	0.001	0.922
0.001	0.073	0.925	0.001
0.001	0.001	0.001	0.997
0.001	0.954	0.001	0.044
>ASHATTRTTTGA	14-ASHATTRTTTGA	11.297315	-19.673970	0	T:24.0(6.32%),B:589.8(1.42%),P:1e-8	Tpos:564.0,Tstd:243.4,Bpos:496.8,Bstd:302.7,StrandBias:-0.5,Multiplicity:1.00
0.740	0.055	0.179	0.026
0.029	0.530	0.411	0.030
0.226	0.357	0.049	0.368
0.623	0.103	0.036	0.238
0.001	0.029	0.038	0.932
0.266	0.001	0.001	0.732
0.523	0.077	0.399	0.001
0.022	0.030	0.070	0.878
0.063	0.054	0.001	0.882
0.001	0.001	0.027	0.971
0.025	0.187	0.787	0.001
0.898	0.034	0.067	0.001
>TTBCAGCTAGTA	15-TTBCAGCTAGTA	11.375553	-19.363466	0	T:17.0(4.47%),B:289.3(0.70%),P:1e-8	Tpos:446.3,Tstd:307.2,Bpos:571.8,Bstd:330.2,StrandBias:0.3,Multiplicity:1.06
0.001	0.001	0.001	0.997
0.001	0.001	0.001	0.997
0.001	0.351	0.375	0.273
0.008	0.900	0.001	0.091
0.997	0.001	0.001	0.001
0.001	0.364	0.634	0.001
0.001	0.626	0.372	0.001
0.001	0.001	0.001	0.997
0.997	0.001	0.001	0.001
0.268	0.001	0.648	0.083
0.001	0.257	0.001	0.741
0.916	0.001	0.082	0.001
>TCCCCGTTTTTA	16-TCCCCGTTTTTA	9.597406	-18.790251	0	T:37.0(9.74%),B:1356.5(3.26%),P:1e-8	Tpos:520.7,Tstd:273.1,Bpos:499.7,Bstd:319.1,StrandBias:1.1,Multiplicity:1.14
0.061	0.026	0.031	0.882
0.043	0.847	0.088	0.022
0.001	0.989	0.001	0.009
0.079	0.795	0.073	0.053
0.051	0.868	0.055	0.026
0.085	0.029	0.816	0.070
0.001	0.119	0.001	0.879
0.080	0.093	0.001	0.826
0.031	0.092	0.050	0.827
0.001	0.068	0.001	0.930
0.203	0.141	0.081	0.575
0.754	0.026	0.123	0.097
>ACCTAATTTTTC	17-ACCTAATTTTTC	12.239710	-18.412545	0	T:21.0(5.53%),B:484.5(1.16%),P:1e-7	Tpos:511.8,Tstd:315.5,Bpos:514.2,Bstd:307.5,StrandBias:0.6,Multiplicity:1.10
0.840	0.050	0.074	0.036
0.001	0.925	0.048	0.026
0.027	0.934	0.001	0.038
0.030	0.095	0.001	0.874
0.997	0.001	0.001	0.001
0.907	0.050	0.001	0.042
0.001	0.001	0.001	0.997
0.111	0.001	0.001	0.887
0.167	0.001	0.001	0.831
0.001	0.001	0.001	0.997
0.075	0.001	0.001	0.923
0.001	0.926	0.001	0.072
>TGRTCAGTKMAA	18-TGRTCAGTKMAA	10.592976	-17.412687	0	T:32.0(8.42%),B:1120.3(2.69%),P:1e-7	Tpos:585.4,Tstd:266.6,Bpos:512.4,Bstd:297.9,StrandBias:-0.5,Multiplicity:1.22
0.001	0.001	0.001	0.997
0.001	0.001	0.752	0.246
0.516	0.001	0.482	0.001
0.265	0.001	0.001	0.733
0.114	0.884	0.001	0.001
0.997	0.001	0.001	0.001
0.001	0.001	0.997	0.001
0.209	0.001	0.001	0.789
0.001	0.001	0.433	0.565
0.353	0.488	0.001	0.158
0.915	0.001	0.083	0.001
0.997	0.001	0.001	0.001
>ACGCACCCTCTC	19-ACGCACCCTCTC	11.473547	-16.943267	0	T:9.0(2.37%),B:70.0(0.17%),P:1e-7	Tpos:644.6,Tstd:189.5,Bpos:467.1,Bstd:276.8,StrandBias:1.2,Multiplicity:1.11
0.997	0.001	0.001	0.001
0.001	0.818	0.180	0.001
0.101	0.170	0.728	0.001
0.120	0.878	0.001	0.001
0.829	0.169	0.001	0.001
0.169	0.829	0.001	0.001
0.001	0.768	0.001	0.230
0.001	0.610	0.001	0.388
0.001	0.001	0.001	0.997
0.001	0.829	0.001	0.169
0.001	0.001	0.001	0.997
0.001	0.997	0.001	0.001
>CCCCCCCCCCCC	20-CCCCCCCCCCCC	1.837086	-9.154673	0	T:201.0(52.89%),B:17989.4(43.25%),P:1e-3	Tpos:529.6,Tstd:280.5,Bpos:557.2,Bstd:321.3,StrandBias:1.3,Multiplicity:1.71
0.071	0.754	0.014	0.161
0.041	0.916	0.007	0.036
0.001	0.934	0.018	0.047
0.001	0.944	0.001	0.054
0.001	0.858	0.001	0.140
0.040	0.744	0.072	0.144
0.001	0.852	0.124	0.023
0.001	0.911	0.087	0.001
0.062	0.831	0.106	0.001
0.016	0.764	0.137	0.083
0.032	0.815	0.052	0.101
0.076	0.715	0.102	0.107
>CCACCGGTGGGC	21-CCACCGGTGGGC	14.640156	-8.319100	0	T:2.0(0.53%),B:1.7(0.00%),P:1e-3	Tpos:138.0,Tstd:26.6,Bpos:568.0,Bstd:0.0,StrandBias:-0.6,Multiplicity:1.50
0.249	0.749	0.001	0.001
0.001	0.997	0.001	0.001
0.997	0.001	0.001	0.001
0.001	0.997	0.001	0.001
0.001	0.997	0.001	0.001
0.001	0.001	0.997	0.001
0.001	0.001	0.997	0.001
0.001	0.001	0.001	0.997
0.001	0.001	0.997	0.001
0.001	0.001	0.749	0.249
0.249	0.001	0.749	0.001
0.001	0.997	0.001	0.001
>AAGTTGACAATG	22-AAGTTGACAATG	9.499090	-7.830187	0	T:29.0(7.63%),B:1582.9(3.81%),P:1e-3	Tpos:511.7,Tstd:274.2,Bpos:497.3,Bstd:286.9,StrandBias:0.7,Multiplicity:1.55
0.952	0.046	0.001	0.001
0.997	0.001	0.001	0.001
0.039	0.001	0.926	0.034
0.001	0.001	0.001	0.997
0.001	0.001	0.001	0.997
0.001	0.001	0.997	0.001
0.818	0.001	0.180	0.001
0.042	0.956	0.001	0.001
0.894	0.104	0.001	0.001
0.997	0.001	0.001	0.001
0.120	0.056	0.081	0.743
0.001	0.001	0.772	0.226
>GATGAATTTCYA	23-GATGAATTTCYA	13.248406	-7.122047	0	T:7.0(1.84%),B:158.9(0.38%),P:1e-3	Tpos:212.1,Tstd:226.1,Bpos:425.7,Bstd:282.5,StrandBias:-2.0,Multiplicity:2.14
0.260	0.001	0.738	0.001
0.997	0.001	0.001	0.001
0.001	0.001	0.207	0.791
0.001	0.001	0.997	0.001
0.997	0.001	0.001	0.001
0.997	0.001	0.001	0.001
0.001	0.001	0.234	0.764
0.001	0.001	0.001	0.997
0.001	0.281	0.001	0.717
0.207	0.791	0.001	0.001
0.001	0.520	0.001	0.478
0.997	0.001	0.001	0.001
>GTTAGACCAGTA	24-GTTAGACCAGTA	12.355432	-4.704539	0	T:1.0(0.26%),B:0.5(0.00%),P:1e-2	Tpos:123.0,Tstd:67.1,Bpos:355.0,Bstd:0.0,StrandBias:-10.0,Multiplicity:9.00
0.100	0.100	0.700	0.100
0.100	0.100	0.100	0.700
0.100	0.100	0.100	0.700
0.700	0.100	0.100	0.100
0.100	0.100	0.700	0.100
0.700	0.100	0.100	0.100
0.100	0.700	0.100	0.100
0.100	0.700	0.100	0.100
0.700	0.100	0.100	0.100
0.100	0.100	0.700	0.100
0.100	0.100	0.100	0.700
0.700	0.100	0.100	0.100
>CGCAAATTGTCA	25-CGCAAATTGTCA	14.217341	-4.588904	0	T:2.0(0.53%),B:15.9(0.04%),P:1e-1	Tpos:269.7,Tstd:178.2,Bpos:435.3,Bstd:208.6,StrandBias:-3.3,Multiplicity:5.50
0.081	0.917	0.001	0.001
0.001	0.001	0.997	0.001
0.001	0.780	0.160	0.059
0.997	0.001	0.001	0.001
0.808	0.001	0.190	0.001
0.997	0.001	0.001	0.001
0.001	0.001	0.001	0.997
0.001	0.001	0.001	0.997
0.001	0.001	0.977	0.021
0.001	0.001	0.081	0.917
0.001	0.854	0.001	0.144
0.997	0.001	0.001	0.001
>TCTCTCAC	1-TCTCTCAC	8.150016	-25.184807	0	T:135.0(35.53%),B:8527.8(20.50%),P:1e-10	Tpos:576.6,Tstd:284.4,Bpos:541.1,Bstd:320.5,StrandBias:1.5,Multiplicity:1.24
0.001	0.001	0.001	0.997
0.001	0.772	0.049	0.178
0.053	0.001	0.001	0.945
0.028	0.870	0.101	0.001
0.001	0.001	0.016	0.982
0.037	0.890	0.072	0.001
0.803	0.001	0.195	0.001
0.001	0.879	0.001	0.119
>CTSCSTCT	2-CTSCSTCT	7.603483	-16.561471	0	T:128.0(33.68%),B:9038.1(21.73%),P:1e-7	Tpos:543.8,Tstd:284.0,Bpos:533.8,Bstd:319.6,StrandBias:0.8,Multiplicity:1.32
0.140	0.478	0.225	0.157
0.001	0.001	0.108	0.890
0.001	0.432	0.566	0.001
0.001	0.997	0.001	0.001
0.001	0.513	0.485	0.001
0.001	0.001	0.001	0.997
0.001	0.997	0.001	0.001
0.001	0.001	0.001	0.997
>TATCGATT	3-TATCGATT	9.679020	-16.491449	0	T:75.0(19.74%),B:4345.4(10.45%),P:1e-7	Tpos:600.2,Tstd:304.9,Bpos:553.4,Bstd:313.5,StrandBias:-0.4,Multiplicity:1.12
0.001	0.001	0.001	0.997
0.997	0.001	0.001	0.001
0.001	0.001	0.001	0.997
0.001	0.997	0.001	0.001
0.001	0.001	0.997	0.001
0.997	0.001	0.001	0.001
0.001	0.001	0.001	0.997
0.001	0.249	0.001	0.749
>CATCTCTC	4-CATCTCTC	7.405043	-14.687963	0	T:168.0(44.21%),B:13280.2(31.93%),P:1e-6	Tpos:565.2,Tstd:264.1,Bpos:533.0,Bstd:317.4,StrandBias:1.1,Multiplicity:1.31
0.001	0.825	0.001	0.173
0.968	0.001	0.030	0.001
0.001	0.112	0.001	0.886
0.109	0.568	0.001	0.322
0.001	0.090	0.001	0.908
0.001	0.997	0.001	0.001
0.001	0.001	0.136	0.862
0.001	0.918	0.001	0.080
>GCGWGAYT	5-GCGWGAYT	7.787477	-13.263805	0	T:47.0(12.37%),B:2445.0(5.88%),P:1e-5	Tpos:554.2,Tstd:286.3,Bpos:519.8,Bstd:309.9,StrandBias:-1.2,Multiplicity:1.09
0.001	0.001	0.997	0.001
0.278	0.720	0.001	0.001
0.262	0.001	0.736	0.001
0.545	0.022	0.001	0.432
0.001	0.240	0.758	0.001
0.997	0.001	0.001	0.001
0.001	0.567	0.001	0.431
0.226	0.001	0.001	0.772
>GGTGCGTG	6-GGTGCGTG	9.074052	-11.949831	0	T:16.0(4.21%),B:448.8(1.08%),P:1e-5	Tpos:656.5,Tstd:231.9,Bpos:513.4,Bstd:303.8,StrandBias:-0.7,Multiplicity:1.00
0.001	0.001	0.997	0.001
0.001	0.001	0.997	0.001
0.001	0.001	0.001	0.997
0.181	0.001	0.817	0.001
0.001	0.997	0.001	0.001
0.001	0.001	0.997	0.001
0.001	0.147	0.103	0.749
0.001	0.001	0.997	0.001
>TACTGGTC	7-TACTGGTC	6.311204	-10.803192	0	T:22.0(5.79%),B:854.3(2.05%),P:1e-4	Tpos:425.6,Tstd:303.4,Bpos:498.3,Bstd:306.6,StrandBias:0.8,Multiplicity:1.36
0.001	0.001	0.001	0.997
0.997	0.001	0.001	0.001
0.001	0.997	0.001	0.001
0.001	0.001	0.092	0.906
0.001	0.001	0.997	0.001
0.001	0.001	0.997	0.001
0.001	0.093	0.001	0.905
0.001	0.997	0.001	0.001
>AGGGGTTC	8-AGGGGTTC	9.434567	-10.700053	0	T:20.0(5.26%),B:734.4(1.77%),P:1e-4	Tpos:369.9,Tstd:290.6,Bpos:507.6,Bstd:303.6,StrandBias:-0.1,Multiplicity:1.05
0.803	0.001	0.001	0.195
0.001	0.001	0.997	0.001
0.001	0.001	0.997	0.001
0.001	0.001	0.997	0.001
0.001	0.001	0.997	0.001
0.001	0.001	0.001	0.997
0.001	0.001	0.001	0.997
0.001	0.997	0.001	0.001
>GGTCACAC	9-GGTCACAC	6.493667	-10.518843	0	T:100.0(26.32%),B:7411.0(17.82%),P:1e-4	Tpos:507.8,Tstd:286.7,Bpos:523.6,Bstd:312.4,StrandBias:0.3,Multiplicity:1.24
0.027	0.114	0.713	0.146
0.001	0.039	0.959	0.001
0.041	0.181	0.030	0.748
0.001	0.997	0.001	0.001
0.980	0.018	0.001	0.001
0.001	0.935	0.029	0.035
0.892	0.001	0.047	0.060
0.040	0.771	0.089	0.100
>CCCCCCCC	10-CCCCCCCC	10.665628	-5.086557	0	T:18.0(4.74%),B:1006.5(2.42%),P:1e-2	Tpos:443.3,Tstd:234.5,Bpos:528.9,Bstd:328.8,StrandBias:2.2,Multiplicity:1.06
0.001	0.893	0.046	0.060
0.001	0.960	0.038	0.001
0.001	0.997	0.001	0.001
0.001	0.997	0.001	0.001
0.044	0.954	0.001	0.001
0.001	0.997	0.001	0.001
0.001	0.920	0.078	0.001
0.001	0.877	0.072	0.050
