>AAAAGAACAAAA	23-AAAAGAACAAAA	9.804198	-18.043904	0	T:105.0(33.55%),B:7201.4(19.96%),P:1e-7
0.865	0.068	0.043	0.024
0.869	0.064	0.042	0.025
0.825	0.049	0.043	0.083
0.813	0.040	0.064	0.083
0.075	0.082	0.794	0.049
0.843	0.023	0.082	0.052
0.839	0.054	0.049	0.058
0.065	0.786	0.068	0.081
0.834	0.022	0.089	0.055
0.876	0.053	0.051	0.020
0.851	0.062	0.032	0.055
0.809	0.094	0.053	0.044
