>AATAATAATTAT	24-AATAATAATTAT,BestGuess:MF0010.1_Homeobox_class/Jaspar(0.757)	9.950884	-16.794423	0	T:49.0(15.65%),B:2440.8(6.77%),P:1e-7
0.842	0.074	0.043	0.041
0.869	0.040	0.041	0.050
0.083	0.038	0.102	0.777
0.807	0.073	0.075	0.045
0.918	0.005	0.037	0.040
0.065	0.050	0.029	0.856
0.783	0.040	0.070	0.107
0.855	0.035	0.060	0.050
0.055	0.034	0.060	0.851
0.062	0.032	0.066	0.840
0.812	0.069	0.059	0.060
0.096	0.053	0.059	0.792
