>CAATCAGTGA	1-CAATCAGTGA	8.856315	-23.343300	0	T:38.0(16.89%),B:2026.0(5.01%),P:1e-10	Tpos:475.6,Tstd:263.2,Bpos:505.2,Bstd:297.1,StrandBias:0.1,Multiplicity:1.08
0.001	0.769	0.229	0.001
0.957	0.041	0.001	0.001
0.901	0.001	0.097	0.001
0.001	0.213	0.001	0.785
0.004	0.648	0.142	0.206
0.926	0.001	0.001	0.072
0.156	0.151	0.692	0.001
0.045	0.099	0.001	0.855
0.124	0.228	0.647	0.001
0.720	0.161	0.001	0.118
>TAGATGAATC	2-TAGATGAATC	7.321709	-22.210681	0	T:63.0(28.00%),B:4959.5(12.27%),P:1e-9	Tpos:481.8,Tstd:302.8,Bpos:511.0,Bstd:302.3,StrandBias:-0.4,Multiplicity:1.14
0.035	0.072	0.050	0.843
0.881	0.059	0.024	0.036
0.041	0.040	0.845	0.074
0.866	0.045	0.031	0.058
0.079	0.125	0.094	0.702
0.036	0.141	0.784	0.039
0.775	0.095	0.025	0.105
0.724	0.105	0.113	0.058
0.040	0.047	0.080	0.833
0.092	0.755	0.072	0.081
>ATTGCCGAGC	3-ATTGCCGAGC	8.019381	-22.110929	0	T:20.0(8.89%),B:587.6(1.45%),P:1e-9	Tpos:401.5,Tstd:295.2,Bpos:490.8,Bstd:302.4,StrandBias:0.0,Multiplicity:1.00
0.609	0.027	0.065	0.299
0.168	0.063	0.180	0.589
0.040	0.274	0.054	0.632
0.092	0.037	0.843	0.028
0.032	0.740	0.038	0.190
0.018	0.672	0.053	0.257
0.302	0.028	0.617	0.053
0.550	0.195	0.234	0.021
0.050	0.031	0.680	0.239
0.012	0.550	0.205	0.233
>WCCCGWARYM	4-WCCCGWARYM	7.465239	-21.784475	0	T:19.0(8.44%),B:533.3(1.32%),P:1e-9	Tpos:491.5,Tstd:264.0,Bpos:488.3,Bstd:295.4,StrandBias:0.2,Multiplicity:1.00
0.356	0.013	0.197	0.434
0.067	0.448	0.242	0.242
0.024	0.651	0.309	0.016
0.016	0.739	0.008	0.237
0.001	0.318	0.662	0.019
0.519	0.073	0.014	0.394
0.935	0.063	0.001	0.001
0.317	0.033	0.451	0.199
0.017	0.487	0.001	0.495
0.359	0.441	0.001	0.200
>TCTCGTCAGA	5-TCTCGTCAGA	10.172123	-19.977118	0	T:17.0(7.56%),B:465.0(1.15%),P:1e-8	Tpos:558.1,Tstd:211.7,Bpos:535.2,Bstd:302.9,StrandBias:-0.2,Multiplicity:1.00
0.001	0.107	0.001	0.891
0.001	0.948	0.001	0.050
0.001	0.001	0.001	0.997
0.080	0.845	0.074	0.001
0.001	0.001	0.896	0.102
0.071	0.001	0.001	0.927
0.001	0.883	0.050	0.066
0.883	0.115	0.001	0.001
0.001	0.001	0.846	0.152
0.934	0.001	0.001	0.064
>RGTTGAGCTW	6-RGTTGAGCTW	7.533381	-19.532517	0	T:24.0(10.67%),B:997.6(2.47%),P:1e-8	Tpos:537.0,Tstd:318.8,Bpos:498.1,Bstd:295.3,StrandBias:0.0,Multiplicity:1.08
0.468	0.156	0.366	0.011
0.188	0.285	0.517	0.010
0.174	0.332	0.006	0.487
0.006	0.232	0.005	0.757
0.005	0.120	0.627	0.248
0.617	0.001	0.371	0.011
0.289	0.001	0.562	0.148
0.016	0.668	0.307	0.009
0.140	0.015	0.261	0.584
0.442	0.004	0.005	0.549
>CGTCCTGTTC	7-CGTCCTGTTC	10.167105	-19.199350	0	T:15.0(6.67%),B:367.6(0.91%),P:1e-8	Tpos:603.3,Tstd:295.3,Bpos:520.6,Bstd:283.3,StrandBias:1.5,Multiplicity:1.00
0.068	0.930	0.001	0.001
0.001	0.078	0.792	0.129
0.105	0.001	0.001	0.893
0.001	0.997	0.001	0.001
0.068	0.873	0.001	0.058
0.001	0.001	0.001	0.997
0.001	0.039	0.959	0.001
0.001	0.119	0.001	0.879
0.001	0.001	0.001	0.997
0.001	0.779	0.001	0.219
>GTGGTTGTCT	8-GTGGTTGTCT	8.541409	-18.579696	0	T:20.0(8.89%),B:727.1(1.80%),P:1e-8	Tpos:425.2,Tstd:268.4,Bpos:516.5,Bstd:310.7,StrandBias:-0.9,Multiplicity:1.00
0.049	0.196	0.680	0.075
0.306	0.001	0.001	0.692
0.014	0.058	0.664	0.264
0.164	0.018	0.817	0.001
0.078	0.024	0.028	0.870
0.041	0.020	0.012	0.927
0.011	0.031	0.904	0.054
0.104	0.185	0.198	0.513
0.175	0.461	0.207	0.157
0.204	0.225	0.012	0.559
>GAGAACTVCH	9-GAGAACTVCH	7.866096	-18.535239	0	T:20.0(8.89%),B:729.7(1.81%),P:1e-8	Tpos:454.2,Tstd:316.6,Bpos:475.3,Bstd:299.3,StrandBias:-0.6,Multiplicity:1.00
0.016	0.022	0.961	0.001
0.614	0.001	0.026	0.359
0.022	0.040	0.649	0.289
0.456	0.252	0.283	0.009
0.654	0.001	0.012	0.333
0.024	0.614	0.007	0.355
0.376	0.016	0.001	0.607
0.277	0.291	0.416	0.016
0.035	0.663	0.023	0.279
0.416	0.273	0.001	0.310
>ACGAAAATCT	10-ACGAAAATCT	7.844103	-18.468065	0	T:57.0(25.33%),B:4674.8(11.57%),P:1e-8	Tpos:505.0,Tstd:270.1,Bpos:509.0,Bstd:298.8,StrandBias:0.0,Multiplicity:1.16
0.678	0.023	0.028	0.271
0.151	0.478	0.212	0.159
0.072	0.118	0.499	0.311
0.936	0.001	0.028	0.035
0.664	0.280	0.035	0.021
0.554	0.217	0.011	0.218
0.842	0.024	0.003	0.131
0.019	0.307	0.017	0.657
0.087	0.679	0.017	0.217
0.197	0.124	0.118	0.561
>ACTTATATCT	11-ACTTATATCT	9.296804	-16.985291	0	T:19.0(8.44%),B:724.6(1.79%),P:1e-7	Tpos:549.9,Tstd:276.4,Bpos:510.1,Bstd:286.1,StrandBias:0.7,Multiplicity:1.11
0.913	0.001	0.001	0.085
0.022	0.976	0.001	0.001
0.001	0.153	0.158	0.688
0.001	0.082	0.001	0.916
0.834	0.112	0.053	0.001
0.001	0.001	0.001	0.997
0.874	0.124	0.001	0.001
0.001	0.001	0.001	0.997
0.001	0.894	0.104	0.001
0.092	0.001	0.001	0.906
>CGACATAAAC	12-CGACATAAAC	10.747181	-16.431065	0	T:13.0(5.78%),B:329.2(0.81%),P:1e-7	Tpos:505.4,Tstd:321.3,Bpos:550.8,Bstd:290.7,StrandBias:-2.5,Multiplicity:1.00
0.099	0.806	0.001	0.094
0.001	0.001	0.997	0.001
0.597	0.001	0.001	0.401
0.001	0.997	0.001	0.001
0.997	0.001	0.001	0.001
0.001	0.001	0.001	0.997
0.997	0.001	0.001	0.001
0.997	0.001	0.001	0.001
0.997	0.001	0.001	0.001
0.001	0.807	0.191	0.001
>GAGATTAGCC	13-GAGATTAGCC	9.943321	-16.192856	0	T:15.0(6.67%),B:465.3(1.15%),P:1e-7	Tpos:378.5,Tstd:256.5,Bpos:519.8,Bstd:296.9,StrandBias:0.2,Multiplicity:1.13
0.001	0.080	0.918	0.001
0.997	0.001	0.001	0.001
0.051	0.001	0.947	0.001
0.935	0.001	0.001	0.063
0.001	0.001	0.001	0.997
0.001	0.090	0.060	0.849
0.792	0.070	0.077	0.061
0.001	0.001	0.922	0.076
0.001	0.997	0.001	0.001
0.175	0.738	0.001	0.086
>GGAAACGCGT	14-GGAAACGCGT	7.219192	-15.965784	0	T:44.0(19.56%),B:3377.5(8.36%),P:1e-6	Tpos:547.9,Tstd:273.4,Bpos:523.1,Bstd:299.7,StrandBias:-0.3,Multiplicity:1.05
0.075	0.097	0.752	0.076
0.094	0.033	0.807	0.066
0.905	0.020	0.039	0.036
0.770	0.048	0.104	0.078
0.717	0.090	0.071	0.122
0.057	0.858	0.014	0.071
0.064	0.112	0.738	0.086
0.058	0.879	0.055	0.008
0.061	0.001	0.840	0.098
0.092	0.111	0.053	0.744
>TTCGTACTCC	15-TTCGTACTCC	7.102379	-15.135694	0	T:33.0(14.67%),B:2197.0(5.44%),P:1e-6	Tpos:562.9,Tstd:311.7,Bpos:518.2,Bstd:300.3,StrandBias:0.4,Multiplicity:1.18
0.134	0.097	0.097	0.672
0.109	0.070	0.071	0.750
0.142	0.564	0.098	0.196
0.124	0.104	0.666	0.106
0.108	0.162	0.158	0.572
0.661	0.146	0.092	0.101
0.195	0.615	0.115	0.075
0.001	0.001	0.077	0.921
0.090	0.598	0.158	0.154
0.173	0.577	0.079	0.171
>GATTTTGTGC	16-GATTTTGTGC	9.850258	-14.412043	0	T:34.0(15.11%),B:2382.3(5.90%),P:1e-6	Tpos:414.1,Tstd:283.6,Bpos:518.6,Bstd:302.4,StrandBias:0.8,Multiplicity:1.15
0.001	0.062	0.936	0.001
0.997	0.001	0.001	0.001
0.001	0.001	0.001	0.997
0.001	0.001	0.001	0.997
0.001	0.001	0.209	0.789
0.001	0.001	0.001	0.997
0.001	0.173	0.678	0.148
0.162	0.001	0.131	0.706
0.001	0.001	0.997	0.001
0.001	0.887	0.111	0.001
>CATTCTACTT	17-CATTCTACTT	11.623563	-13.716293	0	T:11.0(4.89%),B:290.3(0.72%),P:1e-5	Tpos:532.6,Tstd:218.4,Bpos:528.9,Bstd:292.7,StrandBias:2.2,Multiplicity:1.00
0.001	0.997	0.001	0.001
0.866	0.001	0.001	0.132
0.001	0.001	0.001	0.997
0.001	0.001	0.126	0.872
0.001	0.997	0.001	0.001
0.001	0.001	0.001	0.997
0.997	0.001	0.001	0.001
0.001	0.997	0.001	0.001
0.001	0.001	0.001	0.997
0.001	0.001	0.001	0.997
>GGGAATTCTG	18-GGGAATTCTG	10.492987	-13.578688	0	T:13.0(5.78%),B:427.2(1.06%),P:1e-5	Tpos:544.1,Tstd:258.6,Bpos:487.8,Bstd:297.8,StrandBias:-0.4,Multiplicity:1.08
0.001	0.001	0.888	0.110
0.001	0.166	0.832	0.001
0.001	0.001	0.997	0.001
0.572	0.200	0.001	0.227
0.997	0.001	0.001	0.001
0.153	0.001	0.040	0.806
0.001	0.001	0.041	0.957
0.001	0.997	0.001	0.001
0.001	0.001	0.001	0.997
0.136	0.001	0.862	0.001
>ATCTTGCCAA	19-ATCTTGCCAA	9.617799	-13.494180	0	T:21.0(9.33%),B:1101.5(2.73%),P:1e-5	Tpos:497.5,Tstd:266.3,Bpos:503.7,Bstd:301.7,StrandBias:0.8,Multiplicity:1.05
0.962	0.024	0.001	0.013
0.001	0.051	0.001	0.947
0.001	0.913	0.055	0.031
0.031	0.001	0.001	0.967
0.001	0.001	0.074	0.924
0.038	0.032	0.831	0.099
0.025	0.915	0.036	0.024
0.015	0.937	0.001	0.047
0.825	0.062	0.052	0.061
0.834	0.058	0.062	0.046
>CTGGGGCTCA	20-CTGGGGCTCA	10.375339	-12.505663	0	T:8.0(3.56%),B:154.2(0.38%),P:1e-5	Tpos:468.1,Tstd:270.4,Bpos:502.5,Bstd:306.8,StrandBias:-2.0,Multiplicity:1.25
0.001	0.997	0.001	0.001
0.001	0.001	0.101	0.897
0.001	0.001	0.923	0.075
0.080	0.090	0.829	0.001
0.046	0.001	0.952	0.001
0.118	0.001	0.880	0.001
0.001	0.894	0.104	0.001
0.001	0.001	0.114	0.884
0.001	0.997	0.001	0.001
0.833	0.059	0.001	0.107
>GGTGGCCGAG	21-GGTGGCCGAG	9.504249	-12.357725	0	T:15.0(6.67%),B:638.2(1.58%),P:1e-5	Tpos:518.6,Tstd:306.6,Bpos:514.1,Bstd:301.5,StrandBias:1.4,Multiplicity:1.73
0.001	0.029	0.969	0.001
0.001	0.001	0.997	0.001
0.001	0.064	0.001	0.934
0.248	0.001	0.750	0.001
0.063	0.001	0.935	0.001
0.001	0.931	0.001	0.067
0.056	0.847	0.035	0.062
0.001	0.001	0.997	0.001
0.997	0.001	0.001	0.001
0.136	0.001	0.862	0.001
>ATTTACGGGA	22-ATTTACGGGA	9.638592	-7.850454	0	T:14.0(6.22%),B:856.7(2.12%),P:1e-3	Tpos:548.0,Tstd:270.2,Bpos:527.1,Bstd:288.9,StrandBias:-0.5,Multiplicity:1.57
0.909	0.001	0.060	0.030
0.044	0.076	0.071	0.809
0.001	0.001	0.001	0.997
0.052	0.001	0.054	0.893
0.949	0.001	0.049	0.001
0.038	0.914	0.047	0.001
0.026	0.047	0.851	0.076
0.001	0.001	0.966	0.032
0.001	0.048	0.922	0.029
0.871	0.034	0.048	0.047
>AGGTWCTGTA	23-AGGTWCTGTA	10.329923	-7.679230	0	T:17.0(7.56%),B:1195.2(2.96%),P:1e-3	Tpos:455.3,Tstd:234.1,Bpos:498.1,Bstd:307.2,StrandBias:0.5,Multiplicity:1.59
0.743	0.001	0.255	0.001
0.001	0.001	0.997	0.001
0.304	0.232	0.463	0.001
0.001	0.001	0.001	0.997
0.569	0.001	0.001	0.429
0.001	0.997	0.001	0.001
0.011	0.219	0.307	0.463
0.001	0.001	0.997	0.001
0.001	0.001	0.001	0.997
0.997	0.001	0.001	0.001
>CATTATGCCG	24-CATTATGCCG	10.129142	-7.328311	0	T:5.0(2.22%),B:119.9(0.30%),P:1e-3	Tpos:634.6,Tstd:144.3,Bpos:484.7,Bstd:285.1,StrandBias:-0.7,Multiplicity:2.00
0.001	0.997	0.001	0.001
0.784	0.001	0.214	0.001
0.001	0.001	0.001	0.997
0.327	0.001	0.076	0.596
0.936	0.062	0.001	0.001
0.001	0.001	0.001	0.997
0.001	0.001	0.997	0.001
0.037	0.961	0.001	0.001
0.001	0.907	0.091	0.001
0.040	0.001	0.958	0.001
>GGCCTGGTCC	25-GGCCTGGTCC	10.869254	-5.660724	0	T:2.0(0.89%),B:14.6(0.04%),P:1e-2	Tpos:490.7,Tstd:320.0,Bpos:394.1,Bstd:294.6,StrandBias:1.0,Multiplicity:1.50
0.001	0.001	0.997	0.001
0.001	0.103	0.841	0.055
0.001	0.886	0.001	0.112
0.119	0.879	0.001	0.001
0.001	0.001	0.001	0.997
0.141	0.001	0.791	0.067
0.076	0.001	0.816	0.107
0.001	0.112	0.001	0.886
0.001	0.997	0.001	0.001
0.001	0.997	0.001	0.001
