>CTTTARTACA	1-CTTTARTACA	9.812696	-24.941919	0	T:20.0(16.39%),B:914.3(2.36%),P:1e-10	Tpos:488.5,Tstd:338.6,Bpos:528.5,Bstd:310.2,StrandBias:0.0,Multiplicity:1.00
0.001	0.997	0.001	0.001
0.059	0.001	0.001	0.939
0.001	0.001	0.001	0.997
0.189	0.001	0.244	0.566
0.459	0.001	0.298	0.242
0.401	0.001	0.530	0.068
0.061	0.001	0.014	0.924
0.843	0.053	0.001	0.103
0.001	0.997	0.001	0.001
0.805	0.140	0.054	0.001
>TATTCTGATC	2-TATTCTGATC	7.897401	-20.452552	0	T:25.0(20.49%),B:1899.8(4.91%),P:1e-8	Tpos:525.7,Tstd:296.5,Bpos:495.8,Bstd:298.8,StrandBias:0.3,Multiplicity:1.08
0.157	0.200	0.029	0.614
0.599	0.040	0.061	0.300
0.049	0.036	0.266	0.649
0.350	0.066	0.024	0.560
0.038	0.578	0.139	0.245
0.267	0.025	0.034	0.674
0.057	0.040	0.738	0.165
0.550	0.238	0.168	0.044
0.197	0.022	0.031	0.750
0.039	0.673	0.229	0.059
>TTTTGCGTTG	3-TTTTGCGTTG	9.947645	-19.404747	0	T:28.0(22.95%),B:2495.4(6.45%),P:1e-8	Tpos:493.6,Tstd:297.8,Bpos:517.0,Bstd:321.2,StrandBias:0.3,Multiplicity:1.11
0.001	0.001	0.001	0.997
0.001	0.001	0.001	0.997
0.001	0.001	0.001	0.997
0.075	0.001	0.065	0.859
0.053	0.124	0.634	0.189
0.001	0.937	0.001	0.061
0.051	0.001	0.947	0.001
0.001	0.001	0.001	0.997
0.065	0.001	0.047	0.887
0.001	0.047	0.874	0.078
>AAATGGCGTA	4-AAATGGCGTA	9.534772	-19.379022	0	T:19.0(15.57%),B:1134.6(2.93%),P:1e-8	Tpos:474.6,Tstd:279.5,Bpos:508.0,Bstd:320.4,StrandBias:1.2,Multiplicity:1.05
0.902	0.096	0.001	0.001
0.900	0.098	0.001	0.001
0.823	0.099	0.077	0.001
0.001	0.091	0.001	0.907
0.059	0.001	0.907	0.033
0.038	0.055	0.858	0.049
0.001	0.905	0.054	0.040
0.001	0.038	0.960	0.001
0.001	0.001	0.034	0.964
0.947	0.001	0.051	0.001
>GTTTTGAGWC	5-GTTTTGAGWC	8.701163	-16.960659	0	T:30.0(24.59%),B:3170.4(8.20%),P:1e-7	Tpos:506.5,Tstd:275.4,Bpos:503.3,Bstd:314.5,StrandBias:-0.5,Multiplicity:1.07
0.020	0.033	0.599	0.348
0.038	0.001	0.050	0.911
0.047	0.001	0.040	0.912
0.025	0.081	0.001	0.893
0.004	0.092	0.103	0.801
0.243	0.001	0.737	0.019
0.638	0.001	0.359	0.002
0.019	0.101	0.759	0.121
0.452	0.029	0.043	0.476
0.048	0.869	0.041	0.042
>ACACCACAGA	6-ACACCACAGA	7.514779	-16.524505	0	T:15.0(12.30%),B:823.7(2.13%),P:1e-7	Tpos:457.1,Tstd:337.0,Bpos:496.2,Bstd:302.3,StrandBias:-0.4,Multiplicity:1.07
0.531	0.110	0.028	0.331
0.182	0.593	0.136	0.089
0.732	0.002	0.001	0.265
0.210	0.537	0.111	0.142
0.183	0.463	0.101	0.253
0.615	0.162	0.038	0.185
0.157	0.589	0.099	0.155
0.678	0.056	0.001	0.265
0.278	0.230	0.461	0.031
0.745	0.179	0.062	0.014
>TGGTAGTTCA	7-TGGTAGTTCA	10.134669	-16.136427	0	T:13.0(10.66%),B:613.2(1.59%),P:1e-7	Tpos:520.9,Tstd:332.7,Bpos:496.7,Bstd:278.7,StrandBias:0.0,Multiplicity:1.08
0.001	0.073	0.001	0.925
0.075	0.077	0.847	0.001
0.055	0.067	0.834	0.044
0.032	0.001	0.068	0.899
0.922	0.001	0.076	0.001
0.001	0.080	0.883	0.036
0.001	0.001	0.001	0.997
0.001	0.001	0.001	0.997
0.074	0.868	0.001	0.057
0.887	0.001	0.111	0.001
>TCACTCAACA	8-TCACTCAACA	9.980878	-16.132385	0	T:17.0(13.93%),B:1111.8(2.88%),P:1e-7	Tpos:577.2,Tstd:283.2,Bpos:513.7,Bstd:298.9,StrandBias:0.5,Multiplicity:1.12
0.001	0.078	0.001	0.920
0.059	0.939	0.001	0.001
0.946	0.001	0.001	0.052
0.035	0.963	0.001	0.001
0.001	0.001	0.001	0.997
0.051	0.834	0.048	0.067
0.946	0.001	0.001	0.052
0.942	0.001	0.001	0.056
0.243	0.620	0.077	0.060
0.941	0.001	0.001	0.057
>GGGAATTCAC	9-GGGAATTCAC	9.875737	-15.518763	0	T:14.0(11.48%),B:767.0(1.98%),P:1e-6	Tpos:519.5,Tstd:257.9,Bpos:501.2,Bstd:289.0,StrandBias:-0.2,Multiplicity:1.07
0.001	0.001	0.997	0.001
0.001	0.086	0.912	0.001
0.044	0.081	0.874	0.001
0.894	0.001	0.001	0.104
0.789	0.134	0.001	0.076
0.075	0.001	0.001	0.923
0.001	0.001	0.001	0.997
0.111	0.887	0.001	0.001
0.930	0.001	0.001	0.068
0.072	0.866	0.001	0.061
>GTCTGACGTT	10-GTCTGACGTT	10.641268	-15.495794	0	T:7.0(5.74%),B:122.7(0.32%),P:1e-6	Tpos:296.6,Tstd:267.3,Bpos:505.1,Bstd:298.0,StrandBias:-0.4,Multiplicity:1.00
0.001	0.001	0.944	0.054
0.001	0.128	0.001	0.870
0.001	0.851	0.088	0.060
0.107	0.001	0.001	0.891
0.001	0.001	0.997	0.001
0.870	0.001	0.128	0.001
0.064	0.867	0.001	0.068
0.001	0.078	0.920	0.001
0.001	0.001	0.100	0.898
0.001	0.001	0.001	0.997
>CATCGATRAT	11-CATCGATRAT	10.127562	-15.457394	0	T:19.0(15.57%),B:1460.0(3.78%),P:1e-6	Tpos:618.5,Tstd:254.3,Bpos:519.6,Bstd:325.6,StrandBias:-0.9,Multiplicity:1.37
0.250	0.748	0.001	0.001
0.997	0.001	0.001	0.001
0.142	0.001	0.001	0.856
0.001	0.997	0.001	0.001
0.001	0.001	0.997	0.001
0.997	0.001	0.001	0.001
0.007	0.263	0.193	0.537
0.426	0.001	0.417	0.157
0.997	0.001	0.001	0.001
0.001	0.001	0.001	0.997
>GACTAATGGG	12-GACTAATGGG	11.624553	-13.874220	0	T:4.0(3.28%),B:20.1(0.05%),P:1e-6	Tpos:750.8,Tstd:178.5,Bpos:483.6,Bstd:275.1,StrandBias:1.6,Multiplicity:1.00
0.080	0.072	0.737	0.111
0.769	0.081	0.118	0.032
0.025	0.719	0.170	0.086
0.024	0.091	0.085	0.800
0.882	0.035	0.082	0.001
0.763	0.062	0.058	0.117
0.104	0.082	0.001	0.813
0.036	0.150	0.813	0.001
0.057	0.058	0.789	0.096
0.001	0.001	0.932	0.066
>TCTAAAGATA	13-TCTAAAGATA	7.352753	-13.862504	0	T:43.0(35.25%),B:6565.7(16.98%),P:1e-6	Tpos:475.5,Tstd:275.3,Bpos:505.0,Bstd:300.7,StrandBias:0.4,Multiplicity:1.28
0.057	0.053	0.059	0.831
0.081	0.837	0.029	0.053
0.053	0.079	0.061	0.807
0.867	0.047	0.064	0.022
0.733	0.056	0.105	0.106
0.766	0.110	0.056	0.068
0.094	0.085	0.698	0.123
0.862	0.044	0.032	0.062
0.071	0.094	0.061	0.774
0.834	0.066	0.045	0.055
>TGACCTTTCT	14-TGACCTTTCT	10.968210	-12.946265	0	T:15.0(12.30%),B:1099.8(2.84%),P:1e-5	Tpos:504.4,Tstd:255.6,Bpos:513.8,Bstd:307.1,StrandBias:0.0,Multiplicity:1.07
0.001	0.001	0.001	0.997
0.001	0.001	0.997	0.001
0.997	0.001	0.001	0.001
0.121	0.623	0.001	0.255
0.001	0.713	0.001	0.285
0.155	0.001	0.001	0.843
0.001	0.001	0.001	0.997
0.001	0.001	0.001	0.997
0.001	0.818	0.001	0.180
0.001	0.001	0.001	0.997
>AGGACAACCA	15-AGGACAACCA	10.178921	-9.891714	0	T:10.0(8.20%),B:655.7(1.70%),P:1e-4	Tpos:543.6,Tstd:251.7,Bpos:507.9,Bstd:409.1,StrandBias:1.3,Multiplicity:1.40
0.997	0.001	0.001	0.001
0.086	0.001	0.912	0.001
0.074	0.001	0.924	0.001
0.886	0.001	0.112	0.001
0.213	0.693	0.093	0.001
0.819	0.179	0.001	0.001
0.997	0.001	0.001	0.001
0.001	0.997	0.001	0.001
0.060	0.840	0.001	0.099
0.997	0.001	0.001	0.001
>CCAGACCATT	16-CCAGACCATT	10.296193	-7.655127	0	T:3.0(2.46%),B:45.5(0.12%),P:1e-3	Tpos:261.0,Tstd:182.8,Bpos:490.4,Bstd:309.0,StrandBias:2.0,Multiplicity:1.67
0.100	0.700	0.100	0.100
0.100	0.700	0.100	0.100
0.700	0.100	0.100	0.100
0.100	0.100	0.700	0.100
0.700	0.100	0.100	0.100
0.100	0.700	0.100	0.100
0.100	0.700	0.100	0.100
0.700	0.100	0.100	0.100
0.100	0.100	0.100	0.700
0.100	0.100	0.100	0.700
>CATTATGCCG	17-CATTATGCCG	9.347557	-5.387136	0	T:5.0(4.10%),B:336.4(0.87%),P:1e-2	Tpos:605.6,Tstd:230.3,Bpos:487.5,Bstd:301.1,StrandBias:-0.8,Multiplicity:2.20
0.001	0.997	0.001	0.001
0.725	0.001	0.273	0.001
0.001	0.001	0.001	0.997
0.284	0.001	0.001	0.714
0.997	0.001	0.001	0.001
0.001	0.001	0.001	0.997
0.001	0.001	0.997	0.001
0.064	0.934	0.001	0.001
0.083	0.915	0.001	0.001
0.077	0.001	0.921	0.001
>TGGGTCGGGG	18-TGGGTCGGGG	10.769131	-4.236259	0	T:2.0(1.64%),B:56.2(0.15%),P:1e-1	Tpos:426.7,Tstd:112.6,Bpos:542.4,Bstd:310.9,StrandBias:0.3,Multiplicity:4.50
0.001	0.126	0.126	0.747
0.001	0.001	0.997	0.001
0.001	0.001	0.997	0.001
0.001	0.001	0.997	0.001
0.001	0.147	0.001	0.851
0.001	0.997	0.001	0.001
0.001	0.001	0.997	0.001
0.109	0.001	0.889	0.001
0.001	0.001	0.889	0.109
0.126	0.126	0.747	0.001
>AAATAGATTG	19-AAATAGATTG	10.296193	-3.272265	0	T:3.0(2.46%),B:231.5(0.60%),P:1e-1	Tpos:350.8,Tstd:214.1,Bpos:452.4,Bstd:269.1,StrandBias:5.2,Multiplicity:12.33
0.700	0.100	0.100	0.100
0.700	0.100	0.100	0.100
0.700	0.100	0.100	0.100
0.100	0.100	0.100	0.700
0.700	0.100	0.100	0.100
0.100	0.100	0.700	0.100
0.700	0.100	0.100	0.100
0.100	0.100	0.100	0.700
0.100	0.100	0.100	0.700
0.100	0.100	0.700	0.100
>GATTTTATCTTT	1-GATTTTATCTTT	12.043758	-23.677924	0	T:9.0(7.38%),B:96.4(0.25%),P:1e-10	Tpos:573.8,Tstd:347.0,Bpos:572.7,Bstd:339.6,StrandBias:-0.3,Multiplicity:1.00
0.120	0.074	0.725	0.081
0.890	0.029	0.022	0.059
0.088	0.132	0.034	0.746
0.065	0.302	0.046	0.587
0.387	0.026	0.019	0.568
0.001	0.091	0.095	0.813
0.867	0.020	0.019	0.094
0.075	0.063	0.045	0.817
0.123	0.645	0.100	0.132
0.338	0.035	0.035	0.592
0.017	0.127	0.019	0.837
0.001	0.116	0.001	0.882
>TTTTTCGTTGTT	2-TTTTTCGTTGTT	10.931825	-23.112423	0	T:24.0(19.67%),B:1527.1(3.95%),P:1e-10	Tpos:563.9,Tstd:276.1,Bpos:522.5,Bstd:315.8,StrandBias:1.0,Multiplicity:1.00
0.339	0.151	0.001	0.509
0.001	0.001	0.001	0.997
0.166	0.087	0.065	0.682
0.001	0.001	0.001	0.997
0.001	0.177	0.158	0.664
0.063	0.918	0.001	0.018
0.053	0.004	0.917	0.026
0.001	0.001	0.196	0.802
0.045	0.001	0.001	0.953
0.043	0.001	0.955	0.001
0.209	0.173	0.001	0.617
0.001	0.001	0.001	0.997
>AGTTGTCTGGGG	3-AGTTGTCTGGGG	14.134393	-21.312325	0	T:5.0(4.10%),B:9.4(0.02%),P:1e-9	Tpos:463.0,Tstd:290.5,Bpos:394.8,Bstd:236.1,StrandBias:2.0,Multiplicity:1.00
0.804	0.001	0.001	0.194
0.001	0.167	0.831	0.001
0.001	0.001	0.001	0.997
0.001	0.001	0.001	0.997
0.194	0.001	0.804	0.001
0.001	0.001	0.001	0.997
0.001	0.997	0.001	0.001
0.001	0.001	0.001	0.997
0.001	0.001	0.778	0.220
0.001	0.001	0.997	0.001
0.001	0.001	0.997	0.001
0.001	0.001	0.997	0.001
>TGCACATTTGAT	4-TGCACATTTGAT	13.767316	-20.778737	0	T:9.0(7.38%),B:136.2(0.35%),P:1e-9	Tpos:598.1,Tstd:196.3,Bpos:496.5,Bstd:309.1,StrandBias:-1.0,Multiplicity:1.00
0.001	0.001	0.001	0.997
0.001	0.001	0.997	0.001
0.146	0.665	0.001	0.188
0.997	0.001	0.001	0.001
0.128	0.870	0.001	0.001
0.997	0.001	0.001	0.001
0.001	0.001	0.001	0.997
0.001	0.001	0.001	0.997
0.001	0.001	0.001	0.997
0.001	0.001	0.997	0.001
0.807	0.191	0.001	0.001
0.151	0.001	0.001	0.847
>GTATGTCATTGA	5-GTATGTCATTGA	13.726356	-20.469594	0	T:6.0(4.92%),B:29.9(0.08%),P:1e-8	Tpos:630.8,Tstd:306.0,Bpos:515.9,Bstd:341.4,StrandBias:1.0,Multiplicity:1.00
0.001	0.168	0.830	0.001
0.001	0.001	0.001	0.997
0.730	0.001	0.158	0.111
0.001	0.001	0.001	0.997
0.001	0.001	0.997	0.001
0.001	0.001	0.001	0.997
0.001	0.997	0.001	0.001
0.997	0.001	0.001	0.001
0.001	0.001	0.001	0.997
0.183	0.001	0.208	0.608
0.001	0.001	0.997	0.001
0.997	0.001	0.001	0.001
>CTCTAAAAGTAG	6-CTCTAAAAGTAG	12.946116	-20.151788	0	T:8.0(6.56%),B:98.8(0.26%),P:1e-8	Tpos:413.9,Tstd:335.8,Bpos:475.8,Bstd:300.8,StrandBias:0.0,Multiplicity:1.00
0.001	0.997	0.001	0.001
0.001	0.001	0.001	0.997
0.001	0.997	0.001	0.001
0.001	0.001	0.001	0.997
0.997	0.001	0.001	0.001
0.997	0.001	0.001	0.001
0.997	0.001	0.001	0.001
0.997	0.001	0.001	0.001
0.129	0.001	0.743	0.127
0.237	0.001	0.001	0.761
0.812	0.001	0.001	0.186
0.179	0.001	0.819	0.001
>CAAAYGTCTATT	7-CAAAYGTCTATT	9.804898	-19.817823	0	T:28.0(22.95%),B:2448.1(6.33%),P:1e-8	Tpos:629.3,Tstd:256.5,Bpos:504.6,Bstd:311.5,StrandBias:0.9,Multiplicity:1.15
0.001	0.577	0.026	0.396
0.997	0.001	0.001	0.001
0.625	0.179	0.037	0.159
0.624	0.050	0.001	0.325
0.060	0.466	0.001	0.473
0.110	0.258	0.426	0.205
0.027	0.001	0.043	0.929
0.031	0.610	0.199	0.160
0.021	0.191	0.017	0.771
0.589	0.023	0.152	0.236
0.056	0.043	0.001	0.900
0.050	0.001	0.050	0.899
>TTGGCTCAAAAA	8-TTGGCTCAAAAA	10.893186	-19.214829	0	T:28.0(22.95%),B:2517.4(6.51%),P:1e-8	Tpos:356.4,Tstd:261.4,Bpos:502.9,Bstd:327.7,StrandBias:0.1,Multiplicity:1.25
0.111	0.001	0.001	0.887
0.001	0.001	0.001	0.997
0.102	0.002	0.895	0.001
0.056	0.069	0.583	0.292
0.001	0.620	0.378	0.001
0.141	0.001	0.076	0.782
0.070	0.512	0.229	0.189
0.564	0.095	0.340	0.001
0.997	0.001	0.001	0.001
0.997	0.001	0.001	0.001
0.997	0.001	0.001	0.001
0.895	0.001	0.001	0.103
>TTCTTGTTTTGG	9-TTCTTGTTTTGG	13.436946	-18.930260	0	T:10.0(8.20%),B:234.3(0.61%),P:1e-8	Tpos:547.4,Tstd:171.7,Bpos:507.9,Bstd:300.7,StrandBias:0.6,Multiplicity:1.00
0.001	0.001	0.001	0.997
0.001	0.001	0.001	0.997
0.001	0.768	0.145	0.086
0.001	0.001	0.001	0.997
0.156	0.001	0.001	0.842
0.149	0.001	0.773	0.077
0.001	0.001	0.001	0.997
0.001	0.001	0.001	0.997
0.001	0.001	0.001	0.997
0.001	0.001	0.001	0.997
0.001	0.001	0.997	0.001
0.251	0.001	0.747	0.001
>TTTAAACCTTTA	10-TTTAAACCTTTA	13.071263	-18.020146	0	T:12.0(9.84%),B:424.2(1.10%),P:1e-7	Tpos:409.5,Tstd:292.7,Bpos:521.7,Bstd:302.6,StrandBias:-0.7,Multiplicity:1.08
0.001	0.001	0.001	0.997
0.001	0.001	0.216	0.782
0.253	0.001	0.001	0.745
0.885	0.001	0.001	0.113
0.997	0.001	0.001	0.001
0.997	0.001	0.001	0.001
0.001	0.997	0.001	0.001
0.001	0.790	0.001	0.208
0.001	0.001	0.001	0.997
0.001	0.001	0.001	0.997
0.001	0.001	0.001	0.997
0.927	0.001	0.001	0.071
>TGGGAATTCACT	11-TGGGAATTCACT	13.703820	-17.984062	0	T:6.0(4.92%),B:46.1(0.12%),P:1e-7	Tpos:305.8,Tstd:139.7,Bpos:466.4,Bstd:314.0,StrandBias:2.3,Multiplicity:1.00
0.001	0.001	0.001	0.997
0.001	0.001	0.997	0.001
0.001	0.172	0.826	0.001
0.001	0.001	0.997	0.001
0.997	0.001	0.001	0.001
0.771	0.227	0.001	0.001
0.001	0.001	0.001	0.997
0.001	0.001	0.001	0.997
0.150	0.848	0.001	0.001
0.882	0.001	0.001	0.116
0.001	0.869	0.001	0.129
0.001	0.001	0.001	0.997
>TGCCACCCTAGG	12-TGCCACCCTAGG	9.341285	-15.904462	0	T:4.0(3.28%),B:11.5(0.03%),P:1e-6	Tpos:373.4,Tstd:184.7,Bpos:520.0,Bstd:246.4,StrandBias:-0.6,Multiplicity:1.00
0.001	0.001	0.001	0.997
0.001	0.001	0.997	0.001
0.001	0.997	0.001	0.001
0.001	0.997	0.001	0.001
0.997	0.001	0.001	0.001
0.163	0.835	0.001	0.001
0.001	0.997	0.001	0.001
0.001	0.997	0.001	0.001
0.001	0.001	0.001	0.997
0.997	0.001	0.001	0.001
0.001	0.001	0.997	0.001
0.068	0.001	0.836	0.095
>TCCAGACCATTT	13-TCCAGACCATTT	10.217660	-15.518763	0	T:14.0(11.48%),B:766.1(1.98%),P:1e-6	Tpos:491.4,Tstd:211.0,Bpos:523.0,Bstd:304.1,StrandBias:1.1,Multiplicity:1.14
0.003	0.001	0.001	0.995
0.149	0.849	0.001	0.001
0.001	0.772	0.131	0.096
0.917	0.001	0.001	0.081
0.073	0.001	0.925	0.001
0.699	0.104	0.118	0.079
0.056	0.712	0.170	0.062
0.104	0.694	0.062	0.140
0.766	0.001	0.172	0.061
0.001	0.117	0.001	0.881
0.076	0.104	0.001	0.819
0.001	0.001	0.001	0.997
>ATWTTTTCCATC	14-ATWTTTTCCATC	11.235303	-14.810641	0	T:20.0(16.39%),B:1683.2(4.35%),P:1e-6	Tpos:589.0,Tstd:318.8,Bpos:511.7,Bstd:315.1,StrandBias:0.9,Multiplicity:1.15
0.870	0.001	0.128	0.001
0.099	0.001	0.001	0.899
0.544	0.001	0.001	0.454
0.001	0.001	0.191	0.807
0.001	0.001	0.001	0.997
0.001	0.001	0.001	0.997
0.300	0.001	0.001	0.698
0.001	0.997	0.001	0.001
0.001	0.997	0.001	0.001
0.576	0.001	0.001	0.422
0.088	0.001	0.348	0.563
0.001	0.636	0.001	0.362
>GAGAAGCCTTGC	15-GAGAAGCCTTGC	12.961636	-13.874220	0	T:4.0(3.28%),B:20.4(0.05%),P:1e-6	Tpos:413.0,Tstd:291.7,Bpos:504.2,Bstd:301.7,StrandBias:2.0,Multiplicity:1.25
0.001	0.001	0.775	0.223
0.997	0.001	0.001	0.001
0.223	0.001	0.775	0.001
0.723	0.275	0.001	0.001
0.997	0.001	0.001	0.001
0.001	0.001	0.997	0.001
0.001	0.997	0.001	0.001
0.001	0.997	0.001	0.001
0.001	0.001	0.001	0.997
0.001	0.001	0.001	0.997
0.001	0.001	0.997	0.001
0.001	0.723	0.001	0.275
>ACATTGAAGAGC	16-ACATTGAAGAGC	14.292405	-13.763852	0	T:3.0(2.46%),B:4.5(0.01%),P:1e-5	Tpos:382.3,Tstd:385.7,Bpos:475.2,Bstd:161.4,StrandBias:-1.0,Multiplicity:1.00
0.795	0.110	0.001	0.094
0.087	0.814	0.001	0.098
0.997	0.001	0.001	0.001
0.136	0.111	0.111	0.642
0.001	0.001	0.001	0.997
0.110	0.001	0.786	0.103
0.924	0.001	0.001	0.074
0.573	0.235	0.104	0.088
0.001	0.001	0.839	0.159
0.997	0.001	0.001	0.001
0.001	0.001	0.997	0.001
0.249	0.670	0.001	0.080
>GATTATCGATTT	17-GATTATCGATTT	10.498320	-11.982343	0	T:24.0(19.67%),B:2783.0(7.20%),P:1e-5	Tpos:535.7,Tstd:273.5,Bpos:530.4,Bstd:330.1,StrandBias:1.4,Multiplicity:1.50
0.149	0.078	0.740	0.033
0.941	0.001	0.001	0.057
0.116	0.084	0.059	0.741
0.021	0.001	0.001	0.977
0.599	0.070	0.173	0.158
0.134	0.001	0.043	0.822
0.094	0.667	0.181	0.058
0.084	0.001	0.849	0.066
0.911	0.001	0.056	0.032
0.076	0.001	0.038	0.885
0.001	0.001	0.070	0.928
0.001	0.047	0.001	0.951
>GCGACCCCGACC	18-GCGACCCCGACC	14.110342	-11.531740	0	T:2.0(1.64%),B:0.8(0.00%),P:1e-5	Tpos:580.8,Tstd:147.5,Bpos:332.0,Bstd:0.0,StrandBias:0.6,Multiplicity:2.50
0.001	0.149	0.849	0.001
0.001	0.997	0.001	0.001
0.001	0.001	0.997	0.001
0.829	0.001	0.001	0.169
0.001	0.829	0.169	0.001
0.169	0.829	0.001	0.001
0.001	0.997	0.001	0.001
0.001	0.997	0.001	0.001
0.001	0.001	0.997	0.001
0.829	0.169	0.001	0.001
0.001	0.997	0.001	0.001
0.001	0.997	0.001	0.001
>ATTTTTCGTGTA	19-ATTTTTCGTGTA	13.062022	-6.812566	0	T:3.0(2.46%),B:61.7(0.16%),P:1e-2	Tpos:323.8,Tstd:192.2,Bpos:426.2,Bstd:265.6,StrandBias:-5.2,Multiplicity:12.33
0.997	0.001	0.001	0.001
0.001	0.001	0.001	0.997
0.029	0.001	0.001	0.969
0.001	0.001	0.001	0.997
0.001	0.001	0.001	0.997
0.001	0.001	0.001	0.997
0.001	0.997	0.001	0.001
0.001	0.001	0.997	0.001
0.001	0.001	0.001	0.997
0.001	0.001	0.997	0.001
0.001	0.001	0.001	0.997
0.997	0.001	0.001	0.001
>CGGCATWATGCC	20-CGGCATWATGCC	11.996751	-6.321808	0	T:2.0(1.64%),B:18.8(0.05%),P:1e-2	Tpos:623.5,Tstd:164.1,Bpos:461.7,Bstd:240.6,StrandBias:-0.3,Multiplicity:4.00
0.001	0.997	0.001	0.001
0.001	0.137	0.861	0.001
0.276	0.001	0.722	0.001
0.001	0.997	0.001	0.001
0.997	0.001	0.001	0.001
0.001	0.001	0.001	0.997
0.472	0.001	0.001	0.526
0.997	0.001	0.001	0.001
0.001	0.221	0.001	0.777
0.001	0.001	0.997	0.001
0.138	0.639	0.222	0.001
0.001	0.997	0.001	0.001
>GAGGGGTG	1-GAGGGGTG	6.767662	-15.109409	0	T:32.0(26.23%),B:3856.3(9.97%),P:1e-6	Tpos:554.3,Tstd:321.1,Bpos:527.2,Bstd:482.8,StrandBias:-0.6,Multiplicity:1.16
0.001	0.090	0.888	0.021
0.854	0.032	0.023	0.091
0.001	0.023	0.975	0.001
0.001	0.021	0.925	0.053
0.029	0.066	0.844	0.061
0.212	0.038	0.730	0.020
0.001	0.025	0.086	0.888
0.025	0.028	0.946	0.001
>TACCGATT	2-TACCGATT	7.889590	-5.289607	0	T:31.0(25.41%),B:6178.9(15.98%),P:1e-2	Tpos:574.7,Tstd:246.8,Bpos:530.8,Bstd:336.8,StrandBias:1.0,Multiplicity:1.65
0.001	0.001	0.001	0.997
0.997	0.001	0.001	0.001
0.001	0.556	0.335	0.108
0.001	0.997	0.001	0.001
0.001	0.001	0.997	0.001
0.614	0.384	0.001	0.001
0.001	0.001	0.001	0.997
0.001	0.001	0.001	0.997
>GGGTCGGG	3-GGGTCGGG	8.074592	-4.910189	0	T:6.0(4.92%),B:534.5(1.38%),P:1e-2	Tpos:464.8,Tstd:180.2,Bpos:516.7,Bstd:307.5,StrandBias:1.2,Multiplicity:2.17
0.001	0.001	0.997	0.001
0.001	0.001	0.997	0.001
0.001	0.001	0.997	0.001
0.001	0.092	0.001	0.906
0.001	0.997	0.001	0.001
0.064	0.001	0.934	0.001
0.140	0.001	0.858	0.001
0.001	0.001	0.997	0.001
>ATAGATTG	4-ATAGATTG	8.236954	-2.826380	0	T:7.0(5.74%),B:1093.1(2.83%),P:1e-1	Tpos:345.8,Tstd:224.4,Bpos:481.7,Bstd:290.4,StrandBias:4.3,Multiplicity:5.86
0.700	0.100	0.100	0.100
0.100	0.100	0.100	0.700
0.700	0.100	0.100	0.100
0.100	0.100	0.700	0.100
0.700	0.100	0.100	0.100
0.100	0.100	0.100	0.700
0.100	0.100	0.100	0.700
0.100	0.100	0.700	0.100
>TTCGTGTA	5-TTCGTGTA	8.236954	-1.718601	0	T:5.0(4.10%),B:943.2(2.44%),P:1e0	Tpos:356.8,Tstd:223.0,Bpos:497.5,Bstd:299.1,StrandBias:-3.6,Multiplicity:8.00
0.100	0.100	0.100	0.700
0.100	0.100	0.100	0.700
0.100	0.700	0.100	0.100
0.100	0.100	0.700	0.100
0.100	0.100	0.100	0.700
0.100	0.100	0.700	0.100
0.100	0.100	0.100	0.700
0.700	0.100	0.100	0.100
