>GATTTTATCTTT	1-GATTTTATCTTT	12.043758	-23.677924	0	T:9.0(7.38%),B:96.4(0.25%),P:1e-10	Tpos:573.8,Tstd:347.0,Bpos:572.7,Bstd:339.6,StrandBias:-0.3,Multiplicity:1.00
0.120	0.074	0.725	0.081
0.890	0.029	0.022	0.059
0.088	0.132	0.034	0.746
0.065	0.302	0.046	0.587
0.387	0.026	0.019	0.568
0.001	0.091	0.095	0.813
0.867	0.020	0.019	0.094
0.075	0.063	0.045	0.817
0.123	0.645	0.100	0.132
0.338	0.035	0.035	0.592
0.017	0.127	0.019	0.837
0.001	0.116	0.001	0.882
>TTTTTCGTTGTT	2-TTTTTCGTTGTT	10.931825	-23.112423	0	T:24.0(19.67%),B:1527.1(3.95%),P:1e-10	Tpos:563.9,Tstd:276.1,Bpos:522.5,Bstd:315.8,StrandBias:1.0,Multiplicity:1.00
0.339	0.151	0.001	0.509
0.001	0.001	0.001	0.997
0.166	0.087	0.065	0.682
0.001	0.001	0.001	0.997
0.001	0.177	0.158	0.664
0.063	0.918	0.001	0.018
0.053	0.004	0.917	0.026
0.001	0.001	0.196	0.802
0.045	0.001	0.001	0.953
0.043	0.001	0.955	0.001
0.209	0.173	0.001	0.617
0.001	0.001	0.001	0.997
>AGTTGTCTGGGG	3-AGTTGTCTGGGG	14.134393	-21.312325	0	T:5.0(4.10%),B:9.4(0.02%),P:1e-9	Tpos:463.0,Tstd:290.5,Bpos:394.8,Bstd:236.1,StrandBias:2.0,Multiplicity:1.00
0.804	0.001	0.001	0.194
0.001	0.167	0.831	0.001
0.001	0.001	0.001	0.997
0.001	0.001	0.001	0.997
0.194	0.001	0.804	0.001
0.001	0.001	0.001	0.997
0.001	0.997	0.001	0.001
0.001	0.001	0.001	0.997
0.001	0.001	0.778	0.220
0.001	0.001	0.997	0.001
0.001	0.001	0.997	0.001
0.001	0.001	0.997	0.001
>TGCACATTTGAT	4-TGCACATTTGAT	13.767316	-20.778737	0	T:9.0(7.38%),B:136.2(0.35%),P:1e-9	Tpos:598.1,Tstd:196.3,Bpos:496.5,Bstd:309.1,StrandBias:-1.0,Multiplicity:1.00
0.001	0.001	0.001	0.997
0.001	0.001	0.997	0.001
0.146	0.665	0.001	0.188
0.997	0.001	0.001	0.001
0.128	0.870	0.001	0.001
0.997	0.001	0.001	0.001
0.001	0.001	0.001	0.997
0.001	0.001	0.001	0.997
0.001	0.001	0.001	0.997
0.001	0.001	0.997	0.001
0.807	0.191	0.001	0.001
0.151	0.001	0.001	0.847
>GTATGTCATTGA	5-GTATGTCATTGA	13.726356	-20.469594	0	T:6.0(4.92%),B:29.9(0.08%),P:1e-8	Tpos:630.8,Tstd:306.0,Bpos:515.9,Bstd:341.4,StrandBias:1.0,Multiplicity:1.00
0.001	0.168	0.830	0.001
0.001	0.001	0.001	0.997
0.730	0.001	0.158	0.111
0.001	0.001	0.001	0.997
0.001	0.001	0.997	0.001
0.001	0.001	0.001	0.997
0.001	0.997	0.001	0.001
0.997	0.001	0.001	0.001
0.001	0.001	0.001	0.997
0.183	0.001	0.208	0.608
0.001	0.001	0.997	0.001
0.997	0.001	0.001	0.001
>CTCTAAAAGTAG	6-CTCTAAAAGTAG	12.946116	-20.151788	0	T:8.0(6.56%),B:98.8(0.26%),P:1e-8	Tpos:413.9,Tstd:335.8,Bpos:475.8,Bstd:300.8,StrandBias:0.0,Multiplicity:1.00
0.001	0.997	0.001	0.001
0.001	0.001	0.001	0.997
0.001	0.997	0.001	0.001
0.001	0.001	0.001	0.997
0.997	0.001	0.001	0.001
0.997	0.001	0.001	0.001
0.997	0.001	0.001	0.001
0.997	0.001	0.001	0.001
0.129	0.001	0.743	0.127
0.237	0.001	0.001	0.761
0.812	0.001	0.001	0.186
0.179	0.001	0.819	0.001
>CAAAYGTCTATT	7-CAAAYGTCTATT	9.804898	-19.817823	0	T:28.0(22.95%),B:2448.1(6.33%),P:1e-8	Tpos:629.3,Tstd:256.5,Bpos:504.6,Bstd:311.5,StrandBias:0.9,Multiplicity:1.15
0.001	0.577	0.026	0.396
0.997	0.001	0.001	0.001
0.625	0.179	0.037	0.159
0.624	0.050	0.001	0.325
0.060	0.466	0.001	0.473
0.110	0.258	0.426	0.205
0.027	0.001	0.043	0.929
0.031	0.610	0.199	0.160
0.021	0.191	0.017	0.771
0.589	0.023	0.152	0.236
0.056	0.043	0.001	0.900
0.050	0.001	0.050	0.899
>TTGGCTCAAAAA	8-TTGGCTCAAAAA	10.893186	-19.214829	0	T:28.0(22.95%),B:2517.4(6.51%),P:1e-8	Tpos:356.4,Tstd:261.4,Bpos:502.9,Bstd:327.7,StrandBias:0.1,Multiplicity:1.25
0.111	0.001	0.001	0.887
0.001	0.001	0.001	0.997
0.102	0.002	0.895	0.001
0.056	0.069	0.583	0.292
0.001	0.620	0.378	0.001
0.141	0.001	0.076	0.782
0.070	0.512	0.229	0.189
0.564	0.095	0.340	0.001
0.997	0.001	0.001	0.001
0.997	0.001	0.001	0.001
0.997	0.001	0.001	0.001
0.895	0.001	0.001	0.103
>TTCTTGTTTTGG	9-TTCTTGTTTTGG	13.436946	-18.930260	0	T:10.0(8.20%),B:234.3(0.61%),P:1e-8	Tpos:547.4,Tstd:171.7,Bpos:507.9,Bstd:300.7,StrandBias:0.6,Multiplicity:1.00
0.001	0.001	0.001	0.997
0.001	0.001	0.001	0.997
0.001	0.768	0.145	0.086
0.001	0.001	0.001	0.997
0.156	0.001	0.001	0.842
0.149	0.001	0.773	0.077
0.001	0.001	0.001	0.997
0.001	0.001	0.001	0.997
0.001	0.001	0.001	0.997
0.001	0.001	0.001	0.997
0.001	0.001	0.997	0.001
0.251	0.001	0.747	0.001
>TTTAAACCTTTA	10-TTTAAACCTTTA	13.071263	-18.020146	0	T:12.0(9.84%),B:424.2(1.10%),P:1e-7	Tpos:409.5,Tstd:292.7,Bpos:521.7,Bstd:302.6,StrandBias:-0.7,Multiplicity:1.08
0.001	0.001	0.001	0.997
0.001	0.001	0.216	0.782
0.253	0.001	0.001	0.745
0.885	0.001	0.001	0.113
0.997	0.001	0.001	0.001
0.997	0.001	0.001	0.001
0.001	0.997	0.001	0.001
0.001	0.790	0.001	0.208
0.001	0.001	0.001	0.997
0.001	0.001	0.001	0.997
0.001	0.001	0.001	0.997
0.927	0.001	0.001	0.071
>TGGGAATTCACT	11-TGGGAATTCACT	13.703820	-17.984062	0	T:6.0(4.92%),B:46.1(0.12%),P:1e-7	Tpos:305.8,Tstd:139.7,Bpos:466.4,Bstd:314.0,StrandBias:2.3,Multiplicity:1.00
0.001	0.001	0.001	0.997
0.001	0.001	0.997	0.001
0.001	0.172	0.826	0.001
0.001	0.001	0.997	0.001
0.997	0.001	0.001	0.001
0.771	0.227	0.001	0.001
0.001	0.001	0.001	0.997
0.001	0.001	0.001	0.997
0.150	0.848	0.001	0.001
0.882	0.001	0.001	0.116
0.001	0.869	0.001	0.129
0.001	0.001	0.001	0.997
>TGCCACCCTAGG	12-TGCCACCCTAGG	9.341285	-15.904462	0	T:4.0(3.28%),B:11.5(0.03%),P:1e-6	Tpos:373.4,Tstd:184.7,Bpos:520.0,Bstd:246.4,StrandBias:-0.6,Multiplicity:1.00
0.001	0.001	0.001	0.997
0.001	0.001	0.997	0.001
0.001	0.997	0.001	0.001
0.001	0.997	0.001	0.001
0.997	0.001	0.001	0.001
0.163	0.835	0.001	0.001
0.001	0.997	0.001	0.001
0.001	0.997	0.001	0.001
0.001	0.001	0.001	0.997
0.997	0.001	0.001	0.001
0.001	0.001	0.997	0.001
0.068	0.001	0.836	0.095
>TCCAGACCATTT	13-TCCAGACCATTT	10.217660	-15.518763	0	T:14.0(11.48%),B:766.1(1.98%),P:1e-6	Tpos:491.4,Tstd:211.0,Bpos:523.0,Bstd:304.1,StrandBias:1.1,Multiplicity:1.14
0.003	0.001	0.001	0.995
0.149	0.849	0.001	0.001
0.001	0.772	0.131	0.096
0.917	0.001	0.001	0.081
0.073	0.001	0.925	0.001
0.699	0.104	0.118	0.079
0.056	0.712	0.170	0.062
0.104	0.694	0.062	0.140
0.766	0.001	0.172	0.061
0.001	0.117	0.001	0.881
0.076	0.104	0.001	0.819
0.001	0.001	0.001	0.997
>ATWTTTTCCATC	14-ATWTTTTCCATC	11.235303	-14.810641	0	T:20.0(16.39%),B:1683.2(4.35%),P:1e-6	Tpos:589.0,Tstd:318.8,Bpos:511.7,Bstd:315.1,StrandBias:0.9,Multiplicity:1.15
0.870	0.001	0.128	0.001
0.099	0.001	0.001	0.899
0.544	0.001	0.001	0.454
0.001	0.001	0.191	0.807
0.001	0.001	0.001	0.997
0.001	0.001	0.001	0.997
0.300	0.001	0.001	0.698
0.001	0.997	0.001	0.001
0.001	0.997	0.001	0.001
0.576	0.001	0.001	0.422
0.088	0.001	0.348	0.563
0.001	0.636	0.001	0.362
>GAGAAGCCTTGC	15-GAGAAGCCTTGC	12.961636	-13.874220	0	T:4.0(3.28%),B:20.4(0.05%),P:1e-6	Tpos:413.0,Tstd:291.7,Bpos:504.2,Bstd:301.7,StrandBias:2.0,Multiplicity:1.25
0.001	0.001	0.775	0.223
0.997	0.001	0.001	0.001
0.223	0.001	0.775	0.001
0.723	0.275	0.001	0.001
0.997	0.001	0.001	0.001
0.001	0.001	0.997	0.001
0.001	0.997	0.001	0.001
0.001	0.997	0.001	0.001
0.001	0.001	0.001	0.997
0.001	0.001	0.001	0.997
0.001	0.001	0.997	0.001
0.001	0.723	0.001	0.275
>ACATTGAAGAGC	16-ACATTGAAGAGC	14.292405	-13.763852	0	T:3.0(2.46%),B:4.5(0.01%),P:1e-5	Tpos:382.3,Tstd:385.7,Bpos:475.2,Bstd:161.4,StrandBias:-1.0,Multiplicity:1.00
0.795	0.110	0.001	0.094
0.087	0.814	0.001	0.098
0.997	0.001	0.001	0.001
0.136	0.111	0.111	0.642
0.001	0.001	0.001	0.997
0.110	0.001	0.786	0.103
0.924	0.001	0.001	0.074
0.573	0.235	0.104	0.088
0.001	0.001	0.839	0.159
0.997	0.001	0.001	0.001
0.001	0.001	0.997	0.001
0.249	0.670	0.001	0.080
>GATTATCGATTT	17-GATTATCGATTT	10.498320	-11.982343	0	T:24.0(19.67%),B:2783.0(7.20%),P:1e-5	Tpos:535.7,Tstd:273.5,Bpos:530.4,Bstd:330.1,StrandBias:1.4,Multiplicity:1.50
0.149	0.078	0.740	0.033
0.941	0.001	0.001	0.057
0.116	0.084	0.059	0.741
0.021	0.001	0.001	0.977
0.599	0.070	0.173	0.158
0.134	0.001	0.043	0.822
0.094	0.667	0.181	0.058
0.084	0.001	0.849	0.066
0.911	0.001	0.056	0.032
0.076	0.001	0.038	0.885
0.001	0.001	0.070	0.928
0.001	0.047	0.001	0.951
>GCGACCCCGACC	18-GCGACCCCGACC	14.110342	-11.531740	0	T:2.0(1.64%),B:0.8(0.00%),P:1e-5	Tpos:580.8,Tstd:147.5,Bpos:332.0,Bstd:0.0,StrandBias:0.6,Multiplicity:2.50
0.001	0.149	0.849	0.001
0.001	0.997	0.001	0.001
0.001	0.001	0.997	0.001
0.829	0.001	0.001	0.169
0.001	0.829	0.169	0.001
0.169	0.829	0.001	0.001
0.001	0.997	0.001	0.001
0.001	0.997	0.001	0.001
0.001	0.001	0.997	0.001
0.829	0.169	0.001	0.001
0.001	0.997	0.001	0.001
0.001	0.997	0.001	0.001
>ATTTTTCGTGTA	19-ATTTTTCGTGTA	13.062022	-6.812566	0	T:3.0(2.46%),B:61.7(0.16%),P:1e-2	Tpos:323.8,Tstd:192.2,Bpos:426.2,Bstd:265.6,StrandBias:-5.2,Multiplicity:12.33
0.997	0.001	0.001	0.001
0.001	0.001	0.001	0.997
0.029	0.001	0.001	0.969
0.001	0.001	0.001	0.997
0.001	0.001	0.001	0.997
0.001	0.001	0.001	0.997
0.001	0.997	0.001	0.001
0.001	0.001	0.997	0.001
0.001	0.001	0.001	0.997
0.001	0.001	0.997	0.001
0.001	0.001	0.001	0.997
0.997	0.001	0.001	0.001
>CGGCATWATGCC	20-CGGCATWATGCC	11.996751	-6.321808	0	T:2.0(1.64%),B:18.8(0.05%),P:1e-2	Tpos:623.5,Tstd:164.1,Bpos:461.7,Bstd:240.6,StrandBias:-0.3,Multiplicity:4.00
0.001	0.997	0.001	0.001
0.001	0.137	0.861	0.001
0.276	0.001	0.722	0.001
0.001	0.997	0.001	0.001
0.997	0.001	0.001	0.001
0.001	0.001	0.001	0.997
0.472	0.001	0.001	0.526
0.997	0.001	0.001	0.001
0.001	0.221	0.001	0.777
0.001	0.001	0.997	0.001
0.138	0.639	0.222	0.001
0.001	0.997	0.001	0.001
