>TTGCCAAA	1-TTGCCAAA	8.839907	-14.640352	0	T:36.0(39.13%),B:6661.2(17.05%),P:1e-6	Tpos:385.5,Tstd:258.7,Bpos:485.0,Bstd:298.0,StrandBias:-0.4,Multiplicity:1.22
0.177	0.001	0.001	0.821
0.001	0.001	0.001	0.997
0.001	0.001	0.997	0.001
0.001	0.997	0.001	0.001
0.001	0.857	0.001	0.141
0.997	0.001	0.001	0.001
0.846	0.001	0.152	0.001
0.997	0.001	0.001	0.001
>GAACRGCA	2-GAACRGCA	8.105891	-13.865129	0	T:21.0(22.83%),B:2687.0(6.88%),P:1e-6	Tpos:607.8,Tstd:221.3,Bpos:508.3,Bstd:299.9,StrandBias:0.7,Multiplicity:1.24
0.001	0.001	0.997	0.001
0.649	0.349	0.001	0.001
0.997	0.001	0.001	0.001
0.001	0.997	0.001	0.001
0.441	0.001	0.557	0.001
0.142	0.001	0.856	0.001
0.001	0.997	0.001	0.001
0.997	0.001	0.001	0.001
>ACGACGAT	3-ACGACGAT	5.516656	-12.727313	0	T:70.0(76.09%),B:20537.0(52.56%),P:1e-5	Tpos:524.2,Tstd:290.8,Bpos:504.8,Bstd:317.3,StrandBias:-0.4,Multiplicity:1.69
0.884	0.015	0.019	0.082
0.086	0.851	0.001	0.062
0.104	0.001	0.884	0.011
0.956	0.023	0.020	0.001
0.001	0.855	0.011	0.133
0.083	0.016	0.900	0.001
0.938	0.048	0.001	0.013
0.001	0.054	0.215	0.730
>TTTCGCGG	4-TTTCGCGG	7.260422	-12.005431	0	T:41.0(44.57%),B:9115.3(23.33%),P:1e-5	Tpos:496.3,Tstd:272.7,Bpos:510.6,Bstd:331.2,StrandBias:-0.1,Multiplicity:1.51
0.001	0.020	0.001	0.978
0.030	0.001	0.001	0.968
0.001	0.001	0.010	0.988
0.018	0.909	0.072	0.001
0.048	0.171	0.569	0.212
0.060	0.875	0.046	0.019
0.001	0.038	0.899	0.062
0.131	0.001	0.832	0.036
>AYTGGGTA	5-AYTGGGTA	8.437660	-10.047183	0	T:17.0(18.48%),B:2401.6(6.15%),P:1e-4	Tpos:559.0,Tstd:254.6,Bpos:500.6,Bstd:302.3,StrandBias:-2.0,Multiplicity:1.18
0.997	0.001	0.001	0.001
0.001	0.574	0.001	0.424
0.001	0.001	0.219	0.779
0.001	0.001	0.997	0.001
0.001	0.001	0.997	0.001
0.001	0.001	0.997	0.001
0.191	0.001	0.001	0.807
0.835	0.163	0.001	0.001
