>GKTGATGCCA	1-GKTGATGCCA	9.308659	-20.551142	0	T:15.0(16.30%),B:826.8(2.12%),P:1e-8	Tpos:596.4,Tstd:221.0,Bpos:522.9,Bstd:299.9,StrandBias:0.6,Multiplicity:1.00
0.001	0.001	0.997	0.001
0.001	0.001	0.436	0.562
0.001	0.001	0.001	0.997
0.001	0.001	0.997	0.001
0.515	0.134	0.111	0.240
0.001	0.001	0.001	0.997
0.088	0.110	0.748	0.054
0.077	0.662	0.001	0.260
0.001	0.939	0.059	0.001
0.867	0.131	0.001	0.001
>CGAATAACCC	2-CGAATAACCC	7.701707	-18.023978	0	T:24.0(26.09%),B:2735.5(7.00%),P:1e-7	Tpos:511.1,Tstd:334.0,Bpos:515.2,Bstd:326.5,StrandBias:-0.1,Multiplicity:1.12
0.071	0.851	0.001	0.077
0.137	0.109	0.753	0.001
0.820	0.077	0.034	0.069
0.888	0.001	0.001	0.110
0.101	0.195	0.060	0.644
0.838	0.031	0.094	0.037
0.833	0.079	0.001	0.087
0.113	0.732	0.125	0.030
0.047	0.739	0.133	0.081
0.056	0.911	0.032	0.001
>GGCATTGTGG	3-GGCATTGTGG	10.707527	-17.623329	0	T:9.0(9.78%),B:271.9(0.70%),P:1e-7	Tpos:538.0,Tstd:278.0,Bpos:447.4,Bstd:288.8,StrandBias:0.3,Multiplicity:1.00
0.108	0.001	0.786	0.105
0.001	0.112	0.886	0.001
0.001	0.997	0.001	0.001
0.997	0.001	0.001	0.001
0.001	0.001	0.001	0.997
0.001	0.001	0.001	0.997
0.151	0.001	0.787	0.061
0.001	0.001	0.001	0.997
0.001	0.167	0.743	0.089
0.001	0.111	0.887	0.001
>GTTTCCTATG	4-GTTTCCTATG	8.131599	-16.813719	0	T:26.0(28.26%),B:3395.7(8.69%),P:1e-7	Tpos:509.7,Tstd:313.0,Bpos:507.1,Bstd:301.2,StrandBias:0.7,Multiplicity:1.19
0.122	0.034	0.749	0.095
0.079	0.001	0.029	0.891
0.026	0.001	0.024	0.949
0.001	0.111	0.080	0.808
0.092	0.775	0.021	0.112
0.043	0.701	0.066	0.190
0.040	0.097	0.045	0.818
0.788	0.090	0.059	0.063
0.049	0.167	0.045	0.739
0.078	0.084	0.791	0.047
>GGATTTATGG	5-GGATTTATGG	9.333861	-16.450922	0	T:17.0(18.48%),B:1486.0(3.80%),P:1e-7	Tpos:474.1,Tstd:312.5,Bpos:493.8,Bstd:323.8,StrandBias:0.1,Multiplicity:1.24
0.001	0.094	0.904	0.001
0.001	0.001	0.997	0.001
0.920	0.001	0.001	0.078
0.001	0.001	0.001	0.997
0.001	0.001	0.001	0.997
0.001	0.001	0.110	0.888
0.798	0.072	0.001	0.129
0.001	0.071	0.001	0.927
0.001	0.001	0.934	0.064
0.069	0.132	0.713	0.086
>CGGTTGTRGC	6-CGGTTGTRGC	6.834499	-16.157374	0	T:25.0(27.17%),B:3262.3(8.35%),P:1e-7	Tpos:422.1,Tstd:238.0,Bpos:494.1,Bstd:313.6,StrandBias:-0.5,Multiplicity:1.08
0.048	0.795	0.071	0.086
0.068	0.070	0.810	0.052
0.102	0.046	0.771	0.081
0.027	0.044	0.001	0.928
0.028	0.027	0.082	0.863
0.170	0.159	0.647	0.024
0.085	0.102	0.073	0.740
0.452	0.008	0.539	0.001
0.215	0.026	0.654	0.105
0.139	0.791	0.024	0.046
>TTGCCAAATT	7-TTGCCAAATT	9.211386	-15.861399	0	T:25.0(27.17%),B:3313.5(8.48%),P:1e-6	Tpos:332.5,Tstd:221.5,Bpos:489.2,Bstd:310.8,StrandBias:-0.3,Multiplicity:1.12
0.057	0.001	0.059	0.883
0.029	0.123	0.127	0.721
0.001	0.046	0.908	0.045
0.019	0.685	0.259	0.037
0.001	0.870	0.110	0.019
0.776	0.068	0.021	0.135
0.807	0.030	0.073	0.090
0.861	0.019	0.104	0.016
0.201	0.001	0.197	0.601
0.110	0.152	0.048	0.690
>TTTCCCGGTT	8-TTTCCCGGTT	10.037933	-14.490981	0	T:15.0(16.30%),B:1321.8(3.38%),P:1e-6	Tpos:526.9,Tstd:284.1,Bpos:509.1,Bstd:326.1,StrandBias:1.7,Multiplicity:1.13
0.102	0.001	0.001	0.896
0.001	0.001	0.001	0.997
0.001	0.107	0.001	0.891
0.001	0.997	0.001	0.001
0.001	0.957	0.001	0.041
0.001	0.957	0.001	0.041
0.210	0.054	0.693	0.043
0.029	0.001	0.913	0.057
0.001	0.085	0.077	0.837
0.090	0.001	0.001	0.908
>TTTTTTCGCG	9-TTTTTTCGCG	8.503399	-14.316191	0	T:44.0(47.83%),B:9384.3(24.02%),P:1e-6	Tpos:477.0,Tstd:291.2,Bpos:528.8,Bstd:341.5,StrandBias:0.3,Multiplicity:1.52
0.141	0.048	0.055	0.756
0.020	0.092	0.022	0.866
0.001	0.093	0.001	0.905
0.001	0.033	0.042	0.924
0.031	0.109	0.001	0.859
0.028	0.173	0.001	0.798
0.229	0.674	0.063	0.034
0.081	0.154	0.663	0.102
0.087	0.911	0.001	0.001
0.126	0.142	0.674	0.058
>CCGGCCTGAA	10-CCGGCCTGAA	10.219674	-11.922573	0	T:7.0(7.61%),B:289.0(0.74%),P:1e-5	Tpos:563.4,Tstd:312.8,Bpos:475.7,Bstd:310.2,StrandBias:-1.7,Multiplicity:1.86
0.261	0.662	0.001	0.076
0.001	0.785	0.213	0.001
0.106	0.001	0.818	0.075
0.001	0.001	0.997	0.001
0.220	0.778	0.001	0.001
0.122	0.876	0.001	0.001
0.001	0.001	0.001	0.997
0.001	0.001	0.997	0.001
0.997	0.001	0.001	0.001
0.997	0.001	0.001	0.001
>GACACTTTTGGG	1-GACACTTTTGGG	12.198181	-26.166268	0	T:9.0(9.78%),B:98.2(0.25%),P:1e-11	Tpos:374.4,Tstd:259.0,Bpos:503.7,Bstd:351.8,StrandBias:-0.6,Multiplicity:1.11
0.156	0.001	0.842	0.001
0.810	0.188	0.001	0.001
0.001	0.997	0.001	0.001
0.997	0.001	0.001	0.001
0.139	0.859	0.001	0.001
0.001	0.001	0.001	0.997
0.001	0.001	0.001	0.997
0.001	0.001	0.001	0.997
0.001	0.001	0.001	0.997
0.149	0.001	0.849	0.001
0.001	0.188	0.810	0.001
0.001	0.001	0.997	0.001
>CATAACTTTTCG	2-CATAACTTTTCG	12.891402	-22.755980	0	T:9.0(9.78%),B:147.7(0.38%),P:1e-9	Tpos:525.9,Tstd:217.6,Bpos:538.1,Bstd:317.5,StrandBias:-0.3,Multiplicity:1.00
0.001	0.997	0.001	0.001
0.695	0.149	0.001	0.155
0.103	0.138	0.179	0.580
0.997	0.001	0.001	0.001
0.997	0.001	0.001	0.001
0.122	0.876	0.001	0.001
0.001	0.001	0.001	0.997
0.001	0.001	0.001	0.997
0.001	0.001	0.001	0.997
0.001	0.001	0.001	0.997
0.001	0.997	0.001	0.001
0.001	0.001	0.997	0.001
>TGACCATTATTA	3-TGACCATTATTA	14.037607	-22.390296	0	T:5.0(5.43%),B:10.3(0.03%),P:1e-9	Tpos:670.6,Tstd:309.4,Bpos:509.5,Bstd:285.6,StrandBias:2.0,Multiplicity:1.00
0.001	0.001	0.001	0.997
0.001	0.161	0.837	0.001
0.824	0.174	0.001	0.001
0.105	0.893	0.001	0.001
0.001	0.997	0.001	0.001
0.997	0.001	0.001	0.001
0.001	0.001	0.001	0.997
0.001	0.001	0.001	0.997
0.997	0.001	0.001	0.001
0.001	0.001	0.001	0.997
0.001	0.197	0.001	0.801
0.801	0.001	0.197	0.001
>AAGATTAATCTC	4-AAGATTAATCTC	13.514142	-22.198425	0	T:8.0(8.70%),B:102.5(0.26%),P:1e-9	Tpos:370.9,Tstd:276.8,Bpos:524.8,Bstd:336.9,StrandBias:0.0,Multiplicity:1.00
0.997	0.001	0.001	0.001
0.997	0.001	0.001	0.001
0.088	0.145	0.766	0.001
0.866	0.132	0.001	0.001
0.001	0.001	0.001	0.997
0.001	0.001	0.001	0.997
0.840	0.001	0.001	0.158
0.997	0.001	0.001	0.001
0.180	0.001	0.001	0.818
0.001	0.997	0.001	0.001
0.001	0.001	0.001	0.997
0.138	0.860	0.001	0.001
>ACATAGGAAATA	5-ACATAGGAAATA	13.391519	-21.723006	0	T:7.0(7.61%),B:64.8(0.17%),P:1e-9	Tpos:434.0,Tstd:335.3,Bpos:543.0,Bstd:319.2,StrandBias:-1.6,Multiplicity:1.14
0.997	0.001	0.001	0.001
0.001	0.997	0.001	0.001
0.885	0.001	0.113	0.001
0.001	0.001	0.096	0.902
0.997	0.001	0.001	0.001
0.001	0.001	0.997	0.001
0.063	0.001	0.935	0.001
0.997	0.001	0.001	0.001
0.997	0.001	0.001	0.001
0.709	0.167	0.001	0.123
0.093	0.101	0.001	0.805
0.876	0.001	0.122	0.001
>CAGAATAAACGA	6-CAGAATAAACGA	13.909429	-21.049905	0	T:7.0(7.61%),B:72.0(0.18%),P:1e-9	Tpos:567.7,Tstd:292.5,Bpos:548.2,Bstd:303.1,StrandBias:0.4,Multiplicity:1.00
0.168	0.830	0.001	0.001
0.997	0.001	0.001	0.001
0.001	0.001	0.997	0.001
0.997	0.001	0.001	0.001
0.997	0.001	0.001	0.001
0.001	0.001	0.150	0.848
0.997	0.001	0.001	0.001
0.820	0.001	0.001	0.178
0.997	0.001	0.001	0.001
0.145	0.853	0.001	0.001
0.001	0.001	0.799	0.199
0.997	0.001	0.001	0.001
>GACAAGGAAAAC	7-GACAAGGAAAAC	13.568223	-20.780872	0	T:7.0(7.61%),B:74.3(0.19%),P:1e-9	Tpos:744.6,Tstd:211.2,Bpos:485.2,Bstd:297.1,StrandBias:-0.4,Multiplicity:1.00
0.107	0.001	0.891	0.001
0.997	0.001	0.001	0.001
0.001	0.997	0.001	0.001
0.802	0.196	0.001	0.001
0.789	0.209	0.001	0.001
0.147	0.001	0.851	0.001
0.001	0.001	0.997	0.001
0.997	0.001	0.001	0.001
0.997	0.001	0.001	0.001
0.997	0.001	0.001	0.001
0.825	0.001	0.001	0.173
0.001	0.997	0.001	0.001
>GCTATAGTTAAA	8-GCTATAGTTAAA	10.102208	-20.233481	0	T:14.0(15.22%),B:711.2(1.82%),P:1e-8	Tpos:546.7,Tstd:272.7,Bpos:521.3,Bstd:300.9,StrandBias:0.0,Multiplicity:1.00
0.096	0.156	0.747	0.001
0.007	0.767	0.001	0.225
0.186	0.001	0.001	0.812
0.883	0.115	0.001	0.001
0.068	0.156	0.001	0.775
0.997	0.001	0.001	0.001
0.001	0.001	0.792	0.206
0.001	0.001	0.176	0.822
0.001	0.001	0.095	0.903
0.992	0.001	0.001	0.006
0.822	0.176	0.001	0.001
0.714	0.129	0.156	0.001
>GTATTMAAATGC	9-GTATTMAAATGC	13.624652	-17.662167	0	T:6.0(6.52%),B:67.7(0.17%),P:1e-7	Tpos:481.3,Tstd:346.1,Bpos:547.8,Bstd:273.8,StrandBias:1.0,Multiplicity:1.00
0.147	0.001	0.851	0.001
0.001	0.001	0.001	0.997
0.997	0.001	0.001	0.001
0.194	0.001	0.001	0.804
0.001	0.001	0.001	0.997
0.518	0.480	0.001	0.001
0.997	0.001	0.001	0.001
0.997	0.001	0.001	0.001
0.997	0.001	0.001	0.001
0.001	0.001	0.001	0.997
0.174	0.001	0.824	0.001
0.001	0.997	0.001	0.001
>TATTGGGTTTAT	10-TATTGGGTTTAT	15.580830	-17.390244	0	T:4.0(4.35%),B:10.9(0.03%),P:1e-7	Tpos:516.8,Tstd:314.2,Bpos:331.6,Bstd:173.8,StrandBias:0.0,Multiplicity:1.00
0.001	0.001	0.001	0.997
0.997	0.001	0.001	0.001
0.001	0.001	0.001	0.997
0.001	0.001	0.001	0.997
0.001	0.001	0.997	0.001
0.001	0.360	0.638	0.001
0.001	0.001	0.997	0.001
0.001	0.001	0.001	0.997
0.001	0.001	0.001	0.997
0.001	0.001	0.001	0.997
0.997	0.001	0.001	0.001
0.001	0.001	0.001	0.997
>ACCTACACATTG	11-ACCTACACATTG	11.831462	-17.183124	0	T:6.0(6.52%),B:73.1(0.19%),P:1e-7	Tpos:417.7,Tstd:265.9,Bpos:543.9,Bstd:276.3,StrandBias:0.4,Multiplicity:1.17
0.817	0.001	0.001	0.181
0.106	0.684	0.209	0.001
0.208	0.790	0.001	0.001
0.001	0.001	0.181	0.817
0.997	0.001	0.001	0.001
0.085	0.913	0.001	0.001
0.612	0.386	0.001	0.001
0.091	0.907	0.001	0.001
0.991	0.001	0.001	0.007
0.192	0.001	0.001	0.806
0.001	0.001	0.001	0.997
0.001	0.193	0.702	0.104
>GGCSTSARAMTG	12-GGCSTSARAMTG	8.390860	-16.946842	0	T:9.0(9.78%),B:294.8(0.75%),P:1e-7	Tpos:536.2,Tstd:287.0,Bpos:493.0,Bstd:323.6,StrandBias:-1.6,Multiplicity:1.33
0.001	0.001	0.997	0.001
0.001	0.001	0.973	0.025
0.001	0.980	0.018	0.001
0.001	0.536	0.462	0.001
0.001	0.001	0.001	0.997
0.001	0.461	0.537	0.001
0.997	0.001	0.001	0.001
0.537	0.001	0.461	0.001
0.997	0.001	0.001	0.001
0.536	0.462	0.001	0.001
0.004	0.001	0.001	0.994
0.001	0.001	0.976	0.022
>GTTGAAAATTGC	13-GTTGAAAATTGC	13.251455	-16.918700	0	T:9.0(9.78%),B:295.9(0.76%),P:1e-7	Tpos:435.9,Tstd:243.5,Bpos:487.5,Bstd:321.3,StrandBias:0.0,Multiplicity:1.11
0.080	0.001	0.864	0.055
0.001	0.102	0.140	0.757
0.001	0.001	0.001	0.997
0.106	0.001	0.892	0.001
0.997	0.001	0.001	0.001
0.820	0.178	0.001	0.001
0.997	0.001	0.001	0.001
0.997	0.001	0.001	0.001
0.099	0.001	0.001	0.899
0.001	0.001	0.131	0.867
0.001	0.001	0.997	0.001
0.001	0.997	0.001	0.001
>ACAAAAACACAA	14-ACAAAAACACAA	13.653434	-16.834646	0	T:13.0(14.13%),B:787.0(2.01%),P:1e-7	Tpos:432.0,Tstd:233.9,Bpos:511.1,Bstd:303.9,StrandBias:-0.8,Multiplicity:1.08
0.997	0.001	0.001	0.001
0.187	0.706	0.106	0.001
0.997	0.001	0.001	0.001
0.997	0.001	0.001	0.001
0.997	0.001	0.001	0.001
0.997	0.001	0.001	0.001
0.997	0.001	0.001	0.001
0.224	0.690	0.001	0.085
0.997	0.001	0.001	0.001
0.053	0.712	0.234	0.001
0.997	0.001	0.001	0.001
0.997	0.001	0.001	0.001
>NCCGCGAAAAAW	15-NCCGCGAAAAAW	7.468779	-15.724421	0	T:28.0(30.43%),B:4105.4(10.51%),P:1e-6	Tpos:429.6,Tstd:248.5,Bpos:525.5,Bstd:342.6,StrandBias:0.0,Multiplicity:1.14
0.304	0.197	0.224	0.275
0.181	0.518	0.163	0.138
0.178	0.606	0.097	0.119
0.100	0.081	0.695	0.124
0.136	0.618	0.140	0.106
0.145	0.108	0.616	0.131
0.616	0.146	0.168	0.070
0.606	0.113	0.090	0.191
0.687	0.129	0.071	0.113
0.662	0.104	0.210	0.024
0.726	0.102	0.097	0.075
0.377	0.166	0.207	0.250
>ATTTATGGAATT	16-ATTTATGGAATT	13.079588	-14.758102	0	T:10.0(10.87%),B:505.3(1.29%),P:1e-6	Tpos:432.1,Tstd:350.6,Bpos:489.2,Bstd:307.2,StrandBias:0.8,Multiplicity:1.10
0.997	0.001	0.001	0.001
0.001	0.001	0.001	0.997
0.001	0.001	0.001	0.997
0.001	0.001	0.111	0.887
0.921	0.077	0.001	0.001
0.001	0.001	0.138	0.860
0.001	0.073	0.874	0.052
0.068	0.001	0.846	0.085
0.997	0.001	0.001	0.001
0.926	0.001	0.001	0.072
0.090	0.134	0.001	0.775
0.001	0.001	0.001	0.997
>CGCCATTTTTTC	17-CGCCATTTTTTC	13.129847	-14.624200	0	T:9.0(9.78%),B:390.1(1.00%),P:1e-6	Tpos:505.4,Tstd:217.8,Bpos:546.1,Bstd:339.7,StrandBias:1.4,Multiplicity:1.22
0.001	0.924	0.001	0.074
0.072	0.073	0.854	0.001
0.001	0.923	0.001	0.075
0.001	0.997	0.001	0.001
0.776	0.114	0.109	0.001
0.086	0.001	0.001	0.912
0.001	0.001	0.001	0.997
0.001	0.001	0.001	0.997
0.001	0.173	0.001	0.825
0.001	0.001	0.001	0.997
0.001	0.001	0.103	0.895
0.001	0.997	0.001	0.001
>AATTTGCCAAAT	18-AATTTGCCAAAT	11.732520	-14.481849	0	T:12.0(13.04%),B:808.7(2.07%),P:1e-6	Tpos:370.3,Tstd:244.3,Bpos:479.1,Bstd:295.6,StrandBias:-0.9,Multiplicity:1.17
0.997	0.001	0.001	0.001
0.909	0.001	0.001	0.089
0.051	0.108	0.001	0.840
0.001	0.001	0.001	0.997
0.001	0.001	0.093	0.905
0.085	0.001	0.882	0.032
0.001	0.839	0.159	0.001
0.041	0.957	0.001	0.001
0.830	0.001	0.001	0.168
0.997	0.001	0.001	0.001
0.997	0.001	0.001	0.001
0.001	0.001	0.001	0.997
>TTATTATTATCA	19-TTATTATTATCA	13.257145	-14.438632	0	T:9.0(9.78%),B:399.6(1.02%),P:1e-6	Tpos:746.6,Tstd:194.4,Bpos:535.5,Bstd:330.8,StrandBias:0.7,Multiplicity:1.00
0.001	0.120	0.001	0.878
0.001	0.001	0.001	0.997
0.997	0.001	0.001	0.001
0.103	0.001	0.001	0.895
0.001	0.088	0.001	0.910
0.911	0.087	0.001	0.001
0.001	0.001	0.001	0.997
0.001	0.111	0.001	0.887
0.965	0.001	0.001	0.033
0.001	0.104	0.001	0.894
0.001	0.725	0.001	0.273
0.997	0.001	0.001	0.001
>TTTTTTGAGCTG	20-TTTTTTGAGCTG	13.066487	-13.851283	0	T:9.0(9.78%),B:429.4(1.10%),P:1e-6	Tpos:437.9,Tstd:232.9,Bpos:511.1,Bstd:321.1,StrandBias:2.2,Multiplicity:1.22
0.091	0.106	0.001	0.802
0.001	0.001	0.145	0.853
0.001	0.001	0.001	0.997
0.001	0.001	0.001	0.997
0.001	0.001	0.001	0.997
0.113	0.110	0.001	0.776
0.001	0.001	0.997	0.001
0.997	0.001	0.001	0.001
0.065	0.001	0.837	0.097
0.001	0.924	0.001	0.074
0.001	0.001	0.001	0.997
0.098	0.001	0.900	0.001
>TGGTGCTCCGCG	21-TGGTGCTCCGCG	8.365075	-8.659005	0	T:10.0(10.87%),B:1034.6(2.65%),P:1e-3	Tpos:459.6,Tstd:240.7,Bpos:506.2,Bstd:321.8,StrandBias:0.4,Multiplicity:1.40
0.082	0.095	0.001	0.822
0.044	0.001	0.809	0.146
0.130	0.096	0.770	0.004
0.001	0.048	0.048	0.903
0.092	0.001	0.656	0.251
0.001	0.812	0.092	0.095
0.150	0.081	0.054	0.715
0.139	0.663	0.096	0.102
0.048	0.749	0.001	0.202
0.102	0.001	0.710	0.187
0.053	0.726	0.143	0.078
0.096	0.048	0.668	0.188
>TCTTTGCAATTT	22-TCTTTGCAATTT	10.409522	-8.219682	0	T:13.0(14.13%),B:1770.2(4.53%),P:1e-3	Tpos:615.8,Tstd:281.6,Bpos:506.1,Bstd:310.9,StrandBias:0.0,Multiplicity:1.08
0.100	0.100	0.100	0.700
0.100	0.700	0.100	0.100
0.100	0.100	0.100	0.700
0.100	0.100	0.100	0.700
0.100	0.100	0.100	0.700
0.100	0.100	0.700	0.100
0.100	0.700	0.100	0.100
0.700	0.100	0.100	0.100
0.700	0.100	0.100	0.100
0.100	0.100	0.100	0.700
0.100	0.100	0.100	0.700
0.100	0.100	0.100	0.700
>TTGCCAAA	1-TTGCCAAA	8.839907	-14.640352	0	T:36.0(39.13%),B:6661.2(17.05%),P:1e-6	Tpos:385.5,Tstd:258.7,Bpos:485.0,Bstd:298.0,StrandBias:-0.4,Multiplicity:1.22
0.177	0.001	0.001	0.821
0.001	0.001	0.001	0.997
0.001	0.001	0.997	0.001
0.001	0.997	0.001	0.001
0.001	0.857	0.001	0.141
0.997	0.001	0.001	0.001
0.846	0.001	0.152	0.001
0.997	0.001	0.001	0.001
>GAACRGCA	2-GAACRGCA	8.105891	-13.865129	0	T:21.0(22.83%),B:2687.0(6.88%),P:1e-6	Tpos:607.8,Tstd:221.3,Bpos:508.3,Bstd:299.9,StrandBias:0.7,Multiplicity:1.24
0.001	0.001	0.997	0.001
0.649	0.349	0.001	0.001
0.997	0.001	0.001	0.001
0.001	0.997	0.001	0.001
0.441	0.001	0.557	0.001
0.142	0.001	0.856	0.001
0.001	0.997	0.001	0.001
0.997	0.001	0.001	0.001
>ACGACGAT	3-ACGACGAT	5.516656	-12.727313	0	T:70.0(76.09%),B:20537.0(52.56%),P:1e-5	Tpos:524.2,Tstd:290.8,Bpos:504.8,Bstd:317.3,StrandBias:-0.4,Multiplicity:1.69
0.884	0.015	0.019	0.082
0.086	0.851	0.001	0.062
0.104	0.001	0.884	0.011
0.956	0.023	0.020	0.001
0.001	0.855	0.011	0.133
0.083	0.016	0.900	0.001
0.938	0.048	0.001	0.013
0.001	0.054	0.215	0.730
>TTTCGCGG	4-TTTCGCGG	7.260422	-12.005431	0	T:41.0(44.57%),B:9115.3(23.33%),P:1e-5	Tpos:496.3,Tstd:272.7,Bpos:510.6,Bstd:331.2,StrandBias:-0.1,Multiplicity:1.51
0.001	0.020	0.001	0.978
0.030	0.001	0.001	0.968
0.001	0.001	0.010	0.988
0.018	0.909	0.072	0.001
0.048	0.171	0.569	0.212
0.060	0.875	0.046	0.019
0.001	0.038	0.899	0.062
0.131	0.001	0.832	0.036
>AYTGGGTA	5-AYTGGGTA	8.437660	-10.047183	0	T:17.0(18.48%),B:2401.6(6.15%),P:1e-4	Tpos:559.0,Tstd:254.6,Bpos:500.6,Bstd:302.3,StrandBias:-2.0,Multiplicity:1.18
0.997	0.001	0.001	0.001
0.001	0.574	0.001	0.424
0.001	0.001	0.219	0.779
0.001	0.001	0.997	0.001
0.001	0.001	0.997	0.001
0.001	0.001	0.997	0.001
0.191	0.001	0.001	0.807
0.835	0.163	0.001	0.001
