>CGGAAATCAAGT	11-ACTTGATTTCCG	10.546000	-19.068151	0	T:14.0(10.69%),B:575.3(1.37%),P:1e-8
0.001	0.915	0.059	0.025
0.131	0.001	0.831	0.037
0.083	0.001	0.915	0.001
0.904	0.001	0.094	0.001
0.832	0.001	0.001	0.166
0.805	0.095	0.001	0.099
0.112	0.072	0.001	0.815
0.001	0.809	0.072	0.118
0.677	0.185	0.001	0.137
0.949	0.001	0.001	0.049
0.083	0.001	0.767	0.149
0.083	0.001	0.120	0.796
