>TTGTTATCATTT	3-AAATGATAACAA	11.434969	-22.827738	0	T:16.0(12.21%),B:606.0(1.45%),P:1e-9
0.221	0.038	0.023	0.718
0.080	0.209	0.056	0.655
0.211	0.049	0.515	0.225
0.095	0.024	0.006	0.875
0.030	0.239	0.032	0.699
0.794	0.069	0.052	0.085
0.024	0.013	0.126	0.837
0.225	0.490	0.031	0.254
0.819	0.081	0.027	0.073
0.051	0.056	0.042	0.851
0.305	0.001	0.023	0.671
0.071	0.092	0.043	0.794
