>GGTCACCTTA	1-GGTCACCTTA	9.318689	-23.809128	0	T:10.0(17.54%),B:319.1(0.81%),P:1e-10	Tpos:629.0,Tstd:225.7,Bpos:524.4,Bstd:326.5,StrandBias:0.8,Multiplicity:1.10
0.151	0.001	0.847	0.001
0.001	0.001	0.867	0.131
0.001	0.001	0.001	0.997
0.001	0.997	0.001	0.001
0.798	0.200	0.001	0.001
0.001	0.997	0.001	0.001
0.124	0.874	0.001	0.001
0.001	0.001	0.001	0.997
0.001	0.001	0.111	0.887
0.879	0.119	0.001	0.001
>GGCTTTTGGC	2-GGCTTTTGGC	10.725783	-23.430532	0	T:10.0(17.54%),B:332.1(0.85%),P:1e-10	Tpos:470.6,Tstd:292.4,Bpos:553.5,Bstd:309.4,StrandBias:0.0,Multiplicity:1.00
0.001	0.001	0.882	0.116
0.001	0.001	0.997	0.001
0.103	0.895	0.001	0.001
0.001	0.001	0.178	0.820
0.211	0.001	0.001	0.787
0.001	0.001	0.001	0.997
0.001	0.157	0.001	0.841
0.001	0.001	0.997	0.001
0.001	0.001	0.997	0.001
0.001	0.891	0.107	0.001
>GGCCTTGGAA	3-GGCCTTGGAA	9.548780	-21.716615	0	T:10.0(17.54%),B:398.2(1.02%),P:1e-9	Tpos:566.6,Tstd:247.9,Bpos:540.6,Bstd:322.7,StrandBias:-0.5,Multiplicity:1.20
0.017	0.001	0.864	0.118
0.276	0.153	0.463	0.108
0.001	0.848	0.001	0.150
0.234	0.747	0.018	0.001
0.001	0.001	0.302	0.696
0.001	0.001	0.001	0.997
0.001	0.001	0.997	0.001
0.121	0.154	0.724	0.001
0.497	0.227	0.001	0.275
0.997	0.001	0.001	0.001
>AGACCACCCA	4-AGACCACCCA	10.210742	-20.988474	0	T:10.0(17.54%),B:430.9(1.10%),P:1e-9	Tpos:642.8,Tstd:274.6,Bpos:495.9,Bstd:335.7,StrandBias:-1.0,Multiplicity:1.50
0.847	0.076	0.001	0.076
0.054	0.001	0.858	0.087
0.895	0.001	0.001	0.103
0.001	0.997	0.001	0.001
0.001	0.997	0.001	0.001
0.889	0.109	0.001	0.001
0.001	0.922	0.076	0.001
0.001	0.909	0.089	0.001
0.054	0.944	0.001	0.001
0.997	0.001	0.001	0.001
>TGTACATCGG	5-TGTACATCGG	11.137655	-20.088376	0	T:8.0(14.04%),B:227.5(0.58%),P:1e-8	Tpos:562.1,Tstd:244.2,Bpos:470.6,Bstd:336.8,StrandBias:0.0,Multiplicity:1.00
0.001	0.001	0.001	0.997
0.001	0.001	0.997	0.001
0.001	0.001	0.001	0.997
0.674	0.001	0.200	0.125
0.001	0.997	0.001	0.001
0.997	0.001	0.001	0.001
0.001	0.001	0.001	0.997
0.151	0.722	0.001	0.126
0.001	0.001	0.997	0.001
0.001	0.210	0.788	0.001
>AGATAACAAG	6-AGATAACAAG	9.476945	-19.767111	0	T:14.0(24.56%),B:1253.0(3.20%),P:1e-8	Tpos:741.3,Tstd:261.8,Bpos:520.5,Bstd:321.1,StrandBias:-0.7,Multiplicity:1.14
0.997	0.001	0.001	0.001
0.057	0.001	0.941	0.001
0.831	0.138	0.030	0.001
0.001	0.001	0.080	0.918
0.896	0.001	0.102	0.001
0.847	0.001	0.151	0.001
0.066	0.830	0.001	0.103
0.868	0.001	0.130	0.001
0.997	0.001	0.001	0.001
0.001	0.114	0.884	0.001
>GGGCTCCGCC	7-GGGCTCCGCC	11.018021	-15.689935	0	T:6.0(10.53%),B:159.6(0.41%),P:1e-6	Tpos:668.2,Tstd:257.8,Bpos:557.4,Bstd:306.2,StrandBias:1.0,Multiplicity:1.00
0.067	0.001	0.931	0.001
0.112	0.001	0.886	0.001
0.134	0.001	0.864	0.001
0.001	0.997	0.001	0.001
0.001	0.001	0.174	0.824
0.001	0.997	0.001	0.001
0.001	0.997	0.001	0.001
0.001	0.001	0.997	0.001
0.001	0.997	0.001	0.001
0.001	0.648	0.144	0.207
>ACTTCCTGCT	8-ACTTCCTGCT	10.117173	-14.727063	0	T:7.0(12.28%),B:311.9(0.80%),P:1e-6	Tpos:668.0,Tstd:199.9,Bpos:516.3,Bstd:316.7,StrandBias:-10.0,Multiplicity:1.14
0.997	0.001	0.001	0.001
0.001	0.997	0.001	0.001
0.001	0.001	0.001	0.997
0.001	0.001	0.001	0.997
0.001	0.886	0.001	0.112
0.001	0.997	0.001	0.001
0.001	0.001	0.001	0.997
0.001	0.001	0.997	0.001
0.001	0.756	0.216	0.027
0.001	0.001	0.001	0.997
>TGTACTTCTT	9-TGTACTTCTT	9.502361	-14.688654	0	T:17.0(29.82%),B:2869.6(7.32%),P:1e-6	Tpos:473.9,Tstd:282.5,Bpos:514.9,Bstd:323.1,StrandBias:-0.7,Multiplicity:1.06
0.001	0.001	0.001	0.997
0.001	0.001	0.976	0.022
0.189	0.001	0.001	0.809
0.610	0.388	0.001	0.001
0.001	0.957	0.001	0.041
0.001	0.001	0.001	0.997
0.001	0.001	0.001	0.997
0.228	0.637	0.001	0.134
0.001	0.329	0.001	0.669
0.001	0.001	0.001	0.997
>TTCGATGCAC	10-TTCGATGCAC	10.812509	-12.465358	0	T:6.0(10.53%),B:281.2(0.72%),P:1e-5	Tpos:546.0,Tstd:305.4,Bpos:492.7,Bstd:321.4,StrandBias:1.0,Multiplicity:1.20
0.001	0.001	0.001	0.997
0.001	0.001	0.252	0.746
0.001	0.997	0.001	0.001
0.001	0.001	0.997	0.001
0.997	0.001	0.001	0.001
0.001	0.001	0.001	0.997
0.001	0.252	0.682	0.065
0.001	0.997	0.001	0.001
0.997	0.001	0.001	0.001
0.001	0.997	0.001	0.001
>GTGCGATGCA	11-GTGCGATGCA	11.210052	-10.973411	0	T:4.0(7.02%),B:101.3(0.26%),P:1e-4	Tpos:469.8,Tstd:365.8,Bpos:519.5,Bstd:286.0,StrandBias:-10.0,Multiplicity:1.00
0.001	0.001	0.997	0.001
0.279	0.001	0.001	0.719
0.001	0.001	0.803	0.195
0.017	0.961	0.021	0.001
0.022	0.001	0.976	0.001
0.769	0.001	0.001	0.229
0.247	0.001	0.001	0.751
0.001	0.027	0.936	0.036
0.001	0.997	0.001	0.001
0.997	0.001	0.001	0.001
>TGATATGCCA	12-TGATATGCCA	7.453751	-9.382342	0	T:6.0(10.53%),B:491.0(1.25%),P:1e-4	Tpos:565.1,Tstd:172.9,Bpos:456.5,Bstd:307.7,StrandBias:-2.8,Multiplicity:1.33
0.026	0.001	0.001	0.972
0.001	0.001	0.976	0.022
0.997	0.001	0.001	0.001
0.001	0.001	0.001	0.997
0.979	0.001	0.001	0.019
0.001	0.001	0.001	0.997
0.001	0.001	0.997	0.001
0.001	0.997	0.001	0.001
0.001	0.905	0.001	0.093
0.997	0.001	0.001	0.001
>CCACAGTATC	13-CCACAGTATC	11.637677	-7.912885	0	T:3.0(5.26%),B:92.3(0.24%),P:1e-3	Tpos:468.9,Tstd:280.9,Bpos:443.2,Bstd:292.4,StrandBias:10.0,Multiplicity:2.67
0.001	0.887	0.001	0.111
0.001	0.997	0.001	0.001
0.997	0.001	0.001	0.001
0.001	0.997	0.001	0.001
0.997	0.001	0.001	0.001
0.001	0.001	0.997	0.001
0.001	0.001	0.001	0.997
0.997	0.001	0.001	0.001
0.001	0.001	0.001	0.997
0.001	0.997	0.001	0.001
>CAGGATCCTC	14-CAGGATCCTC	11.489951	-7.704589	0	T:3.0(5.26%),B:99.1(0.25%),P:1e-3	Tpos:413.3,Tstd:262.2,Bpos:444.5,Bstd:321.3,StrandBias:2.6,Multiplicity:2.33
0.001	0.829	0.001	0.169
0.860	0.001	0.001	0.138
0.001	0.001	0.997	0.001
0.001	0.001	0.997	0.001
0.997	0.001	0.001	0.001
0.001	0.001	0.001	0.997
0.001	0.997	0.001	0.001
0.001	0.832	0.166	0.001
0.001	0.001	0.001	0.997
0.001	0.997	0.001	0.001
>CAGCAGAGGA	15-CAGCAGAGGA	11.181759	-7.123345	0	T:4.0(7.02%),B:282.2(0.72%),P:1e-3	Tpos:411.0,Tstd:345.1,Bpos:544.6,Bstd:315.3,StrandBias:-2.8,Multiplicity:2.00
0.001	0.751	0.247	0.001
0.997	0.001	0.001	0.001
0.001	0.001	0.997	0.001
0.001	0.997	0.001	0.001
0.997	0.001	0.001	0.001
0.001	0.001	0.997	0.001
0.997	0.001	0.001	0.001
0.001	0.001	0.714	0.284
0.001	0.001	0.997	0.001
0.997	0.001	0.001	0.001
>GAGGGTACTG	16-GAGGGTACTG	13.007876	-5.942887	0	T:2.0(3.51%),B:50.3(0.13%),P:1e-2	Tpos:354.7,Tstd:275.7,Bpos:655.4,Bstd:339.2,StrandBias:-10.0,Multiplicity:3.50
0.001	0.001	0.997	0.001
0.997	0.001	0.001	0.001
0.001	0.001	0.997	0.001
0.001	0.001	0.997	0.001
0.338	0.001	0.660	0.001
0.001	0.001	0.001	0.997
0.660	0.338	0.001	0.001
0.001	0.997	0.001	0.001
0.001	0.001	0.001	0.997
0.001	0.001	0.997	0.001
>GGATACCGTG	17-GGATACCGTG	13.298048	-4.592619	0	T:1.0(1.75%),B:6.5(0.02%),P:1e-1	Tpos:238.0,Tstd:131.5,Bpos:536.7,Bstd:227.6,StrandBias:-10.0,Multiplicity:5.00
0.001	0.001	0.997	0.001
0.001	0.001	0.997	0.001
0.997	0.001	0.001	0.001
0.001	0.001	0.001	0.997
0.997	0.001	0.001	0.001
0.001	0.997	0.001	0.001
0.001	0.584	0.001	0.414
0.001	0.001	0.997	0.001
0.001	0.001	0.001	0.997
0.001	0.001	0.997	0.001
>GCCAGCACTT	18-GCCAGCACTT	10.296193	-3.332463	0	T:1.0(1.75%),B:25.0(0.06%),P:1e-1	Tpos:314.5,Tstd:158.8,Bpos:467.8,Bstd:332.6,StrandBias:10.0,Multiplicity:6.00
0.100	0.100	0.700	0.100
0.100	0.700	0.100	0.100
0.100	0.700	0.100	0.100
0.700	0.100	0.100	0.100
0.100	0.100	0.700	0.100
0.100	0.700	0.100	0.100
0.700	0.100	0.100	0.100
0.100	0.700	0.100	0.100
0.100	0.100	0.100	0.700
0.100	0.100	0.100	0.700
>GGTAACTACA	19-GGTAACTACA	10.296193	-3.121610	0	T:1.0(1.75%),B:30.9(0.08%),P:1e-1	Tpos:296.5,Tstd:158.8,Bpos:472.2,Bstd:285.7,StrandBias:10.0,Multiplicity:6.00
0.100	0.100	0.700	0.100
0.100	0.100	0.700	0.100
0.100	0.100	0.100	0.700
0.700	0.100	0.100	0.100
0.700	0.100	0.100	0.100
0.100	0.700	0.100	0.100
0.100	0.100	0.100	0.700
0.700	0.100	0.100	0.100
0.100	0.700	0.100	0.100
0.700	0.100	0.100	0.100
>TGGCCGAGTT	20-TGGCCGAGTT	10.296193	-1.216244	0	T:1.0(1.75%),B:240.5(0.61%),P:1e0	Tpos:560.6,Tstd:195.1,Bpos:500.1,Bstd:299.6,StrandBias:2.8,Multiplicity:8.00
0.100	0.100	0.100	0.700
0.100	0.100	0.700	0.100
0.100	0.100	0.700	0.100
0.100	0.700	0.100	0.100
0.100	0.700	0.100	0.100
0.100	0.100	0.700	0.100
0.700	0.100	0.100	0.100
0.100	0.100	0.700	0.100
0.100	0.100	0.100	0.700
0.100	0.100	0.100	0.700
