>AAACCAGGGG	1-AAACCAGGGG	7.162274	-26.203259	0	T:24.0(85.71%),B:7863.3(23.11%),P:1e-11	Tpos:550.4,Tstd:287.5,Bpos:528.5,Bstd:379.0,StrandBias:-0.5,Multiplicity:1.12
0.997	0.001	0.001	0.001
0.926	0.072	0.001	0.001
0.902	0.001	0.096	0.001
0.137	0.614	0.052	0.197
0.130	0.651	0.141	0.078
0.729	0.001	0.173	0.097
0.193	0.088	0.635	0.084
0.095	0.001	0.873	0.031
0.080	0.001	0.918	0.001
0.181	0.054	0.764	0.001
>CGTGCCAGAG	2-CGTGCCAGAG	10.155700	-19.502457	0	T:6.0(21.43%),B:154.3(0.45%),P:1e-8	Tpos:432.3,Tstd:197.7,Bpos:460.9,Bstd:383.7,StrandBias:-0.4,Multiplicity:1.17
0.001	0.997	0.001	0.001
0.001	0.001	0.787	0.211
0.001	0.001	0.001	0.997
0.001	0.001	0.997	0.001
0.001	0.842	0.156	0.001
0.001	0.747	0.001	0.251
0.811	0.001	0.187	0.001
0.001	0.001	0.997	0.001
0.997	0.001	0.001	0.001
0.001	0.001	0.997	0.001
>ATGGTCGTTC	3-ATGGTCGTTC	11.290299	-18.796218	0	T:6.0(21.43%),B:174.6(0.51%),P:1e-8	Tpos:373.3,Tstd:273.6,Bpos:498.2,Bstd:319.3,StrandBias:1.0,Multiplicity:1.00
0.997	0.001	0.001	0.001
0.001	0.001	0.001	0.997
0.001	0.001	0.997	0.001
0.001	0.177	0.821	0.001
0.001	0.171	0.001	0.827
0.001	0.837	0.161	0.001
0.138	0.001	0.711	0.150
0.001	0.001	0.001	0.997
0.001	0.001	0.001	0.997
0.001	0.997	0.001	0.001
>GGGAGCGTGT	4-GGGAGCGTGT	11.140845	-16.648716	0	T:5.0(17.86%),B:121.8(0.36%),P:1e-7	Tpos:615.8,Tstd:82.6,Bpos:522.7,Bstd:348.6,StrandBias:-1.0,Multiplicity:1.20
0.001	0.156	0.720	0.123
0.132	0.001	0.866	0.001
0.001	0.001	0.741	0.257
0.997	0.001	0.001	0.001
0.001	0.001	0.997	0.001
0.150	0.848	0.001	0.001
0.001	0.001	0.997	0.001
0.001	0.001	0.001	0.997
0.001	0.001	0.997	0.001
0.001	0.001	0.001	0.997
>TAATACGCGG	5-TAATACGCGG	11.487858	-15.372651	0	T:4.0(14.29%),B:59.1(0.17%),P:1e-6	Tpos:501.2,Tstd:287.9,Bpos:611.4,Bstd:334.2,StrandBias:-0.6,Multiplicity:1.25
0.001	0.001	0.188	0.810
0.997	0.001	0.001	0.001
0.997	0.001	0.001	0.001
0.001	0.001	0.001	0.997
0.807	0.001	0.191	0.001
0.001	0.796	0.001	0.202
0.001	0.001	0.997	0.001
0.001	0.816	0.182	0.001
0.001	0.001	0.997	0.001
0.001	0.001	0.997	0.001
>AGKAAAAATC	6-AGKAAAAATC	10.874964	-11.135383	0	T:11.0(39.29%),B:3033.5(8.92%),P:1e-4	Tpos:598.6,Tstd:288.5,Bpos:519.7,Bstd:369.6,StrandBias:-0.4,Multiplicity:1.45
0.997	0.001	0.001	0.001
0.001	0.001	0.997	0.001
0.095	0.192	0.333	0.380
0.997	0.001	0.001	0.001
0.997	0.001	0.001	0.001
0.997	0.001	0.001	0.001
0.997	0.001	0.001	0.001
0.997	0.001	0.001	0.001
0.001	0.001	0.001	0.997
0.155	0.843	0.001	0.001
>AATTCTCGAT	7-AATTCTCGAT	7.917558	-11.102530	0	T:22.0(78.57%),B:12953.1(38.08%),P:1e-4	Tpos:576.9,Tstd:294.1,Bpos:509.8,Bstd:367.5,StrandBias:-0.3,Multiplicity:1.73
0.717	0.001	0.157	0.125
0.597	0.005	0.006	0.392
0.084	0.001	0.001	0.914
0.004	0.001	0.001	0.994
0.001	0.777	0.162	0.060
0.102	0.042	0.052	0.804
0.368	0.630	0.001	0.001
0.100	0.094	0.805	0.001
0.619	0.377	0.001	0.003
0.237	0.001	0.001	0.761
>CACACACTCA	8-CACACACTCA	7.474977	-9.094903	0	T:13.0(46.43%),B:5277.7(15.51%),P:1e-3	Tpos:402.3,Tstd:254.4,Bpos:526.9,Bstd:352.8,StrandBias:-0.4,Multiplicity:1.38
0.081	0.780	0.085	0.054
0.857	0.001	0.087	0.055
0.050	0.894	0.055	0.001
0.947	0.001	0.001	0.051
0.121	0.841	0.001	0.037
0.802	0.001	0.108	0.089
0.132	0.761	0.058	0.049
0.148	0.047	0.049	0.756
0.173	0.662	0.164	0.001
0.712	0.001	0.144	0.143
>TCACGTGAWT	9-TCACGTGAWT	11.125432	-6.693944	0	T:3.0(10.71%),B:256.3(0.75%),P:1e-2	Tpos:467.0,Tstd:226.3,Bpos:608.9,Bstd:364.4,StrandBias:0.6,Multiplicity:1.33
0.001	0.001	0.001	0.997
0.001	0.997	0.001	0.001
0.997	0.001	0.001	0.001
0.001	0.997	0.001	0.001
0.001	0.001	0.997	0.001
0.001	0.001	0.001	0.997
0.001	0.001	0.997	0.001
0.997	0.001	0.001	0.001
0.484	0.001	0.001	0.514
0.129	0.001	0.043	0.827
>TGATTTAAGC	10-TGATTTAAGC	8.350283	-4.198374	0	T:5.0(17.86%),B:1808.4(5.32%),P:1e-1	Tpos:400.6,Tstd:299.4,Bpos:525.7,Bstd:339.9,StrandBias:-0.7,Multiplicity:1.60
0.100	0.100	0.100	0.700
0.100	0.100	0.700	0.100
0.700	0.100	0.100	0.100
0.100	0.100	0.100	0.700
0.100	0.100	0.100	0.700
0.100	0.100	0.100	0.700
0.700	0.100	0.100	0.100
0.700	0.100	0.100	0.100
0.100	0.100	0.700	0.100
0.100	0.700	0.100	0.100
>TTTCGTTGATTT	1-TTTCGTTGATTT	11.927675	-19.369171	0	T:11.0(39.29%),B:1328.9(3.91%),P:1e-8	Tpos:585.2,Tstd:262.4,Bpos:529.7,Bstd:404.6,StrandBias:1.2,Multiplicity:1.18
0.001	0.001	0.001	0.997
0.001	0.001	0.001	0.997
0.001	0.255	0.001	0.743
0.001	0.765	0.001	0.233
0.215	0.001	0.705	0.079
0.001	0.226	0.001	0.772
0.199	0.133	0.001	0.667
0.225	0.115	0.659	0.001
0.753	0.145	0.001	0.101
0.001	0.001	0.189	0.809
0.001	0.017	0.001	0.981
0.001	0.001	0.001	0.997
>GATTTTTACTAW	2-GATTTTTACTAW	11.881032	-17.716143	0	T:8.0(28.57%),B:592.2(1.74%),P:1e-7	Tpos:685.2,Tstd:223.9,Bpos:475.6,Bstd:352.0,StrandBias:-0.6,Multiplicity:1.25
0.098	0.001	0.900	0.001
0.861	0.001	0.001	0.137
0.140	0.001	0.001	0.858
0.001	0.001	0.001	0.997
0.001	0.001	0.001	0.997
0.001	0.001	0.001	0.997
0.001	0.001	0.001	0.997
0.609	0.149	0.237	0.005
0.001	0.870	0.128	0.001
0.001	0.001	0.001	0.997
0.765	0.001	0.088	0.146
0.332	0.131	0.170	0.366
>TAGAAGTGTCCC	3-TAGAAGTGTCCC	10.517735	-15.333436	0	T:5.0(17.86%),B:159.2(0.47%),P:1e-6	Tpos:514.5,Tstd:170.7,Bpos:491.2,Bstd:308.7,StrandBias:0.0,Multiplicity:1.20
0.001	0.001	0.001	0.997
0.582	0.416	0.001	0.001
0.001	0.001	0.997	0.001
0.997	0.001	0.001	0.001
0.997	0.001	0.001	0.001
0.001	0.001	0.997	0.001
0.001	0.001	0.001	0.997
0.001	0.001	0.644	0.354
0.001	0.030	0.001	0.968
0.001	0.582	0.001	0.416
0.001	0.673	0.001	0.325
0.001	0.997	0.001	0.001
>TTTCGACTTCTC	4-TTTCGACTTCTC	11.179430	-13.033108	0	T:9.0(32.14%),B:1510.1(4.44%),P:1e-5	Tpos:465.6,Tstd:304.5,Bpos:515.7,Bstd:364.1,StrandBias:0.8,Multiplicity:1.22
0.001	0.001	0.006	0.992
0.095	0.001	0.001	0.903
0.001	0.001	0.160	0.838
0.001	0.781	0.001	0.217
0.092	0.001	0.672	0.235
0.724	0.001	0.001	0.274
0.004	0.856	0.135	0.005
0.091	0.001	0.001	0.907
0.001	0.001	0.001	0.997
0.001	0.701	0.001	0.297
0.001	0.001	0.001	0.997
0.135	0.651	0.110	0.104
>CAATCAGCGCGT	5-CAATCAGCGCGT	15.899841	-7.103293	0	T:1.0(3.57%),B:0.7(0.00%),P:1e-3	Tpos:492.0,Tstd:0.0,Bpos:706.0,Bstd:0.0,StrandBias:10.0,Multiplicity:1.00
0.001	0.997	0.001	0.001
0.997	0.001	0.001	0.001
0.997	0.001	0.001	0.001
0.001	0.001	0.001	0.997
0.001	0.997	0.001	0.001
0.997	0.001	0.001	0.001
0.328	0.001	0.670	0.001
0.001	0.997	0.001	0.001
0.001	0.001	0.997	0.001
0.001	0.997	0.001	0.001
0.261	0.001	0.737	0.001
0.001	0.001	0.001	0.997
>AAAACTCGCAAA	6-AAAACTCGCAAA	10.409522	-4.999537	0	T:5.0(17.86%),B:1484.9(4.36%),P:1e-2	Tpos:651.1,Tstd:222.4,Bpos:512.3,Bstd:387.6,StrandBias:-1.6,Multiplicity:1.60
0.700	0.100	0.100	0.100
0.700	0.100	0.100	0.100
0.700	0.100	0.100	0.100
0.700	0.100	0.100	0.100
0.100	0.700	0.100	0.100
0.100	0.100	0.100	0.700
0.100	0.700	0.100	0.100
0.100	0.100	0.700	0.100
0.100	0.700	0.100	0.100
0.700	0.100	0.100	0.100
0.700	0.100	0.100	0.100
0.700	0.100	0.100	0.100
>AAAGCAGG	1-AAAGCAGG	8.340073	-15.727004	0	T:11.0(39.29%),B:1898.3(5.58%),P:1e-6	Tpos:490.4,Tstd:294.5,Bpos:507.1,Bstd:354.1,StrandBias:0.0,Multiplicity:1.09
0.891	0.001	0.001	0.107
0.900	0.098	0.001	0.001
0.997	0.001	0.001	0.001
0.001	0.255	0.743	0.001
0.001	0.997	0.001	0.001
0.997	0.001	0.001	0.001
0.001	0.001	0.997	0.001
0.001	0.001	0.997	0.001
>TGCCTGAG	2-TGCCTGAG	8.672166	-9.653136	0	T:7.0(25.00%),B:1281.5(3.77%),P:1e-4	Tpos:413.6,Tstd:220.1,Bpos:461.6,Bstd:350.5,StrandBias:-1.2,Multiplicity:1.43
0.001	0.001	0.001	0.997
0.001	0.001	0.997	0.001
0.001	0.997	0.001	0.001
0.001	0.997	0.001	0.001
0.254	0.001	0.290	0.455
0.001	0.001	0.997	0.001
0.748	0.250	0.001	0.001
0.203	0.001	0.795	0.001
>GCATCGCT	3-GCATCGCT	8.236954	-9.607921	0	T:4.0(14.29%),B:265.7(0.78%),P:1e-4	Tpos:601.8,Tstd:131.1,Bpos:475.2,Bstd:376.2,StrandBias:2.0,Multiplicity:1.25
0.100	0.100	0.700	0.100
0.100	0.700	0.100	0.100
0.700	0.100	0.100	0.100
0.100	0.100	0.100	0.700
0.100	0.700	0.100	0.100
0.100	0.100	0.700	0.100
0.100	0.700	0.100	0.100
0.100	0.100	0.100	0.700
>ACACGCTC	4-ACACGCTC	8.894363	-8.690748	0	T:5.0(17.86%),B:643.1(1.89%),P:1e-3	Tpos:541.5,Tstd:125.7,Bpos:501.3,Bstd:369.9,StrandBias:2.3,Multiplicity:1.20
0.874	0.001	0.124	0.001
0.001	0.997	0.001	0.001
0.851	0.147	0.001	0.001
0.001	0.997	0.001	0.001
0.001	0.001	0.997	0.001
0.001	0.997	0.001	0.001
0.001	0.001	0.001	0.997
0.119	0.879	0.001	0.001
>CGACCGGT	5-CGACCGGT	5.569724	-7.685661	0	T:8.0(28.57%),B:2347.6(6.90%),P:1e-3	Tpos:585.6,Tstd:274.1,Bpos:499.8,Bstd:388.4,StrandBias:-0.4,Multiplicity:1.38
0.001	0.997	0.001	0.001
0.001	0.001	0.997	0.001
0.997	0.001	0.001	0.001
0.001	0.662	0.001	0.336
0.001	0.997	0.001	0.001
0.001	0.001	0.997	0.001
0.295	0.001	0.703	0.001
0.001	0.041	0.001	0.957
