>CCGCGTAT	1-CCGCGTAT	7.073156	-19.159217	0	T:29.0(23.58%),B:2687.2(6.91%),P:1e-8	Tpos:572.1,Tstd:269.7,Bpos:519.9,Bstd:355.2,StrandBias:1.4,Multiplicity:1.14
0.001	0.977	0.001	0.021
0.001	0.997	0.001	0.001
0.001	0.068	0.788	0.143
0.039	0.916	0.044	0.001
0.001	0.001	0.997	0.001
0.143	0.001	0.023	0.833
0.752	0.050	0.020	0.178
0.056	0.041	0.034	0.869
>GCGCGAGC	2-GCGCGAGC	5.222869	-11.692650	0	T:55.0(44.72%),B:10219.2(26.29%),P:1e-5	Tpos:547.3,Tstd:272.2,Bpos:515.5,Bstd:371.4,StrandBias:-0.3,Multiplicity:1.53
0.058	0.036	0.824	0.082
0.133	0.679	0.053	0.135
0.042	0.097	0.838	0.023
0.142	0.757	0.037	0.064
0.090	0.068	0.723	0.119
0.793	0.074	0.060	0.073
0.089	0.108	0.735	0.068
0.084	0.662	0.102	0.152
>TSTCGTCA	3-TSTCGTCA	8.665322	-11.070389	0	T:20.0(16.26%),B:2155.9(5.55%),P:1e-4	Tpos:604.9,Tstd:222.0,Bpos:518.2,Bstd:358.7,StrandBias:0.0,Multiplicity:1.00
0.001	0.415	0.001	0.583
0.001	0.445	0.503	0.051
0.254	0.046	0.065	0.635
0.032	0.885	0.013	0.070
0.063	0.001	0.792	0.144
0.001	0.009	0.027	0.963
0.042	0.895	0.004	0.059
0.889	0.010	0.040	0.061
>TCGYAAYA	4-TCGYAAYA	8.888854	-10.178772	0	T:25.0(20.33%),B:3307.5(8.51%),P:1e-4	Tpos:458.2,Tstd:284.7,Bpos:524.1,Bstd:340.8,StrandBias:0.0,Multiplicity:1.20
0.224	0.001	0.001	0.774
0.001	0.987	0.011	0.001
0.001	0.005	0.993	0.001
0.001	0.572	0.001	0.426
0.762	0.001	0.236	0.001
0.997	0.001	0.001	0.001
0.001	0.546	0.001	0.452
0.997	0.001	0.001	0.001
>AATTCCCC	5-AATTCCCC	8.578630	-8.044992	0	T:19.0(15.45%),B:2484.1(6.39%),P:1e-3	Tpos:539.1,Tstd:277.7,Bpos:506.7,Bstd:351.7,StrandBias:1.4,Multiplicity:1.68
0.997	0.001	0.001	0.001
0.997	0.001	0.001	0.001
0.001	0.001	0.001	0.997
0.001	0.107	0.001	0.891
0.001	0.997	0.001	0.001
0.001	0.997	0.001	0.001
0.001	0.772	0.226	0.001
0.001	0.997	0.001	0.001
