>TACCCTTCTC	1-TACCCTTCTC	9.616366	-23.837826	0	T:18.0(14.63%),B:753.9(1.94%),P:1e-10	Tpos:537.9,Tstd:300.1,Bpos:519.5,Bstd:317.7,StrandBias:1.0,Multiplicity:1.00
0.001	0.001	0.001	0.997
0.962	0.001	0.001	0.036
0.001	0.888	0.071	0.040
0.045	0.912	0.001	0.042
0.073	0.702	0.095	0.130
0.089	0.001	0.001	0.909
0.001	0.001	0.001	0.997
0.074	0.889	0.001	0.036
0.108	0.001	0.001	0.890
0.001	0.904	0.094	0.001
>AATKGTGCGC	2-AATKGTGCGC	7.967466	-21.781316	0	T:30.0(24.39%),B:2557.2(6.58%),P:1e-9	Tpos:602.6,Tstd:264.6,Bpos:535.4,Bstd:363.9,StrandBias:0.1,Multiplicity:1.10
0.768	0.001	0.230	0.001
0.849	0.080	0.070	0.001
0.118	0.001	0.203	0.678
0.065	0.167	0.448	0.319
0.001	0.109	0.889	0.001
0.208	0.001	0.001	0.790
0.001	0.085	0.869	0.045
0.001	0.828	0.049	0.122
0.001	0.001	0.997	0.001
0.221	0.625	0.153	0.001
>AGCCGTTCTA	3-AGCCGTTCTA	10.477647	-21.201570	0	T:12.0(9.76%),B:315.7(0.81%),P:1e-9	Tpos:567.2,Tstd:227.5,Bpos:531.5,Bstd:344.9,StrandBias:1.6,Multiplicity:1.00
0.890	0.001	0.001	0.108
0.001	0.001	0.997	0.001
0.001	0.871	0.001	0.127
0.079	0.810	0.001	0.110
0.099	0.001	0.899	0.001
0.001	0.001	0.001	0.997
0.001	0.001	0.001	0.997
0.001	0.920	0.001	0.078
0.001	0.001	0.117	0.881
0.881	0.117	0.001	0.001
>CGCAATCGAA	4-CGCAATCGAA	10.417879	-19.838845	0	T:12.0(9.76%),B:357.1(0.92%),P:1e-8	Tpos:480.2,Tstd:265.3,Bpos:457.4,Bstd:325.1,StrandBias:0.5,Multiplicity:1.00
0.027	0.971	0.001	0.001
0.001	0.169	0.829	0.001
0.001	0.994	0.004	0.001
0.823	0.097	0.001	0.079
0.839	0.001	0.001	0.159
0.001	0.001	0.001	0.997
0.113	0.667	0.142	0.078
0.001	0.001	0.997	0.001
0.862	0.001	0.136	0.001
0.864	0.001	0.134	0.001
>AGTCGTCGCC	5-AGTCGTCGCC	9.921496	-19.515564	0	T:16.0(13.01%),B:759.2(1.95%),P:1e-8	Tpos:487.9,Tstd:267.2,Bpos:519.9,Bstd:362.5,StrandBias:0.9,Multiplicity:1.06
0.997	0.001	0.001	0.001
0.001	0.001	0.630	0.368
0.001	0.001	0.001	0.997
0.001	0.997	0.001	0.001
0.001	0.318	0.680	0.001
0.182	0.001	0.001	0.816
0.001	0.997	0.001	0.001
0.001	0.001	0.624	0.374
0.001	0.552	0.266	0.181
0.001	0.997	0.001	0.001
>CGTRCCAGMG	6-CGTRCCAGMG	11.443134	-19.149018	0	T:6.0(4.88%),B:37.2(0.10%),P:1e-8	Tpos:453.8,Tstd:217.6,Bpos:473.6,Bstd:370.7,StrandBias:-1.0,Multiplicity:1.00
0.001	0.997	0.001	0.001
0.001	0.001	0.997	0.001
0.001	0.370	0.001	0.628
0.510	0.001	0.488	0.001
0.001	0.997	0.001	0.001
0.001	0.648	0.350	0.001
0.997	0.001	0.001	0.001
0.001	0.001	0.997	0.001
0.456	0.542	0.001	0.001
0.001	0.001	0.997	0.001
>GATATTACGA	7-GATATTACGA	10.144409	-18.401465	0	T:16.0(13.01%),B:824.0(2.12%),P:1e-7	Tpos:391.1,Tstd:275.6,Bpos:505.3,Bstd:319.5,StrandBias:0.0,Multiplicity:1.12
0.038	0.093	0.868	0.001
0.915	0.001	0.001	0.083
0.001	0.001	0.001	0.997
0.997	0.001	0.001	0.001
0.084	0.001	0.001	0.914
0.001	0.001	0.001	0.997
0.695	0.063	0.085	0.157
0.001	0.898	0.001	0.100
0.063	0.001	0.935	0.001
0.858	0.001	0.001	0.140
>ACGTGAGGGT	8-ACGTGAGGGT	9.168391	-18.073094	0	T:11.0(8.94%),B:334.5(0.86%),P:1e-7	Tpos:695.5,Tstd:231.9,Bpos:603.2,Bstd:314.7,StrandBias:-1.0,Multiplicity:1.09
0.997	0.001	0.001	0.001
0.001	0.887	0.001	0.111
0.001	0.001	0.997	0.001
0.133	0.001	0.001	0.865
0.001	0.001	0.997	0.001
0.865	0.001	0.133	0.001
0.001	0.060	0.845	0.094
0.096	0.001	0.902	0.001
0.119	0.001	0.776	0.104
0.001	0.001	0.001	0.997
>AGAGTAACGA	9-AGAGTAACGA	9.769084	-17.321746	0	T:16.0(13.01%),B:891.9(2.29%),P:1e-7	Tpos:633.8,Tstd:261.0,Bpos:514.1,Bstd:349.8,StrandBias:0.5,Multiplicity:1.06
0.883	0.001	0.115	0.001
0.001	0.084	0.838	0.077
0.912	0.001	0.001	0.086
0.043	0.001	0.955	0.001
0.048	0.054	0.001	0.897
0.921	0.001	0.077	0.001
0.901	0.001	0.097	0.001
0.050	0.889	0.001	0.060
0.001	0.001	0.997	0.001
0.871	0.127	0.001	0.001
>CTGGGCCAGT	10-CTGGGCCAGT	9.331203	-16.834554	0	T:8.0(6.50%),B:153.2(0.39%),P:1e-7	Tpos:347.8,Tstd:242.5,Bpos:492.8,Bstd:398.7,StrandBias:-0.5,Multiplicity:1.12
0.001	0.997	0.001	0.001
0.001	0.001	0.001	0.997
0.001	0.118	0.776	0.105
0.001	0.125	0.873	0.001
0.001	0.329	0.669	0.001
0.001	0.997	0.001	0.001
0.001	0.997	0.001	0.001
0.997	0.001	0.001	0.001
0.001	0.001	0.997	0.001
0.159	0.001	0.001	0.839
>TTCATTATCG	11-TTCATTATCG	9.114085	-16.584144	0	T:27.0(21.95%),B:2658.6(6.84%),P:1e-7	Tpos:488.7,Tstd:307.6,Bpos:524.2,Bstd:335.7,StrandBias:0.1,Multiplicity:1.15
0.001	0.079	0.001	0.919
0.001	0.080	0.001	0.918
0.120	0.841	0.001	0.038
0.870	0.001	0.083	0.046
0.042	0.001	0.001	0.956
0.001	0.041	0.001	0.957
0.723	0.099	0.054	0.124
0.001	0.001	0.001	0.997
0.001	0.901	0.064	0.034
0.001	0.001	0.965	0.033
>TCGGGTGTTG	12-TCGGGTGTTG	10.890792	-15.690998	0	T:7.0(5.69%),B:118.4(0.30%),P:1e-6	Tpos:343.4,Tstd:249.1,Bpos:546.4,Bstd:354.8,StrandBias:0.4,Multiplicity:1.00
0.001	0.001	0.131	0.867
0.001	0.997	0.001	0.001
0.001	0.001	0.997	0.001
0.001	0.044	0.954	0.001
0.001	0.001	0.934	0.064
0.001	0.104	0.001	0.894
0.001	0.001	0.931	0.067
0.001	0.090	0.089	0.820
0.001	0.001	0.120	0.878
0.001	0.001	0.814	0.184
>ATTATTTCTC	13-ATTATTTCTC	7.449405	-14.298099	0	T:80.0(65.04%),B:16657.3(42.85%),P:1e-6	Tpos:565.5,Tstd:277.6,Bpos:528.2,Bstd:331.5,StrandBias:0.8,Multiplicity:1.51
0.755	0.058	0.131	0.056
0.113	0.090	0.054	0.743
0.061	0.042	0.047	0.850
0.754	0.103	0.048	0.095
0.061	0.076	0.093	0.770
0.039	0.042	0.017	0.902
0.039	0.088	0.085	0.788
0.054	0.794	0.051	0.101
0.049	0.059	0.089	0.803
0.063	0.848	0.043	0.046
>GAATTGWCAT	14-GAATTGWCAT	9.091050	-13.933649	0	T:23.0(18.70%),B:2294.5(5.90%),P:1e-6	Tpos:400.7,Tstd:287.5,Bpos:507.8,Bstd:306.8,StrandBias:-0.3,Multiplicity:1.17
0.001	0.001	0.663	0.335
0.997	0.001	0.001	0.001
0.932	0.001	0.001	0.066
0.001	0.001	0.394	0.604
0.001	0.001	0.001	0.997
0.001	0.001	0.979	0.019
0.441	0.001	0.001	0.557
0.001	0.997	0.001	0.001
0.913	0.001	0.085	0.001
0.089	0.105	0.252	0.554
>GGCCATTGAA	15-GGCCATTGAA	10.370859	-13.851576	0	T:8.0(6.50%),B:230.6(0.59%),P:1e-6	Tpos:413.2,Tstd:244.9,Bpos:497.1,Bstd:317.4,StrandBias:-1.0,Multiplicity:1.12
0.062	0.001	0.883	0.054
0.001	0.077	0.921	0.001
0.055	0.885	0.001	0.059
0.044	0.954	0.001	0.001
0.997	0.001	0.001	0.001
0.001	0.067	0.001	0.931
0.124	0.001	0.001	0.874
0.001	0.068	0.930	0.001
0.997	0.001	0.001	0.001
0.806	0.115	0.001	0.078
>AAAATCGACG	16-AAAATCGACG	10.339072	-10.813560	0	T:23.0(18.70%),B:2776.7(7.14%),P:1e-4	Tpos:516.9,Tstd:295.4,Bpos:516.4,Bstd:370.0,StrandBias:0.6,Multiplicity:1.22
0.919	0.001	0.079	0.001
0.997	0.001	0.001	0.001
0.997	0.001	0.001	0.001
0.997	0.001	0.001	0.001
0.001	0.001	0.001	0.997
0.077	0.758	0.001	0.164
0.080	0.001	0.849	0.070
0.957	0.001	0.001	0.041
0.001	0.876	0.001	0.122
0.197	0.072	0.730	0.001
>TAAAATTCCC	17-TAAAATTCCC	11.297595	-4.204285	0	T:4.0(3.25%),B:294.5(0.76%),P:1e-1	Tpos:308.5,Tstd:153.7,Bpos:509.2,Bstd:350.2,StrandBias:2.7,Multiplicity:3.75
0.001	0.001	0.001	0.997
0.997	0.001	0.001	0.001
0.997	0.001	0.001	0.001
0.997	0.001	0.001	0.001
0.919	0.001	0.079	0.001
0.001	0.001	0.001	0.997
0.001	0.001	0.001	0.997
0.001	0.997	0.001	0.001
0.001	0.997	0.001	0.001
0.001	0.997	0.001	0.001
>ACGTCAGAATGC	1-ACGTCAGAATGC	10.626399	-27.312483	0	T:16.0(13.01%),B:439.3(1.13%),P:1e-11	Tpos:612.2,Tstd:266.8,Bpos:541.1,Bstd:349.0,StrandBias:0.7,Multiplicity:1.00
0.916	0.001	0.001	0.082
0.146	0.664	0.001	0.189
0.074	0.001	0.924	0.001
0.172	0.001	0.125	0.702
0.059	0.745	0.075	0.121
0.893	0.001	0.105	0.001
0.209	0.004	0.695	0.092
0.997	0.001	0.001	0.001
0.904	0.001	0.001	0.094
0.089	0.001	0.001	0.909
0.001	0.212	0.786	0.001
0.001	0.878	0.001	0.120
>TAAAGTYTCTCT	2-TAAAGTYTCTCT	11.442473	-26.686524	0	T:18.0(14.63%),B:630.7(1.62%),P:1e-11	Tpos:486.2,Tstd:260.7,Bpos:505.7,Bstd:307.2,StrandBias:0.7,Multiplicity:1.00
0.057	0.001	0.001	0.941
0.997	0.001	0.001	0.001
0.915	0.001	0.001	0.083
0.779	0.001	0.001	0.219
0.338	0.001	0.660	0.001
0.001	0.001	0.001	0.997
0.001	0.468	0.001	0.530
0.001	0.001	0.001	0.997
0.001	0.897	0.001	0.101
0.005	0.190	0.149	0.656
0.064	0.696	0.001	0.239
0.151	0.001	0.001	0.847
>TTTCGAAAAATG	3-TTTCGAAAAATG	11.448593	-25.455464	0	T:16.0(13.01%),B:499.9(1.29%),P:1e-11	Tpos:596.9,Tstd:287.3,Bpos:492.3,Bstd:339.3,StrandBias:-0.4,Multiplicity:1.00
0.001	0.001	0.001	0.997
0.001	0.001	0.001	0.997
0.001	0.001	0.079	0.919
0.046	0.952	0.001	0.001
0.001	0.001	0.997	0.001
0.914	0.001	0.084	0.001
0.915	0.001	0.083	0.001
0.997	0.001	0.001	0.001
0.997	0.001	0.001	0.001
0.912	0.001	0.086	0.001
0.001	0.001	0.001	0.997
0.001	0.001	0.997	0.001
>CTCGCGCACCTT	4-CTCGCGCACCTT	14.382821	-24.050510	0	T:5.0(4.07%),B:5.0(0.01%),P:1e-10	Tpos:408.8,Tstd:206.9,Bpos:458.6,Bstd:269.9,StrandBias:0.6,Multiplicity:1.00
0.001	0.997	0.001	0.001
0.001	0.001	0.201	0.797
0.001	0.997	0.001	0.001
0.001	0.001	0.997	0.001
0.001	0.997	0.001	0.001
0.001	0.001	0.997	0.001
0.001	0.997	0.001	0.001
0.997	0.001	0.001	0.001
0.001	0.997	0.001	0.001
0.001	0.733	0.265	0.001
0.265	0.001	0.001	0.733
0.001	0.001	0.001	0.997
>AATAATAGTAAT	5-AATAATAGTAAT	12.378896	-23.829638	0	T:12.0(9.76%),B:248.2(0.64%),P:1e-10	Tpos:582.1,Tstd:248.4,Bpos:507.1,Bstd:279.6,StrandBias:-2.3,Multiplicity:1.00
0.997	0.001	0.001	0.001
0.997	0.001	0.001	0.001
0.001	0.001	0.001	0.997
0.997	0.001	0.001	0.001
0.865	0.001	0.001	0.133
0.001	0.001	0.001	0.997
0.886	0.001	0.001	0.112
0.001	0.129	0.869	0.001
0.085	0.001	0.001	0.913
0.888	0.001	0.001	0.110
0.997	0.001	0.001	0.001
0.124	0.180	0.001	0.695
>CTAGCCGTTTTW	6-CTAGCCGTTTTW	10.121289	-22.886500	0	T:19.0(15.45%),B:910.4(2.34%),P:1e-9	Tpos:507.1,Tstd:276.9,Bpos:508.9,Bstd:339.4,StrandBias:1.5,Multiplicity:1.00
0.085	0.611	0.068	0.236
0.168	0.001	0.001	0.830
0.885	0.002	0.001	0.112
0.059	0.001	0.893	0.047
0.114	0.706	0.001	0.179
0.112	0.739	0.001	0.148
0.001	0.177	0.703	0.119
0.001	0.001	0.001	0.997
0.001	0.001	0.001	0.997
0.001	0.322	0.001	0.676
0.098	0.001	0.001	0.900
0.434	0.089	0.001	0.476
>GGMGACGACTAC	7-GGMGACGACTAC	14.367367	-22.756277	0	T:5.0(4.07%),B:6.6(0.02%),P:1e-9	Tpos:388.4,Tstd:193.0,Bpos:418.6,Bstd:318.3,StrandBias:-0.6,Multiplicity:1.00
0.001	0.001	0.997	0.001
0.001	0.001	0.997	0.001
0.457	0.541	0.001	0.001
0.001	0.001	0.997	0.001
0.728	0.001	0.001	0.270
0.001	0.728	0.270	0.001
0.001	0.001	0.997	0.001
0.997	0.001	0.001	0.001
0.001	0.997	0.001	0.001
0.001	0.001	0.001	0.997
0.997	0.001	0.001	0.001
0.001	0.997	0.001	0.001
>CGCGCTCAATTG	8-CGCGCTCAATTG	7.174908	-22.098923	0	T:48.0(39.02%),B:6016.4(15.48%),P:1e-9	Tpos:612.5,Tstd:266.7,Bpos:528.8,Bstd:354.0,StrandBias:0.3,Multiplicity:1.15
0.076	0.719	0.001	0.204
0.071	0.108	0.624	0.197
0.036	0.834	0.044	0.086
0.093	0.121	0.729	0.057
0.101	0.701	0.050	0.148
0.091	0.088	0.123	0.698
0.018	0.856	0.029	0.097
0.815	0.081	0.070	0.034
0.790	0.050	0.111	0.049
0.127	0.052	0.027	0.794
0.068	0.071	0.112	0.749
0.044	0.103	0.696	0.157
>TTCCATTTGGCT	9-TTCCATTTGGCT	13.393258	-21.093189	0	T:8.0(6.50%),B:86.6(0.22%),P:1e-9	Tpos:348.0,Tstd:254.7,Bpos:432.0,Bstd:321.5,StrandBias:-1.6,Multiplicity:1.00
0.001	0.001	0.001	0.997
0.001	0.001	0.001	0.997
0.001	0.896	0.001	0.102
0.001	0.750	0.113	0.136
0.997	0.001	0.001	0.001
0.001	0.001	0.001	0.997
0.173	0.001	0.001	0.825
0.001	0.001	0.001	0.997
0.001	0.001	0.997	0.001
0.001	0.001	0.905	0.093
0.109	0.889	0.001	0.001
0.001	0.001	0.130	0.868
>TATTACGATGTT	10-TATTACGATGTT	13.673763	-21.026925	0	T:6.0(4.88%),B:26.3(0.07%),P:1e-9	Tpos:621.3,Tstd:249.9,Bpos:411.9,Bstd:242.6,StrandBias:1.0,Multiplicity:1.00
0.001	0.001	0.001	0.997
0.997	0.001	0.001	0.001
0.001	0.001	0.001	0.997
0.001	0.001	0.001	0.997
0.860	0.138	0.001	0.001
0.001	0.830	0.168	0.001
0.115	0.001	0.883	0.001
0.997	0.001	0.001	0.001
0.155	0.001	0.001	0.843
0.001	0.001	0.917	0.081
0.168	0.001	0.001	0.830
0.001	0.001	0.001	0.997
>GAAAGCAATATT	11-GAAAGCAATATT	13.156954	-19.992167	0	T:9.0(7.32%),B:149.1(0.38%),P:1e-8	Tpos:542.7,Tstd:293.0,Bpos:520.9,Bstd:325.6,StrandBias:0.3,Multiplicity:1.00
0.001	0.001	0.997	0.001
0.835	0.001	0.001	0.163
0.997	0.001	0.001	0.001
0.997	0.001	0.001	0.001
0.001	0.086	0.860	0.053
0.072	0.833	0.001	0.094
0.853	0.001	0.145	0.001
0.997	0.001	0.001	0.001
0.001	0.001	0.001	0.997
0.997	0.001	0.001	0.001
0.001	0.001	0.163	0.835
0.001	0.145	0.001	0.853
>CTGTCTCTTCAT	12-CTGTCTCTTCAT	12.111941	-19.978572	0	T:8.0(6.50%),B:100.2(0.26%),P:1e-8	Tpos:578.7,Tstd:339.3,Bpos:512.9,Bstd:278.4,StrandBias:1.0,Multiplicity:1.12
0.001	0.894	0.104	0.001
0.001	0.001	0.182	0.816
0.001	0.119	0.879	0.001
0.001	0.001	0.001	0.997
0.001	0.997	0.001	0.001
0.154	0.001	0.001	0.844
0.001	0.997	0.001	0.001
0.001	0.124	0.001	0.874
0.001	0.001	0.001	0.997
0.001	0.997	0.001	0.001
0.997	0.001	0.001	0.001
0.128	0.001	0.001	0.870
>AATGTATTGCTT	13-AATGTATTGCTT	13.339688	-19.409160	0	T:8.0(6.50%),B:108.2(0.28%),P:1e-8	Tpos:499.6,Tstd:275.0,Bpos:525.5,Bstd:285.0,StrandBias:0.7,Multiplicity:1.00
0.854	0.001	0.001	0.144
0.844	0.001	0.154	0.001
0.001	0.001	0.001	0.997
0.001	0.001	0.997	0.001
0.001	0.001	0.001	0.997
0.997	0.001	0.001	0.001
0.001	0.001	0.001	0.997
0.144	0.001	0.001	0.854
0.001	0.001	0.910	0.088
0.111	0.820	0.001	0.068
0.001	0.001	0.001	0.997
0.001	0.001	0.149	0.849
>CGCGTGMCAGAK	14-CGCGTGMCAGAK	10.518219	-19.296727	0	T:6.0(4.88%),B:36.5(0.09%),P:1e-8	Tpos:553.3,Tstd:156.6,Bpos:588.7,Bstd:260.8,StrandBias:-1.0,Multiplicity:1.00
0.001	0.970	0.001	0.028
0.029	0.001	0.600	0.370
0.001	0.997	0.001	0.001
0.001	0.001	0.997	0.001
0.001	0.345	0.001	0.653
0.001	0.001	0.997	0.001
0.545	0.453	0.001	0.001
0.001	0.997	0.001	0.001
0.997	0.001	0.001	0.001
0.001	0.001	0.997	0.001
0.997	0.001	0.001	0.001
0.001	0.001	0.453	0.545
>AAGGAAAAGAAA	15-AAGGAAAAGAAA	12.610542	-19.036867	0	T:18.0(14.63%),B:1026.1(2.64%),P:1e-8	Tpos:504.6,Tstd:311.3,Bpos:558.8,Bstd:334.1,StrandBias:-0.5,Multiplicity:1.00
0.938	0.001	0.001	0.060
0.997	0.001	0.001	0.001
0.126	0.001	0.846	0.027
0.036	0.046	0.917	0.001
0.930	0.001	0.068	0.001
0.997	0.001	0.001	0.001
0.922	0.001	0.001	0.076
0.883	0.001	0.062	0.054
0.056	0.051	0.854	0.039
0.809	0.101	0.001	0.089
0.997	0.001	0.001	0.001
0.944	0.001	0.054	0.001
>GAGGAATCCGAT	16-GAGGAATCCGAT	13.868660	-18.267298	0	T:5.0(4.07%),B:19.3(0.05%),P:1e-7	Tpos:593.2,Tstd:320.8,Bpos:470.4,Bstd:284.9,StrandBias:0.6,Multiplicity:1.00
0.001	0.001	0.997	0.001
0.997	0.001	0.001	0.001
0.001	0.001	0.997	0.001
0.146	0.001	0.852	0.001
0.997	0.001	0.001	0.001
0.826	0.001	0.001	0.172
0.141	0.001	0.001	0.857
0.001	0.997	0.001	0.001
0.001	0.997	0.001	0.001
0.001	0.001	0.997	0.001
0.997	0.001	0.001	0.001
0.188	0.001	0.188	0.623
>CATTKCTTTTCT	17-CATTKCTTTTCT	10.504919	-18.035722	0	T:26.0(21.14%),B:2305.8(5.93%),P:1e-7	Tpos:541.9,Tstd:312.1,Bpos:542.3,Bstd:325.1,StrandBias:1.0,Multiplicity:1.04
0.001	0.866	0.130	0.003
0.837	0.001	0.001	0.161
0.061	0.172	0.001	0.766
0.290	0.090	0.001	0.619
0.001	0.001	0.529	0.469
0.003	0.848	0.004	0.145
0.001	0.001	0.239	0.759
0.001	0.001	0.006	0.992
0.001	0.256	0.008	0.735
0.001	0.001	0.001	0.997
0.006	0.703	0.150	0.141
0.001	0.001	0.001	0.997
>CGTTTTTATTTG	18-CGTTTTTATTTG	11.864733	-17.118711	0	T:14.0(11.38%),B:668.2(1.72%),P:1e-7	Tpos:514.4,Tstd:282.2,Bpos:526.2,Bstd:309.5,StrandBias:1.5,Multiplicity:1.07
0.046	0.912	0.001	0.041
0.051	0.001	0.904	0.044
0.071	0.001	0.001	0.927
0.124	0.001	0.001	0.874
0.001	0.001	0.129	0.869
0.143	0.001	0.001	0.855
0.001	0.001	0.089	0.909
0.839	0.082	0.078	0.001
0.001	0.001	0.001	0.997
0.001	0.001	0.001	0.997
0.001	0.001	0.001	0.997
0.001	0.001	0.952	0.046
>GTCCGCAATGTG	19-GTCCGCAATGTG	11.521700	-16.459076	0	T:8.0(6.50%),B:161.8(0.42%),P:1e-7	Tpos:646.9,Tstd:277.8,Bpos:547.9,Bstd:320.6,StrandBias:0.0,Multiplicity:1.00
0.174	0.001	0.545	0.280
0.001	0.001	0.207	0.791
0.001	0.831	0.167	0.001
0.149	0.849	0.001	0.001
0.167	0.001	0.831	0.001
0.001	0.997	0.001	0.001
0.997	0.001	0.001	0.001
0.816	0.182	0.001	0.001
0.001	0.001	0.207	0.791
0.001	0.001	0.742	0.256
0.001	0.001	0.001	0.997
0.001	0.001	0.841	0.157
>TGCGCCGAAACA	20-TGCGCCGAAACA	14.089298	-15.699042	0	T:5.0(4.07%),B:34.8(0.09%),P:1e-6	Tpos:657.3,Tstd:200.3,Bpos:453.6,Bstd:400.4,StrandBias:0.0,Multiplicity:1.20
0.001	0.001	0.001	0.997
0.001	0.001	0.997	0.001
0.001	0.997	0.001	0.001
0.001	0.001	0.997	0.001
0.001	0.812	0.001	0.186
0.001	0.997	0.001	0.001
0.001	0.001	0.997	0.001
0.779	0.219	0.001	0.001
0.997	0.001	0.001	0.001
0.760	0.238	0.001	0.001
0.167	0.831	0.001	0.001
0.997	0.001	0.001	0.001
>ATTCGTCGTCAA	21-ATTCGTCGTCAA	10.465491	-13.707612	0	T:13.0(10.57%),B:761.1(1.96%),P:1e-5	Tpos:438.4,Tstd:290.5,Bpos:444.6,Bstd:356.4,StrandBias:-0.4,Multiplicity:1.08
0.864	0.070	0.001	0.065
0.001	0.001	0.187	0.811
0.001	0.001	0.001	0.997
0.001	0.841	0.001	0.157
0.103	0.176	0.669	0.052
0.149	0.001	0.001	0.849
0.001	0.871	0.001	0.127
0.216	0.001	0.782	0.001
0.001	0.323	0.001	0.675
0.001	0.847	0.151	0.001
0.997	0.001	0.001	0.001
0.826	0.001	0.103	0.070
>TCATTGCCACTT	22-TCATTGCCACTT	13.735779	-13.586653	0	T:5.0(4.07%),B:54.6(0.14%),P:1e-5	Tpos:321.4,Tstd:222.4,Bpos:444.3,Bstd:357.9,StrandBias:0.6,Multiplicity:1.00
0.001	0.001	0.001	0.997
0.001	0.601	0.397	0.001
0.997	0.001	0.001	0.001
0.001	0.001	0.001	0.997
0.001	0.001	0.001	0.997
0.001	0.001	0.997	0.001
0.306	0.692	0.001	0.001
0.294	0.704	0.001	0.001
0.997	0.001	0.001	0.001
0.001	0.678	0.001	0.320
0.001	0.001	0.001	0.997
0.001	0.001	0.320	0.678
>CCCCAATTTTTT	23-CCCCAATTTTTT	13.728346	-9.197348	0	T:6.0(4.88%),B:227.9(0.59%),P:1e-3	Tpos:502.0,Tstd:278.0,Bpos:557.7,Bstd:335.4,StrandBias:1.3,Multiplicity:1.17
0.052	0.822	0.001	0.125
0.046	0.885	0.068	0.001
0.001	0.940	0.001	0.058
0.001	0.997	0.001	0.001
0.934	0.064	0.001	0.001
0.941	0.001	0.001	0.057
0.079	0.001	0.001	0.919
0.001	0.001	0.138	0.860
0.001	0.001	0.001	0.997
0.001	0.001	0.001	0.997
0.151	0.001	0.001	0.847
0.097	0.001	0.001	0.901
>GGGAATTTTAAG	24-GGGAATTTTAAG	11.501938	-5.558638	0	T:3.0(2.44%),B:96.4(0.25%),P:1e-2	Tpos:350.2,Tstd:222.7,Bpos:449.0,Bstd:311.8,StrandBias:-3.9,Multiplicity:5.33
0.001	0.001	0.997	0.001
0.025	0.001	0.973	0.001
0.001	0.001	0.997	0.001
0.997	0.001	0.001	0.001
0.997	0.001	0.001	0.001
0.001	0.001	0.001	0.997
0.001	0.001	0.001	0.997
0.001	0.001	0.001	0.997
0.001	0.001	0.001	0.997
0.973	0.001	0.025	0.001
0.710	0.001	0.249	0.040
0.001	0.001	0.997	0.001
>CCGCGTAT	1-CCGCGTAT	7.073156	-19.159217	0	T:29.0(23.58%),B:2687.2(6.91%),P:1e-8	Tpos:572.1,Tstd:269.7,Bpos:519.9,Bstd:355.2,StrandBias:1.4,Multiplicity:1.14
0.001	0.977	0.001	0.021
0.001	0.997	0.001	0.001
0.001	0.068	0.788	0.143
0.039	0.916	0.044	0.001
0.001	0.001	0.997	0.001
0.143	0.001	0.023	0.833
0.752	0.050	0.020	0.178
0.056	0.041	0.034	0.869
>GCGCGAGC	2-GCGCGAGC	5.222869	-11.692650	0	T:55.0(44.72%),B:10219.2(26.29%),P:1e-5	Tpos:547.3,Tstd:272.2,Bpos:515.5,Bstd:371.4,StrandBias:-0.3,Multiplicity:1.53
0.058	0.036	0.824	0.082
0.133	0.679	0.053	0.135
0.042	0.097	0.838	0.023
0.142	0.757	0.037	0.064
0.090	0.068	0.723	0.119
0.793	0.074	0.060	0.073
0.089	0.108	0.735	0.068
0.084	0.662	0.102	0.152
>TSTCGTCA	3-TSTCGTCA	8.665322	-11.070389	0	T:20.0(16.26%),B:2155.9(5.55%),P:1e-4	Tpos:604.9,Tstd:222.0,Bpos:518.2,Bstd:358.7,StrandBias:0.0,Multiplicity:1.00
0.001	0.415	0.001	0.583
0.001	0.445	0.503	0.051
0.254	0.046	0.065	0.635
0.032	0.885	0.013	0.070
0.063	0.001	0.792	0.144
0.001	0.009	0.027	0.963
0.042	0.895	0.004	0.059
0.889	0.010	0.040	0.061
>TCGYAAYA	4-TCGYAAYA	8.888854	-10.178772	0	T:25.0(20.33%),B:3307.5(8.51%),P:1e-4	Tpos:458.2,Tstd:284.7,Bpos:524.1,Bstd:340.8,StrandBias:0.0,Multiplicity:1.20
0.224	0.001	0.001	0.774
0.001	0.987	0.011	0.001
0.001	0.005	0.993	0.001
0.001	0.572	0.001	0.426
0.762	0.001	0.236	0.001
0.997	0.001	0.001	0.001
0.001	0.546	0.001	0.452
0.997	0.001	0.001	0.001
>AATTCCCC	5-AATTCCCC	8.578630	-8.044992	0	T:19.0(15.45%),B:2484.1(6.39%),P:1e-3	Tpos:539.1,Tstd:277.7,Bpos:506.7,Bstd:351.7,StrandBias:1.4,Multiplicity:1.68
0.997	0.001	0.001	0.001
0.997	0.001	0.001	0.001
0.001	0.001	0.001	0.997
0.001	0.107	0.001	0.891
0.001	0.997	0.001	0.001
0.001	0.997	0.001	0.001
0.001	0.772	0.226	0.001
0.001	0.997	0.001	0.001
