>GCCGAAGA	1-GCCGAAGA	6.199472	-20.572875	0	T:178.0(46.11%),B:12558.1(31.36%),P:1e-8	Tpos:450.2,Tstd:274.6,Bpos:481.1,Bstd:329.4,StrandBias:-0.2,Multiplicity:1.34
0.133	0.001	0.865	0.001
0.346	0.496	0.104	0.053
0.001	0.997	0.001	0.001
0.001	0.103	0.785	0.111
0.906	0.001	0.050	0.043
0.731	0.001	0.175	0.093
0.001	0.050	0.948	0.001
0.714	0.115	0.001	0.170
>TATCGATC	2-TATCGATC	7.579786	-16.884950	0	T:124.0(32.12%),B:8155.7(20.36%),P:1e-7	Tpos:563.0,Tstd:286.4,Bpos:534.5,Bstd:338.0,StrandBias:0.2,Multiplicity:1.28
0.116	0.065	0.132	0.687
0.607	0.001	0.259	0.133
0.018	0.001	0.001	0.980
0.001	0.997	0.001	0.001
0.001	0.001	0.837	0.161
0.664	0.001	0.244	0.091
0.040	0.041	0.070	0.849
0.001	0.808	0.001	0.190
>CGTAAATC	3-CGTAAATC	8.967149	-14.325202	0	T:53.0(13.73%),B:2658.5(6.64%),P:1e-6	Tpos:590.5,Tstd:269.9,Bpos:517.4,Bstd:331.4,StrandBias:0.7,Multiplicity:1.08
0.001	0.846	0.152	0.001
0.001	0.001	0.997	0.001
0.001	0.001	0.001	0.997
0.854	0.001	0.144	0.001
0.997	0.001	0.001	0.001
0.997	0.001	0.001	0.001
0.001	0.001	0.001	0.997
0.001	0.997	0.001	0.001
>TTCTTGTT	4-TTCTTGTT	8.236490	-13.851590	0	T:178.0(46.11%),B:13693.6(34.19%),P:1e-6	Tpos:558.9,Tstd:287.4,Bpos:524.1,Bstd:317.0,StrandBias:0.4,Multiplicity:1.39
0.001	0.145	0.121	0.733
0.001	0.001	0.001	0.997
0.238	0.760	0.001	0.001
0.001	0.001	0.001	0.997
0.001	0.001	0.001	0.997
0.001	0.001	0.997	0.001
0.001	0.105	0.001	0.893
0.001	0.001	0.001	0.997
>TCTCTCGA	5-TCTCTCGA	8.661377	-11.302958	0	T:84.0(21.76%),B:5494.7(13.72%),P:1e-4	Tpos:551.0,Tstd:281.1,Bpos:518.9,Bstd:336.4,StrandBias:0.6,Multiplicity:1.12
0.001	0.001	0.001	0.997
0.001	0.997	0.001	0.001
0.001	0.001	0.001	0.997
0.001	0.997	0.001	0.001
0.001	0.001	0.001	0.997
0.001	0.997	0.001	0.001
0.308	0.090	0.601	0.001
0.997	0.001	0.001	0.001
>AACGCGCG	6-AACGCGCG	6.920389	-10.740512	0	T:68.0(17.62%),B:4228.3(10.56%),P:1e-4	Tpos:578.4,Tstd:291.1,Bpos:533.0,Bstd:326.4,StrandBias:0.4,Multiplicity:1.21
0.934	0.001	0.064	0.001
0.897	0.001	0.001	0.101
0.001	0.997	0.001	0.001
0.001	0.001	0.952	0.046
0.001	0.801	0.037	0.161
0.060	0.001	0.811	0.128
0.047	0.951	0.001	0.001
0.087	0.219	0.651	0.043
