>GCRWTTCGTG	1-GCRWTTCGTG	5.968909	-34.798018	0	T:79.0(20.47%),B:3021.2(7.54%),P:1e-15	Tpos:524.4,Tstd:284.2,Bpos:496.8,Bstd:322.9,StrandBias:-0.7,Multiplicity:1.05
0.245	0.203	0.427	0.124
0.143	0.506	0.025	0.326
0.337	0.186	0.355	0.122
0.409	0.162	0.170	0.259
0.023	0.029	0.026	0.922
0.208	0.025	0.238	0.529
0.203	0.566	0.225	0.006
0.218	0.028	0.464	0.290
0.022	0.247	0.022	0.709
0.189	0.239	0.440	0.132
>ARTTACTCGT	2-ARTTACTCGT	7.481597	-26.949339	0	T:120.0(31.09%),B:6634.7(16.57%),P:1e-11	Tpos:482.6,Tstd:283.3,Bpos:489.0,Bstd:316.6,StrandBias:-0.3,Multiplicity:1.15
0.661	0.001	0.337	0.001
0.367	0.001	0.496	0.136
0.001	0.294	0.001	0.704
0.001	0.001	0.411	0.587
0.553	0.001	0.371	0.075
0.259	0.620	0.001	0.120
0.166	0.001	0.001	0.832
0.051	0.565	0.281	0.103
0.001	0.036	0.962	0.001
0.001	0.001	0.001	0.997
>AACGAATSGA	3-AACGAATSGA	9.461298	-21.709978	0	T:69.0(17.88%),B:3201.2(7.99%),P:1e-9	Tpos:528.7,Tstd:282.1,Bpos:520.7,Bstd:333.6,StrandBias:-0.7,Multiplicity:1.09
0.997	0.001	0.001	0.001
0.604	0.306	0.089	0.001
0.001	0.828	0.001	0.170
0.136	0.001	0.862	0.001
0.997	0.001	0.001	0.001
0.901	0.097	0.001	0.001
0.080	0.001	0.001	0.918
0.001	0.544	0.454	0.001
0.385	0.001	0.613	0.001
0.997	0.001	0.001	0.001
>TCAMCGGAYC	4-TCAMCGGAYC	7.858923	-21.571612	0	T:39.0(10.10%),B:1266.1(3.16%),P:1e-9	Tpos:490.5,Tstd:236.1,Bpos:480.7,Bstd:325.5,StrandBias:-0.1,Multiplicity:1.08
0.109	0.219	0.001	0.671
0.162	0.651	0.163	0.024
0.798	0.001	0.182	0.019
0.434	0.295	0.269	0.001
0.047	0.866	0.086	0.001
0.048	0.085	0.866	0.001
0.001	0.076	0.922	0.001
0.721	0.001	0.158	0.120
0.001	0.436	0.002	0.561
0.033	0.714	0.252	0.001
>ACGRCACTCC	5-ACGRCACTCC	8.047237	-21.358098	0	T:33.0(8.55%),B:946.6(2.36%),P:1e-9	Tpos:646.4,Tstd:229.3,Bpos:537.7,Bstd:328.6,StrandBias:-0.2,Multiplicity:1.03
0.937	0.001	0.001	0.061
0.001	0.997	0.001	0.001
0.001	0.001	0.997	0.001
0.420	0.001	0.534	0.045
0.001	0.997	0.001	0.001
0.910	0.001	0.088	0.001
0.001	0.950	0.001	0.048
0.001	0.001	0.001	0.997
0.083	0.736	0.116	0.065
0.001	0.997	0.001	0.001
>GTTCTGACTC	6-GTTCTGACTC	7.938609	-21.235045	0	T:27.0(6.99%),B:650.7(1.62%),P:1e-9	Tpos:542.5,Tstd:244.7,Bpos:512.0,Bstd:315.4,StrandBias:1.1,Multiplicity:1.04
0.160	0.041	0.639	0.160
0.171	0.217	0.037	0.575
0.246	0.055	0.015	0.684
0.257	0.568	0.044	0.131
0.230	0.077	0.030	0.663
0.173	0.175	0.472	0.180
0.706	0.202	0.046	0.046
0.019	0.861	0.095	0.025
0.101	0.063	0.227	0.609
0.034	0.701	0.037	0.228
>TCCTTCGAGG	7-TCCTTCGAGG	9.841171	-21.101102	0	T:15.0(3.89%),B:178.0(0.44%),P:1e-9	Tpos:452.4,Tstd:274.9,Bpos:425.1,Bstd:360.9,StrandBias:-0.8,Multiplicity:1.00
0.001	0.069	0.244	0.686
0.001	0.997	0.001	0.001
0.001	0.997	0.001	0.001
0.001	0.001	0.074	0.924
0.001	0.176	0.129	0.694
0.001	0.899	0.001	0.099
0.001	0.001	0.997	0.001
0.939	0.001	0.001	0.059
0.001	0.189	0.809	0.001
0.001	0.040	0.958	0.001
>TTCTCAGCGA	8-TTCTCAGCGA	9.150368	-20.775753	0	T:48.0(12.44%),B:1849.7(4.62%),P:1e-9	Tpos:442.7,Tstd:305.9,Bpos:500.6,Bstd:344.6,StrandBias:0.4,Multiplicity:1.04
0.001	0.001	0.117	0.881
0.001	0.001	0.001	0.997
0.029	0.866	0.035	0.070
0.025	0.001	0.001	0.973
0.041	0.912	0.001	0.046
0.867	0.030	0.080	0.023
0.087	0.021	0.803	0.089
0.001	0.940	0.058	0.001
0.127	0.022	0.850	0.001
0.931	0.001	0.041	0.027
>GTTTATCGTA	9-GTTTATCGTA	10.808749	-20.523813	0	T:17.0(4.40%),B:252.3(0.63%),P:1e-8	Tpos:603.3,Tstd:291.6,Bpos:525.8,Bstd:322.8,StrandBias:0.7,Multiplicity:1.06
0.001	0.001	0.997	0.001
0.001	0.001	0.001	0.997
0.001	0.001	0.001	0.997
0.001	0.001	0.001	0.997
0.875	0.001	0.123	0.001
0.001	0.174	0.001	0.824
0.001	0.997	0.001	0.001
0.001	0.001	0.997	0.001
0.001	0.072	0.001	0.926
0.925	0.001	0.073	0.001
>TGTAGCCAAG	10-TGTAGCCAAG	7.219033	-20.292982	0	T:51.0(13.21%),B:2071.7(5.17%),P:1e-8	Tpos:478.0,Tstd:281.0,Bpos:480.4,Bstd:309.3,StrandBias:0.3,Multiplicity:1.06
0.092	0.022	0.050	0.836
0.089	0.028	0.799	0.084
0.053	0.037	0.039	0.871
0.805	0.047	0.084	0.064
0.087	0.070	0.763	0.080
0.051	0.808	0.047	0.094
0.078	0.826	0.062	0.034
0.730	0.102	0.093	0.075
0.770	0.063	0.105	0.062
0.072	0.076	0.800	0.052
>GGTTATTCCG	11-GGTTATTCCG	9.446463	-20.108647	0	T:21.0(5.44%),B:414.4(1.03%),P:1e-8	Tpos:526.7,Tstd:274.8,Bpos:493.2,Bstd:303.9,StrandBias:-0.1,Multiplicity:1.10
0.001	0.001	0.964	0.034
0.001	0.001	0.966	0.032
0.051	0.077	0.090	0.782
0.001	0.062	0.074	0.863
0.933	0.001	0.065	0.001
0.001	0.001	0.001	0.997
0.127	0.001	0.001	0.871
0.054	0.837	0.066	0.043
0.001	0.858	0.048	0.093
0.001	0.001	0.997	0.001
>CTAAGCGCAT	12-CTAAGCGCAT	10.019731	-20.079544	0	T:17.0(4.40%),B:260.2(0.65%),P:1e-8	Tpos:398.3,Tstd:286.8,Bpos:528.5,Bstd:313.9,StrandBias:-1.7,Multiplicity:1.00
0.058	0.889	0.001	0.052
0.001	0.001	0.086	0.912
0.843	0.001	0.061	0.095
0.936	0.062	0.001	0.001
0.047	0.052	0.847	0.054
0.054	0.944	0.001	0.001
0.001	0.001	0.936	0.062
0.001	0.997	0.001	0.001
0.915	0.001	0.083	0.001
0.001	0.001	0.114	0.884
>AATATCGATA	13-AATATCGATA	9.600860	-19.480240	0	T:93.0(24.09%),B:5223.9(13.04%),P:1e-8	Tpos:564.9,Tstd:306.7,Bpos:536.5,Bstd:328.3,StrandBias:-0.4,Multiplicity:1.20
0.936	0.001	0.016	0.047
0.997	0.001	0.001	0.001
0.236	0.001	0.001	0.762
0.963	0.001	0.001	0.035
0.047	0.001	0.001	0.951
0.241	0.757	0.001	0.001
0.049	0.096	0.685	0.170
0.997	0.001	0.001	0.001
0.001	0.001	0.001	0.997
0.941	0.001	0.001	0.057
>GGACTAGTCT	14-GGACTAGTCT	8.971772	-18.114300	0	T:17.0(4.40%),B:299.3(0.75%),P:1e-7	Tpos:410.3,Tstd:268.6,Bpos:520.0,Bstd:301.1,StrandBias:-1.0,Multiplicity:1.00
0.066	0.001	0.932	0.001
0.070	0.001	0.928	0.001
0.794	0.076	0.001	0.129
0.047	0.951	0.001	0.001
0.063	0.102	0.001	0.834
0.891	0.107	0.001	0.001
0.094	0.001	0.851	0.054
0.001	0.001	0.001	0.997
0.001	0.921	0.001	0.077
0.001	0.001	0.001	0.997
>GCACTTGCGC	15-GCACTTGCGC	9.641905	-17.905026	0	T:19.0(4.92%),B:385.0(0.96%),P:1e-7	Tpos:613.1,Tstd:290.4,Bpos:542.7,Bstd:309.1,StrandBias:0.8,Multiplicity:1.16
0.055	0.001	0.943	0.001
0.001	0.917	0.081	0.001
0.997	0.001	0.001	0.001
0.107	0.862	0.001	0.030
0.068	0.001	0.001	0.930
0.001	0.076	0.076	0.847
0.001	0.001	0.959	0.039
0.084	0.914	0.001	0.001
0.110	0.001	0.855	0.034
0.062	0.823	0.065	0.050
>GATGTCGCCA	16-GATGTCGCCA	9.676473	-17.223392	0	T:20.0(5.18%),B:447.9(1.12%),P:1e-7	Tpos:429.1,Tstd:280.4,Bpos:496.2,Bstd:339.5,StrandBias:1.1,Multiplicity:1.00
0.001	0.001	0.997	0.001
0.997	0.001	0.001	0.001
0.001	0.071	0.001	0.927
0.001	0.081	0.873	0.045
0.001	0.064	0.001	0.934
0.001	0.959	0.001	0.039
0.060	0.001	0.896	0.043
0.097	0.798	0.061	0.044
0.088	0.799	0.112	0.001
0.908	0.001	0.001	0.090
>TTCGCGGACC	17-TTCGCGGACC	8.094219	-16.626831	0	T:44.0(11.40%),B:1850.9(4.62%),P:1e-7	Tpos:535.7,Tstd:261.1,Bpos:482.0,Bstd:312.8,StrandBias:0.5,Multiplicity:1.16
0.001	0.001	0.001	0.997
0.129	0.001	0.182	0.688
0.001	0.585	0.213	0.201
0.169	0.324	0.506	0.001
0.001	0.997	0.001	0.001
0.001	0.107	0.891	0.001
0.173	0.001	0.690	0.136
0.997	0.001	0.001	0.001
0.001	0.629	0.001	0.369
0.264	0.591	0.144	0.001
>TTAGTCGCGT	18-TTAGTCGCGT	6.814309	-16.465452	0	T:49.0(12.69%),B:2199.3(5.49%),P:1e-7	Tpos:504.9,Tstd:289.9,Bpos:523.9,Bstd:317.8,StrandBias:0.2,Multiplicity:1.04
0.076	0.294	0.115	0.515
0.154	0.060	0.001	0.785
0.997	0.001	0.001	0.001
0.001	0.238	0.760	0.001
0.172	0.177	0.117	0.534
0.001	0.882	0.060	0.057
0.001	0.056	0.942	0.001
0.001	0.821	0.139	0.039
0.042	0.001	0.911	0.046
0.039	0.001	0.075	0.885
>ATACGTACAC	19-ATACGTACAC	9.702892	-16.106872	0	T:19.0(4.92%),B:434.0(1.08%),P:1e-6	Tpos:607.1,Tstd:208.6,Bpos:532.3,Bstd:311.6,StrandBias:-1.2,Multiplicity:1.00
0.852	0.001	0.076	0.071
0.039	0.049	0.001	0.911
0.909	0.001	0.089	0.001
0.001	0.997	0.001	0.001
0.001	0.001	0.951	0.047
0.078	0.001	0.078	0.843
0.960	0.001	0.001	0.038
0.047	0.828	0.073	0.052
0.884	0.001	0.001	0.114
0.001	0.920	0.078	0.001
>CTTCGTATCG	20-CTTCGTATCG	9.928988	-15.937334	0	T:19.0(4.92%),B:439.9(1.10%),P:1e-6	Tpos:580.2,Tstd:266.9,Bpos:481.2,Bstd:333.7,StrandBias:0.5,Multiplicity:1.16
0.001	0.744	0.067	0.188
0.001	0.182	0.001	0.816
0.001	0.042	0.001	0.956
0.001	0.954	0.001	0.044
0.123	0.001	0.848	0.028
0.001	0.001	0.082	0.916
0.962	0.036	0.001	0.001
0.118	0.001	0.001	0.880
0.001	0.828	0.001	0.170
0.001	0.001	0.725	0.273
>GCCTCCATTT	21-GCCTCCATTT	8.737481	-15.239438	0	T:26.0(6.74%),B:822.1(2.05%),P:1e-6	Tpos:436.3,Tstd:310.7,Bpos:490.4,Bstd:318.4,StrandBias:0.4,Multiplicity:1.00
0.001	0.040	0.716	0.243
0.199	0.551	0.208	0.042
0.080	0.659	0.192	0.069
0.200	0.001	0.250	0.549
0.029	0.886	0.031	0.054
0.001	0.650	0.221	0.128
0.930	0.042	0.015	0.013
0.122	0.042	0.065	0.771
0.001	0.315	0.055	0.629
0.027	0.001	0.269	0.703
>GCAGCSGTTT	22-GCAGCSGTTT	9.382760	-15.199611	0	T:21.0(5.44%),B:559.6(1.40%),P:1e-6	Tpos:465.2,Tstd:283.1,Bpos:526.7,Bstd:312.3,StrandBias:-0.7,Multiplicity:1.05
0.062	0.099	0.838	0.001
0.001	0.997	0.001	0.001
0.911	0.001	0.043	0.045
0.128	0.067	0.756	0.049
0.001	0.997	0.001	0.001
0.021	0.453	0.525	0.001
0.001	0.001	0.822	0.176
0.001	0.276	0.001	0.722
0.001	0.001	0.001	0.997
0.001	0.017	0.001	0.981
>CTACTGGTTG	23-CTACTGGTTG	11.314179	-12.809893	0	T:8.0(2.07%),B:83.4(0.21%),P:1e-5	Tpos:541.5,Tstd:203.7,Bpos:459.7,Bstd:312.2,StrandBias:-0.6,Multiplicity:1.25
0.001	0.874	0.124	0.001
0.001	0.001	0.001	0.997
0.997	0.001	0.001	0.001
0.001	0.997	0.001	0.001
0.001	0.001	0.001	0.997
0.001	0.001	0.997	0.001
0.001	0.001	0.997	0.001
0.001	0.001	0.001	0.997
0.001	0.128	0.001	0.870
0.105	0.001	0.893	0.001
>CAAGACGCTG	24-CAAGACGCTG	11.787236	-12.485200	0	T:6.0(1.55%),B:38.9(0.10%),P:1e-5	Tpos:343.7,Tstd:168.5,Bpos:332.6,Bstd:261.0,StrandBias:2.6,Multiplicity:1.17
0.001	0.997	0.001	0.001
0.997	0.001	0.001	0.001
0.697	0.140	0.001	0.162
0.001	0.001	0.997	0.001
0.997	0.001	0.001	0.001
0.001	0.997	0.001	0.001
0.001	0.001	0.997	0.001
0.001	0.997	0.001	0.001
0.001	0.080	0.001	0.918
0.001	0.001	0.997	0.001
>GAGGCCCCAG	25-GAGGCCCCAG	4.458463	-4.468060	0	T:310.0(80.31%),B:30142.6(75.26%),P:1e-1	Tpos:468.4,Tstd:277.9,Bpos:478.5,Bstd:312.0,StrandBias:0.2,Multiplicity:2.20
0.100	0.100	0.700	0.100
0.700	0.100	0.100	0.100
0.100	0.100	0.700	0.100
0.100	0.100	0.700	0.100
0.100	0.700	0.100	0.100
0.100	0.700	0.100	0.100
0.100	0.700	0.100	0.100
0.100	0.700	0.100	0.100
0.700	0.100	0.100	0.100
0.100	0.100	0.700	0.100
