>GCRWTTCGTG	1-GCRWTTCGTG	5.968909	-34.798018	0	T:79.0(20.47%),B:3021.2(7.54%),P:1e-15	Tpos:524.4,Tstd:284.2,Bpos:496.8,Bstd:322.9,StrandBias:-0.7,Multiplicity:1.05
0.245	0.203	0.427	0.124
0.143	0.506	0.025	0.326
0.337	0.186	0.355	0.122
0.409	0.162	0.170	0.259
0.023	0.029	0.026	0.922
0.208	0.025	0.238	0.529
0.203	0.566	0.225	0.006
0.218	0.028	0.464	0.290
0.022	0.247	0.022	0.709
0.189	0.239	0.440	0.132
>ARTTACTCGT	2-ARTTACTCGT	7.481597	-26.949339	0	T:120.0(31.09%),B:6634.7(16.57%),P:1e-11	Tpos:482.6,Tstd:283.3,Bpos:489.0,Bstd:316.6,StrandBias:-0.3,Multiplicity:1.15
0.661	0.001	0.337	0.001
0.367	0.001	0.496	0.136
0.001	0.294	0.001	0.704
0.001	0.001	0.411	0.587
0.553	0.001	0.371	0.075
0.259	0.620	0.001	0.120
0.166	0.001	0.001	0.832
0.051	0.565	0.281	0.103
0.001	0.036	0.962	0.001
0.001	0.001	0.001	0.997
>AACGAATSGA	3-AACGAATSGA	9.461298	-21.709978	0	T:69.0(17.88%),B:3201.2(7.99%),P:1e-9	Tpos:528.7,Tstd:282.1,Bpos:520.7,Bstd:333.6,StrandBias:-0.7,Multiplicity:1.09
0.997	0.001	0.001	0.001
0.604	0.306	0.089	0.001
0.001	0.828	0.001	0.170
0.136	0.001	0.862	0.001
0.997	0.001	0.001	0.001
0.901	0.097	0.001	0.001
0.080	0.001	0.001	0.918
0.001	0.544	0.454	0.001
0.385	0.001	0.613	0.001
0.997	0.001	0.001	0.001
>TCAMCGGAYC	4-TCAMCGGAYC	7.858923	-21.571612	0	T:39.0(10.10%),B:1266.1(3.16%),P:1e-9	Tpos:490.5,Tstd:236.1,Bpos:480.7,Bstd:325.5,StrandBias:-0.1,Multiplicity:1.08
0.109	0.219	0.001	0.671
0.162	0.651	0.163	0.024
0.798	0.001	0.182	0.019
0.434	0.295	0.269	0.001
0.047	0.866	0.086	0.001
0.048	0.085	0.866	0.001
0.001	0.076	0.922	0.001
0.721	0.001	0.158	0.120
0.001	0.436	0.002	0.561
0.033	0.714	0.252	0.001
>ACGRCACTCC	5-ACGRCACTCC	8.047237	-21.358098	0	T:33.0(8.55%),B:946.6(2.36%),P:1e-9	Tpos:646.4,Tstd:229.3,Bpos:537.7,Bstd:328.6,StrandBias:-0.2,Multiplicity:1.03
0.937	0.001	0.001	0.061
0.001	0.997	0.001	0.001
0.001	0.001	0.997	0.001
0.420	0.001	0.534	0.045
0.001	0.997	0.001	0.001
0.910	0.001	0.088	0.001
0.001	0.950	0.001	0.048
0.001	0.001	0.001	0.997
0.083	0.736	0.116	0.065
0.001	0.997	0.001	0.001
>GTTCTGACTC	6-GTTCTGACTC	7.938609	-21.235045	0	T:27.0(6.99%),B:650.7(1.62%),P:1e-9	Tpos:542.5,Tstd:244.7,Bpos:512.0,Bstd:315.4,StrandBias:1.1,Multiplicity:1.04
0.160	0.041	0.639	0.160
0.171	0.217	0.037	0.575
0.246	0.055	0.015	0.684
0.257	0.568	0.044	0.131
0.230	0.077	0.030	0.663
0.173	0.175	0.472	0.180
0.706	0.202	0.046	0.046
0.019	0.861	0.095	0.025
0.101	0.063	0.227	0.609
0.034	0.701	0.037	0.228
>TCCTTCGAGG	7-TCCTTCGAGG	9.841171	-21.101102	0	T:15.0(3.89%),B:178.0(0.44%),P:1e-9	Tpos:452.4,Tstd:274.9,Bpos:425.1,Bstd:360.9,StrandBias:-0.8,Multiplicity:1.00
0.001	0.069	0.244	0.686
0.001	0.997	0.001	0.001
0.001	0.997	0.001	0.001
0.001	0.001	0.074	0.924
0.001	0.176	0.129	0.694
0.001	0.899	0.001	0.099
0.001	0.001	0.997	0.001
0.939	0.001	0.001	0.059
0.001	0.189	0.809	0.001
0.001	0.040	0.958	0.001
>TTCTCAGCGA	8-TTCTCAGCGA	9.150368	-20.775753	0	T:48.0(12.44%),B:1849.7(4.62%),P:1e-9	Tpos:442.7,Tstd:305.9,Bpos:500.6,Bstd:344.6,StrandBias:0.4,Multiplicity:1.04
0.001	0.001	0.117	0.881
0.001	0.001	0.001	0.997
0.029	0.866	0.035	0.070
0.025	0.001	0.001	0.973
0.041	0.912	0.001	0.046
0.867	0.030	0.080	0.023
0.087	0.021	0.803	0.089
0.001	0.940	0.058	0.001
0.127	0.022	0.850	0.001
0.931	0.001	0.041	0.027
>GTTTATCGTA	9-GTTTATCGTA	10.808749	-20.523813	0	T:17.0(4.40%),B:252.3(0.63%),P:1e-8	Tpos:603.3,Tstd:291.6,Bpos:525.8,Bstd:322.8,StrandBias:0.7,Multiplicity:1.06
0.001	0.001	0.997	0.001
0.001	0.001	0.001	0.997
0.001	0.001	0.001	0.997
0.001	0.001	0.001	0.997
0.875	0.001	0.123	0.001
0.001	0.174	0.001	0.824
0.001	0.997	0.001	0.001
0.001	0.001	0.997	0.001
0.001	0.072	0.001	0.926
0.925	0.001	0.073	0.001
>TGTAGCCAAG	10-TGTAGCCAAG	7.219033	-20.292982	0	T:51.0(13.21%),B:2071.7(5.17%),P:1e-8	Tpos:478.0,Tstd:281.0,Bpos:480.4,Bstd:309.3,StrandBias:0.3,Multiplicity:1.06
0.092	0.022	0.050	0.836
0.089	0.028	0.799	0.084
0.053	0.037	0.039	0.871
0.805	0.047	0.084	0.064
0.087	0.070	0.763	0.080
0.051	0.808	0.047	0.094
0.078	0.826	0.062	0.034
0.730	0.102	0.093	0.075
0.770	0.063	0.105	0.062
0.072	0.076	0.800	0.052
>GGTTATTCCG	11-GGTTATTCCG	9.446463	-20.108647	0	T:21.0(5.44%),B:414.4(1.03%),P:1e-8	Tpos:526.7,Tstd:274.8,Bpos:493.2,Bstd:303.9,StrandBias:-0.1,Multiplicity:1.10
0.001	0.001	0.964	0.034
0.001	0.001	0.966	0.032
0.051	0.077	0.090	0.782
0.001	0.062	0.074	0.863
0.933	0.001	0.065	0.001
0.001	0.001	0.001	0.997
0.127	0.001	0.001	0.871
0.054	0.837	0.066	0.043
0.001	0.858	0.048	0.093
0.001	0.001	0.997	0.001
>CTAAGCGCAT	12-CTAAGCGCAT	10.019731	-20.079544	0	T:17.0(4.40%),B:260.2(0.65%),P:1e-8	Tpos:398.3,Tstd:286.8,Bpos:528.5,Bstd:313.9,StrandBias:-1.7,Multiplicity:1.00
0.058	0.889	0.001	0.052
0.001	0.001	0.086	0.912
0.843	0.001	0.061	0.095
0.936	0.062	0.001	0.001
0.047	0.052	0.847	0.054
0.054	0.944	0.001	0.001
0.001	0.001	0.936	0.062
0.001	0.997	0.001	0.001
0.915	0.001	0.083	0.001
0.001	0.001	0.114	0.884
>AATATCGATA	13-AATATCGATA	9.600860	-19.480240	0	T:93.0(24.09%),B:5223.9(13.04%),P:1e-8	Tpos:564.9,Tstd:306.7,Bpos:536.5,Bstd:328.3,StrandBias:-0.4,Multiplicity:1.20
0.936	0.001	0.016	0.047
0.997	0.001	0.001	0.001
0.236	0.001	0.001	0.762
0.963	0.001	0.001	0.035
0.047	0.001	0.001	0.951
0.241	0.757	0.001	0.001
0.049	0.096	0.685	0.170
0.997	0.001	0.001	0.001
0.001	0.001	0.001	0.997
0.941	0.001	0.001	0.057
>GGACTAGTCT	14-GGACTAGTCT	8.971772	-18.114300	0	T:17.0(4.40%),B:299.3(0.75%),P:1e-7	Tpos:410.3,Tstd:268.6,Bpos:520.0,Bstd:301.1,StrandBias:-1.0,Multiplicity:1.00
0.066	0.001	0.932	0.001
0.070	0.001	0.928	0.001
0.794	0.076	0.001	0.129
0.047	0.951	0.001	0.001
0.063	0.102	0.001	0.834
0.891	0.107	0.001	0.001
0.094	0.001	0.851	0.054
0.001	0.001	0.001	0.997
0.001	0.921	0.001	0.077
0.001	0.001	0.001	0.997
>GCACTTGCGC	15-GCACTTGCGC	9.641905	-17.905026	0	T:19.0(4.92%),B:385.0(0.96%),P:1e-7	Tpos:613.1,Tstd:290.4,Bpos:542.7,Bstd:309.1,StrandBias:0.8,Multiplicity:1.16
0.055	0.001	0.943	0.001
0.001	0.917	0.081	0.001
0.997	0.001	0.001	0.001
0.107	0.862	0.001	0.030
0.068	0.001	0.001	0.930
0.001	0.076	0.076	0.847
0.001	0.001	0.959	0.039
0.084	0.914	0.001	0.001
0.110	0.001	0.855	0.034
0.062	0.823	0.065	0.050
>GATGTCGCCA	16-GATGTCGCCA	9.676473	-17.223392	0	T:20.0(5.18%),B:447.9(1.12%),P:1e-7	Tpos:429.1,Tstd:280.4,Bpos:496.2,Bstd:339.5,StrandBias:1.1,Multiplicity:1.00
0.001	0.001	0.997	0.001
0.997	0.001	0.001	0.001
0.001	0.071	0.001	0.927
0.001	0.081	0.873	0.045
0.001	0.064	0.001	0.934
0.001	0.959	0.001	0.039
0.060	0.001	0.896	0.043
0.097	0.798	0.061	0.044
0.088	0.799	0.112	0.001
0.908	0.001	0.001	0.090
>TTCGCGGACC	17-TTCGCGGACC	8.094219	-16.626831	0	T:44.0(11.40%),B:1850.9(4.62%),P:1e-7	Tpos:535.7,Tstd:261.1,Bpos:482.0,Bstd:312.8,StrandBias:0.5,Multiplicity:1.16
0.001	0.001	0.001	0.997
0.129	0.001	0.182	0.688
0.001	0.585	0.213	0.201
0.169	0.324	0.506	0.001
0.001	0.997	0.001	0.001
0.001	0.107	0.891	0.001
0.173	0.001	0.690	0.136
0.997	0.001	0.001	0.001
0.001	0.629	0.001	0.369
0.264	0.591	0.144	0.001
>TTAGTCGCGT	18-TTAGTCGCGT	6.814309	-16.465452	0	T:49.0(12.69%),B:2199.3(5.49%),P:1e-7	Tpos:504.9,Tstd:289.9,Bpos:523.9,Bstd:317.8,StrandBias:0.2,Multiplicity:1.04
0.076	0.294	0.115	0.515
0.154	0.060	0.001	0.785
0.997	0.001	0.001	0.001
0.001	0.238	0.760	0.001
0.172	0.177	0.117	0.534
0.001	0.882	0.060	0.057
0.001	0.056	0.942	0.001
0.001	0.821	0.139	0.039
0.042	0.001	0.911	0.046
0.039	0.001	0.075	0.885
>ATACGTACAC	19-ATACGTACAC	9.702892	-16.106872	0	T:19.0(4.92%),B:434.0(1.08%),P:1e-6	Tpos:607.1,Tstd:208.6,Bpos:532.3,Bstd:311.6,StrandBias:-1.2,Multiplicity:1.00
0.852	0.001	0.076	0.071
0.039	0.049	0.001	0.911
0.909	0.001	0.089	0.001
0.001	0.997	0.001	0.001
0.001	0.001	0.951	0.047
0.078	0.001	0.078	0.843
0.960	0.001	0.001	0.038
0.047	0.828	0.073	0.052
0.884	0.001	0.001	0.114
0.001	0.920	0.078	0.001
>CTTCGTATCG	20-CTTCGTATCG	9.928988	-15.937334	0	T:19.0(4.92%),B:439.9(1.10%),P:1e-6	Tpos:580.2,Tstd:266.9,Bpos:481.2,Bstd:333.7,StrandBias:0.5,Multiplicity:1.16
0.001	0.744	0.067	0.188
0.001	0.182	0.001	0.816
0.001	0.042	0.001	0.956
0.001	0.954	0.001	0.044
0.123	0.001	0.848	0.028
0.001	0.001	0.082	0.916
0.962	0.036	0.001	0.001
0.118	0.001	0.001	0.880
0.001	0.828	0.001	0.170
0.001	0.001	0.725	0.273
>GCCTCCATTT	21-GCCTCCATTT	8.737481	-15.239438	0	T:26.0(6.74%),B:822.1(2.05%),P:1e-6	Tpos:436.3,Tstd:310.7,Bpos:490.4,Bstd:318.4,StrandBias:0.4,Multiplicity:1.00
0.001	0.040	0.716	0.243
0.199	0.551	0.208	0.042
0.080	0.659	0.192	0.069
0.200	0.001	0.250	0.549
0.029	0.886	0.031	0.054
0.001	0.650	0.221	0.128
0.930	0.042	0.015	0.013
0.122	0.042	0.065	0.771
0.001	0.315	0.055	0.629
0.027	0.001	0.269	0.703
>GCAGCSGTTT	22-GCAGCSGTTT	9.382760	-15.199611	0	T:21.0(5.44%),B:559.6(1.40%),P:1e-6	Tpos:465.2,Tstd:283.1,Bpos:526.7,Bstd:312.3,StrandBias:-0.7,Multiplicity:1.05
0.062	0.099	0.838	0.001
0.001	0.997	0.001	0.001
0.911	0.001	0.043	0.045
0.128	0.067	0.756	0.049
0.001	0.997	0.001	0.001
0.021	0.453	0.525	0.001
0.001	0.001	0.822	0.176
0.001	0.276	0.001	0.722
0.001	0.001	0.001	0.997
0.001	0.017	0.001	0.981
>CTACTGGTTG	23-CTACTGGTTG	11.314179	-12.809893	0	T:8.0(2.07%),B:83.4(0.21%),P:1e-5	Tpos:541.5,Tstd:203.7,Bpos:459.7,Bstd:312.2,StrandBias:-0.6,Multiplicity:1.25
0.001	0.874	0.124	0.001
0.001	0.001	0.001	0.997
0.997	0.001	0.001	0.001
0.001	0.997	0.001	0.001
0.001	0.001	0.001	0.997
0.001	0.001	0.997	0.001
0.001	0.001	0.997	0.001
0.001	0.001	0.001	0.997
0.001	0.128	0.001	0.870
0.105	0.001	0.893	0.001
>CAAGACGCTG	24-CAAGACGCTG	11.787236	-12.485200	0	T:6.0(1.55%),B:38.9(0.10%),P:1e-5	Tpos:343.7,Tstd:168.5,Bpos:332.6,Bstd:261.0,StrandBias:2.6,Multiplicity:1.17
0.001	0.997	0.001	0.001
0.997	0.001	0.001	0.001
0.697	0.140	0.001	0.162
0.001	0.001	0.997	0.001
0.997	0.001	0.001	0.001
0.001	0.997	0.001	0.001
0.001	0.001	0.997	0.001
0.001	0.997	0.001	0.001
0.001	0.080	0.001	0.918
0.001	0.001	0.997	0.001
>GAGGCCCCAG	25-GAGGCCCCAG	4.458463	-4.468060	0	T:310.0(80.31%),B:30142.6(75.26%),P:1e-1	Tpos:468.4,Tstd:277.9,Bpos:478.5,Bstd:312.0,StrandBias:0.2,Multiplicity:2.20
0.100	0.100	0.700	0.100
0.700	0.100	0.100	0.100
0.100	0.100	0.700	0.100
0.100	0.100	0.700	0.100
0.100	0.700	0.100	0.100
0.100	0.700	0.100	0.100
0.100	0.700	0.100	0.100
0.100	0.700	0.100	0.100
0.700	0.100	0.100	0.100
0.100	0.100	0.700	0.100
>AACGAATGAAGT	1-AACGAATGAAGT	11.509811	-26.131191	0	T:25.0(6.48%),B:437.5(1.09%),P:1e-11	Tpos:567.5,Tstd:262.2,Bpos:508.6,Bstd:317.8,StrandBias:-1.1,Multiplicity:1.00
0.997	0.001	0.001	0.001
0.918	0.001	0.080	0.001
0.077	0.786	0.001	0.136
0.208	0.001	0.790	0.001
0.868	0.130	0.001	0.001
0.997	0.001	0.001	0.001
0.101	0.001	0.001	0.897
0.059	0.001	0.939	0.001
0.888	0.001	0.001	0.110
0.997	0.001	0.001	0.001
0.001	0.001	0.918	0.080
0.102	0.001	0.001	0.896
>GTTGTGCAGCAG	2-GTTGTGCAGCAG	13.518032	-24.307740	0	T:8.0(2.07%),B:16.0(0.04%),P:1e-10	Tpos:423.4,Tstd:304.1,Bpos:589.6,Bstd:323.3,StrandBias:0.3,Multiplicity:1.12
0.001	0.001	0.997	0.001
0.113	0.001	0.001	0.885
0.001	0.148	0.001	0.850
0.001	0.001	0.997	0.001
0.127	0.127	0.127	0.619
0.001	0.001	0.997	0.001
0.001	0.997	0.001	0.001
0.997	0.001	0.001	0.001
0.001	0.001	0.997	0.001
0.001	0.872	0.126	0.001
0.997	0.001	0.001	0.001
0.126	0.001	0.872	0.001
>TGTTAATCCCTT	3-TGTTAATCCCTT	13.632083	-23.910611	0	T:8.0(2.07%),B:16.9(0.04%),P:1e-10	Tpos:472.9,Tstd:252.2,Bpos:518.2,Bstd:323.7,StrandBias:1.6,Multiplicity:1.00
0.001	0.001	0.001	0.997
0.001	0.001	0.859	0.139
0.001	0.001	0.001	0.997
0.001	0.001	0.001	0.997
0.997	0.001	0.001	0.001
0.859	0.001	0.001	0.139
0.001	0.001	0.001	0.997
0.001	0.997	0.001	0.001
0.066	0.932	0.001	0.001
0.233	0.765	0.001	0.001
0.163	0.001	0.001	0.835
0.001	0.001	0.115	0.883
>AACATCAGAAGA	4-AACATCAGAAGA	12.060783	-23.687727	0	T:19.0(4.92%),B:266.4(0.67%),P:1e-10	Tpos:448.2,Tstd:296.5,Bpos:489.1,Bstd:320.1,StrandBias:-0.8,Multiplicity:1.00
0.680	0.105	0.088	0.127
0.915	0.083	0.001	0.001
0.030	0.932	0.037	0.001
0.997	0.001	0.001	0.001
0.151	0.001	0.001	0.847
0.001	0.925	0.073	0.001
0.901	0.001	0.097	0.001
0.054	0.001	0.944	0.001
0.997	0.001	0.001	0.001
0.997	0.001	0.001	0.001
0.027	0.001	0.912	0.060
0.997	0.001	0.001	0.001
>AGAGAAATCGTG	5-AGAGAAATCGTG	13.046909	-23.617071	0	T:14.0(3.63%),B:121.8(0.30%),P:1e-10	Tpos:641.5,Tstd:330.3,Bpos:563.6,Bstd:288.7,StrandBias:-0.8,Multiplicity:1.00
0.852	0.001	0.001	0.146
0.001	0.001	0.997	0.001
0.873	0.001	0.125	0.001
0.091	0.001	0.907	0.001
0.997	0.001	0.001	0.001
0.997	0.001	0.001	0.001
0.835	0.001	0.001	0.163
0.075	0.001	0.001	0.923
0.126	0.782	0.001	0.091
0.069	0.001	0.929	0.001
0.001	0.001	0.001	0.997
0.001	0.001	0.997	0.001
>GTTGTTTATCGT	6-GTTGTTTATCGT	12.064215	-23.213750	0	T:17.0(4.40%),B:209.5(0.52%),P:1e-10	Tpos:634.3,Tstd:254.1,Bpos:568.9,Bstd:337.9,StrandBias:0.0,Multiplicity:1.06
0.200	0.001	0.798	0.001
0.001	0.071	0.001	0.927
0.326	0.001	0.128	0.545
0.001	0.001	0.933	0.065
0.001	0.001	0.097	0.901
0.001	0.001	0.001	0.997
0.001	0.083	0.001	0.915
0.911	0.001	0.001	0.087
0.001	0.196	0.103	0.700
0.001	0.997	0.001	0.001
0.001	0.001	0.924	0.074
0.001	0.001	0.001	0.997
>AAATATAGATAT	7-AAATATAGATAT	13.120536	-22.800781	0	T:15.0(3.89%),B:156.7(0.39%),P:1e-9	Tpos:555.5,Tstd:284.5,Bpos:504.8,Bstd:331.0,StrandBias:-1.5,Multiplicity:1.00
0.900	0.098	0.001	0.001
0.997	0.001	0.001	0.001
0.814	0.001	0.110	0.075
0.001	0.001	0.001	0.997
0.997	0.001	0.001	0.001
0.001	0.059	0.001	0.939
0.931	0.001	0.067	0.001
0.001	0.001	0.997	0.001
0.943	0.001	0.001	0.055
0.001	0.001	0.059	0.939
0.997	0.001	0.001	0.001
0.001	0.085	0.001	0.913
>TGGTTTGAAGTA	8-TGGTTTGAAGTA	12.834020	-22.066195	0	T:13.0(3.37%),B:112.9(0.28%),P:1e-9	Tpos:634.7,Tstd:222.7,Bpos:521.2,Bstd:298.1,StrandBias:0.2,Multiplicity:1.00
0.085	0.001	0.111	0.803
0.103	0.001	0.771	0.125
0.069	0.001	0.929	0.001
0.001	0.001	0.001	0.997
0.001	0.001	0.001	0.997
0.001	0.001	0.001	0.997
0.001	0.001	0.997	0.001
0.896	0.102	0.001	0.001
0.997	0.001	0.001	0.001
0.058	0.001	0.940	0.001
0.054	0.001	0.078	0.867
0.875	0.123	0.001	0.001
>AAAGAAGGTTTC	9-AAAGAAGGTTTC	12.931285	-21.998596	0	T:15.0(3.89%),B:166.7(0.42%),P:1e-9	Tpos:560.6,Tstd:318.6,Bpos:475.3,Bstd:322.9,StrandBias:-2.7,Multiplicity:1.00
0.997	0.001	0.001	0.001
0.997	0.001	0.001	0.001
0.997	0.001	0.001	0.001
0.123	0.001	0.875	0.001
0.892	0.001	0.106	0.001
0.997	0.001	0.001	0.001
0.001	0.001	0.997	0.001
0.061	0.001	0.899	0.039
0.001	0.101	0.001	0.897
0.001	0.146	0.001	0.852
0.001	0.001	0.106	0.892
0.074	0.770	0.001	0.155
>TGGAGTGTTGTT	10-TGGAGTGTTGTT	10.785299	-21.757621	0	T:31.0(8.03%),B:828.8(2.07%),P:1e-9	Tpos:622.0,Tstd:303.9,Bpos:549.9,Bstd:318.2,StrandBias:0.5,Multiplicity:1.10
0.001	0.354	0.001	0.644
0.060	0.001	0.938	0.001
0.043	0.001	0.955	0.001
0.997	0.001	0.001	0.001
0.001	0.001	0.730	0.268
0.004	0.175	0.001	0.820
0.001	0.085	0.685	0.229
0.145	0.001	0.002	0.852
0.001	0.400	0.001	0.598
0.005	0.394	0.600	0.001
0.001	0.001	0.001	0.997
0.184	0.001	0.061	0.754
>GCATTTGGAAGG	11-GCATTTGGAAGG	13.498958	-21.188481	0	T:10.0(2.59%),B:56.0(0.14%),P:1e-9	Tpos:453.0,Tstd:224.9,Bpos:475.8,Bstd:328.3,StrandBias:0.0,Multiplicity:1.00
0.001	0.001	0.890	0.108
0.001	0.899	0.099	0.001
0.997	0.001	0.001	0.001
0.001	0.001	0.130	0.868
0.001	0.001	0.001	0.997
0.001	0.001	0.001	0.997
0.001	0.001	0.997	0.001
0.001	0.001	0.813	0.185
0.997	0.001	0.001	0.001
0.997	0.001	0.001	0.001
0.088	0.088	0.823	0.001
0.108	0.001	0.890	0.001
>TTTTCTGYTTAA	12-TTTTCTGYTTAA	12.347439	-20.189165	0	T:17.0(4.40%),B:258.0(0.64%),P:1e-8	Tpos:481.7,Tstd:294.1,Bpos:543.7,Bstd:311.8,StrandBias:0.2,Multiplicity:1.00
0.001	0.141	0.115	0.743
0.001	0.090	0.001	0.908
0.001	0.001	0.001	0.997
0.214	0.030	0.001	0.755
0.078	0.604	0.217	0.101
0.001	0.074	0.001	0.924
0.039	0.001	0.944	0.016
0.001	0.521	0.047	0.431
0.001	0.219	0.160	0.620
0.001	0.001	0.353	0.645
0.774	0.001	0.116	0.109
0.901	0.057	0.001	0.041
>STAAGAATATAT	13-STAAGAATATAT	12.699491	-20.021300	0	T:12.0(3.11%),B:108.0(0.27%),P:1e-8	Tpos:382.8,Tstd:196.9,Bpos:480.0,Bstd:331.1,StrandBias:-1.0,Multiplicity:1.00
0.017	0.549	0.433	0.001
0.001	0.001	0.016	0.982
0.630	0.117	0.252	0.001
0.997	0.001	0.001	0.001
0.001	0.169	0.716	0.114
0.856	0.001	0.001	0.142
0.830	0.001	0.001	0.168
0.001	0.001	0.001	0.997
0.851	0.001	0.001	0.147
0.142	0.001	0.001	0.856
0.921	0.001	0.001	0.077
0.001	0.001	0.017	0.981
>GAAGRCCAAGTT	14-GAAGRCCAAGTT	10.358536	-19.299687	0	T:22.0(5.70%),B:478.3(1.19%),P:1e-8	Tpos:622.9,Tstd:265.0,Bpos:462.6,Bstd:317.3,StrandBias:0.9,Multiplicity:1.05
0.001	0.001	0.819	0.179
0.996	0.002	0.001	0.001
0.774	0.001	0.082	0.143
0.210	0.205	0.526	0.059
0.469	0.001	0.529	0.001
0.001	0.997	0.001	0.001
0.001	0.793	0.103	0.103
0.997	0.001	0.001	0.001
0.997	0.001	0.001	0.001
0.001	0.322	0.676	0.001
0.236	0.001	0.215	0.548
0.001	0.001	0.001	0.997
>TCCCTGGAAATT	15-TCCCTGGAAATT	10.785905	-18.833912	0	T:28.0(7.25%),B:782.5(1.95%),P:1e-8	Tpos:548.2,Tstd:297.4,Bpos:517.5,Bstd:323.0,StrandBias:1.4,Multiplicity:1.04
0.001	0.001	0.001	0.997
0.047	0.893	0.001	0.059
0.003	0.957	0.038	0.002
0.235	0.763	0.001	0.001
0.001	0.059	0.077	0.863
0.001	0.090	0.675	0.234
0.097	0.224	0.601	0.078
0.997	0.001	0.001	0.001
0.913	0.001	0.001	0.085
0.788	0.157	0.001	0.054
0.071	0.001	0.001	0.927
0.001	0.001	0.191	0.807
>KCTATCGATTYT	16-KCTATCGATTYT	10.369639	-17.851862	0	T:54.0(13.99%),B:2441.2(6.10%),P:1e-7	Tpos:587.8,Tstd:283.4,Bpos:533.7,Bstd:326.0,StrandBias:-0.2,Multiplicity:1.17
0.036	0.142	0.453	0.369
0.001	0.840	0.040	0.119
0.001	0.045	0.075	0.879
0.931	0.067	0.001	0.001
0.001	0.232	0.001	0.766
0.214	0.649	0.001	0.136
0.053	0.001	0.712	0.234
0.748	0.001	0.001	0.250
0.097	0.001	0.001	0.901
0.001	0.001	0.001	0.997
0.001	0.456	0.001	0.542
0.004	0.001	0.001	0.994
>TTTTGCACATAA	17-TTTTGCACATAA	12.560381	-16.790438	0	T:18.0(4.66%),B:371.5(0.93%),P:1e-7	Tpos:436.6,Tstd:268.7,Bpos:561.0,Bstd:305.1,StrandBias:-0.5,Multiplicity:1.06
0.001	0.001	0.096	0.902
0.001	0.001	0.001	0.997
0.001	0.001	0.001	0.997
0.001	0.001	0.001	0.997
0.069	0.001	0.852	0.078
0.083	0.868	0.001	0.048
0.997	0.001	0.001	0.001
0.020	0.934	0.045	0.001
0.920	0.001	0.001	0.078
0.018	0.075	0.136	0.771
0.874	0.001	0.124	0.001
0.924	0.001	0.001	0.074
>CTCTTAACTTTA	18-CTCTTAACTTTA	10.478003	-16.381213	0	T:21.0(5.44%),B:519.2(1.30%),P:1e-7	Tpos:355.2,Tstd:222.9,Bpos:524.3,Bstd:324.1,StrandBias:-0.3,Multiplicity:1.19
0.001	0.841	0.157	0.001
0.166	0.001	0.001	0.832
0.078	0.920	0.001	0.001
0.001	0.001	0.070	0.928
0.038	0.071	0.001	0.890
0.779	0.001	0.219	0.001
0.789	0.001	0.001	0.209
0.053	0.945	0.001	0.001
0.157	0.001	0.001	0.841
0.001	0.001	0.143	0.855
0.275	0.001	0.079	0.645
0.802	0.001	0.001	0.196
>CAGCTAAAGACG	19-CAGCTAAAGACG	9.989882	-14.807382	0	T:20.0(5.18%),B:523.1(1.31%),P:1e-6	Tpos:461.4,Tstd:259.6,Bpos:493.4,Bstd:314.3,StrandBias:0.4,Multiplicity:1.15
0.002	0.996	0.001	0.001
0.997	0.001	0.001	0.001
0.002	0.001	0.996	0.001
0.001	0.995	0.001	0.003
0.291	0.101	0.097	0.511
0.975	0.023	0.001	0.001
0.805	0.193	0.001	0.001
0.790	0.113	0.001	0.096
0.153	0.001	0.650	0.196
0.679	0.114	0.114	0.093
0.295	0.581	0.120	0.004
0.003	0.001	0.993	0.003
>GATACAGATCTA	20-GATACAGATCTA	14.630585	-12.583465	0	T:3.0(0.78%),B:1.6(0.00%),P:1e-5	Tpos:375.5,Tstd:230.8,Bpos:234.0,Bstd:55.6,StrandBias:2.3,Multiplicity:2.00
0.001	0.001	0.997	0.001
0.997	0.001	0.001	0.001
0.001	0.001	0.001	0.997
0.997	0.001	0.001	0.001
0.001	0.997	0.001	0.001
0.823	0.001	0.001	0.175
0.001	0.001	0.997	0.001
0.793	0.001	0.205	0.001
0.001	0.001	0.001	0.997
0.001	0.997	0.001	0.001
0.001	0.001	0.001	0.997
0.997	0.001	0.001	0.001
>TGAGTCTGCCCR	21-TGAGTCTGCCCR	8.192343	-11.704884	0	T:33.0(8.55%),B:1459.5(3.64%),P:1e-5	Tpos:441.0,Tstd:247.5,Bpos:494.1,Bstd:319.0,StrandBias:0.5,Multiplicity:1.00
0.001	0.284	0.272	0.443
0.001	0.097	0.787	0.115
0.877	0.001	0.001	0.121
0.030	0.036	0.757	0.177
0.083	0.001	0.001	0.915
0.091	0.822	0.039	0.048
0.001	0.046	0.001	0.952
0.001	0.001	0.769	0.229
0.045	0.832	0.001	0.122
0.222	0.471	0.073	0.234
0.001	0.814	0.070	0.115
0.370	0.001	0.395	0.234
>CAGTAGAGCAAG	22-CAGTAGAGCAAG	16.374326	-9.305846	0	T:2.0(0.52%),B:0.7(0.00%),P:1e-4	Tpos:501.8,Tstd:166.5,Bpos:793.0,Bstd:0.0,StrandBias:10.0,Multiplicity:2.00
0.001	0.997	0.001	0.001
0.997	0.001	0.001	0.001
0.001	0.001	0.997	0.001
0.001	0.001	0.001	0.997
0.796	0.001	0.001	0.202
0.001	0.001	0.997	0.001
0.997	0.001	0.001	0.001
0.001	0.001	0.997	0.001
0.001	0.997	0.001	0.001
0.997	0.001	0.001	0.001
0.997	0.001	0.001	0.001
0.001	0.001	0.997	0.001
>CTGCCGAACAAC	23-CTGCCGAACAAC	15.002994	-7.022300	0	T:2.0(0.52%),B:3.5(0.01%),P:1e-3	Tpos:318.8,Tstd:167.0,Bpos:560.5,Bstd:183.8,StrandBias:10.0,Multiplicity:2.50
0.001	0.796	0.001	0.202
0.001	0.001	0.001	0.997
0.001	0.001	0.997	0.001
0.001	0.997	0.001	0.001
0.001	0.997	0.001	0.001
0.001	0.001	0.997	0.001
0.997	0.001	0.001	0.001
0.997	0.001	0.001	0.001
0.001	0.997	0.001	0.001
0.997	0.001	0.001	0.001
0.997	0.001	0.001	0.001
0.001	0.997	0.001	0.001
>AGAGKCTGCCCC	24-AGAGKCTGCCCC	-6.088456	-5.968638	0	T:146.0(37.82%),B:12403.7(30.97%),P:1e-2	Tpos:482.5,Tstd:269.3,Bpos:486.6,Bstd:313.5,StrandBias:0.1,Multiplicity:1.29
0.997	0.001	0.001	0.001
0.001	0.001	0.997	0.001
0.997	0.001	0.001	0.001
0.001	0.001	0.997	0.001
0.001	0.001	0.499	0.499
0.001	0.997	0.001	0.001
0.001	0.166	0.001	0.832
0.001	0.001	0.997	0.001
0.001	0.832	0.001	0.166
0.001	0.997	0.001	0.001
0.001	0.997	0.001	0.001
0.001	0.997	0.001	0.001
>AGATGAAGCCGC	25-AGATGAAGCCGC	12.355432	-3.279638	0	T:1.0(0.26%),B:3.9(0.01%),P:1e-1	Tpos:295.0,Tstd:181.1,Bpos:553.8,Bstd:510.3,StrandBias:10.0,Multiplicity:4.00
0.700	0.100	0.100	0.100
0.100	0.100	0.700	0.100
0.700	0.100	0.100	0.100
0.100	0.100	0.100	0.700
0.100	0.100	0.700	0.100
0.700	0.100	0.100	0.100
0.700	0.100	0.100	0.100
0.100	0.100	0.700	0.100
0.100	0.700	0.100	0.100
0.100	0.700	0.100	0.100
0.100	0.100	0.700	0.100
0.100	0.700	0.100	0.100
>GCCGAAGA	1-GCCGAAGA	6.199472	-20.572875	0	T:178.0(46.11%),B:12558.1(31.36%),P:1e-8	Tpos:450.2,Tstd:274.6,Bpos:481.1,Bstd:329.4,StrandBias:-0.2,Multiplicity:1.34
0.133	0.001	0.865	0.001
0.346	0.496	0.104	0.053
0.001	0.997	0.001	0.001
0.001	0.103	0.785	0.111
0.906	0.001	0.050	0.043
0.731	0.001	0.175	0.093
0.001	0.050	0.948	0.001
0.714	0.115	0.001	0.170
>TATCGATC	2-TATCGATC	7.579786	-16.884950	0	T:124.0(32.12%),B:8155.7(20.36%),P:1e-7	Tpos:563.0,Tstd:286.4,Bpos:534.5,Bstd:338.0,StrandBias:0.2,Multiplicity:1.28
0.116	0.065	0.132	0.687
0.607	0.001	0.259	0.133
0.018	0.001	0.001	0.980
0.001	0.997	0.001	0.001
0.001	0.001	0.837	0.161
0.664	0.001	0.244	0.091
0.040	0.041	0.070	0.849
0.001	0.808	0.001	0.190
>CGTAAATC	3-CGTAAATC	8.967149	-14.325202	0	T:53.0(13.73%),B:2658.5(6.64%),P:1e-6	Tpos:590.5,Tstd:269.9,Bpos:517.4,Bstd:331.4,StrandBias:0.7,Multiplicity:1.08
0.001	0.846	0.152	0.001
0.001	0.001	0.997	0.001
0.001	0.001	0.001	0.997
0.854	0.001	0.144	0.001
0.997	0.001	0.001	0.001
0.997	0.001	0.001	0.001
0.001	0.001	0.001	0.997
0.001	0.997	0.001	0.001
>TTCTTGTT	4-TTCTTGTT	8.236490	-13.851590	0	T:178.0(46.11%),B:13693.6(34.19%),P:1e-6	Tpos:558.9,Tstd:287.4,Bpos:524.1,Bstd:317.0,StrandBias:0.4,Multiplicity:1.39
0.001	0.145	0.121	0.733
0.001	0.001	0.001	0.997
0.238	0.760	0.001	0.001
0.001	0.001	0.001	0.997
0.001	0.001	0.001	0.997
0.001	0.001	0.997	0.001
0.001	0.105	0.001	0.893
0.001	0.001	0.001	0.997
>TCTCTCGA	5-TCTCTCGA	8.661377	-11.302958	0	T:84.0(21.76%),B:5494.7(13.72%),P:1e-4	Tpos:551.0,Tstd:281.1,Bpos:518.9,Bstd:336.4,StrandBias:0.6,Multiplicity:1.12
0.001	0.001	0.001	0.997
0.001	0.997	0.001	0.001
0.001	0.001	0.001	0.997
0.001	0.997	0.001	0.001
0.001	0.001	0.001	0.997
0.001	0.997	0.001	0.001
0.308	0.090	0.601	0.001
0.997	0.001	0.001	0.001
>AACGCGCG	6-AACGCGCG	6.920389	-10.740512	0	T:68.0(17.62%),B:4228.3(10.56%),P:1e-4	Tpos:578.4,Tstd:291.1,Bpos:533.0,Bstd:326.4,StrandBias:0.4,Multiplicity:1.21
0.934	0.001	0.064	0.001
0.897	0.001	0.001	0.101
0.001	0.997	0.001	0.001
0.001	0.001	0.952	0.046
0.001	0.801	0.037	0.161
0.060	0.001	0.811	0.128
0.047	0.951	0.001	0.001
0.087	0.219	0.651	0.043
