>TGAATCTCTSTG	1-TGAATCTCTSTG	12.829771	-23.495427	0	T:8.0(6.35%),B:63.0(0.16%),P:1e-10	Tpos:334.7,Tstd:364.0,Bpos:527.7,Bstd:319.0,StrandBias:1.0,Multiplicity:1.12
0.001	0.001	0.001	0.997
0.001	0.001	0.764	0.234
0.997	0.001	0.001	0.001
0.486	0.308	0.001	0.205
0.001	0.001	0.001	0.997
0.001	0.997	0.001	0.001
0.001	0.001	0.001	0.997
0.001	0.785	0.001	0.213
0.001	0.001	0.001	0.997
0.001	0.565	0.433	0.001
0.001	0.001	0.001	0.997
0.327	0.001	0.671	0.001
>CCTTGGATTCAG	2-CCTTGGATTCAG	10.559504	-22.886929	0	T:11.0(8.73%),B:210.2(0.52%),P:1e-9	Tpos:370.5,Tstd:269.9,Bpos:462.6,Bstd:288.2,StrandBias:2.2,Multiplicity:1.00
0.121	0.877	0.001	0.001
0.076	0.676	0.247	0.001
0.001	0.001	0.145	0.853
0.106	0.275	0.146	0.473
0.001	0.005	0.993	0.001
0.182	0.001	0.816	0.001
0.893	0.001	0.001	0.105
0.001	0.001	0.145	0.853
0.111	0.005	0.001	0.883
0.001	0.997	0.001	0.001
0.707	0.146	0.146	0.001
0.001	0.001	0.997	0.001
>CGTCGAAAAGCT	3-CGTCGAAAAGCT	14.017947	-21.753259	0	T:6.0(4.76%),B:23.1(0.06%),P:1e-9	Tpos:553.2,Tstd:312.6,Bpos:363.4,Bstd:240.9,StrandBias:0.0,Multiplicity:1.00
0.001	0.997	0.001	0.001
0.001	0.001	0.997	0.001
0.160	0.001	0.001	0.838
0.001	0.779	0.219	0.001
0.001	0.001	0.779	0.219
0.997	0.001	0.001	0.001
0.851	0.001	0.147	0.001
0.997	0.001	0.001	0.001
0.997	0.001	0.001	0.001
0.001	0.001	0.997	0.001
0.001	0.997	0.001	0.001
0.001	0.001	0.001	0.997
>CGAGGTGTCTGA	4-CGAGGTGTCTGA	9.953394	-21.207120	0	T:8.0(6.35%),B:86.7(0.21%),P:1e-9	Tpos:429.4,Tstd:310.8,Bpos:581.6,Bstd:300.3,StrandBias:0.7,Multiplicity:1.00
0.001	0.997	0.001	0.001
0.001	0.001	0.635	0.363
0.997	0.001	0.001	0.001
0.001	0.363	0.635	0.001
0.008	0.013	0.978	0.001
0.001	0.001	0.363	0.635
0.376	0.001	0.622	0.001
0.001	0.001	0.001	0.997
0.014	0.984	0.001	0.001
0.001	0.001	0.209	0.789
0.001	0.001	0.997	0.001
0.789	0.209	0.001	0.001
>AACAGAATAATC	5-AACAGAATAATC	13.160353	-20.756177	0	T:9.0(7.14%),B:138.7(0.34%),P:1e-9	Tpos:391.4,Tstd:185.6,Bpos:509.3,Bstd:287.2,StrandBias:1.8,Multiplicity:1.00
0.997	0.001	0.001	0.001
0.997	0.001	0.001	0.001
0.001	0.866	0.132	0.001
0.997	0.001	0.001	0.001
0.001	0.001	0.997	0.001
0.997	0.001	0.001	0.001
0.832	0.001	0.001	0.166
0.060	0.105	0.129	0.706
0.997	0.001	0.001	0.001
0.818	0.001	0.180	0.001
0.001	0.001	0.001	0.997
0.104	0.894	0.001	0.001
>TTATTGTTTTGT	6-TTATTGTTTTGT	11.526250	-20.350476	0	T:21.0(16.67%),B:1342.1(3.32%),P:1e-8	Tpos:579.5,Tstd:294.3,Bpos:524.6,Bstd:300.2,StrandBias:1.7,Multiplicity:1.00
0.001	0.001	0.001	0.997
0.076	0.113	0.001	0.810
0.920	0.001	0.001	0.078
0.001	0.001	0.001	0.997
0.001	0.134	0.001	0.864
0.086	0.127	0.786	0.001
0.001	0.001	0.001	0.997
0.001	0.001	0.001	0.997
0.001	0.001	0.001	0.997
0.001	0.001	0.001	0.997
0.067	0.067	0.781	0.085
0.081	0.001	0.001	0.917
>AAAAATTGGGTG	7-AAAAATTGGGTG	12.103978	-19.512518	0	T:16.0(12.70%),B:770.4(1.91%),P:1e-8	Tpos:548.3,Tstd:252.9,Bpos:516.6,Bstd:314.3,StrandBias:-0.2,Multiplicity:1.06
0.579	0.199	0.221	0.001
0.997	0.001	0.001	0.001
0.997	0.001	0.001	0.001
0.997	0.001	0.001	0.001
0.997	0.001	0.001	0.001
0.001	0.001	0.001	0.997
0.001	0.001	0.001	0.997
0.001	0.001	0.818	0.180
0.001	0.287	0.664	0.048
0.001	0.001	0.738	0.260
0.063	0.001	0.001	0.935
0.001	0.001	0.965	0.033
>CACTTGAACAAG	8-CACTTGAACAAG	13.854559	-18.814817	0	T:6.0(4.76%),B:40.8(0.10%),P:1e-8	Tpos:514.1,Tstd:294.9,Bpos:541.3,Bstd:321.1,StrandBias:1.3,Multiplicity:1.17
0.001	0.785	0.001	0.213
0.997	0.001	0.001	0.001
0.001	0.997	0.001	0.001
0.001	0.001	0.001	0.997
0.001	0.001	0.001	0.997
0.001	0.001	0.785	0.213
0.752	0.001	0.246	0.001
0.997	0.001	0.001	0.001
0.137	0.861	0.001	0.001
0.997	0.001	0.001	0.001
0.997	0.001	0.001	0.001
0.001	0.001	0.997	0.001
>ACAAACCACTGG	9-ACAAACCACTGG	10.543168	-18.333912	0	T:13.0(10.32%),B:511.6(1.27%),P:1e-7	Tpos:422.5,Tstd:302.5,Bpos:511.8,Bstd:313.7,StrandBias:0.7,Multiplicity:1.00
0.837	0.007	0.151	0.005
0.096	0.544	0.348	0.012
0.997	0.001	0.001	0.001
0.997	0.001	0.001	0.001
0.997	0.001	0.001	0.001
0.085	0.596	0.001	0.318
0.112	0.886	0.001	0.001
0.993	0.005	0.001	0.001
0.081	0.812	0.001	0.106
0.240	0.094	0.001	0.665
0.110	0.133	0.657	0.100
0.085	0.133	0.696	0.086
>WMTGYCKAGGCM	10-WMTGYCKAGGCM	10.024146	-17.926812	0	T:9.0(7.14%),B:194.9(0.48%),P:1e-7	Tpos:364.4,Tstd:233.3,Bpos:523.9,Bstd:307.9,StrandBias:0.5,Multiplicity:1.00
0.471	0.001	0.001	0.527
0.498	0.500	0.001	0.001
0.001	0.001	0.287	0.711
0.246	0.001	0.752	0.001
0.001	0.505	0.001	0.493
0.246	0.752	0.001	0.001
0.001	0.001	0.493	0.505
0.965	0.033	0.001	0.001
0.001	0.001	0.997	0.001
0.217	0.001	0.781	0.001
0.001	0.997	0.001	0.001
0.470	0.528	0.001	0.001
>GTCKAAMCCCAG	11-GTCKAAMCCCAG	11.373847	-17.381727	0	T:6.0(4.76%),B:52.8(0.13%),P:1e-7	Tpos:465.6,Tstd:270.1,Bpos:487.3,Bstd:299.9,StrandBias:1.6,Multiplicity:1.33
0.001	0.138	0.860	0.001
0.001	0.001	0.001	0.997
0.001	0.918	0.080	0.001
0.001	0.001	0.562	0.436
0.997	0.001	0.001	0.001
0.841	0.157	0.001	0.001
0.388	0.472	0.139	0.001
0.158	0.702	0.001	0.139
0.001	0.997	0.001	0.001
0.001	0.841	0.001	0.157
0.832	0.166	0.001	0.001
0.001	0.001	0.621	0.377
>AAATKTAGGTGG	12-AAATKTAGGTGG	10.544910	-16.957198	0	T:17.0(13.49%),B:1059.6(2.62%),P:1e-7	Tpos:541.6,Tstd:308.1,Bpos:495.7,Bstd:298.6,StrandBias:-1.3,Multiplicity:1.00
0.997	0.001	0.001	0.001
0.851	0.001	0.145	0.003
0.729	0.001	0.001	0.269
0.091	0.001	0.001	0.907
0.093	0.001	0.395	0.511
0.305	0.004	0.001	0.690
0.822	0.059	0.073	0.046
0.120	0.001	0.802	0.077
0.062	0.001	0.770	0.167
0.167	0.001	0.001	0.831
0.001	0.001	0.956	0.042
0.076	0.001	0.540	0.383
>TGTAACTCAAAA	13-TGTAACTCAAAA	12.882653	-16.243027	0	T:9.0(7.14%),B:238.5(0.59%),P:1e-7	Tpos:383.2,Tstd:283.6,Bpos:503.5,Bstd:272.6,StrandBias:-1.2,Multiplicity:1.11
0.001	0.001	0.001	0.997
0.089	0.001	0.909	0.001
0.053	0.001	0.099	0.847
0.997	0.001	0.001	0.001
0.892	0.106	0.001	0.001
0.001	0.945	0.001	0.053
0.001	0.001	0.001	0.997
0.095	0.820	0.084	0.001
0.997	0.001	0.001	0.001
0.842	0.156	0.001	0.001
0.849	0.149	0.001	0.001
0.997	0.001	0.001	0.001
>AAAAAGAGACAC	14-AAAAAGAGACAC	12.953783	-15.755967	0	T:11.0(8.73%),B:429.1(1.06%),P:1e-6	Tpos:496.5,Tstd:342.5,Bpos:515.3,Bstd:310.7,StrandBias:-1.4,Multiplicity:1.00
0.997	0.001	0.001	0.001
0.997	0.001	0.001	0.001
0.997	0.001	0.001	0.001
0.838	0.160	0.001	0.001
0.997	0.001	0.001	0.001
0.001	0.188	0.810	0.001
0.867	0.001	0.001	0.131
0.064	0.001	0.934	0.001
0.997	0.001	0.001	0.001
0.064	0.934	0.001	0.001
0.885	0.001	0.113	0.001
0.076	0.821	0.001	0.102
>TTGTTACCCAAA	15-TTGTTACCCAAA	13.728284	-15.389607	0	T:5.0(3.97%),B:37.9(0.09%),P:1e-6	Tpos:310.2,Tstd:249.8,Bpos:501.6,Bstd:277.6,StrandBias:2.0,Multiplicity:1.00
0.001	0.001	0.001	0.997
0.001	0.001	0.001	0.997
0.139	0.001	0.795	0.065
0.001	0.001	0.001	0.997
0.001	0.001	0.001	0.997
0.997	0.001	0.001	0.001
0.001	0.788	0.115	0.096
0.001	0.860	0.138	0.001
0.101	0.897	0.001	0.001
0.997	0.001	0.001	0.001
0.791	0.207	0.001	0.001
0.997	0.001	0.001	0.001
>ACTACGCBAAGT	16-ACTACGCBAAGT	11.032495	-12.021570	0	T:6.0(4.76%),B:137.5(0.34%),P:1e-5	Tpos:369.8,Tstd:242.5,Bpos:499.3,Bstd:298.5,StrandBias:1.2,Multiplicity:1.67
0.997	0.001	0.001	0.001
0.001	0.997	0.001	0.001
0.001	0.001	0.001	0.997
0.826	0.172	0.001	0.001
0.001	0.747	0.136	0.116
0.001	0.001	0.826	0.172
0.001	0.997	0.001	0.001
0.116	0.346	0.196	0.342
0.826	0.001	0.172	0.001
0.997	0.001	0.001	0.001
0.172	0.001	0.495	0.332
0.001	0.001	0.001	0.997
>CAGTATCGACTA	17-CAGTATCGACTA	16.361683	-11.556455	0	T:2.0(1.59%),B:0.0(0.00%),P:1e-5	Tpos:145.5,Tstd:82.4,Bpos:0.0,Bstd:0.0,StrandBias:10.0,Multiplicity:2.00
0.001	0.997	0.001	0.001
0.997	0.001	0.001	0.001
0.001	0.001	0.997	0.001
0.001	0.001	0.001	0.997
0.997	0.001	0.001	0.001
0.001	0.001	0.001	0.997
0.001	0.997	0.001	0.001
0.001	0.001	0.997	0.001
0.997	0.001	0.001	0.001
0.001	0.997	0.001	0.001
0.001	0.212	0.001	0.786
0.997	0.001	0.001	0.001
>AAAATAATTTGC	18-AAAATAATTTGC	12.355432	-11.331901	0	T:4.0(3.17%),B:41.7(0.10%),P:1e-4	Tpos:441.0,Tstd:353.2,Bpos:476.5,Bstd:283.5,StrandBias:0.0,Multiplicity:1.00
0.700	0.100	0.100	0.100
0.700	0.100	0.100	0.100
0.700	0.100	0.100	0.100
0.700	0.100	0.100	0.100
0.100	0.100	0.100	0.700
0.700	0.100	0.100	0.100
0.700	0.100	0.100	0.100
0.100	0.100	0.100	0.700
0.100	0.100	0.100	0.700
0.100	0.100	0.100	0.700
0.100	0.100	0.700	0.100
0.100	0.700	0.100	0.100
>ACAACAATAACG	19-ACAACAATAACG	13.910269	-11.048305	0	T:3.0(2.38%),B:13.6(0.03%),P:1e-4	Tpos:296.0,Tstd:174.3,Bpos:606.9,Bstd:304.6,StrandBias:2.6,Multiplicity:2.33
0.997	0.001	0.001	0.001
0.001	0.715	0.001	0.283
0.997	0.001	0.001	0.001
0.650	0.001	0.348	0.001
0.001	0.997	0.001	0.001
0.997	0.001	0.001	0.001
0.656	0.001	0.342	0.001
0.001	0.001	0.307	0.691
0.997	0.001	0.001	0.001
0.997	0.001	0.001	0.001
0.001	0.997	0.001	0.001
0.001	0.001	0.715	0.283
>GCKTSCAGTRKC	20-GCKTSCAGTRKC	13.550303	-10.856422	0	T:3.0(2.38%),B:14.2(0.04%),P:1e-4	Tpos:471.0,Tstd:129.6,Bpos:435.6,Bstd:258.5,StrandBias:1.0,Multiplicity:1.00
0.001	0.001	0.997	0.001
0.001	0.997	0.001	0.001
0.001	0.051	0.519	0.429
0.001	0.001	0.001	0.997
0.001	0.486	0.512	0.001
0.001	0.997	0.001	0.001
0.997	0.001	0.001	0.001
0.001	0.001	0.997	0.001
0.001	0.001	0.001	0.997
0.497	0.015	0.487	0.001
0.001	0.001	0.429	0.569
0.001	0.997	0.001	0.001
>TTAGAATCTACG	21-TTAGAATCTACG	12.355432	-5.774256	0	T:1.0(0.79%),B:0.0(0.00%),P:1e-2	Tpos:305.6,Tstd:158.8,Bpos:0.0,Bstd:0.0,StrandBias:10.0,Multiplicity:5.00
0.100	0.100	0.100	0.700
0.100	0.100	0.100	0.700
0.700	0.100	0.100	0.100
0.100	0.100	0.700	0.100
0.700	0.100	0.100	0.100
0.700	0.100	0.100	0.100
0.100	0.100	0.100	0.700
0.100	0.700	0.100	0.100
0.100	0.100	0.100	0.700
0.700	0.100	0.100	0.100
0.100	0.700	0.100	0.100
0.100	0.100	0.700	0.100
