>AAATTGGGCG	1-AAATTGGGCG	10.461356	-19.210819	0	T:14.0(11.11%),B:571.3(1.41%),P:1e-8	Tpos:472.9,Tstd:291.8,Bpos:534.2,Bstd:318.8,StrandBias:0.6,Multiplicity:1.07
0.775	0.001	0.001	0.223
0.992	0.006	0.001	0.001
0.897	0.001	0.101	0.001
0.064	0.082	0.005	0.849
0.146	0.080	0.005	0.769
0.004	0.018	0.976	0.002
0.001	0.043	0.954	0.002
0.281	0.002	0.529	0.188
0.023	0.801	0.001	0.175
0.002	0.008	0.988	0.002
>TAGTTATACG	2-TAGTTATACG	10.049411	-17.205418	0	T:13.0(10.32%),B:564.7(1.40%),P:1e-7	Tpos:382.2,Tstd:288.5,Bpos:544.5,Bstd:292.0,StrandBias:-0.7,Multiplicity:1.00
0.001	0.001	0.086	0.912
0.883	0.115	0.001	0.001
0.062	0.001	0.886	0.051
0.001	0.001	0.107	0.891
0.001	0.001	0.001	0.997
0.843	0.001	0.104	0.052
0.001	0.099	0.001	0.899
0.921	0.001	0.001	0.077
0.001	0.922	0.076	0.001
0.058	0.001	0.940	0.001
>AGCACTTAGC	3-AGCACTTAGC	9.126226	-17.155323	0	T:9.0(7.14%),B:213.9(0.53%),P:1e-7	Tpos:676.2,Tstd:155.7,Bpos:527.4,Bstd:307.8,StrandBias:0.6,Multiplicity:1.11
0.997	0.001	0.001	0.001
0.108	0.001	0.890	0.001
0.001	0.997	0.001	0.001
0.997	0.001	0.001	0.001
0.079	0.919	0.001	0.001
0.108	0.117	0.001	0.774
0.001	0.132	0.001	0.866
0.784	0.120	0.095	0.001
0.001	0.001	0.997	0.001
0.102	0.896	0.001	0.001
>AKATTCHAGT	4-AKATTCHAGT	8.294605	-14.719055	0	T:40.0(31.75%),B:5718.3(14.14%),P:1e-6	Tpos:524.5,Tstd:241.0,Bpos:502.9,Bstd:299.5,StrandBias:-0.3,Multiplicity:1.25
0.734	0.074	0.191	0.001
0.001	0.060	0.430	0.509
0.944	0.054	0.001	0.001
0.046	0.094	0.001	0.859
0.001	0.001	0.001	0.997
0.001	0.602	0.396	0.001
0.281	0.340	0.001	0.378
0.828	0.001	0.001	0.170
0.001	0.035	0.873	0.091
0.261	0.001	0.001	0.737
>GTAGAWCACC	5-GTAGAWCACC	9.571404	-13.541571	0	T:13.0(10.32%),B:784.7(1.94%),P:1e-5	Tpos:429.5,Tstd:292.7,Bpos:501.4,Bstd:312.4,StrandBias:1.3,Multiplicity:1.31
0.001	0.001	0.997	0.001
0.081	0.001	0.119	0.799
0.803	0.113	0.001	0.083
0.001	0.097	0.901	0.001
0.898	0.001	0.100	0.001
0.547	0.001	0.001	0.451
0.001	0.889	0.109	0.001
0.894	0.001	0.104	0.001
0.143	0.855	0.001	0.001
0.074	0.851	0.074	0.001
>TTCTCABATT	6-TTCTCABATT	10.641952	-11.832080	0	T:21.0(16.67%),B:2259.0(5.59%),P:1e-5	Tpos:474.6,Tstd:310.5,Bpos:515.9,Bstd:313.4,StrandBias:0.8,Multiplicity:1.05
0.001	0.001	0.001	0.997
0.001	0.001	0.001	0.997
0.001	0.811	0.001	0.187
0.001	0.157	0.001	0.841
0.110	0.888	0.001	0.001
0.997	0.001	0.001	0.001
0.001	0.345	0.322	0.331
0.997	0.001	0.001	0.001
0.157	0.001	0.001	0.841
0.001	0.001	0.001	0.997
>TGTACGACTC	7-TGTACGACTC	10.548427	-9.202276	0	T:4.0(3.17%),B:73.1(0.18%),P:1e-3	Tpos:321.0,Tstd:272.5,Bpos:509.5,Bstd:286.1,StrandBias:1.6,Multiplicity:2.00
0.001	0.001	0.001	0.997
0.001	0.174	0.824	0.001
0.001	0.001	0.001	0.997
0.997	0.001	0.001	0.001
0.001	0.997	0.001	0.001
0.001	0.001	0.997	0.001
0.997	0.001	0.001	0.001
0.001	0.997	0.001	0.001
0.001	0.001	0.001	0.997
0.214	0.784	0.001	0.001
>CAGTATCGAC	8-CAGTATCGAC	10.296193	-6.248030	0	T:2.0(1.59%),B:19.9(0.05%),P:1e-2	Tpos:186.0,Tstd:111.0,Bpos:586.9,Bstd:268.0,StrandBias:10.0,Multiplicity:2.50
0.100	0.700	0.100	0.100
0.700	0.100	0.100	0.100
0.100	0.100	0.700	0.100
0.100	0.100	0.100	0.700
0.700	0.100	0.100	0.100
0.100	0.100	0.100	0.700
0.100	0.700	0.100	0.100
0.100	0.100	0.700	0.100
0.700	0.100	0.100	0.100
0.100	0.700	0.100	0.100
>GCGTCGTTAC	9-GCGTCGTTAC	10.296193	-3.589347	0	T:1.0(0.79%),B:8.3(0.02%),P:1e-1	Tpos:283.8,Tstd:191.2,Bpos:399.0,Bstd:160.4,StrandBias:-10.0,Multiplicity:6.00
0.100	0.100	0.700	0.100
0.100	0.700	0.100	0.100
0.100	0.100	0.700	0.100
0.100	0.100	0.100	0.700
0.100	0.700	0.100	0.100
0.100	0.100	0.700	0.100
0.100	0.100	0.100	0.700
0.100	0.100	0.100	0.700
0.700	0.100	0.100	0.100
0.100	0.700	0.100	0.100
