>TACCCCTATT	1-TACCCCTATT	9.053316	-21.614249	0	T:12.0(21.05%),B:704.5(1.80%),P:1e-9	Tpos:556.8,Tstd:219.0,Bpos:503.1,Bstd:315.0,StrandBias:0.6,Multiplicity:1.25
0.115	0.245	0.001	0.639
0.862	0.001	0.001	0.136
0.101	0.897	0.001	0.001
0.103	0.779	0.001	0.117
0.001	0.997	0.001	0.001
0.001	0.863	0.135	0.001
0.001	0.001	0.138	0.860
0.997	0.001	0.001	0.001
0.001	0.001	0.001	0.997
0.001	0.001	0.001	0.997
>CTGCTTTTCT	2-CTGCTTTTCT	9.985913	-20.435366	0	T:15.0(26.32%),B:1420.0(3.62%),P:1e-8	Tpos:497.5,Tstd:319.3,Bpos:546.3,Bstd:337.0,StrandBias:1.7,Multiplicity:1.13
0.001	0.997	0.001	0.001
0.093	0.121	0.001	0.785
0.001	0.001	0.997	0.001
0.138	0.822	0.001	0.039
0.105	0.001	0.001	0.893
0.001	0.001	0.001	0.997
0.179	0.218	0.001	0.602
0.001	0.001	0.001	0.997
0.001	0.997	0.001	0.001
0.001	0.001	0.001	0.997
>CTTTCTATTG	3-CTTTCTATTG	10.522528	-19.964220	0	T:12.0(21.05%),B:817.0(2.08%),P:1e-8	Tpos:566.4,Tstd:305.4,Bpos:513.8,Bstd:317.0,StrandBias:0.2,Multiplicity:1.08
0.001	0.972	0.001	0.026
0.001	0.119	0.001	0.879
0.001	0.001	0.001	0.997
0.001	0.001	0.001	0.997
0.091	0.875	0.001	0.033
0.001	0.085	0.101	0.813
0.868	0.001	0.085	0.046
0.001	0.111	0.001	0.887
0.001	0.001	0.001	0.997
0.181	0.001	0.780	0.038
>CCTGTTATTG	4-CCTGTTATTG	10.940224	-19.655068	0	T:9.0(15.79%),B:357.6(0.91%),P:1e-8	Tpos:619.7,Tstd:279.5,Bpos:508.7,Bstd:308.7,StrandBias:-0.3,Multiplicity:1.00
0.113	0.777	0.001	0.109
0.001	0.997	0.001	0.001
0.001	0.001	0.156	0.842
0.001	0.001	0.769	0.229
0.001	0.001	0.001	0.997
0.001	0.001	0.001	0.997
0.921	0.001	0.001	0.077
0.001	0.158	0.001	0.840
0.001	0.001	0.001	0.997
0.001	0.001	0.997	0.001
>GTCGCCGAGT	5-GTCGCCGAGT	11.218945	-18.772232	0	T:7.0(12.28%),B:169.2(0.43%),P:1e-8	Tpos:420.8,Tstd:248.9,Bpos:503.1,Bstd:328.3,StrandBias:-1.6,Multiplicity:1.14
0.001	0.001	0.997	0.001
0.001	0.001	0.001	0.997
0.001	0.997	0.001	0.001
0.001	0.001	0.997	0.001
0.001	0.997	0.001	0.001
0.001	0.812	0.001	0.186
0.001	0.001	0.997	0.001
0.675	0.174	0.001	0.150
0.001	0.001	0.841	0.157
0.157	0.001	0.001	0.841
>ACAGGCAATT	6-ACAGGCAATT	10.237056	-17.506764	0	T:13.0(22.81%),B:1253.4(3.20%),P:1e-7	Tpos:297.3,Tstd:160.5,Bpos:518.7,Bstd:304.2,StrandBias:-0.4,Multiplicity:1.08
0.878	0.120	0.001	0.001
0.001	0.916	0.001	0.082
0.997	0.001	0.001	0.001
0.067	0.001	0.931	0.001
0.064	0.001	0.863	0.072
0.094	0.736	0.087	0.083
0.997	0.001	0.001	0.001
0.882	0.001	0.116	0.001
0.001	0.001	0.001	0.997
0.001	0.001	0.108	0.890
>GCCCTCATCA	7-GCCCTCATCA	7.631795	-16.325990	0	T:20.0(35.09%),B:3610.9(9.21%),P:1e-7	Tpos:580.0,Tstd:312.0,Bpos:505.2,Bstd:319.6,StrandBias:1.6,Multiplicity:1.20
0.140	0.114	0.705	0.041
0.105	0.768	0.044	0.083
0.043	0.861	0.094	0.002
0.215	0.626	0.158	0.001
0.126	0.039	0.001	0.834
0.084	0.780	0.001	0.135
0.703	0.050	0.090	0.157
0.002	0.041	0.001	0.956
0.001	0.863	0.045	0.091
0.918	0.001	0.001	0.080
>AACAGACCGC	8-AACAGACCGC	10.445351	-15.473235	0	T:7.0(12.28%),B:278.7(0.71%),P:1e-6	Tpos:673.6,Tstd:238.1,Bpos:481.8,Bstd:313.7,StrandBias:1.6,Multiplicity:1.14
0.997	0.001	0.001	0.001
0.997	0.001	0.001	0.001
0.108	0.890	0.001	0.001
0.580	0.124	0.182	0.114
0.084	0.001	0.914	0.001
0.997	0.001	0.001	0.001
0.001	0.997	0.001	0.001
0.001	0.770	0.125	0.104
0.001	0.001	0.997	0.001
0.001	0.997	0.001	0.001
>CACGTGGCAG	9-CACGTGGCAG	11.224286	-14.333789	0	T:8.0(14.04%),B:489.8(1.25%),P:1e-6	Tpos:546.6,Tstd:345.1,Bpos:503.8,Bstd:324.0,StrandBias:-0.3,Multiplicity:1.12
0.001	0.751	0.247	0.001
0.997	0.001	0.001	0.001
0.169	0.829	0.001	0.001
0.001	0.001	0.997	0.001
0.001	0.001	0.001	0.997
0.001	0.001	0.997	0.001
0.001	0.001	0.997	0.001
0.001	0.997	0.001	0.001
0.832	0.001	0.166	0.001
0.186	0.109	0.704	0.001
>GCAGCATGCT	10-GCAGCATGCT	10.668022	-13.700276	0	T:6.0(10.53%),B:226.3(0.58%),P:1e-5	Tpos:379.8,Tstd:255.5,Bpos:520.7,Bstd:335.4,StrandBias:-0.3,Multiplicity:1.00
0.099	0.113	0.787	0.001
0.100	0.756	0.001	0.143
0.997	0.001	0.001	0.001
0.001	0.101	0.897	0.001
0.107	0.891	0.001	0.001
0.997	0.001	0.001	0.001
0.001	0.001	0.001	0.997
0.001	0.001	0.997	0.001
0.001	0.872	0.126	0.001
0.100	0.001	0.001	0.898
>MATAGTGAGA	11-MATAGTGAGA	8.336720	-12.957259	0	T:19.0(33.33%),B:4042.2(10.30%),P:1e-5	Tpos:574.1,Tstd:324.1,Bpos:522.1,Bstd:327.0,StrandBias:-1.6,Multiplicity:1.05
0.494	0.432	0.001	0.073
0.838	0.089	0.001	0.072
0.001	0.001	0.115	0.883
0.665	0.001	0.333	0.001
0.031	0.001	0.944	0.024
0.001	0.073	0.001	0.925
0.001	0.001	0.945	0.053
0.845	0.001	0.067	0.087
0.098	0.001	0.824	0.077
0.868	0.065	0.066	0.001
>GGCACGGAAA	12-GGCACGGAAA	11.937610	-10.620076	0	T:4.0(7.02%),B:111.5(0.28%),P:1e-4	Tpos:358.4,Tstd:182.0,Bpos:565.7,Bstd:324.8,StrandBias:-0.6,Multiplicity:1.25
0.001	0.001	0.871	0.127
0.001	0.001	0.997	0.001
0.001	0.997	0.001	0.001
0.997	0.001	0.001	0.001
0.001	0.997	0.001	0.001
0.091	0.001	0.907	0.001
0.103	0.001	0.895	0.001
0.997	0.001	0.001	0.001
0.997	0.001	0.001	0.001
0.788	0.210	0.001	0.001
>AAAAAACTAT	13-AAAAAACTAT	10.965248	-8.287849	0	T:12.0(21.05%),B:2541.7(6.48%),P:1e-3	Tpos:541.2,Tstd:306.0,Bpos:488.9,Bstd:311.2,StrandBias:0.4,Multiplicity:1.33
0.997	0.001	0.001	0.001
0.997	0.001	0.001	0.001
0.906	0.001	0.092	0.001
0.997	0.001	0.001	0.001
0.920	0.078	0.001	0.001
0.997	0.001	0.001	0.001
0.001	0.997	0.001	0.001
0.001	0.001	0.001	0.997
0.797	0.201	0.001	0.001
0.001	0.001	0.001	0.997
