>CTGTCCCT	1-CTGTCCCT	6.958847	-15.062407	0	T:27.0(47.37%),B:6967.8(17.76%),P:1e-6	Tpos:463.2,Tstd:304.8,Bpos:533.0,Bstd:327.1,StrandBias:0.2,Multiplicity:1.26
0.043	0.735	0.194	0.028
0.057	0.061	0.001	0.881
0.001	0.041	0.885	0.073
0.001	0.001	0.001	0.997
0.041	0.902	0.001	0.056
0.060	0.790	0.048	0.102
0.001	0.900	0.029	0.070
0.001	0.052	0.001	0.946
>TTCTCGTC	2-TTCTCGTC	8.021874	-9.693606	0	T:22.0(38.60%),B:6517.4(16.61%),P:1e-4	Tpos:665.9,Tstd:260.4,Bpos:517.8,Bstd:334.8,StrandBias:0.9,Multiplicity:1.45
0.001	0.001	0.001	0.997
0.001	0.099	0.001	0.899
0.001	0.917	0.081	0.001
0.001	0.001	0.001	0.997
0.001	0.997	0.001	0.001
0.001	0.236	0.762	0.001
0.001	0.001	0.150	0.848
0.001	0.997	0.001	0.001
>AATAGGGG	3-AATAGGGG	8.239104	-8.644745	0	T:8.0(14.04%),B:1088.6(2.78%),P:1e-3	Tpos:514.9,Tstd:232.6,Bpos:526.0,Bstd:314.8,StrandBias:-1.2,Multiplicity:1.25
0.997	0.001	0.001	0.001
0.997	0.001	0.001	0.001
0.001	0.001	0.001	0.997
0.939	0.059	0.001	0.001
0.001	0.001	0.997	0.001
0.001	0.001	0.997	0.001
0.001	0.001	0.997	0.001
0.001	0.001	0.997	0.001
>TGATGACC	4-TGATGACC	8.572523	-7.082469	0	T:9.0(15.79%),B:1729.4(4.41%),P:1e-3	Tpos:637.6,Tstd:187.0,Bpos:499.2,Bstd:317.5,StrandBias:0.2,Multiplicity:1.44
0.042	0.001	0.001	0.956
0.001	0.001	0.886	0.112
0.845	0.153	0.001	0.001
0.001	0.001	0.001	0.997
0.001	0.001	0.997	0.001
0.997	0.001	0.001	0.001
0.001	0.997	0.001	0.001
0.001	0.902	0.096	0.001
>TTCCGTGC	5-TTCCGTGC	9.439682	-6.389546	0	T:7.0(12.28%),B:1190.5(3.03%),P:1e-2	Tpos:516.8,Tstd:258.4,Bpos:517.7,Bstd:322.5,StrandBias:-0.6,Multiplicity:1.43
0.001	0.001	0.001	0.997
0.001	0.001	0.001	0.997
0.001	0.802	0.196	0.001
0.001	0.997	0.001	0.001
0.001	0.001	0.997	0.001
0.001	0.001	0.001	0.997
0.001	0.001	0.997	0.001
0.001	0.997	0.001	0.001
