>ACTGATCA	1-ACTGATCA	8.175427	-18.527405	0	T:38.0(36.19%),B:5757.0(13.85%),P:1e-8	Tpos:723.3,Tstd:220.3,Bpos:540.9,Bstd:321.7,StrandBias:-0.3,Multiplicity:1.21
0.698	0.271	0.030	0.001
0.001	0.935	0.063	0.001
0.001	0.414	0.001	0.584
0.113	0.001	0.871	0.015
0.797	0.001	0.030	0.172
0.001	0.001	0.001	0.997
0.300	0.590	0.109	0.001
0.685	0.156	0.080	0.079
>TTGTCATC	2-TTGTCATC	9.039413	-14.382207	0	T:32.0(30.48%),B:5059.6(12.17%),P:1e-6	Tpos:561.3,Tstd:287.8,Bpos:507.6,Bstd:317.7,StrandBias:0.4,Multiplicity:1.09
0.001	0.001	0.072	0.926
0.001	0.001	0.026	0.972
0.001	0.001	0.997	0.001
0.001	0.055	0.001	0.943
0.001	0.997	0.001	0.001
0.997	0.001	0.001	0.001
0.139	0.001	0.001	0.859
0.001	0.662	0.159	0.178
>ATTACGAC	3-ATTACGAC	7.760261	-11.830473	0	T:24.0(22.86%),B:3550.4(8.54%),P:1e-5	Tpos:473.6,Tstd:280.9,Bpos:495.8,Bstd:309.7,StrandBias:-0.5,Multiplicity:1.21
0.600	0.125	0.057	0.218
0.001	0.001	0.001	0.997
0.001	0.001	0.190	0.808
0.622	0.001	0.376	0.001
0.001	0.771	0.227	0.001
0.001	0.146	0.852	0.001
0.997	0.001	0.001	0.001
0.001	0.773	0.225	0.001
>GTCCTGGG	4-GTCCTGGG	7.830212	-7.975312	0	T:10.0(9.52%),B:1046.2(2.52%),P:1e-3	Tpos:340.5,Tstd:259.8,Bpos:446.0,Bstd:281.3,StrandBias:-1.5,Multiplicity:1.50
0.183	0.047	0.627	0.143
0.001	0.001	0.001	0.997
0.001	0.943	0.055	0.001
0.001	0.940	0.058	0.001
0.001	0.089	0.001	0.909
0.001	0.178	0.820	0.001
0.001	0.001	0.997	0.001
0.001	0.001	0.952	0.046
>AGACARTC	5-AGACARTC	8.703476	-5.731455	0	T:13.0(12.38%),B:2161.5(5.20%),P:1e-2	Tpos:465.1,Tstd:299.1,Bpos:498.2,Bstd:322.3,StrandBias:1.9,Multiplicity:1.08
0.997	0.001	0.001	0.001
0.001	0.001	0.997	0.001
0.997	0.001	0.001	0.001
0.126	0.872	0.001	0.001
0.658	0.119	0.222	0.001
0.482	0.110	0.407	0.001
0.001	0.001	0.001	0.997
0.001	0.997	0.001	0.001
