>CATAATTTCTAG	1-CATAATTTCTAG	13.454556	-25.330974	0	T:9.0(8.57%),B:100.9(0.24%),P:1e-11	Tpos:695.4,Tstd:170.9,Bpos:535.2,Bstd:290.5,StrandBias:0.3,Multiplicity:1.00
0.001	0.997	0.001	0.001
0.997	0.001	0.001	0.001
0.001	0.001	0.117	0.881
0.848	0.001	0.150	0.001
0.810	0.188	0.001	0.001
0.001	0.001	0.001	0.997
0.001	0.001	0.177	0.821
0.001	0.001	0.001	0.997
0.001	0.997	0.001	0.001
0.001	0.001	0.001	0.997
0.843	0.155	0.001	0.001
0.101	0.001	0.897	0.001
>TAAAGGTTAACG	2-TAAAGGTTAACG	11.075073	-25.128620	0	T:12.0(11.43%),B:280.9(0.68%),P:1e-10	Tpos:512.5,Tstd:285.3,Bpos:507.1,Bstd:310.5,StrandBias:-0.5,Multiplicity:1.00
0.153	0.085	0.001	0.761
0.789	0.001	0.001	0.209
0.924	0.001	0.001	0.074
0.997	0.001	0.001	0.001
0.001	0.001	0.913	0.085
0.110	0.001	0.888	0.001
0.209	0.001	0.001	0.789
0.001	0.001	0.110	0.888
0.719	0.001	0.182	0.098
0.997	0.001	0.001	0.001
0.388	0.610	0.001	0.001
0.133	0.001	0.865	0.001
>ATCATGCAACAT	3-ATCATGCAACAT	13.500794	-23.907098	0	T:7.0(6.67%),B:42.0(0.10%),P:1e-10	Tpos:615.1,Tstd:253.2,Bpos:512.1,Bstd:300.8,StrandBias:-0.4,Multiplicity:1.00
0.997	0.001	0.001	0.001
0.001	0.001	0.001	0.997
0.001	0.887	0.001	0.111
0.997	0.001	0.001	0.001
0.001	0.001	0.001	0.997
0.125	0.001	0.873	0.001
0.001	0.997	0.001	0.001
0.813	0.185	0.001	0.001
0.997	0.001	0.001	0.001
0.001	0.997	0.001	0.001
0.896	0.001	0.001	0.102
0.143	0.001	0.164	0.692
>TTATTAGTTGTT	4-TTATTAGTTGTT	12.957891	-22.133609	0	T:10.0(9.52%),B:209.4(0.50%),P:1e-9	Tpos:508.2,Tstd:298.4,Bpos:526.0,Bstd:307.2,StrandBias:0.3,Multiplicity:1.10
0.001	0.001	0.001	0.997
0.001	0.001	0.001	0.997
0.997	0.001	0.001	0.001
0.001	0.001	0.001	0.997
0.100	0.099	0.001	0.800
0.932	0.001	0.001	0.066
0.158	0.001	0.840	0.001
0.001	0.001	0.001	0.997
0.001	0.176	0.001	0.822
0.001	0.001	0.997	0.001
0.001	0.001	0.176	0.822
0.001	0.001	0.139	0.859
>ACTGATAAGATG	5-ACTGATAAGATG	11.378766	-21.836334	0	T:14.0(13.33%),B:578.1(1.39%),P:1e-9	Tpos:708.3,Tstd:198.5,Bpos:583.9,Bstd:330.7,StrandBias:-0.6,Multiplicity:1.07
0.997	0.001	0.001	0.001
0.111	0.796	0.001	0.092
0.001	0.001	0.001	0.997
0.001	0.001	0.997	0.001
0.997	0.001	0.001	0.001
0.001	0.001	0.001	0.997
0.847	0.151	0.001	0.001
0.997	0.001	0.001	0.001
0.001	0.333	0.559	0.107
0.676	0.001	0.198	0.125
0.001	0.001	0.197	0.801
0.225	0.001	0.697	0.077
>AATAAATGACAA	6-AATAAATGACAA	13.120041	-21.291945	0	T:11.0(10.48%),B:307.4(0.74%),P:1e-9	Tpos:516.6,Tstd:287.1,Bpos:488.1,Bstd:306.1,StrandBias:-0.8,Multiplicity:1.00
0.817	0.093	0.001	0.089
0.887	0.001	0.111	0.001
0.032	0.001	0.081	0.886
0.838	0.001	0.075	0.086
0.997	0.001	0.001	0.001
0.997	0.001	0.001	0.001
0.001	0.001	0.001	0.997
0.001	0.001	0.997	0.001
0.845	0.085	0.001	0.069
0.025	0.973	0.001	0.001
0.907	0.091	0.001	0.001
0.923	0.001	0.001	0.075
>AATTATGTCGGT	7-AATTATGTCGGT	10.582201	-21.289456	0	T:13.0(12.38%),B:495.2(1.19%),P:1e-9	Tpos:570.4,Tstd:252.4,Bpos:522.7,Bstd:301.0,StrandBias:-0.2,Multiplicity:1.00
0.709	0.001	0.289	0.001
0.997	0.001	0.001	0.001
0.001	0.001	0.001	0.997
0.145	0.001	0.128	0.726
0.931	0.006	0.001	0.062
0.001	0.001	0.111	0.887
0.001	0.145	0.806	0.048
0.127	0.001	0.001	0.871
0.001	0.805	0.193	0.001
0.003	0.001	0.836	0.160
0.207	0.102	0.599	0.092
0.001	0.001	0.144	0.854
>CACGTTTCGGAA	8-CACGTTTCGGAA	10.234052	-20.158297	0	T:13.0(12.38%),B:545.3(1.31%),P:1e-8	Tpos:423.9,Tstd:320.5,Bpos:493.5,Bstd:305.4,StrandBias:-1.3,Multiplicity:1.08
0.120	0.878	0.001	0.001
0.984	0.001	0.001	0.014
0.205	0.613	0.181	0.001
0.001	0.262	0.704	0.033
0.026	0.001	0.001	0.972
0.181	0.001	0.001	0.817
0.001	0.139	0.181	0.679
0.001	0.878	0.120	0.001
0.089	0.001	0.903	0.007
0.139	0.017	0.843	0.001
0.997	0.001	0.001	0.001
0.663	0.320	0.016	0.001
>GCAAAATTTGCA	9-GCAAAATTTGCA	13.674595	-20.033172	0	T:9.0(8.57%),B:188.9(0.45%),P:1e-8	Tpos:510.1,Tstd:267.9,Bpos:506.7,Bstd:295.6,StrandBias:-0.3,Multiplicity:1.00
0.080	0.001	0.918	0.001
0.079	0.804	0.001	0.116
0.849	0.149	0.001	0.001
0.997	0.001	0.001	0.001
0.997	0.001	0.001	0.001
0.892	0.001	0.001	0.106
0.001	0.001	0.001	0.997
0.001	0.001	0.001	0.997
0.001	0.001	0.001	0.997
0.113	0.113	0.773	0.001
0.001	0.997	0.001	0.001
0.876	0.001	0.001	0.122
>TACATAACATTT	10-TACATAACATTT	12.844151	-19.324064	0	T:11.0(10.48%),B:374.0(0.90%),P:1e-8	Tpos:476.4,Tstd:303.8,Bpos:494.1,Bstd:314.1,StrandBias:0.5,Multiplicity:1.09
0.001	0.001	0.001	0.997
0.997	0.001	0.001	0.001
0.079	0.835	0.001	0.085
0.997	0.001	0.001	0.001
0.171	0.001	0.001	0.827
0.997	0.001	0.001	0.001
0.823	0.001	0.175	0.001
0.001	0.912	0.001	0.086
0.997	0.001	0.001	0.001
0.001	0.001	0.001	0.997
0.001	0.001	0.154	0.844
0.001	0.001	0.254	0.744
>ATTTTCTGACAA	11-ATTTTCTGACAA	13.895895	-19.251061	0	T:8.0(7.62%),B:140.3(0.34%),P:1e-8	Tpos:468.2,Tstd:265.7,Bpos:521.0,Bstd:319.0,StrandBias:-0.7,Multiplicity:1.00
0.997	0.001	0.001	0.001
0.258	0.001	0.001	0.740
0.001	0.001	0.001	0.997
0.001	0.096	0.258	0.645
0.001	0.001	0.001	0.997
0.001	0.997	0.001	0.001
0.001	0.001	0.001	0.997
0.001	0.001	0.997	0.001
0.997	0.001	0.001	0.001
0.001	0.997	0.001	0.001
0.997	0.001	0.001	0.001
0.997	0.001	0.001	0.001
>GAGCAATTTCTT	12-GAGCAATTTCTT	10.322931	-18.923666	0	T:24.0(22.86%),B:2398.7(5.77%),P:1e-8	Tpos:451.5,Tstd:306.7,Bpos:491.5,Bstd:306.4,StrandBias:0.8,Multiplicity:1.12
0.059	0.129	0.675	0.137
0.846	0.002	0.001	0.151
0.182	0.086	0.502	0.230
0.025	0.973	0.001	0.001
0.850	0.091	0.057	0.002
0.827	0.045	0.001	0.127
0.083	0.001	0.091	0.825
0.051	0.001	0.001	0.947
0.035	0.001	0.001	0.963
0.087	0.765	0.001	0.147
0.030	0.001	0.054	0.915
0.001	0.079	0.001	0.919
>GATTTTCAAATA	13-GATTTTCAAATA	12.977151	-18.602121	0	T:19.0(18.10%),B:1506.0(3.62%),P:1e-8	Tpos:515.6,Tstd:285.7,Bpos:535.0,Bstd:300.3,StrandBias:0.8,Multiplicity:1.00
0.082	0.065	0.795	0.058
0.829	0.001	0.110	0.060
0.001	0.001	0.001	0.997
0.001	0.001	0.152	0.846
0.001	0.001	0.001	0.997
0.001	0.001	0.001	0.997
0.088	0.837	0.001	0.074
0.997	0.001	0.001	0.001
0.997	0.001	0.001	0.001
0.913	0.001	0.001	0.085
0.147	0.001	0.001	0.851
0.997	0.001	0.001	0.001
>TATTACATTYTC	14-TATTACATTYTC	12.367768	-18.327555	0	T:11.0(10.48%),B:412.2(0.99%),P:1e-7	Tpos:396.1,Tstd:212.6,Bpos:535.6,Bstd:312.9,StrandBias:1.4,Multiplicity:1.00
0.086	0.137	0.001	0.776
0.741	0.121	0.001	0.137
0.147	0.001	0.001	0.851
0.321	0.001	0.001	0.677
0.576	0.001	0.001	0.422
0.066	0.932	0.001	0.001
0.997	0.001	0.001	0.001
0.001	0.001	0.174	0.824
0.001	0.001	0.001	0.997
0.001	0.571	0.001	0.427
0.001	0.001	0.001	0.997
0.084	0.914	0.001	0.001
>TTTGTTGCCTTT	15-TTTGTTGCCTTT	12.859015	-16.312955	0	T:9.0(8.57%),B:294.6(0.71%),P:1e-7	Tpos:686.4,Tstd:212.7,Bpos:533.2,Bstd:287.7,StrandBias:2.0,Multiplicity:1.11
0.001	0.001	0.001	0.997
0.001	0.001	0.001	0.997
0.001	0.001	0.001	0.997
0.001	0.001	0.997	0.001
0.001	0.001	0.001	0.997
0.001	0.122	0.001	0.876
0.001	0.120	0.809	0.070
0.001	0.888	0.110	0.001
0.001	0.941	0.001	0.057
0.104	0.001	0.001	0.894
0.001	0.138	0.001	0.860
0.001	0.155	0.001	0.843
>AATATATGCTCC	16-AATATATGCTCC	13.518769	-15.437116	0	T:5.0(4.76%),B:46.4(0.11%),P:1e-6	Tpos:473.6,Tstd:294.3,Bpos:486.1,Bstd:317.0,StrandBias:1.3,Multiplicity:1.40
0.997	0.001	0.001	0.001
0.997	0.001	0.001	0.001
0.001	0.001	0.124	0.874
0.997	0.001	0.001	0.001
0.001	0.001	0.001	0.997
0.665	0.001	0.001	0.333
0.001	0.001	0.001	0.997
0.001	0.145	0.853	0.001
0.001	0.997	0.001	0.001
0.001	0.001	0.196	0.802
0.196	0.802	0.001	0.001
0.001	0.997	0.001	0.001
>GGAAACCCAGGA	17-GGAAACCCAGGA	10.049621	-14.520447	0	T:9.0(8.57%),B:366.7(0.88%),P:1e-6	Tpos:340.3,Tstd:252.2,Bpos:485.9,Bstd:302.8,StrandBias:0.5,Multiplicity:1.33
0.087	0.001	0.730	0.182
0.191	0.001	0.807	0.001
0.997	0.001	0.001	0.001
0.914	0.001	0.084	0.001
0.669	0.107	0.129	0.095
0.020	0.849	0.130	0.001
0.105	0.618	0.276	0.001
0.001	0.894	0.001	0.104
0.736	0.001	0.019	0.244
0.005	0.076	0.837	0.082
0.021	0.001	0.864	0.114
0.716	0.001	0.074	0.209
>TAAATTTTTAGG	18-TAAATTTTTAGG	13.082876	-14.498295	0	T:9.0(8.57%),B:367.5(0.88%),P:1e-6	Tpos:474.8,Tstd:252.2,Bpos:465.2,Bstd:288.2,StrandBias:-1.0,Multiplicity:1.00
0.064	0.001	0.001	0.934
0.730	0.097	0.083	0.090
0.997	0.001	0.001	0.001
0.997	0.001	0.001	0.001
0.115	0.001	0.001	0.883
0.001	0.001	0.001	0.997
0.137	0.001	0.001	0.861
0.001	0.001	0.001	0.997
0.001	0.064	0.001	0.934
0.928	0.001	0.001	0.070
0.001	0.001	0.916	0.082
0.001	0.001	0.934	0.064
>GAATCAAAAAAT	19-GAATCAAAAAAT	12.622876	-13.831548	0	T:14.0(13.33%),B:1115.5(2.68%),P:1e-6	Tpos:530.3,Tstd:281.9,Bpos:536.8,Bstd:309.7,StrandBias:-1.5,Multiplicity:1.07
0.036	0.050	0.870	0.044
0.915	0.083	0.001	0.001
0.959	0.001	0.001	0.039
0.001	0.069	0.001	0.929
0.049	0.852	0.059	0.040
0.997	0.001	0.001	0.001
0.847	0.001	0.067	0.085
0.997	0.001	0.001	0.001
0.907	0.001	0.001	0.091
0.921	0.001	0.001	0.077
0.997	0.001	0.001	0.001
0.064	0.091	0.001	0.844
>CCGACAACTAGC	20-CCGACAACTAGC	12.653386	-6.629161	0	T:3.0(2.86%),B:82.2(0.20%),P:1e-2	Tpos:389.0,Tstd:177.7,Bpos:463.4,Bstd:277.0,StrandBias:-2.3,Multiplicity:2.00
0.001	0.997	0.001	0.001
0.001	0.698	0.001	0.300
0.001	0.001	0.698	0.300
0.997	0.001	0.001	0.001
0.001	0.698	0.001	0.300
0.658	0.001	0.001	0.340
0.658	0.001	0.001	0.340
0.001	0.997	0.001	0.001
0.001	0.001	0.001	0.997
0.997	0.001	0.001	0.001
0.001	0.001	0.698	0.300
0.001	0.997	0.001	0.001
>TATCGATTTTCT	21-TATCGATTTTCT	12.523126	-6.353107	0	T:5.0(4.76%),B:335.8(0.81%),P:1e-2	Tpos:350.1,Tstd:200.5,Bpos:523.6,Bstd:287.4,StrandBias:4.6,Multiplicity:5.00
0.001	0.411	0.001	0.587
0.919	0.011	0.001	0.069
0.325	0.063	0.001	0.611
0.093	0.648	0.059	0.200
0.001	0.068	0.930	0.001
0.556	0.280	0.001	0.163
0.001	0.001	0.105	0.893
0.001	0.001	0.188	0.810
0.001	0.096	0.001	0.902
0.001	0.165	0.001	0.833
0.001	0.997	0.001	0.001
0.065	0.001	0.001	0.933
