>YGTTATCAGT	1-YGTTATCAGT	8.922025	-37.278728	0	T:66.0(28.95%),B:3927.3(9.37%),P:1e-16	Tpos:614.1,Tstd:272.7,Bpos:560.0,Bstd:324.1,StrandBias:0.1,Multiplicity:1.24
0.085	0.526	0.001	0.388
0.057	0.260	0.521	0.162
0.001	0.001	0.001	0.997
0.133	0.001	0.001	0.865
0.920	0.001	0.001	0.078
0.001	0.001	0.001	0.997
0.001	0.969	0.029	0.001
0.533	0.104	0.067	0.296
0.080	0.145	0.774	0.001
0.001	0.032	0.001	0.966
>CTMMSYVTWA	2-CTMMSYVTWA	6.034536	-34.682641	0	T:61.0(26.75%),B:3590.5(8.57%),P:1e-15	Tpos:646.0,Tstd:260.3,Bpos:518.6,Bstd:318.9,StrandBias:0.9,Multiplicity:1.25
0.272	0.607	0.055	0.066
0.050	0.053	0.221	0.676
0.332	0.410	0.219	0.038
0.447	0.396	0.064	0.092
0.035	0.394	0.349	0.222
0.213	0.325	0.073	0.389
0.212	0.314	0.318	0.156
0.043	0.358	0.052	0.547
0.369	0.058	0.071	0.502
0.847	0.085	0.032	0.036
>ACCWGCAAGT	3-ACCWGCAAGT	10.105655	-25.475844	0	T:26.0(11.40%),B:896.1(2.14%),P:1e-11	Tpos:514.9,Tstd:311.8,Bpos:507.7,Bstd:319.4,StrandBias:-0.4,Multiplicity:1.08
0.997	0.001	0.001	0.001
0.001	0.997	0.001	0.001
0.001	0.761	0.001	0.237
0.494	0.001	0.001	0.504
0.001	0.001	0.840	0.158
0.188	0.625	0.186	0.001
0.997	0.001	0.001	0.001
0.997	0.001	0.001	0.001
0.001	0.001	0.871	0.127
0.001	0.074	0.001	0.924
>AACCTAGAGG	4-AACCTAGAGG	10.022367	-24.545393	0	T:13.0(5.70%),B:166.4(0.40%),P:1e-10	Tpos:478.2,Tstd:279.5,Bpos:485.0,Bstd:306.7,StrandBias:0.6,Multiplicity:1.00
0.810	0.001	0.090	0.099
0.903	0.001	0.001	0.095
0.034	0.964	0.001	0.001
0.001	0.997	0.001	0.001
0.001	0.057	0.001	0.941
0.909	0.089	0.001	0.001
0.001	0.001	0.706	0.292
0.899	0.099	0.001	0.001
0.001	0.066	0.932	0.001
0.001	0.001	0.997	0.001
>GGTAATTCCC	5-GGTAATTCCC	9.607518	-22.921153	0	T:18.0(7.89%),B:447.9(1.07%),P:1e-9	Tpos:556.8,Tstd:295.6,Bpos:469.6,Bstd:273.5,StrandBias:0.0,Multiplicity:1.11
0.001	0.076	0.922	0.001
0.140	0.074	0.702	0.084
0.150	0.065	0.001	0.784
0.799	0.001	0.103	0.097
0.997	0.001	0.001	0.001
0.001	0.001	0.001	0.997
0.001	0.001	0.001	0.997
0.001	0.959	0.001	0.039
0.050	0.948	0.001	0.001
0.043	0.955	0.001	0.001
>GTTACCAAGA	6-GTTACCAAGA	9.744933	-22.302672	0	T:19.0(8.33%),B:528.4(1.26%),P:1e-9	Tpos:448.3,Tstd:301.4,Bpos:494.9,Bstd:329.8,StrandBias:0.0,Multiplicity:1.06
0.001	0.056	0.942	0.001
0.062	0.001	0.093	0.844
0.069	0.078	0.049	0.804
0.929	0.001	0.045	0.025
0.037	0.891	0.046	0.026
0.027	0.881	0.001	0.091
0.997	0.001	0.001	0.001
0.873	0.125	0.001	0.001
0.029	0.001	0.969	0.001
0.997	0.001	0.001	0.001
>ATAAGAACGC	7-ATAAGAACGC	9.500688	-21.818785	0	T:22.0(9.65%),B:753.3(1.80%),P:1e-9	Tpos:609.9,Tstd:259.2,Bpos:534.6,Bstd:312.1,StrandBias:0.0,Multiplicity:1.00
0.882	0.001	0.116	0.001
0.001	0.001	0.001	0.997
0.808	0.100	0.091	0.001
0.997	0.001	0.001	0.001
0.092	0.191	0.716	0.001
0.997	0.001	0.001	0.001
0.810	0.001	0.001	0.188
0.163	0.796	0.040	0.001
0.001	0.154	0.844	0.001
0.076	0.922	0.001	0.001
>CGGATGGTAG	8-CGGATGGTAG	7.905773	-21.081163	0	T:28.0(12.28%),B:1278.6(3.05%),P:1e-9	Tpos:451.0,Tstd:283.8,Bpos:504.4,Bstd:310.4,StrandBias:-0.4,Multiplicity:1.07
0.186	0.764	0.049	0.001
0.069	0.001	0.897	0.033
0.103	0.001	0.815	0.081
0.910	0.088	0.001	0.001
0.147	0.001	0.269	0.583
0.001	0.054	0.914	0.031
0.042	0.073	0.830	0.055
0.027	0.001	0.169	0.803
0.954	0.001	0.001	0.044
0.037	0.179	0.706	0.078
>TAGGTAGAAA	9-TAGGTAGAAA	9.367621	-20.939080	0	T:37.0(16.23%),B:2155.0(5.14%),P:1e-9	Tpos:479.5,Tstd:274.2,Bpos:501.5,Bstd:322.9,StrandBias:-0.6,Multiplicity:1.09
0.069	0.036	0.035	0.860
0.955	0.001	0.001	0.043
0.054	0.043	0.863	0.040
0.001	0.031	0.967	0.001
0.211	0.001	0.001	0.787
0.938	0.001	0.037	0.024
0.091	0.035	0.873	0.001
0.929	0.001	0.001	0.069
0.997	0.001	0.001	0.001
0.851	0.092	0.001	0.056
>CGGTCTATAA	10-CGGTCTATAA	8.937233	-20.715150	0	T:18.0(7.89%),B:516.4(1.23%),P:1e-8	Tpos:535.7,Tstd:320.0,Bpos:501.1,Bstd:326.7,StrandBias:-1.0,Multiplicity:1.00
0.067	0.846	0.001	0.086
0.087	0.001	0.911	0.001
0.001	0.001	0.997	0.001
0.001	0.001	0.001	0.997
0.072	0.854	0.001	0.073
0.106	0.001	0.118	0.775
0.781	0.100	0.091	0.028
0.001	0.001	0.001	0.997
0.854	0.144	0.001	0.001
0.997	0.001	0.001	0.001
>GACAACGGGG	11-GACAACGGGG	10.160447	-20.434848	0	T:14.0(6.14%),B:287.4(0.69%),P:1e-8	Tpos:428.7,Tstd:317.5,Bpos:496.9,Bstd:331.1,StrandBias:-1.0,Multiplicity:1.07
0.001	0.001	0.869	0.129
0.997	0.001	0.001	0.001
0.033	0.965	0.001	0.001
0.997	0.001	0.001	0.001
0.997	0.001	0.001	0.001
0.117	0.797	0.085	0.001
0.101	0.001	0.818	0.080
0.081	0.120	0.798	0.001
0.062	0.001	0.936	0.001
0.001	0.001	0.920	0.078
>TAATGTACTC	12-TAATGTACTC	10.097671	-19.893449	0	T:19.0(8.33%),B:614.5(1.47%),P:1e-8	Tpos:489.1,Tstd:308.1,Bpos:482.3,Bstd:306.8,StrandBias:-0.3,Multiplicity:1.05
0.001	0.041	0.001	0.957
0.936	0.062	0.001	0.001
0.891	0.054	0.001	0.054
0.048	0.001	0.001	0.950
0.001	0.001	0.997	0.001
0.065	0.001	0.001	0.933
0.845	0.001	0.001	0.153
0.047	0.763	0.065	0.125
0.061	0.001	0.001	0.937
0.131	0.835	0.001	0.033
>CCAGAGTTAA	13-CCAGAGTTAA	8.419878	-19.870548	0	T:21.0(9.21%),B:762.1(1.82%),P:1e-8	Tpos:423.3,Tstd:230.8,Bpos:506.0,Bstd:318.4,StrandBias:0.4,Multiplicity:1.10
0.041	0.852	0.060	0.047
0.041	0.957	0.001	0.001
0.895	0.001	0.103	0.001
0.001	0.053	0.945	0.001
0.784	0.090	0.125	0.001
0.001	0.001	0.956	0.042
0.001	0.001	0.094	0.904
0.001	0.168	0.001	0.830
0.997	0.001	0.001	0.001
0.935	0.001	0.001	0.063
>CAGAGAGTTT	14-CAGAGAGTTT	6.018785	-19.240854	0	T:41.0(17.98%),B:2738.2(6.54%),P:1e-8	Tpos:572.5,Tstd:306.4,Bpos:498.2,Bstd:317.6,StrandBias:-0.5,Multiplicity:1.10
0.159	0.498	0.167	0.175
0.434	0.202	0.175	0.190
0.193	0.210	0.418	0.179
0.495	0.230	0.027	0.248
0.089	0.250	0.652	0.009
0.513	0.014	0.211	0.262
0.206	0.154	0.482	0.157
0.013	0.253	0.248	0.487
0.295	0.037	0.019	0.649
0.298	0.015	0.026	0.661
>CCTTATCACC	15-CCTTATCACC	9.688201	-18.879133	0	T:19.0(8.33%),B:655.5(1.56%),P:1e-8	Tpos:559.1,Tstd:278.4,Bpos:526.2,Bstd:325.0,StrandBias:1.3,Multiplicity:1.11
0.069	0.847	0.083	0.001
0.001	0.912	0.086	0.001
0.055	0.001	0.001	0.943
0.001	0.101	0.095	0.803
0.846	0.001	0.152	0.001
0.208	0.001	0.001	0.790
0.001	0.997	0.001	0.001
0.997	0.001	0.001	0.001
0.121	0.541	0.001	0.337
0.001	0.898	0.100	0.001
>CCAAGTGTGA	16-CCAAGTGTGA	8.845114	-16.276931	0	T:26.0(11.40%),B:1408.8(3.36%),P:1e-7	Tpos:352.0,Tstd:245.8,Bpos:491.7,Bstd:322.7,StrandBias:1.2,Multiplicity:1.38
0.001	0.997	0.001	0.001
0.311	0.567	0.053	0.069
0.465	0.090	0.303	0.142
0.957	0.041	0.001	0.001
0.001	0.075	0.923	0.001
0.035	0.240	0.069	0.656
0.001	0.001	0.997	0.001
0.001	0.108	0.001	0.890
0.104	0.101	0.694	0.101
0.884	0.062	0.053	0.001
>CTTTCTTAGC	17-CTTTCTTAGC	7.565096	-16.162450	0	T:40.0(17.54%),B:2945.2(7.03%),P:1e-7	Tpos:468.3,Tstd:289.3,Bpos:503.9,Bstd:319.0,StrandBias:0.2,Multiplicity:1.30
0.047	0.806	0.069	0.078
0.067	0.164	0.038	0.731
0.059	0.051	0.038	0.852
0.044	0.050	0.063	0.843
0.115	0.750	0.060	0.075
0.053	0.069	0.065	0.813
0.074	0.101	0.084	0.741
0.833	0.051	0.031	0.085
0.098	0.029	0.773	0.100
0.047	0.865	0.053	0.035
>TGACAGTGAT	18-TGACAGTGAT	8.487072	-15.779123	0	T:35.0(15.35%),B:2406.7(5.74%),P:1e-6	Tpos:422.5,Tstd:258.1,Bpos:491.8,Bstd:319.2,StrandBias:-0.3,Multiplicity:1.09
0.001	0.001	0.001	0.997
0.037	0.035	0.890	0.038
0.659	0.254	0.041	0.046
0.031	0.939	0.001	0.029
0.997	0.001	0.001	0.001
0.025	0.032	0.833	0.110
0.034	0.001	0.001	0.964
0.034	0.052	0.913	0.001
0.903	0.066	0.001	0.030
0.001	0.001	0.001	0.997
>CTTTTAGGGC	19-CTTTTAGGGC	10.927219	-15.622810	0	T:7.0(3.07%),B:67.1(0.16%),P:1e-6	Tpos:499.7,Tstd:355.6,Bpos:512.7,Bstd:304.0,StrandBias:0.4,Multiplicity:1.00
0.001	0.997	0.001	0.001
0.001	0.001	0.001	0.997
0.241	0.001	0.001	0.757
0.001	0.001	0.217	0.781
0.214	0.154	0.001	0.631
0.997	0.001	0.001	0.001
0.001	0.236	0.611	0.152
0.001	0.001	0.997	0.001
0.001	0.001	0.997	0.001
0.147	0.851	0.001	0.001
>GWYTAGGCGT	20-GWYTAGGCGT	8.067570	-14.188348	0	T:21.0(9.21%),B:1077.2(2.57%),P:1e-6	Tpos:521.2,Tstd:271.8,Bpos:510.3,Bstd:322.5,StrandBias:-0.3,Multiplicity:1.05
0.001	0.001	0.997	0.001
0.492	0.111	0.001	0.396
0.001	0.418	0.148	0.433
0.001	0.058	0.062	0.879
0.691	0.001	0.190	0.118
0.218	0.001	0.780	0.001
0.001	0.296	0.644	0.059
0.001	0.590	0.210	0.199
0.056	0.001	0.942	0.001
0.001	0.317	0.001	0.681
>ACTGGTGCCT	21-ACTGGTGCCT	10.157482	-12.505344	0	T:9.0(3.95%),B:212.9(0.51%),P:1e-5	Tpos:567.0,Tstd:226.9,Bpos:519.5,Bstd:308.0,StrandBias:0.8,Multiplicity:1.22
0.803	0.195	0.001	0.001
0.001	0.997	0.001	0.001
0.203	0.188	0.001	0.608
0.001	0.083	0.915	0.001
0.181	0.181	0.637	0.001
0.001	0.001	0.001	0.997
0.001	0.001	0.997	0.001
0.001	0.997	0.001	0.001
0.001	0.967	0.001	0.031
0.001	0.001	0.001	0.997
>TYKTWTCAGC	22-TYKTWTCAGC	8.999930	-10.695441	0	T:18.0(7.89%),B:1045.7(2.50%),P:1e-4	Tpos:629.5,Tstd:283.6,Bpos:512.6,Bstd:334.3,StrandBias:0.2,Multiplicity:1.06
0.111	0.001	0.001	0.887
0.054	0.474	0.149	0.324
0.138	0.152	0.339	0.370
0.001	0.367	0.001	0.631
0.547	0.001	0.001	0.451
0.001	0.335	0.001	0.663
0.001	0.997	0.001	0.001
0.931	0.067	0.001	0.001
0.002	0.160	0.497	0.341
0.026	0.809	0.164	0.001
>CGTCCCCTTT	23-CGTCCCCTTT	10.803088	-8.522024	0	T:7.0(3.07%),B:211.4(0.50%),P:1e-3	Tpos:453.1,Tstd:155.6,Bpos:547.1,Bstd:291.2,StrandBias:-0.4,Multiplicity:1.00
0.001	0.997	0.001	0.001
0.001	0.053	0.945	0.001
0.001	0.001	0.001	0.997
0.001	0.997	0.001	0.001
0.138	0.782	0.001	0.079
0.001	0.997	0.001	0.001
0.001	0.648	0.001	0.350
0.001	0.011	0.001	0.987
0.001	0.001	0.001	0.997
0.001	0.001	0.001	0.997
>GTCACTYTAT	24-GTCACTYTAT	11.390718	-6.947102	0	T:7.0(3.07%),B:277.6(0.66%),P:1e-3	Tpos:613.4,Tstd:315.6,Bpos:538.1,Bstd:313.8,StrandBias:2.6,Multiplicity:1.00
0.001	0.001	0.997	0.001
0.001	0.001	0.001	0.997
0.001	0.997	0.001	0.001
0.997	0.001	0.001	0.001
0.001	0.997	0.001	0.001
0.001	0.001	0.001	0.997
0.254	0.321	0.001	0.424
0.001	0.242	0.001	0.756
0.840	0.001	0.001	0.158
0.001	0.001	0.001	0.997
>TCGGCAAAAA	25-TCGGCAAAAA	10.296193	-4.902829	0	T:6.0(2.63%),B:307.6(0.73%),P:1e-2	Tpos:500.8,Tstd:237.6,Bpos:496.5,Bstd:320.6,StrandBias:-3.3,Multiplicity:1.83
0.100	0.100	0.100	0.700
0.100	0.700	0.100	0.100
0.100	0.100	0.700	0.100
0.100	0.100	0.700	0.100
0.100	0.700	0.100	0.100
0.700	0.100	0.100	0.100
0.700	0.100	0.100	0.100
0.700	0.100	0.100	0.100
0.700	0.100	0.100	0.100
0.700	0.100	0.100	0.100
