>ACTGATAA	1-ACTGATAA	8.825006	-29.737605	0	T:67.0(29.39%),B:4721.8(11.27%),P:1e-12	Tpos:577.4,Tstd:280.8,Bpos:550.0,Bstd:328.6,StrandBias:-0.2,Multiplicity:1.24
0.997	0.001	0.001	0.001
0.001	0.997	0.001	0.001
0.001	0.106	0.001	0.892
0.001	0.001	0.997	0.001
0.997	0.001	0.001	0.001
0.001	0.001	0.001	0.997
0.997	0.001	0.001	0.001
0.997	0.001	0.001	0.001
>CAGAGCGT	2-CAGAGCGT	6.936172	-22.135251	0	T:59.0(25.88%),B:4569.1(10.91%),P:1e-9	Tpos:457.3,Tstd:276.3,Bpos:497.4,Bstd:314.5,StrandBias:0.7,Multiplicity:1.17
0.001	0.997	0.001	0.001
0.923	0.055	0.021	0.001
0.100	0.001	0.798	0.101
0.886	0.001	0.001	0.112
0.001	0.001	0.997	0.001
0.058	0.774	0.037	0.131
0.153	0.057	0.789	0.001
0.019	0.001	0.151	0.829
>CTGATAAG	3-CTGATAAG	6.623267	-18.967597	0	T:133.0(58.33%),B:16476.4(39.33%),P:1e-8	Tpos:542.6,Tstd:297.2,Bpos:515.0,Bstd:329.6,StrandBias:-0.2,Multiplicity:1.48
0.210	0.626	0.089	0.075
0.044	0.005	0.006	0.945
0.030	0.052	0.870	0.048
0.977	0.021	0.001	0.001
0.080	0.001	0.001	0.918
0.885	0.028	0.039	0.048
0.937	0.061	0.001	0.001
0.050	0.001	0.948	0.001
>GCGTGATA	4-GCGTGATA	7.661305	-14.925019	0	T:40.0(17.54%),B:3090.0(7.38%),P:1e-6	Tpos:477.4,Tstd:292.5,Bpos:506.7,Bstd:319.9,StrandBias:0.2,Multiplicity:1.12
0.136	0.001	0.862	0.001
0.001	0.919	0.005	0.075
0.185	0.006	0.808	0.001
0.168	0.001	0.085	0.746
0.004	0.086	0.909	0.001
0.946	0.001	0.017	0.036
0.001	0.001	0.001	0.997
0.837	0.031	0.103	0.029
>ATGAGGAA	5-ATGAGGAA	9.119906	-14.689042	0	T:46.0(20.18%),B:3872.6(9.24%),P:1e-6	Tpos:584.1,Tstd:271.3,Bpos:521.2,Bstd:321.1,StrandBias:-0.6,Multiplicity:1.24
0.569	0.259	0.171	0.001
0.001	0.001	0.001	0.997
0.168	0.001	0.830	0.001
0.997	0.001	0.001	0.001
0.001	0.001	0.997	0.001
0.001	0.001	0.997	0.001
0.997	0.001	0.001	0.001
0.997	0.001	0.001	0.001
>TAGSAAGA	6-TAGSAAGA	7.456724	-12.483743	0	T:64.0(28.07%),B:6739.1(16.08%),P:1e-5	Tpos:599.2,Tstd:283.9,Bpos:516.1,Bstd:323.1,StrandBias:-0.2,Multiplicity:1.40
0.001	0.001	0.001	0.997
0.997	0.001	0.001	0.001
0.001	0.001	0.997	0.001
0.001	0.450	0.548	0.001
0.997	0.001	0.001	0.001
0.997	0.001	0.001	0.001
0.001	0.001	0.898	0.100
0.596	0.072	0.001	0.331
>AACCAAGT	7-AACCAAGT	8.684227	-6.499645	0	T:24.0(10.53%),B:2258.9(5.39%),P:1e-2	Tpos:452.8,Tstd:242.0,Bpos:493.6,Bstd:313.8,StrandBias:0.4,Multiplicity:1.38
0.997	0.001	0.001	0.001
0.997	0.001	0.001	0.001
0.001	0.997	0.001	0.001
0.001	0.997	0.001	0.001
0.880	0.118	0.001	0.001
0.778	0.001	0.220	0.001
0.001	0.001	0.997	0.001
0.001	0.001	0.001	0.997
>AGTCTGCG	8-AGTCTGCG	8.236954	-6.127440	0	T:7.0(3.07%),B:321.6(0.77%),P:1e-2	Tpos:603.7,Tstd:248.1,Bpos:488.8,Bstd:287.8,StrandBias:0.0,Multiplicity:1.43
0.700	0.100	0.100	0.100
0.100	0.100	0.700	0.100
0.100	0.100	0.100	0.700
0.100	0.700	0.100	0.100
0.100	0.100	0.100	0.700
0.100	0.100	0.700	0.100
0.100	0.700	0.100	0.100
0.100	0.100	0.700	0.100
>GTGACGTC	9-GTGACGTC	-2.743184	-4.821172	0	T:177.0(77.63%),B:29440.0(70.27%),P:1e-2	Tpos:494.4,Tstd:285.2,Bpos:499.5,Bstd:318.1,StrandBias:0.0,Multiplicity:1.94
0.001	0.001	0.997	0.001
0.001	0.001	0.001	0.997
0.001	0.001	0.997	0.001
0.997	0.001	0.001	0.001
0.001	0.997	0.001	0.001
0.001	0.107	0.891	0.001
0.001	0.001	0.001	0.997
0.001	0.997	0.001	0.001
