>TTTGATATCA	1-TTTGATATCA	8.161014	-32.582399	0	T:89.0(53.61%),B:10114.8(25.25%),P:1e-14	Tpos:585.0,Tstd:304.3,Bpos:522.5,Bstd:314.6,StrandBias:0.2,Multiplicity:1.33
0.358	0.001	0.124	0.517
0.054	0.007	0.333	0.606
0.165	0.001	0.001	0.833
0.001	0.277	0.721	0.001
0.709	0.001	0.001	0.289
0.001	0.273	0.073	0.653
0.862	0.001	0.136	0.001
0.147	0.001	0.003	0.849
0.001	0.997	0.001	0.001
0.997	0.001	0.001	0.001
>GGGATCTTTC	2-GGGATCTTTC	10.272253	-24.323044	0	T:15.0(9.04%),B:340.2(0.85%),P:1e-10	Tpos:405.0,Tstd:208.8,Bpos:477.0,Bstd:296.1,StrandBias:0.4,Multiplicity:1.07
0.001	0.001	0.876	0.122
0.064	0.086	0.849	0.001
0.046	0.001	0.952	0.001
0.808	0.190	0.001	0.001
0.062	0.001	0.109	0.828
0.056	0.866	0.077	0.001
0.001	0.001	0.001	0.997
0.001	0.001	0.092	0.906
0.001	0.001	0.001	0.997
0.001	0.997	0.001	0.001
>TCTAGTCAGT	3-TCTAGTCAGT	9.921242	-22.958999	0	T:16.0(9.64%),B:445.8(1.11%),P:1e-9	Tpos:496.6,Tstd:265.0,Bpos:524.0,Bstd:308.0,StrandBias:0.5,Multiplicity:1.06
0.060	0.001	0.109	0.830
0.001	0.914	0.047	0.038
0.001	0.054	0.001	0.944
0.961	0.001	0.001	0.037
0.001	0.068	0.930	0.001
0.001	0.001	0.001	0.997
0.001	0.997	0.001	0.001
0.946	0.001	0.001	0.052
0.110	0.162	0.697	0.031
0.156	0.001	0.001	0.842
>GTACTTACTT	4-GTACTTACTT	10.308221	-22.067638	0	T:18.0(10.84%),B:631.0(1.57%),P:1e-9	Tpos:480.6,Tstd:306.6,Bpos:486.9,Bstd:313.8,StrandBias:0.8,Multiplicity:1.06
0.001	0.060	0.938	0.001
0.001	0.001	0.001	0.997
0.997	0.001	0.001	0.001
0.001	0.958	0.001	0.040
0.122	0.001	0.001	0.876
0.001	0.217	0.001	0.781
0.997	0.001	0.001	0.001
0.001	0.738	0.001	0.260
0.001	0.001	0.001	0.997
0.001	0.001	0.001	0.997
>TTTGGGTGCA	5-TTTGGGTGCA	9.886909	-21.140682	0	T:21.0(12.65%),B:947.0(2.36%),P:1e-9	Tpos:495.0,Tstd:296.9,Bpos:525.0,Bstd:318.6,StrandBias:-0.4,Multiplicity:1.10
0.046	0.001	0.072	0.881
0.071	0.001	0.065	0.863
0.078	0.001	0.001	0.920
0.042	0.001	0.879	0.078
0.025	0.055	0.845	0.075
0.001	0.044	0.924	0.031
0.001	0.001	0.061	0.937
0.001	0.058	0.940	0.001
0.001	0.958	0.001	0.040
0.887	0.001	0.001	0.111
>ACTAGAGAAT	6-ACTAGAGAAT	8.810663	-18.730933	0	T:35.0(21.08%),B:2861.3(7.14%),P:1e-8	Tpos:527.6,Tstd:272.1,Bpos:495.3,Bstd:309.9,StrandBias:-0.8,Multiplicity:1.09
0.683	0.001	0.259	0.057
0.005	0.930	0.064	0.001
0.001	0.154	0.127	0.718
0.512	0.050	0.299	0.139
0.192	0.001	0.806	0.001
0.945	0.001	0.001	0.053
0.084	0.100	0.815	0.001
0.997	0.001	0.001	0.001
0.674	0.001	0.001	0.324
0.044	0.001	0.001	0.954
>TTCGTGCCAA	7-TTCGTGCCAA	9.575212	-18.167149	0	T:20.0(12.05%),B:1018.9(2.54%),P:1e-7	Tpos:459.5,Tstd:252.7,Bpos:505.0,Bstd:298.6,StrandBias:-1.1,Multiplicity:1.10
0.080	0.078	0.095	0.747
0.069	0.001	0.001	0.929
0.071	0.851	0.001	0.077
0.001	0.036	0.962	0.001
0.050	0.001	0.001	0.948
0.001	0.001	0.960	0.038
0.047	0.951	0.001	0.001
0.193	0.710	0.096	0.001
0.997	0.001	0.001	0.001
0.997	0.001	0.001	0.001
>TCCACCGACG	8-TCCACCGACG	10.356593	-17.698011	0	T:11.0(6.63%),B:261.1(0.65%),P:1e-7	Tpos:527.7,Tstd:277.7,Bpos:471.8,Bstd:312.9,StrandBias:-0.5,Multiplicity:1.09
0.001	0.001	0.001	0.997
0.001	0.923	0.001	0.075
0.001	0.997	0.001	0.001
0.997	0.001	0.001	0.001
0.001	0.893	0.001	0.105
0.001	0.916	0.001	0.082
0.001	0.130	0.765	0.104
0.997	0.001	0.001	0.001
0.103	0.895	0.001	0.001
0.085	0.113	0.723	0.079
>GGCTGCACTT	9-GGCTGCACTT	10.193315	-17.660419	0	T:11.0(6.63%),B:263.0(0.66%),P:1e-7	Tpos:373.0,Tstd:319.0,Bpos:501.4,Bstd:318.2,StrandBias:0.8,Multiplicity:1.00
0.001	0.001	0.741	0.257
0.082	0.001	0.916	0.001
0.047	0.951	0.001	0.001
0.001	0.001	0.106	0.892
0.001	0.086	0.912	0.001
0.064	0.934	0.001	0.001
0.940	0.001	0.001	0.058
0.056	0.942	0.001	0.001
0.001	0.139	0.001	0.859
0.001	0.001	0.001	0.997
>TGTTATCCAG	10-TGTTATCCAG	10.296193	-17.390593	0	T:5.0(3.01%),B:17.8(0.04%),P:1e-7	Tpos:597.4,Tstd:294.4,Bpos:536.2,Bstd:276.3,StrandBias:-2.0,Multiplicity:1.00
0.100	0.100	0.100	0.700
0.100	0.100	0.700	0.100
0.100	0.100	0.100	0.700
0.100	0.100	0.100	0.700
0.700	0.100	0.100	0.100
0.100	0.100	0.100	0.700
0.100	0.700	0.100	0.100
0.100	0.700	0.100	0.100
0.700	0.100	0.100	0.100
0.100	0.100	0.700	0.100
>GTTCAGTGCA	11-GTTCAGTGCA	7.121746	-17.379030	0	T:47.0(28.31%),B:4926.6(12.30%),P:1e-7	Tpos:537.8,Tstd:254.0,Bpos:488.8,Bstd:316.3,StrandBias:-0.0,Multiplicity:1.23
0.061	0.027	0.847	0.065
0.113	0.064	0.036	0.787
0.034	0.008	0.128	0.830
0.054	0.833	0.065	0.048
0.806	0.059	0.055	0.080
0.082	0.020	0.780	0.118
0.091	0.139	0.055	0.715
0.043	0.091	0.811	0.055
0.038	0.844	0.053	0.065
0.756	0.081	0.086	0.077
>CACAATACCC	12-CACAATACCC	10.124429	-15.125849	0	T:11.0(6.63%),B:340.7(0.85%),P:1e-6	Tpos:446.7,Tstd:379.5,Bpos:524.4,Bstd:318.9,StrandBias:1.2,Multiplicity:1.00
0.069	0.929	0.001	0.001
0.997	0.001	0.001	0.001
0.001	0.997	0.001	0.001
0.997	0.001	0.001	0.001
0.997	0.001	0.001	0.001
0.137	0.001	0.001	0.861
0.908	0.090	0.001	0.001
0.001	0.845	0.001	0.153
0.001	0.997	0.001	0.001
0.182	0.397	0.217	0.204
>CTATAATGCT	13-CTATAATGCT	9.182238	-13.298989	0	T:19.0(11.45%),B:1265.8(3.16%),P:1e-5	Tpos:431.5,Tstd:316.8,Bpos:472.9,Bstd:304.6,StrandBias:0.4,Multiplicity:1.21
0.001	0.900	0.001	0.098
0.038	0.001	0.001	0.960
0.949	0.001	0.001	0.049
0.031	0.053	0.065	0.851
0.940	0.001	0.001	0.058
0.940	0.001	0.001	0.058
0.001	0.001	0.001	0.997
0.050	0.001	0.774	0.175
0.043	0.917	0.001	0.039
0.074	0.094	0.001	0.831
>AGCATGAATC	14-AGCATGAATC	8.503209	-12.527880	0	T:28.0(16.87%),B:2603.6(6.50%),P:1e-5	Tpos:551.8,Tstd:301.6,Bpos:491.1,Bstd:308.9,StrandBias:-0.7,Multiplicity:1.11
0.811	0.001	0.082	0.106
0.130	0.141	0.640	0.089
0.042	0.936	0.001	0.021
0.871	0.001	0.001	0.127
0.226	0.076	0.001	0.697
0.041	0.164	0.627	0.168
0.997	0.001	0.001	0.001
0.918	0.001	0.001	0.080
0.029	0.001	0.080	0.890
0.066	0.799	0.001	0.134
>GATCCTCCCA	15-GATCCTCCCA	7.416702	-12.378908	0	T:27.0(16.27%),B:2472.9(6.17%),P:1e-5	Tpos:502.9,Tstd:322.5,Bpos:496.7,Bstd:302.7,StrandBias:1.3,Multiplicity:1.19
0.001	0.081	0.839	0.079
0.793	0.086	0.093	0.028
0.118	0.001	0.095	0.786
0.073	0.924	0.002	0.001
0.091	0.742	0.058	0.109
0.075	0.166	0.132	0.627
0.202	0.732	0.043	0.023
0.001	0.960	0.001	0.038
0.037	0.844	0.077	0.042
0.782	0.081	0.001	0.136
>GAACGATCTT	16-GAACGATCTT	9.966248	-12.303916	0	T:7.0(4.22%),B:151.8(0.38%),P:1e-5	Tpos:519.7,Tstd:251.7,Bpos:513.0,Bstd:303.0,StrandBias:-0.3,Multiplicity:1.29
0.001	0.001	0.997	0.001
0.685	0.071	0.001	0.243
0.997	0.001	0.001	0.001
0.001	0.997	0.001	0.001
0.001	0.001	0.997	0.001
0.997	0.001	0.001	0.001
0.001	0.001	0.001	0.997
0.001	0.997	0.001	0.001
0.001	0.001	0.001	0.997
0.001	0.001	0.293	0.705
>TGTGTGGTGT	17-TGTGTGGTGT	10.296193	-11.547780	0	T:6.0(3.61%),B:111.5(0.28%),P:1e-5	Tpos:713.5,Tstd:138.4,Bpos:467.5,Bstd:364.8,StrandBias:0.0,Multiplicity:1.00
0.100	0.100	0.100	0.700
0.100	0.100	0.700	0.100
0.100	0.100	0.100	0.700
0.100	0.100	0.700	0.100
0.100	0.100	0.100	0.700
0.100	0.100	0.700	0.100
0.100	0.100	0.700	0.100
0.100	0.100	0.100	0.700
0.100	0.100	0.700	0.100
0.100	0.100	0.100	0.700
>RGTCACAAAA	18-RGTCACAAAA	8.997608	-10.998281	0	T:31.0(18.67%),B:3316.9(8.28%),P:1e-4	Tpos:575.0,Tstd:245.2,Bpos:500.4,Bstd:311.2,StrandBias:-0.1,Multiplicity:1.19
0.544	0.009	0.446	0.001
0.017	0.077	0.902	0.004
0.001	0.084	0.069	0.846
0.032	0.966	0.001	0.001
0.950	0.001	0.048	0.001
0.018	0.882	0.027	0.073
0.944	0.001	0.001	0.054
0.801	0.001	0.138	0.060
0.784	0.068	0.085	0.063
0.766	0.053	0.142	0.039
>GATACCGTGG	19-GATACCGTGG	10.163468	-9.477207	0	T:6.0(3.61%),B:163.9(0.41%),P:1e-4	Tpos:407.3,Tstd:248.3,Bpos:483.9,Bstd:281.7,StrandBias:-3.9,Multiplicity:2.67
0.001	0.001	0.997	0.001
0.997	0.001	0.001	0.001
0.001	0.001	0.001	0.997
0.997	0.001	0.001	0.001
0.054	0.944	0.001	0.001
0.047	0.623	0.001	0.329
0.001	0.070	0.883	0.046
0.001	0.001	0.001	0.997
0.001	0.001	0.997	0.001
0.067	0.001	0.931	0.001
>TCCTTGAGGG	20-TCCTTGAGGG	11.445627	-7.799890	0	T:3.0(1.81%),B:32.6(0.08%),P:1e-3	Tpos:367.9,Tstd:229.8,Bpos:538.3,Bstd:262.4,StrandBias:-1.6,Multiplicity:2.67
0.001	0.121	0.001	0.877
0.001	0.997	0.001	0.001
0.001	0.997	0.001	0.001
0.001	0.001	0.001	0.997
0.136	0.001	0.001	0.862
0.001	0.125	0.873	0.001
0.997	0.001	0.001	0.001
0.001	0.001	0.997	0.001
0.001	0.001	0.997	0.001
0.001	0.001	0.997	0.001
>GCCTTCGCGA	21-GCCTTCGCGA	10.939938	-6.991862	0	T:3.0(1.81%),B:43.6(0.11%),P:1e-3	Tpos:346.6,Tstd:158.0,Bpos:487.6,Bstd:275.3,StrandBias:2.8,Multiplicity:2.67
0.001	0.001	0.997	0.001
0.001	0.997	0.001	0.001
0.001	0.997	0.001	0.001
0.001	0.001	0.001	0.997
0.001	0.001	0.001	0.997
0.001	0.782	0.001	0.216
0.001	0.001	0.997	0.001
0.001	0.997	0.001	0.001
0.001	0.255	0.743	0.001
0.997	0.001	0.001	0.001
>CTCAGCCTAY	22-CTCAGCCTAY	7.142371	-5.489236	0	T:30.0(18.07%),B:4379.7(10.93%),P:1e-2	Tpos:434.9,Tstd:295.5,Bpos:515.0,Bstd:312.1,StrandBias:2.1,Multiplicity:1.80
0.152	0.706	0.141	0.001
0.198	0.001	0.120	0.681
0.001	0.941	0.057	0.001
0.580	0.298	0.079	0.043
0.068	0.201	0.645	0.086
0.001	0.601	0.397	0.001
0.001	0.815	0.083	0.101
0.335	0.001	0.002	0.662
0.997	0.001	0.001	0.001
0.001	0.384	0.083	0.532
>AGAAAATCGA	23-AGAAAATCGA	10.961177	-5.299778	0	T:14.0(8.43%),B:1531.3(3.82%),P:1e-2	Tpos:500.0,Tstd:257.4,Bpos:514.6,Bstd:289.0,StrandBias:-1.4,Multiplicity:1.86
0.997	0.001	0.001	0.001
0.001	0.363	0.635	0.001
0.997	0.001	0.001	0.001
0.853	0.001	0.001	0.145
0.997	0.001	0.001	0.001
0.997	0.001	0.001	0.001
0.001	0.001	0.226	0.772
0.001	0.997	0.001	0.001
0.065	0.001	0.933	0.001
0.854	0.001	0.001	0.144
>CTAAACGTTG	24-CTAAACGTTG	10.296193	-4.923307	0	T:2.0(1.20%),B:29.9(0.07%),P:1e-2	Tpos:339.8,Tstd:204.9,Bpos:488.4,Bstd:314.6,StrandBias:-10.0,Multiplicity:4.50
0.100	0.700	0.100	0.100
0.100	0.100	0.100	0.700
0.700	0.100	0.100	0.100
0.700	0.100	0.100	0.100
0.700	0.100	0.100	0.100
0.100	0.700	0.100	0.100
0.100	0.100	0.700	0.100
0.100	0.100	0.100	0.700
0.100	0.100	0.100	0.700
0.100	0.100	0.700	0.100
>GGTAACTACA	25-GGTAACTACA	11.945427	-4.163532	0	T:2.0(1.20%),B:44.4(0.11%),P:1e-1	Tpos:367.3,Tstd:227.3,Bpos:437.2,Bstd:276.3,StrandBias:2.6,Multiplicity:3.50
0.001	0.001	0.997	0.001
0.001	0.001	0.997	0.001
0.001	0.001	0.001	0.997
0.997	0.001	0.001	0.001
0.997	0.001	0.001	0.001
0.001	0.997	0.001	0.001
0.001	0.001	0.001	0.997
0.997	0.001	0.001	0.001
0.001	0.997	0.001	0.001
0.847	0.001	0.001	0.151
