>ACAAATAGCA	1-ACAAATAGCA	9.457951	-22.999401	0	T:24.0(19.35%),B:1507.4(3.90%),P:1e-9	Tpos:600.8,Tstd:237.2,Bpos:520.0,Bstd:292.5,StrandBias:-0.8,Multiplicity:1.04
0.909	0.041	0.049	0.001
0.001	0.935	0.032	0.032
0.925	0.001	0.073	0.001
0.731	0.189	0.079	0.001
0.942	0.001	0.056	0.001
0.001	0.001	0.025	0.973
0.917	0.047	0.035	0.001
0.096	0.038	0.849	0.017
0.041	0.924	0.001	0.034
0.942	0.001	0.001	0.056
>CTTGCGTGCG	2-CTTGCGTGCG	9.766454	-22.976529	0	T:11.0(8.87%),B:202.7(0.52%),P:1e-9	Tpos:516.5,Tstd:223.4,Bpos:559.1,Bstd:322.4,StrandBias:0.3,Multiplicity:1.00
0.001	0.756	0.130	0.113
0.001	0.001	0.001	0.997
0.001	0.001	0.001	0.997
0.001	0.001	0.997	0.001
0.001	0.854	0.001	0.144
0.001	0.001	0.997	0.001
0.001	0.001	0.001	0.997
0.201	0.001	0.650	0.148
0.001	0.873	0.001	0.125
0.001	0.001	0.997	0.001
>TGTCTGTATA	3-TGTCTGTATA	9.741212	-22.578290	0	T:21.0(16.94%),B:1149.1(2.98%),P:1e-9	Tpos:498.8,Tstd:227.8,Bpos:516.5,Bstd:292.6,StrandBias:2.1,Multiplicity:1.00
0.001	0.001	0.001	0.997
0.001	0.001	0.918	0.080
0.001	0.187	0.001	0.811
0.032	0.884	0.045	0.039
0.090	0.001	0.001	0.908
0.001	0.001	0.937	0.061
0.050	0.078	0.079	0.793
0.948	0.001	0.001	0.050
0.042	0.001	0.001	0.956
0.920	0.078	0.001	0.001
>GAGCAGCGTG	4-GAGCAGCGTG	9.349759	-22.008481	0	T:15.0(12.10%),B:531.6(1.38%),P:1e-9	Tpos:502.9,Tstd:312.7,Bpos:516.8,Bstd:309.4,StrandBias:-0.4,Multiplicity:1.07
0.364	0.001	0.634	0.001
0.997	0.001	0.001	0.001
0.091	0.242	0.666	0.001
0.085	0.678	0.236	0.001
0.843	0.001	0.001	0.155
0.197	0.001	0.801	0.001
0.093	0.905	0.001	0.001
0.001	0.108	0.890	0.001
0.001	0.001	0.001	0.997
0.001	0.095	0.903	0.001
>AAACTAACAA	5-AAACTAACAA	9.009913	-21.244876	0	T:49.0(39.52%),B:6292.0(16.29%),P:1e-9	Tpos:551.3,Tstd:295.3,Bpos:521.3,Bstd:299.7,StrandBias:-0.4,Multiplicity:1.12
0.867	0.001	0.001	0.131
0.658	0.164	0.177	0.001
0.851	0.001	0.147	0.001
0.199	0.799	0.001	0.001
0.001	0.107	0.005	0.887
0.997	0.001	0.001	0.001
0.920	0.078	0.001	0.001
0.001	0.856	0.001	0.142
0.997	0.001	0.001	0.001
0.893	0.001	0.105	0.001
>GCATCAACGA	6-GCATCAACGA	7.494291	-20.766401	0	T:32.0(25.81%),B:2973.1(7.70%),P:1e-9	Tpos:508.4,Tstd:277.0,Bpos:493.2,Bstd:312.9,StrandBias:0.6,Multiplicity:1.09
0.047	0.086	0.797	0.070
0.071	0.835	0.093	0.001
0.790	0.068	0.070	0.072
0.209	0.041	0.001	0.749
0.050	0.833	0.098	0.019
0.796	0.129	0.044	0.031
0.796	0.046	0.036	0.122
0.110	0.746	0.050	0.094
0.047	0.041	0.858	0.054
0.810	0.039	0.084	0.067
>TCATTHTCGG	7-TCATTHTCGG	8.359176	-18.849875	0	T:20.0(16.13%),B:1284.4(3.33%),P:1e-8	Tpos:515.8,Tstd:322.6,Bpos:492.4,Bstd:317.2,StrandBias:0.8,Multiplicity:1.10
0.274	0.013	0.035	0.678
0.028	0.690	0.163	0.119
0.531	0.040	0.314	0.115
0.019	0.040	0.049	0.892
0.011	0.025	0.012	0.952
0.303	0.252	0.051	0.394
0.061	0.349	0.032	0.558
0.215	0.537	0.197	0.051
0.039	0.227	0.677	0.057
0.062	0.009	0.615	0.314
>AAACGATGAA	8-AAACGATGAA	8.390134	-18.494578	0	T:48.0(38.71%),B:6591.9(17.07%),P:1e-8	Tpos:511.0,Tstd:291.1,Bpos:532.6,Bstd:314.2,StrandBias:-0.6,Multiplicity:1.27
0.950	0.001	0.001	0.048
0.877	0.046	0.039	0.038
0.878	0.001	0.001	0.120
0.001	0.903	0.027	0.069
0.070	0.021	0.793	0.116
0.897	0.054	0.023	0.026
0.063	0.001	0.017	0.919
0.055	0.024	0.898	0.023
0.957	0.041	0.001	0.001
0.938	0.037	0.001	0.024
>GATTCTAGGC	9-GATTCTAGGC	11.329076	-18.215135	0	T:8.0(6.45%),B:126.0(0.33%),P:1e-7	Tpos:628.3,Tstd:174.5,Bpos:550.3,Bstd:307.4,StrandBias:-2.0,Multiplicity:1.25
0.001	0.001	0.997	0.001
0.874	0.001	0.124	0.001
0.001	0.001	0.001	0.997
0.001	0.001	0.001	0.997
0.001	0.997	0.001	0.001
0.001	0.001	0.001	0.997
0.997	0.001	0.001	0.001
0.001	0.001	0.997	0.001
0.001	0.001	0.905	0.093
0.001	0.997	0.001	0.001
>AGAGACGGKC	10-AGAGACGGKC	8.738589	-17.842486	0	T:15.0(12.10%),B:729.9(1.89%),P:1e-7	Tpos:570.2,Tstd:240.1,Bpos:522.2,Bstd:321.9,StrandBias:-0.7,Multiplicity:1.07
0.818	0.001	0.180	0.001
0.001	0.001	0.997	0.001
0.997	0.001	0.001	0.001
0.001	0.184	0.713	0.102
0.667	0.116	0.096	0.121
0.225	0.710	0.001	0.064
0.001	0.001	0.997	0.001
0.001	0.001	0.997	0.001
0.001	0.107	0.484	0.408
0.072	0.926	0.001	0.001
>ACCAAGTAAA	11-ACCAAGTAAA	10.567859	-16.993520	0	T:11.0(8.87%),B:367.5(0.95%),P:1e-7	Tpos:401.9,Tstd:213.4,Bpos:470.2,Bstd:288.0,StrandBias:0.8,Multiplicity:1.10
0.997	0.001	0.001	0.001
0.001	0.939	0.001	0.059
0.001	0.873	0.125	0.001
0.997	0.001	0.001	0.001
0.850	0.148	0.001	0.001
0.001	0.001	0.997	0.001
0.001	0.001	0.001	0.997
0.997	0.001	0.001	0.001
0.997	0.001	0.001	0.001
0.862	0.001	0.136	0.001
>TTGCGTTTCA	12-TTGCGTTTCA	10.864604	-16.993520	0	T:11.0(8.87%),B:367.8(0.95%),P:1e-7	Tpos:615.1,Tstd:289.4,Bpos:468.1,Bstd:298.6,StrandBias:1.4,Multiplicity:1.00
0.001	0.001	0.001	0.997
0.091	0.001	0.091	0.817
0.001	0.001	0.997	0.001
0.001	0.997	0.001	0.001
0.001	0.001	0.997	0.001
0.001	0.001	0.001	0.997
0.001	0.116	0.001	0.882
0.001	0.104	0.001	0.894
0.001	0.910	0.088	0.001
0.893	0.001	0.105	0.001
>GTTTTCTCGA	13-GTTTTCTCGA	10.771073	-16.746787	0	T:16.0(12.90%),B:916.3(2.37%),P:1e-7	Tpos:499.9,Tstd:254.2,Bpos:492.1,Bstd:304.8,StrandBias:-0.4,Multiplicity:1.00
0.001	0.001	0.997	0.001
0.001	0.001	0.001	0.997
0.001	0.085	0.116	0.798
0.001	0.001	0.001	0.997
0.001	0.001	0.001	0.997
0.001	0.997	0.001	0.001
0.001	0.001	0.089	0.909
0.075	0.923	0.001	0.001
0.001	0.001	0.997	0.001
0.850	0.001	0.148	0.001
>AACAACAATC	14-AACAACAATC	8.781035	-16.565817	0	T:31.0(25.00%),B:3356.3(8.69%),P:1e-7	Tpos:474.4,Tstd:294.3,Bpos:503.1,Bstd:295.8,StrandBias:0.6,Multiplicity:1.23
0.858	0.001	0.001	0.140
0.834	0.001	0.094	0.071
0.001	0.697	0.301	0.001
0.997	0.001	0.001	0.001
0.997	0.001	0.001	0.001
0.013	0.954	0.001	0.032
0.716	0.001	0.130	0.153
0.825	0.074	0.096	0.005
0.027	0.080	0.038	0.855
0.001	0.823	0.039	0.137
>ACTTACATAT	15-ACTTACATAT	9.941449	-16.423515	0	T:18.0(14.52%),B:1204.9(3.12%),P:1e-7	Tpos:520.1,Tstd:271.9,Bpos:512.3,Bstd:282.5,StrandBias:-0.6,Multiplicity:1.18
0.997	0.001	0.001	0.001
0.001	0.834	0.064	0.101
0.001	0.001	0.001	0.997
0.060	0.001	0.073	0.866
0.871	0.044	0.058	0.027
0.001	0.924	0.074	0.001
0.847	0.001	0.105	0.047
0.030	0.068	0.001	0.901
0.917	0.001	0.001	0.081
0.115	0.001	0.001	0.883
>CAYTGTCTGT	16-CAYTGTCTGT	9.500847	-16.246504	0	T:15.0(12.10%),B:826.2(2.14%),P:1e-7	Tpos:518.9,Tstd:326.9,Bpos:498.8,Bstd:309.5,StrandBias:0.7,Multiplicity:1.07
0.059	0.927	0.010	0.004
0.992	0.001	0.006	0.001
0.006	0.441	0.001	0.552
0.001	0.104	0.006	0.889
0.003	0.012	0.974	0.011
0.150	0.001	0.001	0.848
0.001	0.822	0.100	0.077
0.001	0.216	0.001	0.782
0.001	0.173	0.794	0.032
0.150	0.298	0.001	0.551
>TTGTGATTCC	17-TTGTGATTCC	9.571409	-16.245886	0	T:20.0(16.13%),B:1508.5(3.91%),P:1e-7	Tpos:415.8,Tstd:283.3,Bpos:508.2,Bstd:306.4,StrandBias:0.1,Multiplicity:1.15
0.001	0.001	0.001	0.997
0.001	0.001	0.001	0.997
0.001	0.036	0.907	0.056
0.049	0.074	0.075	0.802
0.116	0.053	0.785	0.046
0.965	0.001	0.001	0.033
0.062	0.001	0.106	0.831
0.001	0.001	0.001	0.997
0.001	0.762	0.056	0.181
0.001	0.997	0.001	0.001
>TCCGAAATAT	18-TCCGAAATAT	9.946107	-15.536811	0	T:22.0(17.74%),B:1894.8(4.91%),P:1e-6	Tpos:405.4,Tstd:246.4,Bpos:485.0,Bstd:316.7,StrandBias:0.4,Multiplicity:1.18
0.131	0.001	0.001	0.867
0.001	0.997	0.001	0.001
0.001	0.997	0.001	0.001
0.001	0.001	0.997	0.001
0.736	0.001	0.001	0.262
0.997	0.001	0.001	0.001
0.778	0.001	0.001	0.220
0.056	0.001	0.203	0.740
0.899	0.001	0.001	0.099
0.001	0.192	0.001	0.806
>TGGAGAGAAA	19-TGGAGAGAAA	11.209487	-13.450519	0	T:14.0(11.29%),B:898.6(2.33%),P:1e-5	Tpos:388.2,Tstd:223.6,Bpos:535.8,Bstd:324.2,StrandBias:2.6,Multiplicity:1.08
0.001	0.001	0.001	0.997
0.124	0.001	0.874	0.001
0.001	0.001	0.866	0.132
0.997	0.001	0.001	0.001
0.001	0.001	0.903	0.095
0.997	0.001	0.001	0.001
0.001	0.001	0.997	0.001
0.997	0.001	0.001	0.001
0.997	0.001	0.001	0.001
0.997	0.001	0.001	0.001
>AAGGAGAAAT	20-AAGGAGAAAT	9.256941	-12.542269	0	T:38.0(30.65%),B:5589.0(14.47%),P:1e-5	Tpos:551.1,Tstd:293.2,Bpos:535.7,Bstd:320.9,StrandBias:-1.0,Multiplicity:1.16
0.884	0.083	0.032	0.001
0.896	0.044	0.049	0.011
0.093	0.001	0.887	0.019
0.003	0.001	0.995	0.001
0.779	0.088	0.047	0.086
0.051	0.026	0.804	0.119
0.850	0.032	0.052	0.066
0.886	0.056	0.057	0.001
0.907	0.001	0.091	0.001
0.333	0.042	0.042	0.583
>TGCGACMAAA	21-TGCGACMAAA	9.851604	-12.285708	0	T:14.0(11.29%),B:995.8(2.58%),P:1e-5	Tpos:498.1,Tstd:245.9,Bpos:506.1,Bstd:315.8,StrandBias:0.5,Multiplicity:1.21
0.001	0.102	0.122	0.775
0.001	0.001	0.604	0.394
0.001	0.997	0.001	0.001
0.001	0.034	0.964	0.001
0.943	0.001	0.055	0.001
0.001	0.874	0.001	0.124
0.405	0.492	0.001	0.102
0.997	0.001	0.001	0.001
0.777	0.001	0.221	0.001
0.814	0.113	0.001	0.072
>TCCAGGCCAG	22-TCCAGGCCAG	11.089555	-12.010372	0	T:4.0(3.23%),B:33.5(0.09%),P:1e-5	Tpos:527.0,Tstd:32.3,Bpos:444.5,Bstd:268.1,StrandBias:0.0,Multiplicity:1.00
0.001	0.001	0.001	0.997
0.001	0.891	0.001	0.107
0.001	0.919	0.001	0.079
0.792	0.001	0.206	0.001
0.001	0.001	0.888	0.110
0.138	0.001	0.860	0.001
0.115	0.883	0.001	0.001
0.001	0.997	0.001	0.001
0.997	0.001	0.001	0.001
0.001	0.100	0.898	0.001
>GTAGTCACGT	23-GTAGTCACGT	10.026607	-11.539452	0	T:8.0(6.45%),B:313.5(0.81%),P:1e-5	Tpos:416.4,Tstd:222.6,Bpos:479.2,Bstd:277.1,StrandBias:2.3,Multiplicity:1.50
0.095	0.001	0.774	0.130
0.105	0.110	0.001	0.784
0.884	0.114	0.001	0.001
0.001	0.001	0.997	0.001
0.001	0.001	0.054	0.944
0.001	0.756	0.242	0.001
0.997	0.001	0.001	0.001
0.001	0.997	0.001	0.001
0.001	0.001	0.997	0.001
0.001	0.001	0.001	0.997
>CCCCCTACGG	24-CCCCCTACGG	8.290889	-6.632231	0	T:7.0(5.65%),B:503.6(1.30%),P:1e-2	Tpos:328.9,Tstd:192.4,Bpos:523.1,Bstd:295.0,StrandBias:-2.2,Multiplicity:2.43
0.001	0.771	0.001	0.227
0.001	0.698	0.001	0.300
0.115	0.805	0.001	0.079
0.001	0.997	0.001	0.001
0.001	0.800	0.001	0.198
0.080	0.001	0.001	0.918
0.907	0.001	0.091	0.001
0.001	0.997	0.001	0.001
0.111	0.097	0.631	0.161
0.133	0.001	0.865	0.001
>TAGGTCGCCT	25-TAGGTCGCCT	12.674350	-3.959627	0	T:2.0(1.61%),B:64.1(0.17%),P:1e-1	Tpos:438.3,Tstd:223.7,Bpos:477.3,Bstd:259.9,StrandBias:2.3,Multiplicity:3.00
0.001	0.001	0.001	0.997
0.997	0.001	0.001	0.001
0.001	0.001	0.997	0.001
0.001	0.001	0.997	0.001
0.001	0.001	0.001	0.997
0.001	0.997	0.001	0.001
0.001	0.313	0.685	0.001
0.001	0.997	0.001	0.001
0.001	0.997	0.001	0.001
0.001	0.001	0.001	0.997
>GTGCGGCACACG	1-GTGCGGCACACG	10.724617	-25.565683	0	T:9.0(7.26%),B:75.3(0.20%),P:1e-11	Tpos:689.2,Tstd:265.8,Bpos:492.9,Bstd:372.4,StrandBias:-0.3,Multiplicity:1.11
0.001	0.001	0.997	0.001
0.410	0.001	0.001	0.588
0.202	0.001	0.796	0.001
0.404	0.594	0.001	0.001
0.001	0.380	0.618	0.001
0.001	0.001	0.796	0.202
0.001	0.997	0.001	0.001
0.997	0.001	0.001	0.001
0.001	0.997	0.001	0.001
0.795	0.001	0.203	0.001
0.001	0.821	0.177	0.001
0.001	0.178	0.611	0.210
>GTTCTGTTCTCG	2-GTTCTGTTCTCG	11.396538	-23.804169	0	T:13.0(10.48%),B:311.4(0.81%),P:1e-10	Tpos:594.7,Tstd:207.7,Bpos:523.3,Bstd:305.9,StrandBias:1.2,Multiplicity:1.00
0.097	0.001	0.624	0.278
0.001	0.001	0.001	0.997
0.001	0.001	0.001	0.997
0.001	0.927	0.001	0.071
0.001	0.177	0.001	0.821
0.001	0.101	0.551	0.347
0.279	0.178	0.001	0.542
0.001	0.001	0.001	0.997
0.001	0.753	0.245	0.001
0.001	0.001	0.001	0.997
0.001	0.866	0.001	0.132
0.143	0.001	0.855	0.001
>TTTCATCGTTTT	3-TTTCATCGTTTT	12.426758	-23.637159	0	T:21.0(16.94%),B:1083.2(2.80%),P:1e-10	Tpos:480.3,Tstd:290.9,Bpos:556.5,Bstd:343.5,StrandBias:0.8,Multiplicity:1.05
0.001	0.001	0.001	0.997
0.103	0.001	0.001	0.895
0.001	0.001	0.001	0.997
0.001	0.966	0.001	0.032
0.957	0.041	0.001	0.001
0.033	0.065	0.043	0.859
0.001	0.846	0.051	0.102
0.100	0.001	0.898	0.001
0.201	0.001	0.001	0.797
0.082	0.101	0.001	0.816
0.001	0.001	0.001	0.997
0.001	0.001	0.001	0.997
>TGGYWTCAGAAG	4-TGGYWTCAGAAG	10.874784	-23.485512	0	T:12.0(9.68%),B:252.1(0.65%),P:1e-10	Tpos:446.3,Tstd:266.7,Bpos:473.5,Bstd:308.9,StrandBias:0.7,Multiplicity:1.08
0.001	0.001	0.192	0.806
0.119	0.001	0.879	0.001
0.197	0.001	0.801	0.001
0.001	0.352	0.200	0.447
0.544	0.001	0.001	0.454
0.219	0.001	0.132	0.648
0.001	0.997	0.001	0.001
0.997	0.001	0.001	0.001
0.110	0.001	0.696	0.193
0.874	0.124	0.001	0.001
0.997	0.001	0.001	0.001
0.001	0.001	0.997	0.001
>TTTACTTGGTTT	5-TTTACTTGGTTT	13.254348	-23.044776	0	T:10.0(8.06%),B:147.3(0.38%),P:1e-10	Tpos:484.7,Tstd:276.5,Bpos:495.5,Bstd:290.7,StrandBias:-0.3,Multiplicity:1.10
0.001	0.001	0.001	0.997
0.001	0.001	0.001	0.997
0.001	0.001	0.001	0.997
0.997	0.001	0.001	0.001
0.001	0.944	0.001	0.054
0.001	0.001	0.001	0.997
0.001	0.001	0.001	0.997
0.001	0.130	0.800	0.069
0.069	0.001	0.882	0.048
0.001	0.001	0.001	0.997
0.001	0.001	0.195	0.803
0.168	0.001	0.001	0.830
>TTTGCGTTTCAA	6-TTTGCGTTTCAA	13.717526	-22.287487	0	T:8.0(6.45%),B:72.7(0.19%),P:1e-9	Tpos:484.1,Tstd:277.9,Bpos:453.5,Bstd:339.6,StrandBias:0.7,Multiplicity:1.00
0.001	0.001	0.001	0.997
0.001	0.001	0.001	0.997
0.162	0.001	0.001	0.836
0.001	0.001	0.997	0.001
0.001	0.892	0.106	0.001
0.001	0.001	0.997	0.001
0.001	0.001	0.001	0.997
0.001	0.001	0.001	0.997
0.001	0.150	0.001	0.848
0.001	0.853	0.145	0.001
0.997	0.001	0.001	0.001
0.861	0.001	0.137	0.001
>GAAAATAACAAT	7-GAAAATAACAAT	11.945261	-22.008095	0	T:23.0(18.55%),B:1448.0(3.75%),P:1e-9	Tpos:482.4,Tstd:286.5,Bpos:531.3,Bstd:313.6,StrandBias:0.0,Multiplicity:1.04
0.029	0.001	0.910	0.060
0.997	0.001	0.001	0.001
0.997	0.001	0.001	0.001
0.997	0.001	0.001	0.001
0.997	0.001	0.001	0.001
0.027	0.001	0.001	0.971
0.927	0.071	0.001	0.001
0.997	0.001	0.001	0.001
0.178	0.793	0.001	0.028
0.666	0.001	0.180	0.153
0.772	0.088	0.086	0.054
0.039	0.084	0.001	0.876
>CAACTCTCCTCC	8-CAACTCTCCTCC	11.599949	-21.807600	0	T:6.0(4.84%),B:22.5(0.06%),P:1e-9	Tpos:530.5,Tstd:285.9,Bpos:555.0,Bstd:315.4,StrandBias:-1.0,Multiplicity:1.00
0.069	0.610	0.089	0.232
0.743	0.101	0.067	0.089
0.744	0.069	0.177	0.010
0.139	0.618	0.005	0.238
0.378	0.006	0.001	0.615
0.088	0.910	0.001	0.001
0.001	0.001	0.001	0.997
0.001	0.716	0.069	0.214
0.006	0.667	0.326	0.001
0.089	0.100	0.001	0.810
0.077	0.829	0.001	0.093
0.001	0.733	0.001	0.265
>ATTCGAGCAAAA	9-ATTCGAGCAAAA	12.259780	-21.212262	0	T:14.0(11.29%),B:472.2(1.22%),P:1e-9	Tpos:518.3,Tstd:262.3,Bpos:547.1,Bstd:328.6,StrandBias:0.0,Multiplicity:1.14
0.894	0.001	0.001	0.104
0.001	0.069	0.111	0.819
0.001	0.001	0.055	0.943
0.063	0.935	0.001	0.001
0.001	0.001	0.967	0.031
0.997	0.001	0.001	0.001
0.063	0.210	0.726	0.001
0.226	0.654	0.001	0.119
0.997	0.001	0.001	0.001
0.852	0.001	0.146	0.001
0.792	0.087	0.001	0.120
0.939	0.059	0.001	0.001
>TATCTATGCTTT	10-TATCTATGCTTT	11.671906	-21.106163	0	T:12.0(9.68%),B:314.0(0.81%),P:1e-9	Tpos:510.5,Tstd:295.2,Bpos:502.8,Bstd:317.8,StrandBias:1.6,Multiplicity:1.00
0.001	0.001	0.001	0.997
0.810	0.099	0.001	0.090
0.001	0.001	0.001	0.997
0.001	0.778	0.160	0.061
0.001	0.001	0.210	0.788
0.488	0.283	0.001	0.228
0.001	0.001	0.001	0.997
0.001	0.001	0.752	0.246
0.001	0.997	0.001	0.001
0.001	0.001	0.210	0.788
0.001	0.123	0.151	0.725
0.001	0.001	0.001	0.997
>GATTYTAGACAG	11-GATTYTAGACAG	12.493736	-18.918877	0	T:6.0(4.84%),B:38.4(0.10%),P:1e-8	Tpos:560.3,Tstd:303.3,Bpos:516.3,Bstd:300.3,StrandBias:-2.3,Multiplicity:1.00
0.001	0.001	0.997	0.001
0.599	0.213	0.187	0.001
0.001	0.001	0.001	0.997
0.187	0.001	0.001	0.811
0.001	0.425	0.001	0.573
0.001	0.001	0.001	0.997
0.997	0.001	0.001	0.001
0.001	0.001	0.811	0.187
0.786	0.001	0.001	0.212
0.001	0.997	0.001	0.001
0.650	0.348	0.001	0.001
0.001	0.161	0.837	0.001
>GACGAGGAATAA	12-GACGAGGAATAA	13.791527	-18.353116	0	T:7.0(5.65%),B:77.1(0.20%),P:1e-7	Tpos:578.0,Tstd:283.1,Bpos:538.7,Bstd:266.6,StrandBias:-0.4,Multiplicity:1.00
0.001	0.001	0.997	0.001
0.997	0.001	0.001	0.001
0.001	0.834	0.164	0.001
0.001	0.001	0.997	0.001
0.997	0.001	0.001	0.001
0.001	0.215	0.783	0.001
0.001	0.001	0.997	0.001
0.997	0.001	0.001	0.001
0.997	0.001	0.001	0.001
0.112	0.001	0.120	0.767
0.815	0.001	0.183	0.001
0.997	0.001	0.001	0.001
>TTTGTTTATGTT	13-TTTGTTTATGTT	10.772739	-18.342272	0	T:12.0(9.68%),B:404.6(1.05%),P:1e-7	Tpos:550.1,Tstd:306.1,Bpos:507.5,Bstd:285.0,StrandBias:1.3,Multiplicity:1.17
0.144	0.033	0.040	0.783
0.069	0.076	0.052	0.803
0.041	0.027	0.053	0.879
0.154	0.171	0.596	0.079
0.026	0.035	0.023	0.916
0.265	0.022	0.065	0.648
0.029	0.286	0.205	0.480
0.680	0.143	0.101	0.076
0.049	0.102	0.047	0.802
0.078	0.118	0.691	0.113
0.289	0.039	0.043	0.629
0.047	0.056	0.202	0.695
>GGATTCTAGGCC	14-GGATTCTAGGCC	12.967309	-18.195208	0	T:5.0(4.03%),B:19.5(0.05%),P:1e-7	Tpos:675.2,Tstd:158.3,Bpos:666.3,Bstd:379.2,StrandBias:-2.3,Multiplicity:1.20
0.197	0.025	0.738	0.040
0.211	0.132	0.451	0.206
0.808	0.001	0.094	0.097
0.031	0.031	0.001	0.937
0.001	0.001	0.031	0.967
0.033	0.681	0.091	0.195
0.076	0.223	0.059	0.642
0.855	0.025	0.072	0.048
0.033	0.063	0.851	0.053
0.064	0.139	0.661	0.136
0.247	0.658	0.094	0.001
0.113	0.757	0.032	0.098
>ACATMGATATAA	15-ACATMGATATAA	12.229423	-18.086385	0	T:10.0(8.06%),B:252.2(0.65%),P:1e-7	Tpos:554.9,Tstd:253.5,Bpos:526.4,Bstd:328.2,StrandBias:-0.6,Multiplicity:1.00
0.891	0.107	0.001	0.001
0.249	0.747	0.003	0.001
0.788	0.001	0.210	0.001
0.001	0.001	0.001	0.997
0.456	0.542	0.001	0.001
0.221	0.001	0.593	0.185
0.872	0.001	0.126	0.001
0.001	0.001	0.001	0.997
0.889	0.001	0.109	0.001
0.001	0.001	0.001	0.997
0.661	0.337	0.001	0.001
0.997	0.001	0.001	0.001
>CGAAACAATGGA	16-CGAAACAATGGA	12.999963	-17.378020	0	T:8.0(6.45%),B:140.0(0.36%),P:1e-7	Tpos:582.8,Tstd:302.4,Bpos:465.2,Bstd:307.6,StrandBias:-1.6,Multiplicity:1.00
0.001	0.832	0.166	0.001
0.001	0.001	0.997	0.001
0.997	0.001	0.001	0.001
0.997	0.001	0.001	0.001
0.997	0.001	0.001	0.001
0.001	0.997	0.001	0.001
0.997	0.001	0.001	0.001
0.879	0.001	0.119	0.001
0.001	0.001	0.001	0.997
0.216	0.001	0.625	0.158
0.141	0.001	0.857	0.001
0.997	0.001	0.001	0.001
>AAACTTCTCACT	17-AAACTTCTCACT	12.382956	-16.472223	0	T:7.0(5.65%),B:103.7(0.27%),P:1e-7	Tpos:534.6,Tstd:322.0,Bpos:546.4,Bstd:294.5,StrandBias:0.7,Multiplicity:1.14
0.997	0.001	0.001	0.001
0.831	0.001	0.001	0.167
0.997	0.001	0.001	0.001
0.001	0.997	0.001	0.001
0.359	0.001	0.001	0.639
0.001	0.001	0.292	0.706
0.137	0.861	0.001	0.001
0.001	0.190	0.001	0.808
0.001	0.844	0.154	0.001
0.997	0.001	0.001	0.001
0.001	0.997	0.001	0.001
0.001	0.001	0.001	0.997
>CGTGGCCACGAC	18-CGTGGCCACGAC	14.930176	-15.873835	0	T:3.0(2.42%),B:1.2(0.00%),P:1e-6	Tpos:688.0,Tstd:234.9,Bpos:331.8,Bstd:53.4,StrandBias:-0.6,Multiplicity:1.00
0.001	0.997	0.001	0.001
0.001	0.001	0.997	0.001
0.001	0.001	0.001	0.997
0.001	0.001	0.997	0.001
0.001	0.001	0.997	0.001
0.001	0.997	0.001	0.001
0.001	0.997	0.001	0.001
0.997	0.001	0.001	0.001
0.001	0.997	0.001	0.001
0.001	0.001	0.997	0.001
0.500	0.250	0.001	0.250
0.001	0.749	0.249	0.001
>ATCGAATATTCG	19-ATCGAATATTCG	15.065364	-15.284080	0	T:4.0(3.23%),B:13.1(0.03%),P:1e-6	Tpos:606.0,Tstd:315.6,Bpos:387.6,Bstd:307.2,StrandBias:0.0,Multiplicity:1.00
0.997	0.001	0.001	0.001
0.001	0.001	0.001	0.997
0.001	0.997	0.001	0.001
0.001	0.001	0.997	0.001
0.783	0.001	0.215	0.001
0.997	0.001	0.001	0.001
0.001	0.001	0.001	0.997
0.997	0.001	0.001	0.001
0.001	0.001	0.001	0.997
0.001	0.001	0.001	0.997
0.001	0.997	0.001	0.001
0.001	0.001	0.997	0.001
>GCTACAATTTCA	20-GCTACAATTTCA	13.791740	-14.820875	0	T:7.0(5.65%),B:133.3(0.35%),P:1e-6	Tpos:444.4,Tstd:314.6,Bpos:500.5,Bstd:358.2,StrandBias:-1.8,Multiplicity:1.29
0.001	0.001	0.997	0.001
0.001	0.997	0.001	0.001
0.001	0.001	0.001	0.997
0.621	0.146	0.128	0.105
0.174	0.687	0.138	0.001
0.997	0.001	0.001	0.001
0.997	0.001	0.001	0.001
0.001	0.001	0.001	0.997
0.001	0.001	0.001	0.997
0.001	0.001	0.001	0.997
0.001	0.829	0.169	0.001
0.997	0.001	0.001	0.001
>ATCCGAAAATGT	21-ATCCGAAAATGT	13.211413	-14.065434	0	T:8.0(6.45%),B:220.2(0.57%),P:1e-6	Tpos:519.1,Tstd:353.9,Bpos:478.5,Bstd:310.9,StrandBias:-0.6,Multiplicity:1.25
0.997	0.001	0.001	0.001
0.110	0.145	0.001	0.744
0.001	0.997	0.001	0.001
0.083	0.867	0.001	0.049
0.102	0.001	0.896	0.001
0.836	0.001	0.162	0.001
0.997	0.001	0.001	0.001
0.997	0.001	0.001	0.001
0.997	0.001	0.001	0.001
0.001	0.001	0.001	0.997
0.001	0.001	0.919	0.079
0.129	0.001	0.001	0.869
>CGDCACGGGTGG	22-CGDCACGGGTGG	12.589586	-13.805221	0	T:4.0(3.23%),B:20.2(0.05%),P:1e-5	Tpos:409.0,Tstd:292.6,Bpos:511.1,Bstd:392.9,StrandBias:10.0,Multiplicity:1.00
0.001	0.987	0.001	0.011
0.001	0.001	0.997	0.001
0.327	0.001	0.288	0.384
0.001	0.987	0.001	0.011
0.997	0.001	0.001	0.001
0.287	0.711	0.001	0.001
0.011	0.333	0.655	0.001
0.327	0.001	0.671	0.001
0.001	0.001	0.997	0.001
0.001	0.001	0.001	0.997
0.011	0.001	0.987	0.001
0.001	0.001	0.997	0.001
>CCCCTTACGGTC	23-CCCCTTACGGTC	7.175703	-12.938780	0	T:22.0(17.74%),B:2217.1(5.74%),P:1e-5	Tpos:477.6,Tstd:290.9,Bpos:512.8,Bstd:318.8,StrandBias:-1.4,Multiplicity:1.82
0.001	0.840	0.097	0.062
0.001	0.769	0.059	0.171
0.163	0.646	0.035	0.156
0.062	0.738	0.036	0.164
0.106	0.232	0.031	0.631
0.098	0.064	0.036	0.802
0.537	0.093	0.198	0.172
0.036	0.874	0.031	0.059
0.195	0.060	0.655	0.090
0.070	0.090	0.714	0.126
0.001	0.127	0.001	0.871
0.001	0.927	0.001	0.071
>TATCCGGTGGTG	24-TATCCGGTGGTG	11.207773	-10.814011	0	T:5.0(4.03%),B:97.8(0.25%),P:1e-4	Tpos:481.6,Tstd:238.6,Bpos:478.2,Bstd:330.8,StrandBias:1.6,Multiplicity:1.60
0.001	0.001	0.168	0.830
0.804	0.194	0.001	0.001
0.001	0.001	0.001	0.997
0.221	0.777	0.001	0.001
0.001	0.804	0.001	0.194
0.001	0.001	0.997	0.001
0.169	0.195	0.414	0.222
0.001	0.001	0.001	0.997
0.001	0.001	0.819	0.179
0.001	0.001	0.804	0.194
0.001	0.001	0.001	0.997
0.001	0.179	0.819	0.001
>DCCTACGCCTAC	25-DCCTACGCCTAC	12.692465	-10.153310	0	T:5.0(4.03%),B:112.4(0.29%),P:1e-4	Tpos:454.1,Tstd:249.2,Bpos:447.6,Bstd:265.5,StrandBias:0.0,Multiplicity:1.60
0.391	0.001	0.282	0.326
0.326	0.672	0.001	0.001
0.001	0.997	0.001	0.001
0.001	0.326	0.001	0.672
0.672	0.001	0.001	0.326
0.001	0.986	0.001	0.012
0.281	0.001	0.717	0.001
0.001	0.997	0.001	0.001
0.001	0.997	0.001	0.001
0.001	0.001	0.001	0.997
0.997	0.001	0.001	0.001
0.001	0.997	0.001	0.001
>TGCTCTCG	1-TGCTCTCG	7.662968	-16.205626	0	T:41.0(33.06%),B:5478.9(14.19%),P:1e-7	Tpos:562.7,Tstd:263.8,Bpos:519.6,Bstd:326.1,StrandBias:0.5,Multiplicity:1.27
0.001	0.143	0.001	0.855
0.001	0.184	0.729	0.086
0.001	0.736	0.149	0.114
0.001	0.001	0.001	0.997
0.016	0.982	0.001	0.001
0.082	0.012	0.001	0.905
0.001	0.945	0.001	0.053
0.065	0.001	0.933	0.001
>AAATAACA	2-AAATAACA	7.790378	-16.150802	0	T:65.0(52.42%),B:11434.7(29.61%),P:1e-7	Tpos:557.2,Tstd:309.3,Bpos:518.7,Bstd:297.9,StrandBias:-0.8,Multiplicity:1.34
0.853	0.001	0.145	0.001
0.997	0.001	0.001	0.001
0.997	0.001	0.001	0.001
0.001	0.259	0.001	0.739
0.997	0.001	0.001	0.001
0.997	0.001	0.001	0.001
0.001	0.997	0.001	0.001
0.997	0.001	0.001	0.001
>GCAATATT	3-GCAATATT	9.178847	-12.111330	0	T:34.0(27.42%),B:4785.2(12.39%),P:1e-5	Tpos:596.7,Tstd:269.5,Bpos:506.8,Bstd:300.6,StrandBias:0.1,Multiplicity:1.15
0.001	0.001	0.997	0.001
0.001	0.997	0.001	0.001
0.997	0.001	0.001	0.001
0.688	0.151	0.001	0.160
0.001	0.001	0.001	0.997
0.997	0.001	0.001	0.001
0.001	0.001	0.001	0.997
0.001	0.001	0.001	0.997
>GGCCTAGA	4-GGCCTAGA	6.854593	-10.074789	0	T:23.0(18.55%),B:2868.8(7.43%),P:1e-4	Tpos:486.2,Tstd:192.9,Bpos:507.3,Bstd:325.4,StrandBias:1.4,Multiplicity:1.61
0.001	0.001	0.997	0.001
0.001	0.053	0.920	0.026
0.060	0.788	0.049	0.103
0.001	0.997	0.001	0.001
0.001	0.001	0.001	0.997
0.843	0.001	0.155	0.001
0.001	0.001	0.997	0.001
0.997	0.001	0.001	0.001
>TAATGCAT	5-TAATGCAT	8.997849	-6.953438	0	T:13.0(10.48%),B:1469.9(3.81%),P:1e-3	Tpos:490.5,Tstd:266.4,Bpos:499.7,Bstd:299.2,StrandBias:-0.2,Multiplicity:1.08
0.001	0.001	0.001	0.997
0.997	0.001	0.001	0.001
0.997	0.001	0.001	0.001
0.001	0.001	0.001	0.997
0.001	0.001	0.997	0.001
0.001	0.997	0.001	0.001
0.872	0.001	0.126	0.001
0.001	0.001	0.001	0.997
