>ACTTTGAGGGRG	1-ACTTTGAGGGRG	11.217824	-24.685125	0	T:11.0(8.40%),B:168.4(0.42%),P:1e-10	Tpos:523.9,Tstd:279.2,Bpos:513.9,Bstd:307.5,StrandBias:-0.8,Multiplicity:1.00
0.994	0.004	0.001	0.001
0.100	0.822	0.001	0.077
0.001	0.001	0.001	0.997
0.099	0.001	0.001	0.899
0.001	0.001	0.001	0.997
0.001	0.004	0.827	0.168
0.997	0.001	0.001	0.001
0.182	0.116	0.607	0.095
0.194	0.001	0.701	0.104
0.094	0.001	0.904	0.001
0.386	0.082	0.300	0.232
0.001	0.115	0.883	0.001
>TAATARGYATAG	2-TAATARGYATAG	10.854230	-24.456871	0	T:16.0(12.21%),B:518.3(1.29%),P:1e-10	Tpos:482.9,Tstd:277.7,Bpos:495.5,Bstd:305.0,StrandBias:-1.1,Multiplicity:1.00
0.326	0.001	0.109	0.564
0.594	0.001	0.404	0.001
0.997	0.001	0.001	0.001
0.078	0.001	0.001	0.920
0.997	0.001	0.001	0.001
0.519	0.001	0.477	0.003
0.134	0.001	0.864	0.001
0.001	0.379	0.208	0.411
0.997	0.001	0.001	0.001
0.243	0.001	0.001	0.755
0.990	0.004	0.001	0.005
0.001	0.001	0.860	0.138
>YAKCAGCTYSCC	3-YAKCAGCTYSCC	8.497699	-24.270189	0	T:24.0(18.32%),B:1389.8(3.45%),P:1e-10	Tpos:565.0,Tstd:304.8,Bpos:490.2,Bstd:306.4,StrandBias:0.2,Multiplicity:1.08
0.002	0.530	0.001	0.467
0.997	0.001	0.001	0.001
0.001	0.221	0.428	0.350
0.330	0.495	0.174	0.001
0.689	0.202	0.108	0.001
0.097	0.001	0.900	0.002
0.002	0.994	0.003	0.001
0.001	0.319	0.001	0.679
0.001	0.488	0.085	0.427
0.001	0.407	0.363	0.230
0.106	0.724	0.071	0.099
0.001	0.878	0.119	0.002
>CGCTCAAAAATT	4-CGCTCAAAAATT	12.771046	-23.816181	0	T:11.0(8.40%),B:183.9(0.46%),P:1e-10	Tpos:579.5,Tstd:309.7,Bpos:449.6,Bstd:284.9,StrandBias:0.3,Multiplicity:1.00
0.001	0.958	0.001	0.040
0.050	0.099	0.850	0.001
0.001	0.997	0.001	0.001
0.001	0.001	0.001	0.997
0.001	0.944	0.054	0.001
0.895	0.001	0.103	0.001
0.997	0.001	0.001	0.001
0.719	0.106	0.001	0.174
0.824	0.174	0.001	0.001
0.997	0.001	0.001	0.001
0.001	0.001	0.110	0.888
0.001	0.001	0.001	0.997
>AAAAACTCCAGC	5-AAAAACTCCAGC	13.593631	-23.751825	0	T:8.0(6.11%),B:59.0(0.15%),P:1e-10	Tpos:320.2,Tstd:261.7,Bpos:519.9,Bstd:281.6,StrandBias:1.6,Multiplicity:1.00
0.866	0.001	0.132	0.001
0.997	0.001	0.001	0.001
0.997	0.001	0.001	0.001
0.816	0.001	0.182	0.001
0.997	0.001	0.001	0.001
0.001	0.933	0.001	0.065
0.001	0.001	0.001	0.997
0.001	0.885	0.113	0.001
0.001	0.997	0.001	0.001
0.870	0.001	0.001	0.128
0.001	0.001	0.997	0.001
0.001	0.750	0.001	0.248
>ATGGGAAAAAGT	6-ATGGGAAAAAGT	11.565921	-20.910734	0	T:13.0(9.92%),B:391.4(0.97%),P:1e-9	Tpos:589.8,Tstd:288.1,Bpos:496.5,Bstd:293.7,StrandBias:0.2,Multiplicity:1.00
0.914	0.001	0.001	0.084
0.001	0.001	0.001	0.997
0.001	0.087	0.851	0.061
0.001	0.001	0.919	0.079
0.064	0.001	0.934	0.001
0.867	0.001	0.131	0.001
0.807	0.001	0.001	0.191
0.997	0.001	0.001	0.001
0.997	0.001	0.001	0.001
0.883	0.115	0.001	0.001
0.001	0.001	0.997	0.001
0.089	0.001	0.001	0.909
>ATTGCTGGAATT	7-ATTGCTGGAATT	13.291559	-20.291133	0	T:10.0(7.63%),B:195.3(0.49%),P:1e-8	Tpos:537.6,Tstd:280.1,Bpos:428.6,Bstd:277.3,StrandBias:-1.4,Multiplicity:1.10
0.997	0.001	0.001	0.001
0.001	0.089	0.001	0.909
0.119	0.001	0.001	0.879
0.001	0.001	0.997	0.001
0.001	0.894	0.104	0.001
0.001	0.001	0.001	0.997
0.001	0.001	0.997	0.001
0.119	0.097	0.783	0.001
0.997	0.001	0.001	0.001
0.879	0.001	0.001	0.119
0.001	0.115	0.001	0.883
0.001	0.001	0.155	0.843
>TGAATGAAGATC	8-TGAATGAAGATC	10.475868	-19.332037	0	T:17.0(12.98%),B:857.1(2.13%),P:1e-8	Tpos:556.0,Tstd:366.8,Bpos:491.8,Bstd:292.1,StrandBias:-2.2,Multiplicity:1.00
0.129	0.127	0.001	0.743
0.001	0.001	0.918	0.080
0.751	0.104	0.001	0.144
0.997	0.001	0.001	0.001
0.228	0.001	0.001	0.770
0.074	0.096	0.610	0.220
0.997	0.001	0.001	0.001
0.906	0.001	0.001	0.092
0.104	0.096	0.539	0.261
0.997	0.001	0.001	0.001
0.001	0.020	0.240	0.739
0.001	0.919	0.025	0.055
>ATTGATAAGAGA	9-ATTGATAAGAGA	9.582399	-19.314127	0	T:31.0(23.66%),B:2921.7(7.26%),P:1e-8	Tpos:554.6,Tstd:286.3,Bpos:535.7,Bstd:303.2,StrandBias:0.0,Multiplicity:1.10
0.892	0.001	0.106	0.001
0.001	0.030	0.097	0.872
0.028	0.042	0.001	0.929
0.122	0.039	0.815	0.024
0.881	0.052	0.001	0.066
0.035	0.001	0.121	0.843
0.705	0.048	0.179	0.068
0.871	0.001	0.001	0.127
0.059	0.106	0.813	0.022
0.795	0.048	0.061	0.096
0.167	0.043	0.725	0.065
0.867	0.030	0.102	0.001
>AATAATTATGAT	10-AATAATTATGAT	13.267292	-18.857554	0	T:12.0(9.16%),B:379.0(0.94%),P:1e-8	Tpos:430.9,Tstd:288.9,Bpos:491.7,Bstd:280.0,StrandBias:0.4,Multiplicity:1.17
0.997	0.001	0.001	0.001
0.997	0.001	0.001	0.001
0.215	0.001	0.001	0.783
0.997	0.001	0.001	0.001
0.997	0.001	0.001	0.001
0.092	0.001	0.001	0.906
0.065	0.001	0.001	0.933
0.901	0.001	0.097	0.001
0.001	0.001	0.001	0.997
0.079	0.001	0.865	0.055
0.997	0.001	0.001	0.001
0.068	0.001	0.001	0.930
>TCTTTTTGGGGT	11-TCTTTTTGGGGT	11.187055	-18.440398	0	T:12.0(9.16%),B:394.5(0.98%),P:1e-8	Tpos:541.6,Tstd:220.3,Bpos:506.4,Bstd:302.2,StrandBias:-0.8,Multiplicity:1.17
0.085	0.001	0.049	0.865
0.083	0.812	0.088	0.017
0.154	0.001	0.001	0.844
0.001	0.001	0.001	0.997
0.001	0.001	0.001	0.997
0.078	0.089	0.001	0.832
0.001	0.001	0.001	0.997
0.059	0.002	0.863	0.076
0.252	0.086	0.623	0.039
0.083	0.089	0.699	0.129
0.063	0.001	0.802	0.134
0.228	0.096	0.001	0.675
>CACTTTTATTAC	12-CACTTTTATTAC	13.168164	-18.341284	0	T:8.0(6.11%),B:121.6(0.30%),P:1e-7	Tpos:416.8,Tstd:335.1,Bpos:521.3,Bstd:307.4,StrandBias:0.7,Multiplicity:1.00
0.077	0.921	0.001	0.001
0.862	0.001	0.001	0.136
0.001	0.918	0.001	0.080
0.001	0.001	0.001	0.997
0.001	0.001	0.001	0.997
0.001	0.001	0.001	0.997
0.001	0.001	0.158	0.840
0.901	0.097	0.001	0.001
0.001	0.001	0.001	0.997
0.115	0.082	0.001	0.802
0.926	0.001	0.001	0.072
0.001	0.922	0.001	0.076
>CAAAATTCTCAC	13-CAAAATTCTCAC	14.486988	-18.291028	0	T:6.0(4.58%),B:42.2(0.10%),P:1e-7	Tpos:632.2,Tstd:305.5,Bpos:466.0,Bstd:261.0,StrandBias:2.3,Multiplicity:1.00
0.001	0.997	0.001	0.001
0.997	0.001	0.001	0.001
0.733	0.265	0.001	0.001
0.997	0.001	0.001	0.001
0.997	0.001	0.001	0.001
0.001	0.001	0.001	0.997
0.164	0.001	0.001	0.834
0.001	0.997	0.001	0.001
0.001	0.001	0.001	0.997
0.001	0.997	0.001	0.001
0.997	0.001	0.001	0.001
0.001	0.997	0.001	0.001
>TCAAGYGAGTGT	14-TCAAGYGAGTGT	12.256501	-18.170037	0	T:7.0(5.34%),B:78.2(0.19%),P:1e-7	Tpos:438.1,Tstd:376.5,Bpos:426.2,Bstd:258.8,StrandBias:-0.4,Multiplicity:1.00
0.001	0.190	0.001	0.808
0.201	0.686	0.112	0.001
0.872	0.001	0.001	0.126
0.997	0.001	0.001	0.001
0.103	0.001	0.895	0.001
0.112	0.419	0.001	0.469
0.001	0.190	0.808	0.001
0.831	0.167	0.001	0.001
0.001	0.001	0.997	0.001
0.001	0.001	0.008	0.990
0.001	0.168	0.726	0.105
0.001	0.001	0.001	0.997
>TTTCCGCGGTSA	15-TTTCCGCGGTSA	11.611101	-17.754836	0	T:8.0(6.11%),B:131.4(0.33%),P:1e-7	Tpos:298.6,Tstd:212.6,Bpos:507.6,Bstd:327.0,StrandBias:2.0,Multiplicity:1.25
0.001	0.001	0.001	0.997
0.133	0.096	0.001	0.770
0.117	0.001	0.133	0.749
0.001	0.814	0.001	0.184
0.001	0.997	0.001	0.001
0.001	0.001	0.997	0.001
0.001	0.808	0.001	0.190
0.001	0.001	0.581	0.417
0.001	0.224	0.774	0.001
0.001	0.307	0.001	0.691
0.001	0.443	0.555	0.001
0.997	0.001	0.001	0.001
>TCAGTTAAAATG	16-TCAGTTAAAATG	9.165267	-16.894269	0	T:36.0(27.48%),B:4208.7(10.45%),P:1e-7	Tpos:410.0,Tstd:239.2,Bpos:500.2,Bstd:288.2,StrandBias:-0.5,Multiplicity:1.28
0.089	0.053	0.033	0.825
0.027	0.804	0.050	0.119
0.899	0.001	0.040	0.060
0.063	0.001	0.811	0.125
0.022	0.057	0.001	0.920
0.103	0.001	0.173	0.723
0.825	0.021	0.134	0.020
0.847	0.044	0.040	0.069
0.854	0.025	0.069	0.052
0.837	0.071	0.044	0.048
0.001	0.032	0.023	0.944
0.058	0.091	0.719	0.132
>TTTTATCACATT	17-TTTTATCACATT	11.950550	-16.573096	0	T:15.0(11.45%),B:792.0(1.97%),P:1e-7	Tpos:549.8,Tstd:270.6,Bpos:517.3,Bstd:294.7,StrandBias:0.7,Multiplicity:1.14
0.001	0.148	0.001	0.850
0.001	0.001	0.001	0.997
0.001	0.001	0.001	0.997
0.001	0.001	0.001	0.997
0.804	0.063	0.092	0.041
0.001	0.001	0.127	0.871
0.001	0.997	0.001	0.001
0.910	0.001	0.001	0.088
0.035	0.894	0.001	0.070
0.851	0.001	0.001	0.147
0.095	0.001	0.001	0.903
0.001	0.001	0.001	0.997
>ATTTTGAAGTAG	18-ATTTTGAAGTAG	12.677756	-14.598307	0	T:5.0(3.82%),B:42.1(0.10%),P:1e-6	Tpos:495.8,Tstd:297.7,Bpos:521.5,Bstd:309.4,StrandBias:2.0,Multiplicity:1.00
0.835	0.001	0.063	0.101
0.144	0.106	0.063	0.687
0.089	0.143	0.043	0.725
0.001	0.381	0.001	0.617
0.081	0.001	0.003	0.915
0.077	0.118	0.732	0.073
0.961	0.001	0.001	0.037
0.767	0.048	0.112	0.073
0.060	0.026	0.841	0.073
0.094	0.028	0.080	0.798
0.669	0.043	0.287	0.001
0.021	0.123	0.783	0.073
>TTTCGCCGCGAA	19-TTTCGCCGCGAA	10.513573	-14.051281	0	T:10.0(7.63%),B:389.2(0.97%),P:1e-6	Tpos:479.6,Tstd:235.0,Bpos:489.5,Bstd:312.0,StrandBias:2.0,Multiplicity:1.00
0.001	0.133	0.001	0.865
0.005	0.006	0.179	0.810
0.001	0.090	0.001	0.908
0.001	0.962	0.001	0.036
0.001	0.001	0.871	0.127
0.075	0.849	0.075	0.001
0.003	0.901	0.093	0.003
0.158	0.166	0.675	0.001
0.091	0.639	0.091	0.179
0.091	0.183	0.659	0.067
0.997	0.001	0.001	0.001
0.874	0.001	0.124	0.001
>ACGTCASAAGKG	20-ACGTCASAAGKG	12.581681	-13.362177	0	T:5.0(3.82%),B:55.7(0.14%),P:1e-5	Tpos:515.5,Tstd:213.1,Bpos:399.6,Bstd:292.4,StrandBias:0.0,Multiplicity:1.60
0.997	0.001	0.001	0.001
0.001	0.997	0.001	0.001
0.001	0.001	0.997	0.001
0.001	0.001	0.001	0.997
0.001	0.997	0.001	0.001
0.774	0.001	0.224	0.001
0.001	0.552	0.446	0.001
0.988	0.001	0.010	0.001
0.990	0.001	0.001	0.008
0.001	0.001	0.765	0.233
0.001	0.001	0.518	0.480
0.001	0.254	0.491	0.254
>TGGAGCTCCAGS	21-TGGAGCTCCAGS	10.467110	-12.273749	0	T:8.0(6.11%),B:278.1(0.69%),P:1e-5	Tpos:382.8,Tstd:298.9,Bpos:437.8,Bstd:311.0,StrandBias:-0.4,Multiplicity:1.38
0.001	0.001	0.001	0.997
0.001	0.001	0.997	0.001
0.001	0.001	0.997	0.001
0.804	0.001	0.004	0.191
0.001	0.108	0.887	0.004
0.107	0.891	0.001	0.001
0.001	0.110	0.133	0.756
0.133	0.865	0.001	0.001
0.107	0.891	0.001	0.001
0.913	0.001	0.085	0.001
0.108	0.221	0.670	0.001
0.242	0.413	0.345	0.001
>AAGCGCCATAGT	22-AAGCGCCATAGT	14.309137	-7.680196	0	T:2.0(1.53%),B:8.0(0.02%),P:1e-3	Tpos:357.5,Tstd:271.5,Bpos:453.3,Bstd:132.3,StrandBias:10.0,Multiplicity:2.00
0.997	0.001	0.001	0.001
0.803	0.001	0.195	0.001
0.001	0.001	0.997	0.001
0.001	0.997	0.001	0.001
0.001	0.001	0.997	0.001
0.001	0.997	0.001	0.001
0.222	0.776	0.001	0.001
0.997	0.001	0.001	0.001
0.161	0.223	0.001	0.615
0.997	0.001	0.001	0.001
0.001	0.001	0.997	0.001
0.001	0.001	0.001	0.997
>AGTCTTKACGCA	23-AGTCTTKACGCA	12.897120	-7.136530	0	T:2.0(1.53%),B:11.8(0.03%),P:1e-3	Tpos:273.7,Tstd:183.2,Bpos:437.6,Bstd:337.4,StrandBias:1.0,Multiplicity:1.50
0.956	0.001	0.001	0.042
0.016	0.001	0.982	0.001
0.001	0.090	0.001	0.908
0.001	0.997	0.001	0.001
0.001	0.001	0.001	0.997
0.001	0.001	0.001	0.997
0.001	0.001	0.471	0.527
0.985	0.001	0.013	0.001
0.001	0.997	0.001	0.001
0.001	0.001	0.997	0.001
0.380	0.618	0.001	0.001
0.997	0.001	0.001	0.001
>WGCCTTGRCGCA	24-WGCCTTGRCGCA	13.486143	-5.811502	0	T:3.0(2.29%),B:85.6(0.21%),P:1e-2	Tpos:254.0,Tstd:214.5,Bpos:550.3,Bstd:337.3,StrandBias:2.3,Multiplicity:4.00
0.426	0.001	0.001	0.572
0.412	0.001	0.575	0.012
0.001	0.997	0.001	0.001
0.201	0.797	0.001	0.001
0.001	0.001	0.001	0.997
0.001	0.001	0.001	0.997
0.001	0.001	0.997	0.001
0.457	0.001	0.541	0.001
0.001	0.997	0.001	0.001
0.001	0.001	0.997	0.001
0.001	0.997	0.001	0.001
0.685	0.001	0.001	0.313
>TGTCAGTGCCTT	25-TGTCAGTGCCTT	13.404989	-4.663297	0	T:2.0(1.53%),B:43.0(0.11%),P:1e-2	Tpos:279.9,Tstd:64.8,Bpos:459.4,Bstd:279.3,StrandBias:3.2,Multiplicity:5.00
0.001	0.001	0.001	0.997
0.001	0.001	0.910	0.088
0.001	0.001	0.125	0.873
0.001	0.997	0.001	0.001
0.997	0.001	0.001	0.001
0.001	0.001	0.997	0.001
0.001	0.001	0.001	0.997
0.001	0.001	0.883	0.115
0.001	0.997	0.001	0.001
0.001	0.597	0.001	0.401
0.001	0.001	0.001	0.997
0.001	0.001	0.001	0.997
