>CTATCAAA	1-CTATCAAA	7.572136	-13.844776	0	T:57.0(43.51%),B:9724.9(24.16%),P:1e-6	Tpos:527.8,Tstd:288.4,Bpos:504.0,Bstd:296.4,StrandBias:0.3,Multiplicity:1.28
0.004	0.994	0.001	0.001
0.001	0.001	0.229	0.769
0.997	0.001	0.001	0.001
0.001	0.001	0.099	0.899
0.001	0.997	0.001	0.001
0.990	0.001	0.001	0.008
0.564	0.131	0.001	0.304
0.706	0.088	0.001	0.205
>TCTCCAGC	2-TCTCCAGC	8.195491	-12.569800	0	T:21.0(16.03%),B:2055.2(5.11%),P:1e-5	Tpos:497.3,Tstd:331.7,Bpos:496.1,Bstd:306.4,StrandBias:-0.1,Multiplicity:1.10
0.183	0.001	0.001	0.815
0.001	0.997	0.001	0.001
0.001	0.001	0.001	0.997
0.126	0.872	0.001	0.001
0.001	0.997	0.001	0.001
0.919	0.001	0.079	0.001
0.001	0.001	0.997	0.001
0.001	0.997	0.001	0.001
>TTAGCGTA	3-TTAGCGTA	7.219236	-11.656216	0	T:51.0(38.93%),B:8834.4(21.94%),P:1e-5	Tpos:511.7,Tstd:298.0,Bpos:503.5,Bstd:300.2,StrandBias:0.4,Multiplicity:1.28
0.001	0.001	0.001	0.997
0.001	0.001	0.001	0.997
0.812	0.186	0.001	0.001
0.001	0.001	0.586	0.412
0.001	0.722	0.001	0.276
0.001	0.001	0.997	0.001
0.001	0.001	0.001	0.997
0.997	0.001	0.001	0.001
>ACTCGCAT	4-ACTCGCAT	10.417317	-10.210832	0	T:8.0(6.11%),B:373.6(0.93%),P:1e-4	Tpos:388.5,Tstd:149.1,Bpos:517.6,Bstd:323.5,StrandBias:1.6,Multiplicity:1.00
0.997	0.001	0.001	0.001
0.001	0.997	0.001	0.001
0.001	0.001	0.001	0.997
0.001	0.997	0.001	0.001
0.001	0.001	0.997	0.001
0.001	0.997	0.001	0.001
0.521	0.339	0.001	0.139
0.001	0.001	0.001	0.997
>AGTGCCTT	5-AGTGCCTT	6.640646	-4.643345	0	T:15.0(11.45%),B:2343.9(5.82%),P:1e-2	Tpos:385.3,Tstd:235.6,Bpos:492.1,Bstd:311.1,StrandBias:1.5,Multiplicity:2.00
0.997	0.001	0.001	0.001
0.001	0.001	0.997	0.001
0.077	0.001	0.001	0.921
0.001	0.111	0.887	0.001
0.001	0.997	0.001	0.001
0.001	0.997	0.001	0.001
0.001	0.001	0.001	0.997
0.116	0.056	0.001	0.827
