>TATAATTTAC	1-TATAATTTAC	10.392061	-22.729061	0	T:14.0(9.27%),B:348.2(0.88%),P:1e-9	Tpos:581.3,Tstd:253.7,Bpos:536.4,Bstd:293.6,StrandBias:-0.2,Multiplicity:1.07
0.001	0.001	0.001	0.997
0.997	0.001	0.001	0.001
0.001	0.001	0.001	0.997
0.997	0.001	0.001	0.001
0.945	0.001	0.053	0.001
0.001	0.001	0.082	0.916
0.001	0.344	0.001	0.654
0.001	0.001	0.001	0.997
0.997	0.001	0.001	0.001
0.001	0.997	0.001	0.001
>GTGTAAGGTC	2-GTGTAAGGTC	10.329839	-22.112625	0	T:11.0(7.28%),B:183.3(0.46%),P:1e-9	Tpos:642.0,Tstd:248.5,Bpos:530.3,Bstd:291.6,StrandBias:-0.8,Multiplicity:1.00
0.001	0.001	0.997	0.001
0.115	0.159	0.001	0.725
0.001	0.001	0.888	0.110
0.001	0.001	0.087	0.911
0.870	0.001	0.001	0.128
0.997	0.001	0.001	0.001
0.001	0.001	0.928	0.070
0.001	0.001	0.916	0.082
0.001	0.001	0.001	0.997
0.001	0.901	0.097	0.001
>TCTTGCATAA	3-TCTTGCATAA	9.603865	-17.683363	0	T:23.0(15.23%),B:1515.6(3.83%),P:1e-7	Tpos:619.4,Tstd:278.3,Bpos:488.9,Bstd:314.1,StrandBias:-0.1,Multiplicity:1.09
0.001	0.087	0.001	0.911
0.001	0.723	0.154	0.122
0.001	0.001	0.107	0.891
0.001	0.001	0.053	0.945
0.001	0.040	0.936	0.023
0.048	0.950	0.001	0.001
0.883	0.001	0.062	0.054
0.009	0.037	0.029	0.925
0.880	0.048	0.071	0.001
0.997	0.001	0.001	0.001
>CCCACTATTA	4-CCCACTATTA	8.716704	-17.618618	0	T:17.0(11.26%),B:817.8(2.07%),P:1e-7	Tpos:548.6,Tstd:350.0,Bpos:532.4,Bstd:312.0,StrandBias:-0.7,Multiplicity:1.06
0.001	0.890	0.108	0.001
0.001	0.937	0.001	0.061
0.064	0.829	0.001	0.106
0.903	0.001	0.001	0.095
0.001	0.826	0.116	0.057
0.001	0.001	0.001	0.997
0.949	0.001	0.001	0.049
0.001	0.001	0.001	0.997
0.098	0.001	0.001	0.900
0.857	0.094	0.001	0.048
>CCAACTATAC	5-CCAACTATAC	7.993790	-17.025903	0	T:17.0(11.26%),B:852.1(2.15%),P:1e-7	Tpos:428.4,Tstd:280.1,Bpos:519.6,Bstd:335.8,StrandBias:0.0,Multiplicity:1.06
0.190	0.578	0.036	0.196
0.053	0.842	0.053	0.052
0.553	0.174	0.016	0.257
0.658	0.222	0.065	0.055
0.088	0.606	0.237	0.069
0.205	0.038	0.178	0.579
0.729	0.047	0.040	0.184
0.027	0.200	0.057	0.716
0.709	0.054	0.044	0.193
0.133	0.676	0.165	0.026
>AATAAAGCAT	6-AATAAAGCAT	10.501086	-11.975282	0	T:23.0(15.23%),B:2115.7(5.34%),P:1e-5	Tpos:492.0,Tstd:316.2,Bpos:511.1,Bstd:303.0,StrandBias:-0.6,Multiplicity:1.09
0.922	0.001	0.001	0.076
0.997	0.001	0.001	0.001
0.081	0.001	0.001	0.917
0.997	0.001	0.001	0.001
0.997	0.001	0.001	0.001
0.901	0.097	0.001	0.001
0.260	0.001	0.587	0.152
0.189	0.809	0.001	0.001
0.901	0.001	0.097	0.001
0.001	0.001	0.001	0.997
>AACGATTACA	7-AACGATTACA	10.067851	-11.407448	0	T:15.0(9.93%),B:1026.1(2.59%),P:1e-4	Tpos:536.9,Tstd:289.4,Bpos:512.9,Bstd:307.2,StrandBias:0.0,Multiplicity:1.07
0.749	0.092	0.001	0.158
0.997	0.001	0.001	0.001
0.059	0.844	0.001	0.096
0.118	0.001	0.880	0.001
0.997	0.001	0.001	0.001
0.001	0.001	0.001	0.997
0.001	0.001	0.001	0.997
0.807	0.001	0.001	0.191
0.001	0.927	0.001	0.071
0.658	0.110	0.001	0.231
>ACAARGTACT	8-ACAARGTACT	10.328643	-8.821641	0	T:6.0(3.97%),B:201.8(0.51%),P:1e-3	Tpos:491.1,Tstd:228.2,Bpos:446.5,Bstd:314.4,StrandBias:-0.3,Multiplicity:1.50
0.739	0.001	0.259	0.001
0.001	0.744	0.124	0.131
0.997	0.001	0.001	0.001
0.879	0.119	0.001	0.001
0.441	0.001	0.557	0.001
0.001	0.001	0.997	0.001
0.001	0.001	0.167	0.831
0.799	0.199	0.001	0.001
0.001	0.883	0.115	0.001
0.001	0.186	0.046	0.767
>WTTYAGGCCG	9-WTTYAGGCCG	9.228589	-8.418500	0	T:14.0(9.27%),B:1194.6(3.02%),P:1e-3	Tpos:371.4,Tstd:239.1,Bpos:491.7,Bstd:314.8,StrandBias:0.3,Multiplicity:2.07
0.403	0.130	0.164	0.303
0.001	0.001	0.001	0.997
0.001	0.001	0.001	0.997
0.001	0.529	0.001	0.469
0.997	0.001	0.001	0.001
0.090	0.166	0.743	0.001
0.001	0.001	0.997	0.001
0.081	0.796	0.001	0.122
0.001	0.997	0.001	0.001
0.350	0.001	0.648	0.001
>AAAATGGCAT	10-AAAATGGCAT	8.414940	-7.534611	0	T:11.0(7.28%),B:862.5(2.18%),P:1e-3	Tpos:329.6,Tstd:276.8,Bpos:513.5,Bstd:309.2,StrandBias:0.8,Multiplicity:2.00
0.997	0.001	0.001	0.001
0.997	0.001	0.001	0.001
0.920	0.078	0.001	0.001
0.854	0.001	0.144	0.001
0.001	0.001	0.001	0.997
0.001	0.001	0.997	0.001
0.001	0.001	0.997	0.001
0.001	0.997	0.001	0.001
0.997	0.001	0.001	0.001
0.001	0.066	0.001	0.932
>CCCTAATCAA	11-CCCTAATCAA	10.296193	-5.354434	0	T:2.0(1.32%),B:25.2(0.06%),P:1e-2	Tpos:249.0,Tstd:186.7,Bpos:574.4,Bstd:249.0,StrandBias:2.3,Multiplicity:3.00
0.100	0.700	0.100	0.100
0.100	0.700	0.100	0.100
0.100	0.700	0.100	0.100
0.100	0.100	0.100	0.700
0.700	0.100	0.100	0.100
0.700	0.100	0.100	0.100
0.100	0.100	0.100	0.700
0.100	0.700	0.100	0.100
0.700	0.100	0.100	0.100
0.700	0.100	0.100	0.100
>TAGTACTAYW	12-TAGTACTAYW	8.530046	-4.789373	0	T:6.0(3.97%),B:452.0(1.14%),P:1e-2	Tpos:349.2,Tstd:215.4,Bpos:489.2,Bstd:306.3,StrandBias:4.9,Multiplicity:5.00
0.091	0.262	0.161	0.486
0.635	0.055	0.297	0.013
0.010	0.009	0.965	0.016
0.125	0.086	0.105	0.684
0.763	0.137	0.092	0.008
0.008	0.824	0.141	0.027
0.016	0.346	0.014	0.624
0.614	0.011	0.308	0.067
0.045	0.395	0.112	0.447
0.439	0.119	0.122	0.320
>GGAGCTCCWG	13-GGAGCTCCWG	6.442390	-4.617570	0	T:28.0(18.54%),B:4652.8(11.75%),P:1e-2	Tpos:325.1,Tstd:230.7,Bpos:450.0,Bstd:322.0,StrandBias:-0.2,Multiplicity:2.39
0.001	0.042	0.956	0.001
0.051	0.001	0.947	0.001
0.783	0.001	0.110	0.106
0.168	0.121	0.579	0.132
0.134	0.627	0.238	0.001
0.149	0.120	0.001	0.730
0.001	0.972	0.001	0.026
0.001	0.997	0.001	0.001
0.541	0.001	0.001	0.457
0.001	0.001	0.997	0.001
>TACCACTATA	14-TACCACTATA	12.835497	-4.540617	0	T:2.0(1.32%),B:39.8(0.10%),P:1e-1	Tpos:398.5,Tstd:340.5,Bpos:509.7,Bstd:326.2,StrandBias:0.0,Multiplicity:1.00
0.001	0.001	0.001	0.997
0.972	0.001	0.026	0.001
0.001	0.770	0.226	0.003
0.001	0.699	0.001	0.299
0.997	0.001	0.001	0.001
0.001	0.997	0.001	0.001
0.001	0.190	0.001	0.808
0.863	0.001	0.135	0.001
0.001	0.005	0.001	0.993
0.997	0.001	0.001	0.001
>CTCTCTCTCT	15-CTCTCTCTCT	11.060223	-3.470044	0	T:10.0(6.62%),B:1321.4(3.34%),P:1e-1	Tpos:620.9,Tstd:315.2,Bpos:564.9,Bstd:311.6,StrandBias:0.7,Multiplicity:1.00
0.028	0.884	0.001	0.087
0.001	0.001	0.001	0.997
0.035	0.963	0.001	0.001
0.001	0.001	0.001	0.997
0.025	0.929	0.045	0.001
0.001	0.001	0.001	0.997
0.001	0.997	0.001	0.001
0.001	0.001	0.001	0.997
0.045	0.837	0.051	0.067
0.001	0.053	0.001	0.945
>TGCGGCGGAT	16-TGCGGCGGAT	10.296193	-3.194073	0	T:1.0(0.66%),B:10.6(0.03%),P:1e-1	Tpos:162.5,Tstd:100.6,Bpos:390.0,Bstd:259.4,StrandBias:10.0,Multiplicity:11.00
0.100	0.100	0.100	0.700
0.100	0.100	0.700	0.100
0.100	0.700	0.100	0.100
0.100	0.100	0.700	0.100
0.100	0.100	0.700	0.100
0.100	0.700	0.100	0.100
0.100	0.100	0.700	0.100
0.100	0.100	0.700	0.100
0.700	0.100	0.100	0.100
0.100	0.100	0.100	0.700
>CTCCTGGTAA	17-CTCCTGGTAA	10.296193	-2.521509	0	T:1.0(0.66%),B:21.8(0.05%),P:1e-1	Tpos:566.0,Tstd:102.9,Bpos:417.3,Bstd:333.0,StrandBias:10.0,Multiplicity:17.00
0.100	0.700	0.100	0.100
0.100	0.100	0.100	0.700
0.100	0.700	0.100	0.100
0.100	0.700	0.100	0.100
0.100	0.100	0.100	0.700
0.100	0.100	0.700	0.100
0.100	0.100	0.700	0.100
0.100	0.100	0.100	0.700
0.700	0.100	0.100	0.100
0.700	0.100	0.100	0.100
>CTGTAGTTTG	18-CTGTAGTTTG	13.690876	-0.699747	0	T:1.0(0.66%),B:179.9(0.45%),P:1e0	Tpos:354.0,Tstd:196.0,Bpos:532.2,Bstd:302.0,StrandBias:-10.0,Multiplicity:17.00
0.001	0.997	0.001	0.001
0.001	0.001	0.001	0.997
0.001	0.001	0.997	0.001
0.133	0.001	0.001	0.865
0.997	0.001	0.001	0.001
0.001	0.001	0.997	0.001
0.001	0.001	0.001	0.997
0.001	0.001	0.001	0.997
0.001	0.001	0.001	0.997
0.001	0.001	0.997	0.001
