>AAATATCTTATC	5-GATAAGATATTT	10.671787	-24.319769	0	T:19.0(6.13%),B:322.7(0.81%),P:1e-10
0.861	0.040	0.044	0.055
0.602	0.038	0.040	0.320
0.827	0.042	0.058	0.073
0.044	0.039	0.272	0.645
0.851	0.067	0.034	0.048
0.253	0.160	0.050	0.537
0.229	0.490	0.028	0.253
0.049	0.064	0.038	0.849
0.291	0.028	0.047	0.634
0.690	0.014	0.030	0.266
0.243	0.039	0.044	0.674
0.312	0.607	0.045	0.036
