>TCGAGTAAAAGG	13-CCTTTTACTCGA	9.343036	-19.517252	0	T:32.0(10.32%),B:1215.8(3.04%),P:1e-8
0.035	0.001	0.077	0.887
0.096	0.718	0.090	0.096
0.162	0.001	0.737	0.100
0.878	0.055	0.066	0.001
0.143	0.067	0.757	0.033
0.111	0.077	0.001	0.811
0.809	0.066	0.001	0.124
0.863	0.068	0.001	0.068
0.873	0.077	0.049	0.001
0.828	0.041	0.062	0.069
0.032	0.001	0.902	0.065
0.057	0.001	0.872	0.070
