>CTKYGTCTCTAT	4-ATAGAGACRMAG	10.909595	-25.542667	0	T:16.0(5.16%),B:191.4(0.48%),P:1e-11
0.112	0.749	0.013	0.126
0.013	0.019	0.084	0.884
0.036	0.046	0.412	0.506
0.017	0.528	0.015	0.440
0.299	0.110	0.533	0.058
0.034	0.342	0.024	0.600
0.048	0.824	0.028	0.100
0.058	0.056	0.011	0.875
0.058	0.793	0.001	0.148
0.079	0.117	0.019	0.785
0.502	0.237	0.079	0.182
0.041	0.398	0.001	0.560
