>GTCAGTTCTTTK	24-GTCAGTTCTTTK	12.264491	-4.398971	0	T:2.0(0.65%),B:20.1(0.05%),P:1e-1
0.110	0.084	0.758	0.048
0.031	0.014	0.029	0.926
0.030	0.840	0.071	0.059
0.735	0.115	0.041	0.109
0.082	0.072	0.735	0.111
0.030	0.072	0.011	0.887
0.020	0.021	0.363	0.596
0.156	0.653	0.071	0.120
0.019	0.353	0.015	0.613
0.065	0.101	0.066	0.768
0.042	0.020	0.071	0.867
0.038	0.056	0.417	0.489
