>TGACGTCATYKA	11-TGACGTCATYKA	10.532541	-15.715730	0	T:7.0(7.61%),B:168.2(0.41%),P:1e-6
0.137	0.041	0.001	0.821
0.032	0.111	0.856	0.001
0.747	0.208	0.044	0.001
0.144	0.750	0.038	0.068
0.163	0.118	0.689	0.030
0.078	0.001	0.134	0.787
0.143	0.675	0.088	0.094
0.642	0.050	0.220	0.088
0.314	0.001	0.001	0.684
0.001	0.457	0.208	0.335
0.073	0.080	0.420	0.427
0.869	0.129	0.001	0.001
