>ACCATCTGAT	1-ACCATCTGAT	7.868876	-39.005380	0	T:57.0(30.65%),B:3468.8(8.62%),P:1e-16	Tpos:536.6,Tstd:259.6,Bpos:510.5,Bstd:322.6,StrandBias:0.7,Multiplicity:1.07
0.905	0.046	0.048	0.001
0.001	0.862	0.001	0.136
0.118	0.792	0.055	0.035
0.929	0.069	0.001	0.001
0.001	0.047	0.001	0.951
0.037	0.854	0.001	0.108
0.001	0.001	0.001	0.997
0.001	0.036	0.962	0.001
0.882	0.030	0.001	0.087
0.001	0.050	0.065	0.884
>GWTCACGTGA	2-GWTCACGTGA	7.599307	-31.445308	0	T:57.0(30.65%),B:4126.6(10.25%),P:1e-13	Tpos:593.1,Tstd:267.9,Bpos:527.6,Bstd:333.4,StrandBias:-0.6,Multiplicity:1.18
0.207	0.080	0.642	0.071
0.425	0.001	0.111	0.463
0.075	0.349	0.001	0.575
0.001	0.676	0.121	0.202
0.868	0.001	0.001	0.130
0.015	0.917	0.001	0.067
0.086	0.001	0.912	0.001
0.171	0.001	0.001	0.827
0.001	0.001	0.997	0.001
0.670	0.249	0.080	0.001
>CTTTGATAAC	3-CTTTGATAAC	8.420825	-29.369892	0	T:45.0(24.19%),B:2805.4(6.97%),P:1e-12	Tpos:477.3,Tstd:282.7,Bpos:509.0,Bstd:319.7,StrandBias:0.1,Multiplicity:1.07
0.062	0.705	0.174	0.059
0.108	0.001	0.001	0.890
0.112	0.090	0.001	0.797
0.282	0.001	0.001	0.716
0.228	0.032	0.739	0.001
0.799	0.001	0.199	0.001
0.001	0.037	0.041	0.921
0.794	0.083	0.085	0.038
0.587	0.267	0.001	0.145
0.001	0.997	0.001	0.001
>AGAGACGCAG	4-AGAGACGCAG	9.373586	-25.059126	0	T:40.0(21.51%),B:2571.0(6.39%),P:1e-10	Tpos:638.0,Tstd:256.5,Bpos:570.5,Bstd:336.8,StrandBias:-1.0,Multiplicity:1.12
0.706	0.099	0.001	0.194
0.001	0.001	0.970	0.028
0.997	0.001	0.001	0.001
0.027	0.047	0.925	0.001
0.946	0.001	0.001	0.052
0.001	0.900	0.041	0.058
0.001	0.045	0.877	0.077
0.022	0.939	0.038	0.001
0.903	0.044	0.001	0.052
0.036	0.001	0.962	0.001
>TACGTCTCCG	5-TACGTCTCCG	9.339556	-24.903909	0	T:15.0(8.06%),B:290.0(0.72%),P:1e-10	Tpos:586.7,Tstd:326.9,Bpos:506.0,Bstd:345.6,StrandBias:-0.2,Multiplicity:1.00
0.090	0.001	0.001	0.908
0.997	0.001	0.001	0.001
0.130	0.753	0.027	0.090
0.110	0.001	0.830	0.059
0.001	0.001	0.172	0.826
0.001	0.840	0.158	0.001
0.139	0.001	0.001	0.859
0.001	0.997	0.001	0.001
0.001	0.997	0.001	0.001
0.001	0.001	0.997	0.001
>TCAATGAACR	6-TCAATGAACR	7.296607	-24.586615	0	T:89.0(47.85%),B:10104.6(25.10%),P:1e-10	Tpos:536.8,Tstd:276.4,Bpos:499.6,Bstd:320.2,StrandBias:-0.1,Multiplicity:1.36
0.069	0.198	0.194	0.539
0.001	0.994	0.001	0.004
0.893	0.001	0.105	0.001
0.543	0.211	0.187	0.059
0.256	0.001	0.001	0.742
0.009	0.075	0.915	0.001
0.997	0.001	0.001	0.001
0.689	0.008	0.112	0.191
0.001	0.997	0.001	0.001
0.460	0.122	0.334	0.084
>TCTATTTGCG	7-TCTATTTGCG	9.675290	-23.617553	0	T:22.0(11.83%),B:813.2(2.02%),P:1e-10	Tpos:594.7,Tstd:237.8,Bpos:538.6,Bstd:308.7,StrandBias:1.2,Multiplicity:1.05
0.001	0.082	0.001	0.916
0.120	0.878	0.001	0.001
0.036	0.194	0.044	0.726
0.938	0.001	0.060	0.001
0.001	0.066	0.001	0.932
0.001	0.001	0.001	0.997
0.001	0.001	0.001	0.997
0.069	0.102	0.732	0.097
0.001	0.997	0.001	0.001
0.001	0.041	0.931	0.027
>CCCTATCTCT	8-CCCTATCTCT	8.811567	-22.869602	0	T:41.0(22.04%),B:2892.4(7.18%),P:1e-9	Tpos:553.2,Tstd:289.3,Bpos:566.0,Bstd:340.0,StrandBias:1.4,Multiplicity:1.07
0.072	0.861	0.035	0.032
0.028	0.657	0.086	0.229
0.094	0.775	0.001	0.130
0.070	0.145	0.001	0.784
0.736	0.073	0.129	0.062
0.025	0.001	0.001	0.973
0.001	0.605	0.076	0.318
0.088	0.059	0.001	0.852
0.001	0.826	0.076	0.097
0.001	0.040	0.001	0.958
>CCTCCCGCCC	9-CCTCCCGCCC	10.371463	-22.426434	0	T:13.0(6.99%),B:237.5(0.59%),P:1e-9	Tpos:551.8,Tstd:254.5,Bpos:601.5,Bstd:370.7,StrandBias:1.7,Multiplicity:1.00
0.001	0.885	0.001	0.113
0.001	0.997	0.001	0.001
0.001	0.094	0.057	0.848
0.001	0.997	0.001	0.001
0.001	0.911	0.001	0.087
0.001	0.997	0.001	0.001
0.001	0.031	0.613	0.355
0.001	0.997	0.001	0.001
0.081	0.917	0.001	0.001
0.090	0.908	0.001	0.001
>TGGGCGGCGC	10-TGGGCGGCGC	8.053249	-21.738502	0	T:28.0(15.05%),B:1479.8(3.68%),P:1e-9	Tpos:633.3,Tstd:264.3,Bpos:570.6,Bstd:317.3,StrandBias:0.9,Multiplicity:1.07
0.158	0.120	0.130	0.592
0.084	0.059	0.838	0.019
0.001	0.111	0.830	0.058
0.001	0.109	0.838	0.052
0.093	0.767	0.077	0.063
0.001	0.068	0.887	0.044
0.001	0.100	0.850	0.049
0.067	0.707	0.139	0.087
0.048	0.067	0.815	0.070
0.022	0.888	0.029	0.061
>TGGGTGCATA	11-TGGGTGCATA	10.218363	-20.517782	0	T:14.0(7.53%),B:339.8(0.84%),P:1e-8	Tpos:436.3,Tstd:321.0,Bpos:514.0,Bstd:321.3,StrandBias:-0.4,Multiplicity:1.00
0.001	0.001	0.001	0.997
0.001	0.001	0.997	0.001
0.080	0.001	0.703	0.216
0.001	0.001	0.997	0.001
0.001	0.001	0.001	0.997
0.101	0.001	0.836	0.062
0.001	0.900	0.001	0.098
0.997	0.001	0.001	0.001
0.044	0.076	0.115	0.765
0.884	0.001	0.114	0.001
>TCYTVTCATA	12-TCYTVTCATA	6.646560	-19.241711	0	T:55.0(29.57%),B:5307.7(13.18%),P:1e-8	Tpos:532.0,Tstd:277.4,Bpos:527.2,Bstd:335.1,StrandBias:1.4,Multiplicity:1.22
0.205	0.260	0.024	0.511
0.220	0.582	0.176	0.022
0.170	0.371	0.037	0.421
0.241	0.033	0.207	0.519
0.392	0.293	0.306	0.009
0.020	0.028	0.009	0.943
0.164	0.636	0.033	0.167
0.543	0.237	0.039	0.181
0.015	0.294	0.206	0.485
0.575	0.032	0.016	0.377
>AGGTCGGACT	13-AGGTCGGACT	10.334838	-18.770994	0	T:10.0(5.38%),B:159.0(0.40%),P:1e-8	Tpos:567.3,Tstd:227.3,Bpos:481.5,Bstd:317.9,StrandBias:1.2,Multiplicity:1.00
0.997	0.001	0.001	0.001
0.001	0.001	0.997	0.001
0.001	0.001	0.997	0.001
0.001	0.145	0.001	0.853
0.134	0.774	0.001	0.091
0.001	0.001	0.997	0.001
0.073	0.001	0.925	0.001
0.756	0.134	0.001	0.109
0.089	0.818	0.092	0.001
0.001	0.001	0.001	0.997
>TTGTMTCTCT	14-TTGTMTCTCT	7.460785	-18.437493	0	T:100.0(53.76%),B:13444.2(33.39%),P:1e-8	Tpos:599.6,Tstd:258.6,Bpos:551.8,Bstd:342.7,StrandBias:1.3,Multiplicity:1.48
0.001	0.056	0.244	0.699
0.014	0.339	0.001	0.646
0.012	0.204	0.519	0.265
0.032	0.001	0.138	0.829
0.285	0.415	0.206	0.095
0.001	0.254	0.013	0.732
0.076	0.850	0.001	0.073
0.001	0.001	0.001	0.997
0.136	0.838	0.025	0.001
0.001	0.091	0.108	0.800
>TGTAGTGTAC	15-TGTAGTGTAC	8.450251	-17.855898	0	T:17.0(9.14%),B:656.5(1.63%),P:1e-7	Tpos:675.8,Tstd:212.2,Bpos:538.0,Bstd:331.2,StrandBias:0.6,Multiplicity:1.12
0.026	0.001	0.046	0.927
0.156	0.072	0.696	0.076
0.188	0.001	0.192	0.619
0.605	0.036	0.332	0.027
0.017	0.001	0.981	0.001
0.385	0.001	0.001	0.613
0.070	0.343	0.549	0.038
0.106	0.160	0.111	0.623
0.509	0.188	0.176	0.127
0.001	0.764	0.022	0.213
>TYCTAGARGK	16-TYCTAGARGK	7.242533	-17.533176	0	T:26.0(13.98%),B:1571.6(3.90%),P:1e-7	Tpos:565.8,Tstd:282.8,Bpos:504.3,Bstd:319.5,StrandBias:-0.3,Multiplicity:1.08
0.242	0.029	0.169	0.560
0.243	0.284	0.055	0.417
0.248	0.495	0.124	0.133
0.016	0.001	0.210	0.773
0.658	0.034	0.006	0.302
0.062	0.179	0.578	0.181
0.927	0.008	0.009	0.056
0.423	0.074	0.314	0.188
0.145	0.071	0.514	0.270
0.078	0.212	0.285	0.424
>GAACGTTCTA	17-GAACGTTCTA	4.559122	-16.251776	0	T:54.0(29.03%),B:5627.5(13.98%),P:1e-7	Tpos:586.1,Tstd:280.1,Bpos:500.7,Bstd:325.7,StrandBias:0.5,Multiplicity:1.17
0.001	0.001	0.997	0.001
0.997	0.001	0.001	0.001
0.997	0.001	0.001	0.001
0.055	0.785	0.001	0.159
0.001	0.160	0.838	0.001
0.001	0.001	0.001	0.997
0.001	0.001	0.233	0.765
0.001	0.997	0.001	0.001
0.001	0.001	0.143	0.855
0.889	0.109	0.001	0.001
>ATACCAMACT	18-ATACCAMACT	9.640370	-15.722125	0	T:14.0(7.53%),B:504.7(1.25%),P:1e-6	Tpos:604.1,Tstd:248.4,Bpos:470.2,Bstd:311.3,StrandBias:0.2,Multiplicity:1.08
0.590	0.001	0.001	0.408
0.001	0.217	0.001	0.781
0.695	0.001	0.001	0.303
0.001	0.940	0.058	0.001
0.001	0.815	0.001	0.183
0.579	0.419	0.001	0.001
0.341	0.478	0.001	0.181
0.674	0.001	0.001	0.324
0.001	0.997	0.001	0.001
0.001	0.001	0.261	0.737
>AGTGABGTCA	19-AGTGABGTCA	8.430985	-15.376400	0	T:34.0(18.28%),B:2783.6(6.91%),P:1e-6	Tpos:468.9,Tstd:256.1,Bpos:514.4,Bstd:319.5,StrandBias:0.1,Multiplicity:1.15
0.997	0.001	0.001	0.001
0.166	0.203	0.531	0.100
0.001	0.189	0.001	0.809
0.296	0.001	0.702	0.001
0.688	0.001	0.225	0.086
0.072	0.314	0.238	0.377
0.158	0.001	0.508	0.333
0.162	0.001	0.001	0.836
0.001	0.748	0.250	0.001
0.806	0.050	0.001	0.143
>TGTGTGTKTN	20-TGTGTGTKTN	9.017886	-14.163919	0	T:57.0(30.65%),B:6503.4(16.15%),P:1e-6	Tpos:537.6,Tstd:292.0,Bpos:535.3,Bstd:342.2,StrandBias:0.1,Multiplicity:1.24
0.114	0.001	0.176	0.709
0.001	0.162	0.836	0.001
0.001	0.001	0.001	0.997
0.001	0.001	0.878	0.120
0.001	0.001	0.001	0.997
0.001	0.001	0.997	0.001
0.001	0.001	0.001	0.997
0.001	0.001	0.484	0.514
0.001	0.169	0.001	0.829
0.246	0.164	0.279	0.311
>AAAGTCCTTG	21-AAAGTCCTTG	9.857466	-13.772964	0	T:14.0(7.53%),B:596.6(1.48%),P:1e-5	Tpos:376.9,Tstd:250.4,Bpos:526.4,Bstd:323.5,StrandBias:-1.0,Multiplicity:1.07
0.579	0.001	0.001	0.419
0.826	0.172	0.001	0.001
0.960	0.038	0.001	0.001
0.001	0.098	0.900	0.001
0.001	0.001	0.099	0.899
0.001	0.852	0.146	0.001
0.050	0.696	0.001	0.253
0.001	0.001	0.114	0.884
0.001	0.001	0.001	0.997
0.001	0.001	0.852	0.146
>TGATGATCAT	22-TGATGATCAT	8.667848	-12.191606	0	T:43.0(23.12%),B:4590.2(11.40%),P:1e-5	Tpos:583.9,Tstd:274.3,Bpos:509.3,Bstd:329.8,StrandBias:-0.2,Multiplicity:1.26
0.218	0.001	0.001	0.780
0.001	0.206	0.684	0.109
0.997	0.001	0.001	0.001
0.001	0.001	0.001	0.997
0.001	0.286	0.712	0.001
0.822	0.001	0.176	0.001
0.001	0.151	0.001	0.847
0.206	0.693	0.100	0.001
0.846	0.001	0.001	0.152
0.118	0.001	0.121	0.760
>GTATATATAT	23-GTATATATAT	9.226571	-12.078505	0	T:23.0(12.37%),B:1716.7(4.26%),P:1e-5	Tpos:491.9,Tstd:318.6,Bpos:520.0,Bstd:321.0,StrandBias:0.9,Multiplicity:1.09
0.089	0.100	0.802	0.009
0.008	0.027	0.001	0.964
0.910	0.054	0.021	0.015
0.001	0.001	0.104	0.894
0.908	0.001	0.014	0.077
0.001	0.018	0.001	0.980
0.934	0.047	0.018	0.001
0.001	0.025	0.066	0.908
0.965	0.001	0.028	0.006
0.030	0.001	0.052	0.917
>CTTACAATTA	24-CTTACAATTA	10.388375	-11.851333	0	T:14.0(7.53%),B:707.5(1.76%),P:1e-5	Tpos:457.0,Tstd:246.8,Bpos:489.5,Bstd:314.4,StrandBias:-0.2,Multiplicity:1.07
0.001	0.997	0.001	0.001
0.001	0.091	0.001	0.907
0.001	0.001	0.001	0.997
0.997	0.001	0.001	0.001
0.001	0.954	0.001	0.044
0.997	0.001	0.001	0.001
0.997	0.001	0.001	0.001
0.001	0.115	0.001	0.883
0.001	0.001	0.103	0.895
0.997	0.001	0.001	0.001
>TTGTTACACG	25-TTGTTACACG	6.404373	-1.405942	0	T:99.0(53.23%),B:20298.7(50.42%),P:1e0	Tpos:530.5,Tstd:281.3,Bpos:511.2,Bstd:319.9,StrandBias:0.5,Multiplicity:1.59
0.100	0.100	0.100	0.700
0.100	0.100	0.100	0.700
0.100	0.100	0.700	0.100
0.100	0.100	0.100	0.700
0.100	0.100	0.100	0.700
0.700	0.100	0.100	0.100
0.100	0.700	0.100	0.100
0.700	0.100	0.100	0.100
0.100	0.700	0.100	0.100
0.100	0.100	0.700	0.100
