>CATTTATTTTAT	1-CATTTATTTTAT	10.924945	-27.653653	0	T:30.0(16.13%),B:1321.8(3.28%),P:1e-12	Tpos:540.6,Tstd:294.6,Bpos:506.4,Bstd:309.7,StrandBias:0.2,Multiplicity:1.07
0.161	0.587	0.200	0.052
0.723	0.047	0.050	0.180
0.171	0.065	0.042	0.722
0.202	0.009	0.019	0.770
0.024	0.190	0.021	0.765
0.657	0.018	0.032	0.293
0.176	0.157	0.017	0.650
0.033	0.269	0.015	0.683
0.027	0.010	0.026	0.937
0.009	0.008	0.231	0.752
0.614	0.067	0.013	0.306
0.110	0.036	0.200	0.654
>ATTTAAAACTTG	2-ATTTAAAACTTG	13.008577	-25.606584	0	T:16.0(8.60%),B:329.2(0.82%),P:1e-11	Tpos:553.8,Tstd:239.3,Bpos:493.1,Bstd:285.2,StrandBias:-0.9,Multiplicity:1.06
0.928	0.070	0.001	0.001
0.001	0.001	0.001	0.997
0.001	0.001	0.001	0.997
0.001	0.001	0.001	0.997
0.937	0.061	0.001	0.001
0.890	0.001	0.108	0.001
0.997	0.001	0.001	0.001
0.912	0.001	0.086	0.001
0.042	0.839	0.100	0.019
0.052	0.086	0.001	0.861
0.001	0.067	0.001	0.931
0.001	0.059	0.939	0.001
>TTTTATCMCGTT	3-TTTTATCMCGTT	12.901643	-25.064804	0	T:11.0(5.91%),B:111.5(0.28%),P:1e-10	Tpos:669.0,Tstd:297.1,Bpos:498.6,Bstd:368.0,StrandBias:2.2,Multiplicity:1.00
0.001	0.001	0.001	0.997
0.183	0.001	0.001	0.815
0.001	0.001	0.003	0.995
0.001	0.232	0.001	0.766
0.997	0.001	0.001	0.001
0.087	0.106	0.106	0.701
0.001	0.883	0.115	0.001
0.483	0.515	0.001	0.001
0.091	0.697	0.211	0.001
0.177	0.205	0.617	0.001
0.001	0.001	0.001	0.997
0.001	0.001	0.001	0.997
>CCCGTGAGTGTT	4-CCCGTGAGTGTT	11.643953	-23.843910	0	T:9.0(4.84%),B:62.3(0.15%),P:1e-10	Tpos:519.6,Tstd:290.3,Bpos:469.2,Bstd:347.5,StrandBias:0.3,Multiplicity:1.00
0.001	0.997	0.001	0.001
0.266	0.732	0.001	0.001
0.001	0.997	0.001	0.001
0.001	0.001	0.664	0.334
0.001	0.334	0.001	0.664
0.001	0.001	0.997	0.001
0.664	0.001	0.334	0.001
0.001	0.001	0.997	0.001
0.001	0.001	0.001	0.997
0.334	0.001	0.664	0.001
0.266	0.001	0.001	0.732
0.001	0.001	0.001	0.997
>WAGKTCTTTGTD	5-WAGKTCTTTGTD	9.508824	-23.479288	0	T:26.0(13.98%),B:1174.8(2.92%),P:1e-10	Tpos:428.8,Tstd:244.8,Bpos:501.8,Bstd:315.8,StrandBias:0.7,Multiplicity:1.08
0.505	0.001	0.001	0.493
0.627	0.337	0.001	0.035
0.002	0.002	0.955	0.041
0.156	0.001	0.421	0.422
0.383	0.045	0.001	0.571
0.099	0.746	0.072	0.083
0.001	0.001	0.001	0.997
0.001	0.034	0.001	0.964
0.001	0.053	0.001	0.945
0.218	0.036	0.685	0.061
0.144	0.248	0.079	0.529
0.271	0.053	0.285	0.391
>MTCACGTAGGCA	6-MTCACGTAGGCA	7.824163	-23.372819	0	T:17.0(9.14%),B:449.4(1.12%),P:1e-10	Tpos:419.7,Tstd:297.5,Bpos:510.9,Bstd:302.2,StrandBias:-0.5,Multiplicity:1.12
0.403	0.360	0.236	0.001
0.001	0.001	0.193	0.805
0.001	0.657	0.341	0.001
0.997	0.001	0.001	0.001
0.001	0.997	0.001	0.001
0.001	0.370	0.628	0.001
0.001	0.001	0.001	0.997
0.997	0.001	0.001	0.001
0.001	0.405	0.593	0.001
0.358	0.018	0.612	0.012
0.001	0.997	0.001	0.001
0.970	0.014	0.001	0.015
>AAMTGAACTATC	7-AAMTGAACTATC	9.881070	-23.068734	0	T:38.0(20.43%),B:2503.4(6.22%),P:1e-10	Tpos:529.1,Tstd:285.9,Bpos:521.8,Bstd:317.9,StrandBias:-0.9,Multiplicity:1.05
0.824	0.174	0.001	0.001
0.906	0.092	0.001	0.001
0.517	0.481	0.001	0.001
0.104	0.003	0.002	0.891
0.001	0.001	0.997	0.001
0.865	0.002	0.131	0.002
0.997	0.001	0.001	0.001
0.003	0.770	0.001	0.226
0.066	0.116	0.271	0.547
0.475	0.107	0.302	0.115
0.300	0.001	0.001	0.698
0.001	0.558	0.073	0.368
>CCATCAWCTGAT	8-CCATCAWCTGAT	12.887135	-22.620458	0	T:7.0(3.76%),B:26.1(0.06%),P:1e-9	Tpos:472.6,Tstd:211.0,Bpos:480.2,Bstd:321.3,StrandBias:0.4,Multiplicity:1.00
0.368	0.610	0.001	0.021
0.001	0.997	0.001	0.001
0.997	0.001	0.001	0.001
0.001	0.001	0.001	0.997
0.001	0.997	0.001	0.001
0.997	0.001	0.001	0.001
0.520	0.001	0.001	0.478
0.001	0.997	0.001	0.001
0.001	0.001	0.001	0.997
0.001	0.001	0.997	0.001
0.997	0.001	0.001	0.001
0.001	0.083	0.001	0.915
>GTTCATTGADCA	9-GTTCATTGADCA	11.209540	-22.620383	0	T:15.0(8.06%),B:344.9(0.86%),P:1e-9	Tpos:537.0,Tstd:253.6,Bpos:491.7,Bstd:325.0,StrandBias:-0.3,Multiplicity:1.13
0.001	0.181	0.817	0.001
0.345	0.091	0.001	0.563
0.001	0.001	0.001	0.997
0.001	0.896	0.102	0.001
0.997	0.001	0.001	0.001
0.329	0.001	0.001	0.669
0.001	0.001	0.001	0.997
0.001	0.157	0.841	0.001
0.855	0.001	0.143	0.001
0.288	0.001	0.289	0.422
0.214	0.687	0.098	0.001
0.591	0.001	0.130	0.278
>CGAGAAGTGTCT	10-CGAGAAGTGTCT	13.613188	-22.173806	0	T:8.0(4.30%),B:50.0(0.12%),P:1e-9	Tpos:605.5,Tstd:221.1,Bpos:387.6,Bstd:302.1,StrandBias:0.0,Multiplicity:1.00
0.001	0.673	0.001	0.325
0.001	0.001	0.780	0.218
0.997	0.001	0.001	0.001
0.001	0.001	0.997	0.001
0.997	0.001	0.001	0.001
0.997	0.001	0.001	0.001
0.001	0.001	0.997	0.001
0.001	0.001	0.001	0.997
0.001	0.001	0.881	0.117
0.001	0.001	0.001	0.997
0.001	0.997	0.001	0.001
0.186	0.001	0.001	0.812
>GAGGAAGAGAGA	11-GAGGAAGAGAGA	11.476770	-20.679234	0	T:25.0(13.44%),B:1242.2(3.09%),P:1e-8	Tpos:696.0,Tstd:182.2,Bpos:569.6,Bstd:344.5,StrandBias:-1.9,Multiplicity:1.12
0.390	0.001	0.608	0.001
0.807	0.114	0.001	0.078
0.144	0.001	0.799	0.056
0.060	0.001	0.938	0.001
0.851	0.001	0.147	0.001
0.931	0.001	0.067	0.001
0.001	0.001	0.997	0.001
0.720	0.001	0.278	0.001
0.185	0.001	0.813	0.001
0.997	0.001	0.001	0.001
0.169	0.001	0.829	0.001
0.997	0.001	0.001	0.001
>CATACTGTCACA	12-CATACTGTCACA	13.603900	-20.469200	0	T:7.0(3.76%),B:38.0(0.09%),P:1e-8	Tpos:581.3,Tstd:186.6,Bpos:490.1,Bstd:366.0,StrandBias:-0.4,Multiplicity:1.00
0.129	0.726	0.144	0.001
0.997	0.001	0.001	0.001
0.001	0.114	0.001	0.884
0.997	0.001	0.001	0.001
0.001	0.997	0.001	0.001
0.001	0.001	0.001	0.997
0.001	0.001	0.869	0.129
0.001	0.001	0.001	0.997
0.001	0.997	0.001	0.001
0.997	0.001	0.001	0.001
0.119	0.687	0.001	0.193
0.997	0.001	0.001	0.001
>CGCCTCCCTCCC	13-CGCCTCCCTCCC	13.172455	-20.360765	0	T:6.0(3.23%),B:19.9(0.05%),P:1e-8	Tpos:412.6,Tstd:122.5,Bpos:543.8,Bstd:261.7,StrandBias:0.4,Multiplicity:1.17
0.001	0.997	0.001	0.001
0.170	0.091	0.738	0.001
0.001	0.997	0.001	0.001
0.001	0.804	0.001	0.194
0.390	0.001	0.001	0.608
0.001	0.997	0.001	0.001
0.001	0.997	0.001	0.001
0.001	0.843	0.001	0.155
0.001	0.155	0.001	0.843
0.001	0.997	0.001	0.001
0.194	0.804	0.001	0.001
0.001	0.997	0.001	0.001
>CCAGAACGTTCT	14-CCAGAACGTTCT	12.527653	-20.029781	0	T:8.0(4.30%),B:66.9(0.17%),P:1e-8	Tpos:574.7,Tstd:277.4,Bpos:559.2,Bstd:279.7,StrandBias:0.5,Multiplicity:1.00
0.197	0.591	0.128	0.084
0.203	0.511	0.001	0.285
0.997	0.001	0.001	0.001
0.001	0.001	0.997	0.001
0.660	0.158	0.181	0.001
0.841	0.001	0.157	0.001
0.138	0.860	0.001	0.001
0.001	0.121	0.877	0.001
0.001	0.001	0.001	0.997
0.001	0.001	0.001	0.997
0.001	0.997	0.001	0.001
0.001	0.001	0.001	0.997
>ATCTGGTCATCA	15-ATCTGGTCATCA	10.133355	-19.700287	0	T:16.0(8.60%),B:501.1(1.24%),P:1e-8	Tpos:401.3,Tstd:256.1,Bpos:502.7,Bstd:323.0,StrandBias:0.7,Multiplicity:1.12
0.924	0.001	0.001	0.074
0.141	0.001	0.001	0.857
0.135	0.683	0.054	0.128
0.003	0.075	0.001	0.921
0.001	0.075	0.868	0.056
0.001	0.055	0.941	0.003
0.138	0.001	0.001	0.860
0.192	0.685	0.069	0.054
0.841	0.001	0.107	0.051
0.093	0.001	0.001	0.905
0.001	0.857	0.001	0.141
0.675	0.001	0.080	0.244
>CCGTCTGCGTCT	16-CCGTCTGCGTCT	10.439025	-18.909110	0	T:24.0(12.90%),B:1255.1(3.12%),P:1e-8	Tpos:646.6,Tstd:248.9,Bpos:565.7,Bstd:327.3,StrandBias:0.6,Multiplicity:1.04
0.129	0.714	0.056	0.101
0.150	0.549	0.124	0.177
0.001	0.151	0.783	0.065
0.001	0.001	0.116	0.882
0.001	0.997	0.001	0.001
0.001	0.001	0.145	0.853
0.001	0.001	0.997	0.001
0.116	0.668	0.001	0.215
0.116	0.001	0.882	0.001
0.001	0.001	0.001	0.997
0.116	0.737	0.146	0.001
0.001	0.001	0.001	0.997
>GGATTTGTTATC	17-GGATTTGTTATC	11.433130	-16.922811	0	T:11.0(5.91%),B:252.3(0.63%),P:1e-7	Tpos:492.9,Tstd:267.5,Bpos:516.1,Bstd:336.0,StrandBias:1.0,Multiplicity:1.09
0.178	0.083	0.489	0.249
0.001	0.001	0.665	0.333
0.997	0.001	0.001	0.001
0.167	0.001	0.001	0.831
0.001	0.001	0.001	0.997
0.107	0.001	0.126	0.766
0.001	0.001	0.997	0.001
0.001	0.001	0.125	0.873
0.001	0.107	0.001	0.891
0.964	0.001	0.001	0.034
0.162	0.086	0.001	0.751
0.001	0.817	0.096	0.086
>TTCTAGAABWTT	18-TTCTAGAABWTT	9.002487	-16.387883	0	T:62.0(33.33%),B:6914.2(17.17%),P:1e-7	Tpos:551.0,Tstd:265.7,Bpos:484.2,Bstd:305.5,StrandBias:0.1,Multiplicity:1.18
0.033	0.051	0.001	0.915
0.118	0.001	0.031	0.850
0.093	0.808	0.024	0.075
0.023	0.346	0.022	0.609
0.915	0.001	0.034	0.050
0.086	0.053	0.844	0.017
0.682	0.029	0.028	0.261
0.911	0.015	0.027	0.047
0.001	0.247	0.356	0.396
0.446	0.031	0.181	0.343
0.060	0.027	0.050	0.863
0.307	0.001	0.205	0.487
>ATTCACTCCCGT	19-ATTCACTCCCGT	12.355432	-16.161908	0	T:3.0(1.61%),B:0.0(0.00%),P:1e-7	Tpos:472.3,Tstd:186.5,Bpos:0.0,Bstd:0.0,StrandBias:1.0,Multiplicity:1.00
0.700	0.100	0.100	0.100
0.100	0.100	0.100	0.700
0.100	0.100	0.100	0.700
0.100	0.700	0.100	0.100
0.700	0.100	0.100	0.100
0.100	0.700	0.100	0.100
0.100	0.100	0.100	0.700
0.100	0.700	0.100	0.100
0.100	0.700	0.100	0.100
0.100	0.700	0.100	0.100
0.100	0.100	0.700	0.100
0.100	0.100	0.100	0.700
>GCAATTCTGTCY	20-GCAATTCTGTCY	12.249851	-15.851721	0	T:7.0(3.76%),B:77.4(0.19%),P:1e-6	Tpos:482.3,Tstd:280.3,Bpos:498.2,Bstd:320.7,StrandBias:1.3,Multiplicity:1.00
0.175	0.236	0.588	0.001
0.001	0.997	0.001	0.001
0.997	0.001	0.001	0.001
0.848	0.150	0.001	0.001
0.001	0.205	0.001	0.793
0.001	0.001	0.001	0.997
0.001	0.997	0.001	0.001
0.001	0.001	0.001	0.997
0.001	0.150	0.848	0.001
0.187	0.001	0.001	0.811
0.362	0.636	0.001	0.001
0.001	0.557	0.001	0.441
>AGAAAACAACTA	21-AGAAAACAACTA	13.441991	-15.066734	0	T:12.0(6.45%),B:376.7(0.94%),P:1e-6	Tpos:421.6,Tstd:225.2,Bpos:477.3,Bstd:316.8,StrandBias:-1.3,Multiplicity:1.17
0.997	0.001	0.001	0.001
0.249	0.127	0.623	0.001
0.997	0.001	0.001	0.001
0.997	0.001	0.001	0.001
0.997	0.001	0.001	0.001
0.997	0.001	0.001	0.001
0.001	0.886	0.001	0.112
0.744	0.001	0.120	0.135
0.997	0.001	0.001	0.001
0.109	0.889	0.001	0.001
0.062	0.001	0.001	0.936
0.997	0.001	0.001	0.001
>TCBGACTCCGAC	22-TCBGACTCCGAC	9.820349	-14.098208	0	T:6.0(3.23%),B:62.9(0.16%),P:1e-6	Tpos:552.6,Tstd:237.6,Bpos:572.1,Bstd:325.3,StrandBias:0.3,Multiplicity:1.17
0.001	0.001	0.001	0.997
0.001	0.997	0.001	0.001
0.001	0.314	0.372	0.314
0.001	0.001	0.997	0.001
0.685	0.001	0.001	0.313
0.001	0.984	0.014	0.001
0.001	0.313	0.001	0.685
0.001	0.984	0.001	0.014
0.001	0.997	0.001	0.001
0.001	0.001	0.685	0.313
0.685	0.001	0.313	0.001
0.001	0.984	0.001	0.014
>CTCAAGTTGTAC	23-CTCAAGTTGTAC	10.477073	-13.587854	0	T:17.0(9.14%),B:895.9(2.23%),P:1e-5	Tpos:633.5,Tstd:243.6,Bpos:517.9,Bstd:322.7,StrandBias:0.9,Multiplicity:1.18
0.161	0.837	0.001	0.001
0.001	0.006	0.141	0.852
0.001	0.995	0.003	0.001
0.909	0.001	0.001	0.089
0.997	0.001	0.001	0.001
0.169	0.241	0.530	0.060
0.092	0.120	0.001	0.787
0.140	0.001	0.001	0.858
0.001	0.001	0.780	0.218
0.001	0.001	0.001	0.997
0.739	0.001	0.057	0.203
0.073	0.742	0.120	0.065
>AKGTATATATAT	24-AKGTATATATAT	10.589753	-13.421176	0	T:19.0(10.22%),B:1119.7(2.78%),P:1e-5	Tpos:487.5,Tstd:306.3,Bpos:533.8,Bstd:331.1,StrandBias:-0.2,Multiplicity:1.05
0.668	0.062	0.155	0.115
0.043	0.079	0.386	0.492
0.184	0.055	0.722	0.039
0.001	0.001	0.001	0.997
0.796	0.001	0.036	0.167
0.116	0.001	0.077	0.806
0.942	0.001	0.001	0.056
0.001	0.080	0.001	0.918
0.997	0.001	0.001	0.001
0.001	0.001	0.140	0.858
0.974	0.001	0.001	0.024
0.001	0.001	0.076	0.922
>ATTTTTCGTGTA	25-ATTTTTCGTGTA	10.409522	-1.720046	0	T:7.0(3.76%),B:993.1(2.47%),P:1e0	Tpos:368.6,Tstd:161.5,Bpos:483.2,Bstd:310.7,StrandBias:-3.0,Multiplicity:3.86
0.700	0.100	0.100	0.100
0.100	0.100	0.100	0.700
0.100	0.100	0.100	0.700
0.100	0.100	0.100	0.700
0.100	0.100	0.100	0.700
0.100	0.100	0.100	0.700
0.100	0.700	0.100	0.100
0.100	0.100	0.700	0.100
0.100	0.100	0.100	0.700
0.100	0.100	0.700	0.100
0.100	0.100	0.100	0.700
0.700	0.100	0.100	0.100
