>CCCCCCCCCCCC	25-CCCCCCCCCCCC,BestGuess:POL003.1_GC-box/Jaspar(0.708)	8.168192	-12.748600	0	T:25.0(9.54%),B:1322.2(3.30%),P:1e-5
0.127	0.619	0.186	0.068
0.046	0.793	0.093	0.068
0.001	0.767	0.139	0.093
0.093	0.860	0.046	0.001
0.093	0.758	0.001	0.148
0.001	0.827	0.046	0.126
0.001	0.883	0.093	0.023
0.001	0.823	0.093	0.083
0.093	0.593	0.093	0.221
0.093	0.721	0.046	0.140
0.232	0.653	0.046	0.069
0.173	0.711	0.046	0.070
