>AAAAGTTCACGT	3-AAAAGTTCACGT	8.535851	-52.106087	0	T:92.0(35.11%),B:4614.1(11.51%),P:1e-22
0.822	0.066	0.004	0.108
0.747	0.091	0.073	0.089
0.922	0.022	0.051	0.005
0.775	0.097	0.021	0.107
0.003	0.126	0.868	0.003
0.053	0.028	0.138	0.781
0.020	0.047	0.001	0.932
0.057	0.913	0.001	0.029
0.789	0.097	0.079	0.035
0.125	0.814	0.045	0.016
0.058	0.054	0.773	0.115
0.001	0.017	0.128	0.854
