>TGATCTTTTAAT	3-TGATCTTTTAAT	11.261118	-23.895662	0	T:14.0(8.70%),B:308.0(0.75%),P:1e-10
0.024	0.037	0.001	0.938
0.054	0.064	0.807	0.075
0.879	0.001	0.069	0.051
0.031	0.001	0.286	0.682
0.090	0.642	0.198	0.070
0.269	0.023	0.035	0.673
0.055	0.106	0.083	0.756
0.218	0.072	0.001	0.709
0.001	0.219	0.029	0.751
0.673	0.001	0.202	0.124
0.565	0.407	0.001	0.027
0.067	0.057	0.038	0.838
