>TCCTTTGG	1-TCCTTTGG	3.500983	-14.728010	0	T:55.0(32.93%),B:7068.8(16.96%),P:1e-6	Tpos:483.8,Tstd:280.8,Bpos:506.5,Bstd:332.4,StrandBias:0.6,Multiplicity:1.17
0.372	0.001	0.001	0.626
0.001	0.997	0.001	0.001
0.001	0.997	0.001	0.001
0.001	0.001	0.001	0.997
0.001	0.001	0.001	0.997
0.001	0.001	0.001	0.997
0.001	0.130	0.515	0.354
0.001	0.001	0.997	0.001
>ATTGATAA	2-ATTGATAA	8.011077	-14.677836	0	T:95.0(56.89%),B:15725.4(37.72%),P:1e-6	Tpos:536.4,Tstd:290.9,Bpos:504.3,Bstd:317.0,StrandBias:0.2,Multiplicity:1.44
0.997	0.001	0.001	0.001
0.001	0.001	0.001	0.997
0.001	0.147	0.001	0.851
0.001	0.001	0.776	0.222
0.997	0.001	0.001	0.001
0.001	0.001	0.001	0.997
0.792	0.099	0.001	0.108
0.909	0.001	0.089	0.001
>GCGCAGTC	3-GCGCAGTC	7.891911	-14.431625	0	T:26.0(15.57%),B:2145.7(5.15%),P:1e-6	Tpos:605.0,Tstd:276.3,Bpos:560.2,Bstd:345.9,StrandBias:-0.8,Multiplicity:1.08
0.001	0.001	0.997	0.001
0.001	0.658	0.001	0.340
0.226	0.001	0.772	0.001
0.001	0.860	0.138	0.001
0.780	0.001	0.001	0.218
0.093	0.001	0.905	0.001
0.001	0.001	0.001	0.997
0.001	0.830	0.168	0.001
>ACGTCACG	4-ACGTCACG	6.970798	-9.225633	0	T:41.0(24.55%),B:5643.9(13.54%),P:1e-4	Tpos:532.7,Tstd:247.2,Bpos:523.1,Bstd:339.1,StrandBias:-0.2,Multiplicity:1.32
0.861	0.087	0.001	0.051
0.060	0.885	0.035	0.020
0.001	0.015	0.897	0.087
0.001	0.001	0.017	0.981
0.056	0.751	0.192	0.001
0.997	0.001	0.001	0.001
0.053	0.898	0.001	0.048
0.001	0.141	0.747	0.111
>GTCAGTGC	5-GTCAGTGC	7.084642	-7.199573	0	T:27.0(16.17%),B:3487.4(8.37%),P:1e-3	Tpos:575.9,Tstd:247.8,Bpos:525.9,Bstd:344.2,StrandBias:-0.7,Multiplicity:1.37
0.001	0.001	0.997	0.001
0.001	0.001	0.001	0.997
0.050	0.895	0.001	0.054
0.929	0.001	0.069	0.001
0.001	0.129	0.869	0.001
0.001	0.001	0.001	0.997
0.001	0.029	0.969	0.001
0.121	0.877	0.001	0.001
>CAAAGAAC	6-CAAAGAAC	8.236954	-5.427001	0	T:14.0(8.38%),B:1560.0(3.74%),P:1e-2	Tpos:513.6,Tstd:245.6,Bpos:500.7,Bstd:315.5,StrandBias:-1.1,Multiplicity:1.36
0.100	0.700	0.100	0.100
0.700	0.100	0.100	0.100
0.700	0.100	0.100	0.100
0.700	0.100	0.100	0.100
0.100	0.100	0.700	0.100
0.700	0.100	0.100	0.100
0.700	0.100	0.100	0.100
0.100	0.700	0.100	0.100
