>TCRTCATTGTAG	1-TCRTCATTGTAG	11.070273	-23.465992	0	T:13.0(7.78%),B:252.4(0.61%),P:1e-10	Tpos:486.6,Tstd:269.4,Bpos:434.7,Bstd:324.3,StrandBias:0.2,Multiplicity:1.15
0.199	0.001	0.258	0.542
0.001	0.813	0.001	0.185
0.450	0.001	0.548	0.001
0.066	0.001	0.001	0.932
0.001	0.839	0.159	0.001
0.997	0.001	0.001	0.001
0.001	0.001	0.084	0.914
0.001	0.001	0.001	0.997
0.001	0.055	0.722	0.222
0.001	0.001	0.001	0.997
0.923	0.075	0.001	0.001
0.005	0.292	0.702	0.001
>TTGATTTATAAA	2-TTGATTTATAAA	12.752974	-22.605357	0	T:17.0(10.18%),B:549.9(1.32%),P:1e-9	Tpos:604.2,Tstd:191.9,Bpos:499.8,Bstd:299.4,StrandBias:-0.7,Multiplicity:1.06
0.001	0.001	0.001	0.997
0.001	0.079	0.074	0.846
0.267	0.001	0.698	0.034
0.839	0.071	0.089	0.001
0.001	0.001	0.001	0.997
0.001	0.001	0.001	0.997
0.001	0.001	0.056	0.942
0.878	0.040	0.001	0.081
0.001	0.001	0.067	0.931
0.997	0.001	0.001	0.001
0.997	0.001	0.001	0.001
0.922	0.001	0.001	0.076
>TGTTGCTCGATT	3-TGTTGCTCGATT	13.306252	-22.530014	0	T:9.0(5.39%),B:85.1(0.20%),P:1e-9	Tpos:690.8,Tstd:297.4,Bpos:539.4,Bstd:316.0,StrandBias:0.3,Multiplicity:1.00
0.139	0.001	0.001	0.859
0.222	0.001	0.776	0.001
0.001	0.001	0.001	0.997
0.001	0.001	0.001	0.997
0.001	0.001	0.913	0.085
0.001	0.997	0.001	0.001
0.178	0.001	0.001	0.820
0.001	0.997	0.001	0.001
0.001	0.107	0.891	0.001
0.881	0.001	0.001	0.117
0.001	0.001	0.001	0.997
0.001	0.001	0.001	0.997
>TTTGCACTGACC	4-TTTGCACTGACC	9.621750	-22.522494	0	T:19.0(11.38%),B:720.7(1.73%),P:1e-9	Tpos:522.4,Tstd:248.9,Bpos:468.5,Bstd:326.3,StrandBias:0.5,Multiplicity:1.26
0.080	0.060	0.002	0.858
0.001	0.001	0.059	0.939
0.143	0.001	0.001	0.855
0.001	0.001	0.715	0.283
0.001	0.856	0.066	0.077
0.884	0.071	0.001	0.044
0.001	0.840	0.088	0.071
0.088	0.177	0.001	0.734
0.057	0.001	0.941	0.001
0.834	0.001	0.077	0.088
0.053	0.847	0.001	0.099
0.050	0.709	0.190	0.051
>TGTTCTGCACTC	5-TGTTCTGCACTC	14.205659	-22.163742	0	T:7.0(4.19%),B:33.0(0.08%),P:1e-9	Tpos:444.7,Tstd:360.7,Bpos:496.5,Bstd:363.2,StrandBias:1.3,Multiplicity:1.00
0.001	0.001	0.001	0.997
0.001	0.154	0.687	0.158
0.001	0.001	0.001	0.997
0.001	0.001	0.001	0.997
0.001	0.997	0.001	0.001
0.001	0.001	0.001	0.997
0.001	0.001	0.997	0.001
0.001	0.997	0.001	0.001
0.997	0.001	0.001	0.001
0.001	0.997	0.001	0.001
0.242	0.001	0.001	0.756
0.221	0.777	0.001	0.001
>GGTGTGCAAGGT	6-GGTGTGCAAGGT	14.007147	-21.767653	0	T:6.0(3.59%),B:17.5(0.04%),P:1e-9	Tpos:559.7,Tstd:264.1,Bpos:615.3,Bstd:183.0,StrandBias:-1.0,Multiplicity:1.00
0.138	0.001	0.705	0.156
0.169	0.001	0.829	0.001
0.001	0.001	0.001	0.997
0.001	0.001	0.997	0.001
0.001	0.001	0.194	0.804
0.001	0.001	0.997	0.001
0.001	0.997	0.001	0.001
0.997	0.001	0.001	0.001
0.997	0.001	0.001	0.001
0.001	0.001	0.997	0.001
0.001	0.001	0.804	0.194
0.001	0.001	0.001	0.997
>CTCGTCTTCTCT	7-CTCGTCTTCTCT	12.876324	-21.628142	0	T:10.0(5.99%),B:135.2(0.32%),P:1e-9	Tpos:745.3,Tstd:243.0,Bpos:480.2,Bstd:383.8,StrandBias:0.8,Multiplicity:1.10
0.001	0.857	0.001	0.141
0.114	0.001	0.001	0.884
0.001	0.874	0.001	0.124
0.001	0.001	0.937	0.061
0.001	0.001	0.001	0.997
0.001	0.997	0.001	0.001
0.175	0.128	0.001	0.696
0.001	0.001	0.001	0.997
0.001	0.997	0.001	0.001
0.001	0.001	0.001	0.997
0.001	0.997	0.001	0.001
0.154	0.001	0.001	0.844
>TATTTCTCTAAT	8-TATTTCTCTAAT	12.616972	-19.888305	0	T:14.0(8.38%),B:414.9(1.00%),P:1e-8	Tpos:528.1,Tstd:341.7,Bpos:548.0,Bstd:322.1,StrandBias:0.4,Multiplicity:1.00
0.075	0.001	0.001	0.923
0.839	0.119	0.001	0.041
0.001	0.001	0.001	0.997
0.157	0.001	0.001	0.841
0.001	0.001	0.001	0.997
0.001	0.997	0.001	0.001
0.001	0.001	0.001	0.997
0.001	0.899	0.001	0.099
0.065	0.001	0.097	0.837
0.877	0.121	0.001	0.001
0.997	0.001	0.001	0.001
0.001	0.129	0.001	0.869
>ATTCCACACTCA	9-ATTCCACACTCA	13.581301	-19.568728	0	T:7.0(4.19%),B:50.8(0.12%),P:1e-8	Tpos:390.1,Tstd:271.4,Bpos:582.1,Bstd:324.3,StrandBias:2.6,Multiplicity:1.00
0.997	0.001	0.001	0.001
0.001	0.001	0.001	0.997
0.001	0.001	0.001	0.997
0.001	0.895	0.001	0.103
0.001	0.997	0.001	0.001
0.997	0.001	0.001	0.001
0.001	0.827	0.001	0.171
0.892	0.106	0.001	0.001
0.001	0.841	0.157	0.001
0.001	0.001	0.147	0.851
0.001	0.997	0.001	0.001
0.883	0.001	0.001	0.115
>CTACCGTAGGCA	10-CTACCGTAGGCA	13.752250	-19.029715	0	T:6.0(3.59%),B:29.0(0.07%),P:1e-8	Tpos:568.0,Tstd:282.1,Bpos:542.6,Bstd:302.5,StrandBias:0.0,Multiplicity:1.00
0.001	0.997	0.001	0.001
0.001	0.001	0.001	0.997
0.859	0.139	0.001	0.001
0.001	0.997	0.001	0.001
0.001	0.869	0.001	0.129
0.001	0.001	0.997	0.001
0.001	0.001	0.001	0.997
0.784	0.214	0.001	0.001
0.001	0.001	0.811	0.187
0.187	0.001	0.811	0.001
0.001	0.997	0.001	0.001
0.997	0.001	0.001	0.001
>GTTCTTTGTCTC	11-GTTCTTTGTCTC	9.351176	-18.091832	0	T:38.0(22.75%),B:3495.3(8.39%),P:1e-7	Tpos:508.0,Tstd:287.7,Bpos:548.7,Bstd:336.6,StrandBias:1.3,Multiplicity:1.11
0.091	0.001	0.795	0.113
0.113	0.075	0.108	0.704
0.124	0.067	0.058	0.751
0.001	0.762	0.159	0.078
0.042	0.001	0.001	0.956
0.001	0.127	0.052	0.820
0.001	0.169	0.001	0.829
0.001	0.071	0.810	0.118
0.040	0.001	0.001	0.958
0.002	0.860	0.001	0.137
0.001	0.001	0.001	0.997
0.037	0.766	0.026	0.171
>ACGTGAGGGCTC	12-ACGTGAGGGCTC	14.434793	-17.895629	0	T:4.0(2.40%),B:4.0(0.01%),P:1e-7	Tpos:727.2,Tstd:125.4,Bpos:746.9,Bstd:269.4,StrandBias:1.6,Multiplicity:1.00
0.997	0.001	0.001	0.001
0.210	0.788	0.001	0.001
0.001	0.001	0.997	0.001
0.001	0.001	0.262	0.736
0.001	0.001	0.997	0.001
0.997	0.001	0.001	0.001
0.001	0.001	0.997	0.001
0.001	0.001	0.736	0.262
0.001	0.001	0.997	0.001
0.001	0.997	0.001	0.001
0.001	0.001	0.001	0.997
0.001	0.997	0.001	0.001
>AGACGGGTCTCT	13-AGACGGGTCTCT	10.308931	-17.855928	0	T:9.0(5.39%),B:150.3(0.36%),P:1e-7	Tpos:454.4,Tstd:261.7,Bpos:476.8,Bstd:406.7,StrandBias:-1.0,Multiplicity:1.00
0.727	0.001	0.271	0.001
0.145	0.001	0.845	0.009
0.642	0.001	0.145	0.212
0.007	0.781	0.103	0.109
0.154	0.244	0.595	0.007
0.001	0.111	0.779	0.109
0.001	0.001	0.997	0.001
0.001	0.127	0.127	0.745
0.154	0.728	0.001	0.117
0.001	0.001	0.001	0.997
0.108	0.890	0.001	0.001
0.132	0.001	0.001	0.866
>TTATGGTATTTT	14-TTATGGTATTTT	12.383835	-16.658340	0	T:14.0(8.38%),B:540.4(1.30%),P:1e-7	Tpos:381.3,Tstd:214.3,Bpos:460.2,Bstd:284.7,StrandBias:1.7,Multiplicity:1.21
0.001	0.001	0.001	0.997
0.001	0.001	0.001	0.997
0.697	0.233	0.001	0.069
0.001	0.001	0.001	0.997
0.063	0.001	0.935	0.001
0.049	0.094	0.856	0.001
0.052	0.001	0.001	0.946
0.997	0.001	0.001	0.001
0.001	0.095	0.143	0.761
0.001	0.001	0.001	0.997
0.001	0.001	0.001	0.997
0.108	0.001	0.001	0.890
>TAGAACCAAAAA	15-TAGAACCAAAAA	12.364379	-15.606226	0	T:14.0(8.38%),B:590.1(1.42%),P:1e-6	Tpos:420.9,Tstd:266.5,Bpos:498.9,Bstd:299.7,StrandBias:-1.6,Multiplicity:1.14
0.001	0.001	0.001	0.997
0.997	0.001	0.001	0.001
0.121	0.074	0.804	0.001
0.997	0.001	0.001	0.001
0.730	0.001	0.168	0.101
0.034	0.845	0.068	0.053
0.039	0.959	0.001	0.001
0.997	0.001	0.001	0.001
0.997	0.001	0.001	0.001
0.862	0.001	0.136	0.001
0.997	0.001	0.001	0.001
0.862	0.136	0.001	0.001
>AAACATAACAAT	16-AAACATAACAAT	12.977658	-14.762292	0	T:14.0(8.38%),B:634.1(1.52%),P:1e-6	Tpos:452.4,Tstd:308.7,Bpos:493.6,Bstd:308.2,StrandBias:-0.6,Multiplicity:1.07
0.997	0.001	0.001	0.001
0.997	0.001	0.001	0.001
0.859	0.001	0.139	0.001
0.088	0.756	0.101	0.055
0.888	0.001	0.001	0.110
0.001	0.001	0.001	0.997
0.805	0.104	0.090	0.001
0.997	0.001	0.001	0.001
0.001	0.930	0.001	0.068
0.997	0.001	0.001	0.001
0.905	0.001	0.001	0.093
0.067	0.001	0.001	0.931
>ARCAGCCACTTT	17-ARCAGCCACTTT	10.489700	-13.712389	0	T:13.0(7.78%),B:593.0(1.42%),P:1e-5	Tpos:528.2,Tstd:248.8,Bpos:508.9,Bstd:308.5,StrandBias:1.2,Multiplicity:1.00
0.993	0.004	0.001	0.002
0.319	0.228	0.447	0.006
0.159	0.839	0.001	0.001
0.988	0.001	0.010	0.001
0.044	0.001	0.954	0.001
0.006	0.839	0.001	0.154
0.165	0.831	0.001	0.003
0.990	0.001	0.004	0.005
0.007	0.568	0.257	0.168
0.232	0.001	0.005	0.762
0.001	0.001	0.001	0.997
0.258	0.001	0.001	0.740
>GGCCTACGTGAC	18-GGCCTACGTGAC	7.035945	-13.080993	0	T:30.0(17.96%),B:2928.9(7.03%),P:1e-5	Tpos:423.0,Tstd:268.7,Bpos:517.0,Bstd:330.3,StrandBias:-0.2,Multiplicity:1.20
0.075	0.136	0.629	0.160
0.099	0.070	0.756	0.075
0.118	0.668	0.001	0.213
0.024	0.923	0.018	0.035
0.059	0.230	0.075	0.636
0.823	0.067	0.068	0.042
0.072	0.814	0.052	0.062
0.040	0.107	0.703	0.150
0.075	0.107	0.026	0.792
0.124	0.017	0.858	0.001
0.601	0.062	0.209	0.128
0.054	0.808	0.026	0.112
>CCCAGTTTTTGC	19-CCCAGTTTTTGC	12.355432	-13.046108	0	T:3.0(1.80%),B:4.2(0.01%),P:1e-5	Tpos:750.7,Tstd:85.3,Bpos:516.7,Bstd:145.4,StrandBias:-1.0,Multiplicity:1.00
0.100	0.700	0.100	0.100
0.100	0.700	0.100	0.100
0.100	0.700	0.100	0.100
0.700	0.100	0.100	0.100
0.100	0.100	0.700	0.100
0.100	0.100	0.100	0.700
0.100	0.100	0.100	0.700
0.100	0.100	0.100	0.700
0.100	0.100	0.100	0.700
0.100	0.100	0.100	0.700
0.100	0.100	0.700	0.100
0.100	0.700	0.100	0.100
>GATCGAAAAAAT	20-GATCGAAAAAAT	11.215054	-12.859763	0	T:13.0(7.78%),B:642.9(1.54%),P:1e-5	Tpos:469.9,Tstd:268.9,Bpos:499.5,Bstd:309.8,StrandBias:-0.4,Multiplicity:1.08
0.001	0.001	0.997	0.001
0.775	0.050	0.016	0.159
0.001	0.001	0.001	0.997
0.001	0.997	0.001	0.001
0.001	0.001	0.997	0.001
0.804	0.194	0.001	0.001
0.997	0.001	0.001	0.001
0.997	0.001	0.001	0.001
0.997	0.001	0.001	0.001
0.775	0.223	0.001	0.001
0.997	0.001	0.001	0.001
0.159	0.179	0.176	0.486
>CTGAGTAGCGAC	21-CTGAGTAGCGAC	11.951835	-11.176598	0	T:5.0(2.99%),B:71.6(0.17%),P:1e-4	Tpos:472.6,Tstd:269.0,Bpos:444.8,Bstd:276.0,StrandBias:-0.7,Multiplicity:1.60
0.215	0.769	0.001	0.015
0.234	0.001	0.001	0.764
0.001	0.001	0.997	0.001
0.997	0.001	0.001	0.001
0.001	0.001	0.731	0.267
0.001	0.243	0.001	0.755
0.503	0.281	0.001	0.215
0.001	0.001	0.997	0.001
0.001	0.997	0.001	0.001
0.234	0.001	0.764	0.001
0.997	0.001	0.001	0.001
0.001	0.764	0.234	0.001
>CTATGCTGAAGA	22-CTATGCTGAAGA	14.093687	-11.136357	0	T:4.0(2.40%),B:33.4(0.08%),P:1e-4	Tpos:508.2,Tstd:261.7,Bpos:305.3,Bstd:214.7,StrandBias:2.3,Multiplicity:1.50
0.210	0.788	0.001	0.001
0.001	0.001	0.001	0.997
0.997	0.001	0.001	0.001
0.001	0.001	0.001	0.997
0.001	0.001	0.997	0.001
0.001	0.997	0.001	0.001
0.001	0.001	0.001	0.997
0.295	0.001	0.703	0.001
0.997	0.001	0.001	0.001
0.997	0.001	0.001	0.001
0.146	0.160	0.693	0.001
0.997	0.001	0.001	0.001
>ATTTTGAAVAAA	23-ATTTTGAAVAAA	12.003924	-9.157902	0	T:38.0(22.75%),B:5082.2(12.19%),P:1e-3	Tpos:447.9,Tstd:262.1,Bpos:484.5,Bstd:283.7,StrandBias:0.2,Multiplicity:1.32
0.665	0.001	0.001	0.333
0.155	0.001	0.001	0.843
0.001	0.001	0.001	0.997
0.001	0.234	0.001	0.764
0.001	0.052	0.083	0.864
0.001	0.130	0.868	0.001
0.997	0.001	0.001	0.001
0.729	0.001	0.001	0.269
0.254	0.230	0.375	0.142
0.997	0.001	0.001	0.001
0.997	0.001	0.001	0.001
0.496	0.200	0.001	0.303
>CGTCACCGGTGG	24-CGTCACCGGTGG	13.040543	-7.488671	0	T:2.0(1.20%),B:7.9(0.02%),P:1e-3	Tpos:527.2,Tstd:111.3,Bpos:642.1,Bstd:368.4,StrandBias:2.0,Multiplicity:2.50
0.001	0.664	0.001	0.334
0.001	0.001	0.997	0.001
0.001	0.001	0.001	0.997
0.001	0.664	0.001	0.334
0.730	0.001	0.268	0.001
0.001	0.997	0.001	0.001
0.027	0.971	0.001	0.001
0.001	0.001	0.997	0.001
0.003	0.001	0.995	0.001
0.001	0.001	0.001	0.997
0.027	0.004	0.968	0.001
0.001	0.001	0.997	0.001
>ATGATTTTCCCA	25-ATGATTTTCCCA	15.007932	-6.963387	0	T:3.0(1.80%),B:45.1(0.11%),P:1e-3	Tpos:423.5,Tstd:269.3,Bpos:381.5,Bstd:263.3,StrandBias:10.0,Multiplicity:2.00
0.997	0.001	0.001	0.001
0.203	0.001	0.001	0.795
0.001	0.001	0.997	0.001
0.997	0.001	0.001	0.001
0.001	0.001	0.001	0.997
0.001	0.001	0.001	0.997
0.001	0.001	0.001	0.997
0.001	0.001	0.001	0.997
0.001	0.997	0.001	0.001
0.001	0.997	0.001	0.001
0.001	0.997	0.001	0.001
0.997	0.001	0.001	0.001
