>TGTAGSATGTAT	1-TGTAGSATGTAT	10.201390	-23.643976	0	T:10.0(32.26%),B:635.2(1.66%),P:1e-10	Tpos:376.9,Tstd:215.9,Bpos:498.0,Bstd:304.7,StrandBias:2.0,Multiplicity:1.00
0.001	0.001	0.001	0.997
0.001	0.001	0.989	0.009
0.001	0.001	0.336	0.662
0.771	0.227	0.001	0.001
0.263	0.178	0.558	0.001
0.001	0.337	0.474	0.188
0.583	0.001	0.001	0.415
0.405	0.001	0.001	0.593
0.001	0.001	0.997	0.001
0.001	0.001	0.227	0.771
0.833	0.001	0.001	0.165
0.001	0.001	0.178	0.820
>CTGTTTGGTTTT	2-CTGTTTGGTTTT	13.679345	-18.429209	0	T:7.0(22.58%),B:339.6(0.89%),P:1e-8	Tpos:322.3,Tstd:277.6,Bpos:480.6,Bstd:296.3,StrandBias:2.6,Multiplicity:1.00
0.179	0.678	0.001	0.142
0.001	0.001	0.001	0.997
0.001	0.001	0.880	0.118
0.001	0.001	0.001	0.997
0.001	0.001	0.001	0.997
0.001	0.001	0.001	0.997
0.001	0.180	0.668	0.151
0.001	0.001	0.997	0.001
0.001	0.001	0.001	0.997
0.001	0.001	0.001	0.997
0.001	0.001	0.001	0.997
0.001	0.001	0.001	0.997
>TTCAATAATGAC	3-TTCAATAATGAC	14.333494	-17.722424	0	T:4.0(12.90%),B:33.0(0.09%),P:1e-7	Tpos:537.6,Tstd:163.4,Bpos:477.1,Bstd:212.5,StrandBias:-0.6,Multiplicity:1.25
0.001	0.001	0.001	0.997
0.001	0.001	0.001	0.997
0.001	0.997	0.001	0.001
0.997	0.001	0.001	0.001
0.997	0.001	0.001	0.001
0.001	0.001	0.001	0.997
0.997	0.001	0.001	0.001
0.997	0.001	0.001	0.001
0.001	0.001	0.327	0.671
0.001	0.200	0.798	0.001
0.766	0.001	0.001	0.232
0.001	0.997	0.001	0.001
>GATCTTCTGATC	4-GATCTTCTGATC	11.865753	-16.706341	0	T:6.0(19.35%),B:252.0(0.66%),P:1e-7	Tpos:260.9,Tstd:223.8,Bpos:514.7,Bstd:293.9,StrandBias:0.4,Multiplicity:1.17
0.001	0.001	0.616	0.382
0.997	0.001	0.001	0.001
0.186	0.001	0.001	0.812
0.187	0.420	0.243	0.150
0.001	0.001	0.001	0.997
0.001	0.001	0.001	0.997
0.001	0.997	0.001	0.001
0.001	0.001	0.001	0.997
0.149	0.001	0.664	0.186
0.756	0.001	0.001	0.242
0.001	0.001	0.001	0.997
0.195	0.803	0.001	0.001
>TTAATTCTAACT	5-TTAATTCTAACT	13.806051	-16.211420	0	T:5.0(16.13%),B:134.6(0.35%),P:1e-7	Tpos:636.2,Tstd:286.2,Bpos:521.5,Bstd:329.7,StrandBias:2.3,Multiplicity:1.20
0.001	0.001	0.001	0.997
0.001	0.001	0.001	0.997
0.824	0.001	0.001	0.174
0.822	0.001	0.001	0.176
0.001	0.001	0.198	0.800
0.001	0.001	0.001	0.997
0.001	0.856	0.142	0.001
0.001	0.001	0.001	0.997
0.997	0.001	0.001	0.001
0.997	0.001	0.001	0.001
0.130	0.868	0.001	0.001
0.001	0.001	0.001	0.997
>TGGAAATTCATC	6-TGGAAATTCATC	9.578431	-14.158566	0	T:15.0(48.39%),B:4607.1(12.01%),P:1e-6	Tpos:451.1,Tstd:317.3,Bpos:510.3,Bstd:305.1,StrandBias:0.3,Multiplicity:1.27
0.165	0.117	0.001	0.717
0.149	0.001	0.849	0.001
0.315	0.001	0.683	0.001
0.997	0.001	0.001	0.001
0.997	0.001	0.001	0.001
0.751	0.001	0.147	0.101
0.097	0.147	0.001	0.755
0.001	0.001	0.001	0.997
0.279	0.719	0.001	0.001
0.997	0.001	0.001	0.001
0.076	0.001	0.001	0.922
0.191	0.658	0.150	0.001
>KTAARATCAATA	7-KTAARATCAATA	12.996722	-13.228984	0	T:5.0(16.13%),B:249.4(0.65%),P:1e-5	Tpos:477.6,Tstd:252.3,Bpos:521.6,Bstd:312.3,StrandBias:0.6,Multiplicity:1.00
0.001	0.001	0.564	0.434
0.001	0.001	0.075	0.923
0.997	0.001	0.001	0.001
0.997	0.001	0.001	0.001
0.458	0.001	0.540	0.001
0.997	0.001	0.001	0.001
0.001	0.001	0.001	0.997
0.001	0.997	0.001	0.001
0.592	0.383	0.024	0.001
0.616	0.001	0.001	0.382
0.001	0.001	0.001	0.997
0.997	0.001	0.001	0.001
>GTTCGACCAGTC	8-GTTCGACCAGTC	12.398018	-13.178150	0	T:2.0(6.45%),B:1.1(0.00%),P:1e-5	Tpos:184.8,Tstd:196.0,Bpos:147.1,Bstd:122.1,StrandBias:-10.0,Multiplicity:5.00
0.001	0.001	0.997	0.001
0.001	0.001	0.001	0.997
0.001	0.001	0.001	0.997
0.122	0.876	0.001	0.001
0.001	0.001	0.997	0.001
0.997	0.001	0.001	0.001
0.001	0.997	0.001	0.001
0.001	0.997	0.001	0.001
0.997	0.001	0.001	0.001
0.001	0.001	0.997	0.001
0.001	0.001	0.001	0.997
0.122	0.876	0.001	0.001
>CACWATTTTATT	9-CACWATTTTATT	14.220660	-12.352241	0	T:5.0(16.13%),B:299.4(0.78%),P:1e-5	Tpos:607.4,Tstd:257.4,Bpos:538.5,Bstd:281.5,StrandBias:1.3,Multiplicity:1.40
0.001	0.997	0.001	0.001
0.997	0.001	0.001	0.001
0.172	0.658	0.001	0.169
0.453	0.001	0.001	0.545
0.997	0.001	0.001	0.001
0.001	0.001	0.001	0.997
0.001	0.001	0.001	0.997
0.001	0.001	0.001	0.997
0.001	0.001	0.001	0.997
0.997	0.001	0.001	0.001
0.001	0.001	0.001	0.997
0.001	0.001	0.001	0.997
>TTTAAGTAATGC	10-TTTAAGTAATGC	11.657276	-12.137615	0	T:3.0(9.68%),B:39.0(0.10%),P:1e-5	Tpos:382.7,Tstd:113.1,Bpos:494.7,Bstd:319.2,StrandBias:-1.0,Multiplicity:1.00
0.001	0.001	0.001	0.997
0.001	0.001	0.001	0.997
0.053	0.001	0.001	0.945
0.950	0.048	0.001	0.001
0.997	0.001	0.001	0.001
0.001	0.001	0.997	0.001
0.001	0.147	0.001	0.851
0.997	0.001	0.001	0.001
0.953	0.001	0.001	0.045
0.001	0.001	0.001	0.997
0.001	0.001	0.997	0.001
0.001	0.997	0.001	0.001
>GWTGAATWCCCA	11-GWTGAATWCCCA	14.096679	-10.273458	0	T:2.0(6.45%),B:9.1(0.02%),P:1e-4	Tpos:189.3,Tstd:144.4,Bpos:463.4,Bstd:239.3,StrandBias:-10.0,Multiplicity:3.50
0.001	0.001	0.997	0.001
0.470	0.001	0.001	0.528
0.001	0.001	0.001	0.997
0.001	0.001	0.997	0.001
0.997	0.001	0.001	0.001
0.997	0.001	0.001	0.001
0.001	0.001	0.001	0.997
0.528	0.001	0.001	0.470
0.001	0.981	0.001	0.017
0.388	0.610	0.001	0.001
0.001	0.610	0.001	0.388
0.997	0.001	0.001	0.001
>YAGAAWATCGAC	12-YAGAAWATCGAC	11.942387	-7.522148	0	T:4.0(12.90%),B:467.1(1.22%),P:1e-3	Tpos:539.8,Tstd:299.0,Bpos:492.9,Bstd:313.0,StrandBias:0.6,Multiplicity:1.25
0.036	0.488	0.125	0.351
0.753	0.001	0.221	0.025
0.281	0.001	0.717	0.001
0.997	0.001	0.001	0.001
0.997	0.001	0.001	0.001
0.526	0.001	0.001	0.472
0.997	0.001	0.001	0.001
0.231	0.001	0.001	0.767
0.001	0.881	0.001	0.117
0.256	0.001	0.729	0.014
0.984	0.001	0.001	0.014
0.217	0.488	0.001	0.294
>CTCTCTCTCTCT	13-CTCTCTCTCTCT	11.030040	-5.906597	0	T:6.0(19.35%),B:1781.6(4.64%),P:1e-2	Tpos:631.7,Tstd:202.8,Bpos:549.6,Bstd:340.7,StrandBias:1.6,Multiplicity:1.33
0.144	0.854	0.001	0.001
0.047	0.001	0.056	0.896
0.158	0.755	0.001	0.086
0.054	0.106	0.184	0.656
0.001	0.861	0.084	0.054
0.095	0.052	0.071	0.782
0.048	0.890	0.001	0.061
0.055	0.052	0.061	0.832
0.001	0.884	0.077	0.038
0.001	0.041	0.149	0.809
0.049	0.832	0.072	0.047
0.001	0.038	0.001	0.960
