>CTGGAGGAAC	1-CTGGAGGAAC	10.670723	-19.481375	0	T:7.0(22.58%),B:290.4(0.76%),P:1e-8	Tpos:462.7,Tstd:325.1,Bpos:489.1,Bstd:304.7,StrandBias:-0.4,Multiplicity:1.00
0.137	0.861	0.001	0.001
0.001	0.001	0.001	0.997
0.158	0.144	0.551	0.147
0.001	0.001	0.997	0.001
0.997	0.001	0.001	0.001
0.001	0.001	0.997	0.001
0.001	0.001	0.997	0.001
0.997	0.001	0.001	0.001
0.856	0.001	0.142	0.001
0.103	0.895	0.001	0.001
>GCATCGAGAC	2-GCATCGAGAC	10.951899	-19.185629	0	T:7.0(22.58%),B:303.8(0.79%),P:1e-8	Tpos:576.0,Tstd:323.7,Bpos:529.2,Bstd:323.2,StrandBias:-1.3,Multiplicity:1.00
0.169	0.001	0.829	0.001
0.001	0.809	0.001	0.189
0.879	0.001	0.001	0.119
0.172	0.001	0.001	0.826
0.001	0.997	0.001	0.001
0.001	0.001	0.997	0.001
0.997	0.001	0.001	0.001
0.160	0.001	0.838	0.001
0.997	0.001	0.001	0.001
0.001	0.997	0.001	0.001
>ATCAGAAGAT	3-ATCAGAAGAT	11.769241	-16.800948	0	T:7.0(22.58%),B:432.5(1.13%),P:1e-7	Tpos:388.3,Tstd:221.1,Bpos:496.2,Bstd:302.6,StrandBias:1.3,Multiplicity:1.00
0.997	0.001	0.001	0.001
0.001	0.001	0.001	0.997
0.157	0.841	0.001	0.001
0.997	0.001	0.001	0.001
0.001	0.194	0.804	0.001
0.997	0.001	0.001	0.001
0.997	0.001	0.001	0.001
0.001	0.001	0.997	0.001
0.997	0.001	0.001	0.001
0.001	0.001	0.001	0.997
>TTTTACAATC	4-TTTTACAATC	10.140467	-15.949880	0	T:14.0(45.16%),B:3406.9(8.88%),P:1e-6	Tpos:452.0,Tstd:281.7,Bpos:516.5,Bstd:305.1,StrandBias:-0.4,Multiplicity:1.07
0.001	0.001	0.001	0.997
0.001	0.001	0.001	0.997
0.001	0.001	0.001	0.997
0.077	0.061	0.001	0.861
0.834	0.046	0.057	0.063
0.211	0.744	0.001	0.044
0.915	0.001	0.001	0.083
0.857	0.084	0.001	0.058
0.046	0.081	0.001	0.872
0.001	0.977	0.001	0.021
>GCGTTWAMCT	5-GCGTTWAMCT	9.135166	-14.756264	0	T:8.0(25.81%),B:880.3(2.29%),P:1e-6	Tpos:540.6,Tstd:282.9,Bpos:513.8,Bstd:316.3,StrandBias:-0.3,Multiplicity:1.12
0.292	0.001	0.706	0.001
0.001	0.746	0.252	0.001
0.001	0.001	0.833	0.165
0.001	0.001	0.285	0.713
0.001	0.001	0.001	0.997
0.452	0.001	0.001	0.546
0.997	0.001	0.001	0.001
0.427	0.534	0.001	0.038
0.001	0.592	0.151	0.256
0.001	0.001	0.001	0.997
>BTKTTTGGTT	6-BTKTTTGGTT	9.716677	-13.757213	0	T:12.0(38.71%),B:2850.9(7.43%),P:1e-5	Tpos:620.0,Tstd:322.5,Bpos:509.8,Bstd:298.2,StrandBias:1.7,Multiplicity:1.08
0.001	0.360	0.331	0.308
0.001	0.001	0.001	0.997
0.185	0.001	0.382	0.432
0.001	0.001	0.001	0.997
0.001	0.001	0.116	0.882
0.001	0.001	0.001	0.997
0.177	0.130	0.499	0.194
0.148	0.079	0.548	0.225
0.001	0.001	0.001	0.997
0.001	0.001	0.001	0.997
>AGACCAGTAG	7-AGACCAGTAG	10.296193	-4.238012	0	T:1.0(3.23%),B:17.9(0.05%),P:1e-1	Tpos:121.0,Tstd:67.1,Bpos:430.9,Bstd:325.2,StrandBias:-10.0,Multiplicity:9.00
0.700	0.100	0.100	0.100
0.100	0.100	0.700	0.100
0.700	0.100	0.100	0.100
0.100	0.700	0.100	0.100
0.100	0.700	0.100	0.100
0.700	0.100	0.100	0.100
0.100	0.100	0.700	0.100
0.100	0.100	0.100	0.700
0.700	0.100	0.100	0.100
0.100	0.100	0.700	0.100
>ATGAATTCCC	8-ATGAATTCCC	10.296193	-3.002755	0	T:1.0(3.23%),B:62.4(0.16%),P:1e-1	Tpos:137.0,Tstd:72.0,Bpos:502.8,Bstd:292.6,StrandBias:-10.0,Multiplicity:6.00
0.700	0.100	0.100	0.100
0.100	0.100	0.100	0.700
0.100	0.100	0.700	0.100
0.700	0.100	0.100	0.100
0.700	0.100	0.100	0.100
0.100	0.100	0.100	0.700
0.100	0.100	0.100	0.700
0.100	0.700	0.100	0.100
0.100	0.700	0.100	0.100
0.100	0.700	0.100	0.100
