>YCTTATCAKY	1-YCTTATCAKY	9.775741	-40.957699	0	T:47.0(40.17%),B:3783.9(9.52%),P:1e-17	Tpos:723.7,Tstd:263.7,Bpos:559.0,Bstd:319.9,StrandBias:0.3,Multiplicity:1.32
0.001	0.359	0.244	0.396
0.076	0.678	0.245	0.001
0.001	0.001	0.001	0.997
0.001	0.001	0.001	0.997
0.961	0.001	0.001	0.037
0.001	0.001	0.001	0.997
0.001	0.997	0.001	0.001
0.997	0.001	0.001	0.001
0.211	0.012	0.417	0.360
0.228	0.313	0.001	0.458
>CTGAAACCCT	2-CTGAAACCCT	9.076467	-22.957094	0	T:20.0(17.09%),B:1103.6(2.78%),P:1e-9	Tpos:473.0,Tstd:289.0,Bpos:502.7,Bstd:312.0,StrandBias:-0.1,Multiplicity:1.05
0.001	0.943	0.001	0.055
0.067	0.001	0.107	0.825
0.188	0.001	0.810	0.001
0.997	0.001	0.001	0.001
0.864	0.001	0.001	0.134
0.925	0.073	0.001	0.001
0.026	0.921	0.001	0.052
0.001	0.997	0.001	0.001
0.001	0.848	0.150	0.001
0.068	0.001	0.001	0.930
>GTACCCCAAC	3-GTACCCCAAC	10.731894	-21.185133	0	T:10.0(8.55%),B:197.3(0.50%),P:1e-9	Tpos:620.6,Tstd:275.6,Bpos:508.5,Bstd:297.8,StrandBias:-0.6,Multiplicity:1.00
0.001	0.001	0.997	0.001
0.135	0.001	0.001	0.863
0.872	0.001	0.001	0.126
0.001	0.997	0.001	0.001
0.001	0.897	0.001	0.101
0.001	0.895	0.001	0.103
0.001	0.739	0.133	0.127
0.899	0.001	0.001	0.099
0.997	0.001	0.001	0.001
0.001	0.997	0.001	0.001
>TGAAGCTATG	4-TGAAGCTATG	10.332487	-21.068339	0	T:14.0(11.97%),B:523.7(1.32%),P:1e-9	Tpos:568.7,Tstd:231.7,Bpos:522.9,Bstd:303.5,StrandBias:0.0,Multiplicity:1.00
0.076	0.001	0.001	0.922
0.082	0.001	0.841	0.076
0.893	0.105	0.001	0.001
0.890	0.001	0.108	0.001
0.031	0.001	0.897	0.071
0.041	0.886	0.072	0.001
0.001	0.001	0.001	0.997
0.959	0.001	0.001	0.039
0.001	0.001	0.101	0.897
0.077	0.001	0.881	0.041
>ACTTTCAGTT	5-ACTTTCAGTT	9.079571	-20.568872	0	T:23.0(19.66%),B:1712.8(4.31%),P:1e-8	Tpos:455.5,Tstd:248.8,Bpos:519.7,Bstd:303.4,StrandBias:-0.2,Multiplicity:1.04
0.866	0.081	0.052	0.001
0.001	0.997	0.001	0.001
0.001	0.001	0.001	0.997
0.001	0.001	0.001	0.997
0.001	0.001	0.081	0.917
0.001	0.997	0.001	0.001
0.926	0.001	0.072	0.001
0.001	0.001	0.868	0.130
0.001	0.001	0.048	0.950
0.001	0.001	0.001	0.997
>TTTAAGCCCC	6-TTTAAGCCCC	10.076191	-19.718588	0	T:13.0(11.11%),B:482.0(1.21%),P:1e-8	Tpos:550.5,Tstd:265.2,Bpos:518.3,Bstd:298.5,StrandBias:1.5,Multiplicity:1.15
0.001	0.001	0.199	0.799
0.001	0.001	0.001	0.997
0.001	0.001	0.121	0.877
0.913	0.001	0.001	0.085
0.997	0.001	0.001	0.001
0.077	0.109	0.813	0.001
0.001	0.997	0.001	0.001
0.001	0.940	0.001	0.058
0.088	0.836	0.001	0.075
0.091	0.907	0.001	0.001
>GACCCTATGT	7-GACCCTATGT	10.688245	-19.384260	0	T:8.0(6.84%),B:117.6(0.30%),P:1e-8	Tpos:488.5,Tstd:247.9,Bpos:478.9,Bstd:293.7,StrandBias:1.6,Multiplicity:1.00
0.001	0.001	0.997	0.001
0.997	0.001	0.001	0.001
0.001	0.901	0.001	0.097
0.001	0.758	0.142	0.099
0.001	0.997	0.001	0.001
0.114	0.001	0.001	0.884
0.781	0.001	0.133	0.085
0.001	0.001	0.001	0.997
0.102	0.001	0.827	0.070
0.001	0.001	0.001	0.997
>CATCAGATCA	8-CATCAGATCA	7.579211	-18.220550	0	T:20.0(17.09%),B:1462.2(3.68%),P:1e-7	Tpos:561.1,Tstd:248.4,Bpos:502.9,Bstd:310.3,StrandBias:1.8,Multiplicity:1.10
0.168	0.571	0.226	0.035
0.825	0.042	0.049	0.084
0.229	0.054	0.059	0.658
0.211	0.576	0.190	0.023
0.680	0.036	0.020	0.264
0.180	0.140	0.542	0.138
0.681	0.044	0.067	0.208
0.133	0.212	0.036	0.619
0.030	0.681	0.062	0.227
0.643	0.054	0.260	0.043
>GTGATCAAAA	9-GTGATCAAAA	9.502376	-16.807879	0	T:30.0(25.64%),B:3437.7(8.65%),P:1e-7	Tpos:633.9,Tstd:240.5,Bpos:515.2,Bstd:304.1,StrandBias:-0.6,Multiplicity:1.10
0.103	0.032	0.864	0.001
0.075	0.001	0.001	0.923
0.082	0.147	0.695	0.076
0.941	0.001	0.001	0.057
0.001	0.001	0.037	0.961
0.001	0.997	0.001	0.001
0.934	0.001	0.064	0.001
0.715	0.001	0.283	0.001
0.997	0.001	0.001	0.001
0.997	0.001	0.001	0.001
>CCATAATGTG	10-CCATAATGTG	9.864202	-16.198589	0	T:12.0(10.26%),B:541.8(1.36%),P:1e-7	Tpos:521.4,Tstd:322.5,Bpos:496.4,Bstd:308.0,StrandBias:1.3,Multiplicity:1.17
0.151	0.847	0.001	0.001
0.001	0.809	0.189	0.001
0.997	0.001	0.001	0.001
0.001	0.001	0.001	0.997
0.997	0.001	0.001	0.001
0.813	0.001	0.001	0.185
0.001	0.001	0.001	0.997
0.001	0.001	0.894	0.104
0.001	0.001	0.001	0.997
0.001	0.001	0.838	0.160
>TATTGTACCT	11-TATTGTACCT	10.100537	-16.153304	0	T:15.0(12.82%),B:911.7(2.29%),P:1e-7	Tpos:448.7,Tstd:240.4,Bpos:498.8,Bstd:292.1,StrandBias:-1.3,Multiplicity:1.21
0.062	0.103	0.110	0.725
0.888	0.001	0.001	0.110
0.001	0.001	0.001	0.997
0.001	0.001	0.001	0.997
0.074	0.001	0.879	0.046
0.001	0.001	0.001	0.997
0.997	0.001	0.001	0.001
0.046	0.817	0.068	0.069
0.051	0.754	0.001	0.194
0.001	0.001	0.001	0.997
>GTCAAAGGTC	12-GTCAAAGGTC	10.412890	-16.109129	0	T:9.0(7.69%),B:257.2(0.65%),P:1e-6	Tpos:471.7,Tstd:300.9,Bpos:495.3,Bstd:300.8,StrandBias:0.6,Multiplicity:1.11
0.001	0.118	0.819	0.062
0.107	0.001	0.001	0.891
0.001	0.887	0.111	0.001
0.997	0.001	0.001	0.001
0.997	0.001	0.001	0.001
0.836	0.001	0.162	0.001
0.001	0.211	0.733	0.055
0.081	0.001	0.917	0.001
0.001	0.001	0.001	0.997
0.001	0.997	0.001	0.001
>TTCCCTAAGA	13-TTCCCTAAGA	10.791191	-15.152779	0	T:11.0(9.40%),B:486.0(1.22%),P:1e-6	Tpos:483.7,Tstd:278.0,Bpos:501.1,Bstd:310.7,StrandBias:-2.2,Multiplicity:1.00
0.001	0.001	0.001	0.997
0.001	0.001	0.001	0.997
0.001	0.718	0.280	0.001
0.001	0.997	0.001	0.001
0.001	0.997	0.001	0.001
0.149	0.001	0.001	0.849
0.997	0.001	0.001	0.001
0.660	0.338	0.001	0.001
0.229	0.001	0.769	0.001
0.997	0.001	0.001	0.001
>CTAGCATACT	14-CTAGCATACT	10.279158	-15.053936	0	T:10.0(8.55%),B:386.3(0.97%),P:1e-6	Tpos:478.5,Tstd:234.0,Bpos:470.5,Bstd:295.4,StrandBias:0.2,Multiplicity:1.30
0.070	0.928	0.001	0.001
0.001	0.001	0.001	0.997
0.997	0.001	0.001	0.001
0.094	0.001	0.837	0.068
0.001	0.913	0.001	0.085
0.997	0.001	0.001	0.001
0.075	0.001	0.135	0.789
0.897	0.001	0.001	0.101
0.001	0.902	0.041	0.056
0.001	0.001	0.001	0.997
>AGCTTGAGAC	15-AGCTTGAGAC	8.785365	-14.761429	0	T:15.0(12.82%),B:1018.3(2.56%),P:1e-6	Tpos:476.5,Tstd:298.2,Bpos:481.5,Bstd:304.3,StrandBias:-0.2,Multiplicity:1.13
0.744	0.084	0.108	0.064
0.049	0.239	0.557	0.155
0.091	0.768	0.082	0.059
0.001	0.001	0.001	0.997
0.001	0.001	0.001	0.997
0.001	0.068	0.768	0.163
0.728	0.001	0.137	0.134
0.078	0.001	0.920	0.001
0.583	0.040	0.001	0.376
0.296	0.702	0.001	0.001
>ACCCCGGACC	16-ACCCCGGACC	7.508588	-14.666484	0	T:14.0(11.97%),B:885.3(2.23%),P:1e-6	Tpos:419.2,Tstd:262.6,Bpos:506.7,Bstd:307.0,StrandBias:0.9,Multiplicity:1.21
0.782	0.158	0.001	0.059
0.001	0.825	0.067	0.107
0.129	0.575	0.081	0.215
0.001	0.933	0.001	0.065
0.001	0.805	0.193	0.001
0.081	0.208	0.710	0.001
0.001	0.092	0.906	0.001
0.650	0.176	0.093	0.081
0.062	0.853	0.001	0.084
0.001	0.997	0.001	0.001
>ARAASCCCTT	17-ARAASCCCTT	10.174506	-12.285031	0	T:9.0(7.69%),B:413.7(1.04%),P:1e-5	Tpos:475.1,Tstd:236.9,Bpos:535.2,Bstd:308.2,StrandBias:0.8,Multiplicity:1.56
0.655	0.001	0.343	0.001
0.496	0.001	0.502	0.001
0.997	0.001	0.001	0.001
0.997	0.001	0.001	0.001
0.001	0.509	0.489	0.001
0.001	0.997	0.001	0.001
0.001	0.997	0.001	0.001
0.001	0.997	0.001	0.001
0.001	0.001	0.001	0.997
0.001	0.001	0.154	0.844
>TCAGGTGGGT	18-TCAGGTGGGT	11.700649	-12.123189	0	T:5.0(4.27%),B:80.8(0.20%),P:1e-5	Tpos:385.0,Tstd:271.6,Bpos:483.2,Bstd:301.4,StrandBias:0.4,Multiplicity:1.40
0.001	0.001	0.001	0.997
0.001	0.997	0.001	0.001
0.856	0.001	0.001	0.142
0.001	0.001	0.830	0.168
0.001	0.001	0.997	0.001
0.001	0.001	0.001	0.997
0.001	0.001	0.997	0.001
0.001	0.001	0.997	0.001
0.001	0.001	0.997	0.001
0.001	0.001	0.001	0.997
>CGGGGACTCG	19-CGGGGACTCG	12.034092	-11.468740	0	T:4.0(3.42%),B:42.2(0.11%),P:1e-4	Tpos:373.3,Tstd:262.2,Bpos:430.2,Bstd:263.8,StrandBias:0.0,Multiplicity:1.50
0.001	0.997	0.001	0.001
0.001	0.001	0.997	0.001
0.001	0.001	0.997	0.001
0.001	0.001	0.997	0.001
0.001	0.001	0.997	0.001
0.997	0.001	0.001	0.001
0.001	0.997	0.001	0.001
0.001	0.001	0.001	0.997
0.165	0.627	0.001	0.207
0.001	0.001	0.997	0.001
>TRCCTGTTGT	20-TRCCTGTTGT	10.529921	-11.423628	0	T:9.0(7.69%),B:461.4(1.16%),P:1e-4	Tpos:429.2,Tstd:267.6,Bpos:532.3,Bstd:310.1,StrandBias:1.2,Multiplicity:1.44
0.001	0.001	0.001	0.997
0.560	0.001	0.438	0.001
0.001	0.777	0.001	0.221
0.001	0.997	0.001	0.001
0.001	0.001	0.001	0.997
0.319	0.001	0.679	0.001
0.312	0.001	0.001	0.686
0.001	0.001	0.001	0.997
0.001	0.001	0.982	0.016
0.360	0.001	0.001	0.638
>TGCCTAGATA	21-TGCCTAGATA	9.903027	-8.216084	0	T:8.0(6.84%),B:556.7(1.40%),P:1e-3	Tpos:465.2,Tstd:238.9,Bpos:510.9,Bstd:311.9,StrandBias:0.3,Multiplicity:2.25
0.001	0.001	0.001	0.997
0.367	0.001	0.587	0.045
0.001	0.862	0.081	0.056
0.001	0.917	0.001	0.081
0.001	0.001	0.001	0.997
0.997	0.001	0.001	0.001
0.043	0.235	0.721	0.001
0.997	0.001	0.001	0.001
0.028	0.001	0.001	0.970
0.997	0.001	0.001	0.001
>CTATCTAGAA	22-CTATCTAGAA	10.555604	-8.160989	0	T:10.0(8.55%),B:873.5(2.20%),P:1e-3	Tpos:542.2,Tstd:251.0,Bpos:508.7,Bstd:307.0,StrandBias:0.8,Multiplicity:1.40
0.001	0.531	0.196	0.272
0.117	0.001	0.001	0.881
0.997	0.001	0.001	0.001
0.056	0.001	0.001	0.942
0.001	0.808	0.190	0.001
0.001	0.001	0.001	0.997
0.786	0.001	0.001	0.212
0.001	0.001	0.997	0.001
0.997	0.001	0.001	0.001
0.997	0.001	0.001	0.001
>AGCGCGTCTG	23-AGCGCGTCTG	10.296193	-7.183031	0	T:2.0(1.71%),B:12.7(0.03%),P:1e-3	Tpos:389.0,Tstd:230.6,Bpos:573.8,Bstd:230.2,StrandBias:10.0,Multiplicity:3.00
0.700	0.100	0.100	0.100
0.100	0.100	0.700	0.100
0.100	0.700	0.100	0.100
0.100	0.100	0.700	0.100
0.100	0.700	0.100	0.100
0.100	0.100	0.700	0.100
0.100	0.100	0.100	0.700
0.100	0.700	0.100	0.100
0.100	0.100	0.100	0.700
0.100	0.100	0.700	0.100
