>CTAGTGTGAT	1-CTAGTGTGAT	8.599949	-27.708172	0	T:45.0(16.85%),B:2021.5(4.94%),P:1e-12	Tpos:477.8,Tstd:289.2,Bpos:496.4,Bstd:318.0,StrandBias:0.8,Multiplicity:1.11
0.065	0.895	0.039	0.001
0.001	0.001	0.001	0.997
0.830	0.168	0.001	0.001
0.173	0.001	0.614	0.212
0.001	0.001	0.120	0.878
0.001	0.095	0.748	0.156
0.319	0.001	0.001	0.679
0.001	0.057	0.941	0.001
0.824	0.174	0.001	0.001
0.001	0.049	0.194	0.756
>CCTCATTCAT	2-CCTCATTCAT	8.145012	-24.891742	0	T:56.0(20.97%),B:3211.5(7.84%),P:1e-10	Tpos:537.2,Tstd:271.0,Bpos:519.1,Bstd:313.7,StrandBias:1.2,Multiplicity:1.04
0.126	0.830	0.043	0.001
0.079	0.740	0.129	0.052
0.001	0.001	0.001	0.997
0.097	0.605	0.139	0.159
0.875	0.020	0.050	0.055
0.001	0.001	0.038	0.960
0.060	0.026	0.094	0.820
0.030	0.748	0.146	0.076
0.725	0.169	0.001	0.105
0.042	0.054	0.155	0.749
>CCAAGACCAA	3-CCAAGACCAA	8.857918	-22.942759	0	T:31.0(11.61%),B:1186.4(2.90%),P:1e-9	Tpos:442.7,Tstd:270.9,Bpos:492.2,Bstd:291.1,StrandBias:0.3,Multiplicity:1.00
0.028	0.858	0.037	0.077
0.001	0.997	0.001	0.001
0.927	0.071	0.001	0.001
0.924	0.074	0.001	0.001
0.055	0.001	0.917	0.027
0.932	0.001	0.066	0.001
0.001	0.836	0.001	0.162
0.030	0.933	0.001	0.036
0.922	0.001	0.001	0.076
0.932	0.001	0.001	0.066
>AATGAGACGA	4-AATGAGACGA	7.470587	-22.737557	0	T:95.0(35.58%),B:7746.9(18.92%),P:1e-9	Tpos:527.9,Tstd:301.3,Bpos:522.0,Bstd:318.2,StrandBias:-1.7,Multiplicity:1.22
0.997	0.001	0.001	0.001
0.870	0.001	0.041	0.088
0.046	0.040	0.032	0.882
0.028	0.030	0.941	0.001
0.916	0.049	0.001	0.034
0.084	0.001	0.914	0.001
0.897	0.001	0.063	0.039
0.001	0.865	0.001	0.133
0.098	0.037	0.789	0.076
0.923	0.001	0.037	0.039
>TGTGGGATCA	5-TGTGGGATCA	8.985422	-21.958450	0	T:21.0(7.87%),B:559.6(1.37%),P:1e-9	Tpos:563.2,Tstd:290.3,Bpos:485.5,Bstd:311.2,StrandBias:-1.7,Multiplicity:1.05
0.001	0.089	0.001	0.909
0.064	0.094	0.841	0.001
0.069	0.001	0.001	0.929
0.001	0.071	0.881	0.047
0.049	0.001	0.949	0.001
0.001	0.001	0.997	0.001
0.936	0.001	0.001	0.062
0.046	0.140	0.063	0.751
0.001	0.881	0.065	0.053
0.997	0.001	0.001	0.001
>CAACGTCATT	6-CAACGTCATT	9.965748	-20.169940	0	T:18.0(6.74%),B:443.5(1.08%),P:1e-8	Tpos:573.6,Tstd:280.7,Bpos:510.5,Bstd:310.4,StrandBias:1.4,Multiplicity:1.00
0.001	0.972	0.001	0.026
0.949	0.001	0.049	0.001
0.862	0.049	0.057	0.032
0.001	0.960	0.038	0.001
0.047	0.001	0.951	0.001
0.001	0.065	0.001	0.933
0.001	0.952	0.046	0.001
0.943	0.055	0.001	0.001
0.111	0.058	0.073	0.758
0.114	0.032	0.001	0.853
>ATATGCGTAA	7-ATATGCGTAA	9.954173	-19.476206	0	T:22.0(8.24%),B:711.5(1.74%),P:1e-8	Tpos:585.6,Tstd:267.5,Bpos:517.3,Bstd:307.6,StrandBias:0.3,Multiplicity:1.00
0.997	0.001	0.001	0.001
0.095	0.081	0.091	0.733
0.783	0.076	0.093	0.048
0.001	0.074	0.001	0.924
0.001	0.001	0.914	0.084
0.118	0.810	0.049	0.023
0.001	0.001	0.973	0.025
0.031	0.001	0.053	0.915
0.997	0.001	0.001	0.001
0.997	0.001	0.001	0.001
>TCATTTCATC	8-TCATTTCATC	9.150485	-18.768691	0	T:45.0(16.85%),B:2682.2(6.55%),P:1e-8	Tpos:504.6,Tstd:279.8,Bpos:511.7,Bstd:321.0,StrandBias:0.5,Multiplicity:1.18
0.108	0.044	0.001	0.847
0.001	0.796	0.077	0.126
0.908	0.024	0.028	0.040
0.012	0.001	0.001	0.986
0.020	0.012	0.033	0.935
0.001	0.024	0.032	0.943
0.090	0.799	0.110	0.001
0.997	0.001	0.001	0.001
0.120	0.001	0.044	0.835
0.001	0.997	0.001	0.001
>ACTAAGATTT	9-ACTAAGATTT	7.458633	-17.189211	0	T:77.0(28.84%),B:6377.3(15.57%),P:1e-7	Tpos:476.2,Tstd:251.7,Bpos:502.0,Bstd:306.1,StrandBias:0.1,Multiplicity:1.10
0.828	0.170	0.001	0.001
0.002	0.899	0.039	0.060
0.017	0.035	0.020	0.928
0.918	0.001	0.001	0.080
0.723	0.109	0.132	0.036
0.067	0.020	0.912	0.001
0.910	0.087	0.002	0.001
0.127	0.042	0.230	0.601
0.029	0.340	0.064	0.567
0.002	0.225	0.042	0.731
>GAAGGCGGAG	10-GAAGGCGGAG	7.502388	-16.966694	0	T:44.0(16.48%),B:2753.4(6.72%),P:1e-7	Tpos:509.1,Tstd:299.4,Bpos:538.4,Bstd:305.5,StrandBias:-1.1,Multiplicity:1.09
0.108	0.064	0.688	0.140
0.776	0.115	0.074	0.035
0.830	0.033	0.098	0.039
0.070	0.044	0.789	0.097
0.035	0.101	0.776	0.088
0.075	0.768	0.074	0.083
0.037	0.070	0.819	0.074
0.053	0.021	0.883	0.043
0.864	0.009	0.065	0.062
0.102	0.083	0.814	0.001
>GGTCTGAGAA	11-GGTCTGAGAA	9.774218	-16.764980	0	T:22.0(8.24%),B:832.8(2.03%),P:1e-7	Tpos:524.6,Tstd:272.6,Bpos:523.0,Bstd:319.7,StrandBias:-0.1,Multiplicity:1.05
0.031	0.001	0.967	0.001
0.032	0.001	0.794	0.173
0.074	0.001	0.078	0.847
0.043	0.898	0.032	0.027
0.044	0.101	0.001	0.854
0.001	0.001	0.997	0.001
0.901	0.097	0.001	0.001
0.101	0.073	0.786	0.040
0.997	0.001	0.001	0.001
0.997	0.001	0.001	0.001
>GCTATGATGA	12-GCTATGATGA	10.256563	-16.463691	0	T:15.0(5.62%),B:386.5(0.94%),P:1e-7	Tpos:408.5,Tstd:273.1,Bpos:528.5,Bstd:310.5,StrandBias:-0.4,Multiplicity:1.07
0.001	0.001	0.958	0.040
0.021	0.904	0.044	0.031
0.158	0.062	0.040	0.740
0.882	0.068	0.001	0.049
0.092	0.001	0.001	0.906
0.065	0.064	0.743	0.128
0.997	0.001	0.001	0.001
0.001	0.001	0.001	0.997
0.001	0.001	0.926	0.072
0.997	0.001	0.001	0.001
>TCAGACAAAT	13-TCAGACAAAT	10.456309	-16.243249	0	T:24.0(8.99%),B:1010.3(2.47%),P:1e-7	Tpos:519.3,Tstd:302.0,Bpos:528.4,Bstd:313.5,StrandBias:0.8,Multiplicity:1.04
0.001	0.001	0.001	0.997
0.001	0.947	0.051	0.001
0.802	0.001	0.001	0.196
0.001	0.001	0.997	0.001
0.918	0.080	0.001	0.001
0.001	0.899	0.001	0.099
0.997	0.001	0.001	0.001
0.997	0.001	0.001	0.001
0.997	0.001	0.001	0.001
0.001	0.001	0.001	0.997
>AAGAAAAGGT	14-AAGAAAAGGT	7.863458	-15.307990	0	T:75.0(28.09%),B:6428.7(15.70%),P:1e-6	Tpos:544.5,Tstd:298.4,Bpos:515.9,Bstd:318.4,StrandBias:-1.4,Multiplicity:1.29
0.711	0.151	0.014	0.124
0.704	0.009	0.137	0.150
0.162	0.116	0.712	0.010
0.842	0.001	0.001	0.156
0.637	0.164	0.171	0.028
0.798	0.011	0.165	0.026
0.710	0.147	0.132	0.011
0.007	0.156	0.761	0.076
0.152	0.103	0.642	0.103
0.099	0.206	0.176	0.519
>GCTTGCTGAG	15-GCTTGCTGAG	11.254529	-15.191128	0	T:9.0(3.37%),B:125.5(0.31%),P:1e-6	Tpos:481.8,Tstd:316.9,Bpos:513.9,Bstd:293.1,StrandBias:-0.3,Multiplicity:1.00
0.001	0.001	0.997	0.001
0.001	0.997	0.001	0.001
0.001	0.001	0.001	0.997
0.001	0.001	0.001	0.997
0.142	0.001	0.856	0.001
0.001	0.997	0.001	0.001
0.101	0.001	0.110	0.788
0.001	0.001	0.870	0.128
0.997	0.001	0.001	0.001
0.001	0.001	0.997	0.001
>TGCTCGGGTA	16-TGCTCGGGTA	7.677080	-14.927111	0	T:24.0(8.99%),B:1089.0(2.66%),P:1e-6	Tpos:501.6,Tstd:295.0,Bpos:489.4,Bstd:304.2,StrandBias:0.1,Multiplicity:1.12
0.037	0.001	0.060	0.902
0.065	0.140	0.710	0.085
0.054	0.782	0.046	0.118
0.068	0.039	0.019	0.874
0.018	0.878	0.039	0.065
0.053	0.097	0.820	0.030
0.094	0.076	0.697	0.133
0.092	0.089	0.753	0.066
0.041	0.131	0.064	0.764
0.829	0.001	0.075	0.095
>GTGTTCTTCC	17-GTGTTCTTCC	10.798809	-13.690330	0	T:18.0(6.74%),B:693.3(1.69%),P:1e-5	Tpos:574.7,Tstd:273.1,Bpos:483.9,Bstd:320.6,StrandBias:1.1,Multiplicity:1.00
0.143	0.001	0.855	0.001
0.001	0.001	0.001	0.997
0.001	0.001	0.829	0.169
0.169	0.001	0.001	0.829
0.001	0.001	0.001	0.997
0.001	0.726	0.272	0.001
0.001	0.199	0.001	0.799
0.001	0.001	0.001	0.997
0.001	0.829	0.169	0.001
0.001	0.997	0.001	0.001
>TGTCATATGA	18-TGTCATATGA	9.963046	-13.334714	0	T:21.0(7.87%),B:944.6(2.31%),P:1e-5	Tpos:631.8,Tstd:273.2,Bpos:509.2,Bstd:310.9,StrandBias:0.2,Multiplicity:1.19
0.001	0.001	0.001	0.997
0.001	0.097	0.901	0.001
0.087	0.001	0.001	0.911
0.062	0.842	0.066	0.030
0.962	0.001	0.001	0.036
0.037	0.225	0.032	0.706
0.826	0.001	0.031	0.142
0.001	0.060	0.001	0.938
0.001	0.001	0.997	0.001
0.942	0.056	0.001	0.001
>TWYACTTCCT	19-TWYACTTCCT	6.511130	-12.967725	0	T:60.0(22.47%),B:5005.2(12.22%),P:1e-5	Tpos:520.3,Tstd:305.7,Bpos:528.9,Bstd:317.7,StrandBias:1.9,Multiplicity:1.25
0.048	0.060	0.058	0.834
0.330	0.201	0.042	0.426
0.031	0.396	0.172	0.401
0.463	0.216	0.020	0.301
0.038	0.478	0.241	0.243
0.049	0.055	0.277	0.619
0.333	0.029	0.050	0.588
0.195	0.483	0.032	0.290
0.027	0.540	0.248	0.185
0.217	0.036	0.236	0.511
>TTGTGTTCTG	20-TTGTGTTCTG	9.369152	-12.705235	0	T:49.0(18.35%),B:3778.3(9.23%),P:1e-5	Tpos:505.3,Tstd:301.5,Bpos:512.5,Bstd:309.9,StrandBias:0.2,Multiplicity:1.20
0.103	0.001	0.001	0.895
0.001	0.001	0.001	0.997
0.032	0.032	0.874	0.062
0.088	0.001	0.001	0.910
0.001	0.001	0.949	0.049
0.001	0.001	0.001	0.997
0.001	0.001	0.001	0.997
0.043	0.702	0.054	0.201
0.001	0.001	0.001	0.997
0.146	0.129	0.724	0.001
>CGCCCACTTT	21-CGCCCACTTT	9.970761	-12.170163	0	T:17.0(6.37%),B:698.1(1.70%),P:1e-5	Tpos:613.2,Tstd:289.1,Bpos:537.6,Bstd:307.7,StrandBias:0.7,Multiplicity:1.24
0.071	0.927	0.001	0.001
0.001	0.001	0.997	0.001
0.001	0.920	0.078	0.001
0.001	0.997	0.001	0.001
0.031	0.869	0.001	0.099
0.896	0.001	0.102	0.001
0.001	0.962	0.036	0.001
0.001	0.001	0.001	0.997
0.001	0.078	0.001	0.920
0.001	0.001	0.062	0.936
>ATCCCCGAGG	22-ATCCCCGAGG	10.000271	-10.749915	0	T:7.0(2.62%),B:121.6(0.30%),P:1e-4	Tpos:299.9,Tstd:181.6,Bpos:508.8,Bstd:280.6,StrandBias:1.2,Multiplicity:1.43
0.997	0.001	0.001	0.001
0.279	0.001	0.001	0.719
0.001	0.894	0.104	0.001
0.151	0.847	0.001	0.001
0.001	0.604	0.041	0.354
0.001	0.997	0.001	0.001
0.109	0.345	0.545	0.001
0.997	0.001	0.001	0.001
0.001	0.142	0.699	0.158
0.309	0.001	0.689	0.001
>AGCGGCGGAC	23-AGCGGCGGAC	9.726853	-10.435864	0	T:11.0(4.12%),B:353.2(0.86%),P:1e-4	Tpos:504.8,Tstd:257.2,Bpos:490.1,Bstd:284.5,StrandBias:-1.0,Multiplicity:1.64
0.997	0.001	0.001	0.001
0.001	0.001	0.997	0.001
0.001	0.997	0.001	0.001
0.042	0.001	0.851	0.106
0.001	0.001	0.997	0.001
0.001	0.838	0.160	0.001
0.001	0.318	0.624	0.057
0.089	0.001	0.909	0.001
0.909	0.001	0.001	0.089
0.044	0.954	0.001	0.001
>GTATATGAAT	24-GTATATGAAT	10.760032	-7.582517	0	T:7.0(2.62%),B:206.8(0.51%),P:1e-3	Tpos:495.9,Tstd:133.4,Bpos:517.0,Bstd:291.1,StrandBias:-1.5,Multiplicity:2.14
0.001	0.049	0.949	0.001
0.001	0.001	0.001	0.997
0.997	0.001	0.001	0.001
0.001	0.001	0.001	0.997
0.997	0.001	0.001	0.001
0.001	0.001	0.001	0.997
0.001	0.001	0.997	0.001
0.997	0.001	0.001	0.001
0.939	0.059	0.001	0.001
0.001	0.001	0.001	0.997
>AGTTAGAACG	25-AGTTAGAACG	10.296193	-2.152684	0	T:1.0(0.37%),B:19.0(0.05%),P:1e0	Tpos:531.4,Tstd:83.7,Bpos:465.4,Bstd:300.0,StrandBias:-10.0,Multiplicity:8.00
0.700	0.100	0.100	0.100
0.100	0.100	0.700	0.100
0.100	0.100	0.100	0.700
0.100	0.100	0.100	0.700
0.700	0.100	0.100	0.100
0.100	0.100	0.700	0.100
0.700	0.100	0.100	0.100
0.700	0.100	0.100	0.100
0.100	0.700	0.100	0.100
0.100	0.100	0.700	0.100
>GCTCTTCTTTTT	1-GCTCTTCTTTTT	12.729107	-24.187115	0	T:19.0(7.12%),B:389.7(0.95%),P:1e-10	Tpos:552.5,Tstd:294.7,Bpos:554.9,Bstd:325.9,StrandBias:1.9,Multiplicity:1.00
0.001	0.246	0.752	0.001
0.058	0.940	0.001	0.001
0.072	0.063	0.001	0.864
0.112	0.854	0.001	0.033
0.001	0.001	0.001	0.997
0.001	0.091	0.001	0.907
0.001	0.868	0.001	0.130
0.001	0.001	0.001	0.997
0.001	0.080	0.001	0.918
0.001	0.054	0.001	0.944
0.001	0.001	0.001	0.997
0.001	0.001	0.001	0.997
>AAATGAGACGAA	2-AAATGAGACGAA	12.974520	-23.715673	0	T:14.0(5.24%),B:182.8(0.45%),P:1e-10	Tpos:509.5,Tstd:329.0,Bpos:529.5,Bstd:345.8,StrandBias:-1.9,Multiplicity:1.00
0.868	0.001	0.001	0.130
0.997	0.001	0.001	0.001
0.919	0.001	0.001	0.079
0.001	0.093	0.001	0.905
0.001	0.067	0.931	0.001
0.842	0.071	0.001	0.086
0.090	0.001	0.908	0.001
0.909	0.001	0.001	0.089
0.013	0.910	0.035	0.042
0.001	0.001	0.848	0.150
0.997	0.001	0.001	0.001
0.997	0.001	0.001	0.001
>AGKTGAATAWTC	3-AGKTGAATAWTC	11.653727	-23.478825	0	T:15.0(5.62%),B:224.5(0.55%),P:1e-10	Tpos:569.1,Tstd:274.7,Bpos:497.7,Bstd:311.5,StrandBias:-0.6,Multiplicity:1.00
0.865	0.133	0.001	0.001
0.001	0.001	0.952	0.046
0.110	0.001	0.494	0.395
0.001	0.001	0.001	0.997
0.075	0.134	0.790	0.001
0.997	0.001	0.001	0.001
0.752	0.134	0.113	0.001
0.001	0.001	0.091	0.907
0.858	0.001	0.134	0.007
0.517	0.001	0.001	0.481
0.105	0.001	0.001	0.893
0.001	0.991	0.007	0.001
>TCATGTGACATA	4-TCATGTGACATA	9.857876	-22.690581	0	T:25.0(9.36%),B:780.8(1.91%),P:1e-9	Tpos:514.8,Tstd:289.5,Bpos:529.5,Bstd:301.5,StrandBias:0.3,Multiplicity:1.00
0.030	0.001	0.050	0.919
0.073	0.811	0.115	0.001
0.835	0.001	0.046	0.118
0.119	0.053	0.059	0.769
0.041	0.052	0.843	0.064
0.001	0.001	0.037	0.961
0.046	0.087	0.824	0.043
0.832	0.001	0.001	0.166
0.054	0.726	0.134	0.086
0.948	0.001	0.001	0.050
0.072	0.156	0.053	0.719
0.821	0.001	0.046	0.132
>RAACTAAACTCT	5-RAACTAAACTCT	13.947032	-22.659605	0	T:8.0(3.00%),B:31.7(0.08%),P:1e-9	Tpos:649.1,Tstd:220.8,Bpos:609.1,Bstd:273.9,StrandBias:10.0,Multiplicity:1.00
0.465	0.001	0.533	0.001
0.997	0.001	0.001	0.001
0.997	0.001	0.001	0.001
0.001	0.997	0.001	0.001
0.001	0.001	0.001	0.997
0.886	0.112	0.001	0.001
0.997	0.001	0.001	0.001
0.997	0.001	0.001	0.001
0.115	0.883	0.001	0.001
0.001	0.001	0.001	0.997
0.167	0.831	0.001	0.001
0.001	0.001	0.001	0.997
>CCCATACTTCAT	6-CCCATACTTCAT	13.406448	-22.063587	0	T:7.0(2.62%),B:19.4(0.05%),P:1e-9	Tpos:502.3,Tstd:249.6,Bpos:542.7,Bstd:290.1,StrandBias:0.4,Multiplicity:1.00
0.001	0.997	0.001	0.001
0.001	0.997	0.001	0.001
0.001	0.997	0.001	0.001
0.867	0.001	0.001	0.131
0.001	0.152	0.001	0.846
0.997	0.001	0.001	0.001
0.072	0.840	0.001	0.087
0.001	0.001	0.001	0.997
0.001	0.001	0.001	0.997
0.152	0.846	0.001	0.001
0.997	0.001	0.001	0.001
0.119	0.131	0.001	0.749
>ATAAAGTACTTT	7-ATAAAGTACTTT	12.662295	-22.048360	0	T:13.0(4.87%),B:170.6(0.42%),P:1e-9	Tpos:593.4,Tstd:304.7,Bpos:517.5,Bstd:297.4,StrandBias:-1.7,Multiplicity:1.00
0.901	0.097	0.001	0.001
0.022	0.001	0.001	0.976
0.901	0.097	0.001	0.001
0.997	0.001	0.001	0.001
0.791	0.104	0.001	0.104
0.001	0.001	0.946	0.052
0.001	0.094	0.001	0.904
0.926	0.001	0.001	0.072
0.001	0.914	0.084	0.001
0.089	0.001	0.001	0.909
0.001	0.001	0.001	0.997
0.163	0.001	0.001	0.835
>CGTGTTCCTGAC	8-CGTGTTCCTGAC	9.516369	-21.755622	0	T:10.0(3.75%),B:79.6(0.19%),P:1e-9	Tpos:481.3,Tstd:351.8,Bpos:500.7,Bstd:302.0,StrandBias:-1.2,Multiplicity:1.00
0.012	0.975	0.001	0.012
0.001	0.001	0.990	0.008
0.001	0.318	0.001	0.680
0.014	0.001	0.984	0.001
0.001	0.001	0.001	0.997
0.001	0.318	0.001	0.680
0.001	0.680	0.318	0.001
0.001	0.997	0.001	0.001
0.288	0.001	0.001	0.710
0.001	0.001	0.997	0.001
0.680	0.001	0.001	0.318
0.009	0.701	0.289	0.001
>TTTGACGACAAC	9-TTTGACGACAAC	13.171043	-20.895474	0	T:10.0(3.75%),B:87.7(0.21%),P:1e-9	Tpos:406.9,Tstd:249.9,Bpos:450.4,Bstd:278.1,StrandBias:0.0,Multiplicity:1.00
0.001	0.001	0.001	0.997
0.001	0.001	0.001	0.997
0.001	0.001	0.001	0.997
0.001	0.001	0.997	0.001
0.997	0.001	0.001	0.001
0.071	0.826	0.001	0.102
0.085	0.001	0.913	0.001
0.878	0.001	0.001	0.120
0.001	0.748	0.250	0.001
0.997	0.001	0.001	0.001
0.838	0.160	0.001	0.001
0.001	0.893	0.001	0.105
>AAAAACGAGATG	10-AAAAACGAGATG	13.119466	-19.909448	0	T:14.0(5.24%),B:249.0(0.61%),P:1e-8	Tpos:427.4,Tstd:271.0,Bpos:536.5,Bstd:332.1,StrandBias:0.2,Multiplicity:1.07
0.997	0.001	0.001	0.001
0.997	0.001	0.001	0.001
0.997	0.001	0.001	0.001
0.862	0.001	0.001	0.136
0.997	0.001	0.001	0.001
0.001	0.883	0.001	0.115
0.001	0.084	0.844	0.071
0.802	0.097	0.100	0.001
0.043	0.001	0.955	0.001
0.997	0.001	0.001	0.001
0.001	0.001	0.001	0.997
0.069	0.001	0.731	0.199
>CCACAAAAATTT	11-CCACAAAAATTT	13.325308	-19.618990	0	T:17.0(6.37%),B:404.3(0.99%),P:1e-8	Tpos:442.6,Tstd:279.7,Bpos:483.7,Bstd:304.0,StrandBias:0.0,Multiplicity:1.06
0.001	0.905	0.001	0.093
0.001	0.997	0.001	0.001
0.811	0.001	0.074	0.114
0.001	0.997	0.001	0.001
0.997	0.001	0.001	0.001
0.930	0.001	0.001	0.068
0.997	0.001	0.001	0.001
0.997	0.001	0.001	0.001
0.997	0.001	0.001	0.001
0.001	0.001	0.078	0.920
0.068	0.119	0.001	0.812
0.001	0.001	0.001	0.997
>CTATTCCTTTCA	12-CTATTCCTTTCA	13.316223	-19.336705	0	T:11.0(4.12%),B:137.4(0.34%),P:1e-8	Tpos:581.8,Tstd:287.7,Bpos:585.7,Bstd:300.0,StrandBias:1.4,Multiplicity:1.00
0.001	0.997	0.001	0.001
0.113	0.001	0.001	0.885
0.894	0.001	0.001	0.104
0.001	0.001	0.001	0.997
0.001	0.001	0.001	0.997
0.169	0.721	0.001	0.109
0.001	0.906	0.001	0.092
0.001	0.001	0.001	0.997
0.001	0.001	0.001	0.997
0.001	0.001	0.001	0.997
0.001	0.997	0.001	0.001
0.704	0.178	0.001	0.117
>CGCCCACTTTCD	13-CGCCCACTTTCD	11.897204	-18.744461	0	T:13.0(4.87%),B:228.0(0.56%),P:1e-8	Tpos:611.0,Tstd:343.8,Bpos:522.3,Bstd:305.1,StrandBias:0.6,Multiplicity:1.15
0.001	0.647	0.001	0.351
0.001	0.001	0.997	0.001
0.001	0.997	0.001	0.001
0.001	0.784	0.214	0.001
0.001	0.997	0.001	0.001
0.784	0.001	0.214	0.001
0.001	0.725	0.206	0.068
0.001	0.001	0.001	0.997
0.001	0.001	0.001	0.997
0.001	0.001	0.001	0.997
0.001	0.731	0.120	0.148
0.324	0.001	0.385	0.290
>AATCCCCCAGGG	14-AATCCCCCAGGG	10.199127	-18.523480	0	T:8.0(3.00%),B:56.4(0.14%),P:1e-8	Tpos:403.0,Tstd:233.4,Bpos:506.1,Bstd:279.7,StrandBias:0.0,Multiplicity:1.25
0.619	0.379	0.001	0.001
0.997	0.001	0.001	0.001
0.134	0.001	0.156	0.709
0.001	0.843	0.155	0.001
0.155	0.843	0.001	0.001
0.001	0.687	0.156	0.156
0.001	0.997	0.001	0.001
0.001	0.789	0.209	0.001
0.997	0.001	0.001	0.001
0.001	0.155	0.843	0.001
0.016	0.001	0.982	0.001
0.001	0.156	0.709	0.134
>CGTGCTTTTCTT	15-CGTGCTTTTCTT	13.140273	-18.260636	0	T:11.0(4.12%),B:153.3(0.37%),P:1e-7	Tpos:486.4,Tstd:225.3,Bpos:546.5,Bstd:288.8,StrandBias:0.0,Multiplicity:1.09
0.001	0.997	0.001	0.001
0.001	0.001	0.997	0.001
0.001	0.001	0.001	0.997
0.088	0.098	0.745	0.069
0.071	0.790	0.001	0.138
0.001	0.001	0.001	0.997
0.001	0.001	0.001	0.997
0.001	0.001	0.001	0.997
0.001	0.001	0.001	0.997
0.001	0.851	0.147	0.001
0.124	0.001	0.111	0.764
0.001	0.097	0.001	0.901
>TCACAATCGGTT	16-TCACAATCGGTT	12.355432	-15.129635	0	T:3.0(1.12%),B:0.0(0.00%),P:1e-6	Tpos:569.7,Tstd:53.1,Bpos:0.0,Bstd:0.0,StrandBias:1.0,Multiplicity:1.00
0.100	0.100	0.100	0.700
0.100	0.700	0.100	0.100
0.700	0.100	0.100	0.100
0.100	0.700	0.100	0.100
0.700	0.100	0.100	0.100
0.700	0.100	0.100	0.100
0.100	0.100	0.100	0.700
0.100	0.700	0.100	0.100
0.100	0.100	0.700	0.100
0.100	0.100	0.700	0.100
0.100	0.100	0.100	0.700
0.100	0.100	0.100	0.700
>ABATCCCCGAGG	17-ABATCCCCGAGG	12.654867	-14.016696	0	T:4.0(1.50%),B:8.3(0.02%),P:1e-6	Tpos:250.0,Tstd:164.7,Bpos:521.8,Bstd:210.7,StrandBias:1.6,Multiplicity:1.00
0.961	0.009	0.015	0.015
0.001	0.401	0.335	0.262
0.663	0.335	0.001	0.001
0.001	0.001	0.001	0.997
0.001	0.997	0.001	0.001
0.001	0.997	0.001	0.001
0.001	0.736	0.001	0.262
0.001	0.997	0.001	0.001
0.001	0.012	0.986	0.001
0.663	0.001	0.335	0.001
0.001	0.001	0.997	0.001
0.335	0.001	0.663	0.001
>TCTTACAATGTA	18-TCTTACAATGTA	13.699592	-13.006032	0	T:5.0(1.87%),B:28.2(0.07%),P:1e-5	Tpos:363.0,Tstd:103.0,Bpos:511.3,Bstd:328.2,StrandBias:-0.4,Multiplicity:1.40
0.001	0.001	0.001	0.997
0.001	0.810	0.121	0.068
0.001	0.001	0.001	0.997
0.168	0.001	0.001	0.830
0.997	0.001	0.001	0.001
0.065	0.933	0.001	0.001
0.878	0.001	0.001	0.120
0.997	0.001	0.001	0.001
0.001	0.001	0.001	0.997
0.001	0.001	0.895	0.103
0.120	0.001	0.001	0.878
0.911	0.001	0.001	0.087
>TCTTCGATGCAC	19-TCTTCGATGCAC	10.859817	-11.073889	0	T:10.0(3.75%),B:268.7(0.66%),P:1e-4	Tpos:327.1,Tstd:217.8,Bpos:491.7,Bstd:297.7,StrandBias:2.3,Multiplicity:1.33
0.102	0.001	0.001	0.896
0.248	0.580	0.083	0.089
0.001	0.001	0.106	0.892
0.001	0.001	0.001	0.997
0.001	0.997	0.001	0.001
0.001	0.151	0.579	0.269
0.693	0.001	0.151	0.155
0.129	0.001	0.001	0.869
0.089	0.001	0.843	0.067
0.001	0.869	0.001	0.129
0.901	0.001	0.001	0.097
0.117	0.881	0.001	0.001
>TCAGCGGCCGAC	20-TCAGCGGCCGAC	13.974393	-10.062170	0	T:3.0(1.12%),B:8.2(0.02%),P:1e-4	Tpos:242.2,Tstd:188.9,Bpos:551.1,Bstd:287.7,StrandBias:-1.6,Multiplicity:1.33
0.137	0.001	0.080	0.782
0.001	0.867	0.131	0.001
0.997	0.001	0.001	0.001
0.001	0.001	0.997	0.001
0.001	0.997	0.001	0.001
0.101	0.001	0.897	0.001
0.001	0.151	0.847	0.001
0.001	0.997	0.001	0.001
0.001	0.777	0.221	0.001
0.001	0.001	0.997	0.001
0.997	0.001	0.001	0.001
0.001	0.997	0.001	0.001
>GTGTRDATTTAC	21-GTGTRDATTTAC	10.641144	-8.922900	0	T:12.0(4.49%),B:495.8(1.21%),P:1e-3	Tpos:494.4,Tstd:272.6,Bpos:537.4,Bstd:296.7,StrandBias:-2.1,Multiplicity:1.75
0.001	0.260	0.734	0.005
0.001	0.127	0.001	0.871
0.001	0.001	0.997	0.001
0.001	0.001	0.001	0.997
0.496	0.001	0.421	0.082
0.243	0.001	0.388	0.368
0.997	0.001	0.001	0.001
0.131	0.001	0.001	0.867
0.381	0.001	0.001	0.617
0.001	0.006	0.116	0.877
0.997	0.001	0.001	0.001
0.001	0.997	0.001	0.001
>WTTAAAATTCGT	22-WTTAAAATTCGT	11.941357	-8.295056	0	T:12.0(4.49%),B:531.8(1.30%),P:1e-3	Tpos:490.0,Tstd:256.0,Bpos:488.5,Bstd:291.0,StrandBias:2.6,Multiplicity:1.75
0.472	0.070	0.001	0.457
0.001	0.001	0.001	0.997
0.050	0.001	0.057	0.892
0.909	0.001	0.043	0.047
0.997	0.001	0.001	0.001
0.886	0.001	0.001	0.112
0.944	0.046	0.009	0.001
0.042	0.082	0.001	0.875
0.123	0.078	0.072	0.727
0.001	0.935	0.001	0.063
0.201	0.227	0.565	0.007
0.001	0.045	0.041	0.913
>TGCGTAGAGGAA	23-TGCGTAGAGGAA	12.804968	-8.023149	0	T:3.0(1.12%),B:18.5(0.05%),P:1e-3	Tpos:693.3,Tstd:155.0,Bpos:498.9,Bstd:278.3,StrandBias:-10.0,Multiplicity:1.00
0.001	0.001	0.001	0.997
0.001	0.001	0.997	0.001
0.001	0.997	0.001	0.001
0.186	0.001	0.812	0.001
0.001	0.001	0.001	0.997
0.857	0.141	0.001	0.001
0.001	0.001	0.997	0.001
0.997	0.001	0.001	0.001
0.148	0.001	0.850	0.001
0.001	0.001	0.997	0.001
0.997	0.001	0.001	0.001
0.997	0.001	0.001	0.001
>CCTCGTGGACAA	24-CCTCGTGGACAA	14.211243	-6.581374	0	T:3.0(1.12%),B:31.4(0.08%),P:1e-2	Tpos:426.0,Tstd:161.4,Bpos:545.8,Bstd:216.1,StrandBias:1.0,Multiplicity:2.00
0.208	0.790	0.001	0.001
0.001	0.997	0.001	0.001
0.189	0.001	0.264	0.546
0.001	0.997	0.001	0.001
0.001	0.001	0.997	0.001
0.001	0.001	0.001	0.997
0.001	0.001	0.997	0.001
0.001	0.001	0.997	0.001
0.997	0.001	0.001	0.001
0.197	0.801	0.001	0.001
0.997	0.001	0.001	0.001
0.997	0.001	0.001	0.001
>ACCGTTCTAACT	25-ACCGTTCTAACT	12.355432	-3.662869	0	T:1.0(0.37%),B:3.5(0.01%),P:1e-1	Tpos:531.4,Tstd:83.7,Bpos:603.5,Bstd:197.9,StrandBias:10.0,Multiplicity:8.00
0.700	0.100	0.100	0.100
0.100	0.700	0.100	0.100
0.100	0.700	0.100	0.100
0.100	0.100	0.700	0.100
0.100	0.100	0.100	0.700
0.100	0.100	0.100	0.700
0.100	0.700	0.100	0.100
0.100	0.100	0.100	0.700
0.700	0.100	0.100	0.100
0.700	0.100	0.100	0.100
0.100	0.700	0.100	0.100
0.100	0.100	0.100	0.700
>CTCCCACG	1-CTCCCACG	6.118535	-26.431395	0	T:88.0(32.96%),B:6444.3(15.74%),P:1e-11	Tpos:536.7,Tstd:290.2,Bpos:511.3,Bstd:308.2,StrandBias:1.0,Multiplicity:1.20
0.154	0.751	0.012	0.083
0.103	0.053	0.001	0.843
0.001	0.960	0.014	0.025
0.128	0.756	0.070	0.046
0.019	0.896	0.001	0.084
0.997	0.001	0.001	0.001
0.001	0.964	0.001	0.034
0.077	0.001	0.826	0.096
>TACGTCAT	2-TACGTCAT	7.822119	-15.400772	0	T:46.0(17.23%),B:3120.6(7.62%),P:1e-6	Tpos:558.2,Tstd:261.9,Bpos:507.0,Bstd:302.9,StrandBias:0.1,Multiplicity:1.09
0.145	0.001	0.001	0.853
0.904	0.068	0.001	0.027
0.031	0.911	0.001	0.057
0.038	0.195	0.725	0.042
0.001	0.006	0.001	0.992
0.051	0.887	0.031	0.031
0.944	0.033	0.001	0.022
0.090	0.027	0.001	0.882
>AKAARAGG	3-AKAARAGG	7.677127	-15.246875	0	T:90.0(33.71%),B:8311.1(20.29%),P:1e-6	Tpos:531.2,Tstd:290.4,Bpos:535.4,Bstd:322.0,StrandBias:-1.2,Multiplicity:1.19
0.726	0.001	0.001	0.272
0.001	0.001	0.485	0.513
0.895	0.001	0.103	0.001
0.883	0.023	0.046	0.048
0.489	0.154	0.357	0.001
0.805	0.001	0.062	0.132
0.001	0.001	0.997	0.001
0.085	0.153	0.761	0.001
>CGGCCGCT	4-CGGCCGCT	6.520077	-8.232661	0	T:25.0(9.36%),B:1757.0(4.29%),P:1e-3	Tpos:540.0,Tstd:265.2,Bpos:504.3,Bstd:294.6,StrandBias:1.1,Multiplicity:1.40
0.001	0.997	0.001	0.001
0.069	0.092	0.838	0.001
0.131	0.067	0.801	0.001
0.095	0.903	0.001	0.001
0.001	0.997	0.001	0.001
0.001	0.035	0.963	0.001
0.001	0.997	0.001	0.001
0.001	0.001	0.001	0.997
>ATATACCG	5-ATATACCG	9.638031	-6.428769	0	T:16.0(5.99%),B:1042.6(2.55%),P:1e-2	Tpos:571.7,Tstd:232.1,Bpos:525.2,Bstd:316.5,StrandBias:0.1,Multiplicity:1.44
0.997	0.001	0.001	0.001
0.001	0.001	0.001	0.997
0.997	0.001	0.001	0.001
0.001	0.001	0.001	0.997
0.997	0.001	0.001	0.001
0.001	0.997	0.001	0.001
0.001	0.759	0.239	0.001
0.001	0.001	0.997	0.001
