>GCTCTTCTTTTT	1-GCTCTTCTTTTT	12.729107	-24.187115	0	T:19.0(7.12%),B:389.7(0.95%),P:1e-10	Tpos:552.5,Tstd:294.7,Bpos:554.9,Bstd:325.9,StrandBias:1.9,Multiplicity:1.00
0.001	0.246	0.752	0.001
0.058	0.940	0.001	0.001
0.072	0.063	0.001	0.864
0.112	0.854	0.001	0.033
0.001	0.001	0.001	0.997
0.001	0.091	0.001	0.907
0.001	0.868	0.001	0.130
0.001	0.001	0.001	0.997
0.001	0.080	0.001	0.918
0.001	0.054	0.001	0.944
0.001	0.001	0.001	0.997
0.001	0.001	0.001	0.997
>AAATGAGACGAA	2-AAATGAGACGAA	12.974520	-23.715673	0	T:14.0(5.24%),B:182.8(0.45%),P:1e-10	Tpos:509.5,Tstd:329.0,Bpos:529.5,Bstd:345.8,StrandBias:-1.9,Multiplicity:1.00
0.868	0.001	0.001	0.130
0.997	0.001	0.001	0.001
0.919	0.001	0.001	0.079
0.001	0.093	0.001	0.905
0.001	0.067	0.931	0.001
0.842	0.071	0.001	0.086
0.090	0.001	0.908	0.001
0.909	0.001	0.001	0.089
0.013	0.910	0.035	0.042
0.001	0.001	0.848	0.150
0.997	0.001	0.001	0.001
0.997	0.001	0.001	0.001
>AGKTGAATAWTC	3-AGKTGAATAWTC	11.653727	-23.478825	0	T:15.0(5.62%),B:224.5(0.55%),P:1e-10	Tpos:569.1,Tstd:274.7,Bpos:497.7,Bstd:311.5,StrandBias:-0.6,Multiplicity:1.00
0.865	0.133	0.001	0.001
0.001	0.001	0.952	0.046
0.110	0.001	0.494	0.395
0.001	0.001	0.001	0.997
0.075	0.134	0.790	0.001
0.997	0.001	0.001	0.001
0.752	0.134	0.113	0.001
0.001	0.001	0.091	0.907
0.858	0.001	0.134	0.007
0.517	0.001	0.001	0.481
0.105	0.001	0.001	0.893
0.001	0.991	0.007	0.001
>TCATGTGACATA	4-TCATGTGACATA	9.857876	-22.690581	0	T:25.0(9.36%),B:780.8(1.91%),P:1e-9	Tpos:514.8,Tstd:289.5,Bpos:529.5,Bstd:301.5,StrandBias:0.3,Multiplicity:1.00
0.030	0.001	0.050	0.919
0.073	0.811	0.115	0.001
0.835	0.001	0.046	0.118
0.119	0.053	0.059	0.769
0.041	0.052	0.843	0.064
0.001	0.001	0.037	0.961
0.046	0.087	0.824	0.043
0.832	0.001	0.001	0.166
0.054	0.726	0.134	0.086
0.948	0.001	0.001	0.050
0.072	0.156	0.053	0.719
0.821	0.001	0.046	0.132
>RAACTAAACTCT	5-RAACTAAACTCT	13.947032	-22.659605	0	T:8.0(3.00%),B:31.7(0.08%),P:1e-9	Tpos:649.1,Tstd:220.8,Bpos:609.1,Bstd:273.9,StrandBias:10.0,Multiplicity:1.00
0.465	0.001	0.533	0.001
0.997	0.001	0.001	0.001
0.997	0.001	0.001	0.001
0.001	0.997	0.001	0.001
0.001	0.001	0.001	0.997
0.886	0.112	0.001	0.001
0.997	0.001	0.001	0.001
0.997	0.001	0.001	0.001
0.115	0.883	0.001	0.001
0.001	0.001	0.001	0.997
0.167	0.831	0.001	0.001
0.001	0.001	0.001	0.997
>CCCATACTTCAT	6-CCCATACTTCAT	13.406448	-22.063587	0	T:7.0(2.62%),B:19.4(0.05%),P:1e-9	Tpos:502.3,Tstd:249.6,Bpos:542.7,Bstd:290.1,StrandBias:0.4,Multiplicity:1.00
0.001	0.997	0.001	0.001
0.001	0.997	0.001	0.001
0.001	0.997	0.001	0.001
0.867	0.001	0.001	0.131
0.001	0.152	0.001	0.846
0.997	0.001	0.001	0.001
0.072	0.840	0.001	0.087
0.001	0.001	0.001	0.997
0.001	0.001	0.001	0.997
0.152	0.846	0.001	0.001
0.997	0.001	0.001	0.001
0.119	0.131	0.001	0.749
>ATAAAGTACTTT	7-ATAAAGTACTTT	12.662295	-22.048360	0	T:13.0(4.87%),B:170.6(0.42%),P:1e-9	Tpos:593.4,Tstd:304.7,Bpos:517.5,Bstd:297.4,StrandBias:-1.7,Multiplicity:1.00
0.901	0.097	0.001	0.001
0.022	0.001	0.001	0.976
0.901	0.097	0.001	0.001
0.997	0.001	0.001	0.001
0.791	0.104	0.001	0.104
0.001	0.001	0.946	0.052
0.001	0.094	0.001	0.904
0.926	0.001	0.001	0.072
0.001	0.914	0.084	0.001
0.089	0.001	0.001	0.909
0.001	0.001	0.001	0.997
0.163	0.001	0.001	0.835
>CGTGTTCCTGAC	8-CGTGTTCCTGAC	9.516369	-21.755622	0	T:10.0(3.75%),B:79.6(0.19%),P:1e-9	Tpos:481.3,Tstd:351.8,Bpos:500.7,Bstd:302.0,StrandBias:-1.2,Multiplicity:1.00
0.012	0.975	0.001	0.012
0.001	0.001	0.990	0.008
0.001	0.318	0.001	0.680
0.014	0.001	0.984	0.001
0.001	0.001	0.001	0.997
0.001	0.318	0.001	0.680
0.001	0.680	0.318	0.001
0.001	0.997	0.001	0.001
0.288	0.001	0.001	0.710
0.001	0.001	0.997	0.001
0.680	0.001	0.001	0.318
0.009	0.701	0.289	0.001
>TTTGACGACAAC	9-TTTGACGACAAC	13.171043	-20.895474	0	T:10.0(3.75%),B:87.7(0.21%),P:1e-9	Tpos:406.9,Tstd:249.9,Bpos:450.4,Bstd:278.1,StrandBias:0.0,Multiplicity:1.00
0.001	0.001	0.001	0.997
0.001	0.001	0.001	0.997
0.001	0.001	0.001	0.997
0.001	0.001	0.997	0.001
0.997	0.001	0.001	0.001
0.071	0.826	0.001	0.102
0.085	0.001	0.913	0.001
0.878	0.001	0.001	0.120
0.001	0.748	0.250	0.001
0.997	0.001	0.001	0.001
0.838	0.160	0.001	0.001
0.001	0.893	0.001	0.105
>AAAAACGAGATG	10-AAAAACGAGATG	13.119466	-19.909448	0	T:14.0(5.24%),B:249.0(0.61%),P:1e-8	Tpos:427.4,Tstd:271.0,Bpos:536.5,Bstd:332.1,StrandBias:0.2,Multiplicity:1.07
0.997	0.001	0.001	0.001
0.997	0.001	0.001	0.001
0.997	0.001	0.001	0.001
0.862	0.001	0.001	0.136
0.997	0.001	0.001	0.001
0.001	0.883	0.001	0.115
0.001	0.084	0.844	0.071
0.802	0.097	0.100	0.001
0.043	0.001	0.955	0.001
0.997	0.001	0.001	0.001
0.001	0.001	0.001	0.997
0.069	0.001	0.731	0.199
>CCACAAAAATTT	11-CCACAAAAATTT	13.325308	-19.618990	0	T:17.0(6.37%),B:404.3(0.99%),P:1e-8	Tpos:442.6,Tstd:279.7,Bpos:483.7,Bstd:304.0,StrandBias:0.0,Multiplicity:1.06
0.001	0.905	0.001	0.093
0.001	0.997	0.001	0.001
0.811	0.001	0.074	0.114
0.001	0.997	0.001	0.001
0.997	0.001	0.001	0.001
0.930	0.001	0.001	0.068
0.997	0.001	0.001	0.001
0.997	0.001	0.001	0.001
0.997	0.001	0.001	0.001
0.001	0.001	0.078	0.920
0.068	0.119	0.001	0.812
0.001	0.001	0.001	0.997
>CTATTCCTTTCA	12-CTATTCCTTTCA	13.316223	-19.336705	0	T:11.0(4.12%),B:137.4(0.34%),P:1e-8	Tpos:581.8,Tstd:287.7,Bpos:585.7,Bstd:300.0,StrandBias:1.4,Multiplicity:1.00
0.001	0.997	0.001	0.001
0.113	0.001	0.001	0.885
0.894	0.001	0.001	0.104
0.001	0.001	0.001	0.997
0.001	0.001	0.001	0.997
0.169	0.721	0.001	0.109
0.001	0.906	0.001	0.092
0.001	0.001	0.001	0.997
0.001	0.001	0.001	0.997
0.001	0.001	0.001	0.997
0.001	0.997	0.001	0.001
0.704	0.178	0.001	0.117
>CGCCCACTTTCD	13-CGCCCACTTTCD	11.897204	-18.744461	0	T:13.0(4.87%),B:228.0(0.56%),P:1e-8	Tpos:611.0,Tstd:343.8,Bpos:522.3,Bstd:305.1,StrandBias:0.6,Multiplicity:1.15
0.001	0.647	0.001	0.351
0.001	0.001	0.997	0.001
0.001	0.997	0.001	0.001
0.001	0.784	0.214	0.001
0.001	0.997	0.001	0.001
0.784	0.001	0.214	0.001
0.001	0.725	0.206	0.068
0.001	0.001	0.001	0.997
0.001	0.001	0.001	0.997
0.001	0.001	0.001	0.997
0.001	0.731	0.120	0.148
0.324	0.001	0.385	0.290
>AATCCCCCAGGG	14-AATCCCCCAGGG	10.199127	-18.523480	0	T:8.0(3.00%),B:56.4(0.14%),P:1e-8	Tpos:403.0,Tstd:233.4,Bpos:506.1,Bstd:279.7,StrandBias:0.0,Multiplicity:1.25
0.619	0.379	0.001	0.001
0.997	0.001	0.001	0.001
0.134	0.001	0.156	0.709
0.001	0.843	0.155	0.001
0.155	0.843	0.001	0.001
0.001	0.687	0.156	0.156
0.001	0.997	0.001	0.001
0.001	0.789	0.209	0.001
0.997	0.001	0.001	0.001
0.001	0.155	0.843	0.001
0.016	0.001	0.982	0.001
0.001	0.156	0.709	0.134
>CGTGCTTTTCTT	15-CGTGCTTTTCTT	13.140273	-18.260636	0	T:11.0(4.12%),B:153.3(0.37%),P:1e-7	Tpos:486.4,Tstd:225.3,Bpos:546.5,Bstd:288.8,StrandBias:0.0,Multiplicity:1.09
0.001	0.997	0.001	0.001
0.001	0.001	0.997	0.001
0.001	0.001	0.001	0.997
0.088	0.098	0.745	0.069
0.071	0.790	0.001	0.138
0.001	0.001	0.001	0.997
0.001	0.001	0.001	0.997
0.001	0.001	0.001	0.997
0.001	0.001	0.001	0.997
0.001	0.851	0.147	0.001
0.124	0.001	0.111	0.764
0.001	0.097	0.001	0.901
>TCACAATCGGTT	16-TCACAATCGGTT	12.355432	-15.129635	0	T:3.0(1.12%),B:0.0(0.00%),P:1e-6	Tpos:569.7,Tstd:53.1,Bpos:0.0,Bstd:0.0,StrandBias:1.0,Multiplicity:1.00
0.100	0.100	0.100	0.700
0.100	0.700	0.100	0.100
0.700	0.100	0.100	0.100
0.100	0.700	0.100	0.100
0.700	0.100	0.100	0.100
0.700	0.100	0.100	0.100
0.100	0.100	0.100	0.700
0.100	0.700	0.100	0.100
0.100	0.100	0.700	0.100
0.100	0.100	0.700	0.100
0.100	0.100	0.100	0.700
0.100	0.100	0.100	0.700
>ABATCCCCGAGG	17-ABATCCCCGAGG	12.654867	-14.016696	0	T:4.0(1.50%),B:8.3(0.02%),P:1e-6	Tpos:250.0,Tstd:164.7,Bpos:521.8,Bstd:210.7,StrandBias:1.6,Multiplicity:1.00
0.961	0.009	0.015	0.015
0.001	0.401	0.335	0.262
0.663	0.335	0.001	0.001
0.001	0.001	0.001	0.997
0.001	0.997	0.001	0.001
0.001	0.997	0.001	0.001
0.001	0.736	0.001	0.262
0.001	0.997	0.001	0.001
0.001	0.012	0.986	0.001
0.663	0.001	0.335	0.001
0.001	0.001	0.997	0.001
0.335	0.001	0.663	0.001
>TCTTACAATGTA	18-TCTTACAATGTA	13.699592	-13.006032	0	T:5.0(1.87%),B:28.2(0.07%),P:1e-5	Tpos:363.0,Tstd:103.0,Bpos:511.3,Bstd:328.2,StrandBias:-0.4,Multiplicity:1.40
0.001	0.001	0.001	0.997
0.001	0.810	0.121	0.068
0.001	0.001	0.001	0.997
0.168	0.001	0.001	0.830
0.997	0.001	0.001	0.001
0.065	0.933	0.001	0.001
0.878	0.001	0.001	0.120
0.997	0.001	0.001	0.001
0.001	0.001	0.001	0.997
0.001	0.001	0.895	0.103
0.120	0.001	0.001	0.878
0.911	0.001	0.001	0.087
>TCTTCGATGCAC	19-TCTTCGATGCAC	10.859817	-11.073889	0	T:10.0(3.75%),B:268.7(0.66%),P:1e-4	Tpos:327.1,Tstd:217.8,Bpos:491.7,Bstd:297.7,StrandBias:2.3,Multiplicity:1.33
0.102	0.001	0.001	0.896
0.248	0.580	0.083	0.089
0.001	0.001	0.106	0.892
0.001	0.001	0.001	0.997
0.001	0.997	0.001	0.001
0.001	0.151	0.579	0.269
0.693	0.001	0.151	0.155
0.129	0.001	0.001	0.869
0.089	0.001	0.843	0.067
0.001	0.869	0.001	0.129
0.901	0.001	0.001	0.097
0.117	0.881	0.001	0.001
>TCAGCGGCCGAC	20-TCAGCGGCCGAC	13.974393	-10.062170	0	T:3.0(1.12%),B:8.2(0.02%),P:1e-4	Tpos:242.2,Tstd:188.9,Bpos:551.1,Bstd:287.7,StrandBias:-1.6,Multiplicity:1.33
0.137	0.001	0.080	0.782
0.001	0.867	0.131	0.001
0.997	0.001	0.001	0.001
0.001	0.001	0.997	0.001
0.001	0.997	0.001	0.001
0.101	0.001	0.897	0.001
0.001	0.151	0.847	0.001
0.001	0.997	0.001	0.001
0.001	0.777	0.221	0.001
0.001	0.001	0.997	0.001
0.997	0.001	0.001	0.001
0.001	0.997	0.001	0.001
>GTGTRDATTTAC	21-GTGTRDATTTAC	10.641144	-8.922900	0	T:12.0(4.49%),B:495.8(1.21%),P:1e-3	Tpos:494.4,Tstd:272.6,Bpos:537.4,Bstd:296.7,StrandBias:-2.1,Multiplicity:1.75
0.001	0.260	0.734	0.005
0.001	0.127	0.001	0.871
0.001	0.001	0.997	0.001
0.001	0.001	0.001	0.997
0.496	0.001	0.421	0.082
0.243	0.001	0.388	0.368
0.997	0.001	0.001	0.001
0.131	0.001	0.001	0.867
0.381	0.001	0.001	0.617
0.001	0.006	0.116	0.877
0.997	0.001	0.001	0.001
0.001	0.997	0.001	0.001
>WTTAAAATTCGT	22-WTTAAAATTCGT	11.941357	-8.295056	0	T:12.0(4.49%),B:531.8(1.30%),P:1e-3	Tpos:490.0,Tstd:256.0,Bpos:488.5,Bstd:291.0,StrandBias:2.6,Multiplicity:1.75
0.472	0.070	0.001	0.457
0.001	0.001	0.001	0.997
0.050	0.001	0.057	0.892
0.909	0.001	0.043	0.047
0.997	0.001	0.001	0.001
0.886	0.001	0.001	0.112
0.944	0.046	0.009	0.001
0.042	0.082	0.001	0.875
0.123	0.078	0.072	0.727
0.001	0.935	0.001	0.063
0.201	0.227	0.565	0.007
0.001	0.045	0.041	0.913
>TGCGTAGAGGAA	23-TGCGTAGAGGAA	12.804968	-8.023149	0	T:3.0(1.12%),B:18.5(0.05%),P:1e-3	Tpos:693.3,Tstd:155.0,Bpos:498.9,Bstd:278.3,StrandBias:-10.0,Multiplicity:1.00
0.001	0.001	0.001	0.997
0.001	0.001	0.997	0.001
0.001	0.997	0.001	0.001
0.186	0.001	0.812	0.001
0.001	0.001	0.001	0.997
0.857	0.141	0.001	0.001
0.001	0.001	0.997	0.001
0.997	0.001	0.001	0.001
0.148	0.001	0.850	0.001
0.001	0.001	0.997	0.001
0.997	0.001	0.001	0.001
0.997	0.001	0.001	0.001
>CCTCGTGGACAA	24-CCTCGTGGACAA	14.211243	-6.581374	0	T:3.0(1.12%),B:31.4(0.08%),P:1e-2	Tpos:426.0,Tstd:161.4,Bpos:545.8,Bstd:216.1,StrandBias:1.0,Multiplicity:2.00
0.208	0.790	0.001	0.001
0.001	0.997	0.001	0.001
0.189	0.001	0.264	0.546
0.001	0.997	0.001	0.001
0.001	0.001	0.997	0.001
0.001	0.001	0.001	0.997
0.001	0.001	0.997	0.001
0.001	0.001	0.997	0.001
0.997	0.001	0.001	0.001
0.197	0.801	0.001	0.001
0.997	0.001	0.001	0.001
0.997	0.001	0.001	0.001
>ACCGTTCTAACT	25-ACCGTTCTAACT	12.355432	-3.662869	0	T:1.0(0.37%),B:3.5(0.01%),P:1e-1	Tpos:531.4,Tstd:83.7,Bpos:603.5,Bstd:197.9,StrandBias:10.0,Multiplicity:8.00
0.700	0.100	0.100	0.100
0.100	0.700	0.100	0.100
0.100	0.700	0.100	0.100
0.100	0.100	0.700	0.100
0.100	0.100	0.100	0.700
0.100	0.100	0.100	0.700
0.100	0.700	0.100	0.100
0.100	0.100	0.100	0.700
0.700	0.100	0.100	0.100
0.700	0.100	0.100	0.100
0.100	0.700	0.100	0.100
0.100	0.100	0.100	0.700
