>ATTCGTCTTTAA	14-ATTCGTCTTTAA	9.668029	-17.938330	0	T:23.0(11.79%),B:1143.3(2.88%),P:1e-7
0.814	0.067	0.056	0.063
0.055	0.037	0.033	0.875
0.033	0.023	0.027	0.917
0.048	0.774	0.122	0.056
0.042	0.063	0.826	0.069
0.105	0.001	0.041	0.853
0.019	0.898	0.059	0.024
0.059	0.001	0.092	0.848
0.071	0.063	0.049	0.817
0.030	0.044	0.084	0.842
0.799	0.058	0.055	0.088
0.744	0.056	0.083	0.117
