>TTCCAAAGATTA	10-TAATCTTTGGAA	10.916778	-20.789933	0	T:23.0(11.79%),B:978.1(2.46%),P:1e-9
0.109	0.001	0.056	0.834
0.035	0.001	0.066	0.898
0.052	0.826	0.030	0.092
0.128	0.581	0.153	0.138
0.926	0.001	0.041	0.032
0.882	0.001	0.056	0.061
0.807	0.001	0.079	0.113
0.060	0.060	0.812	0.068
0.849	0.001	0.001	0.149
0.075	0.056	0.001	0.868
0.098	0.021	0.001	0.880
0.848	0.001	0.001	0.150
