>ATTGACTACACA	6-ATTGACTACACA,BestGuess:ceh-48/MA0921.1/Jaspar(0.568)	10.333750	-21.273379	0	T:17.0(8.72%),B:486.2(1.22%),P:1e-9
0.897	0.001	0.075	0.027
0.001	0.001	0.142	0.856
0.075	0.001	0.002	0.922
0.042	0.058	0.831	0.069
0.903	0.001	0.001	0.095
0.002	0.854	0.063	0.081
0.001	0.001	0.076	0.922
0.856	0.068	0.001	0.075
0.143	0.667	0.129	0.061
0.838	0.075	0.001	0.086
0.151	0.738	0.110	0.001
0.729	0.086	0.001	0.184
