>GACGATACGT	1-GACGATACGT	8.147800	-23.432319	0	T:21.0(22.11%),B:1537.2(3.80%),P:1e-10	Tpos:496.9,Tstd:277.9,Bpos:508.5,Bstd:298.0,StrandBias:-0.3,Multiplicity:1.05
0.040	0.125	0.834	0.001
0.858	0.003	0.001	0.138
0.146	0.808	0.045	0.001
0.182	0.001	0.816	0.001
0.853	0.001	0.145	0.001
0.034	0.119	0.001	0.846
0.716	0.057	0.179	0.048
0.001	0.741	0.141	0.117
0.001	0.001	0.859	0.139
0.001	0.176	0.146	0.677
>GTCATCACGT	2-GTCATCACGT	10.255038	-21.240822	0	T:10.0(10.53%),B:249.6(0.62%),P:1e-9	Tpos:631.3,Tstd:363.3,Bpos:460.8,Bstd:290.9,StrandBias:0.0,Multiplicity:1.00
0.060	0.001	0.938	0.001
0.099	0.110	0.001	0.790
0.001	0.896	0.102	0.001
0.892	0.001	0.106	0.001
0.123	0.001	0.001	0.875
0.001	0.997	0.001	0.001
0.765	0.001	0.001	0.233
0.069	0.929	0.001	0.001
0.001	0.001	0.997	0.001
0.001	0.001	0.001	0.997
>TGGTAGGCAA	3-TGGTAGGCAA	10.299747	-18.948456	0	T:11.0(11.58%),B:419.3(1.04%),P:1e-8	Tpos:546.8,Tstd:253.2,Bpos:490.5,Bstd:289.2,StrandBias:0.3,Multiplicity:1.00
0.149	0.003	0.001	0.847
0.138	0.001	0.860	0.001
0.376	0.001	0.622	0.001
0.001	0.001	0.001	0.997
0.695	0.001	0.001	0.303
0.256	0.001	0.742	0.001
0.001	0.048	0.950	0.001
0.166	0.583	0.219	0.032
0.997	0.001	0.001	0.001
0.774	0.224	0.001	0.001
>CTCTGAGGCT	4-CTCTGAGGCT	10.115424	-18.717360	0	T:9.0(9.47%),B:238.4(0.59%),P:1e-8	Tpos:487.6,Tstd:245.8,Bpos:454.2,Bstd:285.7,StrandBias:3.2,Multiplicity:1.11
0.266	0.732	0.001	0.001
0.001	0.001	0.001	0.997
0.001	0.997	0.001	0.001
0.001	0.001	0.001	0.997
0.001	0.292	0.706	0.001
0.926	0.072	0.001	0.001
0.013	0.001	0.985	0.001
0.001	0.001	0.997	0.001
0.345	0.653	0.001	0.001
0.001	0.001	0.001	0.997
>TCCGCGCCAC	5-TCCGCGCCAC	11.204438	-16.485110	0	T:7.0(7.37%),B:143.1(0.35%),P:1e-7	Tpos:512.8,Tstd:241.9,Bpos:534.0,Bstd:270.5,StrandBias:0.0,Multiplicity:1.14
0.001	0.001	0.001	0.997
0.001	0.997	0.001	0.001
0.001	0.997	0.001	0.001
0.001	0.155	0.843	0.001
0.001	0.997	0.001	0.001
0.001	0.130	0.693	0.176
0.001	0.997	0.001	0.001
0.001	0.997	0.001	0.001
0.845	0.001	0.001	0.153
0.200	0.798	0.001	0.001
>CGCTTGTTTT	6-CGCTTGTTTT	10.155343	-16.254615	0	T:21.0(22.11%),B:2320.1(5.73%),P:1e-7	Tpos:432.1,Tstd:234.6,Bpos:532.6,Bstd:311.3,StrandBias:-0.1,Multiplicity:1.19
0.037	0.891	0.001	0.071
0.001	0.001	0.933	0.065
0.088	0.781	0.001	0.130
0.051	0.001	0.001	0.947
0.001	0.001	0.056	0.942
0.001	0.102	0.825	0.072
0.001	0.102	0.091	0.806
0.001	0.001	0.001	0.997
0.001	0.001	0.001	0.997
0.001	0.078	0.001	0.920
>AAGTCCTAGA	7-AAGTCCTAGA	10.471747	-14.409084	0	T:11.0(11.58%),B:664.1(1.64%),P:1e-6	Tpos:472.9,Tstd:288.1,Bpos:495.0,Bstd:293.2,StrandBias:0.2,Multiplicity:1.18
0.821	0.001	0.001	0.177
0.997	0.001	0.001	0.001
0.083	0.001	0.844	0.072
0.133	0.001	0.001	0.865
0.001	0.848	0.001	0.150
0.001	0.889	0.001	0.109
0.114	0.001	0.001	0.884
0.997	0.001	0.001	0.001
0.001	0.001	0.997	0.001
0.997	0.001	0.001	0.001
>TGAACATTAT	8-TGAACATTAT	9.668401	-14.176992	0	T:24.0(25.26%),B:3366.5(8.32%),P:1e-6	Tpos:538.9,Tstd:231.6,Bpos:496.2,Bstd:289.7,StrandBias:0.8,Multiplicity:1.12
0.098	0.001	0.047	0.854
0.121	0.001	0.843	0.035
0.948	0.001	0.001	0.050
0.997	0.001	0.001	0.001
0.001	0.968	0.030	0.001
0.865	0.069	0.001	0.065
0.028	0.001	0.051	0.920
0.036	0.047	0.043	0.874
0.790	0.033	0.034	0.143
0.030	0.001	0.001	0.968
>CCKTTGATTG	9-CCKTTGATTG	10.752974	-12.877195	0	T:9.0(9.47%),B:485.4(1.20%),P:1e-5	Tpos:530.1,Tstd:286.0,Bpos:480.7,Bstd:287.8,StrandBias:1.3,Multiplicity:1.56
0.313	0.685	0.001	0.001
0.001	0.997	0.001	0.001
0.001	0.001	0.530	0.468
0.221	0.001	0.001	0.777
0.001	0.001	0.001	0.997
0.001	0.001	0.997	0.001
0.641	0.357	0.001	0.001
0.001	0.001	0.001	0.997
0.001	0.001	0.001	0.997
0.001	0.001	0.997	0.001
>TTTTCCGGCC	10-TTTTCCGGCC	8.318086	-11.105398	0	T:21.0(22.11%),B:3209.7(7.93%),P:1e-4	Tpos:573.4,Tstd:215.0,Bpos:503.7,Bstd:311.9,StrandBias:0.6,Multiplicity:1.10
0.022	0.186	0.154	0.638
0.056	0.003	0.001	0.940
0.001	0.001	0.001	0.997
0.047	0.092	0.001	0.860
0.146	0.612	0.139	0.103
0.019	0.848	0.034	0.099
0.001	0.001	0.956	0.042
0.072	0.085	0.667	0.176
0.157	0.841	0.001	0.001
0.018	0.681	0.240	0.061
>AAGYGAGAAC	11-AAGYGAGAAC	10.944235	-6.823066	0	T:5.0(5.26%),B:324.2(0.80%),P:1e-2	Tpos:541.3,Tstd:224.8,Bpos:504.3,Bstd:289.8,StrandBias:-3.3,Multiplicity:2.20
0.875	0.001	0.001	0.123
0.997	0.001	0.001	0.001
0.001	0.001	0.997	0.001
0.001	0.434	0.001	0.564
0.001	0.001	0.818	0.180
0.619	0.001	0.379	0.001
0.001	0.001	0.997	0.001
0.997	0.001	0.001	0.001
0.997	0.001	0.001	0.001
0.001	0.997	0.001	0.001
>ATATGGAGTC	12-ATATGGAGTC	11.454605	-6.600025	0	T:4.0(4.21%),B:199.1(0.49%),P:1e-2	Tpos:415.9,Tstd:260.9,Bpos:440.2,Bstd:291.7,StrandBias:-10.0,Multiplicity:1.75
0.997	0.001	0.001	0.001
0.001	0.001	0.168	0.830
0.997	0.001	0.001	0.001
0.001	0.001	0.001	0.997
0.001	0.001	0.997	0.001
0.001	0.001	0.997	0.001
0.997	0.001	0.001	0.001
0.001	0.001	0.867	0.131
0.153	0.001	0.001	0.845
0.001	0.997	0.001	0.001
>GTCGACMCRM	13-GTCGACMCRM	10.058488	-5.367270	0	T:4.0(4.21%),B:282.8(0.70%),P:1e-2	Tpos:192.5,Tstd:133.5,Bpos:481.0,Bstd:297.3,StrandBias:-0.2,Multiplicity:3.75
0.001	0.001	0.730	0.268
0.001	0.001	0.001	0.997
0.001	0.997	0.001	0.001
0.001	0.001	0.997	0.001
0.940	0.058	0.001	0.001
0.007	0.991	0.001	0.001
0.431	0.339	0.230	0.001
0.001	0.789	0.001	0.209
0.483	0.001	0.515	0.001
0.484	0.514	0.001	0.001
>TTCATATACC	14-TTCATATACC	11.139717	-5.156832	0	T:3.0(3.16%),B:151.6(0.37%),P:1e-2	Tpos:541.5,Tstd:190.4,Bpos:515.3,Bstd:281.2,StrandBias:3.7,Multiplicity:4.67
0.001	0.001	0.001	0.997
0.001	0.001	0.001	0.997
0.001	0.997	0.001	0.001
0.997	0.001	0.001	0.001
0.001	0.001	0.001	0.997
0.885	0.001	0.113	0.001
0.001	0.001	0.076	0.922
0.997	0.001	0.001	0.001
0.001	0.997	0.001	0.001
0.001	0.997	0.001	0.001
>ACTACCTTATTA	1-ACTACCTTATTA	13.935627	-24.723009	0	T:6.0(6.32%),B:18.7(0.05%),P:1e-10	Tpos:531.8,Tstd:269.5,Bpos:426.3,Bstd:241.6,StrandBias:1.0,Multiplicity:1.00
0.997	0.001	0.001	0.001
0.001	0.997	0.001	0.001
0.162	0.001	0.001	0.836
0.823	0.175	0.001	0.001
0.001	0.997	0.001	0.001
0.001	0.997	0.001	0.001
0.001	0.001	0.001	0.997
0.162	0.001	0.001	0.836
0.853	0.001	0.001	0.145
0.001	0.001	0.001	0.997
0.001	0.001	0.001	0.997
0.823	0.001	0.001	0.175
>ACYWGTSCWGCT	2-ACYWGTSCWGCT	7.652803	-24.282860	0	T:7.0(7.37%),B:43.5(0.11%),P:1e-10	Tpos:398.4,Tstd:348.0,Bpos:475.0,Bstd:267.9,StrandBias:1.6,Multiplicity:1.14
0.997	0.001	0.001	0.001
0.001	0.997	0.001	0.001
0.001	0.487	0.001	0.511
0.432	0.071	0.001	0.496
0.001	0.001	0.997	0.001
0.001	0.001	0.001	0.997
0.001	0.510	0.488	0.001
0.001	0.997	0.001	0.001
0.502	0.001	0.001	0.496
0.001	0.001	0.997	0.001
0.001	0.997	0.001	0.001
0.001	0.001	0.002	0.996
>GCTGATAGGCAA	3-GCTGATAGGCAA	9.073968	-22.709675	0	T:9.0(9.47%),B:148.4(0.37%),P:1e-9	Tpos:387.3,Tstd:249.1,Bpos:540.6,Bstd:295.1,StrandBias:1.8,Multiplicity:1.00
0.343	0.001	0.655	0.001
0.007	0.976	0.008	0.009
0.001	0.001	0.001	0.997
0.001	0.001	0.997	0.001
0.997	0.001	0.001	0.001
0.001	0.290	0.001	0.708
0.989	0.001	0.009	0.001
0.327	0.001	0.671	0.001
0.001	0.337	0.661	0.001
0.001	0.997	0.001	0.001
0.997	0.001	0.001	0.001
0.708	0.290	0.001	0.001
>GGATTCTTTTTG	4-GGATTCTTTTTG	11.391466	-21.582146	0	T:14.0(14.74%),B:639.9(1.58%),P:1e-9	Tpos:462.0,Tstd:327.7,Bpos:500.9,Bstd:295.4,StrandBias:0.8,Multiplicity:1.00
0.001	0.023	0.752	0.224
0.116	0.082	0.754	0.048
0.751	0.054	0.095	0.100
0.053	0.001	0.001	0.945
0.051	0.001	0.139	0.809
0.051	0.680	0.209	0.060
0.131	0.001	0.001	0.867
0.001	0.001	0.001	0.997
0.001	0.001	0.001	0.997
0.001	0.001	0.165	0.833
0.001	0.001	0.080	0.918
0.131	0.056	0.707	0.106
>ACCATTAATCAT	5-ACCATTAATCAT	14.090703	-20.659650	0	T:6.0(6.32%),B:40.0(0.10%),P:1e-8	Tpos:529.5,Tstd:325.8,Bpos:510.6,Bstd:302.1,StrandBias:1.0,Multiplicity:1.00
0.816	0.001	0.001	0.182
0.001	0.997	0.001	0.001
0.159	0.839	0.001	0.001
0.997	0.001	0.001	0.001
0.001	0.001	0.001	0.997
0.001	0.001	0.001	0.997
0.997	0.001	0.001	0.001
0.810	0.001	0.001	0.188
0.001	0.001	0.001	0.997
0.001	0.765	0.001	0.233
0.997	0.001	0.001	0.001
0.001	0.001	0.001	0.997
>ATTCHCGGTCGA	6-ATTCHCGGTCGA	9.941012	-14.844456	0	T:6.0(6.32%),B:111.8(0.28%),P:1e-6	Tpos:488.3,Tstd:335.1,Bpos:504.2,Bstd:304.5,StrandBias:-1.0,Multiplicity:1.00
0.685	0.001	0.001	0.313
0.001	0.001	0.273	0.725
0.001	0.001	0.001	0.997
0.001	0.997	0.001	0.001
0.412	0.274	0.001	0.314
0.353	0.645	0.001	0.001
0.001	0.015	0.971	0.013
0.001	0.353	0.645	0.001
0.001	0.001	0.001	0.997
0.001	0.984	0.001	0.014
0.001	0.001	0.997	0.001
0.997	0.001	0.001	0.001
>AATGTTCAATAT	7-AATGTTCAATAT	12.923792	-13.508965	0	T:8.0(8.42%),B:329.8(0.82%),P:1e-5	Tpos:586.8,Tstd:181.3,Bpos:502.1,Bstd:283.6,StrandBias:0.0,Multiplicity:1.25
0.908	0.001	0.001	0.090
0.795	0.001	0.203	0.001
0.001	0.170	0.102	0.727
0.069	0.049	0.881	0.001
0.001	0.001	0.001	0.997
0.001	0.001	0.001	0.997
0.001	0.868	0.001	0.130
0.997	0.001	0.001	0.001
0.847	0.151	0.001	0.001
0.253	0.001	0.124	0.622
0.781	0.001	0.214	0.004
0.001	0.001	0.001	0.997
>TYTTAKRAATTA	8-TYTTAKRAATTA	10.052627	-11.360465	0	T:21.0(22.11%),B:3156.0(7.80%),P:1e-4	Tpos:455.2,Tstd:268.2,Bpos:524.8,Bstd:288.6,StrandBias:1.1,Multiplicity:1.19
0.002	0.001	0.001	0.996
0.046	0.445	0.039	0.470
0.041	0.001	0.001	0.957
0.001	0.054	0.105	0.840
0.859	0.079	0.019	0.043
0.001	0.068	0.514	0.417
0.385	0.001	0.486	0.127
0.661	0.001	0.300	0.038
0.876	0.001	0.001	0.122
0.034	0.001	0.084	0.881
0.150	0.089	0.100	0.661
0.953	0.001	0.001	0.045
>AAGTATAMTAGC	9-AAGTATAMTAGC	11.798241	-10.894054	0	T:5.0(5.26%),B:132.7(0.33%),P:1e-4	Tpos:479.8,Tstd:278.4,Bpos:462.3,Bstd:259.8,StrandBias:-2.8,Multiplicity:1.60
0.764	0.234	0.001	0.001
0.997	0.001	0.001	0.001
0.001	0.001	0.844	0.154
0.001	0.001	0.001	0.997
0.997	0.001	0.001	0.001
0.001	0.001	0.001	0.997
0.709	0.001	0.136	0.154
0.433	0.331	0.235	0.001
0.001	0.234	0.001	0.764
0.997	0.001	0.001	0.001
0.195	0.001	0.569	0.235
0.001	0.997	0.001	0.001
>CAAAATCATAKG	10-CAAAATCATAKG	12.328587	-10.314310	0	T:6.0(6.32%),B:251.1(0.62%),P:1e-4	Tpos:557.9,Tstd:253.3,Bpos:468.1,Bstd:277.7,StrandBias:-2.2,Multiplicity:1.83
0.003	0.605	0.391	0.001
0.997	0.001	0.001	0.001
0.787	0.211	0.001	0.001
0.989	0.001	0.001	0.009
0.864	0.001	0.001	0.134
0.002	0.001	0.218	0.779
0.001	0.960	0.005	0.034
0.790	0.206	0.001	0.003
0.001	0.005	0.001	0.993
0.755	0.001	0.001	0.243
0.001	0.162	0.351	0.486
0.001	0.003	0.995	0.001
>ACTATGCTGAAC	11-ACTATGCTGAAC	14.263380	-9.383680	0	T:3.0(3.16%),B:33.1(0.08%),P:1e-4	Tpos:383.3,Tstd:183.3,Bpos:405.5,Bstd:307.4,StrandBias:1.0,Multiplicity:2.00
0.997	0.001	0.001	0.001
0.001	0.997	0.001	0.001
0.001	0.146	0.001	0.852
0.997	0.001	0.001	0.001
0.001	0.001	0.001	0.997
0.001	0.001	0.831	0.167
0.001	0.997	0.001	0.001
0.172	0.001	0.001	0.826
0.185	0.001	0.813	0.001
0.997	0.001	0.001	0.001
0.997	0.001	0.001	0.001
0.001	0.997	0.001	0.001
>ACATGCCAATCA	12-ACATGCCAATCA	9.508819	-7.322085	0	T:3.0(3.16%),B:69.5(0.17%),P:1e-3	Tpos:363.3,Tstd:178.0,Bpos:497.7,Bstd:302.6,StrandBias:-2.3,Multiplicity:2.00
0.997	0.001	0.001	0.001
0.001	0.806	0.001	0.192
0.997	0.001	0.001	0.001
0.001	0.001	0.001	0.997
0.001	0.001	0.997	0.001
0.001	0.997	0.001	0.001
0.101	0.897	0.001	0.001
0.943	0.001	0.055	0.001
0.997	0.001	0.001	0.001
0.001	0.001	0.001	0.997
0.001	0.997	0.001	0.001
0.953	0.045	0.001	0.001
>AATTCATATACC	13-AATTCATATACC	14.124830	-7.233656	0	T:2.0(2.11%),B:15.7(0.04%),P:1e-3	Tpos:515.9,Tstd:174.7,Bpos:488.8,Bstd:247.4,StrandBias:3.6,Multiplicity:6.50
0.893	0.001	0.105	0.001
0.997	0.001	0.001	0.001
0.001	0.001	0.001	0.997
0.001	0.001	0.001	0.997
0.001	0.997	0.001	0.001
0.997	0.001	0.001	0.001
0.001	0.074	0.001	0.924
0.860	0.001	0.138	0.001
0.001	0.001	0.001	0.997
0.997	0.001	0.001	0.001
0.001	0.997	0.001	0.001
0.001	0.997	0.001	0.001
>GTCGACACGCGA	14-GTCGACACGCGA	16.038658	-6.056414	0	T:1.0(1.05%),B:0.0(0.00%),P:1e-2	Tpos:175.5,Tstd:46.2,Bpos:0.0,Bstd:0.0,StrandBias:1.6,Multiplicity:4.00
0.001	0.001	0.997	0.001
0.001	0.001	0.001	0.997
0.001	0.997	0.001	0.001
0.001	0.001	0.997	0.001
0.997	0.001	0.001	0.001
0.001	0.827	0.001	0.171
0.686	0.312	0.001	0.001
0.001	0.997	0.001	0.001
0.001	0.001	0.997	0.001
0.001	0.997	0.001	0.001
0.001	0.001	0.997	0.001
0.997	0.001	0.001	0.001
>AAAAGTTAGAAC	15-AAAAGTTAGAAC	5.142067	-3.420889	0	T:10.0(10.53%),B:2183.9(5.40%),P:1e-1	Tpos:549.6,Tstd:248.5,Bpos:513.6,Bstd:297.6,StrandBias:-2.3,Multiplicity:1.80
0.997	0.001	0.001	0.001
0.997	0.001	0.001	0.001
0.890	0.001	0.001	0.108
0.997	0.001	0.001	0.001
0.001	0.001	0.997	0.001
0.001	0.001	0.001	0.997
0.001	0.001	0.001	0.997
0.997	0.001	0.001	0.001
0.001	0.001	0.997	0.001
0.997	0.001	0.001	0.001
0.997	0.001	0.001	0.001
0.001	0.901	0.097	0.001
>CAGGTCAC	1-CAGGTCAC	6.972609	-11.680662	0	T:21.0(22.11%),B:3089.1(7.64%),P:1e-5	Tpos:603.2,Tstd:284.4,Bpos:511.8,Bstd:298.5,StrandBias:0.3,Multiplicity:1.29
0.144	0.830	0.025	0.001
0.904	0.033	0.040	0.023
0.171	0.001	0.827	0.001
0.001	0.041	0.934	0.024
0.028	0.001	0.048	0.923
0.001	0.880	0.001	0.118
0.784	0.050	0.039	0.127
0.001	0.997	0.001	0.001
>TACKTTGT	2-TACKTTGT	10.213305	-8.175002	0	T:15.0(15.79%),B:2279.7(5.64%),P:1e-3	Tpos:582.5,Tstd:257.5,Bpos:500.5,Bstd:297.8,StrandBias:0.9,Multiplicity:1.13
0.001	0.001	0.001	0.997
0.997	0.001	0.001	0.001
0.001	0.997	0.001	0.001
0.001	0.001	0.521	0.477
0.001	0.001	0.001	0.997
0.001	0.001	0.001	0.997
0.001	0.001	0.997	0.001
0.110	0.001	0.001	0.888
>CTCTKAGG	3-CTCTKAGG	6.561120	-7.861907	0	T:29.0(30.53%),B:6558.9(16.21%),P:1e-3	Tpos:507.5,Tstd:251.0,Bpos:487.5,Bstd:295.5,StrandBias:0.3,Multiplicity:1.41
0.254	0.438	0.195	0.112
0.018	0.001	0.148	0.833
0.001	0.724	0.274	0.001
0.280	0.001	0.001	0.718
0.001	0.130	0.411	0.459
0.664	0.334	0.001	0.001
0.001	0.001	0.997	0.001
0.001	0.145	0.853	0.001
>CGACACGC	4-CGACACGC	8.217521	-5.220971	0	T:6.0(6.32%),B:675.2(1.67%),P:1e-2	Tpos:269.7,Tstd:244.3,Bpos:466.8,Bstd:311.7,StrandBias:-1.0,Multiplicity:2.50
0.001	0.997	0.001	0.001
0.001	0.001	0.997	0.001
0.997	0.001	0.001	0.001
0.001	0.997	0.001	0.001
0.619	0.379	0.001	0.001
0.001	0.905	0.001	0.093
0.001	0.001	0.997	0.001
0.001	0.997	0.001	0.001
>GGTATATG	5-GGTATATG	8.546598	-1.919573	0	T:5.0(5.26%),B:1183.8(2.93%),P:1e0	Tpos:613.2,Tstd:216.9,Bpos:501.7,Bstd:286.3,StrandBias:-3.0,Multiplicity:3.60
0.001	0.001	0.997	0.001
0.001	0.001	0.997	0.001
0.001	0.001	0.001	0.997
0.898	0.100	0.001	0.001
0.001	0.198	0.001	0.800
0.997	0.001	0.001	0.001
0.001	0.001	0.001	0.997
0.001	0.001	0.997	0.001
>GTTCTAAC	6-GTTCTAAC	8.236954	-1.643051	0	T:3.0(3.16%),B:643.2(1.59%),P:1e0	Tpos:597.2,Tstd:157.9,Bpos:507.1,Bstd:284.2,StrandBias:3.2,Multiplicity:3.33
0.100	0.100	0.700	0.100
0.100	0.100	0.100	0.700
0.100	0.100	0.100	0.700
0.100	0.700	0.100	0.100
0.100	0.100	0.100	0.700
0.700	0.100	0.100	0.100
0.700	0.100	0.100	0.100
0.100	0.700	0.100	0.100
