>CCTAACTTTGGT	25-ACCAAAGTTAGG	13.433212	-8.857883	0	T:3.0(0.31%),B:2.7(0.01%),P:1e-3
0.045	0.844	0.110	0.001
0.036	0.927	0.036	0.001
0.009	0.384	0.045	0.562
0.842	0.001	0.047	0.110
0.836	0.090	0.073	0.001
0.118	0.842	0.037	0.003
0.126	0.001	0.126	0.747
0.114	0.090	0.119	0.677
0.037	0.037	0.090	0.836
0.066	0.045	0.852	0.037
0.037	0.159	0.714	0.090
0.045	0.066	0.001	0.888
