>AGAAAAGAGAAT	3-AGAAAAGAGAAT	9.664483	-47.631468	0	T:209.0(21.86%),B:4184.0(11.02%),P:1e-20
0.797	0.082	0.058	0.063
0.052	0.033	0.858	0.057
0.844	0.031	0.052	0.073
0.857	0.045	0.051	0.047
0.819	0.065	0.075	0.041
0.885	0.047	0.046	0.022
0.044	0.044	0.871	0.041
0.825	0.055	0.095	0.025
0.120	0.033	0.779	0.068
0.893	0.035	0.014	0.058
0.854	0.020	0.049	0.077
0.100	0.097	0.077	0.726
