>TTTTCATCGATT	4-TTTTCATCGATT	9.646462	-46.808556	0	T:243.0(25.42%),B:5238.8(13.80%),P:1e-20
0.038	0.079	0.046	0.837
0.001	0.074	0.063	0.862
0.045	0.086	0.004	0.865
0.079	0.106	0.044	0.771
0.063	0.807	0.032	0.098
0.861	0.116	0.012	0.011
0.027	0.059	0.068	0.846
0.050	0.873	0.019	0.058
0.092	0.056	0.761	0.091
0.811	0.084	0.018	0.087
0.057	0.029	0.014	0.900
0.094	0.039	0.061	0.806
