>AGACACTCCGAH	18-AGACACTCCGAH,BestGuess:sma-4/MA0925.1/Jaspar(0.592)	9.215754	-16.800015	0	T:19.0(9.64%),B:724.8(2.08%),P:1e-7
0.863	0.041	0.036	0.060
0.009	0.063	0.815	0.113
0.775	0.121	0.068	0.036
0.211	0.604	0.088	0.097
0.808	0.036	0.083	0.073
0.001	0.906	0.001	0.092
0.115	0.036	0.001	0.848
0.049	0.725	0.069	0.157
0.088	0.786	0.059	0.067
0.006	0.027	0.868	0.099
0.596	0.036	0.052	0.316
0.367	0.286	0.001	0.346
