>GCTGAAAA	1-GCTGAAAA	8.188172	-34.888529	0	T:196.0(55.52%),B:12818.1(34.47%),P:1e-15	Tpos:553.9,Tstd:313.1,Bpos:523.0,Bstd:393.2,StrandBias:-0.5,Multiplicity:1.46
0.001	0.272	0.726	0.001
0.001	0.997	0.001	0.001
0.001	0.001	0.001	0.997
0.001	0.001	0.997	0.001
0.997	0.001	0.001	0.001
0.997	0.001	0.001	0.001
0.921	0.001	0.001	0.077
0.997	0.001	0.001	0.001
>TTGCGGAC	2-TTGCGGAC	6.589356	-31.086779	0	T:142.0(40.23%),B:8255.2(22.20%),P:1e-13	Tpos:543.1,Tstd:292.1,Bpos:501.4,Bstd:358.9,StrandBias:0.3,Multiplicity:1.25
0.001	0.272	0.001	0.726
0.001	0.375	0.001	0.623
0.031	0.267	0.701	0.001
0.080	0.918	0.001	0.001
0.300	0.069	0.499	0.132
0.001	0.001	0.825	0.173
0.651	0.347	0.001	0.001
0.001	0.997	0.001	0.001
>GCGCGTTG	3-GCGCGTTG	6.537676	-30.313631	0	T:110.0(31.16%),B:5673.6(15.26%),P:1e-13	Tpos:620.7,Tstd:253.4,Bpos:550.5,Bstd:366.5,StrandBias:0.2,Multiplicity:1.28
0.001	0.001	0.984	0.014
0.011	0.976	0.012	0.001
0.051	0.001	0.947	0.001
0.015	0.755	0.012	0.218
0.053	0.018	0.886	0.043
0.027	0.086	0.040	0.847
0.087	0.001	0.082	0.830
0.006	0.035	0.773	0.186
>TATCGATT	4-TATCGATT	7.868493	-18.755864	0	T:160.0(45.33%),B:11428.5(30.73%),P:1e-8	Tpos:544.6,Tstd:287.2,Bpos:523.0,Bstd:382.0,StrandBias:0.3,Multiplicity:1.51
0.125	0.001	0.001	0.873
0.889	0.109	0.001	0.001
0.001	0.111	0.001	0.887
0.001	0.997	0.001	0.001
0.001	0.121	0.877	0.001
0.923	0.001	0.075	0.001
0.001	0.001	0.001	0.997
0.001	0.001	0.072	0.926
>ACGACACT	5-ACGACACT	10.831065	-18.463205	0	T:30.0(8.50%),B:919.3(2.47%),P:1e-8	Tpos:710.6,Tstd:254.6,Bpos:564.1,Bstd:350.5,StrandBias:0.0,Multiplicity:1.00
0.997	0.001	0.001	0.001
0.001	0.997	0.001	0.001
0.001	0.001	0.997	0.001
0.997	0.001	0.001	0.001
0.001	0.788	0.128	0.083
0.997	0.001	0.001	0.001
0.001	0.997	0.001	0.001
0.001	0.001	0.001	0.997
>TCGCCAGA	6-TCGCCAGA	6.632902	-18.169815	0	T:132.0(37.39%),B:8890.0(23.90%),P:1e-7	Tpos:434.6,Tstd:268.4,Bpos:486.3,Bstd:361.7,StrandBias:0.5,Multiplicity:1.27
0.059	0.030	0.001	0.910
0.033	0.875	0.001	0.091
0.054	0.001	0.881	0.064
0.078	0.920	0.001	0.001
0.072	0.868	0.059	0.001
0.901	0.001	0.064	0.034
0.070	0.070	0.781	0.079
0.892	0.106	0.001	0.001
>CGCACTTG	7-CGCACTTG	9.242808	-17.236219	0	T:40.0(11.33%),B:1582.9(4.26%),P:1e-7	Tpos:592.4,Tstd:267.3,Bpos:522.9,Bstd:371.0,StrandBias:-0.2,Multiplicity:1.15
0.001	0.997	0.001	0.001
0.001	0.001	0.997	0.001
0.001	0.782	0.216	0.001
0.997	0.001	0.001	0.001
0.001	0.997	0.001	0.001
0.001	0.001	0.001	0.997
0.022	0.001	0.001	0.976
0.001	0.239	0.759	0.001
>TTTMYTCG	8-TTTMYTCG	8.117532	-16.770625	0	T:186.0(52.69%),B:14317.6(38.50%),P:1e-7	Tpos:517.6,Tstd:295.2,Bpos:521.8,Bstd:361.4,StrandBias:0.2,Multiplicity:1.41
0.363	0.001	0.001	0.635
0.001	0.196	0.001	0.802
0.029	0.001	0.001	0.969
0.459	0.337	0.001	0.203
0.001	0.543	0.001	0.455
0.001	0.001	0.001	0.997
0.001	0.997	0.001	0.001
0.001	0.001	0.997	0.001
>GCGAGAAC	9-GCGAGAAC	7.927542	-16.177911	0	T:55.0(15.58%),B:2695.7(7.25%),P:1e-7	Tpos:510.3,Tstd:300.0,Bpos:523.9,Bstd:358.8,StrandBias:-0.6,Multiplicity:1.09
0.070	0.001	0.928	0.001
0.171	0.827	0.001	0.001
0.188	0.001	0.810	0.001
0.902	0.001	0.001	0.096
0.011	0.373	0.615	0.001
0.751	0.233	0.001	0.015
0.659	0.335	0.001	0.005
0.001	0.799	0.199	0.001
>GGCGTTGG	10-GGCGTTGG	5.833734	-15.895796	0	T:118.0(33.43%),B:7944.9(21.36%),P:1e-6	Tpos:376.6,Tstd:251.5,Bpos:479.4,Bstd:353.6,StrandBias:-0.2,Multiplicity:1.27
0.101	0.001	0.868	0.030
0.033	0.001	0.910	0.056
0.105	0.893	0.001	0.001
0.085	0.001	0.835	0.079
0.083	0.081	0.119	0.717
0.001	0.037	0.021	0.941
0.001	0.014	0.984	0.001
0.108	0.001	0.849	0.042
>TCTTCGCC	11-TCTTCGCC	8.199346	-15.491688	0	T:54.0(15.30%),B:2680.1(7.21%),P:1e-6	Tpos:441.9,Tstd:273.8,Bpos:494.3,Bstd:359.4,StrandBias:0.3,Multiplicity:1.06
0.001	0.185	0.001	0.813
0.192	0.806	0.001	0.001
0.391	0.001	0.001	0.607
0.001	0.001	0.203	0.795
0.110	0.888	0.001	0.001
0.001	0.001	0.997	0.001
0.001	0.997	0.001	0.001
0.001	0.779	0.001	0.219
>CGGATCCG	12-CGGATCCG	5.718055	-14.736391	0	T:95.0(26.91%),B:6074.3(16.33%),P:1e-6	Tpos:369.8,Tstd:269.3,Bpos:456.5,Bstd:359.7,StrandBias:0.1,Multiplicity:1.19
0.053	0.785	0.061	0.101
0.159	0.092	0.689	0.060
0.057	0.143	0.677	0.123
0.680	0.121	0.046	0.153
0.076	0.016	0.105	0.803
0.055	0.849	0.018	0.078
0.152	0.679	0.065	0.104
0.054	0.027	0.852	0.067
>CGAGTCCT	13-CGAGTCCT	10.484804	-14.112550	0	T:13.0(3.68%),B:234.5(0.63%),P:1e-6	Tpos:376.5,Tstd:255.1,Bpos:423.5,Bstd:399.5,StrandBias:-1.2,Multiplicity:1.00
0.001	0.997	0.001	0.001
0.001	0.001	0.997	0.001
0.997	0.001	0.001	0.001
0.001	0.001	0.997	0.001
0.001	0.001	0.001	0.997
0.001	0.606	0.121	0.272
0.001	0.997	0.001	0.001
0.001	0.081	0.001	0.917
>TTTTTCGC	14-TTTTTCGC	9.576494	-11.113142	0	T:171.0(48.44%),B:13888.6(37.34%),P:1e-4	Tpos:578.6,Tstd:273.5,Bpos:514.7,Bstd:372.8,StrandBias:0.4,Multiplicity:1.52
0.001	0.001	0.071	0.927
0.001	0.001	0.001	0.997
0.001	0.001	0.001	0.997
0.001	0.049	0.001	0.949
0.001	0.001	0.001	0.997
0.128	0.870	0.001	0.001
0.001	0.001	0.997	0.001
0.291	0.707	0.001	0.001
>TAGGCCAT	15-TAGGCCAT	7.458984	-10.749090	0	T:43.0(12.18%),B:2294.3(6.17%),P:1e-4	Tpos:429.8,Tstd:289.2,Bpos:485.0,Bstd:341.2,StrandBias:-0.8,Multiplicity:1.58
0.001	0.001	0.001	0.997
0.842	0.001	0.001	0.156
0.001	0.001	0.997	0.001
0.001	0.001	0.997	0.001
0.001	0.952	0.046	0.001
0.001	0.997	0.001	0.001
0.817	0.001	0.001	0.181
0.001	0.001	0.001	0.997
>ATGCATCA	16-ATGCATCA	8.502706	-10.519306	0	T:57.0(16.15%),B:3425.4(9.21%),P:1e-4	Tpos:464.2,Tstd:262.4,Bpos:494.0,Bstd:325.3,StrandBias:-0.8,Multiplicity:1.07
0.915	0.001	0.001	0.083
0.312	0.001	0.001	0.686
0.001	0.001	0.997	0.001
0.001	0.997	0.001	0.001
0.712	0.098	0.189	0.001
0.001	0.001	0.001	0.997
0.001	0.687	0.001	0.311
0.931	0.029	0.001	0.039
>CCACGGCC	17-CCACGGCC	8.236954	-10.282588	0	T:14.0(3.97%),B:390.9(1.05%),P:1e-4	Tpos:523.6,Tstd:305.2,Bpos:519.4,Bstd:385.5,StrandBias:-2.6,Multiplicity:1.08
0.100	0.700	0.100	0.100
0.100	0.700	0.100	0.100
0.700	0.100	0.100	0.100
0.100	0.700	0.100	0.100
0.100	0.100	0.700	0.100
0.100	0.100	0.700	0.100
0.100	0.700	0.100	0.100
0.100	0.700	0.100	0.100
>TAGGCGCC	18-TAGGCGCC	6.619019	-9.756679	0	T:35.0(9.92%),B:1789.3(4.81%),P:1e-4	Tpos:454.4,Tstd:293.5,Bpos:524.3,Bstd:356.5,StrandBias:0.2,Multiplicity:1.38
0.001	0.097	0.001	0.901
0.997	0.001	0.001	0.001
0.120	0.001	0.688	0.191
0.001	0.001	0.997	0.001
0.001	0.997	0.001	0.001
0.001	0.001	0.997	0.001
0.001	0.997	0.001	0.001
0.001	0.997	0.001	0.001
