>GTGWTTGCGGAC	1-GTGWTTGCGGAC	9.909011	-34.297465	0	T:39.0(11.05%),B:838.7(2.26%),P:1e-14	Tpos:657.2,Tstd:267.2,Bpos:579.4,Bstd:370.8,StrandBias:0.6,Multiplicity:1.03
0.165	0.001	0.799	0.035
0.233	0.090	0.001	0.676
0.077	0.001	0.875	0.047
0.366	0.131	0.019	0.485
0.001	0.053	0.001	0.945
0.001	0.099	0.042	0.858
0.001	0.091	0.907	0.001
0.079	0.870	0.050	0.001
0.099	0.001	0.681	0.219
0.056	0.050	0.854	0.040
0.716	0.282	0.001	0.001
0.168	0.701	0.001	0.130
>GCAGGTCTCGCA	2-GCAGGTCTCGCA	10.263287	-34.240432	0	T:26.0(7.37%),B:334.7(0.90%),P:1e-14	Tpos:563.0,Tstd:253.0,Bpos:570.5,Bstd:345.3,StrandBias:0.6,Multiplicity:1.08
0.227	0.119	0.566	0.088
0.133	0.580	0.060	0.227
0.574	0.001	0.148	0.277
0.001	0.140	0.856	0.003
0.001	0.063	0.935	0.001
0.243	0.001	0.001	0.755
0.213	0.458	0.209	0.121
0.001	0.002	0.001	0.996
0.001	0.753	0.001	0.245
0.065	0.078	0.856	0.001
0.001	0.891	0.107	0.001
0.967	0.031	0.001	0.001
>GAAATTTTCAGC	3-GAAATTTTCAGC	11.303322	-32.500407	0	T:50.0(14.16%),B:1443.3(3.88%),P:1e-14	Tpos:554.9,Tstd:296.3,Bpos:501.7,Bstd:393.4,StrandBias:0.1,Multiplicity:1.10
0.144	0.122	0.733	0.001
0.536	0.179	0.102	0.183
0.557	0.107	0.228	0.108
0.836	0.094	0.001	0.069
0.001	0.001	0.001	0.997
0.001	0.001	0.001	0.997
0.001	0.001	0.001	0.997
0.001	0.112	0.001	0.886
0.098	0.632	0.195	0.075
0.894	0.001	0.001	0.104
0.001	0.001	0.997	0.001
0.001	0.784	0.001	0.214
>TAGCGCGAAATT	4-TAGCGCGAAATT	12.210527	-29.253524	0	T:17.0(4.82%),B:141.2(0.38%),P:1e-12	Tpos:687.9,Tstd:253.6,Bpos:519.8,Bstd:414.3,StrandBias:-0.8,Multiplicity:1.06
0.001	0.001	0.001	0.997
0.894	0.063	0.042	0.001
0.090	0.065	0.844	0.001
0.001	0.997	0.001	0.001
0.001	0.001	0.997	0.001
0.084	0.749	0.166	0.001
0.131	0.001	0.867	0.001
0.862	0.001	0.136	0.001
0.862	0.001	0.136	0.001
0.997	0.001	0.001	0.001
0.001	0.001	0.001	0.997
0.001	0.001	0.001	0.997
>TCCGTTTTCGTG	5-TCCGTTTTCGTG	11.251056	-28.862391	0	T:18.0(5.10%),B:170.6(0.46%),P:1e-12	Tpos:473.6,Tstd:297.7,Bpos:529.7,Bstd:391.4,StrandBias:1.8,Multiplicity:1.00
0.001	0.001	0.001	0.997
0.001	0.997	0.001	0.001
0.001	0.920	0.078	0.001
0.088	0.001	0.838	0.073
0.001	0.001	0.001	0.997
0.001	0.126	0.001	0.872
0.001	0.001	0.001	0.997
0.001	0.126	0.001	0.872
0.001	0.911	0.001	0.087
0.081	0.001	0.856	0.062
0.091	0.001	0.001	0.907
0.001	0.001	0.914	0.084
>GAAAATSTGGAG	6-GAAAATSTGGAG	12.199845	-28.855506	0	T:19.0(5.38%),B:197.1(0.53%),P:1e-12	Tpos:566.7,Tstd:261.3,Bpos:529.8,Bstd:340.2,StrandBias:-1.1,Multiplicity:1.00
0.071	0.001	0.845	0.083
0.898	0.001	0.100	0.001
0.897	0.001	0.001	0.101
0.936	0.001	0.062	0.001
0.826	0.132	0.001	0.041
0.001	0.001	0.001	0.997
0.001	0.511	0.487	0.001
0.011	0.001	0.052	0.936
0.001	0.001	0.997	0.001
0.037	0.297	0.665	0.001
0.997	0.001	0.001	0.001
0.001	0.001	0.850	0.148
>TTAAAATGATTT	7-TTAAAATGATTT	10.240131	-27.632835	0	T:53.0(15.01%),B:1827.9(4.91%),P:1e-12	Tpos:551.3,Tstd:275.4,Bpos:516.6,Bstd:330.8,StrandBias:-0.1,Multiplicity:1.04
0.041	0.165	0.037	0.757
0.024	0.142	0.164	0.670
0.624	0.182	0.030	0.164
0.763	0.039	0.031	0.167
0.671	0.129	0.032	0.168
0.629	0.034	0.121	0.216
0.037	0.159	0.155	0.649
0.035	0.150	0.540	0.275
0.584	0.135	0.104	0.177
0.157	0.143	0.032	0.668
0.032	0.025	0.026	0.917
0.202	0.025	0.026	0.747
>AATAAAAATGAG	8-AATAAAAATGAG	10.715944	-27.240169	0	T:66.0(18.70%),B:2675.2(7.19%),P:1e-11	Tpos:586.3,Tstd:265.3,Bpos:534.2,Bstd:330.6,StrandBias:-0.9,Multiplicity:1.09
0.887	0.047	0.001	0.065
0.809	0.189	0.001	0.001
0.001	0.001	0.001	0.997
0.605	0.103	0.102	0.190
0.997	0.001	0.001	0.001
0.875	0.001	0.123	0.001
0.997	0.001	0.001	0.001
0.885	0.001	0.001	0.113
0.306	0.131	0.001	0.562
0.001	0.001	0.997	0.001
0.584	0.056	0.245	0.115
0.068	0.304	0.627	0.001
>TCGGAAGCGTHG	9-TCGGAAGCGTHG	12.558405	-26.785525	0	T:11.0(3.12%),B:42.1(0.11%),P:1e-11	Tpos:461.1,Tstd:234.1,Bpos:443.2,Bstd:259.6,StrandBias:-0.3,Multiplicity:1.00
0.001	0.001	0.001	0.997
0.001	0.997	0.001	0.001
0.182	0.001	0.816	0.001
0.001	0.001	0.997	0.001
0.997	0.001	0.001	0.001
0.997	0.001	0.001	0.001
0.293	0.001	0.600	0.106
0.001	0.997	0.001	0.001
0.001	0.181	0.599	0.219
0.154	0.001	0.001	0.844
0.344	0.396	0.001	0.259
0.001	0.001	0.997	0.001
>CAACGACAATCC	10-CAACGACAATCC	9.880249	-26.404772	0	T:48.0(13.60%),B:1589.1(4.27%),P:1e-11	Tpos:533.5,Tstd:305.8,Bpos:533.5,Bstd:359.0,StrandBias:0.6,Multiplicity:1.06
0.001	0.903	0.001	0.095
0.572	0.300	0.020	0.108
0.997	0.001	0.001	0.001
0.001	0.997	0.001	0.001
0.240	0.001	0.758	0.001
0.997	0.001	0.001	0.001
0.407	0.591	0.001	0.001
0.678	0.001	0.320	0.001
0.453	0.246	0.001	0.300
0.001	0.319	0.001	0.679
0.020	0.720	0.020	0.240
0.299	0.699	0.001	0.001
>TTCAGGTCTCGT	11-TTCAGGTCTCGT	10.562370	-26.357180	0	T:21.0(5.95%),B:294.3(0.79%),P:1e-11	Tpos:439.1,Tstd:260.3,Bpos:502.2,Bstd:325.2,StrandBias:0.4,Multiplicity:1.00
0.001	0.001	0.144	0.854
0.078	0.078	0.001	0.843
0.001	0.997	0.001	0.001
0.690	0.083	0.094	0.133
0.134	0.104	0.684	0.078
0.159	0.127	0.647	0.067
0.066	0.001	0.001	0.932
0.001	0.813	0.131	0.055
0.001	0.001	0.001	0.997
0.001	0.939	0.001	0.059
0.001	0.001	0.842	0.156
0.029	0.001	0.001	0.969
>ATTTTCAGGGBA	12-ATTTTCAGGGBA	10.474429	-25.791737	0	T:52.0(14.73%),B:1859.2(5.00%),P:1e-11	Tpos:602.7,Tstd:279.4,Bpos:528.3,Bstd:382.3,StrandBias:0.3,Multiplicity:1.08
0.875	0.049	0.001	0.075
0.071	0.030	0.001	0.898
0.001	0.046	0.001	0.952
0.001	0.001	0.060	0.938
0.067	0.001	0.001	0.931
0.046	0.729	0.001	0.224
0.905	0.001	0.001	0.093
0.020	0.192	0.639	0.149
0.058	0.290	0.548	0.104
0.080	0.050	0.764	0.106
0.038	0.262	0.321	0.378
0.910	0.030	0.001	0.059
>TTTTTCAGGTTA	13-TTTTTCAGGTTA	9.607989	-23.606019	0	T:112.0(31.73%),B:6473.4(17.41%),P:1e-10	Tpos:570.2,Tstd:303.4,Bpos:525.3,Bstd:363.1,StrandBias:0.4,Multiplicity:1.22
0.053	0.012	0.058	0.877
0.043	0.028	0.042	0.887
0.013	0.054	0.001	0.932
0.037	0.038	0.046	0.879
0.079	0.038	0.044	0.839
0.039	0.783	0.119	0.059
0.865	0.060	0.019	0.056
0.043	0.027	0.856	0.074
0.119	0.092	0.726	0.063
0.042	0.059	0.032	0.867
0.080	0.124	0.079	0.717
0.779	0.067	0.058	0.096
>AAATCGATAATT	14-AAATCGATAATT	10.840562	-23.188742	0	T:52.0(14.73%),B:2001.7(5.38%),P:1e-10	Tpos:541.4,Tstd:308.1,Bpos:539.5,Bstd:411.0,StrandBias:-0.8,Multiplicity:1.23
0.997	0.001	0.001	0.001
0.932	0.066	0.001	0.001
0.949	0.001	0.028	0.022
0.001	0.038	0.001	0.960
0.001	0.997	0.001	0.001
0.001	0.028	0.953	0.018
0.830	0.001	0.031	0.138
0.001	0.001	0.020	0.978
0.940	0.001	0.018	0.041
0.865	0.001	0.021	0.113
0.001	0.023	0.001	0.975
0.181	0.045	0.019	0.755
>AATTGTTTGTCC	15-AATTGTTTGTCC	11.985937	-23.087290	0	T:18.0(5.10%),B:247.9(0.67%),P:1e-10	Tpos:511.2,Tstd:276.7,Bpos:534.2,Bstd:316.2,StrandBias:0.0,Multiplicity:1.00
0.889	0.001	0.001	0.109
0.997	0.001	0.001	0.001
0.084	0.001	0.001	0.914
0.001	0.001	0.001	0.997
0.001	0.001	0.929	0.069
0.109	0.001	0.001	0.889
0.001	0.001	0.001	0.997
0.001	0.001	0.001	0.997
0.001	0.073	0.889	0.037
0.001	0.104	0.001	0.894
0.001	0.937	0.001	0.061
0.158	0.744	0.097	0.001
>GCGCGTTTTTTG	16-GCGCGTTTTTTG	10.021575	-22.990723	0	T:38.0(10.76%),B:1170.6(3.15%),P:1e-9	Tpos:735.8,Tstd:173.1,Bpos:561.3,Bstd:368.5,StrandBias:0.4,Multiplicity:1.16
0.067	0.203	0.719	0.011
0.016	0.982	0.001	0.001
0.001	0.001	0.997	0.001
0.220	0.667	0.001	0.112
0.001	0.001	0.810	0.188
0.001	0.177	0.001	0.821
0.001	0.045	0.219	0.735
0.001	0.077	0.373	0.549
0.001	0.187	0.001	0.811
0.001	0.001	0.363	0.635
0.001	0.419	0.001	0.579
0.313	0.045	0.545	0.097
>GCAAGCCTGGCA	17-GCAAGCCTGGCA	13.043416	-22.517225	0	T:10.0(2.83%),B:48.2(0.13%),P:1e-9	Tpos:609.9,Tstd:278.5,Bpos:674.5,Bstd:381.7,StrandBias:0.3,Multiplicity:1.10
0.001	0.001	0.997	0.001
0.001	0.997	0.001	0.001
0.997	0.001	0.001	0.001
0.997	0.001	0.001	0.001
0.118	0.258	0.623	0.001
0.001	0.997	0.001	0.001
0.110	0.888	0.001	0.001
0.001	0.001	0.001	0.997
0.001	0.001	0.997	0.001
0.001	0.001	0.997	0.001
0.001	0.997	0.001	0.001
0.997	0.001	0.001	0.001
>ATAAAGAATACC	18-ATAAAGAATACC	13.072326	-19.760456	0	T:10.0(2.83%),B:66.4(0.18%),P:1e-8	Tpos:407.9,Tstd:281.1,Bpos:576.6,Bstd:343.0,StrandBias:-2.0,Multiplicity:1.00
0.839	0.159	0.001	0.001
0.001	0.001	0.001	0.997
0.863	0.001	0.001	0.135
0.997	0.001	0.001	0.001
0.997	0.001	0.001	0.001
0.032	0.001	0.898	0.069
0.839	0.001	0.159	0.001
0.997	0.001	0.001	0.001
0.001	0.001	0.001	0.997
0.997	0.001	0.001	0.001
0.065	0.855	0.001	0.079
0.073	0.814	0.001	0.112
>TTTTACATCATC	19-TTTTACATCATC	10.597046	-18.459933	0	T:27.0(7.65%),B:758.5(2.04%),P:1e-8	Tpos:585.4,Tstd:279.3,Bpos:505.1,Bstd:326.2,StrandBias:0.7,Multiplicity:1.26
0.001	0.001	0.017	0.981
0.388	0.001	0.001	0.610
0.104	0.072	0.104	0.720
0.001	0.083	0.089	0.827
0.683	0.001	0.313	0.003
0.062	0.875	0.062	0.001
0.915	0.001	0.001	0.083
0.001	0.001	0.079	0.919
0.001	0.996	0.001	0.002
0.825	0.079	0.095	0.001
0.063	0.010	0.005	0.922
0.306	0.601	0.001	0.092
>GYGAGAWDCCTY	20-GYGAGAWDCCTY	12.047943	-17.589084	0	T:6.0(1.70%),B:14.3(0.04%),P:1e-7	Tpos:480.8,Tstd:273.4,Bpos:515.0,Bstd:361.1,StrandBias:0.0,Multiplicity:1.33
0.001	0.001	0.679	0.319
0.001	0.504	0.001	0.494
0.001	0.103	0.895	0.001
0.997	0.001	0.001	0.001
0.001	0.001	0.997	0.001
0.997	0.001	0.001	0.001
0.513	0.001	0.001	0.485
0.324	0.001	0.334	0.341
0.001	0.966	0.001	0.032
0.001	0.730	0.268	0.001
0.001	0.001	0.258	0.740
0.153	0.471	0.001	0.375
>AACTGACGCGCA	21-AACTGACGCGCA	9.546148	-16.330471	0	T:23.0(6.52%),B:630.4(1.69%),P:1e-7	Tpos:734.1,Tstd:183.5,Bpos:544.8,Bstd:367.5,StrandBias:0.1,Multiplicity:1.17
0.838	0.089	0.001	0.072
0.610	0.005	0.158	0.227
0.073	0.823	0.060	0.044
0.001	0.201	0.001	0.797
0.001	0.072	0.769	0.158
0.835	0.092	0.072	0.001
0.001	0.883	0.115	0.001
0.072	0.001	0.926	0.001
0.156	0.842	0.001	0.001
0.056	0.046	0.825	0.073
0.001	0.866	0.132	0.001
0.997	0.001	0.001	0.001
>TGCCTTCTRGGG	22-TGCCTTCTRGGG	11.576979	-15.987183	0	T:9.0(2.55%),B:76.6(0.21%),P:1e-6	Tpos:372.0,Tstd:278.7,Bpos:391.4,Bstd:339.1,StrandBias:-1.9,Multiplicity:1.56
0.001	0.001	0.001	0.997
0.001	0.001	0.997	0.001
0.001	0.997	0.001	0.001
0.164	0.764	0.001	0.071
0.001	0.001	0.001	0.997
0.001	0.001	0.001	0.997
0.001	0.513	0.336	0.150
0.092	0.001	0.001	0.906
0.554	0.001	0.444	0.001
0.093	0.172	0.734	0.001
0.054	0.001	0.944	0.001
0.001	0.252	0.530	0.217
>GATTATCCTCTG	23-GATTATCCTCTG	9.501716	-11.357970	0	T:5.0(1.42%),B:27.6(0.07%),P:1e-4	Tpos:420.7,Tstd:266.5,Bpos:462.1,Bstd:302.5,StrandBias:-0.4,Multiplicity:1.40
0.001	0.176	0.822	0.001
0.997	0.001	0.001	0.001
0.001	0.001	0.001	0.997
0.001	0.001	0.001	0.997
0.997	0.001	0.001	0.001
0.001	0.001	0.001	0.997
0.001	0.997	0.001	0.001
0.001	0.822	0.176	0.001
0.001	0.001	0.001	0.997
0.001	0.997	0.001	0.001
0.001	0.001	0.001	0.997
0.001	0.001	0.997	0.001
>CCTAGAAGGCCT	24-CCTAGAAGGCCT	12.289958	-5.796508	0	T:2.0(0.57%),B:7.3(0.02%),P:1e-2	Tpos:235.1,Tstd:231.4,Bpos:331.4,Bstd:154.6,StrandBias:2.8,Multiplicity:4.00
0.001	0.950	0.001	0.048
0.001	0.997	0.001	0.001
0.070	0.153	0.001	0.776
0.928	0.001	0.001	0.070
0.193	0.002	0.651	0.154
0.845	0.001	0.001	0.153
0.609	0.071	0.166	0.154
0.211	0.085	0.640	0.064
0.165	0.001	0.833	0.001
0.082	0.916	0.001	0.001
0.001	0.955	0.001	0.043
0.001	0.082	0.001	0.916
>AYTGATGGCCTA	25-AYTGATGGCCTA	13.386875	-4.740406	0	T:3.0(0.85%),B:42.6(0.11%),P:1e-2	Tpos:328.4,Tstd:183.8,Bpos:522.3,Bstd:391.6,StrandBias:3.8,Multiplicity:5.00
0.997	0.001	0.001	0.001
0.001	0.509	0.112	0.378
0.001	0.007	0.001	0.991
0.001	0.001	0.627	0.371
0.882	0.001	0.116	0.001
0.001	0.001	0.001	0.997
0.001	0.001	0.997	0.001
0.352	0.001	0.646	0.001
0.001	0.997	0.001	0.001
0.001	0.997	0.001	0.001
0.001	0.001	0.001	0.997
0.997	0.001	0.001	0.001
