>ATTTTCAGSG	1-ATTTTCAGSG	7.768787	-30.559220	0	T:201.0(56.94%),B:13826.4(37.18%),P:1e-13	Tpos:555.0,Tstd:309.3,Bpos:526.3,Bstd:390.1,StrandBias:0.4,Multiplicity:1.52
0.600	0.008	0.040	0.352
0.046	0.038	0.052	0.864
0.017	0.017	0.148	0.818
0.037	0.046	0.017	0.900
0.058	0.117	0.059	0.766
0.168	0.650	0.017	0.165
0.606	0.071	0.282	0.041
0.193	0.223	0.492	0.092
0.142	0.456	0.375	0.026
0.194	0.181	0.415	0.210
>GTTTGCGBAC	2-GTTTGCGBAC	7.197629	-28.601988	0	T:43.0(12.18%),B:1217.7(3.27%),P:1e-12	Tpos:694.9,Tstd:233.6,Bpos:562.5,Bstd:378.3,StrandBias:-0.2,Multiplicity:1.05
0.076	0.001	0.922	0.001
0.235	0.258	0.001	0.506
0.001	0.263	0.214	0.522
0.001	0.102	0.253	0.644
0.061	0.075	0.701	0.163
0.001	0.621	0.264	0.114
0.201	0.088	0.524	0.187
0.074	0.265	0.399	0.262
0.501	0.206	0.094	0.199
0.113	0.660	0.034	0.193
>GGAGTTCTTC	3-GGAGTTCTTC	9.317803	-28.022536	0	T:45.0(12.75%),B:1348.7(3.63%),P:1e-12	Tpos:447.5,Tstd:269.2,Bpos:463.9,Bstd:355.2,StrandBias:0.5,Multiplicity:1.02
0.087	0.150	0.762	0.001
0.001	0.001	0.974	0.024
0.997	0.001	0.001	0.001
0.099	0.104	0.636	0.161
0.023	0.023	0.038	0.916
0.001	0.001	0.001	0.997
0.031	0.878	0.023	0.068
0.001	0.031	0.001	0.967
0.001	0.028	0.001	0.970
0.052	0.917	0.030	0.001
>CAGGTCTCGC	4-CAGGTCTCGC	8.068854	-26.825825	0	T:45.0(12.75%),B:1398.6(3.76%),P:1e-11	Tpos:527.5,Tstd:280.8,Bpos:528.6,Bstd:347.5,StrandBias:0.5,Multiplicity:1.12
0.001	0.997	0.001	0.001
0.685	0.099	0.034	0.182
0.001	0.002	0.821	0.176
0.122	0.127	0.720	0.031
0.150	0.001	0.001	0.848
0.041	0.638	0.262	0.059
0.099	0.001	0.031	0.869
0.112	0.739	0.001	0.148
0.001	0.001	0.997	0.001
0.080	0.698	0.001	0.221
>TCGATTTATC	5-TCGATTTATC	7.313771	-26.351650	0	T:103.0(29.18%),B:5468.8(14.70%),P:1e-11	Tpos:473.1,Tstd:262.3,Bpos:520.0,Bstd:395.8,StrandBias:0.3,Multiplicity:1.17
0.027	0.051	0.202	0.720
0.039	0.634	0.142	0.185
0.024	0.084	0.857	0.035
0.635	0.028	0.172	0.165
0.275	0.038	0.031	0.656
0.032	0.032	0.203	0.733
0.224	0.110	0.135	0.531
0.534	0.038	0.198	0.230
0.117	0.148	0.260	0.474
0.143	0.557	0.142	0.158
>CGCTCAATTG	6-CGCTCAATTG	7.098454	-25.797809	0	T:94.0(26.63%),B:4810.6(12.93%),P:1e-11	Tpos:549.4,Tstd:287.4,Bpos:515.3,Bstd:359.4,StrandBias:0.6,Multiplicity:1.16
0.081	0.851	0.034	0.034
0.062	0.103	0.775	0.060
0.063	0.869	0.023	0.045
0.070	0.050	0.117	0.763
0.040	0.815	0.113	0.032
0.721	0.098	0.123	0.058
0.804	0.049	0.087	0.060
0.065	0.119	0.081	0.735
0.037	0.063	0.035	0.865
0.046	0.103	0.808	0.043
>TCTCGTTTCC	7-TCTCGTTTCC	9.474432	-25.723822	0	T:29.0(8.22%),B:623.6(1.68%),P:1e-11	Tpos:490.2,Tstd:266.3,Bpos:532.8,Bstd:362.8,StrandBias:-0.1,Multiplicity:1.11
0.001	0.001	0.001	0.997
0.001	0.997	0.001	0.001
0.001	0.001	0.234	0.764
0.001	0.997	0.001	0.001
0.001	0.232	0.766	0.001
0.001	0.079	0.001	0.919
0.001	0.105	0.001	0.893
0.001	0.001	0.001	0.997
0.001	0.997	0.001	0.001
0.001	0.997	0.001	0.001
>CGCGCCAGCA	8-CGCGCCAGCA	8.586716	-25.687845	0	T:28.0(7.93%),B:580.5(1.56%),P:1e-11	Tpos:709.6,Tstd:175.4,Bpos:608.1,Bstd:371.0,StrandBias:0.7,Multiplicity:1.21
0.050	0.802	0.001	0.147
0.101	0.001	0.897	0.001
0.001	0.935	0.001	0.063
0.001	0.001	0.930	0.068
0.001	0.975	0.001	0.023
0.036	0.962	0.001	0.001
0.897	0.001	0.101	0.001
0.032	0.001	0.898	0.069
0.048	0.774	0.064	0.114
0.922	0.001	0.001	0.076
>ATGCAAGSCT	9-ATGCAAGSCT	7.994472	-25.495767	0	T:47.0(13.31%),B:1573.8(4.23%),P:1e-11	Tpos:497.6,Tstd:273.6,Bpos:495.5,Bstd:316.6,StrandBias:-0.5,Multiplicity:1.09
0.709	0.091	0.001	0.199
0.001	0.001	0.233	0.765
0.001	0.110	0.880	0.009
0.080	0.658	0.171	0.091
0.892	0.029	0.001	0.078
0.955	0.001	0.001	0.043
0.075	0.153	0.771	0.001
0.094	0.468	0.351	0.087
0.001	0.871	0.078	0.050
0.116	0.001	0.187	0.696
>CGTGTTGTTG	10-CGTGTTGTTG	9.363092	-25.251392	0	T:38.0(10.76%),B:1079.7(2.90%),P:1e-10	Tpos:529.7,Tstd:266.9,Bpos:524.5,Bstd:344.5,StrandBias:0.3,Multiplicity:1.13
0.239	0.759	0.001	0.001
0.001	0.001	0.997	0.001
0.241	0.001	0.258	0.500
0.062	0.014	0.683	0.241
0.088	0.239	0.165	0.508
0.285	0.001	0.001	0.713
0.001	0.075	0.923	0.001
0.001	0.001	0.001	0.997
0.001	0.001	0.001	0.997
0.001	0.050	0.674	0.275
>GTTCACCGTC	11-GTTCACCGTC	7.283178	-24.986844	0	T:48.0(13.60%),B:1657.5(4.46%),P:1e-10	Tpos:542.8,Tstd:270.7,Bpos:508.9,Bstd:354.1,StrandBias:-0.3,Multiplicity:1.09
0.042	0.072	0.834	0.052
0.040	0.068	0.060	0.832
0.090	0.109	0.042	0.759
0.043	0.791	0.075	0.091
0.756	0.083	0.099	0.062
0.069	0.794	0.078	0.059
0.033	0.846	0.077	0.044
0.056	0.075	0.867	0.002
0.095	0.066	0.083	0.756
0.134	0.769	0.067	0.030
>GSAKTGTCGT	12-GSAKTGTCGT	9.121829	-23.502767	0	T:36.0(10.20%),B:1040.7(2.80%),P:1e-10	Tpos:580.3,Tstd:283.5,Bpos:537.0,Bstd:369.7,StrandBias:-0.5,Multiplicity:1.08
0.053	0.001	0.945	0.001
0.001	0.488	0.401	0.110
0.500	0.210	0.156	0.134
0.138	0.001	0.487	0.374
0.001	0.001	0.001	0.997
0.001	0.001	0.997	0.001
0.001	0.001	0.001	0.997
0.001	0.881	0.001	0.117
0.064	0.299	0.636	0.001
0.287	0.001	0.001	0.711
>AGTATCGATT	13-AGTATCGATT	9.568758	-23.185332	0	T:65.0(18.41%),B:2873.2(7.73%),P:1e-10	Tpos:586.6,Tstd:283.4,Bpos:545.5,Bstd:401.2,StrandBias:0.6,Multiplicity:1.20
0.733	0.265	0.001	0.001
0.209	0.025	0.525	0.241
0.046	0.058	0.001	0.895
0.915	0.001	0.083	0.001
0.001	0.001	0.001	0.997
0.001	0.974	0.024	0.001
0.001	0.045	0.953	0.001
0.997	0.001	0.001	0.001
0.001	0.001	0.001	0.997
0.001	0.001	0.001	0.997
>TCGTCCGGCA	14-TCGTCCGGCA	9.885188	-23.011534	0	T:16.0(4.53%),B:185.5(0.50%),P:1e-9	Tpos:338.4,Tstd:305.2,Bpos:480.4,Bstd:354.7,StrandBias:0.4,Multiplicity:1.00
0.075	0.001	0.001	0.923
0.001	0.997	0.001	0.001
0.001	0.024	0.940	0.035
0.075	0.116	0.001	0.808
0.001	0.831	0.167	0.001
0.001	0.828	0.069	0.102
0.048	0.001	0.950	0.001
0.096	0.001	0.862	0.041
0.054	0.944	0.001	0.001
0.997	0.001	0.001	0.001
>ACCAGCGATG	15-ACCAGCGATG	10.073932	-22.021728	0	T:17.0(4.82%),B:231.0(0.62%),P:1e-9	Tpos:423.4,Tstd:281.5,Bpos:472.7,Bstd:363.0,StrandBias:-0.2,Multiplicity:1.00
0.997	0.001	0.001	0.001
0.053	0.897	0.001	0.049
0.001	0.907	0.091	0.001
0.913	0.001	0.085	0.001
0.074	0.001	0.863	0.062
0.001	0.898	0.055	0.046
0.060	0.001	0.938	0.001
0.925	0.001	0.001	0.073
0.071	0.001	0.001	0.927
0.001	0.001	0.800	0.198
>CGAGAAAATC	16-CGAGAAAATC	8.005917	-21.187819	0	T:130.0(36.83%),B:8309.2(22.34%),P:1e-9	Tpos:539.4,Tstd:290.3,Bpos:512.3,Bstd:379.9,StrandBias:-0.4,Multiplicity:1.19
0.001	0.907	0.034	0.058
0.040	0.021	0.904	0.035
0.930	0.001	0.042	0.027
0.082	0.001	0.886	0.031
0.958	0.001	0.040	0.001
0.869	0.001	0.060	0.070
0.984	0.001	0.001	0.014
0.882	0.019	0.028	0.071
0.026	0.001	0.001	0.972
0.154	0.809	0.001	0.036
>GAATATAACA	17-GAATATAACA	7.250318	-20.515090	0	T:120.0(33.99%),B:7509.5(20.19%),P:1e-8	Tpos:517.4,Tstd:279.1,Bpos:522.8,Bstd:318.9,StrandBias:-0.5,Multiplicity:1.16
0.054	0.050	0.846	0.050
0.796	0.054	0.089	0.061
0.783	0.098	0.034	0.085
0.039	0.060	0.069	0.832
0.777	0.090	0.068	0.065
0.104	0.051	0.091	0.754
0.824	0.075	0.051	0.050
0.842	0.048	0.037	0.073
0.040	0.802	0.059	0.099
0.747	0.047	0.124	0.082
>GGTGCTGGAT	18-GGTGCTGGAT	7.113247	-19.666197	0	T:33.0(9.35%),B:1035.0(2.78%),P:1e-8	Tpos:393.5,Tstd:245.5,Bpos:452.4,Bstd:353.9,StrandBias:0.3,Multiplicity:1.15
0.201	0.058	0.706	0.035
0.061	0.037	0.717	0.185
0.278	0.238	0.046	0.437
0.189	0.194	0.473	0.144
0.037	0.475	0.166	0.323
0.033	0.337	0.066	0.564
0.039	0.344	0.590	0.027
0.247	0.056	0.661	0.036
0.606	0.081	0.023	0.290
0.206	0.064	0.046	0.684
>AGTGGATTGC	19-AGTGGATTGC	10.656016	-19.243607	0	T:19.0(5.38%),B:359.7(0.97%),P:1e-8	Tpos:396.8,Tstd:231.2,Bpos:432.4,Bstd:305.9,StrandBias:-0.8,Multiplicity:1.00
0.871	0.127	0.001	0.001
0.258	0.001	0.740	0.001
0.001	0.001	0.001	0.997
0.001	0.099	0.780	0.120
0.001	0.001	0.997	0.001
0.801	0.001	0.001	0.197
0.001	0.001	0.001	0.997
0.001	0.001	0.001	0.997
0.001	0.001	0.804	0.194
0.001	0.997	0.001	0.001
>ACGAAAAAAT	20-ACGAAAAAAT	9.443088	-18.590751	0	T:137.0(38.81%),B:9289.3(24.98%),P:1e-8	Tpos:600.7,Tstd:270.7,Bpos:521.9,Bstd:355.6,StrandBias:-0.5,Multiplicity:1.34
0.731	0.001	0.064	0.204
0.001	0.934	0.064	0.001
0.056	0.001	0.942	0.001
0.963	0.001	0.035	0.001
0.953	0.001	0.001	0.045
0.997	0.001	0.001	0.001
0.932	0.001	0.001	0.066
0.854	0.001	0.115	0.030
0.886	0.046	0.001	0.067
0.103	0.067	0.032	0.798
>CGTGGCCGAG	21-CGTGGCCGAG	7.694223	-16.627507	0	T:32.0(9.07%),B:1119.2(3.01%),P:1e-7	Tpos:509.8,Tstd:322.5,Bpos:540.2,Bstd:387.0,StrandBias:0.8,Multiplicity:1.37
0.060	0.630	0.247	0.063
0.245	0.169	0.559	0.027
0.028	0.058	0.223	0.691
0.203	0.199	0.571	0.027
0.044	0.052	0.863	0.041
0.245	0.522	0.032	0.201
0.065	0.610	0.048	0.277
0.023	0.027	0.783	0.167
0.592	0.194	0.028	0.186
0.193	0.047	0.701	0.059
>TGCGCGTCAG	22-TGCGCGTCAG	11.360968	-16.235447	0	T:10.0(2.83%),B:99.3(0.27%),P:1e-7	Tpos:769.6,Tstd:227.3,Bpos:551.5,Bstd:357.3,StrandBias:-0.3,Multiplicity:1.00
0.001	0.001	0.001	0.997
0.001	0.001	0.997	0.001
0.001	0.887	0.001	0.111
0.001	0.001	0.997	0.001
0.001	0.997	0.001	0.001
0.001	0.001	0.997	0.001
0.125	0.001	0.118	0.756
0.001	0.997	0.001	0.001
0.997	0.001	0.001	0.001
0.001	0.001	0.997	0.001
>TATTRCATCA	23-TATTRCATCA	10.256269	-16.224854	0	T:24.0(6.80%),B:686.7(1.85%),P:1e-7	Tpos:532.2,Tstd:278.6,Bpos:495.1,Bstd:312.5,StrandBias:0.3,Multiplicity:1.21
0.016	0.068	0.109	0.807
0.540	0.001	0.249	0.210
0.205	0.001	0.007	0.787
0.001	0.007	0.366	0.626
0.490	0.001	0.508	0.001
0.001	0.930	0.068	0.001
0.852	0.146	0.001	0.001
0.001	0.001	0.060	0.938
0.001	0.941	0.057	0.001
0.915	0.006	0.078	0.001
>TCTAGGCCAT	24-TCTAGGCCAT	9.564536	-15.482087	0	T:20.0(5.67%),B:509.6(1.37%),P:1e-6	Tpos:394.8,Tstd:288.1,Bpos:530.1,Bstd:352.3,StrandBias:-1.3,Multiplicity:1.90
0.018	0.001	0.001	0.980
0.129	0.869	0.001	0.001
0.025	0.001	0.001	0.973
0.729	0.040	0.001	0.230
0.001	0.001	0.997	0.001
0.001	0.001	0.997	0.001
0.001	0.942	0.001	0.056
0.027	0.946	0.001	0.026
0.926	0.001	0.031	0.042
0.018	0.001	0.020	0.961
>AGGCGCCTAG	25-AGGCGCCTAG	9.270552	-8.121198	0	T:10.0(2.83%),B:264.8(0.71%),P:1e-3	Tpos:327.8,Tstd:273.6,Bpos:492.4,Bstd:339.6,StrandBias:1.7,Multiplicity:1.90
0.865	0.001	0.077	0.057
0.001	0.001	0.997	0.001
0.001	0.001	0.909	0.089
0.001	0.997	0.001	0.001
0.061	0.001	0.937	0.001
0.001	0.939	0.001	0.059
0.020	0.935	0.044	0.001
0.048	0.083	0.001	0.868
0.997	0.001	0.001	0.001
0.079	0.069	0.851	0.001
