>ATTTTCAGSG	1-ATTTTCAGSG	7.768787	-30.559220	0	T:201.0(56.94%),B:13826.4(37.18%),P:1e-13	Tpos:555.0,Tstd:309.3,Bpos:526.3,Bstd:390.1,StrandBias:0.4,Multiplicity:1.52
0.600	0.008	0.040	0.352
0.046	0.038	0.052	0.864
0.017	0.017	0.148	0.818
0.037	0.046	0.017	0.900
0.058	0.117	0.059	0.766
0.168	0.650	0.017	0.165
0.606	0.071	0.282	0.041
0.193	0.223	0.492	0.092
0.142	0.456	0.375	0.026
0.194	0.181	0.415	0.210
>GTTTGCGBAC	2-GTTTGCGBAC	7.197629	-28.601988	0	T:43.0(12.18%),B:1217.7(3.27%),P:1e-12	Tpos:694.9,Tstd:233.6,Bpos:562.5,Bstd:378.3,StrandBias:-0.2,Multiplicity:1.05
0.076	0.001	0.922	0.001
0.235	0.258	0.001	0.506
0.001	0.263	0.214	0.522
0.001	0.102	0.253	0.644
0.061	0.075	0.701	0.163
0.001	0.621	0.264	0.114
0.201	0.088	0.524	0.187
0.074	0.265	0.399	0.262
0.501	0.206	0.094	0.199
0.113	0.660	0.034	0.193
>GGAGTTCTTC	3-GGAGTTCTTC	9.317803	-28.022536	0	T:45.0(12.75%),B:1348.7(3.63%),P:1e-12	Tpos:447.5,Tstd:269.2,Bpos:463.9,Bstd:355.2,StrandBias:0.5,Multiplicity:1.02
0.087	0.150	0.762	0.001
0.001	0.001	0.974	0.024
0.997	0.001	0.001	0.001
0.099	0.104	0.636	0.161
0.023	0.023	0.038	0.916
0.001	0.001	0.001	0.997
0.031	0.878	0.023	0.068
0.001	0.031	0.001	0.967
0.001	0.028	0.001	0.970
0.052	0.917	0.030	0.001
>CAGGTCTCGC	4-CAGGTCTCGC	8.068854	-26.825825	0	T:45.0(12.75%),B:1398.6(3.76%),P:1e-11	Tpos:527.5,Tstd:280.8,Bpos:528.6,Bstd:347.5,StrandBias:0.5,Multiplicity:1.12
0.001	0.997	0.001	0.001
0.685	0.099	0.034	0.182
0.001	0.002	0.821	0.176
0.122	0.127	0.720	0.031
0.150	0.001	0.001	0.848
0.041	0.638	0.262	0.059
0.099	0.001	0.031	0.869
0.112	0.739	0.001	0.148
0.001	0.001	0.997	0.001
0.080	0.698	0.001	0.221
>TCGATTTATC	5-TCGATTTATC	7.313771	-26.351650	0	T:103.0(29.18%),B:5468.8(14.70%),P:1e-11	Tpos:473.1,Tstd:262.3,Bpos:520.0,Bstd:395.8,StrandBias:0.3,Multiplicity:1.17
0.027	0.051	0.202	0.720
0.039	0.634	0.142	0.185
0.024	0.084	0.857	0.035
0.635	0.028	0.172	0.165
0.275	0.038	0.031	0.656
0.032	0.032	0.203	0.733
0.224	0.110	0.135	0.531
0.534	0.038	0.198	0.230
0.117	0.148	0.260	0.474
0.143	0.557	0.142	0.158
>CGCTCAATTG	6-CGCTCAATTG	7.098454	-25.797809	0	T:94.0(26.63%),B:4810.6(12.93%),P:1e-11	Tpos:549.4,Tstd:287.4,Bpos:515.3,Bstd:359.4,StrandBias:0.6,Multiplicity:1.16
0.081	0.851	0.034	0.034
0.062	0.103	0.775	0.060
0.063	0.869	0.023	0.045
0.070	0.050	0.117	0.763
0.040	0.815	0.113	0.032
0.721	0.098	0.123	0.058
0.804	0.049	0.087	0.060
0.065	0.119	0.081	0.735
0.037	0.063	0.035	0.865
0.046	0.103	0.808	0.043
>TCTCGTTTCC	7-TCTCGTTTCC	9.474432	-25.723822	0	T:29.0(8.22%),B:623.6(1.68%),P:1e-11	Tpos:490.2,Tstd:266.3,Bpos:532.8,Bstd:362.8,StrandBias:-0.1,Multiplicity:1.11
0.001	0.001	0.001	0.997
0.001	0.997	0.001	0.001
0.001	0.001	0.234	0.764
0.001	0.997	0.001	0.001
0.001	0.232	0.766	0.001
0.001	0.079	0.001	0.919
0.001	0.105	0.001	0.893
0.001	0.001	0.001	0.997
0.001	0.997	0.001	0.001
0.001	0.997	0.001	0.001
>CGCGCCAGCA	8-CGCGCCAGCA	8.586716	-25.687845	0	T:28.0(7.93%),B:580.5(1.56%),P:1e-11	Tpos:709.6,Tstd:175.4,Bpos:608.1,Bstd:371.0,StrandBias:0.7,Multiplicity:1.21
0.050	0.802	0.001	0.147
0.101	0.001	0.897	0.001
0.001	0.935	0.001	0.063
0.001	0.001	0.930	0.068
0.001	0.975	0.001	0.023
0.036	0.962	0.001	0.001
0.897	0.001	0.101	0.001
0.032	0.001	0.898	0.069
0.048	0.774	0.064	0.114
0.922	0.001	0.001	0.076
>ATGCAAGSCT	9-ATGCAAGSCT	7.994472	-25.495767	0	T:47.0(13.31%),B:1573.8(4.23%),P:1e-11	Tpos:497.6,Tstd:273.6,Bpos:495.5,Bstd:316.6,StrandBias:-0.5,Multiplicity:1.09
0.709	0.091	0.001	0.199
0.001	0.001	0.233	0.765
0.001	0.110	0.880	0.009
0.080	0.658	0.171	0.091
0.892	0.029	0.001	0.078
0.955	0.001	0.001	0.043
0.075	0.153	0.771	0.001
0.094	0.468	0.351	0.087
0.001	0.871	0.078	0.050
0.116	0.001	0.187	0.696
>CGTGTTGTTG	10-CGTGTTGTTG	9.363092	-25.251392	0	T:38.0(10.76%),B:1079.7(2.90%),P:1e-10	Tpos:529.7,Tstd:266.9,Bpos:524.5,Bstd:344.5,StrandBias:0.3,Multiplicity:1.13
0.239	0.759	0.001	0.001
0.001	0.001	0.997	0.001
0.241	0.001	0.258	0.500
0.062	0.014	0.683	0.241
0.088	0.239	0.165	0.508
0.285	0.001	0.001	0.713
0.001	0.075	0.923	0.001
0.001	0.001	0.001	0.997
0.001	0.001	0.001	0.997
0.001	0.050	0.674	0.275
>GTTCACCGTC	11-GTTCACCGTC	7.283178	-24.986844	0	T:48.0(13.60%),B:1657.5(4.46%),P:1e-10	Tpos:542.8,Tstd:270.7,Bpos:508.9,Bstd:354.1,StrandBias:-0.3,Multiplicity:1.09
0.042	0.072	0.834	0.052
0.040	0.068	0.060	0.832
0.090	0.109	0.042	0.759
0.043	0.791	0.075	0.091
0.756	0.083	0.099	0.062
0.069	0.794	0.078	0.059
0.033	0.846	0.077	0.044
0.056	0.075	0.867	0.002
0.095	0.066	0.083	0.756
0.134	0.769	0.067	0.030
>GSAKTGTCGT	12-GSAKTGTCGT	9.121829	-23.502767	0	T:36.0(10.20%),B:1040.7(2.80%),P:1e-10	Tpos:580.3,Tstd:283.5,Bpos:537.0,Bstd:369.7,StrandBias:-0.5,Multiplicity:1.08
0.053	0.001	0.945	0.001
0.001	0.488	0.401	0.110
0.500	0.210	0.156	0.134
0.138	0.001	0.487	0.374
0.001	0.001	0.001	0.997
0.001	0.001	0.997	0.001
0.001	0.001	0.001	0.997
0.001	0.881	0.001	0.117
0.064	0.299	0.636	0.001
0.287	0.001	0.001	0.711
>AGTATCGATT	13-AGTATCGATT	9.568758	-23.185332	0	T:65.0(18.41%),B:2873.2(7.73%),P:1e-10	Tpos:586.6,Tstd:283.4,Bpos:545.5,Bstd:401.2,StrandBias:0.6,Multiplicity:1.20
0.733	0.265	0.001	0.001
0.209	0.025	0.525	0.241
0.046	0.058	0.001	0.895
0.915	0.001	0.083	0.001
0.001	0.001	0.001	0.997
0.001	0.974	0.024	0.001
0.001	0.045	0.953	0.001
0.997	0.001	0.001	0.001
0.001	0.001	0.001	0.997
0.001	0.001	0.001	0.997
>TCGTCCGGCA	14-TCGTCCGGCA	9.885188	-23.011534	0	T:16.0(4.53%),B:185.5(0.50%),P:1e-9	Tpos:338.4,Tstd:305.2,Bpos:480.4,Bstd:354.7,StrandBias:0.4,Multiplicity:1.00
0.075	0.001	0.001	0.923
0.001	0.997	0.001	0.001
0.001	0.024	0.940	0.035
0.075	0.116	0.001	0.808
0.001	0.831	0.167	0.001
0.001	0.828	0.069	0.102
0.048	0.001	0.950	0.001
0.096	0.001	0.862	0.041
0.054	0.944	0.001	0.001
0.997	0.001	0.001	0.001
>ACCAGCGATG	15-ACCAGCGATG	10.073932	-22.021728	0	T:17.0(4.82%),B:231.0(0.62%),P:1e-9	Tpos:423.4,Tstd:281.5,Bpos:472.7,Bstd:363.0,StrandBias:-0.2,Multiplicity:1.00
0.997	0.001	0.001	0.001
0.053	0.897	0.001	0.049
0.001	0.907	0.091	0.001
0.913	0.001	0.085	0.001
0.074	0.001	0.863	0.062
0.001	0.898	0.055	0.046
0.060	0.001	0.938	0.001
0.925	0.001	0.001	0.073
0.071	0.001	0.001	0.927
0.001	0.001	0.800	0.198
>CGAGAAAATC	16-CGAGAAAATC	8.005917	-21.187819	0	T:130.0(36.83%),B:8309.2(22.34%),P:1e-9	Tpos:539.4,Tstd:290.3,Bpos:512.3,Bstd:379.9,StrandBias:-0.4,Multiplicity:1.19
0.001	0.907	0.034	0.058
0.040	0.021	0.904	0.035
0.930	0.001	0.042	0.027
0.082	0.001	0.886	0.031
0.958	0.001	0.040	0.001
0.869	0.001	0.060	0.070
0.984	0.001	0.001	0.014
0.882	0.019	0.028	0.071
0.026	0.001	0.001	0.972
0.154	0.809	0.001	0.036
>GAATATAACA	17-GAATATAACA	7.250318	-20.515090	0	T:120.0(33.99%),B:7509.5(20.19%),P:1e-8	Tpos:517.4,Tstd:279.1,Bpos:522.8,Bstd:318.9,StrandBias:-0.5,Multiplicity:1.16
0.054	0.050	0.846	0.050
0.796	0.054	0.089	0.061
0.783	0.098	0.034	0.085
0.039	0.060	0.069	0.832
0.777	0.090	0.068	0.065
0.104	0.051	0.091	0.754
0.824	0.075	0.051	0.050
0.842	0.048	0.037	0.073
0.040	0.802	0.059	0.099
0.747	0.047	0.124	0.082
>GGTGCTGGAT	18-GGTGCTGGAT	7.113247	-19.666197	0	T:33.0(9.35%),B:1035.0(2.78%),P:1e-8	Tpos:393.5,Tstd:245.5,Bpos:452.4,Bstd:353.9,StrandBias:0.3,Multiplicity:1.15
0.201	0.058	0.706	0.035
0.061	0.037	0.717	0.185
0.278	0.238	0.046	0.437
0.189	0.194	0.473	0.144
0.037	0.475	0.166	0.323
0.033	0.337	0.066	0.564
0.039	0.344	0.590	0.027
0.247	0.056	0.661	0.036
0.606	0.081	0.023	0.290
0.206	0.064	0.046	0.684
>AGTGGATTGC	19-AGTGGATTGC	10.656016	-19.243607	0	T:19.0(5.38%),B:359.7(0.97%),P:1e-8	Tpos:396.8,Tstd:231.2,Bpos:432.4,Bstd:305.9,StrandBias:-0.8,Multiplicity:1.00
0.871	0.127	0.001	0.001
0.258	0.001	0.740	0.001
0.001	0.001	0.001	0.997
0.001	0.099	0.780	0.120
0.001	0.001	0.997	0.001
0.801	0.001	0.001	0.197
0.001	0.001	0.001	0.997
0.001	0.001	0.001	0.997
0.001	0.001	0.804	0.194
0.001	0.997	0.001	0.001
>ACGAAAAAAT	20-ACGAAAAAAT	9.443088	-18.590751	0	T:137.0(38.81%),B:9289.3(24.98%),P:1e-8	Tpos:600.7,Tstd:270.7,Bpos:521.9,Bstd:355.6,StrandBias:-0.5,Multiplicity:1.34
0.731	0.001	0.064	0.204
0.001	0.934	0.064	0.001
0.056	0.001	0.942	0.001
0.963	0.001	0.035	0.001
0.953	0.001	0.001	0.045
0.997	0.001	0.001	0.001
0.932	0.001	0.001	0.066
0.854	0.001	0.115	0.030
0.886	0.046	0.001	0.067
0.103	0.067	0.032	0.798
>CGTGGCCGAG	21-CGTGGCCGAG	7.694223	-16.627507	0	T:32.0(9.07%),B:1119.2(3.01%),P:1e-7	Tpos:509.8,Tstd:322.5,Bpos:540.2,Bstd:387.0,StrandBias:0.8,Multiplicity:1.37
0.060	0.630	0.247	0.063
0.245	0.169	0.559	0.027
0.028	0.058	0.223	0.691
0.203	0.199	0.571	0.027
0.044	0.052	0.863	0.041
0.245	0.522	0.032	0.201
0.065	0.610	0.048	0.277
0.023	0.027	0.783	0.167
0.592	0.194	0.028	0.186
0.193	0.047	0.701	0.059
>TGCGCGTCAG	22-TGCGCGTCAG	11.360968	-16.235447	0	T:10.0(2.83%),B:99.3(0.27%),P:1e-7	Tpos:769.6,Tstd:227.3,Bpos:551.5,Bstd:357.3,StrandBias:-0.3,Multiplicity:1.00
0.001	0.001	0.001	0.997
0.001	0.001	0.997	0.001
0.001	0.887	0.001	0.111
0.001	0.001	0.997	0.001
0.001	0.997	0.001	0.001
0.001	0.001	0.997	0.001
0.125	0.001	0.118	0.756
0.001	0.997	0.001	0.001
0.997	0.001	0.001	0.001
0.001	0.001	0.997	0.001
>TATTRCATCA	23-TATTRCATCA	10.256269	-16.224854	0	T:24.0(6.80%),B:686.7(1.85%),P:1e-7	Tpos:532.2,Tstd:278.6,Bpos:495.1,Bstd:312.5,StrandBias:0.3,Multiplicity:1.21
0.016	0.068	0.109	0.807
0.540	0.001	0.249	0.210
0.205	0.001	0.007	0.787
0.001	0.007	0.366	0.626
0.490	0.001	0.508	0.001
0.001	0.930	0.068	0.001
0.852	0.146	0.001	0.001
0.001	0.001	0.060	0.938
0.001	0.941	0.057	0.001
0.915	0.006	0.078	0.001
>TCTAGGCCAT	24-TCTAGGCCAT	9.564536	-15.482087	0	T:20.0(5.67%),B:509.6(1.37%),P:1e-6	Tpos:394.8,Tstd:288.1,Bpos:530.1,Bstd:352.3,StrandBias:-1.3,Multiplicity:1.90
0.018	0.001	0.001	0.980
0.129	0.869	0.001	0.001
0.025	0.001	0.001	0.973
0.729	0.040	0.001	0.230
0.001	0.001	0.997	0.001
0.001	0.001	0.997	0.001
0.001	0.942	0.001	0.056
0.027	0.946	0.001	0.026
0.926	0.001	0.031	0.042
0.018	0.001	0.020	0.961
>AGGCGCCTAG	25-AGGCGCCTAG	9.270552	-8.121198	0	T:10.0(2.83%),B:264.8(0.71%),P:1e-3	Tpos:327.8,Tstd:273.6,Bpos:492.4,Bstd:339.6,StrandBias:1.7,Multiplicity:1.90
0.865	0.001	0.077	0.057
0.001	0.001	0.997	0.001
0.001	0.001	0.909	0.089
0.001	0.997	0.001	0.001
0.061	0.001	0.937	0.001
0.001	0.939	0.001	0.059
0.020	0.935	0.044	0.001
0.048	0.083	0.001	0.868
0.997	0.001	0.001	0.001
0.079	0.069	0.851	0.001
>GTGWTTGCGGAC	1-GTGWTTGCGGAC	9.909011	-34.297465	0	T:39.0(11.05%),B:838.7(2.26%),P:1e-14	Tpos:657.2,Tstd:267.2,Bpos:579.4,Bstd:370.8,StrandBias:0.6,Multiplicity:1.03
0.165	0.001	0.799	0.035
0.233	0.090	0.001	0.676
0.077	0.001	0.875	0.047
0.366	0.131	0.019	0.485
0.001	0.053	0.001	0.945
0.001	0.099	0.042	0.858
0.001	0.091	0.907	0.001
0.079	0.870	0.050	0.001
0.099	0.001	0.681	0.219
0.056	0.050	0.854	0.040
0.716	0.282	0.001	0.001
0.168	0.701	0.001	0.130
>GCAGGTCTCGCA	2-GCAGGTCTCGCA	10.263287	-34.240432	0	T:26.0(7.37%),B:334.7(0.90%),P:1e-14	Tpos:563.0,Tstd:253.0,Bpos:570.5,Bstd:345.3,StrandBias:0.6,Multiplicity:1.08
0.227	0.119	0.566	0.088
0.133	0.580	0.060	0.227
0.574	0.001	0.148	0.277
0.001	0.140	0.856	0.003
0.001	0.063	0.935	0.001
0.243	0.001	0.001	0.755
0.213	0.458	0.209	0.121
0.001	0.002	0.001	0.996
0.001	0.753	0.001	0.245
0.065	0.078	0.856	0.001
0.001	0.891	0.107	0.001
0.967	0.031	0.001	0.001
>GAAATTTTCAGC	3-GAAATTTTCAGC	11.303322	-32.500407	0	T:50.0(14.16%),B:1443.3(3.88%),P:1e-14	Tpos:554.9,Tstd:296.3,Bpos:501.7,Bstd:393.4,StrandBias:0.1,Multiplicity:1.10
0.144	0.122	0.733	0.001
0.536	0.179	0.102	0.183
0.557	0.107	0.228	0.108
0.836	0.094	0.001	0.069
0.001	0.001	0.001	0.997
0.001	0.001	0.001	0.997
0.001	0.001	0.001	0.997
0.001	0.112	0.001	0.886
0.098	0.632	0.195	0.075
0.894	0.001	0.001	0.104
0.001	0.001	0.997	0.001
0.001	0.784	0.001	0.214
>TAGCGCGAAATT	4-TAGCGCGAAATT	12.210527	-29.253524	0	T:17.0(4.82%),B:141.2(0.38%),P:1e-12	Tpos:687.9,Tstd:253.6,Bpos:519.8,Bstd:414.3,StrandBias:-0.8,Multiplicity:1.06
0.001	0.001	0.001	0.997
0.894	0.063	0.042	0.001
0.090	0.065	0.844	0.001
0.001	0.997	0.001	0.001
0.001	0.001	0.997	0.001
0.084	0.749	0.166	0.001
0.131	0.001	0.867	0.001
0.862	0.001	0.136	0.001
0.862	0.001	0.136	0.001
0.997	0.001	0.001	0.001
0.001	0.001	0.001	0.997
0.001	0.001	0.001	0.997
>TCCGTTTTCGTG	5-TCCGTTTTCGTG	11.251056	-28.862391	0	T:18.0(5.10%),B:170.6(0.46%),P:1e-12	Tpos:473.6,Tstd:297.7,Bpos:529.7,Bstd:391.4,StrandBias:1.8,Multiplicity:1.00
0.001	0.001	0.001	0.997
0.001	0.997	0.001	0.001
0.001	0.920	0.078	0.001
0.088	0.001	0.838	0.073
0.001	0.001	0.001	0.997
0.001	0.126	0.001	0.872
0.001	0.001	0.001	0.997
0.001	0.126	0.001	0.872
0.001	0.911	0.001	0.087
0.081	0.001	0.856	0.062
0.091	0.001	0.001	0.907
0.001	0.001	0.914	0.084
>GAAAATSTGGAG	6-GAAAATSTGGAG	12.199845	-28.855506	0	T:19.0(5.38%),B:197.1(0.53%),P:1e-12	Tpos:566.7,Tstd:261.3,Bpos:529.8,Bstd:340.2,StrandBias:-1.1,Multiplicity:1.00
0.071	0.001	0.845	0.083
0.898	0.001	0.100	0.001
0.897	0.001	0.001	0.101
0.936	0.001	0.062	0.001
0.826	0.132	0.001	0.041
0.001	0.001	0.001	0.997
0.001	0.511	0.487	0.001
0.011	0.001	0.052	0.936
0.001	0.001	0.997	0.001
0.037	0.297	0.665	0.001
0.997	0.001	0.001	0.001
0.001	0.001	0.850	0.148
>TTAAAATGATTT	7-TTAAAATGATTT	10.240131	-27.632835	0	T:53.0(15.01%),B:1827.9(4.91%),P:1e-12	Tpos:551.3,Tstd:275.4,Bpos:516.6,Bstd:330.8,StrandBias:-0.1,Multiplicity:1.04
0.041	0.165	0.037	0.757
0.024	0.142	0.164	0.670
0.624	0.182	0.030	0.164
0.763	0.039	0.031	0.167
0.671	0.129	0.032	0.168
0.629	0.034	0.121	0.216
0.037	0.159	0.155	0.649
0.035	0.150	0.540	0.275
0.584	0.135	0.104	0.177
0.157	0.143	0.032	0.668
0.032	0.025	0.026	0.917
0.202	0.025	0.026	0.747
>AATAAAAATGAG	8-AATAAAAATGAG	10.715944	-27.240169	0	T:66.0(18.70%),B:2675.2(7.19%),P:1e-11	Tpos:586.3,Tstd:265.3,Bpos:534.2,Bstd:330.6,StrandBias:-0.9,Multiplicity:1.09
0.887	0.047	0.001	0.065
0.809	0.189	0.001	0.001
0.001	0.001	0.001	0.997
0.605	0.103	0.102	0.190
0.997	0.001	0.001	0.001
0.875	0.001	0.123	0.001
0.997	0.001	0.001	0.001
0.885	0.001	0.001	0.113
0.306	0.131	0.001	0.562
0.001	0.001	0.997	0.001
0.584	0.056	0.245	0.115
0.068	0.304	0.627	0.001
>TCGGAAGCGTHG	9-TCGGAAGCGTHG	12.558405	-26.785525	0	T:11.0(3.12%),B:42.1(0.11%),P:1e-11	Tpos:461.1,Tstd:234.1,Bpos:443.2,Bstd:259.6,StrandBias:-0.3,Multiplicity:1.00
0.001	0.001	0.001	0.997
0.001	0.997	0.001	0.001
0.182	0.001	0.816	0.001
0.001	0.001	0.997	0.001
0.997	0.001	0.001	0.001
0.997	0.001	0.001	0.001
0.293	0.001	0.600	0.106
0.001	0.997	0.001	0.001
0.001	0.181	0.599	0.219
0.154	0.001	0.001	0.844
0.344	0.396	0.001	0.259
0.001	0.001	0.997	0.001
>CAACGACAATCC	10-CAACGACAATCC	9.880249	-26.404772	0	T:48.0(13.60%),B:1589.1(4.27%),P:1e-11	Tpos:533.5,Tstd:305.8,Bpos:533.5,Bstd:359.0,StrandBias:0.6,Multiplicity:1.06
0.001	0.903	0.001	0.095
0.572	0.300	0.020	0.108
0.997	0.001	0.001	0.001
0.001	0.997	0.001	0.001
0.240	0.001	0.758	0.001
0.997	0.001	0.001	0.001
0.407	0.591	0.001	0.001
0.678	0.001	0.320	0.001
0.453	0.246	0.001	0.300
0.001	0.319	0.001	0.679
0.020	0.720	0.020	0.240
0.299	0.699	0.001	0.001
>TTCAGGTCTCGT	11-TTCAGGTCTCGT	10.562370	-26.357180	0	T:21.0(5.95%),B:294.3(0.79%),P:1e-11	Tpos:439.1,Tstd:260.3,Bpos:502.2,Bstd:325.2,StrandBias:0.4,Multiplicity:1.00
0.001	0.001	0.144	0.854
0.078	0.078	0.001	0.843
0.001	0.997	0.001	0.001
0.690	0.083	0.094	0.133
0.134	0.104	0.684	0.078
0.159	0.127	0.647	0.067
0.066	0.001	0.001	0.932
0.001	0.813	0.131	0.055
0.001	0.001	0.001	0.997
0.001	0.939	0.001	0.059
0.001	0.001	0.842	0.156
0.029	0.001	0.001	0.969
>ATTTTCAGGGBA	12-ATTTTCAGGGBA	10.474429	-25.791737	0	T:52.0(14.73%),B:1859.2(5.00%),P:1e-11	Tpos:602.7,Tstd:279.4,Bpos:528.3,Bstd:382.3,StrandBias:0.3,Multiplicity:1.08
0.875	0.049	0.001	0.075
0.071	0.030	0.001	0.898
0.001	0.046	0.001	0.952
0.001	0.001	0.060	0.938
0.067	0.001	0.001	0.931
0.046	0.729	0.001	0.224
0.905	0.001	0.001	0.093
0.020	0.192	0.639	0.149
0.058	0.290	0.548	0.104
0.080	0.050	0.764	0.106
0.038	0.262	0.321	0.378
0.910	0.030	0.001	0.059
>TTTTTCAGGTTA	13-TTTTTCAGGTTA	9.607989	-23.606019	0	T:112.0(31.73%),B:6473.4(17.41%),P:1e-10	Tpos:570.2,Tstd:303.4,Bpos:525.3,Bstd:363.1,StrandBias:0.4,Multiplicity:1.22
0.053	0.012	0.058	0.877
0.043	0.028	0.042	0.887
0.013	0.054	0.001	0.932
0.037	0.038	0.046	0.879
0.079	0.038	0.044	0.839
0.039	0.783	0.119	0.059
0.865	0.060	0.019	0.056
0.043	0.027	0.856	0.074
0.119	0.092	0.726	0.063
0.042	0.059	0.032	0.867
0.080	0.124	0.079	0.717
0.779	0.067	0.058	0.096
>AAATCGATAATT	14-AAATCGATAATT	10.840562	-23.188742	0	T:52.0(14.73%),B:2001.7(5.38%),P:1e-10	Tpos:541.4,Tstd:308.1,Bpos:539.5,Bstd:411.0,StrandBias:-0.8,Multiplicity:1.23
0.997	0.001	0.001	0.001
0.932	0.066	0.001	0.001
0.949	0.001	0.028	0.022
0.001	0.038	0.001	0.960
0.001	0.997	0.001	0.001
0.001	0.028	0.953	0.018
0.830	0.001	0.031	0.138
0.001	0.001	0.020	0.978
0.940	0.001	0.018	0.041
0.865	0.001	0.021	0.113
0.001	0.023	0.001	0.975
0.181	0.045	0.019	0.755
>AATTGTTTGTCC	15-AATTGTTTGTCC	11.985937	-23.087290	0	T:18.0(5.10%),B:247.9(0.67%),P:1e-10	Tpos:511.2,Tstd:276.7,Bpos:534.2,Bstd:316.2,StrandBias:0.0,Multiplicity:1.00
0.889	0.001	0.001	0.109
0.997	0.001	0.001	0.001
0.084	0.001	0.001	0.914
0.001	0.001	0.001	0.997
0.001	0.001	0.929	0.069
0.109	0.001	0.001	0.889
0.001	0.001	0.001	0.997
0.001	0.001	0.001	0.997
0.001	0.073	0.889	0.037
0.001	0.104	0.001	0.894
0.001	0.937	0.001	0.061
0.158	0.744	0.097	0.001
>GCGCGTTTTTTG	16-GCGCGTTTTTTG	10.021575	-22.990723	0	T:38.0(10.76%),B:1170.6(3.15%),P:1e-9	Tpos:735.8,Tstd:173.1,Bpos:561.3,Bstd:368.5,StrandBias:0.4,Multiplicity:1.16
0.067	0.203	0.719	0.011
0.016	0.982	0.001	0.001
0.001	0.001	0.997	0.001
0.220	0.667	0.001	0.112
0.001	0.001	0.810	0.188
0.001	0.177	0.001	0.821
0.001	0.045	0.219	0.735
0.001	0.077	0.373	0.549
0.001	0.187	0.001	0.811
0.001	0.001	0.363	0.635
0.001	0.419	0.001	0.579
0.313	0.045	0.545	0.097
>GCAAGCCTGGCA	17-GCAAGCCTGGCA	13.043416	-22.517225	0	T:10.0(2.83%),B:48.2(0.13%),P:1e-9	Tpos:609.9,Tstd:278.5,Bpos:674.5,Bstd:381.7,StrandBias:0.3,Multiplicity:1.10
0.001	0.001	0.997	0.001
0.001	0.997	0.001	0.001
0.997	0.001	0.001	0.001
0.997	0.001	0.001	0.001
0.118	0.258	0.623	0.001
0.001	0.997	0.001	0.001
0.110	0.888	0.001	0.001
0.001	0.001	0.001	0.997
0.001	0.001	0.997	0.001
0.001	0.001	0.997	0.001
0.001	0.997	0.001	0.001
0.997	0.001	0.001	0.001
>ATAAAGAATACC	18-ATAAAGAATACC	13.072326	-19.760456	0	T:10.0(2.83%),B:66.4(0.18%),P:1e-8	Tpos:407.9,Tstd:281.1,Bpos:576.6,Bstd:343.0,StrandBias:-2.0,Multiplicity:1.00
0.839	0.159	0.001	0.001
0.001	0.001	0.001	0.997
0.863	0.001	0.001	0.135
0.997	0.001	0.001	0.001
0.997	0.001	0.001	0.001
0.032	0.001	0.898	0.069
0.839	0.001	0.159	0.001
0.997	0.001	0.001	0.001
0.001	0.001	0.001	0.997
0.997	0.001	0.001	0.001
0.065	0.855	0.001	0.079
0.073	0.814	0.001	0.112
>TTTTACATCATC	19-TTTTACATCATC	10.597046	-18.459933	0	T:27.0(7.65%),B:758.5(2.04%),P:1e-8	Tpos:585.4,Tstd:279.3,Bpos:505.1,Bstd:326.2,StrandBias:0.7,Multiplicity:1.26
0.001	0.001	0.017	0.981
0.388	0.001	0.001	0.610
0.104	0.072	0.104	0.720
0.001	0.083	0.089	0.827
0.683	0.001	0.313	0.003
0.062	0.875	0.062	0.001
0.915	0.001	0.001	0.083
0.001	0.001	0.079	0.919
0.001	0.996	0.001	0.002
0.825	0.079	0.095	0.001
0.063	0.010	0.005	0.922
0.306	0.601	0.001	0.092
>GYGAGAWDCCTY	20-GYGAGAWDCCTY	12.047943	-17.589084	0	T:6.0(1.70%),B:14.3(0.04%),P:1e-7	Tpos:480.8,Tstd:273.4,Bpos:515.0,Bstd:361.1,StrandBias:0.0,Multiplicity:1.33
0.001	0.001	0.679	0.319
0.001	0.504	0.001	0.494
0.001	0.103	0.895	0.001
0.997	0.001	0.001	0.001
0.001	0.001	0.997	0.001
0.997	0.001	0.001	0.001
0.513	0.001	0.001	0.485
0.324	0.001	0.334	0.341
0.001	0.966	0.001	0.032
0.001	0.730	0.268	0.001
0.001	0.001	0.258	0.740
0.153	0.471	0.001	0.375
>AACTGACGCGCA	21-AACTGACGCGCA	9.546148	-16.330471	0	T:23.0(6.52%),B:630.4(1.69%),P:1e-7	Tpos:734.1,Tstd:183.5,Bpos:544.8,Bstd:367.5,StrandBias:0.1,Multiplicity:1.17
0.838	0.089	0.001	0.072
0.610	0.005	0.158	0.227
0.073	0.823	0.060	0.044
0.001	0.201	0.001	0.797
0.001	0.072	0.769	0.158
0.835	0.092	0.072	0.001
0.001	0.883	0.115	0.001
0.072	0.001	0.926	0.001
0.156	0.842	0.001	0.001
0.056	0.046	0.825	0.073
0.001	0.866	0.132	0.001
0.997	0.001	0.001	0.001
>TGCCTTCTRGGG	22-TGCCTTCTRGGG	11.576979	-15.987183	0	T:9.0(2.55%),B:76.6(0.21%),P:1e-6	Tpos:372.0,Tstd:278.7,Bpos:391.4,Bstd:339.1,StrandBias:-1.9,Multiplicity:1.56
0.001	0.001	0.001	0.997
0.001	0.001	0.997	0.001
0.001	0.997	0.001	0.001
0.164	0.764	0.001	0.071
0.001	0.001	0.001	0.997
0.001	0.001	0.001	0.997
0.001	0.513	0.336	0.150
0.092	0.001	0.001	0.906
0.554	0.001	0.444	0.001
0.093	0.172	0.734	0.001
0.054	0.001	0.944	0.001
0.001	0.252	0.530	0.217
>GATTATCCTCTG	23-GATTATCCTCTG	9.501716	-11.357970	0	T:5.0(1.42%),B:27.6(0.07%),P:1e-4	Tpos:420.7,Tstd:266.5,Bpos:462.1,Bstd:302.5,StrandBias:-0.4,Multiplicity:1.40
0.001	0.176	0.822	0.001
0.997	0.001	0.001	0.001
0.001	0.001	0.001	0.997
0.001	0.001	0.001	0.997
0.997	0.001	0.001	0.001
0.001	0.001	0.001	0.997
0.001	0.997	0.001	0.001
0.001	0.822	0.176	0.001
0.001	0.001	0.001	0.997
0.001	0.997	0.001	0.001
0.001	0.001	0.001	0.997
0.001	0.001	0.997	0.001
>CCTAGAAGGCCT	24-CCTAGAAGGCCT	12.289958	-5.796508	0	T:2.0(0.57%),B:7.3(0.02%),P:1e-2	Tpos:235.1,Tstd:231.4,Bpos:331.4,Bstd:154.6,StrandBias:2.8,Multiplicity:4.00
0.001	0.950	0.001	0.048
0.001	0.997	0.001	0.001
0.070	0.153	0.001	0.776
0.928	0.001	0.001	0.070
0.193	0.002	0.651	0.154
0.845	0.001	0.001	0.153
0.609	0.071	0.166	0.154
0.211	0.085	0.640	0.064
0.165	0.001	0.833	0.001
0.082	0.916	0.001	0.001
0.001	0.955	0.001	0.043
0.001	0.082	0.001	0.916
>AYTGATGGCCTA	25-AYTGATGGCCTA	13.386875	-4.740406	0	T:3.0(0.85%),B:42.6(0.11%),P:1e-2	Tpos:328.4,Tstd:183.8,Bpos:522.3,Bstd:391.6,StrandBias:3.8,Multiplicity:5.00
0.997	0.001	0.001	0.001
0.001	0.509	0.112	0.378
0.001	0.007	0.001	0.991
0.001	0.001	0.627	0.371
0.882	0.001	0.116	0.001
0.001	0.001	0.001	0.997
0.001	0.001	0.997	0.001
0.352	0.001	0.646	0.001
0.001	0.997	0.001	0.001
0.001	0.997	0.001	0.001
0.001	0.001	0.001	0.997
0.997	0.001	0.001	0.001
>GCTGAAAA	1-GCTGAAAA	8.188172	-34.888529	0	T:196.0(55.52%),B:12818.1(34.47%),P:1e-15	Tpos:553.9,Tstd:313.1,Bpos:523.0,Bstd:393.2,StrandBias:-0.5,Multiplicity:1.46
0.001	0.272	0.726	0.001
0.001	0.997	0.001	0.001
0.001	0.001	0.001	0.997
0.001	0.001	0.997	0.001
0.997	0.001	0.001	0.001
0.997	0.001	0.001	0.001
0.921	0.001	0.001	0.077
0.997	0.001	0.001	0.001
>TTGCGGAC	2-TTGCGGAC	6.589356	-31.086779	0	T:142.0(40.23%),B:8255.2(22.20%),P:1e-13	Tpos:543.1,Tstd:292.1,Bpos:501.4,Bstd:358.9,StrandBias:0.3,Multiplicity:1.25
0.001	0.272	0.001	0.726
0.001	0.375	0.001	0.623
0.031	0.267	0.701	0.001
0.080	0.918	0.001	0.001
0.300	0.069	0.499	0.132
0.001	0.001	0.825	0.173
0.651	0.347	0.001	0.001
0.001	0.997	0.001	0.001
>GCGCGTTG	3-GCGCGTTG	6.537676	-30.313631	0	T:110.0(31.16%),B:5673.6(15.26%),P:1e-13	Tpos:620.7,Tstd:253.4,Bpos:550.5,Bstd:366.5,StrandBias:0.2,Multiplicity:1.28
0.001	0.001	0.984	0.014
0.011	0.976	0.012	0.001
0.051	0.001	0.947	0.001
0.015	0.755	0.012	0.218
0.053	0.018	0.886	0.043
0.027	0.086	0.040	0.847
0.087	0.001	0.082	0.830
0.006	0.035	0.773	0.186
>TATCGATT	4-TATCGATT	7.868493	-18.755864	0	T:160.0(45.33%),B:11428.5(30.73%),P:1e-8	Tpos:544.6,Tstd:287.2,Bpos:523.0,Bstd:382.0,StrandBias:0.3,Multiplicity:1.51
0.125	0.001	0.001	0.873
0.889	0.109	0.001	0.001
0.001	0.111	0.001	0.887
0.001	0.997	0.001	0.001
0.001	0.121	0.877	0.001
0.923	0.001	0.075	0.001
0.001	0.001	0.001	0.997
0.001	0.001	0.072	0.926
>ACGACACT	5-ACGACACT	10.831065	-18.463205	0	T:30.0(8.50%),B:919.3(2.47%),P:1e-8	Tpos:710.6,Tstd:254.6,Bpos:564.1,Bstd:350.5,StrandBias:0.0,Multiplicity:1.00
0.997	0.001	0.001	0.001
0.001	0.997	0.001	0.001
0.001	0.001	0.997	0.001
0.997	0.001	0.001	0.001
0.001	0.788	0.128	0.083
0.997	0.001	0.001	0.001
0.001	0.997	0.001	0.001
0.001	0.001	0.001	0.997
>TCGCCAGA	6-TCGCCAGA	6.632902	-18.169815	0	T:132.0(37.39%),B:8890.0(23.90%),P:1e-7	Tpos:434.6,Tstd:268.4,Bpos:486.3,Bstd:361.7,StrandBias:0.5,Multiplicity:1.27
0.059	0.030	0.001	0.910
0.033	0.875	0.001	0.091
0.054	0.001	0.881	0.064
0.078	0.920	0.001	0.001
0.072	0.868	0.059	0.001
0.901	0.001	0.064	0.034
0.070	0.070	0.781	0.079
0.892	0.106	0.001	0.001
>CGCACTTG	7-CGCACTTG	9.242808	-17.236219	0	T:40.0(11.33%),B:1582.9(4.26%),P:1e-7	Tpos:592.4,Tstd:267.3,Bpos:522.9,Bstd:371.0,StrandBias:-0.2,Multiplicity:1.15
0.001	0.997	0.001	0.001
0.001	0.001	0.997	0.001
0.001	0.782	0.216	0.001
0.997	0.001	0.001	0.001
0.001	0.997	0.001	0.001
0.001	0.001	0.001	0.997
0.022	0.001	0.001	0.976
0.001	0.239	0.759	0.001
>TTTMYTCG	8-TTTMYTCG	8.117532	-16.770625	0	T:186.0(52.69%),B:14317.6(38.50%),P:1e-7	Tpos:517.6,Tstd:295.2,Bpos:521.8,Bstd:361.4,StrandBias:0.2,Multiplicity:1.41
0.363	0.001	0.001	0.635
0.001	0.196	0.001	0.802
0.029	0.001	0.001	0.969
0.459	0.337	0.001	0.203
0.001	0.543	0.001	0.455
0.001	0.001	0.001	0.997
0.001	0.997	0.001	0.001
0.001	0.001	0.997	0.001
>GCGAGAAC	9-GCGAGAAC	7.927542	-16.177911	0	T:55.0(15.58%),B:2695.7(7.25%),P:1e-7	Tpos:510.3,Tstd:300.0,Bpos:523.9,Bstd:358.8,StrandBias:-0.6,Multiplicity:1.09
0.070	0.001	0.928	0.001
0.171	0.827	0.001	0.001
0.188	0.001	0.810	0.001
0.902	0.001	0.001	0.096
0.011	0.373	0.615	0.001
0.751	0.233	0.001	0.015
0.659	0.335	0.001	0.005
0.001	0.799	0.199	0.001
>GGCGTTGG	10-GGCGTTGG	5.833734	-15.895796	0	T:118.0(33.43%),B:7944.9(21.36%),P:1e-6	Tpos:376.6,Tstd:251.5,Bpos:479.4,Bstd:353.6,StrandBias:-0.2,Multiplicity:1.27
0.101	0.001	0.868	0.030
0.033	0.001	0.910	0.056
0.105	0.893	0.001	0.001
0.085	0.001	0.835	0.079
0.083	0.081	0.119	0.717
0.001	0.037	0.021	0.941
0.001	0.014	0.984	0.001
0.108	0.001	0.849	0.042
>TCTTCGCC	11-TCTTCGCC	8.199346	-15.491688	0	T:54.0(15.30%),B:2680.1(7.21%),P:1e-6	Tpos:441.9,Tstd:273.8,Bpos:494.3,Bstd:359.4,StrandBias:0.3,Multiplicity:1.06
0.001	0.185	0.001	0.813
0.192	0.806	0.001	0.001
0.391	0.001	0.001	0.607
0.001	0.001	0.203	0.795
0.110	0.888	0.001	0.001
0.001	0.001	0.997	0.001
0.001	0.997	0.001	0.001
0.001	0.779	0.001	0.219
>CGGATCCG	12-CGGATCCG	5.718055	-14.736391	0	T:95.0(26.91%),B:6074.3(16.33%),P:1e-6	Tpos:369.8,Tstd:269.3,Bpos:456.5,Bstd:359.7,StrandBias:0.1,Multiplicity:1.19
0.053	0.785	0.061	0.101
0.159	0.092	0.689	0.060
0.057	0.143	0.677	0.123
0.680	0.121	0.046	0.153
0.076	0.016	0.105	0.803
0.055	0.849	0.018	0.078
0.152	0.679	0.065	0.104
0.054	0.027	0.852	0.067
>CGAGTCCT	13-CGAGTCCT	10.484804	-14.112550	0	T:13.0(3.68%),B:234.5(0.63%),P:1e-6	Tpos:376.5,Tstd:255.1,Bpos:423.5,Bstd:399.5,StrandBias:-1.2,Multiplicity:1.00
0.001	0.997	0.001	0.001
0.001	0.001	0.997	0.001
0.997	0.001	0.001	0.001
0.001	0.001	0.997	0.001
0.001	0.001	0.001	0.997
0.001	0.606	0.121	0.272
0.001	0.997	0.001	0.001
0.001	0.081	0.001	0.917
>TTTTTCGC	14-TTTTTCGC	9.576494	-11.113142	0	T:171.0(48.44%),B:13888.6(37.34%),P:1e-4	Tpos:578.6,Tstd:273.5,Bpos:514.7,Bstd:372.8,StrandBias:0.4,Multiplicity:1.52
0.001	0.001	0.071	0.927
0.001	0.001	0.001	0.997
0.001	0.001	0.001	0.997
0.001	0.049	0.001	0.949
0.001	0.001	0.001	0.997
0.128	0.870	0.001	0.001
0.001	0.001	0.997	0.001
0.291	0.707	0.001	0.001
>TAGGCCAT	15-TAGGCCAT	7.458984	-10.749090	0	T:43.0(12.18%),B:2294.3(6.17%),P:1e-4	Tpos:429.8,Tstd:289.2,Bpos:485.0,Bstd:341.2,StrandBias:-0.8,Multiplicity:1.58
0.001	0.001	0.001	0.997
0.842	0.001	0.001	0.156
0.001	0.001	0.997	0.001
0.001	0.001	0.997	0.001
0.001	0.952	0.046	0.001
0.001	0.997	0.001	0.001
0.817	0.001	0.001	0.181
0.001	0.001	0.001	0.997
>ATGCATCA	16-ATGCATCA	8.502706	-10.519306	0	T:57.0(16.15%),B:3425.4(9.21%),P:1e-4	Tpos:464.2,Tstd:262.4,Bpos:494.0,Bstd:325.3,StrandBias:-0.8,Multiplicity:1.07
0.915	0.001	0.001	0.083
0.312	0.001	0.001	0.686
0.001	0.001	0.997	0.001
0.001	0.997	0.001	0.001
0.712	0.098	0.189	0.001
0.001	0.001	0.001	0.997
0.001	0.687	0.001	0.311
0.931	0.029	0.001	0.039
>CCACGGCC	17-CCACGGCC	8.236954	-10.282588	0	T:14.0(3.97%),B:390.9(1.05%),P:1e-4	Tpos:523.6,Tstd:305.2,Bpos:519.4,Bstd:385.5,StrandBias:-2.6,Multiplicity:1.08
0.100	0.700	0.100	0.100
0.100	0.700	0.100	0.100
0.700	0.100	0.100	0.100
0.100	0.700	0.100	0.100
0.100	0.100	0.700	0.100
0.100	0.100	0.700	0.100
0.100	0.700	0.100	0.100
0.100	0.700	0.100	0.100
>TAGGCGCC	18-TAGGCGCC	6.619019	-9.756679	0	T:35.0(9.92%),B:1789.3(4.81%),P:1e-4	Tpos:454.4,Tstd:293.5,Bpos:524.3,Bstd:356.5,StrandBias:0.2,Multiplicity:1.38
0.001	0.097	0.001	0.901
0.997	0.001	0.001	0.001
0.120	0.001	0.688	0.191
0.001	0.001	0.997	0.001
0.001	0.997	0.001	0.001
0.001	0.001	0.997	0.001
0.001	0.997	0.001	0.001
0.001	0.997	0.001	0.001
