>GSDYNTGYCGCT	11-GSDYNTGYCGCT,BestGuess:POL010.1_DCE_S_III/Jaspar(0.562)	8.051215	-18.538637	0	T:6.0(6.52%),B:58.1(0.15%),P:1e-8
0.354	0.039	0.606	0.001
0.123	0.421	0.335	0.121
0.395	0.028	0.262	0.315
0.123	0.281	0.185	0.412
0.241	0.281	0.179	0.299
0.281	0.100	0.057	0.562
0.028	0.317	0.654	0.001
0.028	0.543	0.001	0.428
0.177	0.598	0.224	0.001
0.212	0.001	0.646	0.141
0.130	0.607	0.112	0.151
0.307	0.001	0.001	0.691
