>TGACTCAT	1-TGACTCAT	7.958608	-31.275256	0	T:68.0(23.53%),B:3519.1(8.60%),P:1e-13	Tpos:554.4,Tstd:282.6,Bpos:516.6,Bstd:319.0,StrandBias:0.6,Multiplicity:1.15
0.001	0.001	0.001	0.997
0.001	0.001	0.997	0.001
0.997	0.001	0.001	0.001
0.001	0.732	0.266	0.001
0.001	0.001	0.001	0.997
0.001	0.997	0.001	0.001
0.921	0.001	0.077	0.001
0.001	0.135	0.078	0.786
>CCCACCCA	2-CCCACCCA	7.144654	-30.169692	0	T:97.0(33.56%),B:6436.1(15.73%),P:1e-13	Tpos:582.5,Tstd:290.8,Bpos:536.2,Bstd:333.6,StrandBias:1.5,Multiplicity:1.29
0.001	0.904	0.001	0.094
0.190	0.627	0.001	0.182
0.032	0.966	0.001	0.001
0.612	0.280	0.107	0.001
0.001	0.997	0.001	0.001
0.134	0.601	0.264	0.001
0.001	0.997	0.001	0.001
0.929	0.001	0.069	0.001
>CTCTCTCT	3-CTCTCTCT	7.375779	-17.869193	0	T:124.0(42.91%),B:11274.1(27.55%),P:1e-7	Tpos:606.9,Tstd:288.2,Bpos:552.5,Bstd:334.8,StrandBias:1.4,Multiplicity:1.44
0.001	0.886	0.112	0.001
0.001	0.001	0.001	0.997
0.242	0.756	0.001	0.001
0.001	0.001	0.001	0.997
0.001	0.997	0.001	0.001
0.001	0.001	0.001	0.997
0.141	0.661	0.087	0.111
0.174	0.130	0.001	0.695
>ATCTCGTA	4-ATCTCGTA	8.425382	-17.279825	0	T:65.0(22.49%),B:4555.1(11.13%),P:1e-7	Tpos:548.2,Tstd:285.2,Bpos:517.5,Bstd:312.8,StrandBias:0.2,Multiplicity:1.08
0.997	0.001	0.001	0.001
0.001	0.001	0.001	0.997
0.001	0.683	0.001	0.315
0.001	0.001	0.001	0.997
0.001	0.997	0.001	0.001
0.001	0.001	0.997	0.001
0.001	0.231	0.001	0.767
0.971	0.027	0.001	0.001
>TCAACACA	5-TCAACACA	8.757669	-14.100813	0	T:61.0(21.11%),B:4545.6(11.11%),P:1e-6	Tpos:539.8,Tstd:295.3,Bpos:532.6,Bstd:320.4,StrandBias:0.1,Multiplicity:1.10
0.001	0.001	0.001	0.997
0.238	0.760	0.001	0.001
0.997	0.001	0.001	0.001
0.997	0.001	0.001	0.001
0.001	0.997	0.001	0.001
0.868	0.130	0.001	0.001
0.001	0.997	0.001	0.001
0.997	0.001	0.001	0.001
>TGAGTAAG	6-TGAGTAAG	5.884259	-13.470871	0	T:132.0(45.67%),B:13188.7(32.23%),P:1e-5	Tpos:520.7,Tstd:295.6,Bpos:513.0,Bstd:320.0,StrandBias:-0.7,Multiplicity:1.35
0.001	0.001	0.001	0.997
0.054	0.083	0.862	0.001
0.923	0.001	0.001	0.075
0.075	0.094	0.786	0.045
0.077	0.128	0.001	0.794
0.840	0.001	0.090	0.069
0.852	0.001	0.093	0.054
0.001	0.001	0.997	0.001
>CACRTCTG	7-CACRTCTG	9.532406	-11.744912	0	T:29.0(10.03%),B:1642.9(4.01%),P:1e-5	Tpos:555.4,Tstd:292.2,Bpos:514.3,Bstd:319.7,StrandBias:0.4,Multiplicity:1.00
0.001	0.997	0.001	0.001
0.997	0.001	0.001	0.001
0.001	0.997	0.001	0.001
0.554	0.001	0.444	0.001
0.001	0.001	0.001	0.997
0.001	0.611	0.387	0.001
0.001	0.001	0.001	0.997
0.001	0.001	0.997	0.001
>CTGCTACA	8-CTGCTACA	8.855607	-4.035364	0	T:17.0(5.88%),B:1356.5(3.31%),P:1e-1	Tpos:530.2,Tstd:201.8,Bpos:511.6,Bstd:314.4,StrandBias:-0.6,Multiplicity:1.65
0.001	0.997	0.001	0.001
0.001	0.001	0.001	0.997
0.001	0.001	0.997	0.001
0.001	0.997	0.001	0.001
0.001	0.001	0.001	0.997
0.997	0.001	0.001	0.001
0.001	0.858	0.001	0.140
0.871	0.001	0.127	0.001
>CAGGTTAC	9-CAGGTTAC	8.236954	-3.995513	0	T:8.0(2.77%),B:461.2(1.13%),P:1e-1	Tpos:582.2,Tstd:212.2,Bpos:495.2,Bstd:316.6,StrandBias:2.4,Multiplicity:2.38
0.100	0.700	0.100	0.100
0.700	0.100	0.100	0.100
0.100	0.100	0.700	0.100
0.100	0.100	0.700	0.100
0.100	0.100	0.100	0.700
0.100	0.100	0.100	0.700
0.700	0.100	0.100	0.100
0.100	0.700	0.100	0.100
