>CCAAGGAAAGTC	1-CCAAGGAAAGTC	12.624759	-23.893165	0	T:8.0(4.32%),B:39.4(0.10%),P:1e-10	Tpos:605.5,Tstd:214.3,Bpos:580.1,Bstd:297.9,StrandBias:0.7,Multiplicity:1.00
0.113	0.885	0.001	0.001
0.176	0.822	0.001	0.001
0.997	0.001	0.001	0.001
0.796	0.202	0.001	0.001
0.176	0.001	0.822	0.001
0.001	0.001	0.997	0.001
0.997	0.001	0.001	0.001
0.997	0.001	0.001	0.001
0.997	0.001	0.001	0.001
0.001	0.150	0.848	0.001
0.001	0.001	0.001	0.997
0.001	0.997	0.001	0.001
>TGTAGATTTTTT	2-TGTAGATTTTTT	12.280629	-22.205412	0	T:24.0(12.97%),B:1071.3(2.64%),P:1e-9	Tpos:521.2,Tstd:277.6,Bpos:524.7,Bstd:306.0,StrandBias:0.1,Multiplicity:1.04
0.036	0.001	0.001	0.962
0.001	0.027	0.971	0.001
0.001	0.001	0.048	0.950
0.668	0.001	0.046	0.285
0.062	0.033	0.868	0.037
0.997	0.001	0.001	0.001
0.036	0.001	0.001	0.962
0.072	0.001	0.102	0.825
0.001	0.001	0.001	0.997
0.109	0.001	0.001	0.889
0.001	0.001	0.001	0.997
0.001	0.059	0.001	0.939
>TTGAAAGTTGTC	3-TTGAAAGTTGTC	12.922396	-18.338656	0	T:10.0(5.41%),B:169.0(0.42%),P:1e-7	Tpos:491.3,Tstd:267.6,Bpos:486.3,Bstd:304.7,StrandBias:0.3,Multiplicity:1.10
0.001	0.001	0.001	0.997
0.001	0.001	0.001	0.997
0.087	0.001	0.911	0.001
0.997	0.001	0.001	0.001
0.997	0.001	0.001	0.001
0.881	0.001	0.117	0.001
0.037	0.001	0.902	0.060
0.001	0.121	0.001	0.877
0.133	0.001	0.001	0.865
0.001	0.101	0.870	0.028
0.001	0.117	0.001	0.881
0.071	0.882	0.001	0.046
>TATGAACCTGAA	4-TATGAACCTGAA	12.886171	-17.304677	0	T:9.0(4.86%),B:140.1(0.35%),P:1e-7	Tpos:536.6,Tstd:335.0,Bpos:510.8,Bstd:341.7,StrandBias:-1.2,Multiplicity:1.11
0.001	0.001	0.001	0.997
0.729	0.098	0.101	0.072
0.134	0.001	0.001	0.864
0.001	0.001	0.997	0.001
0.997	0.001	0.001	0.001
0.901	0.001	0.001	0.097
0.064	0.934	0.001	0.001
0.083	0.915	0.001	0.001
0.001	0.001	0.001	0.997
0.001	0.001	0.997	0.001
0.721	0.169	0.001	0.109
0.997	0.001	0.001	0.001
>TCTCCACAGTGT	5-TCTCCACAGTGT	14.413223	-16.199677	0	T:3.0(1.62%),B:0.7(0.00%),P:1e-7	Tpos:467.0,Tstd:220.5,Bpos:684.4,Bstd:92.4,StrandBias:1.0,Multiplicity:1.00
0.001	0.001	0.153	0.845
0.001	0.997	0.001	0.001
0.001	0.001	0.001	0.997
0.001	0.997	0.001	0.001
0.001	0.997	0.001	0.001
0.997	0.001	0.001	0.001
0.001	0.997	0.001	0.001
0.850	0.001	0.148	0.001
0.001	0.001	0.997	0.001
0.001	0.001	0.001	0.997
0.155	0.001	0.843	0.001
0.001	0.001	0.001	0.997
>GCGCCTTTGCAC	6-GCGCCTTTGCAC	14.396080	-16.199677	0	T:3.0(1.62%),B:0.0(0.00%),P:1e-7	Tpos:543.3,Tstd:287.9,Bpos:0.0,Bstd:0.0,StrandBias:-1.0,Multiplicity:1.00
0.130	0.001	0.739	0.130
0.001	0.997	0.001	0.001
0.149	0.001	0.849	0.001
0.001	0.849	0.149	0.001
0.140	0.729	0.130	0.001
0.001	0.130	0.001	0.868
0.163	0.001	0.001	0.835
0.001	0.001	0.149	0.849
0.001	0.163	0.835	0.001
0.001	0.868	0.001	0.130
0.858	0.001	0.001	0.140
0.150	0.719	0.001	0.130
>GGGGTACTGTAG	7-GGGGTACTGTAG	10.141631	-16.051018	0	T:17.0(9.19%),B:756.7(1.87%),P:1e-6	Tpos:532.0,Tstd:283.6,Bpos:515.7,Bstd:319.0,StrandBias:0.0,Multiplicity:1.38
0.098	0.087	0.810	0.005
0.001	0.001	0.997	0.001
0.103	0.001	0.895	0.001
0.202	0.001	0.796	0.001
0.001	0.001	0.005	0.993
0.883	0.112	0.004	0.001
0.001	0.997	0.001	0.001
0.204	0.001	0.221	0.574
0.260	0.001	0.738	0.001
0.199	0.001	0.199	0.601
0.997	0.001	0.001	0.001
0.151	0.126	0.722	0.001
>GCAAVGGCATTC	8-GCAAVGGCATTC	13.857698	-13.903805	0	T:3.0(1.62%),B:2.1(0.01%),P:1e-6	Tpos:247.0,Tstd:112.7,Bpos:712.2,Bstd:73.4,StrandBias:-10.0,Multiplicity:2.33
0.001	0.001	0.997	0.001
0.001	0.997	0.001	0.001
0.701	0.001	0.297	0.001
0.997	0.001	0.001	0.001
0.360	0.341	0.298	0.001
0.001	0.001	0.997	0.001
0.001	0.001	0.997	0.001
0.001	0.997	0.001	0.001
0.701	0.001	0.297	0.001
0.001	0.001	0.001	0.997
0.001	0.001	0.001	0.997
0.001	0.638	0.360	0.001
>GSATCCTCTSAK	9-GSATCCTCTSAK	10.650265	-13.273233	0	T:9.0(4.86%),B:231.2(0.57%),P:1e-5	Tpos:340.3,Tstd:306.1,Bpos:500.8,Bstd:305.8,StrandBias:1.2,Multiplicity:1.44
0.001	0.001	0.997	0.001
0.134	0.504	0.361	0.001
0.997	0.001	0.001	0.001
0.001	0.001	0.001	0.997
0.001	0.858	0.001	0.140
0.133	0.509	0.189	0.169
0.001	0.001	0.001	0.997
0.001	0.810	0.188	0.001
0.001	0.334	0.001	0.664
0.001	0.574	0.424	0.001
0.849	0.001	0.001	0.149
0.001	0.164	0.457	0.378
>CGAAATAAATTG	10-CGAAATAAATTG	9.290506	-12.227811	0	T:8.0(4.32%),B:197.5(0.49%),P:1e-5	Tpos:506.8,Tstd:282.7,Bpos:540.3,Bstd:309.3,StrandBias:-1.6,Multiplicity:1.50
0.001	0.997	0.001	0.001
0.001	0.001	0.997	0.001
0.695	0.001	0.001	0.303
0.997	0.001	0.001	0.001
0.997	0.001	0.001	0.001
0.001	0.245	0.001	0.753
0.906	0.078	0.015	0.001
0.997	0.001	0.001	0.001
0.997	0.001	0.001	0.001
0.001	0.357	0.001	0.641
0.074	0.001	0.001	0.924
0.001	0.001	0.997	0.001
>GAHAAACGCCSA	11-GAHAAACGCCSA	13.879663	-11.788991	0	T:3.0(1.62%),B:6.3(0.02%),P:1e-5	Tpos:441.0,Tstd:369.7,Bpos:356.7,Bstd:413.7,StrandBias:-2.3,Multiplicity:2.00
0.001	0.380	0.618	0.001
0.997	0.001	0.001	0.001
0.237	0.381	0.001	0.381
0.997	0.001	0.001	0.001
0.997	0.001	0.001	0.001
0.997	0.001	0.001	0.001
0.001	0.997	0.001	0.001
0.001	0.001	0.997	0.001
0.001	0.997	0.001	0.001
0.001	0.997	0.001	0.001
0.167	0.451	0.381	0.001
0.997	0.001	0.001	0.001
>GTACCCYMTAGG	12-GTACCCYMTAGG	13.482973	-11.120567	0	T:3.0(1.62%),B:8.7(0.02%),P:1e-4	Tpos:720.3,Tstd:175.0,Bpos:531.2,Bstd:293.6,StrandBias:10.0,Multiplicity:1.00
0.001	0.001	0.997	0.001
0.423	0.001	0.001	0.575
0.997	0.001	0.001	0.001
0.001	0.997	0.001	0.001
0.001	0.575	0.001	0.423
0.001	0.997	0.001	0.001
0.001	0.485	0.001	0.513
0.485	0.513	0.001	0.001
0.071	0.001	0.001	0.927
0.997	0.001	0.001	0.001
0.001	0.001	0.997	0.001
0.001	0.001	0.997	0.001
>ACGTTTAGCTCC	13-ACGTTTAGCTCC	14.040610	-10.794370	0	T:2.0(1.08%),B:0.0(0.00%),P:1e-4	Tpos:314.9,Tstd:196.0,Bpos:0.0,Bstd:0.0,StrandBias:3.2,Multiplicity:5.00
0.997	0.001	0.001	0.001
0.103	0.895	0.001	0.001
0.001	0.001	0.997	0.001
0.001	0.001	0.001	0.997
0.001	0.001	0.001	0.997
0.001	0.001	0.001	0.997
0.997	0.001	0.001	0.001
0.090	0.001	0.832	0.077
0.103	0.895	0.001	0.001
0.001	0.001	0.001	0.997
0.001	0.997	0.001	0.001
0.001	0.997	0.001	0.001
>AAACACCAATTT	14-AAACACCAATTT	13.955904	-9.424921	0	T:6.0(3.24%),B:149.3(0.37%),P:1e-4	Tpos:364.7,Tstd:211.0,Bpos:527.7,Bstd:307.8,StrandBias:2.2,Multiplicity:1.83
0.997	0.001	0.001	0.001
0.997	0.001	0.001	0.001
0.997	0.001	0.001	0.001
0.001	0.997	0.001	0.001
0.744	0.152	0.103	0.001
0.001	0.997	0.001	0.001
0.001	0.997	0.001	0.001
0.890	0.001	0.001	0.108
0.997	0.001	0.001	0.001
0.001	0.001	0.001	0.997
0.001	0.001	0.001	0.997
0.001	0.001	0.121	0.877
>TGCTCCACAGTA	15-TGCTCCACAGTA	10.361016	-8.929559	0	T:8.0(4.32%),B:318.6(0.79%),P:1e-3	Tpos:485.7,Tstd:301.6,Bpos:518.8,Bstd:318.3,StrandBias:2.5,Multiplicity:1.62
0.101	0.118	0.001	0.780
0.001	0.001	0.997	0.001
0.135	0.863	0.001	0.001
0.136	0.001	0.136	0.727
0.001	0.744	0.001	0.254
0.118	0.880	0.001	0.001
0.863	0.001	0.135	0.001
0.001	0.773	0.118	0.108
0.880	0.118	0.001	0.001
0.001	0.118	0.780	0.101
0.001	0.108	0.001	0.890
0.863	0.001	0.001	0.135
>CCAAAGTTAGGT	16-CCAAAGTTAGGT	14.016625	-8.413442	0	T:3.0(1.62%),B:23.6(0.06%),P:1e-3	Tpos:198.5,Tstd:188.5,Bpos:384.4,Bstd:338.6,StrandBias:3.2,Multiplicity:3.33
0.001	0.997	0.001	0.001
0.001	0.997	0.001	0.001
0.997	0.001	0.001	0.001
0.864	0.134	0.001	0.001
0.997	0.001	0.001	0.001
0.072	0.001	0.926	0.001
0.001	0.001	0.001	0.997
0.001	0.001	0.001	0.997
0.721	0.001	0.170	0.108
0.134	0.001	0.864	0.001
0.001	0.001	0.997	0.001
0.001	0.001	0.001	0.997
>GAGAAATTTCAC	17-GAGAAATTTCAC	14.583412	-7.981130	0	T:3.0(1.62%),B:27.3(0.07%),P:1e-3	Tpos:327.0,Tstd:249.8,Bpos:499.7,Bstd:346.2,StrandBias:-2.6,Multiplicity:2.33
0.001	0.001	0.997	0.001
0.831	0.167	0.001	0.001
0.001	0.001	0.997	0.001
0.997	0.001	0.001	0.001
0.997	0.001	0.001	0.001
0.997	0.001	0.001	0.001
0.110	0.001	0.001	0.888
0.001	0.001	0.001	0.997
0.001	0.001	0.001	0.997
0.001	0.997	0.001	0.001
0.997	0.001	0.001	0.001
0.001	0.890	0.001	0.108
>GGGAATTTTGTG	18-GGGAATTTTGTG	11.718872	-7.334950	0	T:7.0(3.78%),B:310.3(0.77%),P:1e-3	Tpos:414.6,Tstd:272.3,Bpos:495.9,Bstd:302.8,StrandBias:-10.0,Multiplicity:2.86
0.001	0.001	0.997	0.001
0.001	0.001	0.856	0.142
0.001	0.001	0.832	0.166
0.809	0.189	0.001	0.001
0.997	0.001	0.001	0.001
0.001	0.001	0.001	0.997
0.001	0.001	0.001	0.997
0.001	0.001	0.001	0.997
0.001	0.001	0.269	0.729
0.363	0.001	0.635	0.001
0.154	0.001	0.204	0.641
0.181	0.001	0.781	0.037
>GCAGTCAGGTTA	19-GCAGTCAGGTTA	16.525601	-5.394487	0	T:1.0(0.54%),B:0.0(0.00%),P:1e-2	Tpos:513.5,Tstd:58.7,Bpos:0.0,Bstd:0.0,StrandBias:10.0,Multiplicity:12.00
0.001	0.001	0.997	0.001
0.001	0.997	0.001	0.001
0.997	0.001	0.001	0.001
0.001	0.001	0.997	0.001
0.001	0.001	0.001	0.997
0.001	0.997	0.001	0.001
0.997	0.001	0.001	0.001
0.001	0.001	0.926	0.072
0.001	0.001	0.997	0.001
0.001	0.001	0.001	0.997
0.001	0.001	0.001	0.997
0.997	0.001	0.001	0.001
>CTCAGCCAATCA	20-CTCAGCCAATCA	16.509269	-5.394487	0	T:1.0(0.54%),B:0.0(0.00%),P:1e-2	Tpos:252.2,Tstd:113.1,Bpos:0.0,Bstd:0.0,StrandBias:10.0,Multiplicity:10.00
0.001	0.997	0.001	0.001
0.001	0.001	0.001	0.997
0.001	0.997	0.001	0.001
0.997	0.001	0.001	0.001
0.001	0.001	0.997	0.001
0.001	0.997	0.001	0.001
0.001	0.997	0.001	0.001
0.997	0.001	0.001	0.001
0.997	0.001	0.001	0.001
0.001	0.001	0.001	0.997
0.001	0.997	0.001	0.001
0.911	0.001	0.087	0.001
>CTCCACGGTATC	21-CTCCACGGTATC	16.122832	-5.394487	0	T:1.0(0.54%),B:0.0(0.00%),P:1e-2	Tpos:237.0,Tstd:131.5,Bpos:0.0,Bstd:0.0,StrandBias:10.0,Multiplicity:5.00
0.001	0.997	0.001	0.001
0.001	0.001	0.001	0.997
0.001	0.997	0.001	0.001
0.001	0.997	0.001	0.001
0.997	0.001	0.001	0.001
0.001	0.997	0.001	0.001
0.379	0.001	0.619	0.001
0.001	0.001	0.997	0.001
0.001	0.001	0.001	0.997
0.997	0.001	0.001	0.001
0.001	0.001	0.001	0.997
0.001	0.997	0.001	0.001
>ACCCTCAAGGAT	22-ACCCTCAAGGAT	12.355432	-4.300395	0	T:1.0(0.54%),B:2.8(0.01%),P:1e-1	Tpos:219.0,Tstd:131.5,Bpos:667.3,Bstd:120.5,StrandBias:10.0,Multiplicity:5.00
0.700	0.100	0.100	0.100
0.100	0.700	0.100	0.100
0.100	0.700	0.100	0.100
0.100	0.700	0.100	0.100
0.100	0.100	0.100	0.700
0.100	0.700	0.100	0.100
0.700	0.100	0.100	0.100
0.700	0.100	0.100	0.100
0.100	0.100	0.700	0.100
0.100	0.100	0.700	0.100
0.700	0.100	0.100	0.100
0.100	0.100	0.100	0.700
>TAGTCCACTCGG	23-TAGTCCACTCGG	16.197459	-4.300395	0	T:1.0(0.54%),B:2.0(0.01%),P:1e-1	Tpos:721.0,Tstd:0.0,Bpos:478.5,Bstd:205.3,StrandBias:-10.0,Multiplicity:1.00
0.001	0.001	0.001	0.997
0.997	0.001	0.001	0.001
0.001	0.153	0.845	0.001
0.001	0.001	0.001	0.997
0.001	0.997	0.001	0.001
0.001	0.997	0.001	0.001
0.825	0.001	0.001	0.173
0.001	0.951	0.001	0.047
0.001	0.001	0.001	0.997
0.001	0.997	0.001	0.001
0.001	0.001	0.997	0.001
0.001	0.001	0.997	0.001
>TACTCCTCTCGG	24-TACTCCTCTCGG	16.157448	-2.880197	0	T:2.0(1.08%),B:82.4(0.20%),P:1e-1	Tpos:735.2,Tstd:196.3,Bpos:627.9,Bstd:249.3,StrandBias:-10.0,Multiplicity:3.00
0.001	0.001	0.001	0.997
0.997	0.001	0.001	0.001
0.001	0.880	0.118	0.001
0.001	0.001	0.001	0.997
0.001	0.997	0.001	0.001
0.001	0.997	0.001	0.001
0.001	0.001	0.001	0.997
0.001	0.726	0.001	0.272
0.001	0.001	0.001	0.997
0.001	0.997	0.001	0.001
0.001	0.001	0.997	0.001
0.001	0.001	0.997	0.001
>GCTAAATATTTA	25-GCTAAATATTTA	16.349401	-2.394869	0	T:1.0(0.54%),B:20.6(0.05%),P:1e-1	Tpos:135.2,Tstd:80.0,Bpos:343.3,Bstd:251.6,StrandBias:-0.3,Multiplicity:7.00
0.058	0.079	0.862	0.001
0.001	0.997	0.001	0.001
0.001	0.001	0.001	0.997
0.997	0.001	0.001	0.001
0.898	0.001	0.001	0.100
0.997	0.001	0.001	0.001
0.001	0.001	0.001	0.997
0.997	0.001	0.001	0.001
0.001	0.001	0.001	0.997
0.001	0.001	0.001	0.997
0.001	0.001	0.001	0.997
0.997	0.001	0.001	0.001
