>TCTTTCTCTT	1-TCTTTCTCTT	8.866772	-39.939736	0	T:268.0(37.91%),B:9086.3(23.26%),P:1e-17	Tpos:561.0,Tstd:285.4,Bpos:552.8,Bstd:337.4,StrandBias:1.7,Multiplicity:1.26
0.001	0.001	0.023	0.975
0.026	0.717	0.143	0.114
0.026	0.052	0.017	0.905
0.035	0.042	0.001	0.922
0.001	0.001	0.022	0.976
0.018	0.909	0.001	0.072
0.001	0.027	0.010	0.962
0.033	0.882	0.001	0.084
0.001	0.024	0.017	0.958
0.001	0.186	0.001	0.812
>GAAAGCGAGA	2-GAAAGCGAGA	7.491424	-29.018672	0	T:204.0(28.85%),B:6880.6(17.62%),P:1e-12	Tpos:528.0,Tstd:289.3,Bpos:527.7,Bstd:347.2,StrandBias:-1.2,Multiplicity:1.18
0.143	0.043	0.754	0.060
0.827	0.057	0.057	0.059
0.807	0.033	0.101	0.059
0.795	0.071	0.057	0.077
0.095	0.119	0.749	0.037
0.039	0.838	0.057	0.066
0.141	0.063	0.763	0.033
0.838	0.040	0.083	0.039
0.062	0.053	0.848	0.037
0.789	0.058	0.099	0.054
>ACGCGCCAGC	3-ACGCGCCAGC	9.077680	-28.892301	0	T:36.0(5.09%),B:432.4(1.11%),P:1e-12	Tpos:581.5,Tstd:242.4,Bpos:597.3,Bstd:339.9,StrandBias:0.1,Multiplicity:1.11
0.731	0.048	0.029	0.192
0.001	0.903	0.035	0.061
0.001	0.040	0.958	0.001
0.001	0.900	0.001	0.098
0.001	0.069	0.929	0.001
0.041	0.825	0.001	0.133
0.021	0.950	0.028	0.001
0.937	0.029	0.033	0.001
0.001	0.001	0.997	0.001
0.001	0.976	0.001	0.022
>RAGAAAAGAG	4-RAGAAAAGAG	8.877892	-28.224951	0	T:251.0(35.50%),B:9152.0(23.43%),P:1e-12	Tpos:530.4,Tstd:285.5,Bpos:540.3,Bstd:341.4,StrandBias:-1.0,Multiplicity:1.20
0.547	0.001	0.451	0.001
0.541	0.030	0.153	0.276
0.074	0.106	0.799	0.021
0.908	0.009	0.061	0.022
0.598	0.093	0.248	0.061
0.997	0.001	0.001	0.001
0.937	0.001	0.061	0.001
0.270	0.001	0.721	0.008
0.933	0.001	0.001	0.065
0.001	0.001	0.775	0.223
>TTGAGGCGAA	5-TTGAGGCGAA	7.824521	-27.649724	0	T:55.0(7.78%),B:984.0(2.52%),P:1e-12	Tpos:565.8,Tstd:288.4,Bpos:516.3,Bstd:356.4,StrandBias:-0.6,Multiplicity:1.09
0.011	0.090	0.318	0.581
0.271	0.058	0.109	0.562
0.037	0.300	0.648	0.015
0.920	0.011	0.028	0.041
0.137	0.284	0.562	0.017
0.211	0.057	0.567	0.165
0.011	0.861	0.036	0.092
0.085	0.262	0.619	0.034
0.447	0.227	0.260	0.065
0.629	0.229	0.052	0.090
>CGAGGGACAG	6-CGAGGGACAG	9.949871	-25.763342	0	T:24.0(3.39%),B:209.8(0.54%),P:1e-11	Tpos:439.0,Tstd:285.9,Bpos:493.1,Bstd:340.9,StrandBias:-1.0,Multiplicity:1.00
0.031	0.826	0.142	0.001
0.054	0.001	0.944	0.001
0.997	0.001	0.001	0.001
0.051	0.058	0.890	0.001
0.001	0.001	0.997	0.001
0.001	0.180	0.818	0.001
0.861	0.001	0.080	0.058
0.101	0.812	0.001	0.086
0.997	0.001	0.001	0.001
0.031	0.001	0.888	0.080
>YCSTCDTTTT	7-YCSTCDTTTT	6.469003	-24.516369	0	T:295.0(41.73%),B:11664.3(29.86%),P:1e-10	Tpos:518.9,Tstd:296.2,Bpos:535.8,Bstd:342.1,StrandBias:1.0,Multiplicity:1.31
0.021	0.441	0.008	0.530
0.145	0.530	0.155	0.170
0.137	0.426	0.280	0.156
0.105	0.225	0.190	0.479
0.082	0.599	0.193	0.126
0.377	0.110	0.254	0.259
0.319	0.103	0.051	0.527
0.092	0.204	0.042	0.662
0.122	0.216	0.114	0.548
0.037	0.084	0.005	0.874
>GMSACGCAGA	8-GMSACGCAGA	7.624785	-23.983610	0	T:145.0(20.51%),B:4599.1(11.77%),P:1e-10	Tpos:492.5,Tstd:263.8,Bpos:553.6,Bstd:346.4,StrandBias:-0.9,Multiplicity:1.18
0.098	0.067	0.798	0.037
0.397	0.505	0.001	0.097
0.137	0.458	0.345	0.060
0.792	0.001	0.206	0.001
0.145	0.771	0.038	0.046
0.001	0.048	0.889	0.062
0.001	0.955	0.043	0.001
0.625	0.027	0.300	0.048
0.001	0.001	0.997	0.001
0.707	0.090	0.039	0.164
>TGTGTGTGTG	9-TGTGTGTGTG	7.157517	-22.602050	0	T:176.0(24.89%),B:6081.2(15.57%),P:1e-9	Tpos:555.3,Tstd:283.2,Bpos:535.8,Bstd:346.1,StrandBias:-0.2,Multiplicity:1.26
0.094	0.058	0.065	0.783
0.054	0.074	0.774	0.098
0.092	0.065	0.046	0.797
0.065	0.049	0.784	0.102
0.072	0.074	0.053	0.801
0.044	0.063	0.824	0.069
0.063	0.056	0.106	0.775
0.054	0.044	0.859	0.043
0.076	0.056	0.111	0.757
0.042	0.050	0.854	0.054
>GAGGGAAAAG	10-GAGGGAAAAG	8.469301	-22.167687	0	T:92.0(13.01%),B:2505.2(6.41%),P:1e-9	Tpos:534.7,Tstd:293.0,Bpos:531.3,Bstd:351.4,StrandBias:-1.4,Multiplicity:1.04
0.013	0.101	0.866	0.020
0.870	0.077	0.018	0.035
0.036	0.144	0.780	0.040
0.001	0.163	0.816	0.020
0.107	0.035	0.727	0.131
0.607	0.212	0.026	0.155
0.617	0.091	0.252	0.040
0.699	0.135	0.025	0.141
0.659	0.079	0.169	0.093
0.142	0.097	0.648	0.113
>GAGACATAGA	11-GAGACATAGA	8.098537	-20.676940	0	T:100.0(14.14%),B:2906.9(7.44%),P:1e-8	Tpos:514.3,Tstd:268.8,Bpos:547.4,Bstd:333.5,StrandBias:-1.2,Multiplicity:1.14
0.191	0.200	0.597	0.012
0.855	0.008	0.014	0.123
0.037	0.001	0.840	0.122
0.818	0.002	0.030	0.150
0.134	0.555	0.141	0.170
0.779	0.007	0.163	0.051
0.097	0.187	0.235	0.481
0.765	0.149	0.007	0.079
0.128	0.102	0.633	0.137
0.682	0.017	0.171	0.130
>ACGCCGTCGT	12-ACGCCGTCGT	7.272638	-20.633965	0	T:53.0(7.50%),B:1130.3(2.89%),P:1e-8	Tpos:558.7,Tstd:320.1,Bpos:530.3,Bstd:360.1,StrandBias:0.8,Multiplicity:1.06
0.776	0.099	0.050	0.075
0.060	0.831	0.041	0.068
0.069	0.063	0.806	0.062
0.027	0.866	0.065	0.042
0.042	0.756	0.116	0.086
0.073	0.053	0.801	0.073
0.074	0.036	0.022	0.868
0.079	0.786	0.083	0.052
0.078	0.074	0.756	0.092
0.079	0.077	0.082	0.762
>GCCGCTCTCC	13-GCCGCTCTCC	9.440907	-20.112567	0	T:29.0(4.10%),B:408.1(1.04%),P:1e-8	Tpos:484.4,Tstd:265.1,Bpos:533.0,Bstd:365.2,StrandBias:0.5,Multiplicity:1.11
0.001	0.027	0.971	0.001
0.046	0.922	0.031	0.001
0.001	0.877	0.121	0.001
0.035	0.038	0.900	0.027
0.001	0.951	0.001	0.047
0.001	0.033	0.001	0.965
0.048	0.854	0.063	0.035
0.001	0.060	0.099	0.840
0.079	0.856	0.001	0.064
0.032	0.897	0.001	0.070
>AACATARAAH	14-AACATARAAH	6.680874	-19.674113	0	T:124.0(17.54%),B:3980.9(10.19%),P:1e-8	Tpos:558.4,Tstd:275.0,Bpos:507.4,Bstd:311.0,StrandBias:-1.0,Multiplicity:1.11
0.646	0.186	0.124	0.044
0.688	0.194	0.063	0.055
0.201	0.495	0.249	0.055
0.599	0.078	0.182	0.141
0.028	0.055	0.267	0.650
0.612	0.149	0.200	0.039
0.264	0.167	0.407	0.161
0.510	0.247	0.201	0.042
0.570	0.043	0.178	0.209
0.226	0.281	0.118	0.375
>GTGTGTTGCC	15-GTGTGTTGCC	7.360383	-19.668233	0	T:67.0(9.48%),B:1666.2(4.27%),P:1e-8	Tpos:526.5,Tstd:271.9,Bpos:544.4,Bstd:327.8,StrandBias:0.1,Multiplicity:1.12
0.056	0.046	0.842	0.056
0.099	0.109	0.057	0.735
0.061	0.125	0.793	0.021
0.065	0.084	0.111	0.740
0.057	0.055	0.851	0.037
0.040	0.100	0.049	0.811
0.029	0.062	0.070	0.839
0.131	0.049	0.767	0.053
0.044	0.856	0.060	0.040
0.082	0.776	0.091	0.051
>TTAAAGGTGT	16-TTAAAGGTGT	10.190293	-19.313251	0	T:48.0(6.79%),B:1006.4(2.58%),P:1e-8	Tpos:550.3,Tstd:285.1,Bpos:512.3,Bstd:311.7,StrandBias:0.8,Multiplicity:1.04
0.001	0.064	0.001	0.934
0.103	0.001	0.001	0.895
0.997	0.001	0.001	0.001
0.895	0.103	0.001	0.001
0.771	0.152	0.076	0.001
0.323	0.001	0.675	0.001
0.001	0.159	0.839	0.001
0.001	0.067	0.010	0.922
0.001	0.001	0.850	0.148
0.036	0.001	0.098	0.865
>CTTCTTCTTT	17-CTTCTTCTTT	8.500157	-19.117343	0	T:202.0(28.57%),B:7600.4(19.46%),P:1e-8	Tpos:526.8,Tstd:285.8,Bpos:545.1,Bstd:351.3,StrandBias:1.3,Multiplicity:1.28
0.001	0.611	0.168	0.220
0.128	0.226	0.157	0.489
0.005	0.014	0.261	0.720
0.001	0.834	0.013	0.152
0.157	0.001	0.146	0.696
0.001	0.300	0.097	0.602
0.052	0.946	0.001	0.001
0.076	0.291	0.032	0.601
0.028	0.014	0.001	0.957
0.151	0.183	0.013	0.653
>CGCGATAGAT	18-CGCGATAGAT	9.479214	-18.925633	0	T:23.0(3.25%),B:277.1(0.71%),P:1e-8	Tpos:541.2,Tstd:303.1,Bpos:522.0,Bstd:327.0,StrandBias:-0.4,Multiplicity:1.00
0.101	0.767	0.001	0.131
0.020	0.062	0.886	0.032
0.001	0.946	0.001	0.052
0.001	0.089	0.909	0.001
0.997	0.001	0.001	0.001
0.036	0.071	0.001	0.892
0.900	0.054	0.045	0.001
0.029	0.051	0.876	0.044
0.883	0.115	0.001	0.001
0.001	0.001	0.043	0.955
>ACTCTCACAC	19-ACTCTCACAC	9.399965	-17.888691	0	T:47.0(6.65%),B:1021.6(2.62%),P:1e-7	Tpos:602.4,Tstd:261.6,Bpos:541.9,Bstd:323.3,StrandBias:0.5,Multiplicity:1.02
0.902	0.096	0.001	0.001
0.073	0.925	0.001	0.001
0.047	0.001	0.001	0.951
0.001	0.833	0.001	0.165
0.001	0.001	0.001	0.997
0.029	0.969	0.001	0.001
0.703	0.105	0.001	0.191
0.001	0.958	0.001	0.040
0.959	0.001	0.001	0.039
0.001	0.934	0.001	0.064
>CGTTGCGAAA	20-CGTTGCGAAA	7.499196	-17.072140	0	T:98.0(13.86%),B:3043.1(7.79%),P:1e-7	Tpos:544.4,Tstd:271.3,Bpos:530.2,Bstd:344.3,StrandBias:-0.1,Multiplicity:1.17
0.045	0.827	0.072	0.056
0.047	0.072	0.835	0.046
0.052	0.059	0.054	0.835
0.046	0.107	0.104	0.743
0.044	0.059	0.824	0.073
0.053	0.744	0.086	0.117
0.041	0.048	0.839	0.072
0.741	0.083	0.065	0.111
0.790	0.067	0.087	0.056
0.828	0.104	0.007	0.061
>GTGGTCTTTT	21-GTGGTCTTTT	7.793894	-16.919218	0	T:163.0(23.06%),B:5959.1(15.26%),P:1e-7	Tpos:509.2,Tstd:298.3,Bpos:513.9,Bstd:328.6,StrandBias:0.2,Multiplicity:1.12
0.053	0.070	0.837	0.040
0.062	0.091	0.035	0.812
0.074	0.041	0.822	0.063
0.117	0.142	0.676	0.065
0.073	0.030	0.125	0.772
0.035	0.715	0.121	0.129
0.087	0.035	0.001	0.877
0.042	0.097	0.032	0.829
0.018	0.071	0.086	0.825
0.048	0.007	0.097	0.848
>AGAAGTGRAA	22-AGAAGTGRAA	10.814474	-16.813420	0	T:64.0(9.05%),B:1684.7(4.31%),P:1e-7	Tpos:570.5,Tstd:283.3,Bpos:515.8,Bstd:309.4,StrandBias:-1.2,Multiplicity:1.12
0.997	0.001	0.001	0.001
0.001	0.001	0.997	0.001
0.997	0.001	0.001	0.001
0.997	0.001	0.001	0.001
0.131	0.001	0.867	0.001
0.001	0.001	0.001	0.997
0.001	0.001	0.997	0.001
0.568	0.001	0.430	0.001
0.997	0.001	0.001	0.001
0.651	0.001	0.001	0.347
>AATTGGGGAA	23-AATTGGGGAA	7.455159	-15.083894	0	T:191.0(27.02%),B:7476.3(19.14%),P:1e-6	Tpos:535.3,Tstd:289.8,Bpos:513.7,Bstd:329.9,StrandBias:-1.5,Multiplicity:1.16
0.832	0.056	0.067	0.045
0.794	0.070	0.069	0.067
0.066	0.052	0.107	0.775
0.057	0.086	0.089	0.768
0.082	0.070	0.718	0.130
0.078	0.055	0.812	0.055
0.078	0.059	0.823	0.040
0.040	0.028	0.908	0.024
0.793	0.041	0.080	0.086
0.785	0.103	0.049	0.063
>TWTTCAGTCT	24-TWTTCAGTCT	9.831334	-13.449462	0	T:45.0(6.36%),B:1126.0(2.88%),P:1e-5	Tpos:508.0,Tstd:326.8,Bpos:514.4,Bstd:333.0,StrandBias:0.6,Multiplicity:1.07
0.034	0.015	0.024	0.927
0.314	0.041	0.181	0.463
0.268	0.020	0.003	0.709
0.085	0.001	0.038	0.876
0.281	0.641	0.066	0.012
0.932	0.044	0.001	0.023
0.101	0.092	0.753	0.054
0.069	0.279	0.001	0.651
0.017	0.804	0.102	0.077
0.003	0.001	0.045	0.951
>AACCTGACTG	25-AACCTGACTG	10.296193	-1.444125	0	T:1.0(0.14%),B:14.4(0.04%),P:1e0	Tpos:512.5,Tstd:58.7,Bpos:529.0,Bstd:243.1,StrandBias:-10.0,Multiplicity:12.00
0.700	0.100	0.100	0.100
0.700	0.100	0.100	0.100
0.100	0.700	0.100	0.100
0.100	0.700	0.100	0.100
0.100	0.100	0.100	0.700
0.100	0.100	0.700	0.100
0.700	0.100	0.100	0.100
0.100	0.700	0.100	0.100
0.100	0.100	0.100	0.700
0.100	0.100	0.700	0.100
>TTGAGGCGAAAA	1-TTGAGGCGAAAA	12.493070	-30.821163	0	T:22.0(3.11%),B:129.2(0.33%),P:1e-13	Tpos:551.2,Tstd:277.3,Bpos:529.3,Bstd:386.1,StrandBias:-0.5,Multiplicity:1.00
0.001	0.001	0.061	0.937
0.071	0.001	0.001	0.927
0.001	0.001	0.947	0.051
0.997	0.001	0.001	0.001
0.019	0.062	0.918	0.001
0.030	0.001	0.893	0.076
0.001	0.971	0.001	0.027
0.001	0.225	0.773	0.001
0.845	0.117	0.037	0.001
0.902	0.001	0.001	0.096
0.997	0.001	0.001	0.001
0.946	0.001	0.001	0.052
>AAAAAACATAAA	2-AAAAAACATAAA	11.945727	-30.772956	0	T:100.0(14.14%),B:2419.1(6.19%),P:1e-13	Tpos:553.6,Tstd:302.8,Bpos:510.1,Bstd:321.7,StrandBias:-1.4,Multiplicity:1.03
0.997	0.001	0.001	0.001
0.737	0.031	0.231	0.001
0.731	0.001	0.001	0.267
0.680	0.001	0.053	0.266
0.997	0.001	0.001	0.001
0.882	0.001	0.001	0.116
0.082	0.889	0.028	0.001
0.997	0.001	0.001	0.001
0.001	0.001	0.292	0.706
0.907	0.091	0.001	0.001
0.813	0.001	0.185	0.001
0.872	0.065	0.001	0.062
>GAGGGAAAGGGA	3-GAGGGAAAGGGA	8.238205	-29.615786	0	T:180.0(25.46%),B:5760.3(14.75%),P:1e-12	Tpos:570.4,Tstd:280.9,Bpos:554.7,Bstd:347.4,StrandBias:-1.6,Multiplicity:1.18
0.001	0.001	0.997	0.001
0.997	0.001	0.001	0.001
0.132	0.001	0.866	0.001
0.399	0.001	0.599	0.001
0.044	0.001	0.954	0.001
0.997	0.001	0.001	0.001
0.584	0.012	0.217	0.187
0.812	0.186	0.001	0.001
0.010	0.122	0.867	0.001
0.376	0.001	0.572	0.051
0.170	0.245	0.584	0.001
0.997	0.001	0.001	0.001
>TCGTATTTCATC	4-TCGTATTTCATC	9.689267	-29.345258	0	T:67.0(9.48%),B:1316.1(3.37%),P:1e-12	Tpos:575.5,Tstd:285.8,Bpos:522.4,Bstd:341.8,StrandBias:1.2,Multiplicity:1.01
0.072	0.039	0.051	0.838
0.080	0.864	0.001	0.055
0.057	0.121	0.734	0.088
0.067	0.084	0.039	0.810
0.754	0.081	0.056	0.109
0.053	0.049	0.017	0.881
0.023	0.073	0.048	0.856
0.044	0.055	0.023	0.878
0.094	0.843	0.012	0.051
0.848	0.089	0.014	0.049
0.078	0.044	0.057	0.821
0.062	0.881	0.017	0.040
>CGGAAAACAAGA	5-CGGAAAACAAGA	10.223406	-29.128823	0	T:66.0(9.34%),B:1290.5(3.30%),P:1e-12	Tpos:500.7,Tstd:283.2,Bpos:550.7,Bstd:335.4,StrandBias:-1.3,Multiplicity:1.06
0.082	0.718	0.102	0.098
0.072	0.058	0.806	0.064
0.113	0.038	0.844	0.005
0.878	0.010	0.063	0.049
0.915	0.009	0.038	0.038
0.852	0.001	0.103	0.044
0.818	0.109	0.023	0.050
0.086	0.764	0.056	0.094
0.827	0.027	0.079	0.067
0.852	0.063	0.023	0.062
0.044	0.044	0.883	0.029
0.849	0.034	0.063	0.054
>TCTCTTCATTTT	6-TCTCTTCATTTT	12.090317	-27.719179	0	T:57.0(8.06%),B:1044.4(2.67%),P:1e-12	Tpos:501.7,Tstd:310.8,Bpos:560.4,Bstd:344.4,StrandBias:2.3,Multiplicity:1.04
0.017	0.041	0.020	0.922
0.016	0.928	0.055	0.001
0.001	0.001	0.001	0.997
0.027	0.866	0.018	0.089
0.129	0.001	0.001	0.869
0.023	0.001	0.015	0.961
0.001	0.990	0.008	0.001
0.822	0.034	0.039	0.105
0.001	0.001	0.070	0.928
0.001	0.139	0.001	0.859
0.001	0.069	0.050	0.880
0.001	0.001	0.031	0.967
>AGAAAAGAACAA	7-AGAAAAGAACAA	12.078446	-26.575943	0	T:60.0(8.49%),B:1172.7(3.00%),P:1e-11	Tpos:596.2,Tstd:266.4,Bpos:527.3,Bstd:338.3,StrandBias:-0.9,Multiplicity:1.02
0.983	0.001	0.001	0.015
0.001	0.016	0.944	0.039
0.968	0.001	0.001	0.030
0.964	0.034	0.001	0.001
0.828	0.001	0.122	0.049
0.964	0.034	0.001	0.001
0.090	0.001	0.908	0.001
0.949	0.001	0.028	0.022
0.921	0.001	0.051	0.027
0.094	0.730	0.158	0.018
0.934	0.064	0.001	0.001
0.957	0.022	0.020	0.001
>TATTCTCATTTT	8-TATTCTCATTTT	9.218430	-26.206891	0	T:297.0(42.01%),B:11603.7(29.71%),P:1e-11	Tpos:547.6,Tstd:298.4,Bpos:524.1,Bstd:329.3,StrandBias:1.0,Multiplicity:1.30
0.035	0.048	0.043	0.874
0.777	0.106	0.047	0.070
0.041	0.071	0.042	0.846
0.064	0.050	0.079	0.807
0.047	0.845	0.059	0.049
0.061	0.072	0.038	0.829
0.102	0.795	0.047	0.056
0.841	0.085	0.008	0.066
0.098	0.064	0.044	0.794
0.033	0.038	0.057	0.872
0.062	0.040	0.013	0.885
0.039	0.054	0.067	0.840
>AAAGTTGTCCCG	9-AAAGTTGTCCCG	12.826185	-25.863857	0	T:14.0(1.98%),B:50.1(0.13%),P:1e-11	Tpos:346.9,Tstd:240.5,Bpos:423.7,Bstd:324.8,StrandBias:0.0,Multiplicity:1.00
0.868	0.001	0.130	0.001
0.868	0.001	0.130	0.001
0.997	0.001	0.001	0.001
0.001	0.001	0.930	0.068
0.001	0.001	0.001	0.997
0.001	0.001	0.001	0.997
0.001	0.069	0.879	0.051
0.001	0.001	0.001	0.997
0.001	0.997	0.001	0.001
0.069	0.872	0.001	0.058
0.001	0.950	0.001	0.048
0.108	0.131	0.760	0.001
>TCCCTCTCTTTT	10-TCCCTCTCTTTT	10.048712	-24.101440	0	T:35.0(4.95%),B:490.0(1.25%),P:1e-10	Tpos:581.7,Tstd:256.6,Bpos:582.0,Bstd:320.5,StrandBias:1.1,Multiplicity:1.09
0.148	0.043	0.138	0.671
0.030	0.724	0.218	0.028
0.198	0.596	0.163	0.043
0.150	0.578	0.099	0.173
0.038	0.138	0.198	0.626
0.039	0.868	0.039	0.054
0.167	0.037	0.125	0.671
0.224	0.693	0.034	0.049
0.051	0.047	0.098	0.804
0.030	0.217	0.039	0.714
0.030	0.165	0.033	0.772
0.120	0.170	0.025	0.685
>TTYTCTCGCKTT	11-TTYTCTCGCKTT	12.256117	-23.938090	0	T:30.0(4.24%),B:366.6(0.94%),P:1e-10	Tpos:505.6,Tstd:308.1,Bpos:566.6,Bstd:340.1,StrandBias:0.4,Multiplicity:1.10
0.032	0.001	0.001	0.966
0.001	0.001	0.001	0.997
0.001	0.367	0.149	0.483
0.001	0.001	0.001	0.997
0.001	0.961	0.001	0.037
0.001	0.001	0.001	0.997
0.001	0.921	0.001	0.077
0.001	0.001	0.997	0.001
0.001	0.868	0.069	0.062
0.083	0.054	0.360	0.503
0.001	0.001	0.001	0.997
0.001	0.001	0.154	0.844
>CCTTCTTGAATT	12-CCTTCTTGAATT	10.124865	-23.240061	0	T:28.0(3.96%),B:329.3(0.84%),P:1e-10	Tpos:520.2,Tstd:315.8,Bpos:506.9,Bstd:322.4,StrandBias:1.2,Multiplicity:1.07
0.042	0.496	0.177	0.286
0.272	0.673	0.022	0.033
0.198	0.244	0.014	0.544
0.016	0.024	0.188	0.772
0.206	0.561	0.037	0.196
0.020	0.034	0.282	0.664
0.058	0.041	0.035	0.866
0.025	0.286	0.654	0.035
0.566	0.228	0.022	0.184
0.567	0.197	0.024	0.212
0.032	0.014	0.029	0.925
0.018	0.036	0.219	0.727
>TCTTTGTATTTC	13-TCTTTGTATTTC	12.295671	-23.041698	0	T:25.0(3.54%),B:263.1(0.67%),P:1e-10	Tpos:522.3,Tstd:331.9,Bpos:532.2,Bstd:321.5,StrandBias:0.6,Multiplicity:1.00
0.045	0.001	0.090	0.864
0.001	0.932	0.036	0.031
0.001	0.048	0.001	0.950
0.001	0.051	0.047	0.901
0.001	0.060	0.001	0.938
0.030	0.132	0.826	0.012
0.023	0.001	0.051	0.925
0.954	0.001	0.044	0.001
0.001	0.063	0.001	0.935
0.001	0.089	0.001	0.909
0.001	0.001	0.001	0.997
0.099	0.899	0.001	0.001
>CTAGAGAGGCAA	14-CTAGAGAGGCAA	9.722493	-22.958640	0	T:32.0(4.53%),B:433.3(1.11%),P:1e-9	Tpos:485.9,Tstd:279.0,Bpos:500.6,Bstd:323.3,StrandBias:-0.5,Multiplicity:1.00
0.001	0.833	0.165	0.001
0.090	0.164	0.001	0.745
0.839	0.159	0.001	0.001
0.001	0.001	0.997	0.001
0.737	0.166	0.001	0.096
0.001	0.230	0.768	0.001
0.573	0.160	0.266	0.001
0.133	0.226	0.550	0.091
0.001	0.001	0.997	0.001
0.132	0.866	0.001	0.001
0.997	0.001	0.001	0.001
0.934	0.006	0.059	0.001
>GATGTGTATCAA	15-GATGTGTATCAA	11.936094	-21.512308	0	T:14.0(1.98%),B:73.1(0.19%),P:1e-9	Tpos:495.6,Tstd:258.2,Bpos:558.1,Bstd:261.2,StrandBias:0.0,Multiplicity:1.00
0.075	0.133	0.682	0.110
0.866	0.001	0.132	0.001
0.074	0.001	0.001	0.924
0.110	0.001	0.854	0.035
0.001	0.001	0.001	0.997
0.081	0.066	0.852	0.001
0.001	0.001	0.001	0.997
0.997	0.001	0.001	0.001
0.001	0.001	0.001	0.997
0.069	0.929	0.001	0.001
0.997	0.001	0.001	0.001
0.997	0.001	0.001	0.001
>ATTTTTCCCCAC	16-ATTTTTCCCCAC	11.319502	-20.405495	0	T:33.0(4.67%),B:511.2(1.31%),P:1e-8	Tpos:498.9,Tstd:301.2,Bpos:518.6,Bstd:362.5,StrandBias:1.9,Multiplicity:1.03
0.880	0.001	0.087	0.032
0.001	0.001	0.001	0.997
0.142	0.001	0.001	0.856
0.001	0.001	0.001	0.997
0.001	0.001	0.001	0.997
0.001	0.065	0.001	0.933
0.001	0.850	0.066	0.083
0.062	0.916	0.001	0.021
0.001	0.997	0.001	0.001
0.059	0.853	0.001	0.087
0.885	0.062	0.001	0.052
0.118	0.822	0.001	0.059
>CCTACSCGCAAA	17-CCTACSCGCAAA	10.037299	-20.312809	0	T:35.0(4.95%),B:570.8(1.46%),P:1e-8	Tpos:484.0,Tstd:272.3,Bpos:549.8,Bstd:340.6,StrandBias:-0.4,Multiplicity:1.18
0.001	0.669	0.044	0.286
0.001	0.797	0.001	0.201
0.153	0.053	0.197	0.597
0.893	0.001	0.001	0.105
0.310	0.604	0.001	0.085
0.001	0.385	0.484	0.130
0.001	0.969	0.001	0.029
0.120	0.149	0.730	0.001
0.052	0.946	0.001	0.001
0.955	0.043	0.001	0.001
0.997	0.001	0.001	0.001
0.868	0.001	0.035	0.096
>TWGCBCSKAAAT	18-TWGCBCSKAAAT	10.179706	-20.288937	0	T:27.0(3.82%),B:353.5(0.91%),P:1e-8	Tpos:568.6,Tstd:279.7,Bpos:496.5,Bstd:324.4,StrandBias:0.2,Multiplicity:1.04
0.019	0.047	0.187	0.747
0.520	0.026	0.043	0.411
0.055	0.082	0.781	0.082
0.085	0.863	0.008	0.044
0.024	0.354	0.307	0.315
0.041	0.585	0.310	0.064
0.249	0.429	0.321	0.001
0.104	0.185	0.310	0.400
0.933	0.033	0.024	0.010
0.974	0.001	0.001	0.024
0.886	0.016	0.012	0.086
0.393	0.016	0.001	0.590
>TCGTCGTCGTCG	19-TCGTCGTCGTCG	9.482174	-20.060650	0	T:67.0(9.48%),B:1649.4(4.22%),P:1e-8	Tpos:519.4,Tstd:307.0,Bpos:531.3,Bstd:378.7,StrandBias:0.5,Multiplicity:1.12
0.001	0.084	0.001	0.914
0.001	0.622	0.204	0.173
0.268	0.110	0.550	0.072
0.001	0.250	0.001	0.748
0.099	0.847	0.001	0.053
0.071	0.001	0.820	0.108
0.064	0.190	0.001	0.745
0.001	0.946	0.001	0.052
0.050	0.001	0.601	0.348
0.001	0.072	0.108	0.819
0.001	0.997	0.001	0.001
0.032	0.116	0.621	0.231
>GCTGGCGCGCTT	20-GCTGGCGCGCTT	12.183827	-17.257406	0	T:16.0(2.26%),B:144.3(0.37%),P:1e-7	Tpos:698.8,Tstd:141.6,Bpos:636.4,Bstd:349.8,StrandBias:0.5,Multiplicity:1.06
0.032	0.051	0.916	0.001
0.001	0.836	0.051	0.112
0.002	0.001	0.001	0.996
0.001	0.001	0.923	0.075
0.198	0.076	0.635	0.091
0.001	0.814	0.003	0.182
0.076	0.052	0.838	0.034
0.001	0.889	0.109	0.001
0.183	0.001	0.725	0.091
0.158	0.614	0.001	0.227
0.075	0.001	0.001	0.923
0.001	0.001	0.090	0.908
>GAATTTATATTC	21-GAATTTATATTC	16.452821	-12.935345	0	T:6.0(0.85%),B:17.8(0.05%),P:1e-5	Tpos:408.7,Tstd:285.0,Bpos:522.6,Bstd:209.4,StrandBias:-1.0,Multiplicity:1.00
0.001	0.001	0.997	0.001
0.997	0.001	0.001	0.001
0.997	0.001	0.001	0.001
0.001	0.001	0.001	0.997
0.001	0.001	0.137	0.861
0.001	0.001	0.001	0.997
0.997	0.001	0.001	0.001
0.001	0.001	0.001	0.997
0.997	0.001	0.001	0.001
0.001	0.001	0.001	0.997
0.001	0.001	0.001	0.997
0.001	0.997	0.001	0.001
>GGCCTGGCCCCA	22-GGCCTGGCCCCA	11.746899	-12.093459	0	T:3.0(0.42%),B:0.0(0.00%),P:1e-5	Tpos:236.7,Tstd:105.7,Bpos:0.0,Bstd:0.0,StrandBias:1.0,Multiplicity:1.00
0.001	0.001	0.997	0.001
0.001	0.001	0.997	0.001
0.001	0.903	0.001	0.095
0.001	0.997	0.001	0.001
0.001	0.001	0.001	0.997
0.029	0.001	0.969	0.001
0.001	0.001	0.997	0.001
0.001	0.801	0.102	0.096
0.001	0.997	0.001	0.001
0.001	0.997	0.001	0.001
0.036	0.873	0.001	0.090
0.997	0.001	0.001	0.001
>AATCCACAAAAA	23-AATCCACAAAAA	13.678757	-11.693002	0	T:12.0(1.70%),B:128.9(0.33%),P:1e-5	Tpos:502.8,Tstd:291.5,Bpos:515.4,Bstd:342.9,StrandBias:1.3,Multiplicity:1.17
0.912	0.001	0.086	0.001
0.933	0.065	0.001	0.001
0.001	0.001	0.001	0.997
0.001	0.997	0.001	0.001
0.001	0.997	0.001	0.001
0.997	0.001	0.001	0.001
0.001	0.997	0.001	0.001
0.997	0.001	0.001	0.001
0.901	0.001	0.097	0.001
0.997	0.001	0.001	0.001
0.997	0.001	0.001	0.001
0.997	0.001	0.001	0.001
>GCAGTCAGGTTA	24-GCAGTCAGGTTA	16.528835	-4.029762	0	T:1.0(0.14%),B:0.0(0.00%),P:1e-1	Tpos:513.5,Tstd:58.7,Bpos:0.0,Bstd:0.0,StrandBias:10.0,Multiplicity:12.00
0.001	0.001	0.997	0.001
0.001	0.997	0.001	0.001
0.997	0.001	0.001	0.001
0.001	0.001	0.997	0.001
0.001	0.001	0.001	0.997
0.001	0.997	0.001	0.001
0.997	0.001	0.001	0.001
0.001	0.001	0.929	0.069
0.001	0.001	0.997	0.001
0.001	0.001	0.001	0.997
0.001	0.001	0.001	0.997
0.997	0.001	0.001	0.001
>AGTACAATTCAT	25-AGTACAATTCAT	12.355432	-3.345531	0	T:1.0(0.14%),B:1.5(0.00%),P:1e-1	Tpos:724.8,Tstd:95.5,Bpos:657.0,Bstd:0.0,StrandBias:10.0,Multiplicity:4.00
0.700	0.100	0.100	0.100
0.100	0.100	0.700	0.100
0.100	0.100	0.100	0.700
0.700	0.100	0.100	0.100
0.100	0.700	0.100	0.100
0.700	0.100	0.100	0.100
0.700	0.100	0.100	0.100
0.100	0.100	0.100	0.700
0.100	0.100	0.100	0.700
0.100	0.700	0.100	0.100
0.700	0.100	0.100	0.100
0.100	0.100	0.100	0.700
>TGTGTGTG	1-TGTGTGTG	7.040573	-22.596103	0	T:264.0(37.34%),B:10294.1(26.35%),P:1e-9	Tpos:541.4,Tstd:285.9,Bpos:541.0,Bstd:341.5,StrandBias:-0.1,Multiplicity:1.34
0.062	0.050	0.001	0.887
0.001	0.090	0.742	0.167
0.001	0.024	0.001	0.974
0.053	0.034	0.912	0.001
0.027	0.041	0.027	0.905
0.032	0.050	0.917	0.001
0.070	0.001	0.025	0.904
0.121	0.001	0.877	0.001
>TTGAGGCG	2-TTGAGGCG	7.992879	-20.783222	0	T:66.0(9.34%),B:1582.0(4.05%),P:1e-9	Tpos:471.9,Tstd:303.0,Bpos:508.6,Bstd:329.7,StrandBias:-0.2,Multiplicity:1.05
0.001	0.001	0.076	0.922
0.001	0.001	0.001	0.997
0.001	0.001	0.997	0.001
0.997	0.001	0.001	0.001
0.001	0.185	0.813	0.001
0.001	0.001	0.997	0.001
0.001	0.997	0.001	0.001
0.001	0.256	0.742	0.001
>CGACGGCG	3-CGACGGCG	7.209536	-20.722135	0	T:89.0(12.59%),B:2461.1(6.30%),P:1e-8	Tpos:543.9,Tstd:312.5,Bpos:539.7,Bstd:364.7,StrandBias:-0.6,Multiplicity:1.15
0.001	0.987	0.011	0.001
0.024	0.018	0.906	0.052
0.967	0.001	0.001	0.031
0.013	0.908	0.044	0.035
0.015	0.069	0.907	0.009
0.214	0.001	0.675	0.110
0.032	0.917	0.050	0.001
0.013	0.020	0.966	0.001
>CTCCTTTT	4-CTCCTTTT	8.592384	-19.537947	0	T:353.0(49.93%),B:15228.4(38.99%),P:1e-8	Tpos:533.5,Tstd:285.0,Bpos:538.6,Bstd:337.7,StrandBias:1.0,Multiplicity:1.37
0.001	0.997	0.001	0.001
0.001	0.001	0.001	0.997
0.001	0.997	0.001	0.001
0.084	0.814	0.001	0.101
0.001	0.001	0.001	0.997
0.001	0.001	0.001	0.997
0.001	0.001	0.001	0.997
0.001	0.001	0.001	0.997
>CTSCGCGT	5-CTSCGCGT	6.506382	-19.187863	0	T:198.0(28.01%),B:7402.7(18.95%),P:1e-8	Tpos:517.0,Tstd:266.8,Bpos:549.9,Bstd:350.0,StrandBias:0.5,Multiplicity:1.18
0.001	0.507	0.321	0.171
0.200	0.019	0.054	0.727
0.003	0.458	0.537	0.002
0.001	0.591	0.001	0.407
0.038	0.001	0.959	0.002
0.112	0.723	0.073	0.092
0.058	0.001	0.842	0.099
0.094	0.115	0.036	0.755
>GCACACGA	6-GCACACGA	5.957984	-18.624939	0	T:269.0(38.05%),B:10959.9(28.06%),P:1e-8	Tpos:502.6,Tstd:285.5,Bpos:518.7,Bstd:333.9,StrandBias:-0.3,Multiplicity:1.23
0.071	0.123	0.666	0.140
0.100	0.873	0.001	0.026
0.888	0.039	0.001	0.072
0.069	0.891	0.001	0.039
0.958	0.001	0.028	0.013
0.001	0.997	0.001	0.001
0.046	0.001	0.869	0.084
0.907	0.001	0.030	0.062
>GCRCGCGG	7-GCRCGCGG	5.998623	-18.332805	0	T:193.0(27.30%),B:7244.8(18.55%),P:1e-7	Tpos:532.1,Tstd:273.5,Bpos:543.7,Bstd:360.0,StrandBias:-0.4,Multiplicity:1.23
0.040	0.141	0.728	0.091
0.187	0.725	0.044	0.044
0.321	0.235	0.443	0.001
0.333	0.665	0.001	0.001
0.001	0.096	0.832	0.071
0.134	0.864	0.001	0.001
0.001	0.001	0.933	0.065
0.001	0.109	0.889	0.001
>GCTTTCTC	8-GCTTTCTC	9.074355	-17.498508	0	T:245.0(34.65%),B:9875.3(25.28%),P:1e-7	Tpos:550.9,Tstd:276.9,Bpos:525.5,Bstd:334.9,StrandBias:0.9,Multiplicity:1.14
0.001	0.001	0.616	0.382
0.355	0.614	0.001	0.030
0.001	0.001	0.001	0.997
0.001	0.001	0.001	0.997
0.001	0.001	0.001	0.997
0.001	0.997	0.001	0.001
0.001	0.001	0.001	0.997
0.001	0.997	0.001	0.001
>CATCTTCT	9-CATCTTCT	8.222014	-17.313257	0	T:208.0(29.42%),B:8068.8(20.66%),P:1e-7	Tpos:494.7,Tstd:281.0,Bpos:511.5,Bstd:337.0,StrandBias:0.9,Multiplicity:1.20
0.001	0.997	0.001	0.001
0.779	0.102	0.118	0.001
0.001	0.001	0.001	0.997
0.001	0.997	0.001	0.001
0.173	0.001	0.001	0.825
0.001	0.073	0.102	0.824
0.060	0.938	0.001	0.001
0.001	0.001	0.066	0.932
>GACATAGA	10-GACATAGA	7.655387	-14.989411	0	T:184.0(26.03%),B:7147.2(18.30%),P:1e-6	Tpos:525.0,Tstd:286.8,Bpos:514.7,Bstd:309.5,StrandBias:-0.5,Multiplicity:1.29
0.204	0.001	0.794	0.001
0.997	0.001	0.001	0.001
0.001	0.997	0.001	0.001
0.997	0.001	0.001	0.001
0.001	0.001	0.001	0.997
0.997	0.001	0.001	0.001
0.188	0.001	0.810	0.001
0.853	0.001	0.145	0.001
>CTCTCTTC	11-CTCTCTTC	6.894454	-14.548985	0	T:192.0(27.16%),B:7583.2(19.41%),P:1e-6	Tpos:520.5,Tstd:299.3,Bpos:542.9,Bstd:343.9,StrandBias:1.6,Multiplicity:1.16
0.050	0.638	0.084	0.228
0.114	0.050	0.108	0.728
0.061	0.919	0.019	0.001
0.084	0.283	0.040	0.593
0.022	0.583	0.153	0.242
0.106	0.023	0.273	0.598
0.071	0.105	0.161	0.663
0.041	0.620	0.165	0.174
>TCTCTCTC	12-TCTCTCTC	6.291044	-12.725629	0	T:439.0(62.09%),B:20899.8(53.51%),P:1e-5	Tpos:555.4,Tstd:280.5,Bpos:549.2,Bstd:347.1,StrandBias:1.1,Multiplicity:1.96
0.100	0.100	0.100	0.700
0.100	0.700	0.100	0.100
0.100	0.100	0.100	0.700
0.100	0.700	0.100	0.100
0.100	0.100	0.100	0.700
0.100	0.700	0.100	0.100
0.100	0.100	0.100	0.700
0.100	0.700	0.100	0.100
>GTCAGGTT	13-GTCAGGTT	8.236954	-2.857749	0	T:14.0(1.98%),B:476.9(1.22%),P:1e-1	Tpos:561.9,Tstd:179.2,Bpos:490.9,Bstd:308.9,StrandBias:1.7,Multiplicity:1.79
0.100	0.100	0.700	0.100
0.100	0.100	0.100	0.700
0.100	0.700	0.100	0.100
0.700	0.100	0.100	0.100
0.100	0.100	0.700	0.100
0.100	0.100	0.700	0.100
0.100	0.100	0.100	0.700
0.100	0.100	0.100	0.700
