>TGTGTGTG	1-TGTGTGTG	7.040573	-22.596103	0	T:264.0(37.34%),B:10294.1(26.35%),P:1e-9	Tpos:541.4,Tstd:285.9,Bpos:541.0,Bstd:341.5,StrandBias:-0.1,Multiplicity:1.34
0.062	0.050	0.001	0.887
0.001	0.090	0.742	0.167
0.001	0.024	0.001	0.974
0.053	0.034	0.912	0.001
0.027	0.041	0.027	0.905
0.032	0.050	0.917	0.001
0.070	0.001	0.025	0.904
0.121	0.001	0.877	0.001
>TTGAGGCG	2-TTGAGGCG	7.992879	-20.783222	0	T:66.0(9.34%),B:1582.0(4.05%),P:1e-9	Tpos:471.9,Tstd:303.0,Bpos:508.6,Bstd:329.7,StrandBias:-0.2,Multiplicity:1.05
0.001	0.001	0.076	0.922
0.001	0.001	0.001	0.997
0.001	0.001	0.997	0.001
0.997	0.001	0.001	0.001
0.001	0.185	0.813	0.001
0.001	0.001	0.997	0.001
0.001	0.997	0.001	0.001
0.001	0.256	0.742	0.001
>CGACGGCG	3-CGACGGCG	7.209536	-20.722135	0	T:89.0(12.59%),B:2461.1(6.30%),P:1e-8	Tpos:543.9,Tstd:312.5,Bpos:539.7,Bstd:364.7,StrandBias:-0.6,Multiplicity:1.15
0.001	0.987	0.011	0.001
0.024	0.018	0.906	0.052
0.967	0.001	0.001	0.031
0.013	0.908	0.044	0.035
0.015	0.069	0.907	0.009
0.214	0.001	0.675	0.110
0.032	0.917	0.050	0.001
0.013	0.020	0.966	0.001
>CTCCTTTT	4-CTCCTTTT	8.592384	-19.537947	0	T:353.0(49.93%),B:15228.4(38.99%),P:1e-8	Tpos:533.5,Tstd:285.0,Bpos:538.6,Bstd:337.7,StrandBias:1.0,Multiplicity:1.37
0.001	0.997	0.001	0.001
0.001	0.001	0.001	0.997
0.001	0.997	0.001	0.001
0.084	0.814	0.001	0.101
0.001	0.001	0.001	0.997
0.001	0.001	0.001	0.997
0.001	0.001	0.001	0.997
0.001	0.001	0.001	0.997
>CTSCGCGT	5-CTSCGCGT	6.506382	-19.187863	0	T:198.0(28.01%),B:7402.7(18.95%),P:1e-8	Tpos:517.0,Tstd:266.8,Bpos:549.9,Bstd:350.0,StrandBias:0.5,Multiplicity:1.18
0.001	0.507	0.321	0.171
0.200	0.019	0.054	0.727
0.003	0.458	0.537	0.002
0.001	0.591	0.001	0.407
0.038	0.001	0.959	0.002
0.112	0.723	0.073	0.092
0.058	0.001	0.842	0.099
0.094	0.115	0.036	0.755
>GCACACGA	6-GCACACGA	5.957984	-18.624939	0	T:269.0(38.05%),B:10959.9(28.06%),P:1e-8	Tpos:502.6,Tstd:285.5,Bpos:518.7,Bstd:333.9,StrandBias:-0.3,Multiplicity:1.23
0.071	0.123	0.666	0.140
0.100	0.873	0.001	0.026
0.888	0.039	0.001	0.072
0.069	0.891	0.001	0.039
0.958	0.001	0.028	0.013
0.001	0.997	0.001	0.001
0.046	0.001	0.869	0.084
0.907	0.001	0.030	0.062
>GCRCGCGG	7-GCRCGCGG	5.998623	-18.332805	0	T:193.0(27.30%),B:7244.8(18.55%),P:1e-7	Tpos:532.1,Tstd:273.5,Bpos:543.7,Bstd:360.0,StrandBias:-0.4,Multiplicity:1.23
0.040	0.141	0.728	0.091
0.187	0.725	0.044	0.044
0.321	0.235	0.443	0.001
0.333	0.665	0.001	0.001
0.001	0.096	0.832	0.071
0.134	0.864	0.001	0.001
0.001	0.001	0.933	0.065
0.001	0.109	0.889	0.001
>GCTTTCTC	8-GCTTTCTC	9.074355	-17.498508	0	T:245.0(34.65%),B:9875.3(25.28%),P:1e-7	Tpos:550.9,Tstd:276.9,Bpos:525.5,Bstd:334.9,StrandBias:0.9,Multiplicity:1.14
0.001	0.001	0.616	0.382
0.355	0.614	0.001	0.030
0.001	0.001	0.001	0.997
0.001	0.001	0.001	0.997
0.001	0.001	0.001	0.997
0.001	0.997	0.001	0.001
0.001	0.001	0.001	0.997
0.001	0.997	0.001	0.001
>CATCTTCT	9-CATCTTCT	8.222014	-17.313257	0	T:208.0(29.42%),B:8068.8(20.66%),P:1e-7	Tpos:494.7,Tstd:281.0,Bpos:511.5,Bstd:337.0,StrandBias:0.9,Multiplicity:1.20
0.001	0.997	0.001	0.001
0.779	0.102	0.118	0.001
0.001	0.001	0.001	0.997
0.001	0.997	0.001	0.001
0.173	0.001	0.001	0.825
0.001	0.073	0.102	0.824
0.060	0.938	0.001	0.001
0.001	0.001	0.066	0.932
>GACATAGA	10-GACATAGA	7.655387	-14.989411	0	T:184.0(26.03%),B:7147.2(18.30%),P:1e-6	Tpos:525.0,Tstd:286.8,Bpos:514.7,Bstd:309.5,StrandBias:-0.5,Multiplicity:1.29
0.204	0.001	0.794	0.001
0.997	0.001	0.001	0.001
0.001	0.997	0.001	0.001
0.997	0.001	0.001	0.001
0.001	0.001	0.001	0.997
0.997	0.001	0.001	0.001
0.188	0.001	0.810	0.001
0.853	0.001	0.145	0.001
>CTCTCTTC	11-CTCTCTTC	6.894454	-14.548985	0	T:192.0(27.16%),B:7583.2(19.41%),P:1e-6	Tpos:520.5,Tstd:299.3,Bpos:542.9,Bstd:343.9,StrandBias:1.6,Multiplicity:1.16
0.050	0.638	0.084	0.228
0.114	0.050	0.108	0.728
0.061	0.919	0.019	0.001
0.084	0.283	0.040	0.593
0.022	0.583	0.153	0.242
0.106	0.023	0.273	0.598
0.071	0.105	0.161	0.663
0.041	0.620	0.165	0.174
>TCTCTCTC	12-TCTCTCTC	6.291044	-12.725629	0	T:439.0(62.09%),B:20899.8(53.51%),P:1e-5	Tpos:555.4,Tstd:280.5,Bpos:549.2,Bstd:347.1,StrandBias:1.1,Multiplicity:1.96
0.100	0.100	0.100	0.700
0.100	0.700	0.100	0.100
0.100	0.100	0.100	0.700
0.100	0.700	0.100	0.100
0.100	0.100	0.100	0.700
0.100	0.700	0.100	0.100
0.100	0.100	0.100	0.700
0.100	0.700	0.100	0.100
>GTCAGGTT	13-GTCAGGTT	8.236954	-2.857749	0	T:14.0(1.98%),B:476.9(1.22%),P:1e-1	Tpos:561.9,Tstd:179.2,Bpos:490.9,Bstd:308.9,StrandBias:1.7,Multiplicity:1.79
0.100	0.100	0.700	0.100
0.100	0.100	0.100	0.700
0.100	0.700	0.100	0.100
0.700	0.100	0.100	0.100
0.100	0.100	0.700	0.100
0.100	0.100	0.700	0.100
0.100	0.100	0.100	0.700
0.100	0.100	0.100	0.700
