>TCTTTCTCTT	1-TCTTTCTCTT	8.866772	-39.939736	0	T:268.0(37.91%),B:9086.3(23.26%),P:1e-17	Tpos:561.0,Tstd:285.4,Bpos:552.8,Bstd:337.4,StrandBias:1.7,Multiplicity:1.26
0.001	0.001	0.023	0.975
0.026	0.717	0.143	0.114
0.026	0.052	0.017	0.905
0.035	0.042	0.001	0.922
0.001	0.001	0.022	0.976
0.018	0.909	0.001	0.072
0.001	0.027	0.010	0.962
0.033	0.882	0.001	0.084
0.001	0.024	0.017	0.958
0.001	0.186	0.001	0.812
>GAAAGCGAGA	2-GAAAGCGAGA	7.491424	-29.018672	0	T:204.0(28.85%),B:6880.6(17.62%),P:1e-12	Tpos:528.0,Tstd:289.3,Bpos:527.7,Bstd:347.2,StrandBias:-1.2,Multiplicity:1.18
0.143	0.043	0.754	0.060
0.827	0.057	0.057	0.059
0.807	0.033	0.101	0.059
0.795	0.071	0.057	0.077
0.095	0.119	0.749	0.037
0.039	0.838	0.057	0.066
0.141	0.063	0.763	0.033
0.838	0.040	0.083	0.039
0.062	0.053	0.848	0.037
0.789	0.058	0.099	0.054
>ACGCGCCAGC	3-ACGCGCCAGC	9.077680	-28.892301	0	T:36.0(5.09%),B:432.4(1.11%),P:1e-12	Tpos:581.5,Tstd:242.4,Bpos:597.3,Bstd:339.9,StrandBias:0.1,Multiplicity:1.11
0.731	0.048	0.029	0.192
0.001	0.903	0.035	0.061
0.001	0.040	0.958	0.001
0.001	0.900	0.001	0.098
0.001	0.069	0.929	0.001
0.041	0.825	0.001	0.133
0.021	0.950	0.028	0.001
0.937	0.029	0.033	0.001
0.001	0.001	0.997	0.001
0.001	0.976	0.001	0.022
>RAGAAAAGAG	4-RAGAAAAGAG	8.877892	-28.224951	0	T:251.0(35.50%),B:9152.0(23.43%),P:1e-12	Tpos:530.4,Tstd:285.5,Bpos:540.3,Bstd:341.4,StrandBias:-1.0,Multiplicity:1.20
0.547	0.001	0.451	0.001
0.541	0.030	0.153	0.276
0.074	0.106	0.799	0.021
0.908	0.009	0.061	0.022
0.598	0.093	0.248	0.061
0.997	0.001	0.001	0.001
0.937	0.001	0.061	0.001
0.270	0.001	0.721	0.008
0.933	0.001	0.001	0.065
0.001	0.001	0.775	0.223
>TTGAGGCGAA	5-TTGAGGCGAA	7.824521	-27.649724	0	T:55.0(7.78%),B:984.0(2.52%),P:1e-12	Tpos:565.8,Tstd:288.4,Bpos:516.3,Bstd:356.4,StrandBias:-0.6,Multiplicity:1.09
0.011	0.090	0.318	0.581
0.271	0.058	0.109	0.562
0.037	0.300	0.648	0.015
0.920	0.011	0.028	0.041
0.137	0.284	0.562	0.017
0.211	0.057	0.567	0.165
0.011	0.861	0.036	0.092
0.085	0.262	0.619	0.034
0.447	0.227	0.260	0.065
0.629	0.229	0.052	0.090
>CGAGGGACAG	6-CGAGGGACAG	9.949871	-25.763342	0	T:24.0(3.39%),B:209.8(0.54%),P:1e-11	Tpos:439.0,Tstd:285.9,Bpos:493.1,Bstd:340.9,StrandBias:-1.0,Multiplicity:1.00
0.031	0.826	0.142	0.001
0.054	0.001	0.944	0.001
0.997	0.001	0.001	0.001
0.051	0.058	0.890	0.001
0.001	0.001	0.997	0.001
0.001	0.180	0.818	0.001
0.861	0.001	0.080	0.058
0.101	0.812	0.001	0.086
0.997	0.001	0.001	0.001
0.031	0.001	0.888	0.080
>YCSTCDTTTT	7-YCSTCDTTTT	6.469003	-24.516369	0	T:295.0(41.73%),B:11664.3(29.86%),P:1e-10	Tpos:518.9,Tstd:296.2,Bpos:535.8,Bstd:342.1,StrandBias:1.0,Multiplicity:1.31
0.021	0.441	0.008	0.530
0.145	0.530	0.155	0.170
0.137	0.426	0.280	0.156
0.105	0.225	0.190	0.479
0.082	0.599	0.193	0.126
0.377	0.110	0.254	0.259
0.319	0.103	0.051	0.527
0.092	0.204	0.042	0.662
0.122	0.216	0.114	0.548
0.037	0.084	0.005	0.874
>GMSACGCAGA	8-GMSACGCAGA	7.624785	-23.983610	0	T:145.0(20.51%),B:4599.1(11.77%),P:1e-10	Tpos:492.5,Tstd:263.8,Bpos:553.6,Bstd:346.4,StrandBias:-0.9,Multiplicity:1.18
0.098	0.067	0.798	0.037
0.397	0.505	0.001	0.097
0.137	0.458	0.345	0.060
0.792	0.001	0.206	0.001
0.145	0.771	0.038	0.046
0.001	0.048	0.889	0.062
0.001	0.955	0.043	0.001
0.625	0.027	0.300	0.048
0.001	0.001	0.997	0.001
0.707	0.090	0.039	0.164
>TGTGTGTGTG	9-TGTGTGTGTG	7.157517	-22.602050	0	T:176.0(24.89%),B:6081.2(15.57%),P:1e-9	Tpos:555.3,Tstd:283.2,Bpos:535.8,Bstd:346.1,StrandBias:-0.2,Multiplicity:1.26
0.094	0.058	0.065	0.783
0.054	0.074	0.774	0.098
0.092	0.065	0.046	0.797
0.065	0.049	0.784	0.102
0.072	0.074	0.053	0.801
0.044	0.063	0.824	0.069
0.063	0.056	0.106	0.775
0.054	0.044	0.859	0.043
0.076	0.056	0.111	0.757
0.042	0.050	0.854	0.054
>GAGGGAAAAG	10-GAGGGAAAAG	8.469301	-22.167687	0	T:92.0(13.01%),B:2505.2(6.41%),P:1e-9	Tpos:534.7,Tstd:293.0,Bpos:531.3,Bstd:351.4,StrandBias:-1.4,Multiplicity:1.04
0.013	0.101	0.866	0.020
0.870	0.077	0.018	0.035
0.036	0.144	0.780	0.040
0.001	0.163	0.816	0.020
0.107	0.035	0.727	0.131
0.607	0.212	0.026	0.155
0.617	0.091	0.252	0.040
0.699	0.135	0.025	0.141
0.659	0.079	0.169	0.093
0.142	0.097	0.648	0.113
>GAGACATAGA	11-GAGACATAGA	8.098537	-20.676940	0	T:100.0(14.14%),B:2906.9(7.44%),P:1e-8	Tpos:514.3,Tstd:268.8,Bpos:547.4,Bstd:333.5,StrandBias:-1.2,Multiplicity:1.14
0.191	0.200	0.597	0.012
0.855	0.008	0.014	0.123
0.037	0.001	0.840	0.122
0.818	0.002	0.030	0.150
0.134	0.555	0.141	0.170
0.779	0.007	0.163	0.051
0.097	0.187	0.235	0.481
0.765	0.149	0.007	0.079
0.128	0.102	0.633	0.137
0.682	0.017	0.171	0.130
>ACGCCGTCGT	12-ACGCCGTCGT	7.272638	-20.633965	0	T:53.0(7.50%),B:1130.3(2.89%),P:1e-8	Tpos:558.7,Tstd:320.1,Bpos:530.3,Bstd:360.1,StrandBias:0.8,Multiplicity:1.06
0.776	0.099	0.050	0.075
0.060	0.831	0.041	0.068
0.069	0.063	0.806	0.062
0.027	0.866	0.065	0.042
0.042	0.756	0.116	0.086
0.073	0.053	0.801	0.073
0.074	0.036	0.022	0.868
0.079	0.786	0.083	0.052
0.078	0.074	0.756	0.092
0.079	0.077	0.082	0.762
>GCCGCTCTCC	13-GCCGCTCTCC	9.440907	-20.112567	0	T:29.0(4.10%),B:408.1(1.04%),P:1e-8	Tpos:484.4,Tstd:265.1,Bpos:533.0,Bstd:365.2,StrandBias:0.5,Multiplicity:1.11
0.001	0.027	0.971	0.001
0.046	0.922	0.031	0.001
0.001	0.877	0.121	0.001
0.035	0.038	0.900	0.027
0.001	0.951	0.001	0.047
0.001	0.033	0.001	0.965
0.048	0.854	0.063	0.035
0.001	0.060	0.099	0.840
0.079	0.856	0.001	0.064
0.032	0.897	0.001	0.070
>AACATARAAH	14-AACATARAAH	6.680874	-19.674113	0	T:124.0(17.54%),B:3980.9(10.19%),P:1e-8	Tpos:558.4,Tstd:275.0,Bpos:507.4,Bstd:311.0,StrandBias:-1.0,Multiplicity:1.11
0.646	0.186	0.124	0.044
0.688	0.194	0.063	0.055
0.201	0.495	0.249	0.055
0.599	0.078	0.182	0.141
0.028	0.055	0.267	0.650
0.612	0.149	0.200	0.039
0.264	0.167	0.407	0.161
0.510	0.247	0.201	0.042
0.570	0.043	0.178	0.209
0.226	0.281	0.118	0.375
>GTGTGTTGCC	15-GTGTGTTGCC	7.360383	-19.668233	0	T:67.0(9.48%),B:1666.2(4.27%),P:1e-8	Tpos:526.5,Tstd:271.9,Bpos:544.4,Bstd:327.8,StrandBias:0.1,Multiplicity:1.12
0.056	0.046	0.842	0.056
0.099	0.109	0.057	0.735
0.061	0.125	0.793	0.021
0.065	0.084	0.111	0.740
0.057	0.055	0.851	0.037
0.040	0.100	0.049	0.811
0.029	0.062	0.070	0.839
0.131	0.049	0.767	0.053
0.044	0.856	0.060	0.040
0.082	0.776	0.091	0.051
>TTAAAGGTGT	16-TTAAAGGTGT	10.190293	-19.313251	0	T:48.0(6.79%),B:1006.4(2.58%),P:1e-8	Tpos:550.3,Tstd:285.1,Bpos:512.3,Bstd:311.7,StrandBias:0.8,Multiplicity:1.04
0.001	0.064	0.001	0.934
0.103	0.001	0.001	0.895
0.997	0.001	0.001	0.001
0.895	0.103	0.001	0.001
0.771	0.152	0.076	0.001
0.323	0.001	0.675	0.001
0.001	0.159	0.839	0.001
0.001	0.067	0.010	0.922
0.001	0.001	0.850	0.148
0.036	0.001	0.098	0.865
>CTTCTTCTTT	17-CTTCTTCTTT	8.500157	-19.117343	0	T:202.0(28.57%),B:7600.4(19.46%),P:1e-8	Tpos:526.8,Tstd:285.8,Bpos:545.1,Bstd:351.3,StrandBias:1.3,Multiplicity:1.28
0.001	0.611	0.168	0.220
0.128	0.226	0.157	0.489
0.005	0.014	0.261	0.720
0.001	0.834	0.013	0.152
0.157	0.001	0.146	0.696
0.001	0.300	0.097	0.602
0.052	0.946	0.001	0.001
0.076	0.291	0.032	0.601
0.028	0.014	0.001	0.957
0.151	0.183	0.013	0.653
>CGCGATAGAT	18-CGCGATAGAT	9.479214	-18.925633	0	T:23.0(3.25%),B:277.1(0.71%),P:1e-8	Tpos:541.2,Tstd:303.1,Bpos:522.0,Bstd:327.0,StrandBias:-0.4,Multiplicity:1.00
0.101	0.767	0.001	0.131
0.020	0.062	0.886	0.032
0.001	0.946	0.001	0.052
0.001	0.089	0.909	0.001
0.997	0.001	0.001	0.001
0.036	0.071	0.001	0.892
0.900	0.054	0.045	0.001
0.029	0.051	0.876	0.044
0.883	0.115	0.001	0.001
0.001	0.001	0.043	0.955
>ACTCTCACAC	19-ACTCTCACAC	9.399965	-17.888691	0	T:47.0(6.65%),B:1021.6(2.62%),P:1e-7	Tpos:602.4,Tstd:261.6,Bpos:541.9,Bstd:323.3,StrandBias:0.5,Multiplicity:1.02
0.902	0.096	0.001	0.001
0.073	0.925	0.001	0.001
0.047	0.001	0.001	0.951
0.001	0.833	0.001	0.165
0.001	0.001	0.001	0.997
0.029	0.969	0.001	0.001
0.703	0.105	0.001	0.191
0.001	0.958	0.001	0.040
0.959	0.001	0.001	0.039
0.001	0.934	0.001	0.064
>CGTTGCGAAA	20-CGTTGCGAAA	7.499196	-17.072140	0	T:98.0(13.86%),B:3043.1(7.79%),P:1e-7	Tpos:544.4,Tstd:271.3,Bpos:530.2,Bstd:344.3,StrandBias:-0.1,Multiplicity:1.17
0.045	0.827	0.072	0.056
0.047	0.072	0.835	0.046
0.052	0.059	0.054	0.835
0.046	0.107	0.104	0.743
0.044	0.059	0.824	0.073
0.053	0.744	0.086	0.117
0.041	0.048	0.839	0.072
0.741	0.083	0.065	0.111
0.790	0.067	0.087	0.056
0.828	0.104	0.007	0.061
>GTGGTCTTTT	21-GTGGTCTTTT	7.793894	-16.919218	0	T:163.0(23.06%),B:5959.1(15.26%),P:1e-7	Tpos:509.2,Tstd:298.3,Bpos:513.9,Bstd:328.6,StrandBias:0.2,Multiplicity:1.12
0.053	0.070	0.837	0.040
0.062	0.091	0.035	0.812
0.074	0.041	0.822	0.063
0.117	0.142	0.676	0.065
0.073	0.030	0.125	0.772
0.035	0.715	0.121	0.129
0.087	0.035	0.001	0.877
0.042	0.097	0.032	0.829
0.018	0.071	0.086	0.825
0.048	0.007	0.097	0.848
>AGAAGTGRAA	22-AGAAGTGRAA	10.814474	-16.813420	0	T:64.0(9.05%),B:1684.7(4.31%),P:1e-7	Tpos:570.5,Tstd:283.3,Bpos:515.8,Bstd:309.4,StrandBias:-1.2,Multiplicity:1.12
0.997	0.001	0.001	0.001
0.001	0.001	0.997	0.001
0.997	0.001	0.001	0.001
0.997	0.001	0.001	0.001
0.131	0.001	0.867	0.001
0.001	0.001	0.001	0.997
0.001	0.001	0.997	0.001
0.568	0.001	0.430	0.001
0.997	0.001	0.001	0.001
0.651	0.001	0.001	0.347
>AATTGGGGAA	23-AATTGGGGAA	7.455159	-15.083894	0	T:191.0(27.02%),B:7476.3(19.14%),P:1e-6	Tpos:535.3,Tstd:289.8,Bpos:513.7,Bstd:329.9,StrandBias:-1.5,Multiplicity:1.16
0.832	0.056	0.067	0.045
0.794	0.070	0.069	0.067
0.066	0.052	0.107	0.775
0.057	0.086	0.089	0.768
0.082	0.070	0.718	0.130
0.078	0.055	0.812	0.055
0.078	0.059	0.823	0.040
0.040	0.028	0.908	0.024
0.793	0.041	0.080	0.086
0.785	0.103	0.049	0.063
>TWTTCAGTCT	24-TWTTCAGTCT	9.831334	-13.449462	0	T:45.0(6.36%),B:1126.0(2.88%),P:1e-5	Tpos:508.0,Tstd:326.8,Bpos:514.4,Bstd:333.0,StrandBias:0.6,Multiplicity:1.07
0.034	0.015	0.024	0.927
0.314	0.041	0.181	0.463
0.268	0.020	0.003	0.709
0.085	0.001	0.038	0.876
0.281	0.641	0.066	0.012
0.932	0.044	0.001	0.023
0.101	0.092	0.753	0.054
0.069	0.279	0.001	0.651
0.017	0.804	0.102	0.077
0.003	0.001	0.045	0.951
>AACCTGACTG	25-AACCTGACTG	10.296193	-1.444125	0	T:1.0(0.14%),B:14.4(0.04%),P:1e0	Tpos:512.5,Tstd:58.7,Bpos:529.0,Bstd:243.1,StrandBias:-10.0,Multiplicity:12.00
0.700	0.100	0.100	0.100
0.700	0.100	0.100	0.100
0.100	0.700	0.100	0.100
0.100	0.700	0.100	0.100
0.100	0.100	0.100	0.700
0.100	0.100	0.700	0.100
0.700	0.100	0.100	0.100
0.100	0.700	0.100	0.100
0.100	0.100	0.100	0.700
0.100	0.100	0.700	0.100
