>TATCCAASTTGS	13-TATCCAASTTGS,BestGuess:CES-1(Homeobox)/cElegans-L1-CES1-ChIP-Seq(modEncode)/Homer(0.499)	10.954635	-21.122923	0	T:16.0(5.99%),B:304.7(0.77%),P:1e-9
0.086	0.001	0.001	0.912
0.623	0.001	0.375	0.001
0.001	0.042	0.001	0.956
0.189	0.809	0.001	0.001
0.329	0.669	0.001	0.001
0.920	0.001	0.001	0.078
0.915	0.002	0.001	0.082
0.002	0.400	0.420	0.178
0.002	0.001	0.187	0.810
0.053	0.068	0.001	0.878
0.064	0.001	0.803	0.132
0.002	0.458	0.535	0.005
