>SCAASTTGGATA	13-TATCCAASTTGS	10.954635	-21.122923	0	T:16.0(5.99%),B:304.7(0.77%),P:1e-9
0.005	0.535	0.458	0.002
0.132	0.803	0.001	0.064
0.878	0.001	0.068	0.053
0.810	0.187	0.001	0.002
0.178	0.420	0.400	0.002
0.082	0.001	0.002	0.915
0.078	0.001	0.001	0.920
0.001	0.001	0.669	0.329
0.001	0.001	0.809	0.189
0.956	0.001	0.042	0.001
0.001	0.375	0.001	0.623
0.912	0.001	0.001	0.086
