>AAACTGCCCTCC	1-AAACTGCCCTCC	10.239411	-21.316025	0	T:11.0(9.32%),B:255.0(0.65%),P:1e-9
0.910	0.088	0.001	0.001
0.910	0.001	0.088	0.001
0.886	0.101	0.009	0.004
0.089	0.601	0.240	0.070
0.001	0.001	0.076	0.922
0.101	0.010	0.823	0.066
0.072	0.616	0.101	0.211
0.101	0.789	0.060	0.050
0.071	0.846	0.082	0.001
0.001	0.069	0.001	0.929
0.089	0.827	0.001	0.083
0.071	0.727	0.101	0.101
