>TGTKATCTACAC	17-TGTKATCTACAC,BestGuess:elt-3/MA0542.1/Jaspar(0.537)	9.477302	-19.147119	0	T:31.0(9.63%),B:1145.2(2.80%),P:1e-8
0.001	0.043	0.001	0.955
0.001	0.025	0.761	0.213
0.215	0.083	0.001	0.701
0.179	0.166	0.363	0.293
0.770	0.228	0.001	0.001
0.090	0.131	0.001	0.778
0.024	0.763	0.212	0.001
0.277	0.001	0.107	0.615
0.855	0.074	0.070	0.001
0.001	0.962	0.001	0.036
0.745	0.011	0.157	0.087
0.287	0.653	0.022	0.038
