>AAAGGTCAAT	1-AAAGGTCAAT	10.102929	-19.531335	0	T:16.0(18.82%),B:1129.8(2.91%),P:1e-8	Tpos:561.7,Tstd:237.4,Bpos:508.8,Bstd:295.2,StrandBias:-0.3,Multiplicity:1.12
0.926	0.001	0.001	0.072
0.997	0.001	0.001	0.001
0.879	0.069	0.001	0.051
0.001	0.001	0.941	0.057
0.027	0.001	0.945	0.027
0.051	0.001	0.001	0.947
0.032	0.873	0.048	0.047
0.830	0.001	0.075	0.094
0.948	0.001	0.001	0.050
0.077	0.001	0.001	0.921
>GGCGATCTTA	2-GGCGATCTTA	10.576960	-19.515431	0	T:8.0(9.41%),B:159.0(0.41%),P:1e-8	Tpos:539.4,Tstd:263.8,Bpos:472.4,Bstd:313.6,StrandBias:2.0,Multiplicity:1.25
0.001	0.001	0.732	0.266
0.001	0.148	0.850	0.001
0.001	0.997	0.001	0.001
0.001	0.115	0.883	0.001
0.997	0.001	0.001	0.001
0.001	0.001	0.001	0.997
0.001	0.870	0.128	0.001
0.001	0.001	0.001	0.997
0.001	0.001	0.118	0.880
0.908	0.090	0.001	0.001
>TCTTCACCTA	3-TCTTCACCTA	8.723282	-15.704421	0	T:14.0(16.47%),B:1114.6(2.87%),P:1e-6	Tpos:484.5,Tstd:273.4,Bpos:486.6,Bstd:338.0,StrandBias:1.3,Multiplicity:1.21
0.091	0.107	0.105	0.697
0.001	0.970	0.001	0.028
0.001	0.001	0.001	0.997
0.001	0.001	0.001	0.997
0.088	0.801	0.110	0.001
0.934	0.001	0.001	0.064
0.046	0.952	0.001	0.001
0.001	0.907	0.091	0.001
0.001	0.001	0.001	0.997
0.818	0.063	0.071	0.048
>TTTCTGTAGA	4-TTTCTGTAGA	8.134446	-15.271254	0	T:26.0(30.59%),B:3991.1(10.27%),P:1e-6	Tpos:480.3,Tstd:275.9,Bpos:510.4,Bstd:312.6,StrandBias:0.4,Multiplicity:1.35
0.121	0.001	0.001	0.877
0.209	0.001	0.001	0.789
0.001	0.001	0.001	0.997
0.001	0.997	0.001	0.001
0.001	0.157	0.001	0.841
0.001	0.102	0.896	0.001
0.001	0.001	0.217	0.781
0.997	0.001	0.001	0.001
0.018	0.103	0.845	0.034
0.962	0.001	0.001	0.036
>AAGCCACCGG	5-AAGCCACCGG	10.560520	-14.115256	0	T:7.0(8.24%),B:222.1(0.57%),P:1e-6	Tpos:586.5,Tstd:275.2,Bpos:532.3,Bstd:378.5,StrandBias:-0.6,Multiplicity:1.43
0.896	0.001	0.102	0.001
0.805	0.001	0.193	0.001
0.001	0.159	0.839	0.001
0.001	0.997	0.001	0.001
0.001	0.997	0.001	0.001
0.909	0.001	0.089	0.001
0.001	0.997	0.001	0.001
0.001	0.891	0.107	0.001
0.099	0.124	0.776	0.001
0.001	0.001	0.997	0.001
>CCAGTGGAAA	6-CCAGTGGAAA	9.187817	-13.878867	0	T:14.0(16.47%),B:1300.6(3.35%),P:1e-6	Tpos:433.0,Tstd:318.0,Bpos:512.6,Bstd:323.9,StrandBias:0.4,Multiplicity:1.07
0.039	0.914	0.045	0.002
0.001	0.855	0.097	0.047
0.637	0.118	0.001	0.244
0.001	0.095	0.885	0.019
0.101	0.062	0.096	0.741
0.001	0.021	0.749	0.229
0.001	0.086	0.912	0.001
0.880	0.068	0.051	0.001
0.867	0.001	0.076	0.056
0.997	0.001	0.001	0.001
>AGTGGAGAGY	7-AGTGGAGAGY	8.968725	-13.743237	0	T:12.0(14.12%),B:939.2(2.42%),P:1e-5	Tpos:562.6,Tstd:336.4,Bpos:507.3,Bstd:318.4,StrandBias:-2.0,Multiplicity:1.25
0.793	0.001	0.065	0.141
0.065	0.001	0.933	0.001
0.072	0.001	0.117	0.810
0.001	0.001	0.997	0.001
0.060	0.106	0.770	0.064
0.769	0.001	0.001	0.229
0.199	0.201	0.523	0.077
0.997	0.001	0.001	0.001
0.001	0.001	0.919	0.079
0.014	0.489	0.001	0.497
>AAAATTATGT	8-AAAATTATGT	9.213482	-13.348518	0	T:23.0(27.06%),B:3551.8(9.14%),P:1e-5	Tpos:501.6,Tstd:264.2,Bpos:510.6,Bstd:299.7,StrandBias:1.7,Multiplicity:1.13
0.934	0.001	0.001	0.064
0.997	0.001	0.001	0.001
0.997	0.001	0.001	0.001
0.919	0.001	0.001	0.079
0.001	0.001	0.001	0.997
0.001	0.112	0.001	0.886
0.849	0.001	0.149	0.001
0.001	0.001	0.001	0.997
0.001	0.001	0.997	0.001
0.001	0.001	0.001	0.997
>TMCAMAAAAA	9-TMCAMAAAAA	8.715723	-12.314626	0	T:50.0(58.82%),B:13446.1(34.60%),P:1e-5	Tpos:509.9,Tstd:283.3,Bpos:502.7,Bstd:311.3,StrandBias:-0.2,Multiplicity:1.52
0.001	0.332	0.001	0.666
0.470	0.524	0.005	0.001
0.001	0.962	0.001	0.036
0.994	0.004	0.001	0.001
0.497	0.456	0.001	0.046
0.992	0.001	0.001	0.006
0.996	0.002	0.001	0.001
0.913	0.001	0.085	0.001
0.614	0.079	0.001	0.306
0.805	0.069	0.125	0.001
>TTTCCCCATT	10-TTTCCCCATT	8.907188	-11.693448	0	T:17.0(20.00%),B:2285.0(5.88%),P:1e-5	Tpos:498.6,Tstd:255.4,Bpos:528.8,Bstd:337.0,StrandBias:1.6,Multiplicity:1.18
0.216	0.045	0.036	0.703
0.034	0.041	0.032	0.893
0.015	0.320	0.036	0.629
0.328	0.596	0.054	0.022
0.297	0.660	0.023	0.020
0.228	0.617	0.126	0.029
0.274	0.590	0.027	0.109
0.746	0.212	0.001	0.041
0.102	0.118	0.060	0.720
0.067	0.048	0.069	0.816
>AAATATTATC	11-AAATATTATC	10.213747	-11.405418	0	T:14.0(16.47%),B:1615.3(4.16%),P:1e-4	Tpos:499.3,Tstd:266.6,Bpos:510.7,Bstd:293.8,StrandBias:-0.5,Multiplicity:1.36
0.794	0.001	0.204	0.001
0.997	0.001	0.001	0.001
0.997	0.001	0.001	0.001
0.001	0.001	0.001	0.997
0.852	0.146	0.001	0.001
0.001	0.001	0.001	0.997
0.001	0.001	0.001	0.997
0.765	0.001	0.233	0.001
0.001	0.001	0.344	0.654
0.001	0.997	0.001	0.001
>GCGGTCCCAG	12-GCGGTCCCAG	9.494823	-11.108940	0	T:6.0(7.06%),B:234.5(0.60%),P:1e-4	Tpos:231.9,Tstd:216.1,Bpos:464.9,Bstd:326.6,StrandBias:2.6,Multiplicity:2.33
0.001	0.001	0.997	0.001
0.134	0.626	0.001	0.239
0.001	0.001	0.868	0.130
0.001	0.001	0.871	0.127
0.001	0.144	0.001	0.854
0.001	0.882	0.116	0.001
0.001	0.997	0.001	0.001
0.001	0.997	0.001	0.001
0.997	0.001	0.001	0.001
0.001	0.001	0.997	0.001
>TGTGACGTCA	13-TGTGACGTCA	9.678768	-10.706845	0	T:12.0(14.12%),B:1272.3(3.27%),P:1e-4	Tpos:340.1,Tstd:215.2,Bpos:475.3,Bstd:314.4,StrandBias:0.0,Multiplicity:1.33
0.165	0.001	0.052	0.782
0.078	0.157	0.639	0.126
0.001	0.118	0.001	0.880
0.001	0.001	0.907	0.091
0.997	0.001	0.001	0.001
0.001	0.997	0.001	0.001
0.066	0.001	0.932	0.001
0.001	0.001	0.001	0.997
0.001	0.997	0.001	0.001
0.997	0.001	0.001	0.001
>GGCCGAGAAA	14-GGCCGAGAAA	9.482464	-10.647510	0	T:14.0(16.47%),B:1730.8(4.45%),P:1e-4	Tpos:443.1,Tstd:253.5,Bpos:515.6,Bstd:380.3,StrandBias:0.4,Multiplicity:1.86
0.036	0.001	0.962	0.001
0.001	0.001	0.997	0.001
0.051	0.882	0.066	0.001
0.041	0.957	0.001	0.001
0.001	0.001	0.684	0.314
0.760	0.164	0.075	0.001
0.036	0.001	0.962	0.001
0.997	0.001	0.001	0.001
0.897	0.001	0.001	0.101
0.924	0.001	0.074	0.001
>CCAGTTTCGG	15-CCAGTTTCGG	9.514900	-10.210216	0	T:8.0(9.41%),B:564.6(1.45%),P:1e-4	Tpos:512.1,Tstd:263.2,Bpos:494.9,Bstd:341.4,StrandBias:1.6,Multiplicity:1.50
0.001	0.836	0.001	0.162
0.001	0.784	0.214	0.001
0.997	0.001	0.001	0.001
0.001	0.001	0.997	0.001
0.001	0.281	0.001	0.717
0.001	0.001	0.001	0.997
0.001	0.265	0.273	0.461
0.001	0.997	0.001	0.001
0.001	0.001	0.997	0.001
0.001	0.001	0.776	0.222
>GTAGTTTGTA	16-GTAGTTTGTA	10.296193	-6.764867	0	T:6.0(7.06%),B:530.6(1.37%),P:1e-2	Tpos:488.3,Tstd:236.1,Bpos:500.7,Bstd:361.7,StrandBias:-0.6,Multiplicity:3.83
0.100	0.100	0.700	0.100
0.100	0.100	0.100	0.700
0.700	0.100	0.100	0.100
0.100	0.100	0.700	0.100
0.100	0.100	0.100	0.700
0.100	0.100	0.100	0.700
0.100	0.100	0.100	0.700
0.100	0.100	0.700	0.100
0.100	0.100	0.100	0.700
0.700	0.100	0.100	0.100
>TGGGTCTGCT	17-TGGGTCTGCT	8.262236	-5.614788	0	T:6.0(7.06%),B:669.1(1.72%),P:1e-2	Tpos:478.7,Tstd:265.5,Bpos:504.4,Bstd:359.0,StrandBias:0.0,Multiplicity:5.00
0.001	0.001	0.001	0.997
0.001	0.001	0.864	0.134
0.001	0.001	0.997	0.001
0.001	0.001	0.956	0.042
0.067	0.001	0.001	0.931
0.238	0.760	0.001	0.001
0.001	0.001	0.001	0.997
0.001	0.001	0.997	0.001
0.056	0.942	0.001	0.001
0.001	0.001	0.001	0.997
>GGAAGCCTGG	18-GGAAGCCTGG	13.348364	-3.938728	0	T:1.0(1.18%),B:8.3(0.02%),P:1e-1	Tpos:194.7,Tstd:83.3,Bpos:643.3,Bstd:407.6,StrandBias:-10.0,Multiplicity:3.00
0.001	0.001	0.997	0.001
0.001	0.001	0.997	0.001
0.786	0.001	0.212	0.001
0.779	0.001	0.001	0.219
0.001	0.001	0.997	0.001
0.001	0.997	0.001	0.001
0.001	0.997	0.001	0.001
0.001	0.001	0.001	0.997
0.001	0.001	0.997	0.001
0.001	0.001	0.997	0.001
>AAATGCATATTT	1-AAATGCATATTT	12.649034	-24.848761	0	T:14.0(16.47%),B:536.9(1.38%),P:1e-10	Tpos:543.4,Tstd:224.4,Bpos:512.3,Bstd:296.1,StrandBias:0.4,Multiplicity:1.00
0.997	0.001	0.001	0.001
0.869	0.001	0.129	0.001
0.997	0.001	0.001	0.001
0.001	0.001	0.125	0.873
0.050	0.001	0.948	0.001
0.047	0.951	0.001	0.001
0.997	0.001	0.001	0.001
0.001	0.055	0.001	0.943
0.840	0.001	0.001	0.158
0.067	0.108	0.001	0.824
0.001	0.001	0.001	0.997
0.001	0.095	0.106	0.798
>CTGACAATTGAG	2-CTGACAATTGAG	13.672589	-23.691514	0	T:6.0(7.06%),B:24.9(0.06%),P:1e-10	Tpos:374.8,Tstd:214.8,Bpos:476.0,Bstd:287.1,StrandBias:0.0,Multiplicity:1.00
0.001	0.997	0.001	0.001
0.001	0.001	0.001	0.997
0.001	0.145	0.853	0.001
0.662	0.175	0.162	0.001
0.043	0.955	0.001	0.001
0.997	0.001	0.001	0.001
0.802	0.196	0.001	0.001
0.001	0.001	0.001	0.997
0.001	0.001	0.001	0.997
0.001	0.001	0.997	0.001
0.876	0.001	0.001	0.122
0.001	0.001	0.997	0.001
>GCGATCTTATAT	3-GCGATCTTATAT	14.577623	-22.972976	0	T:4.0(4.71%),B:1.3(0.00%),P:1e-9	Tpos:470.0,Tstd:232.7,Bpos:102.5,Bstd:92.3,StrandBias:2.0,Multiplicity:1.25
0.001	0.001	0.997	0.001
0.001	0.997	0.001	0.001
0.001	0.001	0.997	0.001
0.997	0.001	0.001	0.001
0.001	0.001	0.001	0.997
0.001	0.734	0.264	0.001
0.001	0.001	0.001	0.997
0.001	0.001	0.001	0.997
0.997	0.001	0.001	0.001
0.234	0.001	0.001	0.764
0.764	0.001	0.234	0.001
0.001	0.001	0.001	0.997
>TTTCTGTRCAKC	4-TTTCTGTRCAKC	12.055994	-21.770034	0	T:8.0(9.41%),B:117.6(0.30%),P:1e-9	Tpos:392.5,Tstd:249.3,Bpos:497.2,Bstd:319.9,StrandBias:2.8,Multiplicity:1.00
0.001	0.099	0.001	0.899
0.140	0.001	0.001	0.858
0.001	0.001	0.001	0.997
0.001	0.840	0.001	0.158
0.144	0.285	0.001	0.570
0.001	0.126	0.794	0.079
0.001	0.001	0.001	0.997
0.393	0.001	0.430	0.176
0.001	0.761	0.001	0.237
0.997	0.001	0.001	0.001
0.001	0.001	0.489	0.509
0.001	0.918	0.001	0.080
>AAAGAAAGTTTT	5-AAAGAAAGTTTT	12.577238	-21.713747	0	T:13.0(15.29%),B:560.5(1.44%),P:1e-9	Tpos:617.8,Tstd:264.3,Bpos:520.5,Bstd:328.9,StrandBias:-0.2,Multiplicity:1.00
0.908	0.001	0.001	0.090
0.738	0.092	0.085	0.085
0.997	0.001	0.001	0.001
0.001	0.065	0.907	0.027
0.997	0.001	0.001	0.001
0.879	0.001	0.119	0.001
0.891	0.001	0.001	0.107
0.047	0.001	0.951	0.001
0.001	0.001	0.001	0.997
0.001	0.001	0.001	0.997
0.001	0.001	0.001	0.997
0.001	0.001	0.214	0.784
>AGATTAAACTTG	6-AGATTAAACTTG	13.417206	-20.477320	0	T:7.0(8.24%),B:84.7(0.22%),P:1e-8	Tpos:442.4,Tstd:223.4,Bpos:497.1,Bstd:256.8,StrandBias:-1.3,Multiplicity:1.00
0.997	0.001	0.001	0.001
0.095	0.001	0.903	0.001
0.679	0.163	0.157	0.001
0.135	0.001	0.001	0.863
0.001	0.001	0.001	0.997
0.842	0.001	0.001	0.156
0.997	0.001	0.001	0.001
0.997	0.001	0.001	0.001
0.001	0.997	0.001	0.001
0.001	0.001	0.001	0.997
0.001	0.001	0.126	0.872
0.001	0.001	0.997	0.001
>TAAAAATAATAC	7-TAAAAATAATAC	13.269862	-20.353132	0	T:14.0(16.47%),B:763.1(1.96%),P:1e-8	Tpos:397.6,Tstd:287.7,Bpos:501.3,Bstd:284.8,StrandBias:-0.4,Multiplicity:1.00
0.098	0.001	0.001	0.900
0.997	0.001	0.001	0.001
0.997	0.001	0.001	0.001
0.997	0.001	0.001	0.001
0.997	0.001	0.001	0.001
0.997	0.001	0.001	0.001
0.092	0.160	0.001	0.747
0.873	0.001	0.001	0.125
0.997	0.001	0.001	0.001
0.086	0.001	0.001	0.912
0.900	0.001	0.001	0.098
0.073	0.785	0.141	0.001
>CCCCAATTTTCC	8-CCCCAATTTTCC	13.040446	-19.801653	0	T:9.0(10.59%),B:226.8(0.58%),P:1e-8	Tpos:507.2,Tstd:371.9,Bpos:628.0,Bstd:341.7,StrandBias:3.2,Multiplicity:1.11
0.107	0.825	0.001	0.067
0.001	0.997	0.001	0.001
0.001	0.878	0.120	0.001
0.001	0.997	0.001	0.001
0.997	0.001	0.001	0.001
0.917	0.001	0.001	0.081
0.001	0.001	0.001	0.997
0.001	0.001	0.001	0.997
0.001	0.001	0.001	0.997
0.127	0.133	0.170	0.570
0.001	0.997	0.001	0.001
0.086	0.912	0.001	0.001
>TTTCTGTAGTCT	9-TTTCTGTAGTCT	13.984892	-19.107297	0	T:6.0(7.06%),B:56.1(0.14%),P:1e-8	Tpos:534.5,Tstd:337.7,Bpos:472.4,Bstd:327.3,StrandBias:0.0,Multiplicity:1.33
0.001	0.001	0.001	0.997
0.208	0.001	0.001	0.790
0.158	0.001	0.001	0.840
0.001	0.997	0.001	0.001
0.001	0.001	0.001	0.997
0.001	0.001	0.997	0.001
0.001	0.001	0.162	0.836
0.844	0.001	0.001	0.154
0.001	0.001	0.997	0.001
0.001	0.001	0.001	0.997
0.001	0.844	0.154	0.001
0.001	0.001	0.001	0.997
>GTTAAAAAAACG	10-GTTAAAAAAACG	11.791612	-18.194091	0	T:12.0(14.12%),B:616.3(1.59%),P:1e-7	Tpos:361.8,Tstd:246.3,Bpos:491.2,Bstd:295.3,StrandBias:-1.6,Multiplicity:1.00
0.001	0.001	0.936	0.062
0.001	0.001	0.001	0.997
0.001	0.001	0.099	0.899
0.895	0.001	0.001	0.103
0.997	0.001	0.001	0.001
0.997	0.001	0.001	0.001
0.997	0.001	0.001	0.001
0.997	0.001	0.001	0.001
0.801	0.197	0.001	0.001
0.839	0.159	0.001	0.001
0.073	0.830	0.001	0.096
0.086	0.001	0.912	0.001
>ATTAATTTCCTA	11-ATTAATTTCCTA	11.655069	-17.976532	0	T:10.0(11.76%),B:383.6(0.99%),P:1e-7	Tpos:540.7,Tstd:348.8,Bpos:517.7,Bstd:279.0,StrandBias:0.8,Multiplicity:1.10
0.885	0.036	0.061	0.018
0.101	0.040	0.046	0.813
0.089	0.150	0.001	0.760
0.746	0.085	0.139	0.030
0.572	0.054	0.050	0.324
0.035	0.026	0.001	0.938
0.079	0.001	0.030	0.890
0.001	0.094	0.203	0.702
0.211	0.523	0.104	0.162
0.393	0.545	0.001	0.061
0.228	0.060	0.025	0.687
0.882	0.031	0.024	0.063
>SAGTTGCTCCAG	12-SAGTTGCTCCAG	9.488995	-17.959533	0	T:11.0(12.94%),B:500.7(1.29%),P:1e-7	Tpos:395.2,Tstd:324.0,Bpos:440.0,Bstd:329.4,StrandBias:-1.4,Multiplicity:1.00
0.016	0.543	0.440	0.001
0.626	0.001	0.202	0.171
0.076	0.095	0.756	0.073
0.001	0.001	0.094	0.904
0.001	0.001	0.001	0.997
0.001	0.088	0.838	0.073
0.006	0.905	0.001	0.088
0.251	0.001	0.180	0.568
0.107	0.789	0.088	0.016
0.083	0.828	0.001	0.088
0.892	0.106	0.001	0.001
0.095	0.001	0.895	0.009
>TTATTAACACGG	13-TTATTAACACGG	14.064286	-17.094136	0	T:4.0(4.71%),B:13.0(0.03%),P:1e-7	Tpos:516.4,Tstd:163.7,Bpos:539.2,Bstd:172.7,StrandBias:-0.6,Multiplicity:1.25
0.001	0.001	0.001	0.997
0.001	0.001	0.229	0.769
0.997	0.001	0.001	0.001
0.001	0.001	0.001	0.997
0.001	0.177	0.001	0.821
0.997	0.001	0.001	0.001
0.997	0.001	0.001	0.001
0.001	0.997	0.001	0.001
0.997	0.001	0.001	0.001
0.001	0.997	0.001	0.001
0.156	0.001	0.842	0.001
0.001	0.001	0.795	0.203
>ATTGACCTTTTC	14-ATTGACCTTTTC	13.383554	-15.804588	0	T:6.0(7.06%),B:101.2(0.26%),P:1e-6	Tpos:579.7,Tstd:200.1,Bpos:568.8,Bstd:291.7,StrandBias:1.3,Multiplicity:1.17
0.997	0.001	0.001	0.001
0.148	0.001	0.001	0.850
0.001	0.204	0.001	0.794
0.001	0.001	0.997	0.001
0.997	0.001	0.001	0.001
0.075	0.923	0.001	0.001
0.092	0.906	0.001	0.001
0.001	0.001	0.192	0.806
0.001	0.001	0.001	0.997
0.001	0.001	0.001	0.997
0.001	0.001	0.001	0.997
0.001	0.853	0.001	0.145
>CTCGAATATTCG	15-CTCGAATATTCG	13.717041	-12.181195	0	T:5.0(5.88%),B:108.2(0.28%),P:1e-5	Tpos:400.0,Tstd:200.7,Bpos:504.1,Bstd:359.7,StrandBias:0.0,Multiplicity:1.00
0.170	0.828	0.001	0.001
0.001	0.001	0.001	0.997
0.001	0.997	0.001	0.001
0.173	0.001	0.825	0.001
0.997	0.001	0.001	0.001
0.997	0.001	0.001	0.001
0.144	0.001	0.001	0.854
0.878	0.001	0.001	0.120
0.001	0.001	0.001	0.997
0.001	0.001	0.001	0.997
0.001	0.788	0.001	0.210
0.001	0.001	0.997	0.001
>CCAGGBTCCCAC	16-CCAGGBTCCCAC	12.949421	-9.229056	0	T:2.0(2.35%),B:5.6(0.01%),P:1e-4	Tpos:219.5,Tstd:63.1,Bpos:631.0,Bstd:167.5,StrandBias:1.6,Multiplicity:2.00
0.001	0.997	0.001	0.001
0.001	0.997	0.001	0.001
0.997	0.001	0.001	0.001
0.001	0.001	0.997	0.001
0.001	0.001	0.997	0.001
0.001	0.368	0.328	0.304
0.327	0.001	0.001	0.671
0.328	0.645	0.001	0.026
0.290	0.708	0.001	0.001
0.001	0.671	0.001	0.327
0.997	0.001	0.001	0.001
0.001	0.997	0.001	0.001
>GCTTCCACGGTG	17-GCTTCCACGGTG	14.640156	-8.692900	0	T:2.0(2.35%),B:7.6(0.02%),P:1e-3	Tpos:113.0,Tstd:89.6,Bpos:546.6,Bstd:268.9,StrandBias:10.0,Multiplicity:2.50
0.001	0.001	0.997	0.001
0.001	0.997	0.001	0.001
0.001	0.001	0.001	0.997
0.001	0.001	0.001	0.997
0.001	0.749	0.001	0.249
0.001	0.997	0.001	0.001
0.997	0.001	0.001	0.001
0.001	0.997	0.001	0.001
0.001	0.001	0.749	0.249
0.001	0.001	0.997	0.001
0.001	0.249	0.001	0.749
0.001	0.001	0.997	0.001
>TTGGGTMTGCTA	18-TTGGGTMTGCTA	12.302675	-7.052582	0	T:4.0(4.71%),B:189.7(0.49%),P:1e-3	Tpos:405.0,Tstd:218.8,Bpos:518.3,Bstd:378.6,StrandBias:0.1,Multiplicity:5.75
0.001	0.001	0.005	0.993
0.001	0.001	0.001	0.997
0.001	0.001	0.792	0.206
0.001	0.001	0.997	0.001
0.240	0.001	0.485	0.274
0.001	0.001	0.001	0.997
0.530	0.468	0.001	0.001
0.274	0.001	0.001	0.724
0.001	0.001	0.997	0.001
0.228	0.770	0.001	0.001
0.001	0.001	0.001	0.997
0.759	0.001	0.239	0.001
>CAGGCTTCCMCG	19-CAGGCTTCCMCG	15.650231	-6.127331	0	T:1.0(1.18%),B:0.0(0.00%),P:1e-2	Tpos:209.0,Tstd:33.0,Bpos:0.0,Bstd:0.0,StrandBias:10.0,Multiplicity:2.00
0.001	0.997	0.001	0.001
0.997	0.001	0.001	0.001
0.001	0.001	0.997	0.001
0.001	0.001	0.997	0.001
0.001	0.997	0.001	0.001
0.261	0.001	0.001	0.737
0.001	0.001	0.001	0.997
0.001	0.997	0.001	0.001
0.001	0.997	0.001	0.001
0.476	0.522	0.001	0.001
0.001	0.997	0.001	0.001
0.001	0.001	0.997	0.001
>AGGCTCCCACGG	20-AGGCTCCCACGG	15.668454	-6.127331	0	T:1.0(1.18%),B:0.0(0.00%),P:1e-2	Tpos:6.0,Tstd:0.0,Bpos:0.0,Bstd:0.0,StrandBias:10.0,Multiplicity:1.00
0.997	0.001	0.001	0.001
0.001	0.001	0.997	0.001
0.001	0.001	0.997	0.001
0.001	0.811	0.001	0.187
0.001	0.001	0.001	0.997
0.001	0.612	0.001	0.386
0.001	0.997	0.001	0.001
0.001	0.997	0.001	0.001
0.997	0.001	0.001	0.001
0.001	0.997	0.001	0.001
0.211	0.001	0.787	0.001
0.001	0.001	0.997	0.001
>CCAKTTTTCKGG	21-CCAKTTTTCKGG	12.721405	-5.985994	0	T:3.0(3.53%),B:120.1(0.31%),P:1e-2	Tpos:321.1,Tstd:157.6,Bpos:404.9,Bstd:340.6,StrandBias:-1.6,Multiplicity:2.67
0.001	0.997	0.001	0.001
0.001	0.997	0.001	0.001
0.882	0.001	0.116	0.001
0.001	0.001	0.477	0.521
0.001	0.001	0.001	0.997
0.169	0.001	0.001	0.829
0.169	0.001	0.001	0.829
0.001	0.001	0.001	0.997
0.001	0.997	0.001	0.001
0.001	0.001	0.462	0.536
0.001	0.001	0.997	0.001
0.001	0.001	0.997	0.001
>ACTACAATCTAC	22-ACTACAATCTAC	9.713865	-5.274378	0	T:5.0(5.88%),B:502.7(1.29%),P:1e-2	Tpos:512.2,Tstd:254.5,Bpos:503.7,Bstd:361.0,StrandBias:0.1,Multiplicity:4.60
0.852	0.058	0.001	0.089
0.074	0.821	0.058	0.047
0.056	0.001	0.056	0.887
0.697	0.114	0.075	0.114
0.225	0.433	0.227	0.115
0.715	0.057	0.114	0.114
0.731	0.103	0.130	0.036
0.119	0.227	0.213	0.441
0.090	0.597	0.227	0.086
0.090	0.170	0.170	0.570
0.674	0.057	0.114	0.155
0.060	0.589	0.209	0.142
>ATCCGAAACTGS	23-ATCCGAAACTGS	13.955469	-4.935394	0	T:2.0(2.35%),B:56.2(0.14%),P:1e-2	Tpos:441.9,Tstd:157.0,Bpos:567.4,Bstd:314.1,StrandBias:-2.8,Multiplicity:4.00
0.997	0.001	0.001	0.001
0.001	0.001	0.001	0.997
0.001	0.997	0.001	0.001
0.321	0.528	0.001	0.150
0.001	0.001	0.997	0.001
0.997	0.001	0.001	0.001
0.997	0.001	0.001	0.001
0.997	0.001	0.001	0.001
0.001	0.997	0.001	0.001
0.001	0.001	0.001	0.997
0.001	0.001	0.997	0.001
0.001	0.471	0.527	0.001
>CGTCACCGGTGG	24-CGTCACCGGTGG	15.671445	-4.744273	0	T:1.0(1.18%),B:3.7(0.01%),P:1e-2	Tpos:472.0,Tstd:0.0,Bpos:737.8,Bstd:201.0,StrandBias:10.0,Multiplicity:1.00
0.001	0.822	0.001	0.176
0.001	0.001	0.997	0.001
0.001	0.001	0.001	0.997
0.001	0.822	0.001	0.176
0.853	0.001	0.145	0.001
0.001	0.997	0.001	0.001
0.176	0.822	0.001	0.001
0.001	0.001	0.997	0.001
0.001	0.001	0.997	0.001
0.001	0.001	0.001	0.997
0.176	0.001	0.822	0.001
0.001	0.001	0.997	0.001
>CGTGGCCTAKAA	25-CGTGGCCTAKAA	7.745331	-3.299641	0	T:7.0(8.24%),B:1424.4(3.67%),P:1e-1	Tpos:430.7,Tstd:214.2,Bpos:521.5,Bstd:375.4,StrandBias:2.0,Multiplicity:3.57
0.002	0.608	0.202	0.188
0.002	0.215	0.782	0.001
0.188	0.095	0.007	0.710
0.001	0.187	0.811	0.001
0.006	0.001	0.992	0.001
0.001	0.997	0.001	0.001
0.001	0.811	0.001	0.187
0.001	0.001	0.001	0.997
0.997	0.001	0.001	0.001
0.096	0.001	0.504	0.399
0.997	0.001	0.001	0.001
0.811	0.001	0.001	0.187
>TTTCTGTA	1-TTTCTGTA	9.479218	-12.945961	0	T:33.0(38.82%),B:6744.5(17.35%),P:1e-5	Tpos:561.0,Tstd:293.3,Bpos:525.1,Bstd:314.0,StrandBias:0.8,Multiplicity:1.24
0.001	0.001	0.001	0.997
0.064	0.001	0.001	0.934
0.001	0.001	0.001	0.997
0.001	0.851	0.147	0.001
0.001	0.001	0.001	0.997
0.001	0.255	0.743	0.001
0.001	0.001	0.001	0.997
0.997	0.001	0.001	0.001
>ATWAACAC	2-ATWAACAC	8.617413	-9.783265	0	T:23.0(27.06%),B:4418.2(11.37%),P:1e-4	Tpos:529.0,Tstd:230.7,Bpos:517.7,Bstd:302.7,StrandBias:-0.2,Multiplicity:1.22
0.997	0.001	0.001	0.001
0.001	0.258	0.001	0.740
0.524	0.001	0.001	0.474
0.845	0.001	0.001	0.153
0.997	0.001	0.001	0.001
0.001	0.826	0.001	0.172
0.997	0.001	0.001	0.001
0.001	0.997	0.001	0.001
>GGCCTAGA	3-GGCCTAGA	7.500110	-9.733202	0	T:17.0(20.00%),B:2666.4(6.86%),P:1e-4	Tpos:439.2,Tstd:235.8,Bpos:516.4,Bstd:375.2,StrandBias:0.8,Multiplicity:2.06
0.001	0.077	0.921	0.001
0.001	0.001	0.997	0.001
0.001	0.953	0.045	0.001
0.001	0.928	0.001	0.070
0.001	0.001	0.206	0.792
0.997	0.001	0.001	0.001
0.001	0.001	0.914	0.084
0.997	0.001	0.001	0.001
>TGACGTCA	4-TGACGTCA	8.236954	-7.001903	0	T:10.0(11.76%),B:1383.7(3.56%),P:1e-3	Tpos:307.0,Tstd:187.3,Bpos:477.6,Bstd:323.3,StrandBias:0.0,Multiplicity:1.30
0.100	0.100	0.100	0.700
0.100	0.100	0.700	0.100
0.700	0.100	0.100	0.100
0.100	0.700	0.100	0.100
0.100	0.100	0.700	0.100
0.100	0.100	0.100	0.700
0.100	0.700	0.100	0.100
0.700	0.100	0.100	0.100
>TGAATTGA	5-TGAATTGA	6.470651	-6.945515	0	T:46.0(54.12%),B:14368.2(36.97%),P:1e-3	Tpos:519.4,Tstd:289.0,Bpos:508.4,Bstd:304.2,StrandBias:-0.3,Multiplicity:1.67
0.045	0.001	0.213	0.741
0.001	0.001	0.775	0.223
0.997	0.001	0.001	0.001
0.997	0.001	0.001	0.001
0.001	0.001	0.001	0.997
0.001	0.001	0.001	0.997
0.001	0.001	0.997	0.001
0.997	0.001	0.001	0.001
>GGTCTGCT	6-GGTCTGCT	9.875300	-3.662921	0	T:5.0(5.88%),B:756.5(1.95%),P:1e-1	Tpos:444.2,Tstd:252.8,Bpos:501.0,Bstd:358.8,StrandBias:0.3,Multiplicity:5.40
0.001	0.001	0.997	0.001
0.001	0.001	0.997	0.001
0.001	0.001	0.001	0.997
0.303	0.695	0.001	0.001
0.001	0.001	0.001	0.997
0.001	0.001	0.997	0.001
0.001	0.997	0.001	0.001
0.001	0.001	0.001	0.997
>CTTGTAGT	7-CTTGTAGT	7.589425	-3.339759	0	T:19.0(22.35%),B:5660.1(14.56%),P:1e-1	Tpos:508.8,Tstd:255.6,Bpos:502.9,Bstd:315.6,StrandBias:0.2,Multiplicity:2.12
0.001	0.736	0.001	0.262
0.001	0.001	0.085	0.913
0.001	0.001	0.001	0.997
0.051	0.001	0.947	0.001
0.001	0.001	0.001	0.997
0.944	0.054	0.001	0.001
0.001	0.001	0.997	0.001
0.001	0.001	0.057	0.941
>GGTCCCAG	8-GGTCCCAG	9.387314	-2.944367	0	T:3.0(3.53%),B:383.8(0.99%),P:1e-1	Tpos:233.5,Tstd:210.1,Bpos:459.0,Bstd:338.4,StrandBias:3.3,Multiplicity:3.67
0.001	0.001	0.997	0.001
0.001	0.001	0.997	0.001
0.001	0.186	0.001	0.812
0.001	0.997	0.001	0.001
0.001	0.997	0.001	0.001
0.001	0.997	0.001	0.001
0.997	0.001	0.001	0.001
0.001	0.001	0.997	0.001
>GACTACAA	9-GACTACAA	10.517567	-2.022141	0	T:5.0(5.88%),B:1228.3(3.16%),P:1e0	Tpos:440.7,Tstd:256.9,Bpos:505.1,Bstd:330.6,StrandBias:0.4,Multiplicity:4.20
0.367	0.001	0.631	0.001
0.997	0.001	0.001	0.001
0.001	0.997	0.001	0.001
0.001	0.001	0.001	0.997
0.997	0.001	0.001	0.001
0.001	0.997	0.001	0.001
0.997	0.001	0.001	0.001
0.910	0.001	0.088	0.001
