>HCGATAAATTTH	20-HCGATAAATTTH	8.915406	-8.464348	0	T:7.0(9.33%),B:612.9(1.60%),P:1e-3
0.260	0.275	0.138	0.327
0.133	0.561	0.206	0.100
0.147	0.132	0.610	0.111
0.652	0.115	0.110	0.123
0.227	0.175	0.105	0.493
0.600	0.100	0.149	0.151
0.706	0.084	0.143	0.067
0.771	0.054	0.082	0.093
0.124	0.126	0.169	0.581
0.085	0.069	0.131	0.715
0.124	0.106	0.111	0.659
0.187	0.329	0.158	0.327
