>GCTATTGATT	1-GCTATTGATT	9.142535	-24.316127	0	T:28.0(21.37%),B:1909.9(4.79%),P:1e-10	Tpos:521.3,Tstd:301.0,Bpos:513.6,Bstd:316.7,StrandBias:0.9,Multiplicity:1.11
0.001	0.286	0.521	0.192
0.071	0.834	0.065	0.030
0.001	0.146	0.100	0.753
0.997	0.001	0.001	0.001
0.001	0.001	0.001	0.997
0.001	0.001	0.001	0.997
0.096	0.001	0.902	0.001
0.906	0.092	0.001	0.001
0.001	0.001	0.001	0.997
0.254	0.001	0.109	0.636
>GACTCTACTG	2-GACTCTACTG	10.326256	-22.566030	0	T:11.0(8.40%),B:205.7(0.52%),P:1e-9	Tpos:540.8,Tstd:312.5,Bpos:514.2,Bstd:291.2,StrandBias:1.6,Multiplicity:1.09
0.001	0.226	0.772	0.001
0.997	0.001	0.001	0.001
0.001	0.997	0.001	0.001
0.001	0.001	0.001	0.997
0.001	0.911	0.001	0.087
0.001	0.001	0.001	0.997
0.924	0.001	0.001	0.074
0.133	0.865	0.001	0.001
0.116	0.001	0.001	0.882
0.165	0.092	0.742	0.001
>CAGCCGCGAM	3-CAGCCGCGAM	9.859542	-19.012641	0	T:12.0(9.16%),B:370.5(0.93%),P:1e-8	Tpos:566.9,Tstd:230.1,Bpos:469.0,Bstd:332.4,StrandBias:0.0,Multiplicity:1.17
0.001	0.906	0.092	0.001
0.873	0.001	0.125	0.001
0.097	0.001	0.901	0.001
0.001	0.997	0.001	0.001
0.087	0.911	0.001	0.001
0.126	0.001	0.749	0.124
0.202	0.796	0.001	0.001
0.131	0.001	0.867	0.001
0.997	0.001	0.001	0.001
0.425	0.573	0.001	0.001
>AACCACAATG	4-AACCACAATG	11.494706	-17.781741	0	T:12.0(9.16%),B:415.4(1.04%),P:1e-7	Tpos:548.8,Tstd:308.7,Bpos:517.9,Bstd:283.5,StrandBias:-1.0,Multiplicity:1.00
0.912	0.001	0.086	0.001
0.997	0.001	0.001	0.001
0.199	0.748	0.052	0.001
0.279	0.719	0.001	0.001
0.922	0.076	0.001	0.001
0.020	0.924	0.055	0.001
0.997	0.001	0.001	0.001
0.941	0.001	0.001	0.057
0.046	0.001	0.001	0.952
0.001	0.052	0.946	0.001
>AAGTGATTAA	5-AAGTGATTAA	10.503964	-17.780598	0	T:18.0(13.74%),B:1070.2(2.68%),P:1e-7	Tpos:598.4,Tstd:279.2,Bpos:496.8,Bstd:308.2,StrandBias:0.0,Multiplicity:1.00
0.997	0.001	0.001	0.001
0.788	0.001	0.001	0.210
0.001	0.134	0.864	0.001
0.001	0.001	0.001	0.997
0.001	0.001	0.997	0.001
0.997	0.001	0.001	0.001
0.001	0.001	0.001	0.997
0.001	0.001	0.001	0.997
0.520	0.310	0.169	0.001
0.898	0.001	0.001	0.100
>CTTCCTGAAC	6-CTTCCTGAAC	8.172959	-17.728119	0	T:17.0(12.98%),B:949.7(2.38%),P:1e-7	Tpos:423.4,Tstd:231.9,Bpos:490.9,Bstd:314.3,StrandBias:1.3,Multiplicity:1.24
0.116	0.667	0.012	0.205
0.080	0.330	0.048	0.542
0.061	0.265	0.068	0.606
0.059	0.842	0.060	0.039
0.016	0.471	0.243	0.270
0.021	0.013	0.158	0.808
0.233	0.056	0.663	0.048
0.719	0.083	0.027	0.171
0.550	0.113	0.112	0.225
0.012	0.783	0.001	0.204
>TTCTCTAGTC	7-TTCTCTAGTC	7.441676	-17.057542	0	T:49.0(37.40%),B:6908.5(17.32%),P:1e-7	Tpos:549.8,Tstd:280.2,Bpos:525.1,Bstd:325.7,StrandBias:1.3,Multiplicity:1.37
0.073	0.001	0.057	0.869
0.026	0.094	0.029	0.851
0.036	0.782	0.060	0.122
0.027	0.102	0.058	0.813
0.132	0.743	0.102	0.023
0.011	0.125	0.101	0.763
0.753	0.038	0.078	0.131
0.065	0.113	0.756	0.066
0.079	0.075	0.023	0.823
0.038	0.859	0.036	0.067
>ATTTTWCTCG	8-ATTTTWCTCG	9.853420	-16.370763	0	T:36.0(27.48%),B:4256.2(10.67%),P:1e-7	Tpos:547.3,Tstd:264.9,Bpos:532.1,Bstd:331.6,StrandBias:1.2,Multiplicity:1.08
0.997	0.001	0.001	0.001
0.001	0.001	0.001	0.997
0.001	0.001	0.001	0.997
0.001	0.001	0.001	0.997
0.001	0.001	0.001	0.997
0.528	0.036	0.001	0.435
0.232	0.633	0.066	0.069
0.001	0.109	0.001	0.889
0.001	0.888	0.072	0.039
0.188	0.074	0.691	0.047
>TTACCTATAT	9-TTACCTATAT	9.186006	-15.234116	0	T:19.0(14.50%),B:1417.7(3.56%),P:1e-6	Tpos:499.9,Tstd:207.3,Bpos:520.1,Bstd:323.4,StrandBias:2.7,Multiplicity:1.21
0.001	0.001	0.085	0.913
0.001	0.001	0.253	0.745
0.755	0.060	0.056	0.129
0.036	0.962	0.001	0.001
0.030	0.968	0.001	0.001
0.001	0.061	0.001	0.937
0.959	0.001	0.001	0.039
0.048	0.001	0.069	0.882
0.973	0.001	0.001	0.025
0.048	0.001	0.001	0.950
>GGACCTAGTT	10-GGACCTAGTT	9.847095	-15.112126	0	T:11.0(8.40%),B:434.5(1.09%),P:1e-6	Tpos:485.6,Tstd:232.3,Bpos:495.6,Bstd:315.4,StrandBias:0.6,Multiplicity:1.36
0.001	0.001	0.997	0.001
0.001	0.001	0.678	0.320
0.769	0.001	0.001	0.229
0.001	0.876	0.001	0.122
0.001	0.997	0.001	0.001
0.189	0.001	0.001	0.809
0.536	0.335	0.001	0.128
0.001	0.141	0.857	0.001
0.001	0.001	0.001	0.997
0.026	0.001	0.001	0.972
>TCCGCCCACT	11-TCCGCCCACT	10.378663	-14.058519	0	T:16.0(12.21%),B:1095.2(2.75%),P:1e-6	Tpos:712.8,Tstd:213.0,Bpos:556.6,Bstd:330.0,StrandBias:1.2,Multiplicity:1.33
0.001	0.059	0.001	0.939
0.001	0.997	0.001	0.001
0.001	0.997	0.001	0.001
0.063	0.001	0.881	0.055
0.001	0.997	0.001	0.001
0.001	0.884	0.114	0.001
0.001	0.938	0.001	0.060
0.893	0.105	0.001	0.001
0.103	0.876	0.001	0.020
0.001	0.074	0.001	0.924
>CCCCGCTGKC	12-CCCCGCTGKC	9.557090	-13.918632	0	T:8.0(6.11%),B:219.5(0.55%),P:1e-6	Tpos:426.3,Tstd:245.9,Bpos:556.0,Bstd:325.0,StrandBias:1.2,Multiplicity:1.25
0.001	0.997	0.001	0.001
0.001	0.997	0.001	0.001
0.001	0.997	0.001	0.001
0.181	0.817	0.001	0.001
0.001	0.164	0.664	0.171
0.001	0.997	0.001	0.001
0.001	0.001	0.170	0.828
0.001	0.124	0.874	0.001
0.011	0.042	0.515	0.432
0.001	0.828	0.170	0.001
>TTTCTATGCA	13-TTTCTATGCA	9.072225	-13.644287	0	T:26.0(19.85%),B:2774.0(6.96%),P:1e-5	Tpos:587.5,Tstd:270.7,Bpos:521.4,Bstd:321.1,StrandBias:0.6,Multiplicity:1.27
0.001	0.001	0.079	0.919
0.001	0.067	0.001	0.931
0.069	0.001	0.001	0.929
0.030	0.968	0.001	0.001
0.001	0.047	0.084	0.868
0.795	0.142	0.023	0.040
0.054	0.001	0.101	0.844
0.028	0.001	0.970	0.001
0.001	0.941	0.037	0.021
0.910	0.001	0.060	0.029
>ATTTTTTCCC	14-ATTTTTTCCC	10.078240	-11.762110	0	T:28.0(21.37%),B:3475.0(8.71%),P:1e-5	Tpos:504.9,Tstd:285.5,Bpos:528.6,Bstd:326.2,StrandBias:1.2,Multiplicity:1.29
0.997	0.001	0.001	0.001
0.001	0.001	0.070	0.928
0.107	0.112	0.001	0.780
0.078	0.114	0.097	0.711
0.047	0.001	0.001	0.951
0.134	0.001	0.001	0.864
0.196	0.001	0.001	0.802
0.001	0.997	0.001	0.001
0.001	0.896	0.001	0.102
0.001	0.997	0.001	0.001
>CAGGCCTGAT	15-CAGGCCTGAT	10.654610	-11.646988	0	T:5.0(3.82%),B:79.7(0.20%),P:1e-5	Tpos:416.4,Tstd:189.1,Bpos:479.6,Bstd:307.2,StrandBias:1.6,Multiplicity:1.40
0.001	0.997	0.001	0.001
0.844	0.001	0.154	0.001
0.001	0.001	0.785	0.213
0.001	0.074	0.924	0.001
0.001	0.997	0.001	0.001
0.001	0.997	0.001	0.001
0.001	0.001	0.001	0.997
0.100	0.001	0.898	0.001
0.728	0.001	0.130	0.141
0.080	0.001	0.001	0.918
>TTGGTYGTTC	16-TTGGTYGTTC	11.315815	-10.364316	0	T:7.0(5.34%),B:262.8(0.66%),P:1e-4	Tpos:554.7,Tstd:303.0,Bpos:468.0,Bstd:304.4,StrandBias:-1.3,Multiplicity:1.00
0.001	0.150	0.001	0.848
0.001	0.001	0.001	0.997
0.001	0.001	0.997	0.001
0.001	0.043	0.955	0.001
0.001	0.001	0.001	0.997
0.001	0.324	0.262	0.413
0.001	0.001	0.959	0.039
0.259	0.001	0.001	0.739
0.001	0.001	0.001	0.997
0.001	0.954	0.044	0.001
>GCTGGGGCCT	17-GCTGGGGCCT	12.121104	-9.893938	0	T:3.0(2.29%),B:19.8(0.05%),P:1e-4	Tpos:450.5,Tstd:194.3,Bpos:470.0,Bstd:268.1,StrandBias:-1.0,Multiplicity:2.00
0.001	0.001	0.997	0.001
0.001	0.997	0.001	0.001
0.180	0.001	0.001	0.818
0.001	0.001	0.997	0.001
0.001	0.001	0.997	0.001
0.001	0.001	0.997	0.001
0.001	0.001	0.997	0.001
0.001	0.997	0.001	0.001
0.001	0.997	0.001	0.001
0.001	0.001	0.001	0.997
>CCGCAAATCT	18-CCGCAAATCT	9.764531	-9.382430	0	T:8.0(6.11%),B:417.9(1.05%),P:1e-4	Tpos:303.4,Tstd:235.7,Bpos:491.1,Bstd:328.1,StrandBias:-1.8,Multiplicity:2.25
0.113	0.885	0.001	0.001
0.001	0.721	0.277	0.001
0.001	0.001	0.997	0.001
0.001	0.847	0.001	0.151
0.824	0.001	0.001	0.174
0.876	0.122	0.001	0.001
0.852	0.001	0.146	0.001
0.001	0.001	0.149	0.849
0.001	0.997	0.001	0.001
0.001	0.001	0.134	0.864
>CGAAAAAATG	19-CGAAAAAATG	10.471986	-8.506959	0	T:24.0(18.32%),B:3314.1(8.31%),P:1e-3	Tpos:458.4,Tstd:248.1,Bpos:499.8,Bstd:326.4,StrandBias:-0.2,Multiplicity:1.33
0.001	0.997	0.001	0.001
0.001	0.285	0.713	0.001
0.526	0.266	0.207	0.001
0.606	0.266	0.127	0.001
0.997	0.001	0.001	0.001
0.997	0.001	0.001	0.001
0.997	0.001	0.001	0.001
0.997	0.001	0.001	0.001
0.001	0.001	0.127	0.871
0.001	0.220	0.778	0.001
>AGGTAAAGAG	20-AGGTAAAGAG	8.350283	-7.078550	0	T:15.0(11.45%),B:1786.9(4.48%),P:1e-3	Tpos:613.2,Tstd:260.0,Bpos:539.4,Bstd:320.6,StrandBias:-0.2,Multiplicity:1.13
0.700	0.100	0.100	0.100
0.100	0.100	0.700	0.100
0.100	0.100	0.700	0.100
0.100	0.100	0.100	0.700
0.700	0.100	0.100	0.100
0.700	0.100	0.100	0.100
0.700	0.100	0.100	0.100
0.100	0.100	0.700	0.100
0.700	0.100	0.100	0.100
0.100	0.100	0.700	0.100
>ATACAGATCT	21-ATACAGATCT	12.028013	-6.982433	0	T:3.0(2.29%),B:55.0(0.14%),P:1e-3	Tpos:224.0,Tstd:156.3,Bpos:439.2,Bstd:336.7,StrandBias:1.0,Multiplicity:2.00
0.997	0.001	0.001	0.001
0.001	0.001	0.001	0.997
0.997	0.001	0.001	0.001
0.001	0.997	0.001	0.001
0.997	0.001	0.001	0.001
0.001	0.001	0.997	0.001
0.997	0.001	0.001	0.001
0.001	0.001	0.001	0.997
0.001	0.997	0.001	0.001
0.001	0.164	0.001	0.834
>CAAGCCGCTG	22-CAAGCCGCTG	9.483350	-5.955962	0	T:6.0(4.58%),B:411.0(1.03%),P:1e-2	Tpos:383.4,Tstd:182.1,Bpos:447.6,Bstd:324.6,StrandBias:2.9,Multiplicity:2.83
0.018	0.826	0.155	0.001
0.822	0.001	0.001	0.176
0.997	0.001	0.001	0.001
0.001	0.001	0.818	0.180
0.147	0.645	0.207	0.001
0.001	0.880	0.001	0.118
0.001	0.001	0.997	0.001
0.001	0.997	0.001	0.001
0.001	0.330	0.001	0.668
0.001	0.001	0.997	0.001
>AAGAGGCTGC	23-AAGAGGCTGC	11.094486	-5.014109	0	T:4.0(3.05%),B:222.3(0.56%),P:1e-2	Tpos:504.5,Tstd:276.4,Bpos:485.2,Bstd:322.7,StrandBias:0.0,Multiplicity:1.50
0.997	0.001	0.001	0.001
0.997	0.001	0.001	0.001
0.159	0.001	0.839	0.001
0.815	0.001	0.001	0.183
0.001	0.001	0.997	0.001
0.001	0.001	0.932	0.066
0.001	0.997	0.001	0.001
0.001	0.212	0.001	0.786
0.001	0.001	0.815	0.183
0.001	0.821	0.001	0.177
>GCAACTGGCT	24-GCAACTGGCT	10.296193	-2.664562	0	T:1.0(0.76%),B:21.1(0.05%),P:1e-1	Tpos:367.0,Tstd:181.1,Bpos:391.7,Bstd:308.7,StrandBias:-10.0,Multiplicity:4.00
0.100	0.100	0.700	0.100
0.100	0.700	0.100	0.100
0.700	0.100	0.100	0.100
0.700	0.100	0.100	0.100
0.100	0.700	0.100	0.100
0.100	0.100	0.100	0.700
0.100	0.100	0.700	0.100
0.100	0.100	0.700	0.100
0.100	0.700	0.100	0.100
0.100	0.100	0.100	0.700
>CCACCTGTTGKT	1-CCACCTGTTGKT	14.467852	-21.665263	0	T:6.0(4.58%),B:22.9(0.06%),P:1e-9	Tpos:596.0,Tstd:306.6,Bpos:432.1,Bstd:319.8,StrandBias:1.0,Multiplicity:1.00
0.001	0.997	0.001	0.001
0.001	0.997	0.001	0.001
0.997	0.001	0.001	0.001
0.001	0.997	0.001	0.001
0.001	0.587	0.411	0.001
0.001	0.372	0.001	0.626
0.001	0.001	0.997	0.001
0.001	0.001	0.001	0.997
0.001	0.001	0.001	0.997
0.001	0.001	0.997	0.001
0.001	0.001	0.457	0.541
0.001	0.001	0.001	0.997
>CAATTCTTCTTC	2-CAATTCTTCTTC	12.417980	-21.009399	0	T:13.0(9.92%),B:384.0(0.96%),P:1e-9	Tpos:681.2,Tstd:286.7,Bpos:541.0,Bstd:307.1,StrandBias:2.5,Multiplicity:1.00
0.001	0.997	0.001	0.001
0.814	0.081	0.104	0.001
0.919	0.079	0.001	0.001
0.001	0.001	0.001	0.997
0.001	0.001	0.001	0.997
0.001	0.959	0.001	0.039
0.001	0.001	0.001	0.997
0.001	0.123	0.001	0.875
0.001	0.730	0.110	0.159
0.001	0.134	0.001	0.864
0.001	0.001	0.001	0.997
0.001	0.929	0.001	0.069
>CACTCTACTGAA	3-CACTCTACTGAA	13.613981	-20.408819	0	T:6.0(4.58%),B:28.3(0.07%),P:1e-8	Tpos:476.7,Tstd:332.7,Bpos:532.5,Bstd:359.4,StrandBias:0.0,Multiplicity:1.00
0.001	0.840	0.158	0.001
0.997	0.001	0.001	0.001
0.001	0.997	0.001	0.001
0.001	0.001	0.001	0.997
0.001	0.997	0.001	0.001
0.001	0.001	0.001	0.997
0.885	0.113	0.001	0.001
0.001	0.790	0.208	0.001
0.001	0.001	0.001	0.997
0.001	0.001	0.997	0.001
0.790	0.001	0.001	0.208
0.840	0.001	0.001	0.158
>TTTTGAGTATAC	4-TTTTGAGTATAC	13.566917	-19.273762	0	T:9.0(6.87%),B:156.7(0.39%),P:1e-8	Tpos:499.2,Tstd:177.0,Bpos:476.3,Bstd:329.4,StrandBias:-0.3,Multiplicity:1.00
0.001	0.001	0.001	0.997
0.001	0.001	0.001	0.997
0.001	0.001	0.001	0.997
0.001	0.001	0.001	0.997
0.001	0.001	0.997	0.001
0.997	0.001	0.001	0.001
0.106	0.001	0.740	0.153
0.111	0.001	0.001	0.887
0.658	0.168	0.173	0.001
0.001	0.001	0.001	0.997
0.997	0.001	0.001	0.001
0.001	0.881	0.001	0.117
>TCCGCCCACTYM	5-TCCGCCCACTYM	11.829145	-18.515437	0	T:13.0(9.92%),B:476.1(1.19%),P:1e-8	Tpos:685.7,Tstd:260.8,Bpos:544.4,Bstd:332.0,StrandBias:0.6,Multiplicity:1.15
0.001	0.142	0.001	0.856
0.001	0.997	0.001	0.001
0.001	0.997	0.001	0.001
0.149	0.001	0.725	0.125
0.001	0.997	0.001	0.001
0.001	0.997	0.001	0.001
0.001	0.951	0.001	0.047
0.729	0.269	0.001	0.001
0.004	0.992	0.001	0.003
0.001	0.113	0.001	0.885
0.118	0.403	0.001	0.478
0.410	0.359	0.133	0.098
>ATAGTTTAGTGT	6-ATAGTTTAGTGT	13.454639	-17.622391	0	T:6.0(4.58%),B:47.2(0.12%),P:1e-7	Tpos:313.9,Tstd:258.4,Bpos:534.5,Bstd:328.9,StrandBias:0.7,Multiplicity:1.33
0.997	0.001	0.001	0.001
0.001	0.124	0.001	0.874
0.997	0.001	0.001	0.001
0.001	0.001	0.997	0.001
0.001	0.001	0.001	0.997
0.001	0.001	0.112	0.886
0.001	0.001	0.001	0.997
0.997	0.001	0.001	0.001
0.102	0.001	0.806	0.091
0.001	0.164	0.001	0.834
0.001	0.001	0.997	0.001
0.113	0.164	0.001	0.722
>TTGTCTTCACTT	7-TTGTCTTCACTT	11.042219	-17.591199	0	T:13.0(9.92%),B:516.2(1.29%),P:1e-7	Tpos:598.5,Tstd:301.0,Bpos:523.1,Bstd:307.5,StrandBias:1.1,Multiplicity:1.23
0.001	0.001	0.001	0.997
0.001	0.001	0.001	0.997
0.001	0.001	0.997	0.001
0.001	0.001	0.001	0.997
0.001	0.700	0.027	0.272
0.390	0.001	0.001	0.608
0.001	0.001	0.001	0.997
0.001	0.997	0.001	0.001
0.976	0.022	0.001	0.001
0.001	0.740	0.021	0.238
0.001	0.001	0.001	0.997
0.001	0.001	0.001	0.997
>AGCATGAAAAAA	8-AGCATGAAAAAA	11.919795	-17.528141	0	T:14.0(10.69%),B:620.3(1.56%),P:1e-7	Tpos:446.1,Tstd:286.1,Bpos:538.9,Bstd:327.4,StrandBias:-2.7,Multiplicity:1.07
0.997	0.001	0.001	0.001
0.001	0.001	0.997	0.001
0.031	0.734	0.124	0.111
0.997	0.001	0.001	0.001
0.074	0.116	0.103	0.707
0.001	0.133	0.865	0.001
0.997	0.001	0.001	0.001
0.997	0.001	0.001	0.001
0.997	0.001	0.001	0.001
0.997	0.001	0.001	0.001
0.837	0.001	0.161	0.001
0.878	0.001	0.001	0.120
>GAGTTTTGRGCT	9-GAGTTTTGRGCT	11.315683	-16.798365	0	T:11.0(8.40%),B:365.3(0.92%),P:1e-7	Tpos:362.4,Tstd:226.4,Bpos:482.8,Bstd:320.3,StrandBias:-0.8,Multiplicity:1.27
0.173	0.001	0.825	0.001
0.844	0.001	0.154	0.001
0.001	0.011	0.880	0.108
0.177	0.190	0.001	0.632
0.001	0.001	0.001	0.997
0.001	0.001	0.001	0.997
0.001	0.001	0.108	0.890
0.093	0.001	0.798	0.108
0.328	0.185	0.377	0.110
0.094	0.001	0.561	0.344
0.095	0.795	0.109	0.001
0.001	0.001	0.001	0.997
>TATGTACCAAGT	10-TATGTACCAAGT	14.121489	-15.926592	0	T:5.0(3.82%),B:31.7(0.08%),P:1e-6	Tpos:401.7,Tstd:187.8,Bpos:505.8,Bstd:275.8,StrandBias:1.0,Multiplicity:1.80
0.001	0.123	0.001	0.875
0.997	0.001	0.001	0.001
0.001	0.001	0.001	0.997
0.001	0.001	0.997	0.001
0.001	0.143	0.001	0.855
0.997	0.001	0.001	0.001
0.001	0.901	0.001	0.097
0.001	0.997	0.001	0.001
0.875	0.001	0.001	0.123
0.997	0.001	0.001	0.001
0.001	0.001	0.997	0.001
0.001	0.001	0.001	0.997
>TATCGTTTTTAC	11-TATCGTTTTTAC	13.519018	-15.826782	0	T:7.0(5.34%),B:111.4(0.28%),P:1e-6	Tpos:427.4,Tstd:246.7,Bpos:474.7,Bstd:303.6,StrandBias:0.4,Multiplicity:1.00
0.113	0.001	0.001	0.885
0.997	0.001	0.001	0.001
0.001	0.001	0.168	0.830
0.001	0.997	0.001	0.001
0.001	0.001	0.997	0.001
0.089	0.001	0.001	0.909
0.001	0.001	0.001	0.997
0.001	0.001	0.001	0.997
0.001	0.001	0.195	0.803
0.001	0.001	0.001	0.997
0.889	0.001	0.109	0.001
0.001	0.772	0.130	0.097
>ATAGAACATMAC	12-ATAGAACATMAC	13.276944	-15.380094	0	T:5.0(3.82%),B:35.9(0.09%),P:1e-6	Tpos:557.5,Tstd:262.3,Bpos:521.0,Bstd:239.8,StrandBias:-1.0,Multiplicity:1.20
0.997	0.001	0.001	0.001
0.001	0.001	0.001	0.997
0.997	0.001	0.001	0.001
0.001	0.001	0.997	0.001
0.997	0.001	0.001	0.001
0.581	0.001	0.390	0.028
0.001	0.732	0.266	0.001
0.609	0.001	0.001	0.389
0.266	0.001	0.001	0.732
0.437	0.561	0.001	0.001
0.997	0.001	0.001	0.001
0.001	0.997	0.001	0.001
>TAGATTTKCGGA	13-TAGATTTKCGGA	12.548668	-14.989961	0	T:8.0(6.11%),B:189.8(0.48%),P:1e-6	Tpos:554.6,Tstd:236.5,Bpos:482.2,Bstd:327.6,StrandBias:1.6,Multiplicity:1.00
0.001	0.086	0.141	0.772
0.892	0.001	0.106	0.001
0.089	0.089	0.736	0.086
0.827	0.171	0.001	0.001
0.001	0.195	0.001	0.803
0.001	0.001	0.001	0.997
0.001	0.001	0.001	0.997
0.034	0.001	0.509	0.456
0.001	0.997	0.001	0.001
0.001	0.001	0.997	0.001
0.001	0.001	0.997	0.001
0.997	0.001	0.001	0.001
>AGATGAAGCCGC	14-AGATGAAGCCGC	12.631772	-14.339689	0	T:5.0(3.82%),B:44.1(0.11%),P:1e-6	Tpos:305.0,Tstd:175.7,Bpos:548.4,Bstd:353.6,StrandBias:0.7,Multiplicity:1.60
0.997	0.001	0.001	0.001
0.001	0.001	0.864	0.134
0.997	0.001	0.001	0.001
0.230	0.001	0.001	0.768
0.001	0.001	0.997	0.001
0.997	0.001	0.001	0.001
0.575	0.001	0.135	0.289
0.001	0.001	0.997	0.001
0.001	0.805	0.193	0.001
0.001	0.845	0.153	0.001
0.001	0.001	0.997	0.001
0.001	0.997	0.001	0.001
>TAGGTCACAGAA	15-TAGGTCACAGAA	10.540698	-11.737917	0	T:9.0(6.87%),B:395.1(0.99%),P:1e-5	Tpos:398.7,Tstd:265.0,Bpos:494.8,Bstd:312.1,StrandBias:-0.7,Multiplicity:1.44
0.121	0.142	0.001	0.736
0.745	0.121	0.133	0.001
0.161	0.001	0.717	0.121
0.001	0.120	0.878	0.001
0.001	0.175	0.001	0.823
0.001	0.823	0.175	0.001
0.878	0.001	0.120	0.001
0.001	0.844	0.001	0.154
0.997	0.001	0.001	0.001
0.275	0.001	0.603	0.121
0.997	0.001	0.001	0.001
0.997	0.001	0.001	0.001
>AGCTCAAGACGC	16-AGCTCAAGACGC	15.212179	-11.450913	0	T:2.0(1.53%),B:0.8(0.00%),P:1e-4	Tpos:453.8,Tstd:188.1,Bpos:407.0,Bstd:0.0,StrandBias:10.0,Multiplicity:2.50
0.997	0.001	0.001	0.001
0.001	0.001	0.997	0.001
0.001	0.997	0.001	0.001
0.001	0.001	0.001	0.997
0.001	0.997	0.001	0.001
0.997	0.001	0.001	0.001
0.997	0.001	0.001	0.001
0.001	0.249	0.749	0.001
0.997	0.001	0.001	0.001
0.001	0.997	0.001	0.001
0.001	0.001	0.997	0.001
0.001	0.997	0.001	0.001
>GATACAGATCTA	17-GATACAGATCTA	15.212179	-11.450913	0	T:2.0(1.53%),B:0.0(0.00%),P:1e-4	Tpos:243.2,Tstd:164.7,Bpos:0.0,Bstd:0.0,StrandBias:2.0,Multiplicity:2.50
0.001	0.001	0.749	0.249
0.997	0.001	0.001	0.001
0.001	0.001	0.001	0.997
0.997	0.001	0.001	0.001
0.001	0.997	0.001	0.001
0.997	0.001	0.001	0.001
0.001	0.001	0.997	0.001
0.997	0.001	0.001	0.001
0.001	0.001	0.001	0.997
0.001	0.997	0.001	0.001
0.001	0.001	0.001	0.997
0.997	0.001	0.001	0.001
>CTCAAGTTTCAG	18-CTCAAGTTTCAG	13.081682	-10.087806	0	T:7.0(5.34%),B:274.8(0.69%),P:1e-4	Tpos:519.0,Tstd:279.0,Bpos:511.5,Bstd:345.4,StrandBias:1.6,Multiplicity:1.71
0.001	0.907	0.001	0.091
0.136	0.001	0.001	0.862
0.001	0.848	0.001	0.150
0.997	0.001	0.001	0.001
0.997	0.001	0.001	0.001
0.063	0.001	0.826	0.110
0.199	0.001	0.001	0.799
0.001	0.001	0.001	0.997
0.001	0.001	0.001	0.997
0.001	0.873	0.001	0.125
0.997	0.001	0.001	0.001
0.001	0.001	0.997	0.001
>CCTATTGAGCAA	19-CCTATTGAGCAA	12.401647	-9.379792	0	T:3.0(2.29%),B:23.9(0.06%),P:1e-4	Tpos:423.7,Tstd:259.2,Bpos:391.4,Bstd:324.9,StrandBias:-1.0,Multiplicity:1.00
0.001	0.997	0.001	0.001
0.001	0.997	0.001	0.001
0.147	0.001	0.001	0.851
0.883	0.001	0.115	0.001
0.001	0.001	0.001	0.997
0.117	0.001	0.001	0.881
0.001	0.001	0.997	0.001
0.997	0.001	0.001	0.001
0.001	0.001	0.997	0.001
0.001	0.997	0.001	0.001
0.997	0.001	0.001	0.001
0.997	0.001	0.001	0.001
>GCYGCCGAACAA	20-GCYGCCGAACAA	10.537291	-8.966479	0	T:6.0(4.58%),B:228.9(0.57%),P:1e-3	Tpos:420.8,Tstd:233.4,Bpos:451.1,Bstd:311.6,StrandBias:2.5,Multiplicity:2.17
0.001	0.001	0.997	0.001
0.001	0.997	0.001	0.001
0.001	0.563	0.001	0.435
0.308	0.001	0.690	0.001
0.001	0.761	0.001	0.237
0.001	0.655	0.001	0.343
0.144	0.001	0.854	0.001
0.997	0.001	0.001	0.001
0.817	0.001	0.181	0.001
0.001	0.997	0.001	0.001
0.672	0.326	0.001	0.001
0.997	0.001	0.001	0.001
>GCTGCTCCAGCT	21-GCTGCTCCAGCT	12.943961	-8.803197	0	T:4.0(3.05%),B:77.8(0.20%),P:1e-3	Tpos:384.0,Tstd:254.4,Bpos:400.9,Bstd:289.7,StrandBias:2.6,Multiplicity:1.75
0.353	0.001	0.645	0.001
0.359	0.639	0.001	0.001
0.001	0.001	0.001	0.997
0.001	0.001	0.997	0.001
0.001	0.997	0.001	0.001
0.001	0.001	0.001	0.997
0.001	0.997	0.001	0.001
0.171	0.827	0.001	0.001
0.997	0.001	0.001	0.001
0.001	0.001	0.645	0.353
0.001	0.997	0.001	0.001
0.001	0.001	0.001	0.997
>AGAGKCTGCCCC	22-AGAGKCTGCCCC	15.545496	-5.721637	0	T:1.0(0.76%),B:0.0(0.00%),P:1e-2	Tpos:288.4,Tstd:177.8,Bpos:0.0,Bstd:0.0,StrandBias:10.0,Multiplicity:5.00
0.997	0.001	0.001	0.001
0.001	0.001	0.997	0.001
0.997	0.001	0.001	0.001
0.001	0.001	0.997	0.001
0.001	0.001	0.499	0.499
0.001	0.997	0.001	0.001
0.001	0.166	0.001	0.832
0.001	0.001	0.997	0.001
0.001	0.832	0.001	0.166
0.001	0.997	0.001	0.001
0.001	0.997	0.001	0.001
0.001	0.997	0.001	0.001
>CGATGTAAATTC	23-CGATGTAAATTC	12.355432	-5.030116	0	T:1.0(0.76%),B:1.3(0.00%),P:1e-2	Tpos:627.3,Tstd:107.4,Bpos:673.0,Bstd:110.9,StrandBias:-10.0,Multiplicity:3.00
0.100	0.700	0.100	0.100
0.100	0.100	0.700	0.100
0.700	0.100	0.100	0.100
0.100	0.100	0.100	0.700
0.100	0.100	0.700	0.100
0.100	0.100	0.100	0.700
0.700	0.100	0.100	0.100
0.700	0.100	0.100	0.100
0.700	0.100	0.100	0.100
0.100	0.100	0.100	0.700
0.100	0.100	0.100	0.700
0.100	0.700	0.100	0.100
>TTTGTAGTCCTC	24-TTTGTAGTCCTC	16.229968	-4.340219	0	T:1.0(0.76%),B:3.4(0.01%),P:1e-1	Tpos:545.0,Tstd:144.4,Bpos:447.6,Bstd:146.6,StrandBias:1.0,Multiplicity:3.00
0.001	0.001	0.001	0.997
0.001	0.001	0.001	0.997
0.001	0.001	0.001	0.997
0.001	0.001	0.997	0.001
0.001	0.001	0.001	0.997
0.997	0.001	0.001	0.001
0.001	0.001	0.997	0.001
0.001	0.001	0.001	0.997
0.001	0.997	0.001	0.001
0.001	0.997	0.001	0.001
0.001	0.001	0.309	0.689
0.001	0.997	0.001	0.001
>KTCCGTAAATCT	25-KTCCGTAAATCT	15.639900	-2.914338	0	T:1.0(0.76%),B:16.1(0.04%),P:1e-1	Tpos:156.8,Tstd:64.9,Bpos:503.8,Bstd:287.8,StrandBias:-10.0,Multiplicity:4.00
0.200	0.001	0.343	0.456
0.001	0.001	0.001	0.997
0.001	0.835	0.001	0.163
0.001	0.997	0.001	0.001
0.001	0.001	0.997	0.001
0.001	0.001	0.001	0.997
0.997	0.001	0.001	0.001
0.997	0.001	0.001	0.001
0.997	0.001	0.001	0.001
0.001	0.001	0.001	0.997
0.001	0.997	0.001	0.001
0.001	0.001	0.001	0.997
>CGCGCACT	1-CGCGCACT	6.851303	-14.429502	0	T:33.0(25.19%),B:3993.4(10.01%),P:1e-6	Tpos:600.6,Tstd:255.8,Bpos:553.0,Bstd:329.0,StrandBias:0.9,Multiplicity:1.24
0.001	0.931	0.034	0.034
0.001	0.021	0.977	0.001
0.027	0.945	0.027	0.001
0.024	0.153	0.822	0.001
0.018	0.917	0.038	0.027
0.881	0.057	0.001	0.061
0.061	0.798	0.022	0.119
0.001	0.103	0.132	0.764
>GTCAGTTA	2-GTCAGTTA	7.566646	-13.377206	0	T:34.0(25.95%),B:4394.3(11.02%),P:1e-5	Tpos:591.3,Tstd:258.4,Bpos:507.0,Bstd:312.7,StrandBias:-0.6,Multiplicity:1.26
0.001	0.001	0.997	0.001
0.001	0.001	0.001	0.997
0.001	0.997	0.001	0.001
0.887	0.111	0.001	0.001
0.001	0.001	0.997	0.001
0.001	0.001	0.001	0.997
0.001	0.001	0.125	0.873
0.728	0.001	0.001	0.270
>CGTKGTAC	3-CGTKGTAC	7.741863	-9.969080	0	T:18.0(13.74%),B:1873.1(4.70%),P:1e-4	Tpos:504.6,Tstd:269.0,Bpos:494.0,Bstd:318.2,StrandBias:0.4,Multiplicity:1.28
0.001	0.997	0.001	0.001
0.001	0.001	0.826	0.172
0.001	0.220	0.014	0.765
0.144	0.132	0.418	0.305
0.001	0.001	0.997	0.001
0.001	0.001	0.157	0.841
0.855	0.143	0.001	0.001
0.001	0.997	0.001	0.001
>TGCGGCTG	4-TGCGGCTG	8.236954	-9.196960	0	T:7.0(5.34%),B:317.6(0.80%),P:1e-3	Tpos:652.9,Tstd:181.6,Bpos:487.3,Bstd:332.9,StrandBias:-1.6,Multiplicity:1.14
0.100	0.100	0.100	0.700
0.100	0.100	0.700	0.100
0.100	0.700	0.100	0.100
0.100	0.100	0.700	0.100
0.100	0.100	0.700	0.100
0.100	0.700	0.100	0.100
0.100	0.100	0.100	0.700
0.100	0.100	0.700	0.100
>GTAGTCCT	5-GTAGTCCT	9.513425	-8.631299	0	T:10.0(7.63%),B:734.8(1.84%),P:1e-3	Tpos:551.0,Tstd:181.7,Bpos:518.3,Bstd:313.0,StrandBias:1.0,Multiplicity:1.20
0.001	0.001	0.787	0.211
0.001	0.001	0.001	0.997
0.997	0.001	0.001	0.001
0.001	0.001	0.997	0.001
0.001	0.001	0.001	0.997
0.001	0.997	0.001	0.001
0.001	0.997	0.001	0.001
0.001	0.001	0.001	0.997
>CTATTGAT	6-CTATTGAT	9.326353	-8.517338	0	T:25.0(19.08%),B:3524.9(8.84%),P:1e-3	Tpos:499.5,Tstd:286.5,Bpos:503.1,Bstd:320.0,StrandBias:1.1,Multiplicity:1.24
0.001	0.997	0.001	0.001
0.001	0.192	0.175	0.632
0.997	0.001	0.001	0.001
0.001	0.001	0.001	0.997
0.001	0.001	0.001	0.997
0.001	0.001	0.997	0.001
0.997	0.001	0.001	0.001
0.001	0.001	0.001	0.997
>ATTTACGG	7-ATTTACGG	8.241609	-5.519694	0	T:21.0(16.03%),B:3420.5(8.58%),P:1e-2	Tpos:405.5,Tstd:277.1,Bpos:505.1,Bstd:315.2,StrandBias:1.5,Multiplicity:1.48
0.997	0.001	0.001	0.001
0.001	0.031	0.001	0.967
0.001	0.001	0.080	0.918
0.001	0.001	0.001	0.997
0.997	0.001	0.001	0.001
0.001	0.760	0.001	0.238
0.001	0.001	0.997	0.001
0.001	0.001	0.997	0.001
