>CTGCCCGG	1-CTGCCCGG	7.372504	-17.646434	0	T:29.0(13.12%),B:1413.2(3.95%),P:1e-7	Tpos:447.5,Tstd:242.8,Bpos:490.5,Bstd:366.0,StrandBias:-0.1,Multiplicity:1.11
0.175	0.760	0.052	0.013
0.141	0.047	0.027	0.785
0.023	0.010	0.948	0.019
0.001	0.997	0.001	0.001
0.001	0.879	0.017	0.103
0.044	0.807	0.139	0.010
0.001	0.098	0.900	0.001
0.001	0.012	0.986	0.001
>SCKAAAAA	2-SCKAAAAA	9.564568	-12.882516	0	T:106.0(47.96%),B:11774.0(32.88%),P:1e-5	Tpos:541.8,Tstd:285.7,Bpos:515.6,Bstd:392.7,StrandBias:-0.0,Multiplicity:1.73
0.001	0.473	0.525	0.001
0.001	0.964	0.034	0.001
0.001	0.020	0.488	0.491
0.996	0.001	0.002	0.001
0.997	0.001	0.001	0.001
0.997	0.001	0.001	0.001
0.997	0.001	0.001	0.001
0.984	0.014	0.001	0.001
>CGCGGGTT	3-CGCGGGTT	6.391041	-12.594618	0	T:54.0(24.43%),B:4664.7(13.02%),P:1e-5	Tpos:487.9,Tstd:316.1,Bpos:533.6,Bstd:370.1,StrandBias:-0.1,Multiplicity:1.24
0.037	0.920	0.042	0.001
0.001	0.001	0.997	0.001
0.045	0.903	0.051	0.001
0.001	0.031	0.894	0.074
0.219	0.001	0.668	0.112
0.025	0.001	0.900	0.074
0.001	0.001	0.145	0.853
0.001	0.001	0.141	0.857
>TTTTCCCC	4-TTTTCCCC	6.892482	-12.534556	0	T:154.0(69.68%),B:19566.0(54.63%),P:1e-5	Tpos:567.7,Tstd:287.1,Bpos:526.3,Bstd:387.7,StrandBias:1.5,Multiplicity:2.03
0.078	0.001	0.001	0.920
0.001	0.001	0.001	0.997
0.001	0.001	0.001	0.997
0.001	0.136	0.001	0.862
0.084	0.763	0.001	0.152
0.001	0.859	0.001	0.139
0.001	0.997	0.001	0.001
0.001	0.905	0.093	0.001
>ATTTATCG	5-ATTTATCG	7.904958	-11.915902	0	T:70.0(31.67%),B:6857.7(19.15%),P:1e-5	Tpos:553.2,Tstd:299.1,Bpos:509.8,Bstd:365.2,StrandBias:0.3,Multiplicity:1.19
0.838	0.001	0.160	0.001
0.001	0.001	0.001	0.997
0.069	0.001	0.001	0.929
0.001	0.001	0.095	0.903
0.854	0.144	0.001	0.001
0.001	0.001	0.062	0.936
0.001	0.997	0.001	0.001
0.001	0.001	0.997	0.001
>CGATTTTT	6-CGATTTTT	10.303625	-11.651335	0	T:97.0(43.89%),B:10726.1(29.95%),P:1e-5	Tpos:531.5,Tstd:287.4,Bpos:516.1,Bstd:426.6,StrandBias:0.3,Multiplicity:1.96
0.001	0.838	0.160	0.001
0.001	0.160	0.838	0.001
0.997	0.001	0.001	0.001
0.173	0.001	0.001	0.825
0.083	0.066	0.001	0.850
0.001	0.001	0.001	0.997
0.001	0.001	0.001	0.997
0.065	0.001	0.001	0.933
>CGAAAATC	7-CGAAAATC	8.143311	-9.682894	0	T:70.0(31.67%),B:7326.6(20.46%),P:1e-4	Tpos:520.0,Tstd:309.6,Bpos:504.7,Bstd:397.5,StrandBias:-0.5,Multiplicity:1.19
0.011	0.869	0.031	0.089
0.129	0.002	0.517	0.352
0.716	0.021	0.262	0.001
0.997	0.001	0.001	0.001
0.724	0.144	0.089	0.043
0.798	0.011	0.015	0.176
0.001	0.011	0.063	0.925
0.001	0.837	0.161	0.001
>CGCCSCGR	8-CGCCSCGR	7.044379	-9.034099	0	T:41.0(18.55%),B:3635.8(10.15%),P:1e-3	Tpos:528.6,Tstd:290.0,Bpos:533.1,Bstd:389.2,StrandBias:-0.1,Multiplicity:1.25
0.001	0.804	0.001	0.194
0.154	0.058	0.787	0.001
0.001	0.971	0.001	0.027
0.065	0.548	0.139	0.248
0.162	0.354	0.483	0.001
0.001	0.997	0.001	0.001
0.001	0.018	0.958	0.023
0.444	0.001	0.447	0.108
>AGGYRAAA	9-AGGYRAAA	7.788646	-8.659315	0	T:76.0(34.39%),B:8418.5(23.51%),P:1e-3	Tpos:471.8,Tstd:302.4,Bpos:517.8,Bstd:359.1,StrandBias:-0.3,Multiplicity:1.43
0.992	0.006	0.001	0.001
0.001	0.001	0.997	0.001
0.001	0.001	0.997	0.001
0.158	0.465	0.001	0.376
0.489	0.020	0.490	0.001
0.812	0.001	0.143	0.044
0.832	0.087	0.001	0.080
0.553	0.001	0.300	0.146
>GAKTACCG	10-GAKTACCG	6.681904	-8.501035	0	T:86.0(38.91%),B:9911.2(27.67%),P:1e-3	Tpos:487.6,Tstd:257.4,Bpos:507.0,Bstd:347.1,StrandBias:-0.4,Multiplicity:1.58
0.001	0.001	0.997	0.001
0.635	0.001	0.363	0.001
0.001	0.001	0.427	0.571
0.001	0.135	0.001	0.863
0.731	0.001	0.001	0.267
0.052	0.946	0.001	0.001
0.001	0.594	0.237	0.168
0.095	0.001	0.903	0.001
>AGAAAAAC	11-AGAAAAAC	8.902873	-8.074292	0	T:107.0(48.42%),B:13209.7(36.88%),P:1e-3	Tpos:495.2,Tstd:290.5,Bpos:518.9,Bstd:365.6,StrandBias:-0.5,Multiplicity:1.50
0.997	0.001	0.001	0.001
0.001	0.001	0.997	0.001
0.997	0.001	0.001	0.001
0.997	0.001	0.001	0.001
0.997	0.001	0.001	0.001
0.838	0.001	0.001	0.160
0.714	0.001	0.001	0.284
0.001	0.997	0.001	0.001
>TAAAATTC	12-TAAAATTC	9.086594	-7.405396	0	T:130.0(58.82%),B:17083.1(47.70%),P:1e-3	Tpos:480.7,Tstd:296.6,Bpos:511.4,Bstd:374.1,StrandBias:0.2,Multiplicity:1.84
0.001	0.001	0.374	0.624
0.997	0.001	0.001	0.001
0.997	0.001	0.001	0.001
0.997	0.001	0.001	0.001
0.778	0.001	0.001	0.220
0.001	0.001	0.001	0.997
0.001	0.001	0.001	0.997
0.001	0.997	0.001	0.001
>GGATTTTT	13-GGATTTTT	8.888650	-5.130069	0	T:152.0(68.78%),B:21612.9(60.35%),P:1e-2	Tpos:505.5,Tstd:288.8,Bpos:511.4,Bstd:379.9,StrandBias:0.3,Multiplicity:2.37
0.001	0.001	0.730	0.268
0.001	0.199	0.799	0.001
0.877	0.001	0.001	0.121
0.001	0.001	0.061	0.937
0.001	0.001	0.001	0.997
0.001	0.001	0.001	0.997
0.063	0.001	0.001	0.935
0.001	0.001	0.001	0.997
>ACGKGVCM	14-ACGKGVCM	4.784753	-4.906218	0	T:30.0(13.57%),B:3036.3(8.48%),P:1e-2	Tpos:456.9,Tstd:240.2,Bpos:524.2,Bstd:364.2,StrandBias:0.6,Multiplicity:1.73
0.444	0.011	0.272	0.273
0.011	0.983	0.005	0.001
0.136	0.304	0.517	0.043
0.153	0.202	0.258	0.387
0.271	0.005	0.526	0.198
0.309	0.278	0.380	0.033
0.229	0.473	0.252	0.046
0.272	0.354	0.182	0.191
>RAAATTCG	15-RAAATTCG	9.036123	-4.093196	0	T:36.0(16.29%),B:4054.8(11.32%),P:1e-1	Tpos:432.7,Tstd:307.5,Bpos:509.2,Bstd:395.7,StrandBias:0.0,Multiplicity:1.27
0.385	0.001	0.489	0.125
0.830	0.001	0.168	0.001
0.848	0.067	0.084	0.001
0.754	0.001	0.001	0.244
0.198	0.102	0.001	0.699
0.001	0.124	0.001	0.874
0.001	0.997	0.001	0.001
0.001	0.187	0.811	0.001
