>ACCGGACGACCG	21-ACCGGACGACCG	7.469058	-7.321962	0	T:13.0(9.92%),B:1376.0(3.45%),P:1e-3
0.679	0.054	0.047	0.220
0.054	0.843	0.047	0.056
0.101	0.686	0.054	0.159
0.091	0.006	0.751	0.152
0.047	0.080	0.839	0.034
0.839	0.047	0.001	0.113
0.080	0.706	0.107	0.107
0.073	0.227	0.699	0.001
0.808	0.132	0.001	0.059
0.107	0.802	0.001	0.090
0.001	0.629	0.211	0.159
0.102	0.092	0.728	0.078
