>ATTAAACTTCGA	1-ATTAAACTTCGA	13.364522	-27.951716	0	T:9.0(9.47%),B:80.0(0.20%),P:1e-12	Tpos:433.8,Tstd:284.7,Bpos:484.4,Bstd:237.3,StrandBias:-1.0,Multiplicity:1.00
0.997	0.001	0.001	0.001
0.001	0.001	0.001	0.997
0.088	0.085	0.001	0.826
0.997	0.001	0.001	0.001
0.895	0.001	0.001	0.103
0.888	0.001	0.001	0.110
0.001	0.997	0.001	0.001
0.001	0.001	0.001	0.997
0.001	0.001	0.114	0.884
0.110	0.888	0.001	0.001
0.001	0.001	0.997	0.001
0.729	0.163	0.107	0.001
>CTATTGCATCAG	2-CTATTGCATCAG	14.368543	-22.444455	0	T:5.0(5.26%),B:10.8(0.03%),P:1e-9	Tpos:473.4,Tstd:202.3,Bpos:450.9,Bstd:324.3,StrandBias:2.0,Multiplicity:1.00
0.001	0.997	0.001	0.001
0.183	0.001	0.198	0.618
0.997	0.001	0.001	0.001
0.001	0.001	0.001	0.997
0.001	0.001	0.001	0.997
0.001	0.001	0.997	0.001
0.001	0.997	0.001	0.001
0.776	0.001	0.001	0.222
0.001	0.001	0.001	0.997
0.001	0.776	0.222	0.001
0.997	0.001	0.001	0.001
0.001	0.001	0.997	0.001
>YAGGTAGCTACT	3-YAGGTAGCTACT	10.142419	-22.212632	0	T:7.0(7.37%),B:60.3(0.15%),P:1e-9	Tpos:486.3,Tstd:268.6,Bpos:594.0,Bstd:315.8,StrandBias:1.3,Multiplicity:1.00
0.001	0.551	0.001	0.447
0.997	0.001	0.001	0.001
0.001	0.001	0.980	0.018
0.001	0.001	0.997	0.001
0.016	0.001	0.377	0.606
0.621	0.001	0.001	0.377
0.001	0.001	0.997	0.001
0.019	0.708	0.001	0.272
0.001	0.001	0.001	0.997
0.997	0.001	0.001	0.001
0.001	0.997	0.001	0.001
0.001	0.001	0.279	0.719
>AATTAATCAATT	4-AATTAATCAATT	12.783030	-21.761301	0	T:16.0(16.84%),B:897.5(2.20%),P:1e-9	Tpos:650.6,Tstd:319.6,Bpos:510.0,Bstd:319.7,StrandBias:0.5,Multiplicity:1.00
0.997	0.001	0.001	0.001
0.911	0.001	0.001	0.087
0.064	0.001	0.001	0.934
0.001	0.001	0.001	0.997
0.943	0.001	0.001	0.055
0.941	0.001	0.001	0.057
0.049	0.001	0.001	0.949
0.060	0.690	0.086	0.164
0.896	0.001	0.102	0.001
0.997	0.001	0.001	0.001
0.084	0.001	0.001	0.914
0.091	0.001	0.001	0.907
>GCTTATTTTGAT	5-GCTTATTTTGAT	11.801644	-20.044968	0	T:9.0(9.47%),B:205.2(0.50%),P:1e-8	Tpos:507.2,Tstd:331.9,Bpos:492.8,Bstd:325.6,StrandBias:-0.6,Multiplicity:1.11
0.001	0.001	0.997	0.001
0.087	0.836	0.001	0.076
0.095	0.001	0.001	0.903
0.001	0.001	0.001	0.997
0.928	0.001	0.001	0.070
0.001	0.147	0.001	0.851
0.001	0.168	0.001	0.830
0.001	0.139	0.001	0.859
0.001	0.001	0.001	0.997
0.096	0.001	0.902	0.001
0.997	0.001	0.001	0.001
0.001	0.001	0.001	0.997
>CGTGAGGAGGCT	6-CGTGAGGAGGCT	15.013505	-19.497827	0	T:4.0(4.21%),B:5.0(0.01%),P:1e-8	Tpos:134.0,Tstd:49.7,Bpos:511.7,Bstd:350.7,StrandBias:0.0,Multiplicity:1.00
0.001	0.997	0.001	0.001
0.001	0.001	0.997	0.001
0.001	0.001	0.319	0.679
0.001	0.001	0.997	0.001
0.638	0.360	0.001	0.001
0.001	0.001	0.997	0.001
0.001	0.001	0.997	0.001
0.997	0.001	0.001	0.001
0.001	0.001	0.997	0.001
0.001	0.001	0.997	0.001
0.001	0.997	0.001	0.001
0.001	0.001	0.001	0.997
>TCTGAAAATAAT	7-TCTGAAAATAAT	11.504864	-19.488277	0	T:18.0(18.95%),B:1383.3(3.39%),P:1e-8	Tpos:565.6,Tstd:310.5,Bpos:518.8,Bstd:322.8,StrandBias:0.7,Multiplicity:1.00
0.001	0.001	0.001	0.997
0.097	0.901	0.001	0.001
0.010	0.089	0.001	0.900
0.166	0.098	0.735	0.001
0.864	0.001	0.001	0.134
0.831	0.001	0.001	0.167
0.867	0.001	0.001	0.131
0.930	0.001	0.001	0.068
0.001	0.001	0.001	0.997
0.880	0.118	0.001	0.001
0.911	0.001	0.001	0.087
0.001	0.001	0.001	0.997
>CACACTCCAATA	8-CACACTCCAATA	14.180593	-18.792681	0	T:5.0(5.26%),B:24.5(0.06%),P:1e-8	Tpos:413.0,Tstd:202.5,Bpos:571.2,Bstd:330.1,StrandBias:2.0,Multiplicity:1.00
0.001	0.997	0.001	0.001
0.997	0.001	0.001	0.001
0.001	0.997	0.001	0.001
0.997	0.001	0.001	0.001
0.001	0.748	0.250	0.001
0.001	0.001	0.001	0.997
0.001	0.997	0.001	0.001
0.001	0.997	0.001	0.001
0.997	0.001	0.001	0.001
0.997	0.001	0.001	0.001
0.152	0.001	0.206	0.641
0.814	0.184	0.001	0.001
>ATTTAGAGTGAA	9-ATTTAGAGTGAA	12.030884	-18.360340	0	T:10.0(10.53%),B:343.5(0.84%),P:1e-7	Tpos:529.2,Tstd:284.4,Bpos:492.7,Bstd:324.3,StrandBias:0.2,Multiplicity:1.30
0.611	0.001	0.001	0.387
0.001	0.001	0.001	0.997
0.001	0.001	0.334	0.664
0.001	0.001	0.001	0.997
0.997	0.001	0.001	0.001
0.001	0.192	0.806	0.001
0.997	0.001	0.001	0.001
0.001	0.001	0.773	0.225
0.001	0.001	0.420	0.578
0.127	0.205	0.667	0.001
0.778	0.220	0.001	0.001
0.997	0.001	0.001	0.001
>CCAGATTCAAAC	10-CCAGATTCAAAC	14.236243	-18.247933	0	T:6.0(6.32%),B:62.0(0.15%),P:1e-7	Tpos:291.0,Tstd:156.8,Bpos:469.3,Bstd:310.8,StrandBias:0.0,Multiplicity:1.00
0.001	0.997	0.001	0.001
0.001	0.997	0.001	0.001
0.997	0.001	0.001	0.001
0.001	0.001	0.744	0.254
0.997	0.001	0.001	0.001
0.001	0.001	0.001	0.997
0.001	0.001	0.001	0.997
0.001	0.674	0.001	0.324
0.997	0.001	0.001	0.001
0.997	0.001	0.001	0.001
0.997	0.001	0.001	0.001
0.186	0.812	0.001	0.001
>ATACTAAAATGT	11-ATACTAAAATGT	13.515875	-17.959699	0	T:9.0(9.47%),B:263.1(0.64%),P:1e-7	Tpos:461.1,Tstd:295.9,Bpos:454.5,Bstd:297.5,StrandBias:-0.3,Multiplicity:1.00
0.851	0.001	0.001	0.147
0.109	0.001	0.001	0.889
0.873	0.001	0.001	0.125
0.001	0.997	0.001	0.001
0.090	0.001	0.136	0.773
0.997	0.001	0.001	0.001
0.997	0.001	0.001	0.001
0.997	0.001	0.001	0.001
0.997	0.001	0.001	0.001
0.001	0.001	0.001	0.997
0.001	0.001	0.886	0.112
0.144	0.001	0.001	0.854
>AAGTAAACTGAA	12-AAGTAAACTGAA	11.350562	-17.156128	0	T:17.0(17.89%),B:1427.2(3.50%),P:1e-7	Tpos:481.8,Tstd:255.5,Bpos:520.7,Bstd:308.0,StrandBias:0.3,Multiplicity:1.18
0.621	0.239	0.001	0.139
0.718	0.001	0.149	0.132
0.149	0.207	0.643	0.001
0.215	0.093	0.001	0.691
0.997	0.001	0.001	0.001
0.939	0.001	0.001	0.059
0.995	0.001	0.001	0.003
0.003	0.727	0.119	0.151
0.001	0.001	0.129	0.869
0.046	0.001	0.952	0.001
0.997	0.001	0.001	0.001
0.869	0.001	0.129	0.001
>GAGTTTCCAAAT	13-GAGTTTCCAAAT	13.255761	-17.060056	0	T:8.0(8.42%),B:205.8(0.50%),P:1e-7	Tpos:465.8,Tstd:285.8,Bpos:486.4,Bstd:257.3,StrandBias:-0.3,Multiplicity:1.12
0.094	0.101	0.804	0.001
0.878	0.001	0.120	0.001
0.001	0.001	0.997	0.001
0.001	0.155	0.001	0.843
0.229	0.001	0.001	0.769
0.001	0.001	0.001	0.997
0.001	0.997	0.001	0.001
0.076	0.826	0.097	0.001
0.997	0.001	0.001	0.001
0.997	0.001	0.001	0.001
0.997	0.001	0.001	0.001
0.001	0.001	0.001	0.997
>CAAAAATTAAAA	14-CAAAAATTAAAA	13.042206	-16.590091	0	T:14.0(14.74%),B:965.1(2.36%),P:1e-7	Tpos:523.7,Tstd:153.1,Bpos:498.6,Bstd:299.3,StrandBias:-0.4,Multiplicity:1.00
0.001	0.997	0.001	0.001
0.912	0.086	0.001	0.001
0.884	0.114	0.001	0.001
0.997	0.001	0.001	0.001
0.997	0.001	0.001	0.001
0.876	0.001	0.122	0.001
0.001	0.001	0.001	0.997
0.001	0.044	0.001	0.954
0.997	0.001	0.001	0.001
0.904	0.094	0.001	0.001
0.997	0.001	0.001	0.001
0.997	0.001	0.001	0.001
>GTTGGTGGTGGA	15-GTTGGTGGTGGA	9.532301	-16.332043	0	T:9.0(9.47%),B:320.5(0.79%),P:1e-7	Tpos:559.0,Tstd:348.3,Bpos:484.7,Bstd:331.4,StrandBias:-3.3,Multiplicity:1.22
0.304	0.001	0.658	0.037
0.001	0.001	0.001	0.997
0.001	0.019	0.001	0.979
0.001	0.001	0.677	0.321
0.001	0.001	0.997	0.001
0.001	0.314	0.020	0.665
0.001	0.020	0.656	0.323
0.001	0.001	0.997	0.001
0.001	0.001	0.001	0.997
0.001	0.001	0.997	0.001
0.001	0.001	0.997	0.001
0.997	0.001	0.001	0.001
>AACTGGAAGTGG	16-AACTGGAAGTGG	10.615698	-15.609198	0	T:10.0(10.53%),B:464.8(1.14%),P:1e-6	Tpos:493.2,Tstd:294.0,Bpos:509.6,Bstd:319.9,StrandBias:-0.3,Multiplicity:1.00
0.881	0.001	0.001	0.117
0.997	0.001	0.001	0.001
0.014	0.859	0.114	0.013
0.114	0.001	0.129	0.756
0.011	0.001	0.987	0.001
0.223	0.001	0.669	0.107
0.831	0.001	0.001	0.167
0.831	0.167	0.001	0.001
0.001	0.203	0.771	0.025
0.025	0.137	0.001	0.837
0.114	0.001	0.778	0.107
0.129	0.001	0.743	0.127
>GTAAAAAWTKGG	17-GTAAAAAWTKGG	12.275521	-10.284971	0	T:7.0(7.37%),B:379.8(0.93%),P:1e-4	Tpos:418.0,Tstd:286.8,Bpos:528.2,Bstd:318.8,StrandBias:-1.9,Multiplicity:2.00
0.001	0.001	0.997	0.001
0.001	0.001	0.001	0.997
0.723	0.001	0.275	0.001
0.838	0.001	0.160	0.001
0.997	0.001	0.001	0.001
0.997	0.001	0.001	0.001
0.997	0.001	0.001	0.001
0.462	0.001	0.001	0.536
0.001	0.001	0.001	0.997
0.001	0.001	0.555	0.443
0.001	0.001	0.997	0.001
0.001	0.001	0.997	0.001
>CGATGYAAATTC	18-CGATGYAAATTC	13.885078	-9.767565	0	T:3.0(3.16%),B:29.7(0.07%),P:1e-4	Tpos:629.6,Tstd:191.7,Bpos:576.8,Bstd:269.3,StrandBias:-2.0,Multiplicity:1.67
0.001	0.799	0.001	0.199
0.001	0.001	0.997	0.001
0.769	0.229	0.001	0.001
0.001	0.001	0.001	0.997
0.001	0.001	0.997	0.001
0.001	0.429	0.001	0.569
0.997	0.001	0.001	0.001
0.997	0.001	0.001	0.001
0.997	0.001	0.001	0.001
0.001	0.001	0.001	0.997
0.001	0.001	0.001	0.997
0.001	0.997	0.001	0.001
>GGGAATTTTAGG	19-GGGAATTTTAGG	14.083609	-9.583249	0	T:3.0(3.16%),B:31.3(0.08%),P:1e-4	Tpos:388.6,Tstd:238.1,Bpos:487.3,Bstd:334.9,StrandBias:-3.3,Multiplicity:3.67
0.001	0.001	0.997	0.001
0.001	0.001	0.997	0.001
0.001	0.001	0.997	0.001
0.997	0.001	0.001	0.001
0.888	0.110	0.001	0.001
0.001	0.001	0.001	0.997
0.001	0.001	0.001	0.997
0.001	0.001	0.001	0.997
0.001	0.001	0.001	0.997
0.911	0.001	0.087	0.001
0.140	0.001	0.799	0.060
0.001	0.001	0.997	0.001
>CACTTGGTTTTC	20-CACTTGGTTTTC	14.623360	-5.490908	0	T:2.0(2.11%),B:39.3(0.10%),P:1e-2	Tpos:330.1,Tstd:110.1,Bpos:504.0,Bstd:311.7,StrandBias:-10.0,Multiplicity:5.50
0.001	0.997	0.001	0.001
0.997	0.001	0.001	0.001
0.001	0.840	0.001	0.158
0.001	0.001	0.001	0.997
0.001	0.126	0.001	0.872
0.001	0.001	0.997	0.001
0.001	0.001	0.997	0.001
0.001	0.001	0.001	0.997
0.001	0.001	0.001	0.997
0.001	0.001	0.001	0.997
0.001	0.001	0.001	0.997
0.001	0.997	0.001	0.001
>CCCCCCCCCCCA	21-CCCCCCCCCCCA	6.511644	-3.696567	0	T:14.0(14.74%),B:3380.4(8.28%),P:1e-1	Tpos:252.0,Tstd:277.0,Bpos:569.8,Bstd:363.6,StrandBias:5.1,Multiplicity:1.21
0.011	0.932	0.001	0.056
0.001	0.977	0.001	0.021
0.001	0.892	0.106	0.001
0.001	0.920	0.001	0.078
0.001	0.949	0.001	0.049
0.001	0.997	0.001	0.001
0.001	0.892	0.001	0.106
0.077	0.744	0.001	0.178
0.088	0.804	0.107	0.001
0.053	0.751	0.056	0.140
0.228	0.731	0.039	0.002
0.423	0.270	0.207	0.100
>AAWGTGACGTCA	22-AAWGTGACGTCA	15.512124	-2.038100	0	T:1.0(1.05%),B:60.0(0.15%),P:1e0	Tpos:331.9,Tstd:126.9,Bpos:522.9,Bstd:343.4,StrandBias:-10.0,Multiplicity:14.00
0.997	0.001	0.001	0.001
0.624	0.001	0.374	0.001
0.537	0.001	0.056	0.406
0.001	0.001	0.997	0.001
0.001	0.001	0.001	0.997
0.001	0.001	0.997	0.001
0.997	0.001	0.001	0.001
0.001	0.997	0.001	0.001
0.001	0.001	0.997	0.001
0.001	0.001	0.001	0.997
0.001	0.997	0.001	0.001
0.997	0.001	0.001	0.001
