>AGTAGCTACC	1-AGTAGCTACC	10.765578	-21.423979	0	T:9.0(9.47%),B:174.7(0.43%),P:1e-9	Tpos:527.9,Tstd:251.2,Bpos:567.6,Bstd:351.4,StrandBias:-1.8,Multiplicity:1.00
0.854	0.144	0.001	0.001
0.001	0.001	0.997	0.001
0.105	0.001	0.001	0.893
0.857	0.001	0.001	0.141
0.107	0.001	0.770	0.122
0.001	0.997	0.001	0.001
0.001	0.001	0.001	0.997
0.870	0.001	0.001	0.128
0.001	0.997	0.001	0.001
0.110	0.888	0.001	0.001
>CACCGGTCTC	2-CACCGGTCTC	10.672710	-20.746474	0	T:10.0(10.53%),B:265.9(0.65%),P:1e-9	Tpos:482.5,Tstd:237.1,Bpos:533.8,Bstd:359.9,StrandBias:-0.6,Multiplicity:1.00
0.133	0.865	0.001	0.001
0.997	0.001	0.001	0.001
0.001	0.869	0.129	0.001
0.001	0.997	0.001	0.001
0.001	0.118	0.880	0.001
0.001	0.111	0.787	0.101
0.001	0.001	0.001	0.997
0.001	0.997	0.001	0.001
0.001	0.173	0.001	0.825
0.001	0.901	0.001	0.097
>TATCACATGT	3-TATCACATGT	10.241501	-17.783941	0	T:11.0(11.58%),B:475.2(1.16%),P:1e-7	Tpos:652.7,Tstd:273.0,Bpos:510.7,Bstd:293.0,StrandBias:-0.8,Multiplicity:1.00
0.001	0.001	0.001	0.997
0.874	0.001	0.092	0.033
0.001	0.001	0.114	0.884
0.055	0.943	0.001	0.001
0.997	0.001	0.001	0.001
0.034	0.820	0.077	0.069
0.940	0.001	0.001	0.058
0.001	0.110	0.001	0.888
0.001	0.064	0.878	0.057
0.057	0.001	0.099	0.843
>GAGACCTAGA	4-GAGACCTAGA	10.364229	-17.038725	0	T:11.0(11.58%),B:512.4(1.26%),P:1e-7	Tpos:634.7,Tstd:292.2,Bpos:549.6,Bstd:367.0,StrandBias:-2.2,Multiplicity:1.00
0.001	0.112	0.774	0.113
0.851	0.001	0.147	0.001
0.001	0.001	0.997	0.001
0.997	0.001	0.001	0.001
0.071	0.847	0.081	0.001
0.046	0.952	0.001	0.001
0.080	0.076	0.087	0.757
0.997	0.001	0.001	0.001
0.090	0.001	0.908	0.001
0.997	0.001	0.001	0.001
>GCGGGGTGTA	5-GCGGGGTGTA	7.210479	-16.744909	0	T:20.0(21.05%),B:2061.2(5.05%),P:1e-7	Tpos:606.7,Tstd:223.1,Bpos:545.6,Bstd:358.3,StrandBias:-0.5,Multiplicity:1.20
0.001	0.138	0.813	0.048
0.038	0.769	0.001	0.192
0.050	0.053	0.780	0.117
0.051	0.043	0.710	0.196
0.002	0.142	0.790	0.066
0.089	0.001	0.791	0.119
0.001	0.001	0.148	0.850
0.001	0.122	0.876	0.001
0.085	0.102	0.094	0.719
0.914	0.001	0.038	0.047
>TGGGTATATT	6-TGGGTATATT	9.970314	-15.741531	0	T:15.0(15.79%),B:1207.6(2.96%),P:1e-6	Tpos:492.6,Tstd:288.8,Bpos:494.9,Bstd:299.7,StrandBias:-0.2,Multiplicity:1.13
0.001	0.001	0.001	0.997
0.001	0.001	0.945	0.053
0.001	0.107	0.840	0.052
0.056	0.001	0.942	0.001
0.106	0.001	0.001	0.892
0.820	0.114	0.001	0.065
0.001	0.001	0.001	0.997
0.752	0.120	0.078	0.050
0.001	0.001	0.001	0.997
0.106	0.001	0.001	0.892
>TGTATCTATC	7-TGTATCTATC	10.403769	-15.647726	0	T:8.0(8.42%),B:248.3(0.61%),P:1e-6	Tpos:459.6,Tstd:234.0,Bpos:539.4,Bstd:312.3,StrandBias:-1.6,Multiplicity:1.00
0.001	0.097	0.113	0.789
0.001	0.046	0.913	0.040
0.001	0.001	0.091	0.907
0.955	0.001	0.001	0.043
0.001	0.001	0.097	0.901
0.001	0.997	0.001	0.001
0.073	0.001	0.001	0.925
0.887	0.061	0.001	0.051
0.001	0.086	0.001	0.912
0.001	0.877	0.075	0.047
>TGGCCGTGGA	8-TGGCCGTGGA	10.299171	-15.408804	0	T:9.0(9.47%),B:358.0(0.88%),P:1e-6	Tpos:484.6,Tstd:308.4,Bpos:521.2,Bstd:340.3,StrandBias:-0.5,Multiplicity:1.33
0.001	0.135	0.001	0.863
0.001	0.001	0.997	0.001
0.001	0.139	0.859	0.001
0.001	0.833	0.083	0.083
0.001	0.844	0.154	0.001
0.001	0.001	0.997	0.001
0.001	0.001	0.001	0.997
0.001	0.105	0.893	0.001
0.065	0.001	0.832	0.102
0.945	0.053	0.001	0.001
>TGACACGTGA	9-TGACACGTGA	8.670682	-15.264625	0	T:12.0(12.63%),B:757.7(1.86%),P:1e-6	Tpos:611.3,Tstd:262.4,Bpos:510.7,Bstd:335.7,StrandBias:-0.4,Multiplicity:1.17
0.001	0.001	0.001	0.997
0.103	0.001	0.818	0.078
0.890	0.001	0.108	0.001
0.001	0.997	0.001	0.001
0.905	0.001	0.001	0.093
0.058	0.940	0.001	0.001
0.076	0.001	0.861	0.062
0.001	0.098	0.001	0.900
0.001	0.001	0.997	0.001
0.765	0.112	0.053	0.070
>TCTTTCBCTC	10-TCTTTCBCTC	8.106413	-14.981671	0	T:36.0(37.89%),B:6615.1(16.21%),P:1e-6	Tpos:522.3,Tstd:292.1,Bpos:551.0,Bstd:335.1,StrandBias:1.7,Multiplicity:1.17
0.077	0.112	0.016	0.795
0.077	0.581	0.106	0.236
0.093	0.055	0.009	0.843
0.110	0.088	0.089	0.713
0.038	0.001	0.026	0.935
0.078	0.644	0.082	0.196
0.136	0.200	0.338	0.325
0.232	0.612	0.025	0.131
0.068	0.010	0.070	0.852
0.101	0.697	0.039	0.163
>TACGTACACA	11-TACGTACACA	9.657254	-14.897427	0	T:11.0(11.58%),B:637.9(1.56%),P:1e-6	Tpos:637.9,Tstd:201.7,Bpos:488.8,Bstd:349.9,StrandBias:-1.2,Multiplicity:1.18
0.001	0.088	0.001	0.910
0.913	0.001	0.085	0.001
0.001	0.924	0.074	0.001
0.036	0.001	0.893	0.070
0.001	0.001	0.001	0.997
0.997	0.001	0.001	0.001
0.001	0.997	0.001	0.001
0.880	0.001	0.118	0.001
0.072	0.703	0.135	0.090
0.880	0.001	0.001	0.118
>GGTCGGTGGT	12-GGTCGGTGGT	12.515395	-14.774275	0	T:5.0(5.26%),B:58.2(0.14%),P:1e-6	Tpos:464.6,Tstd:236.5,Bpos:595.5,Bstd:233.3,StrandBias:-2.0,Multiplicity:1.00
0.001	0.001	0.997	0.001
0.001	0.001	0.997	0.001
0.001	0.001	0.001	0.997
0.001	0.997	0.001	0.001
0.267	0.001	0.731	0.001
0.001	0.001	0.997	0.001
0.001	0.001	0.001	0.997
0.001	0.001	0.997	0.001
0.001	0.001	0.997	0.001
0.001	0.001	0.001	0.997
>AGAGAATAGG	13-AGAGAATAGG	8.277581	-14.449531	0	T:24.0(25.26%),B:3345.9(8.20%),P:1e-6	Tpos:614.4,Tstd:285.0,Bpos:542.7,Bstd:338.7,StrandBias:-2.5,Multiplicity:1.12
0.855	0.015	0.058	0.072
0.050	0.090	0.723	0.137
0.786	0.044	0.119	0.051
0.046	0.001	0.899	0.054
0.841	0.050	0.035	0.074
0.793	0.026	0.144	0.037
0.036	0.037	0.047	0.880
0.790	0.037	0.094	0.079
0.103	0.063	0.773	0.061
0.132	0.051	0.670	0.147
>TWAATTTTAG	14-TWAATTTTAG	9.420255	-13.373643	0	T:39.0(41.05%),B:8040.7(19.70%),P:1e-5	Tpos:514.4,Tstd:307.3,Bpos:496.8,Bstd:307.5,StrandBias:-0.1,Multiplicity:1.28
0.001	0.001	0.001	0.997
0.369	0.163	0.001	0.467
0.997	0.001	0.001	0.001
0.997	0.001	0.001	0.001
0.001	0.001	0.001	0.997
0.001	0.001	0.001	0.997
0.001	0.001	0.001	0.997
0.001	0.053	0.001	0.945
0.928	0.001	0.001	0.070
0.001	0.001	0.660	0.338
>TTAATTAATT	15-TTAATTAATT	9.835022	-11.357872	0	T:21.0(22.11%),B:3184.4(7.80%),P:1e-4	Tpos:672.0,Tstd:303.6,Bpos:505.9,Bstd:301.5,StrandBias:0.3,Multiplicity:1.15
0.001	0.001	0.001	0.997
0.001	0.001	0.001	0.997
0.905	0.043	0.051	0.001
0.997	0.001	0.001	0.001
0.001	0.001	0.001	0.997
0.001	0.049	0.098	0.852
0.997	0.001	0.001	0.001
0.960	0.038	0.001	0.001
0.001	0.001	0.001	0.997
0.213	0.119	0.001	0.667
>CGCAAACCAA	16-CGCAAACCAA	10.336940	-9.953418	0	T:9.0(9.47%),B:712.7(1.75%),P:1e-4	Tpos:405.7,Tstd:209.5,Bpos:474.9,Bstd:322.9,StrandBias:1.6,Multiplicity:1.78
0.186	0.686	0.001	0.127
0.001	0.001	0.997	0.001
0.088	0.910	0.001	0.001
0.997	0.001	0.001	0.001
0.997	0.001	0.001	0.001
0.997	0.001	0.001	0.001
0.001	0.713	0.285	0.001
0.001	0.997	0.001	0.001
0.696	0.001	0.302	0.001
0.997	0.001	0.001	0.001
>CCCCCCCCCC	17-CCCCCCCCCC	8.491202	-5.336157	0	T:12.0(12.63%),B:2181.9(5.35%),P:1e-2	Tpos:204.0,Tstd:228.1,Bpos:564.1,Bstd:363.9,StrandBias:4.8,Multiplicity:1.33
0.001	0.881	0.001	0.117
0.001	0.997	0.001	0.001
0.001	0.896	0.001	0.102
0.001	0.860	0.001	0.138
0.001	0.997	0.001	0.001
0.001	0.997	0.001	0.001
0.001	0.800	0.001	0.198
0.289	0.469	0.241	0.001
0.174	0.723	0.001	0.102
0.357	0.641	0.001	0.001
>TAAAATTCCC	18-TAAAATTCCC	11.008824	-4.889899	0	T:4.0(4.21%),B:327.0(0.80%),P:1e-2	Tpos:375.5,Tstd:208.0,Bpos:496.8,Bstd:301.4,StrandBias:2.7,Multiplicity:3.75
0.001	0.001	0.001	0.997
0.997	0.001	0.001	0.001
0.997	0.001	0.001	0.001
0.997	0.001	0.001	0.001
0.922	0.001	0.076	0.001
0.001	0.001	0.064	0.934
0.001	0.001	0.001	0.997
0.001	0.997	0.001	0.001
0.001	0.997	0.001	0.001
0.001	0.997	0.001	0.001
>GACGTCACWY	19-GACGTCACWY	-1.320091	-3.970271	0	T:62.0(65.26%),B:22117.4(54.18%),P:1e-1	Tpos:461.9,Tstd:258.2,Bpos:510.4,Bstd:326.7,StrandBias:0.2,Multiplicity:2.06
0.001	0.001	0.997	0.001
0.997	0.001	0.001	0.001
0.001	0.997	0.001	0.001
0.001	0.001	0.997	0.001
0.001	0.001	0.001	0.997
0.001	0.997	0.001	0.001
0.997	0.001	0.001	0.001
0.001	0.997	0.001	0.001
0.483	0.001	0.001	0.515
0.001	0.461	0.001	0.537
>ATTTTTACCC	20-ATTTTTACCC	10.296193	-2.375986	0	T:2.0(2.11%),B:218.8(0.54%),P:1e-1	Tpos:405.8,Tstd:265.0,Bpos:551.0,Bstd:350.6,StrandBias:10.0,Multiplicity:3.00
0.700	0.100	0.100	0.100
0.100	0.100	0.100	0.700
0.100	0.100	0.100	0.700
0.100	0.100	0.100	0.700
0.100	0.100	0.100	0.700
0.100	0.100	0.100	0.700
0.700	0.100	0.100	0.100
0.100	0.700	0.100	0.100
0.100	0.700	0.100	0.100
0.100	0.700	0.100	0.100
