>CTACAAACTAGA	23-CTACAAACTAGA,BestGuess:PHA-4(Forkhead)/cElegans-Embryos-PHA4-ChIP-Seq(modEncode)/Homer(0.469)	10.187212	-5.338994	0	T:3.0(2.34%),B:103.4(0.26%),P:1e-2
0.144	0.670	0.074	0.112
0.102	0.096	0.153	0.649
0.760	0.034	0.087	0.119
0.068	0.618	0.210	0.104
0.527	0.121	0.180	0.172
0.645	0.121	0.136	0.098
0.719	0.159	0.073	0.049
0.058	0.732	0.115	0.095
0.137	0.154	0.094	0.615
0.628	0.150	0.074	0.148
0.115	0.107	0.601	0.177
0.838	0.049	0.049	0.064
