>AGAAGACACCAC	20-GTGGTGTCTTCT	9.861926	-16.522445	0	T:17.0(8.25%),B:577.7(1.61%),P:1e-7
0.783	0.001	0.063	0.153
0.135	0.136	0.728	0.001
0.851	0.074	0.074	0.001
0.862	0.063	0.001	0.074
0.115	0.068	0.816	0.001
0.924	0.001	0.001	0.074
0.109	0.678	0.212	0.001
0.913	0.001	0.001	0.085
0.050	0.890	0.059	0.001
0.046	0.952	0.001	0.001
0.931	0.001	0.001	0.067
0.001	0.697	0.138	0.164
