>TCGTTTTTTCGA	14-TCGAAAAAACGA	11.325144	-16.520353	0	T:11.0(4.70%),B:213.6(0.52%),P:1e-7
0.001	0.080	0.025	0.894
0.038	0.582	0.264	0.116
0.195	0.019	0.716	0.070
0.203	0.012	0.221	0.564
0.044	0.027	0.056	0.873
0.043	0.102	0.045	0.810
0.030	0.045	0.280	0.645
0.001	0.094	0.236	0.669
0.020	0.035	0.042	0.903
0.204	0.525	0.006	0.265
0.215	0.017	0.665	0.103
0.629	0.038	0.296	0.037
