>CCGGCAAAAAGG	5-CCGGCAAAAAGG,BestGuess:PHA-4(Forkhead)/cElegans-Embryos-PHA4-ChIP-Seq(modEncode)/Homer(0.601)	10.410257	-19.278127	0	T:19.0(8.12%),B:615.6(1.48%),P:1e-8
0.149	0.813	0.036	0.002
0.092	0.841	0.066	0.001
0.040	0.043	0.748	0.169
0.048	0.001	0.950	0.001
0.001	0.832	0.049	0.118
0.926	0.001	0.072	0.001
0.926	0.001	0.001	0.072
0.842	0.084	0.073	0.001
0.864	0.001	0.084	0.051
0.875	0.001	0.073	0.051
0.231	0.001	0.669	0.099
0.096	0.003	0.726	0.175
