>GATAAGAAAT	1-GATAAGAAAT	10.636291	-23.055672	0	T:12.0(38.71%),B:1124.7(3.20%),P:1e-10	Tpos:627.8,Tstd:326.4,Bpos:542.6,Bstd:314.2,StrandBias:-0.2,Multiplicity:1.08
0.001	0.195	0.803	0.001
0.997	0.001	0.001	0.001
0.001	0.001	0.001	0.997
0.997	0.001	0.001	0.001
0.906	0.001	0.092	0.001
0.001	0.067	0.931	0.001
0.885	0.001	0.001	0.113
0.997	0.001	0.001	0.001
0.918	0.001	0.080	0.001
0.001	0.066	0.073	0.860
>TCATTCGACC	2-TCATTCGACC	9.807017	-17.562449	0	T:7.0(22.58%),B:353.9(1.01%),P:1e-7	Tpos:507.6,Tstd:299.7,Bpos:489.1,Bstd:291.1,StrandBias:0.0,Multiplicity:1.14
0.184	0.001	0.001	0.814
0.170	0.828	0.001	0.001
0.823	0.001	0.001	0.175
0.001	0.001	0.001	0.997
0.001	0.001	0.001	0.997
0.001	0.834	0.164	0.001
0.001	0.001	0.997	0.001
0.997	0.001	0.001	0.001
0.001	0.997	0.001	0.001
0.143	0.855	0.001	0.001
>ATTTGTTGAG	3-ATTTGTTGAG	10.639931	-16.164337	0	T:7.0(22.58%),B:435.2(1.24%),P:1e-7	Tpos:428.9,Tstd:337.6,Bpos:493.4,Bstd:300.2,StrandBias:-1.3,Multiplicity:1.00
0.796	0.202	0.001	0.001
0.001	0.001	0.001	0.997
0.001	0.202	0.001	0.796
0.001	0.001	0.001	0.997
0.001	0.001	0.997	0.001
0.001	0.001	0.001	0.997
0.001	0.001	0.001	0.997
0.001	0.001	0.997	0.001
0.997	0.001	0.001	0.001
0.001	0.001	0.997	0.001
>AATGCTTTGG	4-AATGCTTTGG	11.012495	-15.268048	0	T:6.0(19.35%),B:296.6(0.84%),P:1e-6	Tpos:527.8,Tstd:218.3,Bpos:481.9,Bstd:283.3,StrandBias:2.3,Multiplicity:1.00
0.849	0.001	0.001	0.149
0.997	0.001	0.001	0.001
0.124	0.001	0.001	0.874
0.001	0.001	0.997	0.001
0.001	0.810	0.121	0.068
0.001	0.001	0.001	0.997
0.001	0.166	0.001	0.832
0.001	0.001	0.001	0.997
0.140	0.001	0.858	0.001
0.085	0.001	0.913	0.001
>TGACATCATC	5-TGACATCATC	9.439517	-13.723561	0	T:9.0(29.03%),B:1276.8(3.63%),P:1e-5	Tpos:469.5,Tstd:292.1,Bpos:484.2,Bstd:309.0,StrandBias:-1.3,Multiplicity:1.44
0.001	0.001	0.001	0.997
0.001	0.001	0.997	0.001
0.997	0.001	0.001	0.001
0.001	0.747	0.140	0.112
0.925	0.001	0.073	0.001
0.147	0.001	0.001	0.851
0.001	0.997	0.001	0.001
0.997	0.001	0.001	0.001
0.143	0.001	0.001	0.855
0.001	0.748	0.155	0.096
