>YTTAATTCGATA	15-YTTAATTCGATA	10.601353	-17.550407	0	T:22.0(8.15%),B:719.2(1.92%),P:1e-7
0.135	0.366	0.108	0.392
0.038	0.001	0.181	0.780
0.010	0.171	0.070	0.749
0.547	0.222	0.007	0.224
0.682	0.011	0.036	0.271
0.203	0.001	0.001	0.795
0.033	0.025	0.049	0.893
0.027	0.854	0.001	0.118
0.176	0.033	0.790	0.001
0.802	0.030	0.153	0.015
0.118	0.009	0.164	0.709
0.730	0.033	0.029	0.208
