>AAATATTBRAAT	23-ATTYVAATATTT	10.880306	-13.289802	0	T:40.0(14.81%),B:2473.6(6.59%),P:1e-5
0.707	0.018	0.261	0.014
0.950	0.022	0.009	0.019
0.905	0.059	0.010	0.026
0.275	0.041	0.026	0.658
0.609	0.222	0.015	0.154
0.249	0.014	0.026	0.711
0.014	0.011	0.268	0.707
0.028	0.285	0.319	0.368
0.325	0.009	0.418	0.248
0.963	0.007	0.017	0.013
0.912	0.053	0.029	0.006
0.145	0.024	0.284	0.547
