>ACCCACCCGA	1-ACCCACCCGA	10.499460	-27.864544	0	T:9.0(12.50%),B:106.9(0.27%),P:1e-12	Tpos:421.0,Tstd:236.6,Bpos:523.6,Bstd:311.0,StrandBias:1.2,Multiplicity:1.11
0.560	0.001	0.313	0.126
0.001	0.871	0.127	0.001
0.001	0.997	0.001	0.001
0.001	0.997	0.001	0.001
0.997	0.001	0.001	0.001
0.001	0.919	0.001	0.079
0.127	0.871	0.001	0.001
0.001	0.908	0.001	0.090
0.001	0.001	0.997	0.001
0.997	0.001	0.001	0.001
>CGTGGTGTAA	2-CGTGGTGTAA	10.723688	-23.323557	0	T:10.0(13.89%),B:263.0(0.67%),P:1e-10	Tpos:717.8,Tstd:201.3,Bpos:467.3,Bstd:322.1,StrandBias:-2.0,Multiplicity:1.00
0.104	0.894	0.001	0.001
0.127	0.001	0.871	0.001
0.156	0.001	0.001	0.842
0.001	0.001	0.997	0.001
0.001	0.001	0.997	0.001
0.001	0.001	0.001	0.997
0.001	0.146	0.852	0.001
0.001	0.113	0.107	0.779
0.997	0.001	0.001	0.001
0.866	0.132	0.001	0.001
>AACGCTCGCC	3-AACGCTCGCC	10.694355	-21.469465	0	T:8.0(11.11%),B:148.9(0.38%),P:1e-9	Tpos:355.9,Tstd:286.9,Bpos:490.4,Bstd:366.9,StrandBias:0.0,Multiplicity:1.00
0.809	0.001	0.001	0.189
0.997	0.001	0.001	0.001
0.001	0.861	0.001	0.137
0.001	0.157	0.841	0.001
0.001	0.997	0.001	0.001
0.001	0.001	0.101	0.897
0.001	0.997	0.001	0.001
0.001	0.001	0.997	0.001
0.001	0.828	0.170	0.001
0.129	0.869	0.001	0.001
>TCTAATATGG	4-TCTAATATGG	10.147642	-21.207001	0	T:13.0(18.06%),B:711.7(1.80%),P:1e-9	Tpos:556.8,Tstd:317.2,Bpos:468.4,Bstd:289.7,StrandBias:-1.2,Multiplicity:1.00
0.001	0.001	0.001	0.997
0.001	0.930	0.001	0.068
0.234	0.001	0.001	0.764
0.997	0.001	0.001	0.001
0.997	0.001	0.001	0.001
0.062	0.001	0.001	0.936
0.869	0.001	0.129	0.001
0.001	0.001	0.001	0.997
0.110	0.119	0.770	0.001
0.081	0.001	0.836	0.082
>GTTATAGGCG	5-GTTATAGGCG	10.769017	-19.010731	0	T:8.0(11.11%),B:205.2(0.52%),P:1e-8	Tpos:612.2,Tstd:337.6,Bpos:532.6,Bstd:291.8,StrandBias:-1.0,Multiplicity:1.12
0.123	0.001	0.875	0.001
0.001	0.001	0.001	0.997
0.001	0.187	0.001	0.811
0.997	0.001	0.001	0.001
0.102	0.001	0.001	0.896
0.871	0.001	0.001	0.127
0.001	0.001	0.997	0.001
0.001	0.001	0.997	0.001
0.001	0.854	0.001	0.144
0.001	0.146	0.852	0.001
>GTTATTCAAC	6-GTTATTCAAC	10.115888	-18.897129	0	T:13.0(18.06%),B:865.9(2.19%),P:1e-8	Tpos:309.9,Tstd:213.3,Bpos:502.7,Bstd:308.5,StrandBias:0.4,Multiplicity:1.08
0.001	0.001	0.973	0.025
0.058	0.079	0.001	0.862
0.073	0.080	0.001	0.846
0.919	0.060	0.001	0.020
0.076	0.001	0.098	0.825
0.001	0.001	0.001	0.997
0.063	0.935	0.001	0.001
0.869	0.001	0.129	0.001
0.852	0.001	0.087	0.060
0.025	0.973	0.001	0.001
>GGCGTTTGTG	7-GGCGTTTGTG	9.821949	-18.393749	0	T:10.0(13.89%),B:445.0(1.13%),P:1e-7	Tpos:525.5,Tstd:214.4,Bpos:513.1,Bstd:340.1,StrandBias:1.6,Multiplicity:1.20
0.001	0.001	0.997	0.001
0.001	0.001	0.867	0.131
0.001	0.860	0.001	0.138
0.113	0.001	0.885	0.001
0.001	0.001	0.143	0.855
0.001	0.269	0.001	0.729
0.001	0.001	0.137	0.861
0.001	0.001	0.997	0.001
0.001	0.001	0.001	0.997
0.152	0.001	0.846	0.001
>GTGGAATGAT	8-GTGGAATGAT	10.381612	-17.599571	0	T:11.0(15.28%),B:629.0(1.59%),P:1e-7	Tpos:404.6,Tstd:309.5,Bpos:498.3,Bstd:313.0,StrandBias:-1.0,Multiplicity:1.09
0.001	0.001	0.945	0.053
0.080	0.001	0.001	0.918
0.001	0.001	0.997	0.001
0.056	0.093	0.850	0.001
0.997	0.001	0.001	0.001
0.997	0.001	0.001	0.001
0.001	0.001	0.001	0.997
0.061	0.001	0.865	0.073
0.741	0.001	0.105	0.153
0.157	0.001	0.086	0.756
>TGGAAACGCG	9-TGGAAACGCG	10.280601	-17.165114	0	T:12.0(16.67%),B:823.0(2.09%),P:1e-7	Tpos:414.2,Tstd:222.6,Bpos:523.2,Bstd:354.2,StrandBias:-0.2,Multiplicity:1.08
0.088	0.001	0.001	0.910
0.001	0.001	0.901	0.097
0.058	0.107	0.733	0.102
0.997	0.001	0.001	0.001
0.861	0.137	0.001	0.001
0.997	0.001	0.001	0.001
0.066	0.865	0.001	0.068
0.001	0.001	0.914	0.084
0.001	0.997	0.001	0.001
0.001	0.099	0.899	0.001
>ATTGATTGAT	10-ATTGATTGAT	9.423523	-15.759342	0	T:21.0(29.17%),B:3172.1(8.04%),P:1e-6	Tpos:516.0,Tstd:290.3,Bpos:501.3,Bstd:307.5,StrandBias:-0.9,Multiplicity:1.38
0.997	0.001	0.001	0.001
0.030	0.001	0.001	0.968
0.050	0.001	0.058	0.891
0.025	0.037	0.914	0.024
0.975	0.001	0.001	0.023
0.001	0.045	0.001	0.953
0.042	0.090	0.052	0.816
0.001	0.038	0.864	0.097
0.922	0.001	0.050	0.027
0.001	0.050	0.040	0.909
>CGAATTCGAC	11-CGAATTCGAC	11.863848	-15.538175	0	T:5.0(6.94%),B:64.7(0.16%),P:1e-6	Tpos:633.2,Tstd:239.7,Bpos:464.1,Bstd:357.1,StrandBias:0.6,Multiplicity:1.00
0.001	0.997	0.001	0.001
0.001	0.001	0.997	0.001
0.997	0.001	0.001	0.001
0.794	0.204	0.001	0.001
0.001	0.001	0.001	0.997
0.001	0.001	0.001	0.997
0.169	0.829	0.001	0.001
0.001	0.001	0.997	0.001
0.997	0.001	0.001	0.001
0.075	0.818	0.106	0.001
>TATAGCGCGC	12-TATAGCGCGC	10.296193	-14.947878	0	T:3.0(4.17%),B:6.0(0.02%),P:1e-6	Tpos:228.0,Tstd:31.1,Bpos:456.0,Bstd:415.6,StrandBias:10.0,Multiplicity:1.00
0.100	0.100	0.100	0.700
0.700	0.100	0.100	0.100
0.100	0.100	0.100	0.700
0.700	0.100	0.100	0.100
0.100	0.100	0.700	0.100
0.100	0.700	0.100	0.100
0.100	0.100	0.700	0.100
0.100	0.700	0.100	0.100
0.100	0.100	0.700	0.100
0.100	0.700	0.100	0.100
>TAGGAGGTTT	13-TAGGAGGTTT	10.040922	-14.583922	0	T:9.0(12.50%),B:513.1(1.30%),P:1e-6	Tpos:366.5,Tstd:247.4,Bpos:510.3,Bstd:304.8,StrandBias:0.8,Multiplicity:1.22
0.001	0.001	0.155	0.843
0.997	0.001	0.001	0.001
0.201	0.160	0.638	0.001
0.001	0.001	0.870	0.128
0.997	0.001	0.001	0.001
0.001	0.001	0.997	0.001
0.006	0.048	0.783	0.163
0.001	0.001	0.288	0.710
0.001	0.409	0.001	0.589
0.001	0.001	0.001	0.997
>CATCCTTAAA	14-CATCCTTAAA	11.437374	-13.984223	0	T:7.0(9.72%),B:274.4(0.70%),P:1e-6	Tpos:605.7,Tstd:259.2,Bpos:478.5,Bstd:311.3,StrandBias:-0.4,Multiplicity:1.00
0.001	0.997	0.001	0.001
0.997	0.001	0.001	0.001
0.001	0.001	0.001	0.997
0.001	0.889	0.001	0.109
0.001	0.997	0.001	0.001
0.001	0.001	0.001	0.997
0.001	0.167	0.001	0.831
0.997	0.001	0.001	0.001
0.997	0.001	0.001	0.001
0.997	0.001	0.001	0.001
>CGATAAATGG	15-CGATAAATGG	10.419960	-12.919485	0	T:10.0(13.89%),B:814.9(2.07%),P:1e-5	Tpos:518.3,Tstd:312.7,Bpos:504.6,Bstd:314.0,StrandBias:-0.7,Multiplicity:1.30
0.001	0.907	0.091	0.001
0.061	0.001	0.937	0.001
0.853	0.001	0.145	0.001
0.125	0.001	0.001	0.873
0.997	0.001	0.001	0.001
0.997	0.001	0.001	0.001
0.918	0.001	0.001	0.080
0.001	0.123	0.001	0.875
0.001	0.001	0.954	0.044
0.001	0.001	0.761	0.237
>AATGATAAGG	16-AATGATAAGG	9.991002	-11.616039	0	T:10.0(13.89%),B:946.5(2.40%),P:1e-5	Tpos:645.2,Tstd:265.5,Bpos:533.3,Bstd:316.6,StrandBias:-0.5,Multiplicity:1.20
0.985	0.001	0.013	0.001
0.935	0.063	0.001	0.001
0.001	0.001	0.001	0.997
0.001	0.191	0.807	0.001
0.997	0.001	0.001	0.001
0.009	0.150	0.091	0.750
0.883	0.001	0.115	0.001
0.852	0.001	0.001	0.146
0.008	0.119	0.872	0.001
0.048	0.001	0.850	0.101
>ATTCCCAAAG	17-ATTCCCAAAG	9.685894	-5.501795	0	T:5.0(6.94%),B:572.3(1.45%),P:1e-2	Tpos:262.2,Tstd:229.0,Bpos:474.7,Bstd:302.8,StrandBias:-3.6,Multiplicity:2.60
0.997	0.001	0.001	0.001
0.001	0.001	0.001	0.997
0.001	0.001	0.001	0.997
0.001	0.829	0.001	0.169
0.001	0.997	0.001	0.001
0.001	0.997	0.001	0.001
0.997	0.001	0.001	0.001
0.905	0.093	0.001	0.001
0.997	0.001	0.001	0.001
0.001	0.001	0.997	0.001
>TACTGGTCTA	18-TACTGGTCTA	10.296193	-3.379894	0	T:1.0(1.39%),B:18.5(0.05%),P:1e-1	Tpos:123.0,Tstd:67.1,Bpos:300.4,Bstd:250.0,StrandBias:10.0,Multiplicity:9.00
0.100	0.100	0.100	0.700
0.700	0.100	0.100	0.100
0.100	0.700	0.100	0.100
0.100	0.100	0.100	0.700
0.100	0.100	0.700	0.100
0.100	0.100	0.700	0.100
0.100	0.100	0.100	0.700
0.100	0.700	0.100	0.100
0.100	0.100	0.100	0.700
0.700	0.100	0.100	0.100
>TATTAAAGTCAT	1-TATTAAAGTCAT	12.002917	-27.713998	0	T:12.0(16.67%),B:318.4(0.81%),P:1e-12	Tpos:446.2,Tstd:289.7,Bpos:500.5,Bstd:281.4,StrandBias:1.6,Multiplicity:1.00
0.001	0.001	0.001	0.997
0.930	0.001	0.001	0.068
0.001	0.001	0.001	0.997
0.001	0.001	0.001	0.997
0.750	0.083	0.001	0.166
0.997	0.001	0.001	0.001
0.884	0.001	0.001	0.114
0.133	0.001	0.865	0.001
0.001	0.001	0.001	0.997
0.288	0.529	0.130	0.053
0.642	0.130	0.001	0.227
0.093	0.001	0.001	0.905
>ATGTCCAAATTC	2-ATGTCCAAATTC	14.042708	-23.853332	0	T:7.0(9.72%),B:61.9(0.16%),P:1e-10	Tpos:428.1,Tstd:291.6,Bpos:416.3,Bstd:286.0,StrandBias:-0.4,Multiplicity:1.00
0.997	0.001	0.001	0.001
0.001	0.001	0.001	0.997
0.001	0.001	0.997	0.001
0.001	0.001	0.001	0.997
0.001	0.997	0.001	0.001
0.001	0.718	0.280	0.001
0.997	0.001	0.001	0.001
0.997	0.001	0.001	0.001
0.997	0.001	0.001	0.001
0.171	0.001	0.001	0.827
0.001	0.001	0.001	0.997
0.196	0.626	0.001	0.177
>GTTTCTCTKGTC	3-GTTTCTCTKGTC	12.556317	-23.709072	0	T:9.0(12.50%),B:173.7(0.44%),P:1e-10	Tpos:682.2,Tstd:185.1,Bpos:492.4,Bstd:363.2,StrandBias:3.0,Multiplicity:1.00
0.160	0.001	0.838	0.001
0.001	0.001	0.001	0.997
0.001	0.001	0.001	0.997
0.001	0.001	0.001	0.997
0.001	0.997	0.001	0.001
0.001	0.001	0.001	0.997
0.001	0.997	0.001	0.001
0.001	0.001	0.001	0.997
0.001	0.153	0.413	0.433
0.001	0.160	0.742	0.097
0.001	0.001	0.001	0.997
0.001	0.685	0.313	0.001
>ATCATAATCATG	4-ATCATAATCATG	13.770530	-22.683730	0	T:7.0(9.72%),B:73.1(0.19%),P:1e-9	Tpos:270.1,Tstd:258.6,Bpos:456.2,Bstd:350.6,StrandBias:-1.3,Multiplicity:1.00
0.813	0.001	0.001	0.185
0.001	0.001	0.001	0.997
0.001	0.997	0.001	0.001
0.997	0.001	0.001	0.001
0.152	0.001	0.001	0.846
0.997	0.001	0.001	0.001
0.997	0.001	0.001	0.001
0.374	0.001	0.001	0.624
0.001	0.997	0.001	0.001
0.997	0.001	0.001	0.001
0.001	0.001	0.001	0.997
0.001	0.136	0.862	0.001
>CAGAGTATGGGC	5-CAGAGTATGGGC	15.027242	-20.487967	0	T:4.0(5.56%),B:5.5(0.01%),P:1e-8	Tpos:542.0,Tstd:287.2,Bpos:433.4,Bstd:269.9,StrandBias:10.0,Multiplicity:1.00
0.001	0.997	0.001	0.001
0.997	0.001	0.001	0.001
0.001	0.001	0.671	0.327
0.997	0.001	0.001	0.001
0.001	0.001	0.997	0.001
0.001	0.001	0.001	0.997
0.997	0.001	0.001	0.001
0.001	0.001	0.001	0.997
0.001	0.001	0.997	0.001
0.001	0.001	0.997	0.001
0.001	0.001	0.631	0.367
0.001	0.997	0.001	0.001
>TTTAAGGATGAG	6-TTTAAGGATGAG	14.285182	-20.414846	0	T:5.0(6.94%),B:22.5(0.06%),P:1e-8	Tpos:566.6,Tstd:249.4,Bpos:464.6,Bstd:247.9,StrandBias:0.6,Multiplicity:1.00
0.001	0.001	0.001	0.997
0.001	0.001	0.001	0.997
0.001	0.001	0.001	0.997
0.997	0.001	0.001	0.001
0.997	0.001	0.001	0.001
0.001	0.001	0.997	0.001
0.178	0.001	0.820	0.001
0.997	0.001	0.001	0.001
0.001	0.001	0.001	0.997
0.001	0.001	0.997	0.001
0.759	0.001	0.001	0.239
0.001	0.001	0.725	0.273
>GGTCAAGCATCA	7-GGTCAAGCATCA	14.568892	-19.527910	0	T:4.0(5.56%),B:7.5(0.02%),P:1e-8	Tpos:484.0,Tstd:111.1,Bpos:508.5,Bstd:282.4,StrandBias:0.0,Multiplicity:1.00
0.001	0.254	0.744	0.001
0.001	0.001	0.763	0.235
0.001	0.001	0.001	0.997
0.001	0.997	0.001	0.001
0.997	0.001	0.001	0.001
0.997	0.001	0.001	0.001
0.001	0.001	0.997	0.001
0.001	0.997	0.001	0.001
0.997	0.001	0.001	0.001
0.001	0.001	0.254	0.744
0.001	0.997	0.001	0.001
0.997	0.001	0.001	0.001
>AGTACACVACGG	8-AGTACACVACGG	12.981803	-19.507847	0	T:5.0(6.94%),B:27.0(0.07%),P:1e-8	Tpos:393.2,Tstd:258.8,Bpos:429.0,Bstd:406.4,StrandBias:-2.0,Multiplicity:1.00
0.696	0.001	0.001	0.302
0.001	0.001	0.997	0.001
0.001	0.001	0.001	0.997
0.659	0.001	0.001	0.339
0.001	0.659	0.339	0.001
0.980	0.001	0.018	0.001
0.001	0.997	0.001	0.001
0.394	0.303	0.303	0.001
0.677	0.001	0.321	0.001
0.001	0.997	0.001	0.001
0.001	0.001	0.997	0.001
0.001	0.001	0.997	0.001
>GCGTCTAATATT	9-GCGTCTAATATT	13.005048	-19.290276	0	T:6.0(8.33%),B:66.3(0.17%),P:1e-8	Tpos:364.0,Tstd:330.5,Bpos:500.4,Bstd:359.6,StrandBias:-1.0,Multiplicity:1.00
0.001	0.001	0.997	0.001
0.001	0.997	0.001	0.001
0.001	0.340	0.658	0.001
0.001	0.001	0.001	0.997
0.244	0.754	0.001	0.001
0.268	0.001	0.001	0.730
0.997	0.001	0.001	0.001
0.658	0.001	0.001	0.340
0.001	0.001	0.001	0.997
0.973	0.001	0.025	0.001
0.001	0.001	0.001	0.997
0.001	0.001	0.317	0.681
>ATCACACAAACA	10-ATCACACAAACA	14.607965	-18.603013	0	T:5.0(6.94%),B:34.0(0.09%),P:1e-8	Tpos:409.8,Tstd:215.8,Bpos:417.5,Bstd:283.9,StrandBias:-0.6,Multiplicity:1.00
0.795	0.001	0.001	0.203
0.001	0.001	0.001	0.997
0.001	0.997	0.001	0.001
0.997	0.001	0.001	0.001
0.001	0.773	0.001	0.225
0.997	0.001	0.001	0.001
0.001	0.997	0.001	0.001
0.997	0.001	0.001	0.001
0.997	0.001	0.001	0.001
0.997	0.001	0.001	0.001
0.136	0.862	0.001	0.001
0.997	0.001	0.001	0.001
>CGTCATCATCWC	11-CGTCATCATCWC	12.128324	-18.396459	0	T:7.0(9.72%),B:140.4(0.36%),P:1e-7	Tpos:327.3,Tstd:360.9,Bpos:548.3,Bstd:318.6,StrandBias:1.3,Multiplicity:1.00
0.001	0.743	0.255	0.001
0.001	0.001	0.997	0.001
0.001	0.001	0.001	0.997
0.001	0.997	0.001	0.001
0.811	0.001	0.187	0.001
0.001	0.001	0.001	0.997
0.001	0.997	0.001	0.001
0.775	0.001	0.223	0.001
0.286	0.001	0.001	0.712
0.001	0.520	0.224	0.255
0.474	0.001	0.001	0.524
0.001	0.997	0.001	0.001
>CHGTTCAAAATA	12-CHGTTCAAAATA	11.482819	-17.930031	0	T:13.0(18.06%),B:940.5(2.38%),P:1e-7	Tpos:622.6,Tstd:302.0,Bpos:492.5,Bstd:287.3,StrandBias:0.2,Multiplicity:1.00
0.151	0.798	0.001	0.050
0.377	0.269	0.001	0.353
0.122	0.024	0.692	0.162
0.001	0.001	0.095	0.903
0.001	0.120	0.001	0.878
0.090	0.763	0.001	0.146
0.919	0.001	0.001	0.079
0.997	0.001	0.001	0.001
0.844	0.001	0.154	0.001
0.997	0.001	0.001	0.001
0.201	0.001	0.001	0.797
0.888	0.001	0.066	0.045
>AATCAATCAATA	13-AATCAATCAATA	12.778029	-17.330736	0	T:9.0(12.50%),B:368.1(0.93%),P:1e-7	Tpos:520.9,Tstd:311.2,Bpos:525.5,Bstd:318.9,StrandBias:-0.2,Multiplicity:1.44
0.654	0.344	0.001	0.001
0.835	0.001	0.163	0.001
0.110	0.168	0.001	0.721
0.001	0.997	0.001	0.001
0.830	0.001	0.168	0.001
0.997	0.001	0.001	0.001
0.125	0.001	0.001	0.873
0.001	0.854	0.144	0.001
0.997	0.001	0.001	0.001
0.997	0.001	0.001	0.001
0.001	0.001	0.001	0.997
0.910	0.001	0.001	0.088
>GAGATTTTCAGA	14-GAGATTTTCAGA	13.128146	-17.330736	0	T:9.0(12.50%),B:368.5(0.93%),P:1e-7	Tpos:481.6,Tstd:307.4,Bpos:526.0,Bstd:340.1,StrandBias:1.2,Multiplicity:1.11
0.001	0.001	0.920	0.078
0.997	0.001	0.001	0.001
0.044	0.087	0.781	0.088
0.772	0.001	0.120	0.107
0.001	0.001	0.001	0.997
0.001	0.001	0.001	0.997
0.001	0.001	0.001	0.997
0.001	0.001	0.001	0.997
0.146	0.852	0.001	0.001
0.764	0.129	0.001	0.106
0.001	0.001	0.997	0.001
0.997	0.001	0.001	0.001
>CCATCATTCCAC	15-CCATCATTCCAC	14.277328	-17.310469	0	T:4.0(5.56%),B:14.9(0.04%),P:1e-7	Tpos:225.2,Tstd:178.7,Bpos:412.7,Bstd:208.9,StrandBias:-0.6,Multiplicity:1.25
0.001	0.997	0.001	0.001
0.001	0.997	0.001	0.001
0.697	0.301	0.001	0.001
0.191	0.001	0.001	0.807
0.001	0.997	0.001	0.001
0.997	0.001	0.001	0.001
0.001	0.001	0.001	0.997
0.001	0.001	0.001	0.997
0.001	0.997	0.001	0.001
0.001	0.997	0.001	0.001
0.730	0.001	0.001	0.268
0.001	0.997	0.001	0.001
>ACTTGGTTAAAA	16-ACTTGGTTAAAA	10.882612	-17.117863	0	T:14.0(19.44%),B:1205.8(3.06%),P:1e-7	Tpos:554.4,Tstd:262.7,Bpos:497.9,Bstd:293.6,StrandBias:0.2,Multiplicity:1.07
0.997	0.001	0.001	0.001
0.132	0.706	0.161	0.001
0.076	0.147	0.001	0.776
0.049	0.123	0.182	0.646
0.052	0.105	0.841	0.002
0.103	0.003	0.672	0.222
0.001	0.001	0.001	0.997
0.176	0.120	0.001	0.703
0.809	0.001	0.149	0.041
0.995	0.001	0.003	0.001
0.940	0.058	0.001	0.001
0.928	0.001	0.001	0.070
>YMCCTAWTTTTT	17-YMCCTAWTTTTT	11.412099	-15.197827	0	T:10.0(13.89%),B:630.7(1.60%),P:1e-6	Tpos:520.5,Tstd:271.3,Bpos:526.5,Bstd:331.9,StrandBias:2.3,Multiplicity:1.20
0.039	0.453	0.001	0.507
0.476	0.477	0.001	0.047
0.001	0.920	0.001	0.078
0.001	0.864	0.081	0.054
0.001	0.001	0.054	0.944
0.782	0.096	0.001	0.121
0.459	0.223	0.001	0.317
0.001	0.098	0.001	0.900
0.001	0.001	0.001	0.997
0.130	0.001	0.001	0.868
0.001	0.001	0.001	0.997
0.001	0.001	0.001	0.997
>CATCGCAAAATG	18-CATCGCAAAATG	13.965988	-15.117636	0	T:5.0(6.94%),B:70.8(0.18%),P:1e-6	Tpos:309.5,Tstd:210.6,Bpos:577.2,Bstd:285.2,StrandBias:0.0,Multiplicity:1.20
0.001	0.997	0.001	0.001
0.997	0.001	0.001	0.001
0.213	0.001	0.001	0.785
0.001	0.997	0.001	0.001
0.173	0.001	0.825	0.001
0.144	0.854	0.001	0.001
0.997	0.001	0.001	0.001
0.997	0.001	0.001	0.001
0.761	0.237	0.001	0.001
0.997	0.001	0.001	0.001
0.001	0.001	0.001	0.997
0.001	0.001	0.997	0.001
>AAAGGCGCATAC	19-AAAGGCGCATAC	12.716604	-14.404990	0	T:8.0(11.11%),B:380.1(0.96%),P:1e-6	Tpos:622.8,Tstd:213.3,Bpos:532.6,Bstd:317.1,StrandBias:0.6,Multiplicity:1.25
0.997	0.001	0.001	0.001
0.997	0.001	0.001	0.001
0.997	0.001	0.001	0.001
0.001	0.001	0.997	0.001
0.001	0.001	0.997	0.001
0.311	0.687	0.001	0.001
0.001	0.001	0.997	0.001
0.001	0.771	0.227	0.001
0.997	0.001	0.001	0.001
0.158	0.074	0.131	0.637
0.868	0.001	0.130	0.001
0.153	0.758	0.088	0.001
>ATACATTTCTCA	20-ATACATTTCTCA	13.561468	-14.116776	0	T:6.0(8.33%),B:165.6(0.42%),P:1e-6	Tpos:472.1,Tstd:270.0,Bpos:508.6,Bstd:312.1,StrandBias:1.3,Multiplicity:1.17
0.997	0.001	0.001	0.001
0.109	0.001	0.001	0.889
0.884	0.001	0.001	0.114
0.001	0.837	0.001	0.161
0.997	0.001	0.001	0.001
0.001	0.001	0.001	0.997
0.001	0.001	0.001	0.997
0.001	0.001	0.001	0.997
0.182	0.742	0.001	0.075
0.001	0.001	0.001	0.997
0.001	0.997	0.001	0.001
0.789	0.001	0.209	0.001
>ATACAATTAATT	21-ATACAATTAATT	13.018986	-11.315291	0	T:7.0(9.72%),B:415.8(1.05%),P:1e-4	Tpos:294.7,Tstd:307.8,Bpos:500.3,Bstd:281.3,StrandBias:0.0,Multiplicity:1.14
0.830	0.168	0.001	0.001
0.058	0.001	0.001	0.940
0.936	0.001	0.001	0.062
0.001	0.864	0.134	0.001
0.997	0.001	0.001	0.001
0.997	0.001	0.001	0.001
0.001	0.001	0.001	0.997
0.001	0.124	0.001	0.874
0.906	0.001	0.001	0.092
0.997	0.001	0.001	0.001
0.113	0.001	0.001	0.885
0.001	0.001	0.001	0.997
>KATGAATTCCCA	22-KATGAATTCCCA	13.088559	-11.197870	0	T:4.0(5.56%),B:75.8(0.19%),P:1e-4	Tpos:229.1,Tstd:254.7,Bpos:510.0,Bstd:295.1,StrandBias:-3.0,Multiplicity:2.25
0.001	0.001	0.463	0.535
0.997	0.001	0.001	0.001
0.001	0.001	0.203	0.795
0.001	0.001	0.755	0.243
0.707	0.001	0.001	0.291
0.997	0.001	0.001	0.001
0.001	0.001	0.001	0.997
0.001	0.001	0.001	0.997
0.001	0.784	0.001	0.214
0.208	0.790	0.001	0.001
0.001	0.790	0.001	0.208
0.997	0.001	0.001	0.001
>CCATTTTTCGGG	23-CCATTTTTCGGG	10.615066	-7.148629	0	T:9.0(12.50%),B:1348.0(3.42%),P:1e-3	Tpos:327.9,Tstd:169.8,Bpos:485.9,Bstd:314.6,StrandBias:-0.8,Multiplicity:1.56
0.001	0.896	0.001	0.102
0.112	0.763	0.001	0.124
0.875	0.001	0.001	0.123
0.001	0.001	0.012	0.986
0.001	0.001	0.154	0.844
0.211	0.001	0.001	0.787
0.001	0.001	0.001	0.997
0.001	0.151	0.001	0.847
0.001	0.888	0.001	0.110
0.001	0.001	0.787	0.211
0.001	0.001	0.790	0.208
0.262	0.001	0.582	0.155
>GTTAGACCAGTA	24-GTTAGACCAGTA	12.355432	-6.308200	0	T:1.0(1.39%),B:0.6(0.00%),P:1e-2	Tpos:123.0,Tstd:67.1,Bpos:355.0,Bstd:0.0,StrandBias:-10.0,Multiplicity:9.00
0.100	0.100	0.700	0.100
0.100	0.100	0.100	0.700
0.100	0.100	0.100	0.700
0.700	0.100	0.100	0.100
0.100	0.100	0.700	0.100
0.700	0.100	0.100	0.100
0.100	0.700	0.100	0.100
0.100	0.700	0.100	0.100
0.700	0.100	0.100	0.100
0.100	0.100	0.700	0.100
0.100	0.100	0.100	0.700
0.700	0.100	0.100	0.100
>CCCACCCG	1-CCCACCCG	10.914222	-14.452452	0	T:7.0(9.72%),B:255.2(0.65%),P:1e-6	Tpos:480.3,Tstd:289.0,Bpos:572.4,Bstd:324.5,StrandBias:0.4,Multiplicity:1.00
0.001	0.997	0.001	0.001
0.001	0.997	0.001	0.001
0.001	0.997	0.001	0.001
0.997	0.001	0.001	0.001
0.001	0.997	0.001	0.001
0.070	0.928	0.001	0.001
0.001	0.920	0.078	0.001
0.001	0.001	0.997	0.001
>TTTGGACA	2-TTTGGACA	10.599895	-11.617023	0	T:13.0(18.06%),B:1657.8(4.20%),P:1e-5	Tpos:496.9,Tstd:282.5,Bpos:478.2,Bstd:297.9,StrandBias:-0.7,Multiplicity:1.00
0.060	0.001	0.186	0.753
0.001	0.001	0.001	0.997
0.001	0.001	0.001	0.997
0.001	0.001	0.997	0.001
0.001	0.001	0.828	0.170
0.997	0.001	0.001	0.001
0.001	0.997	0.001	0.001
0.997	0.001	0.001	0.001
>CGTTATGA	3-CGTTATGA	8.240921	-10.229358	0	T:19.0(26.39%),B:3786.8(9.60%),P:1e-4	Tpos:647.5,Tstd:259.7,Bpos:516.6,Bstd:314.8,StrandBias:0.0,Multiplicity:1.37
0.001	0.997	0.001	0.001
0.001	0.222	0.776	0.001
0.001	0.296	0.001	0.702
0.001	0.001	0.001	0.997
0.997	0.001	0.001	0.001
0.001	0.001	0.001	0.997
0.001	0.377	0.621	0.001
0.997	0.001	0.001	0.001
>CATTCCAC	4-CATTCCAC	8.236954	-9.171933	0	T:10.0(13.89%),B:1267.3(3.21%),P:1e-3	Tpos:343.9,Tstd:285.8,Bpos:471.7,Bstd:318.6,StrandBias:0.0,Multiplicity:1.20
0.100	0.700	0.100	0.100
0.700	0.100	0.100	0.100
0.100	0.100	0.100	0.700
0.100	0.100	0.100	0.700
0.100	0.700	0.100	0.100
0.100	0.700	0.100	0.100
0.700	0.100	0.100	0.100
0.100	0.700	0.100	0.100
>ACATTGCG	5-ACATTGCG	9.297365	-8.513278	0	T:10.0(13.89%),B:1375.6(3.49%),P:1e-3	Tpos:496.3,Tstd:212.1,Bpos:503.6,Bstd:334.7,StrandBias:1.6,Multiplicity:1.20
0.997	0.001	0.001	0.001
0.001	0.997	0.001	0.001
0.828	0.001	0.001	0.170
0.001	0.001	0.001	0.997
0.001	0.001	0.001	0.997
0.001	0.001	0.997	0.001
0.001	0.997	0.001	0.001
0.001	0.001	0.997	0.001
>AGTAGATG	6-AGTAGATG	8.470243	-2.926135	0	T:7.0(9.72%),B:1863.1(4.72%),P:1e-1	Tpos:227.1,Tstd:224.5,Bpos:488.4,Bstd:312.1,StrandBias:-2.0,Multiplicity:2.14
0.997	0.001	0.001	0.001
0.001	0.001	0.997	0.001
0.001	0.001	0.001	0.997
0.997	0.001	0.001	0.001
0.001	0.083	0.915	0.001
0.893	0.105	0.001	0.001
0.001	0.001	0.001	0.997
0.001	0.001	0.997	0.001
>GGTCTAAC	7-GGTCTAAC	8.236954	-2.593507	0	T:2.0(2.78%),B:245.0(0.62%),P:1e-1	Tpos:207.0,Tstd:251.2,Bpos:481.3,Bstd:299.6,StrandBias:10.0,Multiplicity:5.00
0.100	0.100	0.700	0.100
0.100	0.100	0.700	0.100
0.100	0.100	0.100	0.700
0.100	0.700	0.100	0.100
0.100	0.100	0.100	0.700
0.700	0.100	0.100	0.100
0.700	0.100	0.100	0.100
0.100	0.700	0.100	0.100
