>ACGTGTGCTC	1-ACGTGTGCTC	10.568353	-17.552558	0	T:7.0(20.59%),B:359.0(0.91%),P:1e-7	Tpos:475.0,Tstd:309.5,Bpos:560.8,Bstd:288.9,StrandBias:1.3,Multiplicity:1.00
0.910	0.088	0.001	0.001
0.001	0.997	0.001	0.001
0.001	0.001	0.900	0.098
0.161	0.001	0.001	0.837
0.001	0.168	0.830	0.001
0.001	0.001	0.001	0.997
0.001	0.184	0.814	0.001
0.160	0.838	0.001	0.001
0.001	0.001	0.001	0.997
0.001	0.997	0.001	0.001
>ACTCGTATAT	2-ACTCGTATAT	10.772999	-16.142398	0	T:7.0(20.59%),B:442.4(1.12%),P:1e-7	Tpos:582.4,Tstd:298.2,Bpos:513.5,Bstd:278.6,StrandBias:0.7,Multiplicity:1.14
0.997	0.001	0.001	0.001
0.105	0.893	0.001	0.001
0.001	0.001	0.001	0.997
0.159	0.720	0.001	0.120
0.111	0.001	0.887	0.001
0.001	0.001	0.162	0.836
0.997	0.001	0.001	0.001
0.001	0.001	0.174	0.824
0.997	0.001	0.001	0.001
0.001	0.001	0.001	0.997
>TCTATCGTTT	3-TCTATCGTTT	10.082648	-14.973294	0	T:11.0(32.35%),B:1884.1(4.78%),P:1e-6	Tpos:566.7,Tstd:268.0,Bpos:526.7,Bstd:309.1,StrandBias:-0.4,Multiplicity:1.27
0.001	0.001	0.001	0.997
0.001	0.997	0.001	0.001
0.076	0.001	0.001	0.922
0.875	0.061	0.001	0.063
0.107	0.001	0.001	0.891
0.070	0.875	0.001	0.054
0.001	0.107	0.891	0.001
0.079	0.135	0.001	0.785
0.001	0.001	0.001	0.997
0.001	0.150	0.001	0.848
>TGACTTCAAA	4-TGACTTCAAA	9.060447	-14.402591	0	T:13.0(38.24%),B:2984.6(7.57%),P:1e-6	Tpos:490.3,Tstd:289.3,Bpos:507.6,Bstd:304.4,StrandBias:1.0,Multiplicity:1.15
0.242	0.001	0.001	0.756
0.002	0.002	0.916	0.080
0.689	0.001	0.309	0.001
0.064	0.893	0.001	0.042
0.001	0.071	0.067	0.861
0.084	0.002	0.135	0.779
0.028	0.970	0.001	0.001
0.830	0.001	0.083	0.086
0.809	0.189	0.001	0.001
0.912	0.006	0.081	0.001
>GTGGTGGTAA	5-GTGGTGGTAA	8.350283	-8.713231	0	T:7.0(20.59%),B:1396.5(3.54%),P:1e-3	Tpos:631.7,Tstd:281.5,Bpos:525.0,Bstd:307.9,StrandBias:1.8,Multiplicity:1.29
0.100	0.100	0.700	0.100
0.100	0.100	0.100	0.700
0.100	0.100	0.700	0.100
0.100	0.100	0.700	0.100
0.100	0.100	0.100	0.700
0.100	0.100	0.700	0.100
0.100	0.100	0.700	0.100
0.100	0.100	0.100	0.700
0.700	0.100	0.100	0.100
0.700	0.100	0.100	0.100
>TGCCTGCGAACG	1-TGCCTGCGAACG	15.096400	-21.258851	0	T:3.0(8.82%),B:0.0(0.00%),P:1e-9	Tpos:641.7,Tstd:140.5,Bpos:0.0,Bstd:0.0,StrandBias:10.0,Multiplicity:1.00
0.001	0.001	0.001	0.997
0.001	0.001	0.997	0.001
0.001	0.997	0.001	0.001
0.001	0.997	0.001	0.001
0.001	0.001	0.001	0.997
0.001	0.001	0.997	0.001
0.001	0.997	0.001	0.001
0.001	0.001	0.666	0.332
0.997	0.001	0.001	0.001
0.997	0.001	0.001	0.001
0.001	0.666	0.332	0.001
0.001	0.001	0.997	0.001
>AGGCTTTAAAAA	2-AGGCTTTAAAAA	14.807656	-18.331575	0	T:5.0(14.71%),B:80.3(0.20%),P:1e-7	Tpos:416.0,Tstd:236.7,Bpos:489.9,Bstd:291.8,StrandBias:-2.0,Multiplicity:1.00
0.997	0.001	0.001	0.001
0.001	0.001	0.997	0.001
0.001	0.001	0.997	0.001
0.001	0.997	0.001	0.001
0.001	0.001	0.001	0.997
0.001	0.001	0.001	0.997
0.001	0.265	0.001	0.733
0.997	0.001	0.001	0.001
0.997	0.001	0.001	0.001
0.997	0.001	0.001	0.001
0.997	0.001	0.001	0.001
0.772	0.001	0.001	0.226
>TTTCCATTTCAT	3-TTTCCATTTCAT	13.479953	-16.804094	0	T:6.0(17.65%),B:230.6(0.59%),P:1e-7	Tpos:491.5,Tstd:375.7,Bpos:490.4,Bstd:294.6,StrandBias:-1.0,Multiplicity:1.00
0.001	0.001	0.001	0.997
0.001	0.001	0.199	0.799
0.001	0.001	0.001	0.997
0.109	0.803	0.001	0.087
0.073	0.824	0.001	0.102
0.997	0.001	0.001	0.001
0.001	0.001	0.001	0.997
0.156	0.001	0.176	0.667
0.001	0.001	0.001	0.997
0.001	0.997	0.001	0.001
0.997	0.001	0.001	0.001
0.001	0.001	0.001	0.997
>CAGTTGCATTTT	4-CAGTTGCATTTT	14.072279	-14.281659	0	T:4.0(11.76%),B:74.6(0.19%),P:1e-6	Tpos:567.4,Tstd:222.6,Bpos:447.0,Bstd:318.2,StrandBias:0.6,Multiplicity:1.25
0.001	0.828	0.001	0.170
0.997	0.001	0.001	0.001
0.001	0.001	0.997	0.001
0.001	0.252	0.001	0.746
0.001	0.001	0.001	0.997
0.001	0.001	0.862	0.136
0.001	0.997	0.001	0.001
0.997	0.001	0.001	0.001
0.001	0.001	0.001	0.997
0.001	0.001	0.001	0.997
0.001	0.276	0.001	0.722
0.001	0.001	0.001	0.997
>ATTGACAAATTT	5-ATTGACAAATTT	11.602510	-13.239519	0	T:9.0(26.47%),B:1367.1(3.47%),P:1e-5	Tpos:492.8,Tstd:366.7,Bpos:499.3,Bstd:293.9,StrandBias:-1.0,Multiplicity:1.00
0.597	0.001	0.205	0.197
0.001	0.001	0.001	0.997
0.001	0.076	0.001	0.922
0.001	0.001	0.909	0.089
0.703	0.001	0.181	0.115
0.001	0.808	0.001	0.190
0.997	0.001	0.001	0.001
0.756	0.001	0.001	0.242
0.863	0.135	0.001	0.001
0.001	0.131	0.001	0.867
0.245	0.124	0.001	0.630
0.001	0.001	0.001	0.997
>TAATAAATTTAT	6-TAATAAATTTAT	13.954803	-13.138513	0	T:5.0(14.71%),B:236.7(0.60%),P:1e-5	Tpos:717.1,Tstd:244.5,Bpos:550.1,Bstd:293.0,StrandBias:-0.4,Multiplicity:1.20
0.001	0.146	0.001	0.852
0.810	0.022	0.001	0.167
0.997	0.001	0.001	0.001
0.001	0.001	0.001	0.997
0.792	0.206	0.001	0.001
0.782	0.216	0.001	0.001
0.997	0.001	0.001	0.001
0.001	0.001	0.001	0.997
0.204	0.001	0.001	0.794
0.001	0.001	0.001	0.997
0.997	0.001	0.001	0.001
0.001	0.001	0.001	0.997
>AATTGTTTATGT	7-AATTGTTTATGT	10.931178	-12.462445	0	T:14.0(41.18%),B:4163.2(10.57%),P:1e-5	Tpos:487.2,Tstd:281.3,Bpos:510.1,Bstd:316.4,StrandBias:-0.7,Multiplicity:1.29
0.920	0.001	0.001	0.078
0.816	0.085	0.098	0.001
0.001	0.165	0.001	0.833
0.008	0.001	0.165	0.826
0.043	0.001	0.734	0.222
0.070	0.001	0.001	0.928
0.208	0.001	0.001	0.790
0.001	0.001	0.064	0.934
0.788	0.001	0.129	0.082
0.001	0.001	0.001	0.997
0.001	0.001	0.615	0.383
0.155	0.001	0.001	0.843
>TTTCATGCAAAC	8-TTTCATGCAAAC	13.098768	-10.141345	0	T:3.0(8.82%),B:73.0(0.19%),P:1e-4	Tpos:324.5,Tstd:280.4,Bpos:534.9,Bstd:332.3,StrandBias:0.0,Multiplicity:1.00
0.001	0.001	0.001	0.997
0.001	0.001	0.001	0.997
0.001	0.180	0.001	0.818
0.001	0.997	0.001	0.001
0.997	0.001	0.001	0.001
0.001	0.001	0.001	0.997
0.001	0.001	0.997	0.001
0.001	0.818	0.180	0.001
0.997	0.001	0.001	0.001
0.997	0.001	0.001	0.001
0.923	0.001	0.001	0.075
0.001	0.997	0.001	0.001
>AGCCCTAC	1-AGCCCTAC	7.555055	-12.612439	0	T:10.0(29.41%),B:1914.8(4.86%),P:1e-5	Tpos:437.7,Tstd:269.6,Bpos:494.6,Bstd:315.3,StrandBias:0.3,Multiplicity:1.10
0.908	0.001	0.001	0.090
0.001	0.139	0.836	0.024
0.001	0.837	0.001	0.161
0.001	0.997	0.001	0.001
0.001	0.855	0.001	0.143
0.013	0.001	0.001	0.985
0.834	0.001	0.164	0.001
0.122	0.661	0.175	0.042
>AACAYTCT	2-AACAYTCT	8.163186	-11.334229	0	T:16.0(47.06%),B:6010.6(15.25%),P:1e-4	Tpos:473.3,Tstd:303.4,Bpos:506.8,Bstd:298.4,StrandBias:0.2,Multiplicity:1.19
0.816	0.001	0.182	0.001
0.916	0.082	0.001	0.001
0.001	0.901	0.001	0.097
0.997	0.001	0.001	0.001
0.001	0.407	0.087	0.505
0.001	0.294	0.001	0.704
0.001	0.997	0.001	0.001
0.001	0.225	0.001	0.773
>GTWTGTTG	3-GTWTGTTG	9.613543	-11.013643	0	T:13.0(38.24%),B:4048.7(10.27%),P:1e-4	Tpos:552.0,Tstd:291.3,Bpos:499.5,Bstd:295.9,StrandBias:-1.3,Multiplicity:1.08
0.001	0.001	0.997	0.001
0.413	0.001	0.001	0.585
0.435	0.001	0.001	0.563
0.001	0.001	0.001	0.997
0.001	0.001	0.997	0.001
0.001	0.001	0.001	0.997
0.001	0.001	0.001	0.997
0.001	0.001	0.997	0.001
>TAAACTAT	4-TAAACTAT	8.236954	-8.525383	0	T:9.0(26.47%),B:2488.2(6.31%),P:1e-3	Tpos:280.3,Tstd:290.6,Bpos:511.9,Bstd:297.1,StrandBias:-1.0,Multiplicity:1.00
0.100	0.100	0.100	0.700
0.700	0.100	0.100	0.100
0.700	0.100	0.100	0.100
0.700	0.100	0.100	0.100
0.100	0.700	0.100	0.100
0.100	0.100	0.100	0.700
0.700	0.100	0.100	0.100
0.100	0.100	0.100	0.700
>ATTCCACC	5-ATTCCACC	7.116352	-8.471306	0	T:8.0(23.53%),B:1953.3(4.96%),P:1e-3	Tpos:372.8,Tstd:157.2,Bpos:486.0,Bstd:299.8,StrandBias:-1.0,Multiplicity:1.12
0.997	0.001	0.001	0.001
0.001	0.001	0.165	0.833
0.001	0.001	0.001	0.997
0.001	0.997	0.001	0.001
0.001	0.882	0.116	0.001
0.997	0.001	0.001	0.001
0.001	0.997	0.001	0.001
0.001	0.997	0.001	0.001
