>ACGTGTGCTC	1-ACGTGTGCTC	10.568353	-17.552558	0	T:7.0(20.59%),B:359.0(0.91%),P:1e-7	Tpos:475.0,Tstd:309.5,Bpos:560.8,Bstd:288.9,StrandBias:1.3,Multiplicity:1.00
0.910	0.088	0.001	0.001
0.001	0.997	0.001	0.001
0.001	0.001	0.900	0.098
0.161	0.001	0.001	0.837
0.001	0.168	0.830	0.001
0.001	0.001	0.001	0.997
0.001	0.184	0.814	0.001
0.160	0.838	0.001	0.001
0.001	0.001	0.001	0.997
0.001	0.997	0.001	0.001
>ACTCGTATAT	2-ACTCGTATAT	10.772999	-16.142398	0	T:7.0(20.59%),B:442.4(1.12%),P:1e-7	Tpos:582.4,Tstd:298.2,Bpos:513.5,Bstd:278.6,StrandBias:0.7,Multiplicity:1.14
0.997	0.001	0.001	0.001
0.105	0.893	0.001	0.001
0.001	0.001	0.001	0.997
0.159	0.720	0.001	0.120
0.111	0.001	0.887	0.001
0.001	0.001	0.162	0.836
0.997	0.001	0.001	0.001
0.001	0.001	0.174	0.824
0.997	0.001	0.001	0.001
0.001	0.001	0.001	0.997
>TCTATCGTTT	3-TCTATCGTTT	10.082648	-14.973294	0	T:11.0(32.35%),B:1884.1(4.78%),P:1e-6	Tpos:566.7,Tstd:268.0,Bpos:526.7,Bstd:309.1,StrandBias:-0.4,Multiplicity:1.27
0.001	0.001	0.001	0.997
0.001	0.997	0.001	0.001
0.076	0.001	0.001	0.922
0.875	0.061	0.001	0.063
0.107	0.001	0.001	0.891
0.070	0.875	0.001	0.054
0.001	0.107	0.891	0.001
0.079	0.135	0.001	0.785
0.001	0.001	0.001	0.997
0.001	0.150	0.001	0.848
>TGACTTCAAA	4-TGACTTCAAA	9.060447	-14.402591	0	T:13.0(38.24%),B:2984.6(7.57%),P:1e-6	Tpos:490.3,Tstd:289.3,Bpos:507.6,Bstd:304.4,StrandBias:1.0,Multiplicity:1.15
0.242	0.001	0.001	0.756
0.002	0.002	0.916	0.080
0.689	0.001	0.309	0.001
0.064	0.893	0.001	0.042
0.001	0.071	0.067	0.861
0.084	0.002	0.135	0.779
0.028	0.970	0.001	0.001
0.830	0.001	0.083	0.086
0.809	0.189	0.001	0.001
0.912	0.006	0.081	0.001
>GTGGTGGTAA	5-GTGGTGGTAA	8.350283	-8.713231	0	T:7.0(20.59%),B:1396.5(3.54%),P:1e-3	Tpos:631.7,Tstd:281.5,Bpos:525.0,Bstd:307.9,StrandBias:1.8,Multiplicity:1.29
0.100	0.100	0.700	0.100
0.100	0.100	0.100	0.700
0.100	0.100	0.700	0.100
0.100	0.100	0.700	0.100
0.100	0.100	0.100	0.700
0.100	0.100	0.700	0.100
0.100	0.100	0.700	0.100
0.100	0.100	0.100	0.700
0.700	0.100	0.100	0.100
0.700	0.100	0.100	0.100
