>AATTCACCTGYC	1-AATTCACCTGYC	11.668071	-27.036583	0	T:15.0(5.60%),B:173.7(0.42%),P:1e-11	Tpos:649.5,Tstd:308.7,Bpos:546.6,Bstd:345.0,StrandBias:-1.3,Multiplicity:1.00
0.562	0.328	0.109	0.001
0.638	0.001	0.194	0.167
0.001	0.001	0.003	0.995
0.001	0.001	0.001	0.997
0.001	0.997	0.001	0.001
0.997	0.001	0.001	0.001
0.001	0.681	0.317	0.001
0.001	0.997	0.001	0.001
0.001	0.001	0.001	0.997
0.208	0.001	0.790	0.001
0.073	0.467	0.001	0.459
0.275	0.647	0.001	0.077
>AGCTTAATTTTT	2-AGCTTAATTTTT	12.055744	-25.086820	0	T:28.0(10.45%),B:890.7(2.15%),P:1e-10	Tpos:519.2,Tstd:290.0,Bpos:495.6,Bstd:299.3,StrandBias:0.0,Multiplicity:1.00
0.853	0.063	0.001	0.083
0.039	0.001	0.959	0.001
0.027	0.913	0.059	0.001
0.001	0.001	0.001	0.997
0.043	0.091	0.113	0.753
0.901	0.047	0.001	0.051
0.890	0.063	0.001	0.046
0.001	0.001	0.087	0.911
0.001	0.001	0.001	0.997
0.001	0.001	0.001	0.997
0.082	0.001	0.001	0.916
0.068	0.001	0.001	0.930
>ATTAGTGACGCT	3-ATTAGTGACGCT	10.156612	-23.562181	0	T:14.0(5.22%),B:186.2(0.45%),P:1e-10	Tpos:511.3,Tstd:279.2,Bpos:550.1,Bstd:318.4,StrandBias:-1.0,Multiplicity:1.07
0.899	0.001	0.001	0.099
0.001	0.001	0.099	0.899
0.200	0.200	0.001	0.599
0.661	0.178	0.001	0.160
0.001	0.001	0.997	0.001
0.001	0.001	0.001	0.997
0.068	0.001	0.930	0.001
0.813	0.001	0.100	0.086
0.001	0.840	0.158	0.001
0.100	0.086	0.813	0.001
0.079	0.761	0.087	0.073
0.001	0.001	0.186	0.812
>ATCTTCTGTCAA	4-ATCTTCTGTCAA	13.202691	-23.373172	0	T:13.0(4.85%),B:153.2(0.37%),P:1e-10	Tpos:505.5,Tstd:297.4,Bpos:422.1,Bstd:313.9,StrandBias:1.7,Multiplicity:1.00
0.997	0.001	0.001	0.001
0.001	0.001	0.001	0.997
0.076	0.749	0.001	0.174
0.001	0.001	0.001	0.997
0.001	0.001	0.001	0.997
0.001	0.997	0.001	0.001
0.103	0.001	0.001	0.895
0.001	0.081	0.917	0.001
0.090	0.001	0.001	0.908
0.001	0.913	0.085	0.001
0.866	0.001	0.001	0.132
0.841	0.001	0.157	0.001
>CAATATTTGTCT	5-CAATATTTGTCT	8.575778	-23.207904	0	T:19.0(7.09%),B:417.4(1.01%),P:1e-10	Tpos:533.5,Tstd:344.5,Bpos:503.4,Bstd:312.9,StrandBias:0.0,Multiplicity:1.00
0.001	0.997	0.001	0.001
0.997	0.001	0.001	0.001
0.997	0.001	0.001	0.001
0.323	0.001	0.001	0.675
0.482	0.245	0.272	0.001
0.302	0.001	0.001	0.696
0.001	0.001	0.001	0.997
0.001	0.001	0.001	0.997
0.001	0.001	0.997	0.001
0.001	0.001	0.309	0.689
0.001	0.997	0.001	0.001
0.001	0.001	0.001	0.997
>TCTAATTTCCGG	6-TCTAATTTCCGG	10.739440	-22.884362	0	T:21.0(7.84%),B:535.2(1.29%),P:1e-9	Tpos:637.4,Tstd:286.0,Bpos:551.9,Bstd:322.7,StrandBias:1.2,Multiplicity:1.10
0.360	0.079	0.001	0.560
0.001	0.899	0.001	0.099
0.082	0.245	0.001	0.672
0.997	0.001	0.001	0.001
0.997	0.001	0.001	0.001
0.001	0.099	0.001	0.899
0.001	0.001	0.001	0.997
0.001	0.001	0.001	0.997
0.001	0.930	0.001	0.068
0.091	0.817	0.091	0.001
0.001	0.001	0.864	0.134
0.075	0.058	0.807	0.060
>ATTGATCTTTGA	7-ATTGATCTTTGA	12.066244	-22.746689	0	T:20.0(7.46%),B:483.5(1.17%),P:1e-9	Tpos:527.6,Tstd:265.2,Bpos:542.1,Bstd:342.4,StrandBias:-1.2,Multiplicity:1.00
0.627	0.315	0.001	0.057
0.141	0.001	0.001	0.857
0.001	0.001	0.001	0.997
0.174	0.001	0.824	0.001
0.997	0.001	0.001	0.001
0.050	0.001	0.229	0.720
0.313	0.628	0.058	0.001
0.001	0.001	0.001	0.997
0.001	0.001	0.001	0.997
0.001	0.001	0.001	0.997
0.001	0.001	0.997	0.001
0.997	0.001	0.001	0.001
>GATAATTATCTG	8-GATAATTATCTG	13.018494	-22.440340	0	T:9.0(3.36%),B:51.0(0.12%),P:1e-9	Tpos:465.2,Tstd:329.7,Bpos:472.0,Bstd:274.7,StrandBias:-0.6,Multiplicity:1.11
0.001	0.001	0.997	0.001
0.890	0.001	0.108	0.001
0.040	0.001	0.001	0.958
0.879	0.119	0.001	0.001
0.997	0.001	0.001	0.001
0.074	0.109	0.001	0.816
0.001	0.109	0.101	0.789
0.997	0.001	0.001	0.001
0.001	0.001	0.108	0.890
0.068	0.930	0.001	0.001
0.067	0.001	0.001	0.931
0.001	0.001	0.997	0.001
>ACACCAGGAAAT	9-ACACCAGGAAAT	11.536838	-19.588820	0	T:14.0(5.22%),B:257.1(0.62%),P:1e-8	Tpos:546.6,Tstd:251.0,Bpos:478.1,Bstd:311.7,StrandBias:-0.4,Multiplicity:1.00
0.705	0.001	0.254	0.040
0.001	0.954	0.001	0.044
0.591	0.001	0.131	0.277
0.134	0.864	0.001	0.001
0.353	0.550	0.001	0.096
0.786	0.001	0.001	0.212
0.150	0.157	0.692	0.001
0.218	0.001	0.780	0.001
0.851	0.001	0.074	0.074
0.933	0.001	0.065	0.001
0.905	0.093	0.001	0.001
0.001	0.001	0.001	0.997
>CAAGGAATAAAA	10-CAAGGAATAAAA	11.576459	-19.514922	0	T:18.0(6.72%),B:467.8(1.13%),P:1e-8	Tpos:427.9,Tstd:299.1,Bpos:517.1,Bstd:307.2,StrandBias:-0.6,Multiplicity:1.11
0.001	0.940	0.058	0.001
0.891	0.001	0.107	0.001
0.997	0.001	0.001	0.001
0.001	0.069	0.929	0.001
0.080	0.001	0.839	0.080
0.997	0.001	0.001	0.001
0.997	0.001	0.001	0.001
0.113	0.085	0.078	0.724
0.997	0.001	0.001	0.001
0.887	0.001	0.001	0.111
0.867	0.001	0.001	0.131
0.997	0.001	0.001	0.001
>CTAGAATGAAAA	11-CTAGAATGAAAA	10.046878	-19.179916	0	T:54.0(20.15%),B:3577.1(8.62%),P:1e-8	Tpos:555.4,Tstd:299.3,Bpos:525.0,Bstd:319.6,StrandBias:-1.0,Multiplicity:1.13
0.178	0.642	0.125	0.055
0.099	0.030	0.148	0.723
0.776	0.094	0.115	0.015
0.125	0.044	0.778	0.053
0.826	0.026	0.073	0.075
0.782	0.107	0.103	0.008
0.075	0.001	0.024	0.900
0.013	0.035	0.796	0.156
0.910	0.001	0.088	0.001
0.950	0.001	0.048	0.001
0.899	0.001	0.001	0.099
0.979	0.001	0.001	0.019
>TTTTCACCACGT	12-TTTTCACCACGT	13.258498	-19.147626	0	T:11.0(4.10%),B:142.0(0.34%),P:1e-8	Tpos:602.1,Tstd:328.1,Bpos:522.7,Bstd:306.1,StrandBias:0.3,Multiplicity:1.00
0.001	0.001	0.001	0.997
0.001	0.001	0.001	0.997
0.001	0.001	0.001	0.997
0.001	0.111	0.001	0.887
0.001	0.997	0.001	0.001
0.997	0.001	0.001	0.001
0.001	0.916	0.001	0.082
0.092	0.790	0.001	0.117
0.850	0.001	0.148	0.001
0.083	0.843	0.001	0.073
0.001	0.001	0.873	0.125
0.001	0.001	0.001	0.997
>TTCAGTGTTATA	13-TTCAGTGTTATA	11.761078	-18.990893	0	T:14.0(5.22%),B:270.9(0.65%),P:1e-8	Tpos:572.3,Tstd:311.3,Bpos:534.8,Bstd:341.5,StrandBias:-0.6,Multiplicity:1.07
0.001	0.001	0.001	0.997
0.001	0.001	0.001	0.997
0.001	0.876	0.001	0.122
0.997	0.001	0.001	0.001
0.068	0.001	0.930	0.001
0.001	0.089	0.001	0.909
0.001	0.001	0.957	0.041
0.116	0.116	0.001	0.767
0.101	0.001	0.001	0.897
0.854	0.089	0.001	0.056
0.063	0.001	0.001	0.935
0.940	0.001	0.001	0.058
>TCATATCTGACA	14-TCATATCTGACA	9.821853	-17.690742	0	T:29.0(10.82%),B:1335.6(3.22%),P:1e-7	Tpos:511.9,Tstd:300.6,Bpos:503.2,Bstd:328.9,StrandBias:0.0,Multiplicity:1.07
0.033	0.055	0.070	0.842
0.085	0.844	0.016	0.055
0.913	0.085	0.001	0.001
0.092	0.081	0.022	0.805
0.895	0.001	0.022	0.082
0.082	0.034	0.036	0.848
0.085	0.702	0.159	0.054
0.091	0.033	0.029	0.847
0.041	0.021	0.848	0.090
0.838	0.034	0.085	0.043
0.219	0.692	0.058	0.031
0.934	0.001	0.001	0.064
>CAGAACAAAATT	15-CAGAACAAAATT	9.897978	-17.618206	0	T:42.0(15.67%),B:2519.0(6.07%),P:1e-7	Tpos:516.9,Tstd:291.2,Bpos:498.8,Bstd:320.3,StrandBias:0.4,Multiplicity:1.17
0.039	0.854	0.049	0.058
0.770	0.073	0.061	0.096
0.085	0.032	0.836	0.047
0.784	0.112	0.031	0.073
0.897	0.036	0.037	0.030
0.065	0.871	0.030	0.034
0.753	0.088	0.075	0.084
0.870	0.063	0.032	0.035
0.906	0.058	0.020	0.016
0.752	0.063	0.044	0.141
0.054	0.031	0.023	0.892
0.052	0.046	0.080	0.822
>TATGATTACCAC	16-TATGATTACCAC	8.493332	-17.489492	0	T:44.0(16.42%),B:2727.6(6.57%),P:1e-7	Tpos:525.0,Tstd:313.3,Bpos:504.1,Bstd:333.4,StrandBias:-0.8,Multiplicity:1.00
0.119	0.001	0.074	0.806
0.730	0.001	0.260	0.009
0.036	0.100	0.052	0.812
0.169	0.028	0.663	0.140
0.769	0.044	0.101	0.086
0.079	0.001	0.034	0.886
0.001	0.044	0.037	0.918
0.920	0.001	0.078	0.001
0.079	0.788	0.001	0.132
0.173	0.790	0.036	0.001
0.905	0.093	0.001	0.001
0.120	0.741	0.066	0.073
>TAGTTAACAGGT	17-TAGTTAACAGGT	14.799303	-16.676365	0	T:4.0(1.49%),B:3.3(0.01%),P:1e-7	Tpos:494.8,Tstd:111.2,Bpos:458.3,Bstd:227.8,StrandBias:0.6,Multiplicity:1.25
0.001	0.001	0.001	0.997
0.997	0.001	0.001	0.001
0.001	0.001	0.997	0.001
0.001	0.001	0.001	0.997
0.001	0.001	0.222	0.776
0.997	0.001	0.001	0.001
0.997	0.001	0.001	0.001
0.001	0.740	0.001	0.258
0.997	0.001	0.001	0.001
0.001	0.001	0.997	0.001
0.001	0.001	0.997	0.001
0.001	0.001	0.001	0.997
>ACAACACGCATT	18-ACAACACGCATT	11.666949	-16.299179	0	T:7.0(2.61%),B:50.2(0.12%),P:1e-7	Tpos:590.9,Tstd:242.7,Bpos:519.8,Bstd:316.4,StrandBias:0.7,Multiplicity:1.14
0.975	0.001	0.001	0.023
0.222	0.776	0.001	0.001
0.622	0.001	0.376	0.001
0.997	0.001	0.001	0.001
0.001	0.997	0.001	0.001
0.949	0.001	0.049	0.001
0.001	0.997	0.001	0.001
0.001	0.001	0.997	0.001
0.001	0.997	0.001	0.001
0.997	0.001	0.001	0.001
0.324	0.001	0.001	0.674
0.001	0.001	0.001	0.997
>TGTTGWGTMTAC	19-TGTTGWGTMTAC	10.651296	-15.828042	0	T:15.0(5.60%),B:410.8(0.99%),P:1e-6	Tpos:453.9,Tstd:290.6,Bpos:485.2,Bstd:302.1,StrandBias:0.6,Multiplicity:1.00
0.094	0.001	0.001	0.904
0.001	0.001	0.757	0.241
0.171	0.001	0.001	0.827
0.179	0.001	0.004	0.816
0.001	0.101	0.897	0.001
0.305	0.067	0.239	0.389
0.001	0.108	0.890	0.001
0.025	0.001	0.001	0.973
0.479	0.397	0.001	0.123
0.001	0.158	0.001	0.840
0.623	0.141	0.001	0.235
0.001	0.923	0.075	0.001
>GAATTCAGCGTT	20-GAATTCAGCGTT	12.355432	-13.775253	0	T:3.0(1.12%),B:1.6(0.00%),P:1e-5	Tpos:501.0,Tstd:239.7,Bpos:208.0,Bstd:79.4,StrandBias:-10.0,Multiplicity:1.00
0.100	0.100	0.700	0.100
0.700	0.100	0.100	0.100
0.700	0.100	0.100	0.100
0.100	0.100	0.100	0.700
0.100	0.100	0.100	0.700
0.100	0.700	0.100	0.100
0.700	0.100	0.100	0.100
0.100	0.100	0.700	0.100
0.100	0.700	0.100	0.100
0.100	0.100	0.700	0.100
0.100	0.100	0.100	0.700
0.100	0.100	0.100	0.700
>GTCGGCTGCTCA	21-GTCGGCTGCTCA	11.871609	-11.030467	0	T:9.0(3.36%),B:215.2(0.52%),P:1e-4	Tpos:635.2,Tstd:245.5,Bpos:448.3,Bstd:288.9,StrandBias:1.3,Multiplicity:1.89
0.001	0.001	0.647	0.351
0.001	0.001	0.001	0.997
0.001	0.997	0.001	0.001
0.001	0.001	0.823	0.175
0.001	0.001	0.997	0.001
0.001	0.997	0.001	0.001
0.001	0.167	0.001	0.831
0.001	0.001	0.997	0.001
0.203	0.657	0.001	0.139
0.001	0.001	0.001	0.997
0.196	0.556	0.247	0.001
0.717	0.001	0.001	0.281
>GCTCCAGATTTG	22-GCTCCAGATTTG	12.355432	-9.006438	0	T:2.0(0.75%),B:1.1(0.00%),P:1e-3	Tpos:564.0,Tstd:178.9,Bpos:73.7,Bstd:27.8,StrandBias:10.0,Multiplicity:1.50
0.100	0.100	0.700	0.100
0.100	0.700	0.100	0.100
0.100	0.100	0.100	0.700
0.100	0.700	0.100	0.100
0.100	0.700	0.100	0.100
0.700	0.100	0.100	0.100
0.100	0.100	0.700	0.100
0.700	0.100	0.100	0.100
0.100	0.100	0.100	0.700
0.100	0.100	0.100	0.700
0.100	0.100	0.100	0.700
0.100	0.100	0.700	0.100
>GATTCGCAGACG	23-GATTCGCAGACG	14.805566	-7.409756	0	T:2.0(0.75%),B:4.6(0.01%),P:1e-3	Tpos:612.7,Tstd:154.3,Bpos:490.2,Bstd:246.9,StrandBias:2.3,Multiplicity:3.00
0.001	0.001	0.997	0.001
0.711	0.287	0.001	0.001
0.001	0.001	0.001	0.997
0.001	0.001	0.001	0.997
0.001	0.576	0.422	0.001
0.001	0.001	0.997	0.001
0.001	0.997	0.001	0.001
0.997	0.001	0.001	0.001
0.001	0.001	0.997	0.001
0.997	0.001	0.001	0.001
0.001	0.997	0.001	0.001
0.001	0.001	0.997	0.001
>CRSAAWGTGCGC	24-CRSAAWGTGCGC	11.762261	-6.698716	0	T:6.0(2.24%),B:177.7(0.43%),P:1e-2	Tpos:369.5,Tstd:192.9,Bpos:554.4,Bstd:298.8,StrandBias:0.2,Multiplicity:2.17
0.001	0.997	0.001	0.001
0.558	0.001	0.440	0.001
0.001	0.494	0.504	0.001
0.997	0.001	0.001	0.001
0.777	0.001	0.213	0.009
0.465	0.001	0.001	0.533
0.001	0.309	0.689	0.001
0.001	0.001	0.001	0.997
0.001	0.001	0.997	0.001
0.001	0.997	0.001	0.001
0.001	0.001	0.775	0.223
0.001	0.987	0.001	0.011
>AGCGCCATAGTC	25-AGCGCCATAGTC	15.705175	-4.358595	0	T:1.0(0.37%),B:1.2(0.00%),P:1e-1	Tpos:484.0,Tstd:0.0,Bpos:295.0,Bstd:0.0,StrandBias:10.0,Multiplicity:1.00
0.740	0.001	0.258	0.001
0.001	0.001	0.997	0.001
0.001	0.997	0.001	0.001
0.001	0.001	0.997	0.001
0.001	0.997	0.001	0.001
0.258	0.740	0.001	0.001
0.997	0.001	0.001	0.001
0.001	0.258	0.001	0.740
0.997	0.001	0.001	0.001
0.001	0.001	0.997	0.001
0.001	0.001	0.001	0.997
0.001	0.997	0.001	0.001
