>NCYAGACT	1-NCYAGACT	6.324341	-27.998228	0	T:127.0(47.39%),B:11139.3(26.85%),P:1e-12	Tpos:569.2,Tstd:289.4,Bpos:506.9,Bstd:324.1,StrandBias:0.0,Multiplicity:1.32
0.215	0.255	0.259	0.271
0.017	0.705	0.140	0.138
0.060	0.406	0.001	0.533
0.883	0.001	0.001	0.115
0.001	0.133	0.598	0.268
0.997	0.001	0.001	0.001
0.001	0.909	0.089	0.001
0.240	0.037	0.205	0.518
>TATTCCCG	2-TATTCCCG	7.085217	-19.844553	0	T:102.0(38.06%),B:9136.9(22.02%),P:1e-8	Tpos:515.3,Tstd:292.6,Bpos:510.8,Bstd:315.5,StrandBias:0.3,Multiplicity:1.25
0.286	0.008	0.001	0.705
0.922	0.047	0.003	0.028
0.001	0.067	0.004	0.928
0.027	0.002	0.277	0.694
0.217	0.494	0.001	0.288
0.178	0.585	0.236	0.001
0.249	0.727	0.023	0.001
0.001	0.059	0.876	0.064
>KATGATTA	3-KATGATTA	6.478356	-18.794898	0	T:122.0(45.52%),B:11991.4(28.91%),P:1e-8	Tpos:579.7,Tstd:290.7,Bpos:508.4,Bstd:332.3,StrandBias:-0.1,Multiplicity:1.37
0.001	0.152	0.456	0.391
0.630	0.368	0.001	0.001
0.001	0.001	0.001	0.997
0.061	0.001	0.937	0.001
0.997	0.001	0.001	0.001
0.001	0.001	0.001	0.997
0.001	0.016	0.001	0.982
0.997	0.001	0.001	0.001
>TCACCTGT	4-TCACCTGT	8.527874	-17.941535	0	T:40.0(14.93%),B:2297.6(5.54%),P:1e-7	Tpos:701.8,Tstd:288.4,Bpos:529.1,Bstd:336.7,StrandBias:0.5,Multiplicity:1.10
0.001	0.001	0.108	0.890
0.001	0.997	0.001	0.001
0.997	0.001	0.001	0.001
0.001	0.997	0.001	0.001
0.001	0.997	0.001	0.001
0.001	0.001	0.001	0.997
0.001	0.001	0.997	0.001
0.001	0.271	0.001	0.727
>CSCTGAAC	5-CSCTGAAC	7.385256	-17.270908	0	T:66.0(24.63%),B:5124.4(12.35%),P:1e-7	Tpos:507.2,Tstd:284.0,Bpos:490.3,Bstd:323.7,StrandBias:0.4,Multiplicity:1.11
0.001	0.556	0.193	0.250
0.250	0.401	0.348	0.001
0.001	0.703	0.295	0.001
0.274	0.001	0.001	0.724
0.001	0.001	0.997	0.001
0.945	0.013	0.001	0.041
0.966	0.032	0.001	0.001
0.001	0.654	0.344	0.001
>CTGCCTGA	6-CTGCCTGA	6.764759	-15.818621	0	T:98.0(36.57%),B:9321.4(22.47%),P:1e-6	Tpos:495.9,Tstd:286.1,Bpos:492.2,Bstd:324.2,StrandBias:-0.6,Multiplicity:1.31
0.041	0.760	0.104	0.095
0.001	0.001	0.010	0.988
0.059	0.001	0.939	0.001
0.001	0.997	0.001	0.001
0.154	0.574	0.001	0.271
0.001	0.001	0.031	0.967
0.106	0.001	0.892	0.001
0.877	0.001	0.038	0.084
>GATAGATT	7-GATAGATT	9.633829	-12.581975	0	T:47.0(17.54%),B:3604.3(8.69%),P:1e-5	Tpos:607.6,Tstd:285.3,Bpos:509.3,Bstd:334.0,StrandBias:-0.1,Multiplicity:1.09
0.001	0.001	0.997	0.001
0.997	0.001	0.001	0.001
0.001	0.001	0.001	0.997
0.724	0.001	0.001	0.274
0.001	0.001	0.997	0.001
0.997	0.001	0.001	0.001
0.001	0.001	0.001	0.997
0.001	0.132	0.001	0.866
>ACTGCTAT	8-ACTGCTAT	9.371053	-12.016316	0	T:24.0(8.96%),B:1305.0(3.15%),P:1e-5	Tpos:585.0,Tstd:292.6,Bpos:506.0,Bstd:322.0,StrandBias:0.2,Multiplicity:1.00
0.997	0.001	0.001	0.001
0.001	0.815	0.183	0.001
0.001	0.001	0.001	0.997
0.001	0.001	0.997	0.001
0.001	0.997	0.001	0.001
0.001	0.001	0.001	0.997
0.997	0.001	0.001	0.001
0.001	0.001	0.001	0.997
>CGTGAGAA	9-CGTGAGAA	8.236954	-11.248832	0	T:20.0(7.46%),B:1008.6(2.43%),P:1e-4	Tpos:580.7,Tstd:276.3,Bpos:515.8,Bstd:330.4,StrandBias:-0.6,Multiplicity:1.00
0.100	0.700	0.100	0.100
0.100	0.100	0.700	0.100
0.100	0.100	0.100	0.700
0.100	0.100	0.700	0.100
0.700	0.100	0.100	0.100
0.100	0.100	0.700	0.100
0.700	0.100	0.100	0.100
0.700	0.100	0.100	0.100
>TAATGCCA	10-TAATGCCA	9.198520	-10.109009	0	T:19.0(7.09%),B:1005.3(2.42%),P:1e-4	Tpos:551.4,Tstd:298.5,Bpos:497.8,Bstd:316.9,StrandBias:0.0,Multiplicity:1.05
0.001	0.001	0.001	0.997
0.997	0.001	0.001	0.001
0.997	0.001	0.001	0.001
0.001	0.001	0.001	0.997
0.001	0.001	0.997	0.001
0.001	0.997	0.001	0.001
0.001	0.997	0.001	0.001
0.844	0.154	0.001	0.001
>AGCAGCCG	11-AGCAGCCG	8.067061	-6.865082	0	T:24.0(8.96%),B:1842.7(4.44%),P:1e-2	Tpos:560.4,Tstd:242.5,Bpos:484.6,Bstd:291.6,StrandBias:-0.4,Multiplicity:1.43
0.882	0.116	0.001	0.001
0.001	0.001	0.997	0.001
0.001	0.997	0.001	0.001
0.938	0.001	0.001	0.060
0.001	0.001	0.997	0.001
0.092	0.906	0.001	0.001
0.001	0.897	0.101	0.001
0.001	0.073	0.925	0.001
