>GCGGCATTTGCA	14-GCGGCATTTGCA,BestGuess:unc-86/MA0926.1/Jaspar(0.503)	9.475237	-22.373665	0	T:33.0(7.08%),B:736.6(1.86%),P:1e-9
0.100	0.041	0.838	0.021
0.030	0.935	0.001	0.034
0.148	0.001	0.850	0.001
0.157	0.091	0.751	0.001
0.099	0.842	0.041	0.018
0.826	0.056	0.077	0.041
0.116	0.124	0.051	0.709
0.001	0.145	0.034	0.820
0.053	0.001	0.001	0.945
0.054	0.032	0.712	0.202
0.041	0.827	0.031	0.101
0.953	0.001	0.045	0.001
