>TGCAAATGCCGC	14-GCGGCATTTGCA	9.475237	-22.373665	0	T:33.0(7.08%),B:736.6(1.86%),P:1e-9
0.001	0.045	0.001	0.953
0.101	0.031	0.827	0.041
0.202	0.712	0.032	0.054
0.945	0.001	0.001	0.053
0.820	0.034	0.145	0.001
0.709	0.051	0.124	0.116
0.041	0.077	0.056	0.826
0.018	0.041	0.842	0.099
0.001	0.751	0.091	0.157
0.001	0.850	0.001	0.148
0.034	0.001	0.935	0.030
0.021	0.838	0.041	0.100
