>TGCCCGGC	1-TGCCCGGC	7.646182	-19.725624	0	T:14.0(37.84%),B:2064.1(5.30%),P:1e-8	Tpos:730.6,Tstd:275.8,Bpos:510.1,Bstd:317.7,StrandBias:0.2,Multiplicity:1.14
0.083	0.001	0.113	0.803
0.001	0.001	0.863	0.135
0.001	0.997	0.001	0.001
0.081	0.803	0.001	0.115
0.001	0.857	0.077	0.065
0.001	0.078	0.842	0.079
0.080	0.001	0.918	0.001
0.001	0.997	0.001	0.001
>AGTVTAGA	2-AGTVTAGA	8.524030	-12.502204	0	T:13.0(35.14%),B:3164.9(8.12%),P:1e-5	Tpos:659.9,Tstd:252.9,Bpos:508.9,Bstd:315.2,StrandBias:-0.5,Multiplicity:1.31
0.997	0.001	0.001	0.001
0.218	0.001	0.780	0.001
0.001	0.318	0.001	0.680
0.299	0.288	0.412	0.001
0.001	0.001	0.001	0.997
0.997	0.001	0.001	0.001
0.100	0.001	0.898	0.001
0.603	0.001	0.001	0.395
>ACCACGTG	3-ACCACGTG	7.353691	-7.068347	0	T:13.0(35.14%),B:5341.9(13.71%),P:1e-3	Tpos:455.3,Tstd:352.3,Bpos:523.3,Bstd:322.1,StrandBias:0.8,Multiplicity:1.46
0.718	0.103	0.097	0.082
0.128	0.715	0.001	0.156
0.138	0.769	0.092	0.001
0.997	0.001	0.001	0.001
0.001	0.997	0.001	0.001
0.066	0.001	0.932	0.001
0.001	0.001	0.001	0.997
0.001	0.001	0.923	0.075
>CCAGAGAA	4-CCAGAGAA	8.504643	-7.047511	0	T:8.0(21.62%),B:2182.6(5.60%),P:1e-3	Tpos:655.6,Tstd:240.7,Bpos:504.5,Bstd:311.3,StrandBias:-0.6,Multiplicity:1.25
0.001	0.997	0.001	0.001
0.001	0.997	0.001	0.001
0.997	0.001	0.001	0.001
0.001	0.001	0.997	0.001
0.997	0.001	0.001	0.001
0.001	0.001	0.997	0.001
0.843	0.001	0.001	0.155
0.907	0.001	0.001	0.091
>CCGTAACC	5-CCGTAACC	9.881879	-6.474494	0	T:5.0(13.51%),B:897.5(2.30%),P:1e-2	Tpos:520.1,Tstd:248.4,Bpos:506.2,Bstd:316.4,StrandBias:0.7,Multiplicity:1.60
0.001	0.997	0.001	0.001
0.001	0.693	0.001	0.305
0.001	0.001	0.997	0.001
0.001	0.001	0.001	0.997
0.997	0.001	0.001	0.001
0.997	0.001	0.001	0.001
0.001	0.997	0.001	0.001
0.001	0.997	0.001	0.001
