>ACTACAGGTA	1-ACTACAGGTA	10.803305	-20.530455	0	T:7.0(18.92%),B:207.9(0.53%),P:1e-8	Tpos:293.6,Tstd:262.5,Bpos:477.2,Bstd:299.2,StrandBias:1.3,Multiplicity:1.00
0.694	0.166	0.001	0.139
0.001	0.997	0.001	0.001
0.132	0.172	0.001	0.695
0.997	0.001	0.001	0.001
0.001	0.997	0.001	0.001
0.861	0.001	0.001	0.137
0.001	0.001	0.997	0.001
0.001	0.001	0.883	0.115
0.001	0.001	0.001	0.997
0.997	0.001	0.001	0.001
>GAGMRCACGT	2-GAGMRCACGT	8.290474	-14.324665	0	T:11.0(29.73%),B:1805.2(4.63%),P:1e-6	Tpos:575.8,Tstd:279.1,Bpos:515.3,Bstd:321.2,StrandBias:-0.5,Multiplicity:1.55
0.001	0.126	0.676	0.197
0.771	0.227	0.001	0.001
0.001	0.125	0.873	0.001
0.469	0.528	0.001	0.002
0.490	0.137	0.371	0.001
0.010	0.988	0.001	0.001
0.987	0.001	0.001	0.011
0.001	0.935	0.001	0.063
0.128	0.081	0.790	0.001
0.085	0.084	0.082	0.749
>ATCACGATCT	3-ATCACGATCT	10.637860	-13.993035	0	T:7.0(18.92%),B:551.9(1.42%),P:1e-6	Tpos:547.4,Tstd:277.2,Bpos:486.7,Bstd:331.3,StrandBias:-1.6,Multiplicity:1.14
0.997	0.001	0.001	0.001
0.001	0.001	0.001	0.997
0.001	0.997	0.001	0.001
0.853	0.001	0.001	0.145
0.124	0.874	0.001	0.001
0.115	0.001	0.883	0.001
0.819	0.179	0.001	0.001
0.150	0.001	0.001	0.848
0.001	0.910	0.001	0.088
0.001	0.001	0.001	0.997
>YACTACACCA	4-YACTACACCA	7.405052	-12.456705	0	T:8.0(21.62%),B:1002.6(2.57%),P:1e-5	Tpos:514.8,Tstd:312.2,Bpos:485.1,Bstd:298.5,StrandBias:0.3,Multiplicity:1.12
0.001	0.543	0.001	0.455
0.887	0.001	0.111	0.001
0.001	0.997	0.001	0.001
0.001	0.001	0.001	0.997
0.941	0.001	0.001	0.057
0.001	0.997	0.001	0.001
0.949	0.001	0.001	0.049
0.001	0.578	0.001	0.420
0.001	0.988	0.001	0.010
0.997	0.001	0.001	0.001
>AAATCGCTTT	5-AAATCGCTTT	8.350283	-7.780794	0	T:14.0(37.84%),B:5665.8(14.54%),P:1e-3	Tpos:459.5,Tstd:252.7,Bpos:510.9,Bstd:325.4,StrandBias:-0.4,Multiplicity:1.36
0.700	0.100	0.100	0.100
0.700	0.100	0.100	0.100
0.700	0.100	0.100	0.100
0.100	0.100	0.100	0.700
0.100	0.700	0.100	0.100
0.100	0.100	0.700	0.100
0.100	0.700	0.100	0.100
0.100	0.100	0.100	0.700
0.100	0.100	0.100	0.700
0.100	0.100	0.100	0.700
>AAAATTTKND	6-AAAATTTKND	7.993754	-7.421825	0	T:18.0(48.65%),B:9004.3(23.10%),P:1e-3	Tpos:461.7,Tstd:270.5,Bpos:495.8,Bstd:309.9,StrandBias:-0.3,Multiplicity:1.50
0.724	0.079	0.094	0.103
0.790	0.073	0.088	0.049
0.764	0.035	0.039	0.162
0.618	0.040	0.041	0.301
0.157	0.064	0.106	0.673
0.109	0.057	0.067	0.767
0.120	0.088	0.104	0.688
0.144	0.163	0.370	0.323
0.227	0.306	0.167	0.300
0.281	0.138	0.304	0.277
>MATTTTGGAA	7-MATTTTGGAA	6.453225	-7.120001	0	T:17.0(45.95%),B:8387.0(21.52%),P:1e-3	Tpos:448.8,Tstd:250.5,Bpos:489.3,Bstd:312.1,StrandBias:-1.5,Multiplicity:1.82
0.545	0.453	0.001	0.001
0.997	0.001	0.001	0.001
0.001	0.035	0.001	0.963
0.053	0.001	0.001	0.945
0.001	0.035	0.001	0.963
0.001	0.001	0.001	0.997
0.001	0.001	0.997	0.001
0.001	0.001	0.997	0.001
0.946	0.052	0.001	0.001
0.739	0.001	0.259	0.001
>GACTACACTR	8-GACTACACTR	10.253384	-6.146688	0	T:3.0(8.11%),B:267.5(0.69%),P:1e-2	Tpos:855.6,Tstd:40.2,Bpos:512.9,Bstd:311.1,StrandBias:0.6,Multiplicity:1.67
0.142	0.222	0.635	0.001
0.997	0.001	0.001	0.001
0.332	0.666	0.001	0.001
0.001	0.171	0.001	0.827
0.816	0.001	0.001	0.182
0.001	0.997	0.001	0.001
0.531	0.001	0.264	0.204
0.001	0.997	0.001	0.001
0.001	0.001	0.001	0.997
0.481	0.001	0.517	0.001
>GTTGAGGATAAT	1-GTTGAGGATAAT	11.161912	-24.673785	0	T:5.0(13.51%),B:18.3(0.05%),P:1e-10	Tpos:454.0,Tstd:324.2,Bpos:413.3,Bstd:288.5,StrandBias:-0.6,Multiplicity:1.00
0.001	0.001	0.997	0.001
0.001	0.103	0.047	0.849
0.092	0.059	0.001	0.848
0.001	0.001	0.997	0.001
0.997	0.001	0.001	0.001
0.001	0.001	0.997	0.001
0.001	0.001	0.997	0.001
0.997	0.001	0.001	0.001
0.001	0.001	0.001	0.997
0.997	0.001	0.001	0.001
0.997	0.001	0.001	0.001
0.001	0.001	0.001	0.997
>ACCCATGCAAAT	2-ACCCATGCAAAT	14.985088	-20.511731	0	T:4.0(10.81%),B:12.6(0.03%),P:1e-8	Tpos:477.0,Tstd:197.9,Bpos:561.7,Bstd:315.4,StrandBias:0.0,Multiplicity:1.00
0.997	0.001	0.001	0.001
0.001	0.997	0.001	0.001
0.001	0.997	0.001	0.001
0.001	0.997	0.001	0.001
0.630	0.368	0.001	0.001
0.001	0.001	0.001	0.997
0.001	0.001	0.997	0.001
0.001	0.684	0.314	0.001
0.997	0.001	0.001	0.001
0.997	0.001	0.001	0.001
0.997	0.001	0.001	0.001
0.001	0.001	0.001	0.997
>ACTAGATAAATT	3-ACTAGATAAATT	13.477344	-18.371267	0	T:6.0(16.22%),B:159.0(0.41%),P:1e-7	Tpos:436.8,Tstd:359.9,Bpos:500.4,Bstd:316.3,StrandBias:-1.0,Multiplicity:1.00
0.997	0.001	0.001	0.001
0.001	0.853	0.001	0.145
0.001	0.001	0.001	0.997
0.997	0.001	0.001	0.001
0.121	0.001	0.877	0.001
0.997	0.001	0.001	0.001
0.098	0.001	0.001	0.900
0.997	0.001	0.001	0.001
0.777	0.001	0.221	0.001
0.762	0.001	0.236	0.001
0.001	0.001	0.001	0.997
0.001	0.001	0.001	0.997
>CAACTTTTTGCC	4-CAACTTTTTGCC	10.862058	-15.016733	0	T:9.0(24.32%),B:991.0(2.54%),P:1e-6	Tpos:499.5,Tstd:352.4,Bpos:498.1,Bstd:317.2,StrandBias:1.2,Multiplicity:1.11
0.169	0.695	0.001	0.135
0.864	0.134	0.001	0.001
0.997	0.001	0.001	0.001
0.209	0.699	0.001	0.091
0.001	0.001	0.001	0.997
0.001	0.001	0.220	0.778
0.001	0.001	0.001	0.997
0.001	0.169	0.001	0.829
0.001	0.142	0.220	0.637
0.100	0.001	0.898	0.001
0.001	0.899	0.009	0.091
0.001	0.748	0.250	0.001
>TTTACATTTTGA	5-TTTACATTTTGA	11.988501	-13.915398	0	T:11.0(29.73%),B:1882.8(4.83%),P:1e-6	Tpos:763.6,Tstd:186.8,Bpos:496.0,Bstd:294.4,StrandBias:0.3,Multiplicity:1.00
0.100	0.001	0.142	0.757
0.236	0.001	0.001	0.762
0.209	0.196	0.001	0.594
0.997	0.001	0.001	0.001
0.238	0.666	0.001	0.095
0.997	0.001	0.001	0.001
0.009	0.001	0.001	0.989
0.001	0.001	0.001	0.997
0.001	0.001	0.001	0.997
0.087	0.001	0.001	0.911
0.001	0.001	0.891	0.107
0.856	0.001	0.142	0.001
>CCAAAATTTCTA	6-CCAAAATTTCTA	9.977426	-11.295644	0	T:16.0(43.24%),B:5381.0(13.81%),P:1e-4	Tpos:444.3,Tstd:267.6,Bpos:498.3,Bstd:309.9,StrandBias:0.1,Multiplicity:1.53
0.199	0.497	0.147	0.158
0.033	0.833	0.080	0.054
0.934	0.001	0.001	0.064
0.947	0.051	0.001	0.001
0.834	0.001	0.001	0.164
0.879	0.073	0.001	0.047
0.073	0.001	0.053	0.873
0.059	0.001	0.001	0.939
0.052	0.107	0.001	0.840
0.073	0.756	0.053	0.118
0.105	0.002	0.028	0.865
0.815	0.054	0.062	0.069
>AAGTTCCAAAAT	7-AAGTTCCAAAAT	13.016403	-11.067496	0	T:7.0(18.92%),B:865.2(2.22%),P:1e-4	Tpos:424.3,Tstd:262.1,Bpos:489.9,Bstd:315.7,StrandBias:1.3,Multiplicity:1.00
0.828	0.001	0.170	0.001
0.766	0.001	0.222	0.011
0.009	0.021	0.692	0.278
0.001	0.001	0.001	0.997
0.001	0.001	0.001	0.997
0.001	0.997	0.001	0.001
0.001	0.702	0.011	0.286
0.997	0.001	0.001	0.001
0.997	0.001	0.001	0.001
0.997	0.001	0.001	0.001
0.612	0.001	0.001	0.386
0.276	0.018	0.001	0.705
>TCCGAAAAAATC	8-TCCGAAAAAATC	10.409522	-10.206055	0	T:8.0(21.62%),B:1371.7(3.52%),P:1e-4	Tpos:521.1,Tstd:296.8,Bpos:498.5,Bstd:335.2,StrandBias:-0.3,Multiplicity:1.12
0.100	0.100	0.100	0.700
0.100	0.700	0.100	0.100
0.100	0.700	0.100	0.100
0.100	0.100	0.700	0.100
0.700	0.100	0.100	0.100
0.700	0.100	0.100	0.100
0.700	0.100	0.100	0.100
0.700	0.100	0.100	0.100
0.700	0.100	0.100	0.100
0.700	0.100	0.100	0.100
0.100	0.100	0.100	0.700
0.100	0.700	0.100	0.100
>CVAAATTTTTTT	9-CVAAATTTTTTT	12.134118	-6.908984	0	T:13.0(35.14%),B:5431.1(13.93%),P:1e-3	Tpos:546.4,Tstd:221.4,Bpos:492.9,Bstd:330.5,StrandBias:-0.1,Multiplicity:1.62
0.392	0.542	0.001	0.065
0.378	0.260	0.320	0.042
0.763	0.212	0.001	0.024
0.997	0.001	0.001	0.001
0.997	0.001	0.001	0.001
0.411	0.001	0.001	0.587
0.001	0.001	0.001	0.997
0.001	0.001	0.001	0.997
0.001	0.001	0.001	0.997
0.001	0.001	0.001	0.997
0.001	0.001	0.001	0.997
0.001	0.183	0.288	0.528
>GATTTAAAGGCG	10-GATTTAAAGGCG	14.335417	-6.439765	0	T:2.0(5.41%),B:61.0(0.16%),P:1e-2	Tpos:430.4,Tstd:260.5,Bpos:442.8,Bstd:317.6,StrandBias:-2.0,Multiplicity:2.50
0.001	0.213	0.785	0.001
0.485	0.248	0.266	0.001
0.001	0.001	0.001	0.997
0.001	0.001	0.001	0.997
0.001	0.001	0.001	0.997
0.997	0.001	0.001	0.001
0.997	0.001	0.001	0.001
0.997	0.001	0.001	0.001
0.001	0.001	0.997	0.001
0.001	0.001	0.997	0.001
0.001	0.997	0.001	0.001
0.001	0.001	0.997	0.001
>TGCCCGGC	1-TGCCCGGC	7.646182	-19.725624	0	T:14.0(37.84%),B:2064.1(5.30%),P:1e-8	Tpos:730.6,Tstd:275.8,Bpos:510.1,Bstd:317.7,StrandBias:0.2,Multiplicity:1.14
0.083	0.001	0.113	0.803
0.001	0.001	0.863	0.135
0.001	0.997	0.001	0.001
0.081	0.803	0.001	0.115
0.001	0.857	0.077	0.065
0.001	0.078	0.842	0.079
0.080	0.001	0.918	0.001
0.001	0.997	0.001	0.001
>AGTVTAGA	2-AGTVTAGA	8.524030	-12.502204	0	T:13.0(35.14%),B:3164.9(8.12%),P:1e-5	Tpos:659.9,Tstd:252.9,Bpos:508.9,Bstd:315.2,StrandBias:-0.5,Multiplicity:1.31
0.997	0.001	0.001	0.001
0.218	0.001	0.780	0.001
0.001	0.318	0.001	0.680
0.299	0.288	0.412	0.001
0.001	0.001	0.001	0.997
0.997	0.001	0.001	0.001
0.100	0.001	0.898	0.001
0.603	0.001	0.001	0.395
>ACCACGTG	3-ACCACGTG	7.353691	-7.068347	0	T:13.0(35.14%),B:5341.9(13.71%),P:1e-3	Tpos:455.3,Tstd:352.3,Bpos:523.3,Bstd:322.1,StrandBias:0.8,Multiplicity:1.46
0.718	0.103	0.097	0.082
0.128	0.715	0.001	0.156
0.138	0.769	0.092	0.001
0.997	0.001	0.001	0.001
0.001	0.997	0.001	0.001
0.066	0.001	0.932	0.001
0.001	0.001	0.001	0.997
0.001	0.001	0.923	0.075
>CCAGAGAA	4-CCAGAGAA	8.504643	-7.047511	0	T:8.0(21.62%),B:2182.6(5.60%),P:1e-3	Tpos:655.6,Tstd:240.7,Bpos:504.5,Bstd:311.3,StrandBias:-0.6,Multiplicity:1.25
0.001	0.997	0.001	0.001
0.001	0.997	0.001	0.001
0.997	0.001	0.001	0.001
0.001	0.001	0.997	0.001
0.997	0.001	0.001	0.001
0.001	0.001	0.997	0.001
0.843	0.001	0.001	0.155
0.907	0.001	0.001	0.091
>CCGTAACC	5-CCGTAACC	9.881879	-6.474494	0	T:5.0(13.51%),B:897.5(2.30%),P:1e-2	Tpos:520.1,Tstd:248.4,Bpos:506.2,Bstd:316.4,StrandBias:0.7,Multiplicity:1.60
0.001	0.997	0.001	0.001
0.001	0.693	0.001	0.305
0.001	0.001	0.997	0.001
0.001	0.001	0.001	0.997
0.997	0.001	0.001	0.001
0.997	0.001	0.001	0.001
0.001	0.997	0.001	0.001
0.001	0.997	0.001	0.001
