>CCCCCCCCCCCY	20-CCCCCCCCCCCY	7.602063	-14.051428	0	T:55.0(7.01%),B:1386.4(3.39%),P:1e-6
0.131	0.531	0.049	0.289
0.069	0.651	0.061	0.219
0.072	0.670	0.049	0.209
0.120	0.646	0.043	0.191
0.092	0.665	0.056	0.187
0.075	0.690	0.035	0.200
0.075	0.665	0.052	0.208
0.088	0.702	0.062	0.148
0.146	0.603	0.078	0.173
0.145	0.586	0.059	0.210
0.194	0.529	0.065	0.212
0.212	0.441	0.056	0.292
