>GGCGATCGCCGA	18-TCGGCGATCGCC	10.054695	-14.684071	0	T:16.0(2.04%),B:166.7(0.41%),P:1e-6
0.052	0.001	0.912	0.035
0.072	0.060	0.796	0.072
0.145	0.733	0.001	0.121
0.037	0.072	0.890	0.001
0.904	0.001	0.043	0.052
0.134	0.001	0.059	0.806
0.002	0.831	0.038	0.129
0.071	0.001	0.927	0.001
0.059	0.709	0.231	0.001
0.257	0.683	0.001	0.059
0.110	0.001	0.888	0.001
0.678	0.062	0.256	0.004
