>GGAGCACCAGGA	21-GGAGCACCAGGA	7.667314	-11.077052	0	T:77.0(9.81%),B:2415.0(5.91%),P:1e-4
0.052	0.057	0.890	0.001
0.028	0.001	0.592	0.379
0.602	0.095	0.001	0.302
0.050	0.332	0.602	0.016
0.089	0.829	0.053	0.029
0.705	0.072	0.001	0.222
0.001	0.759	0.216	0.024
0.047	0.784	0.168	0.001
0.667	0.076	0.110	0.147
0.001	0.038	0.960	0.001
0.001	0.154	0.844	0.001
0.905	0.066	0.001	0.028
