>TTATYGAYTKAT	9-TTATYGAYTKAT,BestGuess:ceh-38/MA1699.1/Jaspar(0.833)	10.646269	-28.934745	0	T:106.0(13.50%),B:2555.7(6.25%),P:1e-12
0.028	0.016	0.065	0.891
0.020	0.017	0.207	0.756
0.891	0.096	0.012	0.001
0.012	0.001	0.001	0.986
0.049	0.528	0.001	0.422
0.015	0.023	0.939	0.023
0.949	0.001	0.032	0.018
0.001	0.528	0.091	0.380
0.029	0.021	0.120	0.830
0.001	0.048	0.473	0.478
0.655	0.001	0.001	0.343
0.032	0.035	0.034	0.899
