>TCAGTTCTTAAT	3-TCAGTTCTTAAT	10.819116	-44.638052	0	T:33.0(4.20%),B:187.8(0.46%),P:1e-19
0.024	0.082	0.021	0.873
0.057	0.553	0.238	0.152
0.754	0.169	0.038	0.039
0.042	0.145	0.626	0.187
0.073	0.073	0.015	0.839
0.063	0.045	0.036	0.856
0.044	0.904	0.041	0.011
0.047	0.060	0.152	0.741
0.108	0.222	0.169	0.501
0.658	0.052	0.041	0.249
0.540	0.118	0.185	0.157
0.226	0.012	0.018	0.744
