>CCGTGACCGC	1-CCGTGACCGC	8.932585	-26.109161	0	T:19.0(9.74%),B:468.5(1.18%),P:1e-11	Tpos:563.9,Tstd:266.9,Bpos:529.9,Bstd:321.7,StrandBias:0.7,Multiplicity:1.11
0.050	0.624	0.325	0.001
0.205	0.793	0.001	0.001
0.001	0.103	0.746	0.150
0.001	0.137	0.078	0.784
0.187	0.001	0.811	0.001
0.912	0.001	0.086	0.001
0.001	0.997	0.001	0.001
0.093	0.905	0.001	0.001
0.311	0.001	0.474	0.214
0.016	0.867	0.001	0.116
>GTACAAAGCA	2-GTACAAAGCA	8.763846	-24.626035	0	T:24.0(12.31%),B:878.1(2.21%),P:1e-10	Tpos:476.1,Tstd:264.1,Bpos:493.2,Bstd:307.8,StrandBias:0.7,Multiplicity:1.08
0.001	0.001	0.940	0.058
0.001	0.001	0.112	0.886
0.740	0.080	0.057	0.123
0.001	0.938	0.060	0.001
0.997	0.001	0.001	0.001
0.894	0.001	0.001	0.104
0.997	0.001	0.001	0.001
0.001	0.001	0.997	0.001
0.001	0.861	0.081	0.057
0.752	0.128	0.087	0.033
>CGCCATCGTA	3-CGCCATCGTA	7.106270	-23.430604	0	T:27.0(13.85%),B:1194.7(3.01%),P:1e-10	Tpos:465.7,Tstd:274.8,Bpos:477.3,Bstd:328.2,StrandBias:-1.4,Multiplicity:1.07
0.149	0.805	0.001	0.045
0.099	0.105	0.672	0.124
0.081	0.690	0.124	0.105
0.035	0.795	0.060	0.110
0.688	0.099	0.011	0.202
0.096	0.155	0.157	0.592
0.052	0.646	0.181	0.121
0.310	0.064	0.501	0.125
0.217	0.086	0.088	0.609
0.505	0.185	0.214	0.096
>TTCGTCTTTA	4-TTCGTCTTTA	7.074609	-22.338318	0	T:98.0(50.26%),B:11387.3(28.65%),P:1e-9	Tpos:511.3,Tstd:285.1,Bpos:521.8,Bstd:325.6,StrandBias:0.4,Multiplicity:1.35
0.053	0.068	0.027	0.852
0.031	0.052	0.092	0.825
0.040	0.836	0.079	0.045
0.026	0.067	0.839	0.068
0.070	0.027	0.043	0.860
0.111	0.795	0.071	0.023
0.059	0.045	0.112	0.784
0.081	0.119	0.056	0.744
0.089	0.128	0.050	0.733
0.739	0.126	0.079	0.056
>TACATCCCTC	5-TACATCCCTC	8.602658	-21.701827	0	T:17.0(8.72%),B:473.0(1.19%),P:1e-9	Tpos:549.2,Tstd:309.5,Bpos:556.1,Bstd:322.6,StrandBias:2.9,Multiplicity:1.00
0.001	0.001	0.089	0.909
0.854	0.066	0.079	0.001
0.065	0.933	0.001	0.001
0.844	0.082	0.001	0.073
0.001	0.001	0.001	0.997
0.001	0.944	0.001	0.054
0.001	0.949	0.001	0.049
0.001	0.940	0.001	0.058
0.001	0.001	0.115	0.883
0.090	0.821	0.001	0.088
>GCGATAGGGC	6-GCGATAGGGC	10.761645	-20.594186	0	T:10.0(5.13%),B:122.7(0.31%),P:1e-8	Tpos:520.4,Tstd:339.9,Bpos:580.8,Bstd:312.6,StrandBias:-0.3,Multiplicity:1.10
0.001	0.001	0.997	0.001
0.001	0.997	0.001	0.001
0.261	0.001	0.737	0.001
0.997	0.001	0.001	0.001
0.001	0.137	0.001	0.861
0.888	0.001	0.110	0.001
0.118	0.001	0.880	0.001
0.001	0.001	0.997	0.001
0.001	0.001	0.857	0.141
0.001	0.865	0.001	0.133
>TTTGTCCCGT	7-TTTGTCCCGT	7.087945	-19.810515	0	T:73.0(37.44%),B:7624.0(19.18%),P:1e-8	Tpos:510.3,Tstd:259.2,Bpos:528.8,Bstd:316.2,StrandBias:0.5,Multiplicity:1.25
0.015	0.041	0.030	0.914
0.105	0.110	0.051	0.734
0.060	0.117	0.075	0.748
0.058	0.058	0.806	0.078
0.042	0.050	0.046	0.862
0.077	0.815	0.059	0.049
0.068	0.783	0.083	0.066
0.105	0.773	0.052	0.070
0.073	0.102	0.715	0.110
0.068	0.064	0.012	0.856
>TTCTCGCGGT	8-TTCTCGCGGT	9.833997	-19.773856	0	T:16.0(8.21%),B:468.9(1.18%),P:1e-8	Tpos:515.2,Tstd:274.4,Bpos:526.9,Bstd:322.1,StrandBias:-1.7,Multiplicity:1.13
0.001	0.001	0.001	0.997
0.001	0.106	0.001	0.892
0.001	0.966	0.001	0.032
0.089	0.001	0.001	0.909
0.001	0.874	0.069	0.056
0.001	0.001	0.968	0.030
0.219	0.641	0.084	0.056
0.049	0.001	0.949	0.001
0.001	0.067	0.931	0.001
0.001	0.077	0.001	0.921
>CATTGATAGT	9-CATTGATAGT	7.536334	-19.410255	0	T:45.0(23.08%),B:3571.0(8.99%),P:1e-8	Tpos:532.5,Tstd:314.7,Bpos:493.0,Bstd:306.4,StrandBias:0.2,Multiplicity:1.07
0.049	0.855	0.069	0.027
0.845	0.064	0.044	0.047
0.096	0.040	0.064	0.800
0.088	0.067	0.001	0.844
0.071	0.040	0.805	0.084
0.804	0.099	0.069	0.028
0.062	0.085	0.028	0.825
0.777	0.068	0.032	0.123
0.095	0.091	0.756	0.058
0.080	0.093	0.130	0.697
>CCKGCAGAAA	10-CCKGCAGAAA	8.617498	-19.328749	0	T:32.0(16.41%),B:1985.1(5.00%),P:1e-8	Tpos:455.5,Tstd:267.4,Bpos:496.1,Bstd:327.4,StrandBias:-0.4,Multiplicity:1.10
0.001	0.782	0.160	0.057
0.001	0.906	0.054	0.039
0.122	0.001	0.393	0.484
0.155	0.001	0.843	0.001
0.057	0.839	0.001	0.103
0.810	0.001	0.188	0.001
0.044	0.001	0.876	0.079
0.718	0.096	0.185	0.001
0.997	0.001	0.001	0.001
0.723	0.001	0.001	0.275
>TCTTACTCCT	11-TCTTACTCCT	9.293316	-18.784391	0	T:29.0(14.87%),B:1699.4(4.28%),P:1e-8	Tpos:586.2,Tstd:315.9,Bpos:537.6,Bstd:333.3,StrandBias:2.5,Multiplicity:1.14
0.001	0.001	0.001	0.997
0.001	0.916	0.082	0.001
0.001	0.001	0.001	0.997
0.001	0.055	0.087	0.857
0.692	0.213	0.038	0.057
0.059	0.939	0.001	0.001
0.088	0.001	0.001	0.910
0.001	0.964	0.001	0.034
0.050	0.785	0.070	0.095
0.001	0.001	0.001	0.997
>GGACAATTTA	12-GGACAATTTA	7.480111	-17.838269	0	T:51.0(26.15%),B:4597.9(11.57%),P:1e-7	Tpos:483.5,Tstd:265.9,Bpos:507.8,Bstd:306.3,StrandBias:-0.3,Multiplicity:1.08
0.083	0.070	0.795	0.052
0.031	0.055	0.866	0.048
0.802	0.025	0.051	0.122
0.073	0.771	0.046	0.110
0.708	0.103	0.125	0.064
0.742	0.105	0.070	0.083
0.084	0.030	0.033	0.853
0.066	0.067	0.074	0.793
0.044	0.042	0.035	0.879
0.801	0.069	0.058	0.072
>GATCGAGAAA	13-GATCGAGAAA	9.333855	-17.412181	0	T:41.0(21.03%),B:3280.7(8.25%),P:1e-7	Tpos:435.3,Tstd:264.6,Bpos:520.0,Bstd:328.7,StrandBias:-0.1,Multiplicity:1.12
0.133	0.092	0.774	0.001
0.625	0.001	0.001	0.373
0.001	0.064	0.001	0.934
0.001	0.997	0.001	0.001
0.071	0.001	0.927	0.001
0.997	0.001	0.001	0.001
0.044	0.001	0.903	0.052
0.997	0.001	0.001	0.001
0.894	0.001	0.001	0.104
0.937	0.001	0.001	0.061
>AAGGGAAAAC	14-AAGGGAAAAC	10.125768	-17.268097	0	T:25.0(12.82%),B:1390.2(3.50%),P:1e-7	Tpos:479.0,Tstd:322.3,Bpos:544.1,Bstd:326.0,StrandBias:-0.5,Multiplicity:1.08
0.863	0.038	0.066	0.033
0.931	0.023	0.035	0.011
0.001	0.049	0.915	0.035
0.082	0.125	0.786	0.007
0.020	0.081	0.866	0.033
0.958	0.001	0.040	0.001
0.997	0.001	0.001	0.001
0.936	0.001	0.001	0.062
0.870	0.001	0.038	0.091
0.001	0.924	0.074	0.001
>GTAACCAAAS	15-GTAACCAAAS	8.447656	-15.898843	0	T:29.0(14.87%),B:1947.3(4.90%),P:1e-6	Tpos:395.5,Tstd:281.7,Bpos:520.9,Bstd:317.1,StrandBias:0.0,Multiplicity:1.04
0.001	0.001	0.997	0.001
0.005	0.220	0.001	0.774
0.865	0.133	0.001	0.001
0.829	0.001	0.001	0.169
0.107	0.534	0.358	0.001
0.001	0.741	0.257	0.001
0.997	0.001	0.001	0.001
0.781	0.001	0.217	0.001
0.747	0.001	0.251	0.001
0.001	0.558	0.440	0.001
>TCAATTTAAC	16-TCAATTTAAC	10.124355	-13.872876	0	T:34.0(17.44%),B:2792.2(7.03%),P:1e-6	Tpos:535.3,Tstd:287.4,Bpos:509.8,Bstd:291.5,StrandBias:0.2,Multiplicity:1.09
0.037	0.068	0.001	0.894
0.230	0.705	0.001	0.064
0.997	0.001	0.001	0.001
0.829	0.169	0.001	0.001
0.001	0.001	0.001	0.997
0.001	0.001	0.001	0.997
0.001	0.001	0.001	0.997
0.696	0.112	0.074	0.118
0.997	0.001	0.001	0.001
0.125	0.873	0.001	0.001
>CTTTGATGAC	17-CTTTGATGAC	11.375040	-13.028620	0	T:9.0(4.62%),B:221.3(0.56%),P:1e-5	Tpos:639.1,Tstd:206.5,Bpos:565.3,Bstd:316.5,StrandBias:-0.3,Multiplicity:1.00
0.001	0.997	0.001	0.001
0.001	0.001	0.107	0.891
0.001	0.001	0.001	0.997
0.001	0.108	0.001	0.890
0.107	0.001	0.891	0.001
0.997	0.001	0.001	0.001
0.001	0.001	0.001	0.997
0.001	0.001	0.997	0.001
0.997	0.001	0.001	0.001
0.001	0.997	0.001	0.001
>GBCGYCCCMC	18-GBCGYCCCMC	8.104747	-9.796332	0	T:12.0(6.15%),B:603.3(1.52%),P:1e-4	Tpos:613.1,Tstd:275.1,Bpos:509.5,Bstd:329.7,StrandBias:0.1,Multiplicity:1.75
0.134	0.001	0.753	0.112
0.129	0.315	0.260	0.297
0.001	0.997	0.001	0.001
0.036	0.032	0.898	0.034
0.001	0.425	0.001	0.573
0.203	0.712	0.040	0.045
0.070	0.844	0.037	0.049
0.046	0.952	0.001	0.001
0.458	0.375	0.036	0.130
0.044	0.848	0.058	0.050
>AAAATCGATT	19-AAAATCGATT	10.641896	-9.295027	0	T:26.0(13.33%),B:2336.3(5.88%),P:1e-4	Tpos:553.2,Tstd:246.8,Bpos:538.7,Bstd:333.6,StrandBias:-0.6,Multiplicity:1.23
0.997	0.001	0.001	0.001
0.924	0.074	0.001	0.001
0.965	0.033	0.001	0.001
0.765	0.073	0.161	0.001
0.001	0.026	0.001	0.972
0.001	0.997	0.001	0.001
0.001	0.001	0.997	0.001
0.997	0.001	0.001	0.001
0.001	0.063	0.053	0.883
0.001	0.001	0.069	0.929
