>CCGTGACCGC	1-CCGTGACCGC	8.932585	-26.109161	0	T:19.0(9.74%),B:468.5(1.18%),P:1e-11	Tpos:563.9,Tstd:266.9,Bpos:529.9,Bstd:321.7,StrandBias:0.7,Multiplicity:1.11
0.050	0.624	0.325	0.001
0.205	0.793	0.001	0.001
0.001	0.103	0.746	0.150
0.001	0.137	0.078	0.784
0.187	0.001	0.811	0.001
0.912	0.001	0.086	0.001
0.001	0.997	0.001	0.001
0.093	0.905	0.001	0.001
0.311	0.001	0.474	0.214
0.016	0.867	0.001	0.116
>GTACAAAGCA	2-GTACAAAGCA	8.763846	-24.626035	0	T:24.0(12.31%),B:878.1(2.21%),P:1e-10	Tpos:476.1,Tstd:264.1,Bpos:493.2,Bstd:307.8,StrandBias:0.7,Multiplicity:1.08
0.001	0.001	0.940	0.058
0.001	0.001	0.112	0.886
0.740	0.080	0.057	0.123
0.001	0.938	0.060	0.001
0.997	0.001	0.001	0.001
0.894	0.001	0.001	0.104
0.997	0.001	0.001	0.001
0.001	0.001	0.997	0.001
0.001	0.861	0.081	0.057
0.752	0.128	0.087	0.033
>CGCCATCGTA	3-CGCCATCGTA	7.106270	-23.430604	0	T:27.0(13.85%),B:1194.7(3.01%),P:1e-10	Tpos:465.7,Tstd:274.8,Bpos:477.3,Bstd:328.2,StrandBias:-1.4,Multiplicity:1.07
0.149	0.805	0.001	0.045
0.099	0.105	0.672	0.124
0.081	0.690	0.124	0.105
0.035	0.795	0.060	0.110
0.688	0.099	0.011	0.202
0.096	0.155	0.157	0.592
0.052	0.646	0.181	0.121
0.310	0.064	0.501	0.125
0.217	0.086	0.088	0.609
0.505	0.185	0.214	0.096
>TTCGTCTTTA	4-TTCGTCTTTA	7.074609	-22.338318	0	T:98.0(50.26%),B:11387.3(28.65%),P:1e-9	Tpos:511.3,Tstd:285.1,Bpos:521.8,Bstd:325.6,StrandBias:0.4,Multiplicity:1.35
0.053	0.068	0.027	0.852
0.031	0.052	0.092	0.825
0.040	0.836	0.079	0.045
0.026	0.067	0.839	0.068
0.070	0.027	0.043	0.860
0.111	0.795	0.071	0.023
0.059	0.045	0.112	0.784
0.081	0.119	0.056	0.744
0.089	0.128	0.050	0.733
0.739	0.126	0.079	0.056
>TACATCCCTC	5-TACATCCCTC	8.602658	-21.701827	0	T:17.0(8.72%),B:473.0(1.19%),P:1e-9	Tpos:549.2,Tstd:309.5,Bpos:556.1,Bstd:322.6,StrandBias:2.9,Multiplicity:1.00
0.001	0.001	0.089	0.909
0.854	0.066	0.079	0.001
0.065	0.933	0.001	0.001
0.844	0.082	0.001	0.073
0.001	0.001	0.001	0.997
0.001	0.944	0.001	0.054
0.001	0.949	0.001	0.049
0.001	0.940	0.001	0.058
0.001	0.001	0.115	0.883
0.090	0.821	0.001	0.088
>GCGATAGGGC	6-GCGATAGGGC	10.761645	-20.594186	0	T:10.0(5.13%),B:122.7(0.31%),P:1e-8	Tpos:520.4,Tstd:339.9,Bpos:580.8,Bstd:312.6,StrandBias:-0.3,Multiplicity:1.10
0.001	0.001	0.997	0.001
0.001	0.997	0.001	0.001
0.261	0.001	0.737	0.001
0.997	0.001	0.001	0.001
0.001	0.137	0.001	0.861
0.888	0.001	0.110	0.001
0.118	0.001	0.880	0.001
0.001	0.001	0.997	0.001
0.001	0.001	0.857	0.141
0.001	0.865	0.001	0.133
>TTTGTCCCGT	7-TTTGTCCCGT	7.087945	-19.810515	0	T:73.0(37.44%),B:7624.0(19.18%),P:1e-8	Tpos:510.3,Tstd:259.2,Bpos:528.8,Bstd:316.2,StrandBias:0.5,Multiplicity:1.25
0.015	0.041	0.030	0.914
0.105	0.110	0.051	0.734
0.060	0.117	0.075	0.748
0.058	0.058	0.806	0.078
0.042	0.050	0.046	0.862
0.077	0.815	0.059	0.049
0.068	0.783	0.083	0.066
0.105	0.773	0.052	0.070
0.073	0.102	0.715	0.110
0.068	0.064	0.012	0.856
>TTCTCGCGGT	8-TTCTCGCGGT	9.833997	-19.773856	0	T:16.0(8.21%),B:468.9(1.18%),P:1e-8	Tpos:515.2,Tstd:274.4,Bpos:526.9,Bstd:322.1,StrandBias:-1.7,Multiplicity:1.13
0.001	0.001	0.001	0.997
0.001	0.106	0.001	0.892
0.001	0.966	0.001	0.032
0.089	0.001	0.001	0.909
0.001	0.874	0.069	0.056
0.001	0.001	0.968	0.030
0.219	0.641	0.084	0.056
0.049	0.001	0.949	0.001
0.001	0.067	0.931	0.001
0.001	0.077	0.001	0.921
>CATTGATAGT	9-CATTGATAGT	7.536334	-19.410255	0	T:45.0(23.08%),B:3571.0(8.99%),P:1e-8	Tpos:532.5,Tstd:314.7,Bpos:493.0,Bstd:306.4,StrandBias:0.2,Multiplicity:1.07
0.049	0.855	0.069	0.027
0.845	0.064	0.044	0.047
0.096	0.040	0.064	0.800
0.088	0.067	0.001	0.844
0.071	0.040	0.805	0.084
0.804	0.099	0.069	0.028
0.062	0.085	0.028	0.825
0.777	0.068	0.032	0.123
0.095	0.091	0.756	0.058
0.080	0.093	0.130	0.697
>CCKGCAGAAA	10-CCKGCAGAAA	8.617498	-19.328749	0	T:32.0(16.41%),B:1985.1(5.00%),P:1e-8	Tpos:455.5,Tstd:267.4,Bpos:496.1,Bstd:327.4,StrandBias:-0.4,Multiplicity:1.10
0.001	0.782	0.160	0.057
0.001	0.906	0.054	0.039
0.122	0.001	0.393	0.484
0.155	0.001	0.843	0.001
0.057	0.839	0.001	0.103
0.810	0.001	0.188	0.001
0.044	0.001	0.876	0.079
0.718	0.096	0.185	0.001
0.997	0.001	0.001	0.001
0.723	0.001	0.001	0.275
>TCTTACTCCT	11-TCTTACTCCT	9.293316	-18.784391	0	T:29.0(14.87%),B:1699.4(4.28%),P:1e-8	Tpos:586.2,Tstd:315.9,Bpos:537.6,Bstd:333.3,StrandBias:2.5,Multiplicity:1.14
0.001	0.001	0.001	0.997
0.001	0.916	0.082	0.001
0.001	0.001	0.001	0.997
0.001	0.055	0.087	0.857
0.692	0.213	0.038	0.057
0.059	0.939	0.001	0.001
0.088	0.001	0.001	0.910
0.001	0.964	0.001	0.034
0.050	0.785	0.070	0.095
0.001	0.001	0.001	0.997
>GGACAATTTA	12-GGACAATTTA	7.480111	-17.838269	0	T:51.0(26.15%),B:4597.9(11.57%),P:1e-7	Tpos:483.5,Tstd:265.9,Bpos:507.8,Bstd:306.3,StrandBias:-0.3,Multiplicity:1.08
0.083	0.070	0.795	0.052
0.031	0.055	0.866	0.048
0.802	0.025	0.051	0.122
0.073	0.771	0.046	0.110
0.708	0.103	0.125	0.064
0.742	0.105	0.070	0.083
0.084	0.030	0.033	0.853
0.066	0.067	0.074	0.793
0.044	0.042	0.035	0.879
0.801	0.069	0.058	0.072
>GATCGAGAAA	13-GATCGAGAAA	9.333855	-17.412181	0	T:41.0(21.03%),B:3280.7(8.25%),P:1e-7	Tpos:435.3,Tstd:264.6,Bpos:520.0,Bstd:328.7,StrandBias:-0.1,Multiplicity:1.12
0.133	0.092	0.774	0.001
0.625	0.001	0.001	0.373
0.001	0.064	0.001	0.934
0.001	0.997	0.001	0.001
0.071	0.001	0.927	0.001
0.997	0.001	0.001	0.001
0.044	0.001	0.903	0.052
0.997	0.001	0.001	0.001
0.894	0.001	0.001	0.104
0.937	0.001	0.001	0.061
>AAGGGAAAAC	14-AAGGGAAAAC	10.125768	-17.268097	0	T:25.0(12.82%),B:1390.2(3.50%),P:1e-7	Tpos:479.0,Tstd:322.3,Bpos:544.1,Bstd:326.0,StrandBias:-0.5,Multiplicity:1.08
0.863	0.038	0.066	0.033
0.931	0.023	0.035	0.011
0.001	0.049	0.915	0.035
0.082	0.125	0.786	0.007
0.020	0.081	0.866	0.033
0.958	0.001	0.040	0.001
0.997	0.001	0.001	0.001
0.936	0.001	0.001	0.062
0.870	0.001	0.038	0.091
0.001	0.924	0.074	0.001
>GTAACCAAAS	15-GTAACCAAAS	8.447656	-15.898843	0	T:29.0(14.87%),B:1947.3(4.90%),P:1e-6	Tpos:395.5,Tstd:281.7,Bpos:520.9,Bstd:317.1,StrandBias:0.0,Multiplicity:1.04
0.001	0.001	0.997	0.001
0.005	0.220	0.001	0.774
0.865	0.133	0.001	0.001
0.829	0.001	0.001	0.169
0.107	0.534	0.358	0.001
0.001	0.741	0.257	0.001
0.997	0.001	0.001	0.001
0.781	0.001	0.217	0.001
0.747	0.001	0.251	0.001
0.001	0.558	0.440	0.001
>TCAATTTAAC	16-TCAATTTAAC	10.124355	-13.872876	0	T:34.0(17.44%),B:2792.2(7.03%),P:1e-6	Tpos:535.3,Tstd:287.4,Bpos:509.8,Bstd:291.5,StrandBias:0.2,Multiplicity:1.09
0.037	0.068	0.001	0.894
0.230	0.705	0.001	0.064
0.997	0.001	0.001	0.001
0.829	0.169	0.001	0.001
0.001	0.001	0.001	0.997
0.001	0.001	0.001	0.997
0.001	0.001	0.001	0.997
0.696	0.112	0.074	0.118
0.997	0.001	0.001	0.001
0.125	0.873	0.001	0.001
>CTTTGATGAC	17-CTTTGATGAC	11.375040	-13.028620	0	T:9.0(4.62%),B:221.3(0.56%),P:1e-5	Tpos:639.1,Tstd:206.5,Bpos:565.3,Bstd:316.5,StrandBias:-0.3,Multiplicity:1.00
0.001	0.997	0.001	0.001
0.001	0.001	0.107	0.891
0.001	0.001	0.001	0.997
0.001	0.108	0.001	0.890
0.107	0.001	0.891	0.001
0.997	0.001	0.001	0.001
0.001	0.001	0.001	0.997
0.001	0.001	0.997	0.001
0.997	0.001	0.001	0.001
0.001	0.997	0.001	0.001
>GBCGYCCCMC	18-GBCGYCCCMC	8.104747	-9.796332	0	T:12.0(6.15%),B:603.3(1.52%),P:1e-4	Tpos:613.1,Tstd:275.1,Bpos:509.5,Bstd:329.7,StrandBias:0.1,Multiplicity:1.75
0.134	0.001	0.753	0.112
0.129	0.315	0.260	0.297
0.001	0.997	0.001	0.001
0.036	0.032	0.898	0.034
0.001	0.425	0.001	0.573
0.203	0.712	0.040	0.045
0.070	0.844	0.037	0.049
0.046	0.952	0.001	0.001
0.458	0.375	0.036	0.130
0.044	0.848	0.058	0.050
>AAAATCGATT	19-AAAATCGATT	10.641896	-9.295027	0	T:26.0(13.33%),B:2336.3(5.88%),P:1e-4	Tpos:553.2,Tstd:246.8,Bpos:538.7,Bstd:333.6,StrandBias:-0.6,Multiplicity:1.23
0.997	0.001	0.001	0.001
0.924	0.074	0.001	0.001
0.965	0.033	0.001	0.001
0.765	0.073	0.161	0.001
0.001	0.026	0.001	0.972
0.001	0.997	0.001	0.001
0.001	0.001	0.997	0.001
0.997	0.001	0.001	0.001
0.001	0.063	0.053	0.883
0.001	0.001	0.069	0.929
>TCTCGTCAAATC	1-TCTCGTCAAATC	12.484258	-27.535747	0	T:13.0(6.67%),B:144.8(0.36%),P:1e-11	Tpos:427.8,Tstd:257.8,Bpos:545.2,Bstd:361.3,StrandBias:0.2,Multiplicity:1.00
0.001	0.001	0.001	0.997
0.001	0.779	0.219	0.001
0.001	0.001	0.001	0.997
0.001	0.724	0.177	0.098
0.001	0.001	0.922	0.076
0.001	0.001	0.001	0.997
0.001	0.997	0.001	0.001
0.997	0.001	0.001	0.001
0.997	0.001	0.001	0.001
0.997	0.001	0.001	0.001
0.111	0.001	0.001	0.887
0.001	0.787	0.124	0.088
>ATTGATAAGATA	2-ATTGATAAGATA	12.725246	-24.100376	0	T:15.0(7.69%),B:289.7(0.73%),P:1e-10	Tpos:522.9,Tstd:325.9,Bpos:520.3,Bstd:317.4,StrandBias:-1.5,Multiplicity:1.00
0.792	0.001	0.118	0.089
0.100	0.001	0.001	0.898
0.001	0.001	0.001	0.997
0.001	0.001	0.855	0.143
0.997	0.001	0.001	0.001
0.080	0.001	0.001	0.918
0.997	0.001	0.001	0.001
0.997	0.001	0.001	0.001
0.052	0.001	0.946	0.001
0.890	0.001	0.001	0.108
0.001	0.123	0.001	0.875
0.897	0.001	0.101	0.001
>TSATAATGAAAA	3-TSATAATGAAAA	10.722079	-23.343925	0	T:30.0(15.38%),B:1482.1(3.73%),P:1e-10	Tpos:480.5,Tstd:313.8,Bpos:505.0,Bstd:302.7,StrandBias:-0.3,Multiplicity:1.07
0.045	0.026	0.068	0.861
0.034	0.524	0.439	0.003
0.896	0.055	0.001	0.048
0.020	0.001	0.345	0.634
0.643	0.031	0.001	0.325
0.888	0.059	0.001	0.052
0.013	0.001	0.058	0.928
0.019	0.001	0.776	0.204
0.858	0.075	0.024	0.043
0.923	0.001	0.023	0.053
0.888	0.037	0.036	0.039
0.835	0.025	0.080	0.060
>CACTCAATCCTC	4-CACTCAATCCTC	9.670086	-23.314075	0	T:21.0(10.77%),B:699.8(1.76%),P:1e-10	Tpos:524.4,Tstd:292.9,Bpos:507.0,Bstd:319.1,StrandBias:2.7,Multiplicity:1.10
0.001	0.911	0.002	0.086
0.531	0.001	0.142	0.326
0.084	0.751	0.001	0.164
0.040	0.001	0.058	0.901
0.100	0.754	0.062	0.084
0.997	0.001	0.001	0.001
0.938	0.060	0.001	0.001
0.084	0.084	0.084	0.748
0.157	0.697	0.121	0.025
0.001	0.913	0.001	0.085
0.043	0.001	0.001	0.955
0.083	0.915	0.001	0.001
>CACTCATTTTTC	5-CACTCATTTTTC	11.732218	-21.816730	0	T:20.0(10.26%),B:683.1(1.72%),P:1e-9	Tpos:482.0,Tstd:328.5,Bpos:560.1,Bstd:323.7,StrandBias:0.5,Multiplicity:1.10
0.001	0.917	0.001	0.081
0.877	0.121	0.001	0.001
0.081	0.917	0.001	0.001
0.093	0.001	0.001	0.905
0.122	0.760	0.013	0.105
0.976	0.001	0.001	0.022
0.111	0.001	0.001	0.887
0.001	0.001	0.001	0.997
0.022	0.001	0.001	0.976
0.001	0.001	0.001	0.997
0.001	0.001	0.001	0.997
0.131	0.789	0.001	0.079
>ATTGACTACACA	6-ATTGACTACACA	10.333750	-21.273379	0	T:17.0(8.72%),B:486.2(1.22%),P:1e-9	Tpos:507.8,Tstd:310.4,Bpos:519.8,Bstd:308.3,StrandBias:-0.2,Multiplicity:1.00
0.897	0.001	0.075	0.027
0.001	0.001	0.142	0.856
0.075	0.001	0.002	0.922
0.042	0.058	0.831	0.069
0.903	0.001	0.001	0.095
0.002	0.854	0.063	0.081
0.001	0.001	0.076	0.922
0.856	0.068	0.001	0.075
0.143	0.667	0.129	0.061
0.838	0.075	0.001	0.086
0.151	0.738	0.110	0.001
0.729	0.086	0.001	0.184
>GAAACGCGCCAG	7-GAAACGCGCCAG	11.133418	-21.168327	0	T:14.0(7.18%),B:302.1(0.76%),P:1e-9	Tpos:611.8,Tstd:268.5,Bpos:629.6,Bstd:329.8,StrandBias:0.4,Multiplicity:1.14
0.001	0.001	0.997	0.001
0.997	0.001	0.001	0.001
0.872	0.001	0.126	0.001
0.872	0.001	0.126	0.001
0.001	0.839	0.001	0.159
0.001	0.093	0.905	0.001
0.001	0.779	0.001	0.219
0.346	0.001	0.652	0.001
0.087	0.911	0.001	0.001
0.184	0.518	0.198	0.100
0.872	0.001	0.126	0.001
0.034	0.001	0.964	0.001
>AAAACCGGCAGA	8-AAAACCGGCAGA	13.008043	-21.157382	0	T:11.0(5.64%),B:155.0(0.39%),P:1e-9	Tpos:461.7,Tstd:314.5,Bpos:501.2,Bstd:330.0,StrandBias:-0.8,Multiplicity:1.00
0.997	0.001	0.001	0.001
0.997	0.001	0.001	0.001
0.997	0.001	0.001	0.001
0.843	0.001	0.001	0.155
0.001	0.917	0.001	0.081
0.119	0.645	0.235	0.001
0.110	0.001	0.888	0.001
0.001	0.001	0.861	0.137
0.001	0.997	0.001	0.001
0.997	0.001	0.001	0.001
0.071	0.001	0.927	0.001
0.997	0.001	0.001	0.001
>TTGACTAAGTTC	9-TTGACTAAGTTC	13.816830	-20.854429	0	T:6.0(3.08%),B:16.7(0.04%),P:1e-9	Tpos:458.2,Tstd:295.2,Bpos:453.0,Bstd:248.2,StrandBias:-1.0,Multiplicity:1.00
0.001	0.001	0.001	0.997
0.001	0.001	0.001	0.997
0.135	0.001	0.681	0.183
0.997	0.001	0.001	0.001
0.001	0.709	0.145	0.145
0.001	0.001	0.001	0.997
0.997	0.001	0.001	0.001
0.997	0.001	0.001	0.001
0.001	0.127	0.793	0.079
0.001	0.001	0.001	0.997
0.001	0.001	0.001	0.997
0.001	0.997	0.001	0.001
>TAATCTTTGGAA	10-TAATCTTTGGAA	10.916778	-20.789933	0	T:23.0(11.79%),B:978.1(2.46%),P:1e-9	Tpos:410.1,Tstd:287.0,Bpos:526.8,Bstd:301.4,StrandBias:-0.1,Multiplicity:1.05
0.150	0.001	0.001	0.848
0.880	0.001	0.021	0.098
0.868	0.001	0.056	0.075
0.149	0.001	0.001	0.849
0.068	0.812	0.060	0.060
0.113	0.079	0.001	0.807
0.061	0.056	0.001	0.882
0.032	0.041	0.001	0.926
0.138	0.153	0.581	0.128
0.092	0.030	0.826	0.052
0.898	0.066	0.001	0.035
0.834	0.056	0.001	0.109
>TCAAAGCAAAGT	11-TCAAAGCAAAGT	13.065366	-19.423381	0	T:9.0(4.62%),B:100.6(0.25%),P:1e-8	Tpos:615.1,Tstd:214.2,Bpos:463.3,Bstd:303.0,StrandBias:-0.6,Multiplicity:1.11
0.001	0.001	0.001	0.997
0.103	0.776	0.001	0.120
0.997	0.001	0.001	0.001
0.997	0.001	0.001	0.001
0.865	0.001	0.001	0.133
0.001	0.001	0.997	0.001
0.001	0.902	0.001	0.096
0.997	0.001	0.001	0.001
0.842	0.001	0.156	0.001
0.997	0.001	0.001	0.001
0.065	0.106	0.828	0.001
0.001	0.001	0.133	0.865
>TACTTTATATCT	12-TACTTTATATCT	11.963854	-19.061695	0	T:16.0(8.21%),B:494.0(1.24%),P:1e-8	Tpos:521.8,Tstd:310.0,Bpos:502.7,Bstd:317.0,StrandBias:0.4,Multiplicity:1.00
0.001	0.001	0.001	0.997
0.981	0.017	0.001	0.001
0.001	0.578	0.001	0.420
0.001	0.001	0.001	0.997
0.001	0.001	0.154	0.844
0.009	0.001	0.141	0.849
0.997	0.001	0.001	0.001
0.001	0.001	0.001	0.997
0.888	0.110	0.001	0.001
0.001	0.272	0.122	0.605
0.112	0.532	0.001	0.355
0.001	0.164	0.001	0.834
>CCCAACGGTCTT	13-CCCAACGGTCTT	14.231953	-18.323223	0	T:5.0(2.56%),B:11.4(0.03%),P:1e-7	Tpos:485.2,Tstd:298.1,Bpos:450.8,Bstd:295.4,StrandBias:0.6,Multiplicity:1.00
0.001	0.997	0.001	0.001
0.001	0.772	0.001	0.226
0.001	0.997	0.001	0.001
0.997	0.001	0.001	0.001
0.802	0.001	0.196	0.001
0.001	0.997	0.001	0.001
0.001	0.197	0.652	0.150
0.001	0.001	0.997	0.001
0.001	0.001	0.001	0.997
0.001	0.997	0.001	0.001
0.001	0.001	0.001	0.997
0.001	0.001	0.001	0.997
>ATTCGTCTTTAA	14-ATTCGTCTTTAA	9.668029	-17.938330	0	T:23.0(11.79%),B:1143.3(2.88%),P:1e-7	Tpos:515.0,Tstd:257.0,Bpos:497.1,Bstd:306.6,StrandBias:0.2,Multiplicity:1.13
0.814	0.067	0.056	0.063
0.055	0.037	0.033	0.875
0.033	0.023	0.027	0.917
0.048	0.774	0.122	0.056
0.042	0.063	0.826	0.069
0.105	0.001	0.041	0.853
0.019	0.898	0.059	0.024
0.059	0.001	0.092	0.848
0.071	0.063	0.049	0.817
0.030	0.044	0.084	0.842
0.799	0.058	0.055	0.088
0.744	0.056	0.083	0.117
>CTTTCTCCAGTC	15-CTTTCTCCAGTC	13.678499	-17.929219	0	T:7.0(3.59%),B:52.8(0.13%),P:1e-7	Tpos:427.0,Tstd:273.7,Bpos:456.6,Bstd:347.3,StrandBias:1.6,Multiplicity:1.14
0.001	0.881	0.001	0.117
0.001	0.001	0.001	0.997
0.001	0.134	0.001	0.864
0.001	0.001	0.001	0.997
0.001	0.835	0.163	0.001
0.001	0.001	0.001	0.997
0.001	0.997	0.001	0.001
0.001	0.997	0.001	0.001
0.864	0.134	0.001	0.001
0.129	0.001	0.869	0.001
0.001	0.001	0.001	0.997
0.001	0.835	0.163	0.001
>TRACGTTTTCCA	16-TRACGTTTTCCA	12.410545	-17.092484	0	T:13.0(6.67%),B:354.1(0.89%),P:1e-7	Tpos:626.4,Tstd:324.4,Bpos:509.4,Bstd:304.5,StrandBias:1.9,Multiplicity:1.08
0.181	0.001	0.001	0.817
0.468	0.001	0.530	0.001
0.851	0.001	0.001	0.147
0.001	0.997	0.001	0.001
0.092	0.111	0.613	0.184
0.001	0.001	0.001	0.997
0.001	0.001	0.001	0.997
0.001	0.001	0.001	0.997
0.001	0.001	0.001	0.997
0.001	0.848	0.150	0.001
0.001	0.739	0.001	0.259
0.997	0.001	0.001	0.001
>TTGAGCAATTTT	17-TTGAGCAATTTT	11.451189	-16.381379	0	T:20.0(10.26%),B:953.2(2.40%),P:1e-7	Tpos:602.4,Tstd:283.9,Bpos:472.7,Bstd:304.3,StrandBias:0.4,Multiplicity:1.30
0.001	0.068	0.074	0.857
0.001	0.063	0.051	0.885
0.001	0.001	0.968	0.030
0.931	0.001	0.067	0.001
0.001	0.001	0.963	0.035
0.101	0.848	0.001	0.050
0.886	0.112	0.001	0.001
0.970	0.001	0.001	0.028
0.001	0.001	0.001	0.997
0.001	0.080	0.077	0.842
0.001	0.001	0.001	0.997
0.001	0.071	0.001	0.927
>ACCAAGTCGATT	18-ACCAAGTCGATT	9.176303	-13.556233	0	T:17.0(8.72%),B:843.2(2.12%),P:1e-5	Tpos:572.7,Tstd:258.3,Bpos:510.0,Bstd:334.4,StrandBias:-0.4,Multiplicity:1.18
0.975	0.001	0.023	0.001
0.177	0.821	0.001	0.001
0.217	0.751	0.001	0.031
0.997	0.001	0.001	0.001
0.970	0.028	0.001	0.001
0.127	0.001	0.871	0.001
0.001	0.001	0.001	0.997
0.001	0.997	0.001	0.001
0.001	0.001	0.997	0.001
0.911	0.001	0.001	0.087
0.001	0.001	0.030	0.968
0.001	0.001	0.001	0.997
>CGATDTTGCTCA	19-CGATDTTGCTCA	13.017396	-11.204624	0	T:5.0(2.56%),B:57.5(0.14%),P:1e-4	Tpos:642.0,Tstd:274.7,Bpos:492.9,Bstd:366.5,StrandBias:2.8,Multiplicity:1.60
0.001	0.997	0.001	0.001
0.001	0.001	0.997	0.001
0.997	0.001	0.001	0.001
0.273	0.001	0.001	0.725
0.300	0.170	0.195	0.335
0.001	0.001	0.001	0.997
0.001	0.001	0.001	0.997
0.001	0.001	0.997	0.001
0.001	0.997	0.001	0.001
0.195	0.001	0.195	0.609
0.001	0.997	0.001	0.001
0.997	0.001	0.001	0.001
>GACCATTTAGAG	20-GACCATTTAGAG	12.355432	-10.649184	0	T:2.0(1.03%),B:0.9(0.00%),P:1e-4	Tpos:387.7,Tstd:196.2,Bpos:420.0,Bstd:0.0,StrandBias:1.0,Multiplicity:1.50
0.100	0.100	0.700	0.100
0.700	0.100	0.100	0.100
0.100	0.700	0.100	0.100
0.100	0.700	0.100	0.100
0.700	0.100	0.100	0.100
0.100	0.100	0.100	0.700
0.100	0.100	0.100	0.700
0.100	0.100	0.100	0.700
0.700	0.100	0.100	0.100
0.100	0.100	0.700	0.100
0.700	0.100	0.100	0.100
0.100	0.100	0.700	0.100
>TTTGTAGTCCGC	21-TTTGTAGTCCGC	10.829141	-10.583382	0	T:7.0(3.59%),B:167.3(0.42%),P:1e-4	Tpos:527.3,Tstd:105.7,Bpos:536.7,Bstd:318.5,StrandBias:-0.4,Multiplicity:1.00
0.134	0.001	0.002	0.863
0.131	0.001	0.131	0.737
0.001	0.001	0.001	0.997
0.131	0.003	0.801	0.065
0.131	0.193	0.001	0.675
0.881	0.114	0.001	0.004
0.067	0.005	0.926	0.002
0.131	0.001	0.003	0.865
0.085	0.691	0.135	0.089
0.106	0.812	0.080	0.002
0.001	0.001	0.974	0.024
0.002	0.750	0.001	0.247
>CTGCTGCTGCAG	22-CTGCTGCTGCAG	10.993939	-9.092153	0	T:9.0(4.62%),B:370.6(0.93%),P:1e-3	Tpos:447.9,Tstd:246.2,Bpos:483.2,Bstd:364.1,StrandBias:2.8,Multiplicity:1.00
0.001	0.997	0.001	0.001
0.160	0.001	0.001	0.838
0.001	0.124	0.724	0.151
0.001	0.947	0.001	0.051
0.001	0.001	0.004	0.994
0.124	0.001	0.775	0.100
0.232	0.766	0.001	0.001
0.068	0.108	0.001	0.823
0.001	0.108	0.888	0.003
0.001	0.782	0.216	0.001
0.679	0.125	0.083	0.113
0.112	0.001	0.805	0.082
>GGGGCACCCCTC	23-GGGGCACCCCTC	14.731628	-7.336324	0	T:2.0(1.03%),B:6.1(0.02%),P:1e-3	Tpos:529.0,Tstd:165.9,Bpos:629.8,Bstd:353.7,StrandBias:1.0,Multiplicity:1.50
0.001	0.001	0.997	0.001
0.001	0.001	0.997	0.001
0.001	0.001	0.997	0.001
0.070	0.001	0.928	0.001
0.001	0.997	0.001	0.001
0.796	0.001	0.202	0.001
0.001	0.931	0.001	0.067
0.001	0.997	0.001	0.001
0.001	0.997	0.001	0.001
0.001	0.997	0.001	0.001
0.001	0.087	0.001	0.911
0.001	0.957	0.020	0.022
>GCCCCCCGTCCC	24-GCCCCCCGTCCC	14.368758	-5.784806	0	T:2.0(1.03%),B:15.1(0.04%),P:1e-2	Tpos:775.7,Tstd:265.3,Bpos:423.0,Bstd:260.4,StrandBias:0.0,Multiplicity:3.00
0.001	0.001	0.997	0.001
0.001	0.827	0.001	0.171
0.001	0.997	0.001	0.001
0.001	0.997	0.001	0.001
0.001	0.997	0.001	0.001
0.001	0.753	0.001	0.245
0.001	0.997	0.001	0.001
0.001	0.001	0.997	0.001
0.001	0.171	0.001	0.827
0.001	0.997	0.001	0.001
0.001	0.997	0.001	0.001
0.001	0.997	0.001	0.001
>ACTGACCAATAT	25-ACTGACCAATAT	12.355432	-5.322034	0	T:1.0(0.51%),B:0.0(0.00%),P:1e-2	Tpos:323.0,Tstd:44.1,Bpos:0.0,Bstd:0.0,StrandBias:10.0,Multiplicity:3.00
0.700	0.100	0.100	0.100
0.100	0.700	0.100	0.100
0.100	0.100	0.100	0.700
0.100	0.100	0.700	0.100
0.700	0.100	0.100	0.100
0.100	0.700	0.100	0.100
0.100	0.700	0.100	0.100
0.700	0.100	0.100	0.100
0.700	0.100	0.100	0.100
0.100	0.100	0.100	0.700
0.700	0.100	0.100	0.100
0.100	0.100	0.100	0.700
>AGGACGAA	1-AGGACGAA	7.221511	-31.631773	0	T:98.0(50.26%),B:9827.3(24.73%),P:1e-13	Tpos:451.3,Tstd:280.8,Bpos:515.6,Bstd:330.0,StrandBias:-0.7,Multiplicity:1.21
0.756	0.056	0.187	0.001
0.086	0.001	0.912	0.001
0.001	0.124	0.874	0.001
0.819	0.116	0.064	0.001
0.204	0.794	0.001	0.001
0.141	0.001	0.853	0.005
0.986	0.001	0.001	0.012
0.997	0.001	0.001	0.001
>TAACTTAT	2-TAACTTAT	9.791070	-14.046287	0	T:36.0(18.46%),B:3036.9(7.64%),P:1e-6	Tpos:540.3,Tstd:267.9,Bpos:515.6,Bstd:303.0,StrandBias:1.1,Multiplicity:1.14
0.001	0.001	0.001	0.997
0.824	0.001	0.001	0.174
0.661	0.001	0.001	0.337
0.001	0.997	0.001	0.001
0.001	0.001	0.001	0.997
0.001	0.001	0.001	0.997
0.997	0.001	0.001	0.001
0.001	0.001	0.001	0.997
>GTCCCCCT	3-GTCCCCCT	4.792410	-13.631429	0	T:114.0(58.46%),B:16440.8(41.37%),P:1e-5	Tpos:557.5,Tstd:279.0,Bpos:533.7,Bstd:325.3,StrandBias:0.5,Multiplicity:1.69
0.116	0.072	0.723	0.089
0.057	0.157	0.063	0.723
0.053	0.767	0.087	0.093
0.020	0.822	0.111	0.047
0.040	0.818	0.080	0.062
0.082	0.807	0.042	0.069
0.104	0.703	0.126	0.067
0.088	0.059	0.205	0.648
>CGGCGATA	4-CGGCGATA	6.539240	-12.615600	0	T:58.0(29.74%),B:6560.7(16.51%),P:1e-5	Tpos:478.1,Tstd:288.5,Bpos:502.1,Bstd:325.9,StrandBias:0.3,Multiplicity:1.41
0.005	0.868	0.001	0.126
0.332	0.001	0.666	0.001
0.001	0.220	0.480	0.299
0.001	0.997	0.001	0.001
0.001	0.001	0.997	0.001
0.997	0.001	0.001	0.001
0.001	0.001	0.001	0.997
0.914	0.084	0.001	0.001
>TCTGCCGA	5-TCTGCCGA	8.236954	-9.811816	0	T:12.0(6.15%),B:602.3(1.52%),P:1e-4	Tpos:418.2,Tstd:309.2,Bpos:513.8,Bstd:322.4,StrandBias:0.0,Multiplicity:1.00
0.100	0.100	0.100	0.700
0.100	0.700	0.100	0.100
0.100	0.100	0.100	0.700
0.100	0.100	0.700	0.100
0.100	0.700	0.100	0.100
0.100	0.700	0.100	0.100
0.100	0.100	0.700	0.100
0.700	0.100	0.100	0.100
