>CGCTCTCG	1-CGCTCTCG	7.097633	-15.589960	0	T:25.0(23.58%),B:2974.2(7.36%),P:1e-6	Tpos:578.4,Tstd:270.6,Bpos:496.9,Bstd:309.3,StrandBias:0.0,Multiplicity:1.20
0.001	0.751	0.083	0.165
0.092	0.001	0.875	0.032
0.001	0.966	0.032	0.001
0.001	0.001	0.043	0.955
0.001	0.822	0.001	0.176
0.042	0.001	0.001	0.956
0.001	0.876	0.047	0.076
0.174	0.001	0.824	0.001
>CCWGGGBC	2-CCWGGGBC	8.261678	-15.135133	0	T:12.0(11.32%),B:676.9(1.67%),P:1e-6	Tpos:370.3,Tstd:249.3,Bpos:433.7,Bstd:339.8,StrandBias:-0.6,Multiplicity:1.25
0.001	0.963	0.001	0.035
0.001	0.866	0.101	0.032
0.417	0.048	0.001	0.534
0.073	0.001	0.925	0.001
0.001	0.001	0.965	0.033
0.377	0.001	0.587	0.035
0.001	0.389	0.357	0.254
0.001	0.997	0.001	0.001
>CTGTCKRA	3-CTGTCKRA	7.793417	-13.111255	0	T:26.0(24.53%),B:3642.9(9.01%),P:1e-5	Tpos:494.7,Tstd:296.3,Bpos:492.3,Bstd:315.6,StrandBias:0.0,Multiplicity:1.15
0.001	0.879	0.001	0.119
0.069	0.001	0.072	0.858
0.001	0.001	0.997	0.001
0.099	0.001	0.038	0.862
0.019	0.701	0.001	0.279
0.001	0.001	0.506	0.492
0.438	0.001	0.560	0.001
0.722	0.165	0.001	0.112
>CGAGTTCA	4-CGAGTTCA	8.614140	-7.883151	0	T:12.0(11.32%),B:1422.6(3.52%),P:1e-3	Tpos:513.2,Tstd:291.2,Bpos:509.1,Bstd:313.2,StrandBias:-1.3,Multiplicity:1.17
0.001	0.997	0.001	0.001
0.001	0.001	0.997	0.001
0.997	0.001	0.001	0.001
0.001	0.001	0.997	0.001
0.001	0.001	0.047	0.951
0.001	0.001	0.001	0.997
0.090	0.908	0.001	0.001
0.997	0.001	0.001	0.001
>GTGCTCCG	5-GTGCTCCG	8.236954	-4.069214	0	T:6.0(5.66%),B:777.4(1.92%),P:1e-1	Tpos:336.1,Tstd:263.8,Bpos:483.3,Bstd:321.6,StrandBias:-1.3,Multiplicity:2.33
0.100	0.100	0.700	0.100
0.100	0.100	0.100	0.700
0.100	0.100	0.700	0.100
0.100	0.700	0.100	0.100
0.100	0.100	0.100	0.700
0.100	0.700	0.100	0.100
0.100	0.700	0.100	0.100
0.100	0.100	0.700	0.100
>CTGGTCCT	6-CTGGTCCT	7.969849	-3.936398	0	T:12.0(11.32%),B:2332.3(5.77%),P:1e-1	Tpos:332.2,Tstd:200.6,Bpos:465.7,Bstd:312.2,StrandBias:-2.2,Multiplicity:2.33
0.058	0.701	0.240	0.001
0.001	0.001	0.001	0.997
0.001	0.001	0.918	0.080
0.001	0.001	0.997	0.001
0.001	0.001	0.001	0.997
0.001	0.899	0.001	0.099
0.001	0.997	0.001	0.001
0.001	0.031	0.082	0.886
>TTCGTGTA	7-TTCGTGTA	8.236954	-3.189942	0	T:6.0(5.66%),B:958.3(2.37%),P:1e-1	Tpos:560.8,Tstd:187.2,Bpos:510.2,Bstd:297.9,StrandBias:4.3,Multiplicity:3.50
0.100	0.100	0.100	0.700
0.100	0.100	0.100	0.700
0.100	0.700	0.100	0.100
0.100	0.100	0.700	0.100
0.100	0.100	0.100	0.700
0.100	0.100	0.700	0.100
0.100	0.100	0.100	0.700
0.700	0.100	0.100	0.100
>TAGATTGT	8-TAGATTGT	8.236954	-2.383115	0	T:6.0(5.66%),B:1184.7(2.93%),P:1e-1	Tpos:543.8,Tstd:196.3,Bpos:485.1,Bstd:297.5,StrandBias:-1.8,Multiplicity:3.00
0.100	0.100	0.100	0.700
0.700	0.100	0.100	0.100
0.100	0.100	0.700	0.100
0.700	0.100	0.100	0.100
0.100	0.100	0.100	0.700
0.100	0.100	0.100	0.700
0.100	0.100	0.700	0.100
0.100	0.100	0.100	0.700
>YCCCYTTT	9-YCCCYTTT	6.851093	-1.199528	0	T:30.0(28.30%),B:10380.4(25.67%),P:1e0	Tpos:441.7,Tstd:274.0,Bpos:534.3,Bstd:317.1,StrandBias:0.0,Multiplicity:1.43
0.055	0.421	0.165	0.360
0.072	0.830	0.097	0.001
0.001	0.997	0.001	0.001
0.001	0.944	0.054	0.001
0.001	0.562	0.016	0.421
0.001	0.016	0.011	0.972
0.035	0.170	0.176	0.619
0.041	0.035	0.187	0.737
