>TCGATGCACC	1-TCGATGCACC	9.129522	-16.497940	0	T:9.0(27.27%),B:926.1(2.42%),P:1e-7	Tpos:438.6,Tstd:249.6,Bpos:469.6,Bstd:287.5,StrandBias:-1.4,Multiplicity:1.22
0.001	0.116	0.099	0.784
0.005	0.830	0.001	0.164
0.087	0.001	0.911	0.001
0.585	0.001	0.001	0.413
0.084	0.001	0.001	0.914
0.079	0.106	0.814	0.001
0.255	0.525	0.106	0.114
0.896	0.001	0.004	0.099
0.001	0.885	0.113	0.001
0.001	0.879	0.116	0.004
>ATGGCTATTC	2-ATGGCTATTC	11.097285	-13.972046	0	T:6.0(18.18%),B:377.9(0.99%),P:1e-6	Tpos:503.3,Tstd:265.3,Bpos:499.0,Bstd:292.6,StrandBias:0.4,Multiplicity:1.17
0.997	0.001	0.001	0.001
0.001	0.001	0.001	0.997
0.001	0.001	0.857	0.141
0.001	0.001	0.847	0.151
0.001	0.997	0.001	0.001
0.167	0.194	0.001	0.638
0.997	0.001	0.001	0.001
0.001	0.001	0.001	0.997
0.001	0.001	0.001	0.997
0.001	0.841	0.001	0.157
>CATTCGTGGA	3-CATTCGTGGA	8.257066	-10.560746	0	T:9.0(27.27%),B:1914.0(5.01%),P:1e-4	Tpos:508.3,Tstd:237.0,Bpos:480.0,Bstd:523.2,StrandBias:0.7,Multiplicity:1.44
0.064	0.934	0.001	0.001
0.892	0.001	0.106	0.001
0.078	0.001	0.278	0.643
0.087	0.001	0.001	0.911
0.001	0.892	0.001	0.106
0.001	0.249	0.634	0.116
0.001	0.001	0.156	0.842
0.167	0.059	0.773	0.001
0.001	0.070	0.714	0.215
0.801	0.065	0.001	0.133
>TACTTTAAAT	4-TACTTTAAAT	10.960686	-9.031722	0	T:10.0(30.30%),B:2910.8(7.62%),P:1e-3	Tpos:543.8,Tstd:302.7,Bpos:494.2,Bstd:302.3,StrandBias:0.2,Multiplicity:1.30
0.207	0.001	0.001	0.791
0.531	0.196	0.172	0.101
0.001	0.829	0.001	0.169
0.001	0.001	0.001	0.997
0.001	0.001	0.001	0.997
0.001	0.154	0.001	0.844
0.997	0.001	0.001	0.001
0.997	0.001	0.001	0.001
0.997	0.001	0.001	0.001
0.001	0.001	0.001	0.997
>TTGCGCGTCA	5-TTGCGCGTCA	11.756016	-8.760561	0	T:4.0(12.12%),B:313.6(0.82%),P:1e-3	Tpos:444.1,Tstd:309.3,Bpos:581.5,Bstd:306.7,StrandBias:-0.4,Multiplicity:1.75
0.253	0.001	0.001	0.745
0.001	0.001	0.001	0.997
0.001	0.001	0.997	0.001
0.001	0.779	0.001	0.219
0.001	0.001	0.997	0.001
0.001	0.997	0.001	0.001
0.001	0.001	0.997	0.001
0.001	0.001	0.001	0.997
0.001	0.784	0.214	0.001
0.997	0.001	0.001	0.001
>GTGTGTTGGT	6-GTGTGTTGGT	8.350283	-7.400488	0	T:7.0(21.21%),B:1738.9(4.55%),P:1e-3	Tpos:614.5,Tstd:242.0,Bpos:543.4,Bstd:296.0,StrandBias:-0.7,Multiplicity:1.14
0.100	0.100	0.700	0.100
0.100	0.100	0.100	0.700
0.100	0.100	0.700	0.100
0.100	0.100	0.100	0.700
0.100	0.100	0.700	0.100
0.100	0.100	0.100	0.700
0.100	0.100	0.100	0.700
0.100	0.100	0.700	0.100
0.100	0.100	0.700	0.100
0.100	0.100	0.100	0.700
>AAAATCGATT	7-AAAATCGATT	8.101918	-6.630554	0	T:13.0(39.39%),B:6245.8(16.35%),P:1e-2	Tpos:531.2,Tstd:282.2,Bpos:516.7,Bstd:330.3,StrandBias:0.6,Multiplicity:1.46
0.929	0.001	0.001	0.069
0.997	0.001	0.001	0.001
0.997	0.001	0.001	0.001
0.844	0.070	0.085	0.001
0.036	0.064	0.001	0.899
0.001	0.997	0.001	0.001
0.001	0.001	0.997	0.001
0.842	0.001	0.060	0.097
0.024	0.064	0.001	0.911
0.001	0.001	0.001	0.997
>CGAAAAGGGG	8-CGAAAAGGGG	11.401807	-5.820374	0	T:3.0(9.09%),B:331.0(0.87%),P:1e-2	Tpos:381.3,Tstd:253.3,Bpos:517.7,Bstd:279.3,StrandBias:0.3,Multiplicity:3.67
0.001	0.896	0.102	0.001
0.141	0.001	0.857	0.001
0.997	0.001	0.001	0.001
0.997	0.001	0.001	0.001
0.997	0.001	0.001	0.001
0.997	0.001	0.001	0.001
0.001	0.001	0.997	0.001
0.001	0.001	0.997	0.001
0.001	0.001	0.997	0.001
0.001	0.001	0.997	0.001
>ACACACACAC	9-ACACACACAC	10.047646	-2.610339	0	T:4.0(12.12%),B:1848.0(4.84%),P:1e-1	Tpos:407.7,Tstd:268.3,Bpos:542.0,Bstd:629.3,StrandBias:10.0,Multiplicity:1.00
0.936	0.062	0.001	0.001
0.052	0.816	0.073	0.059
0.997	0.001	0.001	0.001
0.001	0.865	0.080	0.054
0.997	0.001	0.001	0.001
0.058	0.814	0.078	0.050
0.901	0.001	0.097	0.001
0.060	0.812	0.078	0.050
0.997	0.001	0.001	0.001
0.041	0.853	0.061	0.045
>GCAAAAAGGG	10-GCAAAAAGGG	13.043913	-2.131745	0	T:1.0(3.03%),B:145.9(0.38%),P:1e0	Tpos:429.5,Tstd:284.5,Bpos:523.5,Bstd:307.4,StrandBias:0.0,Multiplicity:2.00
0.326	0.001	0.672	0.001
0.001	0.997	0.001	0.001
0.672	0.001	0.326	0.001
0.997	0.001	0.001	0.001
0.997	0.001	0.001	0.001
0.997	0.001	0.001	0.001
0.997	0.001	0.001	0.001
0.001	0.001	0.997	0.001
0.001	0.001	0.997	0.001
0.001	0.001	0.997	0.001
>CAATGGAACATT	1-CAATGGAACATT	14.133786	-21.839400	0	T:5.0(15.15%),B:38.4(0.10%),P:1e-9	Tpos:303.2,Tstd:189.5,Bpos:541.6,Bstd:314.0,StrandBias:-0.6,Multiplicity:1.00
0.001	0.997	0.001	0.001
0.997	0.001	0.001	0.001
0.997	0.001	0.001	0.001
0.001	0.251	0.001	0.747
0.001	0.001	0.600	0.398
0.001	0.001	0.997	0.001
0.997	0.001	0.001	0.001
0.997	0.001	0.001	0.001
0.131	0.867	0.001	0.001
0.997	0.001	0.001	0.001
0.001	0.216	0.001	0.782
0.001	0.001	0.001	0.997
>TCGAARATTCCC	2-TCGAARATTCCC	11.855541	-21.068722	0	T:6.0(18.18%),B:110.9(0.29%),P:1e-9	Tpos:778.3,Tstd:180.7,Bpos:546.3,Bstd:331.4,StrandBias:-1.0,Multiplicity:1.00
0.001	0.001	0.001	0.997
0.001	0.997	0.001	0.001
0.001	0.001	0.997	0.001
0.997	0.001	0.001	0.001
0.997	0.001	0.001	0.001
0.446	0.001	0.552	0.001
0.946	0.001	0.052	0.001
0.001	0.001	0.001	0.997
0.001	0.001	0.001	0.997
0.001	0.966	0.032	0.001
0.001	0.997	0.001	0.001
0.001	0.637	0.361	0.001
>ACACATTCSGGG	3-ACACATTCSGGG	12.325421	-16.806710	0	T:4.0(12.12%),B:38.7(0.10%),P:1e-7	Tpos:498.0,Tstd:160.7,Bpos:548.3,Bstd:354.7,StrandBias:1.0,Multiplicity:1.50
0.997	0.001	0.001	0.001
0.356	0.642	0.001	0.001
0.997	0.001	0.001	0.001
0.001	0.997	0.001	0.001
0.997	0.001	0.001	0.001
0.001	0.356	0.001	0.642
0.001	0.356	0.001	0.642
0.001	0.742	0.256	0.001
0.001	0.356	0.406	0.237
0.001	0.001	0.731	0.267
0.001	0.001	0.997	0.001
0.001	0.001	0.761	0.237
>CCGGGAAAAGCT	4-CCGGGAAAAGCT	14.579139	-16.475466	0	T:3.0(9.09%),B:7.0(0.02%),P:1e-7	Tpos:693.3,Tstd:259.3,Bpos:481.5,Bstd:324.1,StrandBias:-1.0,Multiplicity:1.00
0.001	0.997	0.001	0.001
0.001	0.997	0.001	0.001
0.001	0.001	0.997	0.001
0.001	0.001	0.997	0.001
0.001	0.001	0.997	0.001
0.997	0.001	0.001	0.001
0.997	0.001	0.001	0.001
0.707	0.001	0.001	0.291
0.997	0.001	0.001	0.001
0.207	0.001	0.791	0.001
0.235	0.763	0.001	0.001
0.001	0.001	0.001	0.997
>GCVAAAAKTGGA	5-GCVAAAAKTGGA	11.182418	-14.455288	0	T:11.0(33.33%),B:1993.6(5.22%),P:1e-6	Tpos:432.5,Tstd:286.6,Bpos:501.4,Bstd:417.4,StrandBias:-1.3,Multiplicity:1.27
0.001	0.001	0.997	0.001
0.222	0.655	0.001	0.122
0.338	0.262	0.399	0.001
0.997	0.001	0.001	0.001
0.997	0.001	0.001	0.001
0.997	0.001	0.001	0.001
0.997	0.001	0.001	0.001
0.090	0.001	0.411	0.498
0.001	0.105	0.271	0.623
0.001	0.001	0.680	0.318
0.058	0.001	0.940	0.001
0.758	0.109	0.001	0.132
>AAAAGGKGAKYT	6-AAAAGGKGAKYT	12.814220	-13.245650	0	T:5.0(15.15%),B:231.8(0.61%),P:1e-5	Tpos:383.4,Tstd:239.9,Bpos:535.8,Bstd:295.6,StrandBias:0.3,Multiplicity:1.80
0.997	0.001	0.001	0.001
0.997	0.001	0.001	0.001
0.997	0.001	0.001	0.001
0.997	0.001	0.001	0.001
0.001	0.279	0.719	0.001
0.001	0.001	0.997	0.001
0.001	0.001	0.489	0.509
0.001	0.001	0.997	0.001
0.742	0.001	0.001	0.256
0.001	0.001	0.566	0.432
0.011	0.545	0.001	0.443
0.010	0.001	0.001	0.988
>GGTKCATCGATA	7-GGTKCATCGATA	7.948985	-12.385120	0	T:14.0(42.42%),B:4212.4(11.02%),P:1e-5	Tpos:547.0,Tstd:230.7,Bpos:501.1,Bstd:304.4,StrandBias:0.4,Multiplicity:1.43
0.128	0.001	0.773	0.098
0.001	0.001	0.809	0.189
0.001	0.001	0.001	0.997
0.001	0.001	0.493	0.505
0.158	0.621	0.001	0.220
0.878	0.001	0.001	0.120
0.144	0.060	0.001	0.795
0.001	0.715	0.173	0.111
0.102	0.057	0.712	0.129
0.890	0.001	0.052	0.057
0.093	0.119	0.105	0.683
0.637	0.067	0.193	0.103
>AACACATCCGAT	8-AACACATCCGAT	8.596384	-12.033714	0	T:10.0(30.30%),B:2050.8(5.37%),P:1e-5	Tpos:509.3,Tstd:267.4,Bpos:511.0,Bstd:301.7,StrandBias:-1.2,Multiplicity:1.30
0.743	0.050	0.151	0.056
0.849	0.047	0.001	0.103
0.115	0.752	0.001	0.132
0.764	0.103	0.001	0.132
0.123	0.803	0.047	0.027
0.634	0.250	0.001	0.115
0.149	0.001	0.106	0.744
0.001	0.760	0.081	0.158
0.207	0.648	0.001	0.144
0.111	0.224	0.664	0.001
0.755	0.103	0.050	0.092
0.016	0.047	0.047	0.890
>CGGTTTCTTGTG	9-CGGTTTCTTGTG	16.176880	-6.362480	0	T:1.0(3.03%),B:1.6(0.00%),P:1e-2	Tpos:954.0,Tstd:0.0,Bpos:578.3,Bstd:179.3,StrandBias:-10.0,Multiplicity:1.00
0.001	0.997	0.001	0.001
0.001	0.001	0.997	0.001
0.001	0.001	0.997	0.001
0.001	0.070	0.063	0.866
0.001	0.001	0.001	0.997
0.001	0.001	0.001	0.997
0.001	0.997	0.001	0.001
0.001	0.001	0.001	0.997
0.001	0.001	0.001	0.997
0.001	0.001	0.997	0.001
0.001	0.132	0.001	0.866
0.001	0.132	0.866	0.001
>AAAAATCGATTT	10-AAAAATCGATTT	13.217294	-5.215704	0	T:5.0(15.15%),B:1331.0(3.48%),P:1e-2	Tpos:554.4,Tstd:307.7,Bpos:518.4,Bstd:357.4,StrandBias:0.2,Multiplicity:1.60
0.784	0.112	0.001	0.103
0.864	0.001	0.001	0.134
0.997	0.001	0.001	0.001
0.997	0.001	0.001	0.001
0.846	0.098	0.001	0.055
0.001	0.001	0.001	0.997
0.001	0.997	0.001	0.001
0.001	0.001	0.997	0.001
0.997	0.001	0.001	0.001
0.001	0.001	0.001	0.997
0.001	0.001	0.001	0.997
0.001	0.001	0.097	0.901
>TTGTAGAAAGTT	11-TTGTAGAAAGTT	13.826978	-4.339742	0	T:2.0(6.06%),B:199.8(0.52%),P:1e-1	Tpos:483.4,Tstd:156.6,Bpos:481.9,Bstd:308.4,StrandBias:-2.0,Multiplicity:2.50
0.001	0.001	0.001	0.997
0.001	0.001	0.001	0.997
0.001	0.001	0.858	0.140
0.001	0.211	0.182	0.606
0.997	0.001	0.001	0.001
0.137	0.001	0.861	0.001
0.997	0.001	0.001	0.001
0.997	0.001	0.001	0.001
0.997	0.001	0.001	0.001
0.131	0.001	0.867	0.001
0.001	0.001	0.001	0.997
0.001	0.001	0.001	0.997
>TGCAAAAATATA	12-TGCAAAAATATA	10.409522	-3.846924	0	T:5.0(15.15%),B:1871.0(4.90%),P:1e-1	Tpos:599.8,Tstd:280.2,Bpos:508.3,Bstd:305.0,StrandBias:0.0,Multiplicity:1.60
0.100	0.100	0.100	0.700
0.100	0.100	0.700	0.100
0.100	0.700	0.100	0.100
0.700	0.100	0.100	0.100
0.700	0.100	0.100	0.100
0.700	0.100	0.100	0.100
0.700	0.100	0.100	0.100
0.700	0.100	0.100	0.100
0.100	0.100	0.100	0.700
0.700	0.100	0.100	0.100
0.100	0.100	0.100	0.700
0.700	0.100	0.100	0.100
>AAATCGDTTTTT	13-AAATCGDTTTTT	14.186780	-3.328708	0	T:2.0(6.06%),B:344.4(0.90%),P:1e-1	Tpos:583.0,Tstd:142.0,Bpos:495.5,Bstd:332.4,StrandBias:0.0,Multiplicity:1.00
0.997	0.001	0.001	0.001
0.997	0.001	0.001	0.001
0.997	0.001	0.001	0.001
0.398	0.001	0.001	0.600
0.001	0.680	0.001	0.318
0.001	0.001	0.680	0.318
0.282	0.001	0.319	0.398
0.001	0.001	0.001	0.997
0.001	0.001	0.001	0.997
0.001	0.001	0.001	0.997
0.001	0.001	0.001	0.997
0.001	0.001	0.001	0.997
>CGAAAAGGGGAG	14-CGAAAAGGGGAG	12.355432	-3.163630	0	T:1.0(3.03%),B:49.1(0.13%),P:1e-1	Tpos:452.5,Tstd:268.6,Bpos:505.7,Bstd:278.2,StrandBias:0.0,Multiplicity:4.00
0.100	0.700	0.100	0.100
0.100	0.100	0.700	0.100
0.700	0.100	0.100	0.100
0.700	0.100	0.100	0.100
0.700	0.100	0.100	0.100
0.700	0.100	0.100	0.100
0.100	0.100	0.700	0.100
0.100	0.100	0.700	0.100
0.100	0.100	0.700	0.100
0.100	0.100	0.700	0.100
0.700	0.100	0.100	0.100
0.100	0.100	0.700	0.100
>CCAGTTAT	1-CCAGTTAT	8.173462	-12.108201	0	T:11.0(33.33%),B:2537.9(6.64%),P:1e-5	Tpos:491.8,Tstd:304.7,Bpos:499.4,Bstd:299.2,StrandBias:0.0,Multiplicity:1.09
0.001	0.997	0.001	0.001
0.001	0.997	0.001	0.001
0.997	0.001	0.001	0.001
0.001	0.001	0.997	0.001
0.001	0.085	0.110	0.804
0.001	0.175	0.001	0.823
0.997	0.001	0.001	0.001
0.001	0.083	0.001	0.915
>GCGCGTCA	2-GCGCGTCA	8.565369	-7.279610	0	T:5.0(15.15%),B:827.1(2.16%),P:1e-3	Tpos:318.9,Tstd:246.7,Bpos:530.7,Bstd:306.1,StrandBias:-0.4,Multiplicity:1.40
0.001	0.001	0.997	0.001
0.115	0.780	0.001	0.104
0.001	0.001	0.997	0.001
0.001	0.997	0.001	0.001
0.001	0.001	0.997	0.001
0.001	0.118	0.001	0.880
0.001	0.883	0.115	0.001
0.997	0.001	0.001	0.001
>TTACAGTA	3-TTACAGTA	10.532776	-6.806615	0	T:7.0(21.21%),B:1924.0(5.04%),P:1e-2	Tpos:626.1,Tstd:236.1,Bpos:486.7,Bstd:285.8,StrandBias:0.0,Multiplicity:1.14
0.001	0.001	0.001	0.997
0.001	0.001	0.001	0.997
0.997	0.001	0.001	0.001
0.001	0.865	0.133	0.001
0.674	0.001	0.113	0.212
0.001	0.001	0.997	0.001
0.001	0.001	0.001	0.997
0.997	0.001	0.001	0.001
>TTAATSCC	4-TTAATSCC	7.451132	-6.749550	0	T:11.0(33.33%),B:4597.1(12.03%),P:1e-2	Tpos:487.5,Tstd:325.3,Bpos:509.5,Bstd:297.0,StrandBias:-0.7,Multiplicity:1.45
0.001	0.001	0.001	0.997
0.001	0.001	0.001	0.997
0.997	0.001	0.001	0.001
0.741	0.257	0.001	0.001
0.001	0.001	0.001	0.997
0.001	0.552	0.446	0.001
0.001	0.810	0.001	0.188
0.001	0.997	0.001	0.001
>TCCCCTTT	5-TCCCCTTT	8.236954	-1.392472	0	T:2.0(6.06%),B:1108.3(2.90%),P:1e0	Tpos:402.3,Tstd:263.9,Bpos:528.9,Bstd:301.5,StrandBias:0.0,Multiplicity:6.00
0.100	0.100	0.100	0.700
0.100	0.700	0.100	0.100
0.100	0.700	0.100	0.100
0.100	0.700	0.100	0.100
0.100	0.700	0.100	0.100
0.100	0.100	0.100	0.700
0.100	0.100	0.100	0.700
0.100	0.100	0.100	0.700
