>TCTTATCAGT	1-TCTTATCAGT	8.868485	-32.200227	0	T:76.0(35.51%),B:6024.4(14.30%),P:1e-13	Tpos:589.2,Tstd:297.1,Bpos:549.0,Bstd:316.5,StrandBias:0.4,Multiplicity:1.20
0.001	0.162	0.001	0.836
0.157	0.631	0.193	0.019
0.001	0.114	0.001	0.884
0.001	0.001	0.001	0.997
0.997	0.001	0.001	0.001
0.001	0.001	0.001	0.997
0.001	0.997	0.001	0.001
0.997	0.001	0.001	0.001
0.302	0.001	0.464	0.233
0.174	0.001	0.001	0.824
>ACGTGATTNT	2-ACGTGATTNT	6.710262	-25.890824	0	T:52.0(24.30%),B:3607.8(8.56%),P:1e-11	Tpos:496.8,Tstd:306.5,Bpos:513.6,Bstd:309.9,StrandBias:0.4,Multiplicity:1.10
0.597	0.225	0.035	0.143
0.193	0.741	0.034	0.032
0.032	0.027	0.568	0.373
0.170	0.167	0.115	0.548
0.246	0.030	0.689	0.035
0.721	0.020	0.221	0.038
0.170	0.284	0.017	0.529
0.209	0.019	0.290	0.482
0.285	0.263	0.184	0.268
0.151	0.184	0.190	0.475
>GGTGATCAGT	3-GGTGATCAGT	10.034332	-21.729689	0	T:16.0(7.48%),B:391.9(0.93%),P:1e-9	Tpos:582.6,Tstd:291.6,Bpos:506.8,Bstd:297.6,StrandBias:0.0,Multiplicity:1.00
0.044	0.001	0.920	0.035
0.001	0.057	0.941	0.001
0.001	0.001	0.001	0.997
0.044	0.001	0.917	0.038
0.853	0.001	0.001	0.145
0.072	0.001	0.066	0.861
0.127	0.723	0.071	0.079
0.930	0.001	0.001	0.068
0.001	0.077	0.921	0.001
0.001	0.001	0.001	0.997
>TCTGACTTTC	4-TCTGACTTTC	8.843891	-21.337873	0	T:38.0(17.76%),B:2396.1(5.69%),P:1e-9	Tpos:533.2,Tstd:277.6,Bpos:508.8,Bstd:310.0,StrandBias:0.6,Multiplicity:1.05
0.001	0.271	0.001	0.727
0.001	0.740	0.181	0.078
0.001	0.145	0.001	0.853
0.001	0.001	0.597	0.401
0.997	0.001	0.001	0.001
0.001	0.925	0.073	0.001
0.089	0.001	0.082	0.828
0.001	0.001	0.001	0.997
0.116	0.001	0.288	0.595
0.001	0.675	0.254	0.070
>ACATAGATCG	5-ACATAGATCG	10.065367	-20.903489	0	T:15.0(7.01%),B:354.0(0.84%),P:1e-9	Tpos:535.6,Tstd:268.5,Bpos:527.4,Bstd:321.1,StrandBias:0.4,Multiplicity:1.00
0.812	0.120	0.001	0.067
0.036	0.885	0.001	0.078
0.997	0.001	0.001	0.001
0.040	0.001	0.001	0.958
0.997	0.001	0.001	0.001
0.032	0.001	0.910	0.057
0.997	0.001	0.001	0.001
0.001	0.120	0.109	0.770
0.001	0.954	0.001	0.044
0.092	0.001	0.785	0.122
>ATATGTATAT	6-ATATGTATAT	9.147466	-20.760830	0	T:48.0(22.43%),B:3649.8(8.66%),P:1e-9	Tpos:513.5,Tstd:291.7,Bpos:506.7,Bstd:302.3,StrandBias:-0.1,Multiplicity:1.12
0.989	0.001	0.001	0.009
0.001	0.020	0.062	0.917
0.899	0.032	0.019	0.050
0.001	0.040	0.001	0.958
0.001	0.021	0.977	0.001
0.018	0.082	0.001	0.899
0.975	0.001	0.001	0.023
0.041	0.082	0.143	0.734
0.820	0.001	0.070	0.109
0.008	0.018	0.031	0.943
>CTTCCTTATC	7-CTTCCTTATC	9.656764	-20.675977	0	T:18.0(8.41%),B:556.8(1.32%),P:1e-8	Tpos:569.4,Tstd:323.6,Bpos:518.3,Bstd:315.4,StrandBias:2.2,Multiplicity:1.00
0.001	0.997	0.001	0.001
0.001	0.001	0.131	0.867
0.001	0.001	0.001	0.997
0.001	0.997	0.001	0.001
0.001	0.766	0.001	0.232
0.001	0.001	0.080	0.918
0.001	0.001	0.001	0.997
0.997	0.001	0.001	0.001
0.001	0.001	0.001	0.997
0.055	0.943	0.001	0.001
>ACGAAATCCG	8-ACGAAATCCG	9.060537	-19.989930	0	T:24.0(11.21%),B:1070.3(2.54%),P:1e-8	Tpos:479.6,Tstd:273.6,Bpos:481.8,Bstd:302.0,StrandBias:-0.7,Multiplicity:1.08
0.894	0.068	0.001	0.037
0.042	0.916	0.001	0.041
0.071	0.063	0.865	0.001
0.997	0.001	0.001	0.001
0.825	0.001	0.091	0.083
0.945	0.001	0.001	0.053
0.035	0.001	0.001	0.963
0.001	0.778	0.061	0.160
0.001	0.880	0.077	0.042
0.001	0.001	0.997	0.001
>GGCTGAAGAT	9-GGCTGAAGAT	9.559632	-18.862055	0	T:27.0(12.62%),B:1424.4(3.38%),P:1e-8	Tpos:530.6,Tstd:318.6,Bpos:511.5,Bstd:314.5,StrandBias:-1.7,Multiplicity:1.07
0.001	0.001	0.891	0.107
0.001	0.001	0.968	0.030
0.193	0.805	0.001	0.001
0.080	0.001	0.118	0.801
0.001	0.074	0.783	0.142
0.942	0.001	0.056	0.001
0.616	0.001	0.001	0.382
0.235	0.001	0.719	0.045
0.790	0.208	0.001	0.001
0.001	0.001	0.001	0.997
>GGTATAAAAC	10-GGTATAAAAC	8.730238	-18.841537	0	T:54.0(25.23%),B:4678.9(11.11%),P:1e-8	Tpos:591.4,Tstd:294.9,Bpos:537.7,Bstd:317.5,StrandBias:0.3,Multiplicity:1.11
0.409	0.001	0.589	0.001
0.120	0.018	0.861	0.001
0.120	0.001	0.074	0.805
0.586	0.070	0.001	0.343
0.001	0.001	0.001	0.997
0.723	0.001	0.275	0.001
0.802	0.151	0.001	0.046
0.861	0.071	0.001	0.067
0.724	0.001	0.001	0.274
0.001	0.830	0.168	0.001
>GGTGGCGTGA	11-GGTGGCGTGA	8.530108	-18.687846	0	T:21.0(9.81%),B:878.8(2.09%),P:1e-8	Tpos:512.1,Tstd:316.2,Bpos:503.5,Bstd:305.2,StrandBias:-0.8,Multiplicity:1.05
0.001	0.192	0.806	0.001
0.001	0.198	0.487	0.314
0.001	0.211	0.057	0.731
0.190	0.001	0.808	0.001
0.001	0.001	0.997	0.001
0.063	0.935	0.001	0.001
0.001	0.202	0.694	0.103
0.067	0.001	0.001	0.931
0.001	0.001	0.869	0.129
0.929	0.001	0.069	0.001
>ACTGTTGCCA	12-ACTGTTGCCA	9.965115	-18.205104	0	T:19.0(8.88%),B:735.3(1.75%),P:1e-7	Tpos:508.7,Tstd:281.3,Bpos:515.3,Bstd:314.9,StrandBias:-0.2,Multiplicity:1.00
0.932	0.066	0.001	0.001
0.019	0.928	0.052	0.001
0.038	0.001	0.001	0.960
0.001	0.039	0.944	0.016
0.073	0.001	0.001	0.925
0.065	0.001	0.001	0.933
0.001	0.058	0.812	0.129
0.113	0.843	0.001	0.043
0.001	0.933	0.001	0.065
0.838	0.098	0.001	0.063
>GACCCTGGTT	13-GACCCTGGTT	11.279106	-17.449013	0	T:7.0(3.27%),B:54.1(0.13%),P:1e-7	Tpos:352.9,Tstd:206.9,Bpos:505.3,Bstd:296.8,StrandBias:0.4,Multiplicity:1.00
0.001	0.001	0.861	0.137
0.853	0.145	0.001	0.001
0.001	0.997	0.001	0.001
0.001	0.871	0.001	0.127
0.001	0.997	0.001	0.001
0.001	0.001	0.001	0.997
0.001	0.001	0.997	0.001
0.001	0.001	0.997	0.001
0.001	0.001	0.174	0.824
0.001	0.001	0.001	0.997
>ATCCGCAGCC	14-ATCCGCAGCC	10.722998	-16.880895	0	T:8.0(3.74%),B:92.4(0.22%),P:1e-7	Tpos:467.8,Tstd:279.6,Bpos:482.8,Bstd:293.1,StrandBias:0.3,Multiplicity:1.12
0.914	0.001	0.001	0.084
0.001	0.105	0.090	0.804
0.001	0.997	0.001	0.001
0.062	0.936	0.001	0.001
0.121	0.001	0.877	0.001
0.001	0.997	0.001	0.001
0.868	0.001	0.001	0.130
0.001	0.001	0.935	0.063
0.102	0.797	0.001	0.100
0.001	0.997	0.001	0.001
>TAGGACCTGT	15-TAGGACCTGT	9.913773	-16.761965	0	T:12.0(5.61%),B:289.4(0.69%),P:1e-7	Tpos:482.6,Tstd:306.8,Bpos:500.2,Bstd:300.1,StrandBias:1.3,Multiplicity:1.17
0.001	0.001	0.001	0.997
0.738	0.001	0.001	0.260
0.001	0.119	0.873	0.007
0.071	0.096	0.827	0.006
0.686	0.009	0.001	0.304
0.006	0.875	0.112	0.007
0.001	0.640	0.001	0.358
0.001	0.001	0.001	0.997
0.001	0.001	0.903	0.095
0.001	0.001	0.001	0.997
>CATGATATCA	16-CATGATATCA	7.552649	-14.805256	0	T:53.0(24.77%),B:5141.4(12.20%),P:1e-6	Tpos:603.6,Tstd:270.9,Bpos:512.7,Bstd:312.3,StrandBias:-0.4,Multiplicity:1.12
0.093	0.719	0.104	0.084
0.811	0.044	0.088	0.057
0.113	0.052	0.084	0.751
0.038	0.049	0.865	0.048
0.785	0.086	0.077	0.052
0.104	0.084	0.025	0.787
0.857	0.038	0.033	0.072
0.100	0.043	0.057	0.800
0.096	0.798	0.036	0.070
0.837	0.038	0.007	0.118
>GTCCGCATAT	17-GTCCGCATAT	9.872283	-14.221554	0	T:13.0(6.07%),B:442.3(1.05%),P:1e-6	Tpos:371.8,Tstd:240.8,Bpos:504.9,Bstd:310.1,StrandBias:-1.7,Multiplicity:1.00
0.001	0.001	0.940	0.058
0.001	0.001	0.001	0.997
0.001	0.997	0.001	0.001
0.001	0.634	0.201	0.164
0.001	0.001	0.997	0.001
0.001	0.997	0.001	0.001
0.997	0.001	0.001	0.001
0.167	0.210	0.001	0.622
0.997	0.001	0.001	0.001
0.175	0.001	0.001	0.823
>CAATGATCAT	18-CAATGATCAT	10.074049	-13.348311	0	T:12.0(5.61%),B:403.7(0.96%),P:1e-5	Tpos:446.1,Tstd:311.9,Bpos:489.4,Bstd:311.8,StrandBias:0.0,Multiplicity:1.33
0.396	0.602	0.001	0.001
0.722	0.077	0.061	0.140
0.757	0.066	0.133	0.044
0.001	0.001	0.406	0.592
0.054	0.078	0.824	0.044
0.793	0.098	0.061	0.048
0.058	0.132	0.101	0.709
0.038	0.867	0.064	0.031
0.637	0.108	0.153	0.102
0.027	0.089	0.194	0.690
>GCWCAGTADC	19-GCWCAGTADC	7.497096	-11.529886	0	T:31.0(14.49%),B:2596.7(6.16%),P:1e-5	Tpos:406.4,Tstd:277.2,Bpos:489.4,Bstd:303.6,StrandBias:0.8,Multiplicity:1.26
0.323	0.094	0.527	0.056
0.001	0.726	0.250	0.023
0.464	0.045	0.049	0.442
0.107	0.729	0.163	0.001
0.950	0.048	0.001	0.001
0.021	0.058	0.812	0.109
0.023	0.041	0.001	0.935
0.762	0.078	0.078	0.082
0.381	0.001	0.357	0.261
0.063	0.865	0.071	0.001
>CCAGTACCCT	20-CCAGTACCCT	12.654994	-10.020669	0	T:3.0(1.40%),B:11.3(0.03%),P:1e-4	Tpos:407.2,Tstd:293.0,Bpos:389.2,Bstd:264.8,StrandBias:10.0,Multiplicity:2.67
0.001	0.691	0.001	0.307
0.001	0.997	0.001	0.001
0.997	0.001	0.001	0.001
0.001	0.001	0.997	0.001
0.001	0.001	0.001	0.997
0.997	0.001	0.001	0.001
0.001	0.997	0.001	0.001
0.001	0.997	0.001	0.001
0.001	0.997	0.001	0.001
0.001	0.001	0.001	0.997
>CGTAAYTACA	21-CGTAAYTACA	10.834632	-7.221079	0	T:5.0(2.34%),B:134.8(0.32%),P:1e-3	Tpos:425.3,Tstd:255.5,Bpos:526.5,Bstd:306.4,StrandBias:1.2,Multiplicity:2.00
0.001	0.827	0.171	0.001
0.001	0.001	0.997	0.001
0.001	0.001	0.001	0.997
0.997	0.001	0.001	0.001
0.915	0.001	0.083	0.001
0.052	0.532	0.001	0.415
0.001	0.001	0.001	0.997
0.592	0.001	0.406	0.001
0.001	0.997	0.001	0.001
0.997	0.001	0.001	0.001
>GGATACCGTG	22-GGATACCGTG	13.346512	-3.225703	0	T:1.0(0.47%),B:7.9(0.02%),P:1e-1	Tpos:238.0,Tstd:131.5,Bpos:523.6,Bstd:298.7,StrandBias:-10.0,Multiplicity:5.00
0.001	0.001	0.997	0.001
0.001	0.001	0.997	0.001
0.997	0.001	0.001	0.001
0.001	0.001	0.001	0.997
0.997	0.001	0.001	0.001
0.001	0.997	0.001	0.001
0.001	0.613	0.001	0.385
0.001	0.001	0.997	0.001
0.001	0.001	0.001	0.997
0.001	0.001	0.997	0.001
>GCCAGCACTT	23-GCCAGCACTT	10.296193	-1.989993	0	T:1.0(0.47%),B:28.7(0.07%),P:1e0	Tpos:314.5,Tstd:158.8,Bpos:483.8,Bstd:330.9,StrandBias:10.0,Multiplicity:6.00
0.100	0.100	0.700	0.100
0.100	0.700	0.100	0.100
0.100	0.700	0.100	0.100
0.700	0.100	0.100	0.100
0.100	0.100	0.700	0.100
0.100	0.700	0.100	0.100
0.700	0.100	0.100	0.100
0.100	0.700	0.100	0.100
0.100	0.100	0.100	0.700
0.100	0.100	0.100	0.700
>ACTGATAAGAAA	1-ACTGATAAGAAA	9.772783	-41.704341	0	T:76.0(35.51%),B:5069.4(12.03%),P:1e-18	Tpos:575.3,Tstd:294.4,Bpos:547.1,Bstd:309.2,StrandBias:-0.5,Multiplicity:1.11
0.778	0.089	0.040	0.093
0.100	0.673	0.101	0.126
0.055	0.001	0.001	0.943
0.074	0.014	0.885	0.027
0.911	0.026	0.001	0.062
0.135	0.020	0.035	0.810
0.915	0.001	0.026	0.058
0.872	0.027	0.040	0.061
0.077	0.053	0.756	0.114
0.853	0.093	0.027	0.027
0.838	0.047	0.075	0.040
0.774	0.051	0.048	0.127
>TGATATACATAT	2-TGATATACATAT	12.056888	-26.276596	0	T:17.0(7.94%),B:335.0(0.80%),P:1e-11	Tpos:508.8,Tstd:309.9,Bpos:516.1,Bstd:310.9,StrandBias:-0.2,Multiplicity:1.00
0.103	0.001	0.001	0.895
0.001	0.001	0.822	0.176
0.997	0.001	0.001	0.001
0.171	0.135	0.001	0.693
0.997	0.001	0.001	0.001
0.094	0.001	0.001	0.904
0.859	0.001	0.139	0.001
0.001	0.930	0.001	0.068
0.997	0.001	0.001	0.001
0.001	0.001	0.001	0.997
0.997	0.001	0.001	0.001
0.001	0.001	0.001	0.997
>AAATATCGTGTG	3-AAATATCGTGTG	13.475707	-25.394640	0	T:10.0(4.67%),B:69.2(0.16%),P:1e-11	Tpos:326.7,Tstd:258.8,Bpos:462.0,Bstd:330.4,StrandBias:-1.2,Multiplicity:1.00
0.831	0.001	0.001	0.167
0.997	0.001	0.001	0.001
0.997	0.001	0.001	0.001
0.001	0.001	0.167	0.831
0.997	0.001	0.001	0.001
0.001	0.001	0.001	0.997
0.098	0.766	0.135	0.001
0.001	0.001	0.889	0.109
0.001	0.001	0.001	0.997
0.001	0.001	0.997	0.001
0.103	0.001	0.001	0.895
0.001	0.001	0.892	0.106
>CGACAGAAAATC	4-CGACAGAAAATC	13.097581	-25.055640	0	T:13.0(6.07%),B:171.1(0.41%),P:1e-10	Tpos:448.2,Tstd:267.2,Bpos:497.1,Bstd:295.8,StrandBias:-0.2,Multiplicity:1.00
0.075	0.848	0.001	0.076
0.001	0.001	0.997	0.001
0.883	0.001	0.001	0.115
0.001	0.921	0.077	0.001
0.921	0.001	0.001	0.077
0.063	0.001	0.807	0.129
0.997	0.001	0.001	0.001
0.997	0.001	0.001	0.001
0.997	0.001	0.001	0.001
0.877	0.001	0.001	0.121
0.001	0.001	0.001	0.997
0.001	0.841	0.001	0.157
>CACCAGGAAGTT	5-CACCAGGAAGTT	13.317707	-24.412769	0	T:8.0(3.74%),B:32.9(0.08%),P:1e-10	Tpos:575.6,Tstd:296.3,Bpos:466.6,Bstd:308.0,StrandBias:-0.7,Multiplicity:1.00
0.100	0.898	0.001	0.001
0.997	0.001	0.001	0.001
0.117	0.881	0.001	0.001
0.087	0.911	0.001	0.001
0.997	0.001	0.001	0.001
0.001	0.001	0.861	0.137
0.001	0.137	0.861	0.001
0.997	0.001	0.001	0.001
0.997	0.001	0.001	0.001
0.001	0.001	0.997	0.001
0.001	0.001	0.001	0.997
0.138	0.001	0.138	0.723
>GTGCCAGAAAAA	6-GTGCCAGAAAAA	11.760244	-24.371128	0	T:16.0(7.48%),B:324.4(0.77%),P:1e-10	Tpos:390.1,Tstd:247.1,Bpos:498.2,Bstd:312.7,StrandBias:0.7,Multiplicity:1.00
0.082	0.107	0.731	0.080
0.144	0.001	0.001	0.854
0.001	0.001	0.914	0.084
0.001	0.997	0.001	0.001
0.001	0.873	0.125	0.001
0.829	0.001	0.169	0.001
0.001	0.001	0.997	0.001
0.997	0.001	0.001	0.001
0.997	0.001	0.001	0.001
0.823	0.001	0.023	0.153
0.997	0.001	0.001	0.001
0.997	0.001	0.001	0.001
>GACATAGACTGT	7-GACATAGACTGT	14.159045	-23.315478	0	T:6.0(2.80%),B:9.9(0.02%),P:1e-10	Tpos:566.8,Tstd:191.5,Bpos:407.9,Bstd:269.3,StrandBias:-1.0,Multiplicity:1.00
0.001	0.001	0.997	0.001
0.997	0.001	0.001	0.001
0.001	0.997	0.001	0.001
0.997	0.001	0.001	0.001
0.001	0.001	0.001	0.997
0.829	0.001	0.001	0.169
0.169	0.001	0.829	0.001
0.997	0.001	0.001	0.001
0.199	0.799	0.001	0.001
0.001	0.229	0.001	0.769
0.001	0.001	0.997	0.001
0.001	0.001	0.001	0.997
>AACATGATATCA	8-AACATGATATCA	10.743142	-21.778049	0	T:24.0(11.21%),B:975.9(2.32%),P:1e-9	Tpos:628.6,Tstd:332.4,Bpos:525.0,Bstd:311.7,StrandBias:0.6,Multiplicity:1.00
0.905	0.093	0.001	0.001
0.856	0.001	0.001	0.142
0.110	0.816	0.001	0.073
0.692	0.099	0.129	0.080
0.001	0.001	0.001	0.997
0.091	0.001	0.842	0.066
0.861	0.001	0.137	0.001
0.001	0.128	0.001	0.870
0.607	0.001	0.001	0.391
0.231	0.001	0.001	0.767
0.051	0.864	0.084	0.001
0.852	0.146	0.001	0.001
>CCTATGTTCTCT	9-CCTATGTTCTCT	13.547984	-21.715662	0	T:8.0(3.74%),B:47.5(0.11%),P:1e-9	Tpos:567.9,Tstd:260.6,Bpos:587.1,Bstd:287.8,StrandBias:0.0,Multiplicity:1.00
0.001	0.862	0.001	0.136
0.001	0.997	0.001	0.001
0.001	0.001	0.001	0.997
0.857	0.141	0.001	0.001
0.001	0.001	0.001	0.997
0.001	0.001	0.897	0.101
0.001	0.001	0.001	0.997
0.001	0.001	0.231	0.767
0.001	0.997	0.001	0.001
0.184	0.001	0.001	0.814
0.001	0.997	0.001	0.001
0.001	0.001	0.001	0.997
>ATAAAAGTTTAA	10-ATAAAAGTTTAA	12.670268	-21.667676	0	T:15.0(7.01%),B:334.4(0.79%),P:1e-9	Tpos:572.0,Tstd:320.6,Bpos:539.3,Bstd:298.7,StrandBias:-0.2,Multiplicity:1.00
0.953	0.045	0.001	0.001
0.020	0.001	0.035	0.944
0.856	0.043	0.063	0.038
0.843	0.079	0.001	0.077
0.921	0.001	0.077	0.001
0.913	0.001	0.085	0.001
0.042	0.077	0.880	0.001
0.068	0.001	0.001	0.930
0.050	0.001	0.001	0.948
0.001	0.001	0.030	0.968
0.931	0.032	0.001	0.036
0.942	0.001	0.056	0.001
>ATTGTAGCTAAA	11-ATTGTAGCTAAA	13.329712	-20.550295	0	T:10.0(4.67%),B:118.1(0.28%),P:1e-8	Tpos:429.9,Tstd:287.8,Bpos:419.8,Bstd:296.0,StrandBias:-1.2,Multiplicity:1.00
0.997	0.001	0.001	0.001
0.001	0.138	0.001	0.860
0.001	0.001	0.001	0.997
0.001	0.001	0.852	0.146
0.001	0.001	0.001	0.997
0.860	0.138	0.001	0.001
0.091	0.001	0.907	0.001
0.001	0.997	0.001	0.001
0.092	0.173	0.001	0.734
0.909	0.001	0.089	0.001
0.997	0.001	0.001	0.001
0.997	0.001	0.001	0.001
>AAGAGATGCATT	12-AAGAGATGCATT	13.211794	-20.511924	0	T:7.0(3.27%),B:33.1(0.08%),P:1e-8	Tpos:477.0,Tstd:252.0,Bpos:493.5,Bstd:269.7,StrandBias:2.6,Multiplicity:1.00
0.832	0.001	0.001	0.166
0.997	0.001	0.001	0.001
0.001	0.345	0.512	0.142
0.997	0.001	0.001	0.001
0.001	0.001	0.997	0.001
0.846	0.152	0.001	0.001
0.001	0.001	0.001	0.997
0.001	0.001	0.997	0.001
0.001	0.997	0.001	0.001
0.997	0.001	0.001	0.001
0.334	0.001	0.001	0.664
0.001	0.001	0.001	0.997
>TCAGGGAATCGA	13-TCAGGGAATCGA	10.108477	-19.377219	0	T:15.0(7.01%),B:398.2(0.95%),P:1e-8	Tpos:387.9,Tstd:221.3,Bpos:489.3,Bstd:305.9,StrandBias:-0.5,Multiplicity:1.21
0.090	0.090	0.001	0.819
0.001	0.741	0.257	0.001
0.996	0.001	0.002	0.001
0.130	0.001	0.868	0.001
0.046	0.001	0.818	0.135
0.002	0.001	0.848	0.149
0.874	0.090	0.035	0.001
0.785	0.001	0.179	0.035
0.091	0.073	0.001	0.835
0.001	0.705	0.156	0.138
0.134	0.003	0.862	0.001
0.862	0.078	0.001	0.059
>WGCTCCATAGTC	14-WGCTCCATAGTC	10.724224	-18.090742	0	T:10.0(4.67%),B:155.5(0.37%),P:1e-7	Tpos:339.1,Tstd:237.2,Bpos:506.8,Bstd:288.9,StrandBias:1.7,Multiplicity:1.30
0.543	0.001	0.001	0.455
0.001	0.001	0.828	0.170
0.001	0.997	0.001	0.001
0.114	0.001	0.335	0.550
0.118	0.802	0.001	0.079
0.206	0.699	0.094	0.001
0.997	0.001	0.001	0.001
0.166	0.118	0.001	0.715
0.997	0.001	0.001	0.001
0.001	0.001	0.997	0.001
0.001	0.087	0.001	0.911
0.001	0.896	0.001	0.102
>TAAACAATTGAG	15-TAAACAATTGAG	12.558462	-17.947728	0	T:13.0(6.07%),B:316.9(0.75%),P:1e-7	Tpos:351.9,Tstd:281.2,Bpos:510.5,Bstd:300.9,StrandBias:-0.2,Multiplicity:1.00
0.053	0.099	0.072	0.776
0.913	0.085	0.001	0.001
0.891	0.001	0.107	0.001
0.997	0.001	0.001	0.001
0.096	0.812	0.091	0.001
0.997	0.001	0.001	0.001
0.849	0.001	0.149	0.001
0.001	0.001	0.001	0.997
0.001	0.001	0.001	0.997
0.119	0.001	0.879	0.001
0.997	0.001	0.001	0.001
0.045	0.001	0.953	0.001
>CYAGTACCCTCT	16-CYAGTACCCTCT	10.812064	-17.495776	0	T:9.0(4.21%),B:122.7(0.29%),P:1e-7	Tpos:484.1,Tstd:265.5,Bpos:565.1,Bstd:304.4,StrandBias:3.8,Multiplicity:1.67
0.001	0.715	0.001	0.283
0.001	0.439	0.150	0.411
0.849	0.001	0.001	0.149
0.001	0.113	0.885	0.001
0.001	0.001	0.001	0.997
0.997	0.001	0.001	0.001
0.001	0.868	0.130	0.001
0.001	0.754	0.001	0.244
0.153	0.845	0.001	0.001
0.001	0.001	0.001	0.997
0.001	0.695	0.150	0.154
0.147	0.001	0.001	0.851
>CCGGTGTTHCAG	17-CCGGTGTTHCAG	13.086639	-17.439971	0	T:6.0(2.80%),B:30.6(0.07%),P:1e-7	Tpos:696.7,Tstd:273.9,Bpos:586.7,Bstd:281.2,StrandBias:1.0,Multiplicity:1.00
0.001	0.997	0.001	0.001
0.326	0.672	0.001	0.001
0.284	0.001	0.714	0.001
0.001	0.001	0.997	0.001
0.001	0.001	0.001	0.997
0.001	0.001	0.997	0.001
0.001	0.001	0.001	0.997
0.001	0.001	0.001	0.997
0.327	0.327	0.001	0.346
0.001	0.997	0.001	0.001
0.997	0.001	0.001	0.001
0.001	0.001	0.611	0.387
>TCAATTCACAGG	18-TCAATTCACAGG	10.487470	-16.875396	0	T:15.0(7.01%),B:484.8(1.15%),P:1e-7	Tpos:618.4,Tstd:223.8,Bpos:500.4,Bstd:298.9,StrandBias:-1.0,Multiplicity:1.00
0.001	0.083	0.001	0.915
0.198	0.620	0.181	0.001
0.997	0.001	0.001	0.001
0.737	0.001	0.179	0.083
0.074	0.001	0.001	0.924
0.001	0.001	0.001	0.997
0.184	0.814	0.001	0.001
0.679	0.206	0.001	0.114
0.338	0.562	0.001	0.099
0.997	0.001	0.001	0.001
0.001	0.103	0.895	0.001
0.001	0.097	0.859	0.043
>AACAAAAATCTC	19-AACAAAAATCTC	11.248568	-14.289141	0	T:20.0(9.35%),B:1050.3(2.49%),P:1e-6	Tpos:473.8,Tstd:261.1,Bpos:524.4,Bstd:291.4,StrandBias:1.0,Multiplicity:1.05
0.879	0.119	0.001	0.001
0.997	0.001	0.001	0.001
0.064	0.860	0.001	0.075
0.867	0.001	0.131	0.001
0.997	0.001	0.001	0.001
0.767	0.109	0.123	0.001
0.968	0.001	0.001	0.030
0.876	0.098	0.001	0.025
0.052	0.001	0.001	0.946
0.054	0.898	0.001	0.047
0.016	0.027	0.001	0.956
0.001	0.878	0.055	0.066
>TGCTCCACAGTA	20-TGCTCCACAGTA	14.111668	-13.719366	0	T:4.0(1.87%),B:12.1(0.03%),P:1e-5	Tpos:349.9,Tstd:184.1,Bpos:374.9,Bstd:247.4,StrandBias:2.6,Multiplicity:1.75
0.001	0.001	0.001	0.997
0.001	0.001	0.997	0.001
0.001	0.997	0.001	0.001
0.001	0.001	0.001	0.997
0.001	0.997	0.001	0.001
0.001	0.997	0.001	0.001
0.876	0.001	0.122	0.001
0.001	0.997	0.001	0.001
0.997	0.001	0.001	0.001
0.001	0.001	0.997	0.001
0.161	0.001	0.161	0.677
0.997	0.001	0.001	0.001
>ATAATTATGATC	21-ATAATTATGATC	13.913779	-12.965598	0	T:6.0(2.80%),B:69.6(0.17%),P:1e-5	Tpos:349.1,Tstd:200.7,Bpos:471.1,Bstd:307.3,StrandBias:1.6,Multiplicity:1.33
0.997	0.001	0.001	0.001
0.001	0.001	0.001	0.997
0.997	0.001	0.001	0.001
0.829	0.001	0.169	0.001
0.001	0.001	0.001	0.997
0.001	0.001	0.001	0.997
0.997	0.001	0.001	0.001
0.001	0.001	0.001	0.997
0.001	0.131	0.867	0.001
0.997	0.001	0.001	0.001
0.001	0.001	0.001	0.997
0.094	0.904	0.001	0.001
>CCTCCGTTDTCA	22-CCTCCGTTDTCA	11.940136	-12.734789	0	T:6.0(2.80%),B:72.9(0.17%),P:1e-5	Tpos:340.1,Tstd:344.1,Bpos:557.0,Bstd:295.3,StrandBias:0.0,Multiplicity:1.33
0.001	0.769	0.115	0.115
0.001	0.997	0.001	0.001
0.001	0.135	0.001	0.863
0.001	0.997	0.001	0.001
0.001	0.997	0.001	0.001
0.074	0.239	0.686	0.001
0.135	0.001	0.001	0.863
0.155	0.001	0.001	0.843
0.271	0.074	0.384	0.271
0.001	0.238	0.001	0.760
0.001	0.884	0.114	0.001
0.989	0.001	0.001	0.009
>GCTCCACGGTAT	23-GCTCCACGGTAT	16.104901	-5.287559	0	T:1.0(0.47%),B:0.7(0.00%),P:1e-2	Tpos:236.0,Tstd:131.5,Bpos:529.0,Bstd:0.0,StrandBias:10.0,Multiplicity:5.00
0.001	0.001	0.997	0.001
0.001	0.997	0.001	0.001
0.001	0.001	0.001	0.997
0.001	0.997	0.001	0.001
0.001	0.997	0.001	0.001
0.997	0.001	0.001	0.001
0.001	0.997	0.001	0.001
0.390	0.001	0.608	0.001
0.001	0.001	0.997	0.001
0.001	0.001	0.001	0.997
0.997	0.001	0.001	0.001
0.001	0.001	0.001	0.997
>GCAAAGGCATTG	24-GCAAAGGCATTG	12.355432	-5.287559	0	T:1.0(0.47%),B:0.7(0.00%),P:1e-2	Tpos:258.0,Tstd:131.5,Bpos:617.0,Bstd:0.0,StrandBias:-10.0,Multiplicity:5.00
0.100	0.100	0.700	0.100
0.100	0.700	0.100	0.100
0.700	0.100	0.100	0.100
0.700	0.100	0.100	0.100
0.700	0.100	0.100	0.100
0.100	0.100	0.700	0.100
0.100	0.100	0.700	0.100
0.100	0.700	0.100	0.100
0.700	0.100	0.100	0.100
0.100	0.100	0.100	0.700
0.100	0.100	0.100	0.700
0.100	0.100	0.700	0.100
>TCCAGGATCCTC	25-TCCAGGATCCTC	16.290507	-4.596930	0	T:1.0(0.47%),B:1.4(0.00%),P:1e-1	Tpos:248.5,Tstd:104.0,Bpos:96.0,Bstd:0.0,StrandBias:10.0,Multiplicity:4.00
0.001	0.001	0.001	0.997
0.001	0.997	0.001	0.001
0.001	0.732	0.001	0.266
0.997	0.001	0.001	0.001
0.001	0.001	0.997	0.001
0.001	0.001	0.997	0.001
0.997	0.001	0.001	0.001
0.001	0.001	0.001	0.997
0.001	0.997	0.001	0.001
0.001	0.997	0.001	0.001
0.001	0.001	0.001	0.997
0.001	0.997	0.001	0.001
>TGATAACA	1-TGATAACA	8.607945	-27.434614	0	T:88.0(41.12%),B:8378.3(19.89%),P:1e-11	Tpos:592.7,Tstd:307.4,Bpos:547.2,Bstd:317.4,StrandBias:-0.7,Multiplicity:1.31
0.001	0.001	0.001	0.997
0.001	0.001	0.997	0.001
0.997	0.001	0.001	0.001
0.001	0.001	0.001	0.997
0.780	0.001	0.001	0.218
0.766	0.001	0.232	0.001
0.001	0.589	0.409	0.001
0.652	0.001	0.346	0.001
>AATCACGT	2-AATCACGT	7.094657	-16.346513	0	T:85.0(39.72%),B:9842.2(23.36%),P:1e-7	Tpos:562.1,Tstd:285.5,Bpos:510.0,Bstd:311.8,StrandBias:0.1,Multiplicity:1.25
0.796	0.071	0.001	0.132
0.954	0.001	0.044	0.001
0.001	0.099	0.001	0.899
0.001	0.997	0.001	0.001
0.915	0.001	0.001	0.083
0.126	0.872	0.001	0.001
0.001	0.001	0.864	0.134
0.001	0.086	0.063	0.850
>CCCCACCY	3-CCCCACCY	6.894586	-15.605023	0	T:39.0(18.22%),B:3108.5(7.38%),P:1e-6	Tpos:503.0,Tstd:311.4,Bpos:509.4,Bstd:301.7,StrandBias:-0.1,Multiplicity:1.10
0.001	0.781	0.217	0.001
0.006	0.893	0.094	0.007
0.303	0.579	0.038	0.080
0.292	0.569	0.092	0.047
0.723	0.124	0.145	0.008
0.015	0.655	0.001	0.329
0.093	0.727	0.001	0.179
0.047	0.379	0.073	0.501
>AGGGTACT	4-AGGGTACT	6.569648	-11.821170	0	T:28.0(13.08%),B:2177.0(5.17%),P:1e-5	Tpos:441.6,Tstd:279.6,Bpos:489.0,Bstd:308.4,StrandBias:-0.9,Multiplicity:1.21
0.997	0.001	0.001	0.001
0.001	0.001	0.997	0.001
0.001	0.001	0.997	0.001
0.001	0.133	0.865	0.001
0.001	0.001	0.083	0.915
0.966	0.032	0.001	0.001
0.001	0.934	0.064	0.001
0.100	0.001	0.001	0.898
>ATTCCCTG	5-ATTCCCTG	8.220383	-11.744809	0	T:24.0(11.21%),B:1701.5(4.04%),P:1e-5	Tpos:463.6,Tstd:267.2,Bpos:496.4,Bstd:308.4,StrandBias:-0.6,Multiplicity:1.17
0.849	0.149	0.001	0.001
0.001	0.233	0.068	0.698
0.001	0.001	0.001	0.997
0.001	0.997	0.001	0.001
0.001	0.997	0.001	0.001
0.001	0.997	0.001	0.001
0.001	0.001	0.001	0.997
0.001	0.001	0.997	0.001
>TCAGGTTT	6-TCAGGTTT	8.471807	-10.153763	0	T:46.0(21.50%),B:4951.6(11.75%),P:1e-4	Tpos:487.3,Tstd:308.1,Bpos:505.8,Bstd:303.3,StrandBias:0.6,Multiplicity:1.18
0.001	0.001	0.001	0.997
0.001	0.997	0.001	0.001
0.735	0.001	0.001	0.263
0.001	0.001	0.997	0.001
0.001	0.001	0.997	0.001
0.001	0.001	0.001	0.997
0.001	0.001	0.101	0.897
0.001	0.001	0.001	0.997
>TGCTCCGC	7-TGCTCCGC	8.031560	-7.106069	0	T:30.0(14.02%),B:3178.8(7.55%),P:1e-3	Tpos:472.9,Tstd:262.2,Bpos:486.8,Bstd:298.7,StrandBias:1.2,Multiplicity:1.40
0.001	0.001	0.151	0.847
0.180	0.001	0.818	0.001
0.342	0.656	0.001	0.001
0.001	0.001	0.033	0.965
0.060	0.733	0.206	0.001
0.001	0.997	0.001	0.001
0.174	0.001	0.824	0.001
0.001	0.997	0.001	0.001
