>GATGAGAACAAT	1-GATGAGAACAAT	12.978788	-26.824943	0	T:13.0(4.26%),B:97.2(0.24%),P:1e-11	Tpos:651.0,Tstd:309.1,Bpos:480.0,Bstd:333.9,StrandBias:-1.7,Multiplicity:1.00
0.001	0.001	0.997	0.001
0.744	0.001	0.001	0.254
0.001	0.001	0.001	0.997
0.091	0.001	0.907	0.001
0.689	0.001	0.309	0.001
0.001	0.001	0.997	0.001
0.997	0.001	0.001	0.001
0.997	0.001	0.001	0.001
0.001	0.828	0.073	0.098
0.852	0.001	0.001	0.146
0.997	0.001	0.001	0.001
0.089	0.001	0.001	0.909
>TAGCCAGACCTA	2-TAGCCAGACCTA	10.890531	-25.696169	0	T:13.0(4.26%),B:108.0(0.26%),P:1e-11	Tpos:446.3,Tstd:338.5,Bpos:504.0,Bstd:284.4,StrandBias:-1.5,Multiplicity:1.15
0.001	0.001	0.001	0.997
0.865	0.001	0.001	0.133
0.001	0.001	0.997	0.001
0.172	0.474	0.123	0.231
0.063	0.535	0.092	0.310
0.997	0.001	0.001	0.001
0.001	0.184	0.814	0.001
0.997	0.001	0.001	0.001
0.001	0.997	0.001	0.001
0.001	0.848	0.001	0.150
0.326	0.001	0.001	0.672
0.735	0.001	0.001	0.263
>AKAACTCTCTTT	3-AKAACTCTCTTT	12.990718	-24.816503	0	T:10.0(3.28%),B:48.4(0.12%),P:1e-10	Tpos:646.3,Tstd:271.4,Bpos:514.5,Bstd:241.4,StrandBias:2.0,Multiplicity:1.00
0.997	0.001	0.001	0.001
0.155	0.001	0.416	0.428
0.808	0.001	0.001	0.190
0.997	0.001	0.001	0.001
0.001	0.997	0.001	0.001
0.001	0.001	0.001	0.997
0.001	0.870	0.128	0.001
0.001	0.001	0.205	0.793
0.001	0.844	0.154	0.001
0.001	0.001	0.001	0.997
0.001	0.010	0.265	0.724
0.001	0.001	0.001	0.997
>ATTTVTTCTYTG	4-ATTTVTTCTYTG	10.210294	-24.298589	0	T:22.0(7.21%),B:471.8(1.16%),P:1e-10	Tpos:513.8,Tstd:246.8,Bpos:526.3,Bstd:317.5,StrandBias:1.1,Multiplicity:1.00
0.776	0.108	0.001	0.115
0.108	0.055	0.111	0.726
0.001	0.001	0.032	0.966
0.001	0.011	0.058	0.930
0.256	0.234	0.346	0.164
0.002	0.260	0.054	0.684
0.093	0.005	0.040	0.862
0.077	0.523	0.212	0.188
0.237	0.275	0.001	0.487
0.073	0.303	0.234	0.390
0.142	0.117	0.041	0.700
0.213	0.001	0.481	0.305
>TATTCCCTTATC	5-TATTCCCTTATC	13.302781	-23.471731	0	T:10.0(3.28%),B:56.9(0.14%),P:1e-10	Tpos:492.8,Tstd:198.2,Bpos:622.0,Bstd:261.5,StrandBias:2.0,Multiplicity:1.00
0.001	0.001	0.001	0.997
0.997	0.001	0.001	0.001
0.001	0.001	0.001	0.997
0.001	0.112	0.001	0.886
0.001	0.906	0.001	0.092
0.001	0.912	0.001	0.086
0.001	0.879	0.001	0.119
0.001	0.112	0.001	0.886
0.001	0.142	0.001	0.856
0.997	0.001	0.001	0.001
0.112	0.001	0.001	0.886
0.001	0.886	0.001	0.112
>AAGTCTATTGTG	6-AAGTCTATTGTG	14.177364	-23.215904	0	T:7.0(2.30%),B:13.1(0.03%),P:1e-10	Tpos:621.9,Tstd:154.0,Bpos:562.7,Bstd:280.0,StrandBias:1.3,Multiplicity:1.00
0.997	0.001	0.001	0.001
0.849	0.001	0.001	0.149
0.001	0.001	0.997	0.001
0.001	0.001	0.001	0.997
0.001	0.876	0.122	0.001
0.001	0.001	0.001	0.997
0.997	0.001	0.001	0.001
0.001	0.001	0.001	0.997
0.001	0.001	0.001	0.997
0.001	0.001	0.997	0.001
0.001	0.001	0.001	0.997
0.001	0.149	0.849	0.001
>AATGTTACATGT	7-AATGTTACATGT	11.286829	-23.185678	0	T:25.0(8.20%),B:659.8(1.62%),P:1e-10	Tpos:463.6,Tstd:243.6,Bpos:498.8,Bstd:302.1,StrandBias:-1.1,Multiplicity:1.00
0.997	0.001	0.001	0.001
0.997	0.001	0.001	0.001
0.001	0.194	0.001	0.804
0.279	0.001	0.719	0.001
0.082	0.104	0.001	0.813
0.001	0.001	0.001	0.997
0.997	0.001	0.001	0.001
0.086	0.802	0.111	0.001
0.997	0.001	0.001	0.001
0.311	0.001	0.001	0.687
0.146	0.001	0.574	0.279
0.108	0.090	0.282	0.520
>GTATTGCAAAAA	8-GTATTGCAAAAA	11.907350	-23.010718	0	T:24.0(7.87%),B:610.3(1.50%),P:1e-9	Tpos:497.4,Tstd:253.5,Bpos:488.1,Bstd:291.2,StrandBias:0.5,Multiplicity:1.00
0.096	0.001	0.887	0.016
0.023	0.042	0.001	0.934
0.837	0.068	0.047	0.048
0.001	0.075	0.001	0.923
0.099	0.001	0.001	0.899
0.001	0.090	0.908	0.001
0.001	0.997	0.001	0.001
0.997	0.001	0.001	0.001
0.923	0.001	0.001	0.075
0.914	0.084	0.001	0.001
0.888	0.110	0.001	0.001
0.923	0.001	0.001	0.075
>AACTTGTTCTCT	9-AACTTGTTCTCT	13.141618	-22.776996	0	T:12.0(3.93%),B:109.5(0.27%),P:1e-9	Tpos:656.2,Tstd:257.2,Bpos:574.4,Bstd:276.6,StrandBias:1.0,Multiplicity:1.00
0.910	0.088	0.001	0.001
0.915	0.001	0.001	0.083
0.038	0.960	0.001	0.001
0.001	0.119	0.001	0.879
0.001	0.001	0.001	0.997
0.001	0.058	0.940	0.001
0.001	0.001	0.001	0.997
0.001	0.001	0.001	0.997
0.001	0.850	0.108	0.041
0.001	0.001	0.127	0.871
0.001	0.828	0.103	0.068
0.076	0.001	0.001	0.922
>AAGATCGCAAGT	10-AAGATCGCAAGT	13.389387	-22.035573	0	T:8.0(2.62%),B:30.0(0.07%),P:1e-9	Tpos:518.7,Tstd:245.5,Bpos:478.6,Bstd:220.6,StrandBias:-3.0,Multiplicity:1.12
0.997	0.001	0.001	0.001
0.862	0.001	0.136	0.001
0.001	0.159	0.839	0.001
0.997	0.001	0.001	0.001
0.001	0.001	0.001	0.997
0.107	0.891	0.001	0.001
0.092	0.001	0.906	0.001
0.101	0.897	0.001	0.001
0.862	0.136	0.001	0.001
0.997	0.001	0.001	0.001
0.001	0.136	0.862	0.001
0.001	0.001	0.001	0.997
>GCTAGATGACAA	11-GCTAGATGACAA	13.662307	-21.745138	0	T:7.0(2.30%),B:17.1(0.04%),P:1e-9	Tpos:463.4,Tstd:281.3,Bpos:362.4,Bstd:362.6,StrandBias:0.4,Multiplicity:1.00
0.001	0.001	0.997	0.001
0.001	0.997	0.001	0.001
0.001	0.001	0.001	0.997
0.883	0.001	0.001	0.115
0.001	0.001	0.997	0.001
0.828	0.170	0.001	0.001
0.198	0.001	0.001	0.800
0.001	0.001	0.828	0.170
0.997	0.001	0.001	0.001
0.001	0.828	0.170	0.001
0.997	0.001	0.001	0.001
0.997	0.001	0.001	0.001
>CCATATGATTGT	12-CCATATGATTGT	13.203157	-21.508591	0	T:10.0(3.28%),B:70.9(0.17%),P:1e-9	Tpos:721.0,Tstd:190.4,Bpos:488.0,Bstd:281.1,StrandBias:1.6,Multiplicity:1.20
0.001	0.997	0.001	0.001
0.200	0.798	0.001	0.001
0.997	0.001	0.001	0.001
0.156	0.162	0.249	0.433
0.841	0.001	0.157	0.001
0.001	0.001	0.001	0.997
0.001	0.001	0.811	0.187
0.997	0.001	0.001	0.001
0.001	0.001	0.001	0.997
0.001	0.001	0.001	0.997
0.001	0.248	0.750	0.001
0.001	0.001	0.001	0.997
>GTACATMAGCAA	13-GTACATMAGCAA	11.246178	-21.016445	0	T:15.0(4.92%),B:234.3(0.57%),P:1e-9	Tpos:532.5,Tstd:330.4,Bpos:485.2,Bstd:319.4,StrandBias:1.0,Multiplicity:1.00
0.133	0.001	0.588	0.278
0.001	0.001	0.001	0.997
0.668	0.218	0.113	0.001
0.146	0.852	0.001	0.001
0.997	0.001	0.001	0.001
0.001	0.001	0.162	0.836
0.439	0.559	0.001	0.001
0.678	0.134	0.187	0.001
0.001	0.006	0.992	0.001
0.163	0.835	0.001	0.001
0.997	0.001	0.001	0.001
0.835	0.163	0.001	0.001
>GRWSTTGTTWMT	14-GRWSTTGTTWMT	10.867951	-20.762667	0	T:19.0(6.23%),B:417.9(1.02%),P:1e-9	Tpos:545.2,Tstd:261.9,Bpos:483.2,Bstd:321.4,StrandBias:0.2,Multiplicity:1.00
0.001	0.067	0.928	0.004
0.503	0.001	0.495	0.001
0.540	0.001	0.001	0.458
0.001	0.467	0.531	0.001
0.001	0.181	0.001	0.817
0.001	0.001	0.001	0.997
0.001	0.001	0.872	0.126
0.001	0.001	0.001	0.997
0.001	0.001	0.006	0.992
0.404	0.001	0.104	0.491
0.394	0.455	0.150	0.001
0.083	0.001	0.001	0.915
>ACATTTCATTCA	15-ACATTTCATTCA	12.180620	-20.439734	0	T:10.0(3.28%),B:79.5(0.19%),P:1e-8	Tpos:699.3,Tstd:245.6,Bpos:468.3,Bstd:297.1,StrandBias:0.6,Multiplicity:1.00
0.876	0.001	0.122	0.001
0.001	0.997	0.001	0.001
0.997	0.001	0.001	0.001
0.001	0.001	0.001	0.997
0.132	0.001	0.145	0.722
0.001	0.001	0.001	0.997
0.001	0.997	0.001	0.001
0.997	0.001	0.001	0.001
0.094	0.001	0.001	0.904
0.001	0.001	0.001	0.997
0.001	0.997	0.001	0.001
0.997	0.001	0.001	0.001
>AAAAAATCAGCT	16-AAAAAATCAGCT	12.529298	-20.328726	0	T:22.0(7.21%),B:587.1(1.44%),P:1e-8	Tpos:573.7,Tstd:271.9,Bpos:508.0,Bstd:301.4,StrandBias:-0.2,Multiplicity:1.09
0.997	0.001	0.001	0.001
0.904	0.094	0.001	0.001
0.997	0.001	0.001	0.001
0.997	0.001	0.001	0.001
0.887	0.001	0.063	0.049
0.816	0.001	0.073	0.110
0.001	0.067	0.001	0.931
0.001	0.969	0.001	0.029
0.827	0.001	0.071	0.101
0.001	0.044	0.927	0.028
0.017	0.906	0.001	0.076
0.027	0.067	0.052	0.854
>TCTTATTTTTTA	17-TCTTATTTTTTA	10.540683	-20.106457	0	T:64.0(20.98%),B:3887.5(9.53%),P:1e-8	Tpos:532.9,Tstd:277.7,Bpos:510.9,Bstd:296.6,StrandBias:0.8,Multiplicity:1.09
0.001	0.001	0.001	0.997
0.006	0.782	0.070	0.142
0.052	0.276	0.061	0.611
0.001	0.091	0.210	0.698
0.858	0.001	0.123	0.018
0.001	0.027	0.026	0.946
0.194	0.046	0.176	0.584
0.001	0.107	0.001	0.891
0.021	0.028	0.001	0.950
0.028	0.030	0.001	0.941
0.001	0.094	0.112	0.793
0.883	0.103	0.013	0.001
>TWCCTACTACCA	18-TWCCTACTACCA	12.065295	-19.241118	0	T:9.0(2.95%),B:65.4(0.16%),P:1e-8	Tpos:480.1,Tstd:261.7,Bpos:541.6,Bstd:289.7,StrandBias:2.2,Multiplicity:1.22
0.001	0.001	0.001	0.997
0.457	0.001	0.001	0.541
0.084	0.914	0.001	0.001
0.255	0.743	0.001	0.001
0.402	0.001	0.001	0.596
0.796	0.001	0.001	0.202
0.099	0.899	0.001	0.001
0.107	0.001	0.001	0.891
0.891	0.001	0.107	0.001
0.001	0.997	0.001	0.001
0.097	0.818	0.001	0.084
0.997	0.001	0.001	0.001
>TTTTATGATTGA	19-TTTTATGATTGA	12.895176	-18.651544	0	T:18.0(5.90%),B:425.2(1.04%),P:1e-8	Tpos:474.2,Tstd:287.1,Bpos:508.1,Bstd:313.9,StrandBias:-0.3,Multiplicity:1.00
0.001	0.001	0.001	0.997
0.092	0.001	0.001	0.906
0.001	0.001	0.001	0.997
0.001	0.001	0.073	0.925
0.841	0.054	0.001	0.104
0.072	0.001	0.001	0.926
0.042	0.068	0.848	0.042
0.890	0.001	0.108	0.001
0.001	0.001	0.094	0.904
0.001	0.001	0.001	0.997
0.047	0.001	0.906	0.046
0.925	0.001	0.001	0.073
>ATCATAGTAAAA	20-ATCATAGTAAAA	12.683097	-18.619744	0	T:14.0(4.59%),B:239.8(0.59%),P:1e-8	Tpos:465.4,Tstd:221.7,Bpos:473.4,Bstd:277.2,StrandBias:-0.8,Multiplicity:1.00
0.997	0.001	0.001	0.001
0.064	0.134	0.001	0.801
0.046	0.888	0.065	0.001
0.997	0.001	0.001	0.001
0.001	0.001	0.001	0.997
0.945	0.001	0.001	0.053
0.040	0.123	0.795	0.042
0.043	0.093	0.059	0.805
0.997	0.001	0.001	0.001
0.899	0.001	0.099	0.001
0.899	0.099	0.001	0.001
0.997	0.001	0.001	0.001
>AAAATTCTATCA	21-AAAATTCTATCA	12.287080	-17.709507	0	T:20.0(6.56%),B:564.5(1.38%),P:1e-7	Tpos:498.3,Tstd:233.1,Bpos:477.5,Bstd:302.8,StrandBias:-0.5,Multiplicity:1.10
0.833	0.080	0.001	0.086
0.997	0.001	0.001	0.001
0.919	0.001	0.001	0.079
0.997	0.001	0.001	0.001
0.038	0.001	0.001	0.960
0.049	0.001	0.001	0.949
0.001	0.917	0.033	0.049
0.001	0.045	0.046	0.908
0.901	0.064	0.001	0.034
0.001	0.063	0.001	0.935
0.024	0.866	0.109	0.001
0.853	0.001	0.073	0.073
>TACCACGCGTGG	22-TACCACGCGTGG	13.297230	-16.094814	0	T:4.0(1.31%),B:3.9(0.01%),P:1e-6	Tpos:459.0,Tstd:126.0,Bpos:614.9,Bstd:431.3,StrandBias:2.0,Multiplicity:1.00
0.001	0.001	0.222	0.776
0.997	0.001	0.001	0.001
0.222	0.518	0.001	0.259
0.001	0.997	0.001	0.001
0.997	0.001	0.001	0.001
0.001	0.997	0.001	0.001
0.001	0.001	0.997	0.001
0.001	0.997	0.001	0.001
0.001	0.001	0.997	0.001
0.001	0.258	0.001	0.740
0.001	0.001	0.997	0.001
0.001	0.001	0.997	0.001
>GATATGCACTGA	23-GATATGCACTGA	11.385833	-13.807010	0	T:9.0(2.95%),B:129.5(0.32%),P:1e-5	Tpos:545.2,Tstd:286.3,Bpos:530.2,Bstd:293.7,StrandBias:0.0,Multiplicity:1.33
0.001	0.001	0.997	0.001
0.973	0.001	0.025	0.001
0.001	0.001	0.026	0.972
0.877	0.121	0.001	0.001
0.121	0.001	0.167	0.711
0.144	0.001	0.742	0.113
0.274	0.724	0.001	0.001
0.885	0.001	0.113	0.001
0.001	0.855	0.001	0.143
0.107	0.167	0.001	0.725
0.288	0.167	0.544	0.001
0.997	0.001	0.001	0.001
>GGASCACCTGGA	24-GGASCACCTGGA	12.160261	-12.769878	0	T:8.0(2.62%),B:109.6(0.27%),P:1e-5	Tpos:266.8,Tstd:247.2,Bpos:391.4,Bstd:260.6,StrandBias:1.0,Multiplicity:2.25
0.001	0.001	0.997	0.001
0.001	0.001	0.885	0.113
0.997	0.001	0.001	0.001
0.188	0.337	0.474	0.001
0.101	0.699	0.199	0.001
0.832	0.001	0.001	0.166
0.272	0.629	0.097	0.002
0.077	0.871	0.001	0.051
0.115	0.200	0.062	0.623
0.001	0.001	0.997	0.001
0.001	0.001	0.997	0.001
0.997	0.001	0.001	0.001
>TCCRKSTGGWCC	25-TCCRKSTGGWCC	11.291435	-7.982218	0	T:6.0(1.97%),B:118.3(0.29%),P:1e-3	Tpos:422.6,Tstd:260.6,Bpos:394.3,Bstd:278.8,StrandBias:-1.2,Multiplicity:1.67
0.096	0.001	0.001	0.902
0.007	0.714	0.001	0.278
0.001	0.990	0.001	0.008
0.468	0.105	0.322	0.106
0.160	0.001	0.413	0.425
0.001	0.571	0.427	0.001
0.006	0.194	0.001	0.799
0.001	0.251	0.747	0.001
0.001	0.005	0.860	0.134
0.444	0.001	0.001	0.554
0.001	0.997	0.001	0.001
0.001	0.997	0.001	0.001
