>TCCGATCA	1-TCCGATCA	8.275230	-18.414782	0	T:50.0(16.39%),B:2778.3(6.81%),P:1e-7	Tpos:574.6,Tstd:277.4,Bpos:504.6,Bstd:310.9,StrandBias:0.4,Multiplicity:1.02
0.001	0.001	0.045	0.953
0.077	0.921	0.001	0.001
0.001	0.896	0.102	0.001
0.001	0.001	0.825	0.173
0.925	0.001	0.073	0.001
0.001	0.001	0.001	0.997
0.001	0.997	0.001	0.001
0.882	0.001	0.001	0.116
>AGGTGATA	2-AGGTGATA	3.459375	-13.775327	0	T:193.0(63.28%),B:20209.9(49.55%),P:1e-5	Tpos:534.8,Tstd:286.1,Bpos:504.5,Bstd:311.0,StrandBias:-0.1,Multiplicity:1.51
0.997	0.001	0.001	0.001
0.403	0.001	0.595	0.001
0.001	0.001	0.979	0.019
0.001	0.001	0.001	0.997
0.001	0.001	0.997	0.001
0.805	0.193	0.001	0.001
0.001	0.155	0.001	0.843
0.997	0.001	0.001	0.001
>AGGGGGTA	3-AGGGGGTA	8.236954	-12.481853	0	T:12.0(3.93%),B:295.7(0.72%),P:1e-5	Tpos:746.8,Tstd:151.4,Bpos:537.5,Bstd:303.8,StrandBias:-1.6,Multiplicity:1.00
0.700	0.100	0.100	0.100
0.100	0.100	0.700	0.100
0.100	0.100	0.700	0.100
0.100	0.100	0.700	0.100
0.100	0.100	0.700	0.100
0.100	0.100	0.700	0.100
0.100	0.100	0.100	0.700
0.700	0.100	0.100	0.100
>CAMAGATC	4-CAMAGATC	7.592427	-10.601133	0	T:99.0(32.46%),B:9047.6(22.18%),P:1e-4	Tpos:563.4,Tstd:300.7,Bpos:499.0,Bstd:315.3,StrandBias:0.0,Multiplicity:1.24
0.226	0.772	0.001	0.001
0.928	0.001	0.001	0.070
0.520	0.424	0.024	0.032
0.821	0.001	0.001	0.177
0.001	0.264	0.734	0.001
0.911	0.001	0.004	0.084
0.154	0.066	0.001	0.779
0.117	0.881	0.001	0.001
>GGTGGACC	5-GGTGGACC	7.099632	-8.113145	0	T:39.0(12.79%),B:2891.4(7.09%),P:1e-3	Tpos:433.4,Tstd:307.2,Bpos:479.1,Bstd:307.8,StrandBias:-0.4,Multiplicity:1.54
0.036	0.011	0.861	0.092
0.055	0.153	0.791	0.001
0.094	0.018	0.005	0.883
0.006	0.019	0.974	0.001
0.001	0.012	0.986	0.001
0.735	0.001	0.001	0.263
0.001	0.871	0.127	0.001
0.026	0.902	0.022	0.050
