>CTTCTCTATTCT	5-CTTCTCTATTCT	8.642213	-20.386341	0	T:50.0(47.62%),B:8262.2(21.06%),P:1e-8
0.107	0.642	0.073	0.178
0.134	0.001	0.002	0.863
0.001	0.079	0.072	0.848
0.099	0.746	0.092	0.063
0.044	0.001	0.001	0.954
0.048	0.837	0.030	0.085
0.029	0.001	0.090	0.880
0.669	0.097	0.141	0.093
0.031	0.039	0.001	0.929
0.040	0.078	0.001	0.881
0.078	0.822	0.001	0.099
0.030	0.033	0.001	0.936
