>GCAATTTTCCAG	15-GCAATTTTCCAG	10.308323	-20.965717	0	T:31.0(6.57%),B:629.9(1.73%),P:1e-9
0.032	0.189	0.579	0.200
0.227	0.578	0.168	0.027
0.882	0.035	0.051	0.032
0.574	0.088	0.155	0.183
0.063	0.047	0.047	0.843
0.140	0.105	0.028	0.727
0.013	0.143	0.027	0.817
0.193	0.035	0.029	0.743
0.144	0.646	0.033	0.177
0.140	0.668	0.037	0.155
0.685	0.202	0.037	0.076
0.031	0.220	0.707	0.042
