>AAATCAATTWTA	7-AAATCAATTWTA	10.659081	-27.939816	0	T:61.0(12.92%),B:1654.4(4.55%),P:1e-12
0.901	0.037	0.023	0.039
0.907	0.017	0.031	0.045
0.698	0.128	0.030	0.144
0.052	0.256	0.046	0.646
0.225	0.487	0.052	0.236
0.925	0.033	0.027	0.015
0.728	0.017	0.224	0.031
0.238	0.032	0.037	0.693
0.263	0.197	0.027	0.513
0.343	0.182	0.045	0.430
0.055	0.006	0.053	0.886
0.566	0.265	0.105	0.064
