>GCGCGTTGTTTA	3-GCGCGTTGTTTA,BestGuess:fkh-2/MA0920.1/Jaspar(0.742)	9.837225	-35.660390	0	T:47.0(9.96%),B:842.8(2.32%),P:1e-15
0.016	0.001	0.887	0.096
0.066	0.788	0.055	0.091
0.144	0.056	0.764	0.036
0.050	0.799	0.087	0.064
0.039	0.115	0.764	0.082
0.087	0.102	0.001	0.810
0.088	0.085	0.001	0.826
0.017	0.091	0.737	0.155
0.001	0.036	0.001	0.962
0.001	0.018	0.001	0.980
0.053	0.036	0.112	0.799
0.891	0.001	0.055	0.053
