>TGTAAATATTTG	16-TGTAAATATTTG,BestGuess:pha-4/MA0546.1/Jaspar(0.659)	10.045392	-20.779018	0	T:48.0(12.80%),B:1945.4(4.76%),P:1e-9
0.105	0.046	0.095	0.754
0.081	0.058	0.800	0.061
0.055	0.085	0.030	0.830
0.904	0.052	0.025	0.019
0.887	0.010	0.072	0.031
0.830	0.091	0.028	0.051
0.059	0.090	0.059	0.792
0.813	0.029	0.113	0.045
0.057	0.008	0.023	0.912
0.050	0.047	0.045	0.858
0.047	0.041	0.046	0.866
0.120	0.044	0.761	0.075
