>AAAAGTGGCAAA	12-TTTGCCACTTTT	9.948963	-22.404436	0	T:58.0(15.47%),B:2521.8(6.17%),P:1e-9
0.817	0.104	0.032	0.047
0.829	0.063	0.060	0.048
0.916	0.045	0.025	0.014
0.872	0.045	0.020	0.063
0.073	0.042	0.829	0.056
0.072	0.132	0.041	0.755
0.065	0.026	0.843	0.066
0.089	0.008	0.790	0.113
0.049	0.813	0.068	0.070
0.877	0.034	0.082	0.007
0.831	0.050	0.059	0.060
0.833	0.056	0.054	0.057
