>TTTTCTGTTAGT	1-TTTTCTGTTAGT	14.108259	-21.715842	0	T:6.0(26.09%),B:145.1(0.39%),P:1e-9	Tpos:620.8,Tstd:310.0,Bpos:460.2,Bstd:319.2,StrandBias:1.0,Multiplicity:1.00
0.001	0.001	0.001	0.997
0.001	0.001	0.001	0.997
0.001	0.001	0.001	0.997
0.001	0.001	0.001	0.997
0.001	0.997	0.001	0.001
0.176	0.001	0.001	0.822
0.001	0.001	0.997	0.001
0.178	0.001	0.233	0.588
0.001	0.001	0.001	0.997
0.793	0.001	0.205	0.001
0.001	0.001	0.997	0.001
0.001	0.001	0.001	0.997
>YATCTAGATCTT	2-YATCTAGATCTT	13.662636	-19.394994	0	T:5.0(21.74%),B:94.7(0.25%),P:1e-8	Tpos:460.8,Tstd:254.6,Bpos:515.8,Bstd:330.7,StrandBias:1.0,Multiplicity:1.00
0.001	0.417	0.186	0.396
0.603	0.001	0.395	0.001
0.001	0.001	0.001	0.997
0.001	0.997	0.001	0.001
0.001	0.001	0.001	0.997
0.997	0.001	0.001	0.001
0.001	0.001	0.997	0.001
0.997	0.001	0.001	0.001
0.001	0.001	0.001	0.997
0.001	0.662	0.001	0.336
0.001	0.001	0.001	0.997
0.001	0.001	0.001	0.997
>GTTTCTTCTTTT	3-GTTTCTTCTTTT	13.673692	-17.785554	0	T:6.0(26.09%),B:285.4(0.76%),P:1e-7	Tpos:514.4,Tstd:104.0,Bpos:560.9,Bstd:310.8,StrandBias:1.3,Multiplicity:1.17
0.001	0.116	0.831	0.052
0.001	0.001	0.001	0.997
0.001	0.001	0.001	0.997
0.001	0.001	0.170	0.828
0.001	0.997	0.001	0.001
0.001	0.001	0.001	0.997
0.001	0.142	0.153	0.704
0.001	0.930	0.001	0.068
0.001	0.001	0.158	0.840
0.001	0.001	0.001	0.997
0.001	0.001	0.001	0.997
0.001	0.001	0.001	0.997
>TTCAAAAGTCAC	4-TTCAAAAGTCAC	14.227460	-17.106332	0	T:5.0(21.74%),B:151.0(0.40%),P:1e-7	Tpos:557.4,Tstd:342.0,Bpos:501.6,Bstd:273.1,StrandBias:-0.6,Multiplicity:1.00
0.001	0.001	0.268	0.730
0.001	0.001	0.001	0.997
0.001	0.997	0.001	0.001
0.997	0.001	0.001	0.001
0.997	0.001	0.001	0.001
0.997	0.001	0.001	0.001
0.997	0.001	0.001	0.001
0.001	0.001	0.997	0.001
0.001	0.001	0.001	0.997
0.001	0.997	0.001	0.001
0.777	0.001	0.001	0.221
0.163	0.672	0.001	0.164
>CCCCTGAGCWAT	5-CCCCTGAGCWAT	10.046311	-16.880876	0	T:6.0(26.09%),B:333.8(0.89%),P:1e-7	Tpos:357.6,Tstd:287.7,Bpos:535.0,Bstd:290.4,StrandBias:0.0,Multiplicity:1.33
0.001	0.997	0.001	0.001
0.202	0.595	0.001	0.202
0.209	0.607	0.183	0.001
0.001	0.997	0.001	0.001
0.182	0.001	0.001	0.816
0.001	0.001	0.997	0.001
0.595	0.202	0.001	0.202
0.202	0.012	0.785	0.001
0.001	0.595	0.001	0.403
0.568	0.001	0.001	0.430
0.816	0.182	0.001	0.001
0.001	0.001	0.182	0.816
>TCCCCCAGACGB	6-TCCCCCAGACGB	7.787674	-16.084483	0	T:8.0(34.78%),B:1016.1(2.71%),P:1e-6	Tpos:529.5,Tstd:350.5,Bpos:500.7,Bstd:342.7,StrandBias:0.7,Multiplicity:1.00
0.001	0.001	0.318	0.680
0.001	0.651	0.001	0.347
0.001	0.666	0.332	0.001
0.001	0.972	0.001	0.026
0.319	0.679	0.001	0.001
0.001	0.666	0.013	0.320
0.679	0.319	0.001	0.001
0.001	0.001	0.997	0.001
0.653	0.319	0.001	0.027
0.001	0.997	0.001	0.001
0.001	0.001	0.680	0.318
0.042	0.319	0.319	0.320
>AACGGCAAAAAT	7-AACGGCAAAAAT	13.749608	-15.875814	0	T:6.0(26.09%),B:396.2(1.06%),P:1e-6	Tpos:265.0,Tstd:187.1,Bpos:522.4,Bstd:341.8,StrandBias:0.0,Multiplicity:1.00
0.997	0.001	0.001	0.001
0.997	0.001	0.001	0.001
0.001	0.852	0.001	0.146
0.129	0.001	0.869	0.001
0.001	0.001	0.997	0.001
0.139	0.859	0.001	0.001
0.997	0.001	0.001	0.001
0.997	0.001	0.001	0.001
0.706	0.001	0.292	0.001
0.997	0.001	0.001	0.001
0.997	0.001	0.001	0.001
0.143	0.001	0.001	0.855
>TKTTCGAGTTCC	8-TKTTCGAGTTCC	11.529708	-15.698630	0	T:9.0(39.13%),B:1523.6(4.07%),P:1e-6	Tpos:688.1,Tstd:249.8,Bpos:518.7,Bstd:368.7,StrandBias:0.3,Multiplicity:1.00
0.001	0.001	0.001	0.997
0.001	0.001	0.529	0.469
0.001	0.001	0.001	0.997
0.001	0.001	0.001	0.997
0.001	0.997	0.001	0.001
0.001	0.001	0.997	0.001
0.796	0.001	0.202	0.001
0.089	0.001	0.804	0.106
0.291	0.001	0.001	0.707
0.088	0.001	0.001	0.910
0.089	0.530	0.001	0.380
0.001	0.636	0.001	0.362
>AAAAACGACATT	9-AAAAACGACATT	11.654473	-14.333983	0	T:10.0(43.48%),B:2386.3(6.37%),P:1e-6	Tpos:578.4,Tstd:278.3,Bpos:514.9,Bstd:335.9,StrandBias:-1.7,Multiplicity:1.30
0.997	0.001	0.001	0.001
0.997	0.001	0.001	0.001
0.849	0.001	0.149	0.001
0.877	0.001	0.001	0.121
0.959	0.001	0.001	0.039
0.096	0.590	0.148	0.166
0.349	0.005	0.645	0.001
0.675	0.001	0.323	0.001
0.001	0.622	0.083	0.294
0.997	0.001	0.001	0.001
0.001	0.007	0.176	0.816
0.001	0.001	0.001	0.997
>ACGCGCACGGCG	10-ACGCGCACGGCG	13.761408	-11.792521	0	T:2.0(8.70%),B:5.9(0.02%),P:1e-5	Tpos:701.3,Tstd:128.2,Bpos:673.9,Bstd:160.3,StrandBias:1.0,Multiplicity:1.50
0.997	0.001	0.001	0.001
0.001	0.997	0.001	0.001
0.001	0.001	0.997	0.001
0.001	0.997	0.001	0.001
0.001	0.001	0.997	0.001
0.001	0.997	0.001	0.001
0.620	0.378	0.001	0.001
0.411	0.587	0.001	0.001
0.001	0.001	0.997	0.001
0.001	0.414	0.584	0.001
0.378	0.620	0.001	0.001
0.001	0.001	0.625	0.373
>GYTCGCGCYYGT	11-GYTCGCGCYYGT	12.787383	-11.792521	0	T:2.0(8.70%),B:5.6(0.01%),P:1e-5	Tpos:394.5,Tstd:209.5,Bpos:743.9,Bstd:132.4,StrandBias:0.0,Multiplicity:1.00
0.407	0.001	0.591	0.001
0.001	0.477	0.001	0.521
0.001	0.001	0.001	0.997
0.001	0.997	0.001	0.001
0.001	0.001	0.997	0.001
0.001	0.966	0.001	0.032
0.001	0.001	0.591	0.407
0.001	0.591	0.001	0.407
0.001	0.521	0.001	0.477
0.001	0.477	0.001	0.521
0.001	0.001	0.997	0.001
0.001	0.001	0.001	0.997
>CKCCKTTAAACC	12-CKCCKTTAAACC	9.898058	-11.603382	0	T:5.0(21.74%),B:472.6(1.26%),P:1e-5	Tpos:529.4,Tstd:238.2,Bpos:516.7,Bstd:318.9,StrandBias:1.6,Multiplicity:1.60
0.001	0.997	0.001	0.001
0.001	0.001	0.539	0.459
0.001	0.855	0.001	0.143
0.001	0.589	0.143	0.267
0.001	0.001	0.458	0.540
0.001	0.143	0.001	0.855
0.143	0.001	0.143	0.713
0.683	0.158	0.158	0.001
0.997	0.001	0.001	0.001
0.733	0.001	0.001	0.265
0.124	0.768	0.001	0.107
0.143	0.855	0.001	0.001
>GWAAAGCKGAGA	13-GWAAAGCKGAGA	9.368933	-10.130383	0	T:9.0(39.13%),B:3001.8(8.02%),P:1e-4	Tpos:698.2,Tstd:249.8,Bpos:521.0,Bstd:358.5,StrandBias:0.0,Multiplicity:1.11
0.001	0.009	0.831	0.159
0.454	0.001	0.001	0.544
0.636	0.362	0.001	0.001
0.676	0.322	0.001	0.001
0.844	0.001	0.001	0.154
0.001	0.001	0.769	0.229
0.001	0.694	0.304	0.001
0.001	0.001	0.554	0.444
0.001	0.001	0.997	0.001
0.716	0.001	0.173	0.110
0.224	0.001	0.597	0.178
0.997	0.001	0.001	0.001
>ACGGTCGATCCT	14-ACGGTCGATCCT	16.349820	-7.395375	0	T:1.0(4.35%),B:0.0(0.00%),P:1e-3	Tpos:36.0,Tstd:0.0,Bpos:0.0,Bstd:0.0,StrandBias:-10.0,Multiplicity:1.00
0.997	0.001	0.001	0.001
0.001	0.997	0.001	0.001
0.001	0.001	0.997	0.001
0.001	0.001	0.997	0.001
0.001	0.001	0.001	0.997
0.001	0.880	0.001	0.118
0.001	0.001	0.997	0.001
0.997	0.001	0.001	0.001
0.001	0.001	0.001	0.997
0.001	0.880	0.001	0.118
0.001	0.997	0.001	0.001
0.001	0.001	0.001	0.997
>AGTTGGCGTCGC	15-AGTTGGCGTCGC	12.355432	-7.395375	0	T:1.0(4.35%),B:0.4(0.00%),P:1e-3	Tpos:514.0,Tstd:0.0,Bpos:802.0,Bstd:0.0,StrandBias:10.0,Multiplicity:1.00
0.700	0.100	0.100	0.100
0.100	0.100	0.700	0.100
0.100	0.100	0.100	0.700
0.100	0.100	0.100	0.700
0.100	0.100	0.700	0.100
0.100	0.100	0.700	0.100
0.100	0.700	0.100	0.100
0.100	0.100	0.700	0.100
0.100	0.100	0.100	0.700
0.100	0.700	0.100	0.100
0.100	0.100	0.700	0.100
0.100	0.700	0.100	0.100
>CAGAGATACAGT	16-CAGAGATACAGT	12.355432	-7.395375	0	T:1.0(4.35%),B:0.8(0.00%),P:1e-3	Tpos:560.0,Tstd:0.0,Bpos:679.1,Bstd:67.9,StrandBias:-10.0,Multiplicity:1.00
0.100	0.700	0.100	0.100
0.700	0.100	0.100	0.100
0.100	0.100	0.700	0.100
0.700	0.100	0.100	0.100
0.100	0.100	0.700	0.100
0.700	0.100	0.100	0.100
0.100	0.100	0.100	0.700
0.700	0.100	0.100	0.100
0.100	0.700	0.100	0.100
0.700	0.100	0.100	0.100
0.100	0.100	0.700	0.100
0.100	0.100	0.100	0.700
>GTAATAAATTCG	17-GTAATAAATTCG	12.355432	-7.395375	0	T:1.0(4.35%),B:0.6(0.00%),P:1e-3	Tpos:60.0,Tstd:0.0,Bpos:388.0,Bstd:0.0,StrandBias:10.0,Multiplicity:1.00
0.100	0.100	0.700	0.100
0.100	0.100	0.100	0.700
0.700	0.100	0.100	0.100
0.700	0.100	0.100	0.100
0.100	0.100	0.100	0.700
0.700	0.100	0.100	0.100
0.700	0.100	0.100	0.100
0.700	0.100	0.100	0.100
0.100	0.100	0.100	0.700
0.100	0.100	0.100	0.700
0.100	0.700	0.100	0.100
0.100	0.100	0.700	0.100
>ATCGGACGAATA	18-ATCGGACGAATA	12.355432	-7.395375	0	T:1.0(4.35%),B:0.0(0.00%),P:1e-3	Tpos:105.0,Tstd:0.0,Bpos:0.0,Bstd:0.0,StrandBias:10.0,Multiplicity:1.00
0.700	0.100	0.100	0.100
0.100	0.100	0.100	0.700
0.100	0.700	0.100	0.100
0.100	0.100	0.700	0.100
0.100	0.100	0.700	0.100
0.700	0.100	0.100	0.100
0.100	0.700	0.100	0.100
0.100	0.100	0.700	0.100
0.700	0.100	0.100	0.100
0.700	0.100	0.100	0.100
0.100	0.100	0.100	0.700
0.700	0.100	0.100	0.100
>TAAATCGGATAA	19-TAAATCGGATAA	12.355432	-7.395375	0	T:1.0(4.35%),B:0.8(0.00%),P:1e-3	Tpos:462.0,Tstd:0.0,Bpos:297.2,Bstd:141.5,StrandBias:10.0,Multiplicity:1.00
0.100	0.100	0.100	0.700
0.700	0.100	0.100	0.100
0.700	0.100	0.100	0.100
0.700	0.100	0.100	0.100
0.100	0.100	0.100	0.700
0.100	0.700	0.100	0.100
0.100	0.100	0.700	0.100
0.100	0.100	0.700	0.100
0.700	0.100	0.100	0.100
0.100	0.100	0.100	0.700
0.700	0.100	0.100	0.100
0.700	0.100	0.100	0.100
>AATTGTCCCTTT	20-AATTGTCCCTTT	12.355432	-7.395375	0	T:1.0(4.35%),B:0.7(0.00%),P:1e-3	Tpos:524.0,Tstd:0.0,Bpos:10.0,Bstd:0.0,StrandBias:10.0,Multiplicity:1.00
0.700	0.100	0.100	0.100
0.700	0.100	0.100	0.100
0.100	0.100	0.100	0.700
0.100	0.100	0.100	0.700
0.100	0.100	0.700	0.100
0.100	0.100	0.100	0.700
0.100	0.700	0.100	0.100
0.100	0.700	0.100	0.100
0.100	0.700	0.100	0.100
0.100	0.100	0.100	0.700
0.100	0.100	0.100	0.700
0.100	0.100	0.100	0.700
>ACATTTGTCCGT	21-ACATTTGTCCGT	12.355432	-7.395375	0	T:1.0(4.35%),B:0.7(0.00%),P:1e-3	Tpos:561.0,Tstd:0.0,Bpos:106.8,Bstd:12.4,StrandBias:10.0,Multiplicity:1.00
0.700	0.100	0.100	0.100
0.100	0.700	0.100	0.100
0.700	0.100	0.100	0.100
0.100	0.100	0.100	0.700
0.100	0.100	0.100	0.700
0.100	0.100	0.100	0.700
0.100	0.100	0.700	0.100
0.100	0.100	0.100	0.700
0.100	0.700	0.100	0.100
0.100	0.700	0.100	0.100
0.100	0.100	0.700	0.100
0.100	0.100	0.100	0.700
>TTCGACCAAGTA	22-TTCGACCAAGTA	12.355432	-7.395375	0	T:1.0(4.35%),B:0.5(0.00%),P:1e-3	Tpos:576.0,Tstd:0.0,Bpos:812.0,Bstd:0.0,StrandBias:10.0,Multiplicity:1.00
0.100	0.100	0.100	0.700
0.100	0.100	0.100	0.700
0.100	0.700	0.100	0.100
0.100	0.100	0.700	0.100
0.700	0.100	0.100	0.100
0.100	0.700	0.100	0.100
0.100	0.700	0.100	0.100
0.700	0.100	0.100	0.100
0.700	0.100	0.100	0.100
0.100	0.100	0.700	0.100
0.100	0.100	0.100	0.700
0.700	0.100	0.100	0.100
>ACAAATGGACTA	23-ACAAATGGACTA	12.355432	-7.395375	0	T:1.0(4.35%),B:0.0(0.00%),P:1e-3	Tpos:596.0,Tstd:0.0,Bpos:0.0,Bstd:0.0,StrandBias:10.0,Multiplicity:1.00
0.700	0.100	0.100	0.100
0.100	0.700	0.100	0.100
0.700	0.100	0.100	0.100
0.700	0.100	0.100	0.100
0.700	0.100	0.100	0.100
0.100	0.100	0.100	0.700
0.100	0.100	0.700	0.100
0.100	0.100	0.700	0.100
0.700	0.100	0.100	0.100
0.100	0.700	0.100	0.100
0.100	0.100	0.100	0.700
0.700	0.100	0.100	0.100
>CATTTCGGATCC	24-CATTTCGGATCC	12.355432	-7.395375	0	T:1.0(4.35%),B:0.6(0.00%),P:1e-3	Tpos:611.0,Tstd:0.0,Bpos:447.0,Bstd:0.0,StrandBias:10.0,Multiplicity:1.00
0.100	0.700	0.100	0.100
0.700	0.100	0.100	0.100
0.100	0.100	0.100	0.700
0.100	0.100	0.100	0.700
0.100	0.100	0.100	0.700
0.100	0.700	0.100	0.100
0.100	0.100	0.700	0.100
0.100	0.100	0.700	0.100
0.700	0.100	0.100	0.100
0.100	0.100	0.100	0.700
0.100	0.700	0.100	0.100
0.100	0.700	0.100	0.100
>ACGGTAGATTCT	25-ACGGTAGATTCT	10.095028	-6.711588	0	T:3.0(13.04%),B:344.0(0.92%),P:1e-2	Tpos:243.5,Tstd:143.2,Bpos:441.7,Bstd:310.9,StrandBias:-3.7,Multiplicity:4.67
0.997	0.001	0.001	0.001
0.001	0.840	0.001	0.158
0.001	0.164	0.700	0.135
0.001	0.001	0.887	0.111
0.134	0.001	0.001	0.864
0.557	0.158	0.001	0.284
0.134	0.001	0.864	0.001
0.993	0.001	0.005	0.001
0.001	0.001	0.001	0.997
0.144	0.159	0.135	0.562
0.001	0.887	0.111	0.001
0.001	0.134	0.001	0.864
