>TATGCGCC	1-TATGCGCC	7.485335	-13.080173	0	T:9.0(39.13%),B:2084.2(5.57%),P:1e-5	Tpos:591.2,Tstd:245.7,Bpos:498.8,Bstd:334.5,StrandBias:1.7,Multiplicity:1.44
0.001	0.001	0.399	0.599
0.997	0.001	0.001	0.001
0.001	0.001	0.001	0.997
0.001	0.001	0.997	0.001
0.001	0.997	0.001	0.001
0.001	0.263	0.735	0.001
0.001	0.997	0.001	0.001
0.001	0.735	0.001	0.263
>ACATCTTT	2-ACATCTTT	8.221763	-9.193942	0	T:12.0(52.17%),B:6244.8(16.68%),P:1e-3	Tpos:606.1,Tstd:195.8,Bpos:505.7,Bstd:304.0,StrandBias:0.4,Multiplicity:1.17
0.841	0.119	0.039	0.001
0.001	0.834	0.001	0.164
0.831	0.001	0.167	0.001
0.001	0.104	0.001	0.894
0.001	0.997	0.001	0.001
0.001	0.001	0.045	0.953
0.001	0.154	0.001	0.844
0.170	0.001	0.138	0.691
>CAAAAGTC	3-CAAAAGTC	8.236954	-9.130263	0	T:7.0(30.43%),B:1911.7(5.11%),P:1e-3	Tpos:653.0,Tstd:329.4,Bpos:505.0,Bstd:314.3,StrandBias:-0.4,Multiplicity:1.00
0.100	0.700	0.100	0.100
0.700	0.100	0.100	0.100
0.700	0.100	0.100	0.100
0.700	0.100	0.100	0.100
0.700	0.100	0.100	0.100
0.100	0.100	0.700	0.100
0.100	0.100	0.100	0.700
0.100	0.700	0.100	0.100
>ACGGTTGA	4-ACGGTTGA	8.030821	-7.918204	0	T:7.0(30.43%),B:2326.8(6.22%),P:1e-3	Tpos:369.2,Tstd:346.4,Bpos:500.1,Bstd:312.6,StrandBias:-2.2,Multiplicity:1.57
0.915	0.083	0.001	0.001
0.001	0.907	0.091	0.001
0.001	0.083	0.915	0.001
0.001	0.001	0.997	0.001
0.068	0.001	0.001	0.930
0.001	0.107	0.001	0.891
0.001	0.075	0.923	0.001
0.997	0.001	0.001	0.001
>GGATCDAC	5-GGATCDAC	8.067102	-1.456236	0	T:3.0(13.04%),B:2727.2(7.29%),P:1e0	Tpos:309.8,Tstd:124.1,Bpos:480.0,Bstd:326.2,StrandBias:10.0,Multiplicity:3.67
0.155	0.001	0.843	0.001
0.392	0.011	0.596	0.001
0.872	0.001	0.001	0.126
0.001	0.001	0.001	0.997
0.001	0.899	0.001	0.099
0.324	0.106	0.293	0.277
0.715	0.001	0.001	0.283
0.001	0.899	0.001	0.099
