>AAAAAAAAAAAT	20-AAAAAAAAAAAT,BestGuess:fkh-9/MA1440.1/Jaspar(0.670)	12.918343	-7.329979	0	T:15.0(13.76%),B:2178.6(5.29%),P:1e-3
0.560	0.086	0.028	0.326
0.779	0.058	0.087	0.076
0.820	0.066	0.082	0.032
0.870	0.056	0.033	0.041
0.745	0.066	0.125	0.064
0.838	0.068	0.048	0.046
0.769	0.083	0.064	0.084
0.786	0.066	0.046	0.102
0.740	0.089	0.054	0.117
0.947	0.001	0.051	0.001
0.565	0.004	0.018	0.413
0.171	0.091	0.023	0.715
