>ATTTTTTTTTTT	20-AAAAAAAAAAAT	12.918343	-7.329979	0	T:15.0(13.76%),B:2178.6(5.29%),P:1e-3
0.715	0.023	0.091	0.171
0.413	0.018	0.004	0.565
0.001	0.051	0.001	0.947
0.117	0.054	0.089	0.740
0.102	0.046	0.066	0.786
0.084	0.064	0.083	0.769
0.046	0.048	0.068	0.838
0.064	0.125	0.066	0.745
0.041	0.033	0.056	0.870
0.032	0.082	0.066	0.820
0.076	0.087	0.058	0.779
0.326	0.028	0.086	0.560
