>AACAGAAAGAGT	1-AACAGAAAGAGT	12.849783	-21.327312	0	T:10.0(4.10%),B:94.8(0.23%),P:1e-9	Tpos:546.2,Tstd:213.2,Bpos:601.2,Bstd:264.1,StrandBias:0.0,Multiplicity:1.00
0.997	0.001	0.001	0.001
0.997	0.001	0.001	0.001
0.046	0.888	0.001	0.065
0.940	0.001	0.001	0.058
0.047	0.095	0.857	0.001
0.997	0.001	0.001	0.001
0.879	0.001	0.001	0.119
0.861	0.137	0.001	0.001
0.001	0.001	0.997	0.001
0.843	0.001	0.091	0.065
0.061	0.120	0.818	0.001
0.001	0.001	0.001	0.997
>ATTAGCTGAAGA	2-ATTAGCTGAAGA	10.945635	-20.213689	0	T:19.0(7.79%),B:563.1(1.34%),P:1e-8	Tpos:667.7,Tstd:319.6,Bpos:529.9,Bstd:313.1,StrandBias:0.0,Multiplicity:1.05
0.797	0.001	0.052	0.150
0.048	0.001	0.037	0.914
0.001	0.039	0.235	0.725
0.843	0.018	0.052	0.087
0.043	0.001	0.908	0.048
0.101	0.769	0.002	0.128
0.233	0.001	0.002	0.764
0.131	0.061	0.751	0.057
0.962	0.001	0.001	0.036
0.889	0.065	0.001	0.045
0.137	0.043	0.773	0.047
0.915	0.083	0.001	0.001
>TGGCTCCATCTT	3-TGGCTCCATCTT	10.352312	-19.353058	0	T:21.0(8.61%),B:735.7(1.75%),P:1e-8	Tpos:491.0,Tstd:313.7,Bpos:505.9,Bstd:303.0,StrandBias:0.3,Multiplicity:1.05
0.088	0.002	0.059	0.851
0.001	0.001	0.882	0.116
0.227	0.001	0.771	0.001
0.096	0.836	0.001	0.067
0.001	0.110	0.001	0.888
0.001	0.659	0.004	0.336
0.111	0.887	0.001	0.001
0.746	0.001	0.003	0.250
0.120	0.122	0.232	0.526
0.107	0.644	0.073	0.176
0.099	0.001	0.001	0.899
0.001	0.001	0.072	0.926
>TGATTAGAGATT	4-TGATTAGAGATT	13.680794	-19.240449	0	T:7.0(2.87%),B:35.2(0.08%),P:1e-8	Tpos:402.9,Tstd:342.0,Bpos:548.4,Bstd:322.5,StrandBias:-0.4,Multiplicity:1.00
0.161	0.001	0.001	0.837
0.001	0.001	0.997	0.001
0.729	0.001	0.151	0.119
0.415	0.001	0.001	0.583
0.001	0.001	0.001	0.997
0.997	0.001	0.001	0.001
0.001	0.001	0.997	0.001
0.997	0.001	0.001	0.001
0.001	0.001	0.997	0.001
0.997	0.001	0.001	0.001
0.001	0.150	0.001	0.848
0.001	0.001	0.001	0.997
>GGCTAGACTCTA	5-GGCTAGACTCTA	12.429756	-18.501599	0	T:6.0(2.46%),B:21.8(0.05%),P:1e-8	Tpos:651.8,Tstd:166.7,Bpos:572.1,Bstd:268.9,StrandBias:0.0,Multiplicity:1.00
0.001	0.001	0.800	0.198
0.001	0.001	0.855	0.143
0.001	0.997	0.001	0.001
0.001	0.001	0.001	0.997
0.997	0.001	0.001	0.001
0.001	0.229	0.541	0.229
0.997	0.001	0.001	0.001
0.001	0.997	0.001	0.001
0.001	0.001	0.001	0.997
0.001	0.997	0.001	0.001
0.001	0.001	0.001	0.997
0.997	0.001	0.001	0.001
>AAGCGAGAAAGC	6-AAGCGAGAAAGC	9.616095	-15.823755	0	T:17.0(6.97%),B:598.1(1.42%),P:1e-6	Tpos:676.5,Tstd:219.6,Bpos:507.0,Bstd:315.0,StrandBias:-0.3,Multiplicity:1.06
0.845	0.001	0.153	0.001
0.997	0.001	0.001	0.001
0.140	0.154	0.705	0.001
0.001	0.997	0.001	0.001
0.141	0.123	0.624	0.112
0.858	0.001	0.001	0.140
0.001	0.001	0.997	0.001
0.718	0.280	0.001	0.001
0.610	0.001	0.235	0.154
0.845	0.001	0.001	0.153
0.001	0.001	0.997	0.001
0.001	0.858	0.140	0.001
>AATCACABTCCT	7-AATCACABTCCT	11.756406	-15.675404	0	T:10.0(4.10%),B:177.7(0.42%),P:1e-6	Tpos:517.0,Tstd:162.8,Bpos:524.5,Bstd:311.0,StrandBias:0.3,Multiplicity:1.10
0.794	0.001	0.204	0.001
0.622	0.173	0.001	0.204
0.001	0.001	0.001	0.997
0.001	0.813	0.001	0.185
0.997	0.001	0.001	0.001
0.001	0.997	0.001	0.001
0.997	0.001	0.001	0.001
0.001	0.249	0.390	0.359
0.001	0.001	0.001	0.997
0.001	0.784	0.001	0.214
0.001	0.997	0.001	0.001
0.001	0.185	0.001	0.813
>CAGTTCTTTGGT	8-CAGTTCTTTGGT	12.355432	-15.480657	0	T:3.0(1.23%),B:1.0(0.00%),P:1e-6	Tpos:132.0,Tstd:5.0,Bpos:679.0,Bstd:0.0,StrandBias:10.0,Multiplicity:1.00
0.100	0.700	0.100	0.100
0.700	0.100	0.100	0.100
0.100	0.100	0.700	0.100
0.100	0.100	0.100	0.700
0.100	0.100	0.100	0.700
0.100	0.700	0.100	0.100
0.100	0.100	0.100	0.700
0.100	0.100	0.100	0.700
0.100	0.100	0.100	0.700
0.100	0.100	0.700	0.100
0.100	0.100	0.700	0.100
0.100	0.100	0.100	0.700
>CAGCCGTGTAGC	9-CAGCCGTGTAGC	11.609656	-14.275863	0	T:6.0(2.46%),B:47.1(0.11%),P:1e-6	Tpos:305.5,Tstd:237.7,Bpos:442.7,Bstd:310.7,StrandBias:0.8,Multiplicity:1.83
0.218	0.609	0.172	0.001
0.997	0.001	0.001	0.001
0.001	0.001	0.997	0.001
0.001	0.997	0.001	0.001
0.189	0.621	0.189	0.001
0.189	0.189	0.621	0.001
0.001	0.001	0.001	0.997
0.001	0.001	0.997	0.001
0.001	0.001	0.217	0.781
0.997	0.001	0.001	0.001
0.188	0.001	0.810	0.001
0.361	0.637	0.001	0.001
>TCAGATTTTCAC	10-TCAGATTTTCAC	9.710836	-13.801530	0	T:25.0(10.25%),B:1407.8(3.34%),P:1e-5	Tpos:452.8,Tstd:267.3,Bpos:497.6,Bstd:301.5,StrandBias:-0.3,Multiplicity:1.60
0.076	0.037	0.048	0.839
0.100	0.898	0.001	0.001
0.801	0.081	0.085	0.033
0.001	0.053	0.945	0.001
0.886	0.064	0.019	0.031
0.001	0.045	0.133	0.821
0.069	0.048	0.145	0.738
0.001	0.106	0.122	0.771
0.028	0.078	0.077	0.817
0.203	0.734	0.001	0.062
0.811	0.151	0.001	0.037
0.001	0.952	0.046	0.001
>CCTGTGACCTAT	11-CCTGTGACCTAT	13.734203	-13.480145	0	T:4.0(1.64%),B:11.3(0.03%),P:1e-5	Tpos:469.3,Tstd:307.6,Bpos:528.7,Bstd:191.9,StrandBias:0.4,Multiplicity:1.75
0.001	0.997	0.001	0.001
0.001	0.997	0.001	0.001
0.163	0.001	0.001	0.835
0.001	0.001	0.997	0.001
0.001	0.001	0.163	0.835
0.001	0.001	0.868	0.130
0.621	0.189	0.189	0.001
0.001	0.997	0.001	0.001
0.001	0.997	0.001	0.001
0.001	0.001	0.001	0.997
0.997	0.001	0.001	0.001
0.001	0.001	0.001	0.997
>CCCCCTATGAAA	12-CCCCCTATGAAA	11.631272	-13.272463	0	T:5.0(2.05%),B:30.7(0.07%),P:1e-5	Tpos:623.9,Tstd:74.9,Bpos:451.7,Bstd:256.7,StrandBias:0.0,Multiplicity:1.60
0.194	0.804	0.001	0.001
0.001	0.997	0.001	0.001
0.001	0.997	0.001	0.001
0.001	0.997	0.001	0.001
0.001	0.846	0.001	0.152
0.001	0.042	0.001	0.956
0.997	0.001	0.001	0.001
0.001	0.001	0.001	0.997
0.001	0.001	0.997	0.001
0.997	0.001	0.001	0.001
0.997	0.001	0.001	0.001
0.997	0.001	0.001	0.001
>GTCACGACCCAA	13-GTCACGACCCAA	11.303422	-12.933274	0	T:4.0(1.64%),B:13.7(0.03%),P:1e-5	Tpos:397.5,Tstd:157.2,Bpos:582.1,Bstd:332.2,StrandBias:-2.8,Multiplicity:2.00
0.001	0.001	0.997	0.001
0.001	0.001	0.001	0.997
0.001	0.997	0.001	0.001
0.997	0.001	0.001	0.001
0.001	0.997	0.001	0.001
0.001	0.001	0.997	0.001
0.819	0.179	0.001	0.001
0.179	0.819	0.001	0.001
0.001	0.997	0.001	0.001
0.155	0.843	0.001	0.001
0.997	0.001	0.001	0.001
0.997	0.001	0.001	0.001
>ACATATATGTAC	14-ACATATATGTAC	13.444075	-11.981198	0	T:6.0(2.46%),B:72.3(0.17%),P:1e-5	Tpos:574.9,Tstd:229.8,Bpos:532.6,Bstd:345.8,StrandBias:0.4,Multiplicity:1.00
0.997	0.001	0.001	0.001
0.068	0.862	0.001	0.069
0.997	0.001	0.001	0.001
0.090	0.125	0.001	0.784
0.867	0.001	0.131	0.001
0.131	0.001	0.001	0.867
0.849	0.001	0.149	0.001
0.001	0.001	0.001	0.997
0.001	0.001	0.892	0.106
0.001	0.001	0.001	0.997
0.997	0.001	0.001	0.001
0.001	0.945	0.001	0.053
>GACMCYYTGATA	15-GACMCYYTGATA	11.302517	-11.883707	0	T:5.0(2.05%),B:41.8(0.10%),P:1e-5	Tpos:413.0,Tstd:315.1,Bpos:520.1,Bstd:290.1,StrandBias:10.0,Multiplicity:1.40
0.001	0.001	0.997	0.001
0.997	0.001	0.001	0.001
0.001	0.997	0.001	0.001
0.492	0.506	0.001	0.001
0.001	0.997	0.001	0.001
0.001	0.535	0.001	0.463
0.001	0.485	0.001	0.513
0.001	0.001	0.001	0.997
0.001	0.001	0.997	0.001
0.997	0.001	0.001	0.001
0.001	0.420	0.001	0.578
0.927	0.001	0.071	0.001
>GCTCCGCGAGCT	16-GCTCCGCGAGCT	13.386925	-10.302866	0	T:7.0(2.87%),B:147.2(0.35%),P:1e-4	Tpos:492.7,Tstd:313.0,Bpos:532.6,Bstd:310.0,StrandBias:0.8,Multiplicity:1.57
0.221	0.001	0.777	0.001
0.001	0.997	0.001	0.001
0.001	0.001	0.001	0.997
0.001	0.997	0.001	0.001
0.001	0.910	0.088	0.001
0.130	0.001	0.868	0.001
0.001	0.910	0.001	0.088
0.001	0.001	0.997	0.001
0.997	0.001	0.001	0.001
0.001	0.001	0.997	0.001
0.001	0.997	0.001	0.001
0.062	0.071	0.001	0.866
>GGGTCATGAACT	17-GGGTCATGAACT	14.732864	-9.221550	0	T:2.0(0.82%),B:2.0(0.00%),P:1e-4	Tpos:187.0,Tstd:7.0,Bpos:490.7,Bstd:258.2,StrandBias:10.0,Multiplicity:1.00
0.001	0.001	0.997	0.001
0.001	0.001	0.997	0.001
0.001	0.001	0.997	0.001
0.001	0.001	0.001	0.997
0.001	0.997	0.001	0.001
0.854	0.001	0.144	0.001
0.001	0.001	0.001	0.997
0.001	0.001	0.997	0.001
0.997	0.001	0.001	0.001
0.818	0.180	0.001	0.001
0.001	0.997	0.001	0.001
0.001	0.001	0.001	0.997
>TCGATTTTTTTG	18-TCGATTTTTTTG	11.728442	-8.445654	0	T:46.0(18.85%),B:4634.9(11.01%),P:1e-3	Tpos:568.4,Tstd:296.1,Bpos:506.4,Bstd:293.2,StrandBias:0.5,Multiplicity:1.22
0.199	0.001	0.001	0.799
0.093	0.746	0.001	0.160
0.391	0.001	0.607	0.001
0.857	0.001	0.141	0.001
0.001	0.001	0.001	0.997
0.134	0.001	0.001	0.864
0.032	0.113	0.001	0.854
0.001	0.001	0.001	0.997
0.001	0.001	0.001	0.997
0.001	0.047	0.001	0.951
0.168	0.056	0.001	0.775
0.208	0.143	0.551	0.098
>GGTTGCTTRAGC	19-GGTTGCTTRAGC	14.247998	-5.156130	0	T:1.0(0.41%),B:0.0(0.00%),P:1e-2	Tpos:221.4,Tstd:111.2,Bpos:0.0,Bstd:0.0,StrandBias:10.0,Multiplicity:5.00
0.001	0.182	0.816	0.001
0.001	0.001	0.997	0.001
0.001	0.352	0.001	0.646
0.001	0.002	0.001	0.996
0.001	0.001	0.837	0.161
0.001	0.671	0.001	0.327
0.002	0.001	0.001	0.996
0.001	0.329	0.001	0.669
0.546	0.001	0.452	0.001
0.997	0.001	0.001	0.001
0.134	0.001	0.864	0.001
0.001	0.997	0.001	0.001
>GTCAATACATTG	20-GTCAATACATTG	12.355432	-4.465858	0	T:1.0(0.41%),B:1.9(0.00%),P:1e-1	Tpos:194.5,Tstd:116.9,Bpos:480.4,Bstd:47.2,StrandBias:10.0,Multiplicity:14.00
0.100	0.100	0.700	0.100
0.100	0.100	0.100	0.700
0.100	0.700	0.100	0.100
0.700	0.100	0.100	0.100
0.700	0.100	0.100	0.100
0.100	0.100	0.100	0.700
0.700	0.100	0.100	0.100
0.100	0.700	0.100	0.100
0.700	0.100	0.100	0.100
0.100	0.100	0.100	0.700
0.100	0.100	0.100	0.700
0.100	0.100	0.700	0.100
>GATTACCCATAG	21-GATTACCCATAG	16.406467	-4.465858	0	T:1.0(0.41%),B:1.2(0.00%),P:1e-1	Tpos:288.0,Tstd:184.4,Bpos:641.0,Bstd:0.0,StrandBias:10.0,Multiplicity:6.00
0.001	0.001	0.997	0.001
0.997	0.001	0.001	0.001
0.001	0.001	0.001	0.997
0.001	0.001	0.001	0.997
0.997	0.001	0.001	0.001
0.001	0.997	0.001	0.001
0.001	0.997	0.001	0.001
0.001	0.997	0.001	0.001
0.997	0.001	0.001	0.001
0.001	0.176	0.001	0.822
0.997	0.001	0.001	0.001
0.001	0.001	0.997	0.001
>AAGTATGAGCTT	22-AAGTATGAGCTT	12.355432	-3.778451	0	T:1.0(0.41%),B:3.8(0.01%),P:1e-1	Tpos:264.2,Tstd:200.3,Bpos:422.6,Bstd:213.5,StrandBias:-10.0,Multiplicity:5.00
0.700	0.100	0.100	0.100
0.700	0.100	0.100	0.100
0.100	0.100	0.700	0.100
0.100	0.100	0.100	0.700
0.700	0.100	0.100	0.100
0.100	0.100	0.100	0.700
0.100	0.100	0.700	0.100
0.700	0.100	0.100	0.100
0.100	0.100	0.700	0.100
0.100	0.700	0.100	0.100
0.100	0.100	0.100	0.700
0.100	0.100	0.100	0.700
>TAAGGATTTCCC	23-TAAGGATTTCCC	16.513651	-3.558174	0	T:1.0(0.41%),B:4.3(0.01%),P:1e-1	Tpos:192.0,Tstd:108.5,Bpos:308.2,Bstd:360.9,StrandBias:10.0,Multiplicity:13.00
0.001	0.001	0.001	0.997
0.997	0.001	0.001	0.001
0.997	0.001	0.001	0.001
0.001	0.001	0.997	0.001
0.001	0.001	0.997	0.001
0.997	0.001	0.001	0.001
0.001	0.083	0.001	0.915
0.001	0.001	0.001	0.997
0.001	0.001	0.001	0.997
0.001	0.997	0.001	0.001
0.001	0.997	0.001	0.001
0.001	0.997	0.001	0.001
>GCCGACACCTTG	24-GCCGACACCTTG	15.711007	-2.554228	0	T:1.0(0.41%),B:13.8(0.03%),P:1e-1	Tpos:121.0,Tstd:58.3,Bpos:461.7,Bstd:306.6,StrandBias:10.0,Multiplicity:3.00
0.001	0.001	0.997	0.001
0.001	0.997	0.001	0.001
0.001	0.709	0.289	0.001
0.001	0.001	0.997	0.001
0.997	0.001	0.001	0.001
0.001	0.824	0.001	0.174
0.997	0.001	0.001	0.001
0.001	0.921	0.001	0.077
0.001	0.997	0.001	0.001
0.001	0.151	0.001	0.847
0.001	0.001	0.001	0.997
0.109	0.001	0.889	0.001
>AAGGTGTCGGCT	25-AAGGTGTCGGCT	15.588639	-2.554228	0	T:1.0(0.41%),B:13.4(0.03%),P:1e-1	Tpos:308.0,Tstd:0.0,Bpos:441.0,Bstd:298.0,StrandBias:-10.0,Multiplicity:1.00
0.935	0.001	0.063	0.001
0.836	0.001	0.162	0.001
0.001	0.001	0.997	0.001
0.080	0.001	0.918	0.001
0.001	0.001	0.001	0.997
0.205	0.001	0.793	0.001
0.001	0.001	0.001	0.997
0.001	0.997	0.001	0.001
0.001	0.368	0.630	0.001
0.001	0.001	0.997	0.001
0.001	0.997	0.001	0.001
0.001	0.001	0.001	0.997
