>GAGTCCGC	1-GAGTCCGC	6.937715	-16.602886	0	T:35.0(14.34%),B:2173.3(5.16%),P:1e-7	Tpos:496.8,Tstd:313.3,Bpos:528.8,Bstd:305.2,StrandBias:-0.2,Multiplicity:1.11
0.072	0.020	0.907	0.001
0.938	0.001	0.033	0.028
0.001	0.001	0.997	0.001
0.146	0.115	0.018	0.721
0.001	0.851	0.140	0.008
0.102	0.738	0.015	0.145
0.008	0.014	0.952	0.026
0.010	0.946	0.001	0.043
>CCCACACR	2-CCCACACR	7.970412	-13.337597	0	T:43.0(17.62%),B:3437.5(8.17%),P:1e-5	Tpos:594.5,Tstd:302.1,Bpos:523.9,Bstd:312.0,StrandBias:0.7,Multiplicity:1.05
0.001	0.997	0.001	0.001
0.001	0.845	0.001	0.153
0.001	0.835	0.001	0.163
0.877	0.001	0.001	0.121
0.001	0.997	0.001	0.001
0.997	0.001	0.001	0.001
0.001	0.997	0.001	0.001
0.470	0.159	0.370	0.001
>ATGGGTAA	3-ATGGGTAA	8.485042	-9.443602	0	T:35.0(14.34%),B:3018.1(7.17%),P:1e-4	Tpos:400.1,Tstd:249.7,Bpos:498.7,Bstd:308.2,StrandBias:-1.3,Multiplicity:1.26
0.997	0.001	0.001	0.001
0.001	0.001	0.001	0.997
0.001	0.118	0.880	0.001
0.001	0.001	0.997	0.001
0.001	0.165	0.833	0.001
0.001	0.001	0.001	0.997
0.763	0.001	0.235	0.001
0.997	0.001	0.001	0.001
>GCTAYGCG	4-GCTAYGCG	5.280889	-8.363452	0	T:133.0(54.51%),B:18145.6(43.11%),P:1e-3	Tpos:500.1,Tstd:294.1,Bpos:501.4,Bstd:307.4,StrandBias:0.4,Multiplicity:1.63
0.019	0.059	0.873	0.049
0.011	0.913	0.068	0.008
0.066	0.041	0.001	0.892
0.494	0.250	0.256	0.001
0.001	0.497	0.098	0.404
0.233	0.078	0.498	0.192
0.074	0.825	0.069	0.032
0.230	0.089	0.500	0.181
>GTAGWGAC	5-GTAGWGAC	7.297486	-7.432637	0	T:31.0(12.70%),B:2843.4(6.76%),P:1e-3	Tpos:353.4,Tstd:244.4,Bpos:510.4,Bstd:303.1,StrandBias:-0.2,Multiplicity:1.61
0.001	0.001	0.997	0.001
0.001	0.001	0.001	0.997
0.614	0.384	0.001	0.001
0.001	0.001	0.910	0.088
0.461	0.001	0.001	0.537
0.001	0.001	0.997	0.001
0.922	0.076	0.001	0.001
0.001	0.997	0.001	0.001
>CGTGATAG	6-CGTGATAG	8.236954	-7.308618	0	T:8.0(3.28%),B:319.3(0.76%),P:1e-3	Tpos:431.9,Tstd:258.6,Bpos:507.0,Bstd:310.1,StrandBias:1.2,Multiplicity:1.25
0.100	0.700	0.100	0.100
0.100	0.100	0.700	0.100
0.100	0.100	0.100	0.700
0.100	0.100	0.700	0.100
0.700	0.100	0.100	0.100
0.100	0.100	0.100	0.700
0.700	0.100	0.100	0.100
0.100	0.100	0.700	0.100
>NGCTTAAS	7-NGCTTAAS	5.422089	-5.871292	0	T:8.0(3.28%),B:403.4(0.96%),P:1e-2	Tpos:398.1,Tstd:398.5,Bpos:525.2,Bstd:288.3,StrandBias:1.6,Multiplicity:1.00
0.216	0.318	0.219	0.247
0.056	0.095	0.726	0.123
0.097	0.660	0.160	0.083
0.106	0.150	0.196	0.548
0.215	0.201	0.122	0.462
0.510	0.212	0.148	0.130
0.489	0.185	0.272	0.054
0.116	0.359	0.363	0.162
>CCTTACAA	8-CCTTACAA	8.236954	-2.655703	0	T:9.0(3.69%),B:871.2(2.07%),P:1e-1	Tpos:294.6,Tstd:224.5,Bpos:514.9,Bstd:314.6,StrandBias:-3.3,Multiplicity:2.44
0.100	0.700	0.100	0.100
0.100	0.700	0.100	0.100
0.100	0.100	0.100	0.700
0.100	0.100	0.100	0.700
0.700	0.100	0.100	0.100
0.100	0.700	0.100	0.100
0.700	0.100	0.100	0.100
0.700	0.100	0.100	0.100
