>GAATTTCGAC	1-GAATTTCGAC	8.877992	-21.164725	0	T:45.0(18.44%),B:2804.1(6.66%),P:1e-9	Tpos:573.5,Tstd:270.3,Bpos:494.3,Bstd:296.5,StrandBias:0.3,Multiplicity:1.09
0.066	0.143	0.790	0.001
0.786	0.001	0.195	0.018
0.875	0.001	0.001	0.123
0.001	0.001	0.001	0.997
0.217	0.157	0.001	0.625
0.075	0.001	0.001	0.923
0.041	0.667	0.195	0.097
0.211	0.001	0.787	0.001
0.560	0.081	0.140	0.219
0.048	0.950	0.001	0.001
>CCGTCGAGCA	2-CCGTCGAGCA	9.134712	-20.101849	0	T:19.0(7.79%),B:567.3(1.35%),P:1e-8	Tpos:478.6,Tstd:288.7,Bpos:516.6,Bstd:308.5,StrandBias:1.6,Multiplicity:1.05
0.001	0.924	0.074	0.001
0.001	0.951	0.001	0.047
0.001	0.001	0.997	0.001
0.001	0.001	0.001	0.997
0.001	0.618	0.219	0.162
0.147	0.010	0.614	0.229
0.558	0.183	0.001	0.258
0.126	0.001	0.822	0.051
0.045	0.743	0.211	0.001
0.997	0.001	0.001	0.001
>AGCTGGGCAA	3-AGCTGGGCAA	9.935687	-18.714272	0	T:16.0(6.56%),B:424.5(1.01%),P:1e-8	Tpos:552.1,Tstd:292.4,Bpos:463.5,Bstd:305.8,StrandBias:0.5,Multiplicity:1.06
0.734	0.177	0.088	0.001
0.001	0.001	0.932	0.066
0.054	0.913	0.001	0.032
0.001	0.001	0.001	0.997
0.001	0.001	0.946	0.052
0.175	0.001	0.789	0.035
0.001	0.001	0.936	0.062
0.001	0.997	0.001	0.001
0.918	0.001	0.080	0.001
0.900	0.001	0.098	0.001
>CATGCAAGAT	4-CATGCAAGAT	10.299418	-18.189518	0	T:14.0(5.74%),B:323.6(0.77%),P:1e-7	Tpos:379.3,Tstd:299.2,Bpos:439.7,Bstd:296.3,StrandBias:0.2,Multiplicity:1.07
0.029	0.920	0.050	0.001
0.924	0.074	0.001	0.001
0.167	0.001	0.001	0.831
0.001	0.001	0.967	0.031
0.001	0.997	0.001	0.001
0.825	0.084	0.001	0.090
0.997	0.001	0.001	0.001
0.061	0.001	0.902	0.036
0.958	0.001	0.001	0.040
0.117	0.071	0.081	0.731
>TTTCAGCTAC	5-TTTCAGCTAC	8.059006	-17.954544	0	T:41.0(16.80%),B:2680.4(6.37%),P:1e-7	Tpos:525.4,Tstd:290.3,Bpos:517.3,Bstd:312.4,StrandBias:0.2,Multiplicity:1.10
0.065	0.033	0.056	0.846
0.221	0.054	0.035	0.690
0.047	0.060	0.073	0.820
0.036	0.551	0.193	0.220
0.500	0.189	0.165	0.146
0.174	0.111	0.539	0.176
0.277	0.676	0.029	0.018
0.014	0.309	0.032	0.645
0.561	0.030	0.193	0.216
0.256	0.594	0.098	0.052
>GTCAAAGATC	6-GTCAAAGATC	9.382127	-16.955834	0	T:27.0(11.07%),B:1362.4(3.24%),P:1e-7	Tpos:472.2,Tstd:280.0,Bpos:491.8,Bstd:294.7,StrandBias:-1.3,Multiplicity:1.04
0.034	0.030	0.935	0.001
0.001	0.064	0.001	0.934
0.001	0.953	0.045	0.001
0.868	0.074	0.057	0.001
0.852	0.001	0.058	0.089
0.997	0.001	0.001	0.001
0.070	0.042	0.741	0.147
0.899	0.065	0.001	0.035
0.047	0.086	0.001	0.866
0.001	0.997	0.001	0.001
>TACACTTGAC	7-TACACTTGAC	9.666976	-16.190413	0	T:22.0(9.02%),B:972.7(2.31%),P:1e-7	Tpos:451.4,Tstd:310.9,Bpos:537.9,Bstd:297.5,StrandBias:0.0,Multiplicity:1.09
0.090	0.046	0.001	0.863
0.778	0.044	0.054	0.124
0.040	0.958	0.001	0.001
0.909	0.001	0.089	0.001
0.001	0.912	0.001	0.086
0.053	0.001	0.001	0.945
0.001	0.082	0.001	0.916
0.001	0.051	0.947	0.001
0.888	0.073	0.001	0.038
0.018	0.929	0.052	0.001
>TCTTCAACTC	8-TCTTCAACTC	7.459274	-16.028582	0	T:69.0(28.28%),B:6345.6(15.08%),P:1e-6	Tpos:511.6,Tstd:300.8,Bpos:505.7,Bstd:306.8,StrandBias:0.4,Multiplicity:1.12
0.064	0.071	0.060	0.805
0.108	0.779	0.079	0.034
0.079	0.038	0.080	0.803
0.063	0.076	0.074	0.787
0.057	0.803	0.065	0.075
0.879	0.035	0.059	0.027
0.769	0.105	0.071	0.055
0.021	0.887	0.067	0.025
0.101	0.066	0.059	0.774
0.141	0.721	0.063	0.075
>CAATCAATGA	9-CAATCAATGA	9.948967	-15.656160	0	T:28.0(11.48%),B:1551.8(3.69%),P:1e-6	Tpos:491.0,Tstd:265.7,Bpos:479.8,Bstd:299.4,StrandBias:0.9,Multiplicity:1.11
0.001	0.997	0.001	0.001
0.869	0.001	0.001	0.129
0.870	0.001	0.058	0.071
0.248	0.001	0.001	0.750
0.102	0.896	0.001	0.001
0.881	0.001	0.117	0.001
0.829	0.050	0.033	0.088
0.001	0.001	0.001	0.997
0.044	0.001	0.900	0.055
0.997	0.001	0.001	0.001
>GTAACTATGG	10-GTAACTATGG	9.483478	-13.759786	0	T:14.0(5.74%),B:471.7(1.12%),P:1e-5	Tpos:455.0,Tstd:276.4,Bpos:499.0,Bstd:302.2,StrandBias:-1.2,Multiplicity:1.64
0.001	0.001	0.997	0.001
0.060	0.001	0.186	0.753
0.997	0.001	0.001	0.001
0.945	0.001	0.001	0.053
0.021	0.950	0.001	0.028
0.034	0.045	0.001	0.920
0.714	0.001	0.001	0.284
0.066	0.057	0.001	0.876
0.001	0.067	0.931	0.001
0.001	0.056	0.942	0.001
>TBCGGYTTAA	11-TBCGGYTTAA	8.584449	-11.504276	0	T:22.0(9.02%),B:1302.1(3.09%),P:1e-4	Tpos:510.5,Tstd:318.0,Bpos:529.9,Bstd:284.2,StrandBias:0.0,Multiplicity:1.18
0.275	0.001	0.041	0.683
0.037	0.359	0.266	0.338
0.001	0.853	0.102	0.044
0.011	0.171	0.609	0.209
0.233	0.087	0.648	0.032
0.195	0.363	0.021	0.421
0.027	0.164	0.001	0.808
0.001	0.264	0.034	0.701
0.876	0.015	0.017	0.092
0.905	0.001	0.076	0.018
>CCTTATGAAA	12-CCTTATGAAA	11.342008	-9.638638	0	T:7.0(2.87%),B:165.0(0.39%),P:1e-4	Tpos:596.6,Tstd:166.6,Bpos:514.0,Bstd:297.7,StrandBias:-0.3,Multiplicity:1.29
0.001	0.997	0.001	0.001
0.001	0.997	0.001	0.001
0.001	0.103	0.001	0.895
0.001	0.001	0.001	0.997
0.997	0.001	0.001	0.001
0.092	0.001	0.160	0.747
0.001	0.001	0.997	0.001
0.997	0.001	0.001	0.001
0.997	0.001	0.001	0.001
0.997	0.001	0.001	0.001
>AGTATGAGCT	13-AGTATGAGCT	6.862875	-9.446762	0	T:10.0(4.10%),B:369.2(0.88%),P:1e-4	Tpos:431.7,Tstd:339.2,Bpos:498.8,Bstd:293.8,StrandBias:-0.8,Multiplicity:1.40
0.997	0.001	0.001	0.001
0.001	0.001	0.997	0.001
0.001	0.020	0.019	0.960
0.997	0.001	0.001	0.001
0.001	0.001	0.001	0.997
0.085	0.001	0.913	0.001
0.997	0.001	0.001	0.001
0.001	0.001	0.997	0.001
0.001	0.970	0.028	0.001
0.001	0.001	0.001	0.997
>CATGACGTCA	14-CATGACGTCA	8.709716	-9.093513	0	T:21.0(8.61%),B:1427.3(3.39%),P:1e-3	Tpos:479.0,Tstd:279.6,Bpos:509.2,Bstd:298.1,StrandBias:0.4,Multiplicity:1.19
0.134	0.565	0.038	0.263
0.557	0.051	0.234	0.158
0.021	0.291	0.001	0.687
0.053	0.220	0.670	0.057
0.966	0.032	0.001	0.001
0.025	0.750	0.039	0.186
0.027	0.001	0.679	0.293
0.208	0.001	0.045	0.746
0.082	0.543	0.374	0.001
0.997	0.001	0.001	0.001
>CTACACGGCT	15-CTACACGGCT	11.756460	-8.364574	0	T:3.0(1.23%),B:18.0(0.04%),P:1e-3	Tpos:323.0,Tstd:194.4,Bpos:541.8,Bstd:301.3,StrandBias:-10.0,Multiplicity:2.67
0.001	0.997	0.001	0.001
0.001	0.001	0.001	0.997
0.997	0.001	0.001	0.001
0.001	0.873	0.001	0.125
0.997	0.001	0.001	0.001
0.001	0.997	0.001	0.001
0.001	0.001	0.997	0.001
0.001	0.001	0.997	0.001
0.001	0.997	0.001	0.001
0.001	0.001	0.001	0.997
>TAGCGTACGC	16-TAGCGTACGC	10.296193	-8.025209	0	T:2.0(0.82%),B:3.7(0.01%),P:1e-3	Tpos:225.3,Tstd:79.4,Bpos:513.0,Bstd:178.9,StrandBias:1.0,Multiplicity:1.00
0.100	0.100	0.100	0.700
0.700	0.100	0.100	0.100
0.100	0.100	0.700	0.100
0.100	0.700	0.100	0.100
0.100	0.100	0.700	0.100
0.100	0.100	0.100	0.700
0.700	0.100	0.100	0.100
0.100	0.700	0.100	0.100
0.100	0.100	0.700	0.100
0.100	0.700	0.100	0.100
>CGTCATGACC	17-CGTCATGACC	10.821340	-8.002286	0	T:4.0(1.64%),B:53.5(0.13%),P:1e-3	Tpos:335.2,Tstd:213.4,Bpos:416.7,Bstd:276.2,StrandBias:0.0,Multiplicity:1.25
0.001	0.663	0.335	0.001
0.001	0.001	0.997	0.001
0.270	0.001	0.001	0.728
0.001	0.611	0.001	0.387
0.997	0.001	0.001	0.001
0.001	0.414	0.001	0.584
0.001	0.001	0.997	0.001
0.997	0.001	0.001	0.001
0.239	0.759	0.001	0.001
0.001	0.997	0.001	0.001
>CCCGCGGAGC	18-CCCGCGGAGC	10.917651	-6.086463	0	T:6.0(2.46%),B:224.3(0.53%),P:1e-2	Tpos:607.9,Tstd:277.3,Bpos:551.4,Bstd:319.8,StrandBias:-1.2,Multiplicity:1.67
0.001	0.924	0.001	0.074
0.001	0.526	0.101	0.372
0.119	0.758	0.122	0.001
0.095	0.001	0.903	0.001
0.001	0.997	0.001	0.001
0.001	0.001	0.997	0.001
0.001	0.001	0.997	0.001
0.997	0.001	0.001	0.001
0.001	0.001	0.997	0.001
0.001	0.997	0.001	0.001
>CTTAAGCGAC	19-CTTAAGCGAC	13.543386	-5.156130	0	T:1.0(0.41%),B:0.9(0.00%),P:1e-2	Tpos:80.0,Tstd:0.0,Bpos:37.0,Bstd:0.0,StrandBias:-10.0,Multiplicity:1.00
0.001	0.997	0.001	0.001
0.001	0.001	0.001	0.997
0.001	0.001	0.001	0.997
0.997	0.001	0.001	0.001
0.997	0.001	0.001	0.001
0.001	0.001	0.997	0.001
0.001	0.997	0.001	0.001
0.160	0.001	0.838	0.001
0.888	0.001	0.110	0.001
0.001	0.997	0.001	0.001
>GATTACCCCC	20-GATTACCCCC	12.324761	-4.347248	0	T:2.0(0.82%),B:28.0(0.07%),P:1e-1	Tpos:789.0,Tstd:124.0,Bpos:585.5,Bstd:278.3,StrandBias:10.0,Multiplicity:1.00
0.001	0.001	0.997	0.001
0.997	0.001	0.001	0.001
0.001	0.001	0.001	0.997
0.001	0.001	0.001	0.997
0.997	0.001	0.001	0.001
0.001	0.997	0.001	0.001
0.001	0.997	0.001	0.001
0.001	0.997	0.001	0.001
0.291	0.707	0.001	0.001
0.001	0.756	0.001	0.242
>GACACCTTGH	21-GACACCTTGH	7.929552	-3.071527	0	T:10.0(4.10%),B:927.4(2.20%),P:1e-1	Tpos:304.9,Tstd:253.9,Bpos:500.1,Bstd:296.1,StrandBias:1.9,Multiplicity:2.38
0.046	0.224	0.698	0.032
0.704	0.200	0.018	0.078
0.226	0.450	0.042	0.282
0.929	0.043	0.027	0.001
0.014	0.555	0.029	0.402
0.021	0.882	0.069	0.028
0.022	0.357	0.001	0.620
0.206	0.067	0.169	0.558
0.337	0.118	0.506	0.039
0.264	0.348	0.075	0.312
>GTCGTGACCT	22-GTCGTGACCT	10.296193	-2.879317	0	T:1.0(0.41%),B:9.3(0.02%),P:1e-1	Tpos:375.4,Tstd:185.8,Bpos:354.2,Bstd:362.8,StrandBias:10.0,Multiplicity:5.00
0.100	0.100	0.700	0.100
0.100	0.100	0.100	0.700
0.100	0.700	0.100	0.100
0.100	0.100	0.700	0.100
0.100	0.100	0.100	0.700
0.100	0.100	0.700	0.100
0.700	0.100	0.100	0.100
0.100	0.700	0.100	0.100
0.100	0.700	0.100	0.100
0.100	0.100	0.100	0.700
>GGYTGCTTAA	23-GGYTGCTTAA	10.361695	-2.256612	0	T:3.0(1.23%),B:194.0(0.46%),P:1e0	Tpos:181.6,Tstd:114.2,Bpos:469.9,Bstd:292.9,StrandBias:-0.7,Multiplicity:6.00
0.001	0.218	0.780	0.001
0.001	0.001	0.997	0.001
0.001	0.570	0.001	0.428
0.001	0.001	0.001	0.997
0.251	0.001	0.747	0.001
0.001	0.781	0.001	0.217
0.209	0.001	0.001	0.789
0.037	0.255	0.001	0.707
0.757	0.007	0.235	0.001
0.997	0.001	0.001	0.001
>TATGTCAATA	24-TATGTCAATA	10.296193	-1.768021	0	T:2.0(0.82%),B:127.5(0.30%),P:1e0	Tpos:268.0,Tstd:202.7,Bpos:412.4,Bstd:309.6,StrandBias:3.5,Multiplicity:6.00
0.100	0.100	0.100	0.700
0.700	0.100	0.100	0.100
0.100	0.100	0.100	0.700
0.100	0.100	0.700	0.100
0.100	0.100	0.100	0.700
0.100	0.700	0.100	0.100
0.700	0.100	0.100	0.100
0.700	0.100	0.100	0.100
0.100	0.100	0.100	0.700
0.700	0.100	0.100	0.100
>CATTGTAAGG	25-CATTGTAAGG	10.296193	-1.513314	0	T:1.0(0.41%),B:43.0(0.10%),P:1e0	Tpos:200.5,Tstd:116.9,Bpos:554.5,Bstd:271.4,StrandBias:10.0,Multiplicity:14.00
0.100	0.700	0.100	0.100
0.700	0.100	0.100	0.100
0.100	0.100	0.100	0.700
0.100	0.100	0.100	0.700
0.100	0.100	0.700	0.100
0.100	0.100	0.100	0.700
0.700	0.100	0.100	0.100
0.700	0.100	0.100	0.100
0.100	0.100	0.700	0.100
0.100	0.100	0.700	0.100
>AACAGAAAGAGT	1-AACAGAAAGAGT	12.849783	-21.327312	0	T:10.0(4.10%),B:94.8(0.23%),P:1e-9	Tpos:546.2,Tstd:213.2,Bpos:601.2,Bstd:264.1,StrandBias:0.0,Multiplicity:1.00
0.997	0.001	0.001	0.001
0.997	0.001	0.001	0.001
0.046	0.888	0.001	0.065
0.940	0.001	0.001	0.058
0.047	0.095	0.857	0.001
0.997	0.001	0.001	0.001
0.879	0.001	0.001	0.119
0.861	0.137	0.001	0.001
0.001	0.001	0.997	0.001
0.843	0.001	0.091	0.065
0.061	0.120	0.818	0.001
0.001	0.001	0.001	0.997
>ATTAGCTGAAGA	2-ATTAGCTGAAGA	10.945635	-20.213689	0	T:19.0(7.79%),B:563.1(1.34%),P:1e-8	Tpos:667.7,Tstd:319.6,Bpos:529.9,Bstd:313.1,StrandBias:0.0,Multiplicity:1.05
0.797	0.001	0.052	0.150
0.048	0.001	0.037	0.914
0.001	0.039	0.235	0.725
0.843	0.018	0.052	0.087
0.043	0.001	0.908	0.048
0.101	0.769	0.002	0.128
0.233	0.001	0.002	0.764
0.131	0.061	0.751	0.057
0.962	0.001	0.001	0.036
0.889	0.065	0.001	0.045
0.137	0.043	0.773	0.047
0.915	0.083	0.001	0.001
>TGGCTCCATCTT	3-TGGCTCCATCTT	10.352312	-19.353058	0	T:21.0(8.61%),B:735.7(1.75%),P:1e-8	Tpos:491.0,Tstd:313.7,Bpos:505.9,Bstd:303.0,StrandBias:0.3,Multiplicity:1.05
0.088	0.002	0.059	0.851
0.001	0.001	0.882	0.116
0.227	0.001	0.771	0.001
0.096	0.836	0.001	0.067
0.001	0.110	0.001	0.888
0.001	0.659	0.004	0.336
0.111	0.887	0.001	0.001
0.746	0.001	0.003	0.250
0.120	0.122	0.232	0.526
0.107	0.644	0.073	0.176
0.099	0.001	0.001	0.899
0.001	0.001	0.072	0.926
>TGATTAGAGATT	4-TGATTAGAGATT	13.680794	-19.240449	0	T:7.0(2.87%),B:35.2(0.08%),P:1e-8	Tpos:402.9,Tstd:342.0,Bpos:548.4,Bstd:322.5,StrandBias:-0.4,Multiplicity:1.00
0.161	0.001	0.001	0.837
0.001	0.001	0.997	0.001
0.729	0.001	0.151	0.119
0.415	0.001	0.001	0.583
0.001	0.001	0.001	0.997
0.997	0.001	0.001	0.001
0.001	0.001	0.997	0.001
0.997	0.001	0.001	0.001
0.001	0.001	0.997	0.001
0.997	0.001	0.001	0.001
0.001	0.150	0.001	0.848
0.001	0.001	0.001	0.997
>GGCTAGACTCTA	5-GGCTAGACTCTA	12.429756	-18.501599	0	T:6.0(2.46%),B:21.8(0.05%),P:1e-8	Tpos:651.8,Tstd:166.7,Bpos:572.1,Bstd:268.9,StrandBias:0.0,Multiplicity:1.00
0.001	0.001	0.800	0.198
0.001	0.001	0.855	0.143
0.001	0.997	0.001	0.001
0.001	0.001	0.001	0.997
0.997	0.001	0.001	0.001
0.001	0.229	0.541	0.229
0.997	0.001	0.001	0.001
0.001	0.997	0.001	0.001
0.001	0.001	0.001	0.997
0.001	0.997	0.001	0.001
0.001	0.001	0.001	0.997
0.997	0.001	0.001	0.001
>AAGCGAGAAAGC	6-AAGCGAGAAAGC	9.616095	-15.823755	0	T:17.0(6.97%),B:598.1(1.42%),P:1e-6	Tpos:676.5,Tstd:219.6,Bpos:507.0,Bstd:315.0,StrandBias:-0.3,Multiplicity:1.06
0.845	0.001	0.153	0.001
0.997	0.001	0.001	0.001
0.140	0.154	0.705	0.001
0.001	0.997	0.001	0.001
0.141	0.123	0.624	0.112
0.858	0.001	0.001	0.140
0.001	0.001	0.997	0.001
0.718	0.280	0.001	0.001
0.610	0.001	0.235	0.154
0.845	0.001	0.001	0.153
0.001	0.001	0.997	0.001
0.001	0.858	0.140	0.001
>AATCACABTCCT	7-AATCACABTCCT	11.756406	-15.675404	0	T:10.0(4.10%),B:177.7(0.42%),P:1e-6	Tpos:517.0,Tstd:162.8,Bpos:524.5,Bstd:311.0,StrandBias:0.3,Multiplicity:1.10
0.794	0.001	0.204	0.001
0.622	0.173	0.001	0.204
0.001	0.001	0.001	0.997
0.001	0.813	0.001	0.185
0.997	0.001	0.001	0.001
0.001	0.997	0.001	0.001
0.997	0.001	0.001	0.001
0.001	0.249	0.390	0.359
0.001	0.001	0.001	0.997
0.001	0.784	0.001	0.214
0.001	0.997	0.001	0.001
0.001	0.185	0.001	0.813
>CAGTTCTTTGGT	8-CAGTTCTTTGGT	12.355432	-15.480657	0	T:3.0(1.23%),B:1.0(0.00%),P:1e-6	Tpos:132.0,Tstd:5.0,Bpos:679.0,Bstd:0.0,StrandBias:10.0,Multiplicity:1.00
0.100	0.700	0.100	0.100
0.700	0.100	0.100	0.100
0.100	0.100	0.700	0.100
0.100	0.100	0.100	0.700
0.100	0.100	0.100	0.700
0.100	0.700	0.100	0.100
0.100	0.100	0.100	0.700
0.100	0.100	0.100	0.700
0.100	0.100	0.100	0.700
0.100	0.100	0.700	0.100
0.100	0.100	0.700	0.100
0.100	0.100	0.100	0.700
>CAGCCGTGTAGC	9-CAGCCGTGTAGC	11.609656	-14.275863	0	T:6.0(2.46%),B:47.1(0.11%),P:1e-6	Tpos:305.5,Tstd:237.7,Bpos:442.7,Bstd:310.7,StrandBias:0.8,Multiplicity:1.83
0.218	0.609	0.172	0.001
0.997	0.001	0.001	0.001
0.001	0.001	0.997	0.001
0.001	0.997	0.001	0.001
0.189	0.621	0.189	0.001
0.189	0.189	0.621	0.001
0.001	0.001	0.001	0.997
0.001	0.001	0.997	0.001
0.001	0.001	0.217	0.781
0.997	0.001	0.001	0.001
0.188	0.001	0.810	0.001
0.361	0.637	0.001	0.001
>TCAGATTTTCAC	10-TCAGATTTTCAC	9.710836	-13.801530	0	T:25.0(10.25%),B:1407.8(3.34%),P:1e-5	Tpos:452.8,Tstd:267.3,Bpos:497.6,Bstd:301.5,StrandBias:-0.3,Multiplicity:1.60
0.076	0.037	0.048	0.839
0.100	0.898	0.001	0.001
0.801	0.081	0.085	0.033
0.001	0.053	0.945	0.001
0.886	0.064	0.019	0.031
0.001	0.045	0.133	0.821
0.069	0.048	0.145	0.738
0.001	0.106	0.122	0.771
0.028	0.078	0.077	0.817
0.203	0.734	0.001	0.062
0.811	0.151	0.001	0.037
0.001	0.952	0.046	0.001
>CCTGTGACCTAT	11-CCTGTGACCTAT	13.734203	-13.480145	0	T:4.0(1.64%),B:11.3(0.03%),P:1e-5	Tpos:469.3,Tstd:307.6,Bpos:528.7,Bstd:191.9,StrandBias:0.4,Multiplicity:1.75
0.001	0.997	0.001	0.001
0.001	0.997	0.001	0.001
0.163	0.001	0.001	0.835
0.001	0.001	0.997	0.001
0.001	0.001	0.163	0.835
0.001	0.001	0.868	0.130
0.621	0.189	0.189	0.001
0.001	0.997	0.001	0.001
0.001	0.997	0.001	0.001
0.001	0.001	0.001	0.997
0.997	0.001	0.001	0.001
0.001	0.001	0.001	0.997
>CCCCCTATGAAA	12-CCCCCTATGAAA	11.631272	-13.272463	0	T:5.0(2.05%),B:30.7(0.07%),P:1e-5	Tpos:623.9,Tstd:74.9,Bpos:451.7,Bstd:256.7,StrandBias:0.0,Multiplicity:1.60
0.194	0.804	0.001	0.001
0.001	0.997	0.001	0.001
0.001	0.997	0.001	0.001
0.001	0.997	0.001	0.001
0.001	0.846	0.001	0.152
0.001	0.042	0.001	0.956
0.997	0.001	0.001	0.001
0.001	0.001	0.001	0.997
0.001	0.001	0.997	0.001
0.997	0.001	0.001	0.001
0.997	0.001	0.001	0.001
0.997	0.001	0.001	0.001
>GTCACGACCCAA	13-GTCACGACCCAA	11.303422	-12.933274	0	T:4.0(1.64%),B:13.7(0.03%),P:1e-5	Tpos:397.5,Tstd:157.2,Bpos:582.1,Bstd:332.2,StrandBias:-2.8,Multiplicity:2.00
0.001	0.001	0.997	0.001
0.001	0.001	0.001	0.997
0.001	0.997	0.001	0.001
0.997	0.001	0.001	0.001
0.001	0.997	0.001	0.001
0.001	0.001	0.997	0.001
0.819	0.179	0.001	0.001
0.179	0.819	0.001	0.001
0.001	0.997	0.001	0.001
0.155	0.843	0.001	0.001
0.997	0.001	0.001	0.001
0.997	0.001	0.001	0.001
>ACATATATGTAC	14-ACATATATGTAC	13.444075	-11.981198	0	T:6.0(2.46%),B:72.3(0.17%),P:1e-5	Tpos:574.9,Tstd:229.8,Bpos:532.6,Bstd:345.8,StrandBias:0.4,Multiplicity:1.00
0.997	0.001	0.001	0.001
0.068	0.862	0.001	0.069
0.997	0.001	0.001	0.001
0.090	0.125	0.001	0.784
0.867	0.001	0.131	0.001
0.131	0.001	0.001	0.867
0.849	0.001	0.149	0.001
0.001	0.001	0.001	0.997
0.001	0.001	0.892	0.106
0.001	0.001	0.001	0.997
0.997	0.001	0.001	0.001
0.001	0.945	0.001	0.053
>GACMCYYTGATA	15-GACMCYYTGATA	11.302517	-11.883707	0	T:5.0(2.05%),B:41.8(0.10%),P:1e-5	Tpos:413.0,Tstd:315.1,Bpos:520.1,Bstd:290.1,StrandBias:10.0,Multiplicity:1.40
0.001	0.001	0.997	0.001
0.997	0.001	0.001	0.001
0.001	0.997	0.001	0.001
0.492	0.506	0.001	0.001
0.001	0.997	0.001	0.001
0.001	0.535	0.001	0.463
0.001	0.485	0.001	0.513
0.001	0.001	0.001	0.997
0.001	0.001	0.997	0.001
0.997	0.001	0.001	0.001
0.001	0.420	0.001	0.578
0.927	0.001	0.071	0.001
>GCTCCGCGAGCT	16-GCTCCGCGAGCT	13.386925	-10.302866	0	T:7.0(2.87%),B:147.2(0.35%),P:1e-4	Tpos:492.7,Tstd:313.0,Bpos:532.6,Bstd:310.0,StrandBias:0.8,Multiplicity:1.57
0.221	0.001	0.777	0.001
0.001	0.997	0.001	0.001
0.001	0.001	0.001	0.997
0.001	0.997	0.001	0.001
0.001	0.910	0.088	0.001
0.130	0.001	0.868	0.001
0.001	0.910	0.001	0.088
0.001	0.001	0.997	0.001
0.997	0.001	0.001	0.001
0.001	0.001	0.997	0.001
0.001	0.997	0.001	0.001
0.062	0.071	0.001	0.866
>GGGTCATGAACT	17-GGGTCATGAACT	14.732864	-9.221550	0	T:2.0(0.82%),B:2.0(0.00%),P:1e-4	Tpos:187.0,Tstd:7.0,Bpos:490.7,Bstd:258.2,StrandBias:10.0,Multiplicity:1.00
0.001	0.001	0.997	0.001
0.001	0.001	0.997	0.001
0.001	0.001	0.997	0.001
0.001	0.001	0.001	0.997
0.001	0.997	0.001	0.001
0.854	0.001	0.144	0.001
0.001	0.001	0.001	0.997
0.001	0.001	0.997	0.001
0.997	0.001	0.001	0.001
0.818	0.180	0.001	0.001
0.001	0.997	0.001	0.001
0.001	0.001	0.001	0.997
>TCGATTTTTTTG	18-TCGATTTTTTTG	11.728442	-8.445654	0	T:46.0(18.85%),B:4634.9(11.01%),P:1e-3	Tpos:568.4,Tstd:296.1,Bpos:506.4,Bstd:293.2,StrandBias:0.5,Multiplicity:1.22
0.199	0.001	0.001	0.799
0.093	0.746	0.001	0.160
0.391	0.001	0.607	0.001
0.857	0.001	0.141	0.001
0.001	0.001	0.001	0.997
0.134	0.001	0.001	0.864
0.032	0.113	0.001	0.854
0.001	0.001	0.001	0.997
0.001	0.001	0.001	0.997
0.001	0.047	0.001	0.951
0.168	0.056	0.001	0.775
0.208	0.143	0.551	0.098
>GGTTGCTTRAGC	19-GGTTGCTTRAGC	14.247998	-5.156130	0	T:1.0(0.41%),B:0.0(0.00%),P:1e-2	Tpos:221.4,Tstd:111.2,Bpos:0.0,Bstd:0.0,StrandBias:10.0,Multiplicity:5.00
0.001	0.182	0.816	0.001
0.001	0.001	0.997	0.001
0.001	0.352	0.001	0.646
0.001	0.002	0.001	0.996
0.001	0.001	0.837	0.161
0.001	0.671	0.001	0.327
0.002	0.001	0.001	0.996
0.001	0.329	0.001	0.669
0.546	0.001	0.452	0.001
0.997	0.001	0.001	0.001
0.134	0.001	0.864	0.001
0.001	0.997	0.001	0.001
>GTCAATACATTG	20-GTCAATACATTG	12.355432	-4.465858	0	T:1.0(0.41%),B:1.9(0.00%),P:1e-1	Tpos:194.5,Tstd:116.9,Bpos:480.4,Bstd:47.2,StrandBias:10.0,Multiplicity:14.00
0.100	0.100	0.700	0.100
0.100	0.100	0.100	0.700
0.100	0.700	0.100	0.100
0.700	0.100	0.100	0.100
0.700	0.100	0.100	0.100
0.100	0.100	0.100	0.700
0.700	0.100	0.100	0.100
0.100	0.700	0.100	0.100
0.700	0.100	0.100	0.100
0.100	0.100	0.100	0.700
0.100	0.100	0.100	0.700
0.100	0.100	0.700	0.100
>GATTACCCATAG	21-GATTACCCATAG	16.406467	-4.465858	0	T:1.0(0.41%),B:1.2(0.00%),P:1e-1	Tpos:288.0,Tstd:184.4,Bpos:641.0,Bstd:0.0,StrandBias:10.0,Multiplicity:6.00
0.001	0.001	0.997	0.001
0.997	0.001	0.001	0.001
0.001	0.001	0.001	0.997
0.001	0.001	0.001	0.997
0.997	0.001	0.001	0.001
0.001	0.997	0.001	0.001
0.001	0.997	0.001	0.001
0.001	0.997	0.001	0.001
0.997	0.001	0.001	0.001
0.001	0.176	0.001	0.822
0.997	0.001	0.001	0.001
0.001	0.001	0.997	0.001
>AAGTATGAGCTT	22-AAGTATGAGCTT	12.355432	-3.778451	0	T:1.0(0.41%),B:3.8(0.01%),P:1e-1	Tpos:264.2,Tstd:200.3,Bpos:422.6,Bstd:213.5,StrandBias:-10.0,Multiplicity:5.00
0.700	0.100	0.100	0.100
0.700	0.100	0.100	0.100
0.100	0.100	0.700	0.100
0.100	0.100	0.100	0.700
0.700	0.100	0.100	0.100
0.100	0.100	0.100	0.700
0.100	0.100	0.700	0.100
0.700	0.100	0.100	0.100
0.100	0.100	0.700	0.100
0.100	0.700	0.100	0.100
0.100	0.100	0.100	0.700
0.100	0.100	0.100	0.700
>TAAGGATTTCCC	23-TAAGGATTTCCC	16.513651	-3.558174	0	T:1.0(0.41%),B:4.3(0.01%),P:1e-1	Tpos:192.0,Tstd:108.5,Bpos:308.2,Bstd:360.9,StrandBias:10.0,Multiplicity:13.00
0.001	0.001	0.001	0.997
0.997	0.001	0.001	0.001
0.997	0.001	0.001	0.001
0.001	0.001	0.997	0.001
0.001	0.001	0.997	0.001
0.997	0.001	0.001	0.001
0.001	0.083	0.001	0.915
0.001	0.001	0.001	0.997
0.001	0.001	0.001	0.997
0.001	0.997	0.001	0.001
0.001	0.997	0.001	0.001
0.001	0.997	0.001	0.001
>GCCGACACCTTG	24-GCCGACACCTTG	15.711007	-2.554228	0	T:1.0(0.41%),B:13.8(0.03%),P:1e-1	Tpos:121.0,Tstd:58.3,Bpos:461.7,Bstd:306.6,StrandBias:10.0,Multiplicity:3.00
0.001	0.001	0.997	0.001
0.001	0.997	0.001	0.001
0.001	0.709	0.289	0.001
0.001	0.001	0.997	0.001
0.997	0.001	0.001	0.001
0.001	0.824	0.001	0.174
0.997	0.001	0.001	0.001
0.001	0.921	0.001	0.077
0.001	0.997	0.001	0.001
0.001	0.151	0.001	0.847
0.001	0.001	0.001	0.997
0.109	0.001	0.889	0.001
>AAGGTGTCGGCT	25-AAGGTGTCGGCT	15.588639	-2.554228	0	T:1.0(0.41%),B:13.4(0.03%),P:1e-1	Tpos:308.0,Tstd:0.0,Bpos:441.0,Bstd:298.0,StrandBias:-10.0,Multiplicity:1.00
0.935	0.001	0.063	0.001
0.836	0.001	0.162	0.001
0.001	0.001	0.997	0.001
0.080	0.001	0.918	0.001
0.001	0.001	0.001	0.997
0.205	0.001	0.793	0.001
0.001	0.001	0.001	0.997
0.001	0.997	0.001	0.001
0.001	0.368	0.630	0.001
0.001	0.001	0.997	0.001
0.001	0.997	0.001	0.001
0.001	0.001	0.001	0.997
>GAGTCCGC	1-GAGTCCGC	6.937715	-16.602886	0	T:35.0(14.34%),B:2173.3(5.16%),P:1e-7	Tpos:496.8,Tstd:313.3,Bpos:528.8,Bstd:305.2,StrandBias:-0.2,Multiplicity:1.11
0.072	0.020	0.907	0.001
0.938	0.001	0.033	0.028
0.001	0.001	0.997	0.001
0.146	0.115	0.018	0.721
0.001	0.851	0.140	0.008
0.102	0.738	0.015	0.145
0.008	0.014	0.952	0.026
0.010	0.946	0.001	0.043
>CCCACACR	2-CCCACACR	7.970412	-13.337597	0	T:43.0(17.62%),B:3437.5(8.17%),P:1e-5	Tpos:594.5,Tstd:302.1,Bpos:523.9,Bstd:312.0,StrandBias:0.7,Multiplicity:1.05
0.001	0.997	0.001	0.001
0.001	0.845	0.001	0.153
0.001	0.835	0.001	0.163
0.877	0.001	0.001	0.121
0.001	0.997	0.001	0.001
0.997	0.001	0.001	0.001
0.001	0.997	0.001	0.001
0.470	0.159	0.370	0.001
>ATGGGTAA	3-ATGGGTAA	8.485042	-9.443602	0	T:35.0(14.34%),B:3018.1(7.17%),P:1e-4	Tpos:400.1,Tstd:249.7,Bpos:498.7,Bstd:308.2,StrandBias:-1.3,Multiplicity:1.26
0.997	0.001	0.001	0.001
0.001	0.001	0.001	0.997
0.001	0.118	0.880	0.001
0.001	0.001	0.997	0.001
0.001	0.165	0.833	0.001
0.001	0.001	0.001	0.997
0.763	0.001	0.235	0.001
0.997	0.001	0.001	0.001
>GCTAYGCG	4-GCTAYGCG	5.280889	-8.363452	0	T:133.0(54.51%),B:18145.6(43.11%),P:1e-3	Tpos:500.1,Tstd:294.1,Bpos:501.4,Bstd:307.4,StrandBias:0.4,Multiplicity:1.63
0.019	0.059	0.873	0.049
0.011	0.913	0.068	0.008
0.066	0.041	0.001	0.892
0.494	0.250	0.256	0.001
0.001	0.497	0.098	0.404
0.233	0.078	0.498	0.192
0.074	0.825	0.069	0.032
0.230	0.089	0.500	0.181
>GTAGWGAC	5-GTAGWGAC	7.297486	-7.432637	0	T:31.0(12.70%),B:2843.4(6.76%),P:1e-3	Tpos:353.4,Tstd:244.4,Bpos:510.4,Bstd:303.1,StrandBias:-0.2,Multiplicity:1.61
0.001	0.001	0.997	0.001
0.001	0.001	0.001	0.997
0.614	0.384	0.001	0.001
0.001	0.001	0.910	0.088
0.461	0.001	0.001	0.537
0.001	0.001	0.997	0.001
0.922	0.076	0.001	0.001
0.001	0.997	0.001	0.001
>CGTGATAG	6-CGTGATAG	8.236954	-7.308618	0	T:8.0(3.28%),B:319.3(0.76%),P:1e-3	Tpos:431.9,Tstd:258.6,Bpos:507.0,Bstd:310.1,StrandBias:1.2,Multiplicity:1.25
0.100	0.700	0.100	0.100
0.100	0.100	0.700	0.100
0.100	0.100	0.100	0.700
0.100	0.100	0.700	0.100
0.700	0.100	0.100	0.100
0.100	0.100	0.100	0.700
0.700	0.100	0.100	0.100
0.100	0.100	0.700	0.100
>NGCTTAAS	7-NGCTTAAS	5.422089	-5.871292	0	T:8.0(3.28%),B:403.4(0.96%),P:1e-2	Tpos:398.1,Tstd:398.5,Bpos:525.2,Bstd:288.3,StrandBias:1.6,Multiplicity:1.00
0.216	0.318	0.219	0.247
0.056	0.095	0.726	0.123
0.097	0.660	0.160	0.083
0.106	0.150	0.196	0.548
0.215	0.201	0.122	0.462
0.510	0.212	0.148	0.130
0.489	0.185	0.272	0.054
0.116	0.359	0.363	0.162
>CCTTACAA	8-CCTTACAA	8.236954	-2.655703	0	T:9.0(3.69%),B:871.2(2.07%),P:1e-1	Tpos:294.6,Tstd:224.5,Bpos:514.9,Bstd:314.6,StrandBias:-3.3,Multiplicity:2.44
0.100	0.700	0.100	0.100
0.100	0.700	0.100	0.100
0.100	0.100	0.100	0.700
0.100	0.100	0.100	0.700
0.700	0.100	0.100	0.100
0.100	0.700	0.100	0.100
0.700	0.100	0.100	0.100
0.700	0.100	0.100	0.100
