>TGAAAGGTAAAA	13-TGAAAGGTAAAA	10.370940	-18.112300	0	T:28.0(9.69%),B:1119.9(2.74%),P:1e-7
0.055	0.033	0.011	0.901
0.138	0.101	0.658	0.103
0.872	0.012	0.035	0.081
0.908	0.047	0.027	0.018
0.861	0.073	0.013	0.053
0.065	0.025	0.842	0.068
0.081	0.030	0.800	0.089
0.066	0.094	0.017	0.823
0.758	0.087	0.083	0.072
0.841	0.011	0.108	0.040
0.897	0.012	0.070	0.021
0.847	0.025	0.036	0.092
