>GATGACTCAT	1-GATGACTCAT	7.282769	-26.897230	0	T:64.0(29.91%),B:4952.9(11.92%),P:1e-11	Tpos:565.6,Tstd:294.0,Bpos:510.3,Bstd:310.5,StrandBias:-0.2,Multiplicity:1.14
0.063	0.093	0.719	0.125
0.835	0.029	0.074	0.062
0.063	0.044	0.031	0.862
0.059	0.058	0.836	0.047
0.815	0.051	0.064	0.070
0.113	0.697	0.090	0.100
0.064	0.058	0.034	0.844
0.063	0.791	0.071	0.075
0.880	0.040	0.028	0.052
0.085	0.129	0.057	0.729
>CCTTTTATAC	2-CCTTTTATAC	9.559270	-26.337258	0	T:38.0(17.76%),B:1981.8(4.77%),P:1e-11	Tpos:775.3,Tstd:276.4,Bpos:612.9,Bstd:331.7,StrandBias:-1.6,Multiplicity:1.05
0.037	0.891	0.001	0.071
0.095	0.809	0.001	0.095
0.001	0.001	0.001	0.997
0.001	0.001	0.001	0.997
0.225	0.001	0.001	0.773
0.001	0.001	0.073	0.925
0.997	0.001	0.001	0.001
0.001	0.001	0.001	0.997
0.997	0.001	0.001	0.001
0.001	0.779	0.031	0.189
>GAAAAYGAAA	3-GAAAAYGAAA	10.175143	-25.425758	0	T:82.0(38.32%),B:7658.1(18.43%),P:1e-11	Tpos:614.1,Tstd:293.7,Bpos:532.5,Bstd:314.5,StrandBias:-1.1,Multiplicity:1.21
0.001	0.001	0.997	0.001
0.851	0.001	0.001	0.147
0.845	0.093	0.061	0.001
0.934	0.001	0.001	0.064
0.531	0.042	0.270	0.157
0.158	0.483	0.018	0.341
0.274	0.001	0.724	0.001
0.727	0.001	0.271	0.001
0.943	0.001	0.055	0.001
0.993	0.001	0.001	0.005
>GGGGTCTATA	4-GGGGTCTATA	10.086162	-24.661528	0	T:16.0(7.48%),B:313.0(0.75%),P:1e-10	Tpos:445.6,Tstd:193.3,Bpos:488.2,Bstd:309.1,StrandBias:-0.7,Multiplicity:1.00
0.080	0.001	0.918	0.001
0.001	0.065	0.873	0.061
0.001	0.082	0.916	0.001
0.001	0.001	0.936	0.062
0.001	0.001	0.001	0.997
0.058	0.870	0.001	0.071
0.001	0.001	0.001	0.997
0.785	0.079	0.083	0.053
0.054	0.001	0.070	0.875
0.909	0.089	0.001	0.001
>TATGACCCTT	5-TATGACCCTT	10.061663	-23.971222	0	T:18.0(8.41%),B:443.4(1.07%),P:1e-10	Tpos:435.4,Tstd:239.3,Bpos:479.0,Bstd:299.5,StrandBias:-0.3,Multiplicity:1.00
0.059	0.070	0.001	0.870
0.824	0.001	0.174	0.001
0.079	0.001	0.099	0.821
0.001	0.001	0.997	0.001
0.931	0.001	0.001	0.067
0.001	0.997	0.001	0.001
0.034	0.964	0.001	0.001
0.051	0.830	0.068	0.051
0.073	0.001	0.001	0.925
0.096	0.001	0.001	0.902
>GGCAGGTAAC	6-GGCAGGTAAC	9.023482	-23.533235	0	T:14.0(6.54%),B:237.9(0.57%),P:1e-10	Tpos:336.5,Tstd:282.3,Bpos:502.1,Bstd:292.9,StrandBias:-0.6,Multiplicity:1.00
0.051	0.001	0.867	0.081
0.001	0.001	0.997	0.001
0.001	0.997	0.001	0.001
0.997	0.001	0.001	0.001
0.098	0.001	0.829	0.072
0.001	0.136	0.779	0.084
0.001	0.001	0.001	0.997
0.790	0.101	0.001	0.108
0.802	0.093	0.104	0.001
0.001	0.997	0.001	0.001
>GTTTACTTCC	7-GTTTACTTCC	9.249021	-22.624065	0	T:23.0(10.75%),B:841.2(2.02%),P:1e-9	Tpos:546.0,Tstd:233.0,Bpos:515.7,Bstd:321.6,StrandBias:0.1,Multiplicity:1.00
0.003	0.001	0.995	0.001
0.001	0.001	0.240	0.758
0.001	0.090	0.279	0.630
0.001	0.061	0.001	0.937
0.926	0.001	0.072	0.001
0.056	0.942	0.001	0.001
0.073	0.001	0.013	0.913
0.226	0.001	0.001	0.772
0.001	0.841	0.080	0.078
0.001	0.952	0.001	0.046
>TAATAGGTTC	8-TAATAGGTTC	8.173443	-22.543265	0	T:25.0(11.68%),B:1007.3(2.42%),P:1e-9	Tpos:454.3,Tstd:273.0,Bpos:493.6,Bstd:308.1,StrandBias:0.3,Multiplicity:1.04
0.242	0.018	0.218	0.522
0.583	0.047	0.051	0.319
0.543	0.036	0.235	0.186
0.018	0.043	0.291	0.648
0.660	0.036	0.254	0.050
0.019	0.076	0.857	0.048
0.018	0.041	0.665	0.276
0.093	0.058	0.032	0.817
0.075	0.039	0.304	0.582
0.049	0.696	0.037	0.218
>TCKRASGGTR	9-TCKRASGGTR	7.151803	-22.319327	0	T:11.0(5.14%),B:130.9(0.32%),P:1e-9	Tpos:497.7,Tstd:322.0,Bpos:520.1,Bstd:301.1,StrandBias:0.3,Multiplicity:1.00
0.005	0.397	0.027	0.571
0.192	0.485	0.194	0.128
0.028	0.052	0.503	0.417
0.316	0.018	0.461	0.205
0.609	0.035	0.331	0.025
0.037	0.432	0.490	0.041
0.037	0.059	0.600	0.304
0.300	0.049	0.594	0.057
0.028	0.201	0.252	0.519
0.501	0.025	0.415	0.059
>GATGTTWTGA	10-GATGTTWTGA	9.140286	-21.953888	0	T:45.0(21.03%),B:3109.7(7.48%),P:1e-9	Tpos:581.3,Tstd:291.5,Bpos:504.6,Bstd:318.1,StrandBias:-0.7,Multiplicity:1.20
0.001	0.001	0.686	0.312
0.853	0.145	0.001	0.001
0.020	0.001	0.001	0.978
0.001	0.001	0.957	0.041
0.001	0.001	0.001	0.997
0.131	0.001	0.137	0.731
0.459	0.001	0.170	0.370
0.393	0.001	0.001	0.605
0.001	0.029	0.969	0.001
0.487	0.001	0.294	0.218
>CATCGTTAGC	11-CATCGTTAGC	10.329736	-21.773198	0	T:12.0(5.61%),B:178.6(0.43%),P:1e-9	Tpos:592.4,Tstd:209.5,Bpos:495.8,Bstd:292.8,StrandBias:-0.5,Multiplicity:1.00
0.001	0.898	0.001	0.100
0.908	0.001	0.090	0.001
0.001	0.114	0.001	0.884
0.001	0.880	0.001	0.118
0.001	0.110	0.888	0.001
0.001	0.001	0.001	0.997
0.131	0.001	0.001	0.867
0.868	0.001	0.089	0.042
0.001	0.001	0.960	0.038
0.072	0.926	0.001	0.001
>GATCTTATAG	12-GATCTTATAG	9.024666	-21.292236	0	T:24.0(11.21%),B:986.7(2.37%),P:1e-9	Tpos:582.4,Tstd:282.8,Bpos:501.6,Bstd:313.6,StrandBias:0.8,Multiplicity:1.04
0.001	0.051	0.947	0.001
0.900	0.062	0.001	0.037
0.039	0.072	0.075	0.814
0.001	0.904	0.001	0.094
0.001	0.001	0.001	0.997
0.067	0.049	0.001	0.883
0.913	0.001	0.046	0.040
0.001	0.001	0.001	0.997
0.788	0.050	0.061	0.101
0.020	0.068	0.911	0.001
>CAAATGCCAG	13-CAAATGCCAG	7.863531	-21.257817	0	T:27.0(12.62%),B:1252.6(3.01%),P:1e-9	Tpos:391.4,Tstd:291.3,Bpos:506.2,Bstd:305.5,StrandBias:-0.4,Multiplicity:1.04
0.029	0.684	0.028	0.259
0.857	0.048	0.060	0.035
0.678	0.034	0.244	0.044
0.502	0.257	0.222	0.019
0.273	0.044	0.030	0.653
0.174	0.030	0.597	0.199
0.055	0.640	0.284	0.021
0.043	0.606	0.046	0.305
0.620	0.034	0.273	0.073
0.292	0.219	0.455	0.035
>CAGTTCATCG	14-CAGTTCATCG	8.210352	-20.792138	0	T:25.0(11.68%),B:1099.9(2.65%),P:1e-9	Tpos:504.6,Tstd:341.6,Bpos:511.6,Bstd:309.6,StrandBias:1.4,Multiplicity:1.04
0.033	0.915	0.051	0.001
0.773	0.072	0.100	0.055
0.001	0.001	0.975	0.023
0.001	0.054	0.090	0.855
0.077	0.001	0.001	0.921
0.001	0.894	0.064	0.041
0.884	0.001	0.079	0.036
0.001	0.001	0.074	0.924
0.001	0.961	0.001	0.037
0.030	0.001	0.939	0.030
>CTGGAACACT	15-CTGGAACACT	10.009146	-20.425541	0	T:21.0(9.81%),B:782.7(1.88%),P:1e-8	Tpos:475.2,Tstd:243.3,Bpos:496.9,Bstd:306.2,StrandBias:0.1,Multiplicity:1.10
0.070	0.876	0.053	0.001
0.056	0.001	0.001	0.942
0.113	0.001	0.885	0.001
0.068	0.001	0.930	0.001
0.839	0.075	0.001	0.085
0.766	0.001	0.232	0.001
0.001	0.963	0.001	0.035
0.997	0.001	0.001	0.001
0.001	0.913	0.085	0.001
0.001	0.066	0.001	0.932
>AWAGGGGWWT	16-AWAGGGGWWT	8.211311	-18.445219	0	T:23.0(10.75%),B:1054.6(2.54%),P:1e-8	Tpos:519.8,Tstd:269.9,Bpos:507.1,Bstd:302.9,StrandBias:0.8,Multiplicity:1.09
0.441	0.211	0.266	0.082
0.511	0.054	0.042	0.393
0.784	0.112	0.058	0.046
0.043	0.051	0.867	0.039
0.042	0.065	0.851	0.042
0.029	0.344	0.608	0.019
0.068	0.019	0.534	0.379
0.431	0.009	0.016	0.544
0.419	0.038	0.034	0.509
0.021	0.070	0.360	0.549
>ACGTCTCAST	17-ACGTCTCAST	9.393484	-18.277839	0	T:18.0(8.41%),B:643.3(1.55%),P:1e-7	Tpos:639.2,Tstd:269.6,Bpos:519.6,Bstd:307.8,StrandBias:1.2,Multiplicity:1.11
0.997	0.001	0.001	0.001
0.001	0.594	0.404	0.001
0.001	0.001	0.997	0.001
0.182	0.001	0.001	0.816
0.303	0.695	0.001	0.001
0.001	0.001	0.001	0.997
0.001	0.997	0.001	0.001
0.447	0.105	0.232	0.216
0.035	0.509	0.455	0.001
0.001	0.001	0.001	0.997
>TTTTTCCYGG	18-TTTTTCCYGG	8.935475	-17.438990	0	T:51.0(23.83%),B:4399.7(10.59%),P:1e-7	Tpos:540.0,Tstd:295.7,Bpos:507.6,Bstd:299.1,StrandBias:0.6,Multiplicity:1.10
0.024	0.003	0.039	0.934
0.002	0.003	0.080	0.915
0.071	0.001	0.124	0.804
0.001	0.001	0.003	0.995
0.001	0.119	0.054	0.826
0.001	0.952	0.001	0.046
0.090	0.718	0.068	0.124
0.001	0.507	0.032	0.460
0.001	0.022	0.952	0.025
0.001	0.111	0.887	0.001
>AAGAACGGAA	19-AAGAACGGAA	9.596893	-16.337665	0	T:31.0(14.49%),B:2029.4(4.88%),P:1e-7	Tpos:545.3,Tstd:280.3,Bpos:526.5,Bstd:316.7,StrandBias:-0.3,Multiplicity:1.10
0.843	0.001	0.034	0.122
0.920	0.052	0.001	0.027
0.035	0.023	0.918	0.024
0.956	0.042	0.001	0.001
0.943	0.001	0.055	0.001
0.061	0.805	0.077	0.057
0.058	0.027	0.914	0.001
0.001	0.001	0.997	0.001
0.896	0.052	0.051	0.001
0.825	0.077	0.045	0.053
>GTCCGGGACT	20-GTCCGGGACT	10.730163	-15.719014	0	T:7.0(3.27%),B:70.3(0.17%),P:1e-6	Tpos:429.2,Tstd:272.7,Bpos:389.4,Bstd:275.7,StrandBias:-0.3,Multiplicity:1.14
0.001	0.001	0.997	0.001
0.001	0.001	0.001	0.997
0.001	0.997	0.001	0.001
0.001	0.873	0.001	0.125
0.001	0.209	0.789	0.001
0.097	0.001	0.901	0.001
0.126	0.001	0.764	0.109
0.997	0.001	0.001	0.001
0.001	0.997	0.001	0.001
0.131	0.001	0.001	0.867
>TTTATCATCA	21-TTTATCATCA	10.365646	-13.655777	0	T:23.0(10.75%),B:1390.0(3.34%),P:1e-5	Tpos:423.1,Tstd:329.8,Bpos:510.7,Bstd:310.5,StrandBias:0.4,Multiplicity:1.00
0.001	0.001	0.001	0.997
0.153	0.065	0.001	0.781
0.001	0.001	0.107	0.891
0.997	0.001	0.001	0.001
0.001	0.001	0.001	0.997
0.001	0.855	0.143	0.001
0.943	0.001	0.001	0.055
0.001	0.001	0.001	0.997
0.001	0.767	0.035	0.197
0.593	0.187	0.219	0.001
>CCCCAGCTGG	22-CCCCAGCTGG	8.847942	-12.726629	0	T:10.0(4.67%),B:281.5(0.68%),P:1e-5	Tpos:509.4,Tstd:327.8,Bpos:469.5,Bstd:285.8,StrandBias:1.0,Multiplicity:1.00
0.168	0.500	0.182	0.150
0.067	0.824	0.052	0.057
0.001	0.997	0.001	0.001
0.048	0.738	0.090	0.124
0.832	0.054	0.051	0.063
0.060	0.001	0.839	0.100
0.151	0.798	0.001	0.050
0.001	0.089	0.062	0.848
0.224	0.056	0.719	0.001
0.001	0.062	0.936	0.001
>CTACCACGAC	23-CTACCACGAC	13.501451	-12.702404	0	T:4.0(1.87%),B:16.7(0.04%),P:1e-5	Tpos:559.2,Tstd:287.2,Bpos:447.9,Bstd:317.6,StrandBias:0.6,Multiplicity:1.25
0.001	0.997	0.001	0.001
0.001	0.001	0.001	0.997
0.997	0.001	0.001	0.001
0.001	0.997	0.001	0.001
0.001	0.997	0.001	0.001
0.997	0.001	0.001	0.001
0.001	0.997	0.001	0.001
0.174	0.001	0.824	0.001
0.866	0.132	0.001	0.001
0.001	0.997	0.001	0.001
>GACCACCAGG	24-GACCACCAGG	10.205345	-12.311459	0	T:10.0(4.67%),B:295.8(0.71%),P:1e-5	Tpos:305.6,Tstd:241.8,Bpos:424.9,Bstd:282.3,StrandBias:2.3,Multiplicity:1.80
0.001	0.001	0.997	0.001
0.997	0.001	0.001	0.001
0.001	0.664	0.236	0.099
0.073	0.925	0.001	0.001
0.997	0.001	0.001	0.001
0.001	0.997	0.001	0.001
0.052	0.946	0.001	0.001
0.853	0.001	0.088	0.058
0.001	0.001	0.997	0.001
0.076	0.057	0.777	0.090
>TCCGTAGGAG	25-TCCGTAGGAG	10.296193	-11.829352	0	T:3.0(1.40%),B:5.6(0.01%),P:1e-5	Tpos:375.3,Tstd:123.1,Bpos:318.0,Bstd:175.4,StrandBias:1.0,Multiplicity:1.00
0.100	0.100	0.100	0.700
0.100	0.700	0.100	0.100
0.100	0.700	0.100	0.100
0.100	0.100	0.700	0.100
0.100	0.100	0.100	0.700
0.700	0.100	0.100	0.100
0.100	0.100	0.700	0.100
0.100	0.100	0.700	0.100
0.700	0.100	0.100	0.100
0.100	0.100	0.700	0.100
