>ATMKCTCCTTTT	20-AAAAGGAGMKAT	8.994973	-10.104339	0	T:28.0(22.22%),B:3808.2(9.95%),P:1e-4
0.707	0.001	0.001	0.291
0.036	0.001	0.403	0.560
0.418	0.452	0.001	0.129
0.001	0.001	0.480	0.518
0.277	0.721	0.001	0.001
0.037	0.216	0.001	0.746
0.251	0.669	0.001	0.079
0.001	0.655	0.260	0.084
0.006	0.191	0.001	0.802
0.001	0.259	0.001	0.739
0.019	0.001	0.191	0.789
0.001	0.358	0.001	0.640
