>GGTAACCGCTAA	16-TTAGCGGTTACC	9.004701	-17.382409	0	T:14.0(11.11%),B:627.3(1.64%),P:1e-7
0.062	0.001	0.936	0.001
0.065	0.001	0.590	0.344
0.001	0.109	0.001	0.889
0.657	0.048	0.294	0.001
0.675	0.121	0.203	0.001
0.354	0.643	0.001	0.002
0.070	0.598	0.001	0.331
0.155	0.135	0.546	0.164
0.001	0.865	0.133	0.001
0.182	0.053	0.001	0.764
0.614	0.002	0.160	0.224
0.875	0.001	0.001	0.123
