>AAAAGGAGMKAT	20-AAAAGGAGMKAT,BestGuess:SD0003.1_at_AC_acceptor/Jaspar(0.584)	8.994973	-10.104339	0	T:28.0(22.22%),B:3808.2(9.95%),P:1e-4
0.640	0.001	0.358	0.001
0.789	0.191	0.001	0.019
0.739	0.001	0.259	0.001
0.802	0.001	0.191	0.006
0.084	0.260	0.655	0.001
0.079	0.001	0.669	0.251
0.746	0.001	0.216	0.037
0.001	0.001	0.721	0.277
0.518	0.480	0.001	0.001
0.129	0.001	0.452	0.418
0.560	0.403	0.001	0.036
0.291	0.001	0.001	0.707
