>CTGATAACAG	1-CTGATAACAG	7.332806	-28.780920	0	T:45.0(51.14%),B:6611.6(17.08%),P:1e-12	Tpos:658.1,Tstd:270.8,Bpos:542.7,Bstd:310.7,StrandBias:-0.9,Multiplicity:1.31
0.001	0.767	0.001	0.231
0.057	0.001	0.001	0.941
0.001	0.001	0.997	0.001
0.997	0.001	0.001	0.001
0.001	0.098	0.001	0.900
0.942	0.001	0.002	0.055
0.997	0.001	0.001	0.001
0.001	0.649	0.349	0.001
0.831	0.001	0.113	0.055
0.270	0.061	0.668	0.001
>AGCAAAGCCG	2-AGCAAAGCCG	10.698660	-26.046928	0	T:11.0(12.50%),B:217.9(0.56%),P:1e-11	Tpos:426.4,Tstd:326.3,Bpos:471.6,Bstd:296.7,StrandBias:-1.0,Multiplicity:1.09
0.888	0.001	0.001	0.110
0.001	0.001	0.997	0.001
0.077	0.797	0.125	0.001
0.997	0.001	0.001	0.001
0.871	0.001	0.127	0.001
0.997	0.001	0.001	0.001
0.001	0.001	0.908	0.090
0.001	0.997	0.001	0.001
0.087	0.911	0.001	0.001
0.001	0.001	0.878	0.120
>TGGCGTTATA	3-TGGCGTTATA	10.667403	-22.573941	0	T:10.0(11.36%),B:224.0(0.58%),P:1e-9	Tpos:411.1,Tstd:280.2,Bpos:501.1,Bstd:313.6,StrandBias:-2.2,Multiplicity:1.10
0.001	0.001	0.001	0.997
0.001	0.129	0.869	0.001
0.001	0.001	0.883	0.115
0.001	0.997	0.001	0.001
0.097	0.001	0.901	0.001
0.001	0.143	0.001	0.855
0.001	0.119	0.001	0.879
0.905	0.001	0.001	0.093
0.001	0.001	0.001	0.997
0.855	0.143	0.001	0.001
>CTACCATCAG	4-CTACCATCAG	10.438705	-21.049503	0	T:9.0(10.23%),B:188.0(0.49%),P:1e-9	Tpos:498.2,Tstd:309.7,Bpos:477.7,Bstd:298.8,StrandBias:-0.5,Multiplicity:1.33
0.001	0.997	0.001	0.001
0.001	0.001	0.115	0.883
0.916	0.001	0.001	0.082
0.001	0.899	0.099	0.001
0.001	0.997	0.001	0.001
0.760	0.001	0.001	0.238
0.001	0.115	0.110	0.774
0.001	0.997	0.001	0.001
0.861	0.137	0.001	0.001
0.001	0.001	0.997	0.001
>CAACCACAAC	5-CAACCACAAC	8.582682	-19.481360	0	T:12.0(13.64%),B:525.6(1.36%),P:1e-8	Tpos:486.3,Tstd:271.6,Bpos:473.2,Bstd:293.9,StrandBias:2.3,Multiplicity:1.00
0.022	0.659	0.280	0.039
0.498	0.265	0.014	0.223
0.597	0.030	0.050	0.323
0.038	0.815	0.082	0.065
0.208	0.564	0.202	0.026
0.790	0.060	0.084	0.066
0.262	0.475	0.007	0.255
0.726	0.192	0.040	0.042
0.869	0.008	0.057	0.066
0.164	0.562	0.039	0.235
>GCAAGCGACA	6-GCAAGCGACA	10.638444	-18.779986	0	T:9.0(10.23%),B:245.0(0.63%),P:1e-8	Tpos:532.6,Tstd:236.7,Bpos:539.4,Bstd:294.4,StrandBias:-1.8,Multiplicity:1.00
0.001	0.001	0.997	0.001
0.096	0.902	0.001	0.001
0.997	0.001	0.001	0.001
0.997	0.001	0.001	0.001
0.090	0.054	0.855	0.001
0.101	0.799	0.001	0.099
0.001	0.142	0.856	0.001
0.850	0.001	0.001	0.148
0.001	0.997	0.001	0.001
0.853	0.145	0.001	0.001
>ATGCAGTACG	7-ATGCAGTACG	10.565104	-18.745890	0	T:9.0(10.23%),B:246.5(0.64%),P:1e-8	Tpos:502.1,Tstd:294.7,Bpos:531.7,Bstd:299.6,StrandBias:-1.0,Multiplicity:1.00
0.764	0.001	0.148	0.087
0.001	0.001	0.001	0.997
0.001	0.001	0.997	0.001
0.079	0.792	0.001	0.128
0.997	0.001	0.001	0.001
0.001	0.001	0.878	0.120
0.001	0.001	0.001	0.997
0.997	0.001	0.001	0.001
0.001	0.785	0.117	0.097
0.001	0.001	0.902	0.096
>AGCCTGGTGG	8-AGCCTGGTGG	10.971579	-18.682445	0	T:7.0(7.95%),B:106.2(0.27%),P:1e-8	Tpos:368.0,Tstd:255.4,Bpos:477.5,Bstd:317.5,StrandBias:0.7,Multiplicity:1.14
0.997	0.001	0.001	0.001
0.001	0.001	0.997	0.001
0.001	0.869	0.129	0.001
0.142	0.715	0.142	0.001
0.001	0.001	0.001	0.997
0.001	0.001	0.851	0.147
0.001	0.001	0.997	0.001
0.001	0.001	0.001	0.997
0.001	0.001	0.839	0.159
0.127	0.001	0.871	0.001
>CTATTACCCG	9-CTATTACCCG	8.275171	-18.168899	0	T:13.0(14.77%),B:727.1(1.88%),P:1e-7	Tpos:443.0,Tstd:275.5,Bpos:502.2,Bstd:323.5,StrandBias:-0.2,Multiplicity:1.15
0.001	0.894	0.060	0.045
0.030	0.082	0.102	0.786
0.791	0.001	0.163	0.045
0.189	0.263	0.001	0.547
0.001	0.001	0.001	0.997
0.779	0.097	0.001	0.123
0.054	0.943	0.001	0.002
0.001	0.740	0.094	0.165
0.084	0.775	0.079	0.062
0.001	0.162	0.768	0.069
>AAAGGAAGAG	10-AAAGGAAGAG	11.096642	-17.323799	0	T:12.0(13.64%),B:641.7(1.66%),P:1e-7	Tpos:523.8,Tstd:286.0,Bpos:535.3,Bstd:302.9,StrandBias:-1.0,Multiplicity:1.00
0.997	0.001	0.001	0.001
0.764	0.130	0.001	0.105
0.997	0.001	0.001	0.001
0.001	0.001	0.997	0.001
0.001	0.001	0.997	0.001
0.904	0.001	0.094	0.001
0.997	0.001	0.001	0.001
0.001	0.001	0.905	0.093
0.997	0.001	0.001	0.001
0.001	0.001	0.997	0.001
>GTTAGCCTAA	11-GTTAGCCTAA	10.611362	-16.792497	0	T:9.0(10.23%),B:311.1(0.80%),P:1e-7	Tpos:453.0,Tstd:326.3,Bpos:512.7,Bstd:322.4,StrandBias:-0.3,Multiplicity:1.00
0.001	0.001	0.920	0.078
0.001	0.001	0.001	0.997
0.001	0.001	0.001	0.997
0.774	0.144	0.001	0.081
0.001	0.001	0.997	0.001
0.001	0.877	0.121	0.001
0.001	0.887	0.001	0.111
0.090	0.133	0.001	0.776
0.871	0.127	0.001	0.001
0.997	0.001	0.001	0.001
>CCTGTAAACT	12-CCTGTAAACT	9.361145	-15.713064	0	T:17.0(19.32%),B:1628.3(4.21%),P:1e-6	Tpos:575.8,Tstd:282.0,Bpos:523.1,Bstd:301.5,StrandBias:0.5,Multiplicity:1.12
0.060	0.938	0.001	0.001
0.084	0.853	0.001	0.062
0.001	0.001	0.001	0.997
0.088	0.001	0.858	0.053
0.038	0.001	0.083	0.878
0.900	0.001	0.098	0.001
0.997	0.001	0.001	0.001
0.997	0.001	0.001	0.001
0.190	0.663	0.092	0.055
0.001	0.001	0.001	0.997
>TTCTTAGTGG	13-TTCTTAGTGG	8.904174	-15.127295	0	T:14.0(15.91%),B:1122.3(2.90%),P:1e-6	Tpos:509.1,Tstd:297.4,Bpos:484.6,Bstd:305.9,StrandBias:-1.3,Multiplicity:1.00
0.001	0.001	0.249	0.749
0.216	0.004	0.290	0.490
0.012	0.774	0.213	0.001
0.211	0.001	0.001	0.787
0.203	0.001	0.001	0.795
0.799	0.001	0.040	0.160
0.001	0.280	0.718	0.001
0.001	0.001	0.001	0.997
0.001	0.001	0.997	0.001
0.001	0.001	0.939	0.059
>ATGCTCTGAC	14-ATGCTCTGAC	10.222534	-14.501592	0	T:9.0(10.23%),B:411.7(1.06%),P:1e-6	Tpos:446.1,Tstd:249.1,Bpos:479.9,Bstd:297.4,StrandBias:0.5,Multiplicity:1.33
0.719	0.279	0.001	0.001
0.239	0.001	0.001	0.759
0.001	0.001	0.997	0.001
0.001	0.997	0.001	0.001
0.292	0.001	0.001	0.706
0.001	0.997	0.001	0.001
0.001	0.001	0.001	0.997
0.214	0.214	0.571	0.001
0.995	0.001	0.003	0.001
0.242	0.756	0.001	0.001
>TTTAGGTCGC	15-TTTAGGTCGC	10.833315	-14.366224	0	T:5.0(5.68%),B:65.5(0.17%),P:1e-6	Tpos:548.1,Tstd:289.3,Bpos:446.6,Bstd:290.0,StrandBias:0.4,Multiplicity:1.40
0.001	0.001	0.185	0.813
0.143	0.134	0.001	0.722
0.001	0.098	0.001	0.900
0.868	0.001	0.130	0.001
0.001	0.001	0.997	0.001
0.001	0.001	0.997	0.001
0.001	0.001	0.001	0.997
0.001	0.997	0.001	0.001
0.001	0.001	0.997	0.001
0.083	0.809	0.001	0.107
>TTGAGACCTG	16-TTGAGACCTG	8.980735	-14.155954	0	T:10.0(11.36%),B:561.6(1.45%),P:1e-6	Tpos:470.5,Tstd:324.8,Bpos:434.1,Bstd:306.6,StrandBias:-0.8,Multiplicity:1.40
0.001	0.001	0.001	0.997
0.132	0.001	0.001	0.866
0.001	0.098	0.900	0.001
0.713	0.196	0.001	0.090
0.001	0.001	0.928	0.070
0.893	0.001	0.001	0.105
0.001	0.997	0.001	0.001
0.052	0.890	0.001	0.057
0.001	0.001	0.001	0.997
0.098	0.001	0.900	0.001
>TGTTTTCCCC	17-TGTTTTCCCC	10.077222	-14.035692	0	T:11.0(12.50%),B:716.4(1.85%),P:1e-6	Tpos:512.2,Tstd:290.6,Bpos:533.9,Bstd:308.0,StrandBias:1.2,Multiplicity:1.30
0.001	0.001	0.001	0.997
0.001	0.001	0.997	0.001
0.001	0.204	0.001	0.794
0.001	0.001	0.001	0.997
0.001	0.001	0.001	0.997
0.001	0.001	0.279	0.719
0.001	0.997	0.001	0.001
0.150	0.600	0.092	0.158
0.001	0.997	0.001	0.001
0.001	0.997	0.001	0.001
>TCCGAGTTTT	18-TCCGAGTTTT	10.447960	-12.136248	0	T:13.0(14.77%),B:1249.8(3.23%),P:1e-5	Tpos:368.6,Tstd:263.6,Bpos:513.5,Bstd:293.2,StrandBias:0.0,Multiplicity:1.23
0.001	0.001	0.014	0.984
0.005	0.811	0.182	0.002
0.004	0.992	0.003	0.001
0.001	0.111	0.768	0.120
0.767	0.217	0.001	0.015
0.115	0.001	0.878	0.006
0.001	0.031	0.006	0.962
0.033	0.014	0.031	0.922
0.005	0.001	0.274	0.720
0.007	0.021	0.012	0.960
>TGATTGGCAT	19-TGATTGGCAT	10.167628	-11.798115	0	T:9.0(10.23%),B:576.4(1.49%),P:1e-5	Tpos:417.7,Tstd:242.5,Bpos:480.3,Bstd:315.4,StrandBias:1.7,Multiplicity:1.44
0.001	0.001	0.001	0.997
0.001	0.001	0.997	0.001
0.997	0.001	0.001	0.001
0.001	0.001	0.001	0.997
0.238	0.001	0.001	0.760
0.001	0.025	0.973	0.001
0.001	0.001	0.827	0.171
0.001	0.782	0.001	0.216
0.997	0.001	0.001	0.001
0.001	0.255	0.001	0.743
>CACCATAGTC	20-CACCATAGTC	7.120120	-11.730512	0	T:24.0(27.27%),B:4033.6(10.42%),P:1e-5	Tpos:420.1,Tstd:262.3,Bpos:480.3,Bstd:307.5,StrandBias:-0.1,Multiplicity:1.17
0.001	0.688	0.241	0.070
0.800	0.001	0.070	0.129
0.001	0.977	0.021	0.001
0.068	0.697	0.081	0.154
0.996	0.001	0.001	0.002
0.067	0.002	0.066	0.865
0.740	0.059	0.197	0.004
0.110	0.205	0.634	0.051
0.115	0.073	0.051	0.761
0.075	0.819	0.001	0.105
>AAATDGCMRT	21-AAATDGCMRT	8.340645	-7.415541	0	T:5.0(5.68%),B:293.9(0.76%),P:1e-3	Tpos:458.7,Tstd:314.6,Bpos:502.1,Bstd:307.7,StrandBias:-0.4,Multiplicity:1.40
0.488	0.215	0.247	0.050
0.706	0.021	0.220	0.053
0.769	0.048	0.031	0.152
0.031	0.033	0.051	0.885
0.270	0.001	0.403	0.326
0.177	0.194	0.435	0.194
0.052	0.715	0.210	0.023
0.428	0.504	0.019	0.049
0.534	0.044	0.397	0.025
0.167	0.228	0.010	0.595
>TCCCACCTTT	22-TCCCACCTTT	7.421678	-7.268469	0	T:22.0(25.00%),B:4700.6(12.14%),P:1e-3	Tpos:553.0,Tstd:248.1,Bpos:522.6,Bstd:299.2,StrandBias:1.5,Multiplicity:1.59
0.058	0.064	0.100	0.778
0.053	0.783	0.107	0.057
0.086	0.845	0.025	0.044
0.035	0.852	0.001	0.112
0.616	0.077	0.164	0.143
0.045	0.872	0.060	0.023
0.049	0.857	0.093	0.001
0.050	0.101	0.001	0.848
0.091	0.115	0.047	0.747
0.030	0.150	0.001	0.819
>CGACCTAGGT	23-CGACCTAGGT	10.296193	-3.616199	0	T:1.0(1.14%),B:11.6(0.03%),P:1e-1	Tpos:495.2,Tstd:250.1,Bpos:331.4,Bstd:324.8,StrandBias:0.0,Multiplicity:4.00
0.100	0.700	0.100	0.100
0.100	0.100	0.700	0.100
0.700	0.100	0.100	0.100
0.100	0.700	0.100	0.100
0.100	0.700	0.100	0.100
0.100	0.100	0.100	0.700
0.700	0.100	0.100	0.100
0.100	0.100	0.700	0.100
0.100	0.100	0.700	0.100
0.100	0.100	0.100	0.700
>GTGTGTGTGT	24-GTGTGTGTGT	10.283256	-3.405289	0	T:8.0(9.09%),B:1637.2(4.23%),P:1e-1	Tpos:475.3,Tstd:205.6,Bpos:516.7,Bstd:307.2,StrandBias:-1.8,Multiplicity:1.00
0.001	0.001	0.909	0.089
0.074	0.001	0.001	0.924
0.001	0.001	0.945	0.053
0.077	0.001	0.001	0.921
0.001	0.001	0.942	0.056
0.090	0.001	0.001	0.908
0.001	0.001	0.997	0.001
0.001	0.001	0.001	0.997
0.001	0.001	0.953	0.045
0.001	0.001	0.001	0.997
>GTATAATAGC	25-GTATAATAGC	10.296193	-2.627980	0	T:1.0(1.14%),B:32.4(0.08%),P:1e-1	Tpos:282.2,Tstd:182.6,Bpos:500.3,Bstd:302.9,StrandBias:-10.0,Multiplicity:4.00
0.100	0.100	0.700	0.100
0.100	0.100	0.100	0.700
0.700	0.100	0.100	0.100
0.100	0.100	0.100	0.700
0.700	0.100	0.100	0.100
0.700	0.100	0.100	0.100
0.100	0.100	0.100	0.700
0.700	0.100	0.100	0.100
0.100	0.100	0.700	0.100
0.100	0.700	0.100	0.100
>TAAATTGTTAGA	1-TAAATTGTTAGA	13.709280	-25.755181	0	T:9.0(10.23%),B:107.1(0.28%),P:1e-11	Tpos:355.3,Tstd:278.4,Bpos:444.1,Bstd:338.1,StrandBias:-1.8,Multiplicity:1.00
0.001	0.001	0.001	0.997
0.997	0.001	0.001	0.001
0.997	0.001	0.001	0.001
0.813	0.185	0.001	0.001
0.001	0.001	0.001	0.997
0.001	0.001	0.001	0.997
0.001	0.001	0.940	0.058
0.001	0.001	0.001	0.997
0.001	0.116	0.132	0.751
0.766	0.120	0.113	0.001
0.001	0.001	0.997	0.001
0.844	0.001	0.001	0.154
>GGTCGACCTGCG	2-GGTCGACCTGCG	7.877110	-25.566059	0	T:18.0(20.45%),B:970.1(2.51%),P:1e-11	Tpos:568.4,Tstd:261.7,Bpos:484.5,Bstd:293.9,StrandBias:-0.4,Multiplicity:1.06
0.069	0.071	0.831	0.029
0.140	0.001	0.827	0.032
0.069	0.069	0.167	0.695
0.001	0.755	0.001	0.243
0.001	0.063	0.868	0.068
0.930	0.068	0.001	0.001
0.056	0.693	0.051	0.200
0.137	0.464	0.267	0.132
0.001	0.052	0.001	0.946
0.131	0.001	0.686	0.182
0.001	0.561	0.200	0.238
0.060	0.001	0.752	0.187
>TTTCTTATCAGT	3-TTTCTTATCAGT	9.632054	-24.361947	0	T:28.0(31.82%),B:2894.7(7.48%),P:1e-10	Tpos:620.0,Tstd:292.1,Bpos:549.2,Bstd:305.8,StrandBias:0.4,Multiplicity:1.14
0.111	0.222	0.001	0.666
0.001	0.245	0.132	0.622
0.115	0.121	0.001	0.763
0.001	0.740	0.130	0.129
0.114	0.098	0.172	0.616
0.001	0.001	0.001	0.997
0.898	0.001	0.001	0.100
0.110	0.001	0.001	0.888
0.001	0.997	0.001	0.001
0.880	0.001	0.001	0.118
0.001	0.001	0.997	0.001
0.001	0.013	0.001	0.985
>CCCGGCTTTSCT	4-CCCGGCTTTSCT	13.473583	-24.146386	0	T:6.0(6.82%),B:21.0(0.05%),P:1e-10	Tpos:424.3,Tstd:364.4,Bpos:422.6,Bstd:312.3,StrandBias:0.0,Multiplicity:1.00
0.001	0.588	0.001	0.410
0.001	0.997	0.001	0.001
0.001	0.997	0.001	0.001
0.001	0.001	0.997	0.001
0.001	0.001	0.997	0.001
0.001	0.821	0.001	0.177
0.001	0.001	0.001	0.997
0.001	0.001	0.001	0.997
0.001	0.001	0.001	0.997
0.001	0.418	0.411	0.170
0.001	0.997	0.001	0.001
0.001	0.001	0.001	0.997
>AAACATATGAAC	5-AAACATATGAAC	12.532114	-23.312523	0	T:10.0(11.36%),B:207.2(0.54%),P:1e-10	Tpos:476.7,Tstd:334.6,Bpos:482.8,Bstd:295.0,StrandBias:-0.6,Multiplicity:1.00
0.997	0.001	0.001	0.001
0.997	0.001	0.001	0.001
0.997	0.001	0.001	0.001
0.151	0.763	0.001	0.085
0.652	0.154	0.193	0.001
0.001	0.001	0.001	0.997
0.997	0.001	0.001	0.001
0.001	0.136	0.001	0.862
0.001	0.001	0.997	0.001
0.997	0.001	0.001	0.001
0.844	0.001	0.001	0.154
0.001	0.997	0.001	0.001
>CAAACGTGGGAG	6-CAAACGTGGGAG	14.606407	-22.569778	0	T:5.0(5.68%),B:10.3(0.03%),P:1e-9	Tpos:496.6,Tstd:195.7,Bpos:525.6,Bstd:263.4,StrandBias:-0.6,Multiplicity:1.00
0.001	0.997	0.001	0.001
0.997	0.001	0.001	0.001
0.997	0.001	0.001	0.001
0.997	0.001	0.001	0.001
0.001	0.521	0.261	0.217
0.001	0.001	0.738	0.260
0.001	0.001	0.001	0.997
0.001	0.001	0.997	0.001
0.001	0.001	0.997	0.001
0.001	0.001	0.997	0.001
0.997	0.001	0.001	0.001
0.001	0.001	0.997	0.001
>GTTTTGGTTGTT	7-GTTTTGGTTGTT	13.074747	-22.417056	0	T:9.0(10.23%),B:159.7(0.41%),P:1e-9	Tpos:596.8,Tstd:308.1,Bpos:530.5,Bstd:296.5,StrandBias:-1.8,Multiplicity:1.00
0.073	0.001	0.925	0.001
0.001	0.001	0.001	0.997
0.001	0.001	0.001	0.997
0.154	0.001	0.154	0.691
0.001	0.001	0.001	0.997
0.001	0.001	0.940	0.058
0.001	0.001	0.997	0.001
0.103	0.001	0.001	0.895
0.001	0.001	0.001	0.997
0.104	0.122	0.773	0.001
0.116	0.001	0.001	0.882
0.001	0.001	0.001	0.997
>CCTTTCCATTTG	8-CCTTTCCATTTG	13.780744	-20.204894	0	T:7.0(7.95%),B:84.7(0.22%),P:1e-8	Tpos:714.1,Tstd:173.1,Bpos:492.7,Bstd:296.5,StrandBias:1.3,Multiplicity:1.00
0.001	0.865	0.001	0.133
0.001	0.869	0.001	0.129
0.001	0.001	0.001	0.997
0.001	0.001	0.001	0.997
0.231	0.001	0.001	0.767
0.001	0.997	0.001	0.001
0.001	0.997	0.001	0.001
0.997	0.001	0.001	0.001
0.001	0.001	0.001	0.997
0.001	0.001	0.001	0.997
0.001	0.001	0.001	0.997
0.193	0.001	0.689	0.117
>TTTTCTCGTGAA	9-TTTTCTCGTGAA	13.179108	-19.022754	0	T:9.0(10.23%),B:238.2(0.62%),P:1e-8	Tpos:411.7,Tstd:260.4,Bpos:510.6,Bstd:292.4,StrandBias:-0.6,Multiplicity:1.00
0.001	0.001	0.148	0.850
0.001	0.001	0.001	0.997
0.001	0.001	0.001	0.997
0.001	0.001	0.001	0.997
0.001	0.997	0.001	0.001
0.001	0.148	0.001	0.850
0.001	0.923	0.001	0.075
0.088	0.001	0.910	0.001
0.096	0.001	0.001	0.902
0.097	0.001	0.901	0.001
0.799	0.001	0.001	0.199
0.997	0.001	0.001	0.001
>AAAATGSCAATY	10-AAAATGSCAATY	10.769255	-18.520554	0	T:21.0(23.86%),B:2113.7(5.46%),P:1e-8	Tpos:396.8,Tstd:238.3,Bpos:494.5,Bstd:296.0,StrandBias:-1.8,Multiplicity:1.29
0.997	0.001	0.001	0.001
0.997	0.001	0.001	0.001
0.858	0.001	0.001	0.140
0.919	0.001	0.001	0.079
0.095	0.001	0.001	0.903
0.001	0.001	0.997	0.001
0.113	0.412	0.308	0.167
0.043	0.955	0.001	0.001
0.997	0.001	0.001	0.001
0.922	0.001	0.001	0.076
0.369	0.001	0.001	0.629
0.001	0.350	0.195	0.454
>GATTGGTCAGTG	11-GATTGGTCAGTG	13.981399	-18.394538	0	T:5.0(5.68%),B:27.6(0.07%),P:1e-7	Tpos:398.0,Tstd:266.2,Bpos:344.6,Bstd:329.4,StrandBias:-1.0,Multiplicity:1.20
0.001	0.001	0.833	0.165
0.997	0.001	0.001	0.001
0.001	0.001	0.001	0.997
0.001	0.001	0.001	0.997
0.001	0.001	0.997	0.001
0.001	0.001	0.997	0.001
0.001	0.001	0.001	0.997
0.001	0.997	0.001	0.001
0.733	0.265	0.001	0.001
0.001	0.001	0.781	0.217
0.001	0.001	0.235	0.763
0.001	0.001	0.997	0.001
>TAAATTAAAGGT	12-TAAATTAAAGGT	13.615233	-17.827525	0	T:8.0(9.09%),B:190.3(0.49%),P:1e-7	Tpos:515.5,Tstd:216.5,Bpos:542.9,Bstd:306.2,StrandBias:-0.7,Multiplicity:1.00
0.001	0.001	0.001	0.997
0.997	0.001	0.001	0.001
0.997	0.001	0.001	0.001
0.997	0.001	0.001	0.001
0.001	0.001	0.001	0.997
0.001	0.001	0.001	0.997
0.997	0.001	0.001	0.001
0.815	0.001	0.001	0.183
0.997	0.001	0.001	0.001
0.001	0.140	0.759	0.100
0.001	0.174	0.718	0.107
0.144	0.001	0.001	0.854
>TTTGTCCAATTA	13-TTTGTCCAATTA	13.316924	-17.815028	0	T:9.0(10.23%),B:275.7(0.71%),P:1e-7	Tpos:770.7,Tstd:141.8,Bpos:529.9,Bstd:292.3,StrandBias:-0.3,Multiplicity:1.00
0.001	0.001	0.001	0.997
0.001	0.173	0.001	0.825
0.001	0.001	0.001	0.997
0.001	0.001	0.837	0.161
0.001	0.001	0.001	0.997
0.001	0.874	0.124	0.001
0.084	0.914	0.001	0.001
0.997	0.001	0.001	0.001
0.825	0.001	0.001	0.173
0.001	0.001	0.001	0.997
0.001	0.001	0.001	0.997
0.917	0.001	0.001	0.081
>AATGTAATGTCT	14-AATGTAATGTCT	10.829719	-17.039451	0	T:14.0(15.91%),B:957.5(2.47%),P:1e-7	Tpos:535.2,Tstd:339.5,Bpos:537.5,Bstd:312.3,StrandBias:-0.4,Multiplicity:1.00
0.997	0.001	0.001	0.001
0.995	0.001	0.003	0.001
0.001	0.001	0.001	0.997
0.064	0.001	0.724	0.211
0.177	0.124	0.001	0.698
0.758	0.072	0.003	0.167
0.719	0.001	0.087	0.193
0.261	0.001	0.001	0.737
0.072	0.001	0.855	0.072
0.069	0.001	0.001	0.929
0.070	0.691	0.058	0.181
0.001	0.001	0.082	0.916
>CAATTTGCTCTC	15-CAATTTGCTCTC	11.198584	-16.476395	0	T:12.0(13.64%),B:694.6(1.79%),P:1e-7	Tpos:430.2,Tstd:308.8,Bpos:532.2,Bstd:307.2,StrandBias:-0.8,Multiplicity:1.17
0.001	0.997	0.001	0.001
0.997	0.001	0.001	0.001
0.788	0.001	0.001	0.210
0.001	0.147	0.001	0.851
0.001	0.319	0.001	0.679
0.001	0.006	0.001	0.992
0.001	0.101	0.751	0.147
0.172	0.725	0.001	0.102
0.001	0.001	0.001	0.997
0.341	0.638	0.020	0.001
0.327	0.001	0.001	0.671
0.329	0.669	0.001	0.001
>TAAACTDGTGCC	16-TAAACTDGTGCC	12.708430	-15.586279	0	T:5.0(5.68%),B:50.9(0.13%),P:1e-6	Tpos:345.6,Tstd:252.0,Bpos:413.0,Bstd:333.8,StrandBias:-10.0,Multiplicity:1.40
0.001	0.001	0.001	0.997
0.997	0.001	0.001	0.001
0.997	0.001	0.001	0.001
0.699	0.299	0.001	0.001
0.001	0.997	0.001	0.001
0.001	0.001	0.001	0.997
0.300	0.063	0.388	0.249
0.001	0.001	0.997	0.001
0.001	0.001	0.001	0.997
0.001	0.001	0.611	0.387
0.248	0.750	0.001	0.001
0.001	0.997	0.001	0.001
>TWTGTTTTYCCC	17-TWTGTTTTYCCC	11.933262	-15.273473	0	T:10.0(11.36%),B:495.2(1.28%),P:1e-6	Tpos:438.5,Tstd:211.8,Bpos:519.0,Bstd:293.2,StrandBias:2.7,Multiplicity:1.50
0.001	0.001	0.001	0.997
0.568	0.001	0.001	0.430
0.165	0.001	0.001	0.833
0.001	0.001	0.899	0.099
0.226	0.001	0.001	0.772
0.199	0.001	0.001	0.799
0.001	0.001	0.001	0.997
0.001	0.001	0.001	0.997
0.001	0.573	0.001	0.425
0.134	0.735	0.001	0.130
0.001	0.997	0.001	0.001
0.001	0.997	0.001	0.001
>ACGMMSTAGKTC	18-ACGMMSTAGKTC	11.346850	-12.921871	0	T:3.0(3.41%),B:9.5(0.02%),P:1e-5	Tpos:518.8,Tstd:269.9,Bpos:398.9,Bstd:343.7,StrandBias:0.0,Multiplicity:1.67
0.924	0.001	0.062	0.013
0.001	0.997	0.001	0.001
0.001	0.001	0.997	0.001
0.537	0.461	0.001	0.001
0.461	0.537	0.001	0.001
0.001	0.537	0.461	0.001
0.001	0.001	0.001	0.997
0.997	0.001	0.001	0.001
0.001	0.001	0.997	0.001
0.001	0.001	0.537	0.461
0.001	0.001	0.001	0.997
0.001	0.997	0.001	0.001
>ATCCGAATTTTC	19-ATCCGAATTTTC	12.528040	-12.688094	0	T:7.0(7.95%),B:266.6(0.69%),P:1e-5	Tpos:398.3,Tstd:253.9,Bpos:536.0,Bstd:283.5,StrandBias:-0.3,Multiplicity:1.29
0.724	0.001	0.001	0.274
0.001	0.001	0.001	0.997
0.001	0.817	0.181	0.001
0.001	0.997	0.001	0.001
0.001	0.001	0.997	0.001
0.997	0.001	0.001	0.001
0.567	0.001	0.241	0.191
0.001	0.001	0.001	0.997
0.001	0.249	0.269	0.482
0.001	0.001	0.001	0.997
0.001	0.001	0.001	0.997
0.001	0.492	0.258	0.249
>AASTATAATAGC	20-AASTATAATAGC	11.410701	-11.801621	0	T:3.0(3.41%),B:14.5(0.04%),P:1e-5	Tpos:258.8,Tstd:165.0,Bpos:438.5,Bstd:292.7,StrandBias:-10.0,Multiplicity:2.00
0.801	0.063	0.001	0.135
0.911	0.030	0.001	0.058
0.001	0.418	0.556	0.025
0.002	0.001	0.339	0.658
0.868	0.029	0.026	0.077
0.071	0.061	0.159	0.709
0.558	0.361	0.080	0.001
0.572	0.001	0.058	0.369
0.032	0.056	0.100	0.812
0.681	0.028	0.120	0.171
0.138	0.034	0.713	0.115
0.130	0.672	0.092	0.106
>TGCCTGAAGGTA	21-TGCCTGAAGGTA	13.252858	-11.620942	0	T:3.0(3.41%),B:15.5(0.04%),P:1e-5	Tpos:211.6,Tstd:146.0,Bpos:415.1,Bstd:267.0,StrandBias:0.6,Multiplicity:1.67
0.001	0.001	0.249	0.749
0.001	0.001	0.997	0.001
0.001	0.749	0.249	0.001
0.001	0.997	0.001	0.001
0.001	0.001	0.001	0.997
0.001	0.001	0.997	0.001
0.997	0.001	0.001	0.001
0.997	0.001	0.001	0.001
0.001	0.001	0.997	0.001
0.001	0.001	0.997	0.001
0.001	0.001	0.249	0.749
0.749	0.001	0.001	0.249
>CTGTTATTTTTG	22-CTGTTATTTTTG	12.960628	-10.726746	0	T:6.0(6.82%),B:241.3(0.62%),P:1e-4	Tpos:509.0,Tstd:280.1,Bpos:528.2,Bstd:307.7,StrandBias:3.0,Multiplicity:1.50
0.001	0.997	0.001	0.001
0.001	0.001	0.001	0.997
0.001	0.001	0.997	0.001
0.338	0.001	0.080	0.581
0.001	0.001	0.234	0.764
0.997	0.001	0.001	0.001
0.001	0.001	0.001	0.997
0.001	0.001	0.001	0.997
0.001	0.001	0.001	0.997
0.001	0.024	0.338	0.637
0.001	0.331	0.001	0.667
0.001	0.001	0.997	0.001
>AAAGTGAAAACT	23-AAAGTGAAAACT	12.345236	-9.206112	0	T:6.0(6.82%),B:319.6(0.83%),P:1e-3	Tpos:369.2,Tstd:227.6,Bpos:509.8,Bstd:337.0,StrandBias:2.8,Multiplicity:1.33
0.997	0.001	0.001	0.001
0.626	0.347	0.015	0.012
0.588	0.001	0.410	0.001
0.004	0.001	0.937	0.058
0.003	0.001	0.016	0.980
0.001	0.346	0.652	0.001
0.819	0.001	0.179	0.001
0.809	0.001	0.189	0.001
0.997	0.001	0.001	0.001
0.766	0.219	0.001	0.014
0.001	0.997	0.001	0.001
0.001	0.001	0.001	0.997
>GTGTGTGTGTTT	24-GTGTGTGTGTTT	13.753465	-7.655396	0	T:6.0(6.82%),B:428.5(1.11%),P:1e-3	Tpos:431.1,Tstd:143.0,Bpos:506.8,Bstd:314.2,StrandBias:-2.3,Multiplicity:1.00
0.001	0.001	0.997	0.001
0.001	0.001	0.001	0.997
0.001	0.143	0.855	0.001
0.001	0.001	0.001	0.997
0.001	0.001	0.997	0.001
0.143	0.001	0.001	0.855
0.001	0.001	0.997	0.001
0.001	0.001	0.001	0.997
0.001	0.001	0.932	0.066
0.001	0.001	0.001	0.997
0.073	0.001	0.268	0.658
0.139	0.097	0.001	0.763
>CTTCAGCATAGT	25-CTTCAGCATAGT	12.355432	-4.483834	0	T:1.0(1.14%),B:4.8(0.01%),P:1e-1	Tpos:320.2,Tstd:182.6,Bpos:386.4,Bstd:236.0,StrandBias:-10.0,Multiplicity:4.00
0.100	0.700	0.100	0.100
0.100	0.100	0.100	0.700
0.100	0.100	0.100	0.700
0.100	0.700	0.100	0.100
0.700	0.100	0.100	0.100
0.100	0.100	0.700	0.100
0.100	0.700	0.100	0.100
0.700	0.100	0.100	0.100
0.100	0.100	0.100	0.700
0.700	0.100	0.100	0.100
0.100	0.100	0.700	0.100
0.100	0.100	0.100	0.700
>TGATAARG	1-TGATAARG	7.336466	-15.830509	0	T:43.0(48.86%),B:8970.8(23.17%),P:1e-6	Tpos:681.7,Tstd:273.6,Bpos:530.8,Bstd:316.8,StrandBias:-0.5,Multiplicity:1.47
0.001	0.001	0.001	0.997
0.001	0.001	0.997	0.001
0.910	0.088	0.001	0.001
0.001	0.001	0.001	0.997
0.715	0.001	0.001	0.283
0.959	0.039	0.001	0.001
0.377	0.159	0.462	0.001
0.082	0.001	0.909	0.008
>CGTGCCAC	2-CGTGCCAC	7.167325	-14.560248	0	T:18.0(20.45%),B:1984.9(5.13%),P:1e-6	Tpos:598.1,Tstd:287.5,Bpos:508.2,Bstd:306.3,StrandBias:-0.9,Multiplicity:1.06
0.051	0.872	0.001	0.076
0.001	0.001	0.967	0.031
0.032	0.047	0.064	0.857
0.034	0.044	0.903	0.019
0.179	0.688	0.111	0.022
0.026	0.860	0.067	0.047
0.997	0.001	0.001	0.001
0.001	0.937	0.031	0.031
>GGCCAGTC	3-GGCCAGTC	8.089490	-10.938139	0	T:20.0(22.73%),B:3101.8(8.01%),P:1e-4	Tpos:437.8,Tstd:289.7,Bpos:464.8,Bstd:301.6,StrandBias:0.1,Multiplicity:1.35
0.001	0.001	0.703	0.295
0.001	0.001	0.997	0.001
0.001	0.997	0.001	0.001
0.001	0.997	0.001	0.001
0.916	0.001	0.001	0.082
0.222	0.001	0.566	0.211
0.001	0.001	0.115	0.883
0.001	0.997	0.001	0.001
>TGTAATGT	4-TGTAATGT	8.236954	-10.052243	0	T:13.0(14.77%),B:1526.9(3.94%),P:1e-4	Tpos:559.2,Tstd:353.0,Bpos:522.9,Bstd:306.3,StrandBias:0.7,Multiplicity:1.00
0.100	0.100	0.100	0.700
0.100	0.100	0.700	0.100
0.100	0.100	0.100	0.700
0.700	0.100	0.100	0.100
0.700	0.100	0.100	0.100
0.100	0.100	0.100	0.700
0.100	0.100	0.700	0.100
0.100	0.100	0.100	0.700
>TGACTGTG	5-TGACTGTG	4.075740	-8.933286	0	T:22.0(25.00%),B:4174.2(10.78%),P:1e-3	Tpos:514.7,Tstd:290.3,Bpos:506.0,Bstd:323.1,StrandBias:-0.3,Multiplicity:1.23
0.001	0.001	0.001	0.997
0.001	0.001	0.997	0.001
0.997	0.001	0.001	0.001
0.001	0.997	0.001	0.001
0.001	0.083	0.001	0.915
0.374	0.001	0.624	0.001
0.001	0.001	0.001	0.997
0.001	0.001	0.997	0.001
>MTCTTCCT	6-MTCTTCCT	8.673772	-7.939384	0	T:21.0(23.86%),B:4164.2(10.76%),P:1e-3	Tpos:532.7,Tstd:219.2,Bpos:503.0,Bstd:303.1,StrandBias:0.6,Multiplicity:1.33
0.571	0.427	0.001	0.001
0.001	0.001	0.383	0.615
0.001	0.997	0.001	0.001
0.001	0.001	0.001	0.997
0.001	0.001	0.001	0.997
0.001	0.694	0.304	0.001
0.001	0.997	0.001	0.001
0.001	0.403	0.001	0.595
>TAGGTCGC	7-TAGGTCGC	4.011420	-6.860574	0	T:10.0(11.36%),B:1354.3(3.50%),P:1e-2	Tpos:523.8,Tstd:250.4,Bpos:467.2,Bstd:300.2,StrandBias:0.5,Multiplicity:2.50
0.001	0.140	0.001	0.858
0.997	0.001	0.001	0.001
0.001	0.001	0.997	0.001
0.001	0.001	0.997	0.001
0.001	0.001	0.001	0.997
0.001	0.997	0.001	0.001
0.001	0.001	0.997	0.001
0.303	0.695	0.001	0.001
