>TGATAARG	1-TGATAARG	7.336466	-15.830509	0	T:43.0(48.86%),B:8970.8(23.17%),P:1e-6	Tpos:681.7,Tstd:273.6,Bpos:530.8,Bstd:316.8,StrandBias:-0.5,Multiplicity:1.47
0.001	0.001	0.001	0.997
0.001	0.001	0.997	0.001
0.910	0.088	0.001	0.001
0.001	0.001	0.001	0.997
0.715	0.001	0.001	0.283
0.959	0.039	0.001	0.001
0.377	0.159	0.462	0.001
0.082	0.001	0.909	0.008
>CGTGCCAC	2-CGTGCCAC	7.167325	-14.560248	0	T:18.0(20.45%),B:1984.9(5.13%),P:1e-6	Tpos:598.1,Tstd:287.5,Bpos:508.2,Bstd:306.3,StrandBias:-0.9,Multiplicity:1.06
0.051	0.872	0.001	0.076
0.001	0.001	0.967	0.031
0.032	0.047	0.064	0.857
0.034	0.044	0.903	0.019
0.179	0.688	0.111	0.022
0.026	0.860	0.067	0.047
0.997	0.001	0.001	0.001
0.001	0.937	0.031	0.031
>GGCCAGTC	3-GGCCAGTC	8.089490	-10.938139	0	T:20.0(22.73%),B:3101.8(8.01%),P:1e-4	Tpos:437.8,Tstd:289.7,Bpos:464.8,Bstd:301.6,StrandBias:0.1,Multiplicity:1.35
0.001	0.001	0.703	0.295
0.001	0.001	0.997	0.001
0.001	0.997	0.001	0.001
0.001	0.997	0.001	0.001
0.916	0.001	0.001	0.082
0.222	0.001	0.566	0.211
0.001	0.001	0.115	0.883
0.001	0.997	0.001	0.001
>TGTAATGT	4-TGTAATGT	8.236954	-10.052243	0	T:13.0(14.77%),B:1526.9(3.94%),P:1e-4	Tpos:559.2,Tstd:353.0,Bpos:522.9,Bstd:306.3,StrandBias:0.7,Multiplicity:1.00
0.100	0.100	0.100	0.700
0.100	0.100	0.700	0.100
0.100	0.100	0.100	0.700
0.700	0.100	0.100	0.100
0.700	0.100	0.100	0.100
0.100	0.100	0.100	0.700
0.100	0.100	0.700	0.100
0.100	0.100	0.100	0.700
>TGACTGTG	5-TGACTGTG	4.075740	-8.933286	0	T:22.0(25.00%),B:4174.2(10.78%),P:1e-3	Tpos:514.7,Tstd:290.3,Bpos:506.0,Bstd:323.1,StrandBias:-0.3,Multiplicity:1.23
0.001	0.001	0.001	0.997
0.001	0.001	0.997	0.001
0.997	0.001	0.001	0.001
0.001	0.997	0.001	0.001
0.001	0.083	0.001	0.915
0.374	0.001	0.624	0.001
0.001	0.001	0.001	0.997
0.001	0.001	0.997	0.001
>MTCTTCCT	6-MTCTTCCT	8.673772	-7.939384	0	T:21.0(23.86%),B:4164.2(10.76%),P:1e-3	Tpos:532.7,Tstd:219.2,Bpos:503.0,Bstd:303.1,StrandBias:0.6,Multiplicity:1.33
0.571	0.427	0.001	0.001
0.001	0.001	0.383	0.615
0.001	0.997	0.001	0.001
0.001	0.001	0.001	0.997
0.001	0.001	0.001	0.997
0.001	0.694	0.304	0.001
0.001	0.997	0.001	0.001
0.001	0.403	0.001	0.595
>TAGGTCGC	7-TAGGTCGC	4.011420	-6.860574	0	T:10.0(11.36%),B:1354.3(3.50%),P:1e-2	Tpos:523.8,Tstd:250.4,Bpos:467.2,Bstd:300.2,StrandBias:0.5,Multiplicity:2.50
0.001	0.140	0.001	0.858
0.997	0.001	0.001	0.001
0.001	0.001	0.997	0.001
0.001	0.001	0.997	0.001
0.001	0.001	0.001	0.997
0.001	0.997	0.001	0.001
0.001	0.001	0.997	0.001
0.303	0.695	0.001	0.001
