>TAAATTGTTAGA	1-TAAATTGTTAGA	13.709280	-25.755181	0	T:9.0(10.23%),B:107.1(0.28%),P:1e-11	Tpos:355.3,Tstd:278.4,Bpos:444.1,Bstd:338.1,StrandBias:-1.8,Multiplicity:1.00
0.001	0.001	0.001	0.997
0.997	0.001	0.001	0.001
0.997	0.001	0.001	0.001
0.813	0.185	0.001	0.001
0.001	0.001	0.001	0.997
0.001	0.001	0.001	0.997
0.001	0.001	0.940	0.058
0.001	0.001	0.001	0.997
0.001	0.116	0.132	0.751
0.766	0.120	0.113	0.001
0.001	0.001	0.997	0.001
0.844	0.001	0.001	0.154
>GGTCGACCTGCG	2-GGTCGACCTGCG	7.877110	-25.566059	0	T:18.0(20.45%),B:970.1(2.51%),P:1e-11	Tpos:568.4,Tstd:261.7,Bpos:484.5,Bstd:293.9,StrandBias:-0.4,Multiplicity:1.06
0.069	0.071	0.831	0.029
0.140	0.001	0.827	0.032
0.069	0.069	0.167	0.695
0.001	0.755	0.001	0.243
0.001	0.063	0.868	0.068
0.930	0.068	0.001	0.001
0.056	0.693	0.051	0.200
0.137	0.464	0.267	0.132
0.001	0.052	0.001	0.946
0.131	0.001	0.686	0.182
0.001	0.561	0.200	0.238
0.060	0.001	0.752	0.187
>TTTCTTATCAGT	3-TTTCTTATCAGT	9.632054	-24.361947	0	T:28.0(31.82%),B:2894.7(7.48%),P:1e-10	Tpos:620.0,Tstd:292.1,Bpos:549.2,Bstd:305.8,StrandBias:0.4,Multiplicity:1.14
0.111	0.222	0.001	0.666
0.001	0.245	0.132	0.622
0.115	0.121	0.001	0.763
0.001	0.740	0.130	0.129
0.114	0.098	0.172	0.616
0.001	0.001	0.001	0.997
0.898	0.001	0.001	0.100
0.110	0.001	0.001	0.888
0.001	0.997	0.001	0.001
0.880	0.001	0.001	0.118
0.001	0.001	0.997	0.001
0.001	0.013	0.001	0.985
>CCCGGCTTTSCT	4-CCCGGCTTTSCT	13.473583	-24.146386	0	T:6.0(6.82%),B:21.0(0.05%),P:1e-10	Tpos:424.3,Tstd:364.4,Bpos:422.6,Bstd:312.3,StrandBias:0.0,Multiplicity:1.00
0.001	0.588	0.001	0.410
0.001	0.997	0.001	0.001
0.001	0.997	0.001	0.001
0.001	0.001	0.997	0.001
0.001	0.001	0.997	0.001
0.001	0.821	0.001	0.177
0.001	0.001	0.001	0.997
0.001	0.001	0.001	0.997
0.001	0.001	0.001	0.997
0.001	0.418	0.411	0.170
0.001	0.997	0.001	0.001
0.001	0.001	0.001	0.997
>AAACATATGAAC	5-AAACATATGAAC	12.532114	-23.312523	0	T:10.0(11.36%),B:207.2(0.54%),P:1e-10	Tpos:476.7,Tstd:334.6,Bpos:482.8,Bstd:295.0,StrandBias:-0.6,Multiplicity:1.00
0.997	0.001	0.001	0.001
0.997	0.001	0.001	0.001
0.997	0.001	0.001	0.001
0.151	0.763	0.001	0.085
0.652	0.154	0.193	0.001
0.001	0.001	0.001	0.997
0.997	0.001	0.001	0.001
0.001	0.136	0.001	0.862
0.001	0.001	0.997	0.001
0.997	0.001	0.001	0.001
0.844	0.001	0.001	0.154
0.001	0.997	0.001	0.001
>CAAACGTGGGAG	6-CAAACGTGGGAG	14.606407	-22.569778	0	T:5.0(5.68%),B:10.3(0.03%),P:1e-9	Tpos:496.6,Tstd:195.7,Bpos:525.6,Bstd:263.4,StrandBias:-0.6,Multiplicity:1.00
0.001	0.997	0.001	0.001
0.997	0.001	0.001	0.001
0.997	0.001	0.001	0.001
0.997	0.001	0.001	0.001
0.001	0.521	0.261	0.217
0.001	0.001	0.738	0.260
0.001	0.001	0.001	0.997
0.001	0.001	0.997	0.001
0.001	0.001	0.997	0.001
0.001	0.001	0.997	0.001
0.997	0.001	0.001	0.001
0.001	0.001	0.997	0.001
>GTTTTGGTTGTT	7-GTTTTGGTTGTT	13.074747	-22.417056	0	T:9.0(10.23%),B:159.7(0.41%),P:1e-9	Tpos:596.8,Tstd:308.1,Bpos:530.5,Bstd:296.5,StrandBias:-1.8,Multiplicity:1.00
0.073	0.001	0.925	0.001
0.001	0.001	0.001	0.997
0.001	0.001	0.001	0.997
0.154	0.001	0.154	0.691
0.001	0.001	0.001	0.997
0.001	0.001	0.940	0.058
0.001	0.001	0.997	0.001
0.103	0.001	0.001	0.895
0.001	0.001	0.001	0.997
0.104	0.122	0.773	0.001
0.116	0.001	0.001	0.882
0.001	0.001	0.001	0.997
>CCTTTCCATTTG	8-CCTTTCCATTTG	13.780744	-20.204894	0	T:7.0(7.95%),B:84.7(0.22%),P:1e-8	Tpos:714.1,Tstd:173.1,Bpos:492.7,Bstd:296.5,StrandBias:1.3,Multiplicity:1.00
0.001	0.865	0.001	0.133
0.001	0.869	0.001	0.129
0.001	0.001	0.001	0.997
0.001	0.001	0.001	0.997
0.231	0.001	0.001	0.767
0.001	0.997	0.001	0.001
0.001	0.997	0.001	0.001
0.997	0.001	0.001	0.001
0.001	0.001	0.001	0.997
0.001	0.001	0.001	0.997
0.001	0.001	0.001	0.997
0.193	0.001	0.689	0.117
>TTTTCTCGTGAA	9-TTTTCTCGTGAA	13.179108	-19.022754	0	T:9.0(10.23%),B:238.2(0.62%),P:1e-8	Tpos:411.7,Tstd:260.4,Bpos:510.6,Bstd:292.4,StrandBias:-0.6,Multiplicity:1.00
0.001	0.001	0.148	0.850
0.001	0.001	0.001	0.997
0.001	0.001	0.001	0.997
0.001	0.001	0.001	0.997
0.001	0.997	0.001	0.001
0.001	0.148	0.001	0.850
0.001	0.923	0.001	0.075
0.088	0.001	0.910	0.001
0.096	0.001	0.001	0.902
0.097	0.001	0.901	0.001
0.799	0.001	0.001	0.199
0.997	0.001	0.001	0.001
>AAAATGSCAATY	10-AAAATGSCAATY	10.769255	-18.520554	0	T:21.0(23.86%),B:2113.7(5.46%),P:1e-8	Tpos:396.8,Tstd:238.3,Bpos:494.5,Bstd:296.0,StrandBias:-1.8,Multiplicity:1.29
0.997	0.001	0.001	0.001
0.997	0.001	0.001	0.001
0.858	0.001	0.001	0.140
0.919	0.001	0.001	0.079
0.095	0.001	0.001	0.903
0.001	0.001	0.997	0.001
0.113	0.412	0.308	0.167
0.043	0.955	0.001	0.001
0.997	0.001	0.001	0.001
0.922	0.001	0.001	0.076
0.369	0.001	0.001	0.629
0.001	0.350	0.195	0.454
>GATTGGTCAGTG	11-GATTGGTCAGTG	13.981399	-18.394538	0	T:5.0(5.68%),B:27.6(0.07%),P:1e-7	Tpos:398.0,Tstd:266.2,Bpos:344.6,Bstd:329.4,StrandBias:-1.0,Multiplicity:1.20
0.001	0.001	0.833	0.165
0.997	0.001	0.001	0.001
0.001	0.001	0.001	0.997
0.001	0.001	0.001	0.997
0.001	0.001	0.997	0.001
0.001	0.001	0.997	0.001
0.001	0.001	0.001	0.997
0.001	0.997	0.001	0.001
0.733	0.265	0.001	0.001
0.001	0.001	0.781	0.217
0.001	0.001	0.235	0.763
0.001	0.001	0.997	0.001
>TAAATTAAAGGT	12-TAAATTAAAGGT	13.615233	-17.827525	0	T:8.0(9.09%),B:190.3(0.49%),P:1e-7	Tpos:515.5,Tstd:216.5,Bpos:542.9,Bstd:306.2,StrandBias:-0.7,Multiplicity:1.00
0.001	0.001	0.001	0.997
0.997	0.001	0.001	0.001
0.997	0.001	0.001	0.001
0.997	0.001	0.001	0.001
0.001	0.001	0.001	0.997
0.001	0.001	0.001	0.997
0.997	0.001	0.001	0.001
0.815	0.001	0.001	0.183
0.997	0.001	0.001	0.001
0.001	0.140	0.759	0.100
0.001	0.174	0.718	0.107
0.144	0.001	0.001	0.854
>TTTGTCCAATTA	13-TTTGTCCAATTA	13.316924	-17.815028	0	T:9.0(10.23%),B:275.7(0.71%),P:1e-7	Tpos:770.7,Tstd:141.8,Bpos:529.9,Bstd:292.3,StrandBias:-0.3,Multiplicity:1.00
0.001	0.001	0.001	0.997
0.001	0.173	0.001	0.825
0.001	0.001	0.001	0.997
0.001	0.001	0.837	0.161
0.001	0.001	0.001	0.997
0.001	0.874	0.124	0.001
0.084	0.914	0.001	0.001
0.997	0.001	0.001	0.001
0.825	0.001	0.001	0.173
0.001	0.001	0.001	0.997
0.001	0.001	0.001	0.997
0.917	0.001	0.001	0.081
>AATGTAATGTCT	14-AATGTAATGTCT	10.829719	-17.039451	0	T:14.0(15.91%),B:957.5(2.47%),P:1e-7	Tpos:535.2,Tstd:339.5,Bpos:537.5,Bstd:312.3,StrandBias:-0.4,Multiplicity:1.00
0.997	0.001	0.001	0.001
0.995	0.001	0.003	0.001
0.001	0.001	0.001	0.997
0.064	0.001	0.724	0.211
0.177	0.124	0.001	0.698
0.758	0.072	0.003	0.167
0.719	0.001	0.087	0.193
0.261	0.001	0.001	0.737
0.072	0.001	0.855	0.072
0.069	0.001	0.001	0.929
0.070	0.691	0.058	0.181
0.001	0.001	0.082	0.916
>CAATTTGCTCTC	15-CAATTTGCTCTC	11.198584	-16.476395	0	T:12.0(13.64%),B:694.6(1.79%),P:1e-7	Tpos:430.2,Tstd:308.8,Bpos:532.2,Bstd:307.2,StrandBias:-0.8,Multiplicity:1.17
0.001	0.997	0.001	0.001
0.997	0.001	0.001	0.001
0.788	0.001	0.001	0.210
0.001	0.147	0.001	0.851
0.001	0.319	0.001	0.679
0.001	0.006	0.001	0.992
0.001	0.101	0.751	0.147
0.172	0.725	0.001	0.102
0.001	0.001	0.001	0.997
0.341	0.638	0.020	0.001
0.327	0.001	0.001	0.671
0.329	0.669	0.001	0.001
>TAAACTDGTGCC	16-TAAACTDGTGCC	12.708430	-15.586279	0	T:5.0(5.68%),B:50.9(0.13%),P:1e-6	Tpos:345.6,Tstd:252.0,Bpos:413.0,Bstd:333.8,StrandBias:-10.0,Multiplicity:1.40
0.001	0.001	0.001	0.997
0.997	0.001	0.001	0.001
0.997	0.001	0.001	0.001
0.699	0.299	0.001	0.001
0.001	0.997	0.001	0.001
0.001	0.001	0.001	0.997
0.300	0.063	0.388	0.249
0.001	0.001	0.997	0.001
0.001	0.001	0.001	0.997
0.001	0.001	0.611	0.387
0.248	0.750	0.001	0.001
0.001	0.997	0.001	0.001
>TWTGTTTTYCCC	17-TWTGTTTTYCCC	11.933262	-15.273473	0	T:10.0(11.36%),B:495.2(1.28%),P:1e-6	Tpos:438.5,Tstd:211.8,Bpos:519.0,Bstd:293.2,StrandBias:2.7,Multiplicity:1.50
0.001	0.001	0.001	0.997
0.568	0.001	0.001	0.430
0.165	0.001	0.001	0.833
0.001	0.001	0.899	0.099
0.226	0.001	0.001	0.772
0.199	0.001	0.001	0.799
0.001	0.001	0.001	0.997
0.001	0.001	0.001	0.997
0.001	0.573	0.001	0.425
0.134	0.735	0.001	0.130
0.001	0.997	0.001	0.001
0.001	0.997	0.001	0.001
>ACGMMSTAGKTC	18-ACGMMSTAGKTC	11.346850	-12.921871	0	T:3.0(3.41%),B:9.5(0.02%),P:1e-5	Tpos:518.8,Tstd:269.9,Bpos:398.9,Bstd:343.7,StrandBias:0.0,Multiplicity:1.67
0.924	0.001	0.062	0.013
0.001	0.997	0.001	0.001
0.001	0.001	0.997	0.001
0.537	0.461	0.001	0.001
0.461	0.537	0.001	0.001
0.001	0.537	0.461	0.001
0.001	0.001	0.001	0.997
0.997	0.001	0.001	0.001
0.001	0.001	0.997	0.001
0.001	0.001	0.537	0.461
0.001	0.001	0.001	0.997
0.001	0.997	0.001	0.001
>ATCCGAATTTTC	19-ATCCGAATTTTC	12.528040	-12.688094	0	T:7.0(7.95%),B:266.6(0.69%),P:1e-5	Tpos:398.3,Tstd:253.9,Bpos:536.0,Bstd:283.5,StrandBias:-0.3,Multiplicity:1.29
0.724	0.001	0.001	0.274
0.001	0.001	0.001	0.997
0.001	0.817	0.181	0.001
0.001	0.997	0.001	0.001
0.001	0.001	0.997	0.001
0.997	0.001	0.001	0.001
0.567	0.001	0.241	0.191
0.001	0.001	0.001	0.997
0.001	0.249	0.269	0.482
0.001	0.001	0.001	0.997
0.001	0.001	0.001	0.997
0.001	0.492	0.258	0.249
>AASTATAATAGC	20-AASTATAATAGC	11.410701	-11.801621	0	T:3.0(3.41%),B:14.5(0.04%),P:1e-5	Tpos:258.8,Tstd:165.0,Bpos:438.5,Bstd:292.7,StrandBias:-10.0,Multiplicity:2.00
0.801	0.063	0.001	0.135
0.911	0.030	0.001	0.058
0.001	0.418	0.556	0.025
0.002	0.001	0.339	0.658
0.868	0.029	0.026	0.077
0.071	0.061	0.159	0.709
0.558	0.361	0.080	0.001
0.572	0.001	0.058	0.369
0.032	0.056	0.100	0.812
0.681	0.028	0.120	0.171
0.138	0.034	0.713	0.115
0.130	0.672	0.092	0.106
>TGCCTGAAGGTA	21-TGCCTGAAGGTA	13.252858	-11.620942	0	T:3.0(3.41%),B:15.5(0.04%),P:1e-5	Tpos:211.6,Tstd:146.0,Bpos:415.1,Bstd:267.0,StrandBias:0.6,Multiplicity:1.67
0.001	0.001	0.249	0.749
0.001	0.001	0.997	0.001
0.001	0.749	0.249	0.001
0.001	0.997	0.001	0.001
0.001	0.001	0.001	0.997
0.001	0.001	0.997	0.001
0.997	0.001	0.001	0.001
0.997	0.001	0.001	0.001
0.001	0.001	0.997	0.001
0.001	0.001	0.997	0.001
0.001	0.001	0.249	0.749
0.749	0.001	0.001	0.249
>CTGTTATTTTTG	22-CTGTTATTTTTG	12.960628	-10.726746	0	T:6.0(6.82%),B:241.3(0.62%),P:1e-4	Tpos:509.0,Tstd:280.1,Bpos:528.2,Bstd:307.7,StrandBias:3.0,Multiplicity:1.50
0.001	0.997	0.001	0.001
0.001	0.001	0.001	0.997
0.001	0.001	0.997	0.001
0.338	0.001	0.080	0.581
0.001	0.001	0.234	0.764
0.997	0.001	0.001	0.001
0.001	0.001	0.001	0.997
0.001	0.001	0.001	0.997
0.001	0.001	0.001	0.997
0.001	0.024	0.338	0.637
0.001	0.331	0.001	0.667
0.001	0.001	0.997	0.001
>AAAGTGAAAACT	23-AAAGTGAAAACT	12.345236	-9.206112	0	T:6.0(6.82%),B:319.6(0.83%),P:1e-3	Tpos:369.2,Tstd:227.6,Bpos:509.8,Bstd:337.0,StrandBias:2.8,Multiplicity:1.33
0.997	0.001	0.001	0.001
0.626	0.347	0.015	0.012
0.588	0.001	0.410	0.001
0.004	0.001	0.937	0.058
0.003	0.001	0.016	0.980
0.001	0.346	0.652	0.001
0.819	0.001	0.179	0.001
0.809	0.001	0.189	0.001
0.997	0.001	0.001	0.001
0.766	0.219	0.001	0.014
0.001	0.997	0.001	0.001
0.001	0.001	0.001	0.997
>GTGTGTGTGTTT	24-GTGTGTGTGTTT	13.753465	-7.655396	0	T:6.0(6.82%),B:428.5(1.11%),P:1e-3	Tpos:431.1,Tstd:143.0,Bpos:506.8,Bstd:314.2,StrandBias:-2.3,Multiplicity:1.00
0.001	0.001	0.997	0.001
0.001	0.001	0.001	0.997
0.001	0.143	0.855	0.001
0.001	0.001	0.001	0.997
0.001	0.001	0.997	0.001
0.143	0.001	0.001	0.855
0.001	0.001	0.997	0.001
0.001	0.001	0.001	0.997
0.001	0.001	0.932	0.066
0.001	0.001	0.001	0.997
0.073	0.001	0.268	0.658
0.139	0.097	0.001	0.763
>CTTCAGCATAGT	25-CTTCAGCATAGT	12.355432	-4.483834	0	T:1.0(1.14%),B:4.8(0.01%),P:1e-1	Tpos:320.2,Tstd:182.6,Bpos:386.4,Bstd:236.0,StrandBias:-10.0,Multiplicity:4.00
0.100	0.700	0.100	0.100
0.100	0.100	0.100	0.700
0.100	0.100	0.100	0.700
0.100	0.700	0.100	0.100
0.700	0.100	0.100	0.100
0.100	0.100	0.700	0.100
0.100	0.700	0.100	0.100
0.700	0.100	0.100	0.100
0.100	0.100	0.100	0.700
0.700	0.100	0.100	0.100
0.100	0.100	0.700	0.100
0.100	0.100	0.100	0.700
