>AAAAATTGTCGA	14-AAAAATTGTCGA,BestGuess:MF0010.1_Homeobox_class/Jaspar(0.563)	9.999430	-15.532128	0	T:96.0(25.13%),B:5937.4(14.97%),P:1e-6
0.866	0.007	0.102	0.025
0.810	0.033	0.074	0.083
0.977	0.021	0.001	0.001
0.866	0.064	0.069	0.001
0.732	0.119	0.085	0.064
0.037	0.001	0.001	0.961
0.001	0.070	0.114	0.815
0.048	0.037	0.787	0.128
0.074	0.077	0.123	0.726
0.001	0.854	0.089	0.056
0.114	0.018	0.784	0.084
0.833	0.069	0.089	0.009
