>TGATAAGGACAC	1-TGATAAGGACAC	10.570857	-29.448308	0	T:21.0(12.88%),B:622.5(1.52%),P:1e-12	Tpos:696.8,Tstd:240.9,Bpos:538.2,Bstd:341.5,StrandBias:-0.1,Multiplicity:1.10
0.084	0.001	0.001	0.914
0.001	0.001	0.997	0.001
0.935	0.001	0.063	0.001
0.001	0.001	0.001	0.997
0.886	0.053	0.060	0.001
0.764	0.001	0.001	0.234
0.063	0.001	0.935	0.001
0.222	0.001	0.651	0.126
0.867	0.001	0.131	0.001
0.056	0.438	0.254	0.251
0.777	0.064	0.001	0.158
0.109	0.801	0.047	0.043
>GTCATTTTGCTG	2-GTCATTTTGCTG	13.430307	-26.136164	0	T:9.0(5.52%),B:55.1(0.13%),P:1e-11	Tpos:536.6,Tstd:350.1,Bpos:468.9,Bstd:291.4,StrandBias:-0.3,Multiplicity:1.00
0.001	0.001	0.997	0.001
0.001	0.001	0.001	0.997
0.001	0.875	0.123	0.001
0.904	0.001	0.001	0.094
0.001	0.001	0.001	0.997
0.152	0.001	0.001	0.846
0.001	0.001	0.001	0.997
0.001	0.001	0.001	0.997
0.001	0.118	0.880	0.001
0.001	0.797	0.114	0.088
0.001	0.001	0.152	0.846
0.001	0.001	0.997	0.001
>AGCACGGTTTTT	3-AGCACGGTTTTT	13.252886	-25.919528	0	T:10.0(6.13%),B:85.1(0.21%),P:1e-11	Tpos:395.2,Tstd:319.0,Bpos:526.4,Bstd:289.1,StrandBias:-0.6,Multiplicity:1.00
0.889	0.109	0.001	0.001
0.001	0.001	0.997	0.001
0.001	0.889	0.109	0.001
0.997	0.001	0.001	0.001
0.001	0.997	0.001	0.001
0.114	0.001	0.792	0.093
0.081	0.001	0.833	0.085
0.001	0.001	0.001	0.997
0.001	0.001	0.001	0.997
0.147	0.168	0.001	0.684
0.001	0.001	0.001	0.997
0.001	0.001	0.001	0.997
>TTTTCTGACTTC	4-TTTTCTGACTTC	13.110306	-23.497300	0	T:13.0(7.98%),B:253.3(0.62%),P:1e-10	Tpos:504.6,Tstd:263.5,Bpos:504.2,Bstd:298.2,StrandBias:1.2,Multiplicity:1.00
0.001	0.128	0.123	0.748
0.001	0.001	0.001	0.997
0.001	0.001	0.001	0.997
0.001	0.001	0.001	0.997
0.058	0.782	0.098	0.062
0.001	0.122	0.001	0.876
0.078	0.001	0.920	0.001
0.927	0.001	0.001	0.071
0.001	0.997	0.001	0.001
0.001	0.001	0.001	0.997
0.001	0.001	0.001	0.997
0.001	0.925	0.073	0.001
>CACCGACTAAAA	5-CACCGACTAAAA	10.151068	-22.457629	0	T:20.0(12.27%),B:819.4(2.00%),P:1e-9	Tpos:488.6,Tstd:302.3,Bpos:504.7,Bstd:311.7,StrandBias:0.0,Multiplicity:1.00
0.046	0.813	0.140	0.001
0.997	0.001	0.001	0.001
0.095	0.903	0.001	0.001
0.079	0.728	0.075	0.118
0.228	0.001	0.770	0.001
0.821	0.177	0.001	0.001
0.079	0.727	0.093	0.101
0.112	0.001	0.001	0.886
0.752	0.159	0.088	0.001
0.683	0.064	0.075	0.178
0.997	0.001	0.001	0.001
0.933	0.001	0.001	0.065
>TGGTCTAGACAA	6-TGGTCTAGACAA	12.194696	-22.258910	0	T:8.0(4.91%),B:58.0(0.14%),P:1e-9	Tpos:295.4,Tstd:286.7,Bpos:534.9,Bstd:335.8,StrandBias:0.7,Multiplicity:1.00
0.001	0.001	0.001	0.997
0.001	0.001	0.997	0.001
0.118	0.181	0.700	0.001
0.158	0.001	0.001	0.840
0.001	0.997	0.001	0.001
0.001	0.001	0.001	0.997
0.997	0.001	0.001	0.001
0.001	0.001	0.997	0.001
0.997	0.001	0.001	0.001
0.091	0.763	0.145	0.001
0.840	0.001	0.158	0.001
0.997	0.001	0.001	0.001
>TATATTGTGTCA	7-TATATTGTGTCA	13.654137	-21.498022	0	T:7.0(4.29%),B:37.5(0.09%),P:1e-9	Tpos:498.9,Tstd:308.3,Bpos:484.8,Bstd:295.2,StrandBias:1.3,Multiplicity:1.00
0.001	0.001	0.131	0.867
0.997	0.001	0.001	0.001
0.115	0.001	0.001	0.883
0.911	0.001	0.001	0.087
0.001	0.001	0.001	0.997
0.176	0.001	0.001	0.822
0.001	0.001	0.997	0.001
0.001	0.001	0.001	0.997
0.001	0.001	0.946	0.052
0.126	0.001	0.001	0.872
0.162	0.836	0.001	0.001
0.997	0.001	0.001	0.001
>TTTGATYTTTTG	8-TTTGATYTTTTG	11.004444	-21.012668	0	T:24.0(14.72%),B:1315.5(3.22%),P:1e-9	Tpos:443.8,Tstd:305.9,Bpos:522.7,Bstd:305.1,StrandBias:0.7,Multiplicity:1.00
0.098	0.089	0.184	0.629
0.071	0.135	0.063	0.731
0.001	0.102	0.019	0.878
0.049	0.078	0.788	0.085
0.570	0.164	0.001	0.265
0.110	0.074	0.223	0.593
0.204	0.415	0.080	0.301
0.059	0.035	0.001	0.905
0.021	0.081	0.039	0.859
0.009	0.046	0.008	0.937
0.041	0.104	0.096	0.759
0.065	0.232	0.505	0.198
>TAGACACAAATT	9-TAGACACAAATT	12.821500	-19.481006	0	T:11.0(6.75%),B:227.1(0.55%),P:1e-8	Tpos:402.0,Tstd:291.4,Bpos:524.3,Bstd:313.1,StrandBias:0.3,Multiplicity:1.00
0.001	0.085	0.089	0.825
0.728	0.105	0.095	0.072
0.001	0.001	0.997	0.001
0.884	0.001	0.114	0.001
0.001	0.887	0.111	0.001
0.897	0.001	0.001	0.101
0.057	0.941	0.001	0.001
0.997	0.001	0.001	0.001
0.997	0.001	0.001	0.001
0.997	0.001	0.001	0.001
0.068	0.001	0.001	0.930
0.001	0.001	0.001	0.997
>GTTAATGCGAAA	10-GTTAATGCGAAA	13.576559	-19.094446	0	T:8.0(4.91%),B:88.0(0.22%),P:1e-8	Tpos:446.6,Tstd:285.0,Bpos:467.3,Bstd:313.2,StrandBias:0.0,Multiplicity:1.00
0.001	0.001	0.873	0.125
0.001	0.001	0.001	0.997
0.001	0.001	0.001	0.997
0.997	0.001	0.001	0.001
0.852	0.001	0.001	0.146
0.001	0.001	0.001	0.997
0.186	0.001	0.812	0.001
0.001	0.887	0.001	0.111
0.146	0.138	0.715	0.001
0.997	0.001	0.001	0.001
0.997	0.001	0.001	0.001
0.997	0.001	0.001	0.001
>TTATCTTATCAC	11-TTATCTTATCAC	9.936274	-18.286886	0	T:29.0(17.79%),B:2168.3(5.30%),P:1e-7	Tpos:584.0,Tstd:291.7,Bpos:540.6,Bstd:318.8,StrandBias:0.7,Multiplicity:1.00
0.256	0.238	0.077	0.429
0.074	0.066	0.001	0.859
0.757	0.059	0.001	0.183
0.054	0.171	0.001	0.774
0.001	0.997	0.001	0.001
0.001	0.001	0.001	0.997
0.001	0.065	0.001	0.933
0.676	0.001	0.001	0.322
0.107	0.001	0.062	0.830
0.117	0.653	0.071	0.159
0.902	0.001	0.001	0.096
0.004	0.716	0.077	0.203
>AGTCAGAAACTA	12-AGTCAGAAACTA	13.464843	-18.243409	0	T:7.0(4.29%),B:62.2(0.15%),P:1e-7	Tpos:468.4,Tstd:198.2,Bpos:503.9,Bstd:329.8,StrandBias:0.7,Multiplicity:1.14
0.997	0.001	0.001	0.001
0.001	0.178	0.820	0.001
0.001	0.001	0.001	0.997
0.001	0.997	0.001	0.001
0.871	0.001	0.001	0.127
0.001	0.102	0.896	0.001
0.997	0.001	0.001	0.001
0.846	0.001	0.001	0.152
0.997	0.001	0.001	0.001
0.067	0.812	0.001	0.120
0.144	0.001	0.001	0.854
0.997	0.001	0.001	0.001
>TTTTTGATCTTA	13-TTTTTGATCTTA	13.002018	-18.118513	0	T:12.0(7.36%),B:328.1(0.80%),P:1e-7	Tpos:424.8,Tstd:313.9,Bpos:523.0,Bstd:301.0,StrandBias:2.3,Multiplicity:1.00
0.001	0.001	0.001	0.997
0.107	0.001	0.001	0.891
0.001	0.001	0.001	0.997
0.001	0.001	0.001	0.997
0.181	0.001	0.001	0.817
0.001	0.089	0.809	0.101
0.929	0.001	0.001	0.069
0.001	0.001	0.001	0.997
0.049	0.926	0.001	0.024
0.001	0.001	0.001	0.997
0.001	0.001	0.001	0.997
0.715	0.200	0.001	0.084
>CACTTTCAGAAG	14-CACTTTCAGAAG	10.296285	-18.116131	0	T:25.0(15.34%),B:1656.9(4.05%),P:1e-7	Tpos:491.8,Tstd:278.1,Bpos:504.8,Bstd:312.9,StrandBias:0.0,Multiplicity:1.04
0.088	0.822	0.059	0.031
0.848	0.116	0.001	0.035
0.237	0.704	0.042	0.017
0.095	0.046	0.001	0.858
0.001	0.001	0.001	0.997
0.001	0.115	0.003	0.881
0.001	0.767	0.114	0.118
0.805	0.038	0.098	0.059
0.129	0.040	0.830	0.001
0.940	0.001	0.058	0.001
0.750	0.134	0.001	0.115
0.038	0.001	0.805	0.156
>TTTCAGAGAACT	15-TTTCAGAGAACT	12.059092	-17.832627	0	T:21.0(12.88%),B:1195.1(2.92%),P:1e-7	Tpos:467.3,Tstd:267.3,Bpos:506.6,Bstd:295.2,StrandBias:-0.6,Multiplicity:1.10
0.001	0.001	0.001	0.997
0.001	0.001	0.001	0.997
0.001	0.001	0.001	0.997
0.001	0.858	0.001	0.140
0.997	0.001	0.001	0.001
0.001	0.001	0.997	0.001
0.870	0.001	0.001	0.128
0.289	0.110	0.600	0.001
0.870	0.128	0.001	0.001
0.997	0.001	0.001	0.001
0.054	0.889	0.001	0.056
0.001	0.001	0.001	0.997
>GCAAAHATGKTA	16-GCAAAHATGKTA	11.651155	-16.423982	0	T:12.0(7.36%),B:385.5(0.94%),P:1e-7	Tpos:450.8,Tstd:280.2,Bpos:487.0,Bstd:296.3,StrandBias:-0.2,Multiplicity:1.08
0.046	0.104	0.849	0.001
0.002	0.824	0.173	0.001
0.997	0.001	0.001	0.001
0.997	0.001	0.001	0.001
0.997	0.001	0.001	0.001
0.350	0.383	0.001	0.266
0.891	0.001	0.107	0.001
0.001	0.001	0.110	0.888
0.003	0.001	0.926	0.070
0.116	0.143	0.349	0.393
0.003	0.001	0.001	0.995
0.905	0.001	0.091	0.003
>TAATTGGTCTAT	17-TAATTGGTCTAT	13.851771	-16.029748	0	T:6.0(3.68%),B:51.4(0.13%),P:1e-6	Tpos:509.4,Tstd:254.8,Bpos:533.9,Bstd:292.6,StrandBias:-0.4,Multiplicity:1.17
0.001	0.001	0.001	0.997
0.997	0.001	0.001	0.001
0.997	0.001	0.001	0.001
0.001	0.001	0.001	0.997
0.001	0.001	0.001	0.997
0.156	0.001	0.842	0.001
0.001	0.127	0.792	0.080
0.001	0.001	0.001	0.997
0.001	0.857	0.001	0.141
0.001	0.001	0.001	0.997
0.842	0.156	0.001	0.001
0.180	0.001	0.001	0.818
>ACAAACGTTTTC	18-ACAAACGTTTTC	12.337725	-15.715431	0	T:12.0(7.36%),B:412.2(1.01%),P:1e-6	Tpos:529.1,Tstd:224.7,Bpos:533.8,Bstd:282.8,StrandBias:0.2,Multiplicity:1.08
0.997	0.001	0.001	0.001
0.033	0.898	0.001	0.068
0.997	0.001	0.001	0.001
0.997	0.001	0.001	0.001
0.872	0.001	0.001	0.126
0.067	0.857	0.001	0.075
0.137	0.001	0.861	0.001
0.001	0.001	0.001	0.997
0.001	0.001	0.001	0.997
0.001	0.162	0.001	0.836
0.001	0.001	0.001	0.997
0.120	0.780	0.099	0.001
>AGGCTAGCCTTT	19-AGGCTAGCCTTT	14.367529	-15.223491	0	T:3.0(1.84%),B:1.7(0.00%),P:1e-6	Tpos:616.5,Tstd:313.3,Bpos:648.6,Bstd:91.7,StrandBias:0.0,Multiplicity:1.00
0.997	0.001	0.001	0.001
0.001	0.001	0.789	0.209
0.001	0.001	0.997	0.001
0.001	0.997	0.001	0.001
0.001	0.001	0.001	0.997
0.997	0.001	0.001	0.001
0.001	0.001	0.997	0.001
0.209	0.789	0.001	0.001
0.209	0.789	0.001	0.001
0.001	0.001	0.001	0.997
0.001	0.183	0.001	0.815
0.001	0.001	0.001	0.997
>CAATAAAAAATA	20-CAATAAAAAATA	12.337798	-14.268869	0	T:22.0(13.50%),B:1619.2(3.96%),P:1e-6	Tpos:472.8,Tstd:236.0,Bpos:522.1,Bstd:287.6,StrandBias:-0.2,Multiplicity:1.18
0.001	0.997	0.001	0.001
0.939	0.001	0.059	0.001
0.997	0.001	0.001	0.001
0.202	0.049	0.001	0.748
0.486	0.320	0.148	0.046
0.997	0.001	0.001	0.001
0.997	0.001	0.001	0.001
0.947	0.001	0.007	0.045
0.997	0.001	0.001	0.001
0.806	0.030	0.001	0.163
0.179	0.320	0.001	0.500
0.524	0.069	0.147	0.260
>ATAAATAAAAAT	21-ATAAATAAAAAT	12.598066	-13.532576	0	T:22.0(13.50%),B:1694.6(4.14%),P:1e-5	Tpos:428.5,Tstd:270.2,Bpos:508.6,Bstd:298.0,StrandBias:-0.1,Multiplicity:1.14
0.976	0.022	0.001	0.001
0.141	0.001	0.001	0.857
0.824	0.001	0.127	0.048
0.978	0.001	0.001	0.020
0.869	0.001	0.086	0.044
0.131	0.001	0.001	0.867
0.705	0.132	0.117	0.046
0.841	0.001	0.083	0.075
0.997	0.001	0.001	0.001
0.898	0.001	0.044	0.057
0.708	0.078	0.083	0.131
0.001	0.001	0.064	0.934
>CTGACCTTCAGG	22-CTGACCTTCAGG	14.049019	-12.596132	0	T:3.0(1.84%),B:5.1(0.01%),P:1e-5	Tpos:562.0,Tstd:248.6,Bpos:594.4,Bstd:153.3,StrandBias:1.0,Multiplicity:2.00
0.001	0.997	0.001	0.001
0.001	0.001	0.209	0.789
0.001	0.001	0.997	0.001
0.997	0.001	0.001	0.001
0.001	0.997	0.001	0.001
0.001	0.997	0.001	0.001
0.001	0.001	0.209	0.789
0.001	0.001	0.001	0.997
0.209	0.789	0.001	0.001
0.997	0.001	0.001	0.001
0.157	0.001	0.841	0.001
0.001	0.001	0.997	0.001
>CGCCGCCAGCGA	23-CGCCGCCAGCGA	10.179588	-11.481922	0	T:8.0(4.91%),B:252.0(0.62%),P:1e-4	Tpos:615.8,Tstd:237.7,Bpos:497.7,Bstd:281.6,StrandBias:-0.3,Multiplicity:1.00
0.001	0.586	0.001	0.412
0.001	0.007	0.991	0.001
0.001	0.796	0.195	0.008
0.001	0.793	0.001	0.205
0.370	0.001	0.628	0.001
0.001	0.619	0.379	0.001
0.001	0.997	0.001	0.001
0.576	0.001	0.422	0.001
0.206	0.193	0.600	0.001
0.001	0.997	0.001	0.001
0.379	0.012	0.608	0.001
0.378	0.224	0.180	0.218
>TACCAAAAAATA	24-TACCAAAAAATA	13.446559	-6.927874	0	T:5.0(3.07%),B:184.1(0.45%),P:1e-3	Tpos:222.8,Tstd:253.5,Bpos:517.0,Bstd:277.2,StrandBias:-3.3,Multiplicity:2.20
0.001	0.001	0.001	0.997
0.941	0.001	0.057	0.001
0.001	0.997	0.001	0.001
0.001	0.997	0.001	0.001
0.875	0.001	0.123	0.001
0.997	0.001	0.001	0.001
0.997	0.001	0.001	0.001
0.849	0.001	0.001	0.149
0.997	0.001	0.001	0.001
0.997	0.001	0.001	0.001
0.001	0.001	0.001	0.997
0.997	0.001	0.001	0.001
>AGCGCCATAGTC	25-AGCGCCATAGTC	15.741442	-5.529478	0	T:1.0(0.61%),B:1.0(0.00%),P:1e-2	Tpos:484.0,Tstd:0.0,Bpos:295.0,Bstd:0.0,StrandBias:10.0,Multiplicity:1.00
0.749	0.001	0.249	0.001
0.001	0.001	0.997	0.001
0.001	0.997	0.001	0.001
0.001	0.001	0.997	0.001
0.001	0.997	0.001	0.001
0.249	0.749	0.001	0.001
0.997	0.001	0.001	0.001
0.001	0.249	0.001	0.749
0.997	0.001	0.001	0.001
0.001	0.001	0.997	0.001
0.001	0.001	0.001	0.997
0.001	0.997	0.001	0.001
