>MCGCTATM	1-MCGCTATM	6.270611	-23.653690	0	T:56.0(34.36%),B:5723.5(13.99%),P:1e-10	Tpos:473.4,Tstd:294.2,Bpos:509.0,Bstd:317.5,StrandBias:-0.1,Multiplicity:1.12
0.386	0.441	0.165	0.007
0.245	0.732	0.022	0.001
0.001	0.350	0.648	0.001
0.020	0.805	0.099	0.076
0.088	0.183	0.027	0.702
0.639	0.003	0.001	0.357
0.013	0.001	0.259	0.727
0.439	0.386	0.172	0.003
>CTGTCTAS	2-CTGTCTAS	4.549498	-21.328930	0	T:66.0(40.49%),B:7946.6(19.42%),P:1e-9	Tpos:561.8,Tstd:293.3,Bpos:512.6,Bstd:325.6,StrandBias:-0.1,Multiplicity:1.33
0.120	0.446	0.213	0.221
0.220	0.170	0.140	0.470
0.111	0.186	0.588	0.115
0.238	0.112	0.161	0.489
0.208	0.554	0.180	0.058
0.106	0.040	0.164	0.690
0.453	0.182	0.293	0.073
0.125	0.285	0.420	0.170
>TGATCATW	3-TGATCATW	7.564584	-16.263459	0	T:77.0(47.24%),B:11312.5(27.65%),P:1e-7	Tpos:495.3,Tstd:301.9,Bpos:501.8,Bstd:318.1,StrandBias:0.0,Multiplicity:1.35
0.217	0.232	0.001	0.550
0.001	0.170	0.828	0.001
0.953	0.001	0.001	0.045
0.001	0.060	0.001	0.938
0.001	0.997	0.001	0.001
0.619	0.001	0.037	0.343
0.001	0.001	0.058	0.940
0.570	0.001	0.001	0.428
>GGCTGTAT	4-GGCTGTAT	6.712289	-14.677035	0	T:39.0(23.93%),B:4194.0(10.25%),P:1e-6	Tpos:566.5,Tstd:286.2,Bpos:501.4,Bstd:314.0,StrandBias:-0.2,Multiplicity:1.11
0.031	0.023	0.913	0.033
0.001	0.012	0.956	0.031
0.090	0.882	0.027	0.001
0.032	0.034	0.001	0.933
0.001	0.133	0.799	0.067
0.001	0.151	0.038	0.810
0.883	0.060	0.001	0.056
0.122	0.019	0.020	0.839
>TCTGACTH	5-TCTGACTH	5.633906	-14.006482	0	T:62.0(38.04%),B:8697.7(21.26%),P:1e-6	Tpos:523.1,Tstd:283.0,Bpos:507.1,Bstd:321.4,StrandBias:-0.3,Multiplicity:1.31
0.001	0.001	0.001	0.997
0.001	0.936	0.062	0.001
0.001	0.001	0.001	0.997
0.001	0.001	0.997	0.001
0.997	0.001	0.001	0.001
0.001	0.796	0.202	0.001
0.001	0.001	0.001	0.997
0.346	0.354	0.001	0.299
>CGCCGCCC	6-CGCCGCCC	6.818704	-12.228013	0	T:36.0(22.09%),B:4100.9(10.02%),P:1e-5	Tpos:597.1,Tstd:248.8,Bpos:538.3,Bstd:306.0,StrandBias:0.6,Multiplicity:1.22
0.096	0.879	0.024	0.001
0.199	0.074	0.654	0.073
0.001	0.955	0.022	0.022
0.001	0.975	0.001	0.023
0.001	0.028	0.960	0.011
0.001	0.897	0.081	0.021
0.015	0.983	0.001	0.001
0.005	0.707	0.276	0.012
