>ACTGATAAGAAA	1-ACTGATAAGAAA,BestGuess:PQM-1(?)/cElegans-L3-ChIP-Seq(modEncode)/Homer(0.889)	9.772783	-41.704341	0	T:76.0(35.51%),B:5069.4(12.03%),P:1e-18
0.778	0.089	0.040	0.093
0.100	0.673	0.101	0.126
0.055	0.001	0.001	0.943
0.074	0.014	0.885	0.027
0.911	0.026	0.001	0.062
0.135	0.020	0.035	0.810
0.915	0.001	0.026	0.058
0.872	0.027	0.040	0.061
0.077	0.053	0.756	0.114
0.853	0.093	0.027	0.027
0.838	0.047	0.075	0.040
0.774	0.051	0.048	0.127
