>TAATCGATCGAT	8-TAATCGATCGAT,BestGuess:ceh-28/MA1445.1/Jaspar(0.685)	8.794251	-28.353259	0	T:46.0(21.70%),B:2428.8(6.47%),P:1e-12
0.182	0.001	0.096	0.721
0.730	0.001	0.001	0.268
0.789	0.078	0.059	0.074
0.001	0.044	0.001	0.954
0.001	0.715	0.149	0.135
0.068	0.001	0.879	0.052
0.876	0.074	0.001	0.049
0.112	0.001	0.001	0.886
0.116	0.778	0.001	0.105
0.093	0.036	0.870	0.001
0.866	0.001	0.132	0.001
0.001	0.001	0.055	0.943
