>ATCGATCGATTA	8-TAATCGATCGAT	8.794251	-28.353259	0	T:46.0(21.70%),B:2428.8(6.47%),P:1e-12
0.943	0.055	0.001	0.001
0.001	0.132	0.001	0.866
0.001	0.870	0.036	0.093
0.105	0.001	0.778	0.116
0.886	0.001	0.001	0.112
0.049	0.001	0.074	0.876
0.052	0.879	0.001	0.068
0.135	0.149	0.715	0.001
0.954	0.001	0.044	0.001
0.074	0.059	0.078	0.789
0.268	0.001	0.001	0.730
0.721	0.096	0.001	0.182
