>CCCTCGCCGT	1-CCCTCGCCGT	7.818183	-30.670601	0	T:42.0(16.28%),B:1593.0(4.10%),P:1e-13	Tpos:566.8,Tstd:241.9,Bpos:536.7,Bstd:323.7,StrandBias:1.8,Multiplicity:1.05
0.102	0.809	0.066	0.023
0.085	0.898	0.001	0.016
0.119	0.819	0.046	0.016
0.127	0.001	0.001	0.871
0.001	0.863	0.001	0.135
0.001	0.147	0.656	0.196
0.083	0.708	0.037	0.172
0.001	0.748	0.116	0.135
0.001	0.145	0.852	0.002
0.001	0.212	0.002	0.785
>GKASTCCTCT	2-GKASTCCTCT	8.556368	-24.305767	0	T:38.0(14.73%),B:1624.9(4.19%),P:1e-10	Tpos:528.8,Tstd:306.9,Bpos:531.0,Bstd:313.0,StrandBias:0.2,Multiplicity:1.00
0.136	0.001	0.862	0.001
0.001	0.001	0.501	0.497
0.776	0.044	0.108	0.072
0.001	0.448	0.550	0.001
0.407	0.001	0.001	0.591
0.149	0.730	0.001	0.120
0.034	0.914	0.051	0.001
0.045	0.001	0.001	0.953
0.001	0.851	0.001	0.147
0.043	0.042	0.001	0.914
>ACCCTAGCCA	3-ACCCTAGCCA	10.312706	-24.291267	0	T:11.0(4.26%),B:81.7(0.21%),P:1e-10	Tpos:490.8,Tstd:252.4,Bpos:496.0,Bstd:366.8,StrandBias:2.2,Multiplicity:1.00
0.997	0.001	0.001	0.001
0.001	0.895	0.103	0.001
0.001	0.574	0.104	0.321
0.065	0.933	0.001	0.001
0.001	0.077	0.001	0.921
0.876	0.001	0.122	0.001
0.001	0.001	0.997	0.001
0.001	0.899	0.001	0.099
0.001	0.997	0.001	0.001
0.997	0.001	0.001	0.001
>TGATCACCCA	4-TGATCACCCA	10.045688	-22.273833	0	T:16.0(6.20%),B:284.5(0.73%),P:1e-9	Tpos:558.4,Tstd:262.9,Bpos:497.5,Bstd:296.7,StrandBias:1.6,Multiplicity:1.00
0.001	0.001	0.001	0.997
0.056	0.001	0.906	0.037
0.884	0.060	0.001	0.055
0.001	0.001	0.142	0.856
0.046	0.952	0.001	0.001
0.997	0.001	0.001	0.001
0.001	0.997	0.001	0.001
0.029	0.763	0.001	0.207
0.042	0.891	0.001	0.066
0.809	0.119	0.001	0.071
>CCCCCGTATC	5-CCCCCGTATC	6.944792	-21.433889	0	T:50.0(19.38%),B:2879.7(7.42%),P:1e-9	Tpos:583.0,Tstd:271.6,Bpos:516.6,Bstd:323.2,StrandBias:0.8,Multiplicity:1.12
0.070	0.725	0.066	0.139
0.071	0.891	0.037	0.001
0.098	0.636	0.097	0.169
0.043	0.827	0.048	0.082
0.178	0.754	0.046	0.022
0.114	0.090	0.781	0.015
0.051	0.037	0.001	0.911
0.861	0.048	0.059	0.032
0.043	0.077	0.073	0.807
0.047	0.815	0.043	0.095
>CWTCGACTAA	6-CWTCGACTAA	8.015772	-18.943121	0	T:29.0(11.24%),B:1225.4(3.16%),P:1e-8	Tpos:492.0,Tstd:306.0,Bpos:478.8,Bstd:313.3,StrandBias:-0.2,Multiplicity:1.03
0.063	0.900	0.036	0.001
0.494	0.001	0.001	0.504
0.001	0.145	0.192	0.662
0.124	0.683	0.168	0.025
0.033	0.275	0.631	0.061
0.614	0.022	0.336	0.028
0.170	0.719	0.100	0.011
0.296	0.039	0.043	0.622
0.843	0.043	0.082	0.032
0.416	0.212	0.188	0.184
>TTCCACTCAC	7-TTCCACTCAC	9.658800	-18.333389	0	T:24.0(9.30%),B:884.3(2.28%),P:1e-7	Tpos:524.0,Tstd:282.7,Bpos:512.3,Bstd:309.3,StrandBias:-0.3,Multiplicity:1.04
0.001	0.001	0.001	0.997
0.001	0.071	0.001	0.927
0.001	0.864	0.070	0.065
0.028	0.970	0.001	0.001
0.903	0.001	0.059	0.037
0.001	0.962	0.001	0.036
0.108	0.001	0.001	0.890
0.001	0.935	0.001	0.063
0.738	0.082	0.001	0.179
0.149	0.849	0.001	0.001
>CCGTACAAGC	8-CCGTACAAGC	10.078984	-16.057633	0	T:12.0(4.65%),B:234.6(0.60%),P:1e-6	Tpos:350.1,Tstd:185.6,Bpos:465.5,Bstd:299.0,StrandBias:-0.4,Multiplicity:1.17
0.001	0.934	0.001	0.064
0.069	0.855	0.001	0.075
0.001	0.001	0.997	0.001
0.057	0.106	0.001	0.836
0.931	0.001	0.001	0.067
0.001	0.997	0.001	0.001
0.900	0.001	0.098	0.001
0.646	0.103	0.155	0.096
0.001	0.001	0.997	0.001
0.001	0.931	0.001	0.067
>AAAAACCCCC	9-AAAAACCCCC	9.793873	-15.768804	0	T:29.0(11.24%),B:1425.7(3.67%),P:1e-6	Tpos:551.1,Tstd:287.0,Bpos:531.7,Bstd:338.6,StrandBias:0.6,Multiplicity:1.14
0.942	0.031	0.026	0.001
0.938	0.001	0.001	0.060
0.916	0.082	0.001	0.001
0.997	0.001	0.001	0.001
0.892	0.030	0.058	0.020
0.065	0.784	0.098	0.053
0.001	0.766	0.081	0.152
0.001	0.951	0.047	0.001
0.012	0.896	0.076	0.016
0.036	0.939	0.014	0.011
>CTTCTCTGVC	10-CTTCTCTGVC	8.832096	-13.768778	0	T:29.0(11.24%),B:1575.4(4.06%),P:1e-5	Tpos:494.2,Tstd:279.4,Bpos:498.7,Bstd:315.4,StrandBias:0.4,Multiplicity:1.03
0.154	0.514	0.081	0.251
0.001	0.001	0.077	0.921
0.001	0.091	0.001	0.907
0.001	0.856	0.100	0.043
0.124	0.001	0.156	0.719
0.160	0.838	0.001	0.001
0.001	0.106	0.001	0.892
0.001	0.001	0.997	0.001
0.280	0.266	0.402	0.052
0.001	0.997	0.001	0.001
>TACGAAGAGA	11-TACGAAGAGA	8.454814	-13.747510	0	T:59.0(22.87%),B:4688.0(12.08%),P:1e-5	Tpos:605.2,Tstd:258.1,Bpos:522.5,Bstd:323.0,StrandBias:-0.6,Multiplicity:1.14
0.142	0.033	0.293	0.532
0.588	0.001	0.046	0.365
0.001	0.610	0.387	0.002
0.183	0.003	0.813	0.001
0.916	0.082	0.001	0.001
0.879	0.001	0.119	0.001
0.051	0.048	0.656	0.245
0.763	0.002	0.001	0.234
0.077	0.044	0.878	0.001
0.997	0.001	0.001	0.001
>TCTCTCCTCT	12-TCTCTCCTCT	8.664720	-13.024294	0	T:60.0(23.26%),B:4911.0(12.65%),P:1e-5	Tpos:586.3,Tstd:281.0,Bpos:550.8,Bstd:325.7,StrandBias:1.4,Multiplicity:1.23
0.069	0.148	0.001	0.782
0.001	0.914	0.001	0.084
0.001	0.067	0.170	0.762
0.173	0.825	0.001	0.001
0.001	0.001	0.001	0.997
0.001	0.732	0.067	0.200
0.001	0.556	0.056	0.387
0.229	0.001	0.059	0.711
0.070	0.928	0.001	0.001
0.068	0.105	0.079	0.748
>CATTATGCCG	13-CATTATGCCG	9.594209	-11.748460	0	T:11.0(4.26%),B:299.8(0.77%),P:1e-5	Tpos:493.7,Tstd:254.7,Bpos:481.9,Bstd:302.1,StrandBias:-0.5,Multiplicity:1.45
0.001	0.997	0.001	0.001
0.755	0.001	0.174	0.070
0.001	0.001	0.073	0.925
0.157	0.058	0.001	0.784
0.883	0.048	0.068	0.001
0.001	0.001	0.001	0.997
0.001	0.001	0.997	0.001
0.033	0.914	0.001	0.052
0.041	0.888	0.070	0.001
0.036	0.001	0.962	0.001
>AKACCCAAAG	14-AKACCCAAAG	9.874780	-11.167027	0	T:13.0(5.04%),B:448.7(1.16%),P:1e-4	Tpos:366.6,Tstd:305.7,Bpos:436.6,Bstd:286.6,StrandBias:-0.8,Multiplicity:1.46
0.997	0.001	0.001	0.001
0.001	0.001	0.447	0.551
0.870	0.001	0.001	0.128
0.001	0.836	0.001	0.162
0.001	0.997	0.001	0.001
0.001	0.997	0.001	0.001
0.997	0.001	0.001	0.001
0.997	0.001	0.001	0.001
0.755	0.001	0.001	0.243
0.001	0.001	0.997	0.001
>CCACCGGATA	15-CCACCGGATA	12.164589	-6.279936	0	T:3.0(1.16%),B:34.0(0.09%),P:1e-2	Tpos:383.0,Tstd:95.3,Bpos:404.6,Bstd:226.4,StrandBias:-0.6,Multiplicity:1.67
0.001	0.997	0.001	0.001
0.001	0.997	0.001	0.001
0.997	0.001	0.001	0.001
0.001	0.997	0.001	0.001
0.001	0.810	0.001	0.188
0.001	0.001	0.997	0.001
0.001	0.001	0.997	0.001
0.997	0.001	0.001	0.001
0.001	0.001	0.001	0.997
0.997	0.001	0.001	0.001
>TACTGGTCTA	16-TACTGGTCTA	10.296193	-4.779786	0	T:2.0(0.78%),B:19.5(0.05%),P:1e-2	Tpos:113.9,Tstd:69.3,Bpos:309.5,Bstd:258.3,StrandBias:10.0,Multiplicity:5.00
0.100	0.100	0.100	0.700
0.700	0.100	0.100	0.100
0.100	0.700	0.100	0.100
0.100	0.100	0.100	0.700
0.100	0.100	0.700	0.100
0.100	0.100	0.700	0.100
0.100	0.100	0.100	0.700
0.100	0.700	0.100	0.100
0.100	0.100	0.100	0.700
0.700	0.100	0.100	0.100
>CTGGCCAGAT	17-CTGGCCAGAT	11.527949	-2.498646	0	T:2.0(0.78%),B:70.4(0.18%),P:1e-1	Tpos:81.4,Tstd:69.6,Bpos:389.9,Bstd:324.1,StrandBias:-0.5,Multiplicity:4.00
0.001	0.997	0.001	0.001
0.001	0.001	0.001	0.997
0.083	0.001	0.915	0.001
0.001	0.001	0.997	0.001
0.001	0.997	0.001	0.001
0.001	0.835	0.001	0.163
0.997	0.001	0.001	0.001
0.001	0.001	0.997	0.001
0.855	0.001	0.143	0.001
0.225	0.001	0.001	0.773
>TTTAGCAYTATA	1-TTTAGCAYTATA	11.520064	-28.156915	0	T:19.0(7.36%),B:300.0(0.77%),P:1e-12	Tpos:412.0,Tstd:329.0,Bpos:488.1,Bstd:310.7,StrandBias:0.5,Multiplicity:1.00
0.001	0.001	0.001	0.997
0.001	0.099	0.001	0.899
0.001	0.001	0.001	0.997
0.710	0.070	0.219	0.001
0.001	0.001	0.837	0.161
0.001	0.845	0.087	0.067
0.997	0.001	0.001	0.001
0.123	0.468	0.001	0.409
0.075	0.054	0.001	0.870
0.818	0.001	0.094	0.087
0.124	0.001	0.001	0.874
0.889	0.109	0.001	0.001
>TKMCCACCCGTC	2-TKMCCACCCGTC	13.345326	-24.916450	0	T:7.0(2.71%),B:11.0(0.03%),P:1e-10	Tpos:612.9,Tstd:220.3,Bpos:510.4,Bstd:235.9,StrandBias:1.3,Multiplicity:1.00
0.001	0.001	0.001	0.997
0.001	0.001	0.543	0.455
0.455	0.543	0.001	0.001
0.001	0.997	0.001	0.001
0.001	0.997	0.001	0.001
0.735	0.001	0.001	0.263
0.001	0.997	0.001	0.001
0.001	0.997	0.001	0.001
0.001	0.997	0.001	0.001
0.001	0.001	0.997	0.001
0.280	0.001	0.228	0.492
0.001	0.997	0.001	0.001
>ACTGGTGCCCAA	3-ACTGGTGCCCAA	13.754137	-22.902939	0	T:7.0(2.71%),B:16.7(0.04%),P:1e-9	Tpos:513.4,Tstd:360.7,Bpos:467.2,Bstd:255.2,StrandBias:-2.6,Multiplicity:1.00
0.997	0.001	0.001	0.001
0.001	0.997	0.001	0.001
0.001	0.001	0.001	0.997
0.001	0.001	0.864	0.134
0.001	0.001	0.997	0.001
0.001	0.127	0.001	0.871
0.001	0.001	0.997	0.001
0.170	0.828	0.001	0.001
0.001	0.997	0.001	0.001
0.170	0.632	0.197	0.001
0.997	0.001	0.001	0.001
0.997	0.001	0.001	0.001
>GAAAAAATAGGA	4-GAAAAAATAGGA	12.152122	-22.426984	0	T:29.0(11.24%),B:1046.8(2.70%),P:1e-9	Tpos:463.9,Tstd:260.0,Bpos:540.0,Bstd:333.1,StrandBias:-1.1,Multiplicity:1.07
0.047	0.001	0.951	0.001
0.997	0.001	0.001	0.001
0.997	0.001	0.001	0.001
0.997	0.001	0.001	0.001
0.997	0.001	0.001	0.001
0.997	0.001	0.001	0.001
0.932	0.001	0.001	0.066
0.001	0.001	0.049	0.949
0.950	0.001	0.048	0.001
0.202	0.105	0.474	0.219
0.062	0.001	0.936	0.001
0.803	0.070	0.126	0.001
>CGGCGAGGGCAA	5-CGGCGAGGGCAA	13.870534	-21.710616	0	T:6.0(2.33%),B:9.1(0.02%),P:1e-9	Tpos:562.8,Tstd:181.3,Bpos:534.2,Bstd:422.9,StrandBias:0.0,Multiplicity:1.00
0.001	0.997	0.001	0.001
0.001	0.001	0.997	0.001
0.185	0.001	0.813	0.001
0.001	0.853	0.145	0.001
0.001	0.001	0.997	0.001
0.997	0.001	0.001	0.001
0.001	0.001	0.997	0.001
0.001	0.001	0.997	0.001
0.001	0.001	0.997	0.001
0.160	0.653	0.186	0.001
0.997	0.001	0.001	0.001
0.838	0.160	0.001	0.001
>ATTTATTATGGA	6-ATTTATTATGGA	12.054307	-21.082266	0	T:14.0(5.43%),B:221.8(0.57%),P:1e-9	Tpos:496.6,Tstd:232.3,Bpos:502.0,Bstd:271.8,StrandBias:-1.0,Multiplicity:1.07
0.997	0.001	0.001	0.001
0.106	0.001	0.001	0.892
0.131	0.001	0.001	0.867
0.001	0.001	0.122	0.876
0.969	0.001	0.001	0.029
0.158	0.001	0.001	0.840
0.001	0.001	0.001	0.997
0.892	0.001	0.106	0.001
0.001	0.001	0.001	0.997
0.106	0.001	0.892	0.001
0.061	0.001	0.937	0.001
0.840	0.001	0.158	0.001
>TGATTGTATTGA	7-TGATTGTATTGA	10.903187	-20.105175	0	T:21.0(8.14%),B:612.0(1.58%),P:1e-8	Tpos:470.3,Tstd:291.9,Bpos:536.0,Bstd:289.8,StrandBias:0.9,Multiplicity:1.10
0.001	0.001	0.001	0.997
0.001	0.322	0.627	0.050
0.997	0.001	0.001	0.001
0.037	0.001	0.240	0.722
0.140	0.130	0.001	0.729
0.132	0.022	0.845	0.001
0.131	0.001	0.053	0.815
0.828	0.001	0.001	0.170
0.161	0.001	0.001	0.837
0.097	0.001	0.001	0.901
0.001	0.001	0.962	0.036
0.652	0.001	0.152	0.195
>CGTTCACACCCT	8-CGTTCACACCCT	11.519488	-19.747220	0	T:10.0(3.88%),B:97.9(0.25%),P:1e-8	Tpos:579.3,Tstd:246.8,Bpos:529.0,Bstd:300.6,StrandBias:3.2,Multiplicity:1.00
0.001	0.856	0.001	0.142
0.001	0.001	0.631	0.367
0.001	0.001	0.001	0.997
0.107	0.001	0.001	0.891
0.001	0.994	0.001	0.004
0.997	0.001	0.001	0.001
0.119	0.623	0.001	0.257
0.997	0.001	0.001	0.001
0.213	0.785	0.001	0.001
0.089	0.791	0.119	0.001
0.125	0.553	0.108	0.214
0.094	0.001	0.001	0.904
>CTTTCATCAGCG	9-CTTTCATCAGCG	13.810281	-19.360425	0	T:6.0(2.33%),B:15.8(0.04%),P:1e-8	Tpos:449.7,Tstd:143.5,Bpos:484.1,Bstd:320.1,StrandBias:1.0,Multiplicity:1.00
0.001	0.832	0.001	0.166
0.001	0.001	0.001	0.997
0.001	0.001	0.001	0.997
0.192	0.001	0.001	0.806
0.001	0.997	0.001	0.001
0.997	0.001	0.001	0.001
0.001	0.001	0.001	0.997
0.001	0.806	0.001	0.192
0.997	0.001	0.001	0.001
0.001	0.192	0.806	0.001
0.001	0.997	0.001	0.001
0.139	0.001	0.859	0.001
>GTTTACTCCTCT	10-GTTTACTCCTCT	10.510588	-19.003595	0	T:22.0(8.53%),B:717.7(1.85%),P:1e-8	Tpos:628.9,Tstd:263.7,Bpos:549.8,Bstd:330.6,StrandBias:0.6,Multiplicity:1.05
0.118	0.073	0.599	0.210
0.001	0.057	0.001	0.941
0.001	0.048	0.080	0.871
0.073	0.001	0.048	0.878
0.615	0.138	0.130	0.117
0.058	0.835	0.024	0.083
0.046	0.055	0.001	0.898
0.058	0.784	0.055	0.103
0.032	0.743	0.146	0.079
0.002	0.001	0.001	0.996
0.145	0.853	0.001	0.001
0.001	0.001	0.001	0.997
>ATTTGGCACTTG	11-ATTTGGCACTTG	13.361774	-18.956949	0	T:10.0(3.88%),B:106.8(0.28%),P:1e-8	Tpos:524.0,Tstd:198.6,Bpos:437.1,Bstd:257.5,StrandBias:0.0,Multiplicity:1.00
0.997	0.001	0.001	0.001
0.001	0.001	0.001	0.997
0.001	0.001	0.001	0.997
0.001	0.001	0.001	0.997
0.001	0.143	0.855	0.001
0.132	0.201	0.666	0.001
0.086	0.794	0.001	0.119
0.997	0.001	0.001	0.001
0.001	0.792	0.110	0.097
0.001	0.001	0.001	0.997
0.001	0.001	0.001	0.997
0.001	0.001	0.997	0.001
>ATAAAGAATTGT	12-ATAAAGAATTGT	13.334235	-18.880657	0	T:13.0(5.04%),B:220.6(0.57%),P:1e-8	Tpos:556.4,Tstd:273.5,Bpos:483.6,Bstd:292.0,StrandBias:1.2,Multiplicity:1.00
0.848	0.150	0.001	0.001
0.133	0.110	0.001	0.756
0.997	0.001	0.001	0.001
0.997	0.001	0.001	0.001
0.997	0.001	0.001	0.001
0.054	0.079	0.769	0.098
0.997	0.001	0.001	0.001
0.997	0.001	0.001	0.001
0.087	0.126	0.001	0.786
0.001	0.001	0.001	0.997
0.001	0.001	0.945	0.053
0.001	0.001	0.001	0.997
>CTATTTGTMGGC	13-CTATTTGTMGGC	11.395734	-18.211774	0	T:9.0(3.49%),B:84.9(0.22%),P:1e-7	Tpos:382.6,Tstd:237.1,Bpos:409.6,Bstd:316.8,StrandBias:1.4,Multiplicity:1.22
0.001	0.997	0.001	0.001
0.001	0.001	0.001	0.997
0.812	0.001	0.186	0.001
0.104	0.001	0.370	0.525
0.001	0.001	0.001	0.997
0.001	0.001	0.001	0.997
0.001	0.001	0.997	0.001
0.001	0.001	0.415	0.583
0.431	0.567	0.001	0.001
0.095	0.121	0.783	0.001
0.001	0.104	0.585	0.310
0.001	0.904	0.094	0.001
>TATTATCTTTTT	14-TATTATCTTTTT	12.030035	-17.849630	0	T:27.0(10.47%),B:1132.4(2.92%),P:1e-7	Tpos:545.0,Tstd:303.9,Bpos:518.6,Bstd:312.9,StrandBias:0.9,Multiplicity:1.07
0.001	0.064	0.087	0.848
0.957	0.041	0.001	0.001
0.001	0.001	0.001	0.997
0.054	0.058	0.001	0.887
0.952	0.029	0.001	0.018
0.037	0.001	0.001	0.961
0.021	0.762	0.001	0.216
0.037	0.001	0.001	0.961
0.001	0.001	0.001	0.997
0.103	0.103	0.001	0.793
0.091	0.001	0.001	0.907
0.001	0.001	0.001	0.997
>TTTGGGCTATTT	15-TTTGGGCTATTT	12.317843	-17.759123	0	T:11.0(4.26%),B:158.9(0.41%),P:1e-7	Tpos:399.9,Tstd:270.7,Bpos:446.2,Bstd:311.3,StrandBias:0.5,Multiplicity:1.09
0.001	0.001	0.001	0.997
0.001	0.001	0.001	0.997
0.001	0.001	0.001	0.997
0.001	0.001	0.997	0.001
0.177	0.001	0.821	0.001
0.001	0.001	0.997	0.001
0.001	0.997	0.001	0.001
0.001	0.001	0.102	0.896
0.858	0.001	0.140	0.001
0.128	0.001	0.001	0.870
0.001	0.001	0.001	0.997
0.115	0.001	0.001	0.883
>AGCCGTCACTGG	16-AGCCGTCACTGG	11.907912	-17.461479	0	T:6.0(2.33%),B:22.8(0.06%),P:1e-7	Tpos:585.7,Tstd:254.2,Bpos:619.9,Bstd:269.2,StrandBias:-1.0,Multiplicity:1.00
0.585	0.413	0.001	0.001
0.001	0.001	0.997	0.001
0.181	0.817	0.001	0.001
0.158	0.830	0.011	0.001
0.001	0.001	0.836	0.162
0.001	0.001	0.231	0.767
0.001	0.997	0.001	0.001
0.849	0.001	0.001	0.149
0.001	0.767	0.001	0.231
0.001	0.001	0.001	0.997
0.001	0.001	0.997	0.001
0.171	0.001	0.596	0.232
>AGAGACSCCGAG	17-AGAGACSCCGAG	8.206920	-15.529646	0	T:32.0(12.40%),B:1704.8(4.39%),P:1e-6	Tpos:609.4,Tstd:264.3,Bpos:554.4,Bstd:343.2,StrandBias:-1.1,Multiplicity:1.09
0.970	0.009	0.010	0.011
0.001	0.001	0.997	0.001
0.997	0.001	0.001	0.001
0.010	0.001	0.988	0.001
0.997	0.001	0.001	0.001
0.001	0.997	0.001	0.001
0.007	0.527	0.452	0.014
0.010	0.983	0.006	0.001
0.126	0.872	0.001	0.001
0.001	0.001	0.997	0.001
0.980	0.001	0.008	0.011
0.009	0.351	0.639	0.001
>AACCATGAAAAT	18-AACCATGAAAAT	14.055862	-14.105126	0	T:7.0(2.71%),B:69.8(0.18%),P:1e-6	Tpos:519.7,Tstd:198.7,Bpos:453.3,Bstd:256.1,StrandBias:-1.3,Multiplicity:1.00
0.997	0.001	0.001	0.001
0.997	0.001	0.001	0.001
0.001	0.997	0.001	0.001
0.001	0.899	0.001	0.099
0.997	0.001	0.001	0.001
0.001	0.001	0.001	0.997
0.001	0.001	0.997	0.001
0.997	0.001	0.001	0.001
0.997	0.001	0.001	0.001
0.997	0.001	0.001	0.001
0.997	0.001	0.001	0.001
0.001	0.209	0.001	0.789
>AAAAAACTCCCT	19-AAAAAACTCCCT	12.355432	-13.578325	0	T:4.0(1.55%),B:9.8(0.03%),P:1e-5	Tpos:699.2,Tstd:102.0,Bpos:529.5,Bstd:234.4,StrandBias:1.6,Multiplicity:1.00
0.700	0.100	0.100	0.100
0.700	0.100	0.100	0.100
0.700	0.100	0.100	0.100
0.700	0.100	0.100	0.100
0.700	0.100	0.100	0.100
0.700	0.100	0.100	0.100
0.100	0.700	0.100	0.100
0.100	0.100	0.100	0.700
0.100	0.700	0.100	0.100
0.100	0.700	0.100	0.100
0.100	0.700	0.100	0.100
0.100	0.100	0.100	0.700
>ATTCCACGTGGA	20-ATTCCACGTGGA	10.650720	-8.830550	0	T:11.0(4.26%),B:417.7(1.08%),P:1e-3	Tpos:470.4,Tstd:304.5,Bpos:472.2,Bstd:302.6,StrandBias:0.6,Multiplicity:1.27
0.743	0.088	0.051	0.118
0.072	0.150	0.073	0.705
0.034	0.001	0.084	0.881
0.038	0.870	0.001	0.091
0.038	0.889	0.001	0.072
0.894	0.104	0.001	0.001
0.177	0.626	0.096	0.101
0.028	0.084	0.773	0.115
0.056	0.001	0.001	0.942
0.001	0.001	0.886	0.112
0.049	0.001	0.902	0.048
0.902	0.001	0.049	0.048
>TCTGGCYAGWTT	21-TCTGGCYAGWTT	10.524338	-7.611767	0	T:7.0(2.71%),B:201.6(0.52%),P:1e-3	Tpos:254.4,Tstd:298.0,Bpos:429.6,Bstd:297.0,StrandBias:-0.3,Multiplicity:1.86
0.001	0.393	0.001	0.605
0.001	0.997	0.001	0.001
0.001	0.001	0.001	0.997
0.281	0.001	0.717	0.001
0.285	0.001	0.713	0.001
0.001	0.997	0.001	0.001
0.001	0.574	0.001	0.424
0.997	0.001	0.001	0.001
0.001	0.001	0.997	0.001
0.363	0.001	0.243	0.393
0.292	0.001	0.001	0.706
0.001	0.395	0.030	0.574
>CGRCATTATGAC	22-CGRCATTATGAC	14.818587	-6.272405	0	T:2.0(0.78%),B:8.5(0.02%),P:1e-2	Tpos:748.5,Tstd:114.5,Bpos:324.1,Bstd:281.1,StrandBias:-10.0,Multiplicity:1.00
0.001	0.603	0.395	0.001
0.001	0.001	0.997	0.001
0.504	0.001	0.494	0.001
0.001	0.997	0.001	0.001
0.997	0.001	0.001	0.001
0.001	0.001	0.001	0.997
0.049	0.001	0.001	0.949
0.997	0.001	0.001	0.001
0.001	0.001	0.001	0.997
0.001	0.001	0.997	0.001
0.899	0.099	0.001	0.001
0.001	0.997	0.001	0.001
>GATGAAKTTCCA	23-GATGAAKTTCCA	14.870257	-5.474708	0	T:3.0(1.16%),B:46.3(0.12%),P:1e-2	Tpos:217.0,Tstd:179.6,Bpos:396.4,Bstd:273.8,StrandBias:-0.6,Multiplicity:1.67
0.001	0.001	0.997	0.001
0.997	0.001	0.001	0.001
0.001	0.001	0.379	0.619
0.001	0.001	0.997	0.001
0.997	0.001	0.001	0.001
0.997	0.001	0.001	0.001
0.001	0.001	0.469	0.529
0.001	0.001	0.001	0.997
0.001	0.121	0.001	0.877
0.001	0.997	0.001	0.001
0.001	0.997	0.001	0.001
0.997	0.001	0.001	0.001
>GTTAGACCAGTA	24-GTTAGACCAGTA	12.355432	-5.020125	0	T:1.0(0.39%),B:0.4(0.00%),P:1e-2	Tpos:123.0,Tstd:67.1,Bpos:355.0,Bstd:0.0,StrandBias:-10.0,Multiplicity:9.00
0.100	0.100	0.700	0.100
0.100	0.100	0.100	0.700
0.100	0.100	0.100	0.700
0.700	0.100	0.100	0.100
0.100	0.100	0.700	0.100
0.700	0.100	0.100	0.100
0.100	0.700	0.100	0.100
0.100	0.700	0.100	0.100
0.700	0.100	0.100	0.100
0.100	0.100	0.700	0.100
0.100	0.100	0.100	0.700
0.700	0.100	0.100	0.100
>TTGGGAATTCAT	25-TTGGGAATTCAT	12.355432	-2.571262	0	T:1.0(0.39%),B:11.5(0.03%),P:1e-1	Tpos:137.0,Tstd:72.0,Bpos:492.8,Bstd:229.1,StrandBias:10.0,Multiplicity:6.00
0.100	0.100	0.100	0.700
0.100	0.100	0.100	0.700
0.100	0.100	0.700	0.100
0.100	0.100	0.700	0.100
0.100	0.100	0.700	0.100
0.700	0.100	0.100	0.100
0.700	0.100	0.100	0.100
0.100	0.100	0.100	0.700
0.100	0.100	0.100	0.700
0.100	0.700	0.100	0.100
0.700	0.100	0.100	0.100
0.100	0.100	0.100	0.700
>GCGTACAC	1-GCGTACAC	5.529282	-16.741037	0	T:114.0(44.19%),B:11022.4(28.40%),P:1e-7	Tpos:541.3,Tstd:267.1,Bpos:518.1,Bstd:315.5,StrandBias:-0.3,Multiplicity:1.34
0.024	0.186	0.732	0.058
0.046	0.924	0.029	0.001
0.177	0.081	0.671	0.071
0.074	0.091	0.124	0.711
0.777	0.088	0.086	0.049
0.048	0.746	0.106	0.100
0.810	0.121	0.001	0.068
0.210	0.644	0.033	0.113
>CGAGGGCA	2-CGAGGGCA	7.157829	-15.905378	0	T:48.0(18.60%),B:3217.0(8.29%),P:1e-6	Tpos:500.3,Tstd:262.2,Bpos:511.1,Bstd:316.2,StrandBias:-0.7,Multiplicity:1.04
0.001	0.944	0.054	0.001
0.001	0.001	0.997	0.001
0.866	0.047	0.001	0.086
0.001	0.001	0.917	0.081
0.001	0.001	0.772	0.226
0.001	0.086	0.912	0.001
0.062	0.936	0.001	0.001
0.733	0.206	0.001	0.060
>ATCGACCG	3-ATCGACCG	7.393260	-12.677716	0	T:51.0(19.77%),B:3937.1(10.14%),P:1e-5	Tpos:517.1,Tstd:285.7,Bpos:514.1,Bstd:325.5,StrandBias:-1.1,Multiplicity:1.18
0.853	0.035	0.064	0.048
0.001	0.001	0.067	0.931
0.067	0.893	0.039	0.001
0.001	0.113	0.885	0.001
0.977	0.001	0.001	0.021
0.054	0.742	0.001	0.203
0.062	0.895	0.042	0.001
0.103	0.001	0.879	0.017
>CCCCCCCG	4-CCCCCCCG	7.254035	-11.355632	0	T:40.0(15.50%),B:2912.1(7.50%),P:1e-4	Tpos:470.9,Tstd:262.0,Bpos:543.1,Bstd:336.6,StrandBias:3.1,Multiplicity:1.18
0.001	0.907	0.091	0.001
0.032	0.963	0.001	0.004
0.053	0.928	0.001	0.018
0.104	0.870	0.008	0.018
0.115	0.883	0.001	0.001
0.001	0.989	0.001	0.009
0.113	0.867	0.019	0.001
0.074	0.338	0.587	0.001
>ACTGGTCT	5-ACTGGTCT	8.751547	-9.017868	0	T:19.0(7.36%),B:1064.6(2.74%),P:1e-3	Tpos:412.2,Tstd:315.3,Bpos:500.8,Bstd:309.4,StrandBias:1.1,Multiplicity:1.47
0.885	0.001	0.113	0.001
0.001	0.997	0.001	0.001
0.001	0.001	0.129	0.869
0.001	0.001	0.997	0.001
0.001	0.001	0.997	0.001
0.001	0.001	0.001	0.997
0.001	0.997	0.001	0.001
0.001	0.001	0.001	0.997
