>GGGCGGAGTC	1-GGGCGGAGTC	8.180277	-26.346903	0	T:22.0(29.33%),B:1882.2(4.74%),P:1e-11	Tpos:737.9,Tstd:235.8,Bpos:573.0,Bstd:319.7,StrandBias:0.1,Multiplicity:1.05
0.047	0.081	0.871	0.001
0.001	0.001	0.997	0.001
0.001	0.001	0.997	0.001
0.114	0.741	0.062	0.083
0.148	0.001	0.677	0.174
0.001	0.001	0.997	0.001
0.775	0.001	0.080	0.144
0.078	0.167	0.661	0.094
0.134	0.157	0.062	0.647
0.178	0.649	0.172	0.001
>KCACGTGAAC	2-KCACGTGAAC	9.686927	-26.343050	0	T:14.0(18.67%),B:560.6(1.41%),P:1e-11	Tpos:605.5,Tstd:274.5,Bpos:497.7,Bstd:321.7,StrandBias:0.5,Multiplicity:1.00
0.001	0.097	0.473	0.430
0.001	0.997	0.001	0.001
0.997	0.001	0.001	0.001
0.001	0.794	0.079	0.126
0.299	0.116	0.584	0.001
0.004	0.001	0.001	0.994
0.001	0.001	0.997	0.001
0.702	0.001	0.292	0.005
0.933	0.006	0.001	0.060
0.093	0.483	0.212	0.211
>ATCATCTATR	3-ATCATCTATR	10.083764	-19.635542	0	T:12.0(16.00%),B:631.6(1.59%),P:1e-8	Tpos:566.2,Tstd:235.9,Bpos:514.1,Bstd:325.0,StrandBias:0.7,Multiplicity:1.08
0.901	0.001	0.097	0.001
0.001	0.001	0.001	0.997
0.103	0.718	0.178	0.001
0.997	0.001	0.001	0.001
0.076	0.001	0.001	0.922
0.055	0.846	0.001	0.098
0.001	0.347	0.103	0.549
0.828	0.001	0.074	0.097
0.001	0.096	0.001	0.902
0.448	0.001	0.375	0.176
>ACGTCATCCA	4-ACGTCATCCA	10.576541	-19.585513	0	T:9.0(12.00%),B:271.8(0.68%),P:1e-8	Tpos:400.9,Tstd:248.1,Bpos:483.7,Bstd:339.0,StrandBias:0.3,Multiplicity:1.00
0.886	0.001	0.001	0.112
0.001	0.914	0.001	0.084
0.080	0.001	0.834	0.085
0.001	0.001	0.001	0.997
0.111	0.887	0.001	0.001
0.997	0.001	0.001	0.001
0.122	0.001	0.133	0.744
0.104	0.894	0.001	0.001
0.001	0.929	0.069	0.001
0.997	0.001	0.001	0.001
>TTGTTCCTTG	5-TTGTTCCTTG	10.324505	-18.644748	0	T:12.0(16.00%),B:691.3(1.74%),P:1e-8	Tpos:584.7,Tstd:224.1,Bpos:494.5,Bstd:310.0,StrandBias:0.5,Multiplicity:1.00
0.001	0.001	0.115	0.883
0.001	0.001	0.001	0.997
0.001	0.001	0.997	0.001
0.001	0.001	0.116	0.882
0.171	0.001	0.001	0.827
0.082	0.916	0.001	0.001
0.001	0.948	0.001	0.050
0.001	0.001	0.001	0.997
0.001	0.001	0.001	0.997
0.001	0.001	0.997	0.001
>CACTGATAAG	6-CACTGATAAG	10.066157	-17.204346	0	T:16.0(21.33%),B:1566.8(3.95%),P:1e-7	Tpos:603.6,Tstd:284.6,Bpos:553.4,Bstd:315.0,StrandBias:0.0,Multiplicity:1.12
0.026	0.718	0.199	0.057
0.997	0.001	0.001	0.001
0.125	0.784	0.090	0.001
0.001	0.001	0.181	0.817
0.001	0.001	0.997	0.001
0.997	0.001	0.001	0.001
0.062	0.001	0.001	0.936
0.997	0.001	0.001	0.001
0.997	0.001	0.001	0.001
0.060	0.065	0.799	0.076
>YGGTGGGGTG	7-YGGTGGGGTG	10.264851	-17.147387	0	T:7.0(9.33%),B:163.2(0.41%),P:1e-7	Tpos:398.8,Tstd:247.3,Bpos:561.8,Bstd:325.0,StrandBias:-0.7,Multiplicity:1.14
0.196	0.457	0.001	0.346
0.001	0.001	0.997	0.001
0.001	0.329	0.669	0.001
0.001	0.001	0.001	0.997
0.001	0.240	0.758	0.001
0.001	0.001	0.865	0.133
0.001	0.001	0.997	0.001
0.160	0.001	0.838	0.001
0.001	0.001	0.001	0.997
0.216	0.001	0.782	0.001
>TTACATCAWT	8-TTACATCAWT	8.197097	-16.285304	0	T:37.0(49.33%),B:8489.5(21.38%),P:1e-7	Tpos:584.4,Tstd:302.4,Bpos:515.5,Bstd:312.8,StrandBias:1.4,Multiplicity:1.46
0.060	0.001	0.002	0.937
0.027	0.328	0.067	0.578
0.759	0.001	0.001	0.239
0.001	0.686	0.001	0.312
0.949	0.017	0.001	0.033
0.078	0.102	0.001	0.819
0.058	0.799	0.127	0.016
0.874	0.052	0.028	0.046
0.479	0.062	0.107	0.351
0.033	0.107	0.067	0.793
>GBWGCGAGTC	9-GBWGCGAGTC	7.403553	-15.054869	0	T:14.0(18.67%),B:1376.5(3.47%),P:1e-6	Tpos:453.8,Tstd:267.5,Bpos:532.0,Bstd:307.1,StrandBias:0.9,Multiplicity:1.64
0.050	0.075	0.874	0.001
0.001	0.365	0.383	0.251
0.325	0.001	0.215	0.460
0.068	0.049	0.762	0.121
0.001	0.905	0.048	0.046
0.051	0.047	0.853	0.049
0.632	0.362	0.001	0.005
0.001	0.355	0.589	0.055
0.024	0.001	0.225	0.750
0.112	0.693	0.042	0.153
>GTAGGGGGAT	10-GTAGGGGGAT	10.731569	-14.262330	0	T:6.0(8.00%),B:155.6(0.39%),P:1e-6	Tpos:514.2,Tstd:337.3,Bpos:572.3,Bstd:305.2,StrandBias:-1.0,Multiplicity:1.50
0.001	0.001	0.997	0.001
0.001	0.001	0.001	0.997
0.615	0.001	0.001	0.383
0.346	0.001	0.652	0.001
0.405	0.001	0.593	0.001
0.292	0.001	0.706	0.001
0.001	0.001	0.997	0.001
0.001	0.001	0.997	0.001
0.997	0.001	0.001	0.001
0.264	0.001	0.001	0.734
>AGTACTKTAA	11-AGTACTKTAA	9.497324	-13.908628	0	T:13.0(17.33%),B:1291.7(3.25%),P:1e-6	Tpos:500.9,Tstd:273.6,Bpos:523.9,Bstd:305.7,StrandBias:-1.0,Multiplicity:1.15
0.748	0.001	0.187	0.064
0.039	0.057	0.865	0.039
0.001	0.001	0.107	0.891
0.855	0.143	0.001	0.001
0.376	0.575	0.048	0.001
0.021	0.069	0.014	0.896
0.001	0.001	0.520	0.478
0.001	0.001	0.001	0.997
0.900	0.001	0.039	0.060
0.893	0.001	0.001	0.105
>CTGATAACGT	12-CTGATAACGT	8.350283	-12.552837	0	T:15.0(20.00%),B:1960.3(4.94%),P:1e-5	Tpos:481.8,Tstd:279.5,Bpos:517.2,Bstd:315.9,StrandBias:-0.7,Multiplicity:1.00
0.100	0.700	0.100	0.100
0.100	0.100	0.100	0.700
0.100	0.100	0.700	0.100
0.700	0.100	0.100	0.100
0.100	0.100	0.100	0.700
0.700	0.100	0.100	0.100
0.700	0.100	0.100	0.100
0.100	0.700	0.100	0.100
0.100	0.100	0.700	0.100
0.100	0.100	0.100	0.700
>GKCACAAACA	13-GKCACAAACA	9.249186	-12.024336	0	T:16.0(21.33%),B:2323.0(5.85%),P:1e-5	Tpos:382.2,Tstd:250.2,Bpos:518.1,Bstd:306.0,StrandBias:-1.2,Multiplicity:1.25
0.012	0.001	0.896	0.091
0.001	0.001	0.462	0.536
0.081	0.860	0.001	0.058
0.997	0.001	0.001	0.001
0.186	0.675	0.001	0.138
0.894	0.001	0.104	0.001
0.729	0.001	0.269	0.001
0.997	0.001	0.001	0.001
0.235	0.691	0.001	0.073
0.752	0.114	0.001	0.133
>CCACCTGAGC	14-CCACCTGAGC	7.465375	-11.754242	0	T:18.0(24.00%),B:2959.9(7.45%),P:1e-5	Tpos:355.4,Tstd:254.7,Bpos:517.3,Bstd:321.4,StrandBias:0.0,Multiplicity:1.22
0.001	0.536	0.266	0.197
0.001	0.997	0.001	0.001
0.921	0.001	0.077	0.001
0.001	0.868	0.059	0.072
0.165	0.764	0.070	0.001
0.001	0.001	0.001	0.997
0.001	0.100	0.898	0.001
0.752	0.176	0.001	0.071
0.067	0.143	0.665	0.125
0.265	0.639	0.001	0.095
>CAAATCTATG	15-CAAATCTATG	10.430213	-11.071415	0	T:8.0(10.67%),B:581.7(1.46%),P:1e-4	Tpos:470.0,Tstd:291.2,Bpos:473.4,Bstd:300.7,StrandBias:0.8,Multiplicity:1.38
0.001	0.997	0.001	0.001
0.997	0.001	0.001	0.001
0.740	0.001	0.258	0.001
0.997	0.001	0.001	0.001
0.001	0.273	0.001	0.725
0.001	0.997	0.001	0.001
0.001	0.001	0.179	0.819
0.820	0.178	0.001	0.001
0.001	0.001	0.001	0.997
0.001	0.091	0.907	0.001
>CGAATTCAAG	16-CGAATTCAAG	8.382081	-10.695456	0	T:17.0(22.67%),B:2888.7(7.27%),P:1e-4	Tpos:466.4,Tstd:303.7,Bpos:502.9,Bstd:302.6,StrandBias:1.1,Multiplicity:1.47
0.001	0.895	0.103	0.001
0.037	0.001	0.903	0.059
0.997	0.001	0.001	0.001
0.938	0.001	0.001	0.060
0.091	0.001	0.001	0.907
0.258	0.001	0.116	0.625
0.142	0.786	0.071	0.001
0.901	0.001	0.001	0.097
0.912	0.001	0.001	0.086
0.076	0.084	0.774	0.066
>AATCTAGAAT	17-AATCTAGAAT	11.143792	-10.506310	0	T:7.0(9.33%),B:455.6(1.15%),P:1e-4	Tpos:501.5,Tstd:208.0,Bpos:472.6,Bstd:304.1,StrandBias:0.8,Multiplicity:1.67
0.997	0.001	0.001	0.001
0.911	0.001	0.087	0.001
0.001	0.001	0.001	0.997
0.001	0.997	0.001	0.001
0.001	0.001	0.001	0.997
0.997	0.001	0.001	0.001
0.001	0.001	0.997	0.001
0.778	0.001	0.115	0.106
0.903	0.001	0.001	0.095
0.001	0.001	0.001	0.997
>AAAAGTGCAC	18-AAAAGTGCAC	9.339182	-9.867244	0	T:23.0(30.67%),B:5154.7(12.98%),P:1e-4	Tpos:521.9,Tstd:288.2,Bpos:523.4,Bstd:317.9,StrandBias:-1.4,Multiplicity:1.32
0.816	0.128	0.001	0.055
0.853	0.068	0.001	0.078
0.997	0.001	0.001	0.001
0.825	0.001	0.063	0.111
0.001	0.054	0.938	0.007
0.289	0.001	0.049	0.661
0.028	0.001	0.951	0.020
0.108	0.834	0.057	0.001
0.829	0.039	0.058	0.074
0.359	0.627	0.013	0.001
>TTTCTATCAC	19-TTTCTATCAC	10.695328	-9.798817	0	T:9.0(12.00%),B:905.8(2.28%),P:1e-4	Tpos:381.7,Tstd:209.0,Bpos:537.4,Bstd:318.8,StrandBias:-1.0,Multiplicity:1.00
0.339	0.001	0.001	0.659
0.081	0.001	0.248	0.670
0.001	0.001	0.001	0.997
0.001	0.997	0.001	0.001
0.077	0.001	0.001	0.921
0.692	0.306	0.001	0.001
0.001	0.001	0.001	0.997
0.001	0.997	0.001	0.001
0.828	0.001	0.001	0.170
0.001	0.804	0.194	0.001
>TGCCTAGAAT	20-TGCCTAGAAT	8.785380	-9.051694	0	T:12.0(16.00%),B:1767.0(4.45%),P:1e-3	Tpos:554.7,Tstd:285.6,Bpos:502.0,Bstd:301.7,StrandBias:-0.2,Multiplicity:1.36
0.001	0.169	0.082	0.748
0.372	0.001	0.624	0.003
0.001	0.944	0.005	0.050
0.001	0.923	0.001	0.075
0.279	0.001	0.001	0.719
0.991	0.001	0.001	0.007
0.001	0.054	0.621	0.324
0.682	0.224	0.089	0.005
0.827	0.087	0.085	0.001
0.058	0.001	0.001	0.940
>AAATGGGTCG	21-AAATGGGTCG	11.442809	-7.165177	0	T:4.0(5.33%),B:213.0(0.54%),P:1e-3	Tpos:318.8,Tstd:265.8,Bpos:489.0,Bstd:294.2,StrandBias:-0.7,Multiplicity:2.00
0.997	0.001	0.001	0.001
0.997	0.001	0.001	0.001
0.997	0.001	0.001	0.001
0.001	0.001	0.001	0.997
0.001	0.001	0.997	0.001
0.001	0.001	0.997	0.001
0.001	0.001	0.997	0.001
0.001	0.166	0.001	0.832
0.129	0.869	0.001	0.001
0.001	0.152	0.846	0.001
>ATCTAGGTAC	22-ATCTAGGTAC	6.404373	-3.644997	0	T:35.0(46.67%),B:13953.3(35.14%),P:1e-1	Tpos:478.9,Tstd:256.6,Bpos:496.5,Bstd:317.5,StrandBias:-0.1,Multiplicity:1.37
0.700	0.100	0.100	0.100
0.100	0.100	0.100	0.700
0.100	0.700	0.100	0.100
0.100	0.100	0.100	0.700
0.700	0.100	0.100	0.100
0.100	0.100	0.700	0.100
0.100	0.100	0.700	0.100
0.100	0.100	0.100	0.700
0.700	0.100	0.100	0.100
0.100	0.700	0.100	0.100
>TTTATTTTTG	23-TTTATTTTTG	10.296193	-3.593271	0	T:8.0(10.67%),B:1906.0(4.80%),P:1e-1	Tpos:433.8,Tstd:230.1,Bpos:510.1,Bstd:298.9,StrandBias:2.5,Multiplicity:1.62
0.100	0.100	0.100	0.700
0.100	0.100	0.100	0.700
0.100	0.100	0.100	0.700
0.700	0.100	0.100	0.100
0.100	0.100	0.100	0.700
0.100	0.100	0.100	0.700
0.100	0.100	0.100	0.700
0.100	0.100	0.100	0.700
0.100	0.100	0.100	0.700
0.100	0.100	0.700	0.100
>AAAAACCCCT	24-AAAAACCCCT	10.296193	-2.946191	0	T:2.0(2.67%),B:193.2(0.49%),P:1e-1	Tpos:374.3,Tstd:232.7,Bpos:520.2,Bstd:313.7,StrandBias:10.0,Multiplicity:3.00
0.700	0.100	0.100	0.100
0.700	0.100	0.100	0.100
0.700	0.100	0.100	0.100
0.700	0.100	0.100	0.100
0.700	0.100	0.100	0.100
0.100	0.700	0.100	0.100
0.100	0.700	0.100	0.100
0.100	0.700	0.100	0.100
0.100	0.700	0.100	0.100
0.100	0.100	0.100	0.700
>CATATACCTG	25-CATATACCTG	10.296193	-2.899359	0	T:1.0(1.33%),B:29.2(0.07%),P:1e-1	Tpos:382.0,Tstd:237.6,Bpos:465.3,Bstd:319.0,StrandBias:10.0,Multiplicity:5.00
0.100	0.700	0.100	0.100
0.700	0.100	0.100	0.100
0.100	0.100	0.100	0.700
0.700	0.100	0.100	0.100
0.100	0.100	0.100	0.700
0.700	0.100	0.100	0.100
0.100	0.700	0.100	0.100
0.100	0.700	0.100	0.100
0.100	0.100	0.100	0.700
0.100	0.100	0.700	0.100
