>TAGATGACGA	1-TAGATGACGA	11.049003	-17.180647	0	T:7.0(25.00%),B:417.9(1.19%),P:1e-7	Tpos:472.7,Tstd:272.5,Bpos:485.2,Bstd:332.6,StrandBias:-1.3,Multiplicity:1.00
0.001	0.001	0.001	0.997
0.720	0.001	0.001	0.278
0.029	0.001	0.935	0.035
0.997	0.001	0.001	0.001
0.001	0.329	0.001	0.669
0.001	0.001	0.997	0.001
0.997	0.001	0.001	0.001
0.001	0.714	0.001	0.284
0.001	0.001	0.997	0.001
0.997	0.001	0.001	0.001
>AAGSCCAGCV	2-AAGSCCAGCV	6.894639	-16.032641	0	T:8.0(28.57%),B:760.1(2.17%),P:1e-6	Tpos:572.2,Tstd:255.3,Bpos:493.6,Bstd:321.6,StrandBias:0.3,Multiplicity:1.12
0.717	0.001	0.001	0.281
0.997	0.001	0.001	0.001
0.001	0.001	0.997	0.001
0.021	0.429	0.282	0.268
0.001	0.997	0.001	0.001
0.001	0.997	0.001	0.001
0.606	0.392	0.001	0.001
0.001	0.001	0.997	0.001
0.001	0.997	0.001	0.001
0.268	0.333	0.383	0.016
>TTCTCAAAGA	3-TTCTCAAAGA	10.869883	-15.904449	0	T:8.0(28.57%),B:773.8(2.21%),P:1e-6	Tpos:537.0,Tstd:212.4,Bpos:508.4,Bstd:313.7,StrandBias:-0.3,Multiplicity:1.12
0.001	0.001	0.001	0.997
0.001	0.161	0.001	0.837
0.095	0.903	0.001	0.001
0.001	0.001	0.001	0.997
0.001	0.997	0.001	0.001
0.732	0.108	0.001	0.159
0.997	0.001	0.001	0.001
0.877	0.001	0.121	0.001
0.001	0.001	0.997	0.001
0.997	0.001	0.001	0.001
>CGGCGCGGTC	4-CGGCGCGGTC	9.023675	-8.299140	0	T:4.0(14.29%),B:385.9(1.10%),P:1e-3	Tpos:405.0,Tstd:241.2,Bpos:522.4,Bstd:312.4,StrandBias:2.8,Multiplicity:2.00
0.131	0.867	0.001	0.001
0.001	0.001	0.997	0.001
0.130	0.001	0.706	0.163
0.001	0.576	0.196	0.227
0.001	0.001	0.997	0.001
0.292	0.706	0.001	0.001
0.001	0.001	0.997	0.001
0.001	0.007	0.860	0.132
0.217	0.001	0.134	0.648
0.196	0.673	0.001	0.130
>GCGCGGGCCC	5-GCGCGGGCCC	10.296193	-7.131270	0	T:1.0(3.57%),B:0.5(0.00%),P:1e-3	Tpos:202.0,Tstd:0.0,Bpos:884.0,Bstd:0.0,StrandBias:10.0,Multiplicity:1.00
0.100	0.100	0.700	0.100
0.100	0.700	0.100	0.100
0.100	0.100	0.700	0.100
0.100	0.700	0.100	0.100
0.100	0.100	0.700	0.100
0.100	0.100	0.700	0.100
0.100	0.100	0.700	0.100
0.100	0.700	0.100	0.100
0.100	0.700	0.100	0.100
0.100	0.700	0.100	0.100
