>CTCCCTAAGGGT	21-CTCCCTAAGGGT,BestGuess:nhr-6/MA1451.1/Jaspar(0.539)	7.354398	-12.427973	0	T:19.0(20.21%),B:2460.2(6.14%),P:1e-5
0.157	0.705	0.059	0.079
0.001	0.110	0.001	0.888
0.062	0.744	0.001	0.193
0.118	0.670	0.111	0.101
0.079	0.698	0.001	0.222
0.052	0.104	0.166	0.678
0.785	0.052	0.111	0.052
0.823	0.059	0.001	0.117
0.255	0.101	0.533	0.111
0.144	0.104	0.712	0.040
0.107	0.001	0.840	0.052
0.001	0.055	0.001	0.943
