>ACTACCGTAG	1-ACTACCGTAG	8.083563	-112.667923	0	T:110.0(36.07%),B:2463.1(6.70%),P:1e-48	Tpos:676.2,Tstd:236.3,Bpos:510.1,Bstd:317.7,StrandBias:-0.1,Multiplicity:1.11
0.744	0.097	0.062	0.097
0.105	0.716	0.083	0.096
0.034	0.026	0.070	0.870
0.910	0.049	0.010	0.031
0.001	0.887	0.029	0.083
0.144	0.654	0.136	0.066
0.027	0.035	0.929	0.009
0.052	0.044	0.033	0.871
0.878	0.045	0.028	0.049
0.128	0.221	0.545	0.106
>TACCGTAMMC	2-TACCGTAMMC	7.341210	-92.908411	0	T:132.0(43.28%),B:4503.6(12.25%),P:1e-40	Tpos:627.6,Tstd:247.8,Bpos:508.6,Bstd:320.2,StrandBias:0.1,Multiplicity:1.18
0.078	0.142	0.103	0.677
0.735	0.001	0.051	0.213
0.037	0.889	0.001	0.073
0.222	0.466	0.255	0.057
0.085	0.056	0.827	0.032
0.247	0.001	0.001	0.751
0.862	0.001	0.050	0.087
0.386	0.287	0.106	0.220
0.333	0.358	0.124	0.185
0.094	0.527	0.166	0.213
>TTAAAGGCGC	3-TTAAAGGCGC	7.537856	-84.599087	0	T:100.0(32.79%),B:2729.1(7.42%),P:1e-36	Tpos:688.0,Tstd:208.7,Bpos:533.7,Bstd:339.2,StrandBias:0.5,Multiplicity:1.16
0.001	0.012	0.001	0.986
0.019	0.101	0.022	0.858
0.953	0.045	0.001	0.001
0.997	0.001	0.001	0.001
0.959	0.039	0.001	0.001
0.001	0.027	0.955	0.017
0.013	0.001	0.937	0.049
0.102	0.831	0.021	0.046
0.124	0.001	0.865	0.010
0.001	0.997	0.001	0.001
>GGGTCTCGCC	4-GGGTCTCGCC	7.764126	-77.947207	0	T:98.0(32.13%),B:2838.7(7.72%),P:1e-33	Tpos:674.9,Tstd:244.1,Bpos:534.6,Bstd:344.0,StrandBias:0.6,Multiplicity:1.13
0.152	0.052	0.686	0.110
0.058	0.073	0.811	0.058
0.066	0.093	0.754	0.087
0.001	0.001	0.001	0.997
0.049	0.829	0.033	0.089
0.022	0.100	0.001	0.877
0.092	0.848	0.001	0.059
0.141	0.001	0.844	0.014
0.123	0.703	0.088	0.086
0.198	0.657	0.119	0.026
>TGCGKACTTG	5-TGCGKACTTG	6.516001	-35.709252	0	T:37.0(12.13%),B:827.9(2.25%),P:1e-15	Tpos:652.7,Tstd:234.4,Bpos:556.7,Bstd:353.6,StrandBias:-0.5,Multiplicity:1.19
0.251	0.158	0.111	0.480
0.120	0.317	0.562	0.001
0.204	0.715	0.037	0.044
0.211	0.065	0.476	0.248
0.039	0.252	0.304	0.405
0.402	0.156	0.217	0.225
0.159	0.713	0.118	0.010
0.338	0.160	0.001	0.501
0.001	0.309	0.104	0.586
0.001	0.297	0.495	0.206
>CGCAAACACT	6-CGCAAACACT	7.938497	-28.587153	0	T:41.0(13.44%),B:1285.5(3.50%),P:1e-12	Tpos:547.3,Tstd:286.9,Bpos:563.3,Bstd:349.8,StrandBias:-0.3,Multiplicity:1.06
0.204	0.717	0.007	0.072
0.049	0.257	0.668	0.026
0.073	0.655	0.001	0.271
0.547	0.153	0.273	0.027
0.644	0.016	0.185	0.155
0.687	0.001	0.232	0.080
0.001	0.688	0.092	0.219
0.881	0.030	0.058	0.031
0.230	0.506	0.216	0.048
0.201	0.118	0.204	0.477
>TGTTACTCGT	7-TGTTACTCGT	8.643120	-27.359073	0	T:34.0(11.15%),B:930.8(2.53%),P:1e-11	Tpos:572.9,Tstd:297.8,Bpos:506.2,Bstd:326.3,StrandBias:0.2,Multiplicity:1.03
0.059	0.001	0.001	0.939
0.001	0.001	0.938	0.060
0.046	0.001	0.001	0.952
0.051	0.151	0.001	0.797
0.961	0.037	0.001	0.001
0.001	0.976	0.001	0.022
0.057	0.086	0.116	0.741
0.051	0.835	0.048	0.066
0.033	0.001	0.934	0.032
0.001	0.001	0.001	0.997
>AAGCTCATGG	8-AAGCTCATGG	8.739586	-27.313715	0	T:41.0(13.44%),B:1339.0(3.64%),P:1e-11	Tpos:470.5,Tstd:285.7,Bpos:465.5,Bstd:314.1,StrandBias:0.1,Multiplicity:1.07
0.925	0.001	0.073	0.001
0.737	0.001	0.190	0.072
0.001	0.001	0.762	0.236
0.238	0.709	0.001	0.052
0.062	0.001	0.001	0.936
0.079	0.741	0.128	0.052
0.757	0.179	0.001	0.063
0.001	0.137	0.001	0.861
0.001	0.113	0.885	0.001
0.001	0.001	0.764	0.234
>ACTGCGCGCG	9-ACTGCGCGCG	7.687206	-26.952197	0	T:39.0(12.79%),B:1233.9(3.36%),P:1e-11	Tpos:663.1,Tstd:227.4,Bpos:554.7,Bstd:367.6,StrandBias:0.8,Multiplicity:1.14
0.839	0.045	0.054	0.062
0.079	0.650	0.089	0.182
0.095	0.031	0.079	0.795
0.078	0.044	0.755	0.123
0.062	0.865	0.039	0.034
0.039	0.024	0.830	0.107
0.068	0.781	0.037	0.114
0.051	0.034	0.900	0.015
0.093	0.831	0.056	0.020
0.085	0.057	0.765	0.093
>TAAACWTATT	10-TAAACWTATT	9.988737	-25.757906	0	T:95.0(31.15%),B:5680.5(15.45%),P:1e-11	Tpos:541.7,Tstd:299.8,Bpos:512.4,Bstd:317.6,StrandBias:-0.1,Multiplicity:1.22
0.131	0.001	0.001	0.867
0.956	0.014	0.001	0.029
0.997	0.001	0.001	0.001
0.967	0.001	0.001	0.031
0.233	0.545	0.157	0.065
0.507	0.001	0.001	0.491
0.204	0.110	0.010	0.676
0.988	0.010	0.001	0.001
0.028	0.001	0.001	0.970
0.025	0.013	0.001	0.961
>GCTCGTAAAA	11-GCTCGTAAAA	8.928539	-24.240885	0	T:43.0(14.10%),B:1614.8(4.39%),P:1e-10	Tpos:582.0,Tstd:250.5,Bpos:497.5,Bstd:356.9,StrandBias:-0.2,Multiplicity:1.05
0.044	0.001	0.817	0.138
0.001	0.997	0.001	0.001
0.001	0.051	0.024	0.924
0.033	0.965	0.001	0.001
0.001	0.020	0.978	0.001
0.077	0.074	0.047	0.802
0.856	0.097	0.046	0.001
0.889	0.048	0.062	0.001
0.997	0.001	0.001	0.001
0.814	0.046	0.054	0.086
>TCAGCGCTGA	12-TCAGCGCTGA	8.203944	-23.539759	0	T:33.0(10.82%),B:1018.0(2.77%),P:1e-10	Tpos:463.4,Tstd:303.4,Bpos:483.3,Bstd:369.4,StrandBias:0.2,Multiplicity:1.09
0.108	0.138	0.028	0.726
0.200	0.653	0.025	0.122
0.813	0.086	0.036	0.065
0.266	0.101	0.565	0.068
0.001	0.902	0.001	0.096
0.001	0.071	0.910	0.018
0.158	0.814	0.001	0.027
0.126	0.001	0.147	0.726
0.001	0.080	0.875	0.044
0.997	0.001	0.001	0.001
>GATGTGCAGG	13-GATGTGCAGG	10.517597	-22.225347	0	T:16.0(5.25%),B:226.5(0.62%),P:1e-9	Tpos:637.7,Tstd:236.0,Bpos:488.1,Bstd:331.4,StrandBias:0.0,Multiplicity:1.12
0.001	0.001	0.919	0.079
0.919	0.001	0.079	0.001
0.001	0.001	0.001	0.997
0.054	0.001	0.944	0.001
0.001	0.057	0.052	0.890
0.001	0.001	0.997	0.001
0.001	0.935	0.001	0.063
0.940	0.058	0.001	0.001
0.001	0.001	0.997	0.001
0.001	0.001	0.997	0.001
>ACGCGAAATC	14-ACGCGAAATC	10.010495	-20.717816	0	T:23.0(7.54%),B:567.1(1.54%),P:1e-8	Tpos:532.3,Tstd:322.6,Bpos:486.7,Bstd:356.9,StrandBias:0.6,Multiplicity:1.00
0.871	0.001	0.001	0.127
0.037	0.836	0.001	0.126
0.096	0.139	0.739	0.026
0.016	0.951	0.001	0.032
0.001	0.072	0.926	0.001
0.941	0.057	0.001	0.001
0.997	0.001	0.001	0.001
0.939	0.001	0.001	0.059
0.001	0.001	0.001	0.997
0.001	0.842	0.087	0.070
>TTCTTTTCAG	15-TTCTTTTCAG	9.871596	-18.918304	0	T:34.0(11.15%),B:1296.2(3.52%),P:1e-8	Tpos:521.6,Tstd:310.1,Bpos:533.6,Bstd:363.2,StrandBias:-0.2,Multiplicity:1.06
0.001	0.001	0.034	0.964
0.001	0.089	0.141	0.769
0.001	0.997	0.001	0.001
0.001	0.001	0.001	0.997
0.001	0.001	0.001	0.997
0.001	0.001	0.001	0.997
0.029	0.001	0.001	0.969
0.001	0.997	0.001	0.001
0.875	0.123	0.001	0.001
0.001	0.001	0.997	0.001
>AGGCCTGCGA	16-AGGCCTGCGA	4.901648	-18.748920	0	T:32.0(10.49%),B:1173.1(3.19%),P:1e-8	Tpos:628.5,Tstd:261.6,Bpos:498.3,Bstd:328.0,StrandBias:-0.3,Multiplicity:1.44
0.997	0.001	0.001	0.001
0.001	0.001	0.997	0.001
0.001	0.001	0.997	0.001
0.001	0.997	0.001	0.001
0.001	0.997	0.001	0.001
0.001	0.001	0.001	0.997
0.246	0.001	0.661	0.092
0.247	0.651	0.101	0.001
0.357	0.001	0.641	0.001
0.800	0.001	0.001	0.198
>TCCACTGCCG	17-TCCACTGCCG	10.661438	-17.776604	0	T:9.0(2.95%),B:70.8(0.19%),P:1e-7	Tpos:374.4,Tstd:232.8,Bpos:485.3,Bstd:312.1,StrandBias:2.3,Multiplicity:2.00
0.001	0.001	0.001	0.997
0.001	0.941	0.057	0.001
0.001	0.860	0.138	0.001
0.941	0.001	0.057	0.001
0.001	0.959	0.001	0.039
0.001	0.001	0.001	0.997
0.001	0.001	0.997	0.001
0.001	0.997	0.001	0.001
0.001	0.997	0.001	0.001
0.001	0.064	0.934	0.001
>GGAGATTTCC	18-GGAGATTTCC	8.377702	-16.509215	0	T:31.0(10.16%),B:1227.8(3.34%),P:1e-7	Tpos:423.2,Tstd:285.4,Bpos:476.5,Bstd:332.2,StrandBias:0.5,Multiplicity:1.07
0.021	0.001	0.801	0.177
0.181	0.164	0.646	0.009
0.585	0.199	0.001	0.215
0.028	0.064	0.736	0.172
0.585	0.364	0.032	0.019
0.242	0.018	0.001	0.739
0.001	0.001	0.146	0.852
0.001	0.001	0.285	0.713
0.001	0.730	0.268	0.001
0.001	0.661	0.133	0.205
>CTTAGCATTT	19-CTTAGCATTT	10.295201	-15.234248	0	T:23.0(7.54%),B:773.9(2.10%),P:1e-6	Tpos:527.7,Tstd:255.3,Bpos:494.7,Bstd:325.4,StrandBias:-0.4,Multiplicity:1.27
0.001	0.890	0.001	0.108
0.245	0.001	0.001	0.753
0.126	0.001	0.001	0.872
0.868	0.001	0.130	0.001
0.001	0.001	0.997	0.001
0.001	0.997	0.001	0.001
0.789	0.209	0.001	0.001
0.001	0.170	0.001	0.828
0.001	0.001	0.001	0.997
0.001	0.001	0.001	0.997
>ATCGCGATGA	20-ATCGCGATGA	9.548298	-14.325918	0	T:20.0(6.56%),B:632.5(1.72%),P:1e-6	Tpos:559.4,Tstd:245.7,Bpos:495.0,Bstd:368.4,StrandBias:-0.3,Multiplicity:1.05
0.967	0.001	0.001	0.031
0.001	0.092	0.058	0.849
0.001	0.930	0.040	0.029
0.030	0.057	0.912	0.001
0.060	0.862	0.001	0.077
0.029	0.071	0.899	0.001
0.946	0.052	0.001	0.001
0.043	0.001	0.001	0.955
0.001	0.001	0.931	0.067
0.919	0.001	0.001	0.079
>TCAGCGGAAA	21-TCAGCGGAAA	7.381886	-12.570759	0	T:132.0(43.28%),B:11340.8(30.84%),P:1e-5	Tpos:527.9,Tstd:298.7,Bpos:512.5,Bstd:355.9,StrandBias:-0.4,Multiplicity:1.40
0.036	0.040	0.054	0.870
0.081	0.836	0.025	0.058
0.841	0.054	0.051	0.054
0.200	0.103	0.569	0.128
0.046	0.731	0.078	0.145
0.010	0.149	0.717	0.124
0.145	0.111	0.673	0.071
0.921	0.024	0.054	0.001
0.988	0.010	0.001	0.001
0.868	0.016	0.066	0.050
>CKAAAAKGGG	22-CKAAAAKGGG	10.472559	-9.428293	0	T:15.0(4.92%),B:550.1(1.50%),P:1e-4	Tpos:547.3,Tstd:225.8,Bpos:491.4,Bstd:350.0,StrandBias:-0.6,Multiplicity:2.33
0.070	0.774	0.155	0.001
0.007	0.001	0.539	0.453
0.997	0.001	0.001	0.001
0.868	0.130	0.001	0.001
0.896	0.001	0.001	0.102
0.804	0.001	0.001	0.194
0.001	0.001	0.508	0.490
0.001	0.115	0.883	0.001
0.001	0.013	0.985	0.001
0.205	0.001	0.491	0.304
>CCGGATCTAC	23-CCGGATCTAC	10.815186	-9.138012	0	T:5.0(1.64%),B:53.0(0.14%),P:1e-3	Tpos:636.2,Tstd:137.1,Bpos:372.4,Bstd:315.5,StrandBias:-0.1,Multiplicity:4.20
0.001	0.997	0.001	0.001
0.001	0.935	0.063	0.001
0.001	0.001	0.997	0.001
0.001	0.001	0.997	0.001
0.997	0.001	0.001	0.001
0.001	0.001	0.001	0.997
0.001	0.997	0.001	0.001
0.052	0.001	0.001	0.946
0.997	0.001	0.001	0.001
0.001	0.997	0.001	0.001
>TCGGCGATCG	24-TCGGCGATCG	10.659730	-7.236985	0	T:6.0(1.97%),B:123.0(0.33%),P:1e-3	Tpos:212.3,Tstd:186.2,Bpos:506.6,Bstd:388.7,StrandBias:0.0,Multiplicity:1.83
0.081	0.001	0.001	0.917
0.001	0.997	0.001	0.001
0.001	0.001	0.901	0.097
0.055	0.034	0.910	0.001
0.001	0.929	0.001	0.069
0.001	0.001	0.905	0.093
0.940	0.001	0.001	0.058
0.001	0.001	0.001	0.997
0.069	0.929	0.001	0.001
0.001	0.001	0.997	0.001
>GTTCCACCAG	25-GTTCCACCAG	6.404373	-3.247107	0	T:128.0(41.97%),B:13563.9(36.88%),P:1e-1	Tpos:385.0,Tstd:269.6,Bpos:476.2,Bstd:321.6,StrandBias:0.1,Multiplicity:1.41
0.100	0.100	0.700	0.100
0.100	0.100	0.100	0.700
0.100	0.100	0.100	0.700
0.100	0.700	0.100	0.100
0.100	0.700	0.100	0.100
0.700	0.100	0.100	0.100
0.100	0.700	0.100	0.100
0.100	0.700	0.100	0.100
0.700	0.100	0.100	0.100
0.100	0.100	0.700	0.100
