>TACCGTAG	1-TACCGTAG	8.990121	-134.900526	0	T:154.0(50.49%),B:4437.1(12.07%),P:1e-58	Tpos:681.2,Tstd:228.9,Bpos:510.8,Bstd:316.5,StrandBias:0.0,Multiplicity:1.14
0.001	0.001	0.001	0.997
0.997	0.001	0.001	0.001
0.001	0.997	0.001	0.001
0.001	0.535	0.233	0.231
0.001	0.001	0.997	0.001
0.001	0.001	0.001	0.997
0.997	0.001	0.001	0.001
0.051	0.233	0.679	0.037
>GCGGGACC	2-GCGGGACC	4.566544	-76.930306	0	T:104.0(34.10%),B:3254.6(8.85%),P:1e-33	Tpos:674.0,Tstd:235.2,Bpos:519.6,Bstd:347.9,StrandBias:-0.4,Multiplicity:1.11
0.001	0.001	0.984	0.014
0.001	0.959	0.001	0.039
0.001	0.001	0.997	0.001
0.111	0.001	0.887	0.001
0.001	0.001	0.997	0.001
0.997	0.001	0.001	0.001
0.001	0.997	0.001	0.001
0.001	0.997	0.001	0.001
>AAAGGCGC	3-AAAGGCGC	9.242971	-42.871834	0	T:68.0(22.30%),B:2353.6(6.40%),P:1e-18	Tpos:666.2,Tstd:222.9,Bpos:533.6,Bstd:341.2,StrandBias:0.4,Multiplicity:1.07
0.997	0.001	0.001	0.001
0.997	0.001	0.001	0.001
0.997	0.001	0.001	0.001
0.001	0.001	0.997	0.001
0.001	0.001	0.997	0.001
0.001	0.837	0.001	0.161
0.001	0.001	0.997	0.001
0.001	0.997	0.001	0.001
>CGCAAACA	4-CGCAAACA	8.611262	-30.484344	0	T:57.0(18.69%),B:2232.0(6.07%),P:1e-13	Tpos:603.6,Tstd:261.3,Bpos:550.9,Bstd:349.8,StrandBias:0.1,Multiplicity:1.11
0.001	0.997	0.001	0.001
0.001	0.001	0.997	0.001
0.001	0.997	0.001	0.001
0.997	0.001	0.001	0.001
0.997	0.001	0.001	0.001
0.889	0.001	0.109	0.001
0.001	0.997	0.001	0.001
0.902	0.096	0.001	0.001
>CTCGCAAA	5-CTCGCAAA	7.050446	-25.243813	0	T:119.0(39.02%),B:8023.2(21.82%),P:1e-10	Tpos:544.1,Tstd:276.6,Bpos:513.6,Bstd:363.3,StrandBias:-0.1,Multiplicity:1.28
0.001	0.680	0.001	0.318
0.001	0.001	0.001	0.997
0.001	0.997	0.001	0.001
0.001	0.001	0.997	0.001
0.001	0.946	0.001	0.052
0.845	0.001	0.153	0.001
0.781	0.217	0.001	0.001
0.761	0.237	0.001	0.001
>CGTGGCGA	6-CGTGGCGA	7.583049	-24.673098	0	T:61.0(20.00%),B:2892.4(7.86%),P:1e-10	Tpos:535.5,Tstd:297.2,Bpos:480.6,Bstd:360.4,StrandBias:-0.5,Multiplicity:1.09
0.001	0.997	0.001	0.001
0.001	0.001	0.832	0.166
0.001	0.047	0.001	0.951
0.011	0.005	0.818	0.166
0.133	0.337	0.529	0.001
0.001	0.652	0.309	0.038
0.001	0.313	0.685	0.001
0.908	0.090	0.001	0.001
>TGCGTACC	7-TGCGTACC	6.556206	-22.652048	0	T:54.0(17.70%),B:2499.0(6.80%),P:1e-9	Tpos:652.6,Tstd:233.5,Bpos:512.0,Bstd:351.5,StrandBias:-0.8,Multiplicity:1.27
0.101	0.001	0.001	0.897
0.001	0.001	0.997	0.001
0.001	0.997	0.001	0.001
0.001	0.001	0.997	0.001
0.001	0.001	0.001	0.997
0.997	0.001	0.001	0.001
0.001	0.917	0.001	0.081
0.001	0.848	0.001	0.150
>WATGGACG	8-WATGGACG	7.320940	-20.399796	0	T:72.0(23.61%),B:4161.9(11.32%),P:1e-8	Tpos:473.2,Tstd:271.4,Bpos:503.5,Bstd:349.0,StrandBias:0.3,Multiplicity:1.22
0.514	0.001	0.001	0.484
0.839	0.001	0.159	0.001
0.001	0.001	0.240	0.758
0.001	0.001	0.921	0.077
0.001	0.001	0.997	0.001
0.982	0.001	0.016	0.001
0.001	0.997	0.001	0.001
0.001	0.001	0.997	0.001
>ACTTCGCG	9-ACTTCGCG	6.697017	-19.380467	0	T:99.0(32.46%),B:6779.6(18.44%),P:1e-8	Tpos:521.1,Tstd:272.9,Bpos:510.1,Bstd:346.7,StrandBias:-0.5,Multiplicity:1.19
0.988	0.010	0.001	0.001
0.196	0.708	0.006	0.090
0.033	0.017	0.079	0.871
0.010	0.008	0.001	0.981
0.010	0.853	0.074	0.063
0.224	0.023	0.752	0.001
0.090	0.870	0.001	0.039
0.001	0.001	0.978	0.020
>ACYGTAAC	10-ACYGTAAC	8.808058	-19.022500	0	T:42.0(13.77%),B:1850.1(5.03%),P:1e-8	Tpos:551.9,Tstd:269.0,Bpos:492.5,Bstd:322.1,StrandBias:-0.8,Multiplicity:1.17
0.997	0.001	0.001	0.001
0.122	0.619	0.001	0.258
0.001	0.555	0.001	0.443
0.001	0.001	0.997	0.001
0.001	0.026	0.001	0.972
0.988	0.001	0.010	0.001
0.567	0.071	0.361	0.001
0.001	0.862	0.001	0.136
>CGCGCGWA	11-CGCGCGWA	7.238148	-18.089029	0	T:38.0(12.46%),B:1621.1(4.41%),P:1e-7	Tpos:620.7,Tstd:251.4,Bpos:550.4,Bstd:366.1,StrandBias:0.2,Multiplicity:1.11
0.040	0.958	0.001	0.001
0.001	0.072	0.926	0.001
0.069	0.929	0.001	0.001
0.001	0.001	0.997	0.001
0.041	0.957	0.001	0.001
0.001	0.020	0.960	0.019
0.343	0.239	0.001	0.418
0.906	0.040	0.001	0.053
>ACGATGGT	12-ACGATGGT	7.073962	-16.852918	0	T:90.0(29.51%),B:6233.1(16.95%),P:1e-7	Tpos:446.9,Tstd:270.8,Bpos:487.9,Bstd:337.0,StrandBias:-0.1,Multiplicity:1.17
0.889	0.109	0.001	0.001
0.001	0.997	0.001	0.001
0.001	0.001	0.997	0.001
0.997	0.001	0.001	0.001
0.001	0.071	0.001	0.927
0.162	0.048	0.549	0.241
0.057	0.001	0.941	0.001
0.153	0.141	0.001	0.705
>CGTGCGAT	13-CGTGCGAT	7.534023	-16.299048	0	T:52.0(17.05%),B:2846.9(7.74%),P:1e-7	Tpos:495.0,Tstd:312.5,Bpos:499.5,Bstd:345.9,StrandBias:-0.7,Multiplicity:1.19
0.084	0.895	0.020	0.001
0.086	0.022	0.851	0.041
0.145	0.019	0.001	0.835
0.001	0.001	0.997	0.001
0.088	0.822	0.019	0.071
0.001	0.124	0.874	0.001
0.979	0.019	0.001	0.001
0.026	0.124	0.109	0.741
>CTTCAGCG	14-CTTCAGCG	6.225569	-15.928809	0	T:108.0(35.41%),B:8170.7(22.22%),P:1e-6	Tpos:471.0,Tstd:296.5,Bpos:486.7,Bstd:370.4,StrandBias:0.1,Multiplicity:1.28
0.052	0.830	0.044	0.074
0.102	0.001	0.119	0.778
0.001	0.001	0.001	0.997
0.010	0.931	0.023	0.036
0.887	0.040	0.072	0.001
0.107	0.114	0.778	0.001
0.001	0.937	0.061	0.001
0.001	0.001	0.888	0.110
>TAAAATTA	15-TAAAATTA	8.346323	-15.690046	0	T:169.0(55.41%),B:14941.3(40.63%),P:1e-6	Tpos:592.7,Tstd:290.0,Bpos:515.0,Bstd:323.0,StrandBias:-0.2,Multiplicity:1.49
0.001	0.001	0.001	0.997
0.800	0.001	0.001	0.198
0.997	0.001	0.001	0.001
0.903	0.001	0.001	0.095
0.859	0.001	0.001	0.139
0.001	0.001	0.001	0.997
0.001	0.001	0.001	0.997
0.997	0.001	0.001	0.001
>ACGAATCC	16-ACGAATCC	7.357389	-15.225261	0	T:67.0(21.97%),B:4269.7(11.61%),P:1e-6	Tpos:448.2,Tstd:278.3,Bpos:472.1,Bstd:346.5,StrandBias:0.2,Multiplicity:1.19
0.881	0.001	0.063	0.055
0.102	0.896	0.001	0.001
0.001	0.001	0.976	0.022
0.997	0.001	0.001	0.001
0.880	0.001	0.020	0.099
0.001	0.001	0.060	0.938
0.216	0.741	0.042	0.001
0.171	0.796	0.032	0.001
>TCCACSAG	17-TCCACSAG	6.668973	-14.742776	0	T:114.0(37.38%),B:8988.8(24.44%),P:1e-6	Tpos:386.7,Tstd:275.2,Bpos:471.2,Bstd:335.8,StrandBias:-0.0,Multiplicity:1.27
0.049	0.001	0.148	0.802
0.024	0.901	0.022	0.053
0.114	0.857	0.001	0.028
0.806	0.020	0.064	0.110
0.001	0.644	0.227	0.128
0.160	0.392	0.448	0.001
0.709	0.130	0.160	0.001
0.001	0.001	0.935	0.063
>AGGCCTAA	18-AGGCCTAA	9.430366	-14.517554	0	T:20.0(6.56%),B:624.5(1.70%),P:1e-6	Tpos:624.2,Tstd:252.6,Bpos:502.5,Bstd:326.8,StrandBias:0.9,Multiplicity:1.00
0.997	0.001	0.001	0.001
0.001	0.001	0.997	0.001
0.001	0.001	0.997	0.001
0.001	0.997	0.001	0.001
0.001	0.997	0.001	0.001
0.001	0.001	0.001	0.997
0.703	0.001	0.220	0.076
0.880	0.118	0.001	0.001
>CTCTTCGA	19-CTCTTCGA	9.254930	-13.170437	0	T:45.0(14.75%),B:2557.6(6.95%),P:1e-5	Tpos:521.6,Tstd:307.5,Bpos:492.8,Bstd:337.0,StrandBias:0.4,Multiplicity:1.07
0.001	0.997	0.001	0.001
0.001	0.208	0.001	0.790
0.217	0.781	0.001	0.001
0.001	0.001	0.001	0.997
0.001	0.001	0.001	0.997
0.001	0.997	0.001	0.001
0.001	0.001	0.997	0.001
0.997	0.001	0.001	0.001
>GGATTAAA	20-GGATTAAA	8.025428	-12.702108	0	T:102.0(33.44%),B:8082.0(21.98%),P:1e-5	Tpos:575.2,Tstd:266.8,Bpos:512.8,Bstd:329.2,StrandBias:-0.5,Multiplicity:1.23
0.001	0.001	0.997	0.001
0.137	0.001	0.861	0.001
0.997	0.001	0.001	0.001
0.001	0.001	0.001	0.997
0.001	0.415	0.001	0.583
0.997	0.001	0.001	0.001
0.997	0.001	0.001	0.001
0.593	0.001	0.001	0.405
>ATTTGGCC	21-ATTTGGCC	9.314859	-11.109940	0	T:24.0(7.87%),B:1069.2(2.91%),P:1e-4	Tpos:538.9,Tstd:286.9,Bpos:488.5,Bstd:314.7,StrandBias:-1.2,Multiplicity:1.00
0.997	0.001	0.001	0.001
0.001	0.173	0.001	0.825
0.001	0.001	0.001	0.997
0.001	0.001	0.001	0.997
0.001	0.001	0.997	0.001
0.001	0.001	0.997	0.001
0.001	0.997	0.001	0.001
0.001	0.997	0.001	0.001
>TTTTCGTY	22-TTTTCGTY	6.929046	-7.754606	0	T:138.0(45.25%),B:13151.8(35.76%),P:1e-3	Tpos:538.3,Tstd:284.1,Bpos:519.8,Bstd:354.2,StrandBias:0.6,Multiplicity:1.56
0.049	0.001	0.001	0.949
0.001	0.001	0.001	0.997
0.001	0.001	0.001	0.997
0.296	0.001	0.001	0.702
0.001	0.997	0.001	0.001
0.001	0.001	0.997	0.001
0.001	0.001	0.001	0.997
0.001	0.538	0.001	0.460
>CCGGATCT	23-CCGGATCT	4.345134	-1.963641	0	T:295.0(96.72%),B:35028.9(95.25%),P:1e0	Tpos:442.4,Tstd:272.4,Bpos:486.2,Bstd:337.4,StrandBias:0.2,Multiplicity:4.18
0.100	0.700	0.100	0.100
0.100	0.700	0.100	0.100
0.100	0.100	0.700	0.100
0.100	0.100	0.700	0.100
0.700	0.100	0.100	0.100
0.100	0.100	0.100	0.700
0.100	0.700	0.100	0.100
0.100	0.100	0.100	0.700
