>ACTACCGTAG	1-ACTACCGTAG	8.083563	-112.667923	0	T:110.0(36.07%),B:2463.1(6.70%),P:1e-48	Tpos:676.2,Tstd:236.3,Bpos:510.1,Bstd:317.7,StrandBias:-0.1,Multiplicity:1.11
0.744	0.097	0.062	0.097
0.105	0.716	0.083	0.096
0.034	0.026	0.070	0.870
0.910	0.049	0.010	0.031
0.001	0.887	0.029	0.083
0.144	0.654	0.136	0.066
0.027	0.035	0.929	0.009
0.052	0.044	0.033	0.871
0.878	0.045	0.028	0.049
0.128	0.221	0.545	0.106
>TACCGTAMMC	2-TACCGTAMMC	7.341210	-92.908411	0	T:132.0(43.28%),B:4503.6(12.25%),P:1e-40	Tpos:627.6,Tstd:247.8,Bpos:508.6,Bstd:320.2,StrandBias:0.1,Multiplicity:1.18
0.078	0.142	0.103	0.677
0.735	0.001	0.051	0.213
0.037	0.889	0.001	0.073
0.222	0.466	0.255	0.057
0.085	0.056	0.827	0.032
0.247	0.001	0.001	0.751
0.862	0.001	0.050	0.087
0.386	0.287	0.106	0.220
0.333	0.358	0.124	0.185
0.094	0.527	0.166	0.213
>TTAAAGGCGC	3-TTAAAGGCGC	7.537856	-84.599087	0	T:100.0(32.79%),B:2729.1(7.42%),P:1e-36	Tpos:688.0,Tstd:208.7,Bpos:533.7,Bstd:339.2,StrandBias:0.5,Multiplicity:1.16
0.001	0.012	0.001	0.986
0.019	0.101	0.022	0.858
0.953	0.045	0.001	0.001
0.997	0.001	0.001	0.001
0.959	0.039	0.001	0.001
0.001	0.027	0.955	0.017
0.013	0.001	0.937	0.049
0.102	0.831	0.021	0.046
0.124	0.001	0.865	0.010
0.001	0.997	0.001	0.001
>GGGTCTCGCC	4-GGGTCTCGCC	7.764126	-77.947207	0	T:98.0(32.13%),B:2838.7(7.72%),P:1e-33	Tpos:674.9,Tstd:244.1,Bpos:534.6,Bstd:344.0,StrandBias:0.6,Multiplicity:1.13
0.152	0.052	0.686	0.110
0.058	0.073	0.811	0.058
0.066	0.093	0.754	0.087
0.001	0.001	0.001	0.997
0.049	0.829	0.033	0.089
0.022	0.100	0.001	0.877
0.092	0.848	0.001	0.059
0.141	0.001	0.844	0.014
0.123	0.703	0.088	0.086
0.198	0.657	0.119	0.026
>TGCGKACTTG	5-TGCGKACTTG	6.516001	-35.709252	0	T:37.0(12.13%),B:827.9(2.25%),P:1e-15	Tpos:652.7,Tstd:234.4,Bpos:556.7,Bstd:353.6,StrandBias:-0.5,Multiplicity:1.19
0.251	0.158	0.111	0.480
0.120	0.317	0.562	0.001
0.204	0.715	0.037	0.044
0.211	0.065	0.476	0.248
0.039	0.252	0.304	0.405
0.402	0.156	0.217	0.225
0.159	0.713	0.118	0.010
0.338	0.160	0.001	0.501
0.001	0.309	0.104	0.586
0.001	0.297	0.495	0.206
>CGCAAACACT	6-CGCAAACACT	7.938497	-28.587153	0	T:41.0(13.44%),B:1285.5(3.50%),P:1e-12	Tpos:547.3,Tstd:286.9,Bpos:563.3,Bstd:349.8,StrandBias:-0.3,Multiplicity:1.06
0.204	0.717	0.007	0.072
0.049	0.257	0.668	0.026
0.073	0.655	0.001	0.271
0.547	0.153	0.273	0.027
0.644	0.016	0.185	0.155
0.687	0.001	0.232	0.080
0.001	0.688	0.092	0.219
0.881	0.030	0.058	0.031
0.230	0.506	0.216	0.048
0.201	0.118	0.204	0.477
>TGTTACTCGT	7-TGTTACTCGT	8.643120	-27.359073	0	T:34.0(11.15%),B:930.8(2.53%),P:1e-11	Tpos:572.9,Tstd:297.8,Bpos:506.2,Bstd:326.3,StrandBias:0.2,Multiplicity:1.03
0.059	0.001	0.001	0.939
0.001	0.001	0.938	0.060
0.046	0.001	0.001	0.952
0.051	0.151	0.001	0.797
0.961	0.037	0.001	0.001
0.001	0.976	0.001	0.022
0.057	0.086	0.116	0.741
0.051	0.835	0.048	0.066
0.033	0.001	0.934	0.032
0.001	0.001	0.001	0.997
>AAGCTCATGG	8-AAGCTCATGG	8.739586	-27.313715	0	T:41.0(13.44%),B:1339.0(3.64%),P:1e-11	Tpos:470.5,Tstd:285.7,Bpos:465.5,Bstd:314.1,StrandBias:0.1,Multiplicity:1.07
0.925	0.001	0.073	0.001
0.737	0.001	0.190	0.072
0.001	0.001	0.762	0.236
0.238	0.709	0.001	0.052
0.062	0.001	0.001	0.936
0.079	0.741	0.128	0.052
0.757	0.179	0.001	0.063
0.001	0.137	0.001	0.861
0.001	0.113	0.885	0.001
0.001	0.001	0.764	0.234
>ACTGCGCGCG	9-ACTGCGCGCG	7.687206	-26.952197	0	T:39.0(12.79%),B:1233.9(3.36%),P:1e-11	Tpos:663.1,Tstd:227.4,Bpos:554.7,Bstd:367.6,StrandBias:0.8,Multiplicity:1.14
0.839	0.045	0.054	0.062
0.079	0.650	0.089	0.182
0.095	0.031	0.079	0.795
0.078	0.044	0.755	0.123
0.062	0.865	0.039	0.034
0.039	0.024	0.830	0.107
0.068	0.781	0.037	0.114
0.051	0.034	0.900	0.015
0.093	0.831	0.056	0.020
0.085	0.057	0.765	0.093
>TAAACWTATT	10-TAAACWTATT	9.988737	-25.757906	0	T:95.0(31.15%),B:5680.5(15.45%),P:1e-11	Tpos:541.7,Tstd:299.8,Bpos:512.4,Bstd:317.6,StrandBias:-0.1,Multiplicity:1.22
0.131	0.001	0.001	0.867
0.956	0.014	0.001	0.029
0.997	0.001	0.001	0.001
0.967	0.001	0.001	0.031
0.233	0.545	0.157	0.065
0.507	0.001	0.001	0.491
0.204	0.110	0.010	0.676
0.988	0.010	0.001	0.001
0.028	0.001	0.001	0.970
0.025	0.013	0.001	0.961
>GCTCGTAAAA	11-GCTCGTAAAA	8.928539	-24.240885	0	T:43.0(14.10%),B:1614.8(4.39%),P:1e-10	Tpos:582.0,Tstd:250.5,Bpos:497.5,Bstd:356.9,StrandBias:-0.2,Multiplicity:1.05
0.044	0.001	0.817	0.138
0.001	0.997	0.001	0.001
0.001	0.051	0.024	0.924
0.033	0.965	0.001	0.001
0.001	0.020	0.978	0.001
0.077	0.074	0.047	0.802
0.856	0.097	0.046	0.001
0.889	0.048	0.062	0.001
0.997	0.001	0.001	0.001
0.814	0.046	0.054	0.086
>TCAGCGCTGA	12-TCAGCGCTGA	8.203944	-23.539759	0	T:33.0(10.82%),B:1018.0(2.77%),P:1e-10	Tpos:463.4,Tstd:303.4,Bpos:483.3,Bstd:369.4,StrandBias:0.2,Multiplicity:1.09
0.108	0.138	0.028	0.726
0.200	0.653	0.025	0.122
0.813	0.086	0.036	0.065
0.266	0.101	0.565	0.068
0.001	0.902	0.001	0.096
0.001	0.071	0.910	0.018
0.158	0.814	0.001	0.027
0.126	0.001	0.147	0.726
0.001	0.080	0.875	0.044
0.997	0.001	0.001	0.001
>GATGTGCAGG	13-GATGTGCAGG	10.517597	-22.225347	0	T:16.0(5.25%),B:226.5(0.62%),P:1e-9	Tpos:637.7,Tstd:236.0,Bpos:488.1,Bstd:331.4,StrandBias:0.0,Multiplicity:1.12
0.001	0.001	0.919	0.079
0.919	0.001	0.079	0.001
0.001	0.001	0.001	0.997
0.054	0.001	0.944	0.001
0.001	0.057	0.052	0.890
0.001	0.001	0.997	0.001
0.001	0.935	0.001	0.063
0.940	0.058	0.001	0.001
0.001	0.001	0.997	0.001
0.001	0.001	0.997	0.001
>ACGCGAAATC	14-ACGCGAAATC	10.010495	-20.717816	0	T:23.0(7.54%),B:567.1(1.54%),P:1e-8	Tpos:532.3,Tstd:322.6,Bpos:486.7,Bstd:356.9,StrandBias:0.6,Multiplicity:1.00
0.871	0.001	0.001	0.127
0.037	0.836	0.001	0.126
0.096	0.139	0.739	0.026
0.016	0.951	0.001	0.032
0.001	0.072	0.926	0.001
0.941	0.057	0.001	0.001
0.997	0.001	0.001	0.001
0.939	0.001	0.001	0.059
0.001	0.001	0.001	0.997
0.001	0.842	0.087	0.070
>TTCTTTTCAG	15-TTCTTTTCAG	9.871596	-18.918304	0	T:34.0(11.15%),B:1296.2(3.52%),P:1e-8	Tpos:521.6,Tstd:310.1,Bpos:533.6,Bstd:363.2,StrandBias:-0.2,Multiplicity:1.06
0.001	0.001	0.034	0.964
0.001	0.089	0.141	0.769
0.001	0.997	0.001	0.001
0.001	0.001	0.001	0.997
0.001	0.001	0.001	0.997
0.001	0.001	0.001	0.997
0.029	0.001	0.001	0.969
0.001	0.997	0.001	0.001
0.875	0.123	0.001	0.001
0.001	0.001	0.997	0.001
>AGGCCTGCGA	16-AGGCCTGCGA	4.901648	-18.748920	0	T:32.0(10.49%),B:1173.1(3.19%),P:1e-8	Tpos:628.5,Tstd:261.6,Bpos:498.3,Bstd:328.0,StrandBias:-0.3,Multiplicity:1.44
0.997	0.001	0.001	0.001
0.001	0.001	0.997	0.001
0.001	0.001	0.997	0.001
0.001	0.997	0.001	0.001
0.001	0.997	0.001	0.001
0.001	0.001	0.001	0.997
0.246	0.001	0.661	0.092
0.247	0.651	0.101	0.001
0.357	0.001	0.641	0.001
0.800	0.001	0.001	0.198
>TCCACTGCCG	17-TCCACTGCCG	10.661438	-17.776604	0	T:9.0(2.95%),B:70.8(0.19%),P:1e-7	Tpos:374.4,Tstd:232.8,Bpos:485.3,Bstd:312.1,StrandBias:2.3,Multiplicity:2.00
0.001	0.001	0.001	0.997
0.001	0.941	0.057	0.001
0.001	0.860	0.138	0.001
0.941	0.001	0.057	0.001
0.001	0.959	0.001	0.039
0.001	0.001	0.001	0.997
0.001	0.001	0.997	0.001
0.001	0.997	0.001	0.001
0.001	0.997	0.001	0.001
0.001	0.064	0.934	0.001
>GGAGATTTCC	18-GGAGATTTCC	8.377702	-16.509215	0	T:31.0(10.16%),B:1227.8(3.34%),P:1e-7	Tpos:423.2,Tstd:285.4,Bpos:476.5,Bstd:332.2,StrandBias:0.5,Multiplicity:1.07
0.021	0.001	0.801	0.177
0.181	0.164	0.646	0.009
0.585	0.199	0.001	0.215
0.028	0.064	0.736	0.172
0.585	0.364	0.032	0.019
0.242	0.018	0.001	0.739
0.001	0.001	0.146	0.852
0.001	0.001	0.285	0.713
0.001	0.730	0.268	0.001
0.001	0.661	0.133	0.205
>CTTAGCATTT	19-CTTAGCATTT	10.295201	-15.234248	0	T:23.0(7.54%),B:773.9(2.10%),P:1e-6	Tpos:527.7,Tstd:255.3,Bpos:494.7,Bstd:325.4,StrandBias:-0.4,Multiplicity:1.27
0.001	0.890	0.001	0.108
0.245	0.001	0.001	0.753
0.126	0.001	0.001	0.872
0.868	0.001	0.130	0.001
0.001	0.001	0.997	0.001
0.001	0.997	0.001	0.001
0.789	0.209	0.001	0.001
0.001	0.170	0.001	0.828
0.001	0.001	0.001	0.997
0.001	0.001	0.001	0.997
>ATCGCGATGA	20-ATCGCGATGA	9.548298	-14.325918	0	T:20.0(6.56%),B:632.5(1.72%),P:1e-6	Tpos:559.4,Tstd:245.7,Bpos:495.0,Bstd:368.4,StrandBias:-0.3,Multiplicity:1.05
0.967	0.001	0.001	0.031
0.001	0.092	0.058	0.849
0.001	0.930	0.040	0.029
0.030	0.057	0.912	0.001
0.060	0.862	0.001	0.077
0.029	0.071	0.899	0.001
0.946	0.052	0.001	0.001
0.043	0.001	0.001	0.955
0.001	0.001	0.931	0.067
0.919	0.001	0.001	0.079
>TCAGCGGAAA	21-TCAGCGGAAA	7.381886	-12.570759	0	T:132.0(43.28%),B:11340.8(30.84%),P:1e-5	Tpos:527.9,Tstd:298.7,Bpos:512.5,Bstd:355.9,StrandBias:-0.4,Multiplicity:1.40
0.036	0.040	0.054	0.870
0.081	0.836	0.025	0.058
0.841	0.054	0.051	0.054
0.200	0.103	0.569	0.128
0.046	0.731	0.078	0.145
0.010	0.149	0.717	0.124
0.145	0.111	0.673	0.071
0.921	0.024	0.054	0.001
0.988	0.010	0.001	0.001
0.868	0.016	0.066	0.050
>CKAAAAKGGG	22-CKAAAAKGGG	10.472559	-9.428293	0	T:15.0(4.92%),B:550.1(1.50%),P:1e-4	Tpos:547.3,Tstd:225.8,Bpos:491.4,Bstd:350.0,StrandBias:-0.6,Multiplicity:2.33
0.070	0.774	0.155	0.001
0.007	0.001	0.539	0.453
0.997	0.001	0.001	0.001
0.868	0.130	0.001	0.001
0.896	0.001	0.001	0.102
0.804	0.001	0.001	0.194
0.001	0.001	0.508	0.490
0.001	0.115	0.883	0.001
0.001	0.013	0.985	0.001
0.205	0.001	0.491	0.304
>CCGGATCTAC	23-CCGGATCTAC	10.815186	-9.138012	0	T:5.0(1.64%),B:53.0(0.14%),P:1e-3	Tpos:636.2,Tstd:137.1,Bpos:372.4,Bstd:315.5,StrandBias:-0.1,Multiplicity:4.20
0.001	0.997	0.001	0.001
0.001	0.935	0.063	0.001
0.001	0.001	0.997	0.001
0.001	0.001	0.997	0.001
0.997	0.001	0.001	0.001
0.001	0.001	0.001	0.997
0.001	0.997	0.001	0.001
0.052	0.001	0.001	0.946
0.997	0.001	0.001	0.001
0.001	0.997	0.001	0.001
>TCGGCGATCG	24-TCGGCGATCG	10.659730	-7.236985	0	T:6.0(1.97%),B:123.0(0.33%),P:1e-3	Tpos:212.3,Tstd:186.2,Bpos:506.6,Bstd:388.7,StrandBias:0.0,Multiplicity:1.83
0.081	0.001	0.001	0.917
0.001	0.997	0.001	0.001
0.001	0.001	0.901	0.097
0.055	0.034	0.910	0.001
0.001	0.929	0.001	0.069
0.001	0.001	0.905	0.093
0.940	0.001	0.001	0.058
0.001	0.001	0.001	0.997
0.069	0.929	0.001	0.001
0.001	0.001	0.997	0.001
>GTTCCACCAG	25-GTTCCACCAG	6.404373	-3.247107	0	T:128.0(41.97%),B:13563.9(36.88%),P:1e-1	Tpos:385.0,Tstd:269.6,Bpos:476.2,Bstd:321.6,StrandBias:0.1,Multiplicity:1.41
0.100	0.100	0.700	0.100
0.100	0.100	0.100	0.700
0.100	0.100	0.100	0.700
0.100	0.700	0.100	0.100
0.100	0.700	0.100	0.100
0.700	0.100	0.100	0.100
0.100	0.700	0.100	0.100
0.100	0.700	0.100	0.100
0.700	0.100	0.100	0.100
0.100	0.100	0.700	0.100
>GGYTACYGTAGT	1-GGYTACYGTAGT	6.586171	-123.031926	0	T:161.0(52.79%),B:5370.0(14.60%),P:1e-53	Tpos:679.3,Tstd:227.0,Bpos:504.9,Bstd:313.3,StrandBias:-0.1,Multiplicity:1.17
0.313	0.092	0.588	0.007
0.212	0.074	0.449	0.265
0.004	0.327	0.199	0.469
0.001	0.001	0.001	0.997
0.997	0.001	0.001	0.001
0.001	0.997	0.001	0.001
0.099	0.382	0.132	0.387
0.001	0.001	0.997	0.001
0.001	0.001	0.001	0.997
0.997	0.001	0.001	0.001
0.001	0.307	0.610	0.082
0.048	0.073	0.084	0.795
>GGTCTCGCCACG	2-GGTCTCGCCACG	8.883096	-115.607846	0	T:113.0(37.05%),B:2546.5(6.92%),P:1e-50	Tpos:695.2,Tstd:216.9,Bpos:540.3,Bstd:347.2,StrandBias:0.6,Multiplicity:1.17
0.091	0.043	0.865	0.001
0.036	0.001	0.962	0.001
0.070	0.043	0.001	0.886
0.107	0.802	0.001	0.090
0.043	0.130	0.001	0.826
0.001	0.868	0.080	0.051
0.269	0.043	0.687	0.001
0.095	0.753	0.075	0.077
0.252	0.718	0.029	0.001
0.741	0.055	0.203	0.001
0.028	0.970	0.001	0.001
0.043	0.001	0.926	0.030
>TTAAAGGCGCAT	3-TTAAAGGCGCAT	8.446153	-82.065529	0	T:97.0(31.80%),B:2636.8(7.17%),P:1e-35	Tpos:692.0,Tstd:206.6,Bpos:533.0,Bstd:341.1,StrandBias:0.7,Multiplicity:1.15
0.180	0.095	0.130	0.595
0.161	0.154	0.157	0.528
0.573	0.238	0.188	0.001
0.870	0.036	0.001	0.093
0.726	0.153	0.001	0.120
0.057	0.062	0.741	0.140
0.095	0.051	0.815	0.039
0.183	0.447	0.204	0.165
0.318	0.001	0.578	0.103
0.001	0.997	0.001	0.001
0.723	0.104	0.108	0.065
0.161	0.103	0.138	0.598
>TATTTTACGAGC	4-TATTTTACGAGC	9.766077	-32.025426	0	T:47.0(15.41%),B:1504.5(4.09%),P:1e-13	Tpos:574.0,Tstd:258.9,Bpos:518.9,Bstd:342.3,StrandBias:0.1,Multiplicity:1.06
0.065	0.117	0.093	0.725
0.833	0.035	0.001	0.131
0.132	0.001	0.041	0.826
0.001	0.011	0.001	0.987
0.001	0.110	0.035	0.854
0.025	0.075	0.089	0.811
0.810	0.099	0.001	0.090
0.027	0.798	0.100	0.075
0.092	0.001	0.849	0.058
0.793	0.114	0.074	0.019
0.073	0.001	0.907	0.019
0.058	0.814	0.015	0.113
>CGAAGTACGCAA	5-CGAAGTACGCAA	10.789019	-31.035774	0	T:28.0(9.18%),B:530.6(1.44%),P:1e-13	Tpos:692.9,Tstd:222.6,Bpos:609.6,Bstd:351.9,StrandBias:0.5,Multiplicity:1.21
0.213	0.616	0.170	0.001
0.242	0.105	0.536	0.117
0.643	0.121	0.235	0.001
0.815	0.001	0.001	0.183
0.043	0.001	0.955	0.001
0.001	0.001	0.001	0.997
0.864	0.134	0.001	0.001
0.001	0.899	0.001	0.099
0.099	0.001	0.899	0.001
0.001	0.997	0.001	0.001
0.997	0.001	0.001	0.001
0.645	0.001	0.353	0.001
>TCGTATTTGTTG	6-TCGTATTTGTTG	12.415256	-28.806593	0	T:16.0(5.25%),B:141.3(0.38%),P:1e-12	Tpos:587.5,Tstd:232.7,Bpos:548.6,Bstd:322.0,StrandBias:-0.7,Multiplicity:1.00
0.001	0.001	0.001	0.997
0.001	0.997	0.001	0.001
0.174	0.001	0.755	0.070
0.147	0.001	0.001	0.851
0.997	0.001	0.001	0.001
0.110	0.001	0.001	0.888
0.001	0.001	0.001	0.997
0.001	0.001	0.001	0.997
0.001	0.001	0.899	0.099
0.142	0.001	0.001	0.856
0.001	0.142	0.001	0.856
0.001	0.001	0.997	0.001
>TTCTTTYTCGAT	7-TTCTTTYTCGAT	11.181803	-26.667869	0	T:38.0(12.46%),B:1185.5(3.22%),P:1e-11	Tpos:544.0,Tstd:254.1,Bpos:524.5,Bstd:359.6,StrandBias:-0.6,Multiplicity:1.05
0.061	0.001	0.001	0.937
0.001	0.014	0.001	0.984
0.001	0.823	0.175	0.001
0.161	0.314	0.001	0.524
0.218	0.001	0.001	0.780
0.001	0.001	0.001	0.997
0.001	0.502	0.001	0.496
0.087	0.001	0.001	0.911
0.001	0.715	0.173	0.111
0.132	0.001	0.866	0.001
0.831	0.001	0.001	0.167
0.213	0.146	0.001	0.640
>TTGATGTGCAGG	8-TTGATGTGCAGG	14.318341	-26.027948	0	T:9.0(2.95%),B:24.2(0.07%),P:1e-11	Tpos:751.0,Tstd:123.7,Bpos:513.9,Bstd:258.6,StrandBias:0.3,Multiplicity:1.22
0.001	0.001	0.001	0.997
0.001	0.001	0.001	0.997
0.001	0.001	0.997	0.001
0.868	0.001	0.130	0.001
0.001	0.001	0.001	0.997
0.001	0.001	0.997	0.001
0.001	0.001	0.001	0.997
0.001	0.001	0.997	0.001
0.001	0.997	0.001	0.001
0.997	0.001	0.001	0.001
0.117	0.001	0.881	0.001
0.001	0.001	0.997	0.001
>AACGCGCGAAAT	9-AACGCGCGAAAT	11.440759	-24.920355	0	T:14.0(4.59%),B:128.2(0.35%),P:1e-10	Tpos:701.3,Tstd:210.0,Bpos:537.3,Bstd:345.5,StrandBias:-0.2,Multiplicity:1.07
0.872	0.001	0.126	0.001
0.830	0.001	0.070	0.099
0.001	0.872	0.126	0.001
0.001	0.001	0.997	0.001
0.001	0.900	0.001	0.098
0.001	0.001	0.997	0.001
0.001	0.893	0.105	0.001
0.001	0.001	0.997	0.001
0.997	0.001	0.001	0.001
0.997	0.001	0.001	0.001
0.752	0.148	0.001	0.099
0.060	0.001	0.001	0.938
>AGCTTTTCTTTT	10-AGCTTTTCTTTT	12.068526	-24.827344	0	T:25.0(8.20%),B:547.3(1.49%),P:1e-10	Tpos:550.2,Tstd:260.1,Bpos:541.4,Bstd:320.4,StrandBias:-0.6,Multiplicity:1.00
0.936	0.034	0.001	0.029
0.016	0.001	0.959	0.024
0.058	0.868	0.044	0.030
0.053	0.001	0.001	0.945
0.001	0.001	0.068	0.930
0.001	0.001	0.001	0.997
0.054	0.001	0.069	0.876
0.029	0.969	0.001	0.001
0.001	0.257	0.001	0.741
0.001	0.001	0.001	0.997
0.060	0.001	0.069	0.870
0.001	0.066	0.001	0.932
>TCAGGCCTAAAA	11-TCAGGCCTAAAA	11.508235	-23.371217	0	T:16.0(5.25%),B:208.1(0.57%),P:1e-10	Tpos:614.2,Tstd:283.9,Bpos:568.7,Bstd:372.8,StrandBias:-1.4,Multiplicity:1.06
0.097	0.001	0.001	0.901
0.122	0.756	0.001	0.121
0.877	0.061	0.001	0.061
0.001	0.001	0.997	0.001
0.001	0.001	0.997	0.001
0.001	0.922	0.001	0.076
0.001	0.884	0.001	0.114
0.001	0.001	0.001	0.997
0.997	0.001	0.001	0.001
0.720	0.278	0.001	0.001
0.997	0.001	0.001	0.001
0.997	0.001	0.001	0.001
>ATTCATCGCGAT	12-ATTCATCGCGAT	10.159164	-22.428635	0	T:21.0(6.89%),B:424.3(1.15%),P:1e-9	Tpos:554.4,Tstd:276.8,Bpos:484.7,Bstd:360.1,StrandBias:0.2,Multiplicity:1.00
0.919	0.045	0.002	0.034
0.099	0.194	0.001	0.706
0.178	0.001	0.001	0.820
0.068	0.833	0.068	0.031
0.929	0.001	0.001	0.069
0.001	0.001	0.001	0.997
0.043	0.761	0.093	0.103
0.136	0.212	0.576	0.076
0.084	0.788	0.091	0.037
0.072	0.001	0.926	0.001
0.900	0.059	0.001	0.040
0.076	0.001	0.068	0.855
>ATTTAGKGCWCG	13-ATTTAGKGCWCG	13.918775	-21.004294	0	T:5.0(1.64%),B:2.2(0.01%),P:1e-9	Tpos:707.6,Tstd:237.6,Bpos:718.5,Bstd:96.7,StrandBias:-0.6,Multiplicity:1.00
0.997	0.001	0.001	0.001
0.019	0.001	0.001	0.979
0.001	0.001	0.001	0.997
0.001	0.041	0.001	0.957
0.946	0.038	0.001	0.015
0.414	0.001	0.584	0.001
0.001	0.001	0.484	0.514
0.001	0.038	0.960	0.001
0.001	0.997	0.001	0.001
0.484	0.018	0.001	0.497
0.414	0.584	0.001	0.001
0.001	0.001	0.981	0.017
>TGTTCCTATTCG	14-TGTTCCTATTCG	15.171190	-20.030228	0	T:5.0(1.64%),B:3.4(0.01%),P:1e-8	Tpos:605.2,Tstd:348.3,Bpos:536.0,Bstd:205.1,StrandBias:2.0,Multiplicity:1.00
0.001	0.001	0.001	0.997
0.001	0.001	0.997	0.001
0.001	0.001	0.001	0.997
0.001	0.001	0.001	0.997
0.001	0.997	0.001	0.001
0.001	0.997	0.001	0.001
0.001	0.001	0.001	0.997
0.759	0.239	0.001	0.001
0.001	0.001	0.001	0.997
0.001	0.001	0.001	0.997
0.001	0.997	0.001	0.001
0.001	0.001	0.997	0.001
>TGCGGTGCTTGC	15-TGCGGTGCTTGC	10.845197	-16.898079	0	T:11.0(3.61%),B:137.5(0.37%),P:1e-7	Tpos:603.4,Tstd:306.1,Bpos:538.7,Bstd:376.1,StrandBias:0.5,Multiplicity:1.73
0.001	0.035	0.001	0.963
0.001	0.001	0.966	0.032
0.001	0.900	0.001	0.098
0.001	0.001	0.997	0.001
0.182	0.115	0.588	0.115
0.115	0.001	0.181	0.703
0.001	0.115	0.769	0.115
0.001	0.828	0.096	0.075
0.115	0.089	0.291	0.505
0.001	0.001	0.001	0.997
0.001	0.077	0.918	0.004
0.001	0.884	0.001	0.114
>TTTTTAGCATTT	16-TTTTTAGCATTT	11.367228	-15.985869	0	T:15.0(4.92%),B:313.9(0.85%),P:1e-6	Tpos:621.2,Tstd:192.4,Bpos:524.2,Bstd:309.5,StrandBias:-0.3,Multiplicity:1.33
0.039	0.001	0.079	0.881
0.082	0.001	0.001	0.916
0.001	0.082	0.001	0.916
0.001	0.048	0.001	0.950
0.001	0.001	0.001	0.997
0.997	0.001	0.001	0.001
0.001	0.001	0.997	0.001
0.001	0.997	0.001	0.001
0.997	0.001	0.001	0.001
0.001	0.001	0.001	0.997
0.063	0.001	0.001	0.935
0.001	0.001	0.001	0.997
>TTACGTTTCACT	17-TTACGTTTCACT	12.355432	-15.685866	0	T:4.0(1.31%),B:3.2(0.01%),P:1e-6	Tpos:619.0,Tstd:113.6,Bpos:663.1,Bstd:158.5,StrandBias:0.0,Multiplicity:1.00
0.100	0.100	0.100	0.700
0.100	0.100	0.100	0.700
0.700	0.100	0.100	0.100
0.100	0.700	0.100	0.100
0.100	0.100	0.700	0.100
0.100	0.100	0.100	0.700
0.100	0.100	0.100	0.700
0.100	0.100	0.100	0.700
0.100	0.700	0.100	0.100
0.700	0.100	0.100	0.100
0.100	0.700	0.100	0.100
0.100	0.100	0.100	0.700
>TTCCGGATCTAC	18-TTCCGGATCTAC	10.542597	-15.193506	0	T:18.0(5.90%),B:486.6(1.32%),P:1e-6	Tpos:571.5,Tstd:244.8,Bpos:491.7,Bstd:360.7,StrandBias:-0.1,Multiplicity:1.94
0.001	0.001	0.024	0.974
0.001	0.001	0.009	0.989
0.001	0.683	0.001	0.315
0.001	0.989	0.001	0.009
0.108	0.001	0.838	0.053
0.130	0.001	0.687	0.182
0.869	0.001	0.129	0.001
0.001	0.001	0.111	0.887
0.068	0.916	0.001	0.015
0.061	0.001	0.001	0.937
0.527	0.057	0.175	0.241
0.069	0.674	0.175	0.082
>CGCAGCCTATGT	19-CGCAGCCTATGT	13.841889	-13.913635	0	T:4.0(1.31%),B:6.3(0.02%),P:1e-6	Tpos:534.5,Tstd:300.6,Bpos:576.9,Bstd:282.5,StrandBias:-1.6,Multiplicity:1.00
0.001	0.997	0.001	0.001
0.001	0.001	0.997	0.001
0.311	0.687	0.001	0.001
0.687	0.311	0.001	0.001
0.001	0.311	0.687	0.001
0.034	0.964	0.001	0.001
0.001	0.997	0.001	0.001
0.001	0.001	0.311	0.687
0.997	0.001	0.001	0.001
0.001	0.001	0.001	0.997
0.001	0.001	0.997	0.001
0.001	0.001	0.357	0.641
>ATCCCCTTTTCG	20-ATCCCCTTTTCG	9.399750	-12.689608	0	T:33.0(10.82%),B:1629.0(4.43%),P:1e-5	Tpos:494.9,Tstd:246.2,Bpos:502.5,Bstd:336.3,StrandBias:0.9,Multiplicity:1.82
0.824	0.081	0.001	0.094
0.001	0.095	0.001	0.903
0.096	0.809	0.001	0.094
0.102	0.758	0.114	0.026
0.132	0.698	0.086	0.084
0.093	0.791	0.030	0.086
0.108	0.001	0.091	0.800
0.001	0.048	0.001	0.950
0.049	0.077	0.001	0.873
0.001	0.001	0.076	0.922
0.042	0.888	0.001	0.069
0.035	0.051	0.792	0.122
>TCGGYGATCGGM	21-TCGGYGATCGGM	9.956505	-10.310856	0	T:9.0(2.95%),B:183.0(0.50%),P:1e-4	Tpos:191.4,Tstd:139.1,Bpos:510.8,Bstd:368.5,StrandBias:-0.4,Multiplicity:1.67
0.183	0.176	0.001	0.640
0.001	0.579	0.001	0.419
0.001	0.141	0.857	0.001
0.001	0.304	0.694	0.001
0.115	0.427	0.001	0.458
0.001	0.001	0.997	0.001
0.745	0.001	0.001	0.253
0.085	0.001	0.001	0.913
0.001	0.702	0.001	0.296
0.243	0.001	0.548	0.208
0.001	0.273	0.534	0.192
0.350	0.438	0.001	0.212
>TCCGGATCTACG	22-TCCGGATCTACG	12.355432	-7.476405	0	T:3.0(0.98%),B:17.1(0.05%),P:1e-3	Tpos:641.5,Tstd:146.5,Bpos:132.0,Bstd:0.0,StrandBias:0.0,Multiplicity:1.00
0.100	0.100	0.100	0.700
0.100	0.700	0.100	0.100
0.100	0.700	0.100	0.100
0.100	0.100	0.700	0.100
0.100	0.100	0.700	0.100
0.700	0.100	0.100	0.100
0.100	0.100	0.100	0.700
0.100	0.700	0.100	0.100
0.100	0.100	0.100	0.700
0.700	0.100	0.100	0.100
0.100	0.700	0.100	0.100
0.100	0.100	0.700	0.100
>TTTCCACTGCCG	23-TTTCCACTGCCG	16.326495	-7.318092	0	T:2.0(0.66%),B:3.7(0.01%),P:1e-3	Tpos:249.9,Tstd:208.6,Bpos:207.5,Bstd:69.5,StrandBias:10.0,Multiplicity:4.50
0.001	0.001	0.001	0.997
0.001	0.001	0.001	0.997
0.001	0.001	0.001	0.997
0.001	0.997	0.001	0.001
0.001	0.997	0.001	0.001
0.921	0.001	0.077	0.001
0.001	0.997	0.001	0.001
0.001	0.100	0.001	0.898
0.001	0.001	0.997	0.001
0.001	0.997	0.001	0.001
0.001	0.997	0.001	0.001
0.001	0.086	0.912	0.001
>GGAASCAATCMG	24-GGAASCAATCMG	13.608338	-6.926689	0	T:3.0(0.98%),B:21.1(0.06%),P:1e-3	Tpos:256.6,Tstd:238.2,Bpos:562.8,Bstd:371.7,StrandBias:2.6,Multiplicity:2.33
0.001	0.001	0.841	0.157
0.001	0.237	0.761	0.001
0.997	0.001	0.001	0.001
0.997	0.001	0.001	0.001
0.001	0.499	0.499	0.001
0.001	0.997	0.001	0.001
0.997	0.001	0.001	0.001
0.997	0.001	0.001	0.001
0.001	0.001	0.001	0.997
0.001	0.997	0.001	0.001
0.499	0.499	0.001	0.001
0.001	0.001	0.997	0.001
>CAGTTCCACCAG	25-CAGTTCCACCAG	12.355432	-3.710119	0	T:1.0(0.33%),B:3.0(0.01%),P:1e-1	Tpos:194.0,Tstd:103.6,Bpos:510.5,Bstd:203.2,StrandBias:10.0,Multiplicity:12.00
0.100	0.700	0.100	0.100
0.700	0.100	0.100	0.100
0.100	0.100	0.700	0.100
0.100	0.100	0.100	0.700
0.100	0.100	0.100	0.700
0.100	0.700	0.100	0.100
0.100	0.700	0.100	0.100
0.700	0.100	0.100	0.100
0.100	0.700	0.100	0.100
0.100	0.700	0.100	0.100
0.700	0.100	0.100	0.100
0.100	0.100	0.700	0.100
>TACCGTAG	1-TACCGTAG	8.990121	-134.900526	0	T:154.0(50.49%),B:4437.1(12.07%),P:1e-58	Tpos:681.2,Tstd:228.9,Bpos:510.8,Bstd:316.5,StrandBias:0.0,Multiplicity:1.14
0.001	0.001	0.001	0.997
0.997	0.001	0.001	0.001
0.001	0.997	0.001	0.001
0.001	0.535	0.233	0.231
0.001	0.001	0.997	0.001
0.001	0.001	0.001	0.997
0.997	0.001	0.001	0.001
0.051	0.233	0.679	0.037
>GCGGGACC	2-GCGGGACC	4.566544	-76.930306	0	T:104.0(34.10%),B:3254.6(8.85%),P:1e-33	Tpos:674.0,Tstd:235.2,Bpos:519.6,Bstd:347.9,StrandBias:-0.4,Multiplicity:1.11
0.001	0.001	0.984	0.014
0.001	0.959	0.001	0.039
0.001	0.001	0.997	0.001
0.111	0.001	0.887	0.001
0.001	0.001	0.997	0.001
0.997	0.001	0.001	0.001
0.001	0.997	0.001	0.001
0.001	0.997	0.001	0.001
>AAAGGCGC	3-AAAGGCGC	9.242971	-42.871834	0	T:68.0(22.30%),B:2353.6(6.40%),P:1e-18	Tpos:666.2,Tstd:222.9,Bpos:533.6,Bstd:341.2,StrandBias:0.4,Multiplicity:1.07
0.997	0.001	0.001	0.001
0.997	0.001	0.001	0.001
0.997	0.001	0.001	0.001
0.001	0.001	0.997	0.001
0.001	0.001	0.997	0.001
0.001	0.837	0.001	0.161
0.001	0.001	0.997	0.001
0.001	0.997	0.001	0.001
>CGCAAACA	4-CGCAAACA	8.611262	-30.484344	0	T:57.0(18.69%),B:2232.0(6.07%),P:1e-13	Tpos:603.6,Tstd:261.3,Bpos:550.9,Bstd:349.8,StrandBias:0.1,Multiplicity:1.11
0.001	0.997	0.001	0.001
0.001	0.001	0.997	0.001
0.001	0.997	0.001	0.001
0.997	0.001	0.001	0.001
0.997	0.001	0.001	0.001
0.889	0.001	0.109	0.001
0.001	0.997	0.001	0.001
0.902	0.096	0.001	0.001
>CTCGCAAA	5-CTCGCAAA	7.050446	-25.243813	0	T:119.0(39.02%),B:8023.2(21.82%),P:1e-10	Tpos:544.1,Tstd:276.6,Bpos:513.6,Bstd:363.3,StrandBias:-0.1,Multiplicity:1.28
0.001	0.680	0.001	0.318
0.001	0.001	0.001	0.997
0.001	0.997	0.001	0.001
0.001	0.001	0.997	0.001
0.001	0.946	0.001	0.052
0.845	0.001	0.153	0.001
0.781	0.217	0.001	0.001
0.761	0.237	0.001	0.001
>CGTGGCGA	6-CGTGGCGA	7.583049	-24.673098	0	T:61.0(20.00%),B:2892.4(7.86%),P:1e-10	Tpos:535.5,Tstd:297.2,Bpos:480.6,Bstd:360.4,StrandBias:-0.5,Multiplicity:1.09
0.001	0.997	0.001	0.001
0.001	0.001	0.832	0.166
0.001	0.047	0.001	0.951
0.011	0.005	0.818	0.166
0.133	0.337	0.529	0.001
0.001	0.652	0.309	0.038
0.001	0.313	0.685	0.001
0.908	0.090	0.001	0.001
>TGCGTACC	7-TGCGTACC	6.556206	-22.652048	0	T:54.0(17.70%),B:2499.0(6.80%),P:1e-9	Tpos:652.6,Tstd:233.5,Bpos:512.0,Bstd:351.5,StrandBias:-0.8,Multiplicity:1.27
0.101	0.001	0.001	0.897
0.001	0.001	0.997	0.001
0.001	0.997	0.001	0.001
0.001	0.001	0.997	0.001
0.001	0.001	0.001	0.997
0.997	0.001	0.001	0.001
0.001	0.917	0.001	0.081
0.001	0.848	0.001	0.150
>WATGGACG	8-WATGGACG	7.320940	-20.399796	0	T:72.0(23.61%),B:4161.9(11.32%),P:1e-8	Tpos:473.2,Tstd:271.4,Bpos:503.5,Bstd:349.0,StrandBias:0.3,Multiplicity:1.22
0.514	0.001	0.001	0.484
0.839	0.001	0.159	0.001
0.001	0.001	0.240	0.758
0.001	0.001	0.921	0.077
0.001	0.001	0.997	0.001
0.982	0.001	0.016	0.001
0.001	0.997	0.001	0.001
0.001	0.001	0.997	0.001
>ACTTCGCG	9-ACTTCGCG	6.697017	-19.380467	0	T:99.0(32.46%),B:6779.6(18.44%),P:1e-8	Tpos:521.1,Tstd:272.9,Bpos:510.1,Bstd:346.7,StrandBias:-0.5,Multiplicity:1.19
0.988	0.010	0.001	0.001
0.196	0.708	0.006	0.090
0.033	0.017	0.079	0.871
0.010	0.008	0.001	0.981
0.010	0.853	0.074	0.063
0.224	0.023	0.752	0.001
0.090	0.870	0.001	0.039
0.001	0.001	0.978	0.020
>ACYGTAAC	10-ACYGTAAC	8.808058	-19.022500	0	T:42.0(13.77%),B:1850.1(5.03%),P:1e-8	Tpos:551.9,Tstd:269.0,Bpos:492.5,Bstd:322.1,StrandBias:-0.8,Multiplicity:1.17
0.997	0.001	0.001	0.001
0.122	0.619	0.001	0.258
0.001	0.555	0.001	0.443
0.001	0.001	0.997	0.001
0.001	0.026	0.001	0.972
0.988	0.001	0.010	0.001
0.567	0.071	0.361	0.001
0.001	0.862	0.001	0.136
>CGCGCGWA	11-CGCGCGWA	7.238148	-18.089029	0	T:38.0(12.46%),B:1621.1(4.41%),P:1e-7	Tpos:620.7,Tstd:251.4,Bpos:550.4,Bstd:366.1,StrandBias:0.2,Multiplicity:1.11
0.040	0.958	0.001	0.001
0.001	0.072	0.926	0.001
0.069	0.929	0.001	0.001
0.001	0.001	0.997	0.001
0.041	0.957	0.001	0.001
0.001	0.020	0.960	0.019
0.343	0.239	0.001	0.418
0.906	0.040	0.001	0.053
>ACGATGGT	12-ACGATGGT	7.073962	-16.852918	0	T:90.0(29.51%),B:6233.1(16.95%),P:1e-7	Tpos:446.9,Tstd:270.8,Bpos:487.9,Bstd:337.0,StrandBias:-0.1,Multiplicity:1.17
0.889	0.109	0.001	0.001
0.001	0.997	0.001	0.001
0.001	0.001	0.997	0.001
0.997	0.001	0.001	0.001
0.001	0.071	0.001	0.927
0.162	0.048	0.549	0.241
0.057	0.001	0.941	0.001
0.153	0.141	0.001	0.705
>CGTGCGAT	13-CGTGCGAT	7.534023	-16.299048	0	T:52.0(17.05%),B:2846.9(7.74%),P:1e-7	Tpos:495.0,Tstd:312.5,Bpos:499.5,Bstd:345.9,StrandBias:-0.7,Multiplicity:1.19
0.084	0.895	0.020	0.001
0.086	0.022	0.851	0.041
0.145	0.019	0.001	0.835
0.001	0.001	0.997	0.001
0.088	0.822	0.019	0.071
0.001	0.124	0.874	0.001
0.979	0.019	0.001	0.001
0.026	0.124	0.109	0.741
>CTTCAGCG	14-CTTCAGCG	6.225569	-15.928809	0	T:108.0(35.41%),B:8170.7(22.22%),P:1e-6	Tpos:471.0,Tstd:296.5,Bpos:486.7,Bstd:370.4,StrandBias:0.1,Multiplicity:1.28
0.052	0.830	0.044	0.074
0.102	0.001	0.119	0.778
0.001	0.001	0.001	0.997
0.010	0.931	0.023	0.036
0.887	0.040	0.072	0.001
0.107	0.114	0.778	0.001
0.001	0.937	0.061	0.001
0.001	0.001	0.888	0.110
>TAAAATTA	15-TAAAATTA	8.346323	-15.690046	0	T:169.0(55.41%),B:14941.3(40.63%),P:1e-6	Tpos:592.7,Tstd:290.0,Bpos:515.0,Bstd:323.0,StrandBias:-0.2,Multiplicity:1.49
0.001	0.001	0.001	0.997
0.800	0.001	0.001	0.198
0.997	0.001	0.001	0.001
0.903	0.001	0.001	0.095
0.859	0.001	0.001	0.139
0.001	0.001	0.001	0.997
0.001	0.001	0.001	0.997
0.997	0.001	0.001	0.001
>ACGAATCC	16-ACGAATCC	7.357389	-15.225261	0	T:67.0(21.97%),B:4269.7(11.61%),P:1e-6	Tpos:448.2,Tstd:278.3,Bpos:472.1,Bstd:346.5,StrandBias:0.2,Multiplicity:1.19
0.881	0.001	0.063	0.055
0.102	0.896	0.001	0.001
0.001	0.001	0.976	0.022
0.997	0.001	0.001	0.001
0.880	0.001	0.020	0.099
0.001	0.001	0.060	0.938
0.216	0.741	0.042	0.001
0.171	0.796	0.032	0.001
>TCCACSAG	17-TCCACSAG	6.668973	-14.742776	0	T:114.0(37.38%),B:8988.8(24.44%),P:1e-6	Tpos:386.7,Tstd:275.2,Bpos:471.2,Bstd:335.8,StrandBias:-0.0,Multiplicity:1.27
0.049	0.001	0.148	0.802
0.024	0.901	0.022	0.053
0.114	0.857	0.001	0.028
0.806	0.020	0.064	0.110
0.001	0.644	0.227	0.128
0.160	0.392	0.448	0.001
0.709	0.130	0.160	0.001
0.001	0.001	0.935	0.063
>AGGCCTAA	18-AGGCCTAA	9.430366	-14.517554	0	T:20.0(6.56%),B:624.5(1.70%),P:1e-6	Tpos:624.2,Tstd:252.6,Bpos:502.5,Bstd:326.8,StrandBias:0.9,Multiplicity:1.00
0.997	0.001	0.001	0.001
0.001	0.001	0.997	0.001
0.001	0.001	0.997	0.001
0.001	0.997	0.001	0.001
0.001	0.997	0.001	0.001
0.001	0.001	0.001	0.997
0.703	0.001	0.220	0.076
0.880	0.118	0.001	0.001
>CTCTTCGA	19-CTCTTCGA	9.254930	-13.170437	0	T:45.0(14.75%),B:2557.6(6.95%),P:1e-5	Tpos:521.6,Tstd:307.5,Bpos:492.8,Bstd:337.0,StrandBias:0.4,Multiplicity:1.07
0.001	0.997	0.001	0.001
0.001	0.208	0.001	0.790
0.217	0.781	0.001	0.001
0.001	0.001	0.001	0.997
0.001	0.001	0.001	0.997
0.001	0.997	0.001	0.001
0.001	0.001	0.997	0.001
0.997	0.001	0.001	0.001
>GGATTAAA	20-GGATTAAA	8.025428	-12.702108	0	T:102.0(33.44%),B:8082.0(21.98%),P:1e-5	Tpos:575.2,Tstd:266.8,Bpos:512.8,Bstd:329.2,StrandBias:-0.5,Multiplicity:1.23
0.001	0.001	0.997	0.001
0.137	0.001	0.861	0.001
0.997	0.001	0.001	0.001
0.001	0.001	0.001	0.997
0.001	0.415	0.001	0.583
0.997	0.001	0.001	0.001
0.997	0.001	0.001	0.001
0.593	0.001	0.001	0.405
>ATTTGGCC	21-ATTTGGCC	9.314859	-11.109940	0	T:24.0(7.87%),B:1069.2(2.91%),P:1e-4	Tpos:538.9,Tstd:286.9,Bpos:488.5,Bstd:314.7,StrandBias:-1.2,Multiplicity:1.00
0.997	0.001	0.001	0.001
0.001	0.173	0.001	0.825
0.001	0.001	0.001	0.997
0.001	0.001	0.001	0.997
0.001	0.001	0.997	0.001
0.001	0.001	0.997	0.001
0.001	0.997	0.001	0.001
0.001	0.997	0.001	0.001
>TTTTCGTY	22-TTTTCGTY	6.929046	-7.754606	0	T:138.0(45.25%),B:13151.8(35.76%),P:1e-3	Tpos:538.3,Tstd:284.1,Bpos:519.8,Bstd:354.2,StrandBias:0.6,Multiplicity:1.56
0.049	0.001	0.001	0.949
0.001	0.001	0.001	0.997
0.001	0.001	0.001	0.997
0.296	0.001	0.001	0.702
0.001	0.997	0.001	0.001
0.001	0.001	0.997	0.001
0.001	0.001	0.001	0.997
0.001	0.538	0.001	0.460
>CCGGATCT	23-CCGGATCT	4.345134	-1.963641	0	T:295.0(96.72%),B:35028.9(95.25%),P:1e0	Tpos:442.4,Tstd:272.4,Bpos:486.2,Bstd:337.4,StrandBias:0.2,Multiplicity:4.18
0.100	0.700	0.100	0.100
0.100	0.700	0.100	0.100
0.100	0.100	0.700	0.100
0.100	0.100	0.700	0.100
0.700	0.100	0.100	0.100
0.100	0.100	0.100	0.700
0.100	0.700	0.100	0.100
0.100	0.100	0.100	0.700
