>GTGAGGAAAAGT	1-GTGAGGAAAAGT	12.454599	-23.521645	0	T:9.0(9.89%),B:139.2(0.35%),P:1e-10	Tpos:438.0,Tstd:321.0,Bpos:587.3,Bstd:313.0,StrandBias:-0.3,Multiplicity:1.00
0.001	0.001	0.997	0.001
0.001	0.001	0.155	0.843
0.001	0.001	0.997	0.001
0.631	0.174	0.001	0.194
0.117	0.001	0.881	0.001
0.001	0.122	0.876	0.001
0.997	0.001	0.001	0.001
0.997	0.001	0.001	0.001
0.997	0.001	0.001	0.001
0.997	0.001	0.001	0.001
0.110	0.001	0.888	0.001
0.001	0.001	0.001	0.997
>CAAACAVGTGAC	2-CAAACAVGTGAC	11.488878	-21.589403	0	T:10.0(10.99%),B:248.4(0.62%),P:1e-9	Tpos:523.7,Tstd:283.4,Bpos:521.5,Bstd:312.3,StrandBias:-0.3,Multiplicity:1.10
0.009	0.822	0.165	0.004
0.996	0.002	0.001	0.001
0.997	0.001	0.001	0.001
0.997	0.001	0.001	0.001
0.410	0.588	0.001	0.001
0.666	0.332	0.001	0.001
0.311	0.412	0.276	0.001
0.238	0.001	0.755	0.006
0.082	0.001	0.001	0.916
0.093	0.008	0.750	0.149
0.742	0.256	0.001	0.001
0.153	0.694	0.001	0.152
>GATTTGVACATT	3-GATTTGVACATT	10.274403	-20.501864	0	T:19.0(20.88%),B:1503.6(3.76%),P:1e-8	Tpos:401.9,Tstd:259.8,Bpos:498.2,Bstd:295.7,StrandBias:1.2,Multiplicity:1.05
0.003	0.002	0.814	0.181
0.911	0.004	0.001	0.084
0.001	0.001	0.001	0.997
0.001	0.001	0.091	0.907
0.001	0.110	0.106	0.783
0.001	0.001	0.975	0.023
0.298	0.368	0.270	0.063
0.679	0.002	0.084	0.235
0.003	0.914	0.082	0.001
0.997	0.001	0.001	0.001
0.165	0.001	0.202	0.632
0.001	0.001	0.004	0.994
>ACAAATGTACAG	4-ACAAATGTACAG	14.256702	-20.065100	0	T:6.0(6.59%),B:45.4(0.11%),P:1e-8	Tpos:570.8,Tstd:328.8,Bpos:481.9,Bstd:319.6,StrandBias:-10.0,Multiplicity:1.00
0.640	0.195	0.001	0.164
0.091	0.907	0.001	0.001
0.997	0.001	0.001	0.001
0.997	0.001	0.001	0.001
0.997	0.001	0.001	0.001
0.001	0.001	0.001	0.997
0.188	0.001	0.647	0.164
0.001	0.001	0.001	0.997
0.997	0.001	0.001	0.001
0.001	0.997	0.001	0.001
0.997	0.001	0.001	0.001
0.001	0.001	0.997	0.001
>CTAAAAAAAATT	5-CTAAAAAAAATT	12.856396	-18.948149	0	T:13.0(14.29%),B:677.7(1.70%),P:1e-8	Tpos:492.6,Tstd:286.4,Bpos:485.8,Bstd:308.2,StrandBias:-0.2,Multiplicity:1.00
0.001	0.997	0.001	0.001
0.001	0.001	0.001	0.997
0.997	0.001	0.001	0.001
0.929	0.069	0.001	0.001
0.617	0.207	0.001	0.175
0.687	0.001	0.311	0.001
0.997	0.001	0.001	0.001
0.997	0.001	0.001	0.001
0.997	0.001	0.001	0.001
0.997	0.001	0.001	0.001
0.001	0.001	0.001	0.997
0.001	0.198	0.001	0.800
>ATCTCCATGATT	6-ATCTCCATGATT	10.553295	-18.469575	0	T:14.0(15.38%),B:848.7(2.12%),P:1e-8	Tpos:398.1,Tstd:263.9,Bpos:498.1,Bstd:310.7,StrandBias:1.3,Multiplicity:1.00
0.754	0.134	0.001	0.111
0.103	0.134	0.134	0.629
0.001	0.742	0.001	0.256
0.001	0.001	0.001	0.997
0.098	0.787	0.001	0.114
0.111	0.678	0.134	0.077
0.853	0.001	0.001	0.145
0.083	0.001	0.001	0.915
0.001	0.001	0.997	0.001
0.997	0.001	0.001	0.001
0.133	0.001	0.001	0.865
0.097	0.111	0.001	0.791
>CAAAAGTGTGAG	7-CAAAAGTGTGAG	13.527549	-18.249022	0	T:8.0(8.79%),B:179.8(0.45%),P:1e-7	Tpos:439.1,Tstd:258.4,Bpos:561.1,Bstd:294.3,StrandBias:-1.6,Multiplicity:1.00
0.106	0.892	0.001	0.001
0.997	0.001	0.001	0.001
0.997	0.001	0.001	0.001
0.997	0.001	0.001	0.001
0.997	0.001	0.001	0.001
0.290	0.001	0.708	0.001
0.001	0.001	0.001	0.997
0.001	0.001	0.997	0.001
0.189	0.001	0.001	0.809
0.001	0.001	0.997	0.001
0.997	0.001	0.001	0.001
0.104	0.001	0.754	0.141
>AATTTTTATSAR	8-AATTTTTATSAR	10.170789	-17.428497	0	T:28.0(30.77%),B:3920.1(9.81%),P:1e-7	Tpos:528.8,Tstd:325.6,Bpos:503.3,Bstd:303.9,StrandBias:0.0,Multiplicity:1.11
0.900	0.023	0.032	0.045
0.934	0.001	0.028	0.037
0.018	0.236	0.058	0.688
0.001	0.057	0.001	0.941
0.003	0.109	0.046	0.842
0.001	0.001	0.029	0.969
0.318	0.041	0.001	0.640
0.983	0.001	0.015	0.001
0.021	0.001	0.024	0.954
0.001	0.532	0.431	0.036
0.863	0.038	0.037	0.062
0.358	0.110	0.399	0.133
>TATATACCTAAT	9-TATATACCTAAT	10.273829	-16.254073	0	T:12.0(13.19%),B:706.1(1.77%),P:1e-7	Tpos:472.5,Tstd:203.4,Bpos:514.5,Bstd:307.2,StrandBias:-1.3,Multiplicity:1.75
0.176	0.111	0.001	0.712
0.997	0.001	0.001	0.001
0.051	0.187	0.001	0.761
0.801	0.058	0.098	0.043
0.001	0.133	0.001	0.865
0.821	0.060	0.075	0.044
0.076	0.825	0.001	0.098
0.194	0.762	0.002	0.042
0.038	0.001	0.122	0.839
0.937	0.001	0.001	0.061
0.873	0.051	0.075	0.001
0.184	0.001	0.001	0.814
>YTAATTTTTCAC	10-YTAATTTTTCAC	12.371588	-15.425259	0	T:11.0(12.09%),B:618.8(1.55%),P:1e-6	Tpos:585.9,Tstd:236.7,Bpos:521.6,Bstd:316.4,StrandBias:2.1,Multiplicity:1.45
0.024	0.534	0.001	0.441
0.064	0.071	0.001	0.864
0.690	0.308	0.001	0.001
0.997	0.001	0.001	0.001
0.001	0.103	0.001	0.895
0.092	0.004	0.001	0.903
0.001	0.001	0.157	0.841
0.001	0.001	0.001	0.997
0.001	0.001	0.001	0.997
0.234	0.675	0.001	0.090
0.847	0.067	0.085	0.001
0.001	0.997	0.001	0.001
>AACAAGTATTTC	11-AACAAGTATTTC	13.477773	-15.078847	0	T:6.0(6.59%),B:110.6(0.28%),P:1e-6	Tpos:487.0,Tstd:225.0,Bpos:487.6,Bstd:316.8,StrandBias:0.7,Multiplicity:1.33
0.997	0.001	0.001	0.001
0.997	0.001	0.001	0.001
0.074	0.924	0.001	0.001
0.997	0.001	0.001	0.001
0.675	0.001	0.205	0.119
0.001	0.001	0.997	0.001
0.001	0.001	0.001	0.997
0.997	0.001	0.001	0.001
0.148	0.001	0.001	0.850
0.001	0.001	0.001	0.997
0.001	0.187	0.001	0.811
0.001	0.897	0.001	0.101
>AACATAGTTTAA	12-AACATAGTTTAA	13.310073	-13.981266	0	T:7.0(7.69%),B:217.7(0.54%),P:1e-6	Tpos:592.8,Tstd:290.6,Bpos:468.3,Bstd:286.6,StrandBias:0.0,Multiplicity:1.14
0.853	0.001	0.001	0.145
0.997	0.001	0.001	0.001
0.067	0.931	0.001	0.001
0.997	0.001	0.001	0.001
0.001	0.001	0.001	0.997
0.997	0.001	0.001	0.001
0.123	0.139	0.671	0.067
0.001	0.001	0.001	0.997
0.001	0.001	0.001	0.997
0.001	0.001	0.001	0.997
0.867	0.131	0.001	0.001
0.796	0.202	0.001	0.001
>GAGTCAACGTGA	13-GAGTCAACGTGA	14.679353	-13.873125	0	T:3.0(3.30%),B:6.4(0.02%),P:1e-6	Tpos:566.0,Tstd:252.3,Bpos:424.2,Bstd:307.8,StrandBias:1.6,Multiplicity:1.33
0.001	0.001	0.739	0.259
0.997	0.001	0.001	0.001
0.001	0.001	0.997	0.001
0.001	0.001	0.001	0.997
0.001	0.997	0.001	0.001
0.997	0.001	0.001	0.001
0.997	0.001	0.001	0.001
0.001	0.997	0.001	0.001
0.001	0.001	0.759	0.239
0.001	0.001	0.259	0.739
0.001	0.001	0.997	0.001
0.997	0.001	0.001	0.001
>CAAGCTWCAAAA	14-CAAGCTWCAAAA	13.215837	-13.766067	0	T:6.0(6.59%),B:139.6(0.35%),P:1e-5	Tpos:458.1,Tstd:201.2,Bpos:501.5,Bstd:301.4,StrandBias:-2.6,Multiplicity:1.17
0.001	0.997	0.001	0.001
0.997	0.001	0.001	0.001
0.997	0.001	0.001	0.001
0.001	0.001	0.997	0.001
0.001	0.761	0.237	0.001
0.001	0.001	0.001	0.997
0.557	0.001	0.001	0.441
0.161	0.492	0.163	0.184
0.997	0.001	0.001	0.001
0.997	0.001	0.001	0.001
0.997	0.001	0.001	0.001
0.508	0.203	0.001	0.288
>RGGTAGGAWGSW	15-RGGTAGGAWGSW	10.173575	-13.486386	0	T:4.0(4.40%),B:32.7(0.08%),P:1e-5	Tpos:485.5,Tstd:233.9,Bpos:490.1,Bstd:249.8,StrandBias:0.0,Multiplicity:1.50
0.457	0.001	0.541	0.001
0.021	0.001	0.959	0.019
0.021	0.001	0.977	0.001
0.001	0.001	0.001	0.997
0.997	0.001	0.001	0.001
0.001	0.001	0.997	0.001
0.001	0.001	0.997	0.001
0.997	0.001	0.001	0.001
0.457	0.001	0.001	0.541
0.001	0.001	0.997	0.001
0.001	0.457	0.541	0.001
0.457	0.001	0.001	0.541
>CTTTCCCCCTAC	16-CTTTCCCCCTAC	14.339471	-13.373713	0	T:4.0(4.40%),B:33.2(0.08%),P:1e-5	Tpos:716.8,Tstd:192.9,Bpos:580.3,Bstd:293.3,StrandBias:10.0,Multiplicity:1.25
0.001	0.746	0.001	0.252
0.001	0.001	0.001	0.997
0.001	0.001	0.001	0.997
0.001	0.276	0.001	0.722
0.001	0.997	0.001	0.001
0.001	0.997	0.001	0.001
0.001	0.997	0.001	0.001
0.001	0.997	0.001	0.001
0.001	0.997	0.001	0.001
0.001	0.001	0.001	0.997
0.806	0.192	0.001	0.001
0.001	0.997	0.001	0.001
>TCGAAAGTTTAA	17-TCGAAAGTTTAA	13.157345	-13.337425	0	T:8.0(8.79%),B:348.2(0.87%),P:1e-5	Tpos:532.0,Tstd:274.9,Bpos:509.6,Bstd:289.3,StrandBias:0.3,Multiplicity:1.38
0.001	0.001	0.001	0.997
0.001	0.930	0.001	0.068
0.149	0.001	0.849	0.001
0.997	0.001	0.001	0.001
0.997	0.001	0.001	0.001
0.997	0.001	0.001	0.001
0.067	0.001	0.931	0.001
0.001	0.001	0.213	0.785
0.001	0.001	0.001	0.997
0.001	0.128	0.112	0.759
0.997	0.001	0.001	0.001
0.997	0.001	0.001	0.001
>ATTTCCGCGGAA	18-ATTTCCGCGGAA	10.153254	-12.051197	0	T:9.0(9.89%),B:556.8(1.39%),P:1e-5	Tpos:512.5,Tstd:272.7,Bpos:502.2,Bstd:305.8,StrandBias:-0.2,Multiplicity:1.22
0.668	0.001	0.028	0.303
0.001	0.146	0.001	0.852
0.004	0.028	0.001	0.967
0.001	0.001	0.001	0.997
0.033	0.758	0.208	0.001
0.001	0.875	0.001	0.123
0.001	0.001	0.875	0.123
0.183	0.815	0.001	0.001
0.001	0.001	0.995	0.003
0.001	0.146	0.852	0.001
0.815	0.001	0.183	0.001
0.489	0.001	0.208	0.303
>CGAKTWTGTTTA	19-CGAKTWTGTTTA	11.103290	-11.017333	0	T:7.0(7.69%),B:345.4(0.86%),P:1e-4	Tpos:450.9,Tstd:269.9,Bpos:506.6,Bstd:305.2,StrandBias:1.0,Multiplicity:1.29
0.286	0.712	0.001	0.001
0.001	0.001	0.997	0.001
0.691	0.307	0.001	0.001
0.001	0.001	0.429	0.569
0.001	0.001	0.001	0.997
0.429	0.001	0.001	0.569
0.001	0.001	0.001	0.997
0.001	0.001	0.997	0.001
0.001	0.365	0.001	0.633
0.001	0.001	0.001	0.997
0.001	0.053	0.227	0.719
0.997	0.001	0.001	0.001
>TTATTACACATT	20-TTATTACACATT	13.212424	-10.991886	0	T:6.0(6.59%),B:229.6(0.57%),P:1e-4	Tpos:447.8,Tstd:203.4,Bpos:511.8,Bstd:290.2,StrandBias:0.6,Multiplicity:1.67
0.001	0.001	0.001	0.997
0.001	0.001	0.199	0.799
0.900	0.001	0.001	0.098
0.001	0.001	0.001	0.997
0.001	0.124	0.001	0.874
0.917	0.001	0.001	0.081
0.001	0.997	0.001	0.001
0.997	0.001	0.001	0.001
0.215	0.783	0.001	0.001
0.833	0.001	0.165	0.001
0.001	0.001	0.001	0.997
0.001	0.001	0.001	0.997
>ATKTGTCGGMTG	21-ATKTGTCGGMTG	10.405965	-8.866789	0	T:6.0(6.59%),B:339.8(0.85%),P:1e-3	Tpos:567.0,Tstd:249.3,Bpos:478.5,Bstd:301.4,StrandBias:0.3,Multiplicity:1.50
0.997	0.001	0.001	0.001
0.404	0.001	0.020	0.575
0.001	0.001	0.499	0.499
0.001	0.001	0.001	0.997
0.024	0.001	0.974	0.001
0.001	0.001	0.001	0.997
0.001	0.997	0.001	0.001
0.001	0.001	0.997	0.001
0.033	0.001	0.965	0.001
0.499	0.499	0.001	0.001
0.001	0.001	0.001	0.997
0.001	0.001	0.605	0.393
>ATGAGCAAAATC	22-ATGAGCAAAATC	9.121560	-8.446272	0	T:14.0(15.38%),B:2038.5(5.10%),P:1e-3	Tpos:673.6,Tstd:209.8,Bpos:504.8,Bstd:308.2,StrandBias:-1.6,Multiplicity:1.43
0.970	0.001	0.001	0.028
0.001	0.001	0.001	0.997
0.001	0.002	0.903	0.094
0.832	0.001	0.165	0.002
0.001	0.001	0.994	0.004
0.190	0.486	0.165	0.158
0.659	0.182	0.001	0.158
0.704	0.158	0.134	0.004
0.692	0.003	0.126	0.179
0.872	0.126	0.001	0.001
0.056	0.001	0.001	0.942
0.009	0.912	0.076	0.003
>TAAAAAACAGAT	23-TAAAAAACAGAT	14.780278	-7.622339	0	T:3.0(3.30%),B:64.0(0.16%),P:1e-3	Tpos:484.0,Tstd:230.7,Bpos:453.9,Bstd:342.0,StrandBias:10.0,Multiplicity:1.67
0.001	0.001	0.001	0.997
0.997	0.001	0.001	0.001
0.997	0.001	0.001	0.001
0.997	0.001	0.001	0.001
0.997	0.001	0.001	0.001
0.997	0.001	0.001	0.001
0.814	0.001	0.001	0.184
0.122	0.876	0.001	0.001
0.997	0.001	0.001	0.001
0.001	0.001	0.997	0.001
0.997	0.001	0.001	0.001
0.001	0.001	0.001	0.997
>GCAGTCAGGTTA	24-GCAGTCAGGTTA	16.524520	-6.086950	0	T:1.0(1.10%),B:0.0(0.00%),P:1e-2	Tpos:513.5,Tstd:58.7,Bpos:0.0,Bstd:0.0,StrandBias:10.0,Multiplicity:12.00
0.001	0.001	0.997	0.001
0.001	0.997	0.001	0.001
0.997	0.001	0.001	0.001
0.001	0.001	0.997	0.001
0.001	0.001	0.001	0.997
0.001	0.997	0.001	0.001
0.997	0.001	0.001	0.001
0.001	0.001	0.925	0.073
0.001	0.001	0.997	0.001
0.001	0.001	0.001	0.997
0.001	0.001	0.001	0.997
0.997	0.001	0.001	0.001
>TTGCTCAAAATC	25-TTGCTCAAAATC	12.355432	-5.394743	0	T:2.0(2.20%),B:42.3(0.11%),P:1e-2	Tpos:585.4,Tstd:255.3,Bpos:486.0,Bstd:332.7,StrandBias:-10.0,Multiplicity:2.50
0.100	0.100	0.100	0.700
0.100	0.100	0.100	0.700
0.100	0.100	0.700	0.100
0.100	0.700	0.100	0.100
0.100	0.100	0.100	0.700
0.100	0.700	0.100	0.100
0.700	0.100	0.100	0.100
0.700	0.100	0.100	0.100
0.700	0.100	0.100	0.100
0.700	0.100	0.100	0.100
0.100	0.100	0.100	0.700
0.100	0.700	0.100	0.100
