>CTTCCCCGAT	1-CTTCCCCGAT	10.895982	-22.990301	0	T:11.0(12.09%),B:291.9(0.73%),P:1e-9	Tpos:632.7,Tstd:201.5,Bpos:557.0,Bstd:306.4,StrandBias:0.8,Multiplicity:1.00
0.001	0.997	0.001	0.001
0.001	0.001	0.001	0.997
0.001	0.001	0.001	0.997
0.001	0.997	0.001	0.001
0.001	0.889	0.001	0.109
0.001	0.818	0.180	0.001
0.001	0.873	0.001	0.125
0.114	0.001	0.884	0.001
0.870	0.001	0.001	0.128
0.128	0.001	0.001	0.870
>CTTGCCCCCT	2-CTTGCCCCCT	10.771140	-21.220901	0	T:10.0(10.99%),B:258.5(0.65%),P:1e-9	Tpos:692.8,Tstd:153.7,Bpos:567.9,Bstd:314.9,StrandBias:3.5,Multiplicity:1.20
0.001	0.997	0.001	0.001
0.001	0.153	0.001	0.845
0.001	0.001	0.001	0.997
0.001	0.116	0.688	0.195
0.001	0.997	0.001	0.001
0.001	0.847	0.001	0.151
0.001	0.890	0.001	0.108
0.001	0.997	0.001	0.001
0.131	0.867	0.001	0.001
0.001	0.001	0.001	0.997
>GAGTCTAATA	3-GAGTCTAATA	10.048535	-18.527096	0	T:12.0(13.19%),B:571.4(1.43%),P:1e-8	Tpos:346.1,Tstd:277.2,Bpos:474.1,Bstd:296.7,StrandBias:-0.7,Multiplicity:1.08
0.001	0.134	0.779	0.086
0.919	0.001	0.001	0.079
0.001	0.099	0.827	0.073
0.001	0.096	0.001	0.902
0.001	0.997	0.001	0.001
0.001	0.001	0.001	0.997
0.997	0.001	0.001	0.001
0.798	0.099	0.001	0.102
0.057	0.001	0.001	0.941
0.916	0.001	0.001	0.082
>CCACCTACAC	4-CCACCTACAC	9.163521	-18.461322	0	T:13.0(14.29%),B:706.1(1.77%),P:1e-8	Tpos:589.1,Tstd:278.5,Bpos:488.1,Bstd:330.3,StrandBias:1.3,Multiplicity:1.08
0.001	0.997	0.001	0.001
0.001	0.997	0.001	0.001
0.848	0.150	0.001	0.001
0.103	0.775	0.001	0.121
0.121	0.877	0.001	0.001
0.034	0.101	0.001	0.864
0.920	0.078	0.001	0.001
0.133	0.865	0.001	0.001
0.997	0.001	0.001	0.001
0.131	0.867	0.001	0.001
>GATGAATTAC	5-GATGAATTAC	8.962846	-18.169167	0	T:20.0(21.98%),B:1938.5(4.85%),P:1e-7	Tpos:380.5,Tstd:250.4,Bpos:493.6,Bstd:305.9,StrandBias:0.1,Multiplicity:1.15
0.001	0.080	0.780	0.139
0.997	0.001	0.001	0.001
0.001	0.001	0.179	0.819
0.058	0.001	0.940	0.001
0.910	0.001	0.088	0.001
0.997	0.001	0.001	0.001
0.131	0.095	0.001	0.773
0.001	0.001	0.001	0.997
0.573	0.196	0.230	0.001
0.001	0.797	0.076	0.126
>TCTTTATGCA	6-TCTTTATGCA	9.415314	-16.832311	0	T:17.0(18.68%),B:1497.9(3.75%),P:1e-7	Tpos:330.4,Tstd:236.7,Bpos:512.7,Bstd:306.2,StrandBias:-0.2,Multiplicity:1.00
0.127	0.001	0.001	0.871
0.089	0.786	0.124	0.001
0.110	0.001	0.001	0.888
0.001	0.001	0.001	0.997
0.001	0.001	0.001	0.997
0.804	0.001	0.092	0.103
0.001	0.001	0.001	0.997
0.127	0.001	0.803	0.069
0.086	0.912	0.001	0.001
0.965	0.001	0.001	0.033
>ACCTGCATCC	7-ACCTGCATCC	10.005813	-15.113126	0	T:8.0(8.79%),B:273.8(0.69%),P:1e-6	Tpos:451.8,Tstd:336.7,Bpos:478.6,Bstd:306.9,StrandBias:-1.2,Multiplicity:1.12
0.997	0.001	0.001	0.001
0.001	0.801	0.188	0.010
0.001	0.994	0.001	0.004
0.363	0.001	0.001	0.635
0.001	0.010	0.845	0.144
0.001	0.625	0.001	0.373
0.990	0.001	0.008	0.001
0.001	0.001	0.004	0.994
0.322	0.544	0.133	0.001
0.128	0.870	0.001	0.001
>CGTATTTTGT	8-CGTATTTTGT	9.285020	-14.941657	0	T:13.0(14.29%),B:962.9(2.41%),P:1e-6	Tpos:459.4,Tstd:289.0,Bpos:508.7,Bstd:309.5,StrandBias:-0.8,Multiplicity:1.08
0.001	0.969	0.001	0.029
0.001	0.001	0.997	0.001
0.001	0.001	0.001	0.997
0.997	0.001	0.001	0.001
0.232	0.001	0.001	0.766
0.001	0.001	0.001	0.997
0.351	0.001	0.001	0.647
0.001	0.001	0.001	0.997
0.001	0.001	0.997	0.001
0.001	0.001	0.270	0.728
>TGTTATTCCA	9-TGTTATTCCA	9.659848	-14.544685	0	T:15.0(16.48%),B:1361.3(3.41%),P:1e-6	Tpos:584.0,Tstd:237.1,Bpos:484.7,Bstd:294.7,StrandBias:0.6,Multiplicity:1.33
0.059	0.001	0.001	0.939
0.041	0.001	0.957	0.001
0.001	0.001	0.001	0.997
0.001	0.065	0.001	0.933
0.945	0.001	0.053	0.001
0.001	0.084	0.001	0.914
0.001	0.097	0.001	0.901
0.151	0.688	0.001	0.160
0.030	0.782	0.058	0.130
0.997	0.001	0.001	0.001
>KGTCTYAGAA	10-KGTCTYAGAA	7.659556	-13.205815	0	T:14.0(15.38%),B:1317.9(3.30%),P:1e-5	Tpos:505.4,Tstd:264.5,Bpos:477.0,Bstd:309.9,StrandBias:-0.2,Multiplicity:1.07
0.167	0.032	0.369	0.432
0.070	0.301	0.576	0.053
0.345	0.077	0.046	0.532
0.303	0.605	0.049	0.043
0.221	0.220	0.028	0.531
0.029	0.455	0.045	0.472
0.456	0.047	0.220	0.277
0.066	0.085	0.781	0.068
0.842	0.096	0.041	0.021
0.696	0.221	0.052	0.031
>GTTTCCATGG	11-GTTTCCATGG	10.126719	-12.958428	0	T:9.0(9.89%),B:496.7(1.24%),P:1e-5	Tpos:678.1,Tstd:245.1,Bpos:533.4,Bstd:317.8,StrandBias:0.5,Multiplicity:1.00
0.001	0.112	0.843	0.044
0.117	0.001	0.001	0.881
0.001	0.101	0.001	0.897
0.001	0.119	0.087	0.793
0.092	0.906	0.001	0.001
0.045	0.953	0.001	0.001
0.997	0.001	0.001	0.001
0.001	0.001	0.105	0.893
0.001	0.001	0.947	0.051
0.001	0.001	0.936	0.062
>TTAGGTATAT	12-TTAGGTATAT	10.190336	-12.710907	0	T:10.0(10.99%),B:659.7(1.65%),P:1e-5	Tpos:432.5,Tstd:215.9,Bpos:502.4,Bstd:309.6,StrandBias:1.0,Multiplicity:1.50
0.001	0.071	0.001	0.927
0.001	0.062	0.001	0.936
0.935	0.063	0.001	0.001
0.001	0.069	0.863	0.067
0.042	0.001	0.911	0.046
0.036	0.064	0.179	0.721
0.950	0.001	0.001	0.048
0.001	0.001	0.001	0.997
0.946	0.001	0.052	0.001
0.001	0.067	0.001	0.931
>AATCAGGCTG	13-AATCAGGCTG	11.965099	-12.678904	0	T:5.0(5.49%),B:93.7(0.23%),P:1e-5	Tpos:564.5,Tstd:264.3,Bpos:471.8,Bstd:299.8,StrandBias:2.3,Multiplicity:1.20
0.997	0.001	0.001	0.001
0.997	0.001	0.001	0.001
0.001	0.001	0.001	0.997
0.001	0.997	0.001	0.001
0.657	0.188	0.001	0.154
0.001	0.001	0.997	0.001
0.001	0.001	0.997	0.001
0.001	0.997	0.001	0.001
0.001	0.001	0.001	0.997
0.001	0.001	0.997	0.001
>TGTGTCGGCT	14-TGTGTCGGCT	10.408588	-11.881923	0	T:8.0(8.79%),B:426.7(1.07%),P:1e-5	Tpos:646.1,Tstd:269.9,Bpos:505.0,Bstd:321.9,StrandBias:0.0,Multiplicity:1.25
0.051	0.001	0.116	0.832
0.001	0.085	0.860	0.054
0.001	0.001	0.001	0.997
0.114	0.001	0.884	0.001
0.001	0.001	0.103	0.895
0.001	0.929	0.001	0.069
0.001	0.001	0.997	0.001
0.105	0.001	0.823	0.071
0.001	0.959	0.039	0.001
0.110	0.001	0.001	0.888
>TTTGAACTGG	15-TTTGAACTGG	9.852850	-11.815072	0	T:12.0(13.19%),B:1087.9(2.72%),P:1e-5	Tpos:532.2,Tstd:246.7,Bpos:510.3,Bstd:313.0,StrandBias:-0.5,Multiplicity:1.00
0.003	0.001	0.001	0.995
0.084	0.001	0.077	0.838
0.110	0.097	0.073	0.720
0.023	0.246	0.730	0.001
0.895	0.001	0.103	0.001
0.955	0.001	0.043	0.001
0.050	0.898	0.051	0.001
0.063	0.001	0.077	0.859
0.001	0.184	0.814	0.001
0.021	0.103	0.860	0.016
>CTCATTTTTC	16-CTCATTTTTC	7.782638	-10.602641	0	T:20.0(21.98%),B:3160.6(7.91%),P:1e-4	Tpos:482.3,Tstd:252.1,Bpos:525.7,Bstd:322.9,StrandBias:1.1,Multiplicity:1.25
0.001	0.997	0.001	0.001
0.001	0.001	0.001	0.997
0.001	0.997	0.001	0.001
0.997	0.001	0.001	0.001
0.248	0.001	0.041	0.710
0.001	0.079	0.001	0.919
0.001	0.001	0.001	0.997
0.001	0.001	0.001	0.997
0.001	0.001	0.062	0.936
0.001	0.997	0.001	0.001
>TGAAAATTGC	17-TGAAAATTGC	10.138230	-9.236661	0	T:17.0(18.68%),B:2654.4(6.64%),P:1e-4	Tpos:543.9,Tstd:246.5,Bpos:500.7,Bstd:312.6,StrandBias:-2.2,Multiplicity:1.29
0.076	0.001	0.118	0.805
0.001	0.001	0.997	0.001
0.929	0.069	0.001	0.001
0.997	0.001	0.001	0.001
0.997	0.001	0.001	0.001
0.895	0.001	0.071	0.033
0.001	0.039	0.001	0.959
0.001	0.001	0.001	0.997
0.001	0.060	0.938	0.001
0.001	0.997	0.001	0.001
>TTTCCGCGGA	18-TTTCCGCGGA	10.531362	-8.449982	0	T:5.0(5.49%),B:232.6(0.58%),P:1e-3	Tpos:488.0,Tstd:219.8,Bpos:517.0,Bstd:333.9,StrandBias:-0.5,Multiplicity:1.40
0.100	0.001	0.001	0.898
0.265	0.095	0.001	0.639
0.001	0.001	0.001	0.997
0.001	0.919	0.079	0.001
0.001	0.997	0.001	0.001
0.001	0.001	0.997	0.001
0.001	0.997	0.001	0.001
0.001	0.001	0.997	0.001
0.001	0.001	0.929	0.069
0.997	0.001	0.001	0.001
>AACCTGACTG	19-AACCTGACTG	10.296193	-3.394603	0	T:1.0(1.10%),B:14.5(0.04%),P:1e-1	Tpos:512.5,Tstd:58.7,Bpos:528.6,Bstd:247.7,StrandBias:-10.0,Multiplicity:12.00
0.700	0.100	0.100	0.100
0.700	0.100	0.100	0.100
0.100	0.700	0.100	0.100
0.100	0.700	0.100	0.100
0.100	0.100	0.100	0.700
0.100	0.100	0.700	0.100
0.700	0.100	0.100	0.100
0.100	0.700	0.100	0.100
0.100	0.100	0.100	0.700
0.100	0.100	0.700	0.100
>GTGAGGAAAAGT	1-GTGAGGAAAAGT	12.454599	-23.521645	0	T:9.0(9.89%),B:139.2(0.35%),P:1e-10	Tpos:438.0,Tstd:321.0,Bpos:587.3,Bstd:313.0,StrandBias:-0.3,Multiplicity:1.00
0.001	0.001	0.997	0.001
0.001	0.001	0.155	0.843
0.001	0.001	0.997	0.001
0.631	0.174	0.001	0.194
0.117	0.001	0.881	0.001
0.001	0.122	0.876	0.001
0.997	0.001	0.001	0.001
0.997	0.001	0.001	0.001
0.997	0.001	0.001	0.001
0.997	0.001	0.001	0.001
0.110	0.001	0.888	0.001
0.001	0.001	0.001	0.997
>CAAACAVGTGAC	2-CAAACAVGTGAC	11.488878	-21.589403	0	T:10.0(10.99%),B:248.4(0.62%),P:1e-9	Tpos:523.7,Tstd:283.4,Bpos:521.5,Bstd:312.3,StrandBias:-0.3,Multiplicity:1.10
0.009	0.822	0.165	0.004
0.996	0.002	0.001	0.001
0.997	0.001	0.001	0.001
0.997	0.001	0.001	0.001
0.410	0.588	0.001	0.001
0.666	0.332	0.001	0.001
0.311	0.412	0.276	0.001
0.238	0.001	0.755	0.006
0.082	0.001	0.001	0.916
0.093	0.008	0.750	0.149
0.742	0.256	0.001	0.001
0.153	0.694	0.001	0.152
>GATTTGVACATT	3-GATTTGVACATT	10.274403	-20.501864	0	T:19.0(20.88%),B:1503.6(3.76%),P:1e-8	Tpos:401.9,Tstd:259.8,Bpos:498.2,Bstd:295.7,StrandBias:1.2,Multiplicity:1.05
0.003	0.002	0.814	0.181
0.911	0.004	0.001	0.084
0.001	0.001	0.001	0.997
0.001	0.001	0.091	0.907
0.001	0.110	0.106	0.783
0.001	0.001	0.975	0.023
0.298	0.368	0.270	0.063
0.679	0.002	0.084	0.235
0.003	0.914	0.082	0.001
0.997	0.001	0.001	0.001
0.165	0.001	0.202	0.632
0.001	0.001	0.004	0.994
>ACAAATGTACAG	4-ACAAATGTACAG	14.256702	-20.065100	0	T:6.0(6.59%),B:45.4(0.11%),P:1e-8	Tpos:570.8,Tstd:328.8,Bpos:481.9,Bstd:319.6,StrandBias:-10.0,Multiplicity:1.00
0.640	0.195	0.001	0.164
0.091	0.907	0.001	0.001
0.997	0.001	0.001	0.001
0.997	0.001	0.001	0.001
0.997	0.001	0.001	0.001
0.001	0.001	0.001	0.997
0.188	0.001	0.647	0.164
0.001	0.001	0.001	0.997
0.997	0.001	0.001	0.001
0.001	0.997	0.001	0.001
0.997	0.001	0.001	0.001
0.001	0.001	0.997	0.001
>CTAAAAAAAATT	5-CTAAAAAAAATT	12.856396	-18.948149	0	T:13.0(14.29%),B:677.7(1.70%),P:1e-8	Tpos:492.6,Tstd:286.4,Bpos:485.8,Bstd:308.2,StrandBias:-0.2,Multiplicity:1.00
0.001	0.997	0.001	0.001
0.001	0.001	0.001	0.997
0.997	0.001	0.001	0.001
0.929	0.069	0.001	0.001
0.617	0.207	0.001	0.175
0.687	0.001	0.311	0.001
0.997	0.001	0.001	0.001
0.997	0.001	0.001	0.001
0.997	0.001	0.001	0.001
0.997	0.001	0.001	0.001
0.001	0.001	0.001	0.997
0.001	0.198	0.001	0.800
>ATCTCCATGATT	6-ATCTCCATGATT	10.553295	-18.469575	0	T:14.0(15.38%),B:848.7(2.12%),P:1e-8	Tpos:398.1,Tstd:263.9,Bpos:498.1,Bstd:310.7,StrandBias:1.3,Multiplicity:1.00
0.754	0.134	0.001	0.111
0.103	0.134	0.134	0.629
0.001	0.742	0.001	0.256
0.001	0.001	0.001	0.997
0.098	0.787	0.001	0.114
0.111	0.678	0.134	0.077
0.853	0.001	0.001	0.145
0.083	0.001	0.001	0.915
0.001	0.001	0.997	0.001
0.997	0.001	0.001	0.001
0.133	0.001	0.001	0.865
0.097	0.111	0.001	0.791
>CAAAAGTGTGAG	7-CAAAAGTGTGAG	13.527549	-18.249022	0	T:8.0(8.79%),B:179.8(0.45%),P:1e-7	Tpos:439.1,Tstd:258.4,Bpos:561.1,Bstd:294.3,StrandBias:-1.6,Multiplicity:1.00
0.106	0.892	0.001	0.001
0.997	0.001	0.001	0.001
0.997	0.001	0.001	0.001
0.997	0.001	0.001	0.001
0.997	0.001	0.001	0.001
0.290	0.001	0.708	0.001
0.001	0.001	0.001	0.997
0.001	0.001	0.997	0.001
0.189	0.001	0.001	0.809
0.001	0.001	0.997	0.001
0.997	0.001	0.001	0.001
0.104	0.001	0.754	0.141
>AATTTTTATSAR	8-AATTTTTATSAR	10.170789	-17.428497	0	T:28.0(30.77%),B:3920.1(9.81%),P:1e-7	Tpos:528.8,Tstd:325.6,Bpos:503.3,Bstd:303.9,StrandBias:0.0,Multiplicity:1.11
0.900	0.023	0.032	0.045
0.934	0.001	0.028	0.037
0.018	0.236	0.058	0.688
0.001	0.057	0.001	0.941
0.003	0.109	0.046	0.842
0.001	0.001	0.029	0.969
0.318	0.041	0.001	0.640
0.983	0.001	0.015	0.001
0.021	0.001	0.024	0.954
0.001	0.532	0.431	0.036
0.863	0.038	0.037	0.062
0.358	0.110	0.399	0.133
>TATATACCTAAT	9-TATATACCTAAT	10.273829	-16.254073	0	T:12.0(13.19%),B:706.1(1.77%),P:1e-7	Tpos:472.5,Tstd:203.4,Bpos:514.5,Bstd:307.2,StrandBias:-1.3,Multiplicity:1.75
0.176	0.111	0.001	0.712
0.997	0.001	0.001	0.001
0.051	0.187	0.001	0.761
0.801	0.058	0.098	0.043
0.001	0.133	0.001	0.865
0.821	0.060	0.075	0.044
0.076	0.825	0.001	0.098
0.194	0.762	0.002	0.042
0.038	0.001	0.122	0.839
0.937	0.001	0.001	0.061
0.873	0.051	0.075	0.001
0.184	0.001	0.001	0.814
>YTAATTTTTCAC	10-YTAATTTTTCAC	12.371588	-15.425259	0	T:11.0(12.09%),B:618.8(1.55%),P:1e-6	Tpos:585.9,Tstd:236.7,Bpos:521.6,Bstd:316.4,StrandBias:2.1,Multiplicity:1.45
0.024	0.534	0.001	0.441
0.064	0.071	0.001	0.864
0.690	0.308	0.001	0.001
0.997	0.001	0.001	0.001
0.001	0.103	0.001	0.895
0.092	0.004	0.001	0.903
0.001	0.001	0.157	0.841
0.001	0.001	0.001	0.997
0.001	0.001	0.001	0.997
0.234	0.675	0.001	0.090
0.847	0.067	0.085	0.001
0.001	0.997	0.001	0.001
>AACAAGTATTTC	11-AACAAGTATTTC	13.477773	-15.078847	0	T:6.0(6.59%),B:110.6(0.28%),P:1e-6	Tpos:487.0,Tstd:225.0,Bpos:487.6,Bstd:316.8,StrandBias:0.7,Multiplicity:1.33
0.997	0.001	0.001	0.001
0.997	0.001	0.001	0.001
0.074	0.924	0.001	0.001
0.997	0.001	0.001	0.001
0.675	0.001	0.205	0.119
0.001	0.001	0.997	0.001
0.001	0.001	0.001	0.997
0.997	0.001	0.001	0.001
0.148	0.001	0.001	0.850
0.001	0.001	0.001	0.997
0.001	0.187	0.001	0.811
0.001	0.897	0.001	0.101
>AACATAGTTTAA	12-AACATAGTTTAA	13.310073	-13.981266	0	T:7.0(7.69%),B:217.7(0.54%),P:1e-6	Tpos:592.8,Tstd:290.6,Bpos:468.3,Bstd:286.6,StrandBias:0.0,Multiplicity:1.14
0.853	0.001	0.001	0.145
0.997	0.001	0.001	0.001
0.067	0.931	0.001	0.001
0.997	0.001	0.001	0.001
0.001	0.001	0.001	0.997
0.997	0.001	0.001	0.001
0.123	0.139	0.671	0.067
0.001	0.001	0.001	0.997
0.001	0.001	0.001	0.997
0.001	0.001	0.001	0.997
0.867	0.131	0.001	0.001
0.796	0.202	0.001	0.001
>GAGTCAACGTGA	13-GAGTCAACGTGA	14.679353	-13.873125	0	T:3.0(3.30%),B:6.4(0.02%),P:1e-6	Tpos:566.0,Tstd:252.3,Bpos:424.2,Bstd:307.8,StrandBias:1.6,Multiplicity:1.33
0.001	0.001	0.739	0.259
0.997	0.001	0.001	0.001
0.001	0.001	0.997	0.001
0.001	0.001	0.001	0.997
0.001	0.997	0.001	0.001
0.997	0.001	0.001	0.001
0.997	0.001	0.001	0.001
0.001	0.997	0.001	0.001
0.001	0.001	0.759	0.239
0.001	0.001	0.259	0.739
0.001	0.001	0.997	0.001
0.997	0.001	0.001	0.001
>CAAGCTWCAAAA	14-CAAGCTWCAAAA	13.215837	-13.766067	0	T:6.0(6.59%),B:139.6(0.35%),P:1e-5	Tpos:458.1,Tstd:201.2,Bpos:501.5,Bstd:301.4,StrandBias:-2.6,Multiplicity:1.17
0.001	0.997	0.001	0.001
0.997	0.001	0.001	0.001
0.997	0.001	0.001	0.001
0.001	0.001	0.997	0.001
0.001	0.761	0.237	0.001
0.001	0.001	0.001	0.997
0.557	0.001	0.001	0.441
0.161	0.492	0.163	0.184
0.997	0.001	0.001	0.001
0.997	0.001	0.001	0.001
0.997	0.001	0.001	0.001
0.508	0.203	0.001	0.288
>RGGTAGGAWGSW	15-RGGTAGGAWGSW	10.173575	-13.486386	0	T:4.0(4.40%),B:32.7(0.08%),P:1e-5	Tpos:485.5,Tstd:233.9,Bpos:490.1,Bstd:249.8,StrandBias:0.0,Multiplicity:1.50
0.457	0.001	0.541	0.001
0.021	0.001	0.959	0.019
0.021	0.001	0.977	0.001
0.001	0.001	0.001	0.997
0.997	0.001	0.001	0.001
0.001	0.001	0.997	0.001
0.001	0.001	0.997	0.001
0.997	0.001	0.001	0.001
0.457	0.001	0.001	0.541
0.001	0.001	0.997	0.001
0.001	0.457	0.541	0.001
0.457	0.001	0.001	0.541
>CTTTCCCCCTAC	16-CTTTCCCCCTAC	14.339471	-13.373713	0	T:4.0(4.40%),B:33.2(0.08%),P:1e-5	Tpos:716.8,Tstd:192.9,Bpos:580.3,Bstd:293.3,StrandBias:10.0,Multiplicity:1.25
0.001	0.746	0.001	0.252
0.001	0.001	0.001	0.997
0.001	0.001	0.001	0.997
0.001	0.276	0.001	0.722
0.001	0.997	0.001	0.001
0.001	0.997	0.001	0.001
0.001	0.997	0.001	0.001
0.001	0.997	0.001	0.001
0.001	0.997	0.001	0.001
0.001	0.001	0.001	0.997
0.806	0.192	0.001	0.001
0.001	0.997	0.001	0.001
>TCGAAAGTTTAA	17-TCGAAAGTTTAA	13.157345	-13.337425	0	T:8.0(8.79%),B:348.2(0.87%),P:1e-5	Tpos:532.0,Tstd:274.9,Bpos:509.6,Bstd:289.3,StrandBias:0.3,Multiplicity:1.38
0.001	0.001	0.001	0.997
0.001	0.930	0.001	0.068
0.149	0.001	0.849	0.001
0.997	0.001	0.001	0.001
0.997	0.001	0.001	0.001
0.997	0.001	0.001	0.001
0.067	0.001	0.931	0.001
0.001	0.001	0.213	0.785
0.001	0.001	0.001	0.997
0.001	0.128	0.112	0.759
0.997	0.001	0.001	0.001
0.997	0.001	0.001	0.001
>ATTTCCGCGGAA	18-ATTTCCGCGGAA	10.153254	-12.051197	0	T:9.0(9.89%),B:556.8(1.39%),P:1e-5	Tpos:512.5,Tstd:272.7,Bpos:502.2,Bstd:305.8,StrandBias:-0.2,Multiplicity:1.22
0.668	0.001	0.028	0.303
0.001	0.146	0.001	0.852
0.004	0.028	0.001	0.967
0.001	0.001	0.001	0.997
0.033	0.758	0.208	0.001
0.001	0.875	0.001	0.123
0.001	0.001	0.875	0.123
0.183	0.815	0.001	0.001
0.001	0.001	0.995	0.003
0.001	0.146	0.852	0.001
0.815	0.001	0.183	0.001
0.489	0.001	0.208	0.303
>CGAKTWTGTTTA	19-CGAKTWTGTTTA	11.103290	-11.017333	0	T:7.0(7.69%),B:345.4(0.86%),P:1e-4	Tpos:450.9,Tstd:269.9,Bpos:506.6,Bstd:305.2,StrandBias:1.0,Multiplicity:1.29
0.286	0.712	0.001	0.001
0.001	0.001	0.997	0.001
0.691	0.307	0.001	0.001
0.001	0.001	0.429	0.569
0.001	0.001	0.001	0.997
0.429	0.001	0.001	0.569
0.001	0.001	0.001	0.997
0.001	0.001	0.997	0.001
0.001	0.365	0.001	0.633
0.001	0.001	0.001	0.997
0.001	0.053	0.227	0.719
0.997	0.001	0.001	0.001
>TTATTACACATT	20-TTATTACACATT	13.212424	-10.991886	0	T:6.0(6.59%),B:229.6(0.57%),P:1e-4	Tpos:447.8,Tstd:203.4,Bpos:511.8,Bstd:290.2,StrandBias:0.6,Multiplicity:1.67
0.001	0.001	0.001	0.997
0.001	0.001	0.199	0.799
0.900	0.001	0.001	0.098
0.001	0.001	0.001	0.997
0.001	0.124	0.001	0.874
0.917	0.001	0.001	0.081
0.001	0.997	0.001	0.001
0.997	0.001	0.001	0.001
0.215	0.783	0.001	0.001
0.833	0.001	0.165	0.001
0.001	0.001	0.001	0.997
0.001	0.001	0.001	0.997
>ATKTGTCGGMTG	21-ATKTGTCGGMTG	10.405965	-8.866789	0	T:6.0(6.59%),B:339.8(0.85%),P:1e-3	Tpos:567.0,Tstd:249.3,Bpos:478.5,Bstd:301.4,StrandBias:0.3,Multiplicity:1.50
0.997	0.001	0.001	0.001
0.404	0.001	0.020	0.575
0.001	0.001	0.499	0.499
0.001	0.001	0.001	0.997
0.024	0.001	0.974	0.001
0.001	0.001	0.001	0.997
0.001	0.997	0.001	0.001
0.001	0.001	0.997	0.001
0.033	0.001	0.965	0.001
0.499	0.499	0.001	0.001
0.001	0.001	0.001	0.997
0.001	0.001	0.605	0.393
>ATGAGCAAAATC	22-ATGAGCAAAATC	9.121560	-8.446272	0	T:14.0(15.38%),B:2038.5(5.10%),P:1e-3	Tpos:673.6,Tstd:209.8,Bpos:504.8,Bstd:308.2,StrandBias:-1.6,Multiplicity:1.43
0.970	0.001	0.001	0.028
0.001	0.001	0.001	0.997
0.001	0.002	0.903	0.094
0.832	0.001	0.165	0.002
0.001	0.001	0.994	0.004
0.190	0.486	0.165	0.158
0.659	0.182	0.001	0.158
0.704	0.158	0.134	0.004
0.692	0.003	0.126	0.179
0.872	0.126	0.001	0.001
0.056	0.001	0.001	0.942
0.009	0.912	0.076	0.003
>TAAAAAACAGAT	23-TAAAAAACAGAT	14.780278	-7.622339	0	T:3.0(3.30%),B:64.0(0.16%),P:1e-3	Tpos:484.0,Tstd:230.7,Bpos:453.9,Bstd:342.0,StrandBias:10.0,Multiplicity:1.67
0.001	0.001	0.001	0.997
0.997	0.001	0.001	0.001
0.997	0.001	0.001	0.001
0.997	0.001	0.001	0.001
0.997	0.001	0.001	0.001
0.997	0.001	0.001	0.001
0.814	0.001	0.001	0.184
0.122	0.876	0.001	0.001
0.997	0.001	0.001	0.001
0.001	0.001	0.997	0.001
0.997	0.001	0.001	0.001
0.001	0.001	0.001	0.997
>GCAGTCAGGTTA	24-GCAGTCAGGTTA	16.524520	-6.086950	0	T:1.0(1.10%),B:0.0(0.00%),P:1e-2	Tpos:513.5,Tstd:58.7,Bpos:0.0,Bstd:0.0,StrandBias:10.0,Multiplicity:12.00
0.001	0.001	0.997	0.001
0.001	0.997	0.001	0.001
0.997	0.001	0.001	0.001
0.001	0.001	0.997	0.001
0.001	0.001	0.001	0.997
0.001	0.997	0.001	0.001
0.997	0.001	0.001	0.001
0.001	0.001	0.925	0.073
0.001	0.001	0.997	0.001
0.001	0.001	0.001	0.997
0.001	0.001	0.001	0.997
0.997	0.001	0.001	0.001
>TTGCTCAAAATC	25-TTGCTCAAAATC	12.355432	-5.394743	0	T:2.0(2.20%),B:42.3(0.11%),P:1e-2	Tpos:585.4,Tstd:255.3,Bpos:486.0,Bstd:332.7,StrandBias:-10.0,Multiplicity:2.50
0.100	0.100	0.100	0.700
0.100	0.100	0.100	0.700
0.100	0.100	0.700	0.100
0.100	0.700	0.100	0.100
0.100	0.100	0.100	0.700
0.100	0.700	0.100	0.100
0.700	0.100	0.100	0.100
0.700	0.100	0.100	0.100
0.700	0.100	0.100	0.100
0.700	0.100	0.100	0.100
0.100	0.100	0.100	0.700
0.100	0.700	0.100	0.100
>GCTTGTCC	1-GCTTGTCC	7.622049	-15.531914	0	T:21.0(23.08%),B:2509.5(6.28%),P:1e-6	Tpos:532.4,Tstd:305.5,Bpos:493.5,Bstd:318.4,StrandBias:0.3,Multiplicity:1.19
0.001	0.001	0.997	0.001
0.001	0.913	0.001	0.085
0.001	0.052	0.051	0.896
0.001	0.001	0.001	0.997
0.091	0.001	0.907	0.001
0.001	0.129	0.001	0.869
0.141	0.857	0.001	0.001
0.001	0.997	0.001	0.001
>AACAGCTT	2-AACAGCTT	8.718048	-11.080348	0	T:25.0(27.47%),B:4464.5(11.17%),P:1e-4	Tpos:490.7,Tstd:325.6,Bpos:491.8,Bstd:303.1,StrandBias:-0.1,Multiplicity:1.16
0.997	0.001	0.001	0.001
0.865	0.001	0.001	0.133
0.001	0.997	0.001	0.001
0.997	0.001	0.001	0.001
0.001	0.001	0.714	0.284
0.001	0.997	0.001	0.001
0.001	0.001	0.001	0.997
0.001	0.001	0.001	0.997
>TACTATAT	3-TACTATAT	10.658469	-9.094850	0	T:10.0(10.99%),B:1013.5(2.54%),P:1e-3	Tpos:601.0,Tstd:357.5,Bpos:515.1,Bstd:297.4,StrandBias:-0.6,Multiplicity:1.00
0.251	0.001	0.001	0.747
0.885	0.001	0.113	0.001
0.001	0.997	0.001	0.001
0.001	0.001	0.001	0.997
0.997	0.001	0.001	0.001
0.001	0.001	0.001	0.997
0.997	0.001	0.001	0.001
0.001	0.001	0.001	0.997
>CTGCTACA	4-CTGCTACA	8.236954	-2.809654	0	T:4.0(4.40%),B:643.4(1.61%),P:1e-1	Tpos:548.5,Tstd:192.7,Bpos:511.4,Bstd:317.3,StrandBias:-10.0,Multiplicity:3.50
0.100	0.700	0.100	0.100
0.100	0.100	0.100	0.700
0.100	0.100	0.700	0.100
0.100	0.700	0.100	0.100
0.100	0.100	0.100	0.700
0.700	0.100	0.100	0.100
0.100	0.700	0.100	0.100
0.700	0.100	0.100	0.100
>CAGGTTAC	5-CAGGTTAC	8.236954	-2.470758	0	T:3.0(3.30%),B:450.3(1.13%),P:1e-1	Tpos:495.5,Tstd:181.1,Bpos:499.1,Bstd:306.5,StrandBias:2.6,Multiplicity:4.67
0.100	0.700	0.100	0.100
0.700	0.100	0.100	0.100
0.100	0.100	0.700	0.100
0.100	0.100	0.700	0.100
0.100	0.100	0.100	0.700
0.100	0.100	0.100	0.700
0.700	0.100	0.100	0.100
0.100	0.700	0.100	0.100
