>TAGGCAGTTC	1-TAGGCAGTTC	8.836172	-21.216588	0	T:17.0(10.00%),B:576.5(1.42%),P:1e-9	Tpos:531.5,Tstd:316.9,Bpos:489.9,Bstd:313.5,StrandBias:0.5,Multiplicity:1.00
0.212	0.020	0.088	0.680
0.590	0.171	0.024	0.215
0.039	0.031	0.772	0.158
0.037	0.047	0.725	0.191
0.112	0.534	0.067	0.287
0.750	0.001	0.001	0.248
0.021	0.059	0.859	0.061
0.029	0.001	0.045	0.925
0.001	0.043	0.073	0.883
0.246	0.585	0.154	0.015
>ACTACAGTTG	2-ACTACAGTTG	9.637147	-20.295667	0	T:21.0(12.35%),B:981.8(2.42%),P:1e-8	Tpos:465.4,Tstd:314.9,Bpos:497.7,Bstd:325.8,StrandBias:0.8,Multiplicity:1.05
0.997	0.001	0.001	0.001
0.032	0.882	0.059	0.027
0.033	0.001	0.321	0.645
0.867	0.038	0.055	0.040
0.074	0.924	0.001	0.001
0.997	0.001	0.001	0.001
0.001	0.155	0.807	0.037
0.001	0.001	0.001	0.997
0.031	0.001	0.001	0.967
0.001	0.052	0.946	0.001
>CACCTGAGAC	3-CACCTGAGAC	10.681215	-19.134443	0	T:11.0(6.47%),B:223.1(0.55%),P:1e-8	Tpos:408.1,Tstd:213.9,Bpos:508.8,Bstd:314.9,StrandBias:-0.3,Multiplicity:1.00
0.001	0.997	0.001	0.001
0.997	0.001	0.001	0.001
0.001	0.782	0.112	0.105
0.095	0.903	0.001	0.001
0.132	0.001	0.001	0.866
0.160	0.001	0.838	0.001
0.997	0.001	0.001	0.001
0.038	0.097	0.864	0.001
0.997	0.001	0.001	0.001
0.096	0.902	0.001	0.001
>CCATATGGTT	4-CCATATGGTT	8.954705	-18.371542	0	T:17.0(10.00%),B:701.3(1.73%),P:1e-7	Tpos:553.5,Tstd:244.2,Bpos:484.5,Bstd:304.6,StrandBias:-0.6,Multiplicity:1.06
0.056	0.942	0.001	0.001
0.001	0.997	0.001	0.001
0.881	0.001	0.117	0.001
0.053	0.107	0.082	0.758
0.886	0.001	0.112	0.001
0.152	0.001	0.001	0.846
0.001	0.001	0.997	0.001
0.036	0.001	0.962	0.001
0.001	0.156	0.001	0.842
0.001	0.001	0.105	0.893
>GTCACAAAGT	5-GTCACAAAGT	7.102649	-18.054928	0	T:87.0(51.18%),B:12344.7(30.42%),P:1e-7	Tpos:558.8,Tstd:287.5,Bpos:507.8,Bstd:317.0,StrandBias:-0.2,Multiplicity:1.45
0.076	0.025	0.864	0.035
0.048	0.027	0.047	0.878
0.057	0.837	0.074	0.032
0.806	0.078	0.053	0.063
0.159	0.735	0.061	0.045
0.772	0.068	0.110	0.050
0.816	0.052	0.069	0.063
0.754	0.071	0.082	0.093
0.084	0.047	0.721	0.148
0.084	0.052	0.039	0.825
>GAGATAACGT	6-GAGATAACGT	9.919678	-17.790555	0	T:18.0(10.59%),B:826.9(2.04%),P:1e-7	Tpos:562.0,Tstd:286.9,Bpos:515.9,Bstd:313.3,StrandBias:-1.2,Multiplicity:1.11
0.062	0.001	0.936	0.001
0.892	0.106	0.001	0.001
0.001	0.001	0.997	0.001
0.997	0.001	0.001	0.001
0.122	0.001	0.001	0.876
0.769	0.074	0.068	0.089
0.890	0.001	0.108	0.001
0.050	0.901	0.001	0.048
0.046	0.087	0.866	0.001
0.058	0.001	0.001	0.940
>GAGCTCAAYA	7-GAGCTCAAYA	8.796204	-15.877409	0	T:21.0(12.35%),B:1277.0(3.15%),P:1e-6	Tpos:520.4,Tstd:330.5,Bpos:496.1,Bstd:313.1,StrandBias:-0.3,Multiplicity:1.29
0.048	0.028	0.884	0.040
0.822	0.001	0.069	0.108
0.028	0.001	0.906	0.065
0.062	0.766	0.041	0.131
0.001	0.077	0.028	0.894
0.111	0.817	0.043	0.029
0.718	0.217	0.001	0.064
0.722	0.001	0.276	0.001
0.020	0.454	0.099	0.427
0.569	0.046	0.082	0.303
>AAACCAGTGC	8-AAACCAGTGC	11.248859	-15.591037	0	T:7.0(4.12%),B:89.9(0.22%),P:1e-6	Tpos:429.7,Tstd:264.7,Bpos:476.5,Bstd:301.8,StrandBias:-1.3,Multiplicity:2.00
0.997	0.001	0.001	0.001
0.997	0.001	0.001	0.001
0.908	0.090	0.001	0.001
0.001	0.997	0.001	0.001
0.001	0.872	0.126	0.001
0.953	0.001	0.001	0.045
0.001	0.001	0.997	0.001
0.001	0.001	0.001	0.997
0.001	0.001	0.997	0.001
0.001	0.997	0.001	0.001
>CKWTATGATG	9-CKWTATGATG	8.361574	-15.141819	0	T:22.0(12.94%),B:1457.8(3.59%),P:1e-6	Tpos:519.4,Tstd:221.3,Bpos:514.2,Bstd:314.1,StrandBias:-0.7,Multiplicity:1.18
0.311	0.661	0.015	0.013
0.111	0.124	0.315	0.450
0.403	0.115	0.027	0.455
0.179	0.039	0.028	0.754
0.758	0.232	0.009	0.001
0.048	0.041	0.050	0.861
0.044	0.025	0.905	0.026
0.490	0.001	0.242	0.267
0.157	0.153	0.034	0.656
0.036	0.085	0.854	0.025
>CAAAGGCCCT	10-CAAAGGCCCT	10.559323	-13.927530	0	T:5.0(2.94%),B:37.6(0.09%),P:1e-6	Tpos:418.4,Tstd:295.4,Bpos:466.4,Bstd:286.6,StrandBias:-0.6,Multiplicity:1.00
0.001	0.997	0.001	0.001
0.879	0.058	0.062	0.001
0.737	0.001	0.261	0.001
0.997	0.001	0.001	0.001
0.001	0.001	0.997	0.001
0.001	0.001	0.997	0.001
0.001	0.878	0.120	0.001
0.001	0.997	0.001	0.001
0.001	0.997	0.001	0.001
0.001	0.001	0.001	0.997
>CCCGTAGCYA	11-CCCGTAGCYA	8.203154	-12.291944	0	T:14.0(8.24%),B:752.5(1.85%),P:1e-5	Tpos:565.5,Tstd:302.8,Bpos:463.3,Bstd:303.7,StrandBias:-1.0,Multiplicity:1.29
0.001	0.923	0.001	0.075
0.163	0.662	0.174	0.001
0.001	0.997	0.001	0.001
0.001	0.001	0.757	0.241
0.091	0.152	0.145	0.612
0.997	0.001	0.001	0.001
0.091	0.179	0.729	0.001
0.001	0.925	0.073	0.001
0.001	0.382	0.091	0.526
0.893	0.001	0.001	0.105
>TGTAGCAAAT	12-TGTAGCAAAT	10.409043	-12.212813	0	T:12.0(7.06%),B:552.9(1.36%),P:1e-5	Tpos:394.4,Tstd:247.8,Bpos:481.7,Bstd:311.6,StrandBias:-0.7,Multiplicity:1.33
0.001	0.001	0.001	0.997
0.001	0.001	0.997	0.001
0.001	0.001	0.001	0.997
0.909	0.089	0.001	0.001
0.001	0.001	0.997	0.001
0.001	0.997	0.001	0.001
0.926	0.001	0.001	0.072
0.855	0.001	0.082	0.062
0.944	0.001	0.001	0.054
0.001	0.087	0.086	0.826
>TTGTTGATGT	13-TTGTTGATGT	7.961276	-11.978883	0	T:51.0(30.00%),B:6602.7(16.27%),P:1e-5	Tpos:476.2,Tstd:317.0,Bpos:504.6,Bstd:320.9,StrandBias:-0.5,Multiplicity:1.18
0.061	0.103	0.080	0.756
0.056	0.048	0.070	0.826
0.071	0.080	0.739	0.110
0.082	0.029	0.051	0.838
0.037	0.032	0.099	0.832
0.056	0.101	0.755	0.088
0.861	0.051	0.036	0.052
0.083	0.017	0.079	0.821
0.051	0.125	0.726	0.098
0.050	0.044	0.050	0.856
>AATCTAGAAT	14-AATCTAGAAT	10.291668	-10.814701	0	T:15.0(8.82%),B:979.5(2.41%),P:1e-4	Tpos:520.9,Tstd:264.2,Bpos:489.3,Bstd:309.4,StrandBias:1.1,Multiplicity:1.27
0.923	0.001	0.075	0.001
0.997	0.001	0.001	0.001
0.097	0.001	0.001	0.901
0.001	0.997	0.001	0.001
0.001	0.041	0.001	0.957
0.997	0.001	0.001	0.001
0.001	0.001	0.997	0.001
0.910	0.001	0.001	0.088
0.920	0.001	0.078	0.001
0.001	0.001	0.001	0.997
>GGTTTGTGTC	15-GGTTTGTGTC	8.350283	-9.315355	0	T:19.0(11.18%),B:1673.1(4.12%),P:1e-4	Tpos:517.6,Tstd:330.7,Bpos:517.6,Bstd:314.9,StrandBias:-1.5,Multiplicity:1.42
0.100	0.100	0.700	0.100
0.100	0.100	0.700	0.100
0.100	0.100	0.100	0.700
0.100	0.100	0.100	0.700
0.100	0.100	0.100	0.700
0.100	0.100	0.700	0.100
0.100	0.100	0.100	0.700
0.100	0.100	0.700	0.100
0.100	0.100	0.100	0.700
0.100	0.700	0.100	0.100
>TTGTTACACG	16-TTGTTACACG	11.325584	-9.192913	0	T:6.0(3.53%),B:170.2(0.42%),P:1e-3	Tpos:515.2,Tstd:178.0,Bpos:461.8,Bstd:298.5,StrandBias:0.5,Multiplicity:6.33
0.001	0.001	0.001	0.997
0.001	0.001	0.001	0.997
0.004	0.001	0.994	0.001
0.204	0.251	0.001	0.544
0.001	0.001	0.001	0.997
0.752	0.001	0.246	0.001
0.001	0.800	0.198	0.001
0.997	0.001	0.001	0.001
0.001	0.997	0.001	0.001
0.001	0.001	0.997	0.001
>CATATACCTG	17-CATATACCTG	11.803344	-9.170839	0	T:4.0(2.35%),B:54.7(0.13%),P:1e-3	Tpos:283.8,Tstd:227.3,Bpos:485.6,Bstd:292.6,StrandBias:1.6,Multiplicity:2.00
0.001	0.997	0.001	0.001
0.997	0.001	0.001	0.001
0.001	0.001	0.001	0.997
0.997	0.001	0.001	0.001
0.001	0.001	0.001	0.997
0.997	0.001	0.001	0.001
0.001	0.997	0.001	0.001
0.001	0.997	0.001	0.001
0.131	0.001	0.001	0.867
0.001	0.001	0.997	0.001
>CGGGATTTAA	18-CGGGATTTAA	8.350283	-8.695335	0	T:17.0(10.00%),B:1465.5(3.61%),P:1e-3	Tpos:413.3,Tstd:287.1,Bpos:510.5,Bstd:308.4,StrandBias:-0.5,Multiplicity:1.12
0.100	0.700	0.100	0.100
0.100	0.100	0.700	0.100
0.100	0.100	0.700	0.100
0.100	0.100	0.700	0.100
0.700	0.100	0.100	0.100
0.100	0.100	0.100	0.700
0.100	0.100	0.100	0.700
0.100	0.100	0.100	0.700
0.700	0.100	0.100	0.100
0.700	0.100	0.100	0.100
>CAGGAATTCC	19-CAGGAATTCC	10.508125	-8.335186	0	T:7.0(4.12%),B:285.7(0.70%),P:1e-3	Tpos:618.7,Tstd:252.3,Bpos:470.2,Bstd:276.4,StrandBias:-1.2,Multiplicity:1.43
0.001	0.865	0.078	0.056
0.774	0.173	0.001	0.052
0.095	0.064	0.786	0.055
0.064	0.041	0.894	0.001
0.997	0.001	0.001	0.001
0.997	0.001	0.001	0.001
0.001	0.001	0.001	0.997
0.001	0.001	0.001	0.997
0.061	0.875	0.063	0.001
0.046	0.952	0.001	0.001
>TGTACCTAGA	20-TGTACCTAGA	11.417853	-7.082926	0	T:4.0(2.35%),B:96.6(0.24%),P:1e-3	Tpos:558.7,Tstd:250.5,Bpos:527.0,Bstd:332.3,StrandBias:-1.0,Multiplicity:2.25
0.001	0.001	0.160	0.838
0.001	0.001	0.997	0.001
0.001	0.001	0.001	0.997
0.997	0.001	0.001	0.001
0.001	0.997	0.001	0.001
0.001	0.997	0.001	0.001
0.001	0.001	0.001	0.997
0.892	0.001	0.001	0.106
0.001	0.001	0.997	0.001
0.997	0.001	0.001	0.001
>SAACCTCCAT	21-SAACCTCCAT	12.097153	-6.628908	0	T:4.0(2.35%),B:109.8(0.27%),P:1e-2	Tpos:180.5,Tstd:135.3,Bpos:474.0,Bstd:312.0,StrandBias:-1.6,Multiplicity:1.00
0.001	0.427	0.571	0.001
0.997	0.001	0.001	0.001
0.624	0.001	0.001	0.374
0.180	0.818	0.001	0.001
0.001	0.997	0.001	0.001
0.001	0.001	0.001	0.997
0.001	0.997	0.001	0.001
0.001	0.997	0.001	0.001
0.997	0.001	0.001	0.001
0.001	0.001	0.001	0.997
>GCGCGTCTGA	22-GCGCGTCTGA	10.296193	-6.215756	0	T:2.0(1.18%),B:14.5(0.04%),P:1e-2	Tpos:493.5,Tstd:265.5,Bpos:457.5,Bstd:274.9,StrandBias:10.0,Multiplicity:3.00
0.100	0.100	0.700	0.100
0.100	0.700	0.100	0.100
0.100	0.100	0.700	0.100
0.100	0.700	0.100	0.100
0.100	0.100	0.700	0.100
0.100	0.100	0.100	0.700
0.100	0.700	0.100	0.100
0.100	0.100	0.100	0.700
0.100	0.100	0.700	0.100
0.700	0.100	0.100	0.100
>TTAAACTGAG	23-TTAAACTGAG	11.502858	-4.244565	0	T:3.0(1.76%),B:118.5(0.29%),P:1e-1	Tpos:368.8,Tstd:242.9,Bpos:518.0,Bstd:291.3,StrandBias:3.3,Multiplicity:3.67
0.001	0.001	0.001	0.997
0.001	0.001	0.001	0.997
0.997	0.001	0.001	0.001
0.997	0.001	0.001	0.001
0.901	0.001	0.097	0.001
0.001	0.997	0.001	0.001
0.001	0.001	0.001	0.997
0.001	0.001	0.997	0.001
0.997	0.001	0.001	0.001
0.001	0.001	0.997	0.001
>AACCTGACTG	24-AACCTGACTG	10.296193	-2.737861	0	T:1.0(0.59%),B:15.2(0.04%),P:1e-1	Tpos:512.5,Tstd:58.7,Bpos:510.1,Bstd:270.8,StrandBias:-10.0,Multiplicity:12.00
0.700	0.100	0.100	0.100
0.700	0.100	0.100	0.100
0.100	0.700	0.100	0.100
0.100	0.700	0.100	0.100
0.100	0.100	0.100	0.700
0.100	0.100	0.700	0.100
0.700	0.100	0.100	0.100
0.100	0.700	0.100	0.100
0.100	0.100	0.100	0.700
0.100	0.100	0.700	0.100
>TGAAACTCCA	25-TGAAACTCCA	10.296193	-0.975813	0	T:1.0(0.59%),B:112.8(0.28%),P:1e0	Tpos:246.3,Tstd:153.6,Bpos:522.9,Bstd:287.5,StrandBias:-10.0,Multiplicity:9.00
0.100	0.100	0.100	0.700
0.100	0.100	0.700	0.100
0.700	0.100	0.100	0.100
0.700	0.100	0.100	0.100
0.700	0.100	0.100	0.100
0.100	0.700	0.100	0.100
0.100	0.100	0.100	0.700
0.100	0.700	0.100	0.100
0.100	0.700	0.100	0.100
0.700	0.100	0.100	0.100
