>GCTAAATATTTA	14-GCTAAATATTTA,BestGuess:MF0005.1_Forkhead_class/Jaspar(0.566)	9.919829	-15.092394	0	T:16.0(12.50%),B:1027.3(2.60%),P:1e-6
0.066	0.042	0.856	0.036
0.043	0.893	0.001	0.063
0.001	0.112	0.067	0.820
0.732	0.115	0.057	0.096
0.774	0.086	0.036	0.104
0.890	0.030	0.001	0.079
0.036	0.056	0.001	0.907
0.857	0.056	0.086	0.001
0.042	0.001	0.001	0.956
0.092	0.175	0.037	0.696
0.001	0.113	0.042	0.844
0.790	0.179	0.001	0.030
