>CAAATTCTCATT	14-CAAATTCTCATT,BestGuess:lin-54/MA1450.1/Jaspar(0.641)	9.453622	-20.784503	0	T:63.0(18.98%),B:3419.8(8.35%),P:1e-9
0.027	0.818	0.054	0.101
0.801	0.055	0.089	0.055
0.903	0.040	0.047	0.010
0.893	0.011	0.016	0.080
0.025	0.035	0.039	0.901
0.036	0.090	0.027	0.847
0.053	0.820	0.096	0.031
0.132	0.047	0.091	0.730
0.020	0.883	0.062	0.035
0.790	0.065	0.061	0.084
0.126	0.034	0.088	0.752
0.048	0.064	0.020	0.868
