>CACACTGTAA	1-CACACTGTAA	10.331524	-26.269408	0	T:12.0(17.39%),B:344.3(0.96%),P:1e-11	Tpos:451.5,Tstd:297.5,Bpos:537.3,Bstd:329.1,StrandBias:0.5,Multiplicity:1.00
0.001	0.997	0.001	0.001
0.905	0.001	0.001	0.093
0.062	0.850	0.001	0.087
0.806	0.001	0.098	0.095
0.001	0.997	0.001	0.001
0.001	0.126	0.001	0.872
0.001	0.001	0.939	0.059
0.001	0.001	0.001	0.997
0.786	0.001	0.001	0.212
0.924	0.001	0.001	0.074
>AAACGGCGGG	2-AAACGGCGGG	7.776373	-26.140138	0	T:26.0(37.68%),B:2808.0(7.82%),P:1e-11	Tpos:578.5,Tstd:300.5,Bpos:541.1,Bstd:363.7,StrandBias:-1.3,Multiplicity:1.08
0.866	0.029	0.063	0.042
0.807	0.067	0.125	0.001
0.882	0.001	0.052	0.065
0.074	0.749	0.103	0.074
0.107	0.081	0.771	0.041
0.043	0.001	0.901	0.055
0.207	0.744	0.048	0.001
0.030	0.068	0.853	0.049
0.054	0.080	0.769	0.097
0.147	0.079	0.667	0.107
>CGCGGCTGCG	3-CGCGGCTGCG	9.814719	-21.898303	0	T:10.0(14.49%),B:290.6(0.81%),P:1e-9	Tpos:366.2,Tstd:207.1,Bpos:536.8,Bstd:384.9,StrandBias:-1.6,Multiplicity:1.20
0.001	0.997	0.001	0.001
0.205	0.001	0.793	0.001
0.001	0.676	0.001	0.322
0.001	0.209	0.575	0.215
0.001	0.001	0.648	0.350
0.001	0.997	0.001	0.001
0.001	0.001	0.001	0.997
0.001	0.001	0.997	0.001
0.001	0.582	0.416	0.001
0.224	0.001	0.774	0.001
>ATCGTCGCGC	4-ATCGTCGCGC	10.937848	-20.447892	0	T:8.0(11.59%),B:161.4(0.45%),P:1e-8	Tpos:325.1,Tstd:212.4,Bpos:498.8,Bstd:391.6,StrandBias:-0.7,Multiplicity:1.00
0.871	0.001	0.127	0.001
0.001	0.001	0.001	0.997
0.001	0.997	0.001	0.001
0.001	0.001	0.997	0.001
0.001	0.001	0.001	0.997
0.001	0.997	0.001	0.001
0.153	0.001	0.845	0.001
0.090	0.908	0.001	0.001
0.128	0.001	0.761	0.110
0.001	0.741	0.120	0.138
>CCGATCGGRG	5-CCGATCGGRG	8.927100	-20.270092	0	T:12.0(17.39%),B:589.1(1.64%),P:1e-8	Tpos:632.1,Tstd:272.4,Bpos:499.8,Bstd:398.6,StrandBias:0.2,Multiplicity:1.08
0.184	0.730	0.001	0.085
0.087	0.911	0.001	0.001
0.001	0.001	0.997	0.001
0.577	0.108	0.001	0.314
0.108	0.001	0.001	0.890
0.001	0.907	0.091	0.001
0.001	0.001	0.997	0.001
0.122	0.001	0.871	0.006
0.451	0.106	0.442	0.001
0.376	0.001	0.622	0.001
>TGACAACGGG	6-TGACAACGGG	10.609894	-16.623669	0	T:9.0(13.04%),B:381.4(1.06%),P:1e-7	Tpos:452.5,Tstd:312.6,Bpos:485.4,Bstd:355.6,StrandBias:-0.6,Multiplicity:1.11
0.124	0.001	0.122	0.753
0.001	0.001	0.997	0.001
0.997	0.001	0.001	0.001
0.140	0.858	0.001	0.001
0.997	0.001	0.001	0.001
0.997	0.001	0.001	0.001
0.001	0.997	0.001	0.001
0.118	0.001	0.797	0.084
0.081	0.111	0.807	0.001
0.001	0.102	0.896	0.001
>AAAACGCTCT	7-AAAACGCTCT	9.608987	-16.616165	0	T:15.0(21.74%),B:1402.8(3.91%),P:1e-7	Tpos:582.8,Tstd:314.0,Bpos:479.6,Bstd:344.0,StrandBias:-0.7,Multiplicity:1.07
0.875	0.001	0.001	0.123
0.846	0.152	0.001	0.001
0.997	0.001	0.001	0.001
0.997	0.001	0.001	0.001
0.046	0.918	0.001	0.035
0.069	0.089	0.787	0.055
0.001	0.906	0.092	0.001
0.001	0.107	0.001	0.891
0.001	0.997	0.001	0.001
0.060	0.068	0.001	0.871
>ACTTCCGCAC	8-ACTTCCGCAC	10.636454	-16.601890	0	T:9.0(13.04%),B:382.8(1.07%),P:1e-7	Tpos:513.2,Tstd:248.1,Bpos:492.4,Bstd:359.4,StrandBias:-0.3,Multiplicity:1.22
0.997	0.001	0.001	0.001
0.107	0.891	0.001	0.001
0.001	0.001	0.001	0.997
0.157	0.001	0.252	0.590
0.001	0.997	0.001	0.001
0.001	0.997	0.001	0.001
0.001	0.001	0.997	0.001
0.102	0.896	0.001	0.001
0.873	0.001	0.001	0.125
0.001	0.900	0.001	0.098
>CGCCCCCCGG	9-CGCCCCCCGG	9.661100	-15.774677	0	T:7.0(10.14%),B:198.7(0.55%),P:1e-6	Tpos:363.6,Tstd:224.7,Bpos:536.0,Bstd:430.4,StrandBias:0.7,Multiplicity:1.14
0.001	0.722	0.143	0.134
0.001	0.001	0.997	0.001
0.001	0.997	0.001	0.001
0.001	0.741	0.257	0.001
0.001	0.913	0.001	0.085
0.001	0.823	0.088	0.088
0.001	0.997	0.001	0.001
0.001	0.699	0.299	0.001
0.001	0.175	0.708	0.116
0.067	0.222	0.710	0.001
>CAATGCTAAG	10-CAATGCTAAG	10.797789	-15.741615	0	T:7.0(10.14%),B:199.1(0.55%),P:1e-6	Tpos:482.6,Tstd:343.7,Bpos:433.1,Bstd:324.8,StrandBias:0.3,Multiplicity:1.29
0.001	0.997	0.001	0.001
0.997	0.001	0.001	0.001
0.748	0.001	0.250	0.001
0.001	0.001	0.001	0.997
0.001	0.001	0.997	0.001
0.001	0.888	0.001	0.110
0.001	0.219	0.001	0.779
0.741	0.126	0.132	0.001
0.997	0.001	0.001	0.001
0.001	0.001	0.997	0.001
>AATAGAGGGA	11-AATAGAGGGA	10.084015	-13.966359	0	T:12.0(17.39%),B:1061.5(2.96%),P:1e-6	Tpos:585.1,Tstd:324.3,Bpos:555.4,Bstd:355.6,StrandBias:-3.6,Multiplicity:1.08
0.997	0.001	0.001	0.001
0.997	0.001	0.001	0.001
0.221	0.001	0.067	0.711
0.820	0.105	0.001	0.074
0.001	0.001	0.997	0.001
0.914	0.001	0.084	0.001
0.070	0.001	0.928	0.001
0.053	0.056	0.890	0.001
0.051	0.001	0.835	0.113
0.997	0.001	0.001	0.001
>ATCACTGATA	12-ATCACTGATA	10.056335	-13.254317	0	T:12.0(17.39%),B:1137.2(3.17%),P:1e-5	Tpos:562.5,Tstd:312.3,Bpos:519.1,Bstd:317.4,StrandBias:0.2,Multiplicity:1.17
0.866	0.001	0.081	0.052
0.057	0.001	0.104	0.838
0.050	0.886	0.001	0.063
0.997	0.001	0.001	0.001
0.001	0.854	0.144	0.001
0.087	0.001	0.001	0.911
0.072	0.001	0.926	0.001
0.879	0.119	0.001	0.001
0.025	0.001	0.001	0.973
0.997	0.001	0.001	0.001
>AAAACCAGCC	13-AAAACCAGCC	8.203543	-13.061300	0	T:16.0(23.19%),B:2119.4(5.90%),P:1e-5	Tpos:403.2,Tstd:262.6,Bpos:494.4,Bstd:358.1,StrandBias:0.3,Multiplicity:1.12
0.997	0.001	0.001	0.001
0.997	0.001	0.001	0.001
0.997	0.001	0.001	0.001
0.871	0.001	0.127	0.001
0.067	0.778	0.094	0.061
0.069	0.860	0.001	0.070
0.903	0.095	0.001	0.001
0.048	0.001	0.950	0.001
0.001	0.854	0.079	0.066
0.049	0.882	0.068	0.001
>CTCACTCGCA	14-CTCACTCGCA	7.751856	-12.988716	0	T:16.0(23.19%),B:2131.5(5.94%),P:1e-5	Tpos:397.6,Tstd:245.1,Bpos:528.9,Bstd:355.7,StrandBias:0.6,Multiplicity:1.25
0.107	0.737	0.085	0.071
0.082	0.108	0.034	0.776
0.038	0.732	0.154	0.076
0.655	0.118	0.072	0.155
0.028	0.941	0.001	0.030
0.044	0.001	0.061	0.894
0.084	0.738	0.089	0.089
0.123	0.027	0.779	0.071
0.075	0.819	0.001	0.105
0.940	0.001	0.042	0.017
>TCTCTCCCTC	15-TCTCTCCCTC	10.349535	-12.674131	0	T:16.0(23.19%),B:2184.8(6.09%),P:1e-5	Tpos:451.3,Tstd:257.9,Bpos:572.2,Bstd:368.6,StrandBias:2.4,Multiplicity:1.19
0.001	0.001	0.001	0.997
0.001	0.997	0.001	0.001
0.001	0.001	0.030	0.968
0.001	0.789	0.001	0.209
0.001	0.221	0.001	0.777
0.003	0.979	0.017	0.001
0.001	0.844	0.009	0.146
0.019	0.960	0.020	0.001
0.198	0.232	0.001	0.569
0.019	0.965	0.015	0.001
>ATTTTCACGS	16-ATTTTCACGS	10.524076	-12.058590	0	T:10.0(14.49%),B:855.7(2.38%),P:1e-5	Tpos:541.9,Tstd:270.2,Bpos:513.5,Bstd:357.8,StrandBias:1.6,Multiplicity:1.20
0.864	0.127	0.008	0.001
0.086	0.001	0.001	0.912
0.001	0.012	0.187	0.800
0.001	0.012	0.001	0.986
0.001	0.261	0.001	0.737
0.001	0.992	0.006	0.001
0.600	0.003	0.081	0.316
0.126	0.872	0.001	0.001
0.001	0.082	0.916	0.001
0.001	0.458	0.460	0.080
>TCCGGGTCTC	17-TCCGGGTCTC	10.824938	-11.791371	0	T:7.0(10.14%),B:367.0(1.02%),P:1e-5	Tpos:443.6,Tstd:266.2,Bpos:490.4,Bstd:379.4,StrandBias:-0.6,Multiplicity:1.43
0.001	0.001	0.001	0.997
0.001	0.677	0.126	0.196
0.001	0.997	0.001	0.001
0.001	0.001	0.870	0.128
0.001	0.117	0.881	0.001
0.001	0.001	0.997	0.001
0.001	0.001	0.001	0.997
0.001	0.860	0.138	0.001
0.001	0.001	0.001	0.997
0.001	0.821	0.177	0.001
>AAYTCGGGGG	18-AAYTCGGGGG	8.873156	-8.642038	0	T:9.0(13.04%),B:1042.4(2.90%),P:1e-3	Tpos:470.1,Tstd:257.0,Bpos:509.4,Bstd:367.6,StrandBias:-0.2,Multiplicity:2.11
0.997	0.001	0.001	0.001
0.997	0.001	0.001	0.001
0.001	0.437	0.001	0.561
0.001	0.001	0.001	0.997
0.001	0.804	0.194	0.001
0.001	0.001	0.997	0.001
0.001	0.001	0.997	0.001
0.098	0.082	0.736	0.084
0.001	0.001	0.997	0.001
0.001	0.001	0.997	0.001
>AATTGTGAGG	19-AATTGTGAGG	8.350283	-7.922527	0	T:15.0(21.74%),B:2910.4(8.11%),P:1e-3	Tpos:509.7,Tstd:289.1,Bpos:506.4,Bstd:340.6,StrandBias:-2.2,Multiplicity:1.13
0.700	0.100	0.100	0.100
0.700	0.100	0.100	0.100
0.100	0.100	0.100	0.700
0.100	0.100	0.100	0.700
0.100	0.100	0.700	0.100
0.100	0.100	0.100	0.700
0.100	0.100	0.700	0.100
0.700	0.100	0.100	0.100
0.100	0.100	0.700	0.100
0.100	0.100	0.700	0.100
>AAAAAAAAAA	20-AAAAAAAAAA	10.420176	-4.070085	0	T:33.0(47.83%),B:12473.7(34.74%),P:1e-1	Tpos:565.8,Tstd:233.2,Bpos:516.3,Bstd:345.5,StrandBias:-1.5,Multiplicity:1.30
0.997	0.001	0.001	0.001
0.997	0.001	0.001	0.001
0.997	0.001	0.001	0.001
0.997	0.001	0.001	0.001
0.839	0.001	0.159	0.001
0.997	0.001	0.001	0.001
0.997	0.001	0.001	0.001
0.792	0.001	0.206	0.001
0.997	0.001	0.001	0.001
0.997	0.001	0.001	0.001
>CCCGCCGTTTTT	1-CCCGCCGTTTTT	13.547265	-23.298676	0	T:7.0(10.14%),B:63.9(0.18%),P:1e-10	Tpos:547.9,Tstd:305.3,Bpos:537.8,Bstd:384.9,StrandBias:1.3,Multiplicity:1.00
0.001	0.997	0.001	0.001
0.001	0.857	0.141	0.001
0.001	0.997	0.001	0.001
0.175	0.001	0.823	0.001
0.001	0.997	0.001	0.001
0.001	0.997	0.001	0.001
0.112	0.001	0.886	0.001
0.125	0.001	0.001	0.873
0.001	0.001	0.001	0.997
0.198	0.001	0.126	0.675
0.001	0.001	0.001	0.997
0.001	0.001	0.001	0.997
>TTTTTCCGATCG	2-TTTTTCCGATCG	13.844004	-22.812533	0	T:6.0(8.70%),B:33.2(0.09%),P:1e-9	Tpos:687.8,Tstd:212.7,Bpos:445.1,Bstd:301.7,StrandBias:-1.0,Multiplicity:1.00
0.001	0.001	0.001	0.997
0.001	0.001	0.001	0.997
0.001	0.161	0.001	0.837
0.001	0.173	0.001	0.825
0.173	0.001	0.001	0.825
0.001	0.997	0.001	0.001
0.080	0.918	0.001	0.001
0.001	0.001	0.997	0.001
0.859	0.139	0.001	0.001
0.001	0.001	0.139	0.859
0.001	0.997	0.001	0.001
0.001	0.001	0.997	0.001
>CGCACAGTDCCC	3-CGCACAGTDCCC	9.626354	-21.740335	0	T:7.0(10.14%),B:80.3(0.22%),P:1e-9	Tpos:574.6,Tstd:297.0,Bpos:587.8,Bstd:372.6,StrandBias:1.3,Multiplicity:1.00
0.001	0.986	0.001	0.012
0.001	0.001	0.997	0.001
0.001	0.693	0.001	0.305
0.997	0.001	0.001	0.001
0.001	0.997	0.001	0.001
0.997	0.001	0.001	0.001
0.001	0.277	0.721	0.001
0.001	0.001	0.001	0.997
0.287	0.001	0.369	0.344
0.001	0.708	0.278	0.013
0.001	0.997	0.001	0.001
0.001	0.630	0.001	0.368
>ATATACTTCTAT	4-ATATACTTCTAT	14.388774	-21.032545	0	T:5.0(7.25%),B:18.5(0.05%),P:1e-9	Tpos:378.6,Tstd:322.7,Bpos:504.0,Bstd:354.2,StrandBias:-2.0,Multiplicity:1.00
0.997	0.001	0.001	0.001
0.200	0.001	0.001	0.798
0.997	0.001	0.001	0.001
0.001	0.001	0.001	0.997
0.997	0.001	0.001	0.001
0.001	0.880	0.001	0.118
0.001	0.001	0.001	0.997
0.001	0.001	0.001	0.997
0.209	0.789	0.001	0.001
0.001	0.001	0.001	0.997
0.780	0.218	0.001	0.001
0.001	0.001	0.001	0.997
>TTTTATCAGTGA	5-TTTTATCAGTGA	13.457700	-20.881712	0	T:8.0(11.59%),B:152.2(0.42%),P:1e-9	Tpos:709.6,Tstd:277.7,Bpos:588.6,Bstd:310.0,StrandBias:0.0,Multiplicity:1.00
0.001	0.149	0.001	0.849
0.191	0.128	0.001	0.680
0.001	0.001	0.001	0.997
0.001	0.001	0.001	0.997
0.997	0.001	0.001	0.001
0.001	0.001	0.001	0.997
0.001	0.997	0.001	0.001
0.827	0.001	0.001	0.171
0.001	0.149	0.849	0.001
0.001	0.001	0.001	0.997
0.105	0.001	0.893	0.001
0.997	0.001	0.001	0.001
>AACACACTGTTA	6-AACACACTGTTA	11.613893	-19.953553	0	T:7.0(10.14%),B:105.3(0.29%),P:1e-8	Tpos:329.9,Tstd:265.3,Bpos:584.7,Bstd:310.0,StrandBias:-0.4,Multiplicity:1.00
0.682	0.001	0.001	0.316
0.583	0.405	0.011	0.001
0.001	0.997	0.001	0.001
0.997	0.001	0.001	0.001
0.001	0.997	0.001	0.001
0.997	0.001	0.001	0.001
0.198	0.800	0.001	0.001
0.001	0.217	0.001	0.781
0.001	0.217	0.770	0.012
0.001	0.234	0.001	0.764
0.156	0.001	0.001	0.842
0.997	0.001	0.001	0.001
>TTTAATCCGACA	7-TTTAATCCGACA	14.297159	-18.554371	0	T:4.0(5.80%),B:9.1(0.03%),P:1e-8	Tpos:479.2,Tstd:336.2,Bpos:332.2,Bstd:247.4,StrandBias:0.0,Multiplicity:1.00
0.247	0.001	0.001	0.751
0.001	0.220	0.001	0.778
0.001	0.001	0.192	0.806
0.997	0.001	0.001	0.001
0.997	0.001	0.001	0.001
0.001	0.001	0.001	0.997
0.001	0.997	0.001	0.001
0.001	0.997	0.001	0.001
0.001	0.001	0.997	0.001
0.997	0.001	0.001	0.001
0.117	0.881	0.001	0.001
0.997	0.001	0.001	0.001
>CCTCGTTTTCTC	8-CCTCGTTTTCTC	12.250487	-17.413714	0	T:8.0(11.59%),B:241.5(0.67%),P:1e-7	Tpos:658.1,Tstd:262.2,Bpos:537.6,Bstd:352.4,StrandBias:3.0,Multiplicity:1.12
0.001	0.997	0.001	0.001
0.001	0.997	0.001	0.001
0.001	0.001	0.001	0.997
0.001	0.856	0.001	0.142
0.127	0.001	0.790	0.082
0.158	0.001	0.170	0.671
0.001	0.001	0.001	0.997
0.001	0.175	0.001	0.823
0.001	0.001	0.001	0.997
0.001	0.997	0.001	0.001
0.001	0.001	0.001	0.997
0.001	0.997	0.001	0.001
>TCGATTTTTTCA	9-TCGATTTTTTCA	13.205349	-16.902779	0	T:12.0(17.39%),B:803.1(2.24%),P:1e-7	Tpos:399.7,Tstd:275.7,Bpos:533.8,Bstd:363.5,StrandBias:1.0,Multiplicity:1.09
0.001	0.001	0.131	0.867
0.001	0.954	0.001	0.044
0.203	0.082	0.714	0.001
0.907	0.001	0.001	0.091
0.001	0.001	0.001	0.997
0.084	0.001	0.001	0.914
0.001	0.001	0.001	0.997
0.001	0.001	0.001	0.997
0.001	0.099	0.001	0.899
0.001	0.071	0.001	0.927
0.001	0.939	0.059	0.001
0.928	0.001	0.070	0.001
>TTGCATACTTGG	10-TTGCATACTTGG	14.582753	-16.513101	0	T:3.0(4.35%),B:2.3(0.01%),P:1e-7	Tpos:649.7,Tstd:171.0,Bpos:564.5,Bstd:215.9,StrandBias:1.0,Multiplicity:1.00
0.001	0.001	0.001	0.997
0.001	0.001	0.001	0.997
0.001	0.001	0.997	0.001
0.001	0.849	0.149	0.001
0.849	0.001	0.149	0.001
0.001	0.001	0.001	0.997
0.997	0.001	0.001	0.001
0.001	0.757	0.241	0.001
0.001	0.001	0.001	0.997
0.001	0.001	0.001	0.997
0.001	0.001	0.997	0.001
0.001	0.001	0.757	0.241
>CCYCMGAGTTGT	11-CCYCMGAGTTGT	5.750413	-13.870994	0	T:26.0(37.68%),B:5029.6(14.01%),P:1e-6	Tpos:479.4,Tstd:262.6,Bpos:511.3,Bstd:353.9,StrandBias:0.6,Multiplicity:1.58
0.282	0.516	0.196	0.006
0.001	0.987	0.011	0.001
0.001	0.529	0.005	0.465
0.001	0.997	0.001	0.001
0.517	0.481	0.001	0.001
0.001	0.330	0.668	0.001
0.992	0.006	0.001	0.001
0.250	0.006	0.508	0.236
0.001	0.001	0.001	0.997
0.001	0.001	0.001	0.997
0.001	0.236	0.531	0.232
0.001	0.001	0.247	0.751
>TTTTTTTTTTTC	12-TTTTTTTTTTTC	13.073208	-12.488502	0	T:17.0(24.64%),B:2493.9(6.95%),P:1e-5	Tpos:529.6,Tstd:307.7,Bpos:537.8,Bstd:340.3,StrandBias:1.4,Multiplicity:1.06
0.001	0.012	0.030	0.957
0.050	0.001	0.001	0.948
0.001	0.001	0.001	0.997
0.001	0.134	0.001	0.864
0.001	0.114	0.001	0.884
0.271	0.031	0.001	0.697
0.001	0.001	0.001	0.997
0.098	0.001	0.001	0.900
0.001	0.001	0.085	0.913
0.001	0.045	0.001	0.953
0.113	0.001	0.001	0.885
0.006	0.916	0.001	0.077
>TTATCGATTTTA	13-TTATCGATTTTA	10.834104	-11.411108	0	T:19.0(27.54%),B:3317.1(9.24%),P:1e-4	Tpos:644.4,Tstd:305.6,Bpos:532.1,Bstd:377.1,StrandBias:0.8,Multiplicity:1.32
0.088	0.035	0.001	0.876
0.112	0.035	0.002	0.851
0.696	0.119	0.059	0.126
0.029	0.097	0.001	0.873
0.066	0.775	0.023	0.136
0.118	0.039	0.780	0.063
0.789	0.001	0.001	0.209
0.086	0.036	0.001	0.877
0.054	0.001	0.001	0.944
0.002	0.106	0.001	0.891
0.081	0.001	0.001	0.917
0.740	0.121	0.058	0.081
>CTCTCTCTCTCT	14-CTCTCTCTCTCT	12.278973	-10.303256	0	T:12.0(17.39%),B:1529.5(4.26%),P:1e-4	Tpos:499.8,Tstd:290.5,Bpos:581.3,Bstd:364.9,StrandBias:1.9,Multiplicity:1.25
0.023	0.851	0.001	0.125
0.001	0.001	0.052	0.946
0.001	0.943	0.001	0.055
0.001	0.001	0.065	0.933
0.037	0.916	0.001	0.046
0.026	0.001	0.001	0.972
0.001	0.981	0.001	0.017
0.001	0.032	0.001	0.966
0.001	0.976	0.001	0.022
0.029	0.001	0.001	0.969
0.038	0.911	0.033	0.018
0.020	0.018	0.031	0.931
>CCCCCCCCCCCT	15-CCCCCCCCCCCT	7.978663	-8.043735	0	T:14.0(20.29%),B:2556.7(7.12%),P:1e-3	Tpos:600.2,Tstd:253.7,Bpos:563.5,Bstd:387.4,StrandBias:3.0,Multiplicity:1.07
0.001	0.732	0.116	0.151
0.053	0.741	0.093	0.113
0.039	0.770	0.118	0.073
0.067	0.829	0.025	0.079
0.085	0.756	0.066	0.093
0.035	0.854	0.015	0.096
0.038	0.822	0.053	0.087
0.085	0.665	0.108	0.142
0.013	0.784	0.085	0.118
0.146	0.640	0.023	0.191
0.083	0.758	0.001	0.158
0.078	0.207	0.063	0.652
>GCCCCCCC	1-GCCCCCCC	7.409187	-15.545748	0	T:22.0(31.88%),B:3359.5(9.36%),P:1e-6	Tpos:586.2,Tstd:289.9,Bpos:547.2,Bstd:396.7,StrandBias:2.3,Multiplicity:1.36
0.001	0.239	0.710	0.050
0.001	0.881	0.117	0.001
0.001	0.997	0.001	0.001
0.001	0.997	0.001	0.001
0.089	0.909	0.001	0.001
0.001	0.764	0.234	0.001
0.001	0.997	0.001	0.001
0.001	0.831	0.052	0.116
>GATGCGAG	2-GATGCGAG	6.481031	-12.545888	0	T:30.0(43.48%),B:6894.9(19.21%),P:1e-5	Tpos:431.6,Tstd:288.6,Bpos:519.9,Bstd:371.4,StrandBias:-0.7,Multiplicity:1.33
0.267	0.001	0.731	0.001
0.894	0.030	0.048	0.028
0.068	0.001	0.261	0.670
0.035	0.030	0.934	0.001
0.001	0.997	0.001	0.001
0.001	0.001	0.872	0.126
0.897	0.001	0.061	0.041
0.001	0.001	0.997	0.001
>TCTGTCCC	3-TCTGTCCC	9.078323	-10.259476	0	T:25.0(36.23%),B:5730.6(15.96%),P:1e-4	Tpos:466.9,Tstd:292.7,Bpos:566.4,Bstd:363.5,StrandBias:1.9,Multiplicity:1.24
0.001	0.001	0.001	0.997
0.001	0.997	0.001	0.001
0.001	0.053	0.001	0.945
0.001	0.379	0.619	0.001
0.001	0.001	0.001	0.997
0.001	0.997	0.001	0.001
0.001	0.619	0.001	0.379
0.001	0.997	0.001	0.001
>CGCGTGTG	4-CGCGTGTG	6.934901	-10.107926	0	T:26.0(37.68%),B:6164.2(17.17%),P:1e-4	Tpos:582.7,Tstd:269.8,Bpos:547.4,Bstd:383.4,StrandBias:0.2,Multiplicity:1.35
0.001	0.997	0.001	0.001
0.107	0.001	0.891	0.001
0.039	0.897	0.063	0.001
0.001	0.001	0.997	0.001
0.001	0.205	0.001	0.793
0.001	0.060	0.666	0.273
0.001	0.055	0.001	0.943
0.001	0.051	0.805	0.143
>GAGACCCG	5-GAGACCCG	5.910729	-9.256724	0	T:18.0(26.09%),B:3539.0(9.86%),P:1e-4	Tpos:443.6,Tstd:231.1,Bpos:522.9,Bstd:370.7,StrandBias:0.6,Multiplicity:1.39
0.001	0.090	0.908	0.001
0.916	0.082	0.001	0.001
0.001	0.060	0.856	0.083
0.997	0.001	0.001	0.001
0.001	0.997	0.001	0.001
0.096	0.902	0.001	0.001
0.001	0.997	0.001	0.001
0.001	0.001	0.997	0.001
>CGTGCGAC	6-CGTGCGAC	7.441671	-9.036567	0	T:15.0(21.74%),B:2626.4(7.32%),P:1e-3	Tpos:407.8,Tstd:325.8,Bpos:537.1,Bstd:383.8,StrandBias:-0.3,Multiplicity:1.33
0.100	0.829	0.001	0.070
0.001	0.001	0.997	0.001
0.001	0.237	0.001	0.761
0.001	0.001	0.997	0.001
0.001	0.997	0.001	0.001
0.001	0.001	0.997	0.001
0.614	0.070	0.202	0.114
0.068	0.930	0.001	0.001
>ATCCCCCG	7-ATCCCCCG	8.010839	-4.011737	0	T:7.0(10.14%),B:1400.8(3.90%),P:1e-1	Tpos:484.6,Tstd:291.9,Bpos:520.7,Bstd:369.0,StrandBias:0.7,Multiplicity:2.29
0.997	0.001	0.001	0.001
0.001	0.001	0.001	0.997
0.001	0.918	0.080	0.001
0.001	0.997	0.001	0.001
0.001	0.997	0.001	0.001
0.001	0.997	0.001	0.001
0.001	0.997	0.001	0.001
0.001	0.093	0.855	0.051
