>GCCCCCCC	1-GCCCCCCC	7.409187	-15.545748	0	T:22.0(31.88%),B:3359.5(9.36%),P:1e-6	Tpos:586.2,Tstd:289.9,Bpos:547.2,Bstd:396.7,StrandBias:2.3,Multiplicity:1.36
0.001	0.239	0.710	0.050
0.001	0.881	0.117	0.001
0.001	0.997	0.001	0.001
0.001	0.997	0.001	0.001
0.089	0.909	0.001	0.001
0.001	0.764	0.234	0.001
0.001	0.997	0.001	0.001
0.001	0.831	0.052	0.116
>GATGCGAG	2-GATGCGAG	6.481031	-12.545888	0	T:30.0(43.48%),B:6894.9(19.21%),P:1e-5	Tpos:431.6,Tstd:288.6,Bpos:519.9,Bstd:371.4,StrandBias:-0.7,Multiplicity:1.33
0.267	0.001	0.731	0.001
0.894	0.030	0.048	0.028
0.068	0.001	0.261	0.670
0.035	0.030	0.934	0.001
0.001	0.997	0.001	0.001
0.001	0.001	0.872	0.126
0.897	0.001	0.061	0.041
0.001	0.001	0.997	0.001
>TCTGTCCC	3-TCTGTCCC	9.078323	-10.259476	0	T:25.0(36.23%),B:5730.6(15.96%),P:1e-4	Tpos:466.9,Tstd:292.7,Bpos:566.4,Bstd:363.5,StrandBias:1.9,Multiplicity:1.24
0.001	0.001	0.001	0.997
0.001	0.997	0.001	0.001
0.001	0.053	0.001	0.945
0.001	0.379	0.619	0.001
0.001	0.001	0.001	0.997
0.001	0.997	0.001	0.001
0.001	0.619	0.001	0.379
0.001	0.997	0.001	0.001
>CGCGTGTG	4-CGCGTGTG	6.934901	-10.107926	0	T:26.0(37.68%),B:6164.2(17.17%),P:1e-4	Tpos:582.7,Tstd:269.8,Bpos:547.4,Bstd:383.4,StrandBias:0.2,Multiplicity:1.35
0.001	0.997	0.001	0.001
0.107	0.001	0.891	0.001
0.039	0.897	0.063	0.001
0.001	0.001	0.997	0.001
0.001	0.205	0.001	0.793
0.001	0.060	0.666	0.273
0.001	0.055	0.001	0.943
0.001	0.051	0.805	0.143
>GAGACCCG	5-GAGACCCG	5.910729	-9.256724	0	T:18.0(26.09%),B:3539.0(9.86%),P:1e-4	Tpos:443.6,Tstd:231.1,Bpos:522.9,Bstd:370.7,StrandBias:0.6,Multiplicity:1.39
0.001	0.090	0.908	0.001
0.916	0.082	0.001	0.001
0.001	0.060	0.856	0.083
0.997	0.001	0.001	0.001
0.001	0.997	0.001	0.001
0.096	0.902	0.001	0.001
0.001	0.997	0.001	0.001
0.001	0.001	0.997	0.001
>CGTGCGAC	6-CGTGCGAC	7.441671	-9.036567	0	T:15.0(21.74%),B:2626.4(7.32%),P:1e-3	Tpos:407.8,Tstd:325.8,Bpos:537.1,Bstd:383.8,StrandBias:-0.3,Multiplicity:1.33
0.100	0.829	0.001	0.070
0.001	0.001	0.997	0.001
0.001	0.237	0.001	0.761
0.001	0.001	0.997	0.001
0.001	0.997	0.001	0.001
0.001	0.001	0.997	0.001
0.614	0.070	0.202	0.114
0.068	0.930	0.001	0.001
>ATCCCCCG	7-ATCCCCCG	8.010839	-4.011737	0	T:7.0(10.14%),B:1400.8(3.90%),P:1e-1	Tpos:484.6,Tstd:291.9,Bpos:520.7,Bstd:369.0,StrandBias:0.7,Multiplicity:2.29
0.997	0.001	0.001	0.001
0.001	0.001	0.001	0.997
0.001	0.918	0.080	0.001
0.001	0.997	0.001	0.001
0.001	0.997	0.001	0.001
0.001	0.997	0.001	0.001
0.001	0.997	0.001	0.001
0.001	0.093	0.855	0.051
