>CAYTGATAAGAD	1-CAYTGATAAGAD	7.426259	-116.364364	0	T:219.0(76.57%),B:13529.2(32.90%),P:1e-50	Tpos:708.9,Tstd:272.2,Bpos:527.0,Bstd:318.2,StrandBias:0.0,Multiplicity:1.61
0.207	0.439	0.084	0.270
0.543	0.064	0.106	0.287
0.224	0.369	0.001	0.405
0.064	0.032	0.001	0.903
0.001	0.001	0.997	0.001
0.997	0.001	0.001	0.001
0.001	0.001	0.005	0.993
0.997	0.001	0.001	0.001
0.849	0.001	0.128	0.022
0.028	0.194	0.671	0.107
0.772	0.020	0.207	0.001
0.330	0.148	0.306	0.215
>AAATTGTAGTTC	2-AAATTGTAGTTC	9.801399	-27.610268	0	T:54.0(18.88%),B:2619.0(6.37%),P:1e-11	Tpos:542.6,Tstd:295.7,Bpos:501.1,Bstd:297.3,StrandBias:0.5,Multiplicity:1.15
0.719	0.170	0.045	0.066
0.997	0.001	0.001	0.001
0.934	0.064	0.001	0.001
0.067	0.084	0.221	0.628
0.001	0.001	0.044	0.954
0.093	0.050	0.728	0.129
0.001	0.118	0.028	0.853
0.816	0.078	0.090	0.016
0.001	0.095	0.763	0.141
0.019	0.001	0.001	0.979
0.204	0.077	0.060	0.659
0.052	0.881	0.060	0.007
>ATGAATGCGACA	3-ATGAATGCGACA	13.377958	-26.987299	0	T:9.0(3.15%),B:26.2(0.06%),P:1e-11	Tpos:426.9,Tstd:308.9,Bpos:625.2,Bstd:314.6,StrandBias:-3.0,Multiplicity:1.00
0.825	0.001	0.173	0.001
0.001	0.173	0.001	0.825
0.001	0.001	0.997	0.001
0.863	0.001	0.001	0.135
0.997	0.001	0.001	0.001
0.001	0.001	0.001	0.997
0.149	0.001	0.849	0.001
0.001	0.873	0.001	0.125
0.090	0.001	0.908	0.001
0.997	0.001	0.001	0.001
0.001	0.997	0.001	0.001
0.997	0.001	0.001	0.001
>TGTCGTCATTGA	4-TGTCGTCATTGA	13.532552	-26.705651	0	T:9.0(3.15%),B:27.2(0.07%),P:1e-11	Tpos:480.8,Tstd:304.4,Bpos:387.2,Bstd:288.4,StrandBias:-0.3,Multiplicity:1.00
0.001	0.001	0.001	0.997
0.122	0.100	0.777	0.001
0.001	0.121	0.001	0.877
0.001	0.997	0.001	0.001
0.001	0.134	0.731	0.134
0.001	0.001	0.121	0.877
0.001	0.997	0.001	0.001
0.997	0.001	0.001	0.001
0.001	0.001	0.001	0.997
0.001	0.001	0.001	0.997
0.105	0.001	0.893	0.001
0.997	0.001	0.001	0.001
>TTTATGACTCTG	5-TTTATGACTCTG	13.486612	-26.680568	0	T:10.0(3.50%),B:42.6(0.10%),P:1e-11	Tpos:747.9,Tstd:188.2,Bpos:547.4,Bstd:330.2,StrandBias:0.0,Multiplicity:1.00
0.001	0.001	0.001	0.997
0.001	0.001	0.001	0.997
0.001	0.001	0.001	0.997
0.893	0.105	0.001	0.001
0.128	0.001	0.001	0.870
0.001	0.001	0.997	0.001
0.857	0.001	0.001	0.141
0.001	0.997	0.001	0.001
0.128	0.001	0.001	0.870
0.001	0.723	0.001	0.275
0.001	0.001	0.001	0.997
0.111	0.001	0.887	0.001
>GTGATAAGAMKA	6-GTGATAAGAMKA	10.680258	-25.505158	0	T:20.0(6.99%),B:380.4(0.93%),P:1e-11	Tpos:697.1,Tstd:241.2,Bpos:550.3,Bstd:309.8,StrandBias:-0.3,Multiplicity:1.00
0.001	0.001	0.997	0.001
0.001	0.001	0.001	0.997
0.001	0.001	0.997	0.001
0.997	0.001	0.001	0.001
0.140	0.001	0.154	0.705
0.997	0.001	0.001	0.001
0.997	0.001	0.001	0.001
0.001	0.001	0.997	0.001
0.983	0.015	0.001	0.001
0.560	0.415	0.024	0.001
0.012	0.001	0.568	0.419
0.787	0.001	0.211	0.001
>GTATTTAGGAAG	7-GTATTTAGGAAG	11.578345	-25.221502	0	T:11.0(3.85%),B:70.1(0.17%),P:1e-10	Tpos:599.8,Tstd:336.2,Bpos:486.7,Bstd:323.6,StrandBias:0.3,Multiplicity:1.00
0.001	0.109	0.889	0.001
0.001	0.094	0.001	0.904
0.800	0.120	0.001	0.079
0.001	0.001	0.001	0.997
0.001	0.139	0.001	0.859
0.001	0.001	0.120	0.878
0.944	0.001	0.054	0.001
0.001	0.001	0.997	0.001
0.094	0.001	0.904	0.001
0.997	0.001	0.001	0.001
0.997	0.001	0.001	0.001
0.073	0.001	0.925	0.001
>GTCTTCGCACAG	8-GTCTTCGCACAG	13.806254	-24.143242	0	T:7.0(2.45%),B:12.6(0.03%),P:1e-10	Tpos:331.1,Tstd:239.7,Bpos:465.7,Bstd:305.1,StrandBias:-2.6,Multiplicity:1.00
0.001	0.001	0.997	0.001
0.001	0.001	0.001	0.997
0.001	0.859	0.139	0.001
0.001	0.001	0.001	0.997
0.001	0.001	0.001	0.997
0.001	0.837	0.161	0.001
0.139	0.001	0.721	0.139
0.161	0.837	0.001	0.001
0.997	0.001	0.001	0.001
0.001	0.859	0.139	0.001
0.997	0.001	0.001	0.001
0.001	0.001	0.997	0.001
>TTGGCTATGGTG	9-TTGGCTATGGTG	12.581442	-23.340642	0	T:8.0(2.80%),B:26.7(0.06%),P:1e-10	Tpos:466.7,Tstd:240.8,Bpos:412.7,Bstd:296.3,StrandBias:-1.0,Multiplicity:1.12
0.001	0.001	0.001	0.997
0.001	0.001	0.001	0.997
0.001	0.001	0.818	0.180
0.155	0.001	0.843	0.001
0.001	0.712	0.156	0.131
0.001	0.001	0.001	0.997
0.888	0.110	0.001	0.001
0.001	0.001	0.001	0.997
0.155	0.001	0.843	0.001
0.001	0.001	0.997	0.001
0.001	0.001	0.001	0.997
0.001	0.001	0.997	0.001
>TGATAAAGACTA	10-TGATAAAGACTA	13.147130	-23.214428	0	T:11.0(3.85%),B:86.1(0.21%),P:1e-10	Tpos:672.0,Tstd:300.6,Bpos:486.3,Bstd:323.8,StrandBias:0.8,Multiplicity:1.00
0.001	0.001	0.001	0.997
0.001	0.001	0.850	0.148
0.997	0.001	0.001	0.001
0.001	0.001	0.001	0.997
0.901	0.001	0.097	0.001
0.997	0.001	0.001	0.001
0.997	0.001	0.001	0.001
0.202	0.085	0.712	0.001
0.997	0.001	0.001	0.001
0.074	0.924	0.001	0.001
0.001	0.001	0.116	0.882
0.874	0.124	0.001	0.001
>TGACGTTGTGTA	11-TGACGTTGTGTA	13.271141	-22.150120	0	T:8.0(2.80%),B:31.1(0.08%),P:1e-9	Tpos:620.6,Tstd:265.3,Bpos:469.4,Bstd:360.2,StrandBias:-1.6,Multiplicity:1.00
0.001	0.001	0.001	0.997
0.001	0.001	0.997	0.001
0.997	0.001	0.001	0.001
0.001	0.997	0.001	0.001
0.001	0.001	0.997	0.001
0.180	0.001	0.001	0.818
0.001	0.001	0.001	0.997
0.001	0.001	0.915	0.083
0.001	0.001	0.001	0.997
0.155	0.001	0.843	0.001
0.111	0.001	0.156	0.732
0.843	0.001	0.155	0.001
>CATTTCCTGTTA	12-CATTTCCTGTTA	9.183187	-20.897690	0	T:11.0(3.85%),B:109.9(0.27%),P:1e-9	Tpos:436.5,Tstd:267.0,Bpos:528.8,Bstd:325.6,StrandBias:-0.8,Multiplicity:1.00
0.001	0.997	0.001	0.001
0.997	0.001	0.001	0.001
0.001	0.001	0.001	0.997
0.001	0.001	0.001	0.997
0.001	0.001	0.001	0.997
0.001	0.997	0.001	0.001
0.001	0.767	0.231	0.001
0.001	0.001	0.228	0.770
0.001	0.001	0.774	0.224
0.001	0.001	0.001	0.997
0.001	0.001	0.001	0.997
0.997	0.001	0.001	0.001
>CAAGCGTTTTCA	13-CAAGCGTTTTCA	13.503229	-20.259298	0	T:7.0(2.45%),B:25.0(0.06%),P:1e-8	Tpos:600.3,Tstd:241.6,Bpos:444.4,Bstd:280.1,StrandBias:-0.4,Multiplicity:1.00
0.001	0.997	0.001	0.001
0.808	0.001	0.190	0.001
0.700	0.001	0.001	0.298
0.001	0.001	0.997	0.001
0.335	0.521	0.001	0.143
0.094	0.123	0.782	0.001
0.001	0.149	0.001	0.849
0.001	0.001	0.001	0.997
0.227	0.001	0.169	0.603
0.001	0.001	0.001	0.997
0.001	0.997	0.001	0.001
0.997	0.001	0.001	0.001
>ATAGACATTTGG	14-ATAGACATTTGG	13.094221	-19.274979	0	T:9.0(3.15%),B:70.4(0.17%),P:1e-8	Tpos:590.4,Tstd:225.8,Bpos:459.1,Bstd:338.0,StrandBias:-1.0,Multiplicity:1.00
0.997	0.001	0.001	0.001
0.001	0.001	0.118	0.880
0.997	0.001	0.001	0.001
0.062	0.118	0.819	0.001
0.906	0.001	0.001	0.092
0.055	0.943	0.001	0.001
0.997	0.001	0.001	0.001
0.001	0.001	0.001	0.997
0.001	0.102	0.001	0.896
0.001	0.001	0.001	0.997
0.080	0.086	0.786	0.048
0.102	0.001	0.896	0.001
>CAACCAGTCAAC	15-CAACCAGTCAAC	13.097283	-17.898208	0	T:8.0(2.80%),B:57.7(0.14%),P:1e-7	Tpos:354.7,Tstd:287.4,Bpos:433.0,Bstd:276.6,StrandBias:1.0,Multiplicity:1.12
0.001	0.997	0.001	0.001
0.997	0.001	0.001	0.001
0.997	0.001	0.001	0.001
0.001	0.924	0.001	0.074
0.150	0.758	0.091	0.001
0.825	0.001	0.173	0.001
0.085	0.001	0.913	0.001
0.001	0.149	0.001	0.849
0.001	0.997	0.001	0.001
0.997	0.001	0.001	0.001
0.825	0.001	0.001	0.173
0.001	0.997	0.001	0.001
>AACTTTTCAATS	16-AACTTTTCAATS	11.415513	-17.728885	0	T:43.0(15.03%),B:2411.9(5.87%),P:1e-7	Tpos:489.4,Tstd:291.3,Bpos:499.3,Bstd:298.7,StrandBias:0.3,Multiplicity:1.15
0.997	0.001	0.001	0.001
0.997	0.001	0.001	0.001
0.071	0.860	0.001	0.068
0.072	0.001	0.001	0.926
0.001	0.001	0.216	0.782
0.001	0.001	0.001	0.997
0.001	0.001	0.178	0.820
0.001	0.702	0.001	0.296
0.997	0.001	0.001	0.001
0.997	0.001	0.001	0.001
0.212	0.190	0.088	0.510
0.168	0.385	0.274	0.174
>AATATGATGTAA	17-AATATGATGTAA	9.581082	-15.695942	0	T:33.0(11.54%),B:1694.9(4.12%),P:1e-6	Tpos:536.9,Tstd:271.0,Bpos:515.7,Bstd:304.5,StrandBias:-0.4,Multiplicity:1.06
0.700	0.105	0.067	0.128
0.914	0.084	0.001	0.001
0.152	0.001	0.036	0.811
0.908	0.033	0.033	0.026
0.027	0.201	0.001	0.771
0.001	0.075	0.923	0.001
0.919	0.001	0.001	0.079
0.001	0.078	0.150	0.771
0.030	0.046	0.893	0.031
0.001	0.087	0.176	0.736
0.885	0.053	0.001	0.061
0.787	0.119	0.026	0.068
>TTGAGCAGCCGA	18-TTGAGCAGCCGA	13.005572	-10.220942	0	T:5.0(1.75%),B:49.7(0.12%),P:1e-4	Tpos:373.6,Tstd:185.2,Bpos:422.4,Bstd:306.7,StrandBias:2.1,Multiplicity:3.20
0.001	0.001	0.001	0.997
0.001	0.001	0.001	0.997
0.001	0.001	0.809	0.189
0.997	0.001	0.001	0.001
0.175	0.001	0.823	0.001
0.001	0.613	0.001	0.385
0.997	0.001	0.001	0.001
0.001	0.001	0.997	0.001
0.001	0.997	0.001	0.001
0.149	0.641	0.209	0.001
0.001	0.208	0.790	0.001
0.790	0.001	0.001	0.208
>VAWAACYTTTTA	19-VAWAACYTTTTA	10.171131	-9.977225	0	T:11.0(3.85%),B:348.4(0.85%),P:1e-4	Tpos:465.2,Tstd:277.5,Bpos:513.0,Bstd:316.9,StrandBias:1.3,Multiplicity:1.91
0.300	0.405	0.275	0.020
0.527	0.266	0.059	0.148
0.492	0.061	0.035	0.413
0.567	0.017	0.009	0.407
0.852	0.068	0.025	0.055
0.046	0.508	0.128	0.318
0.055	0.514	0.062	0.369
0.059	0.056	0.058	0.827
0.033	0.036	0.059	0.872
0.013	0.034	0.222	0.731
0.028	0.198	0.281	0.493
0.794	0.067	0.056	0.083
>CCGGGWGGCTAT	20-CCGGGWGGCTAT	13.425925	-8.171262	0	T:2.0(0.70%),B:2.3(0.01%),P:1e-3	Tpos:367.5,Tstd:97.0,Bpos:783.7,Bstd:12.8,StrandBias:10.0,Multiplicity:5.50
0.001	0.997	0.001	0.001
0.001	0.997	0.001	0.001
0.098	0.001	0.803	0.098
0.001	0.001	0.997	0.001
0.001	0.001	0.997	0.001
0.458	0.001	0.001	0.540
0.001	0.114	0.884	0.001
0.001	0.001	0.997	0.001
0.001	0.997	0.001	0.001
0.001	0.001	0.001	0.997
0.997	0.001	0.001	0.001
0.001	0.114	0.001	0.884
>ACCAACTTTAGC	21-ACCAACTTTAGC	13.701424	-7.077851	0	T:3.0(1.05%),B:24.9(0.06%),P:1e-3	Tpos:527.0,Tstd:148.1,Bpos:429.0,Bstd:222.7,StrandBias:2.0,Multiplicity:1.67
0.703	0.104	0.192	0.001
0.001	0.849	0.149	0.001
0.001	0.997	0.001	0.001
0.997	0.001	0.001	0.001
0.997	0.001	0.001	0.001
0.001	0.890	0.108	0.001
0.001	0.001	0.001	0.997
0.001	0.001	0.001	0.997
0.001	0.001	0.001	0.997
0.868	0.001	0.130	0.001
0.001	0.117	0.881	0.001
0.108	0.890	0.001	0.001
>TTAAATTTATAT	22-TTAAATTTATAT	9.694726	-6.192368	0	T:6.0(2.10%),B:182.3(0.44%),P:1e-2	Tpos:379.5,Tstd:186.8,Bpos:496.9,Bstd:296.2,StrandBias:-0.5,Multiplicity:2.00
0.001	0.001	0.001	0.997
0.001	0.001	0.001	0.997
0.997	0.001	0.001	0.001
0.997	0.001	0.001	0.001
0.997	0.001	0.001	0.001
0.001	0.106	0.001	0.892
0.001	0.001	0.001	0.997
0.001	0.001	0.001	0.997
0.997	0.001	0.001	0.001
0.001	0.001	0.001	0.997
0.997	0.001	0.001	0.001
0.001	0.001	0.001	0.997
>ATTTTTCGTGTA	23-ATTTTTCGTGTA	13.544874	-4.217221	0	T:3.0(1.05%),B:71.7(0.17%),P:1e-1	Tpos:455.1,Tstd:158.6,Bpos:455.6,Bstd:241.6,StrandBias:-10.0,Multiplicity:7.33
0.997	0.001	0.001	0.001
0.001	0.001	0.001	0.997
0.001	0.001	0.001	0.997
0.001	0.001	0.001	0.997
0.001	0.001	0.001	0.997
0.001	0.001	0.001	0.997
0.001	0.997	0.001	0.001
0.001	0.001	0.997	0.001
0.001	0.001	0.001	0.997
0.001	0.001	0.997	0.001
0.001	0.001	0.001	0.997
0.904	0.047	0.048	0.001
>ATGTGCACTGGT	24-ATGTGCACTGGT	12.355432	-3.883468	0	T:1.0(0.35%),B:3.0(0.01%),P:1e-1	Tpos:310.0,Tstd:186.6,Bpos:195.9,Bstd:85.8,StrandBias:10.0,Multiplicity:11.00
0.700	0.100	0.100	0.100
0.100	0.100	0.100	0.700
0.100	0.100	0.700	0.100
0.100	0.100	0.100	0.700
0.100	0.100	0.700	0.100
0.100	0.700	0.100	0.100
0.700	0.100	0.100	0.100
0.100	0.700	0.100	0.100
0.100	0.100	0.100	0.700
0.100	0.100	0.700	0.100
0.100	0.100	0.700	0.100
0.100	0.100	0.100	0.700
>CTGAGAATTATG	25-CTGAGAATTATG	12.355432	-3.049906	0	T:1.0(0.35%),B:6.9(0.02%),P:1e-1	Tpos:339.0,Tstd:186.6,Bpos:364.4,Bstd:297.4,StrandBias:10.0,Multiplicity:11.00
0.100	0.700	0.100	0.100
0.100	0.100	0.100	0.700
0.100	0.100	0.700	0.100
0.700	0.100	0.100	0.100
0.100	0.100	0.700	0.100
0.700	0.100	0.100	0.100
0.700	0.100	0.100	0.100
0.100	0.100	0.100	0.700
0.100	0.100	0.100	0.700
0.700	0.100	0.100	0.100
0.100	0.100	0.100	0.700
0.100	0.100	0.700	0.100
