>TCTTATCAGT	1-TCTTATCAGT	6.542322	-142.629125	0	T:196.0(68.53%),B:9045.8(22.00%),P:1e-61	Tpos:752.9,Tstd:240.6,Bpos:539.9,Bstd:325.6,StrandBias:-0.0,Multiplicity:1.51
0.001	0.289	0.062	0.648
0.001	0.773	0.225	0.001
0.001	0.001	0.001	0.997
0.001	0.001	0.001	0.997
0.997	0.001	0.001	0.001
0.001	0.001	0.001	0.997
0.001	0.997	0.001	0.001
0.997	0.001	0.001	0.001
0.157	0.140	0.552	0.151
0.066	0.144	0.039	0.751
>CATGCTGATA	2-CATGCTGATA	7.259991	-36.520071	0	T:79.0(27.62%),B:4179.3(10.16%),P:1e-15	Tpos:524.6,Tstd:290.0,Bpos:496.9,Bstd:322.4,StrandBias:0.0,Multiplicity:1.07
0.089	0.757	0.067	0.087
0.749	0.077	0.116	0.058
0.098	0.123	0.085	0.694
0.125	0.031	0.787	0.057
0.055	0.794	0.089	0.062
0.034	0.035	0.013	0.918
0.060	0.078	0.792	0.070
0.850	0.052	0.024	0.074
0.052	0.066	0.062	0.820
0.848	0.069	0.024	0.059
>ACTGATMRTD	3-ACTGATMRTD	10.109085	-27.119801	0	T:54.0(18.88%),B:2653.7(6.45%),P:1e-11	Tpos:628.5,Tstd:310.0,Bpos:512.2,Bstd:323.5,StrandBias:0.0,Multiplicity:1.11
0.958	0.001	0.040	0.001
0.001	0.992	0.006	0.001
0.001	0.001	0.001	0.997
0.001	0.001	0.997	0.001
0.997	0.001	0.001	0.001
0.001	0.165	0.001	0.833
0.527	0.465	0.001	0.007
0.463	0.001	0.416	0.120
0.391	0.001	0.001	0.607
0.313	0.001	0.343	0.343
>TAGTTTGCTT	4-TAGTTTGCTT	8.247852	-22.912240	0	T:46.0(16.08%),B:2270.2(5.52%),P:1e-9	Tpos:585.4,Tstd:265.8,Bpos:506.6,Bstd:316.1,StrandBias:0.8,Multiplicity:1.02
0.008	0.001	0.198	0.793
0.446	0.156	0.163	0.235
0.029	0.009	0.961	0.001
0.019	0.011	0.001	0.969
0.004	0.210	0.013	0.773
0.014	0.212	0.284	0.490
0.001	0.272	0.721	0.006
0.119	0.515	0.164	0.202
0.167	0.259	0.001	0.573
0.006	0.184	0.208	0.602
>GGCCAAAGTT	5-GGCCAAAGTT	8.880520	-22.512323	0	T:19.0(6.64%),B:403.1(0.98%),P:1e-9	Tpos:461.1,Tstd:225.3,Bpos:486.7,Bstd:310.6,StrandBias:0.3,Multiplicity:1.05
0.157	0.143	0.675	0.025
0.048	0.001	0.676	0.275
0.039	0.734	0.001	0.226
0.081	0.668	0.162	0.089
0.758	0.001	0.240	0.001
0.665	0.104	0.001	0.230
0.794	0.204	0.001	0.001
0.001	0.091	0.770	0.138
0.245	0.213	0.021	0.521
0.001	0.243	0.013	0.743
>CAACACGTGT	6-CAACACGTGT	9.914249	-21.145949	0	T:19.0(6.64%),B:439.8(1.07%),P:1e-9	Tpos:609.1,Tstd:305.3,Bpos:550.3,Bstd:317.2,StrandBias:0.4,Multiplicity:1.11
0.122	0.717	0.035	0.126
0.927	0.001	0.071	0.001
0.782	0.075	0.087	0.056
0.001	0.997	0.001	0.001
0.896	0.102	0.001	0.001
0.001	0.851	0.116	0.032
0.001	0.001	0.997	0.001
0.052	0.001	0.001	0.946
0.001	0.001	0.997	0.001
0.001	0.001	0.054	0.944
>AACCCGGAAA	7-AACCCGGAAA	8.556736	-20.868361	0	T:44.0(15.38%),B:2248.3(5.47%),P:1e-9	Tpos:539.8,Tstd:335.1,Bpos:509.2,Bstd:292.6,StrandBias:0.2,Multiplicity:1.14
0.861	0.086	0.030	0.023
0.927	0.040	0.032	0.001
0.031	0.881	0.001	0.087
0.007	0.939	0.001	0.053
0.001	0.997	0.001	0.001
0.058	0.001	0.920	0.021
0.001	0.027	0.949	0.023
0.962	0.001	0.001	0.036
0.623	0.273	0.036	0.068
0.934	0.001	0.034	0.031
>TCMGAGCACA	8-TCMGAGCACA	8.220208	-20.037856	0	T:42.0(14.69%),B:2138.7(5.20%),P:1e-8	Tpos:542.8,Tstd:296.0,Bpos:507.3,Bstd:309.9,StrandBias:0.0,Multiplicity:1.00
0.047	0.054	0.069	0.830
0.001	0.855	0.143	0.001
0.431	0.415	0.122	0.032
0.001	0.001	0.997	0.001
0.854	0.065	0.001	0.080
0.082	0.001	0.916	0.001
0.001	0.844	0.154	0.001
0.970	0.001	0.001	0.028
0.109	0.889	0.001	0.001
0.707	0.050	0.158	0.085
>TAHTTYCGGC	9-TAHTTYCGGC	6.866541	-19.929441	0	T:32.0(11.19%),B:1335.4(3.25%),P:1e-8	Tpos:478.6,Tstd:252.5,Bpos:501.2,Bstd:307.2,StrandBias:0.3,Multiplicity:1.06
0.114	0.168	0.237	0.481
0.769	0.018	0.195	0.018
0.331	0.312	0.173	0.184
0.212	0.265	0.015	0.508
0.018	0.053	0.008	0.921
0.024	0.473	0.162	0.342
0.204	0.512	0.156	0.128
0.018	0.176	0.645	0.161
0.125	0.287	0.454	0.135
0.013	0.782	0.011	0.194
>AAATGACGAT	10-AAATGACGAT	9.330728	-19.728338	0	T:52.0(18.18%),B:3065.2(7.45%),P:1e-8	Tpos:555.5,Tstd:274.7,Bpos:513.3,Bstd:306.0,StrandBias:-0.6,Multiplicity:1.02
0.865	0.030	0.104	0.001
0.912	0.057	0.030	0.001
0.937	0.027	0.035	0.001
0.048	0.001	0.001	0.950
0.001	0.001	0.968	0.030
0.997	0.001	0.001	0.001
0.040	0.900	0.001	0.059
0.172	0.098	0.716	0.014
0.862	0.039	0.025	0.074
0.041	0.036	0.001	0.922
>TWAATCGCAT	11-TWAATCGCAT	7.473044	-18.492345	0	T:62.0(21.68%),B:4174.5(10.15%),P:1e-8	Tpos:518.2,Tstd:260.6,Bpos:497.4,Bstd:306.8,StrandBias:-0.2,Multiplicity:1.08
0.234	0.103	0.034	0.629
0.340	0.056	0.148	0.455
0.693	0.091	0.099	0.117
0.599	0.320	0.035	0.046
0.025	0.085	0.036	0.854
0.066	0.827	0.084	0.023
0.001	0.001	0.986	0.012
0.046	0.812	0.055	0.087
0.822	0.076	0.024	0.078
0.001	0.048	0.031	0.920
>TCGTATAAAG	12-TCGTATAAAG	9.884505	-17.889652	0	T:22.0(7.69%),B:728.8(1.77%),P:1e-7	Tpos:562.6,Tstd:293.4,Bpos:529.1,Bstd:305.2,StrandBias:-0.1,Multiplicity:1.05
0.001	0.001	0.001	0.997
0.001	0.925	0.049	0.025
0.001	0.059	0.900	0.040
0.032	0.072	0.001	0.895
0.860	0.085	0.001	0.054
0.074	0.001	0.048	0.877
0.997	0.001	0.001	0.001
0.896	0.102	0.001	0.001
0.997	0.001	0.001	0.001
0.233	0.058	0.708	0.001
>AATGACGTCA	13-AATGACGTCA	7.471297	-17.781003	0	T:63.0(22.03%),B:4360.0(10.60%),P:1e-7	Tpos:511.0,Tstd:286.4,Bpos:503.2,Bstd:314.4,StrandBias:-0.4,Multiplicity:1.17
0.772	0.079	0.074	0.075
0.790	0.037	0.075	0.098
0.055	0.075	0.044	0.826
0.041	0.057	0.801	0.101
0.798	0.087	0.035	0.080
0.043	0.764	0.082	0.111
0.113	0.058	0.771	0.058
0.081	0.038	0.058	0.823
0.072	0.778	0.072	0.078
0.882	0.007	0.058	0.053
>AACCACACCC	14-AACCACACCC	9.811384	-17.778105	0	T:17.0(5.94%),B:430.0(1.05%),P:1e-7	Tpos:678.2,Tstd:255.1,Bpos:512.4,Bstd:329.3,StrandBias:0.3,Multiplicity:1.06
0.884	0.054	0.061	0.001
0.997	0.001	0.001	0.001
0.047	0.887	0.001	0.065
0.044	0.896	0.001	0.059
0.735	0.164	0.100	0.001
0.001	0.997	0.001	0.001
0.936	0.001	0.001	0.062
0.049	0.905	0.001	0.045
0.039	0.959	0.001	0.001
0.035	0.839	0.001	0.125
>TTGACCTGAG	15-TTGACCTGAG	9.286001	-17.528630	0	T:35.0(12.24%),B:1728.4(4.20%),P:1e-7	Tpos:416.9,Tstd:245.3,Bpos:509.7,Bstd:312.3,StrandBias:0.3,Multiplicity:1.31
0.001	0.001	0.001	0.997
0.001	0.001	0.001	0.997
0.192	0.001	0.806	0.001
0.997	0.001	0.001	0.001
0.348	0.548	0.103	0.001
0.001	0.997	0.001	0.001
0.001	0.001	0.153	0.845
0.001	0.001	0.997	0.001
0.544	0.001	0.187	0.268
0.202	0.001	0.796	0.001
>CACCATAGCC	16-CACCATAGCC	9.481338	-17.171382	0	T:15.0(5.24%),B:341.9(0.83%),P:1e-7	Tpos:283.7,Tstd:227.5,Bpos:484.5,Bstd:312.9,StrandBias:0.0,Multiplicity:1.07
0.001	0.997	0.001	0.001
0.997	0.001	0.001	0.001
0.001	0.871	0.001	0.127
0.104	0.894	0.001	0.001
0.997	0.001	0.001	0.001
0.068	0.094	0.213	0.625
0.997	0.001	0.001	0.001
0.108	0.116	0.775	0.001
0.001	0.877	0.001	0.121
0.228	0.770	0.001	0.001
>GGCTATAGTT	17-GGCTATAGTT	9.302247	-13.111073	0	T:8.0(2.80%),B:112.3(0.27%),P:1e-5	Tpos:367.7,Tstd:209.4,Bpos:467.5,Bstd:298.7,StrandBias:3.8,Multiplicity:1.88
0.001	0.001	0.997	0.001
0.001	0.001	0.997	0.001
0.001	0.997	0.001	0.001
0.001	0.001	0.066	0.932
0.997	0.001	0.001	0.001
0.001	0.139	0.001	0.859
0.830	0.168	0.001	0.001
0.001	0.001	0.997	0.001
0.001	0.001	0.001	0.997
0.001	0.001	0.099	0.899
>CCAACTTTAA	18-CCAACTTTAA	10.720270	-12.735578	0	T:20.0(6.99%),B:842.5(2.05%),P:1e-5	Tpos:467.7,Tstd:264.2,Bpos:494.1,Bstd:319.1,StrandBias:-0.2,Multiplicity:1.30
0.075	0.765	0.066	0.094
0.001	0.997	0.001	0.001
0.795	0.001	0.129	0.075
0.493	0.256	0.250	0.001
0.001	0.997	0.001	0.001
0.001	0.001	0.001	0.997
0.001	0.001	0.001	0.997
0.001	0.280	0.001	0.718
0.997	0.001	0.001	0.001
0.606	0.001	0.392	0.001
>TAGAGATTAC	19-TAGAGATTAC	9.837148	-12.394671	0	T:18.0(6.29%),B:713.2(1.73%),P:1e-5	Tpos:550.7,Tstd:273.5,Bpos:503.5,Bstd:311.0,StrandBias:-0.6,Multiplicity:1.11
0.001	0.101	0.001	0.897
0.890	0.108	0.001	0.001
0.051	0.001	0.947	0.001
0.997	0.001	0.001	0.001
0.077	0.001	0.921	0.001
0.851	0.001	0.147	0.001
0.001	0.133	0.001	0.865
0.001	0.001	0.001	0.997
0.698	0.125	0.176	0.001
0.066	0.932	0.001	0.001
>CCMGRCAGGT	20-CCMGRCAGGT	7.750139	-12.304691	0	T:37.0(12.94%),B:2365.3(5.75%),P:1e-5	Tpos:424.2,Tstd:250.8,Bpos:502.6,Bstd:317.9,StrandBias:-1.0,Multiplicity:1.35
0.001	0.651	0.001	0.347
0.001	0.848	0.001	0.150
0.328	0.467	0.057	0.148
0.130	0.001	0.868	0.001
0.539	0.001	0.459	0.001
0.068	0.613	0.043	0.276
0.997	0.001	0.001	0.001
0.220	0.001	0.638	0.141
0.001	0.136	0.862	0.001
0.001	0.001	0.188	0.810
>YTCCATMATC	21-YTCCATMATC	10.165420	-12.002534	0	T:29.0(10.14%),B:1645.0(4.00%),P:1e-5	Tpos:453.9,Tstd:276.2,Bpos:493.3,Bstd:314.1,StrandBias:-0.6,Multiplicity:1.41
0.001	0.356	0.204	0.439
0.151	0.001	0.001	0.847
0.001	0.997	0.001	0.001
0.001	0.997	0.001	0.001
0.927	0.001	0.071	0.001
0.044	0.287	0.001	0.668
0.541	0.457	0.001	0.001
0.892	0.001	0.001	0.106
0.001	0.071	0.001	0.927
0.001	0.667	0.001	0.331
>CGGCTACTAA	22-CGGCTACTAA	10.101742	-8.502162	0	T:8.0(2.80%),B:220.5(0.54%),P:1e-3	Tpos:504.3,Tstd:199.4,Bpos:570.2,Bstd:276.5,StrandBias:-1.8,Multiplicity:2.25
0.063	0.935	0.001	0.001
0.059	0.001	0.939	0.001
0.373	0.001	0.527	0.099
0.001	0.859	0.001	0.139
0.001	0.001	0.001	0.997
0.782	0.036	0.181	0.001
0.001	0.733	0.141	0.125
0.001	0.001	0.001	0.997
0.893	0.001	0.001	0.105
0.776	0.108	0.001	0.115
>YTGRGCAGCC	23-YTGRGCAGCC	12.068915	-7.219262	0	T:5.0(1.75%),B:97.8(0.24%),P:1e-3	Tpos:344.8,Tstd:263.9,Bpos:441.0,Bstd:286.5,StrandBias:0.6,Multiplicity:1.00
0.001	0.369	0.112	0.518
0.001	0.001	0.001	0.997
0.001	0.001	0.806	0.192
0.571	0.001	0.427	0.001
0.001	0.001	0.997	0.001
0.001	0.997	0.001	0.001
0.997	0.001	0.001	0.001
0.001	0.001	0.997	0.001
0.001	0.997	0.001	0.001
0.001	0.997	0.001	0.001
>ACCAGTGCAC	24-ACCAGTGCAC	11.245635	-4.206881	0	T:2.0(0.70%),B:25.7(0.06%),P:1e-1	Tpos:350.6,Tstd:223.7,Bpos:355.9,Bstd:254.5,StrandBias:-10.0,Multiplicity:6.00
0.997	0.001	0.001	0.001
0.001	0.997	0.001	0.001
0.001	0.997	0.001	0.001
0.997	0.001	0.001	0.001
0.001	0.001	0.997	0.001
0.001	0.001	0.001	0.997
0.001	0.001	0.997	0.001
0.001	0.997	0.001	0.001
0.997	0.001	0.001	0.001
0.001	0.923	0.075	0.001
>TGTTACACGA	25-TGTTACACGA	10.665816	-4.043509	0	T:3.0(1.05%),B:76.2(0.19%),P:1e-1	Tpos:420.9,Tstd:169.3,Bpos:417.6,Bstd:229.2,StrandBias:4.4,Multiplicity:7.33
0.001	0.001	0.001	0.997
0.001	0.001	0.997	0.001
0.001	0.001	0.001	0.997
0.001	0.001	0.001	0.997
0.956	0.001	0.042	0.001
0.001	0.997	0.001	0.001
0.997	0.001	0.001	0.001
0.001	0.997	0.001	0.001
0.001	0.001	0.997	0.001
0.997	0.001	0.001	0.001
>CAYTGATAAGAD	1-CAYTGATAAGAD	7.426259	-116.364364	0	T:219.0(76.57%),B:13529.2(32.90%),P:1e-50	Tpos:708.9,Tstd:272.2,Bpos:527.0,Bstd:318.2,StrandBias:0.0,Multiplicity:1.61
0.207	0.439	0.084	0.270
0.543	0.064	0.106	0.287
0.224	0.369	0.001	0.405
0.064	0.032	0.001	0.903
0.001	0.001	0.997	0.001
0.997	0.001	0.001	0.001
0.001	0.001	0.005	0.993
0.997	0.001	0.001	0.001
0.849	0.001	0.128	0.022
0.028	0.194	0.671	0.107
0.772	0.020	0.207	0.001
0.330	0.148	0.306	0.215
>AAATTGTAGTTC	2-AAATTGTAGTTC	9.801399	-27.610268	0	T:54.0(18.88%),B:2619.0(6.37%),P:1e-11	Tpos:542.6,Tstd:295.7,Bpos:501.1,Bstd:297.3,StrandBias:0.5,Multiplicity:1.15
0.719	0.170	0.045	0.066
0.997	0.001	0.001	0.001
0.934	0.064	0.001	0.001
0.067	0.084	0.221	0.628
0.001	0.001	0.044	0.954
0.093	0.050	0.728	0.129
0.001	0.118	0.028	0.853
0.816	0.078	0.090	0.016
0.001	0.095	0.763	0.141
0.019	0.001	0.001	0.979
0.204	0.077	0.060	0.659
0.052	0.881	0.060	0.007
>ATGAATGCGACA	3-ATGAATGCGACA	13.377958	-26.987299	0	T:9.0(3.15%),B:26.2(0.06%),P:1e-11	Tpos:426.9,Tstd:308.9,Bpos:625.2,Bstd:314.6,StrandBias:-3.0,Multiplicity:1.00
0.825	0.001	0.173	0.001
0.001	0.173	0.001	0.825
0.001	0.001	0.997	0.001
0.863	0.001	0.001	0.135
0.997	0.001	0.001	0.001
0.001	0.001	0.001	0.997
0.149	0.001	0.849	0.001
0.001	0.873	0.001	0.125
0.090	0.001	0.908	0.001
0.997	0.001	0.001	0.001
0.001	0.997	0.001	0.001
0.997	0.001	0.001	0.001
>TGTCGTCATTGA	4-TGTCGTCATTGA	13.532552	-26.705651	0	T:9.0(3.15%),B:27.2(0.07%),P:1e-11	Tpos:480.8,Tstd:304.4,Bpos:387.2,Bstd:288.4,StrandBias:-0.3,Multiplicity:1.00
0.001	0.001	0.001	0.997
0.122	0.100	0.777	0.001
0.001	0.121	0.001	0.877
0.001	0.997	0.001	0.001
0.001	0.134	0.731	0.134
0.001	0.001	0.121	0.877
0.001	0.997	0.001	0.001
0.997	0.001	0.001	0.001
0.001	0.001	0.001	0.997
0.001	0.001	0.001	0.997
0.105	0.001	0.893	0.001
0.997	0.001	0.001	0.001
>TTTATGACTCTG	5-TTTATGACTCTG	13.486612	-26.680568	0	T:10.0(3.50%),B:42.6(0.10%),P:1e-11	Tpos:747.9,Tstd:188.2,Bpos:547.4,Bstd:330.2,StrandBias:0.0,Multiplicity:1.00
0.001	0.001	0.001	0.997
0.001	0.001	0.001	0.997
0.001	0.001	0.001	0.997
0.893	0.105	0.001	0.001
0.128	0.001	0.001	0.870
0.001	0.001	0.997	0.001
0.857	0.001	0.001	0.141
0.001	0.997	0.001	0.001
0.128	0.001	0.001	0.870
0.001	0.723	0.001	0.275
0.001	0.001	0.001	0.997
0.111	0.001	0.887	0.001
>GTGATAAGAMKA	6-GTGATAAGAMKA	10.680258	-25.505158	0	T:20.0(6.99%),B:380.4(0.93%),P:1e-11	Tpos:697.1,Tstd:241.2,Bpos:550.3,Bstd:309.8,StrandBias:-0.3,Multiplicity:1.00
0.001	0.001	0.997	0.001
0.001	0.001	0.001	0.997
0.001	0.001	0.997	0.001
0.997	0.001	0.001	0.001
0.140	0.001	0.154	0.705
0.997	0.001	0.001	0.001
0.997	0.001	0.001	0.001
0.001	0.001	0.997	0.001
0.983	0.015	0.001	0.001
0.560	0.415	0.024	0.001
0.012	0.001	0.568	0.419
0.787	0.001	0.211	0.001
>GTATTTAGGAAG	7-GTATTTAGGAAG	11.578345	-25.221502	0	T:11.0(3.85%),B:70.1(0.17%),P:1e-10	Tpos:599.8,Tstd:336.2,Bpos:486.7,Bstd:323.6,StrandBias:0.3,Multiplicity:1.00
0.001	0.109	0.889	0.001
0.001	0.094	0.001	0.904
0.800	0.120	0.001	0.079
0.001	0.001	0.001	0.997
0.001	0.139	0.001	0.859
0.001	0.001	0.120	0.878
0.944	0.001	0.054	0.001
0.001	0.001	0.997	0.001
0.094	0.001	0.904	0.001
0.997	0.001	0.001	0.001
0.997	0.001	0.001	0.001
0.073	0.001	0.925	0.001
>GTCTTCGCACAG	8-GTCTTCGCACAG	13.806254	-24.143242	0	T:7.0(2.45%),B:12.6(0.03%),P:1e-10	Tpos:331.1,Tstd:239.7,Bpos:465.7,Bstd:305.1,StrandBias:-2.6,Multiplicity:1.00
0.001	0.001	0.997	0.001
0.001	0.001	0.001	0.997
0.001	0.859	0.139	0.001
0.001	0.001	0.001	0.997
0.001	0.001	0.001	0.997
0.001	0.837	0.161	0.001
0.139	0.001	0.721	0.139
0.161	0.837	0.001	0.001
0.997	0.001	0.001	0.001
0.001	0.859	0.139	0.001
0.997	0.001	0.001	0.001
0.001	0.001	0.997	0.001
>TTGGCTATGGTG	9-TTGGCTATGGTG	12.581442	-23.340642	0	T:8.0(2.80%),B:26.7(0.06%),P:1e-10	Tpos:466.7,Tstd:240.8,Bpos:412.7,Bstd:296.3,StrandBias:-1.0,Multiplicity:1.12
0.001	0.001	0.001	0.997
0.001	0.001	0.001	0.997
0.001	0.001	0.818	0.180
0.155	0.001	0.843	0.001
0.001	0.712	0.156	0.131
0.001	0.001	0.001	0.997
0.888	0.110	0.001	0.001
0.001	0.001	0.001	0.997
0.155	0.001	0.843	0.001
0.001	0.001	0.997	0.001
0.001	0.001	0.001	0.997
0.001	0.001	0.997	0.001
>TGATAAAGACTA	10-TGATAAAGACTA	13.147130	-23.214428	0	T:11.0(3.85%),B:86.1(0.21%),P:1e-10	Tpos:672.0,Tstd:300.6,Bpos:486.3,Bstd:323.8,StrandBias:0.8,Multiplicity:1.00
0.001	0.001	0.001	0.997
0.001	0.001	0.850	0.148
0.997	0.001	0.001	0.001
0.001	0.001	0.001	0.997
0.901	0.001	0.097	0.001
0.997	0.001	0.001	0.001
0.997	0.001	0.001	0.001
0.202	0.085	0.712	0.001
0.997	0.001	0.001	0.001
0.074	0.924	0.001	0.001
0.001	0.001	0.116	0.882
0.874	0.124	0.001	0.001
>TGACGTTGTGTA	11-TGACGTTGTGTA	13.271141	-22.150120	0	T:8.0(2.80%),B:31.1(0.08%),P:1e-9	Tpos:620.6,Tstd:265.3,Bpos:469.4,Bstd:360.2,StrandBias:-1.6,Multiplicity:1.00
0.001	0.001	0.001	0.997
0.001	0.001	0.997	0.001
0.997	0.001	0.001	0.001
0.001	0.997	0.001	0.001
0.001	0.001	0.997	0.001
0.180	0.001	0.001	0.818
0.001	0.001	0.001	0.997
0.001	0.001	0.915	0.083
0.001	0.001	0.001	0.997
0.155	0.001	0.843	0.001
0.111	0.001	0.156	0.732
0.843	0.001	0.155	0.001
>CATTTCCTGTTA	12-CATTTCCTGTTA	9.183187	-20.897690	0	T:11.0(3.85%),B:109.9(0.27%),P:1e-9	Tpos:436.5,Tstd:267.0,Bpos:528.8,Bstd:325.6,StrandBias:-0.8,Multiplicity:1.00
0.001	0.997	0.001	0.001
0.997	0.001	0.001	0.001
0.001	0.001	0.001	0.997
0.001	0.001	0.001	0.997
0.001	0.001	0.001	0.997
0.001	0.997	0.001	0.001
0.001	0.767	0.231	0.001
0.001	0.001	0.228	0.770
0.001	0.001	0.774	0.224
0.001	0.001	0.001	0.997
0.001	0.001	0.001	0.997
0.997	0.001	0.001	0.001
>CAAGCGTTTTCA	13-CAAGCGTTTTCA	13.503229	-20.259298	0	T:7.0(2.45%),B:25.0(0.06%),P:1e-8	Tpos:600.3,Tstd:241.6,Bpos:444.4,Bstd:280.1,StrandBias:-0.4,Multiplicity:1.00
0.001	0.997	0.001	0.001
0.808	0.001	0.190	0.001
0.700	0.001	0.001	0.298
0.001	0.001	0.997	0.001
0.335	0.521	0.001	0.143
0.094	0.123	0.782	0.001
0.001	0.149	0.001	0.849
0.001	0.001	0.001	0.997
0.227	0.001	0.169	0.603
0.001	0.001	0.001	0.997
0.001	0.997	0.001	0.001
0.997	0.001	0.001	0.001
>ATAGACATTTGG	14-ATAGACATTTGG	13.094221	-19.274979	0	T:9.0(3.15%),B:70.4(0.17%),P:1e-8	Tpos:590.4,Tstd:225.8,Bpos:459.1,Bstd:338.0,StrandBias:-1.0,Multiplicity:1.00
0.997	0.001	0.001	0.001
0.001	0.001	0.118	0.880
0.997	0.001	0.001	0.001
0.062	0.118	0.819	0.001
0.906	0.001	0.001	0.092
0.055	0.943	0.001	0.001
0.997	0.001	0.001	0.001
0.001	0.001	0.001	0.997
0.001	0.102	0.001	0.896
0.001	0.001	0.001	0.997
0.080	0.086	0.786	0.048
0.102	0.001	0.896	0.001
>CAACCAGTCAAC	15-CAACCAGTCAAC	13.097283	-17.898208	0	T:8.0(2.80%),B:57.7(0.14%),P:1e-7	Tpos:354.7,Tstd:287.4,Bpos:433.0,Bstd:276.6,StrandBias:1.0,Multiplicity:1.12
0.001	0.997	0.001	0.001
0.997	0.001	0.001	0.001
0.997	0.001	0.001	0.001
0.001	0.924	0.001	0.074
0.150	0.758	0.091	0.001
0.825	0.001	0.173	0.001
0.085	0.001	0.913	0.001
0.001	0.149	0.001	0.849
0.001	0.997	0.001	0.001
0.997	0.001	0.001	0.001
0.825	0.001	0.001	0.173
0.001	0.997	0.001	0.001
>AACTTTTCAATS	16-AACTTTTCAATS	11.415513	-17.728885	0	T:43.0(15.03%),B:2411.9(5.87%),P:1e-7	Tpos:489.4,Tstd:291.3,Bpos:499.3,Bstd:298.7,StrandBias:0.3,Multiplicity:1.15
0.997	0.001	0.001	0.001
0.997	0.001	0.001	0.001
0.071	0.860	0.001	0.068
0.072	0.001	0.001	0.926
0.001	0.001	0.216	0.782
0.001	0.001	0.001	0.997
0.001	0.001	0.178	0.820
0.001	0.702	0.001	0.296
0.997	0.001	0.001	0.001
0.997	0.001	0.001	0.001
0.212	0.190	0.088	0.510
0.168	0.385	0.274	0.174
>AATATGATGTAA	17-AATATGATGTAA	9.581082	-15.695942	0	T:33.0(11.54%),B:1694.9(4.12%),P:1e-6	Tpos:536.9,Tstd:271.0,Bpos:515.7,Bstd:304.5,StrandBias:-0.4,Multiplicity:1.06
0.700	0.105	0.067	0.128
0.914	0.084	0.001	0.001
0.152	0.001	0.036	0.811
0.908	0.033	0.033	0.026
0.027	0.201	0.001	0.771
0.001	0.075	0.923	0.001
0.919	0.001	0.001	0.079
0.001	0.078	0.150	0.771
0.030	0.046	0.893	0.031
0.001	0.087	0.176	0.736
0.885	0.053	0.001	0.061
0.787	0.119	0.026	0.068
>TTGAGCAGCCGA	18-TTGAGCAGCCGA	13.005572	-10.220942	0	T:5.0(1.75%),B:49.7(0.12%),P:1e-4	Tpos:373.6,Tstd:185.2,Bpos:422.4,Bstd:306.7,StrandBias:2.1,Multiplicity:3.20
0.001	0.001	0.001	0.997
0.001	0.001	0.001	0.997
0.001	0.001	0.809	0.189
0.997	0.001	0.001	0.001
0.175	0.001	0.823	0.001
0.001	0.613	0.001	0.385
0.997	0.001	0.001	0.001
0.001	0.001	0.997	0.001
0.001	0.997	0.001	0.001
0.149	0.641	0.209	0.001
0.001	0.208	0.790	0.001
0.790	0.001	0.001	0.208
>VAWAACYTTTTA	19-VAWAACYTTTTA	10.171131	-9.977225	0	T:11.0(3.85%),B:348.4(0.85%),P:1e-4	Tpos:465.2,Tstd:277.5,Bpos:513.0,Bstd:316.9,StrandBias:1.3,Multiplicity:1.91
0.300	0.405	0.275	0.020
0.527	0.266	0.059	0.148
0.492	0.061	0.035	0.413
0.567	0.017	0.009	0.407
0.852	0.068	0.025	0.055
0.046	0.508	0.128	0.318
0.055	0.514	0.062	0.369
0.059	0.056	0.058	0.827
0.033	0.036	0.059	0.872
0.013	0.034	0.222	0.731
0.028	0.198	0.281	0.493
0.794	0.067	0.056	0.083
>CCGGGWGGCTAT	20-CCGGGWGGCTAT	13.425925	-8.171262	0	T:2.0(0.70%),B:2.3(0.01%),P:1e-3	Tpos:367.5,Tstd:97.0,Bpos:783.7,Bstd:12.8,StrandBias:10.0,Multiplicity:5.50
0.001	0.997	0.001	0.001
0.001	0.997	0.001	0.001
0.098	0.001	0.803	0.098
0.001	0.001	0.997	0.001
0.001	0.001	0.997	0.001
0.458	0.001	0.001	0.540
0.001	0.114	0.884	0.001
0.001	0.001	0.997	0.001
0.001	0.997	0.001	0.001
0.001	0.001	0.001	0.997
0.997	0.001	0.001	0.001
0.001	0.114	0.001	0.884
>ACCAACTTTAGC	21-ACCAACTTTAGC	13.701424	-7.077851	0	T:3.0(1.05%),B:24.9(0.06%),P:1e-3	Tpos:527.0,Tstd:148.1,Bpos:429.0,Bstd:222.7,StrandBias:2.0,Multiplicity:1.67
0.703	0.104	0.192	0.001
0.001	0.849	0.149	0.001
0.001	0.997	0.001	0.001
0.997	0.001	0.001	0.001
0.997	0.001	0.001	0.001
0.001	0.890	0.108	0.001
0.001	0.001	0.001	0.997
0.001	0.001	0.001	0.997
0.001	0.001	0.001	0.997
0.868	0.001	0.130	0.001
0.001	0.117	0.881	0.001
0.108	0.890	0.001	0.001
>TTAAATTTATAT	22-TTAAATTTATAT	9.694726	-6.192368	0	T:6.0(2.10%),B:182.3(0.44%),P:1e-2	Tpos:379.5,Tstd:186.8,Bpos:496.9,Bstd:296.2,StrandBias:-0.5,Multiplicity:2.00
0.001	0.001	0.001	0.997
0.001	0.001	0.001	0.997
0.997	0.001	0.001	0.001
0.997	0.001	0.001	0.001
0.997	0.001	0.001	0.001
0.001	0.106	0.001	0.892
0.001	0.001	0.001	0.997
0.001	0.001	0.001	0.997
0.997	0.001	0.001	0.001
0.001	0.001	0.001	0.997
0.997	0.001	0.001	0.001
0.001	0.001	0.001	0.997
>ATTTTTCGTGTA	23-ATTTTTCGTGTA	13.544874	-4.217221	0	T:3.0(1.05%),B:71.7(0.17%),P:1e-1	Tpos:455.1,Tstd:158.6,Bpos:455.6,Bstd:241.6,StrandBias:-10.0,Multiplicity:7.33
0.997	0.001	0.001	0.001
0.001	0.001	0.001	0.997
0.001	0.001	0.001	0.997
0.001	0.001	0.001	0.997
0.001	0.001	0.001	0.997
0.001	0.001	0.001	0.997
0.001	0.997	0.001	0.001
0.001	0.001	0.997	0.001
0.001	0.001	0.001	0.997
0.001	0.001	0.997	0.001
0.001	0.001	0.001	0.997
0.904	0.047	0.048	0.001
>ATGTGCACTGGT	24-ATGTGCACTGGT	12.355432	-3.883468	0	T:1.0(0.35%),B:3.0(0.01%),P:1e-1	Tpos:310.0,Tstd:186.6,Bpos:195.9,Bstd:85.8,StrandBias:10.0,Multiplicity:11.00
0.700	0.100	0.100	0.100
0.100	0.100	0.100	0.700
0.100	0.100	0.700	0.100
0.100	0.100	0.100	0.700
0.100	0.100	0.700	0.100
0.100	0.700	0.100	0.100
0.700	0.100	0.100	0.100
0.100	0.700	0.100	0.100
0.100	0.100	0.100	0.700
0.100	0.100	0.700	0.100
0.100	0.100	0.700	0.100
0.100	0.100	0.100	0.700
>CTGAGAATTATG	25-CTGAGAATTATG	12.355432	-3.049906	0	T:1.0(0.35%),B:6.9(0.02%),P:1e-1	Tpos:339.0,Tstd:186.6,Bpos:364.4,Bstd:297.4,StrandBias:10.0,Multiplicity:11.00
0.100	0.700	0.100	0.100
0.100	0.100	0.100	0.700
0.100	0.100	0.700	0.100
0.700	0.100	0.100	0.100
0.100	0.100	0.700	0.100
0.700	0.100	0.100	0.100
0.700	0.100	0.100	0.100
0.100	0.100	0.100	0.700
0.100	0.100	0.100	0.700
0.700	0.100	0.100	0.100
0.100	0.100	0.100	0.700
0.100	0.100	0.700	0.100
>TGATAAGA	1-TGATAAGA	7.574332	-137.301835	0	T:186.0(65.03%),B:8269.8(20.11%),P:1e-59	Tpos:747.7,Tstd:243.0,Bpos:541.6,Bstd:324.8,StrandBias:-0.1,Multiplicity:1.45
0.001	0.001	0.001	0.997
0.001	0.001	0.997	0.001
0.997	0.001	0.001	0.001
0.001	0.001	0.001	0.997
0.997	0.001	0.001	0.001
0.997	0.001	0.001	0.001
0.001	0.123	0.875	0.001
0.752	0.001	0.246	0.001
>TGATAAGM	2-TGATAAGM	6.806280	-119.584794	0	T:212.0(74.13%),B:12362.2(30.06%),P:1e-51	Tpos:660.8,Tstd:275.7,Bpos:522.8,Bstd:320.7,StrandBias:-0.1,Multiplicity:1.13
0.204	0.273	0.090	0.433
0.025	0.037	0.937	0.001
0.882	0.008	0.001	0.109
0.001	0.110	0.001	0.888
0.620	0.139	0.146	0.095
0.904	0.001	0.074	0.021
0.151	0.001	0.782	0.066
0.253	0.378	0.157	0.212
>GCTGATAA	3-GCTGATAA	6.873992	-78.507076	0	T:169.0(59.09%),B:10131.7(24.64%),P:1e-34	Tpos:633.2,Tstd:294.9,Bpos:509.4,Bstd:316.1,StrandBias:-0.3,Multiplicity:1.44
0.047	0.001	0.951	0.001
0.001	0.659	0.339	0.001
0.001	0.141	0.001	0.857
0.001	0.182	0.816	0.001
0.713	0.285	0.001	0.001
0.001	0.001	0.001	0.997
0.997	0.001	0.001	0.001
0.961	0.001	0.037	0.001
>TCCGGAGT	4-TCCGGAGT	6.758457	-19.951590	0	T:72.0(25.17%),B:5043.8(12.27%),P:1e-8	Tpos:500.5,Tstd:269.2,Bpos:483.3,Bstd:304.7,StrandBias:-0.1,Multiplicity:1.07
0.116	0.001	0.057	0.826
0.001	0.997	0.001	0.001
0.001	0.826	0.074	0.099
0.110	0.196	0.680	0.014
0.001	0.001	0.997	0.001
0.945	0.039	0.015	0.001
0.001	0.048	0.770	0.181
0.035	0.001	0.015	0.949
>ACTAYAST	5-ACTAYAST	7.766979	-18.731149	0	T:75.0(26.22%),B:5515.0(13.41%),P:1e-8	Tpos:538.3,Tstd:277.3,Bpos:494.4,Bstd:313.2,StrandBias:0.1,Multiplicity:1.24
0.997	0.001	0.001	0.001
0.001	0.997	0.001	0.001
0.001	0.102	0.069	0.828
0.611	0.001	0.279	0.109
0.001	0.574	0.001	0.424
0.897	0.101	0.001	0.001
0.001	0.462	0.536	0.001
0.001	0.105	0.001	0.893
>CCCTGAAG	6-CCCTGAAG	6.255194	-18.510837	0	T:97.0(33.92%),B:8039.0(19.55%),P:1e-8	Tpos:481.4,Tstd:316.7,Bpos:492.4,Bstd:316.8,StrandBias:-0.1,Multiplicity:1.18
0.130	0.754	0.079	0.037
0.068	0.930	0.001	0.001
0.040	0.795	0.066	0.099
0.001	0.025	0.109	0.865
0.014	0.001	0.984	0.001
0.874	0.001	0.094	0.031
0.961	0.015	0.023	0.001
0.073	0.093	0.833	0.001
>TTGCCAGC	7-TTGCCAGC	7.243535	-15.678478	0	T:60.0(20.98%),B:4302.4(10.46%),P:1e-6	Tpos:504.9,Tstd:307.4,Bpos:498.0,Bstd:313.8,StrandBias:0.7,Multiplicity:1.14
0.001	0.001	0.001	0.997
0.001	0.001	0.040	0.958
0.001	0.001	0.997	0.001
0.001	0.997	0.001	0.001
0.001	0.870	0.053	0.076
0.836	0.001	0.001	0.162
0.131	0.001	0.867	0.001
0.001	0.854	0.144	0.001
>AACACGTG	8-AACACGTG	10.762525	-14.241419	0	T:22.0(7.69%),B:906.2(2.20%),P:1e-6	Tpos:688.6,Tstd:238.8,Bpos:531.7,Bstd:312.1,StrandBias:0.0,Multiplicity:1.05
0.857	0.141	0.001	0.001
0.997	0.001	0.001	0.001
0.001	0.997	0.001	0.001
0.997	0.001	0.001	0.001
0.001	0.997	0.001	0.001
0.001	0.001	0.997	0.001
0.142	0.001	0.001	0.856
0.001	0.001	0.997	0.001
>AATGGCAT	9-AATGGCAT	8.350346	-11.816352	0	T:44.0(15.38%),B:3123.6(7.60%),P:1e-5	Tpos:491.2,Tstd:247.0,Bpos:493.4,Bstd:308.1,StrandBias:-1.3,Multiplicity:1.11
0.834	0.114	0.001	0.051
0.997	0.001	0.001	0.001
0.001	0.001	0.119	0.879
0.001	0.205	0.793	0.001
0.164	0.001	0.834	0.001
0.001	0.840	0.058	0.101
0.997	0.001	0.001	0.001
0.001	0.001	0.381	0.617
>AGTCTCAR	10-AGTCTCAR	7.847238	-9.533102	0	T:50.0(17.48%),B:4100.2(9.97%),P:1e-4	Tpos:490.3,Tstd:262.6,Bpos:498.5,Bstd:314.5,StrandBias:-1.4,Multiplicity:1.28
0.893	0.001	0.105	0.001
0.001	0.001	0.881	0.117
0.001	0.001	0.001	0.997
0.001	0.997	0.001	0.001
0.001	0.001	0.001	0.997
0.001	0.997	0.001	0.001
0.719	0.001	0.279	0.001
0.472	0.001	0.526	0.001
>CAGAAATC	11-CAGAAATC	8.236954	-9.067063	0	T:34.0(11.89%),B:2446.7(5.95%),P:1e-3	Tpos:470.2,Tstd:300.7,Bpos:513.2,Bstd:317.2,StrandBias:-0.2,Multiplicity:1.09
0.100	0.700	0.100	0.100
0.700	0.100	0.100	0.100
0.100	0.100	0.700	0.100
0.700	0.100	0.100	0.100
0.700	0.100	0.100	0.100
0.700	0.100	0.100	0.100
0.100	0.100	0.100	0.700
0.100	0.700	0.100	0.100
>GTGSACTG	12-GTGSACTG	8.242787	-6.025325	0	T:26.0(9.09%),B:2035.4(4.95%),P:1e-2	Tpos:541.8,Tstd:265.0,Bpos:513.9,Bstd:323.1,StrandBias:1.2,Multiplicity:1.46
0.001	0.001	0.997	0.001
0.001	0.001	0.001	0.997
0.001	0.001	0.997	0.001
0.001	0.506	0.492	0.001
0.878	0.001	0.001	0.120
0.001	0.997	0.001	0.001
0.001	0.001	0.001	0.997
0.001	0.001	0.997	0.001
>CCGGGAGG	13-CCGGGAGG	8.327720	-5.577033	0	T:13.0(4.55%),B:780.1(1.90%),P:1e-2	Tpos:456.6,Tstd:233.3,Bpos:528.6,Bstd:332.0,StrandBias:-0.5,Multiplicity:1.85
0.001	0.997	0.001	0.001
0.001	0.997	0.001	0.001
0.001	0.128	0.870	0.001
0.001	0.093	0.905	0.001
0.001	0.206	0.792	0.001
0.997	0.001	0.001	0.001
0.001	0.001	0.997	0.001
0.001	0.001	0.997	0.001
>GTTACACG	14-GTTACACG	8.236954	-0.737016	0	T:3.0(1.05%),B:371.8(0.90%),P:1e0	Tpos:384.5,Tstd:152.1,Bpos:472.0,Bstd:294.1,StrandBias:3.3,Multiplicity:7.33
0.100	0.100	0.700	0.100
0.100	0.100	0.100	0.700
0.100	0.100	0.100	0.700
0.700	0.100	0.100	0.100
0.100	0.700	0.100	0.100
0.700	0.100	0.100	0.100
0.100	0.700	0.100	0.100
0.100	0.100	0.700	0.100
