>MKCCTTATCT	1-MKCCTTATCT	5.886007	-19.935043	0	T:20.0(37.74%),B:3156.2(8.09%),P:1e-8	Tpos:622.8,Tstd:326.5,Bpos:535.2,Bstd:317.8,StrandBias:-0.3,Multiplicity:1.05
0.486	0.512	0.001	0.001
0.001	0.011	0.513	0.475
0.001	0.969	0.001	0.029
0.001	0.997	0.001	0.001
0.001	0.001	0.001	0.997
0.001	0.001	0.001	0.997
0.995	0.003	0.001	0.001
0.045	0.001	0.001	0.953
0.355	0.593	0.048	0.004
0.001	0.001	0.131	0.867
>AATGATGACA	2-AATGATGACA	9.164465	-18.167469	0	T:17.0(32.08%),B:2437.5(6.25%),P:1e-7	Tpos:408.3,Tstd:294.0,Bpos:528.4,Bstd:320.1,StrandBias:0.0,Multiplicity:1.29
0.881	0.117	0.001	0.001
0.869	0.129	0.001	0.001
0.074	0.097	0.001	0.828
0.001	0.001	0.997	0.001
0.883	0.115	0.001	0.001
0.001	0.040	0.001	0.958
0.001	0.001	0.997	0.001
0.750	0.091	0.001	0.158
0.165	0.833	0.001	0.001
0.997	0.001	0.001	0.001
>AGTTCCCTAA	3-AGTTCCCTAA	10.555455	-17.547032	0	T:9.0(16.98%),B:493.2(1.26%),P:1e-7	Tpos:639.8,Tstd:296.0,Bpos:503.8,Bstd:303.2,StrandBias:0.3,Multiplicity:1.00
0.997	0.001	0.001	0.001
0.096	0.001	0.902	0.001
0.001	0.001	0.001	0.997
0.143	0.001	0.001	0.855
0.001	0.913	0.001	0.085
0.094	0.904	0.001	0.001
0.001	0.872	0.126	0.001
0.001	0.001	0.001	0.997
0.717	0.143	0.001	0.139
0.997	0.001	0.001	0.001
>TCGCACAAGA	4-TCGCACAAGA	10.863991	-16.165826	0	T:7.0(13.21%),B:269.1(0.69%),P:1e-7	Tpos:485.3,Tstd:255.6,Bpos:472.3,Bstd:300.1,StrandBias:-1.3,Multiplicity:1.00
0.155	0.001	0.001	0.843
0.001	0.903	0.001	0.095
0.001	0.126	0.773	0.100
0.001	0.997	0.001	0.001
0.851	0.001	0.001	0.147
0.001	0.997	0.001	0.001
0.997	0.001	0.001	0.001
0.997	0.001	0.001	0.001
0.073	0.001	0.781	0.145
0.997	0.001	0.001	0.001
>ATCACTATGA	5-ATCACTATGA	10.416667	-15.957876	0	T:12.0(22.64%),B:1273.3(3.27%),P:1e-6	Tpos:680.3,Tstd:197.8,Bpos:512.5,Bstd:320.7,StrandBias:-0.4,Multiplicity:1.17
0.997	0.001	0.001	0.001
0.001	0.001	0.126	0.872
0.090	0.908	0.001	0.001
0.906	0.001	0.001	0.092
0.072	0.846	0.001	0.081
0.001	0.001	0.001	0.997
0.693	0.123	0.112	0.072
0.001	0.001	0.001	0.997
0.001	0.097	0.901	0.001
0.997	0.001	0.001	0.001
>CTTCCTCACA	6-CTTCCTCACA	10.285140	-15.436746	0	T:8.0(15.09%),B:453.1(1.16%),P:1e-6	Tpos:430.4,Tstd:281.3,Bpos:519.8,Bstd:302.2,StrandBias:-1.6,Multiplicity:1.00
0.001	0.927	0.001	0.071
0.001	0.115	0.001	0.883
0.001	0.001	0.001	0.997
0.001	0.925	0.001	0.073
0.001	0.815	0.127	0.057
0.105	0.123	0.145	0.627
0.001	0.997	0.001	0.001
0.997	0.001	0.001	0.001
0.072	0.926	0.001	0.001
0.997	0.001	0.001	0.001
>ACTATAAAGC	7-ACTATAAAGC	10.659768	-15.274058	0	T:8.0(15.09%),B:463.1(1.19%),P:1e-6	Tpos:407.9,Tstd:278.3,Bpos:496.5,Bstd:303.7,StrandBias:0.0,Multiplicity:1.25
0.997	0.001	0.001	0.001
0.096	0.902	0.001	0.001
0.001	0.144	0.001	0.854
0.867	0.001	0.131	0.001
0.098	0.116	0.001	0.785
0.859	0.139	0.001	0.001
0.997	0.001	0.001	0.001
0.997	0.001	0.001	0.001
0.001	0.140	0.858	0.001
0.001	0.997	0.001	0.001
>ATACCTAAAC	8-ATACCTAAAC	10.296193	-14.564384	0	T:4.0(7.55%),B:42.7(0.11%),P:1e-6	Tpos:540.5,Tstd:218.6,Bpos:457.0,Bstd:355.2,StrandBias:1.6,Multiplicity:1.00
0.700	0.100	0.100	0.100
0.100	0.100	0.100	0.700
0.700	0.100	0.100	0.100
0.100	0.700	0.100	0.100
0.100	0.700	0.100	0.100
0.100	0.100	0.100	0.700
0.700	0.100	0.100	0.100
0.700	0.100	0.100	0.100
0.700	0.100	0.100	0.100
0.100	0.700	0.100	0.100
>CACTTTTCGC	9-CACTTTTCGC	11.727356	-13.979958	0	T:6.0(11.32%),B:231.1(0.59%),P:1e-6	Tpos:702.2,Tstd:172.7,Bpos:503.5,Bstd:320.0,StrandBias:2.3,Multiplicity:1.00
0.001	0.997	0.001	0.001
0.997	0.001	0.001	0.001
0.001	0.997	0.001	0.001
0.001	0.001	0.001	0.997
0.001	0.001	0.001	0.997
0.001	0.177	0.001	0.821
0.001	0.001	0.001	0.997
0.168	0.830	0.001	0.001
0.001	0.001	0.997	0.001
0.001	0.875	0.123	0.001
>CGTCGATGAA	10-CGTCGATGAA	10.601952	-12.229561	0	T:7.0(13.21%),B:491.1(1.26%),P:1e-5	Tpos:419.5,Tstd:259.0,Bpos:495.2,Bstd:308.1,StrandBias:0.6,Multiplicity:1.43
0.001	0.997	0.001	0.001
0.001	0.001	0.898	0.100
0.001	0.001	0.001	0.997
0.001	0.906	0.001	0.092
0.113	0.001	0.885	0.001
0.883	0.001	0.115	0.001
0.088	0.001	0.127	0.784
0.109	0.001	0.889	0.001
0.860	0.001	0.138	0.001
0.997	0.001	0.001	0.001
>CWKTGTTCTA	11-CWKTGTTCTA	9.913850	-11.655775	0	T:10.0(18.87%),B:1292.7(3.31%),P:1e-5	Tpos:452.8,Tstd:245.2,Bpos:515.4,Bstd:325.7,StrandBias:1.0,Multiplicity:1.20
0.001	0.816	0.182	0.001
0.534	0.001	0.001	0.464
0.111	0.002	0.483	0.403
0.001	0.001	0.001	0.997
0.001	0.134	0.864	0.001
0.001	0.001	0.001	0.997
0.001	0.001	0.001	0.997
0.001	0.809	0.001	0.189
0.001	0.118	0.001	0.880
0.740	0.258	0.001	0.001
>AKCACWGATA	12-AKCACWGATA	8.902669	-11.490438	0	T:10.0(18.87%),B:1317.3(3.38%),P:1e-4	Tpos:715.0,Tstd:228.2,Bpos:534.9,Bstd:314.4,StrandBias:0.5,Multiplicity:1.10
0.819	0.080	0.001	0.100
0.070	0.001	0.435	0.494
0.001	0.938	0.001	0.060
0.853	0.138	0.001	0.008
0.001	0.604	0.394	0.001
0.473	0.089	0.001	0.437
0.001	0.078	0.829	0.092
0.899	0.099	0.001	0.001
0.001	0.091	0.014	0.894
0.927	0.001	0.071	0.001
>AGATGCACAA	13-AGATGCACAA	10.296193	-10.921656	0	T:4.0(7.55%),B:110.2(0.28%),P:1e-4	Tpos:575.5,Tstd:248.6,Bpos:545.4,Bstd:307.7,StrandBias:1.6,Multiplicity:1.00
0.700	0.100	0.100	0.100
0.100	0.100	0.700	0.100
0.700	0.100	0.100	0.100
0.100	0.100	0.100	0.700
0.100	0.100	0.700	0.100
0.100	0.700	0.100	0.100
0.700	0.100	0.100	0.100
0.100	0.700	0.100	0.100
0.700	0.100	0.100	0.100
0.700	0.100	0.100	0.100
>TTCAAATACT	14-TTCAAATACT	11.164026	-10.531412	0	T:8.0(15.09%),B:889.0(2.28%),P:1e-4	Tpos:625.3,Tstd:205.3,Bpos:504.4,Bstd:314.9,StrandBias:-1.0,Multiplicity:1.12
0.001	0.001	0.001	0.997
0.001	0.111	0.001	0.887
0.001	0.997	0.001	0.001
0.873	0.001	0.001	0.125
0.997	0.001	0.001	0.001
0.997	0.001	0.001	0.001
0.001	0.001	0.097	0.901
0.912	0.001	0.001	0.086
0.001	0.997	0.001	0.001
0.001	0.001	0.001	0.997
>STGAACAAAG	15-STGAACAAAG	9.083655	-9.576837	0	T:16.0(30.19%),B:4080.6(10.46%),P:1e-4	Tpos:690.2,Tstd:272.5,Bpos:515.6,Bstd:319.2,StrandBias:-0.5,Multiplicity:1.19
0.021	0.511	0.406	0.062
0.004	0.023	0.325	0.648
0.023	0.235	0.644	0.098
0.866	0.072	0.061	0.001
0.925	0.041	0.001	0.033
0.272	0.693	0.034	0.001
0.909	0.061	0.001	0.029
0.814	0.001	0.115	0.070
0.938	0.023	0.035	0.004
0.145	0.001	0.714	0.140
>CAAATCATTA	16-CAAATCATTA	8.350283	-9.477660	0	T:19.0(35.85%),B:5566.4(14.27%),P:1e-4	Tpos:514.2,Tstd:269.5,Bpos:506.0,Bstd:314.5,StrandBias:0.5,Multiplicity:1.16
0.100	0.700	0.100	0.100
0.700	0.100	0.100	0.100
0.700	0.100	0.100	0.100
0.700	0.100	0.100	0.100
0.100	0.100	0.100	0.700
0.100	0.700	0.100	0.100
0.700	0.100	0.100	0.100
0.100	0.100	0.100	0.700
0.100	0.100	0.100	0.700
0.700	0.100	0.100	0.100
>ATTCCCAATA	17-ATTCCCAATA	11.040730	-5.811459	0	T:5.0(9.43%),B:720.1(1.85%),P:1e-2	Tpos:425.0,Tstd:252.8,Bpos:514.0,Bstd:302.1,StrandBias:-1.8,Multiplicity:1.80
0.997	0.001	0.001	0.001
0.400	0.001	0.001	0.598
0.001	0.001	0.001	0.997
0.001	0.997	0.001	0.001
0.001	0.829	0.001	0.169
0.001	0.601	0.001	0.397
0.997	0.001	0.001	0.001
0.997	0.001	0.001	0.001
0.001	0.001	0.001	0.997
0.997	0.001	0.001	0.001
>CTTTTTAAAT	18-CTTTTTAAAT	9.895029	-4.527380	0	T:20.0(37.74%),B:8934.5(22.91%),P:1e-1	Tpos:560.1,Tstd:236.7,Bpos:500.8,Bstd:298.0,StrandBias:-1.0,Multiplicity:1.80
0.416	0.582	0.001	0.001
0.001	0.001	0.195	0.803
0.001	0.001	0.001	0.997
0.001	0.231	0.001	0.767
0.079	0.001	0.324	0.596
0.001	0.001	0.232	0.766
0.997	0.001	0.001	0.001
0.822	0.001	0.001	0.176
0.997	0.001	0.001	0.001
0.001	0.071	0.001	0.927
>ACCAGTGCAC	19-ACCAGTGCAC	13.748163	-4.045340	0	T:1.0(1.89%),B:12.0(0.03%),P:1e-1	Tpos:274.0,Tstd:182.6,Bpos:356.4,Bstd:231.5,StrandBias:-10.0,Multiplicity:8.00
0.997	0.001	0.001	0.001
0.001	0.997	0.001	0.001
0.001	0.997	0.001	0.001
0.916	0.001	0.001	0.082
0.001	0.001	0.997	0.001
0.001	0.001	0.001	0.997
0.001	0.001	0.997	0.001
0.001	0.997	0.001	0.001
0.997	0.001	0.001	0.001
0.001	0.997	0.001	0.001
>CTCCTGGTAA	20-CTCCTGGTAA	10.296193	-3.525222	0	T:1.0(1.89%),B:21.1(0.05%),P:1e-1	Tpos:566.0,Tstd:102.9,Bpos:433.8,Bstd:351.8,StrandBias:10.0,Multiplicity:17.00
0.100	0.700	0.100	0.100
0.100	0.100	0.100	0.700
0.100	0.700	0.100	0.100
0.100	0.700	0.100	0.100
0.100	0.100	0.100	0.700
0.100	0.100	0.700	0.100
0.100	0.100	0.700	0.100
0.100	0.100	0.100	0.700
0.700	0.100	0.100	0.100
0.700	0.100	0.100	0.100
>TTAAACTGAG	21-TTAAACTGAG	6.404373	-2.656020	0	T:42.0(79.25%),B:26949.3(69.11%),P:1e-1	Tpos:531.7,Tstd:266.6,Bpos:511.3,Bstd:309.6,StrandBias:-0.1,Multiplicity:2.00
0.100	0.100	0.100	0.700
0.100	0.100	0.100	0.700
0.700	0.100	0.100	0.100
0.700	0.100	0.100	0.100
0.700	0.100	0.100	0.100
0.100	0.700	0.100	0.100
0.100	0.100	0.100	0.700
0.100	0.100	0.700	0.100
0.700	0.100	0.100	0.100
0.100	0.100	0.700	0.100
>TGAAACTCCA	22-TGAAACTCCA	10.296193	-1.990666	0	T:1.0(1.89%),B:107.9(0.28%),P:1e0	Tpos:246.3,Tstd:153.6,Bpos:527.2,Bstd:296.7,StrandBias:-10.0,Multiplicity:9.00
0.100	0.100	0.100	0.700
0.100	0.100	0.700	0.100
0.700	0.100	0.100	0.100
0.700	0.100	0.100	0.100
0.700	0.100	0.100	0.100
0.100	0.700	0.100	0.100
0.100	0.100	0.100	0.700
0.100	0.700	0.100	0.100
0.100	0.700	0.100	0.100
0.700	0.100	0.100	0.100
