>CGGGTCTCGCCA	1-CGGGTCTCGCCA,BestGuess:POL011.1_XCPE1/Jaspar(0.585)	8.179192	-26.399678	0	T:20.0(32.79%),B:1462.3(4.74%),P:1e-11
0.001	0.876	0.105	0.018
0.192	0.103	0.704	0.001
0.059	0.093	0.690	0.158
0.002	0.160	0.687	0.151
0.048	0.001	0.200	0.751
0.112	0.667	0.049	0.172
0.002	0.151	0.159	0.688
0.177	0.740	0.001	0.082
0.238	0.093	0.570	0.099
0.059	0.814	0.038	0.089
0.019	0.979	0.001	0.001
0.840	0.049	0.070	0.041
