>VAWAACYTTTTA	19-VAWAACYTTTTA	10.171131	-9.977225	0	T:11.0(3.85%),B:348.4(0.85%),P:1e-4
0.300	0.405	0.275	0.020
0.527	0.266	0.059	0.148
0.492	0.061	0.035	0.413
0.567	0.017	0.009	0.407
0.852	0.068	0.025	0.055
0.046	0.508	0.128	0.318
0.055	0.514	0.062	0.369
0.059	0.056	0.058	0.827
0.033	0.036	0.059	0.872
0.013	0.034	0.222	0.731
0.028	0.198	0.281	0.493
0.794	0.067	0.056	0.083
