>AAACTGATAAGA	1-AAACTGATAAGA	10.246718	-57.927812	0	T:69.0(34.16%),B:3319.7(7.99%),P:1e-25	Tpos:682.7,Tstd:280.8,Bpos:555.6,Bstd:328.7,StrandBias:0.0,Multiplicity:1.16
0.442	0.172	0.102	0.285
0.595	0.090	0.019	0.296
0.806	0.001	0.072	0.121
0.117	0.489	0.094	0.300
0.001	0.001	0.001	0.997
0.001	0.001	0.979	0.019
0.943	0.001	0.001	0.055
0.011	0.001	0.001	0.987
0.919	0.001	0.079	0.001
0.836	0.001	0.109	0.054
0.109	0.170	0.518	0.203
0.571	0.159	0.232	0.038
>TTGTAGTTTRTG	2-TTGTAGTTTRTG	10.401099	-54.052237	0	T:40.0(19.80%),B:1010.9(2.43%),P:1e-23	Tpos:605.9,Tstd:270.6,Bpos:505.8,Bstd:310.6,StrandBias:-0.3,Multiplicity:1.08
0.049	0.132	0.063	0.756
0.001	0.001	0.001	0.997
0.098	0.130	0.746	0.026
0.041	0.033	0.001	0.925
0.915	0.001	0.048	0.036
0.001	0.105	0.866	0.028
0.040	0.121	0.001	0.838
0.084	0.048	0.001	0.867
0.001	0.001	0.001	0.997
0.401	0.226	0.373	0.001
0.040	0.001	0.001	0.958
0.001	0.001	0.997	0.001
>TCKCTTTTTGCA	3-TCKCTTTTTGCA	13.043541	-28.131345	0	T:14.0(6.93%),B:175.4(0.42%),P:1e-12	Tpos:563.2,Tstd:338.9,Bpos:501.3,Bstd:336.2,StrandBias:0.8,Multiplicity:1.00
0.001	0.001	0.001	0.997
0.001	0.997	0.001	0.001
0.248	0.001	0.424	0.327
0.001	0.997	0.001	0.001
0.156	0.224	0.193	0.427
0.001	0.001	0.016	0.982
0.001	0.001	0.001	0.997
0.001	0.001	0.001	0.997
0.001	0.001	0.001	0.997
0.001	0.241	0.757	0.001
0.001	0.727	0.001	0.271
0.997	0.001	0.001	0.001
>TGATAAGGACTC	4-TGATAAGGACTC	13.313858	-26.882992	0	T:9.0(4.46%),B:40.5(0.10%),P:1e-11	Tpos:699.4,Tstd:250.9,Bpos:513.4,Bstd:309.6,StrandBias:0.3,Multiplicity:1.00
0.001	0.001	0.001	0.997
0.001	0.001	0.997	0.001
0.997	0.001	0.001	0.001
0.001	0.001	0.001	0.997
0.997	0.001	0.001	0.001
0.879	0.119	0.001	0.001
0.095	0.001	0.903	0.001
0.087	0.001	0.911	0.001
0.862	0.001	0.136	0.001
0.101	0.897	0.001	0.001
0.109	0.001	0.119	0.771
0.001	0.890	0.001	0.108
>ACKMATTTGTGT	5-ACKMATTTGTGT	11.185652	-26.621602	0	T:18.0(8.91%),B:398.9(0.96%),P:1e-11	Tpos:620.9,Tstd:283.1,Bpos:538.1,Bstd:338.1,StrandBias:0.3,Multiplicity:1.00
0.748	0.250	0.001	0.001
0.001	0.997	0.001	0.001
0.195	0.001	0.347	0.458
0.453	0.545	0.001	0.001
0.797	0.134	0.001	0.068
0.001	0.133	0.001	0.865
0.001	0.001	0.086	0.912
0.001	0.001	0.001	0.997
0.001	0.001	0.997	0.001
0.001	0.001	0.001	0.997
0.001	0.001	0.997	0.001
0.221	0.217	0.001	0.561
>CAAATGTGGTTT	6-CAAATGTGGTTT	12.140345	-26.067749	0	T:21.0(10.40%),B:604.6(1.46%),P:1e-11	Tpos:526.4,Tstd:277.3,Bpos:520.0,Bstd:310.3,StrandBias:-0.6,Multiplicity:1.05
0.213	0.706	0.080	0.001
0.997	0.001	0.001	0.001
0.997	0.001	0.001	0.001
0.903	0.001	0.001	0.095
0.001	0.001	0.001	0.997
0.001	0.001	0.936	0.062
0.001	0.001	0.001	0.997
0.267	0.001	0.731	0.001
0.001	0.001	0.919	0.079
0.095	0.001	0.001	0.903
0.001	0.001	0.001	0.997
0.001	0.001	0.001	0.997
>CTTAAAGTTTAA	7-CTTAAAGTTTAA	11.845272	-23.532684	0	T:15.0(7.43%),B:304.7(0.73%),P:1e-10	Tpos:329.5,Tstd:153.6,Bpos:489.1,Bstd:300.4,StrandBias:0.2,Multiplicity:1.07
0.001	0.997	0.001	0.001
0.057	0.001	0.001	0.941
0.001	0.001	0.049	0.949
0.852	0.070	0.001	0.077
0.852	0.146	0.001	0.001
0.886	0.001	0.001	0.112
0.001	0.063	0.935	0.001
0.001	0.001	0.001	0.997
0.001	0.001	0.001	0.997
0.001	0.140	0.001	0.858
0.885	0.061	0.001	0.053
0.997	0.001	0.001	0.001
>TTTATATAAAAC	8-TTTATATAAAAC	11.531237	-22.948936	0	T:21.0(10.40%),B:719.8(1.73%),P:1e-9	Tpos:589.3,Tstd:296.3,Bpos:542.3,Bstd:320.0,StrandBias:0.1,Multiplicity:1.00
0.001	0.001	0.001	0.997
0.001	0.001	0.001	0.997
0.082	0.064	0.001	0.853
0.790	0.140	0.069	0.001
0.001	0.001	0.001	0.997
0.997	0.001	0.001	0.001
0.035	0.001	0.001	0.963
0.941	0.001	0.057	0.001
0.884	0.001	0.114	0.001
0.918	0.001	0.001	0.080
0.907	0.091	0.001	0.001
0.032	0.793	0.069	0.106
>TTACGGTTTACG	9-TTACGGTTTACG	13.802320	-21.904926	0	T:6.0(2.97%),B:13.1(0.03%),P:1e-9	Tpos:366.8,Tstd:255.4,Bpos:552.2,Bstd:339.9,StrandBias:1.0,Multiplicity:1.00
0.001	0.001	0.187	0.811
0.001	0.187	0.001	0.811
0.997	0.001	0.001	0.001
0.001	0.997	0.001	0.001
0.001	0.001	0.997	0.001
0.001	0.001	0.835	0.163
0.163	0.001	0.001	0.835
0.001	0.001	0.001	0.997
0.001	0.001	0.001	0.997
0.867	0.001	0.001	0.131
0.001	0.997	0.001	0.001
0.001	0.001	0.997	0.001
>CTTGATTATTAC	10-CTTGATTATTAC	13.514706	-21.213803	0	T:9.0(4.46%),B:82.0(0.20%),P:1e-9	Tpos:606.0,Tstd:342.8,Bpos:521.5,Bstd:296.8,StrandBias:1.8,Multiplicity:1.00
0.099	0.794	0.001	0.106
0.001	0.001	0.001	0.997
0.001	0.001	0.001	0.997
0.001	0.001	0.877	0.121
0.997	0.001	0.001	0.001
0.129	0.001	0.001	0.869
0.001	0.001	0.001	0.997
0.997	0.001	0.001	0.001
0.001	0.001	0.001	0.997
0.001	0.001	0.001	0.997
0.599	0.292	0.001	0.108
0.001	0.997	0.001	0.001
>CACAAACAACAS	11-CACAAACAACAS	10.859846	-20.863082	0	T:21.0(10.40%),B:810.8(1.95%),P:1e-9	Tpos:517.8,Tstd:302.1,Bpos:510.0,Bstd:322.4,StrandBias:-0.6,Multiplicity:1.00
0.001	0.620	0.148	0.231
0.997	0.001	0.001	0.001
0.044	0.954	0.001	0.001
0.997	0.001	0.001	0.001
0.997	0.001	0.001	0.001
0.997	0.001	0.001	0.001
0.001	0.798	0.200	0.001
0.536	0.268	0.001	0.195
0.792	0.001	0.135	0.072
0.091	0.907	0.001	0.001
0.815	0.001	0.001	0.183
0.001	0.454	0.382	0.163
>ATCAAGCAGGAG	12-ATCAAGCAGGAG	12.783075	-20.593048	0	T:5.0(2.48%),B:6.8(0.02%),P:1e-8	Tpos:406.4,Tstd:352.9,Bpos:543.7,Bstd:227.9,StrandBias:0.6,Multiplicity:1.00
0.997	0.001	0.001	0.001
0.001	0.001	0.001	0.997
0.001	0.997	0.001	0.001
0.873	0.125	0.001	0.001
0.997	0.001	0.001	0.001
0.001	0.001	0.997	0.001
0.001	0.997	0.001	0.001
0.997	0.001	0.001	0.001
0.001	0.001	0.997	0.001
0.175	0.001	0.823	0.001
0.997	0.001	0.001	0.001
0.001	0.001	0.997	0.001
>GTATAAAAAGAA	13-GTATAAAAAGAA	12.710345	-20.244150	0	T:12.0(5.94%),B:218.7(0.53%),P:1e-8	Tpos:677.1,Tstd:334.1,Bpos:564.2,Bstd:353.2,StrandBias:10.0,Multiplicity:1.00
0.001	0.073	0.925	0.001
0.034	0.072	0.064	0.830
0.927	0.001	0.071	0.001
0.037	0.001	0.035	0.927
0.923	0.001	0.001	0.075
0.935	0.001	0.001	0.063
0.997	0.001	0.001	0.001
0.997	0.001	0.001	0.001
0.906	0.092	0.001	0.001
0.048	0.039	0.876	0.037
0.925	0.073	0.001	0.001
0.867	0.001	0.065	0.067
>AAAAATTGCCAA	14-AAAAATTGCCAA	12.032818	-19.759602	0	T:31.0(15.35%),B:1852.8(4.46%),P:1e-8	Tpos:389.3,Tstd:283.3,Bpos:494.7,Bstd:296.3,StrandBias:-0.2,Multiplicity:1.10
0.944	0.001	0.054	0.001
0.923	0.001	0.075	0.001
0.919	0.079	0.001	0.001
0.997	0.001	0.001	0.001
0.957	0.001	0.001	0.041
0.030	0.043	0.001	0.926
0.001	0.001	0.001	0.997
0.032	0.001	0.966	0.001
0.001	0.931	0.067	0.001
0.257	0.677	0.031	0.035
0.861	0.073	0.001	0.065
0.946	0.001	0.001	0.052
>TTTTGTCATCAA	15-TTTTGTCATCAA	12.367784	-19.605403	0	T:18.0(8.91%),B:625.8(1.51%),P:1e-8	Tpos:582.8,Tstd:348.9,Bpos:533.7,Bstd:303.7,StrandBias:-0.2,Multiplicity:1.06
0.001	0.095	0.001	0.903
0.084	0.001	0.001	0.914
0.001	0.001	0.001	0.997
0.001	0.001	0.001	0.997
0.040	0.034	0.855	0.071
0.001	0.001	0.084	0.914
0.001	0.997	0.001	0.001
0.950	0.001	0.001	0.048
0.001	0.001	0.001	0.997
0.193	0.739	0.001	0.067
0.885	0.113	0.001	0.001
0.890	0.069	0.001	0.040
>CGTCTTCAGGTC	16-CGTCTTCAGGTC	11.306794	-19.477050	0	T:11.0(5.45%),B:184.1(0.44%),P:1e-8	Tpos:486.7,Tstd:282.3,Bpos:462.6,Bstd:331.8,StrandBias:2.2,Multiplicity:1.00
0.001	0.887	0.001	0.111
0.269	0.001	0.623	0.107
0.001	0.001	0.001	0.997
0.001	0.997	0.001	0.001
0.001	0.174	0.001	0.824
0.001	0.174	0.129	0.696
0.001	0.997	0.001	0.001
0.824	0.001	0.001	0.174
0.229	0.139	0.631	0.001
0.001	0.174	0.566	0.259
0.001	0.001	0.001	0.997
0.001	0.997	0.001	0.001
>CGCAAWAGGCAG	17-CGCAAWAGGCAG	12.038940	-18.360676	0	T:7.0(3.47%),B:49.4(0.12%),P:1e-7	Tpos:403.1,Tstd:267.9,Bpos:514.0,Bstd:269.4,StrandBias:1.8,Multiplicity:1.29
0.001	0.997	0.001	0.001
0.182	0.001	0.816	0.001
0.141	0.857	0.001	0.001
0.997	0.001	0.001	0.001
0.997	0.001	0.001	0.001
0.325	0.001	0.230	0.444
0.997	0.001	0.001	0.001
0.001	0.001	0.597	0.401
0.001	0.230	0.768	0.001
0.001	0.997	0.001	0.001
0.599	0.200	0.001	0.200
0.001	0.001	0.997	0.001
>ACGTTTAGCTCC	18-ACGTTTAGCTCC	13.887359	-16.008043	0	T:3.0(1.49%),B:0.0(0.00%),P:1e-6	Tpos:292.5,Tstd:199.9,Bpos:0.0,Bstd:0.0,StrandBias:2.2,Multiplicity:3.67
0.997	0.001	0.001	0.001
0.094	0.904	0.001	0.001
0.001	0.001	0.997	0.001
0.001	0.001	0.001	0.997
0.094	0.001	0.001	0.904
0.001	0.001	0.001	0.997
0.997	0.001	0.001	0.001
0.075	0.001	0.854	0.070
0.094	0.904	0.001	0.001
0.001	0.001	0.001	0.997
0.001	0.997	0.001	0.001
0.001	0.997	0.001	0.001
>CGCGTTSGKCWS	19-CGCGTTSGKCWS	13.816679	-14.815918	0	T:4.0(1.98%),B:9.7(0.02%),P:1e-6	Tpos:486.8,Tstd:258.2,Bpos:459.8,Bstd:132.0,StrandBias:1.0,Multiplicity:1.50
0.001	0.997	0.001	0.001
0.001	0.001	0.997	0.001
0.001	0.997	0.001	0.001
0.001	0.001	0.997	0.001
0.001	0.001	0.001	0.997
0.001	0.001	0.001	0.997
0.001	0.541	0.457	0.001
0.001	0.001	0.997	0.001
0.001	0.001	0.541	0.457
0.001	0.997	0.001	0.001
0.457	0.001	0.001	0.541
0.001	0.457	0.541	0.001
>GCAGGTGGTTCG	20-GCAGGTGGTTCG	9.825715	-13.148417	0	T:4.0(1.98%),B:15.7(0.04%),P:1e-5	Tpos:294.7,Tstd:177.5,Bpos:414.1,Bstd:264.1,StrandBias:0.0,Multiplicity:1.50
0.001	0.001	0.997	0.001
0.001	0.823	0.001	0.175
0.823	0.001	0.001	0.175
0.001	0.001	0.961	0.037
0.001	0.001	0.997	0.001
0.001	0.001	0.001	0.997
0.001	0.001	0.997	0.001
0.001	0.001	0.997	0.001
0.001	0.001	0.001	0.997
0.001	0.001	0.001	0.997
0.001	0.997	0.001	0.001
0.001	0.001	0.997	0.001
>CGTGCTTCCGTG	21-CGTGCTTCCGTG	15.175365	-13.023054	0	T:3.0(1.49%),B:3.3(0.01%),P:1e-5	Tpos:422.8,Tstd:213.1,Bpos:384.3,Bstd:304.5,StrandBias:0.6,Multiplicity:1.67
0.001	0.997	0.001	0.001
0.001	0.001	0.997	0.001
0.001	0.001	0.001	0.997
0.001	0.001	0.997	0.001
0.001	0.997	0.001	0.001
0.240	0.001	0.001	0.758
0.001	0.001	0.001	0.997
0.001	0.997	0.001	0.001
0.001	0.997	0.001	0.001
0.001	0.001	0.997	0.001
0.001	0.001	0.001	0.997
0.001	0.001	0.997	0.001
>CGGCMGTTTAAA	22-CGGCMGTTTAAA	11.766084	-11.730847	0	T:7.0(3.47%),B:140.0(0.34%),P:1e-5	Tpos:268.1,Tstd:161.7,Bpos:509.1,Bstd:307.7,StrandBias:1.6,Multiplicity:1.14
0.198	0.800	0.001	0.001
0.001	0.001	0.997	0.001
0.216	0.001	0.782	0.001
0.198	0.584	0.217	0.001
0.339	0.462	0.198	0.001
0.001	0.001	0.997	0.001
0.001	0.001	0.001	0.997
0.184	0.001	0.001	0.814
0.001	0.153	0.001	0.845
0.800	0.001	0.001	0.198
0.997	0.001	0.001	0.001
0.997	0.001	0.001	0.001
>CTCAGCCAATCA	23-CTCAGCCAATCA	13.742913	-11.598706	0	T:3.0(1.49%),B:6.4(0.02%),P:1e-5	Tpos:244.6,Tstd:115.4,Bpos:448.6,Bstd:347.9,StrandBias:10.0,Multiplicity:4.33
0.001	0.997	0.001	0.001
0.001	0.001	0.001	0.997
0.001	0.997	0.001	0.001
0.997	0.001	0.001	0.001
0.001	0.001	0.997	0.001
0.067	0.931	0.001	0.001
0.001	0.997	0.001	0.001
0.997	0.001	0.001	0.001
0.913	0.001	0.001	0.085
0.001	0.001	0.001	0.997
0.001	0.997	0.001	0.001
0.931	0.001	0.067	0.001
>AGCCCACTCGAG	24-AGCCCACTCGAG	13.262860	-9.726610	0	T:3.0(1.49%),B:13.9(0.03%),P:1e-4	Tpos:429.8,Tstd:243.1,Bpos:467.9,Bstd:239.3,StrandBias:-0.6,Multiplicity:1.67
0.997	0.001	0.001	0.001
0.001	0.001	0.997	0.001
0.001	0.997	0.001	0.001
0.001	0.997	0.001	0.001
0.001	0.997	0.001	0.001
0.997	0.001	0.001	0.001
0.001	0.997	0.001	0.001
0.001	0.188	0.001	0.810
0.001	0.997	0.001	0.001
0.001	0.001	0.997	0.001
0.810	0.001	0.188	0.001
0.001	0.001	0.997	0.001
>TCTATTTTTTGG	25-TCTATTTTTTGG	16.445828	-4.617313	0	T:2.0(0.99%),B:29.2(0.07%),P:1e-2	Tpos:120.7,Tstd:75.4,Bpos:476.4,Bstd:286.0,StrandBias:2.3,Multiplicity:3.00
0.001	0.001	0.001	0.997
0.001	0.997	0.001	0.001
0.001	0.001	0.001	0.997
0.997	0.001	0.001	0.001
0.001	0.001	0.001	0.997
0.001	0.001	0.001	0.997
0.001	0.001	0.001	0.997
0.001	0.001	0.001	0.997
0.001	0.001	0.001	0.997
0.001	0.143	0.001	0.855
0.001	0.001	0.997	0.001
0.001	0.001	0.997	0.001
