>TGATAAGR	1-TGATAAGR	5.491197	-53.876817	0	T:124.0(61.39%),B:11287.8(27.17%),P:1e-23	Tpos:673.2,Tstd:263.4,Bpos:541.5,Bstd:323.4,StrandBias:-0.2,Multiplicity:1.43
0.333	0.166	0.001	0.500
0.001	0.001	0.997	0.001
0.997	0.001	0.001	0.001
0.001	0.001	0.001	0.997
0.997	0.001	0.001	0.001
0.997	0.001	0.001	0.001
0.001	0.017	0.981	0.001
0.556	0.001	0.442	0.001
>ACTGATAA	2-ACTGATAA	10.882993	-44.579098	0	T:66.0(32.67%),B:3870.3(9.32%),P:1e-19	Tpos:701.7,Tstd:269.9,Bpos:553.0,Bstd:325.5,StrandBias:0.0,Multiplicity:1.20
0.830	0.001	0.168	0.001
0.001	0.997	0.001	0.001
0.001	0.001	0.001	0.997
0.001	0.001	0.997	0.001
0.997	0.001	0.001	0.001
0.001	0.001	0.001	0.997
0.997	0.001	0.001	0.001
0.997	0.001	0.001	0.001
>CACAAACT	3-CACAAACT	9.202530	-23.441215	0	T:64.0(31.68%),B:5723.7(13.78%),P:1e-10	Tpos:579.6,Tstd:297.1,Bpos:505.6,Bstd:321.6,StrandBias:0.2,Multiplicity:1.21
0.001	0.997	0.001	0.001
0.997	0.001	0.001	0.001
0.001	0.759	0.239	0.001
0.997	0.001	0.001	0.001
0.997	0.001	0.001	0.001
0.997	0.001	0.001	0.001
0.001	0.997	0.001	0.001
0.108	0.246	0.001	0.645
>TGGTMGMT	4-TGGTMGMT	7.739055	-15.053516	0	T:50.0(24.75%),B:4902.2(11.80%),P:1e-6	Tpos:492.7,Tstd:285.9,Bpos:494.4,Bstd:311.6,StrandBias:-0.4,Multiplicity:1.10
0.111	0.001	0.001	0.887
0.001	0.001	0.687	0.311
0.001	0.001	0.997	0.001
0.001	0.001	0.001	0.997
0.487	0.511	0.001	0.001
0.001	0.001	0.813	0.185
0.534	0.462	0.001	0.003
0.001	0.367	0.056	0.576
>AGGCCTTT	5-AGGCCTTT	8.304517	-14.947946	0	T:17.0(8.42%),B:766.7(1.85%),P:1e-6	Tpos:577.0,Tstd:365.7,Bpos:482.8,Bstd:289.1,StrandBias:1.1,Multiplicity:1.12
0.997	0.001	0.001	0.001
0.001	0.001	0.997	0.001
0.001	0.001	0.997	0.001
0.001	0.997	0.001	0.001
0.001	0.997	0.001	0.001
0.001	0.089	0.001	0.909
0.272	0.001	0.001	0.726
0.029	0.001	0.001	0.969
>AGTGCAGT	6-AGTGCAGT	7.448522	-12.857040	0	T:74.0(36.63%),B:9241.0(22.24%),P:1e-5	Tpos:516.1,Tstd:276.4,Bpos:502.6,Bstd:317.4,StrandBias:-0.4,Multiplicity:1.23
0.888	0.009	0.015	0.088
0.035	0.001	0.963	0.001
0.045	0.001	0.012	0.942
0.143	0.012	0.701	0.144
0.060	0.727	0.154	0.059
0.980	0.009	0.010	0.001
0.090	0.001	0.824	0.085
0.001	0.001	0.024	0.974
>AGCTAAAT	7-AGCTAAAT	8.020811	-6.723287	0	T:33.0(16.34%),B:3884.4(9.35%),P:1e-2	Tpos:479.7,Tstd:247.1,Bpos:490.2,Bstd:310.3,StrandBias:-0.8,Multiplicity:1.33
0.997	0.001	0.001	0.001
0.001	0.113	0.885	0.001
0.001	0.997	0.001	0.001
0.001	0.001	0.001	0.997
0.997	0.001	0.001	0.001
0.587	0.001	0.001	0.411
0.580	0.418	0.001	0.001
0.001	0.156	0.001	0.842
>TGATTGGC	8-TGATTGGC	9.074222	-4.772374	0	T:14.0(6.93%),B:1384.7(3.33%),P:1e-2	Tpos:355.9,Tstd:250.4,Bpos:478.1,Bstd:312.2,StrandBias:-0.7,Multiplicity:1.86
0.001	0.136	0.001	0.862
0.001	0.001	0.997	0.001
0.997	0.001	0.001	0.001
0.001	0.001	0.001	0.997
0.001	0.001	0.001	0.997
0.001	0.001	0.997	0.001
0.001	0.001	0.997	0.001
0.001	0.997	0.001	0.001
>ATAGGCSG	9-ATAGGCSG	7.439147	-4.547159	0	T:18.0(8.91%),B:2024.0(4.87%),P:1e-1	Tpos:340.8,Tstd:246.0,Bpos:507.4,Bstd:315.1,StrandBias:-2.1,Multiplicity:1.78
0.997	0.001	0.001	0.001
0.001	0.001	0.001	0.997
0.939	0.059	0.001	0.001
0.001	0.001	0.997	0.001
0.001	0.001	0.997	0.001
0.001	0.997	0.001	0.001
0.135	0.324	0.448	0.093
0.001	0.001	0.997	0.001
