>YCTTATCAGT	1-YCTTATCAGT	8.127559	-53.987305	0	T:98.0(48.51%),B:7194.2(17.32%),P:1e-23	Tpos:698.5,Tstd:261.7,Bpos:544.2,Bstd:328.1,StrandBias:0.1,Multiplicity:1.43
0.001	0.407	0.167	0.425
0.105	0.428	0.237	0.230
0.007	0.113	0.074	0.806
0.001	0.009	0.046	0.944
0.997	0.001	0.001	0.001
0.087	0.001	0.052	0.860
0.117	0.881	0.001	0.001
0.809	0.001	0.047	0.143
0.060	0.275	0.548	0.117
0.263	0.151	0.067	0.519
>GTAGTTTGTG	2-GTAGTTTGTG	8.508919	-42.681468	0	T:63.0(31.19%),B:3666.7(8.83%),P:1e-18	Tpos:608.0,Tstd:280.0,Bpos:514.0,Bstd:314.8,StrandBias:-0.6,Multiplicity:1.27
0.161	0.143	0.695	0.001
0.049	0.001	0.143	0.807
0.572	0.001	0.406	0.021
0.001	0.037	0.961	0.001
0.001	0.001	0.001	0.997
0.001	0.001	0.001	0.997
0.001	0.170	0.001	0.828
0.109	0.124	0.766	0.001
0.210	0.001	0.001	0.788
0.071	0.001	0.927	0.001
>ACCACGGTTT	3-ACCACGGTTT	9.304495	-32.908547	0	T:25.0(12.38%),B:655.4(1.58%),P:1e-14	Tpos:581.8,Tstd:272.3,Bpos:505.1,Bstd:311.2,StrandBias:0.6,Multiplicity:1.00
0.886	0.064	0.049	0.001
0.027	0.790	0.182	0.001
0.001	0.965	0.001	0.033
0.997	0.001	0.001	0.001
0.037	0.961	0.001	0.001
0.022	0.043	0.934	0.001
0.295	0.001	0.703	0.001
0.054	0.060	0.001	0.885
0.076	0.001	0.001	0.922
0.001	0.001	0.001	0.997
>ACCGTCACAA	4-ACCGTCACAA	10.014830	-25.198905	0	T:17.0(8.42%),B:376.6(0.91%),P:1e-10	Tpos:700.6,Tstd:170.5,Bpos:474.5,Bstd:320.8,StrandBias:0.2,Multiplicity:1.06
0.742	0.067	0.001	0.190
0.032	0.966	0.001	0.001
0.032	0.856	0.072	0.040
0.001	0.001	0.997	0.001
0.118	0.001	0.075	0.806
0.041	0.899	0.059	0.001
0.997	0.001	0.001	0.001
0.001	0.941	0.057	0.001
0.917	0.001	0.001	0.081
0.923	0.001	0.075	0.001
>CCTTATCAAT	5-CCTTATCAAT	7.767074	-25.051903	0	T:75.0(37.13%),B:7142.2(17.19%),P:1e-10	Tpos:604.8,Tstd:280.2,Bpos:526.3,Bstd:323.4,StrandBias:0.3,Multiplicity:1.24
0.090	0.660	0.079	0.171
0.077	0.822	0.079	0.022
0.086	0.051	0.118	0.745
0.022	0.076	0.049	0.853
0.862	0.036	0.077	0.025
0.078	0.028	0.031	0.863
0.078	0.824	0.051	0.047
0.807	0.032	0.075	0.086
0.857	0.038	0.015	0.090
0.113	0.100	0.071	0.716
>CTTATCACGA	6-CTTATCACGA	8.322395	-23.349358	0	T:30.0(14.85%),B:1492.6(3.59%),P:1e-10	Tpos:620.7,Tstd:305.7,Bpos:507.0,Bstd:319.6,StrandBias:0.3,Multiplicity:1.08
0.040	0.915	0.001	0.044
0.001	0.001	0.001	0.997
0.001	0.001	0.001	0.997
0.835	0.061	0.063	0.041
0.090	0.001	0.001	0.908
0.001	0.924	0.001	0.074
0.806	0.001	0.117	0.076
0.001	0.803	0.136	0.060
0.054	0.065	0.880	0.001
0.997	0.001	0.001	0.001
>TCTGTCTGGC	7-TCTGTCTGGC	9.958318	-23.079254	0	T:16.0(7.92%),B:372.5(0.90%),P:1e-10	Tpos:480.7,Tstd:314.6,Bpos:466.7,Bstd:326.6,StrandBias:1.1,Multiplicity:1.00
0.080	0.001	0.001	0.918
0.001	0.997	0.001	0.001
0.083	0.080	0.001	0.836
0.001	0.001	0.997	0.001
0.075	0.001	0.080	0.844
0.095	0.857	0.001	0.047
0.001	0.001	0.001	0.997
0.150	0.001	0.848	0.001
0.058	0.053	0.845	0.044
0.001	0.932	0.001	0.066
>CGAGCCCTGC	8-CGAGCCCTGC	10.234786	-21.306893	0	T:11.0(5.45%),B:153.5(0.37%),P:1e-9	Tpos:428.7,Tstd:189.9,Bpos:542.1,Bstd:334.0,StrandBias:0.8,Multiplicity:1.00
0.001	0.997	0.001	0.001
0.209	0.001	0.789	0.001
0.997	0.001	0.001	0.001
0.001	0.081	0.917	0.001
0.065	0.933	0.001	0.001
0.087	0.911	0.001	0.001
0.112	0.886	0.001	0.001
0.120	0.001	0.001	0.878
0.001	0.108	0.890	0.001
0.001	0.901	0.097	0.001
>CTTGATCACC	9-CTTGATCACC	9.915376	-20.198464	0	T:18.0(8.91%),B:601.3(1.45%),P:1e-8	Tpos:601.7,Tstd:268.0,Bpos:482.4,Bstd:308.1,StrandBias:0.7,Multiplicity:1.00
0.001	0.997	0.001	0.001
0.001	0.001	0.001	0.997
0.001	0.091	0.001	0.907
0.096	0.045	0.816	0.043
0.788	0.067	0.078	0.067
0.071	0.092	0.001	0.836
0.057	0.877	0.065	0.001
0.997	0.001	0.001	0.001
0.056	0.907	0.001	0.036
0.045	0.953	0.001	0.001
>TGCGTCGAAC	10-TGCGTCGAAC	10.165394	-20.147848	0	T:13.0(6.44%),B:273.3(0.66%),P:1e-8	Tpos:551.0,Tstd:345.8,Bpos:493.0,Bstd:309.4,StrandBias:-2.5,Multiplicity:1.00
0.001	0.078	0.085	0.836
0.001	0.001	0.997	0.001
0.098	0.900	0.001	0.001
0.057	0.085	0.804	0.054
0.001	0.001	0.001	0.997
0.069	0.929	0.001	0.001
0.001	0.082	0.813	0.104
0.997	0.001	0.001	0.001
0.882	0.001	0.116	0.001
0.001	0.924	0.074	0.001
>TGATATCATC	11-TGATATCATC	8.081518	-19.871404	0	T:64.0(31.68%),B:6243.0(15.03%),P:1e-8	Tpos:556.7,Tstd:287.9,Bpos:505.2,Bstd:316.1,StrandBias:-0.0,Multiplicity:1.19
0.001	0.109	0.001	0.889
0.014	0.067	0.795	0.124
0.698	0.211	0.001	0.090
0.278	0.136	0.001	0.585
0.666	0.100	0.107	0.127
0.001	0.001	0.030	0.968
0.001	0.965	0.033	0.001
0.997	0.001	0.001	0.001
0.119	0.141	0.025	0.715
0.143	0.706	0.001	0.150
>TGTAGGTTGT	12-TGTAGGTTGT	10.367867	-19.776378	0	T:17.0(8.42%),B:543.4(1.31%),P:1e-8	Tpos:649.6,Tstd:240.2,Bpos:483.8,Bstd:308.8,StrandBias:0.7,Multiplicity:1.06
0.001	0.001	0.001	0.997
0.001	0.001	0.997	0.001
0.001	0.001	0.001	0.997
0.822	0.001	0.176	0.001
0.001	0.188	0.810	0.001
0.280	0.126	0.593	0.001
0.001	0.061	0.179	0.759
0.060	0.001	0.001	0.938
0.001	0.001	0.997	0.001
0.001	0.001	0.001	0.997
>AGAGACACAG	13-AGAGACACAG	8.726345	-19.456801	0	T:36.0(17.82%),B:2452.5(5.90%),P:1e-8	Tpos:662.4,Tstd:296.9,Bpos:538.8,Bstd:316.2,StrandBias:-0.5,Multiplicity:1.06
0.862	0.075	0.001	0.062
0.057	0.001	0.941	0.001
0.930	0.001	0.001	0.068
0.001	0.001	0.997	0.001
0.997	0.001	0.001	0.001
0.010	0.936	0.001	0.053
0.746	0.070	0.133	0.051
0.037	0.906	0.028	0.029
0.917	0.001	0.081	0.001
0.144	0.001	0.807	0.048
>TCGCYSCCGG	14-TCGCYSCCGG	9.772506	-19.005597	0	T:11.0(5.45%),B:193.8(0.47%),P:1e-8	Tpos:431.6,Tstd:290.1,Bpos:491.5,Bstd:317.5,StrandBias:1.4,Multiplicity:1.22
0.001	0.001	0.001	0.997
0.001	0.997	0.001	0.001
0.001	0.001	0.997	0.001
0.001	0.886	0.001	0.112
0.001	0.528	0.001	0.470
0.001	0.569	0.429	0.001
0.244	0.754	0.001	0.001
0.001	0.808	0.001	0.190
0.191	0.001	0.589	0.219
0.001	0.001	0.997	0.001
>AAGKCACAAR	15-AAGKCACAAR	10.218374	-18.612317	0	T:30.0(14.85%),B:1835.3(4.42%),P:1e-8	Tpos:648.7,Tstd:210.0,Bpos:532.0,Bstd:318.8,StrandBias:0.1,Multiplicity:1.07
0.997	0.001	0.001	0.001
0.997	0.001	0.001	0.001
0.381	0.001	0.617	0.001
0.001	0.001	0.454	0.544
0.001	0.997	0.001	0.001
0.820	0.001	0.178	0.001
0.001	0.640	0.001	0.358
0.613	0.001	0.385	0.001
0.997	0.001	0.001	0.001
0.451	0.158	0.390	0.001
>CAGGCTTAAC	16-CAGGCTTAAC	8.530233	-18.024522	0	T:15.0(7.43%),B:463.4(1.12%),P:1e-7	Tpos:414.5,Tstd:266.9,Bpos:476.2,Bstd:316.1,StrandBias:0.4,Multiplicity:1.07
0.001	0.885	0.113	0.001
0.997	0.001	0.001	0.001
0.001	0.001	0.942	0.056
0.001	0.108	0.817	0.074
0.001	0.925	0.001	0.073
0.001	0.001	0.001	0.997
0.089	0.001	0.082	0.828
0.918	0.001	0.001	0.080
0.888	0.001	0.110	0.001
0.068	0.873	0.001	0.058
>TTGGCAATTT	17-TTGGCAATTT	7.879158	-17.350534	0	T:53.0(26.24%),B:4986.7(12.00%),P:1e-7	Tpos:454.2,Tstd:308.4,Bpos:489.3,Bstd:299.9,StrandBias:0.2,Multiplicity:1.21
0.290	0.188	0.031	0.492
0.252	0.029	0.275	0.444
0.199	0.152	0.503	0.146
0.049	0.033	0.878	0.040
0.034	0.657	0.031	0.278
0.833	0.043	0.057	0.067
0.530	0.195	0.244	0.031
0.175	0.125	0.033	0.667
0.083	0.284	0.033	0.600
0.058	0.063	0.050	0.829
>TACGCCCTAT	18-TACGCCCTAT	12.852403	-17.120711	0	T:4.0(1.98%),B:4.1(0.01%),P:1e-7	Tpos:447.5,Tstd:250.3,Bpos:560.4,Bstd:362.1,StrandBias:-1.6,Multiplicity:1.00
0.001	0.001	0.001	0.997
0.997	0.001	0.001	0.001
0.001	0.997	0.001	0.001
0.001	0.001	0.997	0.001
0.001	0.997	0.001	0.001
0.001	0.624	0.374	0.001
0.001	0.997	0.001	0.001
0.001	0.001	0.001	0.997
0.997	0.001	0.001	0.001
0.001	0.001	0.001	0.997
>CAGCSGAACG	19-CAGCSGAACG	10.941272	-15.755195	0	T:7.0(3.47%),B:74.9(0.18%),P:1e-6	Tpos:530.8,Tstd:256.0,Bpos:456.4,Bstd:294.3,StrandBias:0.3,Multiplicity:1.29
0.001	0.997	0.001	0.001
0.997	0.001	0.001	0.001
0.001	0.001	0.997	0.001
0.124	0.759	0.001	0.116
0.001	0.433	0.565	0.001
0.001	0.001	0.997	0.001
0.839	0.001	0.159	0.001
0.997	0.001	0.001	0.001
0.001	0.997	0.001	0.001
0.001	0.001	0.997	0.001
>MTCWCTCTTA	20-MTCWCTCTTA	9.525761	-15.492168	0	T:15.0(7.43%),B:566.4(1.36%),P:1e-6	Tpos:478.2,Tstd:279.5,Bpos:533.1,Bstd:330.1,StrandBias:0.7,Multiplicity:1.07
0.463	0.526	0.010	0.001
0.147	0.001	0.001	0.851
0.066	0.932	0.001	0.001
0.466	0.170	0.001	0.362
0.001	0.997	0.001	0.001
0.059	0.101	0.194	0.646
0.136	0.856	0.007	0.001
0.001	0.001	0.001	0.997
0.007	0.001	0.137	0.855
0.893	0.001	0.001	0.105
>TTAACCCTAT	21-TTAACCCTAT	8.548307	-14.296599	0	T:38.0(18.81%),B:3296.4(7.93%),P:1e-6	Tpos:515.8,Tstd:274.2,Bpos:500.3,Bstd:309.6,StrandBias:-0.2,Multiplicity:1.11
0.005	0.090	0.001	0.904
0.001	0.001	0.001	0.997
0.780	0.001	0.099	0.120
0.682	0.118	0.086	0.114
0.152	0.755	0.092	0.001
0.308	0.690	0.001	0.001
0.001	0.641	0.350	0.008
0.003	0.001	0.097	0.899
0.988	0.001	0.001	0.010
0.379	0.001	0.001	0.619
>CTGAGTGGAT	22-CTGAGTGGAT	9.999309	-13.300322	0	T:10.0(4.95%),B:279.9(0.67%),P:1e-5	Tpos:693.4,Tstd:241.2,Bpos:486.5,Bstd:308.0,StrandBias:-1.2,Multiplicity:1.00
0.001	0.813	0.185	0.001
0.001	0.001	0.092	0.906
0.001	0.001	0.971	0.027
0.997	0.001	0.001	0.001
0.001	0.195	0.803	0.001
0.001	0.325	0.001	0.673
0.070	0.030	0.899	0.001
0.001	0.001	0.997	0.001
0.966	0.001	0.001	0.032
0.190	0.001	0.001	0.808
>GCGCCAGGGA	23-GCGCCAGGGA	8.815211	-12.902855	0	T:12.0(5.94%),B:441.2(1.06%),P:1e-5	Tpos:531.4,Tstd:271.3,Bpos:486.5,Bstd:283.2,StrandBias:-0.4,Multiplicity:1.27
0.158	0.001	0.840	0.001
0.010	0.810	0.001	0.179
0.173	0.213	0.613	0.001
0.104	0.751	0.144	0.001
0.001	0.997	0.001	0.001
0.997	0.001	0.001	0.001
0.399	0.022	0.551	0.028
0.001	0.001	0.997	0.001
0.001	0.001	0.954	0.044
0.986	0.001	0.012	0.001
>CWCMGCCWAT	24-CWCMGCCWAT	5.820382	-8.158616	0	T:94.0(46.53%),B:14337.3(34.51%),P:1e-3	Tpos:479.5,Tstd:287.5,Bpos:503.7,Bstd:312.1,StrandBias:1.0,Multiplicity:1.58
0.049	0.640	0.262	0.049
0.328	0.074	0.206	0.392
0.001	0.985	0.001	0.013
0.486	0.380	0.062	0.071
0.001	0.338	0.660	0.001
0.001	0.582	0.117	0.300
0.267	0.697	0.035	0.001
0.328	0.001	0.241	0.430
0.758	0.001	0.228	0.013
0.013	0.239	0.111	0.637
>CTAAASGTTG	25-CTAAASGTTG	10.278745	-7.732794	0	T:7.0(3.47%),B:271.6(0.65%),P:1e-3	Tpos:337.3,Tstd:205.5,Bpos:524.7,Bstd:313.9,StrandBias:-0.9,Multiplicity:2.43
0.001	0.997	0.001	0.001
0.001	0.001	0.268	0.730
0.997	0.001	0.001	0.001
0.883	0.115	0.001	0.001
0.699	0.132	0.168	0.001
0.001	0.477	0.521	0.001
0.001	0.001	0.997	0.001
0.204	0.001	0.001	0.794
0.001	0.313	0.001	0.685
0.001	0.001	0.997	0.001
>AAACTGATAAGA	1-AAACTGATAAGA	10.246718	-57.927812	0	T:69.0(34.16%),B:3319.7(7.99%),P:1e-25	Tpos:682.7,Tstd:280.8,Bpos:555.6,Bstd:328.7,StrandBias:0.0,Multiplicity:1.16
0.442	0.172	0.102	0.285
0.595	0.090	0.019	0.296
0.806	0.001	0.072	0.121
0.117	0.489	0.094	0.300
0.001	0.001	0.001	0.997
0.001	0.001	0.979	0.019
0.943	0.001	0.001	0.055
0.011	0.001	0.001	0.987
0.919	0.001	0.079	0.001
0.836	0.001	0.109	0.054
0.109	0.170	0.518	0.203
0.571	0.159	0.232	0.038
>TTGTAGTTTRTG	2-TTGTAGTTTRTG	10.401099	-54.052237	0	T:40.0(19.80%),B:1010.9(2.43%),P:1e-23	Tpos:605.9,Tstd:270.6,Bpos:505.8,Bstd:310.6,StrandBias:-0.3,Multiplicity:1.08
0.049	0.132	0.063	0.756
0.001	0.001	0.001	0.997
0.098	0.130	0.746	0.026
0.041	0.033	0.001	0.925
0.915	0.001	0.048	0.036
0.001	0.105	0.866	0.028
0.040	0.121	0.001	0.838
0.084	0.048	0.001	0.867
0.001	0.001	0.001	0.997
0.401	0.226	0.373	0.001
0.040	0.001	0.001	0.958
0.001	0.001	0.997	0.001
>TCKCTTTTTGCA	3-TCKCTTTTTGCA	13.043541	-28.131345	0	T:14.0(6.93%),B:175.4(0.42%),P:1e-12	Tpos:563.2,Tstd:338.9,Bpos:501.3,Bstd:336.2,StrandBias:0.8,Multiplicity:1.00
0.001	0.001	0.001	0.997
0.001	0.997	0.001	0.001
0.248	0.001	0.424	0.327
0.001	0.997	0.001	0.001
0.156	0.224	0.193	0.427
0.001	0.001	0.016	0.982
0.001	0.001	0.001	0.997
0.001	0.001	0.001	0.997
0.001	0.001	0.001	0.997
0.001	0.241	0.757	0.001
0.001	0.727	0.001	0.271
0.997	0.001	0.001	0.001
>TGATAAGGACTC	4-TGATAAGGACTC	13.313858	-26.882992	0	T:9.0(4.46%),B:40.5(0.10%),P:1e-11	Tpos:699.4,Tstd:250.9,Bpos:513.4,Bstd:309.6,StrandBias:0.3,Multiplicity:1.00
0.001	0.001	0.001	0.997
0.001	0.001	0.997	0.001
0.997	0.001	0.001	0.001
0.001	0.001	0.001	0.997
0.997	0.001	0.001	0.001
0.879	0.119	0.001	0.001
0.095	0.001	0.903	0.001
0.087	0.001	0.911	0.001
0.862	0.001	0.136	0.001
0.101	0.897	0.001	0.001
0.109	0.001	0.119	0.771
0.001	0.890	0.001	0.108
>ACKMATTTGTGT	5-ACKMATTTGTGT	11.185652	-26.621602	0	T:18.0(8.91%),B:398.9(0.96%),P:1e-11	Tpos:620.9,Tstd:283.1,Bpos:538.1,Bstd:338.1,StrandBias:0.3,Multiplicity:1.00
0.748	0.250	0.001	0.001
0.001	0.997	0.001	0.001
0.195	0.001	0.347	0.458
0.453	0.545	0.001	0.001
0.797	0.134	0.001	0.068
0.001	0.133	0.001	0.865
0.001	0.001	0.086	0.912
0.001	0.001	0.001	0.997
0.001	0.001	0.997	0.001
0.001	0.001	0.001	0.997
0.001	0.001	0.997	0.001
0.221	0.217	0.001	0.561
>CAAATGTGGTTT	6-CAAATGTGGTTT	12.140345	-26.067749	0	T:21.0(10.40%),B:604.6(1.46%),P:1e-11	Tpos:526.4,Tstd:277.3,Bpos:520.0,Bstd:310.3,StrandBias:-0.6,Multiplicity:1.05
0.213	0.706	0.080	0.001
0.997	0.001	0.001	0.001
0.997	0.001	0.001	0.001
0.903	0.001	0.001	0.095
0.001	0.001	0.001	0.997
0.001	0.001	0.936	0.062
0.001	0.001	0.001	0.997
0.267	0.001	0.731	0.001
0.001	0.001	0.919	0.079
0.095	0.001	0.001	0.903
0.001	0.001	0.001	0.997
0.001	0.001	0.001	0.997
>CTTAAAGTTTAA	7-CTTAAAGTTTAA	11.845272	-23.532684	0	T:15.0(7.43%),B:304.7(0.73%),P:1e-10	Tpos:329.5,Tstd:153.6,Bpos:489.1,Bstd:300.4,StrandBias:0.2,Multiplicity:1.07
0.001	0.997	0.001	0.001
0.057	0.001	0.001	0.941
0.001	0.001	0.049	0.949
0.852	0.070	0.001	0.077
0.852	0.146	0.001	0.001
0.886	0.001	0.001	0.112
0.001	0.063	0.935	0.001
0.001	0.001	0.001	0.997
0.001	0.001	0.001	0.997
0.001	0.140	0.001	0.858
0.885	0.061	0.001	0.053
0.997	0.001	0.001	0.001
>TTTATATAAAAC	8-TTTATATAAAAC	11.531237	-22.948936	0	T:21.0(10.40%),B:719.8(1.73%),P:1e-9	Tpos:589.3,Tstd:296.3,Bpos:542.3,Bstd:320.0,StrandBias:0.1,Multiplicity:1.00
0.001	0.001	0.001	0.997
0.001	0.001	0.001	0.997
0.082	0.064	0.001	0.853
0.790	0.140	0.069	0.001
0.001	0.001	0.001	0.997
0.997	0.001	0.001	0.001
0.035	0.001	0.001	0.963
0.941	0.001	0.057	0.001
0.884	0.001	0.114	0.001
0.918	0.001	0.001	0.080
0.907	0.091	0.001	0.001
0.032	0.793	0.069	0.106
>TTACGGTTTACG	9-TTACGGTTTACG	13.802320	-21.904926	0	T:6.0(2.97%),B:13.1(0.03%),P:1e-9	Tpos:366.8,Tstd:255.4,Bpos:552.2,Bstd:339.9,StrandBias:1.0,Multiplicity:1.00
0.001	0.001	0.187	0.811
0.001	0.187	0.001	0.811
0.997	0.001	0.001	0.001
0.001	0.997	0.001	0.001
0.001	0.001	0.997	0.001
0.001	0.001	0.835	0.163
0.163	0.001	0.001	0.835
0.001	0.001	0.001	0.997
0.001	0.001	0.001	0.997
0.867	0.001	0.001	0.131
0.001	0.997	0.001	0.001
0.001	0.001	0.997	0.001
>CTTGATTATTAC	10-CTTGATTATTAC	13.514706	-21.213803	0	T:9.0(4.46%),B:82.0(0.20%),P:1e-9	Tpos:606.0,Tstd:342.8,Bpos:521.5,Bstd:296.8,StrandBias:1.8,Multiplicity:1.00
0.099	0.794	0.001	0.106
0.001	0.001	0.001	0.997
0.001	0.001	0.001	0.997
0.001	0.001	0.877	0.121
0.997	0.001	0.001	0.001
0.129	0.001	0.001	0.869
0.001	0.001	0.001	0.997
0.997	0.001	0.001	0.001
0.001	0.001	0.001	0.997
0.001	0.001	0.001	0.997
0.599	0.292	0.001	0.108
0.001	0.997	0.001	0.001
>CACAAACAACAS	11-CACAAACAACAS	10.859846	-20.863082	0	T:21.0(10.40%),B:810.8(1.95%),P:1e-9	Tpos:517.8,Tstd:302.1,Bpos:510.0,Bstd:322.4,StrandBias:-0.6,Multiplicity:1.00
0.001	0.620	0.148	0.231
0.997	0.001	0.001	0.001
0.044	0.954	0.001	0.001
0.997	0.001	0.001	0.001
0.997	0.001	0.001	0.001
0.997	0.001	0.001	0.001
0.001	0.798	0.200	0.001
0.536	0.268	0.001	0.195
0.792	0.001	0.135	0.072
0.091	0.907	0.001	0.001
0.815	0.001	0.001	0.183
0.001	0.454	0.382	0.163
>ATCAAGCAGGAG	12-ATCAAGCAGGAG	12.783075	-20.593048	0	T:5.0(2.48%),B:6.8(0.02%),P:1e-8	Tpos:406.4,Tstd:352.9,Bpos:543.7,Bstd:227.9,StrandBias:0.6,Multiplicity:1.00
0.997	0.001	0.001	0.001
0.001	0.001	0.001	0.997
0.001	0.997	0.001	0.001
0.873	0.125	0.001	0.001
0.997	0.001	0.001	0.001
0.001	0.001	0.997	0.001
0.001	0.997	0.001	0.001
0.997	0.001	0.001	0.001
0.001	0.001	0.997	0.001
0.175	0.001	0.823	0.001
0.997	0.001	0.001	0.001
0.001	0.001	0.997	0.001
>GTATAAAAAGAA	13-GTATAAAAAGAA	12.710345	-20.244150	0	T:12.0(5.94%),B:218.7(0.53%),P:1e-8	Tpos:677.1,Tstd:334.1,Bpos:564.2,Bstd:353.2,StrandBias:10.0,Multiplicity:1.00
0.001	0.073	0.925	0.001
0.034	0.072	0.064	0.830
0.927	0.001	0.071	0.001
0.037	0.001	0.035	0.927
0.923	0.001	0.001	0.075
0.935	0.001	0.001	0.063
0.997	0.001	0.001	0.001
0.997	0.001	0.001	0.001
0.906	0.092	0.001	0.001
0.048	0.039	0.876	0.037
0.925	0.073	0.001	0.001
0.867	0.001	0.065	0.067
>AAAAATTGCCAA	14-AAAAATTGCCAA	12.032818	-19.759602	0	T:31.0(15.35%),B:1852.8(4.46%),P:1e-8	Tpos:389.3,Tstd:283.3,Bpos:494.7,Bstd:296.3,StrandBias:-0.2,Multiplicity:1.10
0.944	0.001	0.054	0.001
0.923	0.001	0.075	0.001
0.919	0.079	0.001	0.001
0.997	0.001	0.001	0.001
0.957	0.001	0.001	0.041
0.030	0.043	0.001	0.926
0.001	0.001	0.001	0.997
0.032	0.001	0.966	0.001
0.001	0.931	0.067	0.001
0.257	0.677	0.031	0.035
0.861	0.073	0.001	0.065
0.946	0.001	0.001	0.052
>TTTTGTCATCAA	15-TTTTGTCATCAA	12.367784	-19.605403	0	T:18.0(8.91%),B:625.8(1.51%),P:1e-8	Tpos:582.8,Tstd:348.9,Bpos:533.7,Bstd:303.7,StrandBias:-0.2,Multiplicity:1.06
0.001	0.095	0.001	0.903
0.084	0.001	0.001	0.914
0.001	0.001	0.001	0.997
0.001	0.001	0.001	0.997
0.040	0.034	0.855	0.071
0.001	0.001	0.084	0.914
0.001	0.997	0.001	0.001
0.950	0.001	0.001	0.048
0.001	0.001	0.001	0.997
0.193	0.739	0.001	0.067
0.885	0.113	0.001	0.001
0.890	0.069	0.001	0.040
>CGTCTTCAGGTC	16-CGTCTTCAGGTC	11.306794	-19.477050	0	T:11.0(5.45%),B:184.1(0.44%),P:1e-8	Tpos:486.7,Tstd:282.3,Bpos:462.6,Bstd:331.8,StrandBias:2.2,Multiplicity:1.00
0.001	0.887	0.001	0.111
0.269	0.001	0.623	0.107
0.001	0.001	0.001	0.997
0.001	0.997	0.001	0.001
0.001	0.174	0.001	0.824
0.001	0.174	0.129	0.696
0.001	0.997	0.001	0.001
0.824	0.001	0.001	0.174
0.229	0.139	0.631	0.001
0.001	0.174	0.566	0.259
0.001	0.001	0.001	0.997
0.001	0.997	0.001	0.001
>CGCAAWAGGCAG	17-CGCAAWAGGCAG	12.038940	-18.360676	0	T:7.0(3.47%),B:49.4(0.12%),P:1e-7	Tpos:403.1,Tstd:267.9,Bpos:514.0,Bstd:269.4,StrandBias:1.8,Multiplicity:1.29
0.001	0.997	0.001	0.001
0.182	0.001	0.816	0.001
0.141	0.857	0.001	0.001
0.997	0.001	0.001	0.001
0.997	0.001	0.001	0.001
0.325	0.001	0.230	0.444
0.997	0.001	0.001	0.001
0.001	0.001	0.597	0.401
0.001	0.230	0.768	0.001
0.001	0.997	0.001	0.001
0.599	0.200	0.001	0.200
0.001	0.001	0.997	0.001
>ACGTTTAGCTCC	18-ACGTTTAGCTCC	13.887359	-16.008043	0	T:3.0(1.49%),B:0.0(0.00%),P:1e-6	Tpos:292.5,Tstd:199.9,Bpos:0.0,Bstd:0.0,StrandBias:2.2,Multiplicity:3.67
0.997	0.001	0.001	0.001
0.094	0.904	0.001	0.001
0.001	0.001	0.997	0.001
0.001	0.001	0.001	0.997
0.094	0.001	0.001	0.904
0.001	0.001	0.001	0.997
0.997	0.001	0.001	0.001
0.075	0.001	0.854	0.070
0.094	0.904	0.001	0.001
0.001	0.001	0.001	0.997
0.001	0.997	0.001	0.001
0.001	0.997	0.001	0.001
>CGCGTTSGKCWS	19-CGCGTTSGKCWS	13.816679	-14.815918	0	T:4.0(1.98%),B:9.7(0.02%),P:1e-6	Tpos:486.8,Tstd:258.2,Bpos:459.8,Bstd:132.0,StrandBias:1.0,Multiplicity:1.50
0.001	0.997	0.001	0.001
0.001	0.001	0.997	0.001
0.001	0.997	0.001	0.001
0.001	0.001	0.997	0.001
0.001	0.001	0.001	0.997
0.001	0.001	0.001	0.997
0.001	0.541	0.457	0.001
0.001	0.001	0.997	0.001
0.001	0.001	0.541	0.457
0.001	0.997	0.001	0.001
0.457	0.001	0.001	0.541
0.001	0.457	0.541	0.001
>GCAGGTGGTTCG	20-GCAGGTGGTTCG	9.825715	-13.148417	0	T:4.0(1.98%),B:15.7(0.04%),P:1e-5	Tpos:294.7,Tstd:177.5,Bpos:414.1,Bstd:264.1,StrandBias:0.0,Multiplicity:1.50
0.001	0.001	0.997	0.001
0.001	0.823	0.001	0.175
0.823	0.001	0.001	0.175
0.001	0.001	0.961	0.037
0.001	0.001	0.997	0.001
0.001	0.001	0.001	0.997
0.001	0.001	0.997	0.001
0.001	0.001	0.997	0.001
0.001	0.001	0.001	0.997
0.001	0.001	0.001	0.997
0.001	0.997	0.001	0.001
0.001	0.001	0.997	0.001
>CGTGCTTCCGTG	21-CGTGCTTCCGTG	15.175365	-13.023054	0	T:3.0(1.49%),B:3.3(0.01%),P:1e-5	Tpos:422.8,Tstd:213.1,Bpos:384.3,Bstd:304.5,StrandBias:0.6,Multiplicity:1.67
0.001	0.997	0.001	0.001
0.001	0.001	0.997	0.001
0.001	0.001	0.001	0.997
0.001	0.001	0.997	0.001
0.001	0.997	0.001	0.001
0.240	0.001	0.001	0.758
0.001	0.001	0.001	0.997
0.001	0.997	0.001	0.001
0.001	0.997	0.001	0.001
0.001	0.001	0.997	0.001
0.001	0.001	0.001	0.997
0.001	0.001	0.997	0.001
>CGGCMGTTTAAA	22-CGGCMGTTTAAA	11.766084	-11.730847	0	T:7.0(3.47%),B:140.0(0.34%),P:1e-5	Tpos:268.1,Tstd:161.7,Bpos:509.1,Bstd:307.7,StrandBias:1.6,Multiplicity:1.14
0.198	0.800	0.001	0.001
0.001	0.001	0.997	0.001
0.216	0.001	0.782	0.001
0.198	0.584	0.217	0.001
0.339	0.462	0.198	0.001
0.001	0.001	0.997	0.001
0.001	0.001	0.001	0.997
0.184	0.001	0.001	0.814
0.001	0.153	0.001	0.845
0.800	0.001	0.001	0.198
0.997	0.001	0.001	0.001
0.997	0.001	0.001	0.001
>CTCAGCCAATCA	23-CTCAGCCAATCA	13.742913	-11.598706	0	T:3.0(1.49%),B:6.4(0.02%),P:1e-5	Tpos:244.6,Tstd:115.4,Bpos:448.6,Bstd:347.9,StrandBias:10.0,Multiplicity:4.33
0.001	0.997	0.001	0.001
0.001	0.001	0.001	0.997
0.001	0.997	0.001	0.001
0.997	0.001	0.001	0.001
0.001	0.001	0.997	0.001
0.067	0.931	0.001	0.001
0.001	0.997	0.001	0.001
0.997	0.001	0.001	0.001
0.913	0.001	0.001	0.085
0.001	0.001	0.001	0.997
0.001	0.997	0.001	0.001
0.931	0.001	0.067	0.001
>AGCCCACTCGAG	24-AGCCCACTCGAG	13.262860	-9.726610	0	T:3.0(1.49%),B:13.9(0.03%),P:1e-4	Tpos:429.8,Tstd:243.1,Bpos:467.9,Bstd:239.3,StrandBias:-0.6,Multiplicity:1.67
0.997	0.001	0.001	0.001
0.001	0.001	0.997	0.001
0.001	0.997	0.001	0.001
0.001	0.997	0.001	0.001
0.001	0.997	0.001	0.001
0.997	0.001	0.001	0.001
0.001	0.997	0.001	0.001
0.001	0.188	0.001	0.810
0.001	0.997	0.001	0.001
0.001	0.001	0.997	0.001
0.810	0.001	0.188	0.001
0.001	0.001	0.997	0.001
>TCTATTTTTTGG	25-TCTATTTTTTGG	16.445828	-4.617313	0	T:2.0(0.99%),B:29.2(0.07%),P:1e-2	Tpos:120.7,Tstd:75.4,Bpos:476.4,Bstd:286.0,StrandBias:2.3,Multiplicity:3.00
0.001	0.001	0.001	0.997
0.001	0.997	0.001	0.001
0.001	0.001	0.001	0.997
0.997	0.001	0.001	0.001
0.001	0.001	0.001	0.997
0.001	0.001	0.001	0.997
0.001	0.001	0.001	0.997
0.001	0.001	0.001	0.997
0.001	0.001	0.001	0.997
0.001	0.143	0.001	0.855
0.001	0.001	0.997	0.001
0.001	0.001	0.997	0.001
>TGATAAGR	1-TGATAAGR	5.491197	-53.876817	0	T:124.0(61.39%),B:11287.8(27.17%),P:1e-23	Tpos:673.2,Tstd:263.4,Bpos:541.5,Bstd:323.4,StrandBias:-0.2,Multiplicity:1.43
0.333	0.166	0.001	0.500
0.001	0.001	0.997	0.001
0.997	0.001	0.001	0.001
0.001	0.001	0.001	0.997
0.997	0.001	0.001	0.001
0.997	0.001	0.001	0.001
0.001	0.017	0.981	0.001
0.556	0.001	0.442	0.001
>ACTGATAA	2-ACTGATAA	10.882993	-44.579098	0	T:66.0(32.67%),B:3870.3(9.32%),P:1e-19	Tpos:701.7,Tstd:269.9,Bpos:553.0,Bstd:325.5,StrandBias:0.0,Multiplicity:1.20
0.830	0.001	0.168	0.001
0.001	0.997	0.001	0.001
0.001	0.001	0.001	0.997
0.001	0.001	0.997	0.001
0.997	0.001	0.001	0.001
0.001	0.001	0.001	0.997
0.997	0.001	0.001	0.001
0.997	0.001	0.001	0.001
>CACAAACT	3-CACAAACT	9.202530	-23.441215	0	T:64.0(31.68%),B:5723.7(13.78%),P:1e-10	Tpos:579.6,Tstd:297.1,Bpos:505.6,Bstd:321.6,StrandBias:0.2,Multiplicity:1.21
0.001	0.997	0.001	0.001
0.997	0.001	0.001	0.001
0.001	0.759	0.239	0.001
0.997	0.001	0.001	0.001
0.997	0.001	0.001	0.001
0.997	0.001	0.001	0.001
0.001	0.997	0.001	0.001
0.108	0.246	0.001	0.645
>TGGTMGMT	4-TGGTMGMT	7.739055	-15.053516	0	T:50.0(24.75%),B:4902.2(11.80%),P:1e-6	Tpos:492.7,Tstd:285.9,Bpos:494.4,Bstd:311.6,StrandBias:-0.4,Multiplicity:1.10
0.111	0.001	0.001	0.887
0.001	0.001	0.687	0.311
0.001	0.001	0.997	0.001
0.001	0.001	0.001	0.997
0.487	0.511	0.001	0.001
0.001	0.001	0.813	0.185
0.534	0.462	0.001	0.003
0.001	0.367	0.056	0.576
>AGGCCTTT	5-AGGCCTTT	8.304517	-14.947946	0	T:17.0(8.42%),B:766.7(1.85%),P:1e-6	Tpos:577.0,Tstd:365.7,Bpos:482.8,Bstd:289.1,StrandBias:1.1,Multiplicity:1.12
0.997	0.001	0.001	0.001
0.001	0.001	0.997	0.001
0.001	0.001	0.997	0.001
0.001	0.997	0.001	0.001
0.001	0.997	0.001	0.001
0.001	0.089	0.001	0.909
0.272	0.001	0.001	0.726
0.029	0.001	0.001	0.969
>AGTGCAGT	6-AGTGCAGT	7.448522	-12.857040	0	T:74.0(36.63%),B:9241.0(22.24%),P:1e-5	Tpos:516.1,Tstd:276.4,Bpos:502.6,Bstd:317.4,StrandBias:-0.4,Multiplicity:1.23
0.888	0.009	0.015	0.088
0.035	0.001	0.963	0.001
0.045	0.001	0.012	0.942
0.143	0.012	0.701	0.144
0.060	0.727	0.154	0.059
0.980	0.009	0.010	0.001
0.090	0.001	0.824	0.085
0.001	0.001	0.024	0.974
>AGCTAAAT	7-AGCTAAAT	8.020811	-6.723287	0	T:33.0(16.34%),B:3884.4(9.35%),P:1e-2	Tpos:479.7,Tstd:247.1,Bpos:490.2,Bstd:310.3,StrandBias:-0.8,Multiplicity:1.33
0.997	0.001	0.001	0.001
0.001	0.113	0.885	0.001
0.001	0.997	0.001	0.001
0.001	0.001	0.001	0.997
0.997	0.001	0.001	0.001
0.587	0.001	0.001	0.411
0.580	0.418	0.001	0.001
0.001	0.156	0.001	0.842
>TGATTGGC	8-TGATTGGC	9.074222	-4.772374	0	T:14.0(6.93%),B:1384.7(3.33%),P:1e-2	Tpos:355.9,Tstd:250.4,Bpos:478.1,Bstd:312.2,StrandBias:-0.7,Multiplicity:1.86
0.001	0.136	0.001	0.862
0.001	0.001	0.997	0.001
0.997	0.001	0.001	0.001
0.001	0.001	0.001	0.997
0.001	0.001	0.001	0.997
0.001	0.001	0.997	0.001
0.001	0.001	0.997	0.001
0.001	0.997	0.001	0.001
>ATAGGCSG	9-ATAGGCSG	7.439147	-4.547159	0	T:18.0(8.91%),B:2024.0(4.87%),P:1e-1	Tpos:340.8,Tstd:246.0,Bpos:507.4,Bstd:315.1,StrandBias:-2.1,Multiplicity:1.78
0.997	0.001	0.001	0.001
0.001	0.001	0.001	0.997
0.939	0.059	0.001	0.001
0.001	0.001	0.997	0.001
0.001	0.001	0.997	0.001
0.001	0.997	0.001	0.001
0.135	0.324	0.448	0.093
0.001	0.001	0.997	0.001
