>ATCGATAG	1-ATCGATAG	6.765706	-30.534026	0	T:88.0(46.07%),B:8705.6(21.56%),P:1e-13	Tpos:598.1,Tstd:284.8,Bpos:534.0,Bstd:333.5,StrandBias:-0.1,Multiplicity:1.33
0.940	0.003	0.056	0.001
0.011	0.003	0.027	0.959
0.029	0.969	0.001	0.001
0.026	0.001	0.966	0.007
0.952	0.006	0.003	0.039
0.001	0.074	0.001	0.924
0.849	0.027	0.001	0.123
0.145	0.072	0.654	0.129
>GAGCGTCC	2-GAGCGTCC	5.606694	-17.097346	0	T:66.0(34.55%),B:7259.7(17.98%),P:1e-7	Tpos:646.0,Tstd:285.1,Bpos:529.0,Bstd:330.5,StrandBias:0.3,Multiplicity:1.33
0.001	0.325	0.673	0.001
0.602	0.396	0.001	0.001
0.001	0.001	0.997	0.001
0.001	0.997	0.001	0.001
0.001	0.001	0.997	0.001
0.001	0.001	0.001	0.997
0.001	0.911	0.001	0.087
0.054	0.698	0.001	0.247
>TGTGGCGA	3-TGTGGCGA	9.469835	-12.120751	0	T:16.0(8.38%),B:872.8(2.16%),P:1e-5	Tpos:391.9,Tstd:273.1,Bpos:532.9,Bstd:337.9,StrandBias:-0.7,Multiplicity:1.00
0.001	0.001	0.001	0.997
0.001	0.001	0.997	0.001
0.202	0.001	0.001	0.796
0.001	0.001	0.997	0.001
0.001	0.001	0.997	0.001
0.001	0.997	0.001	0.001
0.001	0.001	0.997	0.001
0.997	0.001	0.001	0.001
>ACCAAGTG	4-ACCAAGTG	7.922901	-11.081901	0	T:42.0(21.99%),B:4522.1(11.20%),P:1e-4	Tpos:564.7,Tstd:267.3,Bpos:501.4,Bstd:314.2,StrandBias:0.1,Multiplicity:1.24
0.721	0.001	0.277	0.001
0.001	0.997	0.001	0.001
0.001	0.838	0.160	0.001
0.918	0.080	0.001	0.001
0.801	0.001	0.001	0.197
0.001	0.001	0.997	0.001
0.229	0.001	0.001	0.769
0.001	0.001	0.874	0.124
>GWCGTACG	5-GWCGTACG	5.003683	-9.478860	0	T:57.0(29.84%),B:7389.3(18.30%),P:1e-4	Tpos:411.3,Tstd:250.9,Bpos:499.0,Bstd:325.3,StrandBias:-0.4,Multiplicity:1.30
0.211	0.104	0.592	0.093
0.381	0.165	0.005	0.450
0.105	0.564	0.196	0.135
0.015	0.210	0.566	0.209
0.093	0.007	0.113	0.787
0.647	0.126	0.148	0.079
0.119	0.644	0.128	0.109
0.089	0.184	0.602	0.125
>CACTCTCA	6-CACTCTCA	8.236954	-8.847987	0	T:15.0(7.85%),B:1032.0(2.56%),P:1e-3	Tpos:501.6,Tstd:263.5,Bpos:528.5,Bstd:334.0,StrandBias:-0.2,Multiplicity:1.13
0.100	0.700	0.100	0.100
0.700	0.100	0.100	0.100
0.100	0.700	0.100	0.100
0.100	0.100	0.100	0.700
0.100	0.700	0.100	0.100
0.100	0.100	0.100	0.700
0.100	0.700	0.100	0.100
0.700	0.100	0.100	0.100
>TCWGCTRA	7-TCWGCTRA	8.252937	-7.049111	0	T:37.0(19.37%),B:4585.4(11.36%),P:1e-3	Tpos:442.6,Tstd:295.1,Bpos:504.8,Bstd:320.7,StrandBias:0.2,Multiplicity:1.63
0.001	0.001	0.001	0.997
0.379	0.619	0.001	0.001
0.488	0.001	0.001	0.510
0.001	0.001	0.997	0.001
0.001	0.997	0.001	0.001
0.001	0.001	0.114	0.884
0.514	0.001	0.484	0.001
0.673	0.325	0.001	0.001
