>GCAGAACAAC	1-GCAGAACAAC	9.959124	-23.365217	0	T:16.0(21.62%),B:1045.9(2.59%),P:1e-10	Tpos:623.6,Tstd:272.6,Bpos:489.3,Bstd:304.0,StrandBias:0.7,Multiplicity:1.00
0.001	0.001	0.946	0.052
0.052	0.870	0.077	0.001
0.997	0.001	0.001	0.001
0.001	0.001	0.920	0.078
0.893	0.001	0.001	0.105
0.997	0.001	0.001	0.001
0.101	0.823	0.075	0.001
0.997	0.001	0.001	0.001
0.778	0.001	0.112	0.109
0.001	0.855	0.080	0.064
>GCCGCACCAG	2-GCCGCACCAG	11.470254	-23.117642	0	T:7.0(9.46%),B:68.3(0.17%),P:1e-10	Tpos:397.3,Tstd:270.5,Bpos:514.1,Bstd:277.2,StrandBias:-0.4,Multiplicity:1.00
0.001	0.001	0.997	0.001
0.001	0.997	0.001	0.001
0.001	0.997	0.001	0.001
0.195	0.001	0.803	0.001
0.001	0.997	0.001	0.001
0.997	0.001	0.001	0.001
0.001	0.997	0.001	0.001
0.001	0.780	0.001	0.218
0.803	0.001	0.001	0.195
0.185	0.001	0.813	0.001
>CCGAGATCTG	3-CCGAGATCTG	10.573082	-21.512564	0	T:9.0(12.16%),B:223.3(0.55%),P:1e-9	Tpos:430.8,Tstd:264.5,Bpos:493.4,Bstd:308.6,StrandBias:-1.0,Multiplicity:1.00
0.001	0.858	0.140	0.001
0.075	0.746	0.092	0.087
0.001	0.001	0.997	0.001
0.879	0.001	0.119	0.001
0.001	0.001	0.997	0.001
0.871	0.001	0.127	0.001
0.001	0.001	0.093	0.905
0.059	0.939	0.001	0.001
0.100	0.001	0.001	0.898
0.001	0.001	0.997	0.001
>GACCCGTAAT	4-GACCCGTAAT	10.665942	-20.300415	0	T:8.0(10.81%),B:172.1(0.43%),P:1e-8	Tpos:490.0,Tstd:302.8,Bpos:476.6,Bstd:301.0,StrandBias:0.7,Multiplicity:1.00
0.114	0.001	0.749	0.136
0.997	0.001	0.001	0.001
0.001	0.997	0.001	0.001
0.001	0.802	0.196	0.001
0.001	0.700	0.168	0.131
0.001	0.001	0.997	0.001
0.099	0.001	0.001	0.899
0.997	0.001	0.001	0.001
0.997	0.001	0.001	0.001
0.001	0.001	0.001	0.997
>CGTGAGTAGA	5-CGTGAGTAGA	10.850210	-17.760381	0	T:8.0(10.81%),B:241.4(0.60%),P:1e-7	Tpos:476.4,Tstd:360.4,Bpos:495.7,Bstd:304.6,StrandBias:-1.6,Multiplicity:1.00
0.001	0.887	0.001	0.111
0.001	0.001	0.856	0.142
0.001	0.001	0.001	0.997
0.001	0.001	0.997	0.001
0.997	0.001	0.001	0.001
0.001	0.001	0.834	0.164
0.116	0.001	0.136	0.747
0.997	0.001	0.001	0.001
0.155	0.001	0.843	0.001
0.997	0.001	0.001	0.001
>AGATTTGAAT	6-AGATTTGAAT	10.193843	-16.575108	0	T:16.0(21.62%),B:1695.2(4.19%),P:1e-7	Tpos:432.2,Tstd:287.2,Bpos:505.7,Bstd:299.6,StrandBias:-0.2,Multiplicity:1.06
0.997	0.001	0.001	0.001
0.001	0.001	0.997	0.001
0.997	0.001	0.001	0.001
0.001	0.001	0.001	0.997
0.001	0.001	0.001	0.997
0.075	0.001	0.001	0.923
0.043	0.001	0.955	0.001
0.843	0.080	0.001	0.076
0.776	0.095	0.075	0.054
0.001	0.001	0.001	0.997
>CACATGTAGT	7-CACATGTAGT	9.056204	-15.766257	0	T:11.0(14.86%),B:753.3(1.86%),P:1e-6	Tpos:443.2,Tstd:275.8,Bpos:508.0,Bstd:310.0,StrandBias:-0.5,Multiplicity:1.09
0.097	0.901	0.001	0.001
0.997	0.001	0.001	0.001
0.078	0.798	0.123	0.001
0.891	0.001	0.001	0.107
0.085	0.001	0.001	0.913
0.001	0.115	0.805	0.079
0.001	0.001	0.001	0.997
0.997	0.001	0.001	0.001
0.001	0.114	0.806	0.079
0.001	0.001	0.001	0.997
>CTTTGGCGTC	8-CTTTGGCGTC	10.880761	-15.000224	0	T:8.0(10.81%),B:349.7(0.86%),P:1e-6	Tpos:319.4,Tstd:261.2,Bpos:481.6,Bstd:304.5,StrandBias:0.3,Multiplicity:1.12
0.123	0.653	0.001	0.223
0.001	0.001	0.001	0.997
0.001	0.001	0.001	0.997
0.001	0.001	0.001	0.997
0.001	0.001	0.997	0.001
0.128	0.001	0.756	0.115
0.001	0.997	0.001	0.001
0.001	0.001	0.997	0.001
0.001	0.001	0.124	0.874
0.155	0.843	0.001	0.001
>GTTACCATGA	9-GTTACCATGA	7.504951	-14.398432	0	T:22.0(29.73%),B:3737.5(9.24%),P:1e-6	Tpos:463.6,Tstd:310.6,Bpos:512.6,Bstd:310.2,StrandBias:0.1,Multiplicity:1.23
0.043	0.100	0.799	0.058
0.142	0.039	0.084	0.735
0.140	0.055	0.156	0.649
0.712	0.184	0.001	0.103
0.102	0.762	0.024	0.112
0.048	0.950	0.001	0.001
0.883	0.034	0.082	0.001
0.091	0.001	0.068	0.840
0.019	0.060	0.853	0.068
0.830	0.061	0.071	0.038
>TTTTTGCAAG	10-TTTTTGCAAG	11.226884	-13.670274	0	T:10.0(13.51%),B:744.6(1.84%),P:1e-5	Tpos:603.8,Tstd:205.1,Bpos:501.8,Bstd:304.9,StrandBias:0.2,Multiplicity:1.30
0.001	0.092	0.001	0.906
0.001	0.001	0.001	0.997
0.001	0.001	0.001	0.997
0.001	0.081	0.001	0.917
0.001	0.001	0.001	0.997
0.001	0.001	0.997	0.001
0.001	0.997	0.001	0.001
0.997	0.001	0.001	0.001
0.997	0.001	0.001	0.001
0.001	0.001	0.997	0.001
>GTCAGCCATC	11-GTCAGCCATC	10.905703	-13.032618	0	T:7.0(9.46%),B:316.6(0.78%),P:1e-5	Tpos:511.6,Tstd:263.0,Bpos:503.5,Bstd:320.4,StrandBias:-3.0,Multiplicity:1.29
0.001	0.126	0.672	0.201
0.001	0.148	0.001	0.850
0.001	0.873	0.125	0.001
0.997	0.001	0.001	0.001
0.124	0.134	0.741	0.001
0.001	0.997	0.001	0.001
0.001	0.997	0.001	0.001
0.997	0.001	0.001	0.001
0.001	0.001	0.001	0.997
0.001	0.997	0.001	0.001
>CACGCAGGCG	12-CACGCAGGCG	9.279325	-8.923547	0	T:5.0(6.76%),B:262.8(0.65%),P:1e-3	Tpos:623.0,Tstd:135.2,Bpos:518.7,Bstd:280.9,StrandBias:-3.5,Multiplicity:2.40
0.001	0.997	0.001	0.001
0.997	0.001	0.001	0.001
0.001	0.665	0.001	0.333
0.001	0.001	0.997	0.001
0.001	0.665	0.333	0.001
0.966	0.001	0.001	0.032
0.001	0.001	0.997	0.001
0.001	0.001	0.997	0.001
0.001	0.947	0.001	0.051
0.224	0.001	0.774	0.001
>CCATTAAACC	13-CCATTAAACC	8.350283	-7.047777	0	T:10.0(13.51%),B:1653.4(4.09%),P:1e-3	Tpos:630.8,Tstd:296.8,Bpos:497.5,Bstd:308.3,StrandBias:2.3,Multiplicity:1.20
0.100	0.700	0.100	0.100
0.100	0.700	0.100	0.100
0.700	0.100	0.100	0.100
0.100	0.100	0.100	0.700
0.100	0.100	0.100	0.700
0.700	0.100	0.100	0.100
0.700	0.100	0.100	0.100
0.700	0.100	0.100	0.100
0.100	0.700	0.100	0.100
0.100	0.700	0.100	0.100
>GTAGATTTAC	14-GTAGATTTAC	11.405484	-2.797051	0	T:2.0(2.70%),B:217.4(0.54%),P:1e-1	Tpos:258.4,Tstd:138.5,Bpos:539.2,Bstd:306.7,StrandBias:-10.0,Multiplicity:6.00
0.001	0.001	0.997	0.001
0.001	0.001	0.001	0.997
0.997	0.001	0.001	0.001
0.001	0.001	0.997	0.001
0.997	0.001	0.001	0.001
0.001	0.001	0.001	0.997
0.001	0.001	0.001	0.997
0.001	0.079	0.088	0.832
0.997	0.001	0.001	0.001
0.001	0.997	0.001	0.001
>ARACCACKCKAK	1-ARACCACKCKAK	9.710939	-22.043304	0	T:6.0(8.11%),B:40.2(0.10%),P:1e-9	Tpos:543.3,Tstd:336.4,Bpos:493.5,Bstd:305.6,StrandBias:1.3,Multiplicity:1.17
0.997	0.001	0.001	0.001
0.535	0.001	0.463	0.001
0.997	0.001	0.001	0.001
0.001	0.997	0.001	0.001
0.001	0.997	0.001	0.001
0.997	0.001	0.001	0.001
0.014	0.972	0.001	0.013
0.001	0.001	0.478	0.520
0.001	0.997	0.001	0.001
0.001	0.001	0.463	0.535
0.997	0.001	0.001	0.001
0.001	0.001	0.479	0.519
>GACTTTTGCTGY	2-GACTTTTGCTGY	11.102725	-21.941731	0	T:9.0(12.16%),B:212.6(0.53%),P:1e-9	Tpos:515.8,Tstd:235.3,Bpos:487.2,Bstd:275.7,StrandBias:1.4,Multiplicity:1.22
0.001	0.157	0.841	0.001
0.997	0.001	0.001	0.001
0.001	0.817	0.181	0.001
0.001	0.001	0.207	0.791
0.174	0.001	0.001	0.824
0.001	0.001	0.001	0.997
0.001	0.001	0.001	0.997
0.001	0.001	0.846	0.152
0.007	0.853	0.001	0.139
0.163	0.001	0.001	0.835
0.001	0.001	0.859	0.139
0.208	0.368	0.001	0.423
>CYMTTACSGRTC	3-CYMTTACSGRTC	10.203416	-20.599173	0	T:5.0(6.76%),B:21.8(0.05%),P:1e-8	Tpos:482.6,Tstd:226.7,Bpos:322.8,Bstd:289.3,StrandBias:0.6,Multiplicity:1.00
0.001	0.997	0.001	0.001
0.001	0.463	0.001	0.535
0.535	0.463	0.001	0.001
0.001	0.001	0.001	0.997
0.001	0.001	0.001	0.997
0.997	0.001	0.001	0.001
0.001	0.997	0.001	0.001
0.025	0.463	0.511	0.001
0.001	0.021	0.977	0.001
0.463	0.001	0.535	0.001
0.001	0.001	0.001	0.997
0.001	0.997	0.001	0.001
>ATTCATGKTAAC	4-ATTCATGKTAAC	12.242145	-20.476862	0	T:9.0(12.16%),B:252.7(0.62%),P:1e-8	Tpos:468.0,Tstd:324.6,Bpos:528.4,Bstd:298.2,StrandBias:1.8,Multiplicity:1.00
0.605	0.001	0.001	0.393
0.001	0.001	0.001	0.997
0.001	0.001	0.001	0.997
0.001	0.997	0.001	0.001
0.638	0.360	0.001	0.001
0.001	0.001	0.001	0.997
0.001	0.001	0.792	0.206
0.216	0.001	0.410	0.372
0.170	0.001	0.233	0.596
0.997	0.001	0.001	0.001
0.997	0.001	0.001	0.001
0.001	0.997	0.001	0.001
>TTATTGGCATTA	5-TTATTGGCATTA	11.168115	-18.082953	0	T:10.0(13.51%),B:457.3(1.13%),P:1e-7	Tpos:544.4,Tstd:253.0,Bpos:496.9,Bstd:291.7,StrandBias:0.6,Multiplicity:1.00
0.001	0.001	0.001	0.997
0.001	0.001	0.001	0.997
0.733	0.145	0.001	0.121
0.001	0.136	0.001	0.862
0.227	0.145	0.001	0.627
0.001	0.079	0.870	0.050
0.235	0.001	0.644	0.120
0.050	0.827	0.001	0.122
0.706	0.156	0.001	0.137
0.061	0.001	0.001	0.937
0.001	0.104	0.001	0.894
0.929	0.001	0.001	0.069
>AAAACTGAAAAT	6-AAAACTGAAAAT	12.486063	-17.955921	0	T:18.0(24.32%),B:1994.1(4.93%),P:1e-7	Tpos:432.1,Tstd:321.9,Bpos:503.1,Bstd:295.0,StrandBias:-0.7,Multiplicity:1.00
0.878	0.001	0.120	0.001
0.997	0.001	0.001	0.001
0.962	0.036	0.001	0.001
0.941	0.001	0.057	0.001
0.069	0.890	0.001	0.040
0.001	0.001	0.078	0.920
0.013	0.046	0.887	0.054
0.840	0.087	0.072	0.001
0.780	0.113	0.106	0.001
0.997	0.001	0.001	0.001
0.770	0.032	0.089	0.109
0.030	0.001	0.074	0.895
>TACTCWMGYYGS	7-TACTCWMGYYGS	10.084987	-17.820783	0	T:5.0(6.76%),B:39.3(0.10%),P:1e-7	Tpos:536.7,Tstd:343.6,Bpos:528.9,Bstd:298.5,StrandBias:0.0,Multiplicity:1.20
0.001	0.001	0.033	0.965
0.960	0.038	0.001	0.001
0.001	0.997	0.001	0.001
0.033	0.001	0.001	0.965
0.001	0.997	0.001	0.001
0.535	0.001	0.001	0.463
0.499	0.499	0.001	0.001
0.001	0.001	0.997	0.001
0.001	0.463	0.001	0.535
0.001	0.463	0.001	0.535
0.001	0.001	0.997	0.001
0.001	0.463	0.535	0.001
>AGTTASTTCAAT	8-AGTTASTTCAAT	12.901543	-17.486308	0	T:7.0(9.46%),B:160.4(0.40%),P:1e-7	Tpos:364.1,Tstd:294.5,Bpos:470.8,Bstd:291.2,StrandBias:-0.4,Multiplicity:1.00
0.997	0.001	0.001	0.001
0.108	0.001	0.890	0.001
0.001	0.001	0.001	0.997
0.001	0.001	0.217	0.781
0.997	0.001	0.001	0.001
0.001	0.423	0.376	0.200
0.001	0.001	0.001	0.997
0.001	0.001	0.001	0.997
0.001	0.890	0.001	0.108
0.997	0.001	0.001	0.001
0.581	0.001	0.417	0.001
0.422	0.001	0.001	0.576
>AAACGTGAACTT	9-AAACGTGAACTT	10.856275	-16.540679	0	T:12.0(16.22%),B:868.1(2.15%),P:1e-7	Tpos:601.1,Tstd:249.3,Bpos:524.9,Bstd:304.7,StrandBias:0.0,Multiplicity:1.00
0.931	0.066	0.001	0.002
0.764	0.234	0.001	0.001
0.909	0.001	0.001	0.089
0.173	0.583	0.178	0.066
0.028	0.032	0.788	0.152
0.001	0.001	0.077	0.921
0.001	0.038	0.878	0.083
0.770	0.088	0.141	0.001
0.909	0.001	0.089	0.001
0.078	0.863	0.003	0.056
0.165	0.001	0.083	0.751
0.052	0.001	0.001	0.946
>GTTCAATTTCTT	10-GTTCAATTTCTT	12.811471	-15.677690	0	T:9.0(12.16%),B:447.4(1.11%),P:1e-6	Tpos:470.3,Tstd:292.8,Bpos:523.9,Bstd:284.0,StrandBias:0.0,Multiplicity:1.11
0.084	0.001	0.864	0.051
0.001	0.001	0.001	0.997
0.001	0.001	0.001	0.997
0.121	0.781	0.001	0.097
0.808	0.001	0.190	0.001
0.997	0.001	0.001	0.001
0.001	0.158	0.001	0.840
0.001	0.001	0.001	0.997
0.173	0.001	0.001	0.825
0.001	0.997	0.001	0.001
0.001	0.001	0.001	0.997
0.001	0.001	0.001	0.997
>AACAAGAGGGAA	11-AACAAGAGGGAA	14.326825	-14.178067	0	T:3.0(4.05%),B:7.7(0.02%),P:1e-6	Tpos:545.0,Tstd:269.4,Bpos:715.1,Bstd:185.8,StrandBias:1.0,Multiplicity:1.00
0.997	0.001	0.001	0.001
0.690	0.001	0.001	0.308
0.213	0.665	0.121	0.001
0.997	0.001	0.001	0.001
0.997	0.001	0.001	0.001
0.001	0.121	0.772	0.106
0.809	0.104	0.001	0.086
0.001	0.001	0.997	0.001
0.001	0.001	0.748	0.250
0.191	0.001	0.711	0.097
0.662	0.193	0.144	0.001
0.997	0.001	0.001	0.001
>ATCACAGCTTGC	12-ATCACAGCTTGC	11.881144	-13.011632	0	T:6.0(8.11%),B:200.6(0.50%),P:1e-5	Tpos:494.1,Tstd:251.0,Bpos:489.9,Bstd:313.6,StrandBias:0.0,Multiplicity:1.33
0.997	0.001	0.001	0.001
0.001	0.001	0.284	0.714
0.001	0.997	0.001	0.001
0.997	0.001	0.001	0.001
0.001	0.618	0.001	0.380
0.725	0.001	0.001	0.273
0.001	0.001	0.980	0.018
0.001	0.725	0.001	0.273
0.380	0.001	0.001	0.618
0.001	0.001	0.001	0.997
0.001	0.001	0.714	0.284
0.001	0.997	0.001	0.001
>CAACTTTTTAGT	13-CAACTTTTTAGT	12.033025	-12.973233	0	T:9.0(12.16%),B:623.4(1.54%),P:1e-5	Tpos:571.6,Tstd:249.8,Bpos:487.7,Bstd:311.3,StrandBias:-1.4,Multiplicity:1.22
0.110	0.888	0.001	0.001
0.997	0.001	0.001	0.001
0.997	0.001	0.001	0.001
0.085	0.719	0.113	0.083
0.001	0.001	0.001	0.997
0.001	0.001	0.001	0.997
0.001	0.001	0.001	0.997
0.192	0.001	0.001	0.806
0.001	0.098	0.001	0.900
0.997	0.001	0.001	0.001
0.105	0.001	0.804	0.090
0.001	0.001	0.001	0.997
>GGGTATTTATTT	14-GGGTATTTATTT	14.842221	-11.787084	0	T:3.0(4.05%),B:18.9(0.05%),P:1e-5	Tpos:564.7,Tstd:180.8,Bpos:546.2,Bstd:187.5,StrandBias:-1.0,Multiplicity:2.00
0.001	0.001	0.997	0.001
0.001	0.001	0.997	0.001
0.001	0.001	0.997	0.001
0.001	0.172	0.234	0.593
0.997	0.001	0.001	0.001
0.001	0.001	0.001	0.997
0.001	0.001	0.001	0.997
0.001	0.001	0.001	0.997
0.997	0.001	0.001	0.001
0.001	0.001	0.001	0.997
0.001	0.001	0.001	0.997
0.001	0.001	0.001	0.997
>AAACCABGCAGG	15-AAACCABGCAGG	9.548011	-11.350353	0	T:7.0(9.46%),B:411.3(1.02%),P:1e-4	Tpos:549.6,Tstd:239.1,Bpos:527.2,Bstd:308.3,StrandBias:-1.6,Multiplicity:1.71
0.853	0.001	0.145	0.001
0.727	0.136	0.001	0.136
0.997	0.001	0.001	0.001
0.001	0.733	0.262	0.004
0.001	0.865	0.001	0.133
0.473	0.269	0.001	0.257
0.102	0.283	0.368	0.247
0.008	0.242	0.648	0.102
0.121	0.739	0.001	0.139
0.874	0.121	0.004	0.001
0.121	0.114	0.659	0.106
0.004	0.121	0.739	0.136
>CTAKTGTAAATT	16-CTAKTGTAAATT	12.087710	-10.368576	0	T:6.0(8.11%),B:322.7(0.80%),P:1e-4	Tpos:252.6,Tstd:231.1,Bpos:506.3,Bstd:297.0,StrandBias:-1.0,Multiplicity:1.50
0.249	0.749	0.001	0.001
0.001	0.001	0.001	0.997
0.670	0.328	0.001	0.001
0.145	0.001	0.389	0.464
0.323	0.001	0.132	0.544
0.001	0.177	0.821	0.001
0.001	0.001	0.001	0.997
0.810	0.001	0.188	0.001
0.997	0.001	0.001	0.001
0.997	0.001	0.001	0.001
0.001	0.001	0.001	0.997
0.001	0.001	0.001	0.997
>AAACTGGAGCAC	17-AAACTGGAGCAC	12.355432	-9.585266	0	T:2.0(2.70%),B:5.9(0.01%),P:1e-4	Tpos:681.0,Tstd:366.0,Bpos:469.3,Bstd:234.6,StrandBias:-1.0,Multiplicity:1.50
0.700	0.100	0.100	0.100
0.700	0.100	0.100	0.100
0.700	0.100	0.100	0.100
0.100	0.700	0.100	0.100
0.100	0.100	0.100	0.700
0.100	0.100	0.700	0.100
0.100	0.100	0.700	0.100
0.700	0.100	0.100	0.100
0.100	0.100	0.700	0.100
0.100	0.700	0.100	0.100
0.700	0.100	0.100	0.100
0.100	0.700	0.100	0.100
>TGTATATTTACG	18-TGTATATTTACG	14.163073	-5.569908	0	T:2.0(2.70%),B:48.5(0.12%),P:1e-2	Tpos:558.0,Tstd:251.3,Bpos:438.4,Bstd:266.6,StrandBias:-1.6,Multiplicity:2.00
0.001	0.001	0.001	0.997
0.001	0.001	0.997	0.001
0.001	0.001	0.001	0.997
0.777	0.001	0.221	0.001
0.163	0.001	0.001	0.835
0.997	0.001	0.001	0.001
0.001	0.001	0.001	0.997
0.001	0.001	0.001	0.997
0.001	0.001	0.001	0.997
0.724	0.274	0.001	0.001
0.001	0.814	0.001	0.184
0.001	0.001	0.997	0.001
>TGTAGATTTACG	19-TGTAGATTTACG	13.369866	-3.904876	0	T:2.0(2.70%),B:117.2(0.29%),P:1e-1	Tpos:305.3,Tstd:229.2,Bpos:554.1,Bstd:286.8,StrandBias:-10.0,Multiplicity:6.00
0.105	0.001	0.095	0.799
0.105	0.001	0.893	0.001
0.001	0.001	0.001	0.997
0.997	0.001	0.001	0.001
0.068	0.001	0.868	0.063
0.997	0.001	0.001	0.001
0.001	0.001	0.001	0.997
0.001	0.001	0.001	0.997
0.001	0.091	0.001	0.907
0.997	0.001	0.001	0.001
0.001	0.924	0.001	0.074
0.063	0.001	0.935	0.001
>GTGGCTGA	1-GTGGCTGA	7.675460	-12.099945	0	T:23.0(31.08%),B:4643.1(11.48%),P:1e-5	Tpos:438.9,Tstd:242.1,Bpos:498.1,Bstd:319.8,StrandBias:-0.6,Multiplicity:1.22
0.416	0.001	0.582	0.001
0.001	0.001	0.001	0.997
0.001	0.001	0.997	0.001
0.001	0.090	0.908	0.001
0.001	0.997	0.001	0.001
0.181	0.001	0.001	0.817
0.001	0.116	0.882	0.001
0.879	0.119	0.001	0.001
>AAGCTGAA	2-AAGCTGAA	7.395867	-10.886216	0	T:45.0(60.81%),B:14754.5(36.49%),P:1e-4	Tpos:531.3,Tstd:291.4,Bpos:508.9,Bstd:308.1,StrandBias:0.0,Multiplicity:1.51
0.801	0.026	0.001	0.172
0.983	0.015	0.001	0.001
0.126	0.001	0.872	0.001
0.001	0.997	0.001	0.001
0.001	0.001	0.059	0.939
0.001	0.017	0.978	0.004
0.637	0.024	0.001	0.338
0.660	0.117	0.107	0.116
>CTTGCATA	3-CTTGCATA	8.085668	-10.131863	0	T:26.0(35.14%),B:6405.2(15.84%),P:1e-4	Tpos:453.5,Tstd:264.2,Bpos:519.0,Bstd:308.9,StrandBias:0.6,Multiplicity:1.35
0.001	0.997	0.001	0.001
0.001	0.001	0.001	0.997
0.001	0.129	0.001	0.869
0.216	0.001	0.782	0.001
0.001	0.997	0.001	0.001
0.873	0.001	0.125	0.001
0.134	0.001	0.001	0.864
0.629	0.001	0.001	0.369
>CACGCAGG	4-CACGCAGG	7.696793	-8.148300	0	T:9.0(12.16%),B:1167.8(2.89%),P:1e-3	Tpos:581.5,Tstd:222.7,Bpos:512.2,Bstd:299.6,StrandBias:-2.6,Multiplicity:1.56
0.001	0.997	0.001	0.001
0.808	0.101	0.001	0.090
0.001	0.949	0.001	0.049
0.001	0.001	0.997	0.001
0.001	0.944	0.054	0.001
0.821	0.103	0.001	0.075
0.001	0.001	0.997	0.001
0.001	0.001	0.997	0.001
>GTAAATCT	5-GTAAATCT	8.236954	-2.434210	0	T:6.0(8.11%),B:1680.2(4.16%),P:1e-1	Tpos:286.4,Tstd:181.2,Bpos:540.3,Bstd:322.0,StrandBias:1.8,Multiplicity:3.00
0.100	0.100	0.700	0.100
0.100	0.100	0.100	0.700
0.700	0.100	0.100	0.100
0.700	0.100	0.100	0.100
0.700	0.100	0.100	0.100
0.100	0.100	0.100	0.700
0.100	0.700	0.100	0.100
0.100	0.100	0.100	0.700
