>GCAGAACAAC	1-GCAGAACAAC	9.959124	-23.365217	0	T:16.0(21.62%),B:1045.9(2.59%),P:1e-10	Tpos:623.6,Tstd:272.6,Bpos:489.3,Bstd:304.0,StrandBias:0.7,Multiplicity:1.00
0.001	0.001	0.946	0.052
0.052	0.870	0.077	0.001
0.997	0.001	0.001	0.001
0.001	0.001	0.920	0.078
0.893	0.001	0.001	0.105
0.997	0.001	0.001	0.001
0.101	0.823	0.075	0.001
0.997	0.001	0.001	0.001
0.778	0.001	0.112	0.109
0.001	0.855	0.080	0.064
>GCCGCACCAG	2-GCCGCACCAG	11.470254	-23.117642	0	T:7.0(9.46%),B:68.3(0.17%),P:1e-10	Tpos:397.3,Tstd:270.5,Bpos:514.1,Bstd:277.2,StrandBias:-0.4,Multiplicity:1.00
0.001	0.001	0.997	0.001
0.001	0.997	0.001	0.001
0.001	0.997	0.001	0.001
0.195	0.001	0.803	0.001
0.001	0.997	0.001	0.001
0.997	0.001	0.001	0.001
0.001	0.997	0.001	0.001
0.001	0.780	0.001	0.218
0.803	0.001	0.001	0.195
0.185	0.001	0.813	0.001
>CCGAGATCTG	3-CCGAGATCTG	10.573082	-21.512564	0	T:9.0(12.16%),B:223.3(0.55%),P:1e-9	Tpos:430.8,Tstd:264.5,Bpos:493.4,Bstd:308.6,StrandBias:-1.0,Multiplicity:1.00
0.001	0.858	0.140	0.001
0.075	0.746	0.092	0.087
0.001	0.001	0.997	0.001
0.879	0.001	0.119	0.001
0.001	0.001	0.997	0.001
0.871	0.001	0.127	0.001
0.001	0.001	0.093	0.905
0.059	0.939	0.001	0.001
0.100	0.001	0.001	0.898
0.001	0.001	0.997	0.001
>GACCCGTAAT	4-GACCCGTAAT	10.665942	-20.300415	0	T:8.0(10.81%),B:172.1(0.43%),P:1e-8	Tpos:490.0,Tstd:302.8,Bpos:476.6,Bstd:301.0,StrandBias:0.7,Multiplicity:1.00
0.114	0.001	0.749	0.136
0.997	0.001	0.001	0.001
0.001	0.997	0.001	0.001
0.001	0.802	0.196	0.001
0.001	0.700	0.168	0.131
0.001	0.001	0.997	0.001
0.099	0.001	0.001	0.899
0.997	0.001	0.001	0.001
0.997	0.001	0.001	0.001
0.001	0.001	0.001	0.997
>CGTGAGTAGA	5-CGTGAGTAGA	10.850210	-17.760381	0	T:8.0(10.81%),B:241.4(0.60%),P:1e-7	Tpos:476.4,Tstd:360.4,Bpos:495.7,Bstd:304.6,StrandBias:-1.6,Multiplicity:1.00
0.001	0.887	0.001	0.111
0.001	0.001	0.856	0.142
0.001	0.001	0.001	0.997
0.001	0.001	0.997	0.001
0.997	0.001	0.001	0.001
0.001	0.001	0.834	0.164
0.116	0.001	0.136	0.747
0.997	0.001	0.001	0.001
0.155	0.001	0.843	0.001
0.997	0.001	0.001	0.001
>AGATTTGAAT	6-AGATTTGAAT	10.193843	-16.575108	0	T:16.0(21.62%),B:1695.2(4.19%),P:1e-7	Tpos:432.2,Tstd:287.2,Bpos:505.7,Bstd:299.6,StrandBias:-0.2,Multiplicity:1.06
0.997	0.001	0.001	0.001
0.001	0.001	0.997	0.001
0.997	0.001	0.001	0.001
0.001	0.001	0.001	0.997
0.001	0.001	0.001	0.997
0.075	0.001	0.001	0.923
0.043	0.001	0.955	0.001
0.843	0.080	0.001	0.076
0.776	0.095	0.075	0.054
0.001	0.001	0.001	0.997
>CACATGTAGT	7-CACATGTAGT	9.056204	-15.766257	0	T:11.0(14.86%),B:753.3(1.86%),P:1e-6	Tpos:443.2,Tstd:275.8,Bpos:508.0,Bstd:310.0,StrandBias:-0.5,Multiplicity:1.09
0.097	0.901	0.001	0.001
0.997	0.001	0.001	0.001
0.078	0.798	0.123	0.001
0.891	0.001	0.001	0.107
0.085	0.001	0.001	0.913
0.001	0.115	0.805	0.079
0.001	0.001	0.001	0.997
0.997	0.001	0.001	0.001
0.001	0.114	0.806	0.079
0.001	0.001	0.001	0.997
>CTTTGGCGTC	8-CTTTGGCGTC	10.880761	-15.000224	0	T:8.0(10.81%),B:349.7(0.86%),P:1e-6	Tpos:319.4,Tstd:261.2,Bpos:481.6,Bstd:304.5,StrandBias:0.3,Multiplicity:1.12
0.123	0.653	0.001	0.223
0.001	0.001	0.001	0.997
0.001	0.001	0.001	0.997
0.001	0.001	0.001	0.997
0.001	0.001	0.997	0.001
0.128	0.001	0.756	0.115
0.001	0.997	0.001	0.001
0.001	0.001	0.997	0.001
0.001	0.001	0.124	0.874
0.155	0.843	0.001	0.001
>GTTACCATGA	9-GTTACCATGA	7.504951	-14.398432	0	T:22.0(29.73%),B:3737.5(9.24%),P:1e-6	Tpos:463.6,Tstd:310.6,Bpos:512.6,Bstd:310.2,StrandBias:0.1,Multiplicity:1.23
0.043	0.100	0.799	0.058
0.142	0.039	0.084	0.735
0.140	0.055	0.156	0.649
0.712	0.184	0.001	0.103
0.102	0.762	0.024	0.112
0.048	0.950	0.001	0.001
0.883	0.034	0.082	0.001
0.091	0.001	0.068	0.840
0.019	0.060	0.853	0.068
0.830	0.061	0.071	0.038
>TTTTTGCAAG	10-TTTTTGCAAG	11.226884	-13.670274	0	T:10.0(13.51%),B:744.6(1.84%),P:1e-5	Tpos:603.8,Tstd:205.1,Bpos:501.8,Bstd:304.9,StrandBias:0.2,Multiplicity:1.30
0.001	0.092	0.001	0.906
0.001	0.001	0.001	0.997
0.001	0.001	0.001	0.997
0.001	0.081	0.001	0.917
0.001	0.001	0.001	0.997
0.001	0.001	0.997	0.001
0.001	0.997	0.001	0.001
0.997	0.001	0.001	0.001
0.997	0.001	0.001	0.001
0.001	0.001	0.997	0.001
>GTCAGCCATC	11-GTCAGCCATC	10.905703	-13.032618	0	T:7.0(9.46%),B:316.6(0.78%),P:1e-5	Tpos:511.6,Tstd:263.0,Bpos:503.5,Bstd:320.4,StrandBias:-3.0,Multiplicity:1.29
0.001	0.126	0.672	0.201
0.001	0.148	0.001	0.850
0.001	0.873	0.125	0.001
0.997	0.001	0.001	0.001
0.124	0.134	0.741	0.001
0.001	0.997	0.001	0.001
0.001	0.997	0.001	0.001
0.997	0.001	0.001	0.001
0.001	0.001	0.001	0.997
0.001	0.997	0.001	0.001
>CACGCAGGCG	12-CACGCAGGCG	9.279325	-8.923547	0	T:5.0(6.76%),B:262.8(0.65%),P:1e-3	Tpos:623.0,Tstd:135.2,Bpos:518.7,Bstd:280.9,StrandBias:-3.5,Multiplicity:2.40
0.001	0.997	0.001	0.001
0.997	0.001	0.001	0.001
0.001	0.665	0.001	0.333
0.001	0.001	0.997	0.001
0.001	0.665	0.333	0.001
0.966	0.001	0.001	0.032
0.001	0.001	0.997	0.001
0.001	0.001	0.997	0.001
0.001	0.947	0.001	0.051
0.224	0.001	0.774	0.001
>CCATTAAACC	13-CCATTAAACC	8.350283	-7.047777	0	T:10.0(13.51%),B:1653.4(4.09%),P:1e-3	Tpos:630.8,Tstd:296.8,Bpos:497.5,Bstd:308.3,StrandBias:2.3,Multiplicity:1.20
0.100	0.700	0.100	0.100
0.100	0.700	0.100	0.100
0.700	0.100	0.100	0.100
0.100	0.100	0.100	0.700
0.100	0.100	0.100	0.700
0.700	0.100	0.100	0.100
0.700	0.100	0.100	0.100
0.700	0.100	0.100	0.100
0.100	0.700	0.100	0.100
0.100	0.700	0.100	0.100
>GTAGATTTAC	14-GTAGATTTAC	11.405484	-2.797051	0	T:2.0(2.70%),B:217.4(0.54%),P:1e-1	Tpos:258.4,Tstd:138.5,Bpos:539.2,Bstd:306.7,StrandBias:-10.0,Multiplicity:6.00
0.001	0.001	0.997	0.001
0.001	0.001	0.001	0.997
0.997	0.001	0.001	0.001
0.001	0.001	0.997	0.001
0.997	0.001	0.001	0.001
0.001	0.001	0.001	0.997
0.001	0.001	0.001	0.997
0.001	0.079	0.088	0.832
0.997	0.001	0.001	0.001
0.001	0.997	0.001	0.001
