>NCCCAGAGCCWD	25-NCCCAGAGCCWD,BestGuess:POL013.1_MED-1/Jaspar(0.629)	6.286936	-6.498920	0	T:6.0(50.00%),B:4490.7(12.09%),P:1e-2
0.144	0.283	0.283	0.290
0.144	0.781	0.073	0.002
0.283	0.646	0.001	0.070
0.001	0.713	0.143	0.143
0.434	0.212	0.212	0.142
0.001	0.214	0.644	0.141
0.643	0.071	0.144	0.142
0.002	0.071	0.785	0.142
0.001	0.715	0.214	0.070
0.001	0.713	0.141	0.145
0.288	0.144	0.142	0.427
0.359	0.142	0.287	0.212
