>HWGGCTCTGGGN	25-NCCCAGAGCCWD	6.286936	-6.498920	0	T:6.0(50.00%),B:4490.7(12.09%),P:1e-2
0.212	0.287	0.142	0.359
0.427	0.142	0.144	0.288
0.145	0.141	0.713	0.001
0.070	0.214	0.715	0.001
0.142	0.785	0.071	0.002
0.142	0.144	0.071	0.643
0.141	0.644	0.214	0.001
0.142	0.212	0.212	0.434
0.143	0.143	0.713	0.001
0.070	0.001	0.646	0.283
0.002	0.073	0.781	0.144
0.290	0.283	0.283	0.144
