>AGTCAACCTC	1-AGTCAACCTC	7.459179	-20.710802	0	T:32.0(29.36%),B:3671.1(8.92%),P:1e-8	Tpos:488.3,Tstd:309.3,Bpos:491.2,Bstd:290.0,StrandBias:0.7,Multiplicity:1.12
0.822	0.127	0.030	0.021
0.024	0.043	0.843	0.090
0.067	0.028	0.043	0.862
0.080	0.890	0.001	0.029
0.873	0.039	0.033	0.055
0.693	0.097	0.001	0.209
0.122	0.575	0.203	0.100
0.121	0.774	0.023	0.082
0.065	0.001	0.043	0.891
0.114	0.789	0.059	0.038
>AACTCTTATC	2-AACTCTTATC	10.137176	-19.973714	0	T:20.0(18.35%),B:1471.5(3.57%),P:1e-8	Tpos:510.6,Tstd:269.9,Bpos:517.4,Bstd:295.8,StrandBias:0.3,Multiplicity:1.00
0.997	0.001	0.001	0.001
0.787	0.001	0.080	0.132
0.001	0.852	0.001	0.146
0.071	0.001	0.001	0.927
0.055	0.809	0.060	0.076
0.001	0.001	0.001	0.997
0.083	0.001	0.001	0.915
0.836	0.053	0.080	0.031
0.001	0.001	0.001	0.997
0.001	0.997	0.001	0.001
>TCAGTACGAG	3-TCAGTACGAG	10.932826	-18.576375	0	T:9.0(8.26%),B:213.7(0.52%),P:1e-8	Tpos:627.6,Tstd:261.7,Bpos:457.7,Bstd:324.4,StrandBias:-0.6,Multiplicity:1.11
0.001	0.001	0.180	0.818
0.001	0.997	0.001	0.001
0.997	0.001	0.001	0.001
0.001	0.001	0.853	0.145
0.001	0.001	0.001	0.997
0.997	0.001	0.001	0.001
0.132	0.735	0.001	0.132
0.001	0.001	0.997	0.001
0.997	0.001	0.001	0.001
0.106	0.142	0.751	0.001
>GATATTCTCG	4-GATATTCTCG	10.379819	-18.574341	0	T:15.0(13.76%),B:843.4(2.05%),P:1e-8	Tpos:495.7,Tstd:323.2,Bpos:510.1,Bstd:293.0,StrandBias:-0.6,Multiplicity:1.00
0.049	0.070	0.801	0.080
0.899	0.001	0.001	0.099
0.001	0.001	0.001	0.997
0.751	0.001	0.087	0.161
0.001	0.001	0.001	0.997
0.001	0.001	0.001	0.997
0.081	0.830	0.088	0.001
0.001	0.001	0.001	0.997
0.170	0.828	0.001	0.001
0.041	0.001	0.957	0.001
>TCCAGTGGAA	5-TCCAGTGGAA	10.591428	-17.161700	0	T:11.0(10.09%),B:441.7(1.07%),P:1e-7	Tpos:443.9,Tstd:259.0,Bpos:492.2,Bstd:294.9,StrandBias:-0.4,Multiplicity:1.09
0.001	0.001	0.001	0.997
0.067	0.652	0.001	0.280
0.031	0.903	0.001	0.065
0.907	0.091	0.001	0.001
0.001	0.161	0.837	0.001
0.001	0.001	0.001	0.997
0.001	0.001	0.997	0.001
0.001	0.064	0.934	0.001
0.997	0.001	0.001	0.001
0.917	0.001	0.081	0.001
>GGAATAGTCG	6-GGAATAGTCG	10.237591	-16.447077	0	T:12.0(11.01%),B:590.4(1.43%),P:1e-7	Tpos:486.4,Tstd:371.5,Bpos:476.0,Bstd:303.0,StrandBias:0.0,Multiplicity:1.00
0.114	0.001	0.774	0.111
0.001	0.001	0.997	0.001
0.997	0.001	0.001	0.001
0.997	0.001	0.001	0.001
0.066	0.001	0.001	0.932
0.799	0.103	0.001	0.097
0.001	0.001	0.916	0.082
0.001	0.001	0.126	0.872
0.095	0.827	0.001	0.077
0.001	0.001	0.997	0.001
>CACATGCGCT	7-CACATGCGCT	10.824219	-15.770961	0	T:9.0(8.26%),B:299.6(0.73%),P:1e-6	Tpos:411.8,Tstd:234.6,Bpos:527.7,Bstd:292.7,StrandBias:-1.2,Multiplicity:1.11
0.001	0.997	0.001	0.001
0.997	0.001	0.001	0.001
0.176	0.614	0.001	0.209
0.997	0.001	0.001	0.001
0.001	0.001	0.001	0.997
0.001	0.001	0.997	0.001
0.130	0.868	0.001	0.001
0.112	0.001	0.886	0.001
0.001	0.817	0.001	0.181
0.001	0.001	0.001	0.997
>CTRGACCCCG	8-CTRGACCCCG	9.643073	-14.497820	0	T:6.0(5.50%),B:104.4(0.25%),P:1e-6	Tpos:447.0,Tstd:322.6,Bpos:546.7,Bstd:278.6,StrandBias:1.0,Multiplicity:1.50
0.001	0.997	0.001	0.001
0.001	0.001	0.001	0.997
0.533	0.001	0.465	0.001
0.115	0.001	0.761	0.123
0.997	0.001	0.001	0.001
0.001	0.997	0.001	0.001
0.001	0.997	0.001	0.001
0.229	0.635	0.135	0.001
0.001	0.997	0.001	0.001
0.001	0.001	0.997	0.001
>TACTTAGCRT	9-TACTTAGCRT	9.337976	-13.486699	0	T:11.0(10.09%),B:644.4(1.57%),P:1e-5	Tpos:339.2,Tstd:194.5,Bpos:503.0,Bstd:280.6,StrandBias:0.2,Multiplicity:1.18
0.182	0.001	0.001	0.816
0.997	0.001	0.001	0.001
0.001	0.894	0.104	0.001
0.001	0.001	0.001	0.997
0.001	0.001	0.158	0.840
0.997	0.001	0.001	0.001
0.001	0.001	0.849	0.149
0.249	0.749	0.001	0.001
0.327	0.001	0.473	0.199
0.198	0.001	0.001	0.800
>GATCAAAGAC	10-GATCAAAGAC	9.529872	-13.315390	0	T:14.0(12.84%),B:1110.1(2.70%),P:1e-5	Tpos:408.1,Tstd:270.3,Bpos:494.7,Bstd:290.4,StrandBias:0.7,Multiplicity:1.29
0.094	0.001	0.904	0.001
0.755	0.075	0.104	0.066
0.001	0.001	0.004	0.994
0.074	0.801	0.074	0.051
0.728	0.090	0.001	0.181
0.900	0.098	0.001	0.001
0.792	0.206	0.001	0.001
0.200	0.001	0.777	0.022
0.997	0.001	0.001	0.001
0.001	0.939	0.055	0.005
>GGGTACGATT	11-GGGTACGATT	11.941527	-10.886157	0	T:4.0(3.67%),B:55.1(0.13%),P:1e-4	Tpos:407.3,Tstd:293.0,Bpos:515.4,Bstd:305.0,StrandBias:-2.3,Multiplicity:1.50
0.001	0.001	0.997	0.001
0.001	0.001	0.997	0.001
0.001	0.001	0.997	0.001
0.001	0.001	0.001	0.997
0.997	0.001	0.001	0.001
0.193	0.805	0.001	0.001
0.001	0.221	0.777	0.001
0.997	0.001	0.001	0.001
0.001	0.001	0.001	0.997
0.001	0.001	0.001	0.997
>ACGTCGARTK	12-ACGTCGARTK	8.936637	-9.787530	0	T:19.0(17.43%),B:2610.2(6.34%),P:1e-4	Tpos:475.9,Tstd:310.4,Bpos:503.5,Bstd:293.5,StrandBias:-0.5,Multiplicity:1.50
0.995	0.001	0.003	0.001
0.296	0.585	0.001	0.118
0.199	0.001	0.799	0.001
0.101	0.005	0.006	0.888
0.052	0.942	0.001	0.005
0.075	0.001	0.792	0.132
0.989	0.001	0.006	0.004
0.469	0.173	0.357	0.001
0.008	0.001	0.001	0.990
0.001	0.001	0.558	0.440
>AAAATGAGCA	13-AAAATGAGCA	9.274314	-9.181362	0	T:33.0(30.28%),B:6466.0(15.71%),P:1e-3	Tpos:497.6,Tstd:280.4,Bpos:515.8,Bstd:296.8,StrandBias:-0.7,Multiplicity:1.52
0.937	0.001	0.022	0.040
0.927	0.036	0.001	0.036
0.921	0.001	0.045	0.033
0.970	0.028	0.001	0.001
0.017	0.022	0.001	0.960
0.040	0.220	0.651	0.089
0.914	0.033	0.052	0.001
0.001	0.018	0.980	0.001
0.144	0.824	0.031	0.001
0.984	0.001	0.001	0.014
>CYAYAACGCC	14-CYAYAACGCC	7.054396	-8.882696	0	T:18.0(16.51%),B:2559.6(6.22%),P:1e-3	Tpos:401.7,Tstd:264.1,Bpos:495.6,Bstd:307.0,StrandBias:1.2,Multiplicity:1.44
0.001	0.741	0.153	0.105
0.048	0.459	0.002	0.492
0.892	0.059	0.048	0.001
0.220	0.376	0.134	0.270
0.657	0.001	0.293	0.049
0.678	0.053	0.061	0.208
0.026	0.928	0.001	0.045
0.041	0.269	0.645	0.045
0.001	0.623	0.350	0.026
0.045	0.822	0.001	0.132
>MGTCGTAGAT	15-MGTCGTAGAT	8.475698	-8.496284	0	T:14.0(12.84%),B:1729.1(4.20%),P:1e-3	Tpos:464.9,Tstd:255.8,Bpos:513.8,Bstd:298.4,StrandBias:-0.5,Multiplicity:1.71
0.459	0.349	0.146	0.046
0.112	0.105	0.782	0.001
0.181	0.001	0.001	0.817
0.314	0.684	0.001	0.001
0.161	0.001	0.836	0.002
0.001	0.001	0.001	0.997
0.543	0.311	0.080	0.066
0.001	0.066	0.618	0.315
0.997	0.001	0.001	0.001
0.001	0.001	0.001	0.997
>WAAACSTGAA	16-WAAACSTGAA	9.985648	-7.725217	0	T:21.0(19.27%),B:3582.2(8.70%),P:1e-3	Tpos:532.6,Tstd:291.1,Bpos:524.1,Bstd:293.7,StrandBias:1.0,Multiplicity:1.43
0.471	0.001	0.001	0.527
0.822	0.001	0.176	0.001
0.726	0.272	0.001	0.001
0.997	0.001	0.001	0.001
0.001	0.997	0.001	0.001
0.001	0.570	0.428	0.001
0.001	0.001	0.224	0.774
0.001	0.001	0.829	0.169
0.997	0.001	0.001	0.001
0.997	0.001	0.001	0.001
>AGCCCATACT	17-AGCCCATACT	11.523327	-6.894936	0	T:3.0(2.75%),B:72.0(0.17%),P:1e-2	Tpos:480.4,Tstd:198.0,Bpos:524.8,Bstd:289.8,StrandBias:1.3,Multiplicity:2.33
0.997	0.001	0.001	0.001
0.001	0.001	0.852	0.146
0.001	0.997	0.001	0.001
0.001	0.997	0.001	0.001
0.001	0.997	0.001	0.001
0.997	0.001	0.001	0.001
0.001	0.134	0.001	0.864
0.997	0.001	0.001	0.001
0.001	0.997	0.001	0.001
0.136	0.001	0.001	0.862
>GCCCCGCTAG	18-GCCCCGCTAG	10.296193	-5.244947	0	T:1.0(0.92%),B:2.0(0.00%),P:1e-2	Tpos:283.8,Tstd:182.8,Bpos:942.4,Bstd:65.2,StrandBias:-10.0,Multiplicity:4.00
0.100	0.100	0.700	0.100
0.100	0.700	0.100	0.100
0.100	0.700	0.100	0.100
0.100	0.700	0.100	0.100
0.100	0.700	0.100	0.100
0.100	0.100	0.700	0.100
0.100	0.700	0.100	0.100
0.100	0.100	0.100	0.700
0.700	0.100	0.100	0.100
0.100	0.100	0.700	0.100
>GCTAAATTTC	19-GCTAAATTTC	10.296193	-4.047628	0	T:3.0(2.75%),B:203.4(0.49%),P:1e-1	Tpos:424.4,Tstd:277.5,Bpos:476.1,Bstd:292.8,StrandBias:-1.3,Multiplicity:2.33
0.100	0.100	0.700	0.100
0.100	0.700	0.100	0.100
0.100	0.100	0.100	0.700
0.700	0.100	0.100	0.100
0.700	0.100	0.100	0.100
0.700	0.100	0.100	0.100
0.100	0.100	0.100	0.700
0.100	0.100	0.100	0.700
0.100	0.100	0.100	0.700
0.100	0.700	0.100	0.100
>GCGTCGTTAC	20-GCGTCGTTAC	10.296193	-3.750018	0	T:1.0(0.92%),B:8.9(0.02%),P:1e-1	Tpos:283.8,Tstd:191.2,Bpos:401.1,Bstd:170.2,StrandBias:-10.0,Multiplicity:6.00
0.100	0.100	0.700	0.100
0.100	0.700	0.100	0.100
0.100	0.100	0.700	0.100
0.100	0.100	0.100	0.700
0.100	0.700	0.100	0.100
0.100	0.100	0.700	0.100
0.100	0.100	0.100	0.700
0.100	0.100	0.100	0.700
0.700	0.100	0.100	0.100
0.100	0.700	0.100	0.100
>GAGTGGTTTTAA	1-GAGTGGTTTTAA	13.286749	-24.464217	0	T:8.0(7.34%),B:66.9(0.16%),P:1e-10	Tpos:528.1,Tstd:231.5,Bpos:546.3,Bstd:250.0,StrandBias:0.7,Multiplicity:1.00
0.078	0.090	0.831	0.001
0.997	0.001	0.001	0.001
0.001	0.001	0.997	0.001
0.001	0.001	0.001	0.997
0.001	0.001	0.997	0.001
0.001	0.152	0.714	0.133
0.001	0.152	0.001	0.846
0.001	0.001	0.152	0.846
0.001	0.001	0.001	0.997
0.001	0.001	0.001	0.997
0.900	0.001	0.001	0.098
0.997	0.001	0.001	0.001
>CCGCCATTCTCA	2-CCGCCATTCTCA	14.290060	-23.653763	0	T:5.0(4.59%),B:6.0(0.01%),P:1e-10	Tpos:261.4,Tstd:317.5,Bpos:472.8,Bstd:281.9,StrandBias:0.6,Multiplicity:1.00
0.001	0.794	0.001	0.204
0.001	0.810	0.188	0.001
0.001	0.001	0.997	0.001
0.001	0.997	0.001	0.001
0.001	0.856	0.001	0.142
0.997	0.001	0.001	0.001
0.001	0.001	0.001	0.997
0.230	0.001	0.001	0.768
0.001	0.997	0.001	0.001
0.001	0.001	0.001	0.997
0.001	0.997	0.001	0.001
0.997	0.001	0.001	0.001
>TGTGAATTTTAG	3-TGTGAATTTTAG	13.069553	-23.614899	0	T:14.0(12.84%),B:478.8(1.16%),P:1e-10	Tpos:532.8,Tstd:232.3,Bpos:483.5,Bstd:273.2,StrandBias:-3.6,Multiplicity:1.00
0.001	0.001	0.001	0.997
0.001	0.060	0.938	0.001
0.065	0.001	0.001	0.933
0.064	0.001	0.720	0.215
0.997	0.001	0.001	0.001
0.986	0.001	0.001	0.012
0.212	0.001	0.244	0.543
0.001	0.001	0.001	0.997
0.001	0.001	0.001	0.997
0.001	0.001	0.092	0.906
0.648	0.001	0.001	0.350
0.370	0.001	0.608	0.021
>CTCTAATTCTTC	4-CTCTAATTCTTC	13.696416	-22.773959	0	T:9.0(8.26%),B:129.9(0.32%),P:1e-9	Tpos:432.2,Tstd:285.0,Bpos:541.3,Bstd:302.7,StrandBias:1.0,Multiplicity:1.00
0.001	0.997	0.001	0.001
0.001	0.001	0.001	0.997
0.001	0.997	0.001	0.001
0.001	0.001	0.001	0.997
0.997	0.001	0.001	0.001
0.826	0.172	0.001	0.001
0.001	0.001	0.001	0.997
0.001	0.001	0.001	0.997
0.139	0.610	0.001	0.250
0.001	0.001	0.001	0.997
0.001	0.127	0.001	0.871
0.001	0.847	0.001	0.151
>ATCCAGTTTTAT	5-ATCCAGTTTTAT	13.438933	-21.735753	0	T:9.0(8.26%),B:146.4(0.36%),P:1e-9	Tpos:400.9,Tstd:224.7,Bpos:490.7,Bstd:311.3,StrandBias:0.3,Multiplicity:1.22
0.997	0.001	0.001	0.001
0.001	0.001	0.001	0.997
0.001	0.997	0.001	0.001
0.001	0.997	0.001	0.001
0.846	0.001	0.001	0.152
0.104	0.001	0.718	0.177
0.001	0.001	0.001	0.997
0.001	0.001	0.001	0.997
0.001	0.001	0.001	0.997
0.001	0.001	0.001	0.997
0.723	0.001	0.193	0.083
0.001	0.001	0.167	0.831
>WGACGAGAGACG	6-WGACGAGAGACG	10.587036	-19.438318	0	T:11.0(10.09%),B:351.2(0.85%),P:1e-8	Tpos:653.3,Tstd:217.7,Bpos:571.9,Bstd:290.1,StrandBias:-0.2,Multiplicity:1.18
0.566	0.001	0.001	0.432
0.149	0.001	0.595	0.255
0.856	0.001	0.142	0.001
0.224	0.638	0.137	0.001
0.083	0.001	0.915	0.001
0.636	0.362	0.001	0.001
0.001	0.001	0.821	0.177
0.997	0.001	0.001	0.001
0.001	0.001	0.997	0.001
0.854	0.001	0.144	0.001
0.001	0.997	0.001	0.001
0.001	0.001	0.997	0.001
>CAGTGGAAAAAC	7-CAGTGGAAAAAC	13.803897	-19.207012	0	T:8.0(7.34%),B:134.9(0.33%),P:1e-8	Tpos:519.0,Tstd:297.4,Bpos:488.9,Bstd:268.3,StrandBias:-2.8,Multiplicity:1.00
0.001	0.831	0.001	0.167
0.997	0.001	0.001	0.001
0.142	0.001	0.856	0.001
0.001	0.001	0.001	0.997
0.001	0.001	0.858	0.140
0.001	0.001	0.997	0.001
0.997	0.001	0.001	0.001
0.997	0.001	0.001	0.001
0.997	0.001	0.001	0.001
0.997	0.001	0.001	0.001
0.997	0.001	0.001	0.001
0.105	0.606	0.191	0.098
>GAACCATCKTAA	8-GAACCATCKTAA	9.601584	-18.987881	0	T:8.0(7.34%),B:138.8(0.34%),P:1e-8	Tpos:505.9,Tstd:346.7,Bpos:428.0,Bstd:261.4,StrandBias:0.7,Multiplicity:1.00
0.001	0.001	0.997	0.001
0.984	0.001	0.001	0.014
0.997	0.001	0.001	0.001
0.001	0.986	0.001	0.012
0.254	0.453	0.001	0.292
0.985	0.013	0.001	0.001
0.001	0.381	0.001	0.617
0.001	0.984	0.001	0.014
0.001	0.001	0.452	0.546
0.001	0.001	0.001	0.997
0.997	0.001	0.001	0.001
0.617	0.001	0.381	0.001
>AKTATGGGCTTT	9-AKTATGGGCTTT	11.768579	-15.007784	0	T:7.0(6.42%),B:158.6(0.39%),P:1e-6	Tpos:381.4,Tstd:213.2,Bpos:511.2,Bstd:257.7,StrandBias:-1.2,Multiplicity:1.43
0.997	0.001	0.001	0.001
0.001	0.001	0.485	0.513
0.141	0.001	0.001	0.857
0.880	0.001	0.008	0.111
0.001	0.001	0.001	0.997
0.001	0.134	0.864	0.001
0.116	0.001	0.882	0.001
0.150	0.001	0.848	0.001
0.163	0.544	0.292	0.001
0.001	0.001	0.001	0.997
0.001	0.001	0.001	0.997
0.150	0.163	0.001	0.686
>TTAGAAAATTCG	10-TTAGAAAATTCG	15.350718	-11.974387	0	T:4.0(3.67%),B:41.5(0.10%),P:1e-5	Tpos:219.6,Tstd:96.0,Bpos:505.6,Bstd:312.0,StrandBias:0.6,Multiplicity:1.25
0.001	0.001	0.001	0.997
0.001	0.001	0.001	0.997
0.997	0.001	0.001	0.001
0.001	0.001	0.997	0.001
0.997	0.001	0.001	0.001
0.997	0.001	0.001	0.001
0.997	0.001	0.001	0.001
0.997	0.001	0.001	0.001
0.001	0.001	0.286	0.712
0.001	0.001	0.001	0.997
0.001	0.997	0.001	0.001
0.001	0.001	0.997	0.001
>TARTTGAAGCCC	11-TARTTGAAGCCC	13.004331	-11.342898	0	T:3.0(2.75%),B:14.3(0.03%),P:1e-4	Tpos:436.7,Tstd:305.5,Bpos:521.8,Bstd:321.6,StrandBias:2.3,Multiplicity:2.00
0.001	0.001	0.001	0.997
0.997	0.001	0.001	0.001
0.503	0.001	0.495	0.001
0.001	0.001	0.001	0.997
0.001	0.001	0.001	0.997
0.001	0.001	0.997	0.001
0.997	0.001	0.001	0.001
0.997	0.001	0.001	0.001
0.001	0.001	0.997	0.001
0.092	0.906	0.001	0.001
0.001	0.997	0.001	0.001
0.410	0.588	0.001	0.001
>TTCTAGACHCCG	12-TTCTAGACHCCG	13.352333	-10.992575	0	T:3.0(2.75%),B:16.0(0.04%),P:1e-4	Tpos:462.2,Tstd:268.8,Bpos:417.7,Bstd:265.7,StrandBias:10.0,Multiplicity:2.00
0.001	0.001	0.001	0.997
0.001	0.001	0.001	0.997
0.001	0.997	0.001	0.001
0.001	0.001	0.001	0.997
0.997	0.001	0.001	0.001
0.001	0.001	0.997	0.001
0.667	0.001	0.331	0.001
0.274	0.724	0.001	0.001
0.331	0.336	0.001	0.331
0.001	0.997	0.001	0.001
0.274	0.724	0.001	0.001
0.001	0.331	0.667	0.001
>CSCCKCTAGMGG	13-CSCCKCTAGMGG	12.973210	-10.785881	0	T:2.0(1.83%),B:1.9(0.00%),P:1e-4	Tpos:259.2,Tstd:183.3,Bpos:647.9,Bstd:201.4,StrandBias:-0.3,Multiplicity:2.50
0.001	0.997	0.001	0.001
0.001	0.570	0.428	0.001
0.142	0.856	0.001	0.001
0.001	0.997	0.001	0.001
0.001	0.001	0.428	0.570
0.001	0.997	0.001	0.001
0.001	0.001	0.001	0.997
0.997	0.001	0.001	0.001
0.001	0.001	0.997	0.001
0.570	0.428	0.001	0.001
0.001	0.001	0.997	0.001
0.001	0.001	0.997	0.001
>GGTGCGAAATTT	14-GGTGCGAAATTT	8.704718	-10.350279	0	T:25.0(22.94%),B:3947.8(9.59%),P:1e-4	Tpos:478.6,Tstd:312.8,Bpos:516.6,Bstd:293.4,StrandBias:-0.2,Multiplicity:1.24
0.023	0.317	0.659	0.001
0.001	0.164	0.813	0.022
0.281	0.065	0.129	0.525
0.001	0.001	0.923	0.075
0.138	0.534	0.241	0.087
0.105	0.001	0.534	0.360
0.739	0.124	0.054	0.083
0.907	0.001	0.091	0.001
0.749	0.001	0.182	0.068
0.182	0.001	0.001	0.816
0.001	0.001	0.001	0.997
0.032	0.095	0.001	0.872
>GTATGTAAAAAA	15-GTATGTAAAAAA	14.142399	-9.732413	0	T:4.0(3.67%),B:75.0(0.18%),P:1e-4	Tpos:228.4,Tstd:142.2,Bpos:524.7,Bstd:291.7,StrandBias:1.3,Multiplicity:1.75
0.001	0.001	0.997	0.001
0.001	0.001	0.001	0.997
0.997	0.001	0.001	0.001
0.125	0.001	0.001	0.873
0.001	0.001	0.997	0.001
0.001	0.001	0.001	0.997
0.997	0.001	0.001	0.001
0.861	0.001	0.001	0.137
0.997	0.001	0.001	0.001
0.789	0.209	0.001	0.001
0.997	0.001	0.001	0.001
0.997	0.001	0.001	0.001
>ACTACGCTAAGT	16-ACTACGCTAAGT	12.112043	-9.684498	0	T:3.0(2.75%),B:26.6(0.06%),P:1e-4	Tpos:366.4,Tstd:186.5,Bpos:554.3,Bstd:276.1,StrandBias:10.0,Multiplicity:2.33
0.997	0.001	0.001	0.001
0.001	0.997	0.001	0.001
0.001	0.001	0.172	0.826
0.774	0.001	0.001	0.224
0.001	0.997	0.001	0.001
0.001	0.001	0.626	0.372
0.001	0.860	0.138	0.001
0.001	0.199	0.225	0.575
0.997	0.001	0.001	0.001
0.774	0.001	0.001	0.224
0.225	0.139	0.635	0.001
0.001	0.001	0.001	0.997
>ATCAGCAAAAAA	17-ATCAGCAAAAAA	11.780671	-9.411643	0	T:9.0(8.26%),B:669.8(1.63%),P:1e-4	Tpos:294.3,Tstd:197.6,Bpos:523.4,Bstd:278.9,StrandBias:-0.5,Multiplicity:1.89
0.997	0.001	0.001	0.001
0.001	0.001	0.001	0.997
0.001	0.925	0.001	0.073
0.997	0.001	0.001	0.001
0.001	0.001	0.997	0.001
0.072	0.926	0.001	0.001
0.787	0.103	0.001	0.109
0.747	0.150	0.102	0.001
0.997	0.001	0.001	0.001
0.997	0.001	0.001	0.001
0.997	0.001	0.001	0.001
0.997	0.001	0.001	0.001
>GCGTGCAGTCTC	18-GCGTGCAGTCTC	11.331174	-9.181630	0	T:2.0(1.83%),B:4.3(0.01%),P:1e-3	Tpos:283.4,Tstd:178.9,Bpos:547.3,Bstd:259.6,StrandBias:2.6,Multiplicity:3.50
0.001	0.001	0.997	0.001
0.001	0.997	0.001	0.001
0.001	0.157	0.841	0.001
0.001	0.001	0.001	0.997
0.001	0.001	0.997	0.001
0.001	0.997	0.001	0.001
0.961	0.037	0.001	0.001
0.001	0.001	0.997	0.001
0.001	0.001	0.001	0.997
0.119	0.879	0.001	0.001
0.001	0.001	0.001	0.997
0.001	0.997	0.001	0.001
>AACGTGACAGTC	19-AACGTGACAGTC	10.010714	-9.096417	0	T:4.0(3.67%),B:89.8(0.22%),P:1e-3	Tpos:590.1,Tstd:179.0,Bpos:534.9,Bstd:305.4,StrandBias:2.8,Multiplicity:2.00
0.997	0.001	0.001	0.001
0.997	0.001	0.001	0.001
0.001	0.997	0.001	0.001
0.001	0.001	0.997	0.001
0.001	0.001	0.001	0.997
0.001	0.065	0.933	0.001
0.997	0.001	0.001	0.001
0.157	0.841	0.001	0.001
0.925	0.001	0.073	0.001
0.013	0.001	0.842	0.144
0.001	0.001	0.001	0.997
0.001	0.997	0.001	0.001
>AAAAAAAAAAAT	20-AAAAAAAAAAAT	12.918343	-7.329979	0	T:15.0(13.76%),B:2178.6(5.29%),P:1e-3	Tpos:426.5,Tstd:267.4,Bpos:488.2,Bstd:300.8,StrandBias:-0.2,Multiplicity:1.20
0.560	0.086	0.028	0.326
0.779	0.058	0.087	0.076
0.820	0.066	0.082	0.032
0.870	0.056	0.033	0.041
0.745	0.066	0.125	0.064
0.838	0.068	0.048	0.046
0.769	0.083	0.064	0.084
0.786	0.066	0.046	0.102
0.740	0.089	0.054	0.117
0.947	0.001	0.051	0.001
0.565	0.004	0.018	0.413
0.171	0.091	0.023	0.715
>TTAGAATCTACG	21-TTAGAATCTACG	12.355432	-5.936786	0	T:1.0(0.92%),B:0.0(0.00%),P:1e-2	Tpos:305.6,Tstd:158.8,Bpos:0.0,Bstd:0.0,StrandBias:10.0,Multiplicity:5.00
0.100	0.100	0.100	0.700
0.100	0.100	0.100	0.700
0.700	0.100	0.100	0.100
0.100	0.100	0.700	0.100
0.700	0.100	0.100	0.100
0.700	0.100	0.100	0.100
0.100	0.100	0.100	0.700
0.100	0.700	0.100	0.100
0.100	0.100	0.100	0.700
0.700	0.100	0.100	0.100
0.100	0.700	0.100	0.100
0.100	0.100	0.700	0.100
>ACAACAGTAACG	22-ACAACAGTAACG	12.355432	-5.936786	0	T:1.0(0.92%),B:0.0(0.00%),P:1e-2	Tpos:335.6,Tstd:158.8,Bpos:0.0,Bstd:0.0,StrandBias:10.0,Multiplicity:5.00
0.700	0.100	0.100	0.100
0.100	0.700	0.100	0.100
0.700	0.100	0.100	0.100
0.700	0.100	0.100	0.100
0.100	0.700	0.100	0.100
0.700	0.100	0.100	0.100
0.100	0.100	0.700	0.100
0.100	0.100	0.100	0.700
0.700	0.100	0.100	0.100
0.700	0.100	0.100	0.100
0.100	0.700	0.100	0.100
0.100	0.100	0.700	0.100
>CCAAAGTTATAG	23-CCAAAGTTATAG	16.313465	-5.936786	0	T:1.0(0.92%),B:0.9(0.00%),P:1e-2	Tpos:507.0,Tstd:120.7,Bpos:395.0,Bstd:0.0,StrandBias:10.0,Multiplicity:4.00
0.001	0.997	0.001	0.001
0.001	0.997	0.001	0.001
0.749	0.001	0.249	0.001
0.997	0.001	0.001	0.001
0.997	0.001	0.001	0.001
0.001	0.001	0.997	0.001
0.001	0.001	0.001	0.997
0.001	0.001	0.001	0.997
0.997	0.001	0.001	0.001
0.001	0.001	0.001	0.997
0.997	0.001	0.001	0.001
0.001	0.001	0.997	0.001
>AGTTCGTGACCT	24-AGTTCGTGACCT	15.751612	-5.936786	0	T:1.0(0.92%),B:0.0(0.00%),P:1e-2	Tpos:547.0,Tstd:54.0,Bpos:0.0,Bstd:0.0,StrandBias:10.0,Multiplicity:2.00
0.997	0.001	0.001	0.001
0.001	0.001	0.997	0.001
0.001	0.001	0.001	0.997
0.001	0.001	0.001	0.997
0.001	0.771	0.001	0.227
0.256	0.001	0.742	0.001
0.001	0.001	0.001	0.997
0.256	0.001	0.742	0.001
0.997	0.001	0.001	0.001
0.001	0.997	0.001	0.001
0.001	0.997	0.001	0.001
0.001	0.001	0.001	0.997
>ATCGTACCCATA	25-ATCGTACCCATA	16.196016	-5.936786	0	T:1.0(0.92%),B:0.0(0.00%),P:1e-2	Tpos:237.3,Tstd:131.9,Bpos:0.0,Bstd:0.0,StrandBias:10.0,Multiplicity:3.00
0.997	0.001	0.001	0.001
0.001	0.001	0.001	0.997
0.001	0.997	0.001	0.001
0.001	0.001	0.997	0.001
0.001	0.001	0.001	0.997
0.997	0.001	0.001	0.001
0.001	0.666	0.001	0.332
0.001	0.997	0.001	0.001
0.001	0.997	0.001	0.001
0.997	0.001	0.001	0.001
0.001	0.001	0.001	0.997
0.997	0.001	0.001	0.001
>TCAATGTG	1-TCAATGTG	8.777432	-10.625700	0	T:23.0(21.10%),B:3387.8(8.23%),P:1e-4	Tpos:364.6,Tstd:259.9,Bpos:508.8,Bstd:280.6,StrandBias:-0.3,Multiplicity:1.09
0.001	0.172	0.001	0.826
0.001	0.997	0.001	0.001
0.997	0.001	0.001	0.001
0.876	0.001	0.122	0.001
0.001	0.001	0.001	0.997
0.001	0.001	0.997	0.001
0.001	0.001	0.001	0.997
0.001	0.001	0.997	0.001
>CTAGAGGC	2-CTAGAGGC	8.236954	-8.531233	0	T:5.0(4.59%),B:195.4(0.47%),P:1e-3	Tpos:494.2,Tstd:307.8,Bpos:527.3,Bstd:327.4,StrandBias:-0.7,Multiplicity:1.60
0.100	0.700	0.100	0.100
0.100	0.100	0.100	0.700
0.700	0.100	0.100	0.100
0.100	0.100	0.700	0.100
0.700	0.100	0.100	0.100
0.100	0.100	0.700	0.100
0.100	0.100	0.700	0.100
0.100	0.700	0.100	0.100
>TCGTTACT	3-TCGTTACT	9.401434	-8.013754	0	T:8.0(7.34%),B:639.1(1.55%),P:1e-3	Tpos:475.8,Tstd:267.5,Bpos:507.1,Bstd:299.9,StrandBias:-1.9,Multiplicity:1.75
0.001	0.001	0.213	0.785
0.001	0.997	0.001	0.001
0.001	0.001	0.997	0.001
0.115	0.001	0.001	0.883
0.001	0.001	0.001	0.997
0.997	0.001	0.001	0.001
0.001	0.997	0.001	0.001
0.001	0.001	0.001	0.997
>ATTCGATY	4-ATTCGATY	7.406257	-7.653170	0	T:41.0(37.61%),B:9510.7(23.10%),P:1e-3	Tpos:456.5,Tstd:311.1,Bpos:498.3,Bstd:294.9,StrandBias:0.2,Multiplicity:1.29
0.768	0.001	0.230	0.001
0.001	0.001	0.001	0.997
0.001	0.001	0.341	0.657
0.001	0.997	0.001	0.001
0.001	0.001	0.997	0.001
0.681	0.317	0.001	0.001
0.001	0.001	0.001	0.997
0.001	0.476	0.001	0.522
>GTAGTCGT	5-GTAGTCGT	7.398139	-7.339328	0	T:15.0(13.76%),B:2176.4(5.29%),P:1e-3	Tpos:479.5,Tstd:272.8,Bpos:503.1,Bstd:295.6,StrandBias:-0.4,Multiplicity:1.53
0.001	0.001	0.997	0.001
0.001	0.001	0.001	0.997
0.997	0.001	0.001	0.001
0.001	0.001	0.997	0.001
0.001	0.001	0.001	0.997
0.001	0.912	0.086	0.001
0.001	0.001	0.997	0.001
0.295	0.001	0.001	0.703
>TAAATTAG	6-TAAATTAG	8.236954	-6.182562	0	T:16.0(14.68%),B:2701.8(6.56%),P:1e-2	Tpos:578.5,Tstd:225.8,Bpos:503.7,Bstd:298.3,StrandBias:0.0,Multiplicity:1.25
0.100	0.100	0.100	0.700
0.700	0.100	0.100	0.100
0.700	0.100	0.100	0.100
0.700	0.100	0.100	0.100
0.100	0.100	0.100	0.700
0.100	0.100	0.100	0.700
0.700	0.100	0.100	0.100
0.100	0.100	0.700	0.100
>AGGTGCGA	7-AGGTGCGA	8.236954	-5.120572	0	T:4.0(3.67%),B:268.3(0.65%),P:1e-2	Tpos:179.7,Tstd:157.2,Bpos:533.6,Bstd:307.5,StrandBias:1.0,Multiplicity:1.50
0.700	0.100	0.100	0.100
0.100	0.100	0.700	0.100
0.100	0.100	0.700	0.100
0.100	0.100	0.100	0.700
0.100	0.100	0.700	0.100
0.100	0.700	0.100	0.100
0.100	0.100	0.700	0.100
0.700	0.100	0.100	0.100
