>TATSTAGGHACA	22-TATSTAGGHACA	11.163157	-4.744157	0	T:2.0(0.86%),B:23.2(0.06%),P:1e-2
0.112	0.001	0.269	0.618
0.608	0.227	0.001	0.164
0.349	0.001	0.001	0.649
0.192	0.371	0.437	0.001
0.377	0.001	0.001	0.621
0.925	0.028	0.046	0.001
0.068	0.001	0.827	0.104
0.082	0.001	0.765	0.152
0.276	0.356	0.001	0.367
0.631	0.001	0.053	0.315
0.034	0.579	0.001	0.386
0.953	0.001	0.001	0.045
