>AGAAAACTCGGC	8-GCCGAGTTTTCT	10.135654	-19.536667	0	T:21.0(12.96%),B:1065.4(2.66%),P:1e-8
0.809	0.001	0.001	0.189
0.024	0.095	0.794	0.087
0.914	0.001	0.084	0.001
0.937	0.001	0.061	0.001
0.953	0.001	0.001	0.045
0.943	0.001	0.001	0.055
0.042	0.786	0.001	0.171
0.172	0.001	0.097	0.730
0.191	0.776	0.001	0.032
0.050	0.160	0.738	0.052
0.045	0.001	0.914	0.040
0.168	0.715	0.116	0.001
