>CCTCWTYTCTCT	11-CCTCWTYTCTCT,BestGuess:blmp-1/MA0537.1/Jaspar(0.586)	11.143078	-18.547664	0	T:17.0(10.49%),B:719.1(1.80%),P:1e-8
0.102	0.823	0.041	0.034
0.001	0.920	0.078	0.001
0.049	0.103	0.003	0.845
0.003	0.643	0.001	0.353
0.432	0.001	0.001	0.566
0.075	0.001	0.001	0.923
0.001	0.484	0.064	0.451
0.001	0.002	0.082	0.915
0.001	0.952	0.001	0.046
0.129	0.003	0.001	0.867
0.002	0.941	0.001	0.056
0.222	0.057	0.064	0.657
