>AGAGARAWGAGG	11-CCTCWTYTCTCT	11.143078	-18.547664	0	T:17.0(10.49%),B:719.1(1.80%),P:1e-8
0.657	0.064	0.057	0.222
0.056	0.001	0.941	0.002
0.867	0.001	0.003	0.129
0.046	0.001	0.952	0.001
0.915	0.082	0.002	0.001
0.451	0.064	0.484	0.001
0.923	0.001	0.001	0.075
0.566	0.001	0.001	0.432
0.353	0.001	0.643	0.003
0.845	0.003	0.103	0.049
0.001	0.078	0.920	0.001
0.034	0.041	0.823	0.102
