>AGTAYCCTCDAG	12-AGTAYCCTCDAG,BestGuess:SD0003.1_at_AC_acceptor/Jaspar(0.453)	7.927949	-15.809342	0	T:3.0(2.97%),B:2.4(0.01%),P:1e-6
0.602	0.112	0.001	0.285
0.235	0.109	0.458	0.198
0.138	0.106	0.266	0.490
0.602	0.001	0.319	0.078
0.252	0.444	0.001	0.303
0.177	0.463	0.107	0.254
0.252	0.451	0.001	0.296
0.266	0.001	0.089	0.644
0.063	0.485	0.168	0.284
0.266	0.142	0.267	0.325
0.673	0.001	0.001	0.325
0.303	0.001	0.489	0.207
