>CTHGAGGRTACT	12-AGTAYCCTCDAG	7.927949	-15.809342	0	T:3.0(2.97%),B:2.4(0.01%),P:1e-6
0.207	0.489	0.001	0.303
0.325	0.001	0.001	0.673
0.325	0.267	0.142	0.266
0.284	0.168	0.485	0.063
0.644	0.089	0.001	0.266
0.296	0.001	0.451	0.252
0.254	0.107	0.463	0.177
0.303	0.001	0.444	0.252
0.078	0.319	0.001	0.602
0.490	0.266	0.106	0.138
0.198	0.458	0.109	0.235
0.285	0.001	0.112	0.602
