>TGCAGAAAGAAA	1-TGCAGAAAGAAA	13.361597	-20.181255	0	T:7.0(15.56%),B:172.1(0.45%),P:1e-8	Tpos:469.9,Tstd:358.1,Bpos:566.1,Bstd:315.2,StrandBias:-1.6,Multiplicity:1.14
0.001	0.001	0.157	0.841
0.001	0.001	0.909	0.089
0.001	0.997	0.001	0.001
0.865	0.001	0.001	0.133
0.001	0.001	0.997	0.001
0.997	0.001	0.001	0.001
0.827	0.171	0.001	0.001
0.997	0.001	0.001	0.001
0.001	0.001	0.856	0.142
0.997	0.001	0.001	0.001
0.841	0.001	0.157	0.001
0.997	0.001	0.001	0.001
>AAAAACATCCGT	2-AAAAACATCCGT	13.737006	-18.994438	0	T:6.0(13.33%),B:112.1(0.29%),P:1e-8	Tpos:358.8,Tstd:260.5,Bpos:539.2,Bstd:294.9,StrandBias:0.0,Multiplicity:1.00
0.819	0.179	0.001	0.001
0.997	0.001	0.001	0.001
0.997	0.001	0.001	0.001
0.997	0.001	0.001	0.001
0.997	0.001	0.001	0.001
0.001	0.997	0.001	0.001
0.997	0.001	0.001	0.001
0.001	0.001	0.001	0.997
0.149	0.849	0.001	0.001
0.122	0.876	0.001	0.001
0.001	0.188	0.810	0.001
0.001	0.179	0.001	0.819
>AATTCCCGGGAA	3-AATTCCCGGGAA	14.361552	-18.230994	0	T:4.0(8.89%),B:18.7(0.05%),P:1e-7	Tpos:731.0,Tstd:109.9,Bpos:546.8,Bstd:244.1,StrandBias:0.0,Multiplicity:1.00
0.997	0.001	0.001	0.001
0.744	0.001	0.001	0.254
0.001	0.001	0.001	0.997
0.001	0.001	0.001	0.997
0.001	0.997	0.001	0.001
0.001	0.802	0.001	0.196
0.001	0.997	0.001	0.001
0.001	0.001	0.997	0.001
0.001	0.001	0.997	0.001
0.001	0.001	0.997	0.001
0.725	0.001	0.273	0.001
0.997	0.001	0.001	0.001
>TTATTGTATTGT	4-TTATTGTATTGT	13.660023	-18.037561	0	T:7.0(15.56%),B:237.3(0.62%),P:1e-7	Tpos:521.6,Tstd:292.2,Bpos:492.2,Bstd:300.9,StrandBias:2.6,Multiplicity:1.00
0.001	0.220	0.001	0.778
0.001	0.001	0.001	0.997
0.880	0.001	0.001	0.118
0.001	0.001	0.001	0.997
0.001	0.001	0.001	0.997
0.155	0.001	0.843	0.001
0.001	0.001	0.001	0.997
0.871	0.001	0.001	0.127
0.225	0.001	0.001	0.773
0.001	0.001	0.001	0.997
0.001	0.001	0.997	0.001
0.001	0.001	0.001	0.997
>ATTGTGCGGCTT	5-ATTGTGCGGCTT	9.500721	-17.532615	0	T:9.0(20.00%),B:578.5(1.52%),P:1e-7	Tpos:472.7,Tstd:307.1,Bpos:518.8,Bstd:297.3,StrandBias:-0.6,Multiplicity:1.11
0.481	0.264	0.040	0.215
0.041	0.055	0.055	0.849
0.001	0.001	0.114	0.884
0.001	0.085	0.782	0.132
0.136	0.001	0.001	0.862
0.061	0.046	0.770	0.123
0.101	0.553	0.201	0.145
0.047	0.131	0.739	0.083
0.106	0.040	0.595	0.259
0.090	0.739	0.082	0.089
0.040	0.001	0.051	0.908
0.042	0.111	0.001	0.846
>CATAAATTTCCA	6-CATAAATTTCCA	13.381466	-15.396042	0	T:8.0(17.78%),B:532.5(1.40%),P:1e-6	Tpos:279.8,Tstd:214.3,Bpos:523.0,Bstd:304.7,StrandBias:0.7,Multiplicity:1.00
0.001	0.870	0.001	0.128
0.997	0.001	0.001	0.001
0.084	0.149	0.137	0.630
0.845	0.001	0.001	0.153
0.997	0.001	0.001	0.001
0.997	0.001	0.001	0.001
0.001	0.001	0.001	0.997
0.001	0.001	0.001	0.997
0.001	0.001	0.001	0.997
0.001	0.902	0.001	0.096
0.111	0.887	0.001	0.001
0.997	0.001	0.001	0.001
>TTGRWCRGTGCA	7-TTGRWCRGTGCA	11.599787	-9.315636	0	T:4.0(8.89%),B:195.4(0.51%),P:1e-4	Tpos:526.7,Tstd:252.4,Bpos:481.1,Bstd:295.2,StrandBias:-1.2,Multiplicity:2.50
0.001	0.001	0.001	0.997
0.001	0.255	0.001	0.743
0.033	0.227	0.482	0.257
0.444	0.001	0.554	0.001
0.519	0.001	0.001	0.479
0.036	0.962	0.001	0.001
0.525	0.001	0.473	0.001
0.001	0.001	0.743	0.255
0.001	0.001	0.001	0.997
0.001	0.001	0.997	0.001
0.001	0.744	0.254	0.001
0.738	0.001	0.001	0.260
