>GGTTGATTCG	1-GGTTGATTCG	10.712346	-20.011349	0	T:8.0(17.78%),B:289.8(0.76%),P:1e-8	Tpos:655.8,Tstd:242.6,Bpos:503.4,Bstd:302.0,StrandBias:-0.7,Multiplicity:1.00
0.001	0.141	0.759	0.099
0.001	0.001	0.997	0.001
0.001	0.001	0.001	0.997
0.001	0.001	0.001	0.997
0.142	0.142	0.601	0.115
0.997	0.001	0.001	0.001
0.001	0.001	0.001	0.997
0.001	0.001	0.001	0.997
0.001	0.877	0.121	0.001
0.001	0.001	0.889	0.109
>CGAATTTCCC	2-CGAATTTCCC	10.082937	-17.412754	0	T:11.0(24.44%),B:1038.3(2.72%),P:1e-7	Tpos:549.6,Tstd:283.4,Bpos:508.5,Bstd:320.7,StrandBias:0.3,Multiplicity:1.00
0.087	0.909	0.001	0.003
0.001	0.126	0.852	0.021
0.827	0.001	0.001	0.171
0.903	0.001	0.001	0.095
0.001	0.001	0.001	0.997
0.001	0.001	0.001	0.997
0.001	0.001	0.001	0.997
0.116	0.616	0.267	0.001
0.020	0.640	0.001	0.339
0.001	0.786	0.101	0.112
>GACTGTCAAC	3-GACTGTCAAC	9.456074	-17.244562	0	T:8.0(17.78%),B:416.7(1.09%),P:1e-7	Tpos:574.8,Tstd:304.5,Bpos:507.2,Bstd:305.4,StrandBias:-0.3,Multiplicity:1.00
0.001	0.001	0.997	0.001
0.997	0.001	0.001	0.001
0.001	0.871	0.001	0.127
0.162	0.001	0.001	0.836
0.141	0.144	0.714	0.001
0.001	0.001	0.001	0.997
0.001	0.868	0.130	0.001
0.997	0.001	0.001	0.001
0.997	0.001	0.001	0.001
0.001	0.862	0.001	0.136
>GCGAAGCCCA	4-GCGAAGCCCA	8.525200	-16.531929	0	T:10.0(22.22%),B:877.9(2.30%),P:1e-7	Tpos:605.4,Tstd:308.9,Bpos:490.4,Bstd:321.7,StrandBias:0.6,Multiplicity:1.00
0.207	0.069	0.656	0.068
0.132	0.672	0.143	0.053
0.170	0.068	0.761	0.001
0.853	0.001	0.145	0.001
0.997	0.001	0.001	0.001
0.113	0.096	0.790	0.001
0.072	0.876	0.001	0.051
0.195	0.697	0.003	0.105
0.001	0.858	0.109	0.032
0.856	0.001	0.001	0.142
>AGAATATGAT	5-AGAATATGAT	9.061107	-13.895708	0	T:15.0(33.33%),B:2987.2(7.83%),P:1e-6	Tpos:469.1,Tstd:304.7,Bpos:496.8,Bstd:287.6,StrandBias:-0.7,Multiplicity:1.20
0.997	0.001	0.001	0.001
0.001	0.096	0.869	0.034
0.897	0.001	0.001	0.101
0.811	0.001	0.079	0.109
0.001	0.058	0.002	0.939
0.817	0.072	0.110	0.001
0.021	0.276	0.058	0.645
0.030	0.058	0.829	0.083
0.922	0.001	0.001	0.076
0.263	0.001	0.007	0.729
>AAACACGCCA	6-AAACACGCCA	10.554423	-11.685111	0	T:6.0(13.33%),B:404.9(1.06%),P:1e-5	Tpos:470.2,Tstd:284.5,Bpos:575.0,Bstd:305.7,StrandBias:0.0,Multiplicity:1.33
0.871	0.001	0.001	0.127
0.997	0.001	0.001	0.001
0.997	0.001	0.001	0.001
0.001	0.997	0.001	0.001
0.839	0.001	0.069	0.091
0.001	0.829	0.104	0.066
0.001	0.103	0.895	0.001
0.001	0.907	0.091	0.001
0.070	0.831	0.098	0.001
0.900	0.098	0.001	0.001
>CCCGGGRACT	7-CCCGGGRACT	10.065157	-9.760249	0	T:3.0(6.67%),B:60.4(0.16%),P:1e-4	Tpos:777.4,Tstd:72.4,Bpos:451.0,Bstd:267.4,StrandBias:0.6,Multiplicity:1.67
0.413	0.585	0.001	0.001
0.001	0.997	0.001	0.001
0.001	0.997	0.001	0.001
0.001	0.001	0.997	0.001
0.001	0.001	0.997	0.001
0.001	0.001	0.997	0.001
0.515	0.001	0.483	0.001
0.997	0.001	0.001	0.001
0.025	0.898	0.001	0.076
0.001	0.001	0.001	0.997
>GTCAGTGCTG	8-GTCAGTGCTG	8.731075	-8.758973	0	T:4.0(8.89%),B:226.8(0.59%),P:1e-3	Tpos:477.6,Tstd:231.3,Bpos:475.9,Bstd:323.2,StrandBias:-3.0,Multiplicity:2.25
0.001	0.001	0.997	0.001
0.001	0.001	0.001	0.997
0.001	0.997	0.001	0.001
0.997	0.001	0.001	0.001
0.001	0.001	0.997	0.001
0.196	0.001	0.001	0.802
0.001	0.001	0.997	0.001
0.001	0.997	0.001	0.001
0.032	0.001	0.001	0.966
0.235	0.001	0.763	0.001
