>TGCGAACC	1-TGCGAACC	7.706299	-10.129702	0	T:16.0(35.56%),B:4592.6(12.03%),P:1e-4	Tpos:467.6,Tstd:279.8,Bpos:494.6,Bstd:312.4,StrandBias:-0.9,Multiplicity:1.25
0.001	0.001	0.001	0.997
0.001	0.001	0.997	0.001
0.001	0.651	0.225	0.123
0.001	0.267	0.650	0.082
0.997	0.001	0.001	0.001
0.997	0.001	0.001	0.001
0.033	0.965	0.001	0.001
0.229	0.592	0.001	0.178
>CCCGGGAA	2-CCCGGGAA	6.138419	-9.184244	0	T:11.0(24.44%),B:2452.5(6.43%),P:1e-3	Tpos:637.7,Tstd:227.4,Bpos:499.5,Bstd:315.1,StrandBias:0.2,Multiplicity:1.00
0.063	0.853	0.083	0.001
0.001	0.931	0.001	0.067
0.001	0.897	0.101	0.001
0.001	0.001	0.997	0.001
0.001	0.001	0.997	0.001
0.001	0.001	0.997	0.001
0.862	0.001	0.136	0.001
0.997	0.001	0.001	0.001
>AGAAGGCA	3-AGAAGGCA	7.075321	-7.773802	0	T:17.0(37.78%),B:6200.1(16.25%),P:1e-3	Tpos:466.2,Tstd:269.5,Bpos:495.3,Bstd:305.2,StrandBias:-0.5,Multiplicity:1.41
0.610	0.022	0.214	0.154
0.122	0.096	0.689	0.093
0.476	0.221	0.027	0.277
0.794	0.094	0.044	0.068
0.193	0.001	0.780	0.026
0.001	0.044	0.877	0.078
0.001	0.731	0.197	0.071
0.918	0.001	0.042	0.039
>GTCAGTGC	4-GTCAGTGC	8.236954	-5.372480	0	T:4.0(8.89%),B:571.1(1.50%),P:1e-2	Tpos:456.7,Tstd:204.5,Bpos:463.9,Bstd:321.1,StrandBias:-3.0,Multiplicity:2.25
0.100	0.100	0.700	0.100
0.100	0.100	0.100	0.700
0.100	0.700	0.100	0.100
0.700	0.100	0.100	0.100
0.100	0.100	0.700	0.100
0.100	0.100	0.100	0.700
0.100	0.100	0.700	0.100
0.100	0.700	0.100	0.100
>CCCCCCCT	5-CCCCCCCT	6.910177	-5.352899	0	T:11.0(24.44%),B:3892.2(10.20%),P:1e-2	Tpos:540.8,Tstd:169.4,Bpos:529.0,Bstd:340.9,StrandBias:0.3,Multiplicity:1.27
0.001	0.969	0.001	0.029
0.049	0.868	0.057	0.026
0.040	0.882	0.041	0.037
0.001	0.902	0.056	0.041
0.048	0.869	0.048	0.035
0.034	0.964	0.001	0.001
0.042	0.920	0.001	0.037
0.001	0.274	0.071	0.654
