>ATCGATTTTTTC	16-GAAAAAATCGAT	11.796120	-14.607090	0	T:79.0(8.15%),B:1818.9(4.45%),P:1e-6
0.907	0.037	0.023	0.033
0.001	0.025	0.001	0.973
0.039	0.959	0.001	0.001
0.001	0.057	0.821	0.121
0.823	0.040	0.001	0.136
0.001	0.001	0.023	0.975
0.129	0.001	0.055	0.815
0.026	0.055	0.001	0.918
0.026	0.001	0.001	0.972
0.001	0.018	0.042	0.939
0.001	0.055	0.001	0.943
0.001	0.869	0.072	0.058
