>TCACTGGAATCC	5-TCACTGGAATCC,BestGuess:che-1/MA0260.1/Jaspar(0.567)	10.144653	-24.707843	0	T:31.0(3.20%),B:284.8(0.70%),P:1e-10
0.054	0.001	0.027	0.918
0.089	0.829	0.081	0.001
0.897	0.032	0.001	0.070
0.085	0.749	0.064	0.102
0.052	0.019	0.001	0.928
0.131	0.023	0.750	0.096
0.028	0.075	0.831	0.066
0.812	0.155	0.001	0.032
0.831	0.071	0.065	0.033
0.089	0.050	0.085	0.776
0.016	0.885	0.001	0.098
0.058	0.804	0.067	0.071
