>TCCAATCCTTTA	18-TCCAATCCTTTA	11.439847	-13.675449	0	T:9.0(0.93%),B:38.6(0.09%),P:1e-5
0.001	0.030	0.011	0.958
0.061	0.592	0.199	0.148
0.042	0.884	0.018	0.056
0.597	0.084	0.275	0.044
0.483	0.249	0.030	0.238
0.034	0.014	0.096	0.856
0.035	0.916	0.035	0.014
0.276	0.533	0.001	0.190
0.198	0.080	0.013	0.709
0.250	0.018	0.018	0.714
0.019	0.001	0.098	0.882
0.611	0.011	0.181	0.197
