>TGAGAAAATTCA	12-TGAATTTTCTCA	10.639924	-19.537753	0	T:80.0(8.26%),B:1635.5(4.00%),P:1e-8
0.033	0.001	0.057	0.909
0.001	0.103	0.777	0.119
0.788	0.026	0.169	0.017
0.001	0.121	0.737	0.141
0.808	0.001	0.190	0.001
0.628	0.295	0.076	0.001
0.956	0.001	0.001	0.042
0.706	0.109	0.104	0.081
0.001	0.088	0.001	0.910
0.064	0.045	0.001	0.890
0.001	0.766	0.081	0.152
0.940	0.001	0.001	0.058
