>GAAAAAATCGAT	16-GAAAAAATCGAT,BestGuess:ceh-38/MA1699.1/Jaspar(0.789)	11.796120	-14.607090	0	T:79.0(8.15%),B:1818.9(4.45%),P:1e-6
0.058	0.072	0.869	0.001
0.943	0.001	0.055	0.001
0.939	0.042	0.018	0.001
0.972	0.001	0.001	0.026
0.918	0.001	0.055	0.026
0.815	0.055	0.001	0.129
0.975	0.023	0.001	0.001
0.136	0.001	0.040	0.823
0.121	0.821	0.057	0.001
0.001	0.001	0.959	0.039
0.973	0.001	0.025	0.001
0.033	0.023	0.037	0.907
