>ATGTCGTG	1-ATGTCGTG	8.578226	-15.168350	0	T:12.0(44.44%),B:3087.6(7.71%),P:1e-6	Tpos:512.2,Tstd:300.1,Bpos:496.9,Bstd:299.2,StrandBias:-1.7,Multiplicity:1.08
0.997	0.001	0.001	0.001
0.001	0.001	0.001	0.997
0.380	0.001	0.618	0.001
0.001	0.001	0.001	0.997
0.001	0.674	0.324	0.001
0.001	0.001	0.752	0.246
0.001	0.001	0.001	0.997
0.001	0.197	0.801	0.001
>TATGCACA	2-TATGCACA	8.492786	-12.248765	0	T:10.0(37.04%),B:2648.5(6.61%),P:1e-5	Tpos:370.7,Tstd:199.7,Bpos:500.2,Bstd:303.7,StrandBias:0.3,Multiplicity:1.10
0.001	0.001	0.001	0.997
0.832	0.166	0.001	0.001
0.001	0.001	0.001	0.997
0.001	0.001	0.997	0.001
0.001	0.997	0.001	0.001
0.891	0.107	0.001	0.001
0.001	0.997	0.001	0.001
0.849	0.001	0.149	0.001
>TCTCTACA	3-TCTCTACA	9.608304	-10.346667	0	T:9.0(33.33%),B:2590.6(6.47%),P:1e-4	Tpos:611.4,Tstd:254.8,Bpos:513.3,Bstd:303.9,StrandBias:10.0,Multiplicity:1.22
0.001	0.001	0.001	0.997
0.001	0.997	0.001	0.001
0.001	0.001	0.001	0.997
0.001	0.766	0.001	0.232
0.001	0.001	0.001	0.997
0.997	0.001	0.001	0.001
0.001	0.997	0.001	0.001
0.997	0.001	0.001	0.001
>GGTAAAAA	4-GGTAAAAA	4.077924	-2.687069	0	T:9.0(33.33%),B:7890.7(19.70%),P:1e-1	Tpos:589.4,Tstd:315.0,Bpos:516.9,Bstd:315.1,StrandBias:-4.1,Multiplicity:2.00
0.001	0.001	0.997	0.001
0.001	0.001	0.997	0.001
0.001	0.001	0.001	0.997
0.997	0.001	0.001	0.001
0.891	0.001	0.107	0.001
0.917	0.081	0.001	0.001
0.997	0.001	0.001	0.001
0.997	0.001	0.001	0.001
>AAATCCCC	5-AAATCCCC	7.572955	-2.343809	0	T:10.0(37.04%),B:9709.2(24.24%),P:1e-1	Tpos:381.1,Tstd:202.9,Bpos:510.8,Bstd:324.4,StrandBias:2.7,Multiplicity:3.40
0.934	0.001	0.001	0.064
0.877	0.029	0.057	0.037
0.563	0.054	0.025	0.358
0.295	0.123	0.026	0.556
0.187	0.495	0.120	0.198
0.028	0.970	0.001	0.001
0.001	0.974	0.024	0.001
0.001	0.973	0.025	0.001
