>AACACAAACTGC	11-GCAGTTTGTGTT	9.776127	-17.762018	0	T:16.0(17.58%),B:1223.0(3.07%),P:1e-7
0.876	0.001	0.069	0.054
0.546	0.151	0.238	0.065
0.098	0.899	0.002	0.001
0.864	0.001	0.001	0.134
0.129	0.738	0.054	0.079
0.866	0.132	0.001	0.001
0.892	0.065	0.001	0.042
0.667	0.282	0.050	0.001
0.177	0.639	0.057	0.127
0.095	0.142	0.001	0.762
0.064	0.188	0.676	0.072
0.137	0.651	0.078	0.134
