>CGCGCTCAATTG	8-CGCGCTCAATTG,BestGuess:LIN-15B(Zf)/cElegans-L3-LIN15B-ChIP-Seq(modEncode)/Homer(0.676)	7.174908	-22.098923	0	T:48.0(39.02%),B:6016.4(15.48%),P:1e-9
0.076	0.719	0.001	0.204
0.071	0.108	0.624	0.197
0.036	0.834	0.044	0.086
0.093	0.121	0.729	0.057
0.101	0.701	0.050	0.148
0.091	0.088	0.123	0.698
0.018	0.856	0.029	0.097
0.815	0.081	0.070	0.034
0.790	0.050	0.111	0.049
0.127	0.052	0.027	0.794
0.068	0.071	0.112	0.749
0.044	0.103	0.696	0.157
