>GGTCGGAC	1-GGTCGGAC	9.367974	-8.557447	0	T:4.0(20.00%),B:565.3(1.47%),P:1e-3	Tpos:631.3,Tstd:181.9,Bpos:473.8,Bstd:323.7,StrandBias:-2.3,Multiplicity:1.50
0.001	0.001	0.997	0.001
0.001	0.001	0.997	0.001
0.282	0.001	0.001	0.716
0.353	0.645	0.001	0.001
0.001	0.001	0.997	0.001
0.001	0.001	0.997	0.001
0.997	0.001	0.001	0.001
0.001	0.997	0.001	0.001
>TTGTATGT	2-TTGTATGT	8.381837	-8.538179	0	T:9.0(45.00%),B:4457.6(11.63%),P:1e-3	Tpos:421.0,Tstd:211.8,Bpos:492.0,Bstd:296.8,StrandBias:-1.0,Multiplicity:1.33
0.001	0.096	0.001	0.902
0.001	0.001	0.113	0.885
0.001	0.001	0.997	0.001
0.001	0.001	0.001	0.997
0.997	0.001	0.001	0.001
0.001	0.116	0.001	0.882
0.001	0.001	0.997	0.001
0.001	0.001	0.098	0.900
>ACCATCAT	3-ACCATCAT	7.424049	-8.288264	0	T:13.0(65.00%),B:9863.0(25.72%),P:1e-3	Tpos:519.6,Tstd:252.7,Bpos:497.0,Bstd:312.7,StrandBias:1.0,Multiplicity:1.54
0.997	0.001	0.001	0.001
0.001	0.661	0.001	0.337
0.188	0.669	0.046	0.097
0.725	0.001	0.006	0.268
0.076	0.001	0.180	0.743
0.001	0.807	0.191	0.001
0.953	0.001	0.001	0.045
0.001	0.140	0.001	0.858
>CTCCCTGC	4-CTCCCTGC	5.692819	-8.142427	0	T:11.0(55.00%),B:7127.7(18.59%),P:1e-3	Tpos:526.6,Tstd:293.8,Bpos:508.5,Bstd:321.9,StrandBias:1.0,Multiplicity:1.36
0.209	0.517	0.026	0.248
0.083	0.025	0.074	0.818
0.128	0.480	0.174	0.218
0.168	0.605	0.015	0.212
0.101	0.660	0.104	0.135
0.100	0.155	0.062	0.683
0.174	0.123	0.482	0.222
0.107	0.768	0.064	0.061
>AGCTGTTC	5-AGCTGTTC	8.715444	-5.562830	0	T:5.0(25.00%),B:2100.8(5.48%),P:1e-2	Tpos:337.0,Tstd:218.6,Bpos:481.7,Bstd:312.0,StrandBias:-1.3,Multiplicity:1.40
0.997	0.001	0.001	0.001
0.001	0.001	0.903	0.095
0.001	0.997	0.001	0.001
0.001	0.001	0.001	0.997
0.001	0.001	0.997	0.001
0.001	0.001	0.001	0.997
0.001	0.001	0.001	0.997
0.001	0.997	0.001	0.001
