>ACAAAGGAACAA	1-ACAAAGGAACAA	11.788963	-22.687292	0	T:12.0(11.21%),B:340.9(0.82%),P:1e-9	Tpos:446.5,Tstd:301.7,Bpos:514.8,Bstd:295.4,StrandBias:1.0,Multiplicity:1.00
0.997	0.001	0.001	0.001
0.058	0.940	0.001	0.001
0.623	0.188	0.001	0.188
0.843	0.001	0.001	0.155
0.646	0.188	0.165	0.001
0.001	0.001	0.911	0.087
0.078	0.001	0.920	0.001
0.997	0.001	0.001	0.001
0.997	0.001	0.001	0.001
0.104	0.701	0.194	0.001
0.997	0.001	0.001	0.001
0.712	0.001	0.001	0.286
>ATCACAGCTTGC	2-ATCACAGCTTGC	8.873131	-21.334691	0	T:11.0(10.28%),B:298.6(0.72%),P:1e-9	Tpos:534.4,Tstd:288.9,Bpos:516.5,Bstd:307.2,StrandBias:0.2,Multiplicity:1.18
0.655	0.343	0.001	0.001
0.354	0.001	0.001	0.644
0.343	0.655	0.001	0.001
0.667	0.001	0.331	0.001
0.001	0.997	0.001	0.001
0.997	0.001	0.001	0.001
0.011	0.001	0.976	0.012
0.001	0.654	0.344	0.001
0.001	0.001	0.001	0.997
0.001	0.001	0.001	0.997
0.001	0.010	0.988	0.001
0.275	0.699	0.013	0.013
>GTTTCAAATAAC	3-GTTTCAAATAAC	12.822691	-20.967085	0	T:11.0(10.28%),B:309.0(0.75%),P:1e-9	Tpos:422.0,Tstd:254.5,Bpos:498.4,Bstd:303.0,StrandBias:-0.3,Multiplicity:1.00
0.190	0.001	0.808	0.001
0.001	0.001	0.001	0.997
0.001	0.001	0.001	0.997
0.001	0.001	0.001	0.997
0.001	0.899	0.001	0.099
0.881	0.001	0.117	0.001
0.885	0.001	0.113	0.001
0.723	0.135	0.001	0.141
0.054	0.001	0.001	0.944
0.997	0.001	0.001	0.001
0.997	0.001	0.001	0.001
0.001	0.940	0.001	0.058
>CATCTGAATCCA	4-CATCTGAATCCA	13.890695	-20.943102	0	T:7.0(6.54%),B:66.0(0.16%),P:1e-9	Tpos:301.3,Tstd:198.3,Bpos:480.6,Bstd:270.4,StrandBias:-0.4,Multiplicity:1.00
0.001	0.997	0.001	0.001
0.997	0.001	0.001	0.001
0.001	0.001	0.001	0.997
0.001	0.997	0.001	0.001
0.161	0.001	0.135	0.703
0.001	0.001	0.997	0.001
0.997	0.001	0.001	0.001
0.997	0.001	0.001	0.001
0.143	0.254	0.001	0.602
0.001	0.842	0.001	0.156
0.001	0.997	0.001	0.001
0.997	0.001	0.001	0.001
>TCATTTTTAATC	5-TCATTTTTAATC	12.507206	-20.753703	0	T:14.0(13.08%),B:614.3(1.49%),P:1e-9	Tpos:455.1,Tstd:332.3,Bpos:529.6,Bstd:300.2,StrandBias:1.3,Multiplicity:1.00
0.068	0.001	0.093	0.838
0.001	0.997	0.001	0.001
0.790	0.133	0.001	0.076
0.001	0.001	0.001	0.997
0.001	0.001	0.001	0.997
0.001	0.001	0.001	0.997
0.143	0.104	0.001	0.752
0.001	0.001	0.001	0.997
0.997	0.001	0.001	0.001
0.941	0.001	0.001	0.057
0.063	0.001	0.082	0.854
0.001	0.896	0.062	0.041
>CCCAGGCVCCRA	6-CCCAGGCVCCRA	11.069100	-20.191521	0	T:7.0(6.54%),B:73.2(0.18%),P:1e-8	Tpos:514.8,Tstd:296.8,Bpos:423.1,Bstd:370.2,StrandBias:2.0,Multiplicity:1.43
0.001	0.731	0.134	0.134
0.001	0.997	0.001	0.001
0.001	0.997	0.001	0.001
0.997	0.001	0.001	0.001
0.001	0.133	0.865	0.001
0.134	0.286	0.579	0.001
0.143	0.565	0.001	0.291
0.411	0.302	0.286	0.001
0.001	0.997	0.001	0.001
0.001	0.847	0.001	0.151
0.571	0.001	0.427	0.001
0.997	0.001	0.001	0.001
>GAGATGCKCCAG	7-GAGATGCKCCAG	10.572639	-19.492310	0	T:12.0(11.21%),B:455.4(1.10%),P:1e-8	Tpos:593.6,Tstd:309.7,Bpos:475.1,Bstd:289.9,StrandBias:-0.2,Multiplicity:1.08
0.119	0.292	0.588	0.001
0.997	0.001	0.001	0.001
0.162	0.001	0.836	0.001
0.608	0.390	0.001	0.001
0.001	0.001	0.001	0.997
0.001	0.001	0.822	0.176
0.001	0.501	0.187	0.311
0.001	0.001	0.492	0.506
0.001	0.496	0.187	0.316
0.001	0.997	0.001	0.001
0.795	0.001	0.203	0.001
0.371	0.001	0.627	0.001
>GCTCTAATAATT	8-GCTCTAATAATT	13.654128	-18.976600	0	T:7.0(6.54%),B:89.0(0.22%),P:1e-8	Tpos:379.1,Tstd:171.4,Bpos:487.2,Bstd:308.6,StrandBias:0.3,Multiplicity:1.29
0.001	0.001	0.997	0.001
0.001	0.997	0.001	0.001
0.001	0.001	0.001	0.997
0.001	0.997	0.001	0.001
0.001	0.001	0.001	0.997
0.828	0.001	0.170	0.001
0.997	0.001	0.001	0.001
0.081	0.001	0.181	0.737
0.777	0.001	0.221	0.001
0.997	0.001	0.001	0.001
0.001	0.001	0.001	0.997
0.001	0.001	0.001	0.997
>CATYTACWTTMS	9-CATYTACWTTMS	11.498896	-17.517889	0	T:6.0(5.61%),B:62.8(0.15%),P:1e-7	Tpos:378.3,Tstd:141.8,Bpos:485.0,Bstd:288.4,StrandBias:0.0,Multiplicity:1.00
0.001	0.909	0.002	0.088
0.981	0.001	0.017	0.001
0.001	0.001	0.001	0.997
0.001	0.486	0.012	0.501
0.001	0.001	0.001	0.997
0.974	0.012	0.001	0.013
0.001	0.981	0.001	0.017
0.564	0.001	0.012	0.423
0.001	0.010	0.001	0.988
0.001	0.001	0.013	0.985
0.486	0.490	0.021	0.003
0.022	0.423	0.532	0.023
>TCTTCATTGCCT	10-TCTTCATTGCCT	10.431121	-17.135386	0	T:13.0(12.15%),B:690.4(1.67%),P:1e-7	Tpos:567.0,Tstd:257.2,Bpos:545.5,Bstd:305.6,StrandBias:0.0,Multiplicity:1.08
0.156	0.001	0.001	0.842
0.066	0.794	0.064	0.076
0.067	0.001	0.001	0.931
0.001	0.001	0.045	0.953
0.001	0.791	0.062	0.146
0.934	0.001	0.064	0.001
0.081	0.001	0.001	0.917
0.001	0.146	0.001	0.852
0.218	0.108	0.670	0.004
0.115	0.730	0.001	0.154
0.035	0.804	0.001	0.160
0.081	0.125	0.001	0.793
>GACGTGAAAACC	11-GACGTGAAAACC	12.041050	-14.663128	0	T:5.0(4.67%),B:53.4(0.13%),P:1e-6	Tpos:485.3,Tstd:221.5,Bpos:442.4,Bstd:333.1,StrandBias:-0.3,Multiplicity:1.80
0.001	0.001	0.997	0.001
0.637	0.001	0.160	0.202
0.001	0.838	0.160	0.001
0.001	0.001	0.997	0.001
0.001	0.001	0.001	0.997
0.001	0.001	0.629	0.369
0.569	0.202	0.228	0.001
0.997	0.001	0.001	0.001
0.997	0.001	0.001	0.001
0.991	0.001	0.007	0.001
0.001	0.604	0.228	0.167
0.001	0.797	0.001	0.201
>GCTGCAGAAAAG	12-GCTGCAGAAAAG	9.823792	-13.642481	0	T:14.0(13.08%),B:1105.7(2.67%),P:1e-5	Tpos:607.7,Tstd:291.6,Bpos:512.3,Bstd:310.9,StrandBias:0.7,Multiplicity:1.14
0.089	0.100	0.654	0.157
0.001	0.997	0.001	0.001
0.210	0.001	0.008	0.781
0.161	0.001	0.658	0.180
0.001	0.768	0.230	0.001
0.885	0.113	0.001	0.001
0.001	0.001	0.997	0.001
0.837	0.001	0.161	0.001
0.829	0.009	0.161	0.001
0.837	0.161	0.001	0.001
0.875	0.001	0.123	0.001
0.145	0.204	0.646	0.005
>AAATAGATTGGC	13-AAATAGATTGGC	13.986189	-13.332877	0	T:4.0(3.74%),B:29.1(0.07%),P:1e-5	Tpos:521.9,Tstd:219.5,Bpos:556.5,Bstd:231.5,StrandBias:2.8,Multiplicity:2.00
0.791	0.207	0.001	0.001
0.997	0.001	0.001	0.001
0.997	0.001	0.001	0.001
0.001	0.169	0.001	0.829
0.997	0.001	0.001	0.001
0.001	0.140	0.858	0.001
0.997	0.001	0.001	0.001
0.001	0.001	0.001	0.997
0.001	0.001	0.001	0.997
0.001	0.145	0.853	0.001
0.076	0.001	0.922	0.001
0.001	0.997	0.001	0.001
>GGGTATTTATKT	14-GGGTATTTATKT	11.746515	-11.901217	0	T:5.0(4.67%),B:96.9(0.23%),P:1e-5	Tpos:547.6,Tstd:198.2,Bpos:546.7,Bstd:259.5,StrandBias:-1.6,Multiplicity:1.60
0.001	0.001	0.997	0.001
0.001	0.001	0.997	0.001
0.001	0.001	0.997	0.001
0.001	0.026	0.001	0.972
0.581	0.001	0.001	0.417
0.024	0.001	0.001	0.974
0.001	0.001	0.001	0.997
0.001	0.001	0.001	0.997
0.997	0.001	0.001	0.001
0.001	0.001	0.001	0.997
0.001	0.001	0.429	0.569
0.001	0.001	0.001	0.997
>TTTCTGTGACCT	15-TTTCTGTGACCT	13.780348	-11.559168	0	T:4.0(3.74%),B:47.8(0.12%),P:1e-5	Tpos:507.6,Tstd:293.8,Bpos:504.1,Bstd:296.0,StrandBias:-0.3,Multiplicity:2.25
0.001	0.001	0.001	0.997
0.001	0.166	0.001	0.832
0.001	0.001	0.001	0.997
0.001	0.911	0.001	0.087
0.107	0.001	0.001	0.891
0.001	0.001	0.997	0.001
0.001	0.001	0.001	0.997
0.001	0.001	0.997	0.001
0.997	0.001	0.001	0.001
0.001	0.879	0.001	0.119
0.001	0.899	0.099	0.001
0.001	0.001	0.001	0.997
>AAAACACGCAGG	16-AAAACACGCAGG	9.202981	-10.264937	0	T:14.0(13.08%),B:1496.0(3.62%),P:1e-4	Tpos:497.9,Tstd:272.3,Bpos:515.7,Bstd:303.0,StrandBias:-0.7,Multiplicity:1.50
0.650	0.065	0.086	0.199
0.651	0.001	0.073	0.275
0.978	0.001	0.020	0.001
0.725	0.165	0.001	0.109
0.001	0.933	0.021	0.045
0.904	0.001	0.001	0.094
0.001	0.645	0.088	0.266
0.001	0.001	0.889	0.109
0.060	0.667	0.139	0.134
0.693	0.060	0.175	0.072
0.255	0.073	0.671	0.001
0.260	0.001	0.738	0.001
>AGGTACAATCAG	17-AGGTACAATCAG	14.976361	-10.140008	0	T:2.0(1.87%),B:2.3(0.01%),P:1e-4	Tpos:433.0,Tstd:221.2,Bpos:434.8,Bstd:121.4,StrandBias:0.6,Multiplicity:2.50
0.997	0.001	0.001	0.001
0.001	0.001	0.729	0.269
0.001	0.001	0.997	0.001
0.001	0.001	0.001	0.997
0.997	0.001	0.001	0.001
0.001	0.997	0.001	0.001
0.997	0.001	0.001	0.001
0.997	0.001	0.001	0.001
0.001	0.001	0.001	0.997
0.001	0.997	0.001	0.001
0.729	0.269	0.001	0.001
0.001	0.001	0.997	0.001
>ACTCCTCAAGTT	18-ACTCCTCAAGTT	13.472795	-9.752046	0	T:3.0(2.80%),B:26.9(0.06%),P:1e-4	Tpos:518.1,Tstd:328.1,Bpos:529.6,Bstd:290.8,StrandBias:-0.3,Multiplicity:3.00
0.704	0.158	0.137	0.001
0.001	0.898	0.001	0.100
0.001	0.266	0.001	0.732
0.001	0.997	0.001	0.001
0.001	0.997	0.001	0.001
0.001	0.001	0.001	0.997
0.001	0.841	0.001	0.157
0.997	0.001	0.001	0.001
0.997	0.001	0.001	0.001
0.001	0.001	0.997	0.001
0.001	0.001	0.001	0.997
0.001	0.001	0.001	0.997
>CTTTTTTGTACG	19-CTTTTTTGTACG	11.653972	-9.565307	0	T:9.0(8.41%),B:671.4(1.62%),P:1e-4	Tpos:613.8,Tstd:328.0,Bpos:509.2,Bstd:301.5,StrandBias:0.2,Multiplicity:1.44
0.110	0.888	0.001	0.001
0.202	0.001	0.001	0.796
0.128	0.001	0.001	0.870
0.173	0.151	0.001	0.675
0.001	0.001	0.001	0.997
0.001	0.001	0.001	0.997
0.107	0.001	0.001	0.891
0.239	0.278	0.483	0.001
0.001	0.001	0.001	0.997
0.907	0.091	0.001	0.001
0.001	0.997	0.001	0.001
0.001	0.001	0.641	0.357
>AAGTTGRCAATG	20-AAGTTGRCAATG	13.136475	-8.903128	0	T:4.0(3.74%),B:96.0(0.23%),P:1e-3	Tpos:324.6,Tstd:193.6,Bpos:468.3,Bstd:273.3,StrandBias:10.0,Multiplicity:3.25
0.997	0.001	0.001	0.001
0.997	0.001	0.001	0.001
0.001	0.001	0.936	0.062
0.001	0.001	0.001	0.997
0.001	0.001	0.001	0.997
0.001	0.001	0.997	0.001
0.574	0.001	0.424	0.001
0.044	0.954	0.001	0.001
0.997	0.001	0.001	0.001
0.997	0.001	0.001	0.001
0.195	0.001	0.001	0.803
0.091	0.001	0.833	0.075
>CGCAAATTGTCA	21-CGCAAATTGTCA	12.435220	-8.864696	0	T:4.0(3.74%),B:97.3(0.24%),P:1e-3	Tpos:370.2,Tstd:231.2,Bpos:530.9,Bstd:292.4,StrandBias:-2.7,Multiplicity:5.50
0.080	0.918	0.001	0.001
0.001	0.001	0.948	0.050
0.001	0.822	0.110	0.067
0.997	0.001	0.001	0.001
0.833	0.001	0.165	0.001
0.997	0.001	0.001	0.001
0.001	0.001	0.001	0.997
0.001	0.001	0.001	0.997
0.001	0.001	0.965	0.033
0.001	0.001	0.080	0.918
0.001	0.843	0.001	0.155
0.997	0.001	0.001	0.001
>TTGKCTGCAGCC	22-TTGKCTGCAGCC	13.423178	-6.924952	0	T:2.0(1.87%),B:16.3(0.04%),P:1e-3	Tpos:319.1,Tstd:150.3,Bpos:513.1,Bstd:289.1,StrandBias:1.6,Multiplicity:3.00
0.001	0.001	0.001	0.997
0.001	0.132	0.001	0.866
0.001	0.001	0.997	0.001
0.001	0.001	0.511	0.487
0.001	0.997	0.001	0.001
0.001	0.001	0.001	0.997
0.001	0.001	0.997	0.001
0.109	0.889	0.001	0.001
0.997	0.001	0.001	0.001
0.001	0.001	0.997	0.001
0.143	0.855	0.001	0.001
0.001	0.997	0.001	0.001
>GTTACTAACGGG	23-GTTACTAACGGG	12.585702	-6.519710	0	T:2.0(1.87%),B:20.8(0.05%),P:1e-2	Tpos:423.0,Tstd:183.0,Bpos:391.1,Bstd:225.0,StrandBias:2.3,Multiplicity:2.50
0.001	0.001	0.814	0.184
0.001	0.001	0.001	0.997
0.001	0.001	0.001	0.997
0.997	0.001	0.001	0.001
0.001	0.789	0.209	0.001
0.001	0.001	0.001	0.997
0.814	0.001	0.184	0.001
0.814	0.001	0.001	0.184
0.001	0.997	0.001	0.001
0.185	0.001	0.605	0.209
0.001	0.001	0.997	0.001
0.001	0.001	0.997	0.001
>CACGTAAAATTT	24-CACGTAAAATTT	12.355432	-6.345093	0	T:2.0(1.87%),B:23.0(0.06%),P:1e-2	Tpos:570.8,Tstd:291.1,Bpos:732.9,Bstd:184.1,StrandBias:0.0,Multiplicity:2.00
0.100	0.700	0.100	0.100
0.700	0.100	0.100	0.100
0.100	0.700	0.100	0.100
0.100	0.100	0.700	0.100
0.100	0.100	0.100	0.700
0.700	0.100	0.100	0.100
0.700	0.100	0.100	0.100
0.700	0.100	0.100	0.100
0.700	0.100	0.100	0.100
0.100	0.100	0.100	0.700
0.100	0.100	0.100	0.700
0.100	0.100	0.100	0.700
>CCTGGKGCTCCR	25-CCTGGKGCTCCR	10.140050	-6.109459	0	T:5.0(4.67%),B:346.2(0.84%),P:1e-2	Tpos:267.4,Tstd:156.4,Bpos:442.6,Bstd:316.6,StrandBias:-3.5,Multiplicity:2.40
0.001	0.813	0.001	0.185
0.001	0.758	0.001	0.240
0.001	0.240	0.001	0.758
0.001	0.001	0.997	0.001
0.001	0.001	0.997	0.001
0.001	0.001	0.533	0.465
0.001	0.185	0.522	0.292
0.001	0.702	0.005	0.292
0.001	0.001	0.001	0.997
0.240	0.758	0.001	0.001
0.033	0.725	0.001	0.241
0.394	0.001	0.432	0.173
