>AAAACGTGAACT	1-AAAACGTGAACT	12.940435	-25.377881	0	T:12.0(9.38%),B:213.3(0.53%),P:1e-11	Tpos:539.4,Tstd:313.2,Bpos:593.8,Bstd:303.0,StrandBias:-1.0,Multiplicity:1.00
0.873	0.125	0.001	0.001
0.997	0.001	0.001	0.001
0.722	0.160	0.001	0.117
0.892	0.001	0.001	0.106
0.001	0.933	0.001	0.065
0.068	0.001	0.930	0.001
0.088	0.001	0.001	0.910
0.001	0.001	0.997	0.001
0.997	0.001	0.001	0.001
0.878	0.001	0.001	0.120
0.001	0.926	0.001	0.072
0.001	0.001	0.001	0.997
>TATAGAGACTAT	2-TATAGAGACTAT	12.423267	-23.528491	0	T:8.0(6.25%),B:61.4(0.15%),P:1e-10	Tpos:447.4,Tstd:265.5,Bpos:564.7,Bstd:297.4,StrandBias:0.0,Multiplicity:1.00
0.001	0.001	0.001	0.997
0.997	0.001	0.001	0.001
0.158	0.001	0.001	0.840
0.739	0.001	0.259	0.001
0.001	0.275	0.723	0.001
0.997	0.001	0.001	0.001
0.170	0.001	0.828	0.001
0.997	0.001	0.001	0.001
0.001	0.997	0.001	0.001
0.259	0.001	0.001	0.739
0.706	0.001	0.292	0.001
0.001	0.259	0.246	0.493
>ATCAGAACAATC	3-ATCAGAACAATC	12.997262	-22.195889	0	T:9.0(7.03%),B:113.8(0.28%),P:1e-9	Tpos:452.6,Tstd:254.1,Bpos:492.9,Bstd:311.7,StrandBias:-1.8,Multiplicity:1.00
0.997	0.001	0.001	0.001
0.001	0.001	0.173	0.825
0.001	0.997	0.001	0.001
0.657	0.200	0.001	0.142
0.001	0.001	0.997	0.001
0.997	0.001	0.001	0.001
0.997	0.001	0.001	0.001
0.067	0.931	0.001	0.001
0.997	0.001	0.001	0.001
0.997	0.001	0.001	0.001
0.001	0.001	0.146	0.852
0.130	0.868	0.001	0.001
>AAAAAATCCCCA	4-AAAAAATCCCCA	12.307356	-21.676657	0	T:12.0(9.38%),B:298.6(0.75%),P:1e-9	Tpos:476.9,Tstd:292.6,Bpos:511.8,Bstd:279.2,StrandBias:1.3,Multiplicity:1.17
0.997	0.001	0.001	0.001
0.688	0.310	0.001	0.001
0.997	0.001	0.001	0.001
0.997	0.001	0.001	0.001
0.997	0.001	0.001	0.001
0.735	0.001	0.001	0.263
0.059	0.001	0.001	0.939
0.001	0.997	0.001	0.001
0.001	0.692	0.306	0.001
0.041	0.957	0.001	0.001
0.001	0.997	0.001	0.001
0.997	0.001	0.001	0.001
>ATTTKACASCTT	5-ATTTKACASCTT	9.112597	-21.579597	0	T:34.0(26.56%),B:3229.6(8.07%),P:1e-9	Tpos:488.7,Tstd:301.0,Bpos:512.3,Bstd:298.6,StrandBias:0.0,Multiplicity:1.18
0.967	0.001	0.001	0.031
0.001	0.197	0.001	0.801
0.367	0.001	0.001	0.631
0.001	0.386	0.001	0.612
0.001	0.142	0.463	0.394
0.465	0.177	0.094	0.265
0.035	0.963	0.001	0.001
0.643	0.001	0.001	0.355
0.001	0.509	0.382	0.108
0.001	0.946	0.001	0.052
0.058	0.208	0.001	0.733
0.001	0.001	0.067	0.931
>ATTGAGTAAGCG	6-ATTGAGTAAGCG	14.043709	-20.469075	0	T:5.0(3.91%),B:12.0(0.03%),P:1e-8	Tpos:583.6,Tstd:194.4,Bpos:571.0,Bstd:227.9,StrandBias:0.6,Multiplicity:1.00
0.997	0.001	0.001	0.001
0.001	0.001	0.001	0.997
0.001	0.001	0.001	0.997
0.001	0.001	0.997	0.001
0.997	0.001	0.001	0.001
0.001	0.001	0.997	0.001
0.163	0.001	0.001	0.835
0.997	0.001	0.001	0.001
0.800	0.001	0.198	0.001
0.001	0.226	0.590	0.183
0.001	0.997	0.001	0.001
0.001	0.001	0.997	0.001
>GTTTTATTGTTC	7-GTTTTATTGTTC	13.326988	-19.005888	0	T:12.0(9.38%),B:381.6(0.95%),P:1e-8	Tpos:430.8,Tstd:276.7,Bpos:505.0,Bstd:301.6,StrandBias:-0.5,Multiplicity:1.00
0.001	0.001	0.822	0.176
0.001	0.001	0.001	0.997
0.001	0.180	0.001	0.818
0.001	0.001	0.001	0.997
0.001	0.001	0.001	0.997
0.909	0.001	0.001	0.089
0.132	0.001	0.001	0.866
0.001	0.001	0.001	0.997
0.001	0.001	0.873	0.125
0.001	0.001	0.001	0.997
0.175	0.001	0.001	0.823
0.001	0.997	0.001	0.001
>DATATCARTTGG	8-DATATCARTTGG	11.935202	-17.792617	0	T:9.0(7.03%),B:192.6(0.48%),P:1e-7	Tpos:580.8,Tstd:360.2,Bpos:501.4,Bstd:293.2,StrandBias:-1.2,Multiplicity:1.11
0.271	0.001	0.402	0.326
0.997	0.001	0.001	0.001
0.001	0.364	0.001	0.634
0.997	0.001	0.001	0.001
0.001	0.001	0.001	0.997
0.153	0.845	0.001	0.001
0.997	0.001	0.001	0.001
0.443	0.001	0.555	0.001
0.001	0.001	0.001	0.997
0.001	0.195	0.001	0.803
0.001	0.001	0.997	0.001
0.001	0.168	0.830	0.001
>AATAGTMTCATT	9-AATAGTMTCATT	11.482632	-17.560279	0	T:12.0(9.38%),B:436.0(1.09%),P:1e-7	Tpos:539.5,Tstd:312.3,Bpos:524.3,Bstd:297.6,StrandBias:1.7,Multiplicity:1.08
0.997	0.001	0.001	0.001
0.997	0.001	0.001	0.001
0.001	0.188	0.001	0.810
0.607	0.208	0.127	0.058
0.001	0.001	0.892	0.106
0.001	0.126	0.001	0.872
0.440	0.377	0.127	0.057
0.001	0.001	0.001	0.997
0.001	0.997	0.001	0.001
0.603	0.196	0.001	0.200
0.001	0.001	0.001	0.997
0.103	0.001	0.001	0.895
>GCGGTAGGCAGG	10-GCGGTAGGCAGG	10.122211	-16.387741	0	T:12.0(9.38%),B:487.1(1.22%),P:1e-7	Tpos:468.2,Tstd:211.3,Bpos:481.5,Bstd:280.4,StrandBias:-0.2,Multiplicity:1.17
0.001	0.001	0.881	0.117
0.046	0.712	0.001	0.241
0.104	0.001	0.762	0.133
0.165	0.001	0.833	0.001
0.165	0.001	0.001	0.833
0.852	0.001	0.001	0.146
0.001	0.001	0.997	0.001
0.146	0.001	0.846	0.007
0.001	0.540	0.313	0.146
0.997	0.001	0.001	0.001
0.131	0.101	0.767	0.001
0.001	0.001	0.997	0.001
>ATTGGACAATTT	11-ATTGGACAATTT	11.401244	-15.748726	0	T:13.0(10.16%),B:625.4(1.56%),P:1e-6	Tpos:600.1,Tstd:244.9,Bpos:510.2,Bstd:283.7,StrandBias:-0.6,Multiplicity:1.15
0.932	0.001	0.001	0.066
0.001	0.001	0.001	0.997
0.001	0.001	0.001	0.997
0.092	0.080	0.827	0.001
0.053	0.001	0.945	0.001
0.847	0.074	0.001	0.078
0.035	0.963	0.001	0.001
0.997	0.001	0.001	0.001
0.905	0.001	0.001	0.093
0.001	0.134	0.001	0.864
0.001	0.001	0.001	0.997
0.001	0.001	0.164	0.834
>ATCACCATATAT	12-ATCACCATATAT	13.587555	-15.646397	0	T:5.0(3.91%),B:34.4(0.09%),P:1e-6	Tpos:264.0,Tstd:230.5,Bpos:443.6,Bstd:314.4,StrandBias:-1.6,Multiplicity:1.60
0.795	0.001	0.001	0.203
0.001	0.001	0.170	0.828
0.001	0.997	0.001	0.001
0.997	0.001	0.001	0.001
0.001	0.997	0.001	0.001
0.001	0.835	0.163	0.001
0.997	0.001	0.001	0.001
0.001	0.001	0.151	0.847
0.763	0.001	0.001	0.235
0.001	0.001	0.001	0.997
0.997	0.001	0.001	0.001
0.001	0.001	0.235	0.763
>CAAGTTTAACTT	13-CAAGTTTAACTT	12.343074	-14.676466	0	T:8.0(6.25%),B:203.5(0.51%),P:1e-6	Tpos:525.8,Tstd:239.6,Bpos:504.7,Bstd:292.4,StrandBias:0.7,Multiplicity:1.00
0.264	0.570	0.165	0.001
0.997	0.001	0.001	0.001
0.941	0.001	0.001	0.057
0.111	0.065	0.823	0.001
0.001	0.197	0.147	0.655
0.084	0.001	0.001	0.914
0.140	0.086	0.108	0.666
0.924	0.001	0.001	0.074
0.997	0.001	0.001	0.001
0.200	0.578	0.221	0.001
0.001	0.001	0.001	0.997
0.001	0.001	0.093	0.905
>TTTCAGACATTT	14-TTTCAGACATTT	11.562530	-14.047127	0	T:17.0(13.28%),B:1273.0(3.18%),P:1e-6	Tpos:470.8,Tstd:305.2,Bpos:498.7,Bstd:347.9,StrandBias:1.2,Multiplicity:1.18
0.001	0.001	0.001	0.997
0.001	0.001	0.125	0.873
0.001	0.001	0.045	0.953
0.108	0.826	0.001	0.065
0.925	0.001	0.001	0.073
0.001	0.001	0.940	0.058
0.882	0.065	0.001	0.052
0.001	0.839	0.063	0.097
0.952	0.001	0.001	0.046
0.001	0.106	0.091	0.802
0.001	0.001	0.001	0.997
0.001	0.001	0.001	0.997
>CCAAATAAATCG	15-CCAAATAAATCG	14.389184	-13.256382	0	T:3.0(2.34%),B:5.6(0.01%),P:1e-5	Tpos:862.7,Tstd:48.6,Bpos:489.3,Bstd:276.7,StrandBias:1.0,Multiplicity:1.00
0.120	0.809	0.001	0.070
0.001	0.919	0.079	0.001
0.837	0.116	0.046	0.001
0.997	0.001	0.001	0.001
0.892	0.106	0.001	0.001
0.087	0.001	0.071	0.841
0.652	0.001	0.285	0.062
0.898	0.001	0.001	0.100
0.788	0.001	0.095	0.116
0.107	0.142	0.116	0.635
0.001	0.928	0.001	0.070
0.068	0.095	0.836	0.001
>CTCAGCCAATCA	16-CTCAGCCAATCA	14.111983	-11.505509	0	T:2.0(1.56%),B:0.0(0.00%),P:1e-4	Tpos:263.5,Tstd:113.6,Bpos:0.0,Bstd:0.0,StrandBias:10.0,Multiplicity:5.50
0.001	0.997	0.001	0.001
0.001	0.001	0.001	0.997
0.001	0.997	0.001	0.001
0.997	0.001	0.001	0.001
0.001	0.001	0.997	0.001
0.001	0.997	0.001	0.001
0.001	0.997	0.001	0.001
0.997	0.001	0.001	0.001
0.908	0.001	0.001	0.090
0.001	0.001	0.001	0.997
0.001	0.997	0.001	0.001
0.918	0.001	0.080	0.001
>TWAAGCSTAGGC	17-TWAAGCSTAGGC	9.621854	-11.171899	0	T:9.0(7.03%),B:437.7(1.09%),P:1e-4	Tpos:527.8,Tstd:258.5,Bpos:507.7,Bstd:292.4,StrandBias:-0.7,Multiplicity:1.22
0.403	0.001	0.001	0.595
0.400	0.227	0.001	0.372
0.688	0.211	0.001	0.100
0.511	0.001	0.259	0.229
0.299	0.001	0.699	0.001
0.001	0.997	0.001	0.001
0.001	0.531	0.412	0.056
0.001	0.001	0.113	0.885
0.575	0.301	0.123	0.001
0.302	0.001	0.695	0.002
0.001	0.001	0.997	0.001
0.001	0.997	0.001	0.001
>TTTTAAAATTCA	18-TTTTAAAATTCA	13.602737	-11.102653	0	T:10.0(7.81%),B:558.7(1.40%),P:1e-4	Tpos:612.4,Tstd:205.8,Bpos:501.2,Bstd:280.7,StrandBias:1.8,Multiplicity:1.80
0.089	0.001	0.001	0.909
0.001	0.001	0.001	0.997
0.001	0.001	0.075	0.923
0.001	0.001	0.001	0.997
0.997	0.001	0.001	0.001
0.997	0.001	0.001	0.001
0.997	0.001	0.001	0.001
0.997	0.001	0.001	0.001
0.001	0.001	0.059	0.939
0.001	0.001	0.001	0.997
0.001	0.997	0.001	0.001
0.997	0.001	0.001	0.001
>CTGAGCCTCACC	19-CTGAGCCTCACC	14.596955	-7.171800	0	T:2.0(1.56%),B:11.3(0.03%),P:1e-3	Tpos:477.0,Tstd:423.0,Bpos:486.0,Bstd:304.4,StrandBias:10.0,Multiplicity:1.00
0.001	0.997	0.001	0.001
0.001	0.001	0.001	0.997
0.001	0.159	0.611	0.229
0.997	0.001	0.001	0.001
0.228	0.001	0.770	0.001
0.001	0.997	0.001	0.001
0.001	0.997	0.001	0.001
0.001	0.001	0.001	0.997
0.001	0.997	0.001	0.001
0.997	0.001	0.001	0.001
0.080	0.918	0.001	0.001
0.001	0.824	0.001	0.174
>TACAAACTACAA	20-TACAAACTACAA	10.053444	-6.588521	0	T:11.0(8.59%),B:1163.9(2.91%),P:1e-2	Tpos:427.2,Tstd:247.8,Bpos:522.0,Bstd:290.0,StrandBias:-0.4,Multiplicity:1.91
0.001	0.001	0.001	0.997
0.821	0.001	0.001	0.177
0.001	0.997	0.001	0.001
0.994	0.004	0.001	0.001
0.997	0.001	0.001	0.001
0.997	0.001	0.001	0.001
0.203	0.795	0.001	0.001
0.001	0.001	0.001	0.997
0.667	0.331	0.001	0.001
0.001	0.927	0.001	0.071
0.919	0.079	0.001	0.001
0.803	0.001	0.001	0.195
>ACCGTTCTAACT	21-ACCGTTCTAACT	12.907960	-6.399364	0	T:2.0(1.56%),B:17.3(0.04%),P:1e-2	Tpos:547.8,Tstd:104.9,Bpos:411.8,Bstd:292.6,StrandBias:10.0,Multiplicity:6.00
0.997	0.001	0.001	0.001
0.001	0.997	0.001	0.001
0.001	0.997	0.001	0.001
0.166	0.001	0.832	0.001
0.001	0.001	0.108	0.890
0.001	0.001	0.001	0.997
0.001	0.997	0.001	0.001
0.001	0.001	0.001	0.997
0.997	0.001	0.001	0.001
0.997	0.001	0.001	0.001
0.001	0.723	0.001	0.275
0.001	0.001	0.001	0.997
>CGTTTAGCTCCG	22-CGTTTAGCTCCG	13.569749	-6.296088	0	T:2.0(1.56%),B:18.0(0.04%),P:1e-2	Tpos:260.8,Tstd:140.7,Bpos:601.2,Bstd:231.8,StrandBias:10.0,Multiplicity:6.50
0.001	0.997	0.001	0.001
0.001	0.001	0.997	0.001
0.001	0.001	0.001	0.997
0.001	0.001	0.001	0.997
0.001	0.001	0.001	0.997
0.933	0.001	0.001	0.065
0.088	0.001	0.816	0.095
0.095	0.903	0.001	0.001
0.001	0.001	0.001	0.997
0.001	0.997	0.001	0.001
0.001	0.997	0.001	0.001
0.001	0.001	0.997	0.001
>CTACAAACTAGA	23-CTACAAACTAGA	10.187212	-5.338994	0	T:3.0(2.34%),B:103.4(0.26%),P:1e-2	Tpos:390.7,Tstd:115.0,Bpos:437.6,Bstd:286.0,StrandBias:-1.0,Multiplicity:1.00
0.144	0.670	0.074	0.112
0.102	0.096	0.153	0.649
0.760	0.034	0.087	0.119
0.068	0.618	0.210	0.104
0.527	0.121	0.180	0.172
0.645	0.121	0.136	0.098
0.719	0.159	0.073	0.049
0.058	0.732	0.115	0.095
0.137	0.154	0.094	0.615
0.628	0.150	0.074	0.148
0.115	0.107	0.601	0.177
0.838	0.049	0.049	0.064
>CCTGGAGCTCCA	24-CCTGGAGCTCCA	7.529379	-3.166235	0	T:7.0(5.47%),B:997.3(2.49%),P:1e-1	Tpos:426.2,Tstd:129.3,Bpos:432.7,Bstd:294.3,StrandBias:0.3,Multiplicity:2.29
0.001	0.849	0.149	0.001
0.001	0.838	0.160	0.001
0.271	0.143	0.001	0.585
0.001	0.001	0.997	0.001
0.001	0.001	0.997	0.001
0.801	0.001	0.001	0.197
0.160	0.001	0.838	0.001
0.001	0.797	0.001	0.201
0.097	0.001	0.001	0.901
0.194	0.804	0.001	0.001
0.001	0.997	0.001	0.001
0.623	0.001	0.294	0.082
>GGAGCYCCAGGA	25-GGAGCYCCAGGA	13.799253	-2.331777	0	T:1.0(0.78%),B:31.4(0.08%),P:1e-1	Tpos:390.0,Tstd:133.0,Bpos:325.2,Bstd:254.7,StrandBias:10.0,Multiplicity:4.00
0.001	0.001	0.997	0.001
0.001	0.001	0.997	0.001
0.599	0.001	0.001	0.399
0.001	0.001	0.997	0.001
0.001	0.943	0.055	0.001
0.058	0.521	0.001	0.420
0.001	0.997	0.001	0.001
0.001	0.997	0.001	0.001
0.599	0.001	0.399	0.001
0.001	0.001	0.997	0.001
0.001	0.416	0.582	0.001
0.582	0.001	0.001	0.416
