>CAACGATATTCT	16-CAACGATATTCT,BestGuess:SD0003.1_at_AC_acceptor/Jaspar(0.601)	11.143545	-16.963322	0	T:13.0(5.91%),B:313.1(0.79%),P:1e-7
0.053	0.896	0.001	0.050
0.816	0.001	0.050	0.133
0.741	0.001	0.080	0.178
0.057	0.786	0.102	0.055
0.032	0.001	0.695	0.272
0.826	0.001	0.001	0.172
0.068	0.069	0.001	0.862
0.669	0.120	0.059	0.152
0.001	0.115	0.001	0.883
0.001	0.058	0.001	0.940
0.001	0.969	0.001	0.029
0.069	0.002	0.001	0.928
