>CCCCCCCCCCCC	20-CCCCCCCCCCCC	1.837086	-9.154673	0	T:201.0(52.89%),B:17989.4(43.25%),P:1e-3
0.071	0.754	0.014	0.161
0.041	0.916	0.007	0.036
0.001	0.934	0.018	0.047
0.001	0.944	0.001	0.054
0.001	0.858	0.001	0.140
0.040	0.744	0.072	0.144
0.001	0.852	0.124	0.023
0.001	0.911	0.087	0.001
0.062	0.831	0.106	0.001
0.016	0.764	0.137	0.083
0.032	0.815	0.052	0.101
0.076	0.715	0.102	0.107
