>GGAGACCAGAAA	5-TTTCTGGTCTCC	10.564699	-23.931824	0	T:28.0(7.37%),B:651.8(1.57%),P:1e-10
0.073	0.001	0.925	0.001
0.062	0.293	0.571	0.074
0.888	0.110	0.001	0.001
0.058	0.057	0.783	0.102
0.942	0.056	0.001	0.001
0.151	0.524	0.001	0.324
0.057	0.818	0.082	0.043
0.882	0.086	0.001	0.031
0.001	0.001	0.939	0.059
0.773	0.065	0.001	0.161
0.943	0.001	0.001	0.055
0.893	0.001	0.001	0.105
