>TTTCTGGTCTCC	5-TTTCTGGTCTCC,BestGuess:sma-4/MA0925.1/Jaspar(0.567)	10.564699	-23.931824	0	T:28.0(7.37%),B:651.8(1.57%),P:1e-10
0.105	0.001	0.001	0.893
0.055	0.001	0.001	0.943
0.161	0.001	0.065	0.773
0.059	0.939	0.001	0.001
0.031	0.001	0.086	0.882
0.043	0.082	0.818	0.057
0.324	0.001	0.524	0.151
0.001	0.001	0.056	0.942
0.102	0.783	0.057	0.058
0.001	0.001	0.110	0.888
0.074	0.571	0.293	0.062
0.001	0.925	0.001	0.073
