>TTTTASTAAATT	12-TTTTASTAAATT,BestGuess:CES-1(Homeobox)/cElegans-L1-CES1-ChIP-Seq(modEncode)/Homer(0.542)	10.624597	-20.131516	0	T:34.0(8.95%),B:1110.0(2.67%),P:1e-8
0.179	0.035	0.054	0.732
0.056	0.031	0.032	0.881
0.171	0.202	0.007	0.620
0.172	0.029	0.048	0.751
0.631	0.036	0.291	0.042
0.185	0.251	0.382	0.182
0.020	0.035	0.196	0.749
0.668	0.191	0.022	0.119
0.587	0.198	0.171	0.044
0.763	0.044	0.018	0.175
0.020	0.028	0.217	0.735
0.044	0.023	0.035	0.898
