>TGATAAGA	1-TGATAAGA	7.982631	-62.115323	0	T:127.0(54.74%),B:8897.1(21.72%),P:1e-26	Tpos:608.2,Tstd:283.9,Bpos:540.2,Bstd:311.1,StrandBias:-0.1,Multiplicity:1.46
0.001	0.045	0.001	0.953
0.001	0.001	0.997	0.001
0.997	0.001	0.001	0.001
0.001	0.001	0.001	0.997
0.997	0.001	0.001	0.001
0.943	0.001	0.055	0.001
0.001	0.203	0.795	0.001
0.676	0.075	0.248	0.001
>TATCAGTT	2-TATCAGTT	8.253572	-14.990236	0	T:85.0(36.64%),B:9010.0(22.00%),P:1e-6	Tpos:534.5,Tstd:285.8,Bpos:510.9,Bstd:307.4,StrandBias:-0.2,Multiplicity:1.44
0.001	0.001	0.001	0.997
0.748	0.250	0.001	0.001
0.126	0.001	0.001	0.872
0.001	0.997	0.001	0.001
0.891	0.001	0.107	0.001
0.001	0.001	0.997	0.001
0.001	0.001	0.001	0.997
0.001	0.001	0.148	0.850
>ATATGTAG	3-ATATGTAG	6.350721	-12.761107	0	T:70.0(30.17%),B:7266.5(17.74%),P:1e-5	Tpos:489.5,Tstd:281.6,Bpos:509.2,Bstd:297.9,StrandBias:-0.3,Multiplicity:1.36
0.997	0.001	0.001	0.001
0.001	0.319	0.001	0.679
0.997	0.001	0.001	0.001
0.001	0.001	0.300	0.698
0.001	0.280	0.718	0.001
0.001	0.001	0.001	0.997
0.997	0.001	0.001	0.001
0.026	0.001	0.972	0.001
>CGCTGTRG	4-CGCTGTRG	7.655304	-12.755090	0	T:19.0(8.19%),B:948.5(2.32%),P:1e-5	Tpos:446.1,Tstd:275.0,Bpos:493.2,Bstd:287.0,StrandBias:0.1,Multiplicity:1.26
0.001	0.997	0.001	0.001
0.001	0.099	0.899	0.001
0.001	0.997	0.001	0.001
0.001	0.001	0.088	0.910
0.001	0.001	0.997	0.001
0.001	0.355	0.001	0.643
0.563	0.001	0.435	0.001
0.001	0.001	0.997	0.001
>RTTNCGVA	5-RTTNCGVA	6.057745	-10.967798	0	T:108.0(46.55%),B:13589.5(33.18%),P:1e-4	Tpos:607.8,Tstd:281.0,Bpos:518.6,Bstd:297.3,StrandBias:-0.0,Multiplicity:1.44
0.430	0.165	0.404	0.001
0.001	0.001	0.139	0.859
0.145	0.241	0.206	0.408
0.215	0.175	0.300	0.309
0.297	0.701	0.001	0.001
0.001	0.001	0.997	0.001
0.375	0.373	0.251	0.001
0.768	0.001	0.230	0.001
>ACCCGYSC	6-ACCCGYSC	7.280760	-9.117379	0	T:25.0(10.78%),B:1915.3(4.68%),P:1e-3	Tpos:468.6,Tstd:300.0,Bpos:502.6,Bstd:287.1,StrandBias:-0.6,Multiplicity:1.48
0.852	0.001	0.146	0.001
0.001	0.997	0.001	0.001
0.001	0.997	0.001	0.001
0.307	0.691	0.001	0.001
0.001	0.001	0.944	0.054
0.001	0.504	0.001	0.494
0.001	0.538	0.460	0.001
0.001	0.825	0.173	0.001
>ACTATAGC	7-ACTATAGC	9.424257	-8.107887	0	T:13.0(5.60%),B:721.8(1.76%),P:1e-3	Tpos:411.9,Tstd:212.3,Bpos:476.9,Bstd:300.9,StrandBias:-1.2,Multiplicity:1.54
0.997	0.001	0.001	0.001
0.001	0.997	0.001	0.001
0.001	0.001	0.001	0.997
0.997	0.001	0.001	0.001
0.001	0.001	0.001	0.997
0.805	0.001	0.193	0.001
0.001	0.001	0.997	0.001
0.001	0.997	0.001	0.001
>GCCGACAC	8-GCCGACAC	4.059211	-6.203523	0	T:22.0(9.48%),B:1962.5(4.79%),P:1e-2	Tpos:312.3,Tstd:202.2,Bpos:500.6,Bstd:296.6,StrandBias:0.3,Multiplicity:2.00
0.001	0.001	0.997	0.001
0.001	0.735	0.001	0.263
0.001	0.997	0.001	0.001
0.001	0.001	0.997	0.001
0.997	0.001	0.001	0.001
0.001	0.900	0.001	0.098
0.997	0.001	0.001	0.001
0.001	0.997	0.001	0.001
>CCCCCCCC	9-CCCCCCCC	6.746991	-3.779808	0	T:21.0(9.05%),B:2304.3(5.63%),P:1e-1	Tpos:593.3,Tstd:166.6,Bpos:517.8,Bstd:287.1,StrandBias:-0.3,Multiplicity:1.14
0.078	0.908	0.001	0.013
0.065	0.917	0.001	0.017
0.014	0.984	0.001	0.001
0.001	0.997	0.001	0.001
0.001	0.951	0.001	0.047
0.020	0.978	0.001	0.001
0.001	0.921	0.001	0.077
0.019	0.908	0.001	0.072
>TCCATAAT	10-TCCATAAT	8.236954	-1.836395	0	T:14.0(6.03%),B:1829.4(4.47%),P:1e0	Tpos:434.8,Tstd:266.3,Bpos:500.1,Bstd:300.4,StrandBias:-0.2,Multiplicity:2.00
0.100	0.100	0.100	0.700
0.100	0.700	0.100	0.100
0.100	0.700	0.100	0.100
0.700	0.100	0.100	0.100
0.100	0.100	0.100	0.700
0.700	0.100	0.100	0.100
0.700	0.100	0.100	0.100
0.100	0.100	0.100	0.700
