>YSTTATCAST	1-YSTTATCAST	8.164780	-61.487940	0	T:132.0(56.90%),B:9637.9(23.53%),P:1e-26	Tpos:604.7,Tstd:284.2,Bpos:539.8,Bstd:311.1,StrandBias:0.2,Multiplicity:1.51
0.011	0.452	0.062	0.476
0.129	0.450	0.420	0.001
0.001	0.039	0.083	0.877
0.001	0.031	0.012	0.956
0.997	0.001	0.001	0.001
0.001	0.001	0.001	0.997
0.001	0.997	0.001	0.001
0.878	0.001	0.120	0.001
0.169	0.388	0.269	0.174
0.236	0.136	0.139	0.489
>ATTTCGCAAC	2-ATTTCGCAAC	9.397561	-45.227854	0	T:59.0(25.43%),B:2568.6(6.27%),P:1e-19	Tpos:648.6,Tstd:273.3,Bpos:536.8,Bstd:294.9,StrandBias:0.1,Multiplicity:1.20
0.889	0.021	0.068	0.022
0.020	0.001	0.001	0.978
0.030	0.001	0.001	0.968
0.001	0.001	0.001	0.997
0.001	0.997	0.001	0.001
0.020	0.001	0.956	0.023
0.067	0.850	0.001	0.082
0.943	0.029	0.001	0.027
0.979	0.001	0.001	0.019
0.001	0.640	0.059	0.300
>TCTGCCGGAG	3-TCTGCCGGAG	9.631456	-30.843069	0	T:18.0(7.76%),B:260.9(0.64%),P:1e-13	Tpos:537.8,Tstd:313.1,Bpos:465.5,Bstd:286.5,StrandBias:-0.2,Multiplicity:1.06
0.065	0.001	0.001	0.933
0.065	0.933	0.001	0.001
0.077	0.001	0.001	0.921
0.073	0.067	0.859	0.001
0.001	0.952	0.046	0.001
0.001	0.728	0.001	0.270
0.001	0.001	0.997	0.001
0.001	0.001	0.926	0.072
0.916	0.082	0.001	0.001
0.036	0.058	0.905	0.001
>GCGTGATACC	4-GCGTGATACC	7.845303	-23.386951	0	T:23.0(9.91%),B:731.6(1.79%),P:1e-10	Tpos:522.0,Tstd:252.6,Bpos:516.4,Bstd:311.2,StrandBias:0.5,Multiplicity:1.09
0.065	0.001	0.883	0.051
0.036	0.789	0.075	0.100
0.112	0.041	0.730	0.117
0.024	0.001	0.070	0.905
0.024	0.074	0.868	0.034
0.689	0.198	0.069	0.044
0.114	0.024	0.080	0.782
0.870	0.065	0.064	0.001
0.182	0.688	0.041	0.089
0.110	0.809	0.033	0.048
>TTCCTATCTA	5-TTCCTATCTA	7.548172	-20.661911	0	T:52.0(22.41%),B:3718.7(9.08%),P:1e-8	Tpos:528.0,Tstd:310.6,Bpos:521.5,Bstd:300.7,StrandBias:0.5,Multiplicity:1.18
0.062	0.066	0.092	0.780
0.137	0.036	0.046	0.781
0.045	0.786	0.084	0.085
0.037	0.843	0.058	0.062
0.032	0.077	0.066	0.825
0.726	0.136	0.098	0.040
0.009	0.079	0.039	0.873
0.077	0.800	0.069	0.054
0.068	0.036	0.052	0.844
0.749	0.072	0.079	0.100
>TGCTACATCT	6-TGCTACATCT	7.878011	-19.494879	0	T:29.0(12.50%),B:1410.5(3.44%),P:1e-8	Tpos:468.7,Tstd:274.3,Bpos:495.9,Bstd:305.3,StrandBias:0.1,Multiplicity:1.07
0.001	0.001	0.001	0.997
0.001	0.055	0.943	0.001
0.052	0.845	0.063	0.040
0.001	0.062	0.001	0.936
0.918	0.001	0.059	0.022
0.001	0.945	0.001	0.053
0.799	0.077	0.084	0.040
0.046	0.001	0.001	0.952
0.066	0.817	0.061	0.056
0.069	0.001	0.001	0.929
>AACGAGACGG	7-AACGAGACGG	10.059103	-18.832091	0	T:18.0(7.76%),B:561.2(1.37%),P:1e-8	Tpos:565.0,Tstd:234.5,Bpos:507.7,Bstd:302.2,StrandBias:-0.7,Multiplicity:1.00
0.906	0.001	0.092	0.001
0.997	0.001	0.001	0.001
0.096	0.788	0.062	0.054
0.051	0.118	0.830	0.001
0.997	0.001	0.001	0.001
0.001	0.104	0.894	0.001
0.997	0.001	0.001	0.001
0.044	0.820	0.078	0.058
0.001	0.001	0.997	0.001
0.001	0.077	0.845	0.077
>TTGGAAGTCA	8-TTGGAAGTCA	9.645653	-18.320811	0	T:30.0(12.93%),B:1583.8(3.87%),P:1e-7	Tpos:524.2,Tstd:279.5,Bpos:484.9,Bstd:299.6,StrandBias:0.3,Multiplicity:1.27
0.001	0.034	0.001	0.964
0.001	0.043	0.001	0.955
0.024	0.001	0.974	0.001
0.117	0.001	0.856	0.026
0.863	0.087	0.049	0.001
0.941	0.057	0.001	0.001
0.033	0.001	0.773	0.193
0.001	0.026	0.025	0.948
0.037	0.855	0.098	0.010
0.884	0.037	0.078	0.001
>CCCACCGCTC	9-CCCACCGCTC	10.277247	-17.053087	0	T:12.0(5.17%),B:251.3(0.61%),P:1e-7	Tpos:653.0,Tstd:270.4,Bpos:506.2,Bstd:300.7,StrandBias:1.0,Multiplicity:1.00
0.001	0.997	0.001	0.001
0.089	0.823	0.001	0.087
0.001	0.997	0.001	0.001
0.798	0.119	0.082	0.001
0.001	0.927	0.001	0.071
0.001	0.929	0.001	0.069
0.080	0.001	0.852	0.067
0.001	0.997	0.001	0.001
0.001	0.001	0.110	0.888
0.001	0.880	0.118	0.001
>GTACTTCAAT	10-GTACTTCAAT	8.427429	-15.054354	0	T:41.0(17.67%),B:3067.2(7.49%),P:1e-6	Tpos:517.9,Tstd:277.9,Bpos:494.6,Bstd:302.4,StrandBias:0.2,Multiplicity:1.12
0.012	0.092	0.794	0.102
0.016	0.157	0.034	0.793
0.997	0.001	0.001	0.001
0.100	0.781	0.022	0.097
0.241	0.001	0.001	0.757
0.030	0.127	0.087	0.756
0.132	0.758	0.091	0.019
0.961	0.037	0.001	0.001
0.845	0.135	0.001	0.019
0.001	0.102	0.001	0.896
>TKGGGTCCTA	11-TKGGGTCCTA	9.578776	-14.752294	0	T:15.0(6.47%),B:513.4(1.25%),P:1e-6	Tpos:465.7,Tstd:250.7,Bpos:484.5,Bstd:287.8,StrandBias:-0.7,Multiplicity:1.20
0.001	0.001	0.001	0.997
0.001	0.001	0.490	0.508
0.001	0.277	0.721	0.001
0.063	0.001	0.935	0.001
0.398	0.001	0.593	0.008
0.001	0.001	0.001	0.997
0.145	0.653	0.001	0.201
0.074	0.668	0.257	0.001
0.210	0.001	0.001	0.788
0.997	0.001	0.001	0.001
>CTACATATAG	12-CTACATATAG	9.670640	-14.378242	0	T:17.0(7.33%),B:682.0(1.67%),P:1e-6	Tpos:502.8,Tstd:289.6,Bpos:459.9,Bstd:302.0,StrandBias:0.7,Multiplicity:1.35
0.001	0.962	0.001	0.036
0.001	0.082	0.001	0.916
0.940	0.058	0.001	0.001
0.071	0.927	0.001	0.001
0.911	0.087	0.001	0.001
0.001	0.001	0.077	0.921
0.914	0.001	0.084	0.001
0.001	0.044	0.001	0.954
0.997	0.001	0.001	0.001
0.103	0.239	0.585	0.073
>GCTTGATGTC	13-GCTTGATGTC	11.711451	-12.964891	0	T:7.0(3.02%),B:98.1(0.24%),P:1e-5	Tpos:579.1,Tstd:140.4,Bpos:448.1,Bstd:302.5,StrandBias:0.4,Multiplicity:1.00
0.001	0.001	0.997	0.001
0.001	0.997	0.001	0.001
0.147	0.001	0.001	0.851
0.001	0.001	0.001	0.997
0.140	0.001	0.858	0.001
0.997	0.001	0.001	0.001
0.001	0.001	0.001	0.997
0.001	0.001	0.997	0.001
0.001	0.001	0.001	0.997
0.001	0.997	0.001	0.001
>AARCTTTTTA	14-AARCTTTTTA	7.850654	-12.332085	0	T:50.0(21.55%),B:4576.7(11.17%),P:1e-5	Tpos:512.4,Tstd:275.1,Bpos:517.0,Bstd:299.4,StrandBias:0.0,Multiplicity:1.28
0.551	0.148	0.076	0.225
0.658	0.216	0.092	0.034
0.291	0.169	0.397	0.143
0.001	0.962	0.036	0.001
0.007	0.285	0.162	0.546
0.018	0.206	0.131	0.645
0.222	0.190	0.186	0.402
0.239	0.188	0.008	0.565
0.009	0.076	0.323	0.592
0.976	0.018	0.005	0.001
>CARAGWTAAC	15-CARAGWTAAC	6.718346	-11.929862	0	T:26.0(11.21%),B:1715.5(4.19%),P:1e-5	Tpos:409.8,Tstd:256.1,Bpos:502.9,Bstd:301.0,StrandBias:0.2,Multiplicity:1.23
0.150	0.452	0.301	0.097
0.543	0.236	0.009	0.212
0.455	0.006	0.358	0.180
0.520	0.118	0.235	0.127
0.252	0.006	0.471	0.271
0.482	0.007	0.145	0.366
0.218	0.013	0.244	0.525
0.755	0.132	0.107	0.006
0.556	0.118	0.183	0.143
0.006	0.601	0.263	0.130
>GATCTAGGTG	16-GATCTAGGTG	9.982117	-10.369038	0	T:11.0(4.74%),B:411.5(1.00%),P:1e-4	Tpos:524.3,Tstd:249.8,Bpos:512.3,Bstd:303.6,StrandBias:2.7,Multiplicity:1.36
0.001	0.001	0.699	0.299
0.997	0.001	0.001	0.001
0.001	0.001	0.001	0.997
0.167	0.831	0.001	0.001
0.001	0.001	0.212	0.786
0.997	0.001	0.001	0.001
0.001	0.001	0.725	0.273
0.132	0.001	0.745	0.122
0.001	0.001	0.001	0.997
0.264	0.001	0.734	0.001
>TACCCGACAC	17-TACCCGACAC	8.671130	-9.575866	0	T:10.0(4.31%),B:372.6(0.91%),P:1e-4	Tpos:277.7,Tstd:150.8,Bpos:483.9,Bstd:290.6,StrandBias:0.4,Multiplicity:2.60
0.001	0.268	0.001	0.730
0.997	0.001	0.001	0.001
0.001	0.747	0.251	0.001
0.001	0.924	0.044	0.031
0.001	0.997	0.001	0.001
0.001	0.001	0.997	0.001
0.997	0.001	0.001	0.001
0.001	0.997	0.001	0.001
0.997	0.001	0.001	0.001
0.001	0.997	0.001	0.001
>AAAAATACCA	18-AAAAATACCA	10.296193	-7.368889	0	T:11.0(4.74%),B:586.8(1.43%),P:1e-3	Tpos:459.1,Tstd:259.0,Bpos:476.2,Bstd:300.6,StrandBias:-0.8,Multiplicity:1.27
0.700	0.100	0.100	0.100
0.700	0.100	0.100	0.100
0.700	0.100	0.100	0.100
0.700	0.100	0.100	0.100
0.700	0.100	0.100	0.100
0.100	0.100	0.100	0.700
0.700	0.100	0.100	0.100
0.100	0.700	0.100	0.100
0.100	0.700	0.100	0.100
0.700	0.100	0.100	0.100
>GTCGCGCGTC	19-GTCGCGCGTC	9.014714	-6.914829	0	T:9.0(3.88%),B:434.4(1.06%),P:1e-3	Tpos:349.6,Tstd:225.0,Bpos:530.8,Bstd:281.7,StrandBias:0.5,Multiplicity:1.89
0.001	0.297	0.701	0.001
0.205	0.125	0.001	0.669
0.250	0.531	0.001	0.218
0.001	0.001	0.997	0.001
0.001	0.997	0.001	0.001
0.001	0.001	0.997	0.001
0.001	0.611	0.292	0.096
0.001	0.001	0.997	0.001
0.001	0.001	0.001	0.997
0.001	0.856	0.142	0.001
>ACCAGTGCAC	20-ACCAGTGCAC	11.112621	-6.814186	0	T:3.0(1.29%),B:33.4(0.08%),P:1e-2	Tpos:347.3,Tstd:195.5,Bpos:381.3,Bstd:294.5,StrandBias:-3.6,Multiplicity:4.33
0.997	0.001	0.001	0.001
0.001	0.997	0.001	0.001
0.001	0.997	0.001	0.001
0.927	0.071	0.001	0.001
0.001	0.001	0.997	0.001
0.001	0.001	0.001	0.997
0.001	0.001	0.997	0.001
0.001	0.997	0.001	0.001
0.922	0.001	0.076	0.001
0.001	0.997	0.001	0.001
>HCYCCYCCCY	21-HCYCCYCCCY	6.933765	-6.445625	0	T:32.0(13.79%),B:3237.2(7.90%),P:1e-2	Tpos:585.7,Tstd:199.3,Bpos:525.7,Bstd:290.5,StrandBias:-0.2,Multiplicity:1.19
0.339	0.359	0.011	0.290
0.368	0.611	0.009	0.012
0.203	0.464	0.001	0.331
0.384	0.582	0.001	0.033
0.001	0.736	0.009	0.254
0.001	0.514	0.001	0.484
0.020	0.594	0.001	0.385
0.001	0.677	0.001	0.321
0.001	0.659	0.001	0.339
0.157	0.457	0.001	0.385
>TTAGCGGCCC	22-TTAGCGGCCC	10.526820	-6.164603	0	T:3.0(1.29%),B:42.1(0.10%),P:1e-2	Tpos:282.4,Tstd:233.0,Bpos:523.4,Bstd:314.8,StrandBias:3.2,Multiplicity:3.33
0.001	0.001	0.001	0.997
0.001	0.001	0.001	0.997
0.839	0.001	0.082	0.078
0.215	0.105	0.679	0.001
0.075	0.923	0.001	0.001
0.078	0.082	0.839	0.001
0.001	0.001	0.997	0.001
0.001	0.997	0.001	0.001
0.048	0.950	0.001	0.001
0.001	0.879	0.001	0.119
>CAGAAAATCA	23-CAGAAAATCA	11.590372	-5.816944	0	T:11.0(4.74%),B:716.9(1.75%),P:1e-2	Tpos:415.6,Tstd:235.4,Bpos:496.2,Bstd:309.0,StrandBias:0.0,Multiplicity:1.64
0.001	0.997	0.001	0.001
0.997	0.001	0.001	0.001
0.001	0.001	0.997	0.001
0.828	0.001	0.001	0.170
0.997	0.001	0.001	0.001
0.860	0.001	0.138	0.001
0.997	0.001	0.001	0.001
0.001	0.001	0.001	0.997
0.001	0.997	0.001	0.001
0.921	0.001	0.077	0.001
>GGCTATAGTT	24-GGCTATAGTT	10.296193	-5.086050	0	T:2.0(0.86%),B:19.7(0.05%),P:1e-2	Tpos:406.9,Tstd:204.5,Bpos:442.1,Bstd:284.6,StrandBias:2.8,Multiplicity:4.00
0.100	0.100	0.700	0.100
0.100	0.100	0.700	0.100
0.100	0.700	0.100	0.100
0.100	0.100	0.100	0.700
0.700	0.100	0.100	0.100
0.100	0.100	0.100	0.700
0.700	0.100	0.100	0.100
0.100	0.100	0.700	0.100
0.100	0.100	0.100	0.700
0.100	0.100	0.100	0.700
>GAATTATGGA	25-GAATTATGGA	10.296193	-3.423469	0	T:3.0(1.29%),B:120.7(0.29%),P:1e-1	Tpos:384.5,Tstd:234.6,Bpos:514.8,Bstd:299.2,StrandBias:1.5,Multiplicity:5.00
0.100	0.100	0.700	0.100
0.700	0.100	0.100	0.100
0.700	0.100	0.100	0.100
0.100	0.100	0.100	0.700
0.100	0.100	0.100	0.700
0.700	0.100	0.100	0.100
0.100	0.100	0.100	0.700
0.100	0.100	0.700	0.100
0.100	0.100	0.700	0.100
0.700	0.100	0.100	0.100
