>TTATYCAADATA	1-TTATYCAADATA	10.408398	-26.497974	0	T:40.0(14.93%),B:1626.3(4.10%),P:1e-11	Tpos:477.0,Tstd:306.4,Bpos:519.9,Bstd:310.0,StrandBias:-0.1,Multiplicity:1.12
0.001	0.190	0.247	0.562
0.001	0.001	0.001	0.997
0.997	0.001	0.001	0.001
0.152	0.001	0.001	0.846
0.042	0.427	0.001	0.530
0.001	0.997	0.001	0.001
0.588	0.001	0.001	0.410
0.997	0.001	0.001	0.001
0.362	0.001	0.261	0.376
0.938	0.001	0.060	0.001
0.044	0.001	0.245	0.710
0.869	0.001	0.001	0.129
>ACATGACATCTA	2-ACATGACATCTA	13.244073	-24.561712	0	T:9.0(3.36%),B:37.5(0.09%),P:1e-10	Tpos:430.8,Tstd:297.3,Bpos:520.6,Bstd:301.2,StrandBias:-0.3,Multiplicity:1.00
0.855	0.001	0.143	0.001
0.103	0.895	0.001	0.001
0.997	0.001	0.001	0.001
0.001	0.001	0.001	0.997
0.103	0.001	0.895	0.001
0.997	0.001	0.001	0.001
0.001	0.875	0.001	0.123
0.906	0.001	0.001	0.092
0.001	0.001	0.092	0.906
0.001	0.917	0.001	0.081
0.143	0.001	0.001	0.855
0.997	0.001	0.001	0.001
>ATCTTGATATTC	3-ATCTTGATATTC	12.742500	-24.017500	0	T:13.0(4.85%),B:138.5(0.35%),P:1e-10	Tpos:535.9,Tstd:321.9,Bpos:458.9,Bstd:326.3,StrandBias:-0.7,Multiplicity:1.00
0.997	0.001	0.001	0.001
0.001	0.001	0.001	0.997
0.001	0.997	0.001	0.001
0.001	0.001	0.001	0.997
0.001	0.001	0.181	0.817
0.238	0.001	0.760	0.001
0.997	0.001	0.001	0.001
0.001	0.001	0.001	0.997
0.885	0.001	0.001	0.113
0.001	0.387	0.001	0.611
0.001	0.001	0.001	0.997
0.001	0.936	0.001	0.062
>ATTACCTGATGA	4-ATTACCTGATGA	13.677456	-21.948122	0	T:8.0(2.99%),B:33.5(0.08%),P:1e-9	Tpos:441.6,Tstd:271.6,Bpos:476.8,Bstd:271.8,StrandBias:1.6,Multiplicity:1.00
0.784	0.214	0.001	0.001
0.155	0.001	0.001	0.843
0.001	0.001	0.001	0.997
0.997	0.001	0.001	0.001
0.001	0.912	0.001	0.086
0.146	0.727	0.001	0.126
0.001	0.001	0.001	0.997
0.001	0.001	0.997	0.001
0.997	0.001	0.001	0.001
0.121	0.001	0.001	0.877
0.001	0.001	0.997	0.001
0.997	0.001	0.001	0.001
>ATGTGGYGAAAT	5-ATGTGGYGAAAT	12.319622	-21.298553	0	T:10.0(3.73%),B:80.8(0.20%),P:1e-9	Tpos:572.0,Tstd:209.5,Bpos:527.0,Bstd:316.1,StrandBias:0.6,Multiplicity:1.00
0.876	0.001	0.001	0.122
0.001	0.001	0.001	0.997
0.001	0.001	0.895	0.103
0.001	0.001	0.001	0.997
0.001	0.001	0.997	0.001
0.001	0.103	0.895	0.001
0.001	0.388	0.228	0.383
0.082	0.001	0.916	0.001
0.997	0.001	0.001	0.001
0.881	0.001	0.001	0.117
0.594	0.001	0.001	0.404
0.001	0.208	0.001	0.790
>TTTGAKCTATGG	6-TTTGAKCTATGG	13.005460	-21.157740	0	T:8.0(2.99%),B:37.4(0.09%),P:1e-9	Tpos:562.9,Tstd:181.3,Bpos:606.2,Bstd:321.2,StrandBias:-1.6,Multiplicity:1.00
0.001	0.186	0.001	0.812
0.344	0.001	0.001	0.654
0.001	0.001	0.001	0.997
0.114	0.001	0.884	0.001
0.997	0.001	0.001	0.001
0.001	0.030	0.537	0.432
0.083	0.674	0.001	0.242
0.001	0.001	0.001	0.997
0.997	0.001	0.001	0.001
0.001	0.001	0.160	0.838
0.229	0.001	0.769	0.001
0.175	0.001	0.823	0.001
>TTTCCGATCGCY	7-TTTCCGATCGCY	10.761081	-21.077534	0	T:18.0(6.72%),B:402.6(1.02%),P:1e-9	Tpos:516.5,Tstd:270.2,Bpos:485.3,Bstd:302.5,StrandBias:-0.5,Multiplicity:1.06
0.001	0.111	0.001	0.887
0.001	0.001	0.001	0.997
0.096	0.001	0.001	0.902
0.001	0.997	0.001	0.001
0.001	0.768	0.076	0.155
0.057	0.001	0.876	0.066
0.615	0.279	0.050	0.056
0.394	0.001	0.001	0.604
0.175	0.823	0.001	0.001
0.217	0.001	0.479	0.303
0.061	0.841	0.097	0.001
0.001	0.431	0.001	0.567
>CCGAAATCTTTT	8-CCGAAATCTTTT	13.421857	-20.970962	0	T:10.0(3.73%),B:83.1(0.21%),P:1e-9	Tpos:667.9,Tstd:239.0,Bpos:602.7,Bstd:294.4,StrandBias:1.2,Multiplicity:1.00
0.001	0.950	0.001	0.048
0.001	0.954	0.001	0.044
0.113	0.110	0.776	0.001
0.997	0.001	0.001	0.001
0.997	0.001	0.001	0.001
0.865	0.001	0.133	0.001
0.059	0.001	0.093	0.847
0.001	0.976	0.001	0.022
0.001	0.001	0.001	0.997
0.001	0.001	0.133	0.865
0.001	0.001	0.001	0.997
0.001	0.146	0.001	0.852
>AAAAAGAATAAT	9-AAAAAGAATAAT	12.486812	-20.529184	0	T:25.0(9.33%),B:838.5(2.12%),P:1e-8	Tpos:513.9,Tstd:272.0,Bpos:516.3,Bstd:312.7,StrandBias:-0.7,Multiplicity:1.04
0.997	0.001	0.001	0.001
0.997	0.001	0.001	0.001
0.928	0.001	0.038	0.033
0.907	0.001	0.048	0.044
0.921	0.037	0.041	0.001
0.099	0.017	0.854	0.030
0.997	0.001	0.001	0.001
0.827	0.054	0.118	0.001
0.017	0.001	0.081	0.901
0.856	0.048	0.050	0.046
0.938	0.001	0.040	0.021
0.018	0.038	0.001	0.943
>CCCGGMCTKCCY	10-CCCGGMCTKCCY	8.729598	-20.158562	0	T:25.0(9.33%),B:854.5(2.16%),P:1e-8	Tpos:506.8,Tstd:311.0,Bpos:528.4,Bstd:304.1,StrandBias:1.7,Multiplicity:1.16
0.092	0.811	0.096	0.001
0.001	0.997	0.001	0.001
0.199	0.743	0.001	0.057
0.001	0.372	0.626	0.001
0.369	0.001	0.629	0.001
0.377	0.473	0.001	0.149
0.185	0.629	0.001	0.185
0.001	0.280	0.001	0.718
0.001	0.001	0.565	0.433
0.001	0.997	0.001	0.001
0.372	0.626	0.001	0.001
0.099	0.377	0.001	0.523
>AATAGAAAAGGT	11-AATAGAAAAGGT	12.370160	-19.590490	0	T:16.0(5.97%),B:339.1(0.86%),P:1e-8	Tpos:511.1,Tstd:296.8,Bpos:551.8,Bstd:315.6,StrandBias:0.0,Multiplicity:1.00
0.997	0.001	0.001	0.001
0.864	0.075	0.001	0.060
0.001	0.001	0.053	0.945
0.939	0.001	0.059	0.001
0.034	0.077	0.888	0.001
0.997	0.001	0.001	0.001
0.910	0.001	0.088	0.001
0.868	0.130	0.001	0.001
0.881	0.117	0.001	0.001
0.074	0.053	0.842	0.031
0.035	0.001	0.928	0.036
0.001	0.001	0.001	0.997
>TAAGTCATATCC	12-TAAGTCATATCC	13.710365	-19.590022	0	T:6.0(2.24%),B:14.7(0.04%),P:1e-8	Tpos:375.8,Tstd:210.7,Bpos:381.1,Bstd:333.3,StrandBias:0.7,Multiplicity:1.33
0.001	0.001	0.001	0.997
0.997	0.001	0.001	0.001
0.997	0.001	0.001	0.001
0.001	0.001	0.870	0.128
0.001	0.164	0.001	0.834
0.254	0.744	0.001	0.001
0.997	0.001	0.001	0.001
0.001	0.001	0.001	0.997
0.997	0.001	0.001	0.001
0.001	0.001	0.001	0.997
0.142	0.692	0.165	0.001
0.001	0.997	0.001	0.001
>ATGTAGGCGCAT	13-ATGTAGGCGCAT	13.751632	-18.431685	0	T:4.0(1.49%),B:1.1(0.00%),P:1e-8	Tpos:387.0,Tstd:243.2,Bpos:665.6,Bstd:129.5,StrandBias:2.0,Multiplicity:1.25
0.769	0.001	0.115	0.115
0.001	0.001	0.001	0.997
0.001	0.001	0.997	0.001
0.001	0.001	0.001	0.997
0.997	0.001	0.001	0.001
0.001	0.133	0.865	0.001
0.001	0.001	0.997	0.001
0.134	0.731	0.001	0.134
0.001	0.001	0.997	0.001
0.115	0.883	0.001	0.001
0.997	0.001	0.001	0.001
0.001	0.133	0.001	0.865
>GCTTGTAGGCGC	14-GCTTGTAGGCGC	14.709374	-18.431685	0	T:4.0(1.49%),B:1.6(0.00%),P:1e-8	Tpos:457.8,Tstd:231.4,Bpos:733.0,Bstd:0.0,StrandBias:1.6,Multiplicity:1.00
0.001	0.001	0.997	0.001
0.001	0.731	0.267	0.001
0.001	0.001	0.231	0.767
0.001	0.001	0.001	0.997
0.001	0.001	0.997	0.001
0.001	0.001	0.001	0.997
0.997	0.001	0.001	0.001
0.001	0.001	0.997	0.001
0.001	0.001	0.997	0.001
0.267	0.731	0.001	0.001
0.001	0.001	0.997	0.001
0.001	0.997	0.001	0.001
>ATTCTTGTTTAT	15-ATTCTTGTTTAT	13.089947	-16.597011	0	T:15.0(5.60%),B:369.0(0.93%),P:1e-7	Tpos:355.5,Tstd:262.7,Bpos:504.7,Bstd:295.5,StrandBias:-0.2,Multiplicity:1.27
0.997	0.001	0.001	0.001
0.001	0.001	0.001	0.997
0.001	0.001	0.109	0.889
0.055	0.690	0.064	0.191
0.091	0.091	0.001	0.817
0.001	0.001	0.001	0.997
0.001	0.001	0.807	0.191
0.001	0.001	0.001	0.997
0.001	0.001	0.001	0.997
0.001	0.001	0.001	0.997
0.914	0.048	0.001	0.037
0.001	0.001	0.001	0.997
>CGAAGGATCGAT	16-CGAAGGATCGAT	11.626686	-16.558636	0	T:8.0(2.99%),B:71.8(0.18%),P:1e-7	Tpos:373.8,Tstd:259.5,Bpos:566.6,Bstd:323.0,StrandBias:-2.2,Multiplicity:1.38
0.366	0.632	0.001	0.001
0.001	0.001	0.997	0.001
0.676	0.001	0.322	0.001
0.997	0.001	0.001	0.001
0.001	0.001	0.997	0.001
0.001	0.001	0.997	0.001
0.997	0.001	0.001	0.001
0.139	0.001	0.139	0.721
0.161	0.743	0.001	0.095
0.109	0.001	0.889	0.001
0.560	0.001	0.161	0.278
0.160	0.001	0.001	0.838
>TGGATTTCTAAG	17-TGGATTTCTAAG	12.355432	-16.496385	0	T:4.0(1.49%),B:3.6(0.01%),P:1e-7	Tpos:495.2,Tstd:351.9,Bpos:415.8,Bstd:201.3,StrandBias:-1.6,Multiplicity:1.00
0.100	0.100	0.100	0.700
0.100	0.100	0.700	0.100
0.100	0.100	0.700	0.100
0.700	0.100	0.100	0.100
0.100	0.100	0.100	0.700
0.100	0.100	0.100	0.700
0.100	0.100	0.100	0.700
0.100	0.700	0.100	0.100
0.100	0.100	0.100	0.700
0.700	0.100	0.100	0.100
0.700	0.100	0.100	0.100
0.100	0.100	0.700	0.100
>TTTCCAAGTCAA	18-TTTCCAAGTCAA	12.355432	-14.273848	0	T:4.0(1.49%),B:7.3(0.02%),P:1e-6	Tpos:787.8,Tstd:162.8,Bpos:396.3,Bstd:214.3,StrandBias:1.6,Multiplicity:1.00
0.100	0.100	0.100	0.700
0.100	0.100	0.100	0.700
0.100	0.100	0.100	0.700
0.100	0.700	0.100	0.100
0.100	0.700	0.100	0.100
0.700	0.100	0.100	0.100
0.700	0.100	0.100	0.100
0.100	0.100	0.700	0.100
0.100	0.100	0.100	0.700
0.100	0.700	0.100	0.100
0.700	0.100	0.100	0.100
0.700	0.100	0.100	0.100
>GATATAGGCATG	19-GATATAGGCATG	13.997357	-12.083841	0	T:4.0(1.49%),B:14.1(0.04%),P:1e-5	Tpos:689.7,Tstd:279.0,Bpos:515.0,Bstd:265.7,StrandBias:1.3,Multiplicity:1.75
0.001	0.001	0.997	0.001
0.997	0.001	0.001	0.001
0.001	0.001	0.001	0.997
0.517	0.173	0.137	0.173
0.001	0.001	0.001	0.997
0.826	0.001	0.172	0.001
0.172	0.001	0.826	0.001
0.001	0.001	0.997	0.001
0.001	0.997	0.001	0.001
0.997	0.001	0.001	0.001
0.001	0.001	0.001	0.997
0.001	0.001	0.997	0.001
>GATACAGATCTA	20-GATACAGATCTA	15.022603	-12.040506	0	T:3.0(1.12%),B:3.7(0.01%),P:1e-5	Tpos:448.7,Tstd:310.9,Bpos:481.6,Bstd:115.7,StrandBias:2.3,Multiplicity:2.00
0.001	0.001	0.997	0.001
0.997	0.001	0.001	0.001
0.001	0.001	0.001	0.997
0.997	0.001	0.001	0.001
0.001	0.997	0.001	0.001
0.997	0.001	0.001	0.001
0.001	0.001	0.997	0.001
0.997	0.001	0.001	0.001
0.001	0.001	0.001	0.997
0.001	0.997	0.001	0.001
0.001	0.001	0.001	0.997
0.792	0.001	0.001	0.206
>CTGCCGAACAAC	21-CTGCCGAACAAC	11.173532	-11.343021	0	T:9.0(3.36%),B:197.2(0.50%),P:1e-4	Tpos:428.5,Tstd:281.5,Bpos:539.3,Bstd:308.7,StrandBias:2.3,Multiplicity:1.33
0.165	0.727	0.001	0.107
0.001	0.001	0.001	0.997
0.001	0.001	0.743	0.255
0.107	0.749	0.001	0.143
0.165	0.833	0.001	0.001
0.001	0.272	0.726	0.001
0.833	0.001	0.165	0.001
0.997	0.001	0.001	0.001
0.129	0.727	0.001	0.143
0.997	0.001	0.001	0.001
0.997	0.001	0.001	0.001
0.001	0.720	0.001	0.278
>AGATGAAGCCGC	22-AGATGAAGCCGC	11.084966	-9.934362	0	T:6.0(2.24%),B:90.4(0.23%),P:1e-4	Tpos:488.2,Tstd:283.9,Bpos:549.5,Bstd:343.4,StrandBias:10.0,Multiplicity:2.00
0.997	0.001	0.001	0.001
0.189	0.001	0.700	0.110
0.997	0.001	0.001	0.001
0.189	0.110	0.256	0.444
0.001	0.127	0.871	0.001
0.651	0.238	0.001	0.110
0.889	0.001	0.109	0.001
0.001	0.001	0.889	0.109
0.001	0.912	0.001	0.086
0.001	0.997	0.001	0.001
0.197	0.110	0.692	0.001
0.001	0.997	0.001	0.001
>AGCACMCGMCGC	23-AGCACMCGMCGC	10.460725	-9.523858	0	T:9.0(3.36%),B:251.9(0.64%),P:1e-4	Tpos:460.9,Tstd:265.7,Bpos:492.0,Bstd:298.7,StrandBias:0.0,Multiplicity:1.56
0.688	0.001	0.310	0.001
0.387	0.001	0.611	0.001
0.001	0.997	0.001	0.001
0.645	0.001	0.001	0.353
0.001	0.997	0.001	0.001
0.419	0.312	0.268	0.001
0.199	0.571	0.001	0.229
0.001	0.001	0.997	0.001
0.426	0.572	0.001	0.001
0.001	0.988	0.010	0.001
0.387	0.009	0.603	0.001
0.001	0.830	0.001	0.168
>ATTTTTCGTGTA	24-ATTTTTCGTGTA	13.362113	-6.027648	0	T:4.0(1.49%),B:79.5(0.20%),P:1e-2	Tpos:428.0,Tstd:123.6,Bpos:440.9,Bstd:256.8,StrandBias:-3.4,Multiplicity:5.75
0.997	0.001	0.001	0.001
0.001	0.001	0.001	0.997
0.001	0.001	0.001	0.997
0.001	0.001	0.001	0.997
0.001	0.001	0.001	0.997
0.001	0.001	0.001	0.997
0.001	0.952	0.046	0.001
0.001	0.001	0.997	0.001
0.001	0.001	0.001	0.997
0.001	0.001	0.997	0.001
0.001	0.041	0.001	0.957
0.997	0.001	0.001	0.001
>AGAGKCTGCCCC	25-AGAGKCTGCCCC	15.545496	-5.003370	0	T:1.0(0.37%),B:0.0(0.00%),P:1e-2	Tpos:288.4,Tstd:177.8,Bpos:0.0,Bstd:0.0,StrandBias:10.0,Multiplicity:5.00
0.997	0.001	0.001	0.001
0.001	0.001	0.997	0.001
0.997	0.001	0.001	0.001
0.001	0.001	0.997	0.001
0.001	0.001	0.499	0.499
0.001	0.997	0.001	0.001
0.001	0.166	0.001	0.832
0.001	0.001	0.997	0.001
0.001	0.832	0.001	0.166
0.001	0.997	0.001	0.001
0.001	0.997	0.001	0.001
0.001	0.997	0.001	0.001
