>AGATCATATC	1-AGATCATATC	9.178462	-25.841552	0	T:28.0(10.45%),B:822.9(2.08%),P:1e-11	Tpos:581.3,Tstd:278.0,Bpos:501.9,Bstd:327.2,StrandBias:0.2,Multiplicity:1.00
0.803	0.102	0.094	0.001
0.001	0.001	0.997	0.001
0.997	0.001	0.001	0.001
0.001	0.106	0.001	0.892
0.072	0.882	0.001	0.045
0.997	0.001	0.001	0.001
0.001	0.001	0.080	0.918
0.761	0.092	0.146	0.001
0.001	0.001	0.118	0.880
0.024	0.863	0.001	0.112
>CCATAGCTCA	2-CCATAGCTCA	9.601552	-24.276499	0	T:21.0(7.84%),B:472.5(1.19%),P:1e-10	Tpos:555.2,Tstd:224.1,Bpos:506.7,Bstd:302.2,StrandBias:1.4,Multiplicity:1.05
0.001	0.997	0.001	0.001
0.081	0.785	0.001	0.133
0.609	0.389	0.001	0.001
0.076	0.001	0.001	0.922
0.997	0.001	0.001	0.001
0.094	0.001	0.837	0.068
0.168	0.737	0.001	0.094
0.001	0.001	0.001	0.997
0.001	0.997	0.001	0.001
0.997	0.001	0.001	0.001
>CTTTGAACAG	3-CTTTGAACAG	8.468037	-24.199909	0	T:41.0(15.30%),B:1837.6(4.64%),P:1e-10	Tpos:507.1,Tstd:288.8,Bpos:501.5,Bstd:304.2,StrandBias:0.1,Multiplicity:1.10
0.188	0.531	0.280	0.001
0.205	0.161	0.001	0.633
0.132	0.146	0.011	0.711
0.016	0.183	0.184	0.617
0.007	0.084	0.892	0.017
0.685	0.158	0.156	0.001
0.695	0.007	0.202	0.096
0.155	0.701	0.019	0.125
0.814	0.001	0.030	0.155
0.198	0.057	0.744	0.001
>KTGWAKTAGR	4-KTGWAKTAGR	6.253066	-22.900262	0	T:47.0(17.54%),B:2434.1(6.14%),P:1e-9	Tpos:513.7,Tstd:321.7,Bpos:503.6,Bstd:311.2,StrandBias:0.2,Multiplicity:1.09
0.067	0.073	0.397	0.464
0.315	0.063	0.058	0.564
0.084	0.063	0.547	0.306
0.386	0.076	0.036	0.502
0.420	0.268	0.056	0.257
0.177	0.209	0.238	0.376
0.084	0.336	0.031	0.549
0.819	0.053	0.106	0.022
0.219	0.061	0.472	0.248
0.393	0.230	0.329	0.049
>GATCCCGAAA	5-GATCCCGAAA	9.303180	-21.582366	0	T:26.0(9.70%),B:860.8(2.17%),P:1e-9	Tpos:526.3,Tstd:263.1,Bpos:494.7,Bstd:294.0,StrandBias:0.4,Multiplicity:1.04
0.049	0.196	0.716	0.039
0.997	0.001	0.001	0.001
0.093	0.054	0.001	0.852
0.001	0.972	0.001	0.026
0.094	0.904	0.001	0.001
0.022	0.976	0.001	0.001
0.088	0.043	0.799	0.070
0.997	0.001	0.001	0.001
0.921	0.001	0.001	0.077
0.907	0.001	0.091	0.001
>TGGCAGGCGT	6-TGGCAGGCGT	9.311013	-20.650312	0	T:20.0(7.46%),B:523.1(1.32%),P:1e-8	Tpos:493.1,Tstd:310.4,Bpos:498.8,Bstd:318.2,StrandBias:-0.6,Multiplicity:1.00
0.032	0.122	0.014	0.832
0.001	0.001	0.997	0.001
0.111	0.001	0.887	0.001
0.001	0.997	0.001	0.001
0.822	0.176	0.001	0.001
0.001	0.001	0.997	0.001
0.001	0.001	0.997	0.001
0.053	0.879	0.001	0.067
0.074	0.001	0.806	0.119
0.116	0.001	0.101	0.782
>GTAGGCGCAA	7-GTAGGCGCAA	9.846411	-18.722283	0	T:12.0(4.48%),B:178.1(0.45%),P:1e-8	Tpos:498.6,Tstd:253.0,Bpos:514.1,Bstd:289.3,StrandBias:0.9,Multiplicity:1.42
0.001	0.001	0.997	0.001
0.001	0.001	0.099	0.899
0.997	0.001	0.001	0.001
0.001	0.001	0.997	0.001
0.001	0.001	0.997	0.001
0.159	0.839	0.001	0.001
0.001	0.001	0.997	0.001
0.001	0.890	0.045	0.064
0.741	0.001	0.089	0.169
0.702	0.103	0.001	0.194
>TGCCTATCTT	8-TGCCTATCTT	7.288413	-17.856719	0	T:74.0(27.61%),B:5710.6(14.41%),P:1e-7	Tpos:507.7,Tstd:272.8,Bpos:512.5,Bstd:311.8,StrandBias:0.1,Multiplicity:1.16
0.052	0.076	0.027	0.845
0.039	0.037	0.834	0.090
0.030	0.772	0.134	0.064
0.100	0.782	0.022	0.096
0.043	0.075	0.027	0.855
0.795	0.051	0.051	0.103
0.100	0.057	0.067	0.776
0.044	0.832	0.067	0.057
0.049	0.074	0.034	0.843
0.074	0.150	0.101	0.675
>GATCTGTATC	9-GATCTGTATC	7.017505	-17.429255	0	T:93.0(34.70%),B:8011.4(20.21%),P:1e-7	Tpos:509.9,Tstd:281.6,Bpos:509.4,Bstd:310.2,StrandBias:-0.0,Multiplicity:1.26
0.001	0.001	0.997	0.001
0.824	0.001	0.174	0.001
0.001	0.140	0.001	0.858
0.017	0.713	0.079	0.191
0.076	0.001	0.190	0.733
0.027	0.001	0.717	0.255
0.077	0.063	0.001	0.859
0.843	0.063	0.001	0.093
0.001	0.126	0.043	0.830
0.001	0.636	0.277	0.086
>DTCCCCGAGG	10-DTCCCCGAGG	7.846509	-17.246335	0	T:30.0(11.19%),B:1383.7(3.49%),P:1e-7	Tpos:444.8,Tstd:286.3,Bpos:484.4,Bstd:303.6,StrandBias:0.7,Multiplicity:1.21
0.334	0.001	0.281	0.384
0.295	0.001	0.001	0.703
0.001	0.997	0.001	0.001
0.373	0.571	0.055	0.001
0.082	0.471	0.208	0.239
0.273	0.725	0.001	0.001
0.001	0.316	0.682	0.001
0.946	0.001	0.001	0.052
0.001	0.081	0.782	0.136
0.130	0.180	0.689	0.001
>AAGACTAGTC	11-AAGACTAGTC	8.472886	-17.185549	0	T:20.0(7.46%),B:648.3(1.64%),P:1e-7	Tpos:473.8,Tstd:311.4,Bpos:508.5,Bstd:309.2,StrandBias:-0.7,Multiplicity:1.00
0.896	0.102	0.001	0.001
0.997	0.001	0.001	0.001
0.001	0.001	0.997	0.001
0.893	0.001	0.105	0.001
0.038	0.906	0.001	0.055
0.060	0.097	0.001	0.842
0.997	0.001	0.001	0.001
0.048	0.069	0.845	0.038
0.050	0.001	0.094	0.855
0.046	0.834	0.065	0.055
>CCGATGTGTT	12-CCGATGTGTT	9.365624	-16.582178	0	T:21.0(7.84%),B:741.3(1.87%),P:1e-7	Tpos:517.7,Tstd:292.0,Bpos:494.2,Bstd:308.2,StrandBias:0.0,Multiplicity:1.00
0.001	0.997	0.001	0.001
0.001	0.616	0.340	0.043
0.001	0.120	0.741	0.138
0.997	0.001	0.001	0.001
0.076	0.098	0.001	0.825
0.001	0.001	0.997	0.001
0.085	0.001	0.001	0.913
0.058	0.064	0.877	0.001
0.001	0.077	0.001	0.921
0.001	0.102	0.101	0.796
>ACTGTTCAGC	13-ACTGTTCAGC	10.799577	-13.901258	0	T:13.0(4.85%),B:339.8(0.86%),P:1e-6	Tpos:418.6,Tstd:241.6,Bpos:448.3,Bstd:284.9,StrandBias:2.7,Multiplicity:1.15
0.926	0.001	0.072	0.001
0.079	0.919	0.001	0.001
0.001	0.001	0.001	0.997
0.001	0.001	0.997	0.001
0.001	0.001	0.083	0.915
0.001	0.001	0.086	0.912
0.001	0.997	0.001	0.001
0.926	0.001	0.072	0.001
0.001	0.001	0.997	0.001
0.001	0.925	0.073	0.001
>TACGGACCGK	14-TACGGACCGK	10.468588	-13.137266	0	T:8.0(2.99%),B:115.6(0.29%),P:1e-5	Tpos:398.8,Tstd:305.1,Bpos:379.9,Bstd:292.8,StrandBias:0.2,Multiplicity:1.38
0.179	0.001	0.217	0.603
0.997	0.001	0.001	0.001
0.001	0.997	0.001	0.001
0.001	0.001	0.997	0.001
0.001	0.001	0.997	0.001
0.612	0.001	0.001	0.386
0.200	0.798	0.001	0.001
0.001	0.997	0.001	0.001
0.001	0.001	0.997	0.001
0.001	0.001	0.535	0.463
>ATCTTCCGAA	15-ATCTTCCGAA	7.012102	-12.991243	0	T:43.0(16.04%),B:2972.5(7.50%),P:1e-5	Tpos:516.4,Tstd:269.1,Bpos:491.8,Bstd:302.6,StrandBias:1.0,Multiplicity:1.14
0.477	0.195	0.186	0.142
0.155	0.025	0.233	0.587
0.035	0.631	0.157	0.177
0.176	0.197	0.015	0.612
0.015	0.029	0.027	0.929
0.177	0.498	0.179	0.147
0.152	0.651	0.172	0.025
0.130	0.163	0.514	0.193
0.706	0.029	0.025	0.240
0.601	0.018	0.186	0.195
>GTCYGMCCCM	16-GTCYGMCCCM	9.537727	-11.992846	0	T:9.0(3.36%),B:181.6(0.46%),P:1e-5	Tpos:394.9,Tstd:219.7,Bpos:542.9,Bstd:291.6,StrandBias:1.9,Multiplicity:1.56
0.001	0.001	0.997	0.001
0.104	0.225	0.213	0.457
0.001	0.932	0.001	0.066
0.001	0.471	0.001	0.527
0.272	0.001	0.726	0.001
0.452	0.546	0.001	0.001
0.001	0.997	0.001	0.001
0.001	0.997	0.001	0.001
0.001	0.932	0.066	0.001
0.448	0.395	0.156	0.001
>TACCGAGATG	17-TACCGAGATG	8.340136	-11.441984	0	T:32.0(11.94%),B:2037.8(5.14%),P:1e-4	Tpos:503.4,Tstd:299.6,Bpos:494.2,Bstd:310.2,StrandBias:0.2,Multiplicity:1.16
0.044	0.003	0.063	0.890
0.886	0.003	0.002	0.109
0.051	0.689	0.001	0.259
0.053	0.693	0.107	0.147
0.187	0.003	0.805	0.005
0.993	0.001	0.005	0.001
0.134	0.049	0.816	0.001
0.852	0.094	0.001	0.053
0.001	0.067	0.002	0.930
0.002	0.239	0.758	0.001
>TTTCCGCGGA	18-TTTCCGCGGA	9.002151	-11.247021	0	T:20.0(7.46%),B:963.1(2.43%),P:1e-4	Tpos:546.3,Tstd:298.3,Bpos:525.5,Bstd:293.1,StrandBias:0.5,Multiplicity:1.20
0.001	0.001	0.001	0.997
0.209	0.001	0.001	0.789
0.001	0.083	0.001	0.915
0.001	0.975	0.001	0.023
0.020	0.949	0.030	0.001
0.001	0.064	0.897	0.038
0.039	0.926	0.001	0.034
0.001	0.021	0.909	0.069
0.001	0.042	0.852	0.105
0.899	0.001	0.099	0.001
>TTTCCGWAAG	19-TTTCCGWAAG	11.445444	-11.062916	0	T:11.0(4.10%),B:317.2(0.80%),P:1e-4	Tpos:424.8,Tstd:292.3,Bpos:484.2,Bstd:292.0,StrandBias:-0.3,Multiplicity:1.00
0.017	0.035	0.001	0.947
0.001	0.001	0.001	0.997
0.001	0.001	0.001	0.997
0.001	0.997	0.001	0.001
0.001	0.822	0.176	0.001
0.001	0.001	0.997	0.001
0.436	0.001	0.001	0.562
0.997	0.001	0.001	0.001
0.997	0.001	0.001	0.001
0.001	0.029	0.969	0.001
>GCCTCGAGAA	20-GCCTCGAGAA	9.380621	-10.249807	0	T:20.0(7.46%),B:1035.2(2.61%),P:1e-4	Tpos:500.9,Tstd:262.3,Bpos:490.0,Bstd:303.6,StrandBias:-0.6,Multiplicity:1.15
0.001	0.013	0.985	0.001
0.194	0.696	0.001	0.109
0.103	0.895	0.001	0.001
0.160	0.001	0.001	0.838
0.137	0.738	0.001	0.124
0.001	0.012	0.751	0.236
0.997	0.001	0.001	0.001
0.154	0.118	0.458	0.270
0.997	0.001	0.001	0.001
0.995	0.001	0.001	0.003
>TATATATATC	21-TATATATATC	9.158691	-9.606228	0	T:28.0(10.45%),B:1839.3(4.64%),P:1e-4	Tpos:512.7,Tstd:306.2,Bpos:527.1,Bstd:324.0,StrandBias:0.2,Multiplicity:1.11
0.001	0.019	0.001	0.979
0.963	0.001	0.027	0.009
0.022	0.009	0.001	0.968
0.980	0.001	0.001	0.018
0.001	0.019	0.032	0.948
0.882	0.030	0.047	0.041
0.011	0.001	0.042	0.946
0.953	0.019	0.027	0.001
0.025	0.189	0.035	0.751
0.198	0.638	0.131	0.033
>CGCAAGACGC	22-CGCAAGACGC	7.963088	-8.969545	0	T:14.0(5.22%),B:627.2(1.58%),P:1e-3	Tpos:443.7,Tstd:266.2,Bpos:522.4,Bstd:321.2,StrandBias:-1.5,Multiplicity:1.07
0.096	0.795	0.066	0.043
0.001	0.001	0.988	0.010
0.025	0.900	0.023	0.052
0.788	0.023	0.165	0.024
0.732	0.108	0.157	0.003
0.051	0.050	0.860	0.039
0.595	0.227	0.118	0.060
0.101	0.753	0.073	0.073
0.076	0.045	0.782	0.097
0.131	0.794	0.052	0.023
>CGCCGCTGCT	23-CGCCGCTGCT	10.353698	-7.868704	0	T:10.0(3.73%),B:386.1(0.97%),P:1e-3	Tpos:485.4,Tstd:320.7,Bpos:449.8,Bstd:307.5,StrandBias:1.7,Multiplicity:1.30
0.267	0.673	0.001	0.059
0.001	0.001	0.997	0.001
0.001	0.913	0.001	0.085
0.001	0.763	0.001	0.235
0.099	0.001	0.899	0.001
0.001	0.997	0.001	0.001
0.001	0.001	0.001	0.997
0.001	0.100	0.822	0.077
0.001	0.997	0.001	0.001
0.001	0.001	0.001	0.997
>TCGTTATACG	24-TCGTTATACG	6.592877	-4.173626	0	T:5.0(1.87%),B:210.4(0.53%),P:1e-1	Tpos:419.3,Tstd:177.5,Bpos:446.5,Bstd:265.9,StrandBias:2.8,Multiplicity:4.80
0.001	0.001	0.001	0.997
0.001	0.713	0.001	0.285
0.001	0.001	0.997	0.001
0.001	0.001	0.001	0.997
0.001	0.001	0.001	0.997
0.997	0.001	0.001	0.001
0.001	0.285	0.001	0.713
0.997	0.001	0.001	0.001
0.001	0.997	0.001	0.001
0.001	0.001	0.997	0.001
>GAGGCCCCAG	25-GAGGCCCCAG	10.296193	-3.911456	0	T:1.0(0.37%),B:2.8(0.01%),P:1e-1	Tpos:397.0,Tstd:181.1,Bpos:381.1,Bstd:264.2,StrandBias:10.0,Multiplicity:4.00
0.100	0.100	0.700	0.100
0.700	0.100	0.100	0.100
0.100	0.100	0.700	0.100
0.100	0.100	0.700	0.100
0.100	0.700	0.100	0.100
0.100	0.700	0.100	0.100
0.100	0.700	0.100	0.100
0.100	0.700	0.100	0.100
0.700	0.100	0.100	0.100
0.100	0.100	0.700	0.100
