>TTTCTTCGATTC	1-TTTCTTCGATTC	9.707754	-40.804756	0	T:100.0(26.60%),B:3990.8(10.44%),P:1e-17	Tpos:525.6,Tstd:298.9,Bpos:533.6,Bstd:365.5,StrandBias:0.7,Multiplicity:1.13
0.100	0.050	0.001	0.849
0.049	0.071	0.001	0.879
0.001	0.055	0.001	0.943
0.086	0.872	0.001	0.041
0.127	0.099	0.088	0.686
0.001	0.051	0.067	0.881
0.001	0.825	0.165	0.009
0.047	0.150	0.748	0.055
0.745	0.085	0.082	0.088
0.015	0.049	0.001	0.935
0.081	0.001	0.001	0.917
0.001	0.713	0.144	0.142
>TTTTTAGCCATT	2-TTTTTAGCCATT	12.954018	-24.403628	0	T:20.0(5.32%),B:282.9(0.74%),P:1e-10	Tpos:629.4,Tstd:241.8,Bpos:540.4,Bstd:357.3,StrandBias:1.1,Multiplicity:1.10
0.048	0.001	0.070	0.881
0.001	0.001	0.001	0.997
0.001	0.001	0.001	0.997
0.069	0.001	0.001	0.929
0.001	0.001	0.017	0.981
0.710	0.019	0.023	0.248
0.025	0.001	0.858	0.116
0.001	0.970	0.028	0.001
0.097	0.880	0.022	0.001
0.997	0.001	0.001	0.001
0.013	0.001	0.001	0.985
0.087	0.001	0.080	0.832
>GCGCGCGCGTTT	3-GCGCGCGCGTTT	9.917110	-23.835108	0	T:26.0(6.91%),B:521.6(1.36%),P:1e-10	Tpos:590.2,Tstd:289.5,Bpos:610.5,Bstd:370.2,StrandBias:0.9,Multiplicity:1.12
0.053	0.002	0.901	0.044
0.092	0.853	0.001	0.054
0.039	0.053	0.767	0.141
0.001	0.796	0.131	0.072
0.099	0.001	0.732	0.168
0.053	0.841	0.062	0.044
0.001	0.001	0.965	0.033
0.001	0.891	0.084	0.024
0.030	0.036	0.805	0.129
0.001	0.176	0.001	0.822
0.056	0.062	0.065	0.817
0.001	0.177	0.001	0.821
>TTGTTGCGAAAT	4-TTGTTGCGAAAT	13.361414	-23.705149	0	T:20.0(5.32%),B:294.2(0.77%),P:1e-10	Tpos:527.5,Tstd:282.7,Bpos:563.4,Bstd:318.5,StrandBias:-0.6,Multiplicity:1.00
0.001	0.001	0.084	0.914
0.001	0.001	0.001	0.997
0.151	0.001	0.736	0.112
0.001	0.001	0.001	0.997
0.001	0.001	0.001	0.997
0.001	0.001	0.997	0.001
0.001	0.997	0.001	0.001
0.062	0.001	0.936	0.001
0.997	0.001	0.001	0.001
0.997	0.001	0.001	0.001
0.997	0.001	0.001	0.001
0.251	0.078	0.001	0.670
>TTTBCCTYATTT	5-TTTBCCTYATTT	11.193781	-21.571602	0	T:81.0(21.54%),B:4015.3(10.50%),P:1e-9	Tpos:535.1,Tstd:289.6,Bpos:540.1,Bstd:361.7,StrandBias:0.7,Multiplicity:1.18
0.220	0.001	0.001	0.778
0.301	0.001	0.001	0.697
0.001	0.001	0.001	0.997
0.001	0.298	0.331	0.370
0.126	0.443	0.243	0.188
0.001	0.959	0.001	0.039
0.001	0.053	0.335	0.611
0.065	0.390	0.154	0.392
0.997	0.001	0.001	0.001
0.001	0.001	0.001	0.997
0.001	0.001	0.001	0.997
0.001	0.001	0.001	0.997
>ATGCTTTTCGCG	6-ATGCTTTTCGCG	11.735775	-21.339500	0	T:13.0(3.46%),B:117.0(0.31%),P:1e-9	Tpos:563.8,Tstd:235.6,Bpos:515.5,Bstd:352.2,StrandBias:1.0,Multiplicity:1.00
0.962	0.001	0.001	0.036
0.001	0.001	0.001	0.997
0.001	0.274	0.724	0.001
0.180	0.750	0.039	0.031
0.001	0.001	0.001	0.997
0.001	0.001	0.001	0.997
0.001	0.001	0.001	0.997
0.001	0.001	0.022	0.976
0.001	0.997	0.001	0.001
0.179	0.001	0.819	0.001
0.001	0.724	0.001	0.274
0.001	0.199	0.799	0.001
>TCTTCTCTCGTT	7-TCTTCTCTCGTT	12.033196	-21.296604	0	T:20.0(5.32%),B:340.7(0.89%),P:1e-9	Tpos:574.6,Tstd:312.9,Bpos:555.6,Bstd:364.5,StrandBias:1.9,Multiplicity:1.00
0.001	0.001	0.117	0.881
0.070	0.895	0.001	0.034
0.073	0.001	0.001	0.925
0.001	0.001	0.001	0.997
0.105	0.817	0.077	0.001
0.080	0.001	0.001	0.918
0.001	0.997	0.001	0.001
0.001	0.001	0.001	0.997
0.001	0.997	0.001	0.001
0.172	0.001	0.791	0.036
0.001	0.001	0.117	0.881
0.001	0.076	0.001	0.922
>GAAATTTCGAGA	8-GAAATTTCGAGA	12.723845	-20.636125	0	T:27.0(7.18%),B:656.6(1.72%),P:1e-8	Tpos:578.3,Tstd:328.3,Bpos:516.1,Bstd:385.3,StrandBias:-1.7,Multiplicity:1.04
0.086	0.001	0.803	0.110
0.997	0.001	0.001	0.001
0.872	0.001	0.076	0.051
0.855	0.062	0.001	0.082
0.001	0.001	0.001	0.997
0.001	0.001	0.001	0.997
0.001	0.001	0.001	0.997
0.001	0.997	0.001	0.001
0.044	0.001	0.826	0.129
0.952	0.046	0.001	0.001
0.133	0.040	0.826	0.001
0.893	0.053	0.053	0.001
>TTATCAATTATC	9-TTATCAATTATC	12.742152	-20.516451	0	T:18.0(4.79%),B:282.4(0.74%),P:1e-8	Tpos:458.5,Tstd:274.3,Bpos:499.3,Bstd:331.0,StrandBias:0.2,Multiplicity:1.06
0.001	0.001	0.001	0.997
0.068	0.001	0.093	0.838
0.974	0.001	0.001	0.024
0.001	0.080	0.001	0.918
0.001	0.901	0.097	0.001
0.940	0.001	0.058	0.001
0.853	0.052	0.057	0.038
0.048	0.001	0.104	0.847
0.060	0.001	0.001	0.938
0.975	0.001	0.001	0.023
0.001	0.084	0.001	0.914
0.001	0.941	0.001	0.057
>CGCACTTTCTCT	10-CGCACTTTCTCT	13.247375	-20.422699	0	T:11.0(2.93%),B:79.5(0.21%),P:1e-8	Tpos:422.0,Tstd:256.7,Bpos:462.8,Bstd:323.1,StrandBias:-0.3,Multiplicity:1.00
0.090	0.819	0.001	0.090
0.001	0.001	0.997	0.001
0.001	0.898	0.001	0.100
0.997	0.001	0.001	0.001
0.001	0.808	0.118	0.073
0.001	0.001	0.001	0.997
0.001	0.001	0.001	0.997
0.001	0.001	0.001	0.997
0.001	0.797	0.154	0.048
0.001	0.001	0.001	0.997
0.001	0.997	0.001	0.001
0.118	0.001	0.075	0.806
>TCTCTCTCTCTC	11-TCTCTCTCTCTC	5.904757	-20.123058	0	T:234.0(62.23%),B:17919.2(46.86%),P:1e-8	Tpos:551.1,Tstd:278.2,Bpos:550.3,Bstd:340.2,StrandBias:1.4,Multiplicity:1.85
0.042	0.036	0.061	0.861
0.057	0.803	0.046	0.094
0.076	0.041	0.052	0.831
0.075	0.823	0.040	0.062
0.089	0.035	0.029	0.847
0.052	0.849	0.052	0.047
0.055	0.076	0.036	0.833
0.043	0.832	0.083	0.042
0.042	0.085	0.029	0.844
0.062	0.844	0.041	0.053
0.027	0.101	0.055	0.817
0.032	0.821	0.073	0.074
>CGAATTTCCATA	12-CGAATTTCCATA	11.365253	-19.798868	0	T:33.0(8.78%),B:990.0(2.59%),P:1e-8	Tpos:422.3,Tstd:299.5,Bpos:491.7,Bstd:344.8,StrandBias:1.2,Multiplicity:1.22
0.167	0.604	0.001	0.228
0.001	0.001	0.997	0.001
0.997	0.001	0.001	0.001
0.997	0.001	0.001	0.001
0.001	0.001	0.001	0.997
0.001	0.001	0.001	0.997
0.001	0.001	0.001	0.997
0.001	0.709	0.210	0.080
0.001	0.648	0.350	0.001
0.539	0.001	0.093	0.367
0.306	0.001	0.188	0.505
0.663	0.335	0.001	0.001
>AAATCGATTTAT	13-AAATCGATTTAT	10.182153	-19.724981	0	T:69.0(18.35%),B:3298.5(8.63%),P:1e-8	Tpos:572.0,Tstd:286.8,Bpos:528.1,Bstd:377.7,StrandBias:0.1,Multiplicity:1.17
0.798	0.043	0.023	0.136
0.880	0.001	0.001	0.118
0.906	0.001	0.085	0.008
0.007	0.166	0.001	0.826
0.103	0.829	0.001	0.067
0.047	0.019	0.885	0.049
0.876	0.001	0.030	0.093
0.093	0.017	0.001	0.889
0.007	0.072	0.001	0.920
0.095	0.065	0.131	0.709
0.807	0.070	0.041	0.082
0.192	0.039	0.058	0.711
>ATCACAATTCCG	14-ATCACAATTCCG	14.003813	-19.240494	0	T:7.0(1.86%),B:19.8(0.05%),P:1e-8	Tpos:299.4,Tstd:168.0,Bpos:484.5,Bstd:248.5,StrandBias:1.3,Multiplicity:1.00
0.997	0.001	0.001	0.001
0.001	0.001	0.255	0.743
0.001	0.997	0.001	0.001
0.997	0.001	0.001	0.001
0.001	0.997	0.001	0.001
0.760	0.001	0.238	0.001
0.697	0.001	0.301	0.001
0.001	0.001	0.365	0.633
0.001	0.001	0.001	0.997
0.001	0.683	0.001	0.315
0.001	0.997	0.001	0.001
0.001	0.001	0.997	0.001
>ATTGATTTTTCC	15-ATTGATTTTTCC	9.438889	-18.993393	0	T:157.0(41.76%),B:10641.7(27.83%),P:1e-8	Tpos:570.6,Tstd:300.5,Bpos:523.7,Bstd:361.3,StrandBias:0.6,Multiplicity:1.34
0.836	0.046	0.058	0.060
0.071	0.031	0.032	0.866
0.042	0.060	0.049	0.849
0.055	0.036	0.839	0.070
0.846	0.077	0.019	0.058
0.075	0.052	0.050	0.823
0.031	0.051	0.020	0.898
0.033	0.041	0.018	0.908
0.015	0.041	0.037	0.907
0.051	0.084	0.084	0.781
0.095	0.761	0.049	0.095
0.081	0.691	0.119	0.109
>TTAAGCTGAAAA	16-TTAAGCTGAAAA	9.790318	-18.964891	0	T:70.0(18.62%),B:3434.1(8.98%),P:1e-8	Tpos:539.0,Tstd:338.3,Bpos:523.3,Bstd:367.4,StrandBias:-0.1,Multiplicity:1.23
0.043	0.006	0.084	0.867
0.035	0.074	0.065	0.826
0.828	0.044	0.051	0.077
0.815	0.067	0.056	0.062
0.061	0.085	0.809	0.045
0.016	0.844	0.037	0.103
0.046	0.081	0.074	0.799
0.103	0.101	0.722	0.074
0.857	0.031	0.095	0.017
0.894	0.023	0.001	0.082
0.836	0.084	0.042	0.038
0.906	0.028	0.036	0.030
>GCTTTAAAATTG	17-GCTTTAAAATTG	11.756246	-18.218626	0	T:28.0(7.45%),B:790.8(2.07%),P:1e-7	Tpos:419.1,Tstd:258.3,Bpos:499.7,Bstd:331.5,StrandBias:0.0,Multiplicity:1.04
0.020	0.001	0.941	0.038
0.026	0.919	0.054	0.001
0.033	0.001	0.001	0.965
0.001	0.057	0.074	0.868
0.074	0.042	0.044	0.840
0.941	0.001	0.057	0.001
0.902	0.096	0.001	0.001
0.997	0.001	0.001	0.001
0.952	0.001	0.001	0.046
0.029	0.067	0.001	0.903
0.045	0.001	0.065	0.889
0.031	0.001	0.909	0.059
>CTGCGTCTCCTC	18-CTGCGTCTCCTC	10.888324	-18.140837	0	T:35.0(9.31%),B:1176.4(3.08%),P:1e-7	Tpos:562.4,Tstd:279.6,Bpos:549.3,Bstd:352.3,StrandBias:1.6,Multiplicity:1.06
0.001	0.961	0.001	0.037
0.063	0.001	0.156	0.780
0.001	0.062	0.684	0.253
0.001	0.849	0.001	0.149
0.043	0.001	0.899	0.057
0.075	0.075	0.038	0.812
0.053	0.795	0.075	0.077
0.001	0.001	0.001	0.997
0.047	0.877	0.001	0.075
0.002	0.793	0.026	0.179
0.127	0.001	0.085	0.787
0.067	0.775	0.001	0.157
>AAAAATTCGGGT	19-AAAAATTCGGGT	12.565924	-16.190865	0	T:17.0(4.52%),B:337.9(0.88%),P:1e-7	Tpos:360.6,Tstd:263.0,Bpos:524.8,Bstd:363.3,StrandBias:-1.7,Multiplicity:1.47
0.997	0.001	0.001	0.001
0.828	0.001	0.092	0.079
0.997	0.001	0.001	0.001
0.997	0.001	0.001	0.001
0.997	0.001	0.001	0.001
0.041	0.001	0.001	0.957
0.001	0.001	0.001	0.997
0.047	0.793	0.159	0.001
0.001	0.036	0.962	0.001
0.001	0.001	0.997	0.001
0.033	0.001	0.886	0.080
0.065	0.001	0.062	0.872
>TACTATTCAGAT	20-TACTATTCAGAT	12.355432	-15.850192	0	T:4.0(1.06%),B:2.0(0.01%),P:1e-6	Tpos:420.5,Tstd:245.2,Bpos:308.3,Bstd:2.2,StrandBias:-1.6,Multiplicity:1.00
0.100	0.100	0.100	0.700
0.700	0.100	0.100	0.100
0.100	0.700	0.100	0.100
0.100	0.100	0.100	0.700
0.700	0.100	0.100	0.100
0.100	0.100	0.100	0.700
0.100	0.100	0.100	0.700
0.100	0.700	0.100	0.100
0.700	0.100	0.100	0.100
0.100	0.100	0.700	0.100
0.700	0.100	0.100	0.100
0.100	0.100	0.100	0.700
>AAACTACGACAC	21-AAACTACGACAC	11.992403	-14.725714	0	T:9.0(2.39%),B:86.5(0.23%),P:1e-6	Tpos:457.0,Tstd:261.0,Bpos:567.1,Bstd:312.5,StrandBias:0.2,Multiplicity:1.44
0.997	0.001	0.001	0.001
0.593	0.405	0.001	0.001
0.864	0.001	0.134	0.001
0.001	0.997	0.001	0.001
0.227	0.001	0.001	0.771
0.997	0.001	0.001	0.001
0.270	0.728	0.001	0.001
0.001	0.001	0.997	0.001
0.997	0.001	0.001	0.001
0.001	0.864	0.001	0.134
0.864	0.001	0.001	0.134
0.001	0.997	0.001	0.001
>CTTGTAGTTTGT	22-CTTGTAGTTTGT	9.271824	-12.346715	0	T:48.0(12.77%),B:2424.6(6.34%),P:1e-5	Tpos:480.8,Tstd:273.3,Bpos:525.2,Bstd:321.0,StrandBias:0.5,Multiplicity:1.31
0.109	0.832	0.018	0.041
0.064	0.051	0.001	0.884
0.001	0.033	0.001	0.965
0.001	0.097	0.706	0.196
0.077	0.117	0.001	0.805
0.777	0.103	0.077	0.043
0.079	0.021	0.699	0.201
0.066	0.001	0.001	0.932
0.088	0.105	0.052	0.755
0.001	0.070	0.088	0.841
0.092	0.023	0.884	0.001
0.034	0.076	0.001	0.889
>GGGAATTTTAGG	23-GGGAATTTTAGG	14.295323	-8.085758	0	T:3.0(0.80%),B:11.6(0.03%),P:1e-3	Tpos:412.3,Tstd:195.7,Bpos:511.0,Bstd:344.9,StrandBias:-10.0,Multiplicity:3.00
0.001	0.001	0.997	0.001
0.001	0.001	0.997	0.001
0.001	0.001	0.997	0.001
0.874	0.001	0.001	0.124
0.874	0.124	0.001	0.001
0.001	0.001	0.001	0.997
0.001	0.001	0.001	0.997
0.001	0.001	0.001	0.997
0.001	0.001	0.001	0.997
0.913	0.001	0.085	0.001
0.001	0.001	0.997	0.001
0.001	0.001	0.997	0.001
>TTGGGTATGCTA	24-TTGGGTATGCTA	9.709472	-7.157715	0	T:14.0(3.72%),B:515.9(1.35%),P:1e-3	Tpos:431.6,Tstd:222.7,Bpos:503.1,Bstd:347.2,StrandBias:-0.3,Multiplicity:2.43
0.001	0.001	0.001	0.997
0.051	0.078	0.001	0.870
0.001	0.001	0.860	0.138
0.050	0.001	0.948	0.001
0.089	0.129	0.704	0.078
0.002	0.001	0.001	0.996
0.774	0.159	0.066	0.001
0.065	0.001	0.001	0.933
0.215	0.001	0.718	0.066
0.093	0.840	0.066	0.001
0.111	0.078	0.138	0.673
0.699	0.156	0.144	0.001
>TTTTTCATGAAA	25-TTTTTCATGAAA	12.355432	-1.911011	0	T:4.0(1.06%),B:205.5(0.54%),P:1e0	Tpos:363.4,Tstd:197.6,Bpos:507.3,Bstd:357.9,StrandBias:-0.1,Multiplicity:3.50
0.100	0.100	0.100	0.700
0.100	0.100	0.100	0.700
0.100	0.100	0.100	0.700
0.100	0.100	0.100	0.700
0.100	0.100	0.100	0.700
0.100	0.700	0.100	0.100
0.700	0.100	0.100	0.100
0.100	0.100	0.100	0.700
0.100	0.100	0.700	0.100
0.700	0.100	0.100	0.100
0.700	0.100	0.100	0.100
0.700	0.100	0.100	0.100
