>AATCGACGAA	1-AATCGACGAA	7.288346	-32.490068	0	T:160.0(42.55%),B:9275.9(24.26%),P:1e-14	Tpos:554.6,Tstd:282.9,Bpos:519.3,Bstd:349.9,StrandBias:-1.1,Multiplicity:1.30
0.818	0.067	0.101	0.014
0.859	0.075	0.053	0.013
0.271	0.042	0.245	0.441
0.227	0.506	0.096	0.171
0.161	0.081	0.708	0.050
0.715	0.143	0.019	0.123
0.191	0.473	0.216	0.121
0.047	0.003	0.910	0.040
0.762	0.147	0.029	0.062
0.466	0.234	0.191	0.110
>CGAGACGCAG	2-CGAGACGCAG	7.833495	-30.457057	0	T:97.0(25.80%),B:4469.7(11.69%),P:1e-13	Tpos:541.4,Tstd:260.5,Bpos:538.3,Bstd:362.5,StrandBias:-0.7,Multiplicity:1.19
0.155	0.777	0.067	0.001
0.108	0.001	0.872	0.019
0.819	0.106	0.001	0.074
0.001	0.047	0.775	0.177
0.889	0.038	0.072	0.001
0.026	0.676	0.095	0.203
0.163	0.029	0.771	0.037
0.029	0.787	0.183	0.001
0.976	0.001	0.022	0.001
0.130	0.001	0.835	0.034
>TASCGCACGA	3-TASCGCACGA	8.543460	-28.282068	0	T:36.0(9.57%),B:840.7(2.20%),P:1e-12	Tpos:540.8,Tstd:309.5,Bpos:526.7,Bstd:325.2,StrandBias:-0.2,Multiplicity:1.00
0.273	0.031	0.001	0.695
0.547	0.286	0.118	0.049
0.162	0.300	0.388	0.151
0.021	0.977	0.001	0.001
0.001	0.001	0.819	0.179
0.001	0.997	0.001	0.001
0.968	0.001	0.030	0.001
0.325	0.673	0.001	0.001
0.001	0.001	0.997	0.001
0.715	0.283	0.001	0.001
>YCTCTCGTTT	4-YCTCTCGTTT	9.359070	-28.240407	0	T:103.0(27.39%),B:5085.5(13.30%),P:1e-12	Tpos:559.4,Tstd:309.6,Bpos:548.7,Bstd:347.2,StrandBias:1.2,Multiplicity:1.18
0.001	0.439	0.085	0.475
0.001	0.827	0.050	0.122
0.001	0.001	0.001	0.997
0.001	0.997	0.001	0.001
0.001	0.001	0.001	0.997
0.190	0.704	0.001	0.105
0.080	0.025	0.568	0.327
0.077	0.163	0.045	0.715
0.001	0.154	0.001	0.844
0.134	0.001	0.001	0.864
>TGAGCGAAAA	5-TGAGCGAAAA	8.771604	-26.094475	0	T:110.0(29.26%),B:5810.3(15.20%),P:1e-11	Tpos:548.2,Tstd:284.0,Bpos:522.3,Bstd:361.9,StrandBias:-1.1,Multiplicity:1.22
0.001	0.001	0.040	0.958
0.119	0.113	0.706	0.062
0.888	0.001	0.089	0.022
0.001	0.001	0.997	0.001
0.001	0.745	0.105	0.149
0.076	0.023	0.884	0.017
0.972	0.001	0.026	0.001
0.980	0.001	0.018	0.001
0.997	0.001	0.001	0.001
0.972	0.001	0.001	0.026
>GCGCGCAGTT	6-GCGCGCAGTT	8.425409	-23.475391	0	T:27.0(7.18%),B:573.1(1.50%),P:1e-10	Tpos:579.5,Tstd:269.4,Bpos:555.1,Bstd:345.2,StrandBias:0.2,Multiplicity:1.08
0.064	0.075	0.860	0.001
0.001	0.938	0.060	0.001
0.054	0.001	0.866	0.079
0.001	0.997	0.001	0.001
0.062	0.068	0.869	0.001
0.070	0.837	0.001	0.092
0.888	0.110	0.001	0.001
0.001	0.001	0.911	0.087
0.001	0.001	0.001	0.997
0.001	0.001	0.098	0.900
>GCGCGCTCAC	7-GCGCGCTCAC	9.968295	-23.421413	0	T:24.0(6.38%),B:449.6(1.18%),P:1e-10	Tpos:524.1,Tstd:278.1,Bpos:558.5,Bstd:372.3,StrandBias:0.5,Multiplicity:1.12
0.053	0.001	0.894	0.052
0.001	0.896	0.050	0.053
0.001	0.001	0.997	0.001
0.046	0.896	0.057	0.001
0.098	0.001	0.900	0.001
0.001	0.943	0.001	0.055
0.022	0.001	0.135	0.842
0.092	0.906	0.001	0.001
0.926	0.001	0.001	0.072
0.035	0.924	0.001	0.040
>AATAAGGCAA	8-AATAAGGCAA	9.616574	-23.287510	0	T:38.0(10.11%),B:1114.0(2.91%),P:1e-10	Tpos:568.1,Tstd:284.7,Bpos:544.9,Bstd:312.6,StrandBias:-1.0,Multiplicity:1.08
0.866	0.071	0.029	0.034
0.947	0.051	0.001	0.001
0.029	0.042	0.001	0.928
0.859	0.117	0.016	0.008
0.980	0.018	0.001	0.001
0.181	0.074	0.744	0.001
0.018	0.001	0.947	0.034
0.141	0.848	0.010	0.001
0.935	0.001	0.063	0.001
0.958	0.040	0.001	0.001
>TGCAAACACC	9-TGCAAACACC	10.018004	-23.090211	0	T:38.0(10.11%),B:1122.6(2.94%),P:1e-10	Tpos:561.6,Tstd:263.6,Bpos:592.4,Bstd:357.3,StrandBias:0.0,Multiplicity:1.05
0.001	0.159	0.001	0.839
0.027	0.035	0.882	0.056
0.001	0.960	0.038	0.001
0.883	0.001	0.045	0.071
0.966	0.032	0.001	0.001
0.949	0.049	0.001	0.001
0.013	0.985	0.001	0.001
0.997	0.001	0.001	0.001
0.001	0.983	0.001	0.015
0.016	0.756	0.054	0.174
>TAACCCATAC	10-TAACCCATAC	8.141944	-22.983505	0	T:20.0(5.32%),B:307.3(0.80%),P:1e-9	Tpos:505.0,Tstd:273.8,Bpos:471.2,Bstd:284.4,StrandBias:-0.1,Multiplicity:1.11
0.112	0.231	0.055	0.602
0.489	0.177	0.293	0.040
0.723	0.052	0.030	0.195
0.227	0.667	0.057	0.049
0.011	0.861	0.078	0.050
0.199	0.697	0.069	0.035
0.432	0.200	0.141	0.226
0.150	0.096	0.040	0.714
0.526	0.266	0.030	0.178
0.025	0.896	0.043	0.036
>CTCGCCGTCA	11-CTCGCCGTCA	8.608112	-22.605361	0	T:26.0(6.91%),B:553.3(1.45%),P:1e-9	Tpos:432.5,Tstd:289.4,Bpos:506.3,Bstd:358.1,StrandBias:0.6,Multiplicity:1.08
0.053	0.945	0.001	0.001
0.056	0.001	0.001	0.942
0.094	0.856	0.001	0.049
0.071	0.057	0.846	0.026
0.043	0.955	0.001	0.001
0.001	0.896	0.059	0.044
0.049	0.001	0.949	0.001
0.062	0.001	0.001	0.936
0.073	0.850	0.076	0.001
0.852	0.001	0.001	0.146
>AATCGATTTA	12-AATCGATTTA	6.994891	-21.205042	0	T:189.0(50.27%),B:13294.9(34.77%),P:1e-9	Tpos:553.6,Tstd:292.2,Bpos:531.3,Bstd:364.3,StrandBias:-0.1,Multiplicity:1.50
0.759	0.061	0.073	0.107
0.789	0.062	0.082	0.067
0.085	0.036	0.059	0.820
0.068	0.816	0.047	0.069
0.047	0.057	0.825	0.071
0.813	0.058	0.072	0.057
0.075	0.065	0.048	0.812
0.074	0.054	0.076	0.796
0.160	0.031	0.051	0.758
0.817	0.048	0.050	0.085
>TTTCGYAACA	13-TTTCGYAACA	8.539157	-20.893454	0	T:68.0(18.09%),B:3134.7(8.20%),P:1e-9	Tpos:522.8,Tstd:282.5,Bpos:523.7,Bstd:336.4,StrandBias:0.3,Multiplicity:1.14
0.146	0.001	0.110	0.743
0.044	0.118	0.223	0.615
0.001	0.001	0.001	0.997
0.001	0.997	0.001	0.001
0.001	0.001	0.997	0.001
0.001	0.441	0.001	0.557
0.779	0.001	0.001	0.219
0.812	0.001	0.001	0.186
0.001	0.650	0.348	0.001
0.731	0.047	0.118	0.104
>TTTYCTATCG	14-TTTYCTATCG	8.150611	-20.889119	0	T:142.0(37.77%),B:9042.8(23.65%),P:1e-9	Tpos:533.8,Tstd:288.1,Bpos:529.3,Bstd:336.7,StrandBias:0.6,Multiplicity:1.24
0.001	0.018	0.102	0.879
0.231	0.018	0.001	0.750
0.018	0.136	0.198	0.648
0.114	0.428	0.001	0.458
0.001	0.744	0.001	0.254
0.189	0.209	0.001	0.601
0.997	0.001	0.001	0.001
0.001	0.001	0.202	0.796
0.078	0.843	0.001	0.078
0.398	0.001	0.600	0.001
>AGGAAAAATC	15-AGGAAAAATC	7.022239	-19.977532	0	T:226.0(60.11%),B:17125.6(44.79%),P:1e-8	Tpos:519.3,Tstd:302.0,Bpos:513.9,Bstd:346.4,StrandBias:-1.5,Multiplicity:1.32
0.777	0.086	0.091	0.046
0.097	0.041	0.804	0.058
0.063	0.056	0.814	0.067
0.757	0.075	0.100	0.068
0.753	0.103	0.059	0.085
0.827	0.039	0.076	0.058
0.843	0.076	0.039	0.042
0.829	0.042	0.080	0.049
0.067	0.049	0.063	0.821
0.092	0.782	0.075	0.051
>TTTCCCCCTC	16-TTTCCCCCTC	9.235819	-18.953751	0	T:36.0(9.57%),B:1194.4(3.12%),P:1e-8	Tpos:506.6,Tstd:257.3,Bpos:537.3,Bstd:322.8,StrandBias:1.1,Multiplicity:1.03
0.034	0.029	0.030	0.907
0.001	0.001	0.045	0.953
0.001	0.026	0.001	0.972
0.065	0.885	0.041	0.009
0.026	0.941	0.032	0.001
0.037	0.915	0.023	0.025
0.050	0.885	0.012	0.053
0.016	0.705	0.269	0.010
0.001	0.023	0.024	0.952
0.055	0.918	0.001	0.026
>GCACTATCTC	17-GCACTATCTC	9.673016	-18.736578	0	T:23.0(6.12%),B:529.5(1.38%),P:1e-8	Tpos:476.3,Tstd:286.8,Bpos:503.5,Bstd:322.1,StrandBias:-0.2,Multiplicity:1.09
0.001	0.033	0.935	0.031
0.001	0.997	0.001	0.001
0.887	0.001	0.069	0.043
0.027	0.866	0.068	0.039
0.031	0.052	0.001	0.916
0.619	0.068	0.044	0.269
0.001	0.001	0.073	0.925
0.001	0.901	0.080	0.018
0.001	0.001	0.001	0.997
0.001	0.997	0.001	0.001
>TCTCTCTCCC	18-TCTCTCTCCC	9.055077	-17.968003	0	T:69.0(18.35%),B:3448.6(9.02%),P:1e-7	Tpos:556.1,Tstd:284.5,Bpos:549.0,Bstd:348.3,StrandBias:1.4,Multiplicity:1.16
0.001	0.001	0.001	0.997
0.038	0.662	0.110	0.190
0.026	0.001	0.110	0.863
0.001	0.971	0.027	0.001
0.001	0.025	0.001	0.973
0.032	0.846	0.121	0.001
0.116	0.001	0.001	0.882
0.115	0.825	0.059	0.001
0.036	0.632	0.001	0.331
0.001	0.832	0.128	0.039
>CCACTTCTGT	19-CCACTTCTGT	9.952156	-17.720269	0	T:19.0(5.05%),B:382.9(1.00%),P:1e-7	Tpos:551.7,Tstd:273.6,Bpos:497.2,Bstd:348.2,StrandBias:0.6,Multiplicity:1.05
0.096	0.902	0.001	0.001
0.001	0.882	0.043	0.074
0.767	0.001	0.231	0.001
0.001	0.614	0.159	0.226
0.240	0.001	0.001	0.758
0.001	0.171	0.001	0.827
0.001	0.651	0.347	0.001
0.001	0.223	0.001	0.775
0.001	0.001	0.997	0.001
0.043	0.318	0.001	0.638
>ATGGCKAAAA	20-ATGGCKAAAA	10.863803	-16.576136	0	T:44.0(11.70%),B:1818.7(4.76%),P:1e-7	Tpos:560.0,Tstd:262.7,Bpos:517.9,Bstd:351.7,StrandBias:-0.8,Multiplicity:1.15
0.997	0.001	0.001	0.001
0.001	0.093	0.001	0.905
0.001	0.001	0.784	0.214
0.001	0.001	0.997	0.001
0.236	0.677	0.086	0.001
0.260	0.001	0.303	0.436
0.997	0.001	0.001	0.001
0.997	0.001	0.001	0.001
0.997	0.001	0.001	0.001
0.997	0.001	0.001	0.001
>AGTGGATTTG	21-AGTGGATTTG	11.646646	-13.180166	0	T:9.0(2.39%),B:105.6(0.28%),P:1e-5	Tpos:438.1,Tstd:232.0,Bpos:446.7,Bstd:346.7,StrandBias:0.3,Multiplicity:1.00
0.997	0.001	0.001	0.001
0.001	0.001	0.997	0.001
0.001	0.001	0.001	0.997
0.001	0.001	0.997	0.001
0.001	0.001	0.997	0.001
0.997	0.001	0.001	0.001
0.001	0.001	0.001	0.997
0.001	0.001	0.001	0.997
0.112	0.001	0.001	0.886
0.001	0.001	0.997	0.001
>TGTGTGTGTG	22-TGTGTGTGTG	7.071857	-11.499142	0	T:78.0(20.74%),B:4864.3(12.72%),P:1e-4	Tpos:551.2,Tstd:251.6,Bpos:534.2,Bstd:340.5,StrandBias:0.3,Multiplicity:1.22
0.094	0.086	0.043	0.777
0.070	0.071	0.783	0.076
0.065	0.090	0.036	0.809
0.059	0.043	0.813	0.085
0.065	0.070	0.043	0.822
0.063	0.074	0.797	0.066
0.067	0.081	0.041	0.811
0.051	0.054	0.833	0.062
0.092	0.080	0.095	0.733
0.063	0.054	0.829	0.054
>AAATTCGGGT	23-AAATTCGGGT	9.604685	-10.739212	0	T:40.0(10.64%),B:1993.1(5.21%),P:1e-4	Tpos:423.6,Tstd:242.4,Bpos:530.8,Bstd:353.1,StrandBias:-0.6,Multiplicity:1.53
0.997	0.001	0.001	0.001
0.997	0.001	0.001	0.001
0.939	0.001	0.001	0.059
0.045	0.001	0.001	0.953
0.026	0.001	0.001	0.972
0.001	0.733	0.023	0.243
0.001	0.030	0.968	0.001
0.001	0.001	0.969	0.029
0.033	0.001	0.921	0.045
0.032	0.001	0.001	0.966
>TCCCCTAAAA	24-TCCCCTAAAA	10.160838	-6.966700	0	T:17.0(4.52%),B:715.0(1.87%),P:1e-3	Tpos:365.5,Tstd:193.2,Bpos:511.5,Bstd:350.0,StrandBias:1.8,Multiplicity:1.82
0.001	0.001	0.108	0.890
0.190	0.808	0.001	0.001
0.001	0.997	0.001	0.001
0.001	0.661	0.133	0.205
0.001	0.913	0.001	0.085
0.001	0.001	0.001	0.997
0.820	0.001	0.161	0.018
0.750	0.001	0.160	0.089
0.888	0.110	0.001	0.001
0.863	0.047	0.001	0.089
>TCATGAAAAA	25-TCATGAAAAA	6.404373	-4.550144	0	T:372.0(98.94%),B:37072.2(96.95%),P:1e-1	Tpos:521.0,Tstd:283.3,Bpos:512.0,Bstd:330.2,StrandBias:-0.4,Multiplicity:4.84
0.100	0.100	0.100	0.700
0.100	0.700	0.100	0.100
0.700	0.100	0.100	0.100
0.100	0.100	0.100	0.700
0.100	0.100	0.700	0.100
0.700	0.100	0.100	0.100
0.700	0.100	0.100	0.100
0.700	0.100	0.100	0.100
0.700	0.100	0.100	0.100
0.700	0.100	0.100	0.100
