>ATCCTCGCGA	1-ATCCTCGCGA	11.236453	-22.301214	0	T:7.0(14.58%),B:114.6(0.31%),P:1e-9	Tpos:631.4,Tstd:264.0,Bpos:485.3,Bstd:389.0,StrandBias:0.0,Multiplicity:1.00
0.997	0.001	0.001	0.001
0.001	0.001	0.001	0.997
0.001	0.997	0.001	0.001
0.144	0.701	0.001	0.154
0.001	0.001	0.001	0.997
0.001	0.997	0.001	0.001
0.167	0.001	0.831	0.001
0.001	0.997	0.001	0.001
0.001	0.001	0.997	0.001
0.631	0.001	0.173	0.195
>ATGCTGACCA	2-ATGCTGACCA	10.584512	-17.913317	0	T:8.0(16.67%),B:347.8(0.93%),P:1e-7	Tpos:631.4,Tstd:133.7,Bpos:480.9,Bstd:310.6,StrandBias:1.8,Multiplicity:1.12
0.867	0.131	0.001	0.001
0.001	0.001	0.001	0.997
0.001	0.174	0.824	0.001
0.001	0.879	0.001	0.119
0.001	0.178	0.001	0.820
0.001	0.001	0.997	0.001
0.997	0.001	0.001	0.001
0.091	0.907	0.001	0.001
0.001	0.997	0.001	0.001
0.814	0.001	0.001	0.184
>GACGGCTAGA	3-GACGGCTAGA	11.169565	-17.394101	0	T:6.0(12.50%),B:135.8(0.36%),P:1e-7	Tpos:619.3,Tstd:251.6,Bpos:527.2,Bstd:325.5,StrandBias:0.4,Multiplicity:1.00
0.001	0.001	0.997	0.001
0.997	0.001	0.001	0.001
0.145	0.663	0.191	0.001
0.145	0.001	0.853	0.001
0.001	0.001	0.853	0.145
0.158	0.840	0.001	0.001
0.001	0.001	0.001	0.997
0.997	0.001	0.001	0.001
0.001	0.001	0.997	0.001
0.997	0.001	0.001	0.001
>ACACATGGCA	4-ACACATGGCA	10.446777	-15.662367	0	T:8.0(16.67%),B:468.5(1.26%),P:1e-6	Tpos:413.1,Tstd:281.6,Bpos:499.5,Bstd:320.9,StrandBias:1.0,Multiplicity:1.12
0.997	0.001	0.001	0.001
0.001	0.997	0.001	0.001
0.997	0.001	0.001	0.001
0.001	0.997	0.001	0.001
0.917	0.001	0.001	0.081
0.001	0.001	0.175	0.823
0.001	0.113	0.806	0.080
0.095	0.001	0.903	0.001
0.081	0.917	0.001	0.001
0.747	0.001	0.123	0.129
>CTGCAGMACC	5-CTGCAGMACC	10.704854	-14.501969	0	T:6.0(12.50%),B:224.5(0.60%),P:1e-6	Tpos:525.5,Tstd:266.9,Bpos:491.3,Bstd:323.1,StrandBias:0.6,Multiplicity:1.67
0.001	0.997	0.001	0.001
0.001	0.001	0.001	0.997
0.001	0.001	0.997	0.001
0.001	0.997	0.001	0.001
0.997	0.001	0.001	0.001
0.001	0.001	0.997	0.001
0.514	0.484	0.001	0.001
0.997	0.001	0.001	0.001
0.136	0.862	0.001	0.001
0.001	0.621	0.001	0.377
>TGCAAAGACC	6-TGCAAAGACC	8.350283	-10.558690	0	T:10.0(20.83%),B:1565.1(4.19%),P:1e-4	Tpos:462.9,Tstd:301.6,Bpos:511.4,Bstd:307.8,StrandBias:-2.0,Multiplicity:1.00
0.100	0.100	0.100	0.700
0.100	0.100	0.700	0.100
0.100	0.700	0.100	0.100
0.700	0.100	0.100	0.100
0.700	0.100	0.100	0.100
0.700	0.100	0.100	0.100
0.100	0.100	0.700	0.100
0.700	0.100	0.100	0.100
0.100	0.700	0.100	0.100
0.100	0.700	0.100	0.100
>GATTTACGGG	7-GATTTACGGG	6.856907	-7.654117	0	T:12.0(25.00%),B:3123.1(8.37%),P:1e-3	Tpos:496.4,Tstd:253.3,Bpos:509.8,Bstd:320.0,StrandBias:-1.9,Multiplicity:2.00
0.001	0.001	0.997	0.001
0.898	0.001	0.001	0.100
0.001	0.001	0.001	0.997
0.001	0.001	0.001	0.997
0.110	0.001	0.001	0.888
0.997	0.001	0.001	0.001
0.001	0.914	0.001	0.084
0.001	0.001	0.892	0.106
0.050	0.001	0.850	0.099
0.152	0.001	0.846	0.001
>ATTCCGGCTT	8-ATTCCGGCTT	8.350283	-7.455513	0	T:8.0(16.67%),B:1485.5(3.98%),P:1e-3	Tpos:489.1,Tstd:294.8,Bpos:488.9,Bstd:331.2,StrandBias:2.0,Multiplicity:1.25
0.700	0.100	0.100	0.100
0.100	0.100	0.100	0.700
0.100	0.100	0.100	0.700
0.100	0.700	0.100	0.100
0.100	0.700	0.100	0.100
0.100	0.100	0.700	0.100
0.100	0.100	0.700	0.100
0.100	0.700	0.100	0.100
0.100	0.100	0.100	0.700
0.100	0.100	0.100	0.700
>AGTTAGAACG	9-AGTTAGAACG	10.296193	-4.100040	0	T:1.0(2.08%),B:12.4(0.03%),P:1e-1	Tpos:531.4,Tstd:83.7,Bpos:516.9,Bstd:294.7,StrandBias:-10.0,Multiplicity:8.00
0.700	0.100	0.100	0.100
0.100	0.100	0.700	0.100
0.100	0.100	0.100	0.700
0.100	0.100	0.100	0.700
0.700	0.100	0.100	0.100
0.100	0.100	0.700	0.100
0.700	0.100	0.100	0.100
0.700	0.100	0.100	0.100
0.100	0.700	0.100	0.100
0.100	0.100	0.700	0.100
>GTATATGAAT	10-GTATATGAAT	13.600776	-2.172138	0	T:1.0(2.08%),B:93.6(0.25%),P:1e0	Tpos:560.3,Tstd:115.1,Bpos:508.0,Bstd:300.2,StrandBias:-3.0,Multiplicity:9.00
0.001	0.001	0.997	0.001
0.001	0.001	0.001	0.997
0.997	0.001	0.001	0.001
0.001	0.146	0.001	0.852
0.925	0.001	0.073	0.001
0.001	0.001	0.001	0.997
0.001	0.001	0.997	0.001
0.997	0.001	0.001	0.001
0.997	0.001	0.001	0.001
0.001	0.001	0.001	0.997
