>CCCGACKATCCT	22-AGGATMGTCGGG	6.635735	-8.979651	0	T:48.0(30.57%),B:7374.6(18.22%),P:1e-3
0.151	0.679	0.033	0.137
0.058	0.843	0.052	0.047
0.244	0.649	0.053	0.054
0.109	0.049	0.815	0.027
0.812	0.081	0.056	0.051
0.281	0.589	0.043	0.087
0.146	0.136	0.413	0.306
0.810	0.022	0.027	0.141
0.001	0.082	0.001	0.916
0.001	0.850	0.070	0.079
0.169	0.735	0.001	0.095
0.052	0.031	0.022	0.895
