>GGAGTCCGCA	1-GGAGTCCGCA	9.965267	-27.209028	0	T:16.0(7.80%),B:247.5(0.66%),P:1e-11	Tpos:560.2,Tstd:260.8,Bpos:601.7,Bstd:351.7,StrandBias:0.7,Multiplicity:1.00
0.103	0.001	0.895	0.001
0.230	0.001	0.768	0.001
0.997	0.001	0.001	0.001
0.001	0.001	0.997	0.001
0.001	0.001	0.001	0.997
0.175	0.707	0.117	0.001
0.001	0.997	0.001	0.001
0.001	0.001	0.997	0.001
0.001	0.837	0.001	0.161
0.879	0.119	0.001	0.001
>AAAGCGACCA	2-AAAGCGACCA	9.681011	-24.988266	0	T:21.0(10.24%),B:570.4(1.52%),P:1e-10	Tpos:451.6,Tstd:240.8,Bpos:501.6,Bstd:344.0,StrandBias:0.0,Multiplicity:1.05
0.935	0.063	0.001	0.001
0.932	0.066	0.001	0.001
0.944	0.001	0.001	0.054
0.001	0.047	0.822	0.130
0.040	0.958	0.001	0.001
0.045	0.001	0.895	0.059
0.860	0.001	0.138	0.001
0.027	0.824	0.034	0.115
0.001	0.954	0.001	0.044
0.933	0.001	0.065	0.001
>CCATCGAGAA	3-CCATCGAGAA	8.502490	-22.483125	0	T:36.0(17.56%),B:1944.8(5.18%),P:1e-9	Tpos:468.5,Tstd:285.9,Bpos:486.2,Bstd:351.4,StrandBias:0.2,Multiplicity:1.06
0.001	0.964	0.034	0.001
0.130	0.868	0.001	0.001
0.883	0.001	0.001	0.115
0.039	0.001	0.001	0.959
0.001	0.932	0.066	0.001
0.038	0.053	0.908	0.001
0.859	0.001	0.065	0.075
0.131	0.001	0.825	0.043
0.907	0.091	0.001	0.001
0.933	0.065	0.001	0.001
>ACGAATTTCG	4-ACGAATTTCG	9.628996	-22.300505	0	T:29.0(14.15%),B:1299.4(3.46%),P:1e-9	Tpos:596.5,Tstd:303.3,Bpos:508.8,Bstd:391.7,StrandBias:0.4,Multiplicity:1.03
0.826	0.089	0.015	0.070
0.029	0.916	0.020	0.035
0.001	0.018	0.980	0.001
0.923	0.001	0.034	0.042
0.788	0.044	0.001	0.167
0.001	0.001	0.041	0.957
0.048	0.052	0.056	0.844
0.001	0.001	0.047	0.951
0.001	0.970	0.028	0.001
0.001	0.149	0.842	0.008
>AACCCGTACA	5-AACCCGTACA	9.961771	-20.725715	0	T:15.0(7.32%),B:334.9(0.89%),P:1e-9	Tpos:431.1,Tstd:309.2,Bpos:483.1,Bstd:342.8,StrandBias:-0.4,Multiplicity:1.07
0.997	0.001	0.001	0.001
0.772	0.133	0.001	0.094
0.050	0.948	0.001	0.001
0.057	0.785	0.105	0.053
0.001	0.849	0.078	0.072
0.162	0.001	0.836	0.001
0.053	0.001	0.001	0.945
0.944	0.001	0.001	0.054
0.001	0.997	0.001	0.001
0.997	0.001	0.001	0.001
>CGAGGAGTCT	6-CGAGGAGTCT	9.030246	-20.180420	0	T:18.0(8.78%),B:535.9(1.43%),P:1e-8	Tpos:432.0,Tstd:252.6,Bpos:512.7,Bstd:322.6,StrandBias:0.4,Multiplicity:1.28
0.001	0.997	0.001	0.001
0.001	0.001	0.997	0.001
0.877	0.121	0.001	0.001
0.172	0.001	0.826	0.001
0.001	0.001	0.901	0.097
0.997	0.001	0.001	0.001
0.001	0.001	0.923	0.075
0.189	0.096	0.001	0.714
0.001	0.836	0.112	0.051
0.001	0.001	0.001	0.997
>GGCACGGAAT	7-GGCACGGAAT	10.183648	-19.677763	0	T:15.0(7.32%),B:362.1(0.96%),P:1e-8	Tpos:469.9,Tstd:211.5,Bpos:528.5,Bstd:354.7,StrandBias:-0.7,Multiplicity:1.07
0.061	0.001	0.874	0.064
0.001	0.001	0.997	0.001
0.043	0.867	0.001	0.089
0.893	0.001	0.105	0.001
0.072	0.926	0.001	0.001
0.001	0.001	0.917	0.081
0.001	0.001	0.997	0.001
0.997	0.001	0.001	0.001
0.887	0.001	0.111	0.001
0.282	0.001	0.001	0.716
>GTGKTTGCGG	8-GTGKTTGCGG	8.160999	-19.389144	0	T:49.0(23.90%),B:3678.9(9.79%),P:1e-8	Tpos:492.4,Tstd:296.9,Bpos:555.4,Bstd:352.8,StrandBias:0.2,Multiplicity:1.24
0.001	0.036	0.962	0.001
0.001	0.001	0.001	0.997
0.001	0.146	0.710	0.143
0.001	0.113	0.371	0.515
0.077	0.001	0.001	0.921
0.001	0.168	0.001	0.830
0.041	0.001	0.957	0.001
0.035	0.935	0.001	0.029
0.166	0.030	0.803	0.001
0.142	0.121	0.578	0.159
>AAGGCGCATT	9-AAGGCGCATT	7.437153	-19.005212	0	T:33.0(16.10%),B:1905.7(5.07%),P:1e-8	Tpos:581.3,Tstd:288.1,Bpos:527.8,Bstd:347.7,StrandBias:0.0,Multiplicity:1.18
0.707	0.262	0.030	0.001
0.709	0.065	0.181	0.045
0.229	0.047	0.703	0.021
0.056	0.085	0.776	0.083
0.039	0.550	0.145	0.266
0.219	0.049	0.701	0.031
0.141	0.596	0.025	0.238
0.513	0.150	0.205	0.132
0.046	0.220	0.028	0.706
0.106	0.192	0.176	0.526
>TTTTGCTGAA	10-TTTTGCTGAA	9.171337	-18.946764	0	T:73.0(35.61%),B:6946.1(18.49%),P:1e-8	Tpos:457.2,Tstd:316.3,Bpos:513.8,Bstd:353.1,StrandBias:0.2,Multiplicity:1.32
0.001	0.021	0.013	0.965
0.015	0.018	0.040	0.927
0.016	0.033	0.009	0.942
0.073	0.009	0.023	0.895
0.063	0.001	0.935	0.001
0.057	0.761	0.048	0.134
0.110	0.105	0.001	0.784
0.001	0.063	0.935	0.001
0.979	0.001	0.007	0.013
0.964	0.017	0.018	0.001
>ACTCGTGATT	11-ACTCGTGATT	9.510113	-17.635496	0	T:25.0(12.20%),B:1223.0(3.26%),P:1e-7	Tpos:424.4,Tstd:254.6,Bpos:523.4,Bstd:341.9,StrandBias:0.2,Multiplicity:1.00
0.916	0.001	0.001	0.082
0.028	0.886	0.001	0.085
0.061	0.001	0.001	0.937
0.071	0.892	0.001	0.036
0.068	0.001	0.853	0.078
0.054	0.001	0.001	0.944
0.001	0.054	0.897	0.048
0.886	0.071	0.001	0.042
0.057	0.001	0.001	0.941
0.001	0.001	0.001	0.997
>TTGGCGACGA	12-TTGGCGACGA	8.443067	-16.997156	0	T:24.0(11.71%),B:1171.1(3.12%),P:1e-7	Tpos:459.2,Tstd:284.6,Bpos:446.0,Bstd:372.3,StrandBias:-0.2,Multiplicity:1.00
0.001	0.001	0.069	0.929
0.001	0.046	0.001	0.952
0.102	0.001	0.858	0.039
0.030	0.108	0.813	0.049
0.048	0.889	0.001	0.062
0.001	0.001	0.997	0.001
0.828	0.052	0.063	0.057
0.001	0.923	0.001	0.075
0.053	0.080	0.866	0.001
0.997	0.001	0.001	0.001
>TTCTGCAGGA	13-TTCTGCAGGA	9.257817	-16.941592	0	T:28.0(13.66%),B:1559.7(4.15%),P:1e-7	Tpos:481.8,Tstd:266.0,Bpos:504.9,Bstd:332.1,StrandBias:0.2,Multiplicity:1.07
0.001	0.001	0.001	0.997
0.138	0.001	0.001	0.860
0.001	0.949	0.049	0.001
0.037	0.001	0.068	0.894
0.001	0.050	0.921	0.028
0.035	0.864	0.033	0.068
0.967	0.001	0.001	0.031
0.074	0.048	0.829	0.049
0.023	0.104	0.824	0.049
0.937	0.001	0.001	0.061
>TGCGATTGAC	14-TGCGATTGAC	9.421619	-16.124419	0	T:13.0(6.34%),B:346.4(0.92%),P:1e-7	Tpos:535.7,Tstd:242.5,Bpos:495.8,Bstd:286.9,StrandBias:0.0,Multiplicity:1.08
0.001	0.001	0.001	0.997
0.106	0.001	0.892	0.001
0.001	0.777	0.221	0.001
0.001	0.001	0.889	0.109
0.997	0.001	0.001	0.001
0.181	0.001	0.001	0.817
0.001	0.001	0.001	0.997
0.122	0.001	0.787	0.090
0.616	0.001	0.269	0.114
0.001	0.773	0.097	0.129
>CMGATTTAGC	15-CMGATTTAGC	8.872594	-15.129821	0	T:20.0(9.76%),B:926.8(2.47%),P:1e-6	Tpos:403.2,Tstd:306.1,Bpos:457.9,Bstd:350.7,StrandBias:0.7,Multiplicity:1.05
0.001	0.957	0.001	0.041
0.503	0.495	0.001	0.001
0.022	0.001	0.853	0.124
0.603	0.395	0.001	0.001
0.014	0.293	0.001	0.692
0.001	0.001	0.001	0.997
0.001	0.261	0.099	0.639
0.942	0.056	0.001	0.001
0.001	0.057	0.869	0.073
0.005	0.921	0.001	0.073
>TAAATAAATA	16-TAAATAAATA	9.306796	-15.006289	0	T:48.0(23.41%),B:4105.8(10.93%),P:1e-6	Tpos:660.8,Tstd:223.7,Bpos:517.3,Bstd:323.1,StrandBias:-0.6,Multiplicity:1.08
0.001	0.203	0.001	0.795
0.783	0.002	0.086	0.129
0.757	0.097	0.001	0.145
0.798	0.033	0.001	0.168
0.001	0.047	0.001	0.951
0.612	0.047	0.261	0.080
0.811	0.067	0.064	0.058
0.650	0.307	0.042	0.001
0.005	0.115	0.042	0.838
0.710	0.001	0.059	0.230
>AATCGATTTA	17-AATCGATTTA	8.281495	-14.699157	0	T:104.0(50.73%),B:12663.7(33.71%),P:1e-6	Tpos:543.0,Tstd:269.0,Bpos:525.6,Bstd:377.3,StrandBias:0.2,Multiplicity:1.61
0.531	0.001	0.190	0.278
0.918	0.001	0.001	0.080
0.001	0.001	0.001	0.997
0.064	0.788	0.013	0.135
0.122	0.001	0.811	0.066
0.997	0.001	0.001	0.001
0.251	0.001	0.001	0.747
0.056	0.080	0.001	0.863
0.074	0.001	0.312	0.613
0.616	0.023	0.175	0.186
>TTTAATTGCT	18-TTTAATTGCT	10.298460	-14.476039	0	T:36.0(17.56%),B:2671.7(7.11%),P:1e-6	Tpos:562.8,Tstd:267.0,Bpos:515.7,Bstd:324.8,StrandBias:0.7,Multiplicity:1.08
0.001	0.001	0.001	0.997
0.001	0.001	0.001	0.997
0.073	0.109	0.001	0.817
0.997	0.001	0.001	0.001
0.689	0.121	0.001	0.189
0.180	0.001	0.001	0.818
0.001	0.001	0.001	0.997
0.001	0.116	0.882	0.001
0.090	0.792	0.001	0.117
0.001	0.001	0.001	0.997
>AAACTACGGT	19-AAACTACGGT	9.893428	-14.265001	0	T:16.0(7.80%),B:635.3(1.69%),P:1e-6	Tpos:528.9,Tstd:241.5,Bpos:539.0,Bstd:326.8,StrandBias:-0.2,Multiplicity:1.19
0.893	0.047	0.001	0.059
0.902	0.001	0.001	0.096
0.887	0.001	0.111	0.001
0.001	0.997	0.001	0.001
0.001	0.001	0.001	0.997
0.813	0.079	0.053	0.055
0.001	0.997	0.001	0.001
0.001	0.001	0.997	0.001
0.001	0.001	0.997	0.001
0.033	0.001	0.061	0.905
>TTTTTCGGGT	20-TTTTTCGGGT	10.089555	-12.859712	0	T:43.0(20.98%),B:3759.2(10.01%),P:1e-5	Tpos:588.0,Tstd:276.7,Bpos:504.9,Bstd:369.2,StrandBias:-1.0,Multiplicity:1.26
0.054	0.001	0.001	0.944
0.001	0.001	0.001	0.997
0.001	0.053	0.001	0.945
0.001	0.001	0.001	0.997
0.001	0.023	0.001	0.975
0.001	0.928	0.070	0.001
0.115	0.069	0.815	0.001
0.094	0.001	0.904	0.001
0.193	0.068	0.738	0.001
0.001	0.059	0.001	0.939
>GGTATCCTAA	21-GGTATCCTAA	9.774531	-10.466169	0	T:8.0(3.90%),B:211.1(0.56%),P:1e-4	Tpos:266.4,Tstd:200.6,Bpos:477.7,Bstd:337.3,StrandBias:1.9,Multiplicity:1.75
0.001	0.001	0.997	0.001
0.101	0.001	0.797	0.101
0.001	0.001	0.111	0.887
0.863	0.001	0.135	0.001
0.001	0.001	0.001	0.997
0.001	0.649	0.349	0.001
0.154	0.616	0.127	0.103
0.001	0.135	0.001	0.863
0.871	0.127	0.001	0.001
0.630	0.001	0.001	0.368
>GGACACTGTA	22-GGACACTGTA	9.630968	-9.336691	0	T:6.0(2.93%),B:126.6(0.34%),P:1e-4	Tpos:605.8,Tstd:359.8,Bpos:486.5,Bstd:322.7,StrandBias:-10.0,Multiplicity:1.67
0.001	0.001	0.997	0.001
0.001	0.001	0.997	0.001
0.997	0.001	0.001	0.001
0.001	0.997	0.001	0.001
0.997	0.001	0.001	0.001
0.001	0.997	0.001	0.001
0.001	0.001	0.001	0.997
0.171	0.001	0.827	0.001
0.001	0.001	0.001	0.997
0.911	0.001	0.001	0.087
>GATTCGTATA	23-GATTCGTATA	8.350283	-7.286374	0	T:19.0(9.27%),B:1504.2(4.00%),P:1e-3	Tpos:409.6,Tstd:279.8,Bpos:519.0,Bstd:333.3,StrandBias:0.1,Multiplicity:1.11
0.100	0.100	0.700	0.100
0.700	0.100	0.100	0.100
0.100	0.100	0.100	0.700
0.100	0.100	0.100	0.700
0.100	0.700	0.100	0.100
0.100	0.100	0.700	0.100
0.100	0.100	0.100	0.700
0.700	0.100	0.100	0.100
0.100	0.100	0.100	0.700
0.700	0.100	0.100	0.100
>AAGCTGGCAG	24-AAGCTGGCAG	12.058045	-6.402856	0	T:3.0(1.46%),B:40.5(0.11%),P:1e-2	Tpos:406.4,Tstd:179.6,Bpos:556.0,Bstd:293.3,StrandBias:-10.0,Multiplicity:2.33
0.997	0.001	0.001	0.001
0.997	0.001	0.001	0.001
0.001	0.001	0.997	0.001
0.001	0.997	0.001	0.001
0.001	0.169	0.001	0.829
0.001	0.001	0.997	0.001
0.001	0.001	0.997	0.001
0.001	0.997	0.001	0.001
0.997	0.001	0.001	0.001
0.001	0.001	0.997	0.001
>TCCAGGGCAC	25-TCCAGGGCAC	-0.084531	-3.411640	0	T:58.0(28.29%),B:8477.9(22.57%),P:1e-1	Tpos:495.2,Tstd:288.0,Bpos:499.3,Bstd:337.6,StrandBias:1.1,Multiplicity:1.36
0.001	0.001	0.001	0.997
0.001	0.895	0.103	0.001
0.001	0.997	0.001	0.001
0.997	0.001	0.001	0.001
0.001	0.001	0.997	0.001
0.001	0.001	0.997	0.001
0.001	0.001	0.997	0.001
0.001	0.997	0.001	0.001
0.997	0.001	0.001	0.001
0.001	0.997	0.001	0.001
