>GGAGTCCGCA	1-GGAGTCCGCA	9.965267	-27.209028	0	T:16.0(7.80%),B:247.5(0.66%),P:1e-11	Tpos:560.2,Tstd:260.8,Bpos:601.7,Bstd:351.7,StrandBias:0.7,Multiplicity:1.00
0.103	0.001	0.895	0.001
0.230	0.001	0.768	0.001
0.997	0.001	0.001	0.001
0.001	0.001	0.997	0.001
0.001	0.001	0.001	0.997
0.175	0.707	0.117	0.001
0.001	0.997	0.001	0.001
0.001	0.001	0.997	0.001
0.001	0.837	0.001	0.161
0.879	0.119	0.001	0.001
>AAAGCGACCA	2-AAAGCGACCA	9.681011	-24.988266	0	T:21.0(10.24%),B:570.4(1.52%),P:1e-10	Tpos:451.6,Tstd:240.8,Bpos:501.6,Bstd:344.0,StrandBias:0.0,Multiplicity:1.05
0.935	0.063	0.001	0.001
0.932	0.066	0.001	0.001
0.944	0.001	0.001	0.054
0.001	0.047	0.822	0.130
0.040	0.958	0.001	0.001
0.045	0.001	0.895	0.059
0.860	0.001	0.138	0.001
0.027	0.824	0.034	0.115
0.001	0.954	0.001	0.044
0.933	0.001	0.065	0.001
>CCATCGAGAA	3-CCATCGAGAA	8.502490	-22.483125	0	T:36.0(17.56%),B:1944.8(5.18%),P:1e-9	Tpos:468.5,Tstd:285.9,Bpos:486.2,Bstd:351.4,StrandBias:0.2,Multiplicity:1.06
0.001	0.964	0.034	0.001
0.130	0.868	0.001	0.001
0.883	0.001	0.001	0.115
0.039	0.001	0.001	0.959
0.001	0.932	0.066	0.001
0.038	0.053	0.908	0.001
0.859	0.001	0.065	0.075
0.131	0.001	0.825	0.043
0.907	0.091	0.001	0.001
0.933	0.065	0.001	0.001
>ACGAATTTCG	4-ACGAATTTCG	9.628996	-22.300505	0	T:29.0(14.15%),B:1299.4(3.46%),P:1e-9	Tpos:596.5,Tstd:303.3,Bpos:508.8,Bstd:391.7,StrandBias:0.4,Multiplicity:1.03
0.826	0.089	0.015	0.070
0.029	0.916	0.020	0.035
0.001	0.018	0.980	0.001
0.923	0.001	0.034	0.042
0.788	0.044	0.001	0.167
0.001	0.001	0.041	0.957
0.048	0.052	0.056	0.844
0.001	0.001	0.047	0.951
0.001	0.970	0.028	0.001
0.001	0.149	0.842	0.008
>AACCCGTACA	5-AACCCGTACA	9.961771	-20.725715	0	T:15.0(7.32%),B:334.9(0.89%),P:1e-9	Tpos:431.1,Tstd:309.2,Bpos:483.1,Bstd:342.8,StrandBias:-0.4,Multiplicity:1.07
0.997	0.001	0.001	0.001
0.772	0.133	0.001	0.094
0.050	0.948	0.001	0.001
0.057	0.785	0.105	0.053
0.001	0.849	0.078	0.072
0.162	0.001	0.836	0.001
0.053	0.001	0.001	0.945
0.944	0.001	0.001	0.054
0.001	0.997	0.001	0.001
0.997	0.001	0.001	0.001
>CGAGGAGTCT	6-CGAGGAGTCT	9.030246	-20.180420	0	T:18.0(8.78%),B:535.9(1.43%),P:1e-8	Tpos:432.0,Tstd:252.6,Bpos:512.7,Bstd:322.6,StrandBias:0.4,Multiplicity:1.28
0.001	0.997	0.001	0.001
0.001	0.001	0.997	0.001
0.877	0.121	0.001	0.001
0.172	0.001	0.826	0.001
0.001	0.001	0.901	0.097
0.997	0.001	0.001	0.001
0.001	0.001	0.923	0.075
0.189	0.096	0.001	0.714
0.001	0.836	0.112	0.051
0.001	0.001	0.001	0.997
>GGCACGGAAT	7-GGCACGGAAT	10.183648	-19.677763	0	T:15.0(7.32%),B:362.1(0.96%),P:1e-8	Tpos:469.9,Tstd:211.5,Bpos:528.5,Bstd:354.7,StrandBias:-0.7,Multiplicity:1.07
0.061	0.001	0.874	0.064
0.001	0.001	0.997	0.001
0.043	0.867	0.001	0.089
0.893	0.001	0.105	0.001
0.072	0.926	0.001	0.001
0.001	0.001	0.917	0.081
0.001	0.001	0.997	0.001
0.997	0.001	0.001	0.001
0.887	0.001	0.111	0.001
0.282	0.001	0.001	0.716
>GTGKTTGCGG	8-GTGKTTGCGG	8.160999	-19.389144	0	T:49.0(23.90%),B:3678.9(9.79%),P:1e-8	Tpos:492.4,Tstd:296.9,Bpos:555.4,Bstd:352.8,StrandBias:0.2,Multiplicity:1.24
0.001	0.036	0.962	0.001
0.001	0.001	0.001	0.997
0.001	0.146	0.710	0.143
0.001	0.113	0.371	0.515
0.077	0.001	0.001	0.921
0.001	0.168	0.001	0.830
0.041	0.001	0.957	0.001
0.035	0.935	0.001	0.029
0.166	0.030	0.803	0.001
0.142	0.121	0.578	0.159
>AAGGCGCATT	9-AAGGCGCATT	7.437153	-19.005212	0	T:33.0(16.10%),B:1905.7(5.07%),P:1e-8	Tpos:581.3,Tstd:288.1,Bpos:527.8,Bstd:347.7,StrandBias:0.0,Multiplicity:1.18
0.707	0.262	0.030	0.001
0.709	0.065	0.181	0.045
0.229	0.047	0.703	0.021
0.056	0.085	0.776	0.083
0.039	0.550	0.145	0.266
0.219	0.049	0.701	0.031
0.141	0.596	0.025	0.238
0.513	0.150	0.205	0.132
0.046	0.220	0.028	0.706
0.106	0.192	0.176	0.526
>TTTTGCTGAA	10-TTTTGCTGAA	9.171337	-18.946764	0	T:73.0(35.61%),B:6946.1(18.49%),P:1e-8	Tpos:457.2,Tstd:316.3,Bpos:513.8,Bstd:353.1,StrandBias:0.2,Multiplicity:1.32
0.001	0.021	0.013	0.965
0.015	0.018	0.040	0.927
0.016	0.033	0.009	0.942
0.073	0.009	0.023	0.895
0.063	0.001	0.935	0.001
0.057	0.761	0.048	0.134
0.110	0.105	0.001	0.784
0.001	0.063	0.935	0.001
0.979	0.001	0.007	0.013
0.964	0.017	0.018	0.001
>ACTCGTGATT	11-ACTCGTGATT	9.510113	-17.635496	0	T:25.0(12.20%),B:1223.0(3.26%),P:1e-7	Tpos:424.4,Tstd:254.6,Bpos:523.4,Bstd:341.9,StrandBias:0.2,Multiplicity:1.00
0.916	0.001	0.001	0.082
0.028	0.886	0.001	0.085
0.061	0.001	0.001	0.937
0.071	0.892	0.001	0.036
0.068	0.001	0.853	0.078
0.054	0.001	0.001	0.944
0.001	0.054	0.897	0.048
0.886	0.071	0.001	0.042
0.057	0.001	0.001	0.941
0.001	0.001	0.001	0.997
>TTGGCGACGA	12-TTGGCGACGA	8.443067	-16.997156	0	T:24.0(11.71%),B:1171.1(3.12%),P:1e-7	Tpos:459.2,Tstd:284.6,Bpos:446.0,Bstd:372.3,StrandBias:-0.2,Multiplicity:1.00
0.001	0.001	0.069	0.929
0.001	0.046	0.001	0.952
0.102	0.001	0.858	0.039
0.030	0.108	0.813	0.049
0.048	0.889	0.001	0.062
0.001	0.001	0.997	0.001
0.828	0.052	0.063	0.057
0.001	0.923	0.001	0.075
0.053	0.080	0.866	0.001
0.997	0.001	0.001	0.001
>TTCTGCAGGA	13-TTCTGCAGGA	9.257817	-16.941592	0	T:28.0(13.66%),B:1559.7(4.15%),P:1e-7	Tpos:481.8,Tstd:266.0,Bpos:504.9,Bstd:332.1,StrandBias:0.2,Multiplicity:1.07
0.001	0.001	0.001	0.997
0.138	0.001	0.001	0.860
0.001	0.949	0.049	0.001
0.037	0.001	0.068	0.894
0.001	0.050	0.921	0.028
0.035	0.864	0.033	0.068
0.967	0.001	0.001	0.031
0.074	0.048	0.829	0.049
0.023	0.104	0.824	0.049
0.937	0.001	0.001	0.061
>TGCGATTGAC	14-TGCGATTGAC	9.421619	-16.124419	0	T:13.0(6.34%),B:346.4(0.92%),P:1e-7	Tpos:535.7,Tstd:242.5,Bpos:495.8,Bstd:286.9,StrandBias:0.0,Multiplicity:1.08
0.001	0.001	0.001	0.997
0.106	0.001	0.892	0.001
0.001	0.777	0.221	0.001
0.001	0.001	0.889	0.109
0.997	0.001	0.001	0.001
0.181	0.001	0.001	0.817
0.001	0.001	0.001	0.997
0.122	0.001	0.787	0.090
0.616	0.001	0.269	0.114
0.001	0.773	0.097	0.129
>CMGATTTAGC	15-CMGATTTAGC	8.872594	-15.129821	0	T:20.0(9.76%),B:926.8(2.47%),P:1e-6	Tpos:403.2,Tstd:306.1,Bpos:457.9,Bstd:350.7,StrandBias:0.7,Multiplicity:1.05
0.001	0.957	0.001	0.041
0.503	0.495	0.001	0.001
0.022	0.001	0.853	0.124
0.603	0.395	0.001	0.001
0.014	0.293	0.001	0.692
0.001	0.001	0.001	0.997
0.001	0.261	0.099	0.639
0.942	0.056	0.001	0.001
0.001	0.057	0.869	0.073
0.005	0.921	0.001	0.073
>TAAATAAATA	16-TAAATAAATA	9.306796	-15.006289	0	T:48.0(23.41%),B:4105.8(10.93%),P:1e-6	Tpos:660.8,Tstd:223.7,Bpos:517.3,Bstd:323.1,StrandBias:-0.6,Multiplicity:1.08
0.001	0.203	0.001	0.795
0.783	0.002	0.086	0.129
0.757	0.097	0.001	0.145
0.798	0.033	0.001	0.168
0.001	0.047	0.001	0.951
0.612	0.047	0.261	0.080
0.811	0.067	0.064	0.058
0.650	0.307	0.042	0.001
0.005	0.115	0.042	0.838
0.710	0.001	0.059	0.230
>AATCGATTTA	17-AATCGATTTA	8.281495	-14.699157	0	T:104.0(50.73%),B:12663.7(33.71%),P:1e-6	Tpos:543.0,Tstd:269.0,Bpos:525.6,Bstd:377.3,StrandBias:0.2,Multiplicity:1.61
0.531	0.001	0.190	0.278
0.918	0.001	0.001	0.080
0.001	0.001	0.001	0.997
0.064	0.788	0.013	0.135
0.122	0.001	0.811	0.066
0.997	0.001	0.001	0.001
0.251	0.001	0.001	0.747
0.056	0.080	0.001	0.863
0.074	0.001	0.312	0.613
0.616	0.023	0.175	0.186
>TTTAATTGCT	18-TTTAATTGCT	10.298460	-14.476039	0	T:36.0(17.56%),B:2671.7(7.11%),P:1e-6	Tpos:562.8,Tstd:267.0,Bpos:515.7,Bstd:324.8,StrandBias:0.7,Multiplicity:1.08
0.001	0.001	0.001	0.997
0.001	0.001	0.001	0.997
0.073	0.109	0.001	0.817
0.997	0.001	0.001	0.001
0.689	0.121	0.001	0.189
0.180	0.001	0.001	0.818
0.001	0.001	0.001	0.997
0.001	0.116	0.882	0.001
0.090	0.792	0.001	0.117
0.001	0.001	0.001	0.997
>AAACTACGGT	19-AAACTACGGT	9.893428	-14.265001	0	T:16.0(7.80%),B:635.3(1.69%),P:1e-6	Tpos:528.9,Tstd:241.5,Bpos:539.0,Bstd:326.8,StrandBias:-0.2,Multiplicity:1.19
0.893	0.047	0.001	0.059
0.902	0.001	0.001	0.096
0.887	0.001	0.111	0.001
0.001	0.997	0.001	0.001
0.001	0.001	0.001	0.997
0.813	0.079	0.053	0.055
0.001	0.997	0.001	0.001
0.001	0.001	0.997	0.001
0.001	0.001	0.997	0.001
0.033	0.001	0.061	0.905
>TTTTTCGGGT	20-TTTTTCGGGT	10.089555	-12.859712	0	T:43.0(20.98%),B:3759.2(10.01%),P:1e-5	Tpos:588.0,Tstd:276.7,Bpos:504.9,Bstd:369.2,StrandBias:-1.0,Multiplicity:1.26
0.054	0.001	0.001	0.944
0.001	0.001	0.001	0.997
0.001	0.053	0.001	0.945
0.001	0.001	0.001	0.997
0.001	0.023	0.001	0.975
0.001	0.928	0.070	0.001
0.115	0.069	0.815	0.001
0.094	0.001	0.904	0.001
0.193	0.068	0.738	0.001
0.001	0.059	0.001	0.939
>GGTATCCTAA	21-GGTATCCTAA	9.774531	-10.466169	0	T:8.0(3.90%),B:211.1(0.56%),P:1e-4	Tpos:266.4,Tstd:200.6,Bpos:477.7,Bstd:337.3,StrandBias:1.9,Multiplicity:1.75
0.001	0.001	0.997	0.001
0.101	0.001	0.797	0.101
0.001	0.001	0.111	0.887
0.863	0.001	0.135	0.001
0.001	0.001	0.001	0.997
0.001	0.649	0.349	0.001
0.154	0.616	0.127	0.103
0.001	0.135	0.001	0.863
0.871	0.127	0.001	0.001
0.630	0.001	0.001	0.368
>GGACACTGTA	22-GGACACTGTA	9.630968	-9.336691	0	T:6.0(2.93%),B:126.6(0.34%),P:1e-4	Tpos:605.8,Tstd:359.8,Bpos:486.5,Bstd:322.7,StrandBias:-10.0,Multiplicity:1.67
0.001	0.001	0.997	0.001
0.001	0.001	0.997	0.001
0.997	0.001	0.001	0.001
0.001	0.997	0.001	0.001
0.997	0.001	0.001	0.001
0.001	0.997	0.001	0.001
0.001	0.001	0.001	0.997
0.171	0.001	0.827	0.001
0.001	0.001	0.001	0.997
0.911	0.001	0.001	0.087
>GATTCGTATA	23-GATTCGTATA	8.350283	-7.286374	0	T:19.0(9.27%),B:1504.2(4.00%),P:1e-3	Tpos:409.6,Tstd:279.8,Bpos:519.0,Bstd:333.3,StrandBias:0.1,Multiplicity:1.11
0.100	0.100	0.700	0.100
0.700	0.100	0.100	0.100
0.100	0.100	0.100	0.700
0.100	0.100	0.100	0.700
0.100	0.700	0.100	0.100
0.100	0.100	0.700	0.100
0.100	0.100	0.100	0.700
0.700	0.100	0.100	0.100
0.100	0.100	0.100	0.700
0.700	0.100	0.100	0.100
>AAGCTGGCAG	24-AAGCTGGCAG	12.058045	-6.402856	0	T:3.0(1.46%),B:40.5(0.11%),P:1e-2	Tpos:406.4,Tstd:179.6,Bpos:556.0,Bstd:293.3,StrandBias:-10.0,Multiplicity:2.33
0.997	0.001	0.001	0.001
0.997	0.001	0.001	0.001
0.001	0.001	0.997	0.001
0.001	0.997	0.001	0.001
0.001	0.169	0.001	0.829
0.001	0.001	0.997	0.001
0.001	0.001	0.997	0.001
0.001	0.997	0.001	0.001
0.997	0.001	0.001	0.001
0.001	0.001	0.997	0.001
>TCCAGGGCAC	25-TCCAGGGCAC	-0.084531	-3.411640	0	T:58.0(28.29%),B:8477.9(22.57%),P:1e-1	Tpos:495.2,Tstd:288.0,Bpos:499.3,Bstd:337.6,StrandBias:1.1,Multiplicity:1.36
0.001	0.001	0.001	0.997
0.001	0.895	0.103	0.001
0.001	0.997	0.001	0.001
0.997	0.001	0.001	0.001
0.001	0.001	0.997	0.001
0.001	0.001	0.997	0.001
0.001	0.001	0.997	0.001
0.001	0.997	0.001	0.001
0.997	0.001	0.001	0.001
0.001	0.997	0.001	0.001
>TCGATTGGTGTG	1-TCGATTGGTGTG	11.946071	-26.416351	0	T:10.0(4.88%),B:57.9(0.15%),P:1e-11	Tpos:503.8,Tstd:268.8,Bpos:485.0,Bstd:408.3,StrandBias:-0.6,Multiplicity:1.00
0.134	0.001	0.001	0.864
0.001	0.997	0.001	0.001
0.001	0.155	0.843	0.001
0.997	0.001	0.001	0.001
0.001	0.001	0.001	0.997
0.001	0.001	0.001	0.997
0.001	0.001	0.997	0.001
0.387	0.029	0.583	0.001
0.001	0.001	0.001	0.997
0.001	0.122	0.876	0.001
0.156	0.001	0.243	0.600
0.001	0.001	0.843	0.155
>GTATTGTGTGCT	2-GTATTGTGTGCT	12.202423	-25.273613	0	T:13.0(6.34%),B:156.7(0.42%),P:1e-10	Tpos:581.1,Tstd:258.2,Bpos:565.6,Bstd:316.3,StrandBias:-0.2,Multiplicity:1.00
0.001	0.001	0.895	0.103
0.001	0.134	0.192	0.673
0.997	0.001	0.001	0.001
0.008	0.001	0.001	0.990
0.001	0.192	0.001	0.806
0.001	0.001	0.680	0.318
0.001	0.001	0.001	0.997
0.001	0.001	0.997	0.001
0.192	0.001	0.001	0.806
0.001	0.001	0.997	0.001
0.001	0.845	0.001	0.153
0.418	0.001	0.001	0.580
>GGCTGTTCATTG	3-GGCTGTTCATTG	14.070122	-25.258383	0	T:6.0(2.93%),B:5.6(0.01%),P:1e-10	Tpos:559.3,Tstd:187.4,Bpos:372.1,Bstd:193.7,StrandBias:2.3,Multiplicity:1.00
0.001	0.159	0.839	0.001
0.188	0.001	0.810	0.001
0.001	0.997	0.001	0.001
0.001	0.001	0.001	0.997
0.001	0.216	0.782	0.001
0.001	0.001	0.001	0.997
0.001	0.001	0.001	0.997
0.001	0.997	0.001	0.001
0.997	0.001	0.001	0.001
0.001	0.216	0.001	0.782
0.001	0.001	0.001	0.997
0.001	0.001	0.997	0.001
>TMTCKCGCWSGA	4-TMTCKCGCWSGA	8.269701	-25.131006	0	T:12.0(5.85%),B:123.3(0.33%),P:1e-10	Tpos:475.2,Tstd:242.8,Bpos:462.5,Bstd:351.5,StrandBias:-0.4,Multiplicity:1.08
0.001	0.001	0.001	0.997
0.487	0.501	0.001	0.011
0.001	0.001	0.001	0.997
0.001	0.997	0.001	0.001
0.036	0.020	0.481	0.463
0.086	0.912	0.001	0.001
0.001	0.001	0.997	0.001
0.001	0.997	0.001	0.001
0.445	0.001	0.001	0.553
0.001	0.460	0.513	0.026
0.001	0.001	0.997	0.001
0.997	0.001	0.001	0.001
>AGAAATCAAAGA	5-AGAAATCAAAGA	12.833422	-24.772134	0	T:15.0(7.32%),B:247.0(0.66%),P:1e-10	Tpos:551.0,Tstd:277.0,Bpos:543.9,Bstd:310.2,StrandBias:-2.0,Multiplicity:1.00
0.724	0.130	0.076	0.070
0.016	0.001	0.899	0.084
0.997	0.001	0.001	0.001
0.882	0.116	0.001	0.001
0.997	0.001	0.001	0.001
0.158	0.001	0.001	0.840
0.001	0.954	0.001	0.044
0.997	0.001	0.001	0.001
0.821	0.082	0.001	0.096
0.938	0.001	0.001	0.060
0.001	0.001	0.997	0.001
0.997	0.001	0.001	0.001
>TTGTTGGTTTTT	6-TTGTTGGTTTTT	12.361176	-23.746874	0	T:34.0(16.59%),B:1665.7(4.43%),P:1e-10	Tpos:461.4,Tstd:301.6,Bpos:526.7,Bstd:345.2,StrandBias:-0.5,Multiplicity:1.03
0.001	0.066	0.001	0.932
0.001	0.001	0.001	0.997
0.001	0.001	0.816	0.182
0.001	0.001	0.001	0.997
0.001	0.001	0.001	0.997
0.078	0.032	0.889	0.001
0.001	0.037	0.909	0.053
0.040	0.072	0.001	0.887
0.001	0.001	0.090	0.908
0.001	0.001	0.001	0.997
0.001	0.088	0.001	0.910
0.066	0.064	0.001	0.869
>ATTTGAATGATA	7-ATTTGAATGATA	12.964728	-23.532417	0	T:16.0(7.80%),B:320.9(0.85%),P:1e-10	Tpos:440.4,Tstd:228.7,Bpos:524.6,Bstd:307.5,StrandBias:-0.7,Multiplicity:1.00
0.821	0.001	0.119	0.059
0.001	0.001	0.001	0.997
0.122	0.001	0.001	0.876
0.001	0.113	0.119	0.767
0.090	0.001	0.908	0.001
0.997	0.001	0.001	0.001
0.997	0.001	0.001	0.001
0.074	0.001	0.001	0.924
0.066	0.001	0.932	0.001
0.997	0.001	0.001	0.001
0.001	0.001	0.001	0.997
0.846	0.001	0.089	0.064
>AGTTTTTGCCGA	8-AGTTTTTGCCGA	13.581095	-21.650724	0	T:10.0(4.88%),B:97.7(0.26%),P:1e-9	Tpos:516.1,Tstd:323.7,Bpos:521.3,Bstd:390.1,StrandBias:0.0,Multiplicity:1.00
0.997	0.001	0.001	0.001
0.001	0.001	0.997	0.001
0.001	0.129	0.001	0.869
0.001	0.001	0.116	0.882
0.001	0.001	0.001	0.997
0.001	0.001	0.176	0.822
0.001	0.071	0.123	0.805
0.001	0.001	0.997	0.001
0.001	0.997	0.001	0.001
0.119	0.816	0.001	0.064
0.001	0.001	0.997	0.001
0.882	0.001	0.116	0.001
>TTTAGTGGACTT	9-TTTAGTGGACTT	13.629212	-21.635414	0	T:9.0(4.39%),B:68.8(0.18%),P:1e-9	Tpos:428.2,Tstd:262.2,Bpos:519.0,Bstd:350.0,StrandBias:0.3,Multiplicity:1.00
0.001	0.001	0.001	0.997
0.263	0.001	0.001	0.735
0.001	0.001	0.001	0.997
0.850	0.001	0.001	0.148
0.001	0.001	0.866	0.132
0.001	0.001	0.001	0.997
0.001	0.001	0.997	0.001
0.106	0.001	0.892	0.001
0.997	0.001	0.001	0.001
0.117	0.881	0.001	0.001
0.001	0.001	0.001	0.997
0.001	0.001	0.001	0.997
>TTTTCAGCTAAA	10-TTTTCAGCTAAA	12.499972	-21.183897	0	T:53.0(25.85%),B:3965.0(10.55%),P:1e-9	Tpos:524.0,Tstd:307.0,Bpos:527.1,Bstd:391.0,StrandBias:-0.2,Multiplicity:1.17
0.001	0.001	0.001	0.997
0.001	0.001	0.001	0.997
0.001	0.001	0.001	0.997
0.001	0.001	0.001	0.997
0.001	0.997	0.001	0.001
0.789	0.001	0.001	0.209
0.186	0.031	0.654	0.129
0.200	0.529	0.129	0.142
0.289	0.012	0.001	0.698
0.856	0.108	0.001	0.035
0.997	0.001	0.001	0.001
0.997	0.001	0.001	0.001
>TTTTTTCGGGTT	11-TTTTTTCGGGTT	12.584550	-19.789630	0	T:18.0(8.78%),B:549.1(1.46%),P:1e-8	Tpos:512.3,Tstd:280.9,Bpos:512.7,Bstd:415.0,StrandBias:-2.0,Multiplicity:1.11
0.053	0.001	0.160	0.786
0.001	0.001	0.001	0.997
0.001	0.001	0.001	0.997
0.001	0.001	0.001	0.997
0.107	0.001	0.001	0.891
0.001	0.057	0.001	0.941
0.001	0.948	0.050	0.001
0.001	0.060	0.903	0.036
0.001	0.001	0.964	0.034
0.321	0.062	0.616	0.001
0.001	0.001	0.001	0.997
0.001	0.001	0.001	0.997
>GCAGAGTCTGCG	12-GCAGAGTCTGCG	9.261440	-19.709830	0	T:17.0(8.29%),B:485.1(1.29%),P:1e-8	Tpos:608.8,Tstd:239.3,Bpos:516.1,Bstd:342.3,StrandBias:0.6,Multiplicity:1.06
0.001	0.001	0.997	0.001
0.143	0.855	0.001	0.001
0.924	0.001	0.074	0.001
0.130	0.052	0.817	0.001
0.823	0.064	0.001	0.112
0.001	0.230	0.630	0.139
0.068	0.001	0.086	0.845
0.087	0.840	0.004	0.069
0.001	0.068	0.052	0.879
0.086	0.001	0.774	0.139
0.001	0.930	0.001	0.068
0.230	0.001	0.697	0.072
>AAAAATGAAGCA	13-AAAAATGAAGCA	10.588370	-18.406780	0	T:56.0(27.32%),B:4686.7(12.48%),P:1e-7	Tpos:584.4,Tstd:273.0,Bpos:532.8,Bstd:339.5,StrandBias:-0.7,Multiplicity:1.12
0.660	0.001	0.141	0.198
0.975	0.001	0.023	0.001
0.878	0.001	0.120	0.001
0.752	0.001	0.208	0.039
0.988	0.001	0.001	0.010
0.148	0.020	0.036	0.796
0.281	0.019	0.535	0.165
0.997	0.001	0.001	0.001
0.849	0.001	0.001	0.149
0.082	0.263	0.514	0.141
0.181	0.508	0.287	0.024
0.664	0.018	0.228	0.090
>GAATCCAGCTCA	14-GAATCCAGCTCA	8.803783	-17.947219	0	T:24.0(11.71%),B:1112.5(2.96%),P:1e-7	Tpos:514.3,Tstd:284.0,Bpos:472.6,Bstd:329.7,StrandBias:-0.1,Multiplicity:1.21
0.154	0.001	0.844	0.001
0.725	0.004	0.179	0.092
0.888	0.001	0.092	0.019
0.160	0.001	0.001	0.838
0.001	0.832	0.084	0.083
0.010	0.744	0.176	0.070
0.928	0.004	0.067	0.001
0.092	0.010	0.897	0.001
0.132	0.812	0.001	0.055
0.074	0.106	0.001	0.819
0.074	0.905	0.020	0.001
0.724	0.092	0.106	0.078
>ACGGTGTTTGCG	15-ACGGTGTTTGCG	9.957364	-17.348038	0	T:23.0(11.22%),B:1059.6(2.82%),P:1e-7	Tpos:447.3,Tstd:281.7,Bpos:576.1,Bstd:353.5,StrandBias:0.7,Multiplicity:1.32
0.746	0.061	0.051	0.142
0.075	0.807	0.001	0.117
0.001	0.001	0.838	0.160
0.105	0.001	0.748	0.146
0.001	0.104	0.001	0.894
0.001	0.001	0.777	0.221
0.001	0.001	0.001	0.997
0.001	0.001	0.001	0.997
0.001	0.086	0.075	0.838
0.001	0.077	0.756	0.166
0.066	0.769	0.164	0.001
0.162	0.001	0.836	0.001
>TTGCTTGAAATC	16-TTGCTTGAAATC	10.699443	-17.286621	0	T:22.0(10.73%),B:975.7(2.60%),P:1e-7	Tpos:465.2,Tstd:277.2,Bpos:459.6,Bstd:364.1,StrandBias:0.4,Multiplicity:1.00
0.001	0.173	0.173	0.653
0.001	0.195	0.070	0.734
0.001	0.112	0.698	0.189
0.001	0.859	0.139	0.001
0.053	0.320	0.001	0.626
0.001	0.251	0.001	0.747
0.130	0.092	0.777	0.001
0.997	0.001	0.001	0.001
0.997	0.001	0.001	0.001
0.997	0.001	0.001	0.001
0.001	0.001	0.001	0.997
0.052	0.946	0.001	0.001
>AAAABTAGAATA	17-AAAABTAGAATA	12.001665	-16.170403	0	T:20.0(9.76%),B:866.9(2.31%),P:1e-7	Tpos:411.5,Tstd:227.8,Bpos:502.8,Bstd:341.5,StrandBias:-0.1,Multiplicity:1.05
0.703	0.001	0.205	0.091
0.997	0.001	0.001	0.001
0.997	0.001	0.001	0.001
0.997	0.001	0.001	0.001
0.155	0.246	0.227	0.372
0.009	0.367	0.001	0.623
0.754	0.148	0.097	0.001
0.097	0.001	0.901	0.001
0.997	0.001	0.001	0.001
0.785	0.001	0.114	0.100
0.046	0.060	0.001	0.893
0.995	0.001	0.001	0.003
>GCTCTGGAATAG	18-GCTCTGGAATAG	12.945464	-14.750197	0	T:6.0(2.93%),B:46.1(0.12%),P:1e-6	Tpos:515.7,Tstd:283.7,Bpos:493.9,Bstd:353.0,StrandBias:-10.0,Multiplicity:1.17
0.001	0.001	0.997	0.001
0.372	0.626	0.001	0.001
0.001	0.001	0.001	0.997
0.001	0.997	0.001	0.001
0.001	0.001	0.186	0.812
0.001	0.001	0.997	0.001
0.001	0.001	0.997	0.001
0.997	0.001	0.001	0.001
0.997	0.001	0.001	0.001
0.001	0.001	0.390	0.608
0.997	0.001	0.001	0.001
0.001	0.001	0.608	0.390
>TACCGTAGTTTG	19-TACCGTAGTTTG	12.266667	-14.427440	0	T:9.0(4.39%),B:166.9(0.44%),P:1e-6	Tpos:599.4,Tstd:226.4,Bpos:538.0,Bstd:353.0,StrandBias:0.3,Multiplicity:1.00
0.196	0.001	0.001	0.802
0.854	0.001	0.001	0.144
0.001	0.997	0.001	0.001
0.001	0.904	0.001	0.094
0.001	0.001	0.997	0.001
0.001	0.001	0.001	0.997
0.997	0.001	0.001	0.001
0.001	0.215	0.783	0.001
0.001	0.001	0.001	0.997
0.001	0.001	0.001	0.997
0.001	0.001	0.108	0.890
0.001	0.001	0.897	0.101
>AAATCGATTTAT	20-AAATCGATTTAT	11.554407	-14.353883	0	T:36.0(17.56%),B:2685.3(7.15%),P:1e-6	Tpos:569.9,Tstd:239.6,Bpos:528.7,Bstd:397.4,StrandBias:0.0,Multiplicity:1.23
0.957	0.041	0.001	0.001
0.812	0.001	0.001	0.186
0.901	0.001	0.001	0.097
0.001	0.001	0.001	0.997
0.087	0.636	0.001	0.276
0.169	0.001	0.631	0.199
0.749	0.015	0.160	0.076
0.253	0.001	0.054	0.692
0.085	0.001	0.001	0.913
0.182	0.001	0.047	0.770
0.715	0.048	0.001	0.236
0.376	0.001	0.001	0.622
>CAGCTTTCCAGG	21-CAGCTTTCCAGG	13.927604	-11.256839	0	T:3.0(1.46%),B:6.8(0.02%),P:1e-4	Tpos:399.8,Tstd:121.0,Bpos:281.5,Bstd:207.2,StrandBias:2.3,Multiplicity:4.00
0.001	0.997	0.001	0.001
0.997	0.001	0.001	0.001
0.001	0.001	0.915	0.083
0.001	0.997	0.001	0.001
0.001	0.001	0.001	0.997
0.001	0.096	0.001	0.902
0.001	0.083	0.001	0.915
0.001	0.997	0.001	0.001
0.001	0.997	0.001	0.001
0.997	0.001	0.001	0.001
0.001	0.001	0.997	0.001
0.001	0.001	0.997	0.001
>CCAAAGTTAGGT	22-CCAAAGTTAGGT	13.593746	-11.069785	0	T:4.0(1.95%),B:24.1(0.06%),P:1e-4	Tpos:210.1,Tstd:169.0,Bpos:333.6,Bstd:289.7,StrandBias:3.3,Multiplicity:2.75
0.001	0.904	0.001	0.094
0.001	0.997	0.001	0.001
0.997	0.001	0.001	0.001
0.880	0.118	0.001	0.001
0.997	0.001	0.001	0.001
0.074	0.001	0.924	0.001
0.001	0.001	0.001	0.997
0.001	0.001	0.001	0.997
0.725	0.118	0.156	0.001
0.001	0.001	0.997	0.001
0.001	0.001	0.997	0.001
0.118	0.001	0.001	0.880
>ACTACGGTAGWH	23-ACTACGGTAGWH	10.295002	-10.756984	0	T:10.0(4.88%),B:335.7(0.89%),P:1e-4	Tpos:578.2,Tstd:246.6,Bpos:558.7,Bstd:333.1,StrandBias:0.1,Multiplicity:1.40
0.733	0.001	0.001	0.265
0.001	0.997	0.001	0.001
0.001	0.001	0.001	0.997
0.997	0.001	0.001	0.001
0.001	0.997	0.001	0.001
0.001	0.251	0.747	0.001
0.001	0.001	0.997	0.001
0.001	0.001	0.001	0.997
0.797	0.001	0.001	0.201
0.001	0.001	0.997	0.001
0.344	0.146	0.090	0.420
0.396	0.310	0.001	0.293
>AGTTACAGTGTC	24-AGTTACAGTGTC	12.355432	-5.216313	0	T:1.0(0.49%),B:0.7(0.00%),P:1e-2	Tpos:925.0,Tstd:25.5,Bpos:445.0,Bstd:0.0,StrandBias:10.0,Multiplicity:5.00
0.700	0.100	0.100	0.100
0.100	0.100	0.700	0.100
0.100	0.100	0.100	0.700
0.100	0.100	0.100	0.700
0.700	0.100	0.100	0.100
0.100	0.700	0.100	0.100
0.700	0.100	0.100	0.100
0.100	0.100	0.700	0.100
0.100	0.100	0.100	0.700
0.100	0.100	0.700	0.100
0.100	0.100	0.100	0.700
0.100	0.700	0.100	0.100
>GCTAAATATTTA	25-GCTAAATATTTA	12.093440	-3.397519	0	T:3.0(1.46%),B:126.6(0.34%),P:1e-1	Tpos:202.4,Tstd:213.8,Bpos:459.2,Bstd:369.2,StrandBias:-0.2,Multiplicity:3.33
0.053	0.073	0.873	0.001
0.115	0.883	0.001	0.001
0.001	0.001	0.001	0.997
0.997	0.001	0.001	0.001
0.889	0.001	0.001	0.109
0.997	0.001	0.001	0.001
0.001	0.001	0.001	0.997
0.997	0.001	0.001	0.001
0.001	0.001	0.001	0.997
0.001	0.001	0.001	0.997
0.001	0.001	0.001	0.997
0.997	0.001	0.001	0.001
>AATGCGCC	1-AATGCGCC	6.956888	-22.531643	0	T:75.0(36.59%),B:6691.5(17.81%),P:1e-9	Tpos:539.1,Tstd:261.9,Bpos:518.2,Bstd:348.3,StrandBias:0.1,Multiplicity:1.23
0.604	0.054	0.188	0.154
0.934	0.001	0.064	0.001
0.001	0.001	0.001	0.997
0.052	0.001	0.946	0.001
0.033	0.965	0.001	0.001
0.001	0.001	0.892	0.106
0.063	0.915	0.021	0.001
0.059	0.739	0.150	0.052
>CGACACTG	2-CGACACTG	6.820401	-19.239497	0	T:65.0(31.71%),B:5777.9(15.38%),P:1e-8	Tpos:532.6,Tstd:294.9,Bpos:506.3,Bstd:339.6,StrandBias:-0.5,Multiplicity:1.17
0.001	0.780	0.218	0.001
0.001	0.012	0.948	0.039
0.916	0.001	0.001	0.082
0.025	0.921	0.051	0.003
0.941	0.019	0.005	0.035
0.052	0.861	0.055	0.032
0.028	0.004	0.043	0.925
0.019	0.108	0.727	0.146
>WCGCGAAT	3-WCGCGAAT	7.579577	-18.286745	0	T:82.0(40.00%),B:8386.0(22.32%),P:1e-7	Tpos:467.8,Tstd:272.8,Bpos:512.6,Bstd:348.9,StrandBias:-0.2,Multiplicity:1.36
0.444	0.001	0.240	0.316
0.001	0.997	0.001	0.001
0.256	0.001	0.549	0.194
0.001	0.997	0.001	0.001
0.400	0.001	0.598	0.001
0.997	0.001	0.001	0.001
0.625	0.001	0.332	0.042
0.001	0.001	0.001	0.997
>TTAACAGC	4-TTAACAGC	8.236954	-13.761348	0	T:15.0(7.32%),B:580.1(1.54%),P:1e-5	Tpos:488.7,Tstd:226.5,Bpos:493.1,Bstd:317.7,StrandBias:-0.6,Multiplicity:1.00
0.100	0.100	0.100	0.700
0.100	0.100	0.100	0.700
0.700	0.100	0.100	0.100
0.700	0.100	0.100	0.100
0.100	0.700	0.100	0.100
0.700	0.100	0.100	0.100
0.100	0.100	0.700	0.100
0.100	0.700	0.100	0.100
>CCGTAGTT	5-CCGTAGTT	7.425357	-11.280105	0	T:19.0(9.27%),B:1099.0(2.93%),P:1e-4	Tpos:514.3,Tstd:240.0,Bpos:521.6,Bstd:331.2,StrandBias:-0.1,Multiplicity:1.21
0.001	0.997	0.001	0.001
0.001	0.997	0.001	0.001
0.001	0.001	0.997	0.001
0.001	0.001	0.001	0.997
0.997	0.001	0.001	0.001
0.001	0.001	0.997	0.001
0.001	0.030	0.001	0.968
0.129	0.001	0.001	0.869
>AATCCAGC	6-AATCCAGC	9.855299	-10.827220	0	T:28.0(13.66%),B:2145.9(5.71%),P:1e-4	Tpos:449.2,Tstd:261.0,Bpos:465.5,Bstd:339.0,StrandBias:0.7,Multiplicity:1.14
0.997	0.001	0.001	0.001
0.701	0.001	0.001	0.297
0.001	0.001	0.001	0.997
0.001	0.997	0.001	0.001
0.001	0.997	0.001	0.001
0.997	0.001	0.001	0.001
0.001	0.001	0.997	0.001
0.001	0.997	0.001	0.001
>ATCGATTT	7-ATCGATTT	7.988236	-10.335417	0	T:91.0(44.39%),B:11586.6(30.84%),P:1e-4	Tpos:545.2,Tstd:278.7,Bpos:520.7,Bstd:391.3,StrandBias:0.2,Multiplicity:1.66
0.803	0.084	0.112	0.001
0.001	0.057	0.045	0.897
0.060	0.938	0.001	0.001
0.083	0.001	0.915	0.001
0.966	0.032	0.001	0.001
0.075	0.001	0.047	0.877
0.001	0.001	0.001	0.997
0.001	0.036	0.140	0.823
>TGTTGGMG	8-TGTTGGMG	6.766241	-8.237159	0	T:81.0(39.51%),B:10528.6(28.03%),P:1e-3	Tpos:464.2,Tstd:283.4,Bpos:502.4,Bstd:338.1,StrandBias:0.1,Multiplicity:1.52
0.001	0.001	0.164	0.834
0.004	0.005	0.990	0.001
0.001	0.246	0.062	0.691
0.226	0.055	0.001	0.718
0.001	0.001	0.890	0.108
0.001	0.232	0.766	0.001
0.499	0.499	0.001	0.001
0.001	0.001	0.997	0.001
>GCCCTGGA	9-GCCCTGGA	8.180853	-6.960130	0	T:13.0(6.34%),B:851.6(2.27%),P:1e-3	Tpos:446.6,Tstd:232.3,Bpos:466.0,Bstd:333.4,StrandBias:-1.1,Multiplicity:1.69
0.001	0.001	0.997	0.001
0.001	0.997	0.001	0.001
0.001	0.997	0.001	0.001
0.137	0.861	0.001	0.001
0.001	0.001	0.001	0.997
0.001	0.070	0.928	0.001
0.001	0.001	0.918	0.080
0.997	0.001	0.001	0.001
>GTATGCTA	10-GTATGCTA	8.236954	-6.169551	0	T:7.0(3.41%),B:318.6(0.85%),P:1e-2	Tpos:258.7,Tstd:211.6,Bpos:477.5,Bstd:304.1,StrandBias:2.3,Multiplicity:1.71
0.100	0.100	0.700	0.100
0.100	0.100	0.100	0.700
0.700	0.100	0.100	0.100
0.100	0.100	0.100	0.700
0.100	0.100	0.700	0.100
0.100	0.700	0.100	0.100
0.100	0.100	0.100	0.700
0.700	0.100	0.100	0.100
