>TGGCGTATTTTT	1-TGGCGTATTTTT	12.750080	-26.696013	0	T:13.0(12.87%),B:315.0(0.79%),P:1e-11	Tpos:525.1,Tstd:245.6,Bpos:546.6,Bstd:324.9,StrandBias:-1.7,Multiplicity:1.00
0.001	0.001	0.001	0.997
0.001	0.001	0.997	0.001
0.001	0.001	0.997	0.001
0.169	0.568	0.189	0.074
0.183	0.001	0.815	0.001
0.244	0.001	0.001	0.754
0.626	0.001	0.372	0.001
0.001	0.001	0.001	0.997
0.001	0.001	0.001	0.997
0.001	0.001	0.001	0.997
0.001	0.001	0.001	0.997
0.001	0.001	0.001	0.997
>AACTCTTATCAA	2-AACTCTTATCAA	13.157423	-24.129014	0	T:9.0(8.91%),B:115.7(0.29%),P:1e-10	Tpos:589.0,Tstd:264.7,Bpos:551.2,Bstd:308.4,StrandBias:0.3,Multiplicity:1.00
0.876	0.122	0.001	0.001
0.846	0.001	0.152	0.001
0.001	0.997	0.001	0.001
0.116	0.001	0.001	0.882
0.100	0.898	0.001	0.001
0.001	0.001	0.001	0.997
0.001	0.001	0.001	0.997
0.997	0.001	0.001	0.001
0.162	0.176	0.001	0.661
0.081	0.917	0.001	0.001
0.997	0.001	0.001	0.001
0.997	0.001	0.001	0.001
>GACAGCTTGAAT	3-GACAGCTTGAAT	13.641947	-23.976929	0	T:6.0(5.94%),B:20.0(0.05%),P:1e-10	Tpos:553.7,Tstd:365.3,Bpos:607.2,Bstd:271.0,StrandBias:-2.3,Multiplicity:1.00
0.001	0.001	0.997	0.001
0.591	0.407	0.001	0.001
0.001	0.997	0.001	0.001
0.997	0.001	0.001	0.001
0.001	0.407	0.591	0.001
0.195	0.803	0.001	0.001
0.001	0.001	0.001	0.997
0.001	0.001	0.001	0.997
0.001	0.001	0.997	0.001
0.815	0.001	0.001	0.183
0.997	0.001	0.001	0.001
0.001	0.001	0.001	0.997
>TGATTACAAGTT	4-TGATTACAAGTT	13.743103	-22.162225	0	T:7.0(6.93%),B:55.7(0.14%),P:1e-9	Tpos:269.3,Tstd:248.7,Bpos:360.2,Bstd:263.5,StrandBias:0.4,Multiplicity:1.00
0.001	0.001	0.001	0.997
0.001	0.001	0.997	0.001
0.997	0.001	0.001	0.001
0.142	0.001	0.001	0.856
0.001	0.001	0.001	0.997
0.997	0.001	0.001	0.001
0.001	0.997	0.001	0.001
0.997	0.001	0.001	0.001
0.817	0.001	0.001	0.181
0.001	0.134	0.864	0.001
0.219	0.001	0.174	0.606
0.001	0.001	0.001	0.997
>TACATATTCTCC	5-TACATATTCTCC	13.980506	-21.932737	0	T:7.0(6.93%),B:57.4(0.14%),P:1e-9	Tpos:641.4,Tstd:226.1,Bpos:556.7,Bstd:342.8,StrandBias:0.4,Multiplicity:1.00
0.001	0.001	0.001	0.997
0.817	0.001	0.181	0.001
0.001	0.997	0.001	0.001
0.997	0.001	0.001	0.001
0.001	0.155	0.001	0.843
0.997	0.001	0.001	0.001
0.001	0.001	0.001	0.997
0.001	0.001	0.001	0.997
0.001	0.997	0.001	0.001
0.001	0.188	0.001	0.810
0.001	0.702	0.145	0.152
0.001	0.997	0.001	0.001
>CGTGTTGGATAA	6-CGTGTTGGATAA	14.318994	-21.287038	0	T:5.0(4.95%),B:13.0(0.03%),P:1e-9	Tpos:457.4,Tstd:353.0,Bpos:459.4,Bstd:334.5,StrandBias:-2.0,Multiplicity:1.00
0.001	0.792	0.206	0.001
0.001	0.001	0.997	0.001
0.001	0.001	0.001	0.997
0.001	0.206	0.792	0.001
0.001	0.001	0.001	0.997
0.001	0.001	0.001	0.997
0.001	0.001	0.997	0.001
0.171	0.001	0.621	0.207
0.997	0.001	0.001	0.001
0.001	0.001	0.001	0.997
0.997	0.001	0.001	0.001
0.997	0.001	0.001	0.001
>TTCGTGTACTGG	7-TTCGTGTACTGG	14.458475	-20.104646	0	T:5.0(4.95%),B:16.8(0.04%),P:1e-8	Tpos:279.2,Tstd:246.3,Bpos:457.6,Bstd:323.0,StrandBias:0.6,Multiplicity:1.00
0.001	0.001	0.001	0.997
0.001	0.001	0.001	0.997
0.001	0.743	0.255	0.001
0.001	0.001	0.997	0.001
0.001	0.001	0.001	0.997
0.001	0.001	0.997	0.001
0.001	0.001	0.001	0.997
0.997	0.001	0.001	0.001
0.001	0.997	0.001	0.001
0.001	0.001	0.001	0.997
0.001	0.001	0.787	0.211
0.001	0.001	0.743	0.255
>ATTTGTTGGTAT	8-ATTTGTTGGTAT	13.613734	-19.275857	0	T:8.0(7.92%),B:139.3(0.35%),P:1e-8	Tpos:565.1,Tstd:290.6,Bpos:489.3,Bstd:307.5,StrandBias:0.7,Multiplicity:1.00
0.887	0.001	0.001	0.111
0.001	0.001	0.001	0.997
0.001	0.001	0.001	0.997
0.001	0.001	0.001	0.997
0.114	0.001	0.884	0.001
0.001	0.140	0.001	0.858
0.161	0.001	0.001	0.837
0.137	0.001	0.861	0.001
0.114	0.001	0.884	0.001
0.001	0.001	0.001	0.997
0.922	0.001	0.001	0.076
0.001	0.001	0.001	0.997
>TCAATGATCCTG	9-TCAATGATCCTG	13.959340	-18.828940	0	T:6.0(5.94%),B:50.2(0.13%),P:1e-8	Tpos:220.7,Tstd:156.2,Bpos:442.2,Bstd:291.0,StrandBias:-2.3,Multiplicity:1.00
0.001	0.001	0.001	0.997
0.001	0.997	0.001	0.001
0.997	0.001	0.001	0.001
0.997	0.001	0.001	0.001
0.001	0.001	0.001	0.997
0.001	0.001	0.997	0.001
0.804	0.194	0.001	0.001
0.210	0.001	0.001	0.788
0.001	0.843	0.001	0.155
0.001	0.730	0.137	0.132
0.001	0.001	0.001	0.997
0.001	0.001	0.997	0.001
>TTGCAGAATTTC	10-TTGCAGAATTTC	13.274006	-18.764552	0	T:9.0(8.91%),B:218.4(0.55%),P:1e-8	Tpos:556.3,Tstd:238.9,Bpos:512.6,Bstd:315.3,StrandBias:1.8,Multiplicity:1.00
0.001	0.001	0.001	0.997
0.001	0.141	0.001	0.857
0.001	0.001	0.997	0.001
0.001	0.883	0.115	0.001
0.997	0.001	0.001	0.001
0.253	0.001	0.745	0.001
0.836	0.001	0.162	0.001
0.930	0.001	0.001	0.068
0.086	0.001	0.001	0.912
0.001	0.001	0.001	0.997
0.001	0.001	0.001	0.997
0.001	0.934	0.001	0.064
>GGAAGCAGCTGA	11-GGAAGCAGCTGA	13.969511	-18.543905	0	T:5.0(4.95%),B:23.9(0.06%),P:1e-8	Tpos:643.2,Tstd:282.6,Bpos:421.6,Bstd:299.6,StrandBias:-2.0,Multiplicity:1.00
0.001	0.001	0.997	0.001
0.001	0.001	0.997	0.001
0.997	0.001	0.001	0.001
0.997	0.001	0.001	0.001
0.001	0.001	0.997	0.001
0.096	0.702	0.201	0.001
0.613	0.001	0.185	0.201
0.166	0.001	0.832	0.001
0.001	0.997	0.001	0.001
0.001	0.001	0.001	0.997
0.001	0.001	0.997	0.001
0.997	0.001	0.001	0.001
>TTTTGTGAACGT	12-TTTTGTGAACGT	13.413615	-18.320294	0	T:8.0(7.92%),B:158.6(0.40%),P:1e-7	Tpos:486.8,Tstd:229.5,Bpos:492.2,Bstd:322.3,StrandBias:-1.0,Multiplicity:1.12
0.001	0.001	0.001	0.997
0.001	0.001	0.001	0.997
0.001	0.001	0.001	0.997
0.001	0.001	0.001	0.997
0.001	0.001	0.901	0.097
0.001	0.001	0.001	0.997
0.140	0.001	0.858	0.001
0.791	0.001	0.001	0.207
0.997	0.001	0.001	0.001
0.001	0.740	0.146	0.113
0.001	0.001	0.997	0.001
0.162	0.001	0.001	0.836
>GTTCTGCTCATT	13-GTTCTGCTCATT	13.345879	-18.284353	0	T:7.0(6.93%),B:100.6(0.25%),P:1e-7	Tpos:300.0,Tstd:254.8,Bpos:496.1,Bstd:332.0,StrandBias:0.4,Multiplicity:1.00
0.101	0.001	0.813	0.085
0.001	0.001	0.001	0.997
0.158	0.191	0.001	0.650
0.001	0.997	0.001	0.001
0.001	0.001	0.001	0.997
0.001	0.001	0.997	0.001
0.001	0.997	0.001	0.001
0.001	0.001	0.001	0.997
0.001	0.997	0.001	0.001
0.693	0.191	0.115	0.001
0.001	0.001	0.001	0.997
0.001	0.001	0.001	0.997
>TCTGMGYGGCTC	14-TCTGMGYGGCTC	10.336734	-18.176354	0	T:5.0(4.95%),B:25.8(0.06%),P:1e-7	Tpos:428.8,Tstd:124.8,Bpos:417.9,Bstd:318.8,StrandBias:1.0,Multiplicity:1.20
0.001	0.001	0.410	0.588
0.001	0.997	0.001	0.001
0.023	0.001	0.001	0.975
0.001	0.001	0.997	0.001
0.496	0.480	0.024	0.001
0.001	0.001	0.997	0.001
0.001	0.503	0.001	0.495
0.001	0.001	0.975	0.023
0.001	0.001	0.997	0.001
0.001	0.997	0.001	0.001
0.001	0.001	0.410	0.588
0.001	0.997	0.001	0.001
>ATTACATCGCTT	15-ATTACATCGCTT	10.540419	-17.764775	0	T:12.0(11.88%),B:546.2(1.37%),P:1e-7	Tpos:590.8,Tstd:324.7,Bpos:508.9,Bstd:295.0,StrandBias:0.0,Multiplicity:1.00
0.705	0.182	0.001	0.112
0.001	0.001	0.001	0.997
0.118	0.001	0.001	0.880
0.668	0.001	0.128	0.203
0.119	0.768	0.001	0.112
0.764	0.001	0.123	0.112
0.001	0.001	0.181	0.817
0.001	0.694	0.001	0.304
0.001	0.192	0.806	0.001
0.013	0.985	0.001	0.001
0.001	0.001	0.001	0.997
0.001	0.001	0.001	0.997
>TATGTAACATAT	16-TATGTAACATAT	10.745271	-17.118635	0	T:12.0(11.88%),B:580.9(1.46%),P:1e-7	Tpos:403.3,Tstd:233.2,Bpos:509.0,Bstd:297.5,StrandBias:0.8,Multiplicity:1.08
0.115	0.001	0.191	0.693
0.775	0.059	0.049	0.117
0.001	0.001	0.001	0.997
0.099	0.118	0.737	0.046
0.049	0.063	0.182	0.706
0.950	0.001	0.001	0.048
0.811	0.059	0.001	0.129
0.002	0.788	0.140	0.070
0.997	0.001	0.001	0.001
0.045	0.001	0.068	0.886
0.743	0.103	0.001	0.153
0.069	0.001	0.001	0.929
>CTGTCGACAGAT	17-CTGTCGACAGAT	14.333519	-15.666810	0	T:3.0(2.97%),B:2.5(0.01%),P:1e-6	Tpos:394.5,Tstd:105.2,Bpos:575.5,Bstd:299.8,StrandBias:0.0,Multiplicity:1.00
0.001	0.997	0.001	0.001
0.001	0.001	0.001	0.997
0.001	0.209	0.789	0.001
0.001	0.001	0.001	0.997
0.001	0.997	0.001	0.001
0.001	0.001	0.997	0.001
0.997	0.001	0.001	0.001
0.001	0.997	0.001	0.001
0.997	0.001	0.001	0.001
0.001	0.001	0.997	0.001
0.813	0.001	0.001	0.185
0.209	0.001	0.185	0.605
>CCTGGTGCTCYG	18-CCTGGTGCTCYG	9.960877	-15.471146	0	T:8.0(7.92%),B:232.5(0.58%),P:1e-6	Tpos:384.6,Tstd:213.2,Bpos:482.7,Bstd:304.0,StrandBias:-0.6,Multiplicity:1.25
0.001	0.997	0.001	0.001
0.111	0.752	0.001	0.136
0.001	0.001	0.001	0.997
0.001	0.001	0.879	0.119
0.001	0.351	0.647	0.001
0.001	0.001	0.081	0.917
0.391	0.001	0.607	0.001
0.001	0.997	0.001	0.001
0.001	0.136	0.256	0.607
0.001	0.727	0.001	0.271
0.247	0.345	0.001	0.407
0.001	0.255	0.743	0.001
>ATCACTTGTCCG	19-ATCACTTGTCCG	11.354478	-15.439461	0	T:8.0(7.92%),B:233.0(0.59%),P:1e-6	Tpos:461.4,Tstd:274.9,Bpos:518.8,Bstd:285.4,StrandBias:1.0,Multiplicity:1.12
0.826	0.001	0.001	0.172
0.001	0.001	0.001	0.997
0.186	0.812	0.001	0.001
0.812	0.186	0.001	0.001
0.289	0.698	0.006	0.007
0.001	0.001	0.001	0.997
0.001	0.001	0.001	0.997
0.001	0.327	0.565	0.107
0.001	0.162	0.001	0.836
0.001	0.997	0.001	0.001
0.001	0.812	0.186	0.001
0.154	0.001	0.673	0.172
>CCCCCCTCTCTC	20-CCCCCCTCTCTC	10.967334	-14.995045	0	T:9.0(8.91%),B:344.5(0.87%),P:1e-6	Tpos:604.9,Tstd:294.7,Bpos:565.7,Bstd:337.1,StrandBias:1.0,Multiplicity:1.00
0.001	0.895	0.001	0.103
0.001	0.764	0.118	0.117
0.143	0.798	0.001	0.058
0.001	0.997	0.001	0.001
0.126	0.680	0.155	0.039
0.001	0.940	0.001	0.058
0.073	0.115	0.001	0.811
0.001	0.856	0.001	0.142
0.001	0.123	0.091	0.785
0.001	0.916	0.001	0.082
0.118	0.144	0.001	0.737
0.001	0.833	0.001	0.165
>ATTTGTTTTGTG	21-ATTTGTTTTGTG	12.697456	-14.648503	0	T:11.0(10.89%),B:597.3(1.50%),P:1e-6	Tpos:451.2,Tstd:267.0,Bpos:510.5,Bstd:304.0,StrandBias:0.2,Multiplicity:1.18
0.804	0.128	0.001	0.067
0.001	0.118	0.001	0.880
0.001	0.001	0.001	0.997
0.001	0.001	0.001	0.997
0.084	0.001	0.826	0.089
0.001	0.001	0.001	0.997
0.113	0.001	0.001	0.885
0.125	0.001	0.001	0.873
0.001	0.139	0.001	0.859
0.001	0.001	0.997	0.001
0.001	0.001	0.001	0.997
0.001	0.001	0.947	0.051
>TAGCTATAAAAT	22-TAGCTATAAAAT	13.499695	-14.439491	0	T:8.0(7.92%),B:267.0(0.67%),P:1e-6	Tpos:626.7,Tstd:228.9,Bpos:512.6,Bstd:299.4,StrandBias:-0.3,Multiplicity:1.12
0.001	0.001	0.001	0.997
0.898	0.001	0.001	0.100
0.091	0.116	0.705	0.088
0.001	0.878	0.001	0.120
0.096	0.001	0.001	0.902
0.997	0.001	0.001	0.001
0.090	0.001	0.114	0.795
0.997	0.001	0.001	0.001
0.997	0.001	0.001	0.001
0.997	0.001	0.001	0.001
0.997	0.001	0.001	0.001
0.001	0.001	0.001	0.997
>AATAATTCATTT	23-AATAATTCATTT	10.791409	-13.303220	0	T:24.0(23.76%),B:3252.1(8.17%),P:1e-5	Tpos:551.0,Tstd:299.0,Bpos:511.9,Bstd:298.5,StrandBias:0.1,Multiplicity:1.17
0.997	0.001	0.001	0.001
0.823	0.056	0.082	0.039
0.003	0.083	0.051	0.863
0.645	0.001	0.353	0.001
0.819	0.082	0.002	0.097
0.174	0.241	0.153	0.432
0.164	0.001	0.104	0.731
0.343	0.619	0.037	0.001
0.890	0.001	0.001	0.108
0.001	0.066	0.001	0.932
0.001	0.001	0.001	0.997
0.101	0.002	0.061	0.836
>KCGACCTAGGTC	24-KCGACCTAGGTC	11.365961	-10.144818	0	T:3.0(2.97%),B:23.1(0.06%),P:1e-4	Tpos:615.8,Tstd:292.1,Bpos:532.7,Bstd:263.9,StrandBias:-0.3,Multiplicity:2.00
0.111	0.001	0.510	0.378
0.001	0.899	0.001	0.099
0.001	0.001	0.997	0.001
0.997	0.001	0.001	0.001
0.001	0.632	0.001	0.366
0.135	0.863	0.001	0.001
0.001	0.001	0.001	0.997
0.997	0.001	0.001	0.001
0.001	0.001	0.879	0.119
0.355	0.001	0.643	0.001
0.001	0.001	0.001	0.997
0.001	0.997	0.001	0.001
>GCRCTGCTAAAM	25-GCRCTGCTAAAM	13.350275	-7.940779	0	T:3.0(2.97%),B:51.3(0.13%),P:1e-3	Tpos:345.0,Tstd:300.6,Bpos:451.4,Bstd:346.7,StrandBias:-10.0,Multiplicity:1.67
0.001	0.001	0.997	0.001
0.028	0.970	0.001	0.001
0.496	0.001	0.502	0.001
0.001	0.997	0.001	0.001
0.001	0.001	0.001	0.997
0.001	0.001	0.997	0.001
0.001	0.997	0.001	0.001
0.001	0.001	0.390	0.608
0.997	0.001	0.001	0.001
0.582	0.001	0.416	0.001
0.961	0.001	0.037	0.001
0.496	0.502	0.001	0.001
