>ATACGCCA	1-ATACGCCA	6.706400	-18.002422	0	T:36.0(35.64%),B:5340.3(13.42%),P:1e-7	Tpos:572.5,Tstd:258.0,Bpos:499.8,Bstd:305.4,StrandBias:0.3,Multiplicity:1.19
0.949	0.001	0.031	0.019
0.097	0.094	0.019	0.790
0.935	0.014	0.001	0.050
0.107	0.891	0.001	0.001
0.021	0.103	0.688	0.188
0.033	0.887	0.016	0.064
0.001	0.944	0.031	0.024
0.932	0.066	0.001	0.001
>TATTATTC	2-TATTATTC	8.599114	-12.840848	0	T:42.0(41.58%),B:8382.3(21.07%),P:1e-5	Tpos:465.0,Tstd:300.1,Bpos:506.9,Bstd:295.8,StrandBias:0.4,Multiplicity:1.21
0.001	0.001	0.001	0.997
0.997	0.001	0.001	0.001
0.218	0.001	0.001	0.780
0.001	0.001	0.001	0.997
0.829	0.001	0.169	0.001
0.001	0.001	0.001	0.997
0.001	0.001	0.130	0.868
0.001	0.997	0.001	0.001
>GGCGCTGC	3-GGCGCTGC	7.406158	-12.314091	0	T:15.0(14.85%),B:1456.2(3.66%),P:1e-5	Tpos:360.3,Tstd:282.5,Bpos:457.9,Bstd:318.9,StrandBias:-1.0,Multiplicity:1.40
0.001	0.001	0.997	0.001
0.001	0.001	0.997	0.001
0.118	0.880	0.001	0.001
0.040	0.001	0.920	0.039
0.001	0.997	0.001	0.001
0.049	0.001	0.001	0.949
0.001	0.001	0.997	0.001
0.001	0.761	0.001	0.237
>TCTGTCGA	4-TCTGTCGA	10.853651	-7.905567	0	T:8.0(7.92%),B:679.2(1.71%),P:1e-3	Tpos:402.9,Tstd:193.8,Bpos:512.3,Bstd:307.8,StrandBias:1.0,Multiplicity:1.00
0.001	0.001	0.001	0.997
0.001	0.997	0.001	0.001
0.001	0.001	0.001	0.997
0.001	0.001	0.997	0.001
0.001	0.001	0.001	0.997
0.001	0.997	0.001	0.001
0.001	0.001	0.806	0.192
0.997	0.001	0.001	0.001
>CTAGGTCG	5-CTAGGTCG	8.236954	-2.560200	0	T:2.0(1.98%),B:179.7(0.45%),P:1e-1	Tpos:522.0,Tstd:276.5,Bpos:477.2,Bstd:316.4,StrandBias:0.5,Multiplicity:6.00
0.100	0.700	0.100	0.100
0.100	0.100	0.100	0.700
0.700	0.100	0.100	0.100
0.100	0.100	0.700	0.100
0.100	0.100	0.700	0.100
0.100	0.100	0.100	0.700
0.100	0.700	0.100	0.100
0.100	0.100	0.700	0.100
