>ACGTTCACAA	1-ACGTTCACAA	9.737866	-20.581088	0	T:17.0(16.83%),B:1028.9(2.59%),P:1e-8	Tpos:430.1,Tstd:281.7,Bpos:504.0,Bstd:297.7,StrandBias:1.4,Multiplicity:1.06
0.850	0.001	0.001	0.148
0.001	0.997	0.001	0.001
0.044	0.142	0.813	0.001
0.001	0.001	0.001	0.997
0.001	0.001	0.001	0.997
0.001	0.868	0.001	0.130
0.972	0.026	0.001	0.001
0.154	0.677	0.001	0.168
0.997	0.001	0.001	0.001
0.831	0.001	0.001	0.167
>CCAGAAGAAC	2-CCAGAAGAAC	8.940906	-18.987687	0	T:19.0(18.81%),B:1467.4(3.69%),P:1e-8	Tpos:451.8,Tstd:267.1,Bpos:489.8,Bstd:303.0,StrandBias:0.3,Multiplicity:1.05
0.058	0.940	0.001	0.001
0.001	0.997	0.001	0.001
0.843	0.049	0.001	0.107
0.062	0.090	0.847	0.001
0.997	0.001	0.001	0.001
0.783	0.001	0.127	0.089
0.029	0.075	0.819	0.077
0.997	0.001	0.001	0.001
0.997	0.001	0.001	0.001
0.045	0.832	0.060	0.063
>TGTCGACAGA	3-TGTCGACAGA	10.614799	-17.161753	0	T:10.0(9.90%),B:357.3(0.90%),P:1e-7	Tpos:442.7,Tstd:193.8,Bpos:493.9,Bstd:317.2,StrandBias:-0.3,Multiplicity:1.00
0.001	0.107	0.001	0.891
0.086	0.091	0.822	0.001
0.001	0.001	0.001	0.997
0.001	0.997	0.001	0.001
0.078	0.001	0.920	0.001
0.997	0.001	0.001	0.001
0.070	0.741	0.097	0.092
0.909	0.001	0.001	0.089
0.001	0.001	0.997	0.001
0.917	0.001	0.001	0.081
>TACCTATAAA	4-TACCTATAAA	9.317088	-16.012585	0	T:21.0(20.79%),B:2165.5(5.44%),P:1e-6	Tpos:632.6,Tstd:229.3,Bpos:512.2,Bstd:308.2,StrandBias:-0.7,Multiplicity:1.14
0.027	0.054	0.001	0.918
0.950	0.001	0.048	0.001
0.071	0.846	0.050	0.033
0.019	0.945	0.001	0.035
0.082	0.001	0.055	0.862
0.951	0.001	0.047	0.001
0.025	0.048	0.045	0.882
0.936	0.001	0.001	0.062
0.919	0.079	0.001	0.001
0.832	0.082	0.085	0.001
>AAGCAAGAAC	5-AAGCAAGAAC	9.954804	-15.872491	0	T:14.0(13.86%),B:935.8(2.35%),P:1e-6	Tpos:532.1,Tstd:339.0,Bpos:507.3,Bstd:299.7,StrandBias:0.2,Multiplicity:1.07
0.844	0.001	0.154	0.001
0.800	0.001	0.198	0.001
0.061	0.001	0.937	0.001
0.072	0.783	0.001	0.144
0.997	0.001	0.001	0.001
0.632	0.001	0.001	0.366
0.001	0.001	0.997	0.001
0.997	0.001	0.001	0.001
0.997	0.001	0.001	0.001
0.001	0.997	0.001	0.001
>GAGCAGCGCC	6-GAGCAGCGCC	9.527439	-15.100029	0	T:8.0(7.92%),B:244.8(0.62%),P:1e-6	Tpos:390.8,Tstd:288.7,Bpos:402.7,Bstd:319.3,StrandBias:0.2,Multiplicity:1.62
0.090	0.001	0.721	0.188
0.868	0.130	0.001	0.001
0.001	0.001	0.997	0.001
0.001	0.997	0.001	0.001
0.862	0.001	0.001	0.136
0.001	0.001	0.997	0.001
0.001	0.879	0.001	0.119
0.001	0.001	0.908	0.090
0.001	0.997	0.001	0.001
0.126	0.872	0.001	0.001
>SATTTCAGAT	7-SATTTCAGAT	9.673930	-14.880643	0	T:13.0(12.87%),B:862.1(2.17%),P:1e-6	Tpos:558.7,Tstd:213.5,Bpos:499.9,Bstd:309.9,StrandBias:0.8,Multiplicity:1.08
0.001	0.557	0.441	0.001
0.997	0.001	0.001	0.001
0.001	0.001	0.001	0.997
0.001	0.001	0.001	0.997
0.041	0.001	0.001	0.957
0.320	0.678	0.001	0.001
0.997	0.001	0.001	0.001
0.001	0.001	0.997	0.001
0.997	0.001	0.001	0.001
0.001	0.001	0.001	0.997
>ATATCAAAGT	8-ATATCAAAGT	10.778307	-14.115836	0	T:11.0(10.89%),B:631.3(1.59%),P:1e-6	Tpos:500.5,Tstd:232.2,Bpos:506.0,Bstd:282.6,StrandBias:0.5,Multiplicity:1.09
0.997	0.001	0.001	0.001
0.001	0.001	0.001	0.997
0.997	0.001	0.001	0.001
0.001	0.001	0.001	0.997
0.001	0.997	0.001	0.001
0.895	0.103	0.001	0.001
0.997	0.001	0.001	0.001
0.870	0.128	0.001	0.001
0.001	0.001	0.997	0.001
0.060	0.098	0.001	0.841
>CCCCCTCTCT	9-CCCCCTCTCT	9.916831	-13.520532	0	T:14.0(13.86%),B:1142.4(2.87%),P:1e-5	Tpos:650.7,Tstd:239.1,Bpos:549.9,Bstd:324.2,StrandBias:1.4,Multiplicity:1.00
0.001	0.931	0.001	0.067
0.081	0.917	0.001	0.001
0.071	0.879	0.001	0.049
0.001	0.838	0.081	0.080
0.001	0.948	0.001	0.050
0.001	0.061	0.001	0.937
0.001	0.872	0.126	0.001
0.001	0.001	0.141	0.857
0.001	0.942	0.001	0.056
0.001	0.066	0.001	0.932
>TCACCATCAT	10-TCACCATCAT	9.774297	-12.191441	0	T:16.0(15.84%),B:1667.3(4.19%),P:1e-5	Tpos:507.2,Tstd:280.4,Bpos:511.7,Bstd:300.5,StrandBias:1.8,Multiplicity:1.19
0.001	0.001	0.001	0.997
0.001	0.997	0.001	0.001
0.874	0.079	0.001	0.046
0.037	0.757	0.001	0.205
0.001	0.997	0.001	0.001
0.822	0.088	0.089	0.001
0.051	0.001	0.001	0.947
0.001	0.939	0.001	0.059
0.754	0.103	0.087	0.056
0.049	0.001	0.001	0.949
>TTAAACTTGT	11-TTAAACTTGT	13.444340	-10.471532	0	T:6.0(5.94%),B:225.5(0.57%),P:1e-4	Tpos:475.8,Tstd:283.7,Bpos:513.3,Bstd:303.8,StrandBias:0.0,Multiplicity:1.00
0.001	0.001	0.001	0.997
0.001	0.001	0.001	0.997
0.997	0.001	0.001	0.001
0.997	0.001	0.001	0.001
0.997	0.001	0.001	0.001
0.001	0.997	0.001	0.001
0.001	0.001	0.001	0.997
0.001	0.001	0.001	0.997
0.001	0.001	0.676	0.322
0.001	0.001	0.001	0.997
>AGACTCTTAT	12-AGACTCTTAT	8.350283	-8.470658	0	T:14.0(13.86%),B:1814.2(4.56%),P:1e-3	Tpos:572.8,Tstd:338.7,Bpos:517.4,Bstd:293.5,StrandBias:0.2,Multiplicity:1.07
0.700	0.100	0.100	0.100
0.100	0.100	0.700	0.100
0.700	0.100	0.100	0.100
0.100	0.700	0.100	0.100
0.100	0.100	0.100	0.700
0.100	0.700	0.100	0.100
0.100	0.100	0.100	0.700
0.100	0.100	0.100	0.700
0.700	0.100	0.100	0.100
0.100	0.100	0.100	0.700
>AAGAAGAGGA	13-AAGAAGAGGA	9.737559	-7.991944	0	T:17.0(16.83%),B:2629.0(6.61%),P:1e-3	Tpos:540.6,Tstd:258.3,Bpos:549.5,Bstd:312.8,StrandBias:-1.2,Multiplicity:1.53
0.912	0.001	0.086	0.001
0.928	0.001	0.037	0.034
0.001	0.112	0.886	0.001
0.997	0.001	0.001	0.001
0.856	0.072	0.032	0.040
0.001	0.063	0.935	0.001
0.824	0.001	0.001	0.174
0.167	0.023	0.793	0.017
0.011	0.001	0.987	0.001
0.896	0.001	0.053	0.050
>AAACGGGGTT	14-AAACGGGGTT	8.350283	-7.590885	0	T:13.0(12.87%),B:1747.4(4.39%),P:1e-3	Tpos:453.9,Tstd:220.5,Bpos:519.2,Bstd:303.1,StrandBias:-1.0,Multiplicity:1.15
0.700	0.100	0.100	0.100
0.700	0.100	0.100	0.100
0.700	0.100	0.100	0.100
0.100	0.700	0.100	0.100
0.100	0.100	0.700	0.100
0.100	0.100	0.700	0.100
0.100	0.100	0.700	0.100
0.100	0.100	0.700	0.100
0.100	0.100	0.100	0.700
0.100	0.100	0.100	0.700
>CGWYCTAGCT	15-CGWYCTAGCT	11.578937	-7.220494	0	T:3.0(2.97%),B:66.4(0.17%),P:1e-3	Tpos:486.8,Tstd:329.6,Bpos:424.9,Bstd:288.3,StrandBias:0.0,Multiplicity:1.33
0.001	0.997	0.001	0.001
0.001	0.001	0.997	0.001
0.532	0.001	0.001	0.466
0.001	0.527	0.001	0.471
0.001	0.997	0.001	0.001
0.001	0.001	0.001	0.997
0.997	0.001	0.001	0.001
0.001	0.001	0.997	0.001
0.001	0.966	0.032	0.001
0.001	0.001	0.383	0.615
>GCGACCTAGG	16-GCGACCTAGG	10.919683	-7.178523	0	T:3.0(2.97%),B:67.2(0.17%),P:1e-3	Tpos:545.3,Tstd:198.7,Bpos:516.6,Bstd:279.9,StrandBias:1.0,Multiplicity:2.33
0.001	0.001	0.830	0.168
0.001	0.997	0.001	0.001
0.001	0.001	0.997	0.001
0.997	0.001	0.001	0.001
0.155	0.843	0.001	0.001
0.001	0.997	0.001	0.001
0.001	0.001	0.001	0.997
0.997	0.001	0.001	0.001
0.001	0.090	0.908	0.001
0.146	0.001	0.852	0.001
