>TTCTGAGTTC	1-TTCTGAGTTC	10.328169	-17.131413	0	T:13.0(26.00%),B:1499.0(3.82%),P:1e-7	Tpos:522.2,Tstd:222.2,Bpos:500.3,Bstd:307.9,StrandBias:0.6,Multiplicity:1.15
0.124	0.001	0.001	0.874
0.001	0.001	0.001	0.997
0.001	0.873	0.090	0.036
0.066	0.103	0.001	0.830
0.001	0.083	0.915	0.001
0.997	0.001	0.001	0.001
0.001	0.001	0.902	0.096
0.106	0.092	0.001	0.801
0.001	0.001	0.001	0.997
0.001	0.884	0.001	0.114
>TCACATGTCG	2-TCACATGTCG	10.099900	-16.001882	0	T:8.0(16.00%),B:450.4(1.15%),P:1e-6	Tpos:553.5,Tstd:313.3,Bpos:523.1,Bstd:295.9,StrandBias:-0.6,Multiplicity:1.25
0.001	0.001	0.001	0.997
0.001	0.997	0.001	0.001
0.516	0.001	0.241	0.242
0.001	0.770	0.001	0.228
0.787	0.001	0.001	0.211
0.020	0.001	0.001	0.978
0.001	0.001	0.997	0.001
0.242	0.264	0.001	0.493
0.001	0.997	0.001	0.001
0.291	0.001	0.707	0.001
>ATTTAGTTTC	3-ATTTAGTTTC	9.643943	-13.884945	0	T:14.0(28.00%),B:2348.1(5.98%),P:1e-6	Tpos:604.6,Tstd:327.0,Bpos:500.1,Bstd:310.9,StrandBias:1.1,Multiplicity:1.14
0.564	0.281	0.132	0.023
0.001	0.001	0.297	0.701
0.138	0.001	0.001	0.860
0.001	0.001	0.001	0.997
0.914	0.001	0.074	0.011
0.001	0.069	0.929	0.001
0.103	0.001	0.001	0.895
0.001	0.143	0.001	0.855
0.001	0.001	0.001	0.997
0.068	0.864	0.067	0.001
>TTATCATCTT	4-TTATCATCTT	9.631155	-13.091887	0	T:18.0(36.00%),B:4195.2(10.69%),P:1e-5	Tpos:661.1,Tstd:255.7,Bpos:524.4,Bstd:317.3,StrandBias:-0.2,Multiplicity:1.33
0.057	0.085	0.001	0.857
0.001	0.044	0.065	0.890
0.959	0.039	0.001	0.001
0.001	0.001	0.001	0.997
0.001	0.952	0.001	0.046
0.877	0.001	0.001	0.121
0.001	0.001	0.062	0.936
0.035	0.847	0.047	0.071
0.103	0.001	0.096	0.800
0.001	0.073	0.001	0.925
>GCATTGACCA	5-GCATTGACCA	6.765632	-11.778738	0	T:9.0(18.00%),B:1067.7(2.72%),P:1e-5	Tpos:572.2,Tstd:184.3,Bpos:504.0,Bstd:305.8,StrandBias:0.5,Multiplicity:1.50
0.001	0.218	0.780	0.001
0.001	0.997	0.001	0.001
0.755	0.243	0.001	0.001
0.001	0.068	0.001	0.930
0.001	0.001	0.001	0.997
0.037	0.001	0.961	0.001
0.996	0.001	0.002	0.001
0.001	0.799	0.199	0.001
0.001	0.997	0.001	0.001
0.708	0.001	0.001	0.290
>AACWATCCCC	6-AACWATCCCC	9.776513	-8.435941	0	T:5.0(10.00%),B:425.6(1.08%),P:1e-3	Tpos:513.1,Tstd:211.0,Bpos:483.0,Bstd:318.4,StrandBias:-0.4,Multiplicity:1.40
0.997	0.001	0.001	0.001
0.735	0.001	0.001	0.263
0.102	0.777	0.120	0.001
0.502	0.001	0.001	0.496
0.997	0.001	0.001	0.001
0.001	0.134	0.265	0.600
0.001	0.654	0.344	0.001
0.001	0.997	0.001	0.001
0.001	0.997	0.001	0.001
0.195	0.803	0.001	0.001
>GTGCAATTTG	7-GTGCAATTTG	11.305649	-7.164217	0	T:7.0(14.00%),B:1193.9(3.04%),P:1e-3	Tpos:289.6,Tstd:258.4,Bpos:500.5,Bstd:323.3,StrandBias:-0.6,Multiplicity:1.50
0.001	0.001	0.688	0.310
0.001	0.001	0.001	0.997
0.001	0.001	0.997	0.001
0.001	0.763	0.235	0.001
0.997	0.001	0.001	0.001
0.797	0.001	0.001	0.201
0.250	0.001	0.001	0.748
0.001	0.001	0.001	0.997
0.001	0.001	0.001	0.997
0.001	0.001	0.997	0.001
>CAATGCCAGC	8-CAATGCCAGC	12.472038	-4.742167	0	T:2.0(4.00%),B:108.7(0.28%),P:1e-2	Tpos:331.7,Tstd:251.5,Bpos:464.0,Bstd:256.7,StrandBias:-2.3,Multiplicity:3.00
0.001	0.997	0.001	0.001
0.997	0.001	0.001	0.001
0.817	0.001	0.181	0.001
0.001	0.001	0.001	0.997
0.001	0.001	0.997	0.001
0.001	0.997	0.001	0.001
0.001	0.997	0.001	0.001
0.997	0.001	0.001	0.001
0.312	0.001	0.686	0.001
0.001	0.997	0.001	0.001
>ATATCATTGAGA	1-ATATCATTGAGA	13.933037	-22.172377	0	T:7.0(14.00%),B:117.9(0.30%),P:1e-9	Tpos:330.1,Tstd:297.6,Bpos:526.0,Bstd:290.9,StrandBias:-1.3,Multiplicity:1.00
0.997	0.001	0.001	0.001
0.157	0.001	0.001	0.841
0.854	0.001	0.001	0.144
0.001	0.001	0.001	0.997
0.164	0.834	0.001	0.001
0.997	0.001	0.001	0.001
0.001	0.192	0.001	0.806
0.001	0.001	0.001	0.997
0.001	0.001	0.841	0.157
0.997	0.001	0.001	0.001
0.001	0.001	0.997	0.001
0.997	0.001	0.001	0.001
>ACAATTATCATC	2-ACAATTATCATC	13.938017	-21.680300	0	T:6.0(12.00%),B:64.4(0.16%),P:1e-9	Tpos:631.2,Tstd:260.9,Bpos:441.6,Bstd:282.0,StrandBias:2.3,Multiplicity:1.00
0.997	0.001	0.001	0.001
0.001	0.997	0.001	0.001
0.847	0.151	0.001	0.001
0.800	0.198	0.001	0.001
0.001	0.001	0.001	0.997
0.001	0.146	0.001	0.852
0.997	0.001	0.001	0.001
0.001	0.001	0.001	0.997
0.156	0.842	0.001	0.001
0.997	0.001	0.001	0.001
0.001	0.001	0.172	0.826
0.001	0.997	0.001	0.001
>GAATATTACTTG	3-GAATATTACTTG	9.952210	-20.141671	0	T:6.0(12.00%),B:84.4(0.22%),P:1e-8	Tpos:580.3,Tstd:155.6,Bpos:472.2,Bstd:307.6,StrandBias:1.0,Multiplicity:1.00
0.001	0.001	0.997	0.001
0.846	0.152	0.001	0.001
0.997	0.001	0.001	0.001
0.188	0.001	0.001	0.810
0.997	0.001	0.001	0.001
0.001	0.001	0.001	0.997
0.001	0.001	0.001	0.997
0.997	0.001	0.001	0.001
0.001	0.997	0.001	0.001
0.001	0.045	0.001	0.953
0.001	0.001	0.001	0.997
0.001	0.001	0.997	0.001
>CCTATTTCTTTT	4-CCTATTTCTTTT	11.767383	-19.323535	0	T:10.0(20.00%),B:594.5(1.52%),P:1e-8	Tpos:639.4,Tstd:218.8,Bpos:519.8,Bstd:311.6,StrandBias:1.2,Multiplicity:1.00
0.001	0.903	0.001	0.095
0.101	0.897	0.001	0.001
0.001	0.001	0.001	0.997
0.922	0.001	0.001	0.076
0.154	0.001	0.001	0.844
0.001	0.001	0.203	0.795
0.001	0.001	0.001	0.997
0.001	0.910	0.001	0.088
0.001	0.001	0.001	0.997
0.001	0.001	0.001	0.997
0.001	0.001	0.165	0.833
0.001	0.001	0.001	0.997
>ATTTAAAACCAT	5-ATTTAAAACCAT	13.744284	-17.989909	0	T:7.0(14.00%),B:219.1(0.56%),P:1e-7	Tpos:599.1,Tstd:251.7,Bpos:473.0,Bstd:306.4,StrandBias:1.3,Multiplicity:1.00
0.997	0.001	0.001	0.001
0.001	0.001	0.001	0.997
0.001	0.001	0.001	0.997
0.128	0.001	0.125	0.746
0.865	0.133	0.001	0.001
0.997	0.001	0.001	0.001
0.997	0.001	0.001	0.001
0.997	0.001	0.001	0.001
0.081	0.641	0.165	0.113
0.001	0.997	0.001	0.001
0.997	0.001	0.001	0.001
0.104	0.001	0.001	0.894
>TAGGTAAAACAA	6-TAGGTAAAACAA	13.661452	-17.874712	0	T:6.0(12.00%),B:125.8(0.32%),P:1e-7	Tpos:513.0,Tstd:284.8,Bpos:525.8,Bstd:297.7,StrandBias:-1.0,Multiplicity:1.00
0.001	0.001	0.220	0.778
0.997	0.001	0.001	0.001
0.001	0.001	0.997	0.001
0.001	0.001	0.997	0.001
0.120	0.001	0.001	0.878
0.802	0.196	0.001	0.001
0.997	0.001	0.001	0.001
0.997	0.001	0.001	0.001
0.997	0.001	0.001	0.001
0.125	0.699	0.001	0.175
0.997	0.001	0.001	0.001
0.997	0.001	0.001	0.001
>ATGTGAGAATAT	7-ATGTGAGAATAT	13.465981	-16.321644	0	T:6.0(12.00%),B:164.6(0.42%),P:1e-7	Tpos:409.1,Tstd:299.9,Bpos:525.5,Bstd:309.1,StrandBias:-2.6,Multiplicity:1.17
0.695	0.001	0.162	0.142
0.122	0.001	0.001	0.876
0.001	0.001	0.997	0.001
0.001	0.001	0.001	0.997
0.159	0.173	0.667	0.001
0.997	0.001	0.001	0.001
0.106	0.001	0.892	0.001
0.997	0.001	0.001	0.001
0.997	0.001	0.001	0.001
0.001	0.001	0.001	0.997
0.997	0.001	0.001	0.001
0.001	0.001	0.001	0.997
>TGRCCAWTTTGA	8-TGRCCAWTTTGA	12.676570	-12.922004	0	T:5.0(10.00%),B:163.0(0.42%),P:1e-5	Tpos:447.2,Tstd:258.5,Bpos:531.3,Bstd:306.4,StrandBias:1.6,Multiplicity:1.60
0.001	0.001	0.001	0.997
0.001	0.001	0.814	0.184
0.509	0.001	0.489	0.001
0.001	0.997	0.001	0.001
0.001	0.997	0.001	0.001
0.997	0.001	0.001	0.001
0.496	0.001	0.001	0.502
0.291	0.001	0.001	0.707
0.001	0.226	0.001	0.772
0.001	0.001	0.001	0.997
0.240	0.001	0.758	0.001
0.769	0.229	0.001	0.001
>CCAGCCACAGTG	9-CCAGCCACAGTG	14.809961	-12.255428	0	T:2.0(4.00%),B:1.8(0.00%),P:1e-5	Tpos:476.0,Tstd:284.4,Bpos:506.0,Bstd:357.6,StrandBias:-1.0,Multiplicity:1.50
0.001	0.997	0.001	0.001
0.001	0.997	0.001	0.001
0.997	0.001	0.001	0.001
0.220	0.001	0.778	0.001
0.001	0.997	0.001	0.001
0.207	0.791	0.001	0.001
0.997	0.001	0.001	0.001
0.001	0.997	0.001	0.001
0.997	0.001	0.001	0.001
0.269	0.001	0.729	0.001
0.001	0.001	0.001	0.997
0.001	0.001	0.997	0.001
>CCTGCGCT	1-CCTGCGCT	7.252648	-19.616603	0	T:17.0(34.00%),B:2380.8(6.07%),P:1e-8	Tpos:522.0,Tstd:258.8,Bpos:515.5,Bstd:289.8,StrandBias:-0.3,Multiplicity:1.18
0.001	0.997	0.001	0.001
0.075	0.692	0.085	0.148
0.001	0.001	0.001	0.997
0.001	0.054	0.882	0.063
0.055	0.898	0.001	0.046
0.001	0.001	0.969	0.029
0.073	0.767	0.097	0.063
0.060	0.070	0.001	0.869
>CSGGTGCA	2-CSGGTGCA	8.252691	-16.559108	0	T:12.0(24.00%),B:1292.8(3.30%),P:1e-7	Tpos:611.3,Tstd:268.1,Bpos:513.5,Bstd:302.2,StrandBias:-0.2,Multiplicity:1.25
0.001	0.608	0.001	0.390
0.001	0.403	0.452	0.144
0.385	0.001	0.613	0.001
0.174	0.061	0.764	0.001
0.001	0.238	0.001	0.760
0.001	0.001	0.997	0.001
0.001	0.959	0.001	0.039
0.997	0.001	0.001	0.001
>TTAACCCC	3-TTAACCCC	7.301381	-11.813277	0	T:13.0(26.00%),B:2409.8(6.14%),P:1e-5	Tpos:569.8,Tstd:309.4,Bpos:502.6,Bstd:309.6,StrandBias:0.7,Multiplicity:1.23
0.001	0.001	0.001	0.997
0.001	0.075	0.267	0.657
0.997	0.001	0.001	0.001
0.947	0.001	0.001	0.051
0.001	0.928	0.070	0.001
0.027	0.971	0.001	0.001
0.039	0.608	0.352	0.001
0.113	0.885	0.001	0.001
>ACGTGCKC	4-ACGTGCKC	8.057649	-7.746495	0	T:9.0(18.00%),B:1811.5(4.62%),P:1e-3	Tpos:443.2,Tstd:267.4,Bpos:516.3,Bstd:296.8,StrandBias:0.7,Multiplicity:1.44
0.941	0.057	0.001	0.001
0.001	0.997	0.001	0.001
0.007	0.001	0.978	0.014
0.001	0.235	0.009	0.755
0.001	0.001	0.965	0.033
0.001	0.754	0.244	0.001
0.047	0.042	0.481	0.430
0.039	0.687	0.273	0.001
>CARTGCCM	5-CARTGCCM	8.425093	-3.871536	0	T:5.0(10.00%),B:1242.9(3.17%),P:1e-1	Tpos:353.5,Tstd:227.4,Bpos:501.8,Bstd:308.4,StrandBias:-0.7,Multiplicity:1.60
0.009	0.976	0.001	0.014
0.905	0.001	0.083	0.011
0.439	0.004	0.555	0.002
0.082	0.099	0.001	0.818
0.001	0.184	0.814	0.001
0.001	0.917	0.081	0.001
0.402	0.574	0.012	0.012
0.486	0.512	0.001	0.001
