>CCTGCGCT	1-CCTGCGCT	7.252648	-19.616603	0	T:17.0(34.00%),B:2380.8(6.07%),P:1e-8	Tpos:522.0,Tstd:258.8,Bpos:515.5,Bstd:289.8,StrandBias:-0.3,Multiplicity:1.18
0.001	0.997	0.001	0.001
0.075	0.692	0.085	0.148
0.001	0.001	0.001	0.997
0.001	0.054	0.882	0.063
0.055	0.898	0.001	0.046
0.001	0.001	0.969	0.029
0.073	0.767	0.097	0.063
0.060	0.070	0.001	0.869
>CSGGTGCA	2-CSGGTGCA	8.252691	-16.559108	0	T:12.0(24.00%),B:1292.8(3.30%),P:1e-7	Tpos:611.3,Tstd:268.1,Bpos:513.5,Bstd:302.2,StrandBias:-0.2,Multiplicity:1.25
0.001	0.608	0.001	0.390
0.001	0.403	0.452	0.144
0.385	0.001	0.613	0.001
0.174	0.061	0.764	0.001
0.001	0.238	0.001	0.760
0.001	0.001	0.997	0.001
0.001	0.959	0.001	0.039
0.997	0.001	0.001	0.001
>TTAACCCC	3-TTAACCCC	7.301381	-11.813277	0	T:13.0(26.00%),B:2409.8(6.14%),P:1e-5	Tpos:569.8,Tstd:309.4,Bpos:502.6,Bstd:309.6,StrandBias:0.7,Multiplicity:1.23
0.001	0.001	0.001	0.997
0.001	0.075	0.267	0.657
0.997	0.001	0.001	0.001
0.947	0.001	0.001	0.051
0.001	0.928	0.070	0.001
0.027	0.971	0.001	0.001
0.039	0.608	0.352	0.001
0.113	0.885	0.001	0.001
>ACGTGCKC	4-ACGTGCKC	8.057649	-7.746495	0	T:9.0(18.00%),B:1811.5(4.62%),P:1e-3	Tpos:443.2,Tstd:267.4,Bpos:516.3,Bstd:296.8,StrandBias:0.7,Multiplicity:1.44
0.941	0.057	0.001	0.001
0.001	0.997	0.001	0.001
0.007	0.001	0.978	0.014
0.001	0.235	0.009	0.755
0.001	0.001	0.965	0.033
0.001	0.754	0.244	0.001
0.047	0.042	0.481	0.430
0.039	0.687	0.273	0.001
>CARTGCCM	5-CARTGCCM	8.425093	-3.871536	0	T:5.0(10.00%),B:1242.9(3.17%),P:1e-1	Tpos:353.5,Tstd:227.4,Bpos:501.8,Bstd:308.4,StrandBias:-0.7,Multiplicity:1.60
0.009	0.976	0.001	0.014
0.905	0.001	0.083	0.011
0.439	0.004	0.555	0.002
0.082	0.099	0.001	0.818
0.001	0.184	0.814	0.001
0.001	0.917	0.081	0.001
0.402	0.574	0.012	0.012
0.486	0.512	0.001	0.001
