>CTTATCAC	1-CTTATCAC	7.113093	-16.413660	0	T:82.0(30.94%),B:6945.5(17.49%),P:1e-7	Tpos:597.8,Tstd:299.5,Bpos:522.3,Bstd:302.0,StrandBias:0.6,Multiplicity:1.24
0.001	0.997	0.001	0.001
0.105	0.032	0.066	0.797
0.001	0.060	0.066	0.873
0.997	0.001	0.001	0.001
0.001	0.001	0.001	0.997
0.001	0.923	0.075	0.001
0.920	0.078	0.001	0.001
0.001	0.797	0.201	0.001
>TTATCGAT	2-TTATCGAT	3.910969	-11.089824	0	T:86.0(32.45%),B:8427.4(21.22%),P:1e-4	Tpos:546.6,Tstd:300.1,Bpos:520.7,Bstd:326.7,StrandBias:-0.2,Multiplicity:1.33
0.001	0.001	0.001	0.997
0.257	0.001	0.080	0.662
0.776	0.001	0.222	0.001
0.001	0.001	0.001	0.997
0.001	0.997	0.001	0.001
0.001	0.001	0.997	0.001
0.997	0.001	0.001	0.001
0.001	0.001	0.001	0.997
>TTTGCTGC	3-TTTGCTGC	7.972864	-10.910687	0	T:86.0(32.45%),B:8466.2(21.32%),P:1e-4	Tpos:593.5,Tstd:299.9,Bpos:512.1,Bstd:306.4,StrandBias:0.6,Multiplicity:1.20
0.001	0.001	0.001	0.997
0.001	0.001	0.001	0.997
0.034	0.197	0.001	0.768
0.079	0.001	0.919	0.001
0.001	0.862	0.001	0.136
0.001	0.001	0.184	0.814
0.137	0.001	0.861	0.001
0.336	0.662	0.001	0.001
>TCTGGCCA	4-TCTGGCCA	8.662491	-5.394727	0	T:18.0(6.79%),B:1343.2(3.38%),P:1e-2	Tpos:341.9,Tstd:297.9,Bpos:480.9,Bstd:312.5,StrandBias:-0.6,Multiplicity:1.67
0.001	0.001	0.001	0.997
0.001	0.997	0.001	0.001
0.001	0.001	0.001	0.997
0.322	0.001	0.676	0.001
0.001	0.001	0.997	0.001
0.001	0.997	0.001	0.001
0.001	0.933	0.001	0.065
0.856	0.001	0.001	0.142
>TGCTTAAG	5-TGCTTAAG	8.236954	-0.987257	0	T:3.0(1.13%),B:326.9(0.82%),P:1e0	Tpos:239.4,Tstd:215.2,Bpos:479.0,Bstd:271.1,StrandBias:0.0,Multiplicity:3.00
0.100	0.100	0.100	0.700
0.100	0.100	0.700	0.100
0.100	0.700	0.100	0.100
0.100	0.100	0.100	0.700
0.100	0.100	0.100	0.700
0.700	0.100	0.100	0.100
0.700	0.100	0.100	0.100
0.100	0.100	0.700	0.100
