>ATATTGCGCG	1-ATATTGCGCG	8.641229	-23.968986	0	T:19.0(7.17%),B:385.4(0.97%),P:1e-10	Tpos:539.7,Tstd:302.8,Bpos:504.4,Bstd:320.3,StrandBias:-0.5,Multiplicity:1.00
0.902	0.001	0.096	0.001
0.001	0.074	0.001	0.924
0.893	0.105	0.001	0.001
0.001	0.001	0.119	0.879
0.015	0.001	0.001	0.983
0.088	0.001	0.910	0.001
0.081	0.917	0.001	0.001
0.083	0.001	0.872	0.044
0.001	0.913	0.001	0.085
0.001	0.087	0.828	0.084
>AWTTTGCYGA	2-AWTTTGCYGA	6.009389	-22.628947	0	T:55.0(20.75%),B:3236.4(8.15%),P:1e-9	Tpos:507.8,Tstd:261.0,Bpos:495.4,Bstd:308.7,StrandBias:0.7,Multiplicity:1.07
0.466	0.074	0.197	0.262
0.430	0.020	0.263	0.287
0.218	0.164	0.231	0.386
0.049	0.310	0.091	0.550
0.190	0.170	0.236	0.404
0.268	0.002	0.608	0.122
0.006	0.940	0.050	0.004
0.190	0.388	0.172	0.249
0.235	0.043	0.450	0.272
0.533	0.068	0.364	0.035
>YGAGGAGATA	3-YGAGGAGATA	10.243416	-20.222123	0	T:14.0(5.28%),B:237.0(0.60%),P:1e-8	Tpos:532.7,Tstd:295.1,Bpos:502.7,Bstd:294.5,StrandBias:-1.3,Multiplicity:1.00
0.057	0.485	0.001	0.457
0.001	0.119	0.879	0.001
0.997	0.001	0.001	0.001
0.001	0.220	0.778	0.001
0.001	0.047	0.951	0.001
0.915	0.001	0.001	0.083
0.001	0.001	0.955	0.043
0.769	0.001	0.180	0.050
0.001	0.001	0.001	0.997
0.997	0.001	0.001	0.001
>CACTGATAAG	4-CACTGATAAG	6.828015	-19.954669	0	T:68.0(25.66%),B:4850.3(12.22%),P:1e-8	Tpos:576.6,Tstd:295.8,Bpos:525.1,Bstd:301.6,StrandBias:0.5,Multiplicity:1.25
0.180	0.503	0.231	0.086
0.668	0.043	0.254	0.035
0.132	0.646	0.195	0.027
0.231	0.035	0.006	0.728
0.175	0.034	0.768	0.023
0.541	0.007	0.250	0.202
0.025	0.200	0.138	0.637
0.611	0.194	0.024	0.171
0.549	0.270	0.042	0.139
0.009	0.337	0.627	0.027
>ATCACTGACC	5-ATCACTGACC	9.527757	-19.925122	0	T:22.0(8.30%),B:677.5(1.71%),P:1e-8	Tpos:556.1,Tstd:256.9,Bpos:504.2,Bstd:299.2,StrandBias:1.3,Multiplicity:1.05
0.997	0.001	0.001	0.001
0.053	0.091	0.001	0.855
0.071	0.781	0.071	0.077
0.997	0.001	0.001	0.001
0.040	0.916	0.001	0.043
0.080	0.001	0.001	0.918
0.058	0.046	0.895	0.001
0.840	0.088	0.001	0.071
0.033	0.909	0.001	0.057
0.001	0.946	0.001	0.052
>GCTAGGCAGA	6-GCTAGGCAGA	8.410100	-19.883443	0	T:29.0(10.94%),B:1167.7(2.94%),P:1e-8	Tpos:531.0,Tstd:301.3,Bpos:503.0,Bstd:307.7,StrandBias:-0.4,Multiplicity:1.14
0.129	0.001	0.869	0.001
0.114	0.802	0.001	0.083
0.051	0.241	0.092	0.616
0.579	0.040	0.001	0.380
0.001	0.001	0.696	0.302
0.150	0.030	0.775	0.045
0.001	0.848	0.105	0.046
0.812	0.001	0.142	0.045
0.072	0.069	0.858	0.001
0.997	0.001	0.001	0.001
>CGTCAGTAGT	7-CGTCAGTAGT	8.803819	-19.088820	0	T:18.0(6.79%),B:465.6(1.17%),P:1e-8	Tpos:437.5,Tstd:264.7,Bpos:517.9,Bstd:320.9,StrandBias:0.8,Multiplicity:1.06
0.001	0.915	0.001	0.083
0.015	0.285	0.513	0.187
0.001	0.276	0.001	0.722
0.136	0.598	0.265	0.001
0.857	0.141	0.001	0.001
0.197	0.001	0.665	0.137
0.282	0.184	0.039	0.494
0.712	0.001	0.001	0.286
0.239	0.031	0.729	0.001
0.037	0.001	0.001	0.961
>YGCWCTWVVA	8-YGCWCTWVVA	6.320270	-18.468216	0	T:30.0(11.32%),B:1325.4(3.34%),P:1e-8	Tpos:522.7,Tstd:323.7,Bpos:500.0,Bstd:295.5,StrandBias:0.4,Multiplicity:1.17
0.006	0.367	0.165	0.462
0.091	0.166	0.497	0.246
0.072	0.584	0.003	0.341
0.470	0.183	0.009	0.338
0.063	0.554	0.131	0.252
0.160	0.323	0.013	0.504
0.416	0.006	0.110	0.467
0.379	0.237	0.230	0.154
0.349	0.229	0.310	0.112
0.835	0.151	0.009	0.005
>TATCAACTGA	9-TATCAACTGA	10.981901	-17.324428	0	T:20.0(7.55%),B:651.6(1.64%),P:1e-7	Tpos:543.4,Tstd:295.7,Bpos:505.1,Bstd:303.1,StrandBias:0.4,Multiplicity:1.00
0.001	0.004	0.001	0.994
0.760	0.001	0.238	0.001
0.050	0.001	0.001	0.948
0.143	0.855	0.001	0.001
0.814	0.001	0.001	0.184
0.997	0.001	0.001	0.001
0.001	0.742	0.001	0.256
0.142	0.001	0.153	0.704
0.001	0.001	0.997	0.001
0.997	0.001	0.001	0.001
>GATCTAATTT	10-GATCTAATTT	9.655064	-15.638448	0	T:31.0(11.70%),B:1599.7(4.03%),P:1e-6	Tpos:555.0,Tstd:240.1,Bpos:508.4,Bstd:302.9,StrandBias:0.6,Multiplicity:1.13
0.001	0.001	0.988	0.010
0.863	0.001	0.001	0.135
0.055	0.001	0.131	0.813
0.061	0.867	0.038	0.034
0.023	0.018	0.013	0.946
0.977	0.001	0.021	0.001
0.896	0.081	0.022	0.001
0.001	0.176	0.001	0.822
0.001	0.049	0.053	0.897
0.001	0.039	0.035	0.925
>TTACTTTCCG	11-TTACTTTCCG	8.715915	-15.124659	0	T:37.0(13.96%),B:2189.7(5.51%),P:1e-6	Tpos:483.1,Tstd:282.3,Bpos:511.0,Bstd:303.3,StrandBias:0.3,Multiplicity:1.11
0.001	0.001	0.300	0.698
0.210	0.093	0.001	0.696
0.734	0.001	0.181	0.084
0.001	0.716	0.189	0.094
0.288	0.001	0.001	0.710
0.252	0.001	0.001	0.746
0.001	0.001	0.001	0.997
0.001	0.932	0.001	0.066
0.034	0.825	0.001	0.140
0.001	0.035	0.862	0.102
>CTCTATTCCT	12-CTCTATTCCT	9.285729	-15.064576	0	T:29.0(10.94%),B:1468.7(3.70%),P:1e-6	Tpos:638.9,Tstd:291.1,Bpos:541.4,Bstd:304.5,StrandBias:1.1,Multiplicity:1.07
0.040	0.889	0.001	0.070
0.057	0.001	0.001	0.941
0.001	0.907	0.060	0.032
0.196	0.001	0.001	0.802
0.926	0.001	0.047	0.026
0.036	0.072	0.001	0.891
0.085	0.001	0.001	0.913
0.050	0.869	0.001	0.080
0.025	0.922	0.052	0.001
0.028	0.001	0.001	0.970
>YRGRYTGATK	13-YRGRYTGATK	7.257966	-14.183276	0	T:22.0(8.30%),B:950.0(2.39%),P:1e-6	Tpos:572.3,Tstd:283.7,Bpos:502.0,Bstd:304.5,StrandBias:-1.9,Multiplicity:1.09
0.002	0.413	0.114	0.471
0.508	0.046	0.405	0.041
0.085	0.139	0.647	0.129
0.430	0.097	0.372	0.100
0.075	0.460	0.085	0.380
0.155	0.125	0.151	0.569
0.048	0.081	0.735	0.136
0.600	0.153	0.138	0.109
0.372	0.073	0.001	0.554
0.055	0.025	0.439	0.481
>BGTTCTTATV	14-BGTTCTTATV	9.449356	-12.339985	0	T:10.0(3.77%),B:226.0(0.57%),P:1e-5	Tpos:422.8,Tstd:306.0,Bpos:506.4,Bstd:302.0,StrandBias:0.6,Multiplicity:1.11
0.112	0.278	0.353	0.257
0.035	0.030	0.906	0.029
0.001	0.125	0.146	0.728
0.011	0.166	0.146	0.677
0.032	0.922	0.016	0.030
0.001	0.041	0.130	0.828
0.001	0.139	0.053	0.807
0.674	0.026	0.299	0.001
0.033	0.163	0.096	0.708
0.359	0.266	0.261	0.114
>TCAGTGGCAG	15-TCAGTGGCAG	9.734424	-10.699122	0	T:14.0(5.28%),B:538.7(1.36%),P:1e-4	Tpos:397.7,Tstd:296.5,Bpos:496.3,Bstd:302.0,StrandBias:-0.7,Multiplicity:1.38
0.001	0.001	0.129	0.869
0.001	0.658	0.001	0.340
0.838	0.001	0.160	0.001
0.001	0.126	0.872	0.001
0.001	0.145	0.001	0.853
0.126	0.001	0.872	0.001
0.001	0.001	0.864	0.134
0.001	0.898	0.100	0.001
0.836	0.001	0.162	0.001
0.001	0.001	0.997	0.001
>TATATATATT	16-TATATATATT	9.808993	-10.698637	0	T:45.0(16.98%),B:3531.5(8.89%),P:1e-4	Tpos:490.0,Tstd:263.6,Bpos:514.8,Bstd:298.6,StrandBias:-0.1,Multiplicity:1.16
0.043	0.001	0.001	0.955
0.941	0.001	0.001	0.057
0.001	0.001	0.054	0.944
0.934	0.001	0.064	0.001
0.001	0.001	0.001	0.997
0.933	0.001	0.065	0.001
0.001	0.001	0.051	0.947
0.847	0.053	0.001	0.099
0.195	0.098	0.068	0.639
0.145	0.001	0.001	0.853
>GGCCAGATCT	17-GGCCAGATCT	13.270447	-8.998564	0	T:3.0(1.13%),B:12.7(0.03%),P:1e-3	Tpos:138.9,Tstd:65.4,Bpos:363.1,Bstd:274.8,StrandBias:-1.6,Multiplicity:2.67
0.001	0.001	0.997	0.001
0.001	0.001	0.997	0.001
0.001	0.997	0.001	0.001
0.001	0.611	0.001	0.387
0.997	0.001	0.001	0.001
0.001	0.001	0.997	0.001
0.997	0.001	0.001	0.001
0.001	0.001	0.001	0.997
0.001	0.997	0.001	0.001
0.001	0.001	0.071	0.927
>ACCAGGACCA	18-ACCAGGACCA	9.737269	-7.910113	0	T:10.0(3.77%),B:390.0(0.98%),P:1e-3	Tpos:454.3,Tstd:247.2,Bpos:415.8,Bstd:300.0,StrandBias:1.3,Multiplicity:2.10
0.921	0.001	0.001	0.077
0.001	0.833	0.078	0.088
0.035	0.963	0.001	0.001
0.934	0.001	0.064	0.001
0.001	0.001	0.997	0.001
0.001	0.047	0.951	0.001
0.908	0.001	0.001	0.090
0.043	0.955	0.001	0.001
0.045	0.858	0.096	0.001
0.913	0.001	0.001	0.085
>CGACCCAACC	19-CGACCCAACC	13.645951	-7.345636	0	T:2.0(0.75%),B:4.4(0.01%),P:1e-3	Tpos:131.2,Tstd:56.9,Bpos:134.1,Bstd:75.1,StrandBias:10.0,Multiplicity:2.50
0.001	0.997	0.001	0.001
0.001	0.001	0.997	0.001
0.827	0.001	0.001	0.171
0.001	0.997	0.001	0.001
0.001	0.997	0.001	0.001
0.001	0.997	0.001	0.001
0.997	0.001	0.001	0.001
0.997	0.001	0.001	0.001
0.001	0.997	0.001	0.001
0.001	0.997	0.001	0.001
>CTTAAGCAGC	20-CTTAAGCAGC	8.432681	-7.282539	0	T:7.0(2.64%),B:212.3(0.53%),P:1e-3	Tpos:231.6,Tstd:186.1,Bpos:509.8,Bstd:274.8,StrandBias:0.5,Multiplicity:2.71
0.001	0.997	0.001	0.001
0.001	0.001	0.001	0.997
0.001	0.001	0.001	0.997
0.997	0.001	0.001	0.001
0.997	0.001	0.001	0.001
0.001	0.001	0.997	0.001
0.001	0.939	0.001	0.059
0.751	0.001	0.162	0.086
0.348	0.001	0.650	0.001
0.085	0.913	0.001	0.001
>ATCGATTTTC	21-ATCGATTTTC	9.051096	-6.348262	0	T:38.0(14.34%),B:3458.1(8.71%),P:1e-2	Tpos:501.6,Tstd:259.6,Bpos:523.7,Bstd:327.4,StrandBias:0.8,Multiplicity:1.63
0.997	0.001	0.001	0.001
0.001	0.001	0.001	0.997
0.001	0.824	0.001	0.174
0.001	0.001	0.997	0.001
0.854	0.144	0.001	0.001
0.001	0.001	0.001	0.997
0.001	0.042	0.001	0.956
0.001	0.001	0.001	0.997
0.001	0.001	0.001	0.997
0.001	0.925	0.073	0.001
>CCTTGATGGT	22-CCTTGATGGT	11.655535	-4.362975	0	T:3.0(1.13%),B:70.9(0.18%),P:1e-1	Tpos:184.0,Tstd:85.9,Bpos:484.8,Bstd:306.6,StrandBias:1.3,Multiplicity:2.33
0.001	0.997	0.001	0.001
0.001	0.997	0.001	0.001
0.001	0.001	0.001	0.997
0.001	0.001	0.001	0.997
0.001	0.001	0.997	0.001
0.997	0.001	0.001	0.001
0.113	0.001	0.001	0.885
0.001	0.001	0.997	0.001
0.001	0.001	0.997	0.001
0.001	0.001	0.001	0.997
>CKTAGGAATTGA	1-CKTAGGAATTGA	12.749026	-26.117115	0	T:10.0(3.77%),B:47.8(0.12%),P:1e-11	Tpos:378.4,Tstd:246.9,Bpos:534.7,Bstd:260.5,StrandBias:-2.0,Multiplicity:1.00
0.001	0.807	0.001	0.191
0.001	0.001	0.540	0.458
0.257	0.001	0.001	0.741
0.997	0.001	0.001	0.001
0.001	0.001	0.997	0.001
0.001	0.001	0.997	0.001
0.997	0.001	0.001	0.001
0.997	0.001	0.001	0.001
0.001	0.001	0.001	0.997
0.001	0.291	0.001	0.707
0.312	0.001	0.686	0.001
0.997	0.001	0.001	0.001
>AKAAHGTTAGAC	2-AKAAHGTTAGAC	11.555355	-24.900404	0	T:12.0(4.53%),B:101.3(0.26%),P:1e-10	Tpos:440.3,Tstd:251.9,Bpos:419.2,Bstd:287.3,StrandBias:0.5,Multiplicity:1.00
0.988	0.001	0.001	0.010
0.001	0.001	0.482	0.516
0.997	0.001	0.001	0.001
0.879	0.001	0.119	0.001
0.307	0.277	0.001	0.416
0.001	0.001	0.997	0.001
0.001	0.001	0.001	0.997
0.073	0.001	0.001	0.925
0.856	0.001	0.142	0.001
0.001	0.001	0.997	0.001
0.535	0.283	0.001	0.181
0.001	0.750	0.108	0.141
>ATATCTTTTGCG	3-ATATCTTTTGCG	11.316155	-24.041054	0	T:16.0(6.04%),B:249.6(0.63%),P:1e-10	Tpos:508.8,Tstd:329.1,Bpos:561.7,Bstd:263.8,StrandBias:-0.5,Multiplicity:1.06
0.598	0.001	0.199	0.202
0.350	0.001	0.001	0.648
0.781	0.001	0.102	0.116
0.062	0.001	0.001	0.936
0.201	0.797	0.001	0.001
0.001	0.128	0.001	0.870
0.001	0.001	0.110	0.888
0.110	0.001	0.001	0.888
0.001	0.001	0.001	0.997
0.049	0.101	0.849	0.001
0.056	0.651	0.059	0.234
0.074	0.059	0.866	0.001
>ATCGATATATTC	4-ATCGATATATTC	11.915899	-23.103569	0	T:15.0(5.66%),B:225.2(0.57%),P:1e-10	Tpos:477.6,Tstd:283.1,Bpos:509.1,Bstd:339.5,StrandBias:-0.5,Multiplicity:1.27
0.997	0.001	0.001	0.001
0.001	0.001	0.001	0.997
0.098	0.900	0.001	0.001
0.001	0.001	0.997	0.001
0.997	0.001	0.001	0.001
0.055	0.168	0.001	0.776
0.741	0.110	0.001	0.148
0.171	0.001	0.001	0.827
0.804	0.085	0.110	0.001
0.001	0.001	0.001	0.997
0.359	0.001	0.001	0.639
0.001	0.997	0.001	0.001
>GGTTTCTTATCA	5-GGTTTCTTATCA	12.931277	-22.786705	0	T:11.0(4.15%),B:94.8(0.24%),P:1e-9	Tpos:569.9,Tstd:307.3,Bpos:557.9,Bstd:265.5,StrandBias:-1.4,Multiplicity:1.00
0.049	0.001	0.886	0.064
0.001	0.001	0.954	0.044
0.001	0.236	0.145	0.618
0.001	0.001	0.001	0.997
0.001	0.001	0.001	0.997
0.001	0.880	0.118	0.001
0.001	0.145	0.001	0.853
0.001	0.001	0.001	0.997
0.997	0.001	0.001	0.001
0.001	0.001	0.001	0.997
0.001	0.885	0.113	0.001
0.997	0.001	0.001	0.001
>GGATTTCAGGAG	6-GGATTTCAGGAG	13.291627	-21.843711	0	T:8.0(3.02%),B:35.0(0.09%),P:1e-9	Tpos:475.8,Tstd:263.0,Bpos:460.1,Bstd:303.1,StrandBias:0.0,Multiplicity:1.00
0.107	0.001	0.785	0.107
0.001	0.001	0.997	0.001
0.856	0.001	0.001	0.142
0.001	0.001	0.001	0.997
0.001	0.142	0.001	0.856
0.142	0.001	0.001	0.856
0.001	0.997	0.001	0.001
0.869	0.001	0.001	0.129
0.001	0.001	0.997	0.001
0.001	0.001	0.997	0.001
0.997	0.001	0.001	0.001
0.084	0.001	0.914	0.001
>GDTCTGTCTAGC	7-GDTCTGTCTAGC	12.652841	-21.327070	0	T:7.0(2.64%),B:21.7(0.05%),P:1e-9	Tpos:520.9,Tstd:247.0,Bpos:545.5,Bstd:351.6,StrandBias:-1.3,Multiplicity:1.00
0.001	0.001	0.799	0.199
0.261	0.001	0.384	0.355
0.001	0.001	0.001	0.997
0.001	0.997	0.001	0.001
0.001	0.001	0.001	0.997
0.001	0.001	0.738	0.260
0.017	0.333	0.001	0.649
0.332	0.666	0.001	0.001
0.001	0.001	0.001	0.997
0.997	0.001	0.001	0.001
0.001	0.001	0.842	0.156
0.001	0.997	0.001	0.001
>TTAGTTGCGTAA	8-TTAGTTGCGTAA	13.695438	-20.546149	0	T:7.0(2.64%),B:24.9(0.06%),P:1e-8	Tpos:563.3,Tstd:136.5,Bpos:569.1,Bstd:311.5,StrandBias:0.4,Multiplicity:1.00
0.001	0.001	0.001	0.997
0.001	0.001	0.001	0.997
0.997	0.001	0.001	0.001
0.001	0.001	0.712	0.286
0.001	0.001	0.001	0.997
0.001	0.001	0.001	0.997
0.001	0.001	0.855	0.143
0.233	0.622	0.001	0.144
0.001	0.001	0.997	0.001
0.001	0.001	0.001	0.997
0.997	0.001	0.001	0.001
0.855	0.143	0.001	0.001
>ATTTCGGATTTT	9-ATTTCGGATTTT	13.141233	-20.087967	0	T:18.0(6.79%),B:435.1(1.10%),P:1e-8	Tpos:474.6,Tstd:257.2,Bpos:502.3,Bstd:316.4,StrandBias:1.5,Multiplicity:1.06
0.834	0.109	0.001	0.056
0.136	0.001	0.001	0.862
0.001	0.001	0.001	0.997
0.092	0.001	0.073	0.834
0.153	0.836	0.001	0.010
0.001	0.017	0.866	0.116
0.001	0.001	0.997	0.001
0.940	0.001	0.001	0.058
0.031	0.001	0.001	0.967
0.001	0.108	0.001	0.890
0.001	0.001	0.001	0.997
0.001	0.001	0.001	0.997
>GAAGTTGCCGAA	10-GAAGTTGCCGAA	13.271187	-19.986597	0	T:9.0(3.40%),B:67.1(0.17%),P:1e-8	Tpos:443.1,Tstd:230.9,Bpos:426.4,Bstd:260.8,StrandBias:-0.3,Multiplicity:1.22
0.001	0.001	0.997	0.001
0.792	0.206	0.001	0.001
0.997	0.001	0.001	0.001
0.001	0.001	0.997	0.001
0.001	0.001	0.151	0.847
0.001	0.001	0.001	0.997
0.001	0.001	0.997	0.001
0.001	0.997	0.001	0.001
0.108	0.812	0.001	0.079
0.090	0.001	0.908	0.001
0.997	0.001	0.001	0.001
0.734	0.001	0.114	0.151
>TTAGTCGCATCC	11-TTAGTCGCATCC	14.225352	-19.616343	0	T:5.0(1.89%),B:5.5(0.01%),P:1e-8	Tpos:402.8,Tstd:260.1,Bpos:462.3,Bstd:315.1,StrandBias:2.0,Multiplicity:1.00
0.001	0.001	0.001	0.997
0.001	0.001	0.001	0.997
0.816	0.001	0.001	0.182
0.211	0.001	0.787	0.001
0.001	0.001	0.001	0.997
0.001	0.997	0.001	0.001
0.211	0.001	0.787	0.001
0.182	0.816	0.001	0.001
0.997	0.001	0.001	0.001
0.001	0.001	0.001	0.997
0.001	0.997	0.001	0.001
0.001	0.997	0.001	0.001
>TTTTCCTCGCTT	12-TTTTCCTCGCTT	11.358718	-18.931309	0	T:13.0(4.91%),B:218.6(0.55%),P:1e-8	Tpos:397.7,Tstd:300.4,Bpos:535.2,Bstd:312.0,StrandBias:1.2,Multiplicity:1.00
0.082	0.038	0.033	0.847
0.026	0.056	0.030	0.888
0.038	0.087	0.034	0.841
0.001	0.070	0.032	0.897
0.211	0.465	0.026	0.298
0.214	0.586	0.134	0.066
0.106	0.078	0.048	0.768
0.086	0.759	0.064	0.091
0.026	0.170	0.531	0.273
0.200	0.549	0.072	0.179
0.051	0.064	0.245	0.640
0.045	0.069	0.052	0.834
>TGGGGAAAAAGG	13-TGGGGAAAAAGG	12.888057	-17.132045	0	T:12.0(4.53%),B:210.3(0.53%),P:1e-7	Tpos:496.5,Tstd:290.2,Bpos:523.8,Bstd:315.7,StrandBias:-0.7,Multiplicity:1.08
0.001	0.001	0.085	0.913
0.166	0.001	0.832	0.001
0.001	0.001	0.997	0.001
0.001	0.001	0.903	0.095
0.060	0.001	0.938	0.001
0.997	0.001	0.001	0.001
0.997	0.001	0.001	0.001
0.997	0.001	0.001	0.001
0.853	0.145	0.001	0.001
0.997	0.001	0.001	0.001
0.069	0.114	0.755	0.062
0.095	0.001	0.903	0.001
>TCCTTATTTTTT	14-TCCTTATTTTTT	11.695554	-17.016295	0	T:25.0(9.43%),B:1020.5(2.57%),P:1e-7	Tpos:512.7,Tstd:286.4,Bpos:531.2,Bstd:314.5,StrandBias:1.0,Multiplicity:1.08
0.001	0.001	0.001	0.997
0.001	0.928	0.070	0.001
0.001	0.997	0.001	0.001
0.001	0.001	0.001	0.997
0.119	0.031	0.001	0.849
0.856	0.031	0.001	0.112
0.068	0.107	0.001	0.824
0.001	0.001	0.001	0.997
0.019	0.001	0.133	0.847
0.001	0.132	0.001	0.866
0.001	0.001	0.001	0.997
0.001	0.091	0.074	0.834
>AACGACGAAGAT	15-AACGACGAAGAT	12.355432	-14.771615	0	T:4.0(1.51%),B:6.4(0.02%),P:1e-6	Tpos:423.2,Tstd:206.9,Bpos:621.3,Bstd:267.8,StrandBias:10.0,Multiplicity:1.00
0.700	0.100	0.100	0.100
0.700	0.100	0.100	0.100
0.100	0.700	0.100	0.100
0.100	0.100	0.700	0.100
0.700	0.100	0.100	0.100
0.100	0.700	0.100	0.100
0.100	0.100	0.700	0.100
0.700	0.100	0.100	0.100
0.700	0.100	0.100	0.100
0.100	0.100	0.700	0.100
0.700	0.100	0.100	0.100
0.100	0.100	0.100	0.700
>ACCTATAKGTTY	16-ACCTATAKGTTY	11.597304	-14.749046	0	T:9.0(3.40%),B:129.6(0.33%),P:1e-6	Tpos:539.2,Tstd:228.1,Bpos:518.7,Bstd:289.8,StrandBias:0.0,Multiplicity:1.00
0.997	0.001	0.001	0.001
0.001	0.912	0.001	0.086
0.355	0.643	0.001	0.001
0.074	0.001	0.130	0.795
0.997	0.001	0.001	0.001
0.142	0.001	0.001	0.856
0.886	0.112	0.001	0.001
0.007	0.001	0.517	0.475
0.001	0.001	0.997	0.001
0.001	0.001	0.001	0.997
0.001	0.001	0.001	0.997
0.112	0.428	0.112	0.347
>CTGGCYAGATCT	17-CTGGCYAGATCT	13.426517	-12.767091	0	T:3.0(1.13%),B:2.2(0.01%),P:1e-5	Tpos:130.9,Tstd:66.5,Bpos:184.4,Bstd:272.3,StrandBias:0.4,Multiplicity:2.67
0.001	0.997	0.001	0.001
0.078	0.001	0.001	0.920
0.001	0.001	0.997	0.001
0.001	0.001	0.997	0.001
0.001	0.997	0.001	0.001
0.001	0.574	0.001	0.424
0.997	0.001	0.001	0.001
0.001	0.001	0.997	0.001
0.997	0.001	0.001	0.001
0.001	0.001	0.001	0.997
0.001	0.997	0.001	0.001
0.001	0.001	0.071	0.927
>CCTTGATGGTTG	18-CCTTGATGGTTG	11.039722	-9.762026	0	T:7.0(2.64%),B:139.4(0.35%),P:1e-4	Tpos:340.9,Tstd:262.4,Bpos:526.3,Bstd:276.1,StrandBias:1.6,Multiplicity:1.71
0.001	0.822	0.001	0.176
0.001	0.997	0.001	0.001
0.001	0.152	0.001	0.846
0.001	0.001	0.001	0.997
0.153	0.129	0.541	0.177
0.645	0.177	0.177	0.001
0.152	0.001	0.177	0.670
0.001	0.001	0.997	0.001
0.001	0.177	0.694	0.128
0.001	0.001	0.001	0.997
0.152	0.001	0.001	0.846
0.001	0.001	0.997	0.001
>TTTAAGCAGCCG	19-TTTAAGCAGCCG	11.063669	-9.344822	0	T:7.0(2.64%),B:149.9(0.38%),P:1e-4	Tpos:407.2,Tstd:317.4,Bpos:472.8,Bstd:297.7,StrandBias:1.9,Multiplicity:2.00
0.001	0.225	0.001	0.773
0.001	0.001	0.001	0.997
0.001	0.195	0.001	0.803
0.802	0.001	0.006	0.191
0.997	0.001	0.001	0.001
0.001	0.001	0.808	0.190
0.001	0.997	0.001	0.001
0.997	0.001	0.001	0.001
0.359	0.001	0.639	0.001
0.001	0.793	0.001	0.205
0.001	0.583	0.406	0.010
0.001	0.001	0.997	0.001
>ATYGATTTTCTG	20-ATYGATTTTCTG	11.578377	-9.082725	0	T:11.0(4.15%),B:403.1(1.02%),P:1e-3	Tpos:384.3,Tstd:221.1,Bpos:513.8,Bstd:345.3,StrandBias:3.2,Multiplicity:1.82
0.604	0.057	0.014	0.325
0.207	0.001	0.009	0.783
0.001	0.528	0.041	0.430
0.019	0.006	0.753	0.222
0.646	0.312	0.027	0.015
0.006	0.001	0.007	0.986
0.001	0.262	0.034	0.703
0.058	0.001	0.001	0.940
0.027	0.001	0.001	0.971
0.008	0.568	0.200	0.224
0.101	0.181	0.001	0.717
0.188	0.214	0.464	0.134
>YACCTTGCAGGT	21-YACCTTGCAGGT	10.534151	-8.702334	0	T:7.0(2.64%),B:166.6(0.42%),P:1e-3	Tpos:379.8,Tstd:309.0,Bpos:492.6,Bstd:327.6,StrandBias:2.5,Multiplicity:1.86
0.001	0.558	0.001	0.440
0.992	0.001	0.001	0.006
0.008	0.577	0.164	0.251
0.275	0.616	0.001	0.108
0.001	0.348	0.001	0.650
0.001	0.001	0.001	0.997
0.422	0.001	0.576	0.001
0.267	0.565	0.167	0.001
0.731	0.001	0.103	0.165
0.093	0.001	0.905	0.001
0.001	0.181	0.817	0.001
0.156	0.001	0.001	0.842
>GACATCTTGAAG	22-GACATCTTGAAG	14.871934	-7.013551	0	T:2.0(0.75%),B:5.8(0.01%),P:1e-3	Tpos:144.0,Tstd:61.0,Bpos:495.9,Bstd:194.7,StrandBias:0.0,Multiplicity:1.00
0.001	0.001	0.997	0.001
0.997	0.001	0.001	0.001
0.001	0.997	0.001	0.001
0.997	0.001	0.001	0.001
0.001	0.223	0.001	0.775
0.001	0.997	0.001	0.001
0.001	0.001	0.001	0.997
0.001	0.001	0.001	0.997
0.001	0.001	0.997	0.001
0.962	0.036	0.001	0.001
0.821	0.001	0.001	0.177
0.001	0.001	0.997	0.001
>CTGGTCCTGGTG	23-CTGGTCCTGGTG	13.396415	-5.971761	0	T:3.0(1.13%),B:38.8(0.10%),P:1e-2	Tpos:494.1,Tstd:218.8,Bpos:373.0,Bstd:234.7,StrandBias:-2.0,Multiplicity:3.33
0.126	0.806	0.067	0.001
0.138	0.001	0.001	0.860
0.001	0.001	0.899	0.099
0.001	0.001	0.997	0.001
0.001	0.001	0.001	0.997
0.001	0.895	0.103	0.001
0.001	0.997	0.001	0.001
0.001	0.138	0.001	0.860
0.001	0.001	0.997	0.001
0.001	0.001	0.997	0.001
0.099	0.001	0.001	0.899
0.001	0.001	0.838	0.160
>SGCTGCTTAAGC	24-SGCTGCTTAAGC	15.224616	-5.016180	0	T:1.0(0.38%),B:0.0(0.00%),P:1e-2	Tpos:232.5,Tstd:103.7,Bpos:0.0,Bstd:0.0,StrandBias:-10.0,Multiplicity:4.00
0.001	0.484	0.514	0.001
0.001	0.001	0.997	0.001
0.001	0.909	0.001	0.089
0.001	0.001	0.001	0.997
0.001	0.001	0.997	0.001
0.001	0.997	0.001	0.001
0.076	0.001	0.001	0.922
0.001	0.001	0.001	0.997
0.580	0.001	0.418	0.001
0.997	0.001	0.001	0.001
0.001	0.001	0.997	0.001
0.001	0.997	0.001	0.001
>TTGGTGGCAGCG	25-TTGGTGGCAGCG	12.355432	-3.639798	0	T:1.0(0.38%),B:3.9(0.01%),P:1e-1	Tpos:120.0,Tstd:55.2,Bpos:219.1,Bstd:257.7,StrandBias:10.0,Multiplicity:5.00
0.100	0.100	0.100	0.700
0.100	0.100	0.100	0.700
0.100	0.100	0.700	0.100
0.100	0.100	0.700	0.100
0.100	0.100	0.100	0.700
0.100	0.100	0.700	0.100
0.100	0.100	0.700	0.100
0.100	0.700	0.100	0.100
0.700	0.100	0.100	0.100
0.100	0.100	0.700	0.100
0.100	0.700	0.100	0.100
0.100	0.100	0.700	0.100
>CTTATCAC	1-CTTATCAC	7.113093	-16.413660	0	T:82.0(30.94%),B:6945.5(17.49%),P:1e-7	Tpos:597.8,Tstd:299.5,Bpos:522.3,Bstd:302.0,StrandBias:0.6,Multiplicity:1.24
0.001	0.997	0.001	0.001
0.105	0.032	0.066	0.797
0.001	0.060	0.066	0.873
0.997	0.001	0.001	0.001
0.001	0.001	0.001	0.997
0.001	0.923	0.075	0.001
0.920	0.078	0.001	0.001
0.001	0.797	0.201	0.001
>TTATCGAT	2-TTATCGAT	3.910969	-11.089824	0	T:86.0(32.45%),B:8427.4(21.22%),P:1e-4	Tpos:546.6,Tstd:300.1,Bpos:520.7,Bstd:326.7,StrandBias:-0.2,Multiplicity:1.33
0.001	0.001	0.001	0.997
0.257	0.001	0.080	0.662
0.776	0.001	0.222	0.001
0.001	0.001	0.001	0.997
0.001	0.997	0.001	0.001
0.001	0.001	0.997	0.001
0.997	0.001	0.001	0.001
0.001	0.001	0.001	0.997
>TTTGCTGC	3-TTTGCTGC	7.972864	-10.910687	0	T:86.0(32.45%),B:8466.2(21.32%),P:1e-4	Tpos:593.5,Tstd:299.9,Bpos:512.1,Bstd:306.4,StrandBias:0.6,Multiplicity:1.20
0.001	0.001	0.001	0.997
0.001	0.001	0.001	0.997
0.034	0.197	0.001	0.768
0.079	0.001	0.919	0.001
0.001	0.862	0.001	0.136
0.001	0.001	0.184	0.814
0.137	0.001	0.861	0.001
0.336	0.662	0.001	0.001
>TCTGGCCA	4-TCTGGCCA	8.662491	-5.394727	0	T:18.0(6.79%),B:1343.2(3.38%),P:1e-2	Tpos:341.9,Tstd:297.9,Bpos:480.9,Bstd:312.5,StrandBias:-0.6,Multiplicity:1.67
0.001	0.001	0.001	0.997
0.001	0.997	0.001	0.001
0.001	0.001	0.001	0.997
0.322	0.001	0.676	0.001
0.001	0.001	0.997	0.001
0.001	0.997	0.001	0.001
0.001	0.933	0.001	0.065
0.856	0.001	0.001	0.142
>TGCTTAAG	5-TGCTTAAG	8.236954	-0.987257	0	T:3.0(1.13%),B:326.9(0.82%),P:1e0	Tpos:239.4,Tstd:215.2,Bpos:479.0,Bstd:271.1,StrandBias:0.0,Multiplicity:3.00
0.100	0.100	0.100	0.700
0.100	0.100	0.700	0.100
0.100	0.700	0.100	0.100
0.100	0.100	0.100	0.700
0.100	0.100	0.100	0.700
0.700	0.100	0.100	0.100
0.700	0.100	0.100	0.100
0.100	0.100	0.700	0.100
