>AAGAGAAAAATA	6-TATTTTTCTCTT	10.734851	-27.109278	0	T:92.0(20.49%),B:3464.7(9.42%),P:1e-11
0.907	0.013	0.010	0.070
0.849	0.122	0.001	0.028
0.112	0.001	0.769	0.118
0.887	0.032	0.032	0.049
0.042	0.020	0.886	0.052
0.963	0.001	0.035	0.001
0.917	0.001	0.024	0.058
0.961	0.001	0.001	0.037
0.945	0.001	0.053	0.001
0.964	0.001	0.034	0.001
0.023	0.001	0.001	0.975
0.970	0.001	0.028	0.001
