>CTGATAAGAR	1-CTGATAAGAR	8.306506	-47.587162	0	T:41.0(61.19%),B:4741.4(12.00%),P:1e-20	Tpos:653.1,Tstd:276.9,Bpos:548.6,Bstd:312.3,StrandBias:-0.1,Multiplicity:1.24
0.095	0.864	0.040	0.001
0.001	0.001	0.001	0.997
0.001	0.001	0.997	0.001
0.997	0.001	0.001	0.001
0.038	0.001	0.001	0.960
0.997	0.001	0.001	0.001
0.997	0.001	0.001	0.001
0.087	0.107	0.805	0.001
0.940	0.001	0.058	0.001
0.402	0.047	0.465	0.086
>CACTGATCAC	2-CACTGATCAC	8.900852	-23.626085	0	T:19.0(28.36%),B:1734.1(4.39%),P:1e-10	Tpos:655.3,Tstd:196.6,Bpos:498.2,Bstd:304.3,StrandBias:-0.3,Multiplicity:1.05
0.068	0.837	0.094	0.001
0.911	0.001	0.001	0.087
0.195	0.628	0.099	0.078
0.163	0.001	0.001	0.835
0.152	0.001	0.846	0.001
0.774	0.089	0.001	0.136
0.007	0.001	0.082	0.910
0.007	0.793	0.001	0.199
0.824	0.001	0.001	0.174
0.001	0.997	0.001	0.001
>GCGAAARCCT	3-GCGAAARCCT	10.217727	-21.700692	0	T:10.0(14.93%),B:338.0(0.86%),P:1e-9	Tpos:537.8,Tstd:337.3,Bpos:497.7,Bstd:286.5,StrandBias:1.2,Multiplicity:1.00
0.001	0.001	0.997	0.001
0.001	0.750	0.248	0.001
0.044	0.001	0.954	0.001
0.995	0.001	0.003	0.001
0.902	0.096	0.001	0.001
0.997	0.001	0.001	0.001
0.571	0.001	0.427	0.001
0.001	0.738	0.218	0.043
0.001	0.997	0.001	0.001
0.001	0.001	0.001	0.997
>CACGGAAAAG	4-CACGGAAAAG	9.988612	-19.812192	0	T:16.0(23.88%),B:1463.1(3.70%),P:1e-8	Tpos:614.5,Tstd:280.0,Bpos:509.2,Bstd:293.6,StrandBias:0.0,Multiplicity:1.00
0.053	0.865	0.081	0.001
0.891	0.107	0.001	0.001
0.159	0.765	0.001	0.075
0.001	0.001	0.938	0.060
0.001	0.001	0.997	0.001
0.997	0.001	0.001	0.001
0.997	0.001	0.001	0.001
0.855	0.143	0.001	0.001
0.869	0.001	0.129	0.001
0.052	0.001	0.896	0.051
>AAAACGCAGG	5-AAAACGCAGG	11.443882	-18.700370	0	T:9.0(13.43%),B:338.6(0.86%),P:1e-8	Tpos:509.6,Tstd:288.0,Bpos:502.2,Bstd:302.2,StrandBias:-0.3,Multiplicity:1.00
0.997	0.001	0.001	0.001
0.997	0.001	0.001	0.001
0.997	0.001	0.001	0.001
0.997	0.001	0.001	0.001
0.001	0.748	0.250	0.001
0.001	0.001	0.997	0.001
0.001	0.997	0.001	0.001
0.997	0.001	0.001	0.001
0.001	0.270	0.496	0.232
0.001	0.001	0.753	0.245
>TTGTTATCAC	6-TTGTTATCAC	10.047150	-18.357491	0	T:18.0(26.87%),B:2121.4(5.37%),P:1e-7	Tpos:501.1,Tstd:273.7,Bpos:527.3,Bstd:305.3,StrandBias:-0.1,Multiplicity:1.17
0.066	0.001	0.091	0.842
0.001	0.001	0.001	0.997
0.049	0.001	0.878	0.072
0.001	0.001	0.108	0.890
0.001	0.060	0.001	0.938
0.926	0.001	0.072	0.001
0.074	0.001	0.001	0.924
0.001	0.943	0.001	0.055
0.896	0.001	0.102	0.001
0.070	0.887	0.001	0.042
>ATCAAGCTTC	7-ATCAAGCTTC	10.191188	-18.214883	0	T:15.0(22.39%),B:1410.9(3.57%),P:1e-7	Tpos:540.7,Tstd:317.8,Bpos:497.0,Bstd:301.6,StrandBias:0.4,Multiplicity:1.07
0.918	0.001	0.001	0.080
0.001	0.001	0.001	0.997
0.001	0.997	0.001	0.001
0.997	0.001	0.001	0.001
0.997	0.001	0.001	0.001
0.164	0.001	0.748	0.087
0.104	0.837	0.001	0.058
0.001	0.001	0.001	0.997
0.001	0.168	0.001	0.830
0.119	0.781	0.001	0.099
>CACGTGTTTD	8-CACGTGTTTD	9.707893	-17.737754	0	T:13.0(19.40%),B:1035.4(2.62%),P:1e-7	Tpos:665.4,Tstd:202.5,Bpos:536.6,Bstd:301.6,StrandBias:-0.4,Multiplicity:1.23
0.001	0.997	0.001	0.001
0.836	0.001	0.001	0.162
0.001	0.997	0.001	0.001
0.001	0.001	0.997	0.001
0.001	0.001	0.001	0.997
0.001	0.001	0.924	0.074
0.001	0.001	0.141	0.857
0.001	0.001	0.090	0.908
0.001	0.001	0.001	0.997
0.290	0.161	0.220	0.329
>GTAGTWTGTG	9-GTAGTWTGTG	8.522883	-16.912269	0	T:16.0(23.88%),B:1803.3(4.56%),P:1e-7	Tpos:569.5,Tstd:241.0,Bpos:501.4,Bstd:301.4,StrandBias:1.4,Multiplicity:1.12
0.001	0.421	0.577	0.001
0.001	0.066	0.184	0.749
0.835	0.001	0.062	0.102
0.258	0.247	0.494	0.001
0.144	0.001	0.001	0.854
0.406	0.214	0.004	0.377
0.099	0.237	0.126	0.538
0.001	0.215	0.780	0.004
0.001	0.005	0.001	0.993
0.001	0.001	0.997	0.001
>AATAACTCTC	10-AATAACTCTC	11.228901	-16.213555	0	T:10.0(14.93%),B:609.6(1.54%),P:1e-7	Tpos:445.2,Tstd:287.8,Bpos:529.2,Bstd:294.3,StrandBias:-0.6,Multiplicity:1.00
0.997	0.001	0.001	0.001
0.997	0.001	0.001	0.001
0.048	0.092	0.001	0.859
0.997	0.001	0.001	0.001
0.997	0.001	0.001	0.001
0.166	0.689	0.001	0.144
0.001	0.001	0.001	0.997
0.001	0.950	0.001	0.048
0.079	0.130	0.001	0.790
0.001	0.997	0.001	0.001
>TTGACAGTCA	11-TTGACAGTCA	10.651126	-15.997951	0	T:9.0(13.43%),B:467.7(1.18%),P:1e-6	Tpos:722.1,Tstd:252.2,Bpos:543.3,Bstd:307.3,StrandBias:1.6,Multiplicity:1.11
0.001	0.001	0.001	0.997
0.001	0.001	0.001	0.997
0.099	0.001	0.899	0.001
0.780	0.001	0.124	0.095
0.054	0.944	0.001	0.001
0.884	0.001	0.001	0.114
0.001	0.001	0.997	0.001
0.103	0.141	0.001	0.755
0.001	0.997	0.001	0.001
0.838	0.160	0.001	0.001
>TGATAGGCTT	12-TGATAGGCTT	12.473324	-15.553368	0	T:5.0(7.46%),B:69.8(0.18%),P:1e-6	Tpos:572.0,Tstd:274.9,Bpos:495.9,Bstd:292.3,StrandBias:-0.6,Multiplicity:1.00
0.001	0.001	0.001	0.997
0.001	0.001	0.997	0.001
0.997	0.001	0.001	0.001
0.001	0.001	0.001	0.997
0.997	0.001	0.001	0.001
0.001	0.001	0.997	0.001
0.001	0.001	0.997	0.001
0.001	0.997	0.001	0.001
0.001	0.001	0.001	0.997
0.001	0.256	0.001	0.742
>GAGGCCTTTA	13-GAGGCCTTTA	11.444546	-15.169386	0	T:3.0(4.48%),B:5.1(0.01%),P:1e-6	Tpos:769.3,Tstd:84.9,Bpos:733.5,Bstd:110.5,StrandBias:1.0,Multiplicity:1.00
0.193	0.001	0.638	0.168
0.554	0.248	0.001	0.197
0.142	0.001	0.856	0.001
0.001	0.001	0.997	0.001
0.001	0.638	0.199	0.162
0.001	0.997	0.001	0.001
0.001	0.001	0.001	0.997
0.001	0.120	0.001	0.878
0.090	0.001	0.001	0.908
0.584	0.001	0.237	0.178
>TATCAATTGA	14-TATCAATTGA	9.653259	-14.161083	0	T:17.0(25.37%),B:2506.0(6.34%),P:1e-6	Tpos:542.7,Tstd:305.6,Bpos:495.0,Bstd:312.0,StrandBias:0.0,Multiplicity:1.06
0.320	0.029	0.004	0.647
0.623	0.001	0.254	0.122
0.083	0.041	0.001	0.875
0.082	0.798	0.030	0.090
0.805	0.056	0.001	0.138
0.857	0.053	0.001	0.089
0.014	0.001	0.001	0.984
0.001	0.001	0.046	0.952
0.050	0.084	0.754	0.112
0.729	0.113	0.019	0.139
>TGTGTDAAGT	15-TGTGTDAAGT	12.131589	-13.456307	0	T:7.0(10.45%),B:321.6(0.81%),P:1e-5	Tpos:487.6,Tstd:263.6,Bpos:527.1,Bstd:314.3,StrandBias:1.3,Multiplicity:1.00
0.001	0.001	0.001	0.997
0.001	0.001	0.997	0.001
0.001	0.001	0.001	0.997
0.001	0.001	0.940	0.058
0.001	0.001	0.132	0.866
0.285	0.001	0.300	0.414
0.997	0.001	0.001	0.001
0.997	0.001	0.001	0.001
0.001	0.001	0.777	0.221
0.001	0.001	0.001	0.997
>TATACCCCCC	16-TATACCCCCC	10.528448	-11.914110	0	T:4.0(5.97%),B:67.3(0.17%),P:1e-5	Tpos:478.4,Tstd:360.9,Bpos:551.3,Bstd:295.6,StrandBias:0.6,Multiplicity:1.25
0.001	0.001	0.001	0.997
0.829	0.001	0.169	0.001
0.001	0.001	0.001	0.997
0.997	0.001	0.001	0.001
0.001	0.997	0.001	0.001
0.001	0.997	0.001	0.001
0.001	0.773	0.001	0.225
0.001	0.997	0.001	0.001
0.001	0.997	0.001	0.001
0.041	0.957	0.001	0.001
>GTCTGCAAGA	17-GTCTGCAAGA	8.350283	-10.341080	0	T:12.0(17.91%),B:1730.5(4.38%),P:1e-4	Tpos:433.7,Tstd:242.7,Bpos:510.1,Bstd:312.2,StrandBias:-0.5,Multiplicity:1.00
0.100	0.100	0.700	0.100
0.100	0.100	0.100	0.700
0.100	0.700	0.100	0.100
0.100	0.100	0.100	0.700
0.100	0.100	0.700	0.100
0.100	0.700	0.100	0.100
0.700	0.100	0.100	0.100
0.700	0.100	0.100	0.100
0.100	0.100	0.700	0.100
0.700	0.100	0.100	0.100
>CAAAAAGTGG	18-CAAAAAGTGG	9.124149	-9.622778	0	T:31.0(46.27%),B:9543.6(24.16%),P:1e-4	Tpos:555.3,Tstd:261.4,Bpos:508.6,Bstd:302.8,StrandBias:-1.0,Multiplicity:1.45
0.182	0.687	0.123	0.008
0.997	0.001	0.001	0.001
0.962	0.001	0.036	0.001
0.929	0.069	0.001	0.001
0.997	0.001	0.001	0.001
0.633	0.001	0.116	0.250
0.069	0.169	0.717	0.045
0.079	0.001	0.060	0.860
0.063	0.071	0.672	0.194
0.337	0.034	0.583	0.046
>ATTGTTACAC	19-ATTGTTACAC	10.296193	-3.955626	0	T:2.0(2.99%),B:123.2(0.31%),P:1e-1	Tpos:433.3,Tstd:140.2,Bpos:407.3,Bstd:264.8,StrandBias:10.0,Multiplicity:10.50
0.700	0.100	0.100	0.100
0.100	0.100	0.100	0.700
0.100	0.100	0.100	0.700
0.100	0.100	0.700	0.100
0.100	0.100	0.100	0.700
0.100	0.100	0.100	0.700
0.700	0.100	0.100	0.100
0.100	0.700	0.100	0.100
0.700	0.100	0.100	0.100
0.100	0.700	0.100	0.100
>ACTGATAAGAAC	1-ACTGATAAGAAC	9.707698	-36.559254	0	T:30.0(44.78%),B:2970.1(7.52%),P:1e-15	Tpos:665.5,Tstd:241.0,Bpos:546.3,Bstd:306.7,StrandBias:0.2,Multiplicity:1.20
0.949	0.001	0.002	0.048
0.210	0.717	0.001	0.072
0.144	0.001	0.001	0.854
0.001	0.001	0.878	0.120
0.949	0.049	0.001	0.001
0.050	0.064	0.040	0.846
0.884	0.052	0.001	0.063
0.997	0.001	0.001	0.001
0.133	0.030	0.798	0.039
0.918	0.001	0.080	0.001
0.568	0.086	0.205	0.141
0.181	0.648	0.042	0.129
>TTGTTATCACAA	2-TTGTTATCACAA	10.963701	-24.948685	0	T:15.0(22.39%),B:856.9(2.17%),P:1e-10	Tpos:495.8,Tstd:235.7,Bpos:540.8,Bstd:304.4,StrandBias:0.7,Multiplicity:1.07
0.088	0.001	0.108	0.803
0.001	0.101	0.001	0.897
0.003	0.063	0.808	0.126
0.001	0.001	0.115	0.883
0.001	0.106	0.001	0.892
0.997	0.001	0.001	0.001
0.090	0.001	0.001	0.908
0.001	0.997	0.001	0.001
0.926	0.001	0.001	0.072
0.127	0.707	0.102	0.064
0.612	0.167	0.001	0.220
0.638	0.001	0.218	0.143
>GTSCWCAATTAT	3-GTSCWCAATTAT	12.434905	-22.876017	0	T:8.0(11.94%),B:133.9(0.34%),P:1e-9	Tpos:653.2,Tstd:306.0,Bpos:487.6,Bstd:318.6,StrandBias:0.0,Multiplicity:1.00
0.001	0.001	0.855	0.143
0.001	0.001	0.001	0.997
0.001	0.517	0.481	0.001
0.124	0.874	0.001	0.001
0.494	0.001	0.001	0.504
0.001	0.874	0.001	0.124
0.997	0.001	0.001	0.001
0.825	0.173	0.001	0.001
0.001	0.001	0.001	0.997
0.001	0.001	0.143	0.855
0.812	0.186	0.001	0.001
0.001	0.001	0.001	0.997
>GTACATTGTGAG	4-GTACATTGTGAG	12.399338	-21.748507	0	T:6.0(8.96%),B:46.9(0.12%),P:1e-9	Tpos:680.0,Tstd:173.5,Bpos:520.4,Bstd:333.1,StrandBias:0.0,Multiplicity:1.00
0.001	0.001	0.997	0.001
0.001	0.064	0.001	0.934
0.805	0.001	0.001	0.193
0.001	0.806	0.108	0.085
0.891	0.001	0.001	0.107
0.099	0.001	0.150	0.750
0.001	0.133	0.001	0.865
0.001	0.001	0.703	0.295
0.001	0.133	0.001	0.865
0.092	0.150	0.757	0.001
0.865	0.001	0.001	0.133
0.001	0.115	0.780	0.104
>ATAGATTTGGAG	5-ATAGATTTGGAG	14.016341	-21.629685	0	T:6.0(8.96%),B:47.2(0.12%),P:1e-9	Tpos:561.0,Tstd:324.2,Bpos:454.4,Bstd:298.9,StrandBias:-1.0,Multiplicity:1.00
0.997	0.001	0.001	0.001
0.001	0.001	0.001	0.997
0.997	0.001	0.001	0.001
0.001	0.235	0.763	0.001
0.831	0.001	0.001	0.167
0.001	0.001	0.001	0.997
0.001	0.001	0.001	0.997
0.001	0.001	0.001	0.997
0.001	0.001	0.840	0.158
0.001	0.253	0.745	0.001
0.997	0.001	0.001	0.001
0.001	0.001	0.997	0.001
>TTTCCTTGAAAA	6-TTTCCTTGAAAA	13.151911	-21.573191	0	T:15.0(22.39%),B:1096.7(2.78%),P:1e-9	Tpos:531.5,Tstd:269.2,Bpos:505.0,Bstd:286.1,StrandBias:1.0,Multiplicity:1.00
0.001	0.001	0.001	0.997
0.167	0.001	0.001	0.831
0.001	0.001	0.001	0.997
0.001	0.895	0.001	0.103
0.117	0.881	0.001	0.001
0.100	0.001	0.134	0.765
0.001	0.001	0.001	0.997
0.001	0.076	0.851	0.072
0.866	0.001	0.001	0.132
0.997	0.001	0.001	0.001
0.997	0.001	0.001	0.001
0.997	0.001	0.001	0.001
>CATACTTGGTCA	7-CATACTTGGTCA	14.436064	-20.991493	0	T:5.0(7.46%),B:21.8(0.06%),P:1e-9	Tpos:504.2,Tstd:247.6,Bpos:598.0,Bstd:328.4,StrandBias:0.6,Multiplicity:1.00
0.001	0.997	0.001	0.001
0.733	0.001	0.001	0.265
0.001	0.001	0.001	0.997
0.997	0.001	0.001	0.001
0.001	0.997	0.001	0.001
0.001	0.001	0.001	0.997
0.001	0.001	0.001	0.997
0.001	0.001	0.793	0.205
0.001	0.001	0.997	0.001
0.001	0.001	0.001	0.997
0.240	0.758	0.001	0.001
0.997	0.001	0.001	0.001
>ATRAACCACATG	8-ATRAACCACATG	13.301543	-20.963322	0	T:6.0(8.96%),B:53.4(0.14%),P:1e-9	Tpos:536.8,Tstd:237.2,Bpos:566.3,Bstd:324.9,StrandBias:1.0,Multiplicity:1.00
0.997	0.001	0.001	0.001
0.001	0.001	0.001	0.997
0.234	0.197	0.363	0.206
0.997	0.001	0.001	0.001
0.997	0.001	0.001	0.001
0.157	0.841	0.001	0.001
0.001	0.997	0.001	0.001
0.997	0.001	0.001	0.001
0.001	0.997	0.001	0.001
0.997	0.001	0.001	0.001
0.001	0.001	0.001	0.997
0.001	0.001	0.997	0.001
>TTCAAGTGACAA	9-TTCAAGTGACAA	14.176482	-20.391297	0	T:7.0(10.45%),B:112.6(0.28%),P:1e-8	Tpos:704.6,Tstd:165.4,Bpos:550.9,Bstd:287.3,StrandBias:-1.3,Multiplicity:1.00
0.001	0.001	0.001	0.997
0.001	0.001	0.001	0.997
0.001	0.997	0.001	0.001
0.997	0.001	0.001	0.001
0.997	0.001	0.001	0.001
0.147	0.001	0.698	0.154
0.001	0.270	0.001	0.728
0.001	0.177	0.821	0.001
0.997	0.001	0.001	0.001
0.001	0.997	0.001	0.001
0.997	0.001	0.001	0.001
0.997	0.001	0.001	0.001
>ACGCCATGTGCT	10-ACGCCATGTGCT	15.096400	-20.276076	0	T:4.0(5.97%),B:6.2(0.02%),P:1e-8	Tpos:756.8,Tstd:274.0,Bpos:244.8,Bstd:178.8,StrandBias:1.6,Multiplicity:1.00
0.666	0.001	0.001	0.332
0.001	0.997	0.001	0.001
0.001	0.001	0.997	0.001
0.001	0.997	0.001	0.001
0.001	0.997	0.001	0.001
0.997	0.001	0.001	0.001
0.332	0.001	0.001	0.666
0.001	0.001	0.997	0.001
0.001	0.001	0.001	0.997
0.001	0.001	0.997	0.001
0.001	0.997	0.001	0.001
0.001	0.001	0.001	0.997
>GAAGAAGGTTTG	11-GAAGAAGGTTTG	11.502940	-19.906600	0	T:9.0(13.43%),B:293.3(0.74%),P:1e-8	Tpos:462.0,Tstd:285.4,Bpos:502.2,Bstd:304.8,StrandBias:-0.6,Multiplicity:1.11
0.001	0.001	0.997	0.001
0.550	0.251	0.001	0.198
0.997	0.001	0.001	0.001
0.119	0.001	0.662	0.218
0.997	0.001	0.001	0.001
0.764	0.001	0.001	0.234
0.001	0.001	0.997	0.001
0.190	0.001	0.803	0.006
0.001	0.001	0.226	0.772
0.001	0.001	0.001	0.997
0.001	0.206	0.001	0.792
0.001	0.001	0.997	0.001
>TATTTAACATTG	12-TATTTAACATTG	13.526284	-19.354465	0	T:7.0(10.45%),B:132.0(0.33%),P:1e-8	Tpos:496.6,Tstd:296.0,Bpos:493.5,Bstd:308.8,StrandBias:1.3,Multiplicity:1.00
0.001	0.001	0.001	0.997
0.997	0.001	0.001	0.001
0.001	0.001	0.001	0.997
0.001	0.001	0.001	0.997
0.143	0.001	0.135	0.721
0.728	0.001	0.158	0.113
0.880	0.001	0.001	0.118
0.001	0.997	0.001	0.001
0.892	0.001	0.001	0.106
0.001	0.001	0.001	0.997
0.001	0.001	0.001	0.997
0.001	0.001	0.931	0.067
>TTTAATCTTAAA	13-TTTAATCTTAAA	13.158547	-18.201220	0	T:11.0(16.42%),B:641.8(1.62%),P:1e-7	Tpos:524.0,Tstd:303.1,Bpos:509.6,Bstd:290.1,StrandBias:0.0,Multiplicity:1.00
0.001	0.001	0.001	0.997
0.001	0.001	0.001	0.997
0.001	0.001	0.142	0.856
0.845	0.153	0.001	0.001
0.915	0.001	0.001	0.083
0.001	0.001	0.001	0.997
0.115	0.598	0.101	0.186
0.001	0.001	0.001	0.997
0.001	0.001	0.001	0.997
0.879	0.001	0.119	0.001
0.997	0.001	0.001	0.001
0.997	0.001	0.001	0.001
>ACTAGAGCTGTG	14-ACTAGAGCTGTG	15.063857	-17.857248	0	T:4.0(5.97%),B:13.5(0.03%),P:1e-7	Tpos:588.2,Tstd:204.7,Bpos:430.1,Bstd:327.0,StrandBias:1.6,Multiplicity:1.00
0.997	0.001	0.001	0.001
0.001	0.686	0.001	0.312
0.001	0.001	0.001	0.997
0.997	0.001	0.001	0.001
0.001	0.001	0.997	0.001
0.997	0.001	0.001	0.001
0.001	0.001	0.997	0.001
0.001	0.686	0.001	0.312
0.001	0.001	0.001	0.997
0.001	0.001	0.997	0.001
0.001	0.001	0.001	0.997
0.001	0.001	0.997	0.001
>WCTTTTTATACC	15-WCTTTTTATACC	12.135632	-17.388729	0	T:8.0(11.94%),B:275.2(0.70%),P:1e-7	Tpos:692.2,Tstd:314.9,Bpos:583.2,Bstd:329.4,StrandBias:-1.6,Multiplicity:1.00
0.333	0.194	0.005	0.469
0.001	0.833	0.165	0.001
0.115	0.001	0.001	0.883
0.001	0.193	0.001	0.805
0.001	0.001	0.001	0.997
0.001	0.001	0.001	0.997
0.001	0.001	0.001	0.997
0.699	0.001	0.136	0.164
0.001	0.001	0.004	0.994
0.752	0.001	0.114	0.133
0.120	0.878	0.001	0.001
0.198	0.713	0.001	0.088
>TCTGAAMTCTRA	16-TCTGAAMTCTRA	12.816661	-17.349965	0	T:9.0(13.43%),B:397.6(1.01%),P:1e-7	Tpos:474.9,Tstd:289.3,Bpos:527.4,Bstd:298.8,StrandBias:0.3,Multiplicity:1.00
0.001	0.001	0.001	0.997
0.232	0.746	0.013	0.009
0.001	0.001	0.001	0.997
0.001	0.001	0.986	0.012
0.997	0.001	0.001	0.001
0.997	0.001	0.001	0.001
0.470	0.528	0.001	0.001
0.001	0.267	0.001	0.731
0.001	0.749	0.001	0.249
0.001	0.001	0.001	0.997
0.467	0.194	0.338	0.001
0.997	0.001	0.001	0.001
>AAGAATCTTATC	17-AAGAATCTTATC	13.940101	-15.906858	0	T:5.0(7.46%),B:64.9(0.16%),P:1e-6	Tpos:354.0,Tstd:292.9,Bpos:499.6,Bstd:308.7,StrandBias:1.0,Multiplicity:1.00
0.815	0.183	0.001	0.001
0.997	0.001	0.001	0.001
0.001	0.001	0.845	0.153
0.997	0.001	0.001	0.001
0.845	0.001	0.001	0.153
0.001	0.001	0.001	0.997
0.001	0.997	0.001	0.001
0.147	0.001	0.001	0.851
0.001	0.001	0.001	0.997
0.806	0.192	0.001	0.001
0.001	0.001	0.001	0.997
0.001	0.997	0.001	0.001
>TTTACATGTTTG	18-TTTACATGTTTG	15.138797	-15.872034	0	T:4.0(5.97%),B:23.6(0.06%),P:1e-6	Tpos:400.0,Tstd:125.5,Bpos:441.3,Bstd:220.1,StrandBias:10.0,Multiplicity:1.00
0.001	0.001	0.001	0.997
0.001	0.288	0.001	0.710
0.001	0.001	0.001	0.997
0.997	0.001	0.001	0.001
0.001	0.997	0.001	0.001
0.997	0.001	0.001	0.001
0.001	0.001	0.001	0.997
0.197	0.001	0.801	0.001
0.001	0.001	0.001	0.997
0.001	0.001	0.001	0.997
0.001	0.001	0.001	0.997
0.001	0.001	0.997	0.001
>AAGCTTGATTCT	19-AAGCTTGATTCT	12.505326	-15.054744	0	T:6.0(8.96%),B:151.1(0.38%),P:1e-6	Tpos:508.0,Tstd:277.2,Bpos:401.9,Bstd:289.4,StrandBias:0.0,Multiplicity:1.00
0.645	0.001	0.001	0.353
0.713	0.001	0.001	0.285
0.001	0.001	0.997	0.001
0.001	0.645	0.353	0.001
0.001	0.297	0.001	0.701
0.001	0.001	0.001	0.997
0.001	0.001	0.997	0.001
0.701	0.001	0.001	0.297
0.001	0.001	0.001	0.997
0.001	0.001	0.001	0.997
0.001	0.983	0.001	0.015
0.285	0.001	0.001	0.713
>GTTTGTTTCGTT	20-GTTTGTTTCGTT	14.258527	-14.765134	0	T:3.0(4.48%),B:6.6(0.02%),P:1e-6	Tpos:548.0,Tstd:306.0,Bpos:504.1,Bstd:281.9,StrandBias:-1.0,Multiplicity:1.00
0.203	0.001	0.681	0.115
0.001	0.127	0.001	0.871
0.001	0.001	0.001	0.997
0.001	0.001	0.001	0.997
0.001	0.001	0.997	0.001
0.001	0.001	0.235	0.763
0.147	0.147	0.001	0.705
0.001	0.001	0.113	0.885
0.001	0.997	0.001	0.001
0.223	0.001	0.515	0.261
0.001	0.350	0.001	0.648
0.001	0.001	0.001	0.997
>CATTGAACAGTT	21-CATTGAACAGTT	10.886025	-12.819186	0	T:10.0(14.93%),B:890.5(2.25%),P:1e-5	Tpos:523.3,Tstd:290.9,Bpos:509.3,Bstd:299.0,StrandBias:-1.0,Multiplicity:1.33
0.040	0.958	0.001	0.001
0.692	0.100	0.001	0.207
0.001	0.122	0.142	0.735
0.001	0.001	0.224	0.774
0.001	0.001	0.852	0.146
0.695	0.001	0.114	0.190
0.863	0.001	0.001	0.135
0.118	0.788	0.001	0.093
0.896	0.001	0.001	0.102
0.079	0.001	0.779	0.141
0.001	0.001	0.001	0.997
0.001	0.001	0.001	0.997
>AGGCCTYTATCA	22-AGGCCTYTATCA	15.997345	-12.777280	0	T:2.0(2.99%),B:0.0(0.00%),P:1e-5	Tpos:709.5,Tstd:3.5,Bpos:0.0,Bstd:0.0,StrandBias:0.0,Multiplicity:1.00
0.997	0.001	0.001	0.001
0.001	0.001	0.997	0.001
0.001	0.001	0.997	0.001
0.001	0.997	0.001	0.001
0.001	0.997	0.001	0.001
0.001	0.001	0.001	0.997
0.001	0.546	0.001	0.452
0.001	0.001	0.001	0.997
0.997	0.001	0.001	0.001
0.001	0.001	0.001	0.997
0.001	0.997	0.001	0.001
0.997	0.001	0.001	0.001
>ACACGAAAAATA	23-ACACGAAAAATA	13.928833	-5.428095	0	T:2.0(2.99%),B:56.7(0.14%),P:1e-2	Tpos:426.0,Tstd:115.6,Bpos:396.9,Bstd:254.1,StrandBias:4.3,Multiplicity:10.50
0.997	0.001	0.001	0.001
0.001	0.997	0.001	0.001
0.929	0.001	0.069	0.001
0.001	0.997	0.001	0.001
0.001	0.001	0.997	0.001
0.997	0.001	0.001	0.001
0.997	0.001	0.001	0.001
0.997	0.001	0.001	0.001
0.997	0.001	0.001	0.001
0.997	0.001	0.001	0.001
0.001	0.001	0.001	0.997
0.997	0.001	0.001	0.001
>TGATAAGA	1-TGATAAGA	9.954581	-45.503259	0	T:44.0(65.67%),B:6028.3(15.26%),P:1e-19	Tpos:677.8,Tstd:263.8,Bpos:548.9,Bstd:312.6,StrandBias:-0.2,Multiplicity:1.27
0.001	0.001	0.001	0.997
0.001	0.001	0.997	0.001
0.997	0.001	0.001	0.001
0.001	0.001	0.001	0.997
0.997	0.001	0.001	0.001
0.997	0.001	0.001	0.001
0.001	0.328	0.670	0.001
0.997	0.001	0.001	0.001
>AACACGTG	2-AACACGTG	8.608634	-12.916279	0	T:14.0(20.90%),B:1857.7(4.70%),P:1e-5	Tpos:626.6,Tstd:225.2,Bpos:530.1,Bstd:304.3,StrandBias:-0.3,Multiplicity:1.00
0.896	0.102	0.001	0.001
0.706	0.001	0.095	0.198
0.001	0.997	0.001	0.001
0.997	0.001	0.001	0.001
0.001	0.997	0.001	0.001
0.001	0.001	0.997	0.001
0.001	0.001	0.001	0.997
0.001	0.001	0.997	0.001
>ACTCCGCT	3-ACTCCGCT	7.424264	-11.480117	0	T:16.0(23.88%),B:2729.3(6.91%),P:1e-4	Tpos:504.6,Tstd:302.2,Bpos:499.0,Bstd:302.1,StrandBias:0.2,Multiplicity:1.19
0.901	0.040	0.035	0.024
0.023	0.787	0.001	0.189
0.034	0.067	0.001	0.898
0.001	0.912	0.054	0.033
0.024	0.955	0.001	0.020
0.082	0.051	0.826	0.041
0.190	0.753	0.001	0.056
0.001	0.001	0.001	0.997
>TCAATTGA	4-TCAATTGA	10.160504	-10.426757	0	T:27.0(40.30%),B:7332.0(18.56%),P:1e-4	Tpos:552.0,Tstd:306.4,Bpos:503.6,Bstd:306.4,StrandBias:0.2,Multiplicity:1.30
0.001	0.001	0.001	0.997
0.001	0.997	0.001	0.001
0.997	0.001	0.001	0.001
0.997	0.001	0.001	0.001
0.001	0.001	0.001	0.997
0.001	0.001	0.001	0.997
0.001	0.001	0.595	0.403
0.997	0.001	0.001	0.001
>ACATGTTT	5-ACATGTTT	8.236954	-8.242131	0	T:16.0(23.88%),B:3581.9(9.07%),P:1e-3	Tpos:425.9,Tstd:257.4,Bpos:508.8,Bstd:312.6,StrandBias:1.0,Multiplicity:1.00
0.700	0.100	0.100	0.100
0.100	0.700	0.100	0.100
0.700	0.100	0.100	0.100
0.100	0.100	0.100	0.700
0.100	0.100	0.700	0.100
0.100	0.100	0.100	0.700
0.100	0.100	0.100	0.700
0.100	0.100	0.100	0.700
>CGGGCCGT	6-CGGGCCGT	6.587497	-8.062450	0	T:10.0(14.93%),B:1572.4(3.98%),P:1e-3	Tpos:527.1,Tstd:349.5,Bpos:515.6,Bstd:315.6,StrandBias:-1.2,Multiplicity:1.60
0.001	0.949	0.001	0.049
0.001	0.060	0.938	0.001
0.001	0.001	0.997	0.001
0.065	0.078	0.628	0.229
0.071	0.812	0.066	0.051
0.001	0.968	0.030	0.001
0.001	0.001	0.933	0.065
0.148	0.001	0.001	0.850
>GCGCTCCA	7-GCGCTCCA	8.387339	-6.862496	0	T:7.0(10.45%),B:932.9(2.36%),P:1e-2	Tpos:588.1,Tstd:298.7,Bpos:514.0,Bstd:275.5,StrandBias:-0.3,Multiplicity:1.57
0.001	0.077	0.921	0.001
0.001	0.997	0.001	0.001
0.001	0.001	0.997	0.001
0.001	0.886	0.112	0.001
0.001	0.001	0.001	0.997
0.001	0.997	0.001	0.001
0.001	0.997	0.001	0.001
0.997	0.001	0.001	0.001
>AAATAGAT	8-AAATAGAT	9.088821	-4.935606	0	T:15.0(22.39%),B:4473.0(11.32%),P:1e-2	Tpos:467.8,Tstd:225.7,Bpos:503.9,Bstd:298.5,StrandBias:1.3,Multiplicity:2.33
0.860	0.138	0.001	0.001
0.997	0.001	0.001	0.001
0.997	0.001	0.001	0.001
0.001	0.001	0.001	0.997
0.997	0.001	0.001	0.001
0.001	0.001	0.997	0.001
0.997	0.001	0.001	0.001
0.001	0.001	0.001	0.997
>CGTGTAAC	9-CGTGTAAC	8.236954	-0.776423	0	T:1.0(1.49%),B:361.2(0.91%),P:1e0	Tpos:416.1,Tstd:117.2,Bpos:447.7,Bstd:299.0,StrandBias:-10.0,Multiplicity:20.00
0.100	0.700	0.100	0.100
0.100	0.100	0.700	0.100
0.100	0.100	0.100	0.700
0.100	0.100	0.700	0.100
0.100	0.100	0.100	0.700
0.700	0.100	0.100	0.100
0.700	0.100	0.100	0.100
0.100	0.700	0.100	0.100
