>WTMTCCCCTTTT	23-AAAAGGGGAKAW	8.358167	-8.708562	0	T:44.0(44.00%),B:10966.2(26.83%),P:1e-3
0.512	0.099	0.001	0.388
0.001	0.113	0.363	0.523
0.373	0.440	0.066	0.122
0.085	0.058	0.046	0.811
0.038	0.685	0.134	0.143
0.029	0.821	0.024	0.126
0.050	0.802	0.033	0.115
0.235	0.651	0.001	0.113
0.001	0.058	0.050	0.891
0.001	0.029	0.001	0.969
0.066	0.034	0.002	0.898
0.001	0.128	0.001	0.870
