>AGGTACVA	1-AGGTACVA	8.055963	-13.103231	0	T:22.0(23.40%),B:3072.2(7.66%),P:1e-5	Tpos:534.3,Tstd:257.1,Bpos:503.3,Bstd:311.4,StrandBias:0.0,Multiplicity:1.05
0.771	0.001	0.227	0.001
0.001	0.001	0.997	0.001
0.001	0.001	0.997	0.001
0.001	0.001	0.001	0.997
0.997	0.001	0.001	0.001
0.001	0.842	0.001	0.156
0.406	0.265	0.328	0.001
0.997	0.001	0.001	0.001
>TCCGAWTT	2-TCCGAWTT	9.784024	-9.949124	0	T:24.0(25.53%),B:4329.8(10.80%),P:1e-4	Tpos:503.2,Tstd:265.1,Bpos:500.2,Bstd:310.0,StrandBias:-0.5,Multiplicity:1.21
0.001	0.001	0.001	0.997
0.001	0.997	0.001	0.001
0.001	0.997	0.001	0.001
0.001	0.001	0.997	0.001
0.747	0.031	0.195	0.027
0.416	0.001	0.148	0.436
0.001	0.056	0.029	0.914
0.001	0.001	0.033	0.965
>TACTAATT	3-TACTAATT	8.037001	-9.148699	0	T:46.0(48.94%),B:12092.1(30.17%),P:1e-3	Tpos:583.3,Tstd:301.3,Bpos:499.2,Bstd:295.9,StrandBias:0.1,Multiplicity:1.35
0.001	0.001	0.187	0.811
0.997	0.001	0.001	0.001
0.257	0.741	0.001	0.001
0.001	0.001	0.001	0.997
0.997	0.001	0.001	0.001
0.997	0.001	0.001	0.001
0.001	0.001	0.001	0.997
0.001	0.001	0.001	0.997
>GGAGCAAA	4-GGAGCAAA	8.236954	-8.968015	0	T:14.0(14.89%),B:1878.7(4.69%),P:1e-3	Tpos:539.4,Tstd:225.0,Bpos:523.8,Bstd:339.1,StrandBias:-0.4,Multiplicity:1.00
0.100	0.100	0.700	0.100
0.100	0.100	0.700	0.100
0.700	0.100	0.100	0.100
0.100	0.100	0.700	0.100
0.100	0.700	0.100	0.100
0.700	0.100	0.100	0.100
0.700	0.100	0.100	0.100
0.700	0.100	0.100	0.100
>CCTGGCGT	5-CCTGGCGT	5.379825	-8.707990	0	T:39.0(41.49%),B:9695.6(24.19%),P:1e-3	Tpos:543.1,Tstd:267.9,Bpos:513.3,Bstd:329.6,StrandBias:0.5,Multiplicity:1.49
0.097	0.742	0.056	0.105
0.109	0.810	0.005	0.076
0.102	0.103	0.036	0.759
0.001	0.001	0.853	0.145
0.133	0.329	0.537	0.001
0.040	0.747	0.080	0.133
0.097	0.086	0.816	0.001
0.072	0.146	0.020	0.762
>AAGCTSAG	6-AAGCTSAG	8.638118	-7.748619	0	T:19.0(20.21%),B:3486.3(8.70%),P:1e-3	Tpos:473.1,Tstd:299.3,Bpos:485.3,Bstd:312.5,StrandBias:-0.2,Multiplicity:1.32
0.718	0.280	0.001	0.001
0.895	0.103	0.001	0.001
0.001	0.001	0.997	0.001
0.001	0.997	0.001	0.001
0.001	0.001	0.056	0.942
0.001	0.502	0.387	0.110
0.718	0.001	0.001	0.280
0.397	0.001	0.601	0.001
>ACCTGGTC	7-ACCTGGTC	6.343775	-6.984858	0	T:22.0(23.40%),B:4632.4(11.56%),P:1e-3	Tpos:448.3,Tstd:259.3,Bpos:493.0,Bstd:331.0,StrandBias:-0.6,Multiplicity:1.59
0.630	0.145	0.157	0.068
0.093	0.884	0.004	0.019
0.070	0.692	0.064	0.174
0.293	0.001	0.149	0.557
0.022	0.001	0.976	0.001
0.032	0.043	0.825	0.100
0.006	0.236	0.202	0.556
0.079	0.854	0.001	0.066
>GTGACGCC	8-GTGACGCC	8.943040	-5.374748	0	T:11.0(11.70%),B:1878.5(4.69%),P:1e-2	Tpos:535.6,Tstd:252.2,Bpos:475.5,Bstd:326.2,StrandBias:0.5,Multiplicity:1.45
0.001	0.001	0.997	0.001
0.001	0.001	0.001	0.997
0.397	0.001	0.601	0.001
0.997	0.001	0.001	0.001
0.001	0.710	0.288	0.001
0.001	0.001	0.997	0.001
0.001	0.685	0.001	0.313
0.001	0.997	0.001	0.001
