>CACCGTCG	1-CACCGTCG	6.228765	-16.064576	0	T:71.0(32.27%),B:6928.4(17.58%),P:1e-6	Tpos:526.5,Tstd:297.0,Bpos:500.7,Bstd:338.6,StrandBias:0.8,Multiplicity:1.15
0.076	0.822	0.052	0.050
0.769	0.075	0.059	0.097
0.090	0.682	0.085	0.143
0.062	0.766	0.102	0.070
0.050	0.082	0.758	0.110
0.093	0.108	0.091	0.708
0.067	0.742	0.152	0.039
0.073	0.052	0.767	0.108
>GCCTCTTC	2-GCCTCTTC	7.298717	-12.931934	0	T:27.0(12.27%),B:1754.2(4.45%),P:1e-5	Tpos:516.5,Tstd:260.3,Bpos:541.3,Bstd:319.7,StrandBias:-0.1,Multiplicity:1.07
0.001	0.001	0.997	0.001
0.001	0.997	0.001	0.001
0.001	0.997	0.001	0.001
0.001	0.001	0.001	0.997
0.001	0.775	0.223	0.001
0.001	0.001	0.001	0.997
0.103	0.001	0.001	0.895
0.001	0.997	0.001	0.001
>ACGAAGAT	3-ACGAAGAT	8.236954	-8.964673	0	T:17.0(7.73%),B:1065.5(2.70%),P:1e-3	Tpos:397.8,Tstd:301.3,Bpos:492.7,Bstd:322.7,StrandBias:-0.5,Multiplicity:1.00
0.700	0.100	0.100	0.100
0.100	0.700	0.100	0.100
0.100	0.100	0.700	0.100
0.700	0.100	0.100	0.100
0.700	0.100	0.100	0.100
0.100	0.100	0.700	0.100
0.700	0.100	0.100	0.100
0.100	0.100	0.100	0.700
>TAGACTGA	4-TAGACTGA	7.444923	-8.926608	0	T:51.0(23.18%),B:5449.7(13.83%),P:1e-3	Tpos:561.4,Tstd:265.3,Bpos:507.1,Bstd:319.2,StrandBias:-0.6,Multiplicity:1.24
0.001	0.181	0.001	0.817
0.776	0.001	0.222	0.001
0.075	0.001	0.923	0.001
0.662	0.049	0.288	0.001
0.001	0.997	0.001	0.001
0.001	0.143	0.001	0.855
0.001	0.001	0.997	0.001
0.976	0.022	0.001	0.001
>TCCCCTAA	5-TCCCCTAA	8.563381	-7.139090	0	T:19.0(8.64%),B:1486.9(3.77%),P:1e-3	Tpos:469.3,Tstd:232.7,Bpos:518.4,Bstd:315.8,StrandBias:1.9,Multiplicity:1.53
0.001	0.001	0.001	0.997
0.281	0.717	0.001	0.001
0.001	0.997	0.001	0.001
0.001	0.857	0.141	0.001
0.001	0.997	0.001	0.001
0.001	0.001	0.001	0.997
0.866	0.001	0.001	0.132
0.997	0.001	0.001	0.001
