>CGGTGCGGCG	1-CGGTGCGGCG	10.394452	-24.337294	0	T:12.0(5.45%),B:129.3(0.33%),P:1e-10	Tpos:490.3,Tstd:245.6,Bpos:516.8,Bstd:373.3,StrandBias:0.5,Multiplicity:1.00
0.001	0.997	0.001	0.001
0.001	0.001	0.681	0.317
0.094	0.103	0.802	0.001
0.077	0.053	0.001	0.869
0.001	0.001	0.997	0.001
0.001	0.949	0.049	0.001
0.105	0.001	0.893	0.001
0.001	0.001	0.997	0.001
0.001	0.997	0.001	0.001
0.001	0.113	0.885	0.001
>ACCTTGCTCA	2-ACCTTGCTCA	9.391767	-24.321680	0	T:19.0(8.64%),B:455.3(1.16%),P:1e-10	Tpos:438.4,Tstd:247.8,Bpos:498.5,Bstd:316.5,StrandBias:0.0,Multiplicity:1.05
0.897	0.101	0.001	0.001
0.001	0.823	0.175	0.001
0.001	0.997	0.001	0.001
0.001	0.001	0.001	0.997
0.137	0.001	0.001	0.861
0.001	0.081	0.917	0.001
0.038	0.747	0.135	0.080
0.001	0.001	0.119	0.879
0.001	0.997	0.001	0.001
0.891	0.001	0.001	0.107
>CCTTKCYTAM	3-CCTTKCYTAM	8.712699	-23.527211	0	T:37.0(16.82%),B:1914.6(4.86%),P:1e-10	Tpos:546.2,Tstd:287.0,Bpos:512.6,Bstd:316.9,StrandBias:-0.5,Multiplicity:1.08
0.001	0.997	0.001	0.001
0.250	0.748	0.001	0.001
0.001	0.001	0.358	0.640
0.001	0.074	0.001	0.924
0.001	0.001	0.471	0.527
0.145	0.853	0.001	0.001
0.001	0.488	0.001	0.510
0.001	0.112	0.279	0.608
0.664	0.047	0.001	0.288
0.425	0.564	0.001	0.010
>GAGGGTAAGA	4-GAGGGTAAGA	9.256265	-23.021877	0	T:23.0(10.45%),B:758.9(1.93%),P:1e-9	Tpos:590.0,Tstd:264.0,Bpos:549.6,Bstd:325.1,StrandBias:-2.2,Multiplicity:1.00
0.060	0.071	0.868	0.001
0.997	0.001	0.001	0.001
0.044	0.049	0.906	0.001
0.001	0.082	0.876	0.041
0.001	0.001	0.926	0.072
0.046	0.047	0.025	0.882
0.839	0.056	0.043	0.062
0.997	0.001	0.001	0.001
0.001	0.001	0.753	0.245
0.997	0.001	0.001	0.001
>ACTTGTCGAC	5-ACTTGTCGAC	9.730824	-21.839626	0	T:23.0(10.45%),B:807.1(2.05%),P:1e-9	Tpos:502.3,Tstd:256.5,Bpos:499.5,Bstd:314.7,StrandBias:0.9,Multiplicity:1.05
0.856	0.001	0.082	0.061
0.001	0.927	0.071	0.001
0.001	0.001	0.001	0.997
0.001	0.001	0.099	0.899
0.001	0.001	0.907	0.091
0.040	0.001	0.063	0.896
0.001	0.948	0.001	0.050
0.044	0.210	0.745	0.001
0.927	0.001	0.001	0.071
0.001	0.950	0.001	0.048
>TTGTAGAGGC	6-TTGTAGAGGC	9.927732	-19.859936	0	T:15.0(6.82%),B:348.7(0.88%),P:1e-8	Tpos:553.7,Tstd:235.8,Bpos:484.0,Bstd:336.0,StrandBias:-0.6,Multiplicity:1.00
0.085	0.067	0.001	0.847
0.001	0.001	0.001	0.997
0.001	0.001	0.962	0.036
0.183	0.057	0.001	0.759
0.886	0.001	0.059	0.054
0.001	0.077	0.921	0.001
0.997	0.001	0.001	0.001
0.046	0.070	0.840	0.044
0.039	0.076	0.884	0.001
0.040	0.958	0.001	0.001
>ACACGGTCCC	7-ACACGGTCCC	10.339998	-19.068358	0	T:11.0(5.00%),B:166.5(0.42%),P:1e-8	Tpos:572.5,Tstd:277.4,Bpos:514.7,Bstd:324.6,StrandBias:0.3,Multiplicity:1.00
0.997	0.001	0.001	0.001
0.001	0.871	0.001	0.127
0.997	0.001	0.001	0.001
0.088	0.821	0.001	0.090
0.075	0.001	0.923	0.001
0.090	0.001	0.908	0.001
0.001	0.001	0.001	0.997
0.001	0.997	0.001	0.001
0.091	0.697	0.119	0.093
0.001	0.880	0.001	0.118
>CGTTGCTCTA	8-CGTTGCTCTA	9.764343	-18.597454	0	T:17.0(7.73%),B:511.2(1.30%),P:1e-8	Tpos:408.5,Tstd:262.2,Bpos:502.3,Bstd:306.1,StrandBias:-0.5,Multiplicity:1.00
0.001	0.807	0.001	0.191
0.047	0.001	0.896	0.056
0.001	0.107	0.114	0.778
0.001	0.001	0.001	0.997
0.001	0.001	0.960	0.038
0.001	0.949	0.001	0.049
0.001	0.001	0.001	0.997
0.001	0.852	0.081	0.066
0.001	0.054	0.076	0.869
0.954	0.001	0.001	0.044
>CATCGTAMTG	9-CATCGTAMTG	9.305075	-18.201165	0	T:16.0(7.27%),B:460.0(1.17%),P:1e-7	Tpos:569.8,Tstd:248.3,Bpos:482.6,Bstd:286.4,StrandBias:-0.4,Multiplicity:1.00
0.001	0.997	0.001	0.001
0.802	0.125	0.001	0.072
0.001	0.001	0.090	0.908
0.001	0.691	0.233	0.075
0.078	0.286	0.635	0.001
0.001	0.070	0.001	0.928
0.997	0.001	0.001	0.001
0.519	0.479	0.001	0.001
0.280	0.001	0.001	0.718
0.001	0.082	0.842	0.075
>GACTGTTAAC	10-GACTGTTAAC	9.505944	-17.858576	0	T:18.0(8.18%),B:609.1(1.55%),P:1e-7	Tpos:541.7,Tstd:240.0,Bpos:516.9,Bstd:289.8,StrandBias:0.0,Multiplicity:1.11
0.039	0.001	0.959	0.001
0.997	0.001	0.001	0.001
0.001	0.917	0.081	0.001
0.001	0.001	0.001	0.997
0.086	0.001	0.864	0.049
0.118	0.001	0.001	0.880
0.001	0.078	0.001	0.920
0.923	0.075	0.001	0.001
0.873	0.125	0.001	0.001
0.194	0.739	0.001	0.066
>TCAGTGCTCG	11-TCAGTGCTCG	7.715542	-17.818953	0	T:28.0(12.73%),B:1455.0(3.69%),P:1e-7	Tpos:507.2,Tstd:262.7,Bpos:496.5,Bstd:320.2,StrandBias:0.4,Multiplicity:1.07
0.146	0.112	0.105	0.637
0.011	0.833	0.112	0.044
0.794	0.065	0.038	0.103
0.042	0.040	0.850	0.068
0.009	0.021	0.082	0.888
0.052	0.033	0.842	0.073
0.049	0.786	0.073	0.092
0.089	0.069	0.077	0.765
0.059	0.807	0.034	0.100
0.065	0.060	0.806	0.069
>CCCGTGAATT	12-CCCGTGAATT	8.709722	-17.514333	0	T:14.0(6.36%),B:356.4(0.90%),P:1e-7	Tpos:487.3,Tstd:216.3,Bpos:518.8,Bstd:326.0,StrandBias:1.0,Multiplicity:1.07
0.001	0.912	0.086	0.001
0.001	0.931	0.067	0.001
0.001	0.997	0.001	0.001
0.001	0.068	0.930	0.001
0.001	0.057	0.001	0.941
0.001	0.001	0.997	0.001
0.915	0.001	0.083	0.001
0.885	0.113	0.001	0.001
0.001	0.094	0.068	0.837
0.001	0.001	0.001	0.997
>CAAGAATGAC	13-CAAGAATGAC	10.108665	-16.259663	0	T:16.0(7.27%),B:531.9(1.35%),P:1e-7	Tpos:456.4,Tstd:237.8,Bpos:501.2,Bstd:314.8,StrandBias:-0.9,Multiplicity:1.06
0.001	0.891	0.001	0.107
0.837	0.021	0.001	0.141
0.835	0.018	0.146	0.001
0.001	0.078	0.920	0.001
0.936	0.059	0.001	0.004
0.869	0.001	0.014	0.116
0.001	0.014	0.001	0.984
0.008	0.001	0.990	0.001
0.878	0.120	0.001	0.001
0.001	0.693	0.001	0.305
>TCTATATCTC	14-TCTATATCTC	9.740816	-15.497191	0	T:26.0(11.82%),B:1432.2(3.63%),P:1e-6	Tpos:466.3,Tstd:241.5,Bpos:549.9,Bstd:309.7,StrandBias:1.1,Multiplicity:1.24
0.001	0.001	0.078	0.920
0.001	0.826	0.054	0.119
0.001	0.001	0.001	0.997
0.803	0.167	0.001	0.029
0.001	0.177	0.001	0.821
0.845	0.001	0.001	0.153
0.001	0.001	0.001	0.997
0.042	0.946	0.001	0.011
0.051	0.001	0.001	0.947
0.043	0.911	0.001	0.045
>CGTAAATCGA	15-CGTAAATCGA	9.378082	-15.497191	0	T:26.0(11.82%),B:1432.6(3.64%),P:1e-6	Tpos:541.4,Tstd:221.2,Bpos:516.0,Bstd:354.4,StrandBias:-0.4,Multiplicity:1.23
0.001	0.937	0.061	0.001
0.001	0.001	0.941	0.057
0.155	0.001	0.001	0.843
0.997	0.001	0.001	0.001
0.997	0.001	0.001	0.001
0.894	0.001	0.104	0.001
0.052	0.001	0.001	0.946
0.072	0.869	0.058	0.001
0.001	0.024	0.974	0.001
0.997	0.001	0.001	0.001
>TATCTTCGTC	16-TATCTTCGTC	10.205959	-14.169186	0	T:19.0(8.64%),B:873.4(2.22%),P:1e-6	Tpos:367.4,Tstd:244.0,Bpos:515.9,Bstd:341.5,StrandBias:0.1,Multiplicity:1.11
0.196	0.174	0.096	0.534
0.762	0.095	0.001	0.142
0.001	0.001	0.001	0.997
0.001	0.997	0.001	0.001
0.101	0.001	0.001	0.897
0.001	0.001	0.001	0.997
0.001	0.926	0.001	0.072
0.001	0.001	0.997	0.001
0.001	0.001	0.001	0.997
0.001	0.997	0.001	0.001
>TTTTTCGCCW	17-TTTTTCGCCW	6.697136	-12.918745	0	T:52.0(23.64%),B:4831.3(12.26%),P:1e-5	Tpos:513.0,Tstd:313.6,Bpos:524.2,Bstd:336.0,StrandBias:1.4,Multiplicity:1.27
0.284	0.097	0.052	0.567
0.133	0.108	0.078	0.681
0.112	0.119	0.106	0.663
0.115	0.109	0.106	0.670
0.058	0.227	0.240	0.474
0.275	0.497	0.184	0.044
0.251	0.267	0.444	0.037
0.175	0.524	0.073	0.228
0.303	0.512	0.109	0.076
0.422	0.168	0.093	0.317
>TAAAATTCCC	18-TAAAATTCCC	0.023396	-1.678866	0	T:77.0(35.00%),B:12598.1(31.97%),P:1e0	Tpos:494.2,Tstd:264.5,Bpos:502.8,Bstd:317.5,StrandBias:1.0,Multiplicity:1.34
0.001	0.113	0.001	0.885
0.997	0.001	0.001	0.001
0.997	0.001	0.001	0.001
0.997	0.001	0.001	0.001
0.906	0.001	0.092	0.001
0.001	0.001	0.001	0.997
0.001	0.001	0.001	0.997
0.001	0.997	0.001	0.001
0.001	0.997	0.001	0.001
0.001	0.997	0.001	0.001
