>TCAGTTCGAT	1-TCAGTTCGAT	10.340982	-16.243938	0	T:8.0(30.77%),B:736.1(2.30%),P:1e-7	Tpos:636.9,Tstd:246.0,Bpos:533.9,Bstd:317.6,StrandBias:1.0,Multiplicity:1.12
0.119	0.001	0.001	0.879
0.001	0.997	0.001	0.001
0.773	0.118	0.001	0.108
0.001	0.001	0.925	0.073
0.001	0.122	0.001	0.876
0.001	0.001	0.001	0.997
0.001	0.928	0.001	0.070
0.070	0.103	0.826	0.001
0.895	0.001	0.001	0.103
0.001	0.001	0.001	0.997
>ATCCTACGCG	2-ATCCTACGCG	9.297068	-12.601498	0	T:5.0(19.23%),B:286.9(0.90%),P:1e-5	Tpos:477.3,Tstd:263.9,Bpos:504.9,Bstd:309.3,StrandBias:-0.3,Multiplicity:1.80
0.997	0.001	0.001	0.001
0.001	0.001	0.001	0.997
0.001	0.660	0.190	0.149
0.001	0.563	0.259	0.177
0.001	0.182	0.001	0.816
0.631	0.001	0.367	0.001
0.001	0.989	0.001	0.009
0.001	0.258	0.740	0.001
0.332	0.666	0.001	0.001
0.001	0.001	0.997	0.001
>GGTACTGTGG	3-GGTACTGTGG	8.018480	-12.601092	0	T:11.0(42.31%),B:2678.8(8.37%),P:1e-5	Tpos:500.9,Tstd:228.0,Bpos:482.2,Bstd:304.8,StrandBias:0.9,Multiplicity:1.55
0.057	0.001	0.670	0.272
0.001	0.001	0.997	0.001
0.097	0.001	0.001	0.901
0.992	0.006	0.001	0.001
0.001	0.811	0.001	0.187
0.094	0.001	0.188	0.717
0.171	0.001	0.643	0.185
0.001	0.001	0.001	0.997
0.311	0.001	0.595	0.093
0.001	0.171	0.706	0.122
>TTTGAGTCTA	4-TTTGAGTCTA	9.416382	-12.597208	0	T:9.0(34.62%),B:1633.8(5.11%),P:1e-5	Tpos:460.3,Tstd:204.0,Bpos:499.6,Bstd:305.9,StrandBias:0.0,Multiplicity:1.22
0.001	0.223	0.001	0.775
0.001	0.001	0.001	0.997
0.160	0.001	0.001	0.838
0.001	0.125	0.780	0.094
0.997	0.001	0.001	0.001
0.110	0.225	0.656	0.009
0.001	0.001	0.001	0.997
0.001	0.921	0.001	0.077
0.257	0.273	0.001	0.468
0.844	0.154	0.001	0.001
>GTGTWACAAK	5-GTGTWACAAK	8.200411	-5.229637	0	T:4.0(15.38%),B:882.5(2.76%),P:1e-2	Tpos:452.4,Tstd:149.4,Bpos:478.5,Bstd:327.3,StrandBias:-3.5,Multiplicity:6.00
0.189	0.063	0.468	0.279
0.061	0.003	0.068	0.868
0.118	0.163	0.669	0.050
0.084	0.188	0.001	0.727
0.479	0.037	0.003	0.480
0.805	0.170	0.001	0.024
0.211	0.662	0.126	0.001
0.801	0.001	0.160	0.038
0.493	0.315	0.106	0.087
0.140	0.026	0.403	0.431
>TGCAGCCGAC	6-TGCAGCCGAC	10.969283	-4.424602	0	T:2.0(7.69%),B:203.6(0.64%),P:1e-1	Tpos:333.8,Tstd:261.2,Bpos:505.9,Bstd:315.1,StrandBias:-1.6,Multiplicity:2.00
0.046	0.105	0.001	0.848
0.001	0.001	0.997	0.001
0.001	0.862	0.001	0.136
0.906	0.001	0.092	0.001
0.001	0.119	0.757	0.123
0.001	0.997	0.001	0.001
0.119	0.797	0.001	0.083
0.109	0.001	0.889	0.001
0.997	0.001	0.001	0.001
0.001	0.997	0.001	0.001
