>GGTGGAGGCATT	1-GGTGGAGGCATT	14.497843	-22.911137	0	T:4.0(15.38%),B:7.2(0.02%),P:1e-9	Tpos:545.0,Tstd:112.9,Bpos:550.9,Bstd:364.2,StrandBias:0.0,Multiplicity:1.00
0.001	0.001	0.997	0.001
0.001	0.001	0.997	0.001
0.001	0.001	0.001	0.997
0.001	0.001	0.997	0.001
0.001	0.001	0.997	0.001
0.997	0.001	0.001	0.001
0.246	0.001	0.752	0.001
0.001	0.001	0.997	0.001
0.001	0.997	0.001	0.001
0.494	0.274	0.001	0.231
0.001	0.001	0.001	0.997
0.001	0.001	0.001	0.997
>ATGTTAAAGATA	2-ATGTTAAAGATA	14.106310	-21.244564	0	T:5.0(19.23%),B:47.1(0.15%),P:1e-9	Tpos:535.6,Tstd:217.2,Bpos:584.6,Bstd:315.0,StrandBias:-0.6,Multiplicity:1.00
0.778	0.001	0.001	0.220
0.001	0.001	0.001	0.997
0.001	0.001	0.997	0.001
0.001	0.001	0.001	0.997
0.001	0.001	0.001	0.997
0.997	0.001	0.001	0.001
0.997	0.001	0.001	0.001
0.751	0.001	0.247	0.001
0.001	0.001	0.997	0.001
0.827	0.001	0.001	0.171
0.001	0.001	0.001	0.997
0.829	0.001	0.001	0.169
>CATTKGACAGTT	3-CATTKGACAGTT	9.947854	-20.981216	0	T:7.0(26.92%),B:236.9(0.74%),P:1e-9	Tpos:593.1,Tstd:296.6,Bpos:478.1,Bstd:323.6,StrandBias:1.0,Multiplicity:1.29
0.001	0.997	0.001	0.001
0.628	0.001	0.001	0.370
0.001	0.001	0.001	0.997
0.001	0.001	0.001	0.997
0.001	0.001	0.432	0.566
0.027	0.337	0.635	0.001
0.997	0.001	0.001	0.001
0.001	0.997	0.001	0.001
0.978	0.001	0.001	0.020
0.001	0.001	0.997	0.001
0.302	0.001	0.001	0.696
0.001	0.001	0.001	0.997
>CCATATTGAAAA	4-CCATATTGAAAA	13.680185	-20.923359	0	T:6.0(23.08%),B:123.2(0.38%),P:1e-9	Tpos:655.0,Tstd:227.5,Bpos:495.2,Bstd:350.2,StrandBias:0.0,Multiplicity:1.00
0.001	0.879	0.001	0.119
0.001	0.997	0.001	0.001
0.997	0.001	0.001	0.001
0.001	0.001	0.001	0.997
0.840	0.158	0.001	0.001
0.001	0.001	0.001	0.997
0.001	0.001	0.001	0.997
0.001	0.170	0.828	0.001
0.807	0.191	0.001	0.001
0.796	0.202	0.001	0.001
0.997	0.001	0.001	0.001
0.997	0.001	0.001	0.001
>TTAACCGGGTAT	5-TTAACCGGGTAT	15.096400	-20.081941	0	T:3.0(11.54%),B:1.5(0.00%),P:1e-8	Tpos:487.0,Tstd:267.4,Bpos:152.7,Bstd:30.0,StrandBias:-10.0,Multiplicity:1.00
0.001	0.001	0.001	0.997
0.001	0.001	0.332	0.666
0.997	0.001	0.001	0.001
0.997	0.001	0.001	0.001
0.001	0.997	0.001	0.001
0.001	0.997	0.001	0.001
0.001	0.001	0.997	0.001
0.001	0.001	0.997	0.001
0.001	0.001	0.997	0.001
0.001	0.001	0.001	0.997
0.666	0.001	0.332	0.001
0.001	0.001	0.001	0.997
>TGCGGACAGGAT	6-TGCGGACAGGAT	12.308907	-13.173428	0	T:2.0(7.69%),B:1.4(0.00%),P:1e-5	Tpos:415.0,Tstd:150.0,Bpos:419.0,Bstd:0.0,StrandBias:10.0,Multiplicity:1.00
0.001	0.001	0.001	0.997
0.001	0.001	0.997	0.001
0.001	0.997	0.001	0.001
0.001	0.001	0.997	0.001
0.001	0.122	0.876	0.001
0.912	0.001	0.086	0.001
0.001	0.876	0.001	0.122
0.997	0.001	0.001	0.001
0.001	0.001	0.997	0.001
0.001	0.001	0.997	0.001
0.997	0.001	0.001	0.001
0.001	0.001	0.001	0.997
>ACGATGCTCCGA	7-ACGATGCTCCGA	12.058975	-11.490760	0	T:3.0(11.54%),B:49.5(0.15%),P:1e-4	Tpos:378.8,Tstd:295.6,Bpos:541.4,Bstd:228.9,StrandBias:10.0,Multiplicity:1.33
0.636	0.191	0.001	0.172
0.342	0.496	0.001	0.161
0.147	0.001	0.851	0.001
0.673	0.001	0.001	0.325
0.001	0.001	0.001	0.997
0.001	0.153	0.699	0.147
0.001	0.632	0.001	0.366
0.001	0.001	0.001	0.997
0.294	0.704	0.001	0.001
0.001	0.838	0.001	0.160
0.147	0.001	0.851	0.001
0.647	0.191	0.161	0.001
>STTMKGGTACTG	8-STTMKGGTACTG	14.399344	-10.942334	0	T:2.0(7.69%),B:6.9(0.02%),P:1e-4	Tpos:409.0,Tstd:243.0,Bpos:406.9,Bstd:293.7,StrandBias:10.0,Multiplicity:1.00
0.001	0.535	0.463	0.001
0.022	0.001	0.001	0.976
0.001	0.001	0.001	0.997
0.463	0.463	0.072	0.001
0.001	0.001	0.535	0.463
0.001	0.001	0.997	0.001
0.001	0.001	0.997	0.001
0.001	0.001	0.001	0.997
0.997	0.001	0.001	0.001
0.001	0.997	0.001	0.001
0.001	0.001	0.023	0.975
0.001	0.001	0.997	0.001
>ATBCTGCGCGHA	9-ATBCTGCGCGHA	12.261585	-9.366380	0	T:2.0(7.69%),B:15.0(0.05%),P:1e-4	Tpos:423.8,Tstd:257.9,Bpos:565.5,Bstd:280.7,StrandBias:-2.0,Multiplicity:2.50
0.997	0.001	0.001	0.001
0.001	0.001	0.328	0.670
0.001	0.306	0.328	0.364
0.001	0.666	0.001	0.332
0.001	0.001	0.001	0.997
0.374	0.001	0.624	0.001
0.001	0.997	0.001	0.001
0.001	0.001	0.997	0.001
0.001	0.997	0.001	0.001
0.001	0.001	0.670	0.328
0.328	0.375	0.001	0.296
0.997	0.001	0.001	0.001
>TTGCAGCCGACA	10-TTGCAGCCGACA	7.882831	-9.143160	0	T:5.0(19.23%),B:594.7(1.86%),P:1e-3	Tpos:427.7,Tstd:253.0,Bpos:537.2,Bstd:324.4,StrandBias:-0.2,Multiplicity:2.60
0.166	0.176	0.222	0.436
0.002	0.001	0.001	0.996
0.001	0.001	0.997	0.001
0.001	0.590	0.001	0.408
0.807	0.187	0.005	0.001
0.001	0.006	0.827	0.166
0.001	0.997	0.001	0.001
0.001	0.606	0.222	0.171
0.006	0.001	0.771	0.222
0.997	0.001	0.001	0.001
0.001	0.997	0.001	0.001
0.997	0.001	0.001	0.001
>HACAAAATTTTK	11-HACAAAATTTTK	8.891866	-7.687610	0	T:8.0(30.77%),B:2398.9(7.50%),P:1e-3	Tpos:388.6,Tstd:322.1,Bpos:484.5,Bstd:315.1,StrandBias:0.6,Multiplicity:1.00
0.327	0.324	0.101	0.248
0.692	0.082	0.091	0.135
0.303	0.634	0.001	0.062
0.616	0.115	0.145	0.124
0.494	0.194	0.014	0.298
0.790	0.082	0.113	0.015
0.603	0.057	0.230	0.110
0.129	0.057	0.226	0.588
0.086	0.103	0.157	0.654
0.211	0.059	0.025	0.705
0.216	0.159	0.131	0.495
0.150	0.114	0.408	0.328
>TCCCACGAGCAA	12-TCCCACGAGCAA	14.704735	-6.423419	0	T:1.0(3.85%),B:1.4(0.00%),P:1e-2	Tpos:765.0,Tstd:0.0,Bpos:219.0,Bstd:0.0,StrandBias:-10.0,Multiplicity:1.00
0.001	0.001	0.001	0.997
0.001	0.668	0.001	0.330
0.001	0.668	0.001	0.330
0.001	0.577	0.001	0.421
0.997	0.001	0.001	0.001
0.001	0.997	0.001	0.001
0.001	0.001	0.997	0.001
0.577	0.421	0.001	0.001
0.001	0.001	0.997	0.001
0.001	0.997	0.001	0.001
0.997	0.001	0.001	0.001
0.997	0.001	0.001	0.001
>GGGGTACKGTAG	13-GGGGTACKGTAG	14.810610	-5.049799	0	T:2.0(7.69%),B:146.2(0.46%),P:1e-2	Tpos:623.6,Tstd:228.0,Bpos:523.4,Bstd:311.0,StrandBias:2.0,Multiplicity:2.50
0.001	0.001	0.997	0.001
0.001	0.001	0.997	0.001
0.292	0.001	0.706	0.001
0.001	0.001	0.997	0.001
0.001	0.001	0.001	0.997
0.997	0.001	0.001	0.001
0.001	0.997	0.001	0.001
0.001	0.001	0.569	0.429
0.001	0.001	0.997	0.001
0.001	0.001	0.001	0.997
0.997	0.001	0.001	0.001
0.001	0.001	0.997	0.001
>ATTTTTCGTGTA	14-ATTTTTCGTGTA	12.355432	-3.371336	0	T:1.0(3.85%),B:42.9(0.13%),P:1e-1	Tpos:420.1,Tstd:117.2,Bpos:393.8,Bstd:285.1,StrandBias:-10.0,Multiplicity:20.00
0.700	0.100	0.100	0.100
0.100	0.100	0.100	0.700
0.100	0.100	0.100	0.700
0.100	0.100	0.100	0.700
0.100	0.100	0.100	0.700
0.100	0.100	0.100	0.700
0.100	0.700	0.100	0.100
0.100	0.100	0.700	0.100
0.100	0.100	0.100	0.700
0.100	0.100	0.700	0.100
0.100	0.100	0.100	0.700
0.700	0.100	0.100	0.100
