>TCAGTTCGAT	1-TCAGTTCGAT	10.340982	-16.243938	0	T:8.0(30.77%),B:736.1(2.30%),P:1e-7	Tpos:636.9,Tstd:246.0,Bpos:533.9,Bstd:317.6,StrandBias:1.0,Multiplicity:1.12
0.119	0.001	0.001	0.879
0.001	0.997	0.001	0.001
0.773	0.118	0.001	0.108
0.001	0.001	0.925	0.073
0.001	0.122	0.001	0.876
0.001	0.001	0.001	0.997
0.001	0.928	0.001	0.070
0.070	0.103	0.826	0.001
0.895	0.001	0.001	0.103
0.001	0.001	0.001	0.997
>ATCCTACGCG	2-ATCCTACGCG	9.297068	-12.601498	0	T:5.0(19.23%),B:286.9(0.90%),P:1e-5	Tpos:477.3,Tstd:263.9,Bpos:504.9,Bstd:309.3,StrandBias:-0.3,Multiplicity:1.80
0.997	0.001	0.001	0.001
0.001	0.001	0.001	0.997
0.001	0.660	0.190	0.149
0.001	0.563	0.259	0.177
0.001	0.182	0.001	0.816
0.631	0.001	0.367	0.001
0.001	0.989	0.001	0.009
0.001	0.258	0.740	0.001
0.332	0.666	0.001	0.001
0.001	0.001	0.997	0.001
>GGTACTGTGG	3-GGTACTGTGG	8.018480	-12.601092	0	T:11.0(42.31%),B:2678.8(8.37%),P:1e-5	Tpos:500.9,Tstd:228.0,Bpos:482.2,Bstd:304.8,StrandBias:0.9,Multiplicity:1.55
0.057	0.001	0.670	0.272
0.001	0.001	0.997	0.001
0.097	0.001	0.001	0.901
0.992	0.006	0.001	0.001
0.001	0.811	0.001	0.187
0.094	0.001	0.188	0.717
0.171	0.001	0.643	0.185
0.001	0.001	0.001	0.997
0.311	0.001	0.595	0.093
0.001	0.171	0.706	0.122
>TTTGAGTCTA	4-TTTGAGTCTA	9.416382	-12.597208	0	T:9.0(34.62%),B:1633.8(5.11%),P:1e-5	Tpos:460.3,Tstd:204.0,Bpos:499.6,Bstd:305.9,StrandBias:0.0,Multiplicity:1.22
0.001	0.223	0.001	0.775
0.001	0.001	0.001	0.997
0.160	0.001	0.001	0.838
0.001	0.125	0.780	0.094
0.997	0.001	0.001	0.001
0.110	0.225	0.656	0.009
0.001	0.001	0.001	0.997
0.001	0.921	0.001	0.077
0.257	0.273	0.001	0.468
0.844	0.154	0.001	0.001
>GTGTWACAAK	5-GTGTWACAAK	8.200411	-5.229637	0	T:4.0(15.38%),B:882.5(2.76%),P:1e-2	Tpos:452.4,Tstd:149.4,Bpos:478.5,Bstd:327.3,StrandBias:-3.5,Multiplicity:6.00
0.189	0.063	0.468	0.279
0.061	0.003	0.068	0.868
0.118	0.163	0.669	0.050
0.084	0.188	0.001	0.727
0.479	0.037	0.003	0.480
0.805	0.170	0.001	0.024
0.211	0.662	0.126	0.001
0.801	0.001	0.160	0.038
0.493	0.315	0.106	0.087
0.140	0.026	0.403	0.431
>TGCAGCCGAC	6-TGCAGCCGAC	10.969283	-4.424602	0	T:2.0(7.69%),B:203.6(0.64%),P:1e-1	Tpos:333.8,Tstd:261.2,Bpos:505.9,Bstd:315.1,StrandBias:-1.6,Multiplicity:2.00
0.046	0.105	0.001	0.848
0.001	0.001	0.997	0.001
0.001	0.862	0.001	0.136
0.906	0.001	0.092	0.001
0.001	0.119	0.757	0.123
0.001	0.997	0.001	0.001
0.119	0.797	0.001	0.083
0.109	0.001	0.889	0.001
0.997	0.001	0.001	0.001
0.001	0.997	0.001	0.001
>GGTGGAGGCATT	1-GGTGGAGGCATT	14.497843	-22.911137	0	T:4.0(15.38%),B:7.2(0.02%),P:1e-9	Tpos:545.0,Tstd:112.9,Bpos:550.9,Bstd:364.2,StrandBias:0.0,Multiplicity:1.00
0.001	0.001	0.997	0.001
0.001	0.001	0.997	0.001
0.001	0.001	0.001	0.997
0.001	0.001	0.997	0.001
0.001	0.001	0.997	0.001
0.997	0.001	0.001	0.001
0.246	0.001	0.752	0.001
0.001	0.001	0.997	0.001
0.001	0.997	0.001	0.001
0.494	0.274	0.001	0.231
0.001	0.001	0.001	0.997
0.001	0.001	0.001	0.997
>ATGTTAAAGATA	2-ATGTTAAAGATA	14.106310	-21.244564	0	T:5.0(19.23%),B:47.1(0.15%),P:1e-9	Tpos:535.6,Tstd:217.2,Bpos:584.6,Bstd:315.0,StrandBias:-0.6,Multiplicity:1.00
0.778	0.001	0.001	0.220
0.001	0.001	0.001	0.997
0.001	0.001	0.997	0.001
0.001	0.001	0.001	0.997
0.001	0.001	0.001	0.997
0.997	0.001	0.001	0.001
0.997	0.001	0.001	0.001
0.751	0.001	0.247	0.001
0.001	0.001	0.997	0.001
0.827	0.001	0.001	0.171
0.001	0.001	0.001	0.997
0.829	0.001	0.001	0.169
>CATTKGACAGTT	3-CATTKGACAGTT	9.947854	-20.981216	0	T:7.0(26.92%),B:236.9(0.74%),P:1e-9	Tpos:593.1,Tstd:296.6,Bpos:478.1,Bstd:323.6,StrandBias:1.0,Multiplicity:1.29
0.001	0.997	0.001	0.001
0.628	0.001	0.001	0.370
0.001	0.001	0.001	0.997
0.001	0.001	0.001	0.997
0.001	0.001	0.432	0.566
0.027	0.337	0.635	0.001
0.997	0.001	0.001	0.001
0.001	0.997	0.001	0.001
0.978	0.001	0.001	0.020
0.001	0.001	0.997	0.001
0.302	0.001	0.001	0.696
0.001	0.001	0.001	0.997
>CCATATTGAAAA	4-CCATATTGAAAA	13.680185	-20.923359	0	T:6.0(23.08%),B:123.2(0.38%),P:1e-9	Tpos:655.0,Tstd:227.5,Bpos:495.2,Bstd:350.2,StrandBias:0.0,Multiplicity:1.00
0.001	0.879	0.001	0.119
0.001	0.997	0.001	0.001
0.997	0.001	0.001	0.001
0.001	0.001	0.001	0.997
0.840	0.158	0.001	0.001
0.001	0.001	0.001	0.997
0.001	0.001	0.001	0.997
0.001	0.170	0.828	0.001
0.807	0.191	0.001	0.001
0.796	0.202	0.001	0.001
0.997	0.001	0.001	0.001
0.997	0.001	0.001	0.001
>TTAACCGGGTAT	5-TTAACCGGGTAT	15.096400	-20.081941	0	T:3.0(11.54%),B:1.5(0.00%),P:1e-8	Tpos:487.0,Tstd:267.4,Bpos:152.7,Bstd:30.0,StrandBias:-10.0,Multiplicity:1.00
0.001	0.001	0.001	0.997
0.001	0.001	0.332	0.666
0.997	0.001	0.001	0.001
0.997	0.001	0.001	0.001
0.001	0.997	0.001	0.001
0.001	0.997	0.001	0.001
0.001	0.001	0.997	0.001
0.001	0.001	0.997	0.001
0.001	0.001	0.997	0.001
0.001	0.001	0.001	0.997
0.666	0.001	0.332	0.001
0.001	0.001	0.001	0.997
>TGCGGACAGGAT	6-TGCGGACAGGAT	12.308907	-13.173428	0	T:2.0(7.69%),B:1.4(0.00%),P:1e-5	Tpos:415.0,Tstd:150.0,Bpos:419.0,Bstd:0.0,StrandBias:10.0,Multiplicity:1.00
0.001	0.001	0.001	0.997
0.001	0.001	0.997	0.001
0.001	0.997	0.001	0.001
0.001	0.001	0.997	0.001
0.001	0.122	0.876	0.001
0.912	0.001	0.086	0.001
0.001	0.876	0.001	0.122
0.997	0.001	0.001	0.001
0.001	0.001	0.997	0.001
0.001	0.001	0.997	0.001
0.997	0.001	0.001	0.001
0.001	0.001	0.001	0.997
>ACGATGCTCCGA	7-ACGATGCTCCGA	12.058975	-11.490760	0	T:3.0(11.54%),B:49.5(0.15%),P:1e-4	Tpos:378.8,Tstd:295.6,Bpos:541.4,Bstd:228.9,StrandBias:10.0,Multiplicity:1.33
0.636	0.191	0.001	0.172
0.342	0.496	0.001	0.161
0.147	0.001	0.851	0.001
0.673	0.001	0.001	0.325
0.001	0.001	0.001	0.997
0.001	0.153	0.699	0.147
0.001	0.632	0.001	0.366
0.001	0.001	0.001	0.997
0.294	0.704	0.001	0.001
0.001	0.838	0.001	0.160
0.147	0.001	0.851	0.001
0.647	0.191	0.161	0.001
>STTMKGGTACTG	8-STTMKGGTACTG	14.399344	-10.942334	0	T:2.0(7.69%),B:6.9(0.02%),P:1e-4	Tpos:409.0,Tstd:243.0,Bpos:406.9,Bstd:293.7,StrandBias:10.0,Multiplicity:1.00
0.001	0.535	0.463	0.001
0.022	0.001	0.001	0.976
0.001	0.001	0.001	0.997
0.463	0.463	0.072	0.001
0.001	0.001	0.535	0.463
0.001	0.001	0.997	0.001
0.001	0.001	0.997	0.001
0.001	0.001	0.001	0.997
0.997	0.001	0.001	0.001
0.001	0.997	0.001	0.001
0.001	0.001	0.023	0.975
0.001	0.001	0.997	0.001
>ATBCTGCGCGHA	9-ATBCTGCGCGHA	12.261585	-9.366380	0	T:2.0(7.69%),B:15.0(0.05%),P:1e-4	Tpos:423.8,Tstd:257.9,Bpos:565.5,Bstd:280.7,StrandBias:-2.0,Multiplicity:2.50
0.997	0.001	0.001	0.001
0.001	0.001	0.328	0.670
0.001	0.306	0.328	0.364
0.001	0.666	0.001	0.332
0.001	0.001	0.001	0.997
0.374	0.001	0.624	0.001
0.001	0.997	0.001	0.001
0.001	0.001	0.997	0.001
0.001	0.997	0.001	0.001
0.001	0.001	0.670	0.328
0.328	0.375	0.001	0.296
0.997	0.001	0.001	0.001
>TTGCAGCCGACA	10-TTGCAGCCGACA	7.882831	-9.143160	0	T:5.0(19.23%),B:594.7(1.86%),P:1e-3	Tpos:427.7,Tstd:253.0,Bpos:537.2,Bstd:324.4,StrandBias:-0.2,Multiplicity:2.60
0.166	0.176	0.222	0.436
0.002	0.001	0.001	0.996
0.001	0.001	0.997	0.001
0.001	0.590	0.001	0.408
0.807	0.187	0.005	0.001
0.001	0.006	0.827	0.166
0.001	0.997	0.001	0.001
0.001	0.606	0.222	0.171
0.006	0.001	0.771	0.222
0.997	0.001	0.001	0.001
0.001	0.997	0.001	0.001
0.997	0.001	0.001	0.001
>HACAAAATTTTK	11-HACAAAATTTTK	8.891866	-7.687610	0	T:8.0(30.77%),B:2398.9(7.50%),P:1e-3	Tpos:388.6,Tstd:322.1,Bpos:484.5,Bstd:315.1,StrandBias:0.6,Multiplicity:1.00
0.327	0.324	0.101	0.248
0.692	0.082	0.091	0.135
0.303	0.634	0.001	0.062
0.616	0.115	0.145	0.124
0.494	0.194	0.014	0.298
0.790	0.082	0.113	0.015
0.603	0.057	0.230	0.110
0.129	0.057	0.226	0.588
0.086	0.103	0.157	0.654
0.211	0.059	0.025	0.705
0.216	0.159	0.131	0.495
0.150	0.114	0.408	0.328
>TCCCACGAGCAA	12-TCCCACGAGCAA	14.704735	-6.423419	0	T:1.0(3.85%),B:1.4(0.00%),P:1e-2	Tpos:765.0,Tstd:0.0,Bpos:219.0,Bstd:0.0,StrandBias:-10.0,Multiplicity:1.00
0.001	0.001	0.001	0.997
0.001	0.668	0.001	0.330
0.001	0.668	0.001	0.330
0.001	0.577	0.001	0.421
0.997	0.001	0.001	0.001
0.001	0.997	0.001	0.001
0.001	0.001	0.997	0.001
0.577	0.421	0.001	0.001
0.001	0.001	0.997	0.001
0.001	0.997	0.001	0.001
0.997	0.001	0.001	0.001
0.997	0.001	0.001	0.001
>GGGGTACKGTAG	13-GGGGTACKGTAG	14.810610	-5.049799	0	T:2.0(7.69%),B:146.2(0.46%),P:1e-2	Tpos:623.6,Tstd:228.0,Bpos:523.4,Bstd:311.0,StrandBias:2.0,Multiplicity:2.50
0.001	0.001	0.997	0.001
0.001	0.001	0.997	0.001
0.292	0.001	0.706	0.001
0.001	0.001	0.997	0.001
0.001	0.001	0.001	0.997
0.997	0.001	0.001	0.001
0.001	0.997	0.001	0.001
0.001	0.001	0.569	0.429
0.001	0.001	0.997	0.001
0.001	0.001	0.001	0.997
0.997	0.001	0.001	0.001
0.001	0.001	0.997	0.001
>ATTTTTCGTGTA	14-ATTTTTCGTGTA	12.355432	-3.371336	0	T:1.0(3.85%),B:42.9(0.13%),P:1e-1	Tpos:420.1,Tstd:117.2,Bpos:393.8,Bstd:285.1,StrandBias:-10.0,Multiplicity:20.00
0.700	0.100	0.100	0.100
0.100	0.100	0.100	0.700
0.100	0.100	0.100	0.700
0.100	0.100	0.100	0.700
0.100	0.100	0.100	0.700
0.100	0.100	0.100	0.700
0.100	0.700	0.100	0.100
0.100	0.100	0.700	0.100
0.100	0.100	0.100	0.700
0.100	0.100	0.700	0.100
0.100	0.100	0.100	0.700
0.700	0.100	0.100	0.100
>ATTGTTCG	1-ATTGTTCG	8.236954	-12.449291	0	T:8.0(30.77%),B:1223.1(3.82%),P:1e-5	Tpos:497.6,Tstd:342.4,Bpos:493.0,Bstd:303.2,StrandBias:0.0,Multiplicity:1.00
0.700	0.100	0.100	0.100
0.100	0.100	0.100	0.700
0.100	0.100	0.100	0.700
0.100	0.100	0.700	0.100
0.100	0.100	0.100	0.700
0.100	0.100	0.100	0.700
0.100	0.700	0.100	0.100
0.100	0.100	0.700	0.100
>TACGCCCA	2-TACGCCCA	7.693266	-10.667847	0	T:9.0(34.62%),B:2075.0(6.48%),P:1e-4	Tpos:586.4,Tstd:317.8,Bpos:545.1,Bstd:299.1,StrandBias:0.6,Multiplicity:1.11
0.121	0.026	0.166	0.687
0.754	0.227	0.001	0.018
0.001	0.976	0.001	0.022
0.001	0.003	0.894	0.102
0.001	0.997	0.001	0.001
0.001	0.920	0.066	0.013
0.100	0.898	0.001	0.001
0.788	0.001	0.001	0.210
>CCTACGCG	3-CCTACGCG	7.487519	-6.785124	0	T:4.0(15.38%),B:572.7(1.79%),P:1e-2	Tpos:625.0,Tstd:258.2,Bpos:531.4,Bstd:306.4,StrandBias:-1.6,Multiplicity:2.00
0.001	0.997	0.001	0.001
0.001	0.997	0.001	0.001
0.001	0.001	0.001	0.997
0.997	0.001	0.001	0.001
0.001	0.804	0.001	0.194
0.143	0.001	0.855	0.001
0.001	0.997	0.001	0.001
0.001	0.001	0.997	0.001
>GTASTGTA	4-GTASTGTA	8.775159	-4.565798	0	T:7.0(26.92%),B:3118.6(9.75%),P:1e-1	Tpos:530.4,Tstd:248.7,Bpos:501.4,Bstd:303.3,StrandBias:0.7,Multiplicity:2.14
0.001	0.138	0.860	0.001
0.001	0.001	0.001	0.997
0.997	0.001	0.001	0.001
0.001	0.496	0.502	0.001
0.235	0.001	0.001	0.763
0.001	0.001	0.997	0.001
0.001	0.001	0.001	0.997
0.997	0.001	0.001	0.001
>GTTACACG	5-GTTACACG	8.236954	-1.467463	0	T:1.0(3.85%),B:320.5(1.00%),P:1e0	Tpos:417.1,Tstd:117.2,Bpos:440.1,Bstd:318.5,StrandBias:10.0,Multiplicity:20.00
0.100	0.100	0.700	0.100
0.100	0.100	0.100	0.700
0.100	0.100	0.100	0.700
0.700	0.100	0.100	0.100
0.100	0.700	0.100	0.100
0.700	0.100	0.100	0.100
0.100	0.700	0.100	0.100
0.100	0.100	0.700	0.100
>AATAGATT	6-AATAGATT	8.236954	-1.216891	0	T:3.0(11.54%),B:2342.5(7.32%),P:1e0	Tpos:432.7,Tstd:143.2,Bpos:482.0,Bstd:317.1,StrandBias:4.2,Multiplicity:6.67
0.700	0.100	0.100	0.100
0.700	0.100	0.100	0.100
0.100	0.100	0.100	0.700
0.700	0.100	0.100	0.100
0.100	0.100	0.700	0.100
0.700	0.100	0.100	0.100
0.100	0.100	0.100	0.700
0.100	0.100	0.100	0.700
