>ACAGGTGTTC	1-ACAGGTGTTC	8.905933	-26.533503	0	T:37.0(11.49%),B:1189.9(2.91%),P:1e-11	Tpos:521.5,Tstd:279.2,Bpos:518.6,Bstd:340.2,StrandBias:0.6,Multiplicity:1.03
0.695	0.071	0.208	0.026
0.001	0.970	0.028	0.001
0.901	0.001	0.064	0.034
0.015	0.001	0.983	0.001
0.104	0.029	0.866	0.001
0.001	0.056	0.062	0.881
0.001	0.001	0.963	0.035
0.001	0.156	0.001	0.842
0.001	0.001	0.042	0.956
0.036	0.937	0.001	0.026
>GGGCGAGCGA	2-GGGCGAGCGA	10.040821	-23.379335	0	T:14.0(4.35%),B:153.7(0.38%),P:1e-10	Tpos:613.1,Tstd:249.4,Bpos:460.2,Bstd:356.9,StrandBias:-1.9,Multiplicity:1.00
0.001	0.001	0.997	0.001
0.061	0.001	0.937	0.001
0.001	0.001	0.997	0.001
0.001	0.997	0.001	0.001
0.147	0.001	0.851	0.001
0.895	0.001	0.103	0.001
0.154	0.001	0.844	0.001
0.001	0.858	0.001	0.140
0.001	0.213	0.785	0.001
0.836	0.001	0.001	0.162
>CCGGAGGTCA	3-CCGGAGGTCA	10.189021	-22.830261	0	T:14.0(4.35%),B:160.8(0.39%),P:1e-9	Tpos:572.1,Tstd:290.2,Bpos:514.9,Bstd:362.1,StrandBias:-1.0,Multiplicity:1.07
0.001	0.857	0.080	0.062
0.001	0.997	0.001	0.001
0.040	0.001	0.958	0.001
0.066	0.001	0.853	0.080
0.879	0.001	0.119	0.001
0.001	0.001	0.997	0.001
0.001	0.001	0.997	0.001
0.001	0.001	0.167	0.831
0.081	0.694	0.142	0.083
0.997	0.001	0.001	0.001
>ATTACCTYAC	4-ATTACCTYAC	9.670097	-22.061102	0	T:26.0(8.07%),B:715.1(1.75%),P:1e-9	Tpos:431.9,Tstd:310.4,Bpos:486.5,Bstd:324.9,StrandBias:0.7,Multiplicity:1.04
0.997	0.001	0.001	0.001
0.001	0.001	0.001	0.997
0.001	0.094	0.001	0.904
0.997	0.001	0.001	0.001
0.001	0.614	0.384	0.001
0.001	0.997	0.001	0.001
0.001	0.001	0.001	0.997
0.001	0.457	0.001	0.541
0.805	0.001	0.001	0.193
0.001	0.575	0.423	0.001
>TTGTCCCGCC	5-TTGTCCCGCC	10.043734	-21.459811	0	T:21.0(6.52%),B:472.7(1.16%),P:1e-9	Tpos:575.7,Tstd:288.5,Bpos:531.4,Bstd:351.1,StrandBias:0.7,Multiplicity:1.00
0.071	0.001	0.070	0.858
0.098	0.001	0.001	0.900
0.001	0.140	0.707	0.152
0.001	0.001	0.001	0.997
0.149	0.794	0.056	0.001
0.001	0.939	0.001	0.059
0.066	0.932	0.001	0.001
0.001	0.001	0.997	0.001
0.069	0.929	0.001	0.001
0.001	0.997	0.001	0.001
>GAGGRAAGAG	6-GAGGRAAGAG	9.080590	-21.419357	0	T:51.0(15.84%),B:2475.1(6.05%),P:1e-9	Tpos:539.9,Tstd:247.0,Bpos:551.4,Bstd:350.1,StrandBias:-1.8,Multiplicity:1.10
0.249	0.001	0.735	0.015
0.773	0.164	0.062	0.001
0.001	0.001	0.997	0.001
0.094	0.193	0.579	0.134
0.510	0.005	0.482	0.003
0.935	0.063	0.001	0.001
0.997	0.001	0.001	0.001
0.126	0.285	0.588	0.001
0.915	0.001	0.083	0.001
0.151	0.057	0.586	0.206
>GTGAGAGACG	7-GTGAGAGACG	7.180451	-20.249120	0	T:72.0(22.36%),B:4381.8(10.72%),P:1e-8	Tpos:552.1,Tstd:292.4,Bpos:568.7,Bstd:355.4,StrandBias:-0.9,Multiplicity:1.15
0.052	0.077	0.843	0.028
0.088	0.084	0.110	0.718
0.041	0.035	0.835	0.089
0.818	0.064	0.054	0.064
0.072	0.091	0.829	0.008
0.829	0.044	0.064	0.063
0.071	0.031	0.780	0.118
0.789	0.067	0.094	0.050
0.079	0.811	0.059	0.051
0.079	0.091	0.755	0.075
>CGTCCCCCTT	8-CGTCCCCCTT	9.990731	-20.152884	0	T:16.0(4.97%),B:277.1(0.68%),P:1e-8	Tpos:492.8,Tstd:238.0,Bpos:520.3,Bstd:365.9,StrandBias:1.3,Multiplicity:1.06
0.064	0.884	0.051	0.001
0.075	0.026	0.859	0.040
0.001	0.001	0.001	0.997
0.001	0.803	0.143	0.053
0.083	0.862	0.001	0.054
0.001	0.953	0.001	0.045
0.138	0.860	0.001	0.001
0.001	0.997	0.001	0.001
0.001	0.001	0.001	0.997
0.001	0.081	0.073	0.845
>KRCGTTHCGT	9-KRCGTTHCGT	7.351955	-18.676942	0	T:16.0(4.97%),B:309.4(0.76%),P:1e-8	Tpos:437.7,Tstd:285.5,Bpos:544.1,Bstd:332.4,StrandBias:0.0,Multiplicity:1.00
0.052	0.179	0.314	0.456
0.547	0.019	0.419	0.015
0.021	0.875	0.065	0.039
0.036	0.268	0.642	0.054
0.263	0.059	0.047	0.631
0.286	0.046	0.064	0.604
0.281	0.376	0.028	0.315
0.252	0.534	0.026	0.188
0.219	0.024	0.608	0.149
0.177	0.043	0.205	0.575
>TAAAATGACC	10-TAAAATGACC	10.042808	-18.483983	0	T:33.0(10.25%),B:1317.4(3.22%),P:1e-8	Tpos:536.3,Tstd:301.8,Bpos:479.1,Bstd:305.5,StrandBias:0.0,Multiplicity:1.00
0.001	0.001	0.001	0.997
0.930	0.068	0.001	0.001
0.905	0.001	0.001	0.093
0.997	0.001	0.001	0.001
0.901	0.001	0.001	0.097
0.001	0.001	0.001	0.997
0.045	0.148	0.648	0.159
0.820	0.042	0.041	0.097
0.001	0.997	0.001	0.001
0.205	0.793	0.001	0.001
>TTTAGCGATT	11-TTTAGCGATT	9.732192	-18.465723	0	T:52.0(16.15%),B:2792.7(6.83%),P:1e-8	Tpos:588.3,Tstd:291.1,Bpos:527.7,Bstd:321.1,StrandBias:0.4,Multiplicity:1.10
0.001	0.001	0.001	0.997
0.001	0.001	0.001	0.997
0.001	0.059	0.101	0.839
0.858	0.001	0.001	0.140
0.080	0.001	0.718	0.201
0.001	0.997	0.001	0.001
0.001	0.001	0.902	0.096
0.678	0.196	0.001	0.125
0.001	0.001	0.001	0.997
0.001	0.001	0.001	0.997
>ACCATCTGTT	12-ACCATCTGTT	9.205950	-18.030666	0	T:34.0(10.56%),B:1414.4(3.46%),P:1e-7	Tpos:563.3,Tstd:273.2,Bpos:534.9,Bstd:334.2,StrandBias:1.3,Multiplicity:1.06
0.909	0.001	0.065	0.025
0.175	0.771	0.053	0.001
0.001	0.997	0.001	0.001
0.920	0.051	0.001	0.028
0.001	0.050	0.050	0.899
0.028	0.932	0.039	0.001
0.001	0.001	0.001	0.997
0.041	0.182	0.735	0.042
0.001	0.029	0.056	0.914
0.001	0.041	0.001	0.957
>GGTGTGGCGA	13-GGTGTGGCGA	11.106955	-17.659744	0	T:9.0(2.80%),B:75.0(0.18%),P:1e-7	Tpos:324.7,Tstd:329.6,Bpos:595.8,Bstd:362.6,StrandBias:1.0,Multiplicity:1.00
0.001	0.001	0.997	0.001
0.001	0.151	0.847	0.001
0.001	0.001	0.001	0.997
0.001	0.001	0.997	0.001
0.001	0.097	0.001	0.901
0.001	0.001	0.997	0.001
0.001	0.001	0.876	0.122
0.001	0.997	0.001	0.001
0.001	0.099	0.899	0.001
0.997	0.001	0.001	0.001
>GTGGGTAAGT	14-GTGGGTAAGT	10.494806	-17.334234	0	T:11.0(3.42%),B:138.8(0.34%),P:1e-7	Tpos:566.6,Tstd:290.4,Bpos:514.3,Bstd:296.5,StrandBias:-2.2,Multiplicity:1.00
0.001	0.001	0.997	0.001
0.001	0.224	0.001	0.774
0.001	0.001	0.930	0.068
0.103	0.001	0.895	0.001
0.001	0.001	0.997	0.001
0.001	0.001	0.001	0.997
0.762	0.001	0.001	0.236
0.810	0.001	0.188	0.001
0.001	0.001	0.762	0.236
0.001	0.001	0.001	0.997
>GCTAGATATA	15-GCTAGATATA	9.738055	-16.938058	0	T:21.0(6.52%),B:618.6(1.51%),P:1e-7	Tpos:465.3,Tstd:250.3,Bpos:510.4,Bstd:323.3,StrandBias:1.1,Multiplicity:1.05
0.034	0.069	0.778	0.119
0.038	0.920	0.001	0.041
0.054	0.001	0.001	0.944
0.934	0.001	0.001	0.064
0.027	0.038	0.891	0.044
0.997	0.001	0.001	0.001
0.169	0.001	0.045	0.785
0.997	0.001	0.001	0.001
0.055	0.001	0.071	0.873
0.947	0.001	0.001	0.051
>GCACACWCAC	16-GCACACWCAC	9.597118	-15.184933	0	T:24.0(7.45%),B:881.2(2.16%),P:1e-6	Tpos:490.1,Tstd:328.9,Bpos:555.8,Bstd:355.1,StrandBias:0.5,Multiplicity:1.12
0.263	0.001	0.735	0.001
0.001	0.886	0.112	0.001
0.869	0.129	0.001	0.001
0.001	0.997	0.001	0.001
0.585	0.001	0.087	0.327
0.185	0.421	0.132	0.262
0.487	0.001	0.001	0.511
0.001	0.826	0.035	0.138
0.898	0.001	0.001	0.100
0.001	0.745	0.001	0.253
>TAGGGTACTG	17-TAGGGTACTG	7.427495	-14.547361	0	T:43.0(13.35%),B:2380.1(5.82%),P:1e-6	Tpos:549.1,Tstd:290.1,Bpos:506.3,Bstd:330.3,StrandBias:-0.2,Multiplicity:1.26
0.031	0.039	0.057	0.873
0.851	0.032	0.068	0.049
0.037	0.068	0.733	0.162
0.120	0.050	0.800	0.030
0.074	0.115	0.721	0.090
0.154	0.053	0.036	0.757
0.797	0.025	0.094	0.084
0.104	0.803	0.054	0.039
0.153	0.023	0.011	0.813
0.082	0.045	0.862	0.011
>ACGCGCAASV	18-ACGCGCAASV	9.649270	-13.994572	0	T:17.0(5.28%),B:499.0(1.22%),P:1e-6	Tpos:564.0,Tstd:236.1,Bpos:592.7,Bstd:346.5,StrandBias:0.3,Multiplicity:1.18
0.673	0.001	0.153	0.173
0.001	0.984	0.001	0.014
0.011	0.010	0.968	0.011
0.001	0.997	0.001	0.001
0.001	0.172	0.826	0.001
0.001	0.986	0.012	0.001
0.818	0.001	0.180	0.001
0.997	0.001	0.001	0.001
0.165	0.391	0.444	0.001
0.392	0.266	0.332	0.010
>GTGTGCACMC	19-GTGTGCACMC	8.015080	-13.702560	0	T:45.0(13.98%),B:2633.8(6.44%),P:1e-5	Tpos:640.7,Tstd:275.4,Bpos:554.4,Bstd:340.9,StrandBias:-0.2,Multiplicity:1.11
0.094	0.056	0.849	0.001
0.212	0.001	0.001	0.786
0.084	0.026	0.889	0.001
0.001	0.001	0.032	0.966
0.208	0.088	0.655	0.049
0.102	0.896	0.001	0.001
0.715	0.029	0.224	0.032
0.316	0.682	0.001	0.001
0.436	0.455	0.035	0.074
0.310	0.517	0.131	0.042
>CTGGCGGGTC	20-CTGGCGGGTC	10.109441	-13.669474	0	T:10.0(3.11%),B:162.4(0.40%),P:1e-5	Tpos:490.7,Tstd:222.2,Bpos:575.5,Bstd:342.2,StrandBias:-0.8,Multiplicity:1.40
0.001	0.997	0.001	0.001
0.001	0.001	0.001	0.997
0.179	0.001	0.677	0.143
0.061	0.079	0.859	0.001
0.001	0.823	0.105	0.071
0.001	0.001	0.935	0.063
0.001	0.001	0.997	0.001
0.001	0.001	0.997	0.001
0.105	0.001	0.105	0.789
0.001	0.997	0.001	0.001
>AATTTTGCTA	21-AATTTTGCTA	10.696830	-13.599949	0	T:21.0(6.52%),B:763.1(1.87%),P:1e-5	Tpos:408.1,Tstd:329.7,Bpos:491.7,Bstd:292.0,StrandBias:-0.4,Multiplicity:1.00
0.997	0.001	0.001	0.001
0.997	0.001	0.001	0.001
0.147	0.001	0.047	0.805
0.001	0.079	0.001	0.919
0.001	0.001	0.001	0.997
0.001	0.001	0.001	0.997
0.001	0.001	0.997	0.001
0.001	0.997	0.001	0.001
0.001	0.001	0.001	0.997
0.997	0.001	0.001	0.001
>AAATATCGAT	22-AAATATCGAT	10.177291	-11.915944	0	T:56.0(17.39%),B:3852.4(9.42%),P:1e-5	Tpos:540.0,Tstd:287.4,Bpos:528.3,Bstd:331.3,StrandBias:-0.5,Multiplicity:1.36
0.997	0.001	0.001	0.001
0.981	0.001	0.017	0.001
0.744	0.001	0.017	0.238
0.217	0.031	0.017	0.735
0.955	0.001	0.001	0.043
0.001	0.016	0.016	0.967
0.021	0.962	0.016	0.001
0.090	0.001	0.875	0.034
0.921	0.062	0.016	0.001
0.025	0.001	0.001	0.973
>GTTSGTMCAT	23-GTTSGTMCAT	10.702139	-11.466758	0	T:13.0(4.04%),B:365.2(0.89%),P:1e-4	Tpos:482.7,Tstd:251.4,Bpos:481.8,Bstd:294.8,StrandBias:-0.5,Multiplicity:1.46
0.001	0.213	0.785	0.001
0.001	0.001	0.001	0.997
0.001	0.001	0.001	0.997
0.001	0.476	0.522	0.001
0.001	0.001	0.997	0.001
0.001	0.001	0.001	0.997
0.571	0.427	0.001	0.001
0.001	0.997	0.001	0.001
0.997	0.001	0.001	0.001
0.001	0.001	0.001	0.997
>TTTTCTGGCC	24-TTTTCTGGCC	11.561638	-10.779002	0	T:15.0(4.66%),B:513.0(1.25%),P:1e-4	Tpos:458.2,Tstd:254.1,Bpos:506.7,Bstd:341.2,StrandBias:1.6,Multiplicity:1.07
0.001	0.001	0.001	0.997
0.001	0.001	0.001	0.997
0.001	0.001	0.001	0.997
0.001	0.001	0.001	0.997
0.001	0.997	0.001	0.001
0.001	0.001	0.001	0.997
0.001	0.001	0.997	0.001
0.001	0.001	0.872	0.126
0.001	0.997	0.001	0.001
0.001	0.814	0.001	0.184
>CGGCGATCGC	25-CGGCGATCGC	9.982918	-6.417213	0	T:5.0(1.55%),B:103.1(0.25%),P:1e-2	Tpos:681.7,Tstd:177.0,Bpos:408.2,Bstd:314.6,StrandBias:0.0,Multiplicity:3.00
0.001	0.965	0.001	0.033
0.001	0.112	0.886	0.001
0.001	0.260	0.738	0.001
0.001	0.997	0.001	0.001
0.030	0.001	0.968	0.001
0.997	0.001	0.001	0.001
0.001	0.001	0.001	0.997
0.001	0.972	0.001	0.026
0.001	0.046	0.952	0.001
0.022	0.763	0.214	0.001
