>GAATCAATTATT	20-GAATCAATTATT,BestGuess:MF0010.1_Homeobox_class/Jaspar(0.745)	10.053813	-11.541087	0	T:24.0(21.43%),B:3253.7(8.10%),P:1e-5
0.073	0.031	0.795	0.101
0.811	0.086	0.001	0.102
0.985	0.001	0.001	0.013
0.167	0.031	0.038	0.764
0.045	0.714	0.091	0.150
0.809	0.001	0.132	0.058
0.888	0.001	0.110	0.001
0.088	0.106	0.001	0.805
0.106	0.001	0.001	0.892
0.757	0.238	0.003	0.002
0.038	0.122	0.002	0.838
0.072	0.001	0.001	0.926
