>ACTATAAGAGCA	6-ACTATAAGAGCA	9.004163	-23.454953	0	T:20.0(9.35%),B:588.2(1.42%),P:1e-10
0.743	0.070	0.072	0.115
0.178	0.573	0.096	0.153
0.148	0.079	0.105	0.668
0.694	0.071	0.098	0.137
0.146	0.095	0.097	0.662
0.697	0.104	0.086	0.113
0.742	0.066	0.068	0.124
0.181	0.129	0.574	0.116
0.778	0.060	0.060	0.102
0.171	0.112	0.554	0.163
0.189	0.551	0.110	0.150
0.765	0.070	0.067	0.098
