>GAAAACGAAACA	14-GAAAACGAAACA	11.377931	-20.714640	0	T:21.0(9.81%),B:769.9(1.85%),P:1e-8
0.040	0.026	0.913	0.021
0.716	0.001	0.143	0.140
0.972	0.001	0.001	0.026
0.849	0.037	0.043	0.071
0.742	0.064	0.001	0.193
0.102	0.672	0.172	0.054
0.207	0.020	0.739	0.034
0.750	0.001	0.225	0.024
0.660	0.038	0.217	0.085
0.970	0.015	0.001	0.014
0.194	0.631	0.001	0.174
0.700	0.014	0.023	0.263
