>TATKAWTMATAT	2-ATATKAWTMATA	8.961064	-28.738573	0	T:38.0(17.76%),B:1826.2(4.39%),P:1e-12
0.011	0.245	0.255	0.489
0.894	0.052	0.016	0.038
0.046	0.048	0.001	0.905
0.001	0.012	0.463	0.524
0.837	0.061	0.045	0.057
0.379	0.198	0.022	0.401
0.061	0.030	0.075	0.834
0.450	0.506	0.043	0.001
0.863	0.018	0.070	0.049
0.031	0.043	0.387	0.539
0.607	0.380	0.012	0.001
0.062	0.026	0.071	0.841
