>ATCACTTGATAT	1-ATCACTTGATAT	11.754582	-19.972860	0	T:7.0(9.33%),B:104.5(0.27%),P:1e-8	Tpos:408.8,Tstd:215.7,Bpos:519.9,Bstd:324.1,StrandBias:1.6,Multiplicity:1.14
0.997	0.001	0.001	0.001
0.316	0.001	0.001	0.682
0.001	0.997	0.001	0.001
0.695	0.001	0.001	0.303
0.001	0.997	0.001	0.001
0.001	0.001	0.001	0.997
0.026	0.001	0.001	0.972
0.001	0.001	0.997	0.001
0.974	0.001	0.001	0.024
0.001	0.001	0.001	0.997
0.997	0.001	0.001	0.001
0.297	0.001	0.001	0.701
>TATCGGAGAGAG	2-TATCGGAGAGAG	14.586935	-19.756844	0	T:4.0(5.33%),B:6.1(0.02%),P:1e-8	Tpos:630.4,Tstd:329.4,Bpos:393.4,Bstd:332.1,StrandBias:-0.6,Multiplicity:1.25
0.001	0.001	0.241	0.757
0.997	0.001	0.001	0.001
0.001	0.001	0.001	0.997
0.241	0.757	0.001	0.001
0.001	0.001	0.997	0.001
0.001	0.001	0.997	0.001
0.726	0.001	0.272	0.001
0.001	0.001	0.997	0.001
0.997	0.001	0.001	0.001
0.001	0.001	0.997	0.001
0.997	0.001	0.001	0.001
0.001	0.001	0.997	0.001
>CCACCTGATTCA	3-CCACCTGATTCA	14.271494	-18.201027	0	T:4.0(5.33%),B:10.0(0.03%),P:1e-7	Tpos:569.0,Tstd:255.7,Bpos:609.0,Bstd:338.1,StrandBias:0.0,Multiplicity:1.00
0.215	0.783	0.001	0.001
0.001	0.997	0.001	0.001
0.997	0.001	0.001	0.001
0.001	0.997	0.001	0.001
0.001	0.997	0.001	0.001
0.001	0.001	0.001	0.997
0.001	0.001	0.997	0.001
0.810	0.001	0.188	0.001
0.199	0.001	0.001	0.799
0.001	0.179	0.001	0.819
0.001	0.997	0.001	0.001
0.997	0.001	0.001	0.001
>TCAGTGCTCGCT	4-TCAGTGCTCGCT	10.982740	-17.613927	0	T:8.0(10.67%),B:233.4(0.60%),P:1e-7	Tpos:521.4,Tstd:286.7,Bpos:496.5,Bstd:314.0,StrandBias:0.7,Multiplicity:1.00
0.001	0.001	0.001	0.997
0.001	0.991	0.007	0.001
0.853	0.001	0.001	0.145
0.007	0.001	0.991	0.001
0.187	0.145	0.001	0.667
0.001	0.001	0.833	0.165
0.139	0.548	0.001	0.312
0.186	0.001	0.001	0.812
0.001	0.997	0.001	0.001
0.332	0.001	0.666	0.001
0.001	0.860	0.138	0.001
0.001	0.193	0.001	0.805
>GGATTTTTCAAT	5-GGATTTTTCAAT	12.886897	-16.849047	0	T:11.0(14.67%),B:640.5(1.65%),P:1e-7	Tpos:608.2,Tstd:238.9,Bpos:524.3,Bstd:289.2,StrandBias:1.4,Multiplicity:1.00
0.072	0.077	0.799	0.052
0.001	0.001	0.997	0.001
0.997	0.001	0.001	0.001
0.097	0.001	0.134	0.768
0.001	0.001	0.001	0.997
0.001	0.001	0.001	0.997
0.001	0.001	0.170	0.828
0.001	0.001	0.001	0.997
0.107	0.788	0.001	0.104
0.997	0.001	0.001	0.001
0.997	0.001	0.001	0.001
0.075	0.001	0.001	0.923
>TTGCGAAATTCC	6-TTGCGAAATTCC	14.095235	-15.566303	0	T:5.0(6.67%),B:60.6(0.16%),P:1e-6	Tpos:492.0,Tstd:321.1,Bpos:441.5,Bstd:375.2,StrandBias:10.0,Multiplicity:1.00
0.001	0.001	0.001	0.997
0.001	0.001	0.001	0.997
0.001	0.001	0.890	0.108
0.161	0.837	0.001	0.001
0.001	0.193	0.805	0.001
0.997	0.001	0.001	0.001
0.997	0.001	0.001	0.001
0.832	0.001	0.001	0.166
0.001	0.001	0.001	0.997
0.001	0.001	0.001	0.997
0.001	0.997	0.001	0.001
0.001	0.839	0.159	0.001
>ATTTCTGTAAAC	7-ATTTCTGTAAAC	13.723968	-14.002559	0	T:6.0(8.00%),B:159.1(0.41%),P:1e-6	Tpos:431.0,Tstd:309.3,Bpos:559.5,Bstd:284.1,StrandBias:-1.0,Multiplicity:1.00
0.997	0.001	0.001	0.001
0.001	0.001	0.001	0.997
0.001	0.001	0.001	0.997
0.001	0.001	0.001	0.997
0.001	0.874	0.001	0.124
0.001	0.001	0.001	0.997
0.001	0.001	0.997	0.001
0.096	0.137	0.001	0.766
0.997	0.001	0.001	0.001
0.752	0.001	0.246	0.001
0.997	0.001	0.001	0.001
0.099	0.780	0.001	0.120
>TCAGAATTATGA	8-TCAGAATTATGA	8.060868	-13.707959	0	T:24.0(32.00%),B:4327.7(11.12%),P:1e-5	Tpos:518.3,Tstd:273.7,Bpos:509.5,Bstd:316.7,StrandBias:-0.3,Multiplicity:1.04
0.001	0.001	0.001	0.997
0.001	0.785	0.096	0.118
0.806	0.001	0.001	0.192
0.001	0.136	0.862	0.001
0.997	0.001	0.001	0.001
0.659	0.222	0.118	0.001
0.100	0.001	0.202	0.697
0.083	0.137	0.001	0.779
0.880	0.001	0.118	0.001
0.001	0.136	0.001	0.862
0.001	0.181	0.817	0.001
0.899	0.099	0.001	0.001
>AGATCTAAATAG	9-AGATCTAAATAG	10.274461	-13.684445	0	T:11.0(14.67%),B:885.9(2.28%),P:1e-5	Tpos:548.5,Tstd:235.1,Bpos:492.7,Bstd:321.8,StrandBias:0.2,Multiplicity:1.36
0.858	0.001	0.001	0.140
0.184	0.001	0.708	0.107
0.917	0.077	0.003	0.003
0.001	0.003	0.003	0.993
0.214	0.784	0.001	0.001
0.057	0.001	0.001	0.941
0.995	0.001	0.003	0.001
0.924	0.001	0.001	0.074
0.668	0.107	0.001	0.224
0.058	0.083	0.165	0.694
0.786	0.001	0.107	0.106
0.001	0.107	0.747	0.145
>GATGATGATAAG	10-GATGATGATAAG	12.371354	-13.399463	0	T:6.0(8.00%),B:177.1(0.46%),P:1e-5	Tpos:730.2,Tstd:255.3,Bpos:519.4,Bstd:363.3,StrandBias:-0.7,Multiplicity:1.33
0.001	0.001	0.997	0.001
0.856	0.001	0.001	0.142
0.001	0.001	0.001	0.997
0.172	0.001	0.826	0.001
0.997	0.001	0.001	0.001
0.001	0.001	0.001	0.997
0.001	0.001	0.997	0.001
0.997	0.001	0.001	0.001
0.122	0.001	0.140	0.737
0.997	0.001	0.001	0.001
0.997	0.001	0.001	0.001
0.117	0.167	0.715	0.001
>MTCAATGCATTG	11-MTCAATGCATTG	12.458504	-11.862213	0	T:5.0(6.67%),B:132.3(0.34%),P:1e-5	Tpos:517.4,Tstd:186.3,Bpos:553.1,Bstd:289.6,StrandBias:-1.3,Multiplicity:1.00
0.475	0.514	0.001	0.010
0.290	0.001	0.001	0.708
0.165	0.564	0.001	0.270
0.997	0.001	0.001	0.001
0.997	0.001	0.001	0.001
0.015	0.001	0.001	0.983
0.001	0.001	0.997	0.001
0.001	0.729	0.001	0.269
0.776	0.001	0.001	0.222
0.001	0.001	0.001	0.997
0.001	0.001	0.001	0.997
0.001	0.001	0.836	0.162
>GGCATATGCCGC	12-GGCATATGCCGC	8.977733	-11.646434	0	T:8.0(10.67%),B:525.5(1.35%),P:1e-5	Tpos:415.4,Tstd:280.6,Bpos:483.0,Bstd:324.6,StrandBias:0.8,Multiplicity:1.25
0.001	0.287	0.711	0.001
0.400	0.001	0.598	0.001
0.001	0.847	0.001	0.151
0.847	0.151	0.001	0.001
0.001	0.135	0.287	0.577
0.711	0.001	0.001	0.287
0.152	0.152	0.152	0.544
0.001	0.135	0.729	0.135
0.001	0.750	0.248	0.001
0.001	0.997	0.001	0.001
0.001	0.001	0.997	0.001
0.147	0.730	0.113	0.010
>AATTCAAACTTT	13-AATTCAAACTTT	12.555396	-11.136010	0	T:10.0(13.33%),B:945.1(2.43%),P:1e-4	Tpos:544.0,Tstd:277.6,Bpos:500.3,Bstd:291.5,StrandBias:0.3,Multiplicity:1.10
0.841	0.031	0.056	0.072
0.900	0.087	0.002	0.011
0.217	0.001	0.001	0.781
0.016	0.001	0.001	0.982
0.001	0.954	0.044	0.001
0.877	0.084	0.038	0.001
0.814	0.094	0.001	0.091
0.873	0.125	0.001	0.001
0.203	0.723	0.053	0.021
0.123	0.001	0.001	0.875
0.052	0.001	0.001	0.946
0.001	0.042	0.001	0.956
>TAACAACATTTT	14-TAACAACATTTT	10.409522	-9.290129	0	T:12.0(16.00%),B:1687.7(4.34%),P:1e-4	Tpos:569.5,Tstd:248.2,Bpos:510.6,Bstd:286.6,StrandBias:1.2,Multiplicity:1.08
0.100	0.100	0.100	0.700
0.700	0.100	0.100	0.100
0.700	0.100	0.100	0.100
0.100	0.700	0.100	0.100
0.700	0.100	0.100	0.100
0.700	0.100	0.100	0.100
0.100	0.700	0.100	0.100
0.700	0.100	0.100	0.100
0.100	0.100	0.100	0.700
0.100	0.100	0.100	0.700
0.100	0.100	0.100	0.700
0.100	0.100	0.100	0.700
>GCAGTCAGGTTA	15-GCAGTCAGGTTA	16.524520	-6.253521	0	T:1.0(1.33%),B:0.0(0.00%),P:1e-2	Tpos:513.5,Tstd:58.7,Bpos:0.0,Bstd:0.0,StrandBias:10.0,Multiplicity:12.00
0.001	0.001	0.997	0.001
0.001	0.997	0.001	0.001
0.997	0.001	0.001	0.001
0.001	0.001	0.997	0.001
0.001	0.001	0.001	0.997
0.001	0.997	0.001	0.001
0.997	0.001	0.001	0.001
0.001	0.001	0.925	0.073
0.001	0.001	0.997	0.001
0.001	0.001	0.001	0.997
0.001	0.001	0.001	0.997
0.997	0.001	0.001	0.001
>CACGAAAAATAG	16-CACGAAAAATAG	12.355432	-2.703065	0	T:1.0(1.33%),B:35.9(0.09%),P:1e-1	Tpos:337.0,Tstd:191.9,Bpos:405.2,Bstd:235.9,StrandBias:10.0,Multiplicity:35.00
0.100	0.700	0.100	0.100
0.700	0.100	0.100	0.100
0.100	0.700	0.100	0.100
0.100	0.100	0.700	0.100
0.700	0.100	0.100	0.100
0.700	0.100	0.100	0.100
0.700	0.100	0.100	0.100
0.700	0.100	0.100	0.100
0.700	0.100	0.100	0.100
0.100	0.100	0.100	0.700
0.700	0.100	0.100	0.100
0.100	0.100	0.700	0.100
