>CTCATTTCAAAC	5-GTTTGAAATGAG	10.495290	-21.017483	0	T:18.0(17.82%),B:1154.6(2.87%),P:1e-9
0.039	0.851	0.031	0.079
0.125	0.061	0.091	0.723
0.138	0.671	0.190	0.001
0.860	0.040	0.054	0.046
0.111	0.001	0.001	0.887
0.077	0.061	0.002	0.860
0.096	0.070	0.001	0.833
0.051	0.818	0.130	0.001
0.912	0.001	0.086	0.001
0.839	0.127	0.001	0.033
0.960	0.001	0.038	0.001
0.063	0.789	0.048	0.100
