>GTTTGAAATGAG	5-GTTTGAAATGAG,BestGuess:lin-54/MA1450.1/Jaspar(0.585)	10.495290	-21.017483	0	T:18.0(17.82%),B:1154.6(2.87%),P:1e-9
0.100	0.048	0.789	0.063
0.001	0.038	0.001	0.960
0.033	0.001	0.127	0.839
0.001	0.086	0.001	0.912
0.001	0.130	0.818	0.051
0.833	0.001	0.070	0.096
0.860	0.002	0.061	0.077
0.887	0.001	0.001	0.111
0.046	0.054	0.040	0.860
0.001	0.190	0.671	0.138
0.723	0.091	0.061	0.125
0.079	0.031	0.851	0.039
