>ATGGAAGAAACA	21-ATGGAAGAAACA,BestGuess:POL008.1_DCE_S_I/Jaspar(0.575)	9.914255	-14.403522	0	T:22.0(21.78%),B:2633.7(6.55%),P:1e-6
0.949	0.001	0.002	0.048
0.019	0.087	0.053	0.841
0.095	0.001	0.805	0.099
0.001	0.033	0.965	0.001
0.764	0.036	0.041	0.159
0.729	0.001	0.048	0.222
0.111	0.001	0.887	0.001
0.827	0.061	0.038	0.074
0.806	0.128	0.065	0.001
0.815	0.001	0.001	0.183
0.213	0.653	0.133	0.001
0.851	0.001	0.034	0.114
