>TAAAATACGC	1-TAAAATACGC	8.055322	-29.573453	0	T:54.0(16.98%),B:1931.4(5.39%),P:1e-12	Tpos:505.4,Tstd:254.8,Bpos:519.4,Bstd:346.6,StrandBias:-0.2,Multiplicity:1.13
0.080	0.090	0.167	0.663
0.677	0.196	0.035	0.092
0.729	0.234	0.027	0.010
0.735	0.001	0.227	0.037
0.711	0.043	0.019	0.227
0.001	0.039	0.244	0.716
0.546	0.158	0.172	0.124
0.003	0.756	0.053	0.188
0.114	0.100	0.639	0.147
0.017	0.884	0.006	0.093
>AGGACGAACG	2-AGGACGAACG	9.255567	-28.423464	0	T:25.0(7.86%),B:428.9(1.20%),P:1e-12	Tpos:569.2,Tstd:275.5,Bpos:517.2,Bstd:352.3,StrandBias:-1.1,Multiplicity:1.04
0.997	0.001	0.001	0.001
0.077	0.116	0.806	0.001
0.001	0.001	0.997	0.001
0.997	0.001	0.001	0.001
0.039	0.785	0.109	0.067
0.001	0.001	0.997	0.001
0.779	0.001	0.219	0.001
0.840	0.001	0.073	0.086
0.050	0.850	0.059	0.041
0.001	0.001	0.997	0.001
>CTCTCTCTCT	3-CTCTCTCTCT	7.494931	-26.574267	0	T:121.0(38.05%),B:7490.5(20.92%),P:1e-11	Tpos:533.5,Tstd:276.8,Bpos:557.1,Bstd:350.6,StrandBias:1.0,Multiplicity:1.34
0.116	0.731	0.058	0.095
0.121	0.055	0.082	0.742
0.067	0.796	0.073	0.064
0.056	0.148	0.055	0.741
0.065	0.794	0.046	0.095
0.049	0.013	0.033	0.905
0.010	0.901	0.034	0.055
0.053	0.014	0.049	0.884
0.030	0.752	0.059	0.159
0.068	0.069	0.101	0.762
>GGAGAAAAMG	4-GGAGAAAAMG	7.487603	-25.704070	0	T:143.0(44.97%),B:9678.3(27.03%),P:1e-11	Tpos:515.0,Tstd:293.0,Bpos:531.1,Bstd:365.4,StrandBias:-1.5,Multiplicity:1.42
0.204	0.246	0.425	0.124
0.161	0.116	0.621	0.102
0.722	0.029	0.248	0.001
0.226	0.133	0.627	0.014
0.832	0.001	0.164	0.003
0.935	0.001	0.063	0.001
0.704	0.115	0.137	0.044
0.659	0.046	0.154	0.141
0.285	0.369	0.157	0.189
0.154	0.093	0.543	0.210
>GATTTCGCAA	5-GATTTCGCAA	6.830212	-25.545524	0	T:81.0(25.47%),B:4149.8(11.59%),P:1e-11	Tpos:542.5,Tstd:268.8,Bpos:529.7,Bstd:356.8,StrandBias:-0.1,Multiplicity:1.15
0.001	0.001	0.604	0.394
0.549	0.001	0.210	0.240
0.001	0.001	0.001	0.997
0.001	0.001	0.001	0.997
0.001	0.001	0.001	0.997
0.001	0.997	0.001	0.001
0.001	0.001	0.997	0.001
0.001	0.985	0.001	0.013
0.939	0.001	0.001	0.059
0.887	0.001	0.111	0.001
>TCGTCTTCCC	6-TCGTCTTCCC	7.543505	-25.333916	0	T:103.0(32.39%),B:6009.5(16.78%),P:1e-11	Tpos:482.5,Tstd:296.5,Bpos:527.7,Bstd:351.5,StrandBias:1.2,Multiplicity:1.17
0.144	0.006	0.001	0.849
0.001	0.799	0.093	0.107
0.126	0.205	0.445	0.225
0.001	0.007	0.001	0.991
0.196	0.429	0.139	0.236
0.122	0.008	0.107	0.763
0.197	0.122	0.001	0.680
0.001	0.814	0.001	0.184
0.267	0.543	0.185	0.005
0.119	0.436	0.226	0.220
>CGCCTTTAAT	7-CGCCTTTAAT	7.031445	-24.259884	0	T:104.0(32.70%),B:6207.8(17.33%),P:1e-10	Tpos:520.5,Tstd:265.3,Bpos:536.1,Bstd:337.3,StrandBias:0.7,Multiplicity:1.19
0.056	0.796	0.075	0.073
0.048	0.046	0.826	0.080
0.133	0.738	0.041	0.088
0.105	0.759	0.091	0.045
0.064	0.024	0.042	0.870
0.057	0.018	0.047	0.878
0.099	0.067	0.039	0.795
0.788	0.103	0.068	0.041
0.776	0.044	0.101	0.079
0.057	0.091	0.071	0.781
>ACAGACGCAG	8-ACAGACGCAG	6.705580	-23.105415	0	T:66.0(20.75%),B:3175.3(8.87%),P:1e-10	Tpos:526.7,Tstd:270.6,Bpos:524.7,Bstd:351.5,StrandBias:-0.6,Multiplicity:1.20
0.804	0.065	0.072	0.059
0.155	0.519	0.065	0.261
0.636	0.059	0.169	0.136
0.101	0.197	0.590	0.112
0.576	0.227	0.140	0.057
0.082	0.628	0.142	0.148
0.122	0.274	0.522	0.082
0.075	0.615	0.230	0.080
0.764	0.070	0.066	0.100
0.146	0.047	0.617	0.190
>GGCACWGYGY	9-GGCACWGYGY	8.177799	-22.610178	0	T:49.0(15.41%),B:1982.8(5.54%),P:1e-9	Tpos:521.1,Tstd:264.1,Bpos:521.8,Bstd:345.7,StrandBias:-0.0,Multiplicity:1.21
0.001	0.001	0.997	0.001
0.398	0.001	0.600	0.001
0.001	0.997	0.001	0.001
0.997	0.001	0.001	0.001
0.001	0.614	0.384	0.001
0.428	0.169	0.105	0.298
0.001	0.001	0.904	0.094
0.001	0.573	0.001	0.425
0.001	0.001	0.732	0.266
0.001	0.450	0.233	0.315
>ATCGATTTTA	10-ATCGATTTTA	10.259326	-22.280042	0	T:120.0(37.74%),B:7892.8(22.04%),P:1e-9	Tpos:575.1,Tstd:290.4,Bpos:540.8,Bstd:396.2,StrandBias:0.3,Multiplicity:1.48
0.940	0.047	0.012	0.001
0.031	0.001	0.001	0.967
0.001	0.770	0.001	0.228
0.001	0.001	0.997	0.001
0.982	0.016	0.001	0.001
0.001	0.019	0.022	0.958
0.001	0.001	0.041	0.957
0.040	0.001	0.001	0.958
0.001	0.001	0.083	0.915
0.545	0.203	0.038	0.214
>AAAAGGGGAT	11-AAAAGGGGAT	9.221429	-21.704760	0	T:44.0(13.84%),B:1700.5(4.75%),P:1e-9	Tpos:470.0,Tstd:270.5,Bpos:517.3,Bstd:347.4,StrandBias:-0.8,Multiplicity:1.60
0.997	0.001	0.001	0.001
0.997	0.001	0.001	0.001
0.965	0.033	0.001	0.001
0.969	0.001	0.029	0.001
0.001	0.009	0.989	0.001
0.048	0.041	0.888	0.023
0.039	0.065	0.832	0.064
0.001	0.001	0.997	0.001
0.715	0.031	0.141	0.113
0.001	0.001	0.229	0.769
>TCTGTTGTTT	12-TCTGTTGTTT	9.046840	-21.377157	0	T:78.0(24.53%),B:4273.2(11.93%),P:1e-9	Tpos:432.3,Tstd:302.5,Bpos:518.0,Bstd:336.6,StrandBias:0.8,Multiplicity:1.13
0.044	0.039	0.001	0.916
0.001	0.756	0.152	0.091
0.027	0.001	0.014	0.958
0.001	0.060	0.938	0.001
0.001	0.001	0.001	0.997
0.069	0.033	0.001	0.897
0.076	0.053	0.787	0.084
0.001	0.001	0.001	0.997
0.022	0.028	0.019	0.931
0.001	0.155	0.001	0.843
>TTTMTTGAGT	13-TTTMTTGAGT	9.825030	-21.262399	0	T:55.0(17.30%),B:2492.5(6.96%),P:1e-9	Tpos:508.4,Tstd:287.2,Bpos:505.6,Bstd:326.8,StrandBias:0.1,Multiplicity:1.04
0.001	0.075	0.095	0.829
0.001	0.001	0.135	0.863
0.001	0.093	0.001	0.905
0.350	0.475	0.050	0.126
0.036	0.001	0.001	0.962
0.210	0.053	0.222	0.515
0.206	0.001	0.581	0.212
0.997	0.001	0.001	0.001
0.001	0.003	0.995	0.001
0.001	0.001	0.241	0.757
>GCCGCGGCCT	14-GCCGCGGCCT	7.004982	-20.937459	0	T:52.0(16.35%),B:2298.9(6.42%),P:1e-9	Tpos:520.0,Tstd:259.6,Bpos:535.1,Bstd:386.4,StrandBias:0.1,Multiplicity:1.08
0.032	0.036	0.822	0.110
0.011	0.889	0.050	0.050
0.027	0.820	0.073	0.080
0.041	0.017	0.912	0.030
0.049	0.819	0.047	0.085
0.017	0.110	0.839	0.034
0.081	0.062	0.756	0.101
0.089	0.696	0.125	0.090
0.054	0.757	0.052	0.137
0.113	0.067	0.126	0.694
>RCRCDMAMAV	15-RCRCDMAMAV	6.044783	-20.886895	0	T:72.0(22.64%),B:3829.5(10.69%),P:1e-9	Tpos:461.7,Tstd:302.1,Bpos:552.9,Bstd:357.7,StrandBias:-0.6,Multiplicity:1.18
0.468	0.084	0.383	0.065
0.338	0.567	0.046	0.049
0.477	0.034	0.437	0.052
0.066	0.539	0.070	0.325
0.376	0.057	0.306	0.261
0.280	0.408	0.249	0.063
0.546	0.066	0.040	0.348
0.376	0.483	0.078	0.064
0.768	0.044	0.068	0.120
0.243	0.343	0.285	0.130
>CACCRTACAC	16-CACCRTACAC	7.908955	-20.689770	0	T:21.0(6.60%),B:437.2(1.22%),P:1e-8	Tpos:349.8,Tstd:258.1,Bpos:517.7,Bstd:364.4,StrandBias:3.2,Multiplicity:1.05
0.015	0.672	0.035	0.278
0.501	0.234	0.044	0.221
0.049	0.797	0.104	0.050
0.004	0.593	0.346	0.057
0.447	0.066	0.309	0.178
0.088	0.240	0.212	0.461
0.422	0.255	0.182	0.140
0.130	0.784	0.043	0.043
0.906	0.046	0.011	0.037
0.168	0.749	0.009	0.074
>ATCGATTCGT	17-ATCGATTCGT	9.613802	-20.624210	0	T:36.0(11.32%),B:1247.2(3.48%),P:1e-8	Tpos:464.1,Tstd:287.5,Bpos:528.4,Bstd:354.5,StrandBias:-0.3,Multiplicity:1.00
0.901	0.044	0.001	0.054
0.044	0.001	0.049	0.906
0.001	0.938	0.060	0.001
0.001	0.038	0.904	0.057
0.895	0.001	0.065	0.039
0.147	0.084	0.001	0.768
0.081	0.047	0.001	0.871
0.001	0.932	0.001	0.066
0.001	0.077	0.882	0.040
0.001	0.001	0.001	0.997
>CTGCTGCCGC	18-CTGCTGCCGC	7.933014	-19.326184	0	T:43.0(13.52%),B:1773.9(4.95%),P:1e-8	Tpos:524.0,Tstd:267.1,Bpos:549.7,Bstd:384.4,StrandBias:0.4,Multiplicity:1.05
0.093	0.555	0.258	0.094
0.001	0.001	0.036	0.962
0.057	0.001	0.846	0.096
0.001	0.731	0.149	0.119
0.049	0.074	0.002	0.875
0.001	0.001	0.997	0.001
0.158	0.789	0.020	0.033
0.001	0.795	0.143	0.061
0.075	0.303	0.593	0.029
0.001	0.900	0.001	0.098
>AACAGGGCGA	19-AACAGGGCGA	9.798104	-19.084768	0	T:18.0(5.66%),B:346.9(0.97%),P:1e-8	Tpos:525.2,Tstd:297.7,Bpos:496.2,Bstd:346.6,StrandBias:-1.9,Multiplicity:1.06
0.814	0.001	0.102	0.083
0.997	0.001	0.001	0.001
0.001	0.960	0.038	0.001
0.937	0.001	0.061	0.001
0.052	0.244	0.657	0.047
0.045	0.058	0.896	0.001
0.054	0.073	0.872	0.001
0.001	0.997	0.001	0.001
0.034	0.001	0.964	0.001
0.949	0.049	0.001	0.001
>TCGGGTCCCG	20-TCGGGTCCCG	8.442691	-18.367667	0	T:25.0(7.86%),B:707.2(1.97%),P:1e-7	Tpos:519.2,Tstd:246.2,Bpos:531.3,Bstd:355.2,StrandBias:0.5,Multiplicity:1.20
0.001	0.022	0.266	0.711
0.001	0.641	0.001	0.357
0.001	0.001	0.997	0.001
0.001	0.338	0.660	0.001
0.001	0.001	0.976	0.022
0.259	0.001	0.001	0.739
0.001	0.997	0.001	0.001
0.029	0.916	0.001	0.054
0.001	0.997	0.001	0.001
0.001	0.001	0.997	0.001
>ACCGCCGCAC	21-ACCGCCGCAC	10.088678	-17.618987	0	T:21.0(6.60%),B:525.5(1.47%),P:1e-7	Tpos:442.7,Tstd:266.8,Bpos:497.9,Bstd:381.4,StrandBias:-0.7,Multiplicity:1.11
0.936	0.001	0.001	0.062
0.078	0.788	0.081	0.053
0.075	0.858	0.001	0.066
0.067	0.001	0.877	0.055
0.001	0.997	0.001	0.001
0.001	0.997	0.001	0.001
0.092	0.001	0.837	0.070
0.001	0.997	0.001	0.001
0.997	0.001	0.001	0.001
0.066	0.755	0.080	0.099
>GCGTTCTCCG	22-GCGTTCTCCG	8.052290	-16.574402	0	T:48.0(15.09%),B:2324.3(6.49%),P:1e-7	Tpos:506.2,Tstd:269.1,Bpos:519.3,Bstd:357.7,StrandBias:1.0,Multiplicity:1.16
0.001	0.001	0.997	0.001
0.001	0.904	0.001	0.094
0.001	0.149	0.849	0.001
0.055	0.212	0.001	0.732
0.001	0.001	0.053	0.945
0.001	0.672	0.001	0.326
0.001	0.001	0.196	0.802
0.001	0.741	0.257	0.001
0.001	0.675	0.228	0.096
0.001	0.110	0.680	0.209
>TGAGAACAGC	23-TGAGAACAGC	9.528719	-16.198354	0	T:23.0(7.23%),B:682.0(1.90%),P:1e-7	Tpos:493.1,Tstd:308.8,Bpos:470.2,Bstd:345.1,StrandBias:-0.8,Multiplicity:1.09
0.041	0.001	0.001	0.957
0.057	0.030	0.912	0.001
0.881	0.072	0.001	0.046
0.001	0.055	0.904	0.040
0.877	0.001	0.058	0.064
0.857	0.062	0.036	0.045
0.001	0.819	0.150	0.030
0.891	0.001	0.058	0.050
0.001	0.001	0.973	0.025
0.001	0.965	0.033	0.001
>GCACYCATAG	24-GCACYCATAG	9.805444	-14.745502	0	T:12.0(3.77%),B:197.2(0.55%),P:1e-6	Tpos:455.9,Tstd:299.1,Bpos:463.9,Bstd:286.3,StrandBias:-0.2,Multiplicity:1.08
0.338	0.001	0.660	0.001
0.045	0.666	0.142	0.147
0.997	0.001	0.001	0.001
0.060	0.938	0.001	0.001
0.156	0.474	0.001	0.368
0.001	0.867	0.070	0.062
0.868	0.001	0.130	0.001
0.001	0.070	0.001	0.928
0.770	0.069	0.074	0.087
0.001	0.001	0.997	0.001
>TTGCCGCGAA	25-TTGCCGCGAA	9.353401	-11.639237	0	T:22.0(6.92%),B:834.9(2.33%),P:1e-5	Tpos:615.9,Tstd:235.5,Bpos:545.5,Bstd:373.9,StrandBias:0.0,Multiplicity:1.18
0.023	0.072	0.001	0.904
0.024	0.001	0.001	0.974
0.031	0.051	0.701	0.217
0.181	0.457	0.234	0.128
0.074	0.851	0.018	0.057
0.117	0.076	0.684	0.123
0.075	0.848	0.074	0.003
0.062	0.037	0.831	0.070
0.960	0.038	0.001	0.001
0.808	0.001	0.064	0.127
