>AAARCGCG	1-AAARCGCG	5.959655	-31.718527	0	T:196.0(61.64%),B:14417.4(40.26%),P:1e-13	Tpos:526.0,Tstd:266.6,Bpos:537.5,Bstd:377.1,StrandBias:-0.6,Multiplicity:1.58
0.766	0.104	0.129	0.001
0.754	0.001	0.244	0.001
0.685	0.167	0.072	0.076
0.548	0.001	0.450	0.001
0.189	0.809	0.001	0.001
0.001	0.001	0.997	0.001
0.001	0.997	0.001	0.001
0.001	0.001	0.997	0.001
>CTCTCTCT	2-CTCTCTCT	6.891794	-25.491845	0	T:136.0(42.77%),B:9024.3(25.20%),P:1e-11	Tpos:538.2,Tstd:282.0,Bpos:552.6,Bstd:355.7,StrandBias:1.0,Multiplicity:1.48
0.001	0.901	0.097	0.001
0.135	0.001	0.049	0.815
0.001	0.997	0.001	0.001
0.001	0.001	0.028	0.970
0.001	0.997	0.001	0.001
0.082	0.001	0.039	0.878
0.001	0.880	0.001	0.118
0.001	0.001	0.047	0.951
>TTTCGCAA	3-TTTCGCAA	8.438263	-22.990644	0	T:114.0(35.85%),B:7249.8(20.24%),P:1e-9	Tpos:543.9,Tstd:269.2,Bpos:522.6,Bstd:361.1,StrandBias:0.0,Multiplicity:1.25
0.001	0.001	0.001	0.997
0.001	0.001	0.001	0.997
0.001	0.001	0.001	0.997
0.001	0.997	0.001	0.001
0.001	0.001	0.997	0.001
0.001	0.786	0.001	0.212
0.851	0.001	0.001	0.147
0.891	0.107	0.001	0.001
>CGSAGAAA	4-CGSAGAAA	7.477619	-22.899224	0	T:156.0(49.06%),B:11350.2(31.70%),P:1e-9	Tpos:482.8,Tstd:287.3,Bpos:512.5,Bstd:361.2,StrandBias:-1.0,Multiplicity:1.29
0.283	0.715	0.001	0.001
0.001	0.001	0.997	0.001
0.255	0.293	0.437	0.014
0.997	0.001	0.001	0.001
0.001	0.196	0.802	0.001
0.739	0.001	0.249	0.011
0.997	0.001	0.001	0.001
0.514	0.293	0.147	0.046
>YGCACACA	5-YGCACACA	5.978580	-22.384699	0	T:191.0(60.06%),B:15163.6(42.34%),P:1e-9	Tpos:483.7,Tstd:286.7,Bpos:540.3,Bstd:349.1,StrandBias:-0.0,Multiplicity:1.66
0.092	0.391	0.220	0.296
0.295	0.001	0.703	0.001
0.001	0.946	0.026	0.027
0.661	0.198	0.001	0.140
0.008	0.754	0.221	0.017
0.780	0.001	0.178	0.041
0.001	0.892	0.106	0.001
0.525	0.001	0.284	0.190
>GTGAACGC	6-GTGAACGC	6.019623	-21.922777	0	T:118.0(37.11%),B:7748.8(21.64%),P:1e-9	Tpos:551.1,Tstd:272.8,Bpos:509.4,Bstd:336.1,StrandBias:-0.4,Multiplicity:1.19
0.049	0.051	0.845	0.055
0.074	0.053	0.001	0.872
0.081	0.001	0.917	0.001
0.834	0.039	0.038	0.089
0.997	0.001	0.001	0.001
0.001	0.911	0.001	0.087
0.154	0.001	0.782	0.063
0.001	0.834	0.061	0.104
>AGAGACGC	7-AGAGACGC	9.271050	-17.806584	0	T:63.0(19.81%),B:3385.8(9.45%),P:1e-7	Tpos:488.5,Tstd:277.9,Bpos:548.3,Bstd:351.1,StrandBias:-1.2,Multiplicity:1.09
0.997	0.001	0.001	0.001
0.001	0.001	0.997	0.001
0.774	0.224	0.001	0.001
0.001	0.001	0.997	0.001
0.997	0.001	0.001	0.001
0.261	0.737	0.001	0.001
0.001	0.001	0.997	0.001
0.001	0.997	0.001	0.001
>ATYGATTW	8-ATYGATTW	8.038252	-16.567811	0	T:167.0(52.52%),B:13497.7(37.69%),P:1e-7	Tpos:552.6,Tstd:298.9,Bpos:531.1,Bstd:375.1,StrandBias:0.3,Multiplicity:1.63
0.929	0.001	0.069	0.001
0.375	0.001	0.001	0.623
0.001	0.453	0.001	0.545
0.001	0.001	0.983	0.015
0.562	0.100	0.001	0.337
0.001	0.001	0.001	0.997
0.044	0.334	0.001	0.621
0.451	0.021	0.001	0.527
>TTTTCTCC	9-TTTTCTCC	10.342698	-15.718275	0	T:78.0(24.53%),B:4870.7(13.60%),P:1e-6	Tpos:506.9,Tstd:303.7,Bpos:525.5,Bstd:368.7,StrandBias:1.6,Multiplicity:1.13
0.001	0.001	0.001	0.997
0.001	0.001	0.001	0.997
0.001	0.001	0.001	0.997
0.001	0.001	0.001	0.997
0.001	0.997	0.001	0.001
0.001	0.001	0.001	0.997
0.001	0.758	0.001	0.240
0.001	0.636	0.186	0.177
>GCAGCCGC	10-GCAGCCGC	7.994016	-15.284016	0	T:55.0(17.30%),B:2979.6(8.32%),P:1e-6	Tpos:493.4,Tstd:293.1,Bpos:511.8,Bstd:391.0,StrandBias:0.1,Multiplicity:1.15
0.144	0.001	0.854	0.001
0.001	0.997	0.001	0.001
0.631	0.252	0.077	0.040
0.211	0.001	0.787	0.001
0.001	0.997	0.001	0.001
0.154	0.844	0.001	0.001
0.001	0.001	0.965	0.033
0.001	0.781	0.062	0.156
>AAAGGGGV	11-AAAGGGGV	6.195160	-13.902411	0	T:192.0(60.38%),B:16764.3(46.81%),P:1e-6	Tpos:520.9,Tstd:273.2,Bpos:533.1,Bstd:344.0,StrandBias:-0.8,Multiplicity:1.60
0.762	0.039	0.164	0.035
0.997	0.001	0.001	0.001
0.997	0.001	0.001	0.001
0.353	0.001	0.644	0.002
0.040	0.001	0.958	0.001
0.082	0.089	0.736	0.093
0.001	0.126	0.872	0.001
0.295	0.315	0.317	0.074
>CGTCCTTG	12-CGTCCTTG	8.236954	-8.116855	0	T:11.0(3.46%),B:338.2(0.94%),P:1e-3	Tpos:509.1,Tstd:316.4,Bpos:489.2,Bstd:353.7,StrandBias:-0.2,Multiplicity:1.18
0.100	0.700	0.100	0.100
0.100	0.100	0.700	0.100
0.100	0.100	0.100	0.700
0.100	0.700	0.100	0.100
0.100	0.700	0.100	0.100
0.100	0.100	0.100	0.700
0.100	0.100	0.100	0.700
0.100	0.100	0.700	0.100
