>TAAAATACGC	1-TAAAATACGC	8.055322	-29.573453	0	T:54.0(16.98%),B:1931.4(5.39%),P:1e-12	Tpos:505.4,Tstd:254.8,Bpos:519.4,Bstd:346.6,StrandBias:-0.2,Multiplicity:1.13
0.080	0.090	0.167	0.663
0.677	0.196	0.035	0.092
0.729	0.234	0.027	0.010
0.735	0.001	0.227	0.037
0.711	0.043	0.019	0.227
0.001	0.039	0.244	0.716
0.546	0.158	0.172	0.124
0.003	0.756	0.053	0.188
0.114	0.100	0.639	0.147
0.017	0.884	0.006	0.093
>AGGACGAACG	2-AGGACGAACG	9.255567	-28.423464	0	T:25.0(7.86%),B:428.9(1.20%),P:1e-12	Tpos:569.2,Tstd:275.5,Bpos:517.2,Bstd:352.3,StrandBias:-1.1,Multiplicity:1.04
0.997	0.001	0.001	0.001
0.077	0.116	0.806	0.001
0.001	0.001	0.997	0.001
0.997	0.001	0.001	0.001
0.039	0.785	0.109	0.067
0.001	0.001	0.997	0.001
0.779	0.001	0.219	0.001
0.840	0.001	0.073	0.086
0.050	0.850	0.059	0.041
0.001	0.001	0.997	0.001
>CTCTCTCTCT	3-CTCTCTCTCT	7.494931	-26.574267	0	T:121.0(38.05%),B:7490.5(20.92%),P:1e-11	Tpos:533.5,Tstd:276.8,Bpos:557.1,Bstd:350.6,StrandBias:1.0,Multiplicity:1.34
0.116	0.731	0.058	0.095
0.121	0.055	0.082	0.742
0.067	0.796	0.073	0.064
0.056	0.148	0.055	0.741
0.065	0.794	0.046	0.095
0.049	0.013	0.033	0.905
0.010	0.901	0.034	0.055
0.053	0.014	0.049	0.884
0.030	0.752	0.059	0.159
0.068	0.069	0.101	0.762
>GGAGAAAAMG	4-GGAGAAAAMG	7.487603	-25.704070	0	T:143.0(44.97%),B:9678.3(27.03%),P:1e-11	Tpos:515.0,Tstd:293.0,Bpos:531.1,Bstd:365.4,StrandBias:-1.5,Multiplicity:1.42
0.204	0.246	0.425	0.124
0.161	0.116	0.621	0.102
0.722	0.029	0.248	0.001
0.226	0.133	0.627	0.014
0.832	0.001	0.164	0.003
0.935	0.001	0.063	0.001
0.704	0.115	0.137	0.044
0.659	0.046	0.154	0.141
0.285	0.369	0.157	0.189
0.154	0.093	0.543	0.210
>GATTTCGCAA	5-GATTTCGCAA	6.830212	-25.545524	0	T:81.0(25.47%),B:4149.8(11.59%),P:1e-11	Tpos:542.5,Tstd:268.8,Bpos:529.7,Bstd:356.8,StrandBias:-0.1,Multiplicity:1.15
0.001	0.001	0.604	0.394
0.549	0.001	0.210	0.240
0.001	0.001	0.001	0.997
0.001	0.001	0.001	0.997
0.001	0.001	0.001	0.997
0.001	0.997	0.001	0.001
0.001	0.001	0.997	0.001
0.001	0.985	0.001	0.013
0.939	0.001	0.001	0.059
0.887	0.001	0.111	0.001
>TCGTCTTCCC	6-TCGTCTTCCC	7.543505	-25.333916	0	T:103.0(32.39%),B:6009.5(16.78%),P:1e-11	Tpos:482.5,Tstd:296.5,Bpos:527.7,Bstd:351.5,StrandBias:1.2,Multiplicity:1.17
0.144	0.006	0.001	0.849
0.001	0.799	0.093	0.107
0.126	0.205	0.445	0.225
0.001	0.007	0.001	0.991
0.196	0.429	0.139	0.236
0.122	0.008	0.107	0.763
0.197	0.122	0.001	0.680
0.001	0.814	0.001	0.184
0.267	0.543	0.185	0.005
0.119	0.436	0.226	0.220
>CGCCTTTAAT	7-CGCCTTTAAT	7.031445	-24.259884	0	T:104.0(32.70%),B:6207.8(17.33%),P:1e-10	Tpos:520.5,Tstd:265.3,Bpos:536.1,Bstd:337.3,StrandBias:0.7,Multiplicity:1.19
0.056	0.796	0.075	0.073
0.048	0.046	0.826	0.080
0.133	0.738	0.041	0.088
0.105	0.759	0.091	0.045
0.064	0.024	0.042	0.870
0.057	0.018	0.047	0.878
0.099	0.067	0.039	0.795
0.788	0.103	0.068	0.041
0.776	0.044	0.101	0.079
0.057	0.091	0.071	0.781
>ACAGACGCAG	8-ACAGACGCAG	6.705580	-23.105415	0	T:66.0(20.75%),B:3175.3(8.87%),P:1e-10	Tpos:526.7,Tstd:270.6,Bpos:524.7,Bstd:351.5,StrandBias:-0.6,Multiplicity:1.20
0.804	0.065	0.072	0.059
0.155	0.519	0.065	0.261
0.636	0.059	0.169	0.136
0.101	0.197	0.590	0.112
0.576	0.227	0.140	0.057
0.082	0.628	0.142	0.148
0.122	0.274	0.522	0.082
0.075	0.615	0.230	0.080
0.764	0.070	0.066	0.100
0.146	0.047	0.617	0.190
>GGCACWGYGY	9-GGCACWGYGY	8.177799	-22.610178	0	T:49.0(15.41%),B:1982.8(5.54%),P:1e-9	Tpos:521.1,Tstd:264.1,Bpos:521.8,Bstd:345.7,StrandBias:-0.0,Multiplicity:1.21
0.001	0.001	0.997	0.001
0.398	0.001	0.600	0.001
0.001	0.997	0.001	0.001
0.997	0.001	0.001	0.001
0.001	0.614	0.384	0.001
0.428	0.169	0.105	0.298
0.001	0.001	0.904	0.094
0.001	0.573	0.001	0.425
0.001	0.001	0.732	0.266
0.001	0.450	0.233	0.315
>ATCGATTTTA	10-ATCGATTTTA	10.259326	-22.280042	0	T:120.0(37.74%),B:7892.8(22.04%),P:1e-9	Tpos:575.1,Tstd:290.4,Bpos:540.8,Bstd:396.2,StrandBias:0.3,Multiplicity:1.48
0.940	0.047	0.012	0.001
0.031	0.001	0.001	0.967
0.001	0.770	0.001	0.228
0.001	0.001	0.997	0.001
0.982	0.016	0.001	0.001
0.001	0.019	0.022	0.958
0.001	0.001	0.041	0.957
0.040	0.001	0.001	0.958
0.001	0.001	0.083	0.915
0.545	0.203	0.038	0.214
>AAAAGGGGAT	11-AAAAGGGGAT	9.221429	-21.704760	0	T:44.0(13.84%),B:1700.5(4.75%),P:1e-9	Tpos:470.0,Tstd:270.5,Bpos:517.3,Bstd:347.4,StrandBias:-0.8,Multiplicity:1.60
0.997	0.001	0.001	0.001
0.997	0.001	0.001	0.001
0.965	0.033	0.001	0.001
0.969	0.001	0.029	0.001
0.001	0.009	0.989	0.001
0.048	0.041	0.888	0.023
0.039	0.065	0.832	0.064
0.001	0.001	0.997	0.001
0.715	0.031	0.141	0.113
0.001	0.001	0.229	0.769
>TCTGTTGTTT	12-TCTGTTGTTT	9.046840	-21.377157	0	T:78.0(24.53%),B:4273.2(11.93%),P:1e-9	Tpos:432.3,Tstd:302.5,Bpos:518.0,Bstd:336.6,StrandBias:0.8,Multiplicity:1.13
0.044	0.039	0.001	0.916
0.001	0.756	0.152	0.091
0.027	0.001	0.014	0.958
0.001	0.060	0.938	0.001
0.001	0.001	0.001	0.997
0.069	0.033	0.001	0.897
0.076	0.053	0.787	0.084
0.001	0.001	0.001	0.997
0.022	0.028	0.019	0.931
0.001	0.155	0.001	0.843
>TTTMTTGAGT	13-TTTMTTGAGT	9.825030	-21.262399	0	T:55.0(17.30%),B:2492.5(6.96%),P:1e-9	Tpos:508.4,Tstd:287.2,Bpos:505.6,Bstd:326.8,StrandBias:0.1,Multiplicity:1.04
0.001	0.075	0.095	0.829
0.001	0.001	0.135	0.863
0.001	0.093	0.001	0.905
0.350	0.475	0.050	0.126
0.036	0.001	0.001	0.962
0.210	0.053	0.222	0.515
0.206	0.001	0.581	0.212
0.997	0.001	0.001	0.001
0.001	0.003	0.995	0.001
0.001	0.001	0.241	0.757
>GCCGCGGCCT	14-GCCGCGGCCT	7.004982	-20.937459	0	T:52.0(16.35%),B:2298.9(6.42%),P:1e-9	Tpos:520.0,Tstd:259.6,Bpos:535.1,Bstd:386.4,StrandBias:0.1,Multiplicity:1.08
0.032	0.036	0.822	0.110
0.011	0.889	0.050	0.050
0.027	0.820	0.073	0.080
0.041	0.017	0.912	0.030
0.049	0.819	0.047	0.085
0.017	0.110	0.839	0.034
0.081	0.062	0.756	0.101
0.089	0.696	0.125	0.090
0.054	0.757	0.052	0.137
0.113	0.067	0.126	0.694
>RCRCDMAMAV	15-RCRCDMAMAV	6.044783	-20.886895	0	T:72.0(22.64%),B:3829.5(10.69%),P:1e-9	Tpos:461.7,Tstd:302.1,Bpos:552.9,Bstd:357.7,StrandBias:-0.6,Multiplicity:1.18
0.468	0.084	0.383	0.065
0.338	0.567	0.046	0.049
0.477	0.034	0.437	0.052
0.066	0.539	0.070	0.325
0.376	0.057	0.306	0.261
0.280	0.408	0.249	0.063
0.546	0.066	0.040	0.348
0.376	0.483	0.078	0.064
0.768	0.044	0.068	0.120
0.243	0.343	0.285	0.130
>CACCRTACAC	16-CACCRTACAC	7.908955	-20.689770	0	T:21.0(6.60%),B:437.2(1.22%),P:1e-8	Tpos:349.8,Tstd:258.1,Bpos:517.7,Bstd:364.4,StrandBias:3.2,Multiplicity:1.05
0.015	0.672	0.035	0.278
0.501	0.234	0.044	0.221
0.049	0.797	0.104	0.050
0.004	0.593	0.346	0.057
0.447	0.066	0.309	0.178
0.088	0.240	0.212	0.461
0.422	0.255	0.182	0.140
0.130	0.784	0.043	0.043
0.906	0.046	0.011	0.037
0.168	0.749	0.009	0.074
>ATCGATTCGT	17-ATCGATTCGT	9.613802	-20.624210	0	T:36.0(11.32%),B:1247.2(3.48%),P:1e-8	Tpos:464.1,Tstd:287.5,Bpos:528.4,Bstd:354.5,StrandBias:-0.3,Multiplicity:1.00
0.901	0.044	0.001	0.054
0.044	0.001	0.049	0.906
0.001	0.938	0.060	0.001
0.001	0.038	0.904	0.057
0.895	0.001	0.065	0.039
0.147	0.084	0.001	0.768
0.081	0.047	0.001	0.871
0.001	0.932	0.001	0.066
0.001	0.077	0.882	0.040
0.001	0.001	0.001	0.997
>CTGCTGCCGC	18-CTGCTGCCGC	7.933014	-19.326184	0	T:43.0(13.52%),B:1773.9(4.95%),P:1e-8	Tpos:524.0,Tstd:267.1,Bpos:549.7,Bstd:384.4,StrandBias:0.4,Multiplicity:1.05
0.093	0.555	0.258	0.094
0.001	0.001	0.036	0.962
0.057	0.001	0.846	0.096
0.001	0.731	0.149	0.119
0.049	0.074	0.002	0.875
0.001	0.001	0.997	0.001
0.158	0.789	0.020	0.033
0.001	0.795	0.143	0.061
0.075	0.303	0.593	0.029
0.001	0.900	0.001	0.098
>AACAGGGCGA	19-AACAGGGCGA	9.798104	-19.084768	0	T:18.0(5.66%),B:346.9(0.97%),P:1e-8	Tpos:525.2,Tstd:297.7,Bpos:496.2,Bstd:346.6,StrandBias:-1.9,Multiplicity:1.06
0.814	0.001	0.102	0.083
0.997	0.001	0.001	0.001
0.001	0.960	0.038	0.001
0.937	0.001	0.061	0.001
0.052	0.244	0.657	0.047
0.045	0.058	0.896	0.001
0.054	0.073	0.872	0.001
0.001	0.997	0.001	0.001
0.034	0.001	0.964	0.001
0.949	0.049	0.001	0.001
>TCGGGTCCCG	20-TCGGGTCCCG	8.442691	-18.367667	0	T:25.0(7.86%),B:707.2(1.97%),P:1e-7	Tpos:519.2,Tstd:246.2,Bpos:531.3,Bstd:355.2,StrandBias:0.5,Multiplicity:1.20
0.001	0.022	0.266	0.711
0.001	0.641	0.001	0.357
0.001	0.001	0.997	0.001
0.001	0.338	0.660	0.001
0.001	0.001	0.976	0.022
0.259	0.001	0.001	0.739
0.001	0.997	0.001	0.001
0.029	0.916	0.001	0.054
0.001	0.997	0.001	0.001
0.001	0.001	0.997	0.001
>ACCGCCGCAC	21-ACCGCCGCAC	10.088678	-17.618987	0	T:21.0(6.60%),B:525.5(1.47%),P:1e-7	Tpos:442.7,Tstd:266.8,Bpos:497.9,Bstd:381.4,StrandBias:-0.7,Multiplicity:1.11
0.936	0.001	0.001	0.062
0.078	0.788	0.081	0.053
0.075	0.858	0.001	0.066
0.067	0.001	0.877	0.055
0.001	0.997	0.001	0.001
0.001	0.997	0.001	0.001
0.092	0.001	0.837	0.070
0.001	0.997	0.001	0.001
0.997	0.001	0.001	0.001
0.066	0.755	0.080	0.099
>GCGTTCTCCG	22-GCGTTCTCCG	8.052290	-16.574402	0	T:48.0(15.09%),B:2324.3(6.49%),P:1e-7	Tpos:506.2,Tstd:269.1,Bpos:519.3,Bstd:357.7,StrandBias:1.0,Multiplicity:1.16
0.001	0.001	0.997	0.001
0.001	0.904	0.001	0.094
0.001	0.149	0.849	0.001
0.055	0.212	0.001	0.732
0.001	0.001	0.053	0.945
0.001	0.672	0.001	0.326
0.001	0.001	0.196	0.802
0.001	0.741	0.257	0.001
0.001	0.675	0.228	0.096
0.001	0.110	0.680	0.209
>TGAGAACAGC	23-TGAGAACAGC	9.528719	-16.198354	0	T:23.0(7.23%),B:682.0(1.90%),P:1e-7	Tpos:493.1,Tstd:308.8,Bpos:470.2,Bstd:345.1,StrandBias:-0.8,Multiplicity:1.09
0.041	0.001	0.001	0.957
0.057	0.030	0.912	0.001
0.881	0.072	0.001	0.046
0.001	0.055	0.904	0.040
0.877	0.001	0.058	0.064
0.857	0.062	0.036	0.045
0.001	0.819	0.150	0.030
0.891	0.001	0.058	0.050
0.001	0.001	0.973	0.025
0.001	0.965	0.033	0.001
>GCACYCATAG	24-GCACYCATAG	9.805444	-14.745502	0	T:12.0(3.77%),B:197.2(0.55%),P:1e-6	Tpos:455.9,Tstd:299.1,Bpos:463.9,Bstd:286.3,StrandBias:-0.2,Multiplicity:1.08
0.338	0.001	0.660	0.001
0.045	0.666	0.142	0.147
0.997	0.001	0.001	0.001
0.060	0.938	0.001	0.001
0.156	0.474	0.001	0.368
0.001	0.867	0.070	0.062
0.868	0.001	0.130	0.001
0.001	0.070	0.001	0.928
0.770	0.069	0.074	0.087
0.001	0.001	0.997	0.001
>TTGCCGCGAA	25-TTGCCGCGAA	9.353401	-11.639237	0	T:22.0(6.92%),B:834.9(2.33%),P:1e-5	Tpos:615.9,Tstd:235.5,Bpos:545.5,Bstd:373.9,StrandBias:0.0,Multiplicity:1.18
0.023	0.072	0.001	0.904
0.024	0.001	0.001	0.974
0.031	0.051	0.701	0.217
0.181	0.457	0.234	0.128
0.074	0.851	0.018	0.057
0.117	0.076	0.684	0.123
0.075	0.848	0.074	0.003
0.062	0.037	0.831	0.070
0.960	0.038	0.001	0.001
0.808	0.001	0.064	0.127
>CCGCCATTTATT	1-CCGCCATTTATT	13.488474	-28.635727	0	T:10.0(3.14%),B:25.1(0.07%),P:1e-12	Tpos:537.9,Tstd:314.4,Bpos:521.1,Bstd:311.5,StrandBias:0.6,Multiplicity:1.00
0.001	0.997	0.001	0.001
0.116	0.882	0.001	0.001
0.001	0.001	0.997	0.001
0.001	0.848	0.001	0.150
0.055	0.943	0.001	0.001
0.863	0.001	0.001	0.135
0.001	0.001	0.001	0.997
0.001	0.001	0.001	0.997
0.125	0.001	0.176	0.698
0.895	0.001	0.103	0.001
0.001	0.001	0.001	0.997
0.001	0.001	0.001	0.997
>CTCTCTCTCTCT	2-CTCTCTCTCTCT	9.414193	-27.289047	0	T:72.0(22.64%),B:3319.2(9.27%),P:1e-11	Tpos:558.7,Tstd:270.3,Bpos:564.9,Bstd:354.0,StrandBias:0.9,Multiplicity:1.10
0.065	0.800	0.042	0.093
0.093	0.034	0.072	0.801
0.058	0.802	0.044	0.096
0.056	0.071	0.039	0.834
0.038	0.862	0.053	0.047
0.059	0.058	0.031	0.852
0.027	0.844	0.043	0.086
0.041	0.040	0.039	0.880
0.028	0.870	0.055	0.047
0.059	0.041	0.010	0.890
0.072	0.775	0.041	0.112
0.059	0.077	0.071	0.793
>CTGCCKCGCTAT	3-CTGCCKCGCTAT	10.042316	-26.103022	0	T:16.0(5.03%),B:159.6(0.45%),P:1e-11	Tpos:524.8,Tstd:251.3,Bpos:538.7,Bstd:362.4,StrandBias:0.7,Multiplicity:1.00
0.001	0.997	0.001	0.001
0.111	0.085	0.001	0.803
0.252	0.001	0.746	0.001
0.095	0.656	0.095	0.154
0.095	0.819	0.001	0.085
0.085	0.001	0.470	0.444
0.001	0.888	0.001	0.110
0.173	0.076	0.604	0.147
0.001	0.659	0.001	0.339
0.053	0.001	0.212	0.734
0.569	0.254	0.069	0.108
0.001	0.001	0.001	0.997
>TTTCCTCCGTGA	4-TTTCCTCCGTGA	13.235937	-25.125895	0	T:9.0(2.83%),B:25.8(0.07%),P:1e-10	Tpos:546.1,Tstd:349.3,Bpos:494.4,Bstd:337.4,StrandBias:0.3,Multiplicity:1.00
0.001	0.001	0.001	0.997
0.001	0.001	0.001	0.997
0.115	0.001	0.001	0.883
0.001	0.914	0.001	0.084
0.096	0.672	0.116	0.116
0.001	0.103	0.001	0.895
0.001	0.863	0.135	0.001
0.001	0.997	0.001	0.001
0.001	0.001	0.997	0.001
0.001	0.001	0.001	0.997
0.001	0.001	0.883	0.115
0.997	0.001	0.001	0.001
>GCGCTCCATTGC	5-GCGCTCCATTGC	10.080191	-25.100849	0	T:36.0(11.32%),B:1053.8(2.94%),P:1e-10	Tpos:552.9,Tstd:288.2,Bpos:574.8,Bstd:369.3,StrandBias:0.4,Multiplicity:1.03
0.140	0.001	0.806	0.053
0.095	0.756	0.001	0.148
0.094	0.001	0.904	0.001
0.062	0.936	0.001	0.001
0.001	0.192	0.001	0.806
0.001	0.902	0.095	0.002
0.001	0.720	0.073	0.206
0.747	0.001	0.154	0.098
0.015	0.187	0.028	0.770
0.001	0.080	0.003	0.916
0.001	0.001	0.918	0.080
0.131	0.834	0.034	0.001
>AAAATCGATAAA	6-AAAATCGATAAA	9.676898	-24.908989	0	T:131.0(41.19%),B:8615.7(24.06%),P:1e-10	Tpos:540.4,Tstd:290.1,Bpos:526.3,Bstd:394.8,StrandBias:-0.7,Multiplicity:1.56
0.829	0.038	0.059	0.074
0.907	0.025	0.041	0.027
0.828	0.035	0.084	0.053
0.838	0.055	0.032	0.075
0.021	0.039	0.090	0.850
0.053	0.849	0.028	0.070
0.067	0.068	0.817	0.048
0.808	0.058	0.080	0.054
0.084	0.037	0.058	0.821
0.819	0.069	0.077	0.035
0.805	0.048	0.042	0.105
0.834	0.045	0.021	0.100
>GTCTCTCATTTC	7-GTCTCTCATTTC	12.805844	-24.561355	0	T:15.0(4.72%),B:149.9(0.42%),P:1e-10	Tpos:526.1,Tstd:304.8,Bpos:516.0,Bstd:399.6,StrandBias:1.3,Multiplicity:1.00
0.001	0.057	0.923	0.019
0.001	0.001	0.130	0.868
0.001	0.997	0.001	0.001
0.001	0.001	0.001	0.997
0.101	0.897	0.001	0.001
0.101	0.001	0.001	0.897
0.001	0.997	0.001	0.001
0.934	0.001	0.001	0.064
0.001	0.061	0.001	0.937
0.001	0.060	0.083	0.856
0.001	0.131	0.131	0.737
0.001	0.997	0.001	0.001
>ACGTGGACGATT	8-ACGTGGACGATT	13.397855	-23.521007	0	T:9.0(2.83%),B:31.8(0.09%),P:1e-10	Tpos:591.0,Tstd:255.7,Bpos:517.0,Bstd:389.8,StrandBias:0.3,Multiplicity:1.00
0.997	0.001	0.001	0.001
0.001	0.997	0.001	0.001
0.001	0.001	0.997	0.001
0.001	0.001	0.001	0.997
0.001	0.135	0.863	0.001
0.001	0.001	0.893	0.105
0.863	0.001	0.001	0.135
0.001	0.997	0.001	0.001
0.083	0.001	0.833	0.083
0.839	0.001	0.159	0.001
0.001	0.001	0.135	0.863
0.001	0.001	0.001	0.997
>VTAAAMAACACG	9-VTAAAMAACACG	8.978901	-23.091524	0	T:69.0(21.70%),B:3406.8(9.51%),P:1e-10	Tpos:559.2,Tstd:261.7,Bpos:529.2,Bstd:338.3,StrandBias:-0.6,Multiplicity:1.12
0.382	0.324	0.293	0.001
0.009	0.061	0.085	0.845
0.778	0.001	0.039	0.182
0.708	0.001	0.117	0.174
0.883	0.029	0.069	0.019
0.431	0.517	0.001	0.051
0.922	0.001	0.001	0.076
0.929	0.020	0.001	0.050
0.020	0.859	0.072	0.049
0.847	0.055	0.097	0.001
0.019	0.679	0.021	0.281
0.261	0.163	0.557	0.019
>ATACAAATGTCG	10-ATACAAATGTCG	12.954545	-22.145540	0	T:10.0(3.14%),B:54.1(0.15%),P:1e-9	Tpos:656.9,Tstd:224.5,Bpos:549.3,Bstd:367.9,StrandBias:-0.6,Multiplicity:1.00
0.997	0.001	0.001	0.001
0.001	0.001	0.151	0.847
0.997	0.001	0.001	0.001
0.062	0.936	0.001	0.001
0.997	0.001	0.001	0.001
0.847	0.151	0.001	0.001
0.997	0.001	0.001	0.001
0.129	0.001	0.001	0.869
0.068	0.001	0.930	0.001
0.081	0.001	0.001	0.917
0.001	0.997	0.001	0.001
0.094	0.129	0.776	0.001
>AGCGAAGAAAAA	11-AGCGAAGAAAAA	9.731387	-21.780868	0	T:66.0(20.75%),B:3279.4(9.16%),P:1e-9	Tpos:545.9,Tstd:277.7,Bpos:538.4,Bstd:354.5,StrandBias:-1.0,Multiplicity:1.18
0.771	0.082	0.073	0.074
0.064	0.049	0.803	0.084
0.043	0.825	0.077	0.055
0.099	0.069	0.797	0.035
0.835	0.081	0.055	0.029
0.825	0.014	0.094	0.067
0.042	0.109	0.795	0.054
0.818	0.021	0.102	0.059
0.917	0.018	0.041	0.024
0.836	0.052	0.111	0.001
0.949	0.001	0.017	0.033
0.833	0.038	0.057	0.072
>ACACACAGTGTT	12-ACACACAGTGTT	9.767181	-21.343065	0	T:28.0(8.81%),B:759.0(2.12%),P:1e-9	Tpos:462.0,Tstd:283.1,Bpos:508.1,Bstd:351.3,StrandBias:0.2,Multiplicity:1.00
0.872	0.001	0.082	0.045
0.013	0.913	0.001	0.073
0.899	0.001	0.099	0.001
0.082	0.701	0.104	0.113
0.886	0.001	0.035	0.078
0.045	0.931	0.001	0.023
0.879	0.075	0.001	0.045
0.001	0.035	0.795	0.169
0.121	0.152	0.001	0.726
0.042	0.045	0.821	0.092
0.118	0.053	0.045	0.784
0.001	0.090	0.104	0.805
>TGTGGGAAAGTT	13-TGTGGGAAAGTT	13.148032	-20.115950	0	T:12.0(3.77%),B:117.1(0.33%),P:1e-8	Tpos:490.1,Tstd:220.3,Bpos:536.0,Bstd:344.2,StrandBias:-0.5,Multiplicity:1.00
0.001	0.116	0.001	0.882
0.001	0.162	0.836	0.001
0.001	0.001	0.328	0.670
0.001	0.001	0.900	0.098
0.266	0.001	0.732	0.001
0.001	0.176	0.822	0.001
0.997	0.001	0.001	0.001
0.997	0.001	0.001	0.001
0.997	0.001	0.001	0.001
0.237	0.001	0.611	0.151
0.001	0.001	0.001	0.997
0.001	0.001	0.001	0.997
>ATTTCGCAATAT	14-ATTTCGCAATAT	10.945418	-20.012564	0	T:32.0(10.06%),B:1036.0(2.89%),P:1e-8	Tpos:559.0,Tstd:302.7,Bpos:513.6,Bstd:350.6,StrandBias:-0.3,Multiplicity:1.03
0.793	0.016	0.016	0.175
0.001	0.001	0.018	0.980
0.001	0.066	0.047	0.886
0.035	0.001	0.021	0.943
0.057	0.629	0.233	0.081
0.234	0.128	0.626	0.012
0.031	0.690	0.216	0.063
0.870	0.050	0.047	0.033
0.922	0.041	0.001	0.036
0.143	0.100	0.294	0.464
0.685	0.113	0.098	0.104
0.042	0.081	0.201	0.676
>TTGCACGCAAAT	15-TTGCACGCAAAT	13.674983	-19.827435	0	T:8.0(2.52%),B:33.8(0.09%),P:1e-8	Tpos:496.7,Tstd:159.1,Bpos:511.5,Bstd:288.7,StrandBias:1.8,Multiplicity:1.12
0.001	0.001	0.001	0.997
0.001	0.001	0.001	0.997
0.001	0.001	0.919	0.079
0.144	0.854	0.001	0.001
0.997	0.001	0.001	0.001
0.144	0.854	0.001	0.001
0.115	0.001	0.883	0.001
0.001	0.997	0.001	0.001
0.854	0.001	0.001	0.144
0.997	0.001	0.001	0.001
0.871	0.001	0.001	0.127
0.081	0.001	0.001	0.917
>GAGAAATGGACC	16-GAGAAATGGACC	13.305644	-19.685082	0	T:9.0(2.83%),B:51.5(0.14%),P:1e-8	Tpos:615.2,Tstd:281.6,Bpos:528.9,Bstd:329.4,StrandBias:-1.0,Multiplicity:1.00
0.001	0.001	0.997	0.001
0.997	0.001	0.001	0.001
0.095	0.001	0.903	0.001
0.997	0.001	0.001	0.001
0.997	0.001	0.001	0.001
0.997	0.001	0.001	0.001
0.001	0.001	0.001	0.997
0.001	0.192	0.576	0.231
0.001	0.001	0.890	0.108
0.835	0.163	0.001	0.001
0.001	0.997	0.001	0.001
0.099	0.899	0.001	0.001
>CCAGTAATGTCC	17-CCAGTAATGTCC	12.613398	-19.533159	0	T:9.0(2.83%),B:52.4(0.15%),P:1e-8	Tpos:459.7,Tstd:205.8,Bpos:445.0,Bstd:286.6,StrandBias:0.3,Multiplicity:1.22
0.001	0.729	0.001	0.269
0.001	0.997	0.001	0.001
0.842	0.001	0.156	0.001
0.001	0.147	0.720	0.132
0.423	0.001	0.001	0.575
0.997	0.001	0.001	0.001
0.866	0.001	0.132	0.001
0.147	0.001	0.001	0.851
0.001	0.001	0.866	0.132
0.001	0.001	0.001	0.997
0.001	0.997	0.001	0.001
0.001	0.997	0.001	0.001
>TCTCTGTCAGCT	18-TCTCTGTCAGCT	13.216201	-19.384024	0	T:9.0(2.83%),B:53.1(0.15%),P:1e-8	Tpos:514.0,Tstd:256.2,Bpos:459.3,Bstd:364.1,StrandBias:1.0,Multiplicity:1.00
0.001	0.001	0.001	0.997
0.208	0.674	0.001	0.117
0.001	0.001	0.001	0.997
0.001	0.852	0.001	0.146
0.001	0.001	0.001	0.997
0.001	0.078	0.920	0.001
0.001	0.001	0.001	0.997
0.001	0.997	0.001	0.001
0.997	0.001	0.001	0.001
0.001	0.001	0.876	0.122
0.001	0.852	0.001	0.146
0.001	0.001	0.001	0.997
>CGGCCGCGGCCA	19-CGGCCGCGGCCA	10.852062	-17.987381	0	T:14.0(4.40%),B:211.5(0.59%),P:1e-7	Tpos:618.6,Tstd:233.6,Bpos:573.4,Bstd:426.1,StrandBias:-0.7,Multiplicity:1.21
0.115	0.674	0.001	0.210
0.005	0.056	0.938	0.001
0.001	0.001	0.997	0.001
0.086	0.912	0.001	0.001
0.001	0.779	0.123	0.097
0.180	0.001	0.818	0.001
0.001	0.886	0.001	0.112
0.056	0.097	0.846	0.001
0.210	0.001	0.589	0.200
0.001	0.997	0.001	0.001
0.080	0.646	0.161	0.113
0.938	0.001	0.060	0.001
>TTTTAGCTGAAA	20-TTTTAGCTGAAA	11.233236	-17.986449	0	T:58.0(18.24%),B:2973.3(8.30%),P:1e-7	Tpos:463.7,Tstd:303.2,Bpos:525.3,Bstd:410.2,StrandBias:-0.2,Multiplicity:1.21
0.001	0.147	0.001	0.851
0.001	0.001	0.001	0.997
0.001	0.024	0.031	0.944
0.125	0.042	0.117	0.716
0.471	0.262	0.031	0.236
0.061	0.144	0.736	0.059
0.032	0.733	0.231	0.004
0.098	0.028	0.023	0.851
0.028	0.001	0.970	0.001
0.851	0.001	0.001	0.147
0.957	0.001	0.001	0.041
0.952	0.001	0.001	0.046
>TTTCTGTTGTTT	21-TTTCTGTTGTTT	12.879630	-16.501350	0	T:31.0(9.75%),B:1145.0(3.20%),P:1e-7	Tpos:466.6,Tstd:298.6,Bpos:510.7,Bstd:329.4,StrandBias:1.9,Multiplicity:1.10
0.001	0.001	0.001	0.997
0.001	0.099	0.001	0.899
0.001	0.082	0.001	0.916
0.001	0.817	0.001	0.181
0.001	0.001	0.001	0.997
0.001	0.001	0.931	0.067
0.001	0.001	0.001	0.997
0.137	0.139	0.001	0.723
0.001	0.001	0.821	0.177
0.001	0.001	0.001	0.997
0.001	0.001	0.001	0.997
0.001	0.111	0.001	0.887
>CGAAAAGGGAAG	22-CGAAAAGGGAAG	8.940235	-15.060752	0	T:23.0(7.23%),B:728.4(2.03%),P:1e-6	Tpos:474.8,Tstd:287.7,Bpos:539.0,Bstd:355.1,StrandBias:0.1,Multiplicity:1.96
0.001	0.997	0.001	0.001
0.166	0.001	0.832	0.001
0.630	0.368	0.001	0.001
0.997	0.001	0.001	0.001
0.997	0.001	0.001	0.001
0.715	0.283	0.001	0.001
0.001	0.001	0.997	0.001
0.101	0.001	0.897	0.001
0.101	0.001	0.897	0.001
0.652	0.012	0.335	0.001
0.832	0.166	0.001	0.001
0.001	0.001	0.973	0.025
>GGGTCCCGCCAC	23-GGGTCCCGCCAC	12.048904	-14.978209	0	T:18.0(5.66%),B:460.4(1.29%),P:1e-6	Tpos:542.5,Tstd:257.4,Bpos:539.4,Bstd:339.2,StrandBias:0.0,Multiplicity:1.11
0.061	0.001	0.937	0.001
0.001	0.001	0.997	0.001
0.001	0.001	0.997	0.001
0.001	0.001	0.119	0.879
0.103	0.740	0.120	0.037
0.001	0.903	0.001	0.095
0.001	0.688	0.001	0.310
0.001	0.001	0.997	0.001
0.079	0.837	0.001	0.083
0.045	0.953	0.001	0.001
0.593	0.120	0.286	0.001
0.119	0.879	0.001	0.001
>GACAYGKYGCCA	24-GACAYGKYGCCA	9.769901	-11.845905	0	T:19.0(5.97%),B:638.5(1.78%),P:1e-5	Tpos:525.1,Tstd:256.8,Bpos:476.7,Bstd:353.6,StrandBias:0.0,Multiplicity:1.26
0.132	0.001	0.866	0.001
0.601	0.061	0.337	0.001
0.258	0.740	0.001	0.001
0.831	0.001	0.167	0.001
0.142	0.407	0.001	0.450
0.190	0.182	0.497	0.131
0.178	0.001	0.472	0.349
0.001	0.456	0.079	0.463
0.001	0.001	0.997	0.001
0.001	0.997	0.001	0.001
0.068	0.754	0.001	0.177
0.895	0.001	0.001	0.103
>TTAAATTTATAT	25-TTAAATTTATAT	10.409522	-10.666085	0	T:33.0(10.38%),B:1679.7(4.69%),P:1e-4	Tpos:467.5,Tstd:299.9,Bpos:496.8,Bstd:313.1,StrandBias:1.2,Multiplicity:1.09
0.100	0.100	0.100	0.700
0.100	0.100	0.100	0.700
0.700	0.100	0.100	0.100
0.700	0.100	0.100	0.100
0.700	0.100	0.100	0.100
0.100	0.100	0.100	0.700
0.100	0.100	0.100	0.700
0.100	0.100	0.100	0.700
0.700	0.100	0.100	0.100
0.100	0.100	0.100	0.700
0.700	0.100	0.100	0.100
0.100	0.100	0.100	0.700
>AAARCGCG	1-AAARCGCG	5.959655	-31.718527	0	T:196.0(61.64%),B:14417.4(40.26%),P:1e-13	Tpos:526.0,Tstd:266.6,Bpos:537.5,Bstd:377.1,StrandBias:-0.6,Multiplicity:1.58
0.766	0.104	0.129	0.001
0.754	0.001	0.244	0.001
0.685	0.167	0.072	0.076
0.548	0.001	0.450	0.001
0.189	0.809	0.001	0.001
0.001	0.001	0.997	0.001
0.001	0.997	0.001	0.001
0.001	0.001	0.997	0.001
>CTCTCTCT	2-CTCTCTCT	6.891794	-25.491845	0	T:136.0(42.77%),B:9024.3(25.20%),P:1e-11	Tpos:538.2,Tstd:282.0,Bpos:552.6,Bstd:355.7,StrandBias:1.0,Multiplicity:1.48
0.001	0.901	0.097	0.001
0.135	0.001	0.049	0.815
0.001	0.997	0.001	0.001
0.001	0.001	0.028	0.970
0.001	0.997	0.001	0.001
0.082	0.001	0.039	0.878
0.001	0.880	0.001	0.118
0.001	0.001	0.047	0.951
>TTTCGCAA	3-TTTCGCAA	8.438263	-22.990644	0	T:114.0(35.85%),B:7249.8(20.24%),P:1e-9	Tpos:543.9,Tstd:269.2,Bpos:522.6,Bstd:361.1,StrandBias:0.0,Multiplicity:1.25
0.001	0.001	0.001	0.997
0.001	0.001	0.001	0.997
0.001	0.001	0.001	0.997
0.001	0.997	0.001	0.001
0.001	0.001	0.997	0.001
0.001	0.786	0.001	0.212
0.851	0.001	0.001	0.147
0.891	0.107	0.001	0.001
>CGSAGAAA	4-CGSAGAAA	7.477619	-22.899224	0	T:156.0(49.06%),B:11350.2(31.70%),P:1e-9	Tpos:482.8,Tstd:287.3,Bpos:512.5,Bstd:361.2,StrandBias:-1.0,Multiplicity:1.29
0.283	0.715	0.001	0.001
0.001	0.001	0.997	0.001
0.255	0.293	0.437	0.014
0.997	0.001	0.001	0.001
0.001	0.196	0.802	0.001
0.739	0.001	0.249	0.011
0.997	0.001	0.001	0.001
0.514	0.293	0.147	0.046
>YGCACACA	5-YGCACACA	5.978580	-22.384699	0	T:191.0(60.06%),B:15163.6(42.34%),P:1e-9	Tpos:483.7,Tstd:286.7,Bpos:540.3,Bstd:349.1,StrandBias:-0.0,Multiplicity:1.66
0.092	0.391	0.220	0.296
0.295	0.001	0.703	0.001
0.001	0.946	0.026	0.027
0.661	0.198	0.001	0.140
0.008	0.754	0.221	0.017
0.780	0.001	0.178	0.041
0.001	0.892	0.106	0.001
0.525	0.001	0.284	0.190
>GTGAACGC	6-GTGAACGC	6.019623	-21.922777	0	T:118.0(37.11%),B:7748.8(21.64%),P:1e-9	Tpos:551.1,Tstd:272.8,Bpos:509.4,Bstd:336.1,StrandBias:-0.4,Multiplicity:1.19
0.049	0.051	0.845	0.055
0.074	0.053	0.001	0.872
0.081	0.001	0.917	0.001
0.834	0.039	0.038	0.089
0.997	0.001	0.001	0.001
0.001	0.911	0.001	0.087
0.154	0.001	0.782	0.063
0.001	0.834	0.061	0.104
>AGAGACGC	7-AGAGACGC	9.271050	-17.806584	0	T:63.0(19.81%),B:3385.8(9.45%),P:1e-7	Tpos:488.5,Tstd:277.9,Bpos:548.3,Bstd:351.1,StrandBias:-1.2,Multiplicity:1.09
0.997	0.001	0.001	0.001
0.001	0.001	0.997	0.001
0.774	0.224	0.001	0.001
0.001	0.001	0.997	0.001
0.997	0.001	0.001	0.001
0.261	0.737	0.001	0.001
0.001	0.001	0.997	0.001
0.001	0.997	0.001	0.001
>ATYGATTW	8-ATYGATTW	8.038252	-16.567811	0	T:167.0(52.52%),B:13497.7(37.69%),P:1e-7	Tpos:552.6,Tstd:298.9,Bpos:531.1,Bstd:375.1,StrandBias:0.3,Multiplicity:1.63
0.929	0.001	0.069	0.001
0.375	0.001	0.001	0.623
0.001	0.453	0.001	0.545
0.001	0.001	0.983	0.015
0.562	0.100	0.001	0.337
0.001	0.001	0.001	0.997
0.044	0.334	0.001	0.621
0.451	0.021	0.001	0.527
>TTTTCTCC	9-TTTTCTCC	10.342698	-15.718275	0	T:78.0(24.53%),B:4870.7(13.60%),P:1e-6	Tpos:506.9,Tstd:303.7,Bpos:525.5,Bstd:368.7,StrandBias:1.6,Multiplicity:1.13
0.001	0.001	0.001	0.997
0.001	0.001	0.001	0.997
0.001	0.001	0.001	0.997
0.001	0.001	0.001	0.997
0.001	0.997	0.001	0.001
0.001	0.001	0.001	0.997
0.001	0.758	0.001	0.240
0.001	0.636	0.186	0.177
>GCAGCCGC	10-GCAGCCGC	7.994016	-15.284016	0	T:55.0(17.30%),B:2979.6(8.32%),P:1e-6	Tpos:493.4,Tstd:293.1,Bpos:511.8,Bstd:391.0,StrandBias:0.1,Multiplicity:1.15
0.144	0.001	0.854	0.001
0.001	0.997	0.001	0.001
0.631	0.252	0.077	0.040
0.211	0.001	0.787	0.001
0.001	0.997	0.001	0.001
0.154	0.844	0.001	0.001
0.001	0.001	0.965	0.033
0.001	0.781	0.062	0.156
>AAAGGGGV	11-AAAGGGGV	6.195160	-13.902411	0	T:192.0(60.38%),B:16764.3(46.81%),P:1e-6	Tpos:520.9,Tstd:273.2,Bpos:533.1,Bstd:344.0,StrandBias:-0.8,Multiplicity:1.60
0.762	0.039	0.164	0.035
0.997	0.001	0.001	0.001
0.997	0.001	0.001	0.001
0.353	0.001	0.644	0.002
0.040	0.001	0.958	0.001
0.082	0.089	0.736	0.093
0.001	0.126	0.872	0.001
0.295	0.315	0.317	0.074
>CGTCCTTG	12-CGTCCTTG	8.236954	-8.116855	0	T:11.0(3.46%),B:338.2(0.94%),P:1e-3	Tpos:509.1,Tstd:316.4,Bpos:489.2,Bstd:353.7,StrandBias:-0.2,Multiplicity:1.18
0.100	0.700	0.100	0.100
0.100	0.100	0.700	0.100
0.100	0.100	0.100	0.700
0.100	0.700	0.100	0.100
0.100	0.700	0.100	0.100
0.100	0.100	0.100	0.700
0.100	0.100	0.100	0.700
0.100	0.100	0.700	0.100
