>GAGCACTAGG	1-GAGCACTAGG	11.738578	-22.953730	0	T:6.0(19.35%),B:90.8(0.22%),P:1e-9	Tpos:627.7,Tstd:227.3,Bpos:495.6,Bstd:309.5,StrandBias:-1.0,Multiplicity:1.00
0.001	0.001	0.997	0.001
0.710	0.001	0.001	0.288
0.001	0.001	0.997	0.001
0.001	0.997	0.001	0.001
0.997	0.001	0.001	0.001
0.225	0.773	0.001	0.001
0.001	0.001	0.001	0.997
0.764	0.001	0.234	0.001
0.001	0.001	0.997	0.001
0.001	0.001	0.997	0.001
>GGCGACAATA	2-GGCGACAATA	10.583861	-21.176264	0	T:8.0(25.81%),B:399.4(0.99%),P:1e-9	Tpos:606.7,Tstd:274.9,Bpos:468.9,Bstd:286.4,StrandBias:-1.8,Multiplicity:1.12
0.001	0.001	0.997	0.001
0.001	0.001	0.997	0.001
0.102	0.896	0.001	0.001
0.089	0.106	0.690	0.115
0.997	0.001	0.001	0.001
0.090	0.908	0.001	0.001
0.997	0.001	0.001	0.001
0.861	0.001	0.137	0.001
0.001	0.106	0.001	0.892
0.892	0.001	0.106	0.001
>CCGGTTGCCA	3-CCGGTTGCCA	11.274379	-20.010527	0	T:6.0(19.35%),B:150.8(0.37%),P:1e-8	Tpos:764.7,Tstd:178.6,Bpos:482.7,Bstd:330.0,StrandBias:0.0,Multiplicity:1.00
0.174	0.693	0.001	0.132
0.001	0.997	0.001	0.001
0.001	0.167	0.831	0.001
0.001	0.001	0.997	0.001
0.184	0.001	0.001	0.814
0.001	0.001	0.001	0.997
0.001	0.186	0.812	0.001
0.001	0.997	0.001	0.001
0.001	0.997	0.001	0.001
0.997	0.001	0.001	0.001
>TAAACGACCG	4-TAAACGACCG	7.389542	-18.332893	0	T:13.0(41.94%),B:2443.6(6.05%),P:1e-7	Tpos:535.9,Tstd:336.1,Bpos:510.1,Bstd:303.6,StrandBias:0.7,Multiplicity:1.38
0.051	0.229	0.002	0.718
0.809	0.003	0.047	0.141
0.858	0.001	0.140	0.001
0.754	0.065	0.069	0.112
0.028	0.873	0.001	0.098
0.025	0.282	0.650	0.043
0.698	0.051	0.200	0.051
0.001	0.864	0.001	0.134
0.056	0.882	0.061	0.001
0.042	0.001	0.906	0.051
>AGTATACTBT	5-AGTATACTBT	9.770490	-15.089045	0	T:7.0(22.58%),B:588.2(1.46%),P:1e-6	Tpos:400.8,Tstd:201.5,Bpos:505.9,Bstd:303.1,StrandBias:-0.6,Multiplicity:1.14
0.764	0.185	0.001	0.050
0.001	0.001	0.997	0.001
0.001	0.001	0.095	0.903
0.997	0.001	0.001	0.001
0.001	0.001	0.001	0.997
0.800	0.198	0.001	0.001
0.001	0.935	0.001	0.063
0.102	0.096	0.093	0.709
0.111	0.351	0.231	0.306
0.086	0.001	0.001	0.912
>TTCTCTATAA	6-TTCTCTATAA	11.145827	-13.758403	0	T:7.0(22.58%),B:719.4(1.78%),P:1e-5	Tpos:379.2,Tstd:214.2,Bpos:514.4,Bstd:312.2,StrandBias:-0.7,Multiplicity:1.14
0.001	0.001	0.001	0.997
0.177	0.001	0.001	0.821
0.125	0.873	0.001	0.001
0.001	0.001	0.001	0.997
0.001	0.997	0.001	0.001
0.001	0.129	0.001	0.869
0.997	0.001	0.001	0.001
0.001	0.108	0.001	0.890
0.997	0.001	0.001	0.001
0.997	0.001	0.001	0.001
>ACGGACCGTC	7-ACGGACCGTC	8.371757	-12.867983	0	T:6.0(19.35%),B:518.4(1.28%),P:1e-5	Tpos:359.1,Tstd:253.0,Bpos:502.5,Bstd:347.7,StrandBias:0.7,Multiplicity:1.67
0.860	0.138	0.001	0.001
0.107	0.891	0.001	0.001
0.001	0.001	0.997	0.001
0.105	0.001	0.893	0.001
0.486	0.268	0.134	0.112
0.107	0.718	0.001	0.174
0.001	0.997	0.001	0.001
0.001	0.001	0.888	0.110
0.001	0.001	0.246	0.752
0.254	0.535	0.001	0.210
>ATCCCCCACC	8-ATCCCCCACC	11.557986	-12.678326	0	T:3.0(9.68%),B:35.0(0.09%),P:1e-5	Tpos:681.0,Tstd:173.3,Bpos:578.4,Bstd:303.7,StrandBias:1.0,Multiplicity:1.00
0.593	0.089	0.317	0.001
0.001	0.001	0.001	0.997
0.001	0.829	0.169	0.001
0.172	0.698	0.001	0.129
0.129	0.744	0.001	0.126
0.001	0.829	0.169	0.001
0.128	0.870	0.001	0.001
0.910	0.001	0.001	0.088
0.001	0.997	0.001	0.001
0.271	0.599	0.001	0.129
>AGGTGCAAGG	9-AGGTGCAAGG	10.296193	-12.148688	0	T:3.0(9.68%),B:41.2(0.10%),P:1e-5	Tpos:677.3,Tstd:162.9,Bpos:585.0,Bstd:318.6,StrandBias:1.0,Multiplicity:1.00
0.700	0.100	0.100	0.100
0.100	0.100	0.700	0.100
0.100	0.100	0.700	0.100
0.100	0.100	0.100	0.700
0.100	0.100	0.700	0.100
0.100	0.700	0.100	0.100
0.700	0.100	0.100	0.100
0.700	0.100	0.100	0.100
0.100	0.100	0.700	0.100
0.100	0.100	0.700	0.100
>TCAATTTATA	10-TCAATTTATA	9.856222	-11.151618	0	T:15.0(48.39%),B:6149.4(15.23%),P:1e-4	Tpos:414.0,Tstd:287.7,Bpos:504.7,Bstd:302.8,StrandBias:-0.8,Multiplicity:1.27
0.166	0.001	0.001	0.832
0.001	0.997	0.001	0.001
0.630	0.001	0.001	0.368
0.536	0.382	0.001	0.081
0.188	0.001	0.001	0.810
0.001	0.001	0.001	0.997
0.001	0.001	0.001	0.997
0.828	0.001	0.001	0.170
0.188	0.001	0.001	0.810
0.822	0.154	0.001	0.023
>ATTTTCACGG	11-ATTTTCACGG	11.418855	-9.935889	0	T:6.0(19.35%),B:874.7(2.17%),P:1e-4	Tpos:501.6,Tstd:290.4,Bpos:495.4,Bstd:297.7,StrandBias:0.7,Multiplicity:1.33
0.997	0.001	0.001	0.001
0.001	0.001	0.001	0.997
0.001	0.001	0.001	0.997
0.001	0.001	0.001	0.997
0.001	0.001	0.001	0.997
0.001	0.997	0.001	0.001
0.721	0.277	0.001	0.001
0.001	0.997	0.001	0.001
0.321	0.001	0.677	0.001
0.001	0.001	0.997	0.001
>GAGTAAGCAA	12-GAGTAAGCAA	8.350283	-7.935794	0	T:7.0(22.58%),B:1798.1(4.45%),P:1e-3	Tpos:605.6,Tstd:311.2,Bpos:525.5,Bstd:309.0,StrandBias:-0.7,Multiplicity:1.14
0.100	0.100	0.700	0.100
0.700	0.100	0.100	0.100
0.100	0.100	0.700	0.100
0.100	0.100	0.100	0.700
0.700	0.100	0.100	0.100
0.700	0.100	0.100	0.100
0.100	0.100	0.700	0.100
0.100	0.700	0.100	0.100
0.700	0.100	0.100	0.100
0.700	0.100	0.100	0.100
>CTTTTTCCCACT	1-CTTTTTCCCACT	13.799923	-24.636374	0	T:6.0(19.35%),B:67.9(0.17%),P:1e-10	Tpos:657.7,Tstd:171.7,Bpos:560.0,Bstd:274.4,StrandBias:0.0,Multiplicity:1.00
0.001	0.997	0.001	0.001
0.001	0.001	0.188	0.810
0.001	0.001	0.162	0.836
0.001	0.135	0.001	0.863
0.001	0.165	0.001	0.833
0.001	0.001	0.001	0.997
0.001	0.997	0.001	0.001
0.001	0.997	0.001	0.001
0.001	0.997	0.001	0.001
0.787	0.001	0.211	0.001
0.001	0.997	0.001	0.001
0.001	0.001	0.001	0.997
>ACGTTTGCATTT	2-ACGTTTGCATTT	12.406496	-22.583621	0	T:6.0(19.35%),B:96.3(0.24%),P:1e-9	Tpos:381.5,Tstd:305.6,Bpos:511.7,Bstd:308.6,StrandBias:0.0,Multiplicity:1.00
0.414	0.207	0.246	0.133
0.001	0.800	0.198	0.001
0.001	0.001	0.997	0.001
0.001	0.001	0.001	0.997
0.231	0.001	0.001	0.767
0.001	0.001	0.211	0.787
0.198	0.001	0.800	0.001
0.132	0.866	0.001	0.001
0.997	0.001	0.001	0.001
0.002	0.001	0.001	0.996
0.399	0.001	0.001	0.599
0.001	0.001	0.002	0.996
>TCATTCCTTTCC	3-TCATTCCTTTCC	13.993120	-17.872589	0	T:5.0(16.13%),B:100.9(0.25%),P:1e-7	Tpos:479.6,Tstd:236.4,Bpos:546.7,Bstd:318.3,StrandBias:-0.6,Multiplicity:1.00
0.211	0.001	0.001	0.787
0.001	0.997	0.001	0.001
0.997	0.001	0.001	0.001
0.264	0.001	0.001	0.734
0.001	0.001	0.001	0.997
0.001	0.997	0.001	0.001
0.001	0.847	0.001	0.151
0.001	0.001	0.001	0.997
0.001	0.001	0.001	0.997
0.001	0.001	0.001	0.997
0.001	0.836	0.001	0.162
0.001	0.997	0.001	0.001
>CGGATCAGTCAT	4-CGGATCAGTCAT	8.632461	-17.117773	0	T:5.0(16.13%),B:117.3(0.29%),P:1e-7	Tpos:804.6,Tstd:166.1,Bpos:538.6,Bstd:313.3,StrandBias:10.0,Multiplicity:1.00
0.122	0.876	0.001	0.001
0.001	0.001	0.997	0.001
0.024	0.001	0.943	0.032
0.997	0.001	0.001	0.001
0.001	0.039	0.001	0.959
0.001	0.997	0.001	0.001
0.997	0.001	0.001	0.001
0.001	0.001	0.876	0.122
0.001	0.001	0.001	0.997
0.001	0.997	0.001	0.001
0.997	0.001	0.001	0.001
0.001	0.001	0.001	0.997
>TATTTTCCCAGA	5-TATTTTCCCAGA	13.582487	-16.610398	0	T:5.0(16.13%),B:130.5(0.32%),P:1e-7	Tpos:548.8,Tstd:273.0,Bpos:475.2,Bstd:280.4,StrandBias:1.0,Multiplicity:1.20
0.001	0.001	0.156	0.842
0.879	0.001	0.001	0.119
0.001	0.001	0.001	0.997
0.001	0.001	0.001	0.997
0.001	0.001	0.001	0.997
0.001	0.001	0.001	0.997
0.001	0.921	0.001	0.077
0.113	0.885	0.001	0.001
0.001	0.997	0.001	0.001
0.997	0.001	0.001	0.001
0.001	0.001	0.997	0.001
0.626	0.001	0.241	0.132
>TTTTGAGCTGAA	6-TTTTGAGCTGAA	13.927715	-14.557680	0	T:5.0(16.13%),B:199.9(0.50%),P:1e-6	Tpos:574.9,Tstd:373.4,Bpos:517.2,Bstd:323.0,StrandBias:-0.4,Multiplicity:1.00
0.001	0.001	0.001	0.997
0.183	0.001	0.001	0.815
0.001	0.001	0.001	0.997
0.001	0.001	0.001	0.997
0.001	0.306	0.692	0.001
0.997	0.001	0.001	0.001
0.001	0.001	0.997	0.001
0.001	0.997	0.001	0.001
0.001	0.136	0.001	0.862
0.117	0.001	0.881	0.001
0.997	0.001	0.001	0.001
0.839	0.001	0.159	0.001
>AATGTATCCACC	7-AATGTATCCACC	10.626602	-14.435105	0	T:3.0(9.68%),B:18.5(0.05%),P:1e-6	Tpos:542.0,Tstd:280.0,Bpos:528.8,Bstd:309.2,StrandBias:0.0,Multiplicity:1.33
0.997	0.001	0.001	0.001
0.997	0.001	0.001	0.001
0.001	0.001	0.163	0.835
0.001	0.001	0.997	0.001
0.001	0.095	0.001	0.903
0.997	0.001	0.001	0.001
0.001	0.001	0.001	0.997
0.001	0.997	0.001	0.001
0.001	0.997	0.001	0.001
0.835	0.163	0.001	0.001
0.001	0.997	0.001	0.001
0.001	0.997	0.001	0.001
>TTTTATTTGCYA	8-TTTTATTTGCYA	10.874209	-13.767462	0	T:9.0(29.03%),B:1460.0(3.61%),P:1e-5	Tpos:487.8,Tstd:315.0,Bpos:518.1,Bstd:300.3,StrandBias:0.8,Multiplicity:1.22
0.001	0.001	0.001	0.997
0.001	0.001	0.001	0.997
0.001	0.001	0.001	0.997
0.001	0.001	0.192	0.806
0.997	0.001	0.001	0.001
0.012	0.001	0.254	0.733
0.184	0.001	0.001	0.814
0.001	0.001	0.001	0.997
0.001	0.351	0.605	0.043
0.029	0.605	0.349	0.017
0.016	0.418	0.012	0.554
0.799	0.004	0.158	0.039
>AAAGGGTATACT	9-AAAGGGTATACT	11.946995	-13.071983	0	T:5.0(16.13%),B:271.6(0.67%),P:1e-5	Tpos:485.0,Tstd:303.8,Bpos:522.0,Bstd:295.6,StrandBias:-2.6,Multiplicity:1.40
0.997	0.001	0.001	0.001
0.997	0.001	0.001	0.001
0.774	0.001	0.001	0.224
0.230	0.197	0.572	0.001
0.230	0.197	0.532	0.041
0.001	0.001	0.803	0.195
0.001	0.001	0.001	0.997
0.997	0.001	0.001	0.001
0.001	0.001	0.001	0.997
0.997	0.001	0.001	0.001
0.292	0.511	0.001	0.196
0.238	0.001	0.001	0.760
>CMRTTTTGTTGG	10-CMRTTTTGTTGG	11.861102	-12.673978	0	T:6.0(19.35%),B:536.2(1.33%),P:1e-5	Tpos:534.5,Tstd:230.7,Bpos:471.6,Bstd:300.7,StrandBias:2.8,Multiplicity:1.33
0.001	0.479	0.323	0.197
0.459	0.539	0.001	0.001
0.385	0.001	0.461	0.154
0.001	0.016	0.001	0.982
0.001	0.001	0.001	0.997
0.001	0.023	0.001	0.975
0.001	0.001	0.001	0.997
0.001	0.001	0.630	0.368
0.180	0.001	0.001	0.818
0.001	0.252	0.001	0.746
0.001	0.322	0.676	0.001
0.001	0.001	0.997	0.001
>TATTTGAATAAA	11-TATTTGAATAAA	8.753670	-12.150664	0	T:8.0(25.81%),B:1319.0(3.27%),P:1e-5	Tpos:470.2,Tstd:249.9,Bpos:517.1,Bstd:292.5,StrandBias:1.2,Multiplicity:1.25
0.001	0.001	0.001	0.997
0.997	0.001	0.001	0.001
0.001	0.001	0.001	0.997
0.001	0.001	0.001	0.997
0.001	0.001	0.001	0.997
0.269	0.001	0.729	0.001
0.713	0.001	0.001	0.285
0.744	0.001	0.217	0.038
0.001	0.001	0.001	0.997
0.984	0.001	0.001	0.014
0.997	0.001	0.001	0.001
0.997	0.001	0.001	0.001
>GTTTTCAGAAAC	12-GTTTTCAGAAAC	10.409522	-11.437901	0	T:8.0(25.81%),B:1454.8(3.60%),P:1e-4	Tpos:281.1,Tstd:284.6,Bpos:513.7,Bstd:308.8,StrandBias:-0.7,Multiplicity:1.00
0.100	0.100	0.700	0.100
0.100	0.100	0.100	0.700
0.100	0.100	0.100	0.700
0.100	0.100	0.100	0.700
0.100	0.100	0.100	0.700
0.100	0.700	0.100	0.100
0.700	0.100	0.100	0.100
0.100	0.100	0.700	0.100
0.700	0.100	0.100	0.100
0.700	0.100	0.100	0.100
0.700	0.100	0.100	0.100
0.100	0.700	0.100	0.100
>TTTCTCTATAAA	13-TTTCTCTATAAA	10.409522	-10.233972	0	T:7.0(22.58%),B:1240.2(3.07%),P:1e-4	Tpos:522.6,Tstd:288.8,Bpos:529.0,Bstd:304.8,StrandBias:2.8,Multiplicity:1.14
0.100	0.100	0.100	0.700
0.100	0.100	0.100	0.700
0.100	0.100	0.100	0.700
0.100	0.700	0.100	0.100
0.100	0.100	0.100	0.700
0.100	0.700	0.100	0.100
0.100	0.100	0.100	0.700
0.700	0.100	0.100	0.100
0.100	0.100	0.100	0.700
0.700	0.100	0.100	0.100
0.700	0.100	0.100	0.100
0.700	0.100	0.100	0.100
>CCATTTTTCGGC	14-CCATTTTTCGGC	11.695644	-6.412582	0	T:4.0(12.90%),B:665.2(1.65%),P:1e-2	Tpos:350.7,Tstd:179.9,Bpos:498.9,Bstd:302.3,StrandBias:2.6,Multiplicity:1.75
0.182	0.700	0.117	0.001
0.191	0.626	0.182	0.001
0.997	0.001	0.001	0.001
0.001	0.001	0.001	0.997
0.001	0.001	0.001	0.997
0.001	0.001	0.001	0.997
0.001	0.001	0.190	0.808
0.001	0.001	0.177	0.821
0.001	0.744	0.001	0.254
0.001	0.001	0.997	0.001
0.001	0.001	0.664	0.334
0.001	0.705	0.156	0.138
>AATCCGATTTTT	15-AATCCGATTTTT	11.357483	-6.225863	0	T:8.0(25.81%),B:3115.4(7.71%),P:1e-2	Tpos:422.3,Tstd:202.3,Bpos:499.8,Bstd:293.4,StrandBias:0.5,Multiplicity:2.00
0.997	0.001	0.001	0.001
0.918	0.001	0.080	0.001
0.035	0.001	0.184	0.780
0.162	0.610	0.121	0.107
0.209	0.629	0.122	0.040
0.163	0.161	0.544	0.132
0.767	0.001	0.066	0.166
0.027	0.001	0.001	0.971
0.001	0.003	0.001	0.995
0.001	0.001	0.081	0.917
0.001	0.001	0.001	0.997
0.001	0.115	0.001	0.883
>GTACCAAGTTTG	16-GTACCAAGTTTG	15.681253	-4.873847	0	T:1.0(3.23%),B:9.6(0.02%),P:1e-2	Tpos:763.0,Tstd:0.0,Bpos:599.4,Bstd:303.3,StrandBias:-10.0,Multiplicity:1.00
0.001	0.001	0.997	0.001
0.001	0.313	0.001	0.685
0.756	0.001	0.242	0.001
0.001	0.997	0.001	0.001
0.001	0.997	0.001	0.001
0.997	0.001	0.001	0.001
0.997	0.001	0.001	0.001
0.001	0.001	0.997	0.001
0.001	0.001	0.001	0.997
0.001	0.001	0.001	0.997
0.001	0.001	0.001	0.997
0.001	0.234	0.764	0.001
>TAAGTGGG	1-TAAGTGGG	6.996757	-18.876084	0	T:12.0(38.71%),B:1874.4(4.64%),P:1e-8	Tpos:599.3,Tstd:253.3,Bpos:541.6,Bstd:308.2,StrandBias:-2.5,Multiplicity:1.08
0.001	0.001	0.001	0.997
0.997	0.001	0.001	0.001
0.670	0.113	0.216	0.001
0.001	0.001	0.997	0.001
0.001	0.001	0.087	0.911
0.001	0.001	0.997	0.001
0.001	0.097	0.901	0.001
0.001	0.001	0.997	0.001
>TGATTTAA	2-TGATTTAA	8.419645	-12.936925	0	T:16.0(51.61%),B:6128.7(15.17%),P:1e-5	Tpos:445.9,Tstd:186.2,Bpos:506.8,Bstd:298.8,StrandBias:-0.5,Multiplicity:1.19
0.001	0.001	0.098	0.900
0.001	0.001	0.997	0.001
0.719	0.001	0.279	0.001
0.001	0.001	0.001	0.997
0.001	0.001	0.001	0.997
0.001	0.001	0.001	0.997
0.997	0.001	0.001	0.001
0.997	0.001	0.001	0.001
>AAGTATAC	3-AAGTATAC	9.033582	-9.038846	0	T:7.0(22.58%),B:1501.8(3.72%),P:1e-3	Tpos:395.3,Tstd:189.1,Bpos:494.9,Bstd:302.9,StrandBias:-0.3,Multiplicity:1.29
0.708	0.001	0.158	0.133
0.824	0.174	0.001	0.001
0.001	0.001	0.997	0.001
0.001	0.001	0.001	0.997
0.997	0.001	0.001	0.001
0.001	0.001	0.001	0.997
0.997	0.001	0.001	0.001
0.001	0.997	0.001	0.001
>CTCTATAA	4-CTCTATAA	5.715185	-8.596165	0	T:18.0(58.06%),B:10616.8(26.29%),P:1e-3	Tpos:526.2,Tstd:295.0,Bpos:518.0,Bstd:305.0,StrandBias:0.6,Multiplicity:1.28
0.001	0.798	0.123	0.078
0.001	0.001	0.001	0.997
0.001	0.997	0.001	0.001
0.001	0.001	0.001	0.997
0.903	0.095	0.001	0.001
0.001	0.001	0.001	0.997
0.936	0.001	0.001	0.062
0.997	0.001	0.001	0.001
>ACGGWCCG	5-ACGGWCCG	4.120032	-5.597600	0	T:9.0(29.03%),B:4252.4(10.53%),P:1e-2	Tpos:420.4,Tstd:256.5,Bpos:535.4,Bstd:342.6,StrandBias:1.0,Multiplicity:1.67
0.997	0.001	0.001	0.001
0.001	0.997	0.001	0.001
0.001	0.001	0.997	0.001
0.001	0.043	0.955	0.001
0.363	0.001	0.231	0.406
0.096	0.813	0.001	0.090
0.001	0.997	0.001	0.001
0.001	0.001	0.997	0.001
