>GAGCACTAGG	1-GAGCACTAGG	11.738578	-22.953730	0	T:6.0(19.35%),B:90.8(0.22%),P:1e-9	Tpos:627.7,Tstd:227.3,Bpos:495.6,Bstd:309.5,StrandBias:-1.0,Multiplicity:1.00
0.001	0.001	0.997	0.001
0.710	0.001	0.001	0.288
0.001	0.001	0.997	0.001
0.001	0.997	0.001	0.001
0.997	0.001	0.001	0.001
0.225	0.773	0.001	0.001
0.001	0.001	0.001	0.997
0.764	0.001	0.234	0.001
0.001	0.001	0.997	0.001
0.001	0.001	0.997	0.001
>GGCGACAATA	2-GGCGACAATA	10.583861	-21.176264	0	T:8.0(25.81%),B:399.4(0.99%),P:1e-9	Tpos:606.7,Tstd:274.9,Bpos:468.9,Bstd:286.4,StrandBias:-1.8,Multiplicity:1.12
0.001	0.001	0.997	0.001
0.001	0.001	0.997	0.001
0.102	0.896	0.001	0.001
0.089	0.106	0.690	0.115
0.997	0.001	0.001	0.001
0.090	0.908	0.001	0.001
0.997	0.001	0.001	0.001
0.861	0.001	0.137	0.001
0.001	0.106	0.001	0.892
0.892	0.001	0.106	0.001
>CCGGTTGCCA	3-CCGGTTGCCA	11.274379	-20.010527	0	T:6.0(19.35%),B:150.8(0.37%),P:1e-8	Tpos:764.7,Tstd:178.6,Bpos:482.7,Bstd:330.0,StrandBias:0.0,Multiplicity:1.00
0.174	0.693	0.001	0.132
0.001	0.997	0.001	0.001
0.001	0.167	0.831	0.001
0.001	0.001	0.997	0.001
0.184	0.001	0.001	0.814
0.001	0.001	0.001	0.997
0.001	0.186	0.812	0.001
0.001	0.997	0.001	0.001
0.001	0.997	0.001	0.001
0.997	0.001	0.001	0.001
>TAAACGACCG	4-TAAACGACCG	7.389542	-18.332893	0	T:13.0(41.94%),B:2443.6(6.05%),P:1e-7	Tpos:535.9,Tstd:336.1,Bpos:510.1,Bstd:303.6,StrandBias:0.7,Multiplicity:1.38
0.051	0.229	0.002	0.718
0.809	0.003	0.047	0.141
0.858	0.001	0.140	0.001
0.754	0.065	0.069	0.112
0.028	0.873	0.001	0.098
0.025	0.282	0.650	0.043
0.698	0.051	0.200	0.051
0.001	0.864	0.001	0.134
0.056	0.882	0.061	0.001
0.042	0.001	0.906	0.051
>AGTATACTBT	5-AGTATACTBT	9.770490	-15.089045	0	T:7.0(22.58%),B:588.2(1.46%),P:1e-6	Tpos:400.8,Tstd:201.5,Bpos:505.9,Bstd:303.1,StrandBias:-0.6,Multiplicity:1.14
0.764	0.185	0.001	0.050
0.001	0.001	0.997	0.001
0.001	0.001	0.095	0.903
0.997	0.001	0.001	0.001
0.001	0.001	0.001	0.997
0.800	0.198	0.001	0.001
0.001	0.935	0.001	0.063
0.102	0.096	0.093	0.709
0.111	0.351	0.231	0.306
0.086	0.001	0.001	0.912
>TTCTCTATAA	6-TTCTCTATAA	11.145827	-13.758403	0	T:7.0(22.58%),B:719.4(1.78%),P:1e-5	Tpos:379.2,Tstd:214.2,Bpos:514.4,Bstd:312.2,StrandBias:-0.7,Multiplicity:1.14
0.001	0.001	0.001	0.997
0.177	0.001	0.001	0.821
0.125	0.873	0.001	0.001
0.001	0.001	0.001	0.997
0.001	0.997	0.001	0.001
0.001	0.129	0.001	0.869
0.997	0.001	0.001	0.001
0.001	0.108	0.001	0.890
0.997	0.001	0.001	0.001
0.997	0.001	0.001	0.001
>ACGGACCGTC	7-ACGGACCGTC	8.371757	-12.867983	0	T:6.0(19.35%),B:518.4(1.28%),P:1e-5	Tpos:359.1,Tstd:253.0,Bpos:502.5,Bstd:347.7,StrandBias:0.7,Multiplicity:1.67
0.860	0.138	0.001	0.001
0.107	0.891	0.001	0.001
0.001	0.001	0.997	0.001
0.105	0.001	0.893	0.001
0.486	0.268	0.134	0.112
0.107	0.718	0.001	0.174
0.001	0.997	0.001	0.001
0.001	0.001	0.888	0.110
0.001	0.001	0.246	0.752
0.254	0.535	0.001	0.210
>ATCCCCCACC	8-ATCCCCCACC	11.557986	-12.678326	0	T:3.0(9.68%),B:35.0(0.09%),P:1e-5	Tpos:681.0,Tstd:173.3,Bpos:578.4,Bstd:303.7,StrandBias:1.0,Multiplicity:1.00
0.593	0.089	0.317	0.001
0.001	0.001	0.001	0.997
0.001	0.829	0.169	0.001
0.172	0.698	0.001	0.129
0.129	0.744	0.001	0.126
0.001	0.829	0.169	0.001
0.128	0.870	0.001	0.001
0.910	0.001	0.001	0.088
0.001	0.997	0.001	0.001
0.271	0.599	0.001	0.129
>AGGTGCAAGG	9-AGGTGCAAGG	10.296193	-12.148688	0	T:3.0(9.68%),B:41.2(0.10%),P:1e-5	Tpos:677.3,Tstd:162.9,Bpos:585.0,Bstd:318.6,StrandBias:1.0,Multiplicity:1.00
0.700	0.100	0.100	0.100
0.100	0.100	0.700	0.100
0.100	0.100	0.700	0.100
0.100	0.100	0.100	0.700
0.100	0.100	0.700	0.100
0.100	0.700	0.100	0.100
0.700	0.100	0.100	0.100
0.700	0.100	0.100	0.100
0.100	0.100	0.700	0.100
0.100	0.100	0.700	0.100
>TCAATTTATA	10-TCAATTTATA	9.856222	-11.151618	0	T:15.0(48.39%),B:6149.4(15.23%),P:1e-4	Tpos:414.0,Tstd:287.7,Bpos:504.7,Bstd:302.8,StrandBias:-0.8,Multiplicity:1.27
0.166	0.001	0.001	0.832
0.001	0.997	0.001	0.001
0.630	0.001	0.001	0.368
0.536	0.382	0.001	0.081
0.188	0.001	0.001	0.810
0.001	0.001	0.001	0.997
0.001	0.001	0.001	0.997
0.828	0.001	0.001	0.170
0.188	0.001	0.001	0.810
0.822	0.154	0.001	0.023
>ATTTTCACGG	11-ATTTTCACGG	11.418855	-9.935889	0	T:6.0(19.35%),B:874.7(2.17%),P:1e-4	Tpos:501.6,Tstd:290.4,Bpos:495.4,Bstd:297.7,StrandBias:0.7,Multiplicity:1.33
0.997	0.001	0.001	0.001
0.001	0.001	0.001	0.997
0.001	0.001	0.001	0.997
0.001	0.001	0.001	0.997
0.001	0.001	0.001	0.997
0.001	0.997	0.001	0.001
0.721	0.277	0.001	0.001
0.001	0.997	0.001	0.001
0.321	0.001	0.677	0.001
0.001	0.001	0.997	0.001
>GAGTAAGCAA	12-GAGTAAGCAA	8.350283	-7.935794	0	T:7.0(22.58%),B:1798.1(4.45%),P:1e-3	Tpos:605.6,Tstd:311.2,Bpos:525.5,Bstd:309.0,StrandBias:-0.7,Multiplicity:1.14
0.100	0.100	0.700	0.100
0.700	0.100	0.100	0.100
0.100	0.100	0.700	0.100
0.100	0.100	0.100	0.700
0.700	0.100	0.100	0.100
0.700	0.100	0.100	0.100
0.100	0.100	0.700	0.100
0.100	0.700	0.100	0.100
0.700	0.100	0.100	0.100
0.700	0.100	0.100	0.100
