>TCTTTTTCCC	1-TCTTTTTCCC	11.042905	-20.019180	0	T:14.0(14.00%),B:692.5(1.69%),P:1e-8	Tpos:597.5,Tstd:274.9,Bpos:551.6,Bstd:326.4,StrandBias:1.9,Multiplicity:1.00
0.001	0.125	0.076	0.798
0.001	0.997	0.001	0.001
0.001	0.001	0.001	0.997
0.071	0.001	0.001	0.927
0.001	0.001	0.001	0.997
0.134	0.001	0.001	0.864
0.001	0.001	0.001	0.997
0.001	0.997	0.001	0.001
0.001	0.997	0.001	0.001
0.001	0.997	0.001	0.001
>GGGAGCCGAA	2-GGGAGCCGAA	10.391297	-19.948421	0	T:11.0(11.00%),B:363.9(0.89%),P:1e-8	Tpos:589.4,Tstd:211.9,Bpos:498.2,Bstd:315.9,StrandBias:-0.8,Multiplicity:1.00
0.086	0.083	0.754	0.077
0.001	0.001	0.883	0.115
0.001	0.111	0.887	0.001
0.997	0.001	0.001	0.001
0.001	0.001	0.997	0.001
0.071	0.834	0.001	0.094
0.001	0.997	0.001	0.001
0.001	0.001	0.997	0.001
0.857	0.001	0.001	0.141
0.875	0.123	0.001	0.001
>TATTGCGGCC	3-TATTGCGGCC	10.618448	-19.517024	0	T:9.0(9.00%),B:207.7(0.51%),P:1e-8	Tpos:703.9,Tstd:255.9,Bpos:486.3,Bstd:308.2,StrandBias:1.2,Multiplicity:1.11
0.116	0.135	0.001	0.748
0.824	0.001	0.001	0.174
0.001	0.001	0.001	0.997
0.001	0.001	0.001	0.997
0.001	0.001	0.997	0.001
0.114	0.884	0.001	0.001
0.001	0.001	0.997	0.001
0.124	0.001	0.874	0.001
0.093	0.905	0.001	0.001
0.107	0.891	0.001	0.001
>AATTGCCAAA	4-AATTGCCAAA	9.774233	-18.045030	0	T:36.0(36.00%),B:5541.5(13.56%),P:1e-7	Tpos:400.8,Tstd:264.4,Bpos:491.3,Bstd:308.6,StrandBias:-0.3,Multiplicity:1.19
0.959	0.039	0.001	0.001
0.916	0.001	0.001	0.082
0.027	0.025	0.001	0.947
0.001	0.001	0.043	0.955
0.014	0.001	0.821	0.164
0.031	0.967	0.001	0.001
0.143	0.742	0.059	0.056
0.957	0.041	0.001	0.001
0.997	0.001	0.001	0.001
0.923	0.001	0.050	0.026
>CTACATTAAC	5-CTACATTAAC	9.413108	-16.441478	0	T:12.0(12.00%),B:642.3(1.57%),P:1e-7	Tpos:549.9,Tstd:284.1,Bpos:482.9,Bstd:285.3,StrandBias:-0.4,Multiplicity:1.17
0.001	0.851	0.147	0.001
0.001	0.001	0.001	0.997
0.901	0.001	0.001	0.097
0.084	0.794	0.001	0.121
0.997	0.001	0.001	0.001
0.096	0.031	0.001	0.872
0.123	0.001	0.001	0.875
0.997	0.001	0.001	0.001
0.729	0.167	0.001	0.103
0.001	0.997	0.001	0.001
>GRGTCATAAA	6-GRGTCATAAA	9.434401	-16.287932	0	T:14.0(14.00%),B:938.8(2.30%),P:1e-7	Tpos:504.2,Tstd:302.7,Bpos:516.2,Bstd:285.3,StrandBias:-1.0,Multiplicity:1.07
0.043	0.188	0.622	0.147
0.446	0.001	0.404	0.150
0.001	0.096	0.902	0.001
0.081	0.060	0.273	0.586
0.059	0.852	0.032	0.057
0.997	0.001	0.001	0.001
0.001	0.055	0.050	0.894
0.594	0.001	0.392	0.013
0.887	0.001	0.111	0.001
0.950	0.001	0.045	0.004
>TTTTTTCGTA	7-TTTTTTCGTA	8.331126	-14.955162	0	T:22.0(22.00%),B:2619.6(6.41%),P:1e-6	Tpos:524.9,Tstd:270.3,Bpos:524.2,Bstd:309.4,StrandBias:0.1,Multiplicity:1.05
0.064	0.073	0.001	0.862
0.042	0.001	0.001	0.956
0.001	0.001	0.001	0.997
0.083	0.001	0.001	0.915
0.001	0.001	0.001	0.997
0.072	0.038	0.001	0.889
0.001	0.997	0.001	0.001
0.001	0.001	0.997	0.001
0.001	0.001	0.001	0.997
0.997	0.001	0.001	0.001
>TGTTTGTTGT	8-TGTTTGTTGT	10.209531	-14.702194	0	T:21.0(21.00%),B:2436.3(5.96%),P:1e-6	Tpos:510.2,Tstd:272.2,Bpos:507.5,Bstd:293.3,StrandBias:1.4,Multiplicity:1.19
0.001	0.001	0.001	0.997
0.181	0.001	0.817	0.001
0.001	0.001	0.077	0.921
0.001	0.211	0.038	0.750
0.001	0.093	0.001	0.905
0.113	0.001	0.885	0.001
0.001	0.001	0.001	0.997
0.001	0.001	0.001	0.997
0.058	0.001	0.760	0.181
0.001	0.001	0.001	0.997
>GACGGCGGRA	9-GACGGCGGRA	12.032665	-14.140995	0	T:5.0(5.00%),B:63.0(0.15%),P:1e-6	Tpos:330.6,Tstd:237.0,Bpos:533.7,Bstd:346.1,StrandBias:-2.0,Multiplicity:1.00
0.001	0.001	0.997	0.001
0.997	0.001	0.001	0.001
0.110	0.746	0.001	0.143
0.142	0.001	0.856	0.001
0.001	0.001	0.997	0.001
0.001	0.614	0.001	0.384
0.001	0.001	0.997	0.001
0.107	0.001	0.891	0.001
0.466	0.001	0.532	0.001
0.997	0.001	0.001	0.001
>CGAATTTTCA	10-CGAATTTTCA	12.319775	-12.827010	0	T:13.0(13.00%),B:1080.8(2.64%),P:1e-5	Tpos:464.4,Tstd:297.4,Bpos:493.6,Bstd:328.5,StrandBias:-0.4,Multiplicity:1.08
0.001	0.997	0.001	0.001
0.001	0.001	0.997	0.001
0.997	0.001	0.001	0.001
0.997	0.001	0.001	0.001
0.001	0.001	0.001	0.997
0.351	0.001	0.001	0.647
0.001	0.355	0.001	0.643
0.031	0.001	0.001	0.967
0.001	0.997	0.001	0.001
0.997	0.001	0.001	0.001
>ATGTCCTCCT	11-ATGTCCTCCT	10.296193	-12.198727	0	T:4.0(4.00%),B:42.8(0.10%),P:1e-5	Tpos:721.8,Tstd:118.2,Bpos:434.2,Bstd:257.1,StrandBias:1.6,Multiplicity:1.00
0.700	0.100	0.100	0.100
0.100	0.100	0.100	0.700
0.100	0.100	0.700	0.100
0.100	0.100	0.100	0.700
0.100	0.700	0.100	0.100
0.100	0.700	0.100	0.100
0.100	0.100	0.100	0.700
0.100	0.700	0.100	0.100
0.100	0.700	0.100	0.100
0.100	0.100	0.100	0.700
>CGAAGAGCGG	12-CGAAGAGCGG	9.041384	-11.088912	0	T:12.0(12.00%),B:1084.1(2.65%),P:1e-4	Tpos:450.8,Tstd:191.7,Bpos:483.5,Bstd:306.4,StrandBias:-0.3,Multiplicity:1.83
0.001	0.803	0.085	0.111
0.111	0.001	0.881	0.007
0.911	0.001	0.087	0.001
0.799	0.099	0.001	0.101
0.301	0.001	0.697	0.001
0.995	0.001	0.001	0.003
0.095	0.001	0.833	0.071
0.001	0.816	0.181	0.002
0.001	0.084	0.783	0.132
0.342	0.001	0.652	0.005
>TTGTAGCATA	13-TTGTAGCATA	9.176375	-10.300388	0	T:17.0(17.00%),B:2252.3(5.51%),P:1e-4	Tpos:582.8,Tstd:238.1,Bpos:483.8,Bstd:299.0,StrandBias:0.1,Multiplicity:1.29
0.064	0.134	0.145	0.657
0.113	0.001	0.001	0.885
0.151	0.001	0.587	0.261
0.103	0.001	0.001	0.895
0.926	0.001	0.072	0.001
0.001	0.001	0.997	0.001
0.001	0.997	0.001	0.001
0.666	0.059	0.001	0.274
0.408	0.001	0.001	0.590
0.725	0.181	0.001	0.093
>ACCACGCAGG	14-ACCACGCAGG	7.443540	-10.170684	0	T:13.0(13.00%),B:1392.1(3.41%),P:1e-4	Tpos:583.5,Tstd:271.2,Bpos:506.6,Bstd:292.8,StrandBias:0.7,Multiplicity:1.62
0.858	0.001	0.001	0.140
0.148	0.759	0.092	0.001
0.045	0.696	0.048	0.211
0.880	0.058	0.061	0.001
0.127	0.735	0.041	0.097
0.049	0.110	0.762	0.079
0.086	0.757	0.094	0.063
0.936	0.001	0.062	0.001
0.058	0.066	0.837	0.039
0.049	0.089	0.800	0.062
>TGATAAGCCT	15-TGATAAGCCT	8.420996	-10.149260	0	T:16.0(16.00%),B:2047.7(5.01%),P:1e-4	Tpos:518.4,Tstd:287.0,Bpos:491.0,Bstd:303.8,StrandBias:0.3,Multiplicity:1.19
0.001	0.001	0.001	0.997
0.001	0.109	0.608	0.282
0.770	0.228	0.001	0.001
0.101	0.001	0.001	0.897
0.884	0.001	0.114	0.001
0.937	0.001	0.001	0.061
0.001	0.160	0.838	0.001
0.082	0.783	0.134	0.001
0.001	0.888	0.001	0.110
0.001	0.001	0.001	0.997
>TGGTCTGCTA	16-TGGTCTGCTA	9.195865	-6.661245	0	T:8.0(8.00%),B:856.4(2.10%),P:1e-2	Tpos:636.4,Tstd:259.5,Bpos:519.5,Bstd:345.7,StrandBias:0.7,Multiplicity:2.25
0.001	0.152	0.251	0.596
0.001	0.001	0.888	0.110
0.173	0.001	0.806	0.020
0.001	0.001	0.001	0.997
0.001	0.818	0.180	0.001
0.238	0.001	0.001	0.760
0.001	0.001	0.767	0.231
0.001	0.771	0.001	0.227
0.239	0.106	0.001	0.654
0.997	0.001	0.001	0.001
>GTTATTGATT	17-GTTATTGATT	8.829606	-6.226357	0	T:26.0(26.00%),B:5951.5(14.56%),P:1e-2	Tpos:495.5,Tstd:280.2,Bpos:533.1,Bstd:318.0,StrandBias:-0.3,Multiplicity:1.81
0.213	0.036	0.695	0.056
0.001	0.001	0.073	0.925
0.001	0.058	0.001	0.940
0.923	0.040	0.036	0.001
0.001	0.001	0.001	0.997
0.001	0.105	0.001	0.893
0.001	0.001	0.946	0.052
0.903	0.071	0.001	0.025
0.032	0.001	0.001	0.966
0.001	0.001	0.157	0.841
>AACCTGACTG	18-AACCTGACTG	10.296193	-3.324354	0	T:1.0(1.00%),B:14.4(0.04%),P:1e-1	Tpos:512.5,Tstd:58.7,Bpos:530.4,Bstd:219.3,StrandBias:-10.0,Multiplicity:12.00
0.700	0.100	0.100	0.100
0.700	0.100	0.100	0.100
0.100	0.700	0.100	0.100
0.100	0.700	0.100	0.100
0.100	0.100	0.100	0.700
0.100	0.100	0.700	0.100
0.700	0.100	0.100	0.100
0.100	0.700	0.100	0.100
0.100	0.100	0.100	0.700
0.100	0.100	0.700	0.100
>TTTTCGTGTA	19-TTTTCGTGTA	10.296193	-1.928817	0	T:2.0(2.00%),B:273.6(0.67%),P:1e0	Tpos:343.2,Tstd:194.7,Bpos:460.2,Bstd:285.1,StrandBias:-10.0,Multiplicity:18.50
0.100	0.100	0.100	0.700
0.100	0.100	0.100	0.700
0.100	0.100	0.100	0.700
0.100	0.100	0.100	0.700
0.100	0.700	0.100	0.100
0.100	0.100	0.700	0.100
0.100	0.100	0.100	0.700
0.100	0.100	0.700	0.100
0.100	0.100	0.100	0.700
0.700	0.100	0.100	0.100
>TCATCAACCAGC	1-TCATCAACCAGC	14.005156	-20.559057	0	T:5.0(5.00%),B:15.3(0.04%),P:1e-8	Tpos:340.4,Tstd:257.2,Bpos:394.4,Bstd:189.1,StrandBias:-0.6,Multiplicity:1.00
0.001	0.001	0.001	0.997
0.205	0.793	0.001	0.001
0.997	0.001	0.001	0.001
0.205	0.001	0.001	0.793
0.205	0.793	0.001	0.001
0.997	0.001	0.001	0.001
0.997	0.001	0.001	0.001
0.001	0.997	0.001	0.001
0.001	0.997	0.001	0.001
0.997	0.001	0.001	0.001
0.001	0.148	0.850	0.001
0.001	0.997	0.001	0.001
>TGAAGAAACTAT	2-TGAAGAAACTAT	13.161839	-17.634361	0	T:8.0(8.00%),B:180.3(0.44%),P:1e-7	Tpos:539.7,Tstd:292.0,Bpos:486.9,Bstd:298.0,StrandBias:0.3,Multiplicity:1.12
0.001	0.001	0.001	0.997
0.106	0.001	0.771	0.122
0.997	0.001	0.001	0.001
0.851	0.001	0.001	0.147
0.001	0.001	0.997	0.001
0.997	0.001	0.001	0.001
0.997	0.001	0.001	0.001
0.997	0.001	0.001	0.001
0.064	0.861	0.001	0.074
0.001	0.001	0.132	0.866
0.997	0.001	0.001	0.001
0.132	0.114	0.001	0.753
>ATTGCTGCCTTT	3-ATTGCTGCCTTT	8.917458	-17.239981	0	T:9.0(9.00%),B:272.7(0.67%),P:1e-7	Tpos:618.6,Tstd:269.4,Bpos:508.3,Bstd:325.9,StrandBias:-0.3,Multiplicity:1.00
0.997	0.001	0.001	0.001
0.248	0.001	0.001	0.750
0.001	0.001	0.001	0.997
0.001	0.001	0.997	0.001
0.001	0.750	0.248	0.001
0.206	0.001	0.295	0.498
0.001	0.001	0.990	0.008
0.005	0.788	0.206	0.001
0.008	0.990	0.001	0.001
0.001	0.001	0.001	0.997
0.260	0.001	0.001	0.738
0.248	0.001	0.001	0.750
>ATTTATATGCCT	4-ATTTATATGCCT	14.347623	-16.981189	0	T:5.0(5.00%),B:34.1(0.08%),P:1e-7	Tpos:436.4,Tstd:303.7,Bpos:517.4,Bstd:270.9,StrandBias:-1.3,Multiplicity:1.40
0.822	0.001	0.001	0.176
0.001	0.001	0.001	0.997
0.001	0.001	0.001	0.997
0.001	0.001	0.001	0.997
0.997	0.001	0.001	0.001
0.001	0.001	0.001	0.997
0.997	0.001	0.001	0.001
0.169	0.001	0.001	0.829
0.001	0.001	0.997	0.001
0.001	0.997	0.001	0.001
0.153	0.845	0.001	0.001
0.001	0.001	0.001	0.997
>CCATCCGATTTT	5-CCATCCGATTTT	16.168913	-16.692231	0	T:3.0(3.00%),B:1.2(0.00%),P:1e-7	Tpos:396.3,Tstd:223.3,Bpos:322.4,Bstd:243.2,StrandBias:1.0,Multiplicity:1.00
0.001	0.997	0.001	0.001
0.001	0.997	0.001	0.001
0.997	0.001	0.001	0.001
0.001	0.001	0.001	0.997
0.001	0.817	0.001	0.181
0.001	0.997	0.001	0.001
0.001	0.001	0.997	0.001
0.997	0.001	0.001	0.001
0.001	0.001	0.001	0.997
0.001	0.001	0.001	0.997
0.001	0.001	0.001	0.997
0.001	0.207	0.001	0.791
>TCTTCTACAGAA	6-TCTTCTACAGAA	9.745280	-16.342410	0	T:20.0(20.00%),B:2001.0(4.90%),P:1e-7	Tpos:544.0,Tstd:307.5,Bpos:496.8,Bstd:301.7,StrandBias:0.2,Multiplicity:1.20
0.003	0.001	0.001	0.995
0.148	0.727	0.001	0.124
0.196	0.001	0.001	0.802
0.146	0.001	0.046	0.807
0.001	0.919	0.001	0.079
0.001	0.222	0.001	0.776
0.785	0.149	0.001	0.065
0.002	0.708	0.001	0.289
0.868	0.001	0.130	0.001
0.133	0.001	0.704	0.162
0.606	0.001	0.001	0.392
0.852	0.001	0.146	0.001
>TTCCGAAAATCA	7-TTCCGAAAATCA	12.740394	-16.249460	0	T:10.0(10.00%),B:410.8(1.01%),P:1e-7	Tpos:476.2,Tstd:231.7,Bpos:511.9,Bstd:308.8,StrandBias:-0.3,Multiplicity:1.10
0.119	0.001	0.001	0.879
0.001	0.001	0.001	0.997
0.001	0.946	0.001	0.052
0.052	0.869	0.078	0.001
0.001	0.103	0.895	0.001
0.997	0.001	0.001	0.001
0.997	0.001	0.001	0.001
0.889	0.001	0.109	0.001
0.903	0.001	0.001	0.095
0.001	0.103	0.001	0.895
0.083	0.806	0.110	0.001
0.997	0.001	0.001	0.001
>CTTCTTTGCAAG	8-CTTCTTTGCAAG	11.103334	-16.199749	0	T:7.0(7.00%),B:143.2(0.35%),P:1e-7	Tpos:557.0,Tstd:182.6,Bpos:485.9,Bstd:320.2,StrandBias:-0.6,Multiplicity:1.43
0.195	0.803	0.001	0.001
0.001	0.001	0.001	0.997
0.001	0.001	0.001	0.997
0.001	0.804	0.170	0.025
0.164	0.001	0.001	0.834
0.001	0.001	0.001	0.997
0.001	0.001	0.001	0.997
0.001	0.001	0.997	0.001
0.001	0.997	0.001	0.001
0.997	0.001	0.001	0.001
0.997	0.001	0.001	0.001
0.001	0.001	0.997	0.001
>TCTCTGCAAAAA	9-TCTCTGCAAAAA	11.111770	-15.919933	0	T:11.0(11.00%),B:544.0(1.33%),P:1e-6	Tpos:626.5,Tstd:285.9,Bpos:501.4,Bstd:339.4,StrandBias:-1.7,Multiplicity:1.18
0.001	0.001	0.176	0.822
0.001	0.997	0.001	0.001
0.001	0.001	0.001	0.997
0.001	0.843	0.001	0.155
0.001	0.001	0.001	0.997
0.019	0.018	0.951	0.012
0.001	0.982	0.016	0.001
0.716	0.282	0.001	0.001
0.997	0.001	0.001	0.001
0.997	0.001	0.001	0.001
0.997	0.001	0.001	0.001
0.695	0.001	0.303	0.001
>TASCCASTGCGC	10-TASCCASTGCGC	10.672048	-15.908665	0	T:5.0(5.00%),B:43.9(0.11%),P:1e-6	Tpos:458.0,Tstd:264.1,Bpos:531.9,Bstd:307.9,StrandBias:-0.7,Multiplicity:1.60
0.001	0.397	0.001	0.601
0.997	0.001	0.001	0.001
0.001	0.541	0.457	0.001
0.001	0.997	0.001	0.001
0.001	0.997	0.001	0.001
0.997	0.001	0.001	0.001
0.001	0.482	0.516	0.001
0.001	0.001	0.001	0.997
0.001	0.001	0.997	0.001
0.033	0.965	0.001	0.001
0.001	0.397	0.601	0.001
0.001	0.997	0.001	0.001
>AMCACGCGGGYA	11-AMCACGCGGGYA	9.591777	-15.847700	0	T:8.0(8.00%),B:230.0(0.56%),P:1e-6	Tpos:630.3,Tstd:219.9,Bpos:529.8,Bstd:272.4,StrandBias:0.7,Multiplicity:1.62
0.737	0.001	0.131	0.131
0.363	0.486	0.020	0.131
0.001	0.868	0.130	0.001
0.997	0.001	0.001	0.001
0.131	0.622	0.116	0.131
0.021	0.131	0.847	0.001
0.001	0.888	0.001	0.110
0.251	0.001	0.747	0.001
0.001	0.116	0.752	0.131
0.093	0.001	0.905	0.001
0.131	0.491	0.001	0.378
0.718	0.001	0.280	0.001
>TTGGGMGATTTA	12-TTGGGMGATTTA	10.398629	-15.137580	0	T:18.0(18.00%),B:1753.8(4.29%),P:1e-6	Tpos:475.5,Tstd:236.9,Bpos:501.4,Bstd:305.9,StrandBias:-0.1,Multiplicity:1.17
0.263	0.001	0.001	0.735
0.001	0.001	0.001	0.997
0.001	0.090	0.908	0.001
0.197	0.003	0.582	0.218
0.124	0.001	0.874	0.001
0.413	0.377	0.001	0.209
0.375	0.001	0.552	0.072
0.742	0.001	0.001	0.256
0.001	0.003	0.176	0.820
0.001	0.001	0.001	0.997
0.005	0.089	0.001	0.905
0.801	0.001	0.197	0.001
>ACTGAAATCAAC	13-ACTGAAATCAAC	11.760781	-14.776082	0	T:9.0(9.00%),B:367.7(0.90%),P:1e-6	Tpos:613.3,Tstd:339.6,Bpos:491.7,Bstd:311.5,StrandBias:-0.6,Multiplicity:1.11
0.997	0.001	0.001	0.001
0.001	0.781	0.001	0.217
0.001	0.399	0.001	0.599
0.001	0.001	0.617	0.381
0.548	0.001	0.239	0.212
0.997	0.001	0.001	0.001
0.989	0.001	0.001	0.009
0.001	0.001	0.001	0.997
0.001	0.533	0.217	0.249
0.997	0.001	0.001	0.001
0.997	0.001	0.001	0.001
0.001	0.865	0.001	0.133
>ATTTTAGCTAAA	14-ATTTTAGCTAAA	12.921290	-14.188465	0	T:8.0(8.00%),B:287.8(0.70%),P:1e-6	Tpos:494.9,Tstd:219.9,Bpos:472.8,Bstd:347.2,StrandBias:0.3,Multiplicity:1.00
0.575	0.001	0.001	0.423
0.001	0.001	0.108	0.890
0.108	0.001	0.001	0.890
0.001	0.001	0.128	0.870
0.045	0.010	0.001	0.944
0.870	0.001	0.116	0.013
0.063	0.001	0.935	0.001
0.001	0.986	0.012	0.001
0.089	0.001	0.001	0.909
0.798	0.001	0.065	0.136
0.997	0.001	0.001	0.001
0.896	0.001	0.001	0.102
>CTTTCGGNAAAG	15-CTTTCGGNAAAG	12.284314	-13.650269	0	T:5.0(5.00%),B:70.4(0.17%),P:1e-5	Tpos:515.7,Tstd:253.4,Bpos:501.3,Bstd:332.0,StrandBias:-2.3,Multiplicity:1.20
0.001	0.835	0.001	0.163
0.205	0.001	0.001	0.793
0.001	0.001	0.001	0.997
0.001	0.163	0.001	0.835
0.001	0.997	0.001	0.001
0.001	0.128	0.870	0.001
0.001	0.001	0.997	0.001
0.232	0.205	0.330	0.232
0.767	0.231	0.001	0.001
0.767	0.231	0.001	0.001
0.997	0.001	0.001	0.001
0.128	0.001	0.870	0.001
>TGCAAAAGTCAA	16-TGCAAAAGTCAA	12.876835	-13.391162	0	T:5.0(5.00%),B:74.1(0.18%),P:1e-5	Tpos:304.3,Tstd:244.6,Bpos:512.0,Bstd:243.4,StrandBias:0.0,Multiplicity:1.20
0.001	0.001	0.001	0.997
0.001	0.001	0.997	0.001
0.001	0.750	0.001	0.248
0.997	0.001	0.001	0.001
0.669	0.001	0.001	0.329
0.997	0.001	0.001	0.001
0.652	0.346	0.001	0.001
0.001	0.001	0.997	0.001
0.001	0.001	0.001	0.997
0.001	0.997	0.001	0.001
0.997	0.001	0.001	0.001
0.925	0.001	0.001	0.073
>TGAKAAAAAGAA	17-TGAKAAAAAGAA	10.387429	-13.153857	0	T:16.0(16.00%),B:1604.1(3.92%),P:1e-5	Tpos:550.6,Tstd:280.7,Bpos:546.0,Bstd:311.1,StrandBias:-0.2,Multiplicity:1.27
0.001	0.001	0.001	0.997
0.001	0.001	0.997	0.001
0.577	0.001	0.421	0.001
0.013	0.001	0.421	0.565
0.997	0.001	0.001	0.001
0.997	0.001	0.001	0.001
0.765	0.233	0.001	0.001
0.976	0.001	0.001	0.022
0.725	0.273	0.001	0.001
0.001	0.001	0.765	0.233
0.978	0.020	0.001	0.001
0.725	0.001	0.273	0.001
>TCNMGGAAATTC	18-TCNMGGAAATTC	10.109616	-12.394372	0	T:18.0(18.00%),B:2129.6(5.21%),P:1e-5	Tpos:507.4,Tstd:261.2,Bpos:488.4,Bstd:323.5,StrandBias:0.1,Multiplicity:1.11
0.346	0.001	0.001	0.652
0.001	0.641	0.001	0.357
0.255	0.321	0.190	0.234
0.406	0.395	0.198	0.001
0.001	0.001	0.801	0.197
0.384	0.070	0.545	0.001
0.997	0.001	0.001	0.001
0.797	0.001	0.001	0.201
0.631	0.001	0.003	0.365
0.001	0.001	0.256	0.742
0.001	0.204	0.001	0.794
0.093	0.858	0.048	0.001
>CGGCCGCAAAAG	19-CGGCCGCAAAAG	12.355432	-12.041072	0	T:2.0(2.00%),B:0.0(0.00%),P:1e-5	Tpos:682.3,Tstd:188.8,Bpos:0.0,Bstd:0.0,StrandBias:-1.0,Multiplicity:1.50
0.100	0.700	0.100	0.100
0.100	0.100	0.700	0.100
0.100	0.100	0.700	0.100
0.100	0.700	0.100	0.100
0.100	0.700	0.100	0.100
0.100	0.100	0.700	0.100
0.100	0.700	0.100	0.100
0.700	0.100	0.100	0.100
0.700	0.100	0.100	0.100
0.700	0.100	0.100	0.100
0.700	0.100	0.100	0.100
0.100	0.100	0.700	0.100
>GTGATTAACAAG	20-GTGATTAACAAG	11.004836	-11.634770	0	T:8.0(8.00%),B:409.8(1.00%),P:1e-5	Tpos:419.8,Tstd:225.3,Bpos:508.3,Bstd:301.0,StrandBias:-0.5,Multiplicity:1.50
0.001	0.001	0.900	0.098
0.001	0.001	0.001	0.997
0.001	0.001	0.855	0.143
0.783	0.001	0.001	0.215
0.104	0.339	0.001	0.556
0.199	0.001	0.055	0.745
0.675	0.224	0.001	0.100
0.997	0.001	0.001	0.001
0.361	0.637	0.001	0.001
0.997	0.001	0.001	0.001
0.768	0.230	0.001	0.001
0.125	0.001	0.657	0.217
>TAGCAGACCMAA	21-TAGCAGACCMAA	10.538169	-9.540324	0	T:7.0(7.00%),B:406.8(1.00%),P:1e-4	Tpos:617.2,Tstd:275.2,Bpos:517.9,Bstd:348.0,StrandBias:0.0,Multiplicity:2.00
0.005	0.001	0.176	0.818
0.855	0.001	0.143	0.001
0.001	0.001	0.890	0.108
0.001	0.823	0.175	0.001
0.843	0.001	0.001	0.155
0.001	0.123	0.875	0.001
0.997	0.001	0.001	0.001
0.001	0.767	0.001	0.231
0.001	0.855	0.001	0.143
0.405	0.306	0.144	0.144
0.997	0.001	0.001	0.001
0.990	0.008	0.001	0.001
>TTTCTAAGAAAA	22-TTTCTAAGAAAA	12.786200	-9.281927	0	T:12.0(12.00%),B:1311.0(3.21%),P:1e-4	Tpos:573.4,Tstd:289.9,Bpos:504.7,Bstd:311.0,StrandBias:-0.2,Multiplicity:1.25
0.100	0.001	0.001	0.898
0.001	0.001	0.001	0.997
0.001	0.001	0.001	0.997
0.001	0.960	0.001	0.038
0.082	0.001	0.001	0.916
0.551	0.133	0.244	0.072
0.906	0.001	0.092	0.001
0.109	0.001	0.835	0.055
0.997	0.001	0.001	0.001
0.997	0.001	0.001	0.001
0.997	0.001	0.001	0.001
0.997	0.001	0.001	0.001
>AAAAGGGGAKAW	23-AAAAGGGGAKAW	8.358167	-8.708562	0	T:44.0(44.00%),B:10966.2(26.83%),P:1e-3	Tpos:564.2,Tstd:287.1,Bpos:529.8,Bstd:317.0,StrandBias:-0.6,Multiplicity:1.43
0.870	0.001	0.128	0.001
0.898	0.002	0.034	0.066
0.969	0.001	0.029	0.001
0.891	0.050	0.058	0.001
0.113	0.001	0.651	0.235
0.115	0.033	0.802	0.050
0.126	0.024	0.821	0.029
0.143	0.134	0.685	0.038
0.811	0.046	0.058	0.085
0.122	0.066	0.440	0.373
0.523	0.363	0.113	0.001
0.388	0.001	0.099	0.512
>GCAGTCAGGTTA	24-GCAGTCAGGTTA	16.524520	-6.015523	0	T:1.0(1.00%),B:0.0(0.00%),P:1e-2	Tpos:513.5,Tstd:58.7,Bpos:0.0,Bstd:0.0,StrandBias:10.0,Multiplicity:12.00
0.001	0.001	0.997	0.001
0.001	0.997	0.001	0.001
0.997	0.001	0.001	0.001
0.001	0.001	0.997	0.001
0.001	0.001	0.001	0.997
0.001	0.997	0.001	0.001
0.997	0.001	0.001	0.001
0.001	0.001	0.925	0.073
0.001	0.001	0.997	0.001
0.001	0.001	0.001	0.997
0.001	0.001	0.001	0.997
0.997	0.001	0.001	0.001
>CGAAAAATAGAT	25-CGAAAAATAGAT	12.355432	-4.530592	0	T:2.0(2.00%),B:62.6(0.15%),P:1e-1	Tpos:351.2,Tstd:202.6,Bpos:436.8,Bstd:253.6,StrandBias:10.0,Multiplicity:18.00
0.100	0.700	0.100	0.100
0.100	0.100	0.700	0.100
0.700	0.100	0.100	0.100
0.700	0.100	0.100	0.100
0.700	0.100	0.100	0.100
0.700	0.100	0.100	0.100
0.700	0.100	0.100	0.100
0.100	0.100	0.100	0.700
0.700	0.100	0.100	0.100
0.100	0.100	0.700	0.100
0.700	0.100	0.100	0.100
0.100	0.100	0.100	0.700
>CCACAGTA	1-CCACAGTA	6.150983	-9.760034	0	T:34.0(34.00%),B:7171.9(17.55%),P:1e-4	Tpos:512.1,Tstd:208.7,Bpos:500.9,Bstd:303.5,StrandBias:-0.9,Multiplicity:1.65
0.001	0.997	0.001	0.001
0.001	0.945	0.001	0.053
0.768	0.123	0.108	0.001
0.001	0.806	0.001	0.192
0.836	0.001	0.162	0.001
0.001	0.281	0.717	0.001
0.001	0.001	0.001	0.997
0.892	0.001	0.106	0.001
>CGATCTTT	2-CGATCTTT	10.960623	-9.477848	0	T:11.0(11.00%),B:1084.4(2.65%),P:1e-4	Tpos:544.3,Tstd:343.6,Bpos:500.6,Bstd:302.1,StrandBias:0.8,Multiplicity:1.00
0.001	0.997	0.001	0.001
0.001	0.001	0.997	0.001
0.997	0.001	0.001	0.001
0.001	0.001	0.001	0.997
0.001	0.997	0.001	0.001
0.001	0.001	0.101	0.897
0.001	0.001	0.001	0.997
0.001	0.001	0.001	0.997
>CCCTTTTC	3-CCCTTTTC	7.324335	-8.512436	0	T:24.0(24.00%),B:4528.3(11.08%),P:1e-3	Tpos:636.7,Tstd:237.2,Bpos:537.7,Bstd:315.8,StrandBias:0.5,Multiplicity:1.62
0.001	0.997	0.001	0.001
0.001	0.997	0.001	0.001
0.001	0.997	0.001	0.001
0.001	0.001	0.087	0.911
0.001	0.001	0.067	0.931
0.001	0.001	0.307	0.691
0.001	0.001	0.056	0.942
0.001	0.997	0.001	0.001
>TGGCCCGG	4-TGGCCCGG	10.728268	-8.482510	0	T:4.0(4.00%),B:114.6(0.28%),P:1e-3	Tpos:549.6,Tstd:224.1,Bpos:495.6,Bstd:293.8,StrandBias:-0.6,Multiplicity:1.00
0.126	0.001	0.001	0.872
0.133	0.001	0.865	0.001
0.001	0.001	0.997	0.001
0.001	0.997	0.001	0.001
0.001	0.997	0.001	0.001
0.001	0.997	0.001	0.001
0.061	0.001	0.937	0.001
0.001	0.001	0.997	0.001
>ATTCCTCA	5-ATTCCTCA	8.236954	-7.405402	0	T:11.0(11.00%),B:1384.1(3.39%),P:1e-3	Tpos:581.8,Tstd:280.1,Bpos:519.3,Bstd:305.4,StrandBias:1.2,Multiplicity:1.18
0.700	0.100	0.100	0.100
0.100	0.100	0.100	0.700
0.100	0.100	0.100	0.700
0.100	0.700	0.100	0.100
0.100	0.700	0.100	0.100
0.100	0.100	0.100	0.700
0.100	0.700	0.100	0.100
0.700	0.100	0.100	0.100
>TATCGATT	6-TATCGATT	10.457879	-6.520679	0	T:20.0(20.00%),B:3982.6(9.74%),P:1e-2	Tpos:598.3,Tstd:299.2,Bpos:550.9,Bstd:340.4,StrandBias:1.3,Multiplicity:1.40
0.001	0.001	0.001	0.997
0.997	0.001	0.001	0.001
0.001	0.001	0.040	0.958
0.001	0.741	0.001	0.257
0.001	0.001	0.997	0.001
0.948	0.001	0.050	0.001
0.136	0.052	0.013	0.799
0.001	0.001	0.001	0.997
>CACGCAGG	7-CACGCAGG	8.178790	-5.565204	0	T:6.0(6.00%),B:602.4(1.47%),P:1e-2	Tpos:655.7,Tstd:173.1,Bpos:527.4,Bstd:294.3,StrandBias:2.3,Multiplicity:2.00
0.001	0.997	0.001	0.001
0.780	0.001	0.001	0.218
0.001	0.997	0.001	0.001
0.001	0.001	0.997	0.001
0.001	0.997	0.001	0.001
0.927	0.001	0.071	0.001
0.001	0.001	0.997	0.001
0.001	0.001	0.997	0.001
>CAGTCAGG	8-CAGTCAGG	4.161567	-2.437315	0	T:5.0(5.00%),B:959.7(2.35%),P:1e-1	Tpos:523.5,Tstd:148.8,Bpos:493.2,Bstd:311.2,StrandBias:2.2,Multiplicity:3.40
0.001	0.997	0.001	0.001
0.886	0.112	0.001	0.001
0.001	0.001	0.997	0.001
0.001	0.001	0.001	0.997
0.001	0.997	0.001	0.001
0.997	0.001	0.001	0.001
0.001	0.001	0.997	0.001
0.001	0.001	0.997	0.001
>GTCTGCTA	9-GTCTGCTA	5.625973	-2.280632	0	T:8.0(8.00%),B:1934.8(4.73%),P:1e0	Tpos:644.2,Tstd:265.1,Bpos:514.9,Bstd:330.8,StrandBias:-0.3,Multiplicity:2.25
0.001	0.001	0.997	0.001
0.001	0.001	0.001	0.997
0.001	0.997	0.001	0.001
0.001	0.001	0.001	0.997
0.001	0.056	0.942	0.001
0.001	0.997	0.001	0.001
0.001	0.077	0.001	0.921
0.997	0.001	0.001	0.001
>TTCGTGTA	10-TTCGTGTA	8.236954	-1.489115	0	T:4.0(4.00%),B:991.0(2.42%),P:1e0	Tpos:355.9,Tstd:209.4,Bpos:498.7,Bstd:302.1,StrandBias:-5.2,Multiplicity:9.75
0.100	0.100	0.100	0.700
0.100	0.100	0.100	0.700
0.100	0.700	0.100	0.100
0.100	0.100	0.700	0.100
0.100	0.100	0.100	0.700
0.100	0.100	0.700	0.100
0.100	0.100	0.100	0.700
0.700	0.100	0.100	0.100
>ATAGATTG	11-ATAGATTG	8.236954	-1.205642	0	T:4.0(4.00%),B:1130.0(2.76%),P:1e0	Tpos:362.3,Tstd:201.2,Bpos:477.1,Bstd:286.0,StrandBias:3.5,Multiplicity:9.50
0.700	0.100	0.100	0.100
0.100	0.100	0.100	0.700
0.700	0.100	0.100	0.100
0.100	0.100	0.700	0.100
0.700	0.100	0.100	0.100
0.100	0.100	0.100	0.700
0.100	0.100	0.100	0.700
0.100	0.100	0.700	0.100
