>TAAGTCGTGA	1-TAAGTCGTGA	7.983050	-26.738926	0	T:29.0(22.48%),B:1897.3(4.73%),P:1e-11	Tpos:490.8,Tstd:315.0,Bpos:500.0,Bstd:305.5,StrandBias:-0.5,Multiplicity:1.00
0.042	0.049	0.044	0.865
0.883	0.001	0.090	0.026
0.997	0.001	0.001	0.001
0.032	0.036	0.645	0.287
0.169	0.001	0.268	0.562
0.024	0.953	0.022	0.001
0.049	0.051	0.765	0.135
0.045	0.231	0.001	0.723
0.001	0.034	0.773	0.192
0.844	0.001	0.078	0.077
>GTAGACGGCG	2-GTAGACGGCG	10.475251	-22.359383	0	T:11.0(8.53%),B:214.6(0.53%),P:1e-9	Tpos:391.3,Tstd:257.8,Bpos:538.2,Bstd:330.9,StrandBias:-0.5,Multiplicity:1.09
0.001	0.001	0.997	0.001
0.001	0.001	0.091	0.907
0.887	0.001	0.001	0.111
0.127	0.112	0.760	0.001
0.818	0.001	0.096	0.085
0.001	0.795	0.101	0.103
0.001	0.001	0.997	0.001
0.001	0.001	0.912	0.086
0.001	0.997	0.001	0.001
0.001	0.001	0.997	0.001
>CGCGTCTTTC	3-CGCGTCTTTC	10.032434	-22.110983	0	T:15.0(11.63%),B:525.4(1.31%),P:1e-9	Tpos:520.5,Tstd:264.2,Bpos:510.4,Bstd:321.1,StrandBias:0.6,Multiplicity:1.00
0.001	0.931	0.001	0.067
0.067	0.001	0.931	0.001
0.091	0.753	0.081	0.075
0.056	0.001	0.942	0.001
0.081	0.095	0.001	0.823
0.001	0.831	0.144	0.024
0.001	0.001	0.001	0.997
0.001	0.062	0.001	0.936
0.001	0.001	0.001	0.997
0.001	0.933	0.001	0.065
>TTTTCAGGGG	4-TTTTCAGGGG	10.126191	-20.239178	0	T:16.0(12.40%),B:707.6(1.76%),P:1e-8	Tpos:659.8,Tstd:166.1,Bpos:517.3,Bstd:337.0,StrandBias:-0.9,Multiplicity:1.06
0.001	0.001	0.001	0.997
0.001	0.001	0.001	0.997
0.001	0.001	0.146	0.852
0.001	0.001	0.001	0.997
0.001	0.882	0.001	0.116
0.997	0.001	0.001	0.001
0.001	0.001	0.997	0.001
0.001	0.001	0.997	0.001
0.001	0.001	0.997	0.001
0.189	0.001	0.809	0.001
>TGTTCGGAAA	5-TGTTCGGAAA	9.031625	-18.467156	0	T:44.0(34.11%),B:5662.5(14.11%),P:1e-8	Tpos:480.5,Tstd:300.1,Bpos:504.1,Bstd:303.1,StrandBias:0.0,Multiplicity:1.23
0.001	0.001	0.042	0.956
0.151	0.011	0.837	0.001
0.001	0.004	0.076	0.919
0.002	0.024	0.072	0.902
0.002	0.647	0.012	0.339
0.001	0.005	0.958	0.036
0.373	0.001	0.623	0.003
0.683	0.103	0.072	0.142
0.749	0.005	0.172	0.074
0.845	0.001	0.111	0.043
>AGCCAGAAAA	6-AGCCAGAAAA	9.881714	-17.984172	0	T:26.0(20.16%),B:2265.7(5.65%),P:1e-7	Tpos:523.9,Tstd:297.0,Bpos:496.0,Bstd:319.4,StrandBias:0.8,Multiplicity:1.38
0.987	0.001	0.001	0.011
0.053	0.001	0.945	0.001
0.009	0.980	0.001	0.010
0.041	0.933	0.012	0.014
0.783	0.215	0.001	0.001
0.196	0.022	0.668	0.114
0.896	0.054	0.001	0.049
0.997	0.001	0.001	0.001
0.859	0.051	0.037	0.053
0.997	0.001	0.001	0.001
>TGCAGAAGCG	7-TGCAGAAGCG	8.762139	-17.942897	0	T:17.0(13.18%),B:956.6(2.38%),P:1e-7	Tpos:518.9,Tstd:283.8,Bpos:511.5,Bstd:310.7,StrandBias:0.0,Multiplicity:1.06
0.001	0.001	0.001	0.997
0.001	0.001	0.997	0.001
0.055	0.943	0.001	0.001
0.853	0.145	0.001	0.001
0.079	0.001	0.919	0.001
0.920	0.078	0.001	0.001
0.997	0.001	0.001	0.001
0.134	0.109	0.681	0.076
0.074	0.924	0.001	0.001
0.001	0.073	0.863	0.063
>HYHWATTTSA	8-HYHWATTTSA	7.262845	-16.896583	0	T:25.0(19.38%),B:2224.5(5.54%),P:1e-7	Tpos:500.7,Tstd:312.6,Bpos:523.7,Bstd:319.2,StrandBias:1.5,Multiplicity:1.08
0.290	0.386	0.033	0.290
0.056	0.507	0.010	0.427
0.259	0.402	0.053	0.285
0.424	0.108	0.147	0.321
0.697	0.060	0.131	0.112
0.115	0.098	0.016	0.771
0.320	0.027	0.025	0.628
0.048	0.048	0.194	0.710
0.096	0.410	0.334	0.161
0.605	0.325	0.034	0.036
>ATAATTGCTG	9-ATAATTGCTG	7.041555	-16.652373	0	T:57.0(44.19%),B:9110.1(22.71%),P:1e-7	Tpos:479.3,Tstd:255.5,Bpos:502.8,Bstd:306.7,StrandBias:-0.0,Multiplicity:1.27
0.826	0.049	0.101	0.024
0.029	0.054	0.021	0.896
0.741	0.133	0.067	0.059
0.818	0.001	0.032	0.149
0.225	0.043	0.060	0.672
0.073	0.161	0.070	0.696
0.017	0.103	0.879	0.001
0.020	0.887	0.076	0.017
0.019	0.113	0.078	0.790
0.047	0.085	0.814	0.054
>TTTTAGTGAT	10-TTTTAGTGAT	9.591172	-16.545563	0	T:33.0(25.58%),B:3726.7(9.29%),P:1e-7	Tpos:452.9,Tstd:261.4,Bpos:524.4,Bstd:313.9,StrandBias:-1.5,Multiplicity:1.27
0.076	0.001	0.001	0.922
0.001	0.001	0.001	0.997
0.001	0.001	0.001	0.997
0.001	0.036	0.001	0.962
0.843	0.155	0.001	0.001
0.020	0.001	0.891	0.088
0.047	0.043	0.001	0.909
0.001	0.001	0.928	0.070
0.843	0.001	0.155	0.001
0.001	0.046	0.161	0.792
>AGTAAGTTGT	11-AGTAAGTTGT	9.785151	-16.361220	0	T:20.0(15.50%),B:1492.0(3.72%),P:1e-7	Tpos:604.7,Tstd:225.8,Bpos:493.7,Bstd:289.9,StrandBias:0.3,Multiplicity:1.10
0.953	0.001	0.001	0.045
0.141	0.001	0.857	0.001
0.001	0.059	0.048	0.892
0.821	0.064	0.060	0.055
0.997	0.001	0.001	0.001
0.033	0.001	0.933	0.033
0.001	0.001	0.111	0.887
0.083	0.001	0.090	0.826
0.001	0.001	0.883	0.115
0.001	0.001	0.001	0.997
>ACAACTATAT	12-ACAACTATAT	9.978271	-14.816901	0	T:16.0(12.40%),B:1057.0(2.63%),P:1e-6	Tpos:407.1,Tstd:311.7,Bpos:518.8,Bstd:299.3,StrandBias:0.2,Multiplicity:1.06
0.855	0.001	0.143	0.001
0.001	0.903	0.095	0.001
0.776	0.001	0.001	0.222
0.843	0.001	0.141	0.015
0.001	0.860	0.030	0.109
0.001	0.001	0.001	0.997
0.710	0.001	0.060	0.229
0.060	0.185	0.104	0.651
0.895	0.103	0.001	0.001
0.001	0.001	0.001	0.997
>CTTTATTAAT	13-CTTTATTAAT	9.359864	-14.304641	0	T:28.0(21.71%),B:3115.0(7.76%),P:1e-6	Tpos:539.6,Tstd:300.4,Bpos:526.7,Bstd:298.4,StrandBias:0.7,Multiplicity:1.11
0.053	0.926	0.020	0.001
0.036	0.001	0.001	0.962
0.001	0.051	0.049	0.899
0.041	0.037	0.001	0.921
0.695	0.180	0.001	0.124
0.026	0.001	0.073	0.900
0.001	0.001	0.040	0.958
0.871	0.085	0.028	0.016
0.945	0.039	0.001	0.015
0.001	0.051	0.001	0.947
>TATCCCATTA	14-TATCCCATTA	10.768793	-12.457214	0	T:10.0(7.75%),B:473.6(1.18%),P:1e-5	Tpos:371.4,Tstd:288.9,Bpos:520.4,Bstd:325.9,StrandBias:0.8,Multiplicity:1.40
0.130	0.001	0.001	0.868
0.769	0.001	0.001	0.229
0.193	0.001	0.001	0.805
0.001	0.997	0.001	0.001
0.271	0.727	0.001	0.001
0.001	0.828	0.001	0.170
0.823	0.001	0.175	0.001
0.139	0.001	0.001	0.859
0.001	0.001	0.027	0.971
0.997	0.001	0.001	0.001
>GGGTTGTTAA	15-GGGTTGTTAA	8.350283	-11.123161	0	T:16.0(12.40%),B:1416.2(3.53%),P:1e-4	Tpos:558.6,Tstd:289.4,Bpos:504.9,Bstd:302.7,StrandBias:-0.4,Multiplicity:1.00
0.100	0.100	0.700	0.100
0.100	0.100	0.700	0.100
0.100	0.100	0.700	0.100
0.100	0.100	0.100	0.700
0.100	0.100	0.100	0.700
0.100	0.100	0.700	0.100
0.100	0.100	0.100	0.700
0.100	0.100	0.100	0.700
0.700	0.100	0.100	0.100
0.700	0.100	0.100	0.100
>TTTTCATTAG	16-TTTTCATTAG	13.422279	-10.960932	0	T:8.0(6.20%),B:339.0(0.85%),P:1e-4	Tpos:486.4,Tstd:316.8,Bpos:514.8,Bstd:308.5,StrandBias:1.6,Multiplicity:1.00
0.001	0.001	0.001	0.997
0.001	0.001	0.115	0.883
0.001	0.001	0.001	0.997
0.001	0.001	0.001	0.997
0.071	0.927	0.001	0.001
0.997	0.001	0.001	0.001
0.001	0.001	0.001	0.997
0.001	0.001	0.001	0.997
0.997	0.001	0.001	0.001
0.195	0.001	0.803	0.001
>GAGGGACGKC	17-GAGGGACGKC	11.479334	-10.405427	0	T:4.0(3.10%),B:51.1(0.13%),P:1e-4	Tpos:606.8,Tstd:141.0,Bpos:448.0,Bstd:260.6,StrandBias:1.6,Multiplicity:1.00
0.001	0.001	0.997	0.001
0.977	0.021	0.001	0.001
0.001	0.001	0.997	0.001
0.218	0.001	0.716	0.065
0.001	0.001	0.997	0.001
0.673	0.001	0.001	0.325
0.001	0.997	0.001	0.001
0.001	0.001	0.997	0.001
0.001	0.239	0.347	0.413
0.001	0.997	0.001	0.001
>TCCCACTATG	18-TCCCACTATG	13.439892	-7.160094	0	T:2.0(1.55%),B:11.5(0.03%),P:1e-3	Tpos:362.7,Tstd:172.6,Bpos:572.4,Bstd:259.6,StrandBias:2.6,Multiplicity:3.50
0.001	0.001	0.001	0.997
0.001	0.997	0.001	0.001
0.001	0.997	0.001	0.001
0.001	0.997	0.001	0.001
0.997	0.001	0.001	0.001
0.001	0.673	0.001	0.325
0.001	0.001	0.001	0.997
0.997	0.001	0.001	0.001
0.001	0.001	0.001	0.997
0.001	0.001	0.997	0.001
>AAACTACAAG	19-AAACTACAAG	11.009146	-4.682415	0	T:5.0(3.88%),B:392.9(0.98%),P:1e-2	Tpos:324.7,Tstd:265.5,Bpos:471.6,Bstd:328.5,StrandBias:2.6,Multiplicity:2.80
0.997	0.001	0.001	0.001
0.997	0.001	0.001	0.001
0.881	0.117	0.001	0.001
0.001	0.997	0.001	0.001
0.001	0.001	0.001	0.997
0.878	0.067	0.054	0.001
0.001	0.997	0.001	0.001
0.997	0.001	0.001	0.001
0.997	0.001	0.001	0.001
0.001	0.001	0.997	0.001
>RGTGACGTCG	20-RGTGACGTCG	10.502599	-3.408820	0	T:6.0(4.65%),B:738.2(1.84%),P:1e-1	Tpos:476.4,Tstd:172.5,Bpos:489.3,Bstd:318.5,StrandBias:0.7,Multiplicity:2.33
0.502	0.001	0.496	0.001
0.001	0.001	0.997	0.001
0.001	0.254	0.001	0.744
0.001	0.001	0.997	0.001
0.997	0.001	0.001	0.001
0.001	0.756	0.001	0.242
0.001	0.001	0.997	0.001
0.195	0.001	0.214	0.590
0.001	0.997	0.001	0.001
0.337	0.001	0.661	0.001
>CGCTGCTAAG	21-CGCTGCTAAG	10.296193	-3.197048	0	T:1.0(0.78%),B:12.6(0.03%),P:1e-1	Tpos:238.3,Tstd:130.6,Bpos:253.9,Bstd:299.3,StrandBias:10.0,Multiplicity:10.00
0.100	0.700	0.100	0.100
0.100	0.100	0.700	0.100
0.100	0.700	0.100	0.100
0.100	0.100	0.100	0.700
0.100	0.100	0.700	0.100
0.100	0.700	0.100	0.100
0.100	0.100	0.100	0.700
0.700	0.100	0.100	0.100
0.700	0.100	0.100	0.100
0.100	0.100	0.700	0.100
>AACCTGACTG	22-AACCTGACTG	10.296193	-2.994152	0	T:1.0(0.78%),B:15.7(0.04%),P:1e-1	Tpos:512.5,Tstd:58.7,Bpos:524.5,Bstd:242.7,StrandBias:-10.0,Multiplicity:12.00
0.700	0.100	0.100	0.100
0.700	0.100	0.100	0.100
0.100	0.700	0.100	0.100
0.100	0.700	0.100	0.100
0.100	0.100	0.100	0.700
0.100	0.100	0.700	0.100
0.700	0.100	0.100	0.100
0.100	0.700	0.100	0.100
0.100	0.100	0.100	0.700
0.100	0.100	0.700	0.100
>CGAAAAGGGG	23-CGAAAAGGGG	11.829670	-2.327450	0	T:2.0(1.55%),B:162.4(0.40%),P:1e-1	Tpos:311.8,Tstd:166.2,Bpos:517.7,Bstd:291.2,StrandBias:-0.2,Multiplicity:6.50
0.001	0.997	0.001	0.001
0.047	0.001	0.951	0.001
0.997	0.001	0.001	0.001
0.997	0.001	0.001	0.001
0.997	0.001	0.001	0.001
0.857	0.141	0.001	0.001
0.001	0.001	0.997	0.001
0.001	0.001	0.997	0.001
0.001	0.001	0.997	0.001
0.001	0.001	0.997	0.001
>CAATGTAWGG	24-CAATGTAWGG	7.240546	-2.030914	0	T:7.0(5.43%),B:1310.8(3.27%),P:1e0	Tpos:241.4,Tstd:168.5,Bpos:497.0,Bstd:293.0,StrandBias:-0.2,Multiplicity:4.86
0.001	0.664	0.179	0.156
0.492	0.034	0.325	0.149
0.414	0.185	0.151	0.251
0.167	0.237	0.115	0.482
0.072	0.065	0.781	0.082
0.001	0.087	0.155	0.757
0.714	0.142	0.143	0.001
0.447	0.040	0.084	0.429
0.001	0.051	0.631	0.317
0.089	0.130	0.780	0.001
