>CGTCTAAAAT	1-CGTCTAAAAT	10.049657	-19.167341	0	T:13.0(39.39%),B:2074.0(5.22%),P:1e-8	Tpos:521.4,Tstd:290.7,Bpos:498.8,Bstd:315.1,StrandBias:1.3,Multiplicity:1.08
0.071	0.867	0.001	0.061
0.001	0.076	0.922	0.001
0.001	0.107	0.001	0.891
0.001	0.844	0.096	0.059
0.056	0.001	0.001	0.942
0.911	0.001	0.087	0.001
0.856	0.001	0.001	0.142
0.997	0.001	0.001	0.001
0.997	0.001	0.001	0.001
0.001	0.001	0.152	0.846
>CCCCTTTGCT	2-CCCCTTTGCT	10.647334	-18.313857	0	T:7.0(21.21%),B:333.7(0.84%),P:1e-7	Tpos:555.0,Tstd:284.3,Bpos:546.9,Bstd:338.2,StrandBias:-1.3,Multiplicity:1.00
0.001	0.997	0.001	0.001
0.167	0.831	0.001	0.001
0.001	0.997	0.001	0.001
0.001	0.854	0.001	0.144
0.001	0.001	0.001	0.997
0.001	0.001	0.001	0.997
0.001	0.001	0.001	0.997
0.001	0.001	0.905	0.093
0.001	0.823	0.001	0.175
0.001	0.001	0.248	0.750
>ACAAGTACTT	3-ACAAGTACTT	9.354656	-15.164895	0	T:10.0(30.30%),B:1504.4(3.79%),P:1e-6	Tpos:545.8,Tstd:264.8,Bpos:504.7,Bstd:305.1,StrandBias:-0.7,Multiplicity:1.20
0.778	0.013	0.124	0.085
0.211	0.511	0.222	0.056
0.926	0.072	0.001	0.001
0.997	0.001	0.001	0.001
0.167	0.001	0.831	0.001
0.063	0.001	0.126	0.810
0.755	0.001	0.001	0.243
0.001	0.997	0.001	0.001
0.151	0.001	0.001	0.847
0.262	0.098	0.161	0.478
>TCTCCCTCTC	4-TCTCCCTCTC	8.368879	-14.564730	0	T:9.0(27.27%),B:1213.9(3.06%),P:1e-6	Tpos:748.2,Tstd:128.2,Bpos:545.8,Bstd:308.8,StrandBias:1.6,Multiplicity:1.33
0.291	0.001	0.001	0.707
0.001	0.997	0.001	0.001
0.001	0.001	0.001	0.997
0.001	0.949	0.037	0.013
0.001	0.997	0.001	0.001
0.001	0.971	0.001	0.027
0.001	0.001	0.001	0.997
0.001	0.997	0.001	0.001
0.001	0.001	0.412	0.586
0.001	0.798	0.001	0.200
>TTACCCGGTA	5-TTACCCGGTA	11.301811	-13.728140	0	T:4.0(12.12%),B:89.9(0.23%),P:1e-5	Tpos:264.0,Tstd:228.6,Bpos:527.3,Bstd:324.7,StrandBias:-2.0,Multiplicity:1.00
0.001	0.001	0.001	0.997
0.001	0.001	0.001	0.997
0.843	0.001	0.155	0.001
0.001	0.997	0.001	0.001
0.001	0.997	0.001	0.001
0.001	0.819	0.179	0.001
0.167	0.001	0.686	0.146
0.001	0.001	0.997	0.001
0.001	0.001	0.166	0.832
0.997	0.001	0.001	0.001
>AGTACAGTAC	6-AGTACAGTAC	10.640338	-12.654011	0	T:6.0(18.18%),B:494.4(1.24%),P:1e-5	Tpos:463.2,Tstd:259.0,Bpos:499.2,Bstd:277.3,StrandBias:-0.3,Multiplicity:1.17
0.812	0.186	0.001	0.001
0.103	0.081	0.815	0.001
0.001	0.001	0.001	0.997
0.997	0.001	0.001	0.001
0.001	0.836	0.162	0.001
0.878	0.001	0.001	0.120
0.142	0.001	0.856	0.001
0.001	0.001	0.001	0.997
0.997	0.001	0.001	0.001
0.097	0.901	0.001	0.001
>TTGGCCAAAA	7-TTGGCCAAAA	9.867471	-12.467246	0	T:12.0(36.36%),B:3098.4(7.80%),P:1e-5	Tpos:396.9,Tstd:234.5,Bpos:487.9,Bstd:324.6,StrandBias:0.2,Multiplicity:1.08
0.001	0.001	0.091	0.907
0.001	0.080	0.001	0.918
0.051	0.049	0.899	0.001
0.001	0.047	0.906	0.046
0.046	0.861	0.046	0.047
0.026	0.925	0.048	0.001
0.945	0.001	0.001	0.053
0.793	0.113	0.093	0.001
0.898	0.001	0.100	0.001
0.997	0.001	0.001	0.001
>TTTTCACCGA	8-TTTTCACCGA	11.061644	-8.284318	0	T:7.0(21.21%),B:1559.8(3.93%),P:1e-3	Tpos:495.3,Tstd:239.0,Bpos:523.3,Bstd:344.9,StrandBias:1.6,Multiplicity:1.71
0.001	0.001	0.001	0.997
0.001	0.001	0.001	0.997
0.001	0.001	0.001	0.997
0.001	0.001	0.001	0.997
0.001	0.997	0.001	0.001
0.698	0.162	0.001	0.139
0.001	0.876	0.098	0.025
0.001	0.997	0.001	0.001
0.059	0.153	0.634	0.154
0.801	0.001	0.001	0.197
>TTGCRGTTTT	9-TTGCRGTTTT	11.370579	-8.163000	0	T:5.0(15.15%),B:707.2(1.78%),P:1e-3	Tpos:689.0,Tstd:176.8,Bpos:516.3,Bstd:317.5,StrandBias:2.3,Multiplicity:1.50
0.001	0.397	0.001	0.601
0.258	0.001	0.240	0.501
0.070	0.001	0.928	0.001
0.001	0.997	0.001	0.001
0.500	0.001	0.498	0.001
0.397	0.001	0.601	0.001
0.001	0.001	0.001	0.997
0.001	0.001	0.001	0.997
0.001	0.001	0.001	0.997
0.001	0.001	0.001	0.997
>DGAATTTYCT	10-DGAATTTYCT	10.418259	-7.785556	0	T:11.0(33.33%),B:4229.7(10.65%),P:1e-3	Tpos:447.8,Tstd:272.3,Bpos:499.4,Bstd:319.4,StrandBias:0.2,Multiplicity:1.45
0.269	0.001	0.416	0.314
0.001	0.105	0.893	0.001
0.997	0.001	0.001	0.001
0.997	0.001	0.001	0.001
0.359	0.001	0.001	0.639
0.001	0.001	0.001	0.997
0.001	0.001	0.001	0.997
0.001	0.457	0.001	0.541
0.001	0.945	0.053	0.001
0.044	0.212	0.001	0.743
>AAAGGTGGGG	11-AAAGGTGGGG	8.350283	-6.390636	0	T:6.0(18.18%),B:1566.2(3.94%),P:1e-2	Tpos:354.8,Tstd:291.3,Bpos:520.8,Bstd:324.0,StrandBias:-0.7,Multiplicity:1.33
0.700	0.100	0.100	0.100
0.700	0.100	0.100	0.100
0.700	0.100	0.100	0.100
0.100	0.100	0.700	0.100
0.100	0.100	0.700	0.100
0.100	0.100	0.100	0.700
0.100	0.100	0.700	0.100
0.100	0.100	0.700	0.100
0.100	0.100	0.700	0.100
0.100	0.100	0.700	0.100
>GAGCAAAATC	12-GAGCAAAATC	11.511619	-6.166963	0	T:3.0(9.09%),B:304.0(0.77%),P:1e-2	Tpos:749.6,Tstd:166.7,Bpos:492.3,Bstd:325.0,StrandBias:-2.6,Multiplicity:2.33
0.001	0.120	0.878	0.001
0.997	0.001	0.001	0.001
0.001	0.001	0.997	0.001
0.001	0.997	0.001	0.001
0.813	0.001	0.001	0.185
0.997	0.001	0.001	0.001
0.997	0.001	0.001	0.001
0.997	0.001	0.001	0.001
0.001	0.001	0.001	0.997
0.001	0.997	0.001	0.001
>TAGTTTAACA	13-TAGTTTAACA	8.350283	-5.875688	0	T:10.0(30.30%),B:4512.5(11.36%),P:1e-2	Tpos:365.3,Tstd:284.1,Bpos:507.5,Bstd:299.6,StrandBias:1.5,Multiplicity:1.50
0.100	0.100	0.100	0.700
0.700	0.100	0.100	0.100
0.100	0.100	0.700	0.100
0.100	0.100	0.100	0.700
0.100	0.100	0.100	0.700
0.100	0.100	0.100	0.700
0.700	0.100	0.100	0.100
0.700	0.100	0.100	0.100
0.100	0.700	0.100	0.100
0.700	0.100	0.100	0.100
>GCTCAAAATC	14-GCTCAAAATC	12.135158	-5.694298	0	T:3.0(9.09%),B:360.3(0.91%),P:1e-2	Tpos:549.3,Tstd:247.2,Bpos:496.1,Bstd:330.4,StrandBias:-10.0,Multiplicity:2.00
0.123	0.001	0.875	0.001
0.001	0.997	0.001	0.001
0.001	0.001	0.001	0.997
0.001	0.997	0.001	0.001
0.790	0.001	0.208	0.001
0.997	0.001	0.001	0.001
0.997	0.001	0.001	0.001
0.997	0.001	0.001	0.001
0.001	0.001	0.001	0.997
0.001	0.997	0.001	0.001
