>TTTTATGTCTTC	1-TTTTATGTCTTC	12.438337	-17.605911	0	T:7.0(21.21%),B:370.1(0.93%),P:1e-7	Tpos:413.9,Tstd:290.7,Bpos:558.6,Bstd:304.9,StrandBias:0.3,Multiplicity:1.29
0.001	0.001	0.001	0.997
0.001	0.001	0.001	0.997
0.001	0.001	0.001	0.997
0.226	0.001	0.225	0.548
0.664	0.334	0.001	0.001
0.001	0.001	0.252	0.746
0.001	0.221	0.746	0.032
0.088	0.001	0.001	0.910
0.077	0.775	0.001	0.147
0.001	0.161	0.001	0.837
0.001	0.001	0.001	0.997
0.001	0.918	0.001	0.080
>TSCTCCSCCCCA	2-TSCTCCSCCCCA	9.577973	-16.150911	0	T:10.0(30.30%),B:1351.2(3.40%),P:1e-7	Tpos:493.8,Tstd:349.5,Bpos:561.3,Bstd:338.3,StrandBias:1.6,Multiplicity:1.10
0.162	0.102	0.001	0.735
0.001	0.385	0.476	0.137
0.001	0.721	0.001	0.277
0.001	0.371	0.001	0.627
0.001	0.750	0.001	0.248
0.012	0.726	0.009	0.253
0.001	0.325	0.413	0.261
0.001	0.997	0.001	0.001
0.146	0.852	0.001	0.001
0.001	0.990	0.008	0.001
0.001	0.997	0.001	0.001
0.652	0.062	0.001	0.285
>ACAAAGAGTGCT	3-ACAAAGAGTGCT	7.844884	-15.622212	0	T:6.0(18.18%),B:295.0(0.74%),P:1e-6	Tpos:593.0,Tstd:273.3,Bpos:545.0,Bstd:315.5,StrandBias:-1.3,Multiplicity:1.17
0.997	0.001	0.001	0.001
0.103	0.895	0.001	0.001
0.997	0.001	0.001	0.001
0.804	0.146	0.049	0.001
0.997	0.001	0.001	0.001
0.001	0.001	0.997	0.001
0.997	0.001	0.001	0.001
0.001	0.001	0.997	0.001
0.001	0.001	0.001	0.997
0.001	0.001	0.997	0.001
0.195	0.803	0.001	0.001
0.001	0.001	0.105	0.893
>TTTTGGTGAACA	4-TTTTGGTGAACA	14.268026	-14.296427	0	T:5.0(15.15%),B:193.7(0.49%),P:1e-6	Tpos:526.6,Tstd:230.1,Bpos:508.3,Bstd:356.3,StrandBias:-0.4,Multiplicity:1.40
0.223	0.001	0.001	0.775
0.001	0.001	0.001	0.997
0.001	0.001	0.001	0.997
0.001	0.001	0.001	0.997
0.001	0.001	0.997	0.001
0.001	0.204	0.794	0.001
0.001	0.001	0.001	0.997
0.001	0.001	0.997	0.001
0.997	0.001	0.001	0.001
0.997	0.001	0.001	0.001
0.389	0.609	0.001	0.001
0.997	0.001	0.001	0.001
>GCAAWTTTCACY	5-GCAAWTTTCACY	12.961176	-13.358068	0	T:4.0(12.12%),B:98.2(0.25%),P:1e-5	Tpos:630.1,Tstd:263.6,Bpos:504.9,Bstd:351.7,StrandBias:2.8,Multiplicity:2.00
0.001	0.001	0.997	0.001
0.079	0.919	0.001	0.001
0.997	0.001	0.001	0.001
0.997	0.001	0.001	0.001
0.474	0.001	0.001	0.524
0.001	0.001	0.001	0.997
0.001	0.001	0.001	0.997
0.001	0.001	0.001	0.997
0.001	0.997	0.001	0.001
0.904	0.001	0.001	0.094
0.001	0.997	0.001	0.001
0.001	0.574	0.001	0.424
>ACTCCGATTTTG	6-ACTCCGATTTTG	10.447633	-12.973600	0	T:9.0(27.27%),B:1472.8(3.71%),P:1e-5	Tpos:484.5,Tstd:263.2,Bpos:479.3,Bstd:307.7,StrandBias:1.6,Multiplicity:1.33
0.843	0.001	0.011	0.145
0.107	0.705	0.165	0.023
0.144	0.001	0.001	0.854
0.001	0.871	0.001	0.127
0.251	0.572	0.165	0.012
0.245	0.168	0.586	0.001
0.988	0.001	0.010	0.001
0.001	0.001	0.001	0.997
0.168	0.237	0.001	0.594
0.001	0.001	0.001	0.997
0.001	0.001	0.001	0.997
0.001	0.142	0.856	0.001
>TTGCAGTTTTTG	7-TTGCAGTTTTTG	12.234186	-11.134730	0	T:6.0(18.18%),B:647.8(1.63%),P:1e-4	Tpos:551.4,Tstd:197.8,Bpos:490.9,Bstd:304.0,StrandBias:0.0,Multiplicity:1.33
0.001	0.001	0.001	0.997
0.010	0.001	0.010	0.979
0.001	0.111	0.887	0.001
0.001	0.991	0.001	0.007
0.997	0.001	0.001	0.001
0.127	0.001	0.755	0.117
0.001	0.001	0.001	0.997
0.001	0.001	0.001	0.997
0.001	0.001	0.001	0.997
0.001	0.001	0.001	0.997
0.001	0.008	0.001	0.990
0.001	0.076	0.922	0.001
>AGTTTARCAGCS	8-AGTTTARCAGCS	10.551949	-10.633511	0	T:3.0(9.09%),B:64.9(0.16%),P:1e-4	Tpos:260.8,Tstd:293.8,Bpos:486.1,Bstd:338.5,StrandBias:1.0,Multiplicity:2.00
0.997	0.001	0.001	0.001
0.001	0.393	0.593	0.013
0.001	0.001	0.001	0.997
0.001	0.001	0.001	0.997
0.001	0.001	0.001	0.997
0.997	0.001	0.001	0.001
0.453	0.001	0.545	0.001
0.001	0.997	0.001	0.001
0.997	0.001	0.001	0.001
0.001	0.001	0.977	0.021
0.001	0.997	0.001	0.001
0.039	0.414	0.546	0.001
>TTGAGCAAAATC	9-TTGAGCAAAATC	11.661284	-9.294820	0	T:5.0(15.15%),B:553.5(1.39%),P:1e-4	Tpos:618.4,Tstd:272.8,Bpos:523.4,Bstd:320.6,StrandBias:-0.7,Multiplicity:1.60
0.009	0.001	0.001	0.989
0.001	0.232	0.001	0.766
0.001	0.001	0.997	0.001
0.758	0.105	0.001	0.136
0.001	0.243	0.651	0.105
0.215	0.783	0.001	0.001
0.766	0.001	0.001	0.232
0.997	0.001	0.001	0.001
0.723	0.001	0.151	0.125
0.722	0.001	0.001	0.276
0.001	0.001	0.108	0.890
0.001	0.997	0.001	0.001
>ATATTTTGCTCA	10-ATATTTTGCTCA	14.857286	-7.578565	0	T:2.0(6.06%),B:38.9(0.10%),P:1e-3	Tpos:672.0,Tstd:230.0,Bpos:459.7,Bstd:267.9,StrandBias:10.0,Multiplicity:1.00
0.841	0.157	0.001	0.001
0.001	0.001	0.207	0.791
0.997	0.001	0.001	0.001
0.001	0.001	0.001	0.997
0.001	0.001	0.001	0.997
0.001	0.001	0.001	0.997
0.001	0.001	0.001	0.997
0.001	0.001	0.997	0.001
0.001	0.997	0.001	0.001
0.001	0.001	0.001	0.997
0.001	0.997	0.001	0.001
0.997	0.001	0.001	0.001
>GTTCTAAAAAGT	11-GTTCTAAAAAGT	12.355432	-4.105592	0	T:1.0(3.03%),B:19.4(0.05%),P:1e-1	Tpos:679.0,Tstd:17.6,Bpos:558.3,Bstd:302.3,StrandBias:10.0,Multiplicity:3.00
0.100	0.100	0.700	0.100
0.100	0.100	0.100	0.700
0.100	0.100	0.100	0.700
0.100	0.700	0.100	0.100
0.100	0.100	0.100	0.700
0.700	0.100	0.100	0.100
0.700	0.100	0.100	0.100
0.700	0.100	0.100	0.100
0.700	0.100	0.100	0.100
0.700	0.100	0.100	0.100
0.100	0.100	0.700	0.100
0.100	0.100	0.100	0.700
