>GAGSKAGA	1-GAGSKAGA	8.638208	-19.199843	0	T:17.0(51.52%),B:4136.9(10.42%),P:1e-8	Tpos:635.4,Tstd:256.8,Bpos:516.8,Bstd:316.6,StrandBias:-0.5,Multiplicity:1.12
0.001	0.001	0.997	0.001
0.997	0.001	0.001	0.001
0.001	0.001	0.997	0.001
0.001	0.501	0.497	0.001
0.175	0.048	0.402	0.374
0.997	0.001	0.001	0.001
0.001	0.001	0.997	0.001
0.997	0.001	0.001	0.001
>TCACGGTC	2-TCACGGTC	7.542877	-15.949278	0	T:13.0(39.39%),B:2725.7(6.86%),P:1e-6	Tpos:564.5,Tstd:339.8,Bpos:506.8,Bstd:302.2,StrandBias:0.0,Multiplicity:1.08
0.077	0.001	0.001	0.921
0.063	0.583	0.353	0.001
0.737	0.001	0.018	0.244
0.001	0.893	0.105	0.001
0.001	0.062	0.936	0.001
0.001	0.001	0.708	0.290
0.074	0.001	0.176	0.749
0.066	0.819	0.001	0.114
>TAGCTCRA	3-TAGCTCRA	8.511319	-7.884499	0	T:11.0(33.33%),B:4181.5(10.53%),P:1e-3	Tpos:488.3,Tstd:350.8,Bpos:482.5,Bstd:311.0,StrandBias:0.5,Multiplicity:1.09
0.385	0.073	0.001	0.541
0.733	0.031	0.001	0.235
0.052	0.001	0.946	0.001
0.001	0.941	0.057	0.001
0.053	0.153	0.001	0.793
0.001	0.997	0.001	0.001
0.453	0.024	0.513	0.010
0.843	0.096	0.006	0.055
>AAAGTACT	4-AAAGTACT	8.700820	-7.148584	0	T:9.0(27.27%),B:3125.4(7.87%),P:1e-3	Tpos:445.3,Tstd:264.1,Bpos:499.9,Bstd:300.6,StrandBias:-0.4,Multiplicity:1.33
0.768	0.101	0.130	0.001
0.718	0.280	0.001	0.001
0.997	0.001	0.001	0.001
0.001	0.001	0.997	0.001
0.001	0.001	0.001	0.997
0.997	0.001	0.001	0.001
0.001	0.997	0.001	0.001
0.001	0.001	0.001	0.997
>GGTGAAAA	5-GGTGAAAA	4.161567	-5.388273	0	T:11.0(33.33%),B:5656.7(14.24%),P:1e-2	Tpos:466.4,Tstd:264.7,Bpos:515.9,Bstd:323.9,StrandBias:-0.3,Multiplicity:1.82
0.001	0.001	0.997	0.001
0.001	0.001	0.997	0.001
0.001	0.001	0.001	0.997
0.001	0.001	0.997	0.001
0.997	0.001	0.001	0.001
0.997	0.001	0.001	0.001
0.838	0.160	0.001	0.001
0.997	0.001	0.001	0.001
