>CTTATCAC	1-CTTATCAC	8.147210	-14.914518	0	T:22.0(34.92%),B:4208.8(10.78%),P:1e-6	Tpos:552.4,Tstd:286.2,Bpos:542.8,Bstd:316.9,StrandBias:0.4,Multiplicity:1.36
0.001	0.997	0.001	0.001
0.001	0.136	0.001	0.862
0.001	0.001	0.001	0.997
0.997	0.001	0.001	0.001
0.001	0.001	0.001	0.997
0.001	0.997	0.001	0.001
0.907	0.091	0.001	0.001
0.001	0.682	0.316	0.001
>GTTATCAA	2-GTTATCAA	9.568381	-13.349380	0	T:20.0(31.75%),B:3858.8(9.88%),P:1e-5	Tpos:464.1,Tstd:278.4,Bpos:517.5,Bstd:310.3,StrandBias:0.2,Multiplicity:1.20
0.001	0.001	0.997	0.001
0.001	0.001	0.037	0.961
0.001	0.100	0.090	0.809
0.997	0.001	0.001	0.001
0.001	0.001	0.038	0.960
0.001	0.997	0.001	0.001
0.997	0.001	0.001	0.001
0.610	0.031	0.063	0.296
>ACGTACAT	3-ACGTACAT	3.497538	-11.734811	0	T:28.0(44.44%),B:7727.2(19.79%),P:1e-5	Tpos:424.8,Tstd:289.6,Bpos:494.8,Bstd:305.2,StrandBias:-0.3,Multiplicity:1.25
0.997	0.001	0.001	0.001
0.001	0.893	0.001	0.105
0.001	0.001	0.997	0.001
0.001	0.001	0.001	0.997
0.888	0.110	0.001	0.001
0.001	0.997	0.001	0.001
0.997	0.001	0.001	0.001
0.001	0.216	0.210	0.573
>CCGCCTAT	4-CCGCCTAT	7.153458	-10.990175	0	T:22.0(34.92%),B:5328.9(13.64%),P:1e-4	Tpos:591.1,Tstd:276.2,Bpos:536.9,Bstd:314.1,StrandBias:0.2,Multiplicity:1.55
0.409	0.589	0.001	0.001
0.001	0.838	0.001	0.160
0.001	0.001	0.997	0.001
0.001	0.902	0.096	0.001
0.062	0.936	0.001	0.001
0.001	0.065	0.001	0.933
0.860	0.096	0.001	0.043
0.001	0.103	0.056	0.840
>WTCACGTG	5-WTCACGTG	7.684038	-9.913927	0	T:15.0(23.81%),B:2917.2(7.47%),P:1e-4	Tpos:446.8,Tstd:275.7,Bpos:534.2,Bstd:322.4,StrandBias:0.9,Multiplicity:1.14
0.415	0.199	0.032	0.354
0.025	0.001	0.171	0.803
0.231	0.767	0.001	0.001
0.977	0.021	0.001	0.001
0.001	0.979	0.019	0.001
0.199	0.035	0.534	0.232
0.074	0.116	0.001	0.809
0.001	0.001	0.684	0.314
>GTATAGCA	6-GTATAGCA	8.526179	-9.481918	0	T:8.0(12.70%),B:862.8(2.21%),P:1e-4	Tpos:574.5,Tstd:264.5,Bpos:498.8,Bstd:301.2,StrandBias:0.8,Multiplicity:1.38
0.001	0.001	0.997	0.001
0.001	0.001	0.001	0.997
0.895	0.001	0.103	0.001
0.001	0.001	0.001	0.997
0.997	0.001	0.001	0.001
0.001	0.001	0.997	0.001
0.001	0.997	0.001	0.001
0.761	0.024	0.214	0.001
>AGGGGATC	7-AGGGGATC	8.654679	-5.821566	0	T:6.0(9.52%),B:877.4(2.25%),P:1e-2	Tpos:614.2,Tstd:206.3,Bpos:514.4,Bstd:305.3,StrandBias:-0.7,Multiplicity:3.50
0.997	0.001	0.001	0.001
0.001	0.001	0.997	0.001
0.001	0.001	0.997	0.001
0.001	0.001	0.997	0.001
0.001	0.001	0.997	0.001
0.891	0.001	0.001	0.107
0.001	0.001	0.165	0.833
0.001	0.997	0.001	0.001
