>TGCACTTTTG	1-TGCACTTTTG	10.425896	-21.639586	0	T:15.0(23.81%),B:1155.2(2.96%),P:1e-9	Tpos:588.3,Tstd:268.8,Bpos:509.2,Bstd:311.1,StrandBias:1.8,Multiplicity:1.20
0.001	0.001	0.001	0.997
0.001	0.001	0.881	0.117
0.040	0.958	0.001	0.001
0.834	0.164	0.001	0.001
0.025	0.935	0.039	0.001
0.001	0.001	0.001	0.997
0.001	0.001	0.001	0.997
0.001	0.001	0.075	0.923
0.001	0.001	0.058	0.940
0.289	0.032	0.678	0.001
>GGGGATAAGA	2-GGGGATAAGA	10.014177	-20.849114	0	T:11.0(17.46%),B:522.1(1.34%),P:1e-9	Tpos:587.2,Tstd:231.8,Bpos:582.6,Bstd:325.1,StrandBias:-2.2,Multiplicity:1.00
0.001	0.001	0.859	0.139
0.001	0.001	0.997	0.001
0.001	0.001	0.914	0.084
0.001	0.001	0.826	0.172
0.807	0.001	0.191	0.001
0.072	0.001	0.001	0.926
0.810	0.001	0.001	0.188
0.997	0.001	0.001	0.001
0.001	0.001	0.997	0.001
0.997	0.001	0.001	0.001
>AAGGATACAG	3-AAGGATACAG	7.720374	-19.348320	0	T:31.0(49.21%),B:6618.1(16.95%),P:1e-8	Tpos:453.9,Tstd:295.3,Bpos:527.6,Bstd:311.5,StrandBias:-0.7,Multiplicity:1.20
0.961	0.001	0.037	0.001
0.924	0.039	0.001	0.036
0.054	0.148	0.749	0.049
0.189	0.001	0.687	0.123
0.899	0.001	0.001	0.099
0.206	0.035	0.029	0.730
0.836	0.046	0.054	0.064
0.188	0.638	0.106	0.068
0.828	0.094	0.077	0.001
0.045	0.001	0.764	0.190
>CACGTGAACC	4-CACGTGAACC	9.201635	-18.643221	0	T:10.0(15.87%),B:494.4(1.27%),P:1e-8	Tpos:402.0,Tstd:254.9,Bpos:518.8,Bstd:318.3,StrandBias:0.2,Multiplicity:1.30
0.108	0.890	0.001	0.001
0.997	0.001	0.001	0.001
0.001	0.876	0.001	0.122
0.122	0.001	0.782	0.095
0.001	0.001	0.001	0.997
0.001	0.001	0.997	0.001
0.997	0.001	0.001	0.001
0.859	0.139	0.001	0.001
0.001	0.888	0.001	0.110
0.087	0.815	0.001	0.097
>GGAGGCGATC	5-GGAGGCGATC	10.919287	-18.488973	0	T:6.0(9.52%),B:87.2(0.22%),P:1e-8	Tpos:630.9,Tstd:251.0,Bpos:481.5,Bstd:334.5,StrandBias:-2.6,Multiplicity:1.17
0.001	0.185	0.813	0.001
0.001	0.001	0.997	0.001
0.823	0.001	0.001	0.175
0.001	0.001	0.997	0.001
0.001	0.001	0.997	0.001
0.122	0.876	0.001	0.001
0.001	0.001	0.997	0.001
0.657	0.180	0.162	0.001
0.001	0.001	0.001	0.997
0.001	0.997	0.001	0.001
>CTTTTCCCGC	6-CTTTTCCCGC	10.192828	-18.163837	0	T:11.0(17.46%),B:680.3(1.74%),P:1e-7	Tpos:614.5,Tstd:277.9,Bpos:526.2,Bstd:316.7,StrandBias:2.2,Multiplicity:1.00
0.054	0.944	0.001	0.001
0.001	0.001	0.001	0.997
0.001	0.093	0.166	0.740
0.001	0.103	0.001	0.895
0.001	0.001	0.001	0.997
0.131	0.867	0.001	0.001
0.104	0.823	0.001	0.072
0.066	0.932	0.001	0.001
0.076	0.001	0.873	0.050
0.001	0.997	0.001	0.001
>ACCCTCCCTG	7-ACCCTCCCTG	11.958054	-17.705619	0	T:5.0(7.94%),B:46.1(0.12%),P:1e-7	Tpos:764.8,Tstd:102.4,Bpos:552.0,Bstd:285.8,StrandBias:0.6,Multiplicity:1.00
0.997	0.001	0.001	0.001
0.001	0.997	0.001	0.001
0.001	0.997	0.001	0.001
0.001	0.997	0.001	0.001
0.001	0.001	0.272	0.726
0.001	0.997	0.001	0.001
0.001	0.997	0.001	0.001
0.001	0.997	0.001	0.001
0.001	0.001	0.001	0.997
0.001	0.210	0.788	0.001
>TGGGCGGAGC	8-TGGGCGGAGC	9.222947	-17.436884	0	T:15.0(23.81%),B:1584.5(4.06%),P:1e-7	Tpos:747.4,Tstd:245.1,Bpos:573.5,Bstd:308.4,StrandBias:-0.9,Multiplicity:1.13
0.068	0.141	0.069	0.722
0.161	0.001	0.837	0.001
0.001	0.001	0.997	0.001
0.001	0.162	0.836	0.001
0.069	0.918	0.001	0.012
0.001	0.001	0.796	0.202
0.001	0.001	0.997	0.001
0.843	0.155	0.001	0.001
0.106	0.001	0.892	0.001
0.001	0.598	0.366	0.035
>CAAACGATAC	9-CAAACGATAC	10.629926	-16.161571	0	T:11.0(17.46%),B:831.6(2.13%),P:1e-7	Tpos:521.8,Tstd:270.0,Bpos:495.3,Bstd:305.9,StrandBias:2.3,Multiplicity:1.09
0.094	0.761	0.144	0.001
0.997	0.001	0.001	0.001
0.997	0.001	0.001	0.001
0.968	0.030	0.001	0.001
0.001	0.997	0.001	0.001
0.093	0.001	0.785	0.121
0.997	0.001	0.001	0.001
0.099	0.124	0.001	0.776
0.864	0.001	0.001	0.134
0.001	0.869	0.001	0.129
>TGTAGTCTAG	10-TGTAGTCTAG	10.366046	-15.050950	0	T:9.0(14.29%),B:553.5(1.42%),P:1e-6	Tpos:424.5,Tstd:218.0,Bpos:528.1,Bstd:316.4,StrandBias:-0.3,Multiplicity:1.22
0.107	0.001	0.001	0.891
0.001	0.001	0.883	0.115
0.001	0.001	0.001	0.997
0.815	0.001	0.088	0.096
0.001	0.001	0.918	0.080
0.001	0.117	0.001	0.881
0.001	0.997	0.001	0.001
0.104	0.146	0.001	0.749
0.997	0.001	0.001	0.001
0.095	0.001	0.903	0.001
>CCTAGACGTT	11-CCTAGACGTT	7.925082	-14.614734	0	T:15.0(23.81%),B:1974.3(5.06%),P:1e-6	Tpos:513.0,Tstd:256.0,Bpos:505.3,Bstd:310.6,StrandBias:-0.7,Multiplicity:1.20
0.137	0.667	0.047	0.149
0.191	0.654	0.109	0.046
0.155	0.076	0.105	0.664
0.744	0.108	0.001	0.147
0.073	0.085	0.841	0.001
0.936	0.001	0.062	0.001
0.025	0.935	0.001	0.039
0.090	0.085	0.756	0.069
0.132	0.001	0.001	0.866
0.001	0.001	0.048	0.950
>GTACACGGGA	12-GTACACGGGA	7.526719	-12.567184	0	T:14.0(22.22%),B:2024.9(5.18%),P:1e-5	Tpos:531.3,Tstd:213.8,Bpos:506.4,Bstd:304.4,StrandBias:-0.4,Multiplicity:1.14
0.118	0.131	0.648	0.103
0.106	0.001	0.064	0.829
0.782	0.085	0.073	0.060
0.050	0.838	0.111	0.001
0.980	0.001	0.001	0.018
0.068	0.707	0.127	0.098
0.057	0.114	0.731	0.098
0.060	0.001	0.844	0.095
0.058	0.155	0.679	0.108
0.944	0.001	0.053	0.002
>GCTATACAGC	13-GCTATACAGC	10.866949	-12.331724	0	T:5.0(7.94%),B:144.5(0.37%),P:1e-5	Tpos:518.2,Tstd:234.5,Bpos:477.9,Bstd:335.9,StrandBias:2.8,Multiplicity:1.60
0.158	0.001	0.840	0.001
0.001	0.997	0.001	0.001
0.154	0.001	0.001	0.844
0.844	0.001	0.001	0.154
0.001	0.001	0.001	0.997
0.997	0.001	0.001	0.001
0.001	0.997	0.001	0.001
0.764	0.001	0.234	0.001
0.111	0.001	0.887	0.001
0.001	0.997	0.001	0.001
>TGTCAGTTGT	14-TGTCAGTTGT	10.970348	-11.769969	0	T:9.0(14.29%),B:830.6(2.13%),P:1e-5	Tpos:592.2,Tstd:287.6,Bpos:494.1,Bstd:306.2,StrandBias:0.5,Multiplicity:1.33
0.105	0.001	0.001	0.893
0.001	0.001	0.997	0.001
0.001	0.098	0.001	0.900
0.001	0.997	0.001	0.001
0.997	0.001	0.001	0.001
0.001	0.001	0.997	0.001
0.001	0.001	0.102	0.896
0.120	0.001	0.001	0.878
0.001	0.001	0.909	0.089
0.001	0.001	0.001	0.997
>TTTGGTCWTT	15-TTTGGTCWTT	9.185866	-10.854742	0	T:23.0(36.51%),B:5801.7(14.86%),P:1e-4	Tpos:459.5,Tstd:279.2,Bpos:504.4,Bstd:305.0,StrandBias:1.1,Multiplicity:1.39
0.129	0.001	0.001	0.869
0.001	0.001	0.375	0.623
0.001	0.001	0.001	0.997
0.247	0.001	0.622	0.130
0.194	0.001	0.737	0.068
0.170	0.001	0.110	0.719
0.001	0.818	0.176	0.005
0.489	0.001	0.001	0.509
0.001	0.001	0.001	0.997
0.001	0.001	0.025	0.973
>AAGGGGAGCW	16-AAGGGGAGCW	7.420790	-10.099631	0	T:19.0(30.16%),B:4385.9(11.23%),P:1e-4	Tpos:543.9,Tstd:265.9,Bpos:520.0,Bstd:308.2,StrandBias:0.6,Multiplicity:1.56
0.773	0.149	0.001	0.077
0.893	0.001	0.001	0.105
0.089	0.007	0.896	0.008
0.001	0.007	0.837	0.155
0.068	0.001	0.849	0.082
0.001	0.133	0.761	0.105
0.997	0.001	0.001	0.001
0.001	0.001	0.918	0.080
0.146	0.499	0.077	0.278
0.553	0.001	0.001	0.445
>GGGGATCTGC	17-GGGGATCTGC	13.641473	-5.526056	0	T:2.0(3.17%),B:56.4(0.14%),P:1e-2	Tpos:656.6,Tstd:178.3,Bpos:497.3,Bstd:275.0,StrandBias:-2.2,Multiplicity:5.50
0.093	0.001	0.905	0.001
0.001	0.001	0.997	0.001
0.001	0.001	0.997	0.001
0.001	0.001	0.997	0.001
0.997	0.001	0.001	0.001
0.001	0.001	0.001	0.997
0.001	0.997	0.001	0.001
0.001	0.001	0.001	0.997
0.091	0.001	0.907	0.001
0.001	0.997	0.001	0.001
>RGCAGGCAGG	18-RGCAGGCAGG	12.214580	-2.432773	0	T:2.0(3.17%),B:305.1(0.78%),P:1e-1	Tpos:415.8,Tstd:70.9,Bpos:514.0,Bstd:291.1,StrandBias:1.6,Multiplicity:1.50
0.402	0.047	0.550	0.001
0.001	0.315	0.683	0.001
0.001	0.550	0.315	0.134
0.997	0.001	0.001	0.001
0.001	0.001	0.997	0.001
0.001	0.001	0.997	0.001
0.001	0.997	0.001	0.001
0.997	0.001	0.001	0.001
0.001	0.001	0.948	0.050
0.001	0.001	0.997	0.001
>TCATCGGAGACC	1-TCATCGGAGACC	10.741264	-22.848932	0	T:9.0(14.29%),B:219.6(0.56%),P:1e-9	Tpos:660.2,Tstd:185.9,Bpos:485.2,Bstd:290.2,StrandBias:0.3,Multiplicity:1.00
0.001	0.180	0.208	0.611
0.001	0.725	0.152	0.122
0.997	0.001	0.001	0.001
0.001	0.180	0.001	0.818
0.001	0.666	0.332	0.001
0.124	0.001	0.541	0.334
0.001	0.180	0.818	0.001
0.997	0.001	0.001	0.001
0.333	0.122	0.544	0.001
0.997	0.001	0.001	0.001
0.333	0.543	0.001	0.123
0.026	0.972	0.001	0.001
>AAAAAATGACAA	2-AAAAAATGACAA	12.405521	-21.239141	0	T:19.0(30.16%),B:2123.2(5.44%),P:1e-9	Tpos:543.4,Tstd:244.3,Bpos:512.7,Bstd:302.7,StrandBias:-0.4,Multiplicity:1.21
0.836	0.066	0.001	0.097
0.997	0.001	0.001	0.001
0.890	0.001	0.001	0.108
0.997	0.001	0.001	0.001
0.850	0.076	0.001	0.073
0.997	0.001	0.001	0.001
0.001	0.066	0.001	0.932
0.038	0.042	0.919	0.001
0.936	0.001	0.062	0.001
0.137	0.772	0.037	0.054
0.997	0.001	0.001	0.001
0.910	0.001	0.088	0.001
>GTATAAAAGAGA	3-GTATAAAAGAGA	13.735260	-20.995331	0	T:7.0(11.11%),B:108.5(0.28%),P:1e-9	Tpos:760.0,Tstd:321.6,Bpos:726.4,Bstd:319.9,StrandBias:1.3,Multiplicity:1.00
0.001	0.146	0.852	0.001
0.001	0.001	0.001	0.997
0.997	0.001	0.001	0.001
0.001	0.001	0.001	0.997
0.997	0.001	0.001	0.001
0.997	0.001	0.001	0.001
0.997	0.001	0.001	0.001
0.762	0.001	0.236	0.001
0.001	0.001	0.997	0.001
0.508	0.221	0.130	0.141
0.001	0.001	0.997	0.001
0.997	0.001	0.001	0.001
>CYTCTTATCCCC	4-CYTCTTATCCCC	11.751350	-19.869977	0	T:7.0(11.11%),B:128.7(0.33%),P:1e-8	Tpos:566.0,Tstd:272.7,Bpos:553.7,Bstd:329.0,StrandBias:10.0,Multiplicity:1.00
0.001	0.878	0.001	0.120
0.001	0.434	0.231	0.335
0.001	0.001	0.001	0.997
0.001	0.862	0.001	0.136
0.001	0.001	0.001	0.997
0.008	0.001	0.001	0.990
0.783	0.001	0.001	0.215
0.001	0.239	0.149	0.611
0.367	0.631	0.001	0.001
0.001	0.997	0.001	0.001
0.148	0.850	0.001	0.001
0.001	0.997	0.001	0.001
>TTAAAAGTGCAA	5-TTAAAAGTGCAA	12.569405	-19.416057	0	T:9.0(14.29%),B:328.7(0.84%),P:1e-8	Tpos:709.8,Tstd:160.2,Bpos:492.8,Bstd:314.3,StrandBias:-1.2,Multiplicity:1.11
0.079	0.320	0.091	0.510
0.001	0.382	0.070	0.547
0.997	0.001	0.001	0.001
0.836	0.001	0.001	0.162
0.997	0.001	0.001	0.001
0.997	0.001	0.001	0.001
0.005	0.001	0.993	0.001
0.001	0.001	0.187	0.811
0.001	0.115	0.883	0.001
0.246	0.752	0.001	0.001
0.997	0.001	0.001	0.001
0.864	0.001	0.126	0.009
>GTCATCAAACGA	6-GTCATCAAACGA	10.327724	-18.283020	0	T:11.0(17.46%),B:672.9(1.72%),P:1e-7	Tpos:443.8,Tstd:259.2,Bpos:500.9,Bstd:301.3,StrandBias:0.0,Multiplicity:1.09
0.106	0.091	0.802	0.001
0.098	0.001	0.001	0.900
0.001	0.755	0.243	0.001
0.928	0.001	0.001	0.070
0.001	0.001	0.001	0.997
0.212	0.688	0.001	0.099
0.997	0.001	0.001	0.001
0.997	0.001	0.001	0.001
0.732	0.001	0.126	0.141
0.102	0.699	0.001	0.198
0.091	0.001	0.782	0.126
0.752	0.141	0.001	0.106
>ATTCTTATCAGT	7-ATTCTTATCAGT	10.083636	-18.210800	0	T:21.0(33.33%),B:3169.6(8.12%),P:1e-7	Tpos:471.7,Tstd:343.9,Bpos:539.3,Bstd:308.4,StrandBias:-0.4,Multiplicity:1.10
0.780	0.001	0.072	0.147
0.002	0.189	0.001	0.808
0.001	0.001	0.001	0.997
0.001	0.748	0.087	0.164
0.055	0.056	0.066	0.823
0.001	0.001	0.062	0.936
0.784	0.001	0.003	0.212
0.001	0.001	0.001	0.997
0.001	0.834	0.164	0.001
0.801	0.001	0.073	0.125
0.137	0.108	0.667	0.088
0.094	0.001	0.073	0.832
>TTTGTCAAATAG	8-TTTGTCAAATAG	13.710229	-17.814245	0	T:6.0(9.52%),B:98.4(0.25%),P:1e-7	Tpos:397.0,Tstd:272.3,Bpos:539.5,Bstd:273.4,StrandBias:-1.0,Multiplicity:1.00
0.001	0.267	0.001	0.731
0.001	0.001	0.001	0.997
0.001	0.001	0.001	0.997
0.001	0.001	0.912	0.086
0.001	0.193	0.001	0.805
0.001	0.830	0.001	0.168
0.997	0.001	0.001	0.001
0.997	0.001	0.001	0.001
0.997	0.001	0.001	0.001
0.001	0.001	0.001	0.997
0.997	0.001	0.001	0.001
0.123	0.001	0.875	0.001
>AATGGGCGGAGT	9-AATGGGCGGAGT	11.078122	-16.476607	0	T:11.0(17.46%),B:805.4(2.06%),P:1e-7	Tpos:737.5,Tstd:276.9,Bpos:572.5,Bstd:310.3,StrandBias:0.0,Multiplicity:1.09
0.851	0.001	0.005	0.143
0.628	0.143	0.228	0.001
0.070	0.143	0.005	0.782
0.004	0.001	0.994	0.001
0.132	0.001	0.716	0.151
0.001	0.001	0.867	0.131
0.001	0.901	0.001	0.097
0.001	0.001	0.997	0.001
0.150	0.001	0.848	0.001
0.871	0.127	0.001	0.001
0.105	0.001	0.893	0.001
0.001	0.321	0.001	0.677
>TAAAGATAACAA	10-TAAAGATAACAA	13.708140	-15.052502	0	T:5.0(7.94%),B:81.9(0.21%),P:1e-6	Tpos:617.6,Tstd:351.6,Bpos:525.9,Bstd:330.2,StrandBias:-0.6,Multiplicity:1.00
0.001	0.001	0.001	0.997
0.858	0.001	0.140	0.001
0.997	0.001	0.001	0.001
0.877	0.001	0.001	0.121
0.058	0.130	0.811	0.001
0.783	0.001	0.215	0.001
0.078	0.001	0.001	0.920
0.997	0.001	0.001	0.001
0.997	0.001	0.001	0.001
0.001	0.874	0.124	0.001
0.997	0.001	0.001	0.001
0.997	0.001	0.001	0.001
>TGTGTCWGTTGT	11-TGTGTCWGTTGT	10.716471	-14.633222	0	T:11.0(17.46%),B:971.8(2.49%),P:1e-6	Tpos:543.1,Tstd:284.0,Bpos:513.9,Bstd:305.0,StrandBias:1.7,Multiplicity:1.18
0.172	0.001	0.001	0.826
0.123	0.001	0.778	0.098
0.111	0.001	0.001	0.887
0.001	0.001	0.844	0.154
0.087	0.001	0.001	0.911
0.081	0.762	0.069	0.088
0.569	0.001	0.001	0.429
0.001	0.077	0.843	0.079
0.001	0.001	0.001	0.997
0.001	0.001	0.001	0.997
0.001	0.123	0.701	0.175
0.080	0.001	0.001	0.918
>GTCTGAAAGATT	12-GTCTGAAAGATT	9.907475	-13.845859	0	T:16.0(25.40%),B:2400.6(6.15%),P:1e-6	Tpos:503.1,Tstd:288.3,Bpos:505.3,Bstd:306.5,StrandBias:0.9,Multiplicity:1.06
0.083	0.056	0.674	0.187
0.001	0.001	0.001	0.997
0.001	0.997	0.001	0.001
0.163	0.001	0.001	0.835
0.001	0.001	0.997	0.001
0.929	0.069	0.001	0.001
0.892	0.001	0.001	0.106
0.726	0.001	0.213	0.060
0.001	0.163	0.761	0.075
0.753	0.093	0.001	0.153
0.001	0.181	0.209	0.609
0.001	0.083	0.063	0.853
>TTCCATTTGTTC	13-TTCCATTTGTTC	13.945009	-13.359363	0	T:6.0(9.52%),B:215.1(0.55%),P:1e-5	Tpos:565.2,Tstd:307.9,Bpos:523.9,Bstd:314.5,StrandBias:1.0,Multiplicity:1.00
0.001	0.001	0.001	0.997
0.001	0.001	0.001	0.997
0.001	0.848	0.001	0.150
0.162	0.632	0.001	0.205
0.997	0.001	0.001	0.001
0.178	0.001	0.001	0.820
0.001	0.001	0.001	0.997
0.001	0.001	0.001	0.997
0.001	0.001	0.894	0.104
0.001	0.001	0.001	0.997
0.001	0.001	0.001	0.997
0.001	0.997	0.001	0.001
>AGGCGYGCGCKC	14-AGGCGYGCGCKC	11.907086	-12.654564	0	T:3.0(4.76%),B:15.2(0.04%),P:1e-5	Tpos:690.0,Tstd:203.0,Bpos:553.0,Bstd:337.7,StrandBias:1.0,Multiplicity:1.00
0.467	0.265	0.085	0.183
0.001	0.001	0.997	0.001
0.085	0.095	0.725	0.095
0.180	0.639	0.180	0.001
0.094	0.001	0.904	0.001
0.001	0.554	0.001	0.444
0.001	0.274	0.724	0.001
0.095	0.819	0.085	0.001
0.001	0.084	0.914	0.001
0.085	0.911	0.001	0.003
0.003	0.001	0.445	0.551
0.001	0.819	0.179	0.001
>TGCCTRCGTGCC	15-TGCCTRCGTGCC	11.662135	-11.390067	0	T:7.0(11.11%),B:467.0(1.20%),P:1e-4	Tpos:521.4,Tstd:263.2,Bpos:502.9,Bstd:282.6,StrandBias:1.8,Multiplicity:1.29
0.001	0.001	0.006	0.992
0.070	0.001	0.922	0.007
0.001	0.997	0.001	0.001
0.001	0.997	0.001	0.001
0.001	0.001	0.001	0.997
0.373	0.001	0.440	0.185
0.001	0.705	0.001	0.293
0.001	0.099	0.793	0.107
0.172	0.001	0.001	0.826
0.173	0.001	0.632	0.194
0.001	0.689	0.001	0.309
0.001	0.997	0.001	0.001
>AAAAGGGGAGCT	16-AAAAGGGGAGCT	10.814305	-6.840192	0	T:6.0(9.52%),B:715.9(1.83%),P:1e-2	Tpos:597.3,Tstd:163.8,Bpos:523.7,Bstd:294.3,StrandBias:0.2,Multiplicity:2.50
0.997	0.001	0.001	0.001
0.853	0.001	0.145	0.001
0.997	0.001	0.001	0.001
0.859	0.001	0.001	0.139
0.109	0.001	0.889	0.001
0.140	0.140	0.623	0.097
0.106	0.001	0.796	0.097
0.001	0.139	0.859	0.001
0.997	0.001	0.001	0.001
0.139	0.001	0.753	0.107
0.149	0.612	0.099	0.140
0.215	0.001	0.001	0.783
>GACGCAGAAGGT	17-GACGCAGAAGGT	12.683628	-6.655895	0	T:3.0(4.76%),B:129.9(0.33%),P:1e-2	Tpos:556.0,Tstd:307.3,Bpos:609.1,Bstd:295.8,StrandBias:0.0,Multiplicity:1.33
0.001	0.001	0.997	0.001
0.610	0.001	0.388	0.001
0.001	0.997	0.001	0.001
0.001	0.001	0.984	0.014
0.331	0.667	0.001	0.001
0.667	0.331	0.001	0.001
0.001	0.001	0.997	0.001
0.986	0.001	0.001	0.012
0.667	0.331	0.001	0.001
0.278	0.001	0.720	0.001
0.001	0.001	0.997	0.001
0.001	0.016	0.001	0.982
>CGCAGATCCCCT	18-CGCAGATCCCCT	9.438960	-5.817433	0	T:2.0(3.17%),B:48.8(0.12%),P:1e-2	Tpos:657.3,Tstd:178.8,Bpos:495.3,Bstd:274.2,StrandBias:2.2,Multiplicity:5.50
0.001	0.583	0.001	0.415
0.001	0.001	0.997	0.001
0.001	0.997	0.001	0.001
0.997	0.001	0.001	0.001
0.001	0.001	0.997	0.001
0.997	0.001	0.001	0.001
0.001	0.001	0.001	0.997
0.001	0.997	0.001	0.001
0.001	0.997	0.001	0.001
0.001	0.997	0.001	0.001
0.001	0.997	0.001	0.001
0.001	0.001	0.226	0.772
>CTTATCAC	1-CTTATCAC	8.147210	-14.914518	0	T:22.0(34.92%),B:4208.8(10.78%),P:1e-6	Tpos:552.4,Tstd:286.2,Bpos:542.8,Bstd:316.9,StrandBias:0.4,Multiplicity:1.36
0.001	0.997	0.001	0.001
0.001	0.136	0.001	0.862
0.001	0.001	0.001	0.997
0.997	0.001	0.001	0.001
0.001	0.001	0.001	0.997
0.001	0.997	0.001	0.001
0.907	0.091	0.001	0.001
0.001	0.682	0.316	0.001
>GTTATCAA	2-GTTATCAA	9.568381	-13.349380	0	T:20.0(31.75%),B:3858.8(9.88%),P:1e-5	Tpos:464.1,Tstd:278.4,Bpos:517.5,Bstd:310.3,StrandBias:0.2,Multiplicity:1.20
0.001	0.001	0.997	0.001
0.001	0.001	0.037	0.961
0.001	0.100	0.090	0.809
0.997	0.001	0.001	0.001
0.001	0.001	0.038	0.960
0.001	0.997	0.001	0.001
0.997	0.001	0.001	0.001
0.610	0.031	0.063	0.296
>ACGTACAT	3-ACGTACAT	3.497538	-11.734811	0	T:28.0(44.44%),B:7727.2(19.79%),P:1e-5	Tpos:424.8,Tstd:289.6,Bpos:494.8,Bstd:305.2,StrandBias:-0.3,Multiplicity:1.25
0.997	0.001	0.001	0.001
0.001	0.893	0.001	0.105
0.001	0.001	0.997	0.001
0.001	0.001	0.001	0.997
0.888	0.110	0.001	0.001
0.001	0.997	0.001	0.001
0.997	0.001	0.001	0.001
0.001	0.216	0.210	0.573
>CCGCCTAT	4-CCGCCTAT	7.153458	-10.990175	0	T:22.0(34.92%),B:5328.9(13.64%),P:1e-4	Tpos:591.1,Tstd:276.2,Bpos:536.9,Bstd:314.1,StrandBias:0.2,Multiplicity:1.55
0.409	0.589	0.001	0.001
0.001	0.838	0.001	0.160
0.001	0.001	0.997	0.001
0.001	0.902	0.096	0.001
0.062	0.936	0.001	0.001
0.001	0.065	0.001	0.933
0.860	0.096	0.001	0.043
0.001	0.103	0.056	0.840
>WTCACGTG	5-WTCACGTG	7.684038	-9.913927	0	T:15.0(23.81%),B:2917.2(7.47%),P:1e-4	Tpos:446.8,Tstd:275.7,Bpos:534.2,Bstd:322.4,StrandBias:0.9,Multiplicity:1.14
0.415	0.199	0.032	0.354
0.025	0.001	0.171	0.803
0.231	0.767	0.001	0.001
0.977	0.021	0.001	0.001
0.001	0.979	0.019	0.001
0.199	0.035	0.534	0.232
0.074	0.116	0.001	0.809
0.001	0.001	0.684	0.314
>GTATAGCA	6-GTATAGCA	8.526179	-9.481918	0	T:8.0(12.70%),B:862.8(2.21%),P:1e-4	Tpos:574.5,Tstd:264.5,Bpos:498.8,Bstd:301.2,StrandBias:0.8,Multiplicity:1.38
0.001	0.001	0.997	0.001
0.001	0.001	0.001	0.997
0.895	0.001	0.103	0.001
0.001	0.001	0.001	0.997
0.997	0.001	0.001	0.001
0.001	0.001	0.997	0.001
0.001	0.997	0.001	0.001
0.761	0.024	0.214	0.001
>AGGGGATC	7-AGGGGATC	8.654679	-5.821566	0	T:6.0(9.52%),B:877.4(2.25%),P:1e-2	Tpos:614.2,Tstd:206.3,Bpos:514.4,Bstd:305.3,StrandBias:-0.7,Multiplicity:3.50
0.997	0.001	0.001	0.001
0.001	0.001	0.997	0.001
0.001	0.001	0.997	0.001
0.001	0.001	0.997	0.001
0.001	0.001	0.997	0.001
0.891	0.001	0.001	0.107
0.001	0.001	0.165	0.833
0.001	0.997	0.001	0.001
