>TGCACTTTTG	1-TGCACTTTTG	10.425896	-21.639586	0	T:15.0(23.81%),B:1155.2(2.96%),P:1e-9	Tpos:588.3,Tstd:268.8,Bpos:509.2,Bstd:311.1,StrandBias:1.8,Multiplicity:1.20
0.001	0.001	0.001	0.997
0.001	0.001	0.881	0.117
0.040	0.958	0.001	0.001
0.834	0.164	0.001	0.001
0.025	0.935	0.039	0.001
0.001	0.001	0.001	0.997
0.001	0.001	0.001	0.997
0.001	0.001	0.075	0.923
0.001	0.001	0.058	0.940
0.289	0.032	0.678	0.001
>GGGGATAAGA	2-GGGGATAAGA	10.014177	-20.849114	0	T:11.0(17.46%),B:522.1(1.34%),P:1e-9	Tpos:587.2,Tstd:231.8,Bpos:582.6,Bstd:325.1,StrandBias:-2.2,Multiplicity:1.00
0.001	0.001	0.859	0.139
0.001	0.001	0.997	0.001
0.001	0.001	0.914	0.084
0.001	0.001	0.826	0.172
0.807	0.001	0.191	0.001
0.072	0.001	0.001	0.926
0.810	0.001	0.001	0.188
0.997	0.001	0.001	0.001
0.001	0.001	0.997	0.001
0.997	0.001	0.001	0.001
>AAGGATACAG	3-AAGGATACAG	7.720374	-19.348320	0	T:31.0(49.21%),B:6618.1(16.95%),P:1e-8	Tpos:453.9,Tstd:295.3,Bpos:527.6,Bstd:311.5,StrandBias:-0.7,Multiplicity:1.20
0.961	0.001	0.037	0.001
0.924	0.039	0.001	0.036
0.054	0.148	0.749	0.049
0.189	0.001	0.687	0.123
0.899	0.001	0.001	0.099
0.206	0.035	0.029	0.730
0.836	0.046	0.054	0.064
0.188	0.638	0.106	0.068
0.828	0.094	0.077	0.001
0.045	0.001	0.764	0.190
>CACGTGAACC	4-CACGTGAACC	9.201635	-18.643221	0	T:10.0(15.87%),B:494.4(1.27%),P:1e-8	Tpos:402.0,Tstd:254.9,Bpos:518.8,Bstd:318.3,StrandBias:0.2,Multiplicity:1.30
0.108	0.890	0.001	0.001
0.997	0.001	0.001	0.001
0.001	0.876	0.001	0.122
0.122	0.001	0.782	0.095
0.001	0.001	0.001	0.997
0.001	0.001	0.997	0.001
0.997	0.001	0.001	0.001
0.859	0.139	0.001	0.001
0.001	0.888	0.001	0.110
0.087	0.815	0.001	0.097
>GGAGGCGATC	5-GGAGGCGATC	10.919287	-18.488973	0	T:6.0(9.52%),B:87.2(0.22%),P:1e-8	Tpos:630.9,Tstd:251.0,Bpos:481.5,Bstd:334.5,StrandBias:-2.6,Multiplicity:1.17
0.001	0.185	0.813	0.001
0.001	0.001	0.997	0.001
0.823	0.001	0.001	0.175
0.001	0.001	0.997	0.001
0.001	0.001	0.997	0.001
0.122	0.876	0.001	0.001
0.001	0.001	0.997	0.001
0.657	0.180	0.162	0.001
0.001	0.001	0.001	0.997
0.001	0.997	0.001	0.001
>CTTTTCCCGC	6-CTTTTCCCGC	10.192828	-18.163837	0	T:11.0(17.46%),B:680.3(1.74%),P:1e-7	Tpos:614.5,Tstd:277.9,Bpos:526.2,Bstd:316.7,StrandBias:2.2,Multiplicity:1.00
0.054	0.944	0.001	0.001
0.001	0.001	0.001	0.997
0.001	0.093	0.166	0.740
0.001	0.103	0.001	0.895
0.001	0.001	0.001	0.997
0.131	0.867	0.001	0.001
0.104	0.823	0.001	0.072
0.066	0.932	0.001	0.001
0.076	0.001	0.873	0.050
0.001	0.997	0.001	0.001
>ACCCTCCCTG	7-ACCCTCCCTG	11.958054	-17.705619	0	T:5.0(7.94%),B:46.1(0.12%),P:1e-7	Tpos:764.8,Tstd:102.4,Bpos:552.0,Bstd:285.8,StrandBias:0.6,Multiplicity:1.00
0.997	0.001	0.001	0.001
0.001	0.997	0.001	0.001
0.001	0.997	0.001	0.001
0.001	0.997	0.001	0.001
0.001	0.001	0.272	0.726
0.001	0.997	0.001	0.001
0.001	0.997	0.001	0.001
0.001	0.997	0.001	0.001
0.001	0.001	0.001	0.997
0.001	0.210	0.788	0.001
>TGGGCGGAGC	8-TGGGCGGAGC	9.222947	-17.436884	0	T:15.0(23.81%),B:1584.5(4.06%),P:1e-7	Tpos:747.4,Tstd:245.1,Bpos:573.5,Bstd:308.4,StrandBias:-0.9,Multiplicity:1.13
0.068	0.141	0.069	0.722
0.161	0.001	0.837	0.001
0.001	0.001	0.997	0.001
0.001	0.162	0.836	0.001
0.069	0.918	0.001	0.012
0.001	0.001	0.796	0.202
0.001	0.001	0.997	0.001
0.843	0.155	0.001	0.001
0.106	0.001	0.892	0.001
0.001	0.598	0.366	0.035
>CAAACGATAC	9-CAAACGATAC	10.629926	-16.161571	0	T:11.0(17.46%),B:831.6(2.13%),P:1e-7	Tpos:521.8,Tstd:270.0,Bpos:495.3,Bstd:305.9,StrandBias:2.3,Multiplicity:1.09
0.094	0.761	0.144	0.001
0.997	0.001	0.001	0.001
0.997	0.001	0.001	0.001
0.968	0.030	0.001	0.001
0.001	0.997	0.001	0.001
0.093	0.001	0.785	0.121
0.997	0.001	0.001	0.001
0.099	0.124	0.001	0.776
0.864	0.001	0.001	0.134
0.001	0.869	0.001	0.129
>TGTAGTCTAG	10-TGTAGTCTAG	10.366046	-15.050950	0	T:9.0(14.29%),B:553.5(1.42%),P:1e-6	Tpos:424.5,Tstd:218.0,Bpos:528.1,Bstd:316.4,StrandBias:-0.3,Multiplicity:1.22
0.107	0.001	0.001	0.891
0.001	0.001	0.883	0.115
0.001	0.001	0.001	0.997
0.815	0.001	0.088	0.096
0.001	0.001	0.918	0.080
0.001	0.117	0.001	0.881
0.001	0.997	0.001	0.001
0.104	0.146	0.001	0.749
0.997	0.001	0.001	0.001
0.095	0.001	0.903	0.001
>CCTAGACGTT	11-CCTAGACGTT	7.925082	-14.614734	0	T:15.0(23.81%),B:1974.3(5.06%),P:1e-6	Tpos:513.0,Tstd:256.0,Bpos:505.3,Bstd:310.6,StrandBias:-0.7,Multiplicity:1.20
0.137	0.667	0.047	0.149
0.191	0.654	0.109	0.046
0.155	0.076	0.105	0.664
0.744	0.108	0.001	0.147
0.073	0.085	0.841	0.001
0.936	0.001	0.062	0.001
0.025	0.935	0.001	0.039
0.090	0.085	0.756	0.069
0.132	0.001	0.001	0.866
0.001	0.001	0.048	0.950
>GTACACGGGA	12-GTACACGGGA	7.526719	-12.567184	0	T:14.0(22.22%),B:2024.9(5.18%),P:1e-5	Tpos:531.3,Tstd:213.8,Bpos:506.4,Bstd:304.4,StrandBias:-0.4,Multiplicity:1.14
0.118	0.131	0.648	0.103
0.106	0.001	0.064	0.829
0.782	0.085	0.073	0.060
0.050	0.838	0.111	0.001
0.980	0.001	0.001	0.018
0.068	0.707	0.127	0.098
0.057	0.114	0.731	0.098
0.060	0.001	0.844	0.095
0.058	0.155	0.679	0.108
0.944	0.001	0.053	0.002
>GCTATACAGC	13-GCTATACAGC	10.866949	-12.331724	0	T:5.0(7.94%),B:144.5(0.37%),P:1e-5	Tpos:518.2,Tstd:234.5,Bpos:477.9,Bstd:335.9,StrandBias:2.8,Multiplicity:1.60
0.158	0.001	0.840	0.001
0.001	0.997	0.001	0.001
0.154	0.001	0.001	0.844
0.844	0.001	0.001	0.154
0.001	0.001	0.001	0.997
0.997	0.001	0.001	0.001
0.001	0.997	0.001	0.001
0.764	0.001	0.234	0.001
0.111	0.001	0.887	0.001
0.001	0.997	0.001	0.001
>TGTCAGTTGT	14-TGTCAGTTGT	10.970348	-11.769969	0	T:9.0(14.29%),B:830.6(2.13%),P:1e-5	Tpos:592.2,Tstd:287.6,Bpos:494.1,Bstd:306.2,StrandBias:0.5,Multiplicity:1.33
0.105	0.001	0.001	0.893
0.001	0.001	0.997	0.001
0.001	0.098	0.001	0.900
0.001	0.997	0.001	0.001
0.997	0.001	0.001	0.001
0.001	0.001	0.997	0.001
0.001	0.001	0.102	0.896
0.120	0.001	0.001	0.878
0.001	0.001	0.909	0.089
0.001	0.001	0.001	0.997
>TTTGGTCWTT	15-TTTGGTCWTT	9.185866	-10.854742	0	T:23.0(36.51%),B:5801.7(14.86%),P:1e-4	Tpos:459.5,Tstd:279.2,Bpos:504.4,Bstd:305.0,StrandBias:1.1,Multiplicity:1.39
0.129	0.001	0.001	0.869
0.001	0.001	0.375	0.623
0.001	0.001	0.001	0.997
0.247	0.001	0.622	0.130
0.194	0.001	0.737	0.068
0.170	0.001	0.110	0.719
0.001	0.818	0.176	0.005
0.489	0.001	0.001	0.509
0.001	0.001	0.001	0.997
0.001	0.001	0.025	0.973
>AAGGGGAGCW	16-AAGGGGAGCW	7.420790	-10.099631	0	T:19.0(30.16%),B:4385.9(11.23%),P:1e-4	Tpos:543.9,Tstd:265.9,Bpos:520.0,Bstd:308.2,StrandBias:0.6,Multiplicity:1.56
0.773	0.149	0.001	0.077
0.893	0.001	0.001	0.105
0.089	0.007	0.896	0.008
0.001	0.007	0.837	0.155
0.068	0.001	0.849	0.082
0.001	0.133	0.761	0.105
0.997	0.001	0.001	0.001
0.001	0.001	0.918	0.080
0.146	0.499	0.077	0.278
0.553	0.001	0.001	0.445
>GGGGATCTGC	17-GGGGATCTGC	13.641473	-5.526056	0	T:2.0(3.17%),B:56.4(0.14%),P:1e-2	Tpos:656.6,Tstd:178.3,Bpos:497.3,Bstd:275.0,StrandBias:-2.2,Multiplicity:5.50
0.093	0.001	0.905	0.001
0.001	0.001	0.997	0.001
0.001	0.001	0.997	0.001
0.001	0.001	0.997	0.001
0.997	0.001	0.001	0.001
0.001	0.001	0.001	0.997
0.001	0.997	0.001	0.001
0.001	0.001	0.001	0.997
0.091	0.001	0.907	0.001
0.001	0.997	0.001	0.001
>RGCAGGCAGG	18-RGCAGGCAGG	12.214580	-2.432773	0	T:2.0(3.17%),B:305.1(0.78%),P:1e-1	Tpos:415.8,Tstd:70.9,Bpos:514.0,Bstd:291.1,StrandBias:1.6,Multiplicity:1.50
0.402	0.047	0.550	0.001
0.001	0.315	0.683	0.001
0.001	0.550	0.315	0.134
0.997	0.001	0.001	0.001
0.001	0.001	0.997	0.001
0.001	0.001	0.997	0.001
0.001	0.997	0.001	0.001
0.997	0.001	0.001	0.001
0.001	0.001	0.948	0.050
0.001	0.001	0.997	0.001
