>GAACCGCTGY	1-GAACCGCTGY	8.737599	-22.877016	0	T:11.0(36.67%),B:960.9(2.57%),P:1e-9	Tpos:364.0,Tstd:283.6,Bpos:480.0,Bstd:337.1,StrandBias:-0.5,Multiplicity:1.09
0.001	0.004	0.994	0.001
0.882	0.001	0.001	0.116
0.646	0.001	0.001	0.352
0.186	0.657	0.006	0.151
0.087	0.814	0.001	0.098
0.085	0.001	0.913	0.001
0.001	0.896	0.001	0.102
0.001	0.001	0.001	0.997
0.001	0.001	0.813	0.185
0.078	0.413	0.223	0.286
>CGAGTTACAT	2-CGAGTTACAT	11.401649	-17.673389	0	T:5.0(16.67%),B:100.4(0.27%),P:1e-7	Tpos:443.6,Tstd:232.5,Bpos:461.0,Bstd:313.0,StrandBias:-0.6,Multiplicity:1.00
0.001	0.997	0.001	0.001
0.001	0.001	0.838	0.160
0.997	0.001	0.001	0.001
0.001	0.001	0.997	0.001
0.001	0.201	0.001	0.797
0.001	0.001	0.001	0.997
0.677	0.173	0.149	0.001
0.125	0.873	0.001	0.001
0.997	0.001	0.001	0.001
0.001	0.001	0.001	0.997
>ATCGTTACAA	3-ATCGTTACAA	7.959973	-15.641748	0	T:16.0(53.33%),B:4873.0(13.01%),P:1e-6	Tpos:511.5,Tstd:305.8,Bpos:504.1,Bstd:317.6,StrandBias:0.0,Multiplicity:1.31
0.792	0.070	0.047	0.091
0.113	0.066	0.068	0.753
0.051	0.787	0.050	0.112
0.141	0.215	0.591	0.053
0.107	0.034	0.038	0.821
0.116	0.002	0.052	0.830
0.845	0.017	0.105	0.033
0.100	0.883	0.001	0.016
0.742	0.038	0.177	0.043
0.966	0.032	0.001	0.001
>CTGGTCMAAC	4-CTGGTCMAAC	9.669902	-9.293494	0	T:6.0(20.00%),B:944.6(2.52%),P:1e-4	Tpos:616.1,Tstd:284.0,Bpos:469.4,Bstd:341.7,StrandBias:1.0,Multiplicity:1.50
0.001	0.997	0.001	0.001
0.001	0.001	0.001	0.997
0.067	0.001	0.931	0.001
0.001	0.001	0.997	0.001
0.310	0.001	0.155	0.534
0.274	0.724	0.001	0.001
0.422	0.336	0.242	0.001
0.801	0.197	0.001	0.001
0.997	0.001	0.001	0.001
0.001	0.997	0.001	0.001
>CAGTTCACTC	5-CAGTTCACTC	8.350283	-8.981873	0	T:7.0(23.33%),B:1456.7(3.89%),P:1e-3	Tpos:564.5,Tstd:196.2,Bpos:517.5,Bstd:331.9,StrandBias:0.0,Multiplicity:1.14
0.100	0.700	0.100	0.100
0.700	0.100	0.100	0.100
0.100	0.100	0.700	0.100
0.100	0.100	0.100	0.700
0.100	0.100	0.100	0.700
0.100	0.700	0.100	0.100
0.700	0.100	0.100	0.100
0.100	0.700	0.100	0.100
0.100	0.100	0.100	0.700
0.100	0.700	0.100	0.100
>AGCCCCAGGA	6-AGCCCCAGGA	11.442304	-8.730104	0	T:3.0(10.00%),B:129.7(0.35%),P:1e-3	Tpos:225.5,Tstd:96.3,Bpos:328.6,Bstd:294.6,StrandBias:10.0,Multiplicity:2.67
0.838	0.160	0.001	0.001
0.001	0.001	0.997	0.001
0.001	0.997	0.001	0.001
0.223	0.775	0.001	0.001
0.001	0.826	0.001	0.172
0.188	0.810	0.001	0.001
0.997	0.001	0.001	0.001
0.001	0.001	0.997	0.001
0.001	0.001	0.997	0.001
0.997	0.001	0.001	0.001
>TCTATTCTAT	7-TCTATTCTAT	11.276176	-8.716929	0	T:5.0(16.67%),B:654.3(1.75%),P:1e-3	Tpos:591.2,Tstd:225.7,Bpos:543.4,Bstd:323.3,StrandBias:1.8,Multiplicity:1.80
0.131	0.001	0.001	0.867
0.118	0.880	0.001	0.001
0.001	0.139	0.001	0.859
0.997	0.001	0.001	0.001
0.001	0.001	0.001	0.997
0.001	0.001	0.001	0.997
0.001	0.997	0.001	0.001
0.001	0.001	0.001	0.997
0.872	0.126	0.001	0.001
0.001	0.001	0.001	0.997
>CTTGTTTTTA	8-CTTGTTTTTA	10.296193	-8.064966	0	T:4.0(13.33%),B:408.6(1.09%),P:1e-3	Tpos:585.0,Tstd:251.7,Bpos:484.6,Bstd:300.5,StrandBias:-0.6,Multiplicity:1.25
0.100	0.700	0.100	0.100
0.100	0.100	0.100	0.700
0.100	0.100	0.100	0.700
0.100	0.100	0.700	0.100
0.100	0.100	0.100	0.700
0.100	0.100	0.100	0.700
0.100	0.100	0.100	0.700
0.100	0.100	0.100	0.700
0.100	0.100	0.100	0.700
0.700	0.100	0.100	0.100
>GCTGGTCCAG	9-GCTGGTCCAG	11.575989	-5.546095	0	T:2.0(6.67%),B:114.8(0.31%),P:1e-2	Tpos:216.0,Tstd:48.9,Bpos:334.1,Bstd:281.7,StrandBias:-10.0,Multiplicity:1.50
0.001	0.001	0.800	0.198
0.201	0.797	0.001	0.001
0.001	0.001	0.001	0.997
0.001	0.001	0.997	0.001
0.001	0.001	0.997	0.001
0.191	0.001	0.001	0.807
0.001	0.997	0.001	0.001
0.001	0.997	0.001	0.001
0.797	0.001	0.001	0.201
0.001	0.001	0.997	0.001
