>ACTGGAAGAACG	1-ACTGGAAGAACG	11.421362	-20.174567	0	T:7.0(23.33%),B:265.1(0.71%),P:1e-8	Tpos:537.4,Tstd:292.4,Bpos:465.0,Bstd:365.0,StrandBias:0.0,Multiplicity:1.43
0.798	0.001	0.001	0.200
0.001	0.997	0.001	0.001
0.001	0.198	0.001	0.800
0.001	0.001	0.997	0.001
0.152	0.001	0.846	0.001
0.788	0.001	0.001	0.210
0.788	0.210	0.001	0.001
0.092	0.001	0.906	0.001
0.997	0.001	0.001	0.001
0.821	0.001	0.001	0.177
0.254	0.744	0.001	0.001
0.145	0.001	0.853	0.001
>ATCGTTACAACT	2-ATCGTTACAACT	11.343348	-19.802797	0	T:7.0(23.33%),B:280.7(0.75%),P:1e-8	Tpos:310.1,Tstd:291.5,Bpos:488.1,Bstd:309.6,StrandBias:0.7,Multiplicity:1.14
0.997	0.001	0.001	0.001
0.135	0.001	0.160	0.704
0.008	0.856	0.001	0.135
0.122	0.160	0.717	0.001
0.001	0.001	0.001	0.997
0.350	0.001	0.001	0.648
0.997	0.001	0.001	0.001
0.323	0.675	0.001	0.001
0.791	0.001	0.207	0.001
0.791	0.207	0.001	0.001
0.001	0.849	0.007	0.143
0.001	0.001	0.001	0.997
>AGATGTTTGTTC	3-AGATGTTTGTTC	11.997344	-18.396222	0	T:5.0(16.67%),B:87.0(0.23%),P:1e-7	Tpos:578.4,Tstd:307.5,Bpos:478.6,Bstd:278.9,StrandBias:2.6,Multiplicity:1.40
0.997	0.001	0.001	0.001
0.001	0.178	0.820	0.001
0.997	0.001	0.001	0.001
0.001	0.001	0.001	0.997
0.173	0.219	0.607	0.001
0.001	0.255	0.001	0.743
0.001	0.001	0.001	0.997
0.001	0.001	0.001	0.997
0.001	0.001	0.997	0.001
0.001	0.001	0.001	0.997
0.001	0.001	0.001	0.997
0.001	0.997	0.001	0.001
>ATAATTTCTCAT	4-ATAATTTCTCAT	10.968825	-18.155453	0	T:10.0(33.33%),B:1148.2(3.07%),P:1e-7	Tpos:561.0,Tstd:259.0,Bpos:525.2,Bstd:324.2,StrandBias:0.0,Multiplicity:1.20
0.997	0.001	0.001	0.001
0.227	0.266	0.001	0.506
0.769	0.229	0.001	0.001
0.997	0.001	0.001	0.001
0.001	0.001	0.180	0.818
0.001	0.001	0.001	0.997
0.001	0.185	0.001	0.813
0.001	0.881	0.117	0.001
0.108	0.001	0.232	0.659
0.001	0.821	0.177	0.001
0.997	0.001	0.001	0.001
0.001	0.146	0.179	0.674
>ATTTAATGTCTA	5-ATTTAATGTCTA	11.581013	-17.378143	0	T:8.0(26.67%),B:630.0(1.68%),P:1e-7	Tpos:470.6,Tstd:329.4,Bpos:534.3,Bstd:301.0,StrandBias:0.7,Multiplicity:1.00
0.997	0.001	0.001	0.001
0.001	0.001	0.001	0.997
0.001	0.001	0.215	0.783
0.001	0.125	0.120	0.754
0.610	0.001	0.231	0.158
0.783	0.001	0.001	0.215
0.001	0.001	0.001	0.997
0.001	0.010	0.870	0.119
0.001	0.230	0.001	0.768
0.001	0.596	0.158	0.245
0.008	0.001	0.112	0.879
0.997	0.001	0.001	0.001
>AATMTGTAWACC	6-AATMTGTAWACC	11.349708	-16.918910	0	T:5.0(16.67%),B:117.1(0.31%),P:1e-7	Tpos:313.2,Tstd:183.8,Bpos:481.4,Bstd:347.6,StrandBias:0.0,Multiplicity:1.20
0.997	0.001	0.001	0.001
0.997	0.001	0.001	0.001
0.020	0.122	0.229	0.629
0.376	0.500	0.123	0.001
0.111	0.001	0.001	0.887
0.019	0.001	0.979	0.001
0.136	0.112	0.001	0.751
0.732	0.001	0.266	0.001
0.499	0.001	0.001	0.499
0.759	0.001	0.001	0.239
0.096	0.902	0.001	0.001
0.001	0.512	0.356	0.131
>CTTGTGASTTTT	7-CTTGTGASTTTT	12.631325	-15.307000	0	T:6.0(20.00%),B:325.1(0.87%),P:1e-6	Tpos:522.9,Tstd:245.2,Bpos:506.0,Bstd:330.3,StrandBias:1.3,Multiplicity:1.17
0.121	0.759	0.001	0.119
0.001	0.001	0.001	0.997
0.001	0.265	0.001	0.733
0.001	0.001	0.997	0.001
0.207	0.001	0.001	0.791
0.001	0.001	0.614	0.384
0.997	0.001	0.001	0.001
0.001	0.430	0.568	0.001
0.001	0.001	0.001	0.997
0.001	0.239	0.001	0.759
0.001	0.001	0.001	0.997
0.001	0.001	0.001	0.997
>TGTTGATCAAAA	8-TGTTGATCAAAA	11.193964	-14.596024	0	T:10.0(33.33%),B:1686.7(4.50%),P:1e-6	Tpos:339.8,Tstd:297.9,Bpos:531.7,Bstd:303.0,StrandBias:0.3,Multiplicity:1.10
0.001	0.001	0.001	0.997
0.181	0.217	0.513	0.089
0.001	0.001	0.129	0.869
0.001	0.088	0.001	0.910
0.230	0.092	0.670	0.008
0.790	0.001	0.001	0.208
0.127	0.001	0.001	0.871
0.001	0.809	0.189	0.001
0.997	0.001	0.001	0.001
0.740	0.001	0.133	0.126
0.871	0.001	0.127	0.001
0.997	0.001	0.001	0.001
>TAACTAAAACCG	9-TAACTAAAACCG	11.157064	-14.519134	0	T:7.0(23.33%),B:616.0(1.64%),P:1e-6	Tpos:731.8,Tstd:259.8,Bpos:520.7,Bstd:320.0,StrandBias:-0.7,Multiplicity:1.14
0.172	0.277	0.013	0.538
0.722	0.276	0.001	0.001
0.684	0.314	0.001	0.001
0.051	0.947	0.001	0.001
0.001	0.001	0.051	0.947
0.818	0.001	0.180	0.001
0.973	0.025	0.001	0.001
0.997	0.001	0.001	0.001
0.997	0.001	0.001	0.001
0.051	0.947	0.001	0.001
0.192	0.635	0.001	0.172
0.001	0.001	0.684	0.314
>GGCCATTAATGG	10-GGCCATTAATGG	15.096400	-14.294819	0	T:2.0(6.67%),B:1.0(0.00%),P:1e-6	Tpos:671.0,Tstd:75.7,Bpos:24.0,Bstd:0.0,StrandBias:-1.0,Multiplicity:1.00
0.332	0.001	0.666	0.001
0.001	0.001	0.997	0.001
0.001	0.997	0.001	0.001
0.001	0.997	0.001	0.001
0.997	0.001	0.001	0.001
0.001	0.001	0.001	0.997
0.001	0.001	0.001	0.997
0.997	0.001	0.001	0.001
0.666	0.001	0.001	0.332
0.001	0.001	0.001	0.997
0.001	0.001	0.997	0.001
0.001	0.001	0.997	0.001
>GGAACCGCTGGA	11-GGAACCGCTGGA	11.234152	-13.444333	0	T:4.0(13.33%),B:100.1(0.27%),P:1e-5	Tpos:333.2,Tstd:209.8,Bpos:469.9,Bstd:355.9,StrandBias:-0.6,Multiplicity:1.25
0.001	0.180	0.679	0.140
0.001	0.145	0.853	0.001
0.997	0.001	0.001	0.001
0.697	0.001	0.183	0.119
0.163	0.605	0.001	0.231
0.164	0.834	0.001	0.001
0.163	0.020	0.816	0.001
0.001	0.885	0.113	0.001
0.229	0.001	0.001	0.769
0.162	0.001	0.836	0.001
0.275	0.181	0.448	0.096
0.997	0.001	0.001	0.001
>TTTYDGAAATTD	12-TTTYDGAAATTD	12.491699	-13.206766	0	T:13.0(43.33%),B:3666.3(9.79%),P:1e-5	Tpos:519.0,Tstd:297.1,Bpos:515.0,Bstd:301.5,StrandBias:0.6,Multiplicity:1.15
0.366	0.001	0.001	0.632
0.001	0.001	0.001	0.997
0.001	0.001	0.001	0.997
0.001	0.459	0.001	0.539
0.284	0.001	0.341	0.373
0.001	0.001	0.997	0.001
0.997	0.001	0.001	0.001
0.632	0.001	0.001	0.366
0.913	0.001	0.001	0.085
0.001	0.001	0.001	0.997
0.085	0.001	0.001	0.913
0.248	0.001	0.371	0.381
>CATTTTTCTTGC	13-CATTTTTCTTGC	10.187962	-12.990987	0	T:6.0(20.00%),B:487.8(1.30%),P:1e-5	Tpos:558.3,Tstd:278.1,Bpos:507.7,Bstd:321.8,StrandBias:-1.3,Multiplicity:1.17
0.133	0.694	0.067	0.106
0.507	0.157	0.134	0.202
0.017	0.134	0.201	0.648
0.107	0.067	0.134	0.692
0.201	0.001	0.134	0.664
0.067	0.134	0.040	0.759
0.163	0.268	0.067	0.502
0.136	0.602	0.115	0.147
0.065	0.201	0.001	0.733
0.018	0.001	0.201	0.780
0.067	0.100	0.722	0.111
0.043	0.707	0.162	0.088
>GCCGGAGCACCC	14-GCCGGAGCACCC	9.022911	-11.923353	0	T:6.0(20.00%),B:588.4(1.57%),P:1e-5	Tpos:380.8,Tstd:234.7,Bpos:432.0,Bstd:327.4,StrandBias:2.2,Multiplicity:1.83
0.133	0.189	0.677	0.001
0.379	0.619	0.001	0.001
0.068	0.737	0.001	0.194
0.120	0.001	0.759	0.120
0.001	0.001	0.997	0.001
0.865	0.133	0.001	0.001
0.001	0.001	0.997	0.001
0.001	0.746	0.133	0.120
0.595	0.304	0.001	0.100
0.001	0.785	0.114	0.100
0.233	0.632	0.001	0.134
0.396	0.602	0.001	0.001
>CAGTTGGTACAG	15-CAGTTGGTACAG	9.786742	-9.968451	0	T:3.0(10.00%),B:84.9(0.23%),P:1e-4	Tpos:158.7,Tstd:91.6,Bpos:368.8,Bstd:263.8,StrandBias:-1.0,Multiplicity:1.00
0.001	0.997	0.001	0.001
0.997	0.001	0.001	0.001
0.001	0.001	0.997	0.001
0.001	0.156	0.001	0.842
0.001	0.001	0.001	0.997
0.001	0.001	0.997	0.001
0.001	0.001	0.997	0.001
0.036	0.001	0.001	0.962
0.842	0.156	0.001	0.001
0.001	0.997	0.001	0.001
0.964	0.001	0.001	0.034
0.048	0.001	0.950	0.001
>AACTTCGTTTTT	16-AACTTCGTTTTT	10.409522	-9.794465	0	T:7.0(23.33%),B:1278.9(3.41%),P:1e-4	Tpos:477.5,Tstd:319.7,Bpos:512.6,Bstd:323.1,StrandBias:-0.7,Multiplicity:1.14
0.700	0.100	0.100	0.100
0.700	0.100	0.100	0.100
0.100	0.700	0.100	0.100
0.100	0.100	0.100	0.700
0.100	0.100	0.100	0.700
0.100	0.700	0.100	0.100
0.100	0.100	0.700	0.100
0.100	0.100	0.100	0.700
0.100	0.100	0.100	0.700
0.100	0.100	0.100	0.700
0.100	0.100	0.100	0.700
0.100	0.100	0.100	0.700
>CTATTATATTTT	17-CTATTATATTTT	12.735058	-9.281141	0	T:5.0(16.67%),B:579.2(1.55%),P:1e-4	Tpos:445.1,Tstd:217.8,Bpos:547.0,Bstd:281.7,StrandBias:0.0,Multiplicity:1.20
0.164	0.834	0.001	0.001
0.167	0.017	0.001	0.815
0.997	0.001	0.001	0.001
0.001	0.001	0.001	0.997
0.001	0.001	0.001	0.997
0.602	0.396	0.001	0.001
0.001	0.001	0.001	0.997
0.744	0.001	0.001	0.254
0.001	0.001	0.001	0.997
0.001	0.001	0.001	0.997
0.001	0.304	0.001	0.694
0.346	0.001	0.001	0.652
