>AAAGATAAAATC	1-GATTTTATCTTT	12.043758	-23.677924	0	T:9.0(7.38%),B:96.4(0.25%),P:1e-10
0.882	0.001	0.116	0.001
0.837	0.019	0.127	0.017
0.592	0.035	0.035	0.338
0.132	0.100	0.645	0.123
0.817	0.045	0.063	0.075
0.094	0.019	0.020	0.867
0.813	0.095	0.091	0.001
0.568	0.019	0.026	0.387
0.587	0.046	0.302	0.065
0.746	0.034	0.132	0.088
0.059	0.022	0.029	0.890
0.081	0.725	0.074	0.120
