>CCTTTTATAC	1-CCTTTTATAC	6.552587	-33.277332	0	T:95.0(39.75%),B:7193.5(17.98%),P:1e-14	Tpos:669.2,Tstd:277.6,Bpos:549.6,Bstd:375.4,StrandBias:-0.4,Multiplicity:1.24
0.050	0.506	0.285	0.159
0.085	0.518	0.088	0.309
0.176	0.139	0.073	0.612
0.075	0.150	0.121	0.654
0.155	0.151	0.011	0.683
0.005	0.116	0.195	0.684
0.468	0.166	0.191	0.175
0.242	0.071	0.096	0.591
0.675	0.118	0.141	0.066
0.141	0.506	0.147	0.206
>BCTTACGYAA	2-BCTTACGYAA	6.332956	-32.016385	0	T:108.0(45.19%),B:9034.9(22.58%),P:1e-13	Tpos:579.5,Tstd:246.1,Bpos:510.9,Bstd:359.0,StrandBias:0.4,Multiplicity:1.28
0.001	0.400	0.343	0.256
0.073	0.642	0.278	0.007
0.097	0.077	0.016	0.810
0.170	0.022	0.061	0.747
0.568	0.018	0.413	0.001
0.012	0.857	0.044	0.087
0.386	0.033	0.580	0.001
0.001	0.511	0.023	0.465
0.850	0.024	0.093	0.033
0.890	0.001	0.068	0.041
>AAGTGAAAGG	3-AAGTGAAAGG	8.131102	-28.681967	0	T:41.0(17.15%),B:1812.1(4.53%),P:1e-12	Tpos:639.2,Tstd:250.8,Bpos:536.9,Bstd:368.9,StrandBias:-1.7,Multiplicity:1.12
0.651	0.042	0.263	0.044
0.475	0.020	0.273	0.232
0.071	0.028	0.681	0.220
0.039	0.107	0.055	0.799
0.028	0.008	0.749	0.215
0.821	0.042	0.076	0.061
0.519	0.049	0.273	0.159
0.619	0.022	0.084	0.275
0.013	0.308	0.652	0.027
0.156	0.041	0.521	0.282
>TATCTGWTCR	4-TATCTGWTCR	6.711137	-27.131834	0	T:35.0(14.64%),B:1403.4(3.51%),P:1e-11	Tpos:467.9,Tstd:271.7,Bpos:488.7,Bstd:373.5,StrandBias:-0.1,Multiplicity:1.14
0.226	0.099	0.206	0.469
0.615	0.246	0.127	0.012
0.022	0.076	0.365	0.537
0.046	0.917	0.007	0.030
0.192	0.252	0.059	0.497
0.081	0.220	0.471	0.228
0.509	0.094	0.037	0.360
0.286	0.124	0.080	0.510
0.339	0.607	0.039	0.015
0.275	0.265	0.417	0.043
>GCGCGGATGC	5-GCGCGGATGC	10.503113	-26.261880	0	T:14.0(5.86%),B:163.0(0.41%),P:1e-11	Tpos:553.5,Tstd:257.2,Bpos:524.8,Bstd:420.7,StrandBias:0.2,Multiplicity:1.00
0.001	0.001	0.997	0.001
0.001	0.893	0.105	0.001
0.001	0.105	0.813	0.081
0.114	0.884	0.001	0.001
0.001	0.108	0.804	0.087
0.001	0.001	0.997	0.001
0.997	0.001	0.001	0.001
0.194	0.001	0.119	0.686
0.001	0.001	0.997	0.001
0.001	0.997	0.001	0.001
>TATCCAGTTT	6-TATCCAGTTT	8.920362	-25.933142	0	T:49.0(20.50%),B:2732.1(6.83%),P:1e-11	Tpos:515.3,Tstd:294.9,Bpos:489.6,Bstd:332.1,StrandBias:0.9,Multiplicity:1.06
0.001	0.019	0.026	0.954
0.870	0.008	0.089	0.033
0.001	0.025	0.032	0.942
0.005	0.993	0.001	0.001
0.068	0.911	0.020	0.001
0.965	0.033	0.001	0.001
0.014	0.017	0.933	0.036
0.001	0.029	0.001	0.969
0.045	0.059	0.042	0.854
0.027	0.257	0.031	0.685
>ATTGCCATYC	7-ATTGCCATYC	7.730750	-24.916030	0	T:30.0(12.55%),B:1124.9(2.81%),P:1e-10	Tpos:585.3,Tstd:300.5,Bpos:527.1,Bstd:364.1,StrandBias:2.3,Multiplicity:1.07
0.462	0.154	0.208	0.175
0.216	0.129	0.145	0.510
0.015	0.022	0.376	0.587
0.238	0.019	0.742	0.001
0.031	0.928	0.023	0.018
0.162	0.572	0.150	0.116
0.682	0.310	0.001	0.007
0.294	0.014	0.006	0.686
0.005	0.437	0.001	0.557
0.024	0.455	0.292	0.230
>TATCCCTATC	8-TATCCCTATC	9.814666	-24.376682	0	T:19.0(7.95%),B:422.4(1.06%),P:1e-10	Tpos:565.3,Tstd:208.3,Bpos:517.6,Bstd:384.9,StrandBias:1.1,Multiplicity:1.00
0.059	0.001	0.067	0.873
0.816	0.080	0.103	0.001
0.001	0.001	0.097	0.901
0.057	0.899	0.043	0.001
0.024	0.898	0.061	0.017
0.001	0.849	0.001	0.149
0.001	0.052	0.001	0.946
0.997	0.001	0.001	0.001
0.001	0.081	0.001	0.917
0.001	0.959	0.001	0.039
>TTATCCCCTT	9-TTATCCCCTT	8.367639	-22.922471	0	T:59.0(24.69%),B:4060.5(10.15%),P:1e-9	Tpos:559.4,Tstd:291.6,Bpos:536.7,Bstd:358.4,StrandBias:0.8,Multiplicity:1.18
0.068	0.025	0.001	0.906
0.001	0.096	0.063	0.840
0.709	0.171	0.119	0.001
0.001	0.030	0.127	0.842
0.001	0.864	0.117	0.018
0.228	0.651	0.001	0.120
0.059	0.683	0.147	0.111
0.042	0.676	0.001	0.281
0.032	0.028	0.034	0.906
0.001	0.134	0.001	0.864
>GGGGGCGGCG	10-GGGGGCGGCG	7.550950	-21.301571	0	T:42.0(17.57%),B:2411.2(6.03%),P:1e-9	Tpos:563.6,Tstd:291.2,Bpos:606.7,Bstd:379.3,StrandBias:-0.1,Multiplicity:1.07
0.129	0.073	0.698	0.100
0.150	0.070	0.684	0.096
0.084	0.041	0.819	0.056
0.013	0.065	0.877	0.045
0.068	0.016	0.887	0.029
0.063	0.789	0.067	0.081
0.038	0.065	0.848	0.049
0.113	0.056	0.830	0.001
0.088	0.724	0.104	0.084
0.092	0.023	0.852	0.033
>TMCCTGCTTC	11-TMCCTGCTTC	11.808235	-20.862072	0	T:15.0(6.28%),B:300.7(0.75%),P:1e-9	Tpos:638.3,Tstd:266.0,Bpos:542.9,Bstd:329.1,StrandBias:0.6,Multiplicity:1.00
0.001	0.001	0.001	0.997
0.569	0.429	0.001	0.001
0.001	0.594	0.001	0.404
0.001	0.997	0.001	0.001
0.236	0.008	0.001	0.755
0.001	0.001	0.997	0.001
0.001	0.997	0.001	0.001
0.001	0.001	0.001	0.997
0.001	0.001	0.001	0.997
0.001	0.997	0.001	0.001
>ATCCTCTAGC	12-ATCCTCTAGC	10.099451	-20.852419	0	T:13.0(5.44%),B:207.5(0.52%),P:1e-9	Tpos:597.0,Tstd:229.8,Bpos:515.2,Bstd:366.0,StrandBias:1.5,Multiplicity:1.15
0.997	0.001	0.001	0.001
0.001	0.001	0.001	0.997
0.001	0.949	0.001	0.049
0.001	0.796	0.150	0.053
0.080	0.001	0.001	0.918
0.001	0.997	0.001	0.001
0.073	0.001	0.072	0.854
0.751	0.001	0.001	0.247
0.001	0.001	0.997	0.001
0.042	0.793	0.101	0.064
>TCATTACACA	13-TCATTACACA	9.276136	-20.637835	0	T:24.0(10.04%),B:874.4(2.19%),P:1e-8	Tpos:608.1,Tstd:325.7,Bpos:500.6,Bstd:345.2,StrandBias:0.8,Multiplicity:1.00
0.116	0.001	0.001	0.882
0.001	0.705	0.146	0.148
0.795	0.203	0.001	0.001
0.001	0.001	0.001	0.997
0.001	0.001	0.033	0.965
0.754	0.082	0.093	0.071
0.001	0.924	0.074	0.001
0.623	0.187	0.109	0.081
0.056	0.789	0.154	0.001
0.507	0.001	0.275	0.217
>CGTTCTCTCT	14-CGTTCTCTCT	9.501297	-20.561486	0	T:35.0(14.64%),B:1798.2(4.49%),P:1e-8	Tpos:593.7,Tstd:254.9,Bpos:594.3,Bstd:376.8,StrandBias:1.1,Multiplicity:1.09
0.001	0.997	0.001	0.001
0.049	0.009	0.733	0.209
0.040	0.021	0.096	0.843
0.036	0.001	0.001	0.962
0.045	0.904	0.035	0.016
0.001	0.057	0.001	0.941
0.001	0.997	0.001	0.001
0.049	0.001	0.062	0.888
0.001	0.864	0.037	0.098
0.024	0.048	0.044	0.884
>TATATAAGCT	15-TATATAAGCT	8.594228	-19.991409	0	T:39.0(16.32%),B:2222.7(5.55%),P:1e-8	Tpos:462.0,Tstd:284.6,Bpos:485.2,Bstd:336.2,StrandBias:0.6,Multiplicity:1.18
0.233	0.060	0.257	0.450
0.955	0.043	0.001	0.001
0.001	0.001	0.030	0.968
0.512	0.325	0.124	0.039
0.001	0.001	0.001	0.997
0.997	0.001	0.001	0.001
0.843	0.089	0.001	0.067
0.043	0.235	0.721	0.001
0.035	0.832	0.001	0.132
0.061	0.001	0.058	0.880
>CCRSTGACGC	16-CCRSTGACGC	9.273165	-18.855532	0	T:19.0(7.95%),B:596.6(1.49%),P:1e-8	Tpos:581.5,Tstd:299.8,Bpos:521.3,Bstd:407.4,StrandBias:0.9,Multiplicity:1.05
0.001	0.997	0.001	0.001
0.001	0.910	0.088	0.001
0.558	0.001	0.440	0.001
0.206	0.373	0.420	0.001
0.001	0.163	0.001	0.835
0.001	0.229	0.769	0.001
0.997	0.001	0.001	0.001
0.001	0.997	0.001	0.001
0.207	0.001	0.791	0.001
0.306	0.692	0.001	0.001
>ATCCGGTTTT	17-ATCCGGTTTT	7.148102	-16.994907	0	T:96.0(40.17%),B:9691.9(24.22%),P:1e-7	Tpos:548.0,Tstd:300.5,Bpos:501.3,Bstd:342.2,StrandBias:0.6,Multiplicity:1.34
0.831	0.049	0.052	0.068
0.105	0.064	0.097	0.734
0.054	0.804	0.060	0.082
0.037	0.797	0.103	0.063
0.056	0.110	0.795	0.039
0.081	0.083	0.739	0.097
0.077	0.045	0.051	0.827
0.043	0.067	0.029	0.861
0.080	0.071	0.027	0.822
0.064	0.093	0.045	0.798
>TGCCCTCCCC	18-TGCCCTCCCC	9.945205	-16.823427	0	T:16.0(6.69%),B:474.1(1.18%),P:1e-7	Tpos:607.1,Tstd:242.0,Bpos:613.3,Bstd:366.4,StrandBias:1.8,Multiplicity:1.12
0.075	0.087	0.001	0.837
0.073	0.238	0.598	0.091
0.001	0.997	0.001	0.001
0.001	0.997	0.001	0.001
0.103	0.895	0.001	0.001
0.001	0.001	0.079	0.919
0.001	0.997	0.001	0.001
0.001	0.942	0.001	0.056
0.001	0.873	0.080	0.046
0.001	0.997	0.001	0.001
>KDATGATCAW	19-KDATGATCAW	7.231823	-14.124708	0	T:21.0(8.79%),B:984.0(2.46%),P:1e-6	Tpos:474.3,Tstd:308.3,Bpos:503.5,Bstd:342.3,StrandBias:0.6,Multiplicity:1.14
0.127	0.126	0.335	0.411
0.266	0.019	0.414	0.301
0.592	0.032	0.035	0.341
0.022	0.185	0.191	0.602
0.033	0.220	0.566	0.181
0.683	0.019	0.274	0.024
0.212	0.189	0.111	0.488
0.038	0.684	0.252	0.026
0.629	0.132	0.037	0.202
0.417	0.086	0.022	0.475
>TCCATCCCTC	20-TCCATCCCTC	10.296193	-10.171504	0	T:4.0(1.67%),B:28.3(0.07%),P:1e-4	Tpos:593.6,Tstd:259.2,Bpos:658.6,Bstd:347.4,StrandBias:10.0,Multiplicity:1.25
0.100	0.100	0.100	0.700
0.100	0.700	0.100	0.100
0.100	0.700	0.100	0.100
0.700	0.100	0.100	0.100
0.100	0.100	0.100	0.700
0.100	0.700	0.100	0.100
0.100	0.700	0.100	0.100
0.100	0.700	0.100	0.100
0.100	0.100	0.100	0.700
0.100	0.700	0.100	0.100
>GCGCGCGCGC	21-GCGCGCGCGC	8.107199	-9.817646	0	T:17.0(7.11%),B:924.8(2.31%),P:1e-4	Tpos:595.9,Tstd:275.3,Bpos:605.5,Bstd:415.0,StrandBias:0.4,Multiplicity:1.18
0.023	0.089	0.803	0.085
0.078	0.775	0.093	0.054
0.001	0.103	0.866	0.030
0.001	0.784	0.199	0.016
0.024	0.109	0.799	0.068
0.001	0.827	0.046	0.126
0.071	0.020	0.885	0.024
0.046	0.818	0.029	0.107
0.103	0.122	0.609	0.166
0.075	0.851	0.029	0.045
>AGTCGCTACT	22-AGTCGCTACT	9.016452	-8.547857	0	T:7.0(2.93%),B:191.4(0.48%),P:1e-3	Tpos:486.3,Tstd:221.5,Bpos:482.5,Bstd:353.3,StrandBias:-1.0,Multiplicity:2.00
0.997	0.001	0.001	0.001
0.001	0.001	0.997	0.001
0.001	0.001	0.001	0.997
0.090	0.823	0.086	0.001
0.001	0.001	0.997	0.001
0.079	0.919	0.001	0.001
0.001	0.001	0.001	0.997
0.997	0.001	0.001	0.001
0.095	0.807	0.001	0.097
0.001	0.001	0.001	0.997
>TAGTACCATA	23-TAGTACCATA	10.296193	-2.758035	0	T:1.0(0.42%),B:10.6(0.03%),P:1e-1	Tpos:324.0,Tstd:186.2,Bpos:499.9,Bstd:206.8,StrandBias:10.0,Multiplicity:16.00
0.100	0.100	0.100	0.700
0.700	0.100	0.100	0.100
0.100	0.100	0.700	0.100
0.100	0.100	0.100	0.700
0.700	0.100	0.100	0.100
0.100	0.700	0.100	0.100
0.100	0.700	0.100	0.100
0.700	0.100	0.100	0.100
0.100	0.100	0.100	0.700
0.700	0.100	0.100	0.100
>GATTAGGGTA	24-GATTAGGGTA	10.296193	-2.758035	0	T:1.0(0.42%),B:10.4(0.03%),P:1e-1	Tpos:294.6,Tstd:166.3,Bpos:565.3,Bstd:332.5,StrandBias:-10.0,Multiplicity:5.00
0.100	0.100	0.700	0.100
0.700	0.100	0.100	0.100
0.100	0.100	0.100	0.700
0.100	0.100	0.100	0.700
0.700	0.100	0.100	0.100
0.100	0.100	0.700	0.100
0.100	0.100	0.700	0.100
0.100	0.100	0.700	0.100
0.100	0.100	0.100	0.700
0.700	0.100	0.100	0.100
>CTACTGTAGT	25-CTACTGTAGT	7.153195	-1.319365	0	T:4.0(1.67%),B:437.2(1.09%),P:1e0	Tpos:379.7,Tstd:216.1,Bpos:489.5,Bstd:360.1,StrandBias:-1.1,Multiplicity:6.25
0.001	0.997	0.001	0.001
0.001	0.035	0.001	0.963
0.997	0.001	0.001	0.001
0.001	0.997	0.001	0.001
0.247	0.001	0.001	0.751
0.001	0.001	0.997	0.001
0.144	0.001	0.001	0.854
0.997	0.001	0.001	0.001
0.001	0.001	0.997	0.001
0.001	0.001	0.001	0.997
