>GGGCGGCG	1-GGGCGGCG	7.266234	-25.361986	0	T:69.0(28.87%),B:4941.8(12.35%),P:1e-11	Tpos:585.5,Tstd:283.7,Bpos:596.7,Bstd:383.0,StrandBias:0.4,Multiplicity:1.26
0.071	0.038	0.822	0.069
0.051	0.030	0.909	0.010
0.012	0.001	0.971	0.016
0.035	0.957	0.006	0.002
0.002	0.001	0.996	0.001
0.012	0.001	0.986	0.001
0.239	0.641	0.081	0.039
0.001	0.134	0.864	0.001
>TTACGCAA	2-TTACGCAA	6.103549	-24.935814	0	T:74.0(30.96%),B:5581.5(13.95%),P:1e-10	Tpos:603.7,Tstd:249.3,Bpos:511.2,Bstd:359.3,StrandBias:0.0,Multiplicity:1.18
0.001	0.070	0.001	0.928
0.090	0.001	0.001	0.908
0.847	0.001	0.151	0.001
0.001	0.997	0.001	0.001
0.001	0.001	0.997	0.001
0.001	0.853	0.001	0.145
0.924	0.001	0.074	0.001
0.908	0.025	0.066	0.001
>TTTTATAC	3-TTTTATAC	9.103209	-23.450609	0	T:80.0(33.47%),B:6506.2(16.26%),P:1e-10	Tpos:644.3,Tstd:307.9,Bpos:545.8,Bstd:381.7,StrandBias:-0.9,Multiplicity:1.15
0.001	0.001	0.001	0.997
0.001	0.001	0.001	0.997
0.200	0.001	0.140	0.659
0.001	0.001	0.001	0.997
0.997	0.001	0.001	0.001
0.001	0.001	0.001	0.997
0.997	0.001	0.001	0.001
0.001	0.997	0.001	0.001
>AGGGATGA	4-AGGGATGA	6.729264	-19.899543	0	T:110.0(46.03%),B:11176.9(27.93%),P:1e-8	Tpos:595.1,Tstd:280.2,Bpos:551.1,Bstd:393.0,StrandBias:-1.4,Multiplicity:1.50
0.586	0.001	0.412	0.001
0.001	0.388	0.610	0.001
0.001	0.001	0.997	0.001
0.001	0.001	0.997	0.001
0.997	0.001	0.001	0.001
0.001	0.001	0.393	0.605
0.215	0.001	0.783	0.001
0.604	0.001	0.394	0.001
>AGAAAGGG	5-AGAAAGGG	5.371541	-19.217645	0	T:95.0(39.75%),B:9147.9(22.86%),P:1e-8	Tpos:558.0,Tstd:286.6,Bpos:527.7,Bstd:359.3,StrandBias:-1.4,Multiplicity:1.25
0.856	0.001	0.001	0.142
0.001	0.001	0.997	0.001
0.997	0.001	0.001	0.001
0.997	0.001	0.001	0.001
0.901	0.097	0.001	0.001
0.001	0.001	0.756	0.242
0.001	0.001	0.997	0.001
0.001	0.001	0.997	0.001
>TCTAGCCT	6-TCTAGCCT	7.065003	-18.838656	0	T:75.0(31.38%),B:6513.2(16.28%),P:1e-8	Tpos:555.1,Tstd:275.7,Bpos:506.7,Bstd:376.0,StrandBias:1.0,Multiplicity:1.19
0.076	0.001	0.017	0.906
0.001	0.849	0.149	0.001
0.001	0.001	0.001	0.997
0.867	0.060	0.001	0.072
0.160	0.012	0.781	0.047
0.118	0.859	0.022	0.001
0.001	0.832	0.124	0.043
0.057	0.011	0.001	0.931
>TACCGGTT	7-TACCGGTT	6.489679	-18.117070	0	T:87.0(36.40%),B:8228.2(20.56%),P:1e-7	Tpos:545.3,Tstd:298.5,Bpos:505.8,Bstd:353.8,StrandBias:0.2,Multiplicity:1.26
0.104	0.001	0.001	0.894
0.806	0.127	0.001	0.066
0.001	0.888	0.031	0.080
0.041	0.931	0.027	0.001
0.051	0.047	0.781	0.121
0.113	0.026	0.860	0.001
0.034	0.001	0.001	0.964
0.001	0.100	0.001	0.898
>TATCCAGT	8-TATCCAGT	7.974549	-17.527887	0	T:63.0(26.36%),B:5183.6(12.95%),P:1e-7	Tpos:536.0,Tstd:270.9,Bpos:501.2,Bstd:344.1,StrandBias:0.7,Multiplicity:1.29
0.001	0.001	0.001	0.997
0.918	0.001	0.080	0.001
0.001	0.001	0.001	0.997
0.001	0.997	0.001	0.001
0.001	0.899	0.099	0.001
0.997	0.001	0.001	0.001
0.155	0.146	0.698	0.001
0.104	0.001	0.001	0.894
>TTTATCTT	9-TTTATCTT	7.119364	-15.371838	0	T:138.0(57.74%),B:16490.5(41.21%),P:1e-6	Tpos:533.0,Tstd:281.2,Bpos:509.0,Bstd:351.2,StrandBias:0.5,Multiplicity:1.42
0.221	0.001	0.001	0.777
0.001	0.001	0.253	0.745
0.001	0.063	0.001	0.935
0.997	0.001	0.001	0.001
0.001	0.046	0.001	0.952
0.001	0.997	0.001	0.001
0.001	0.001	0.001	0.997
0.001	0.208	0.243	0.548
>AGATTATC	10-AGATTATC	4.502832	-15.025114	0	T:119.0(49.79%),B:13542.6(33.84%),P:1e-6	Tpos:523.6,Tstd:291.1,Bpos:502.2,Bstd:357.0,StrandBias:-0.1,Multiplicity:1.29
0.826	0.001	0.001	0.172
0.001	0.001	0.997	0.001
0.884	0.107	0.008	0.001
0.001	0.001	0.001	0.997
0.001	0.001	0.001	0.997
0.997	0.001	0.001	0.001
0.001	0.001	0.303	0.695
0.250	0.748	0.001	0.001
>AATGCCCG	11-AATGCCCG	8.236954	-14.510799	0	T:12.0(5.02%),B:304.3(0.76%),P:1e-6	Tpos:638.3,Tstd:194.8,Bpos:527.2,Bstd:341.1,StrandBias:-1.0,Multiplicity:1.00
0.700	0.100	0.100	0.100
0.700	0.100	0.100	0.100
0.100	0.100	0.100	0.700
0.100	0.100	0.700	0.100
0.100	0.700	0.100	0.100
0.100	0.700	0.100	0.100
0.100	0.700	0.100	0.100
0.100	0.100	0.700	0.100
>CCGCGYGC	12-CCGCGYGC	7.328587	-11.881645	0	T:50.0(20.92%),B:4403.9(11.01%),P:1e-5	Tpos:626.1,Tstd:248.5,Bpos:600.3,Bstd:398.6,StrandBias:0.3,Multiplicity:1.29
0.001	0.684	0.314	0.001
0.001	0.990	0.008	0.001
0.001	0.001	0.997	0.001
0.001	0.993	0.001	0.005
0.421	0.001	0.577	0.001
0.001	0.539	0.001	0.459
0.001	0.392	0.606	0.001
0.001	0.997	0.001	0.001
>ATYATCAA	13-ATYATCAA	7.914537	-11.110388	0	T:123.0(51.46%),B:15170.9(37.91%),P:1e-4	Tpos:497.5,Tstd:280.1,Bpos:498.8,Bstd:345.7,StrandBias:0.3,Multiplicity:1.57
0.831	0.001	0.167	0.001
0.001	0.001	0.130	0.868
0.162	0.280	0.137	0.422
0.978	0.001	0.020	0.001
0.001	0.001	0.001	0.997
0.001	0.756	0.001	0.242
0.997	0.001	0.001	0.001
0.575	0.001	0.001	0.423
>AGTTAGTG	14-AGTTAGTG	9.242971	-10.784974	0	T:20.0(8.37%),B:1131.7(2.83%),P:1e-4	Tpos:430.7,Tstd:255.3,Bpos:505.8,Bstd:353.0,StrandBias:0.1,Multiplicity:1.05
0.997	0.001	0.001	0.001
0.001	0.161	0.837	0.001
0.001	0.001	0.001	0.997
0.001	0.001	0.001	0.997
0.997	0.001	0.001	0.001
0.001	0.001	0.997	0.001
0.001	0.001	0.001	0.997
0.001	0.001	0.997	0.001
>CCAAAATA	15-CCAAAATA	7.685524	-10.228337	0	T:71.0(29.71%),B:7542.6(18.85%),P:1e-4	Tpos:449.8,Tstd:243.0,Bpos:479.3,Bstd:342.9,StrandBias:0.2,Multiplicity:1.34
0.001	0.997	0.001	0.001
0.001	0.997	0.001	0.001
0.605	0.393	0.001	0.001
0.666	0.001	0.332	0.001
0.869	0.001	0.129	0.001
0.902	0.096	0.001	0.001
0.001	0.001	0.001	0.997
0.997	0.001	0.001	0.001
>CTACTCAG	16-CTACTCAG	8.236954	-3.008780	0	T:5.0(2.09%),B:328.9(0.82%),P:1e-1	Tpos:333.3,Tstd:123.6,Bpos:488.1,Bstd:368.8,StrandBias:-0.8,Multiplicity:2.20
0.100	0.700	0.100	0.100
0.100	0.100	0.100	0.700
0.700	0.100	0.100	0.100
0.100	0.700	0.100	0.100
0.100	0.100	0.100	0.700
0.100	0.700	0.100	0.100
0.700	0.100	0.100	0.100
0.100	0.100	0.700	0.100
>AGTAGTAC	17-AGTAGTAC	4.085528	-1.184339	0	T:19.0(7.95%),B:2780.5(6.95%),P:1e0	Tpos:395.6,Tstd:247.2,Bpos:496.7,Bstd:358.5,StrandBias:-0.8,Multiplicity:2.68
0.924	0.001	0.074	0.001
0.001	0.001	0.997	0.001
0.001	0.001	0.001	0.997
0.997	0.001	0.001	0.001
0.001	0.104	0.894	0.001
0.001	0.001	0.001	0.997
0.997	0.001	0.001	0.001
0.001	0.997	0.001	0.001
