>ATTGCGCAAKAA	1-ATTGCGCAAKAA	9.649258	-31.960795	0	T:25.0(10.46%),B:550.2(1.38%),P:1e-13	Tpos:623.0,Tstd:203.9,Bpos:515.4,Bstd:379.3,StrandBias:-0.2,Multiplicity:1.04
0.459	0.259	0.219	0.063
0.025	0.082	0.001	0.892
0.001	0.001	0.077	0.921
0.256	0.001	0.742	0.001
0.031	0.886	0.038	0.045
0.075	0.001	0.905	0.019
0.001	0.631	0.001	0.367
0.936	0.039	0.024	0.001
0.955	0.001	0.001	0.043
0.001	0.185	0.334	0.480
0.504	0.153	0.219	0.124
0.692	0.306	0.001	0.001
>CTCCTTTTATAC	2-CTCCTTTTATAC	12.782171	-29.702868	0	T:16.0(6.69%),B:188.1(0.47%),P:1e-12	Tpos:724.9,Tstd:321.6,Bpos:767.9,Bstd:355.8,StrandBias:-2.1,Multiplicity:1.00
0.001	0.752	0.246	0.001
0.106	0.070	0.075	0.749
0.001	0.943	0.001	0.055
0.001	0.939	0.001	0.059
0.001	0.132	0.001	0.866
0.001	0.001	0.001	0.997
0.001	0.001	0.001	0.997
0.001	0.001	0.001	0.997
0.917	0.001	0.001	0.081
0.001	0.001	0.001	0.997
0.997	0.001	0.001	0.001
0.001	0.932	0.001	0.066
>TTCATCTTTCTC	3-TTCATCTTTCTC	12.586848	-29.326791	0	T:16.0(6.69%),B:193.4(0.48%),P:1e-12	Tpos:705.8,Tstd:247.6,Bpos:567.0,Bstd:324.9,StrandBias:2.8,Multiplicity:1.00
0.001	0.001	0.092	0.906
0.001	0.068	0.001	0.930
0.001	0.997	0.001	0.001
0.954	0.001	0.001	0.044
0.001	0.001	0.116	0.882
0.001	0.997	0.001	0.001
0.108	0.001	0.093	0.798
0.073	0.054	0.001	0.872
0.001	0.047	0.001	0.951
0.054	0.827	0.093	0.026
0.001	0.001	0.080	0.918
0.001	0.997	0.001	0.001
>CGAAAAGCGAAT	4-CGAAAAGCGAAT	13.040463	-29.194407	0	T:13.0(5.44%),B:101.2(0.25%),P:1e-12	Tpos:615.8,Tstd:288.2,Bpos:519.9,Bstd:416.5,StrandBias:-0.7,Multiplicity:1.00
0.001	0.907	0.091	0.001
0.001	0.001	0.997	0.001
0.997	0.001	0.001	0.001
0.997	0.001	0.001	0.001
0.997	0.001	0.001	0.001
0.997	0.001	0.001	0.001
0.001	0.109	0.834	0.056
0.097	0.829	0.001	0.073
0.001	0.115	0.763	0.121
0.823	0.001	0.001	0.175
0.997	0.001	0.001	0.001
0.071	0.001	0.001	0.927
>TGCCTGTATCCA	5-TGCCTGTATCCA	9.638989	-28.857645	0	T:19.0(7.95%),B:322.3(0.81%),P:1e-12	Tpos:557.5,Tstd:256.5,Bpos:491.2,Bstd:354.9,StrandBias:0.5,Multiplicity:1.00
0.001	0.001	0.186	0.812
0.001	0.010	0.988	0.001
0.162	0.681	0.129	0.028
0.133	0.543	0.001	0.323
0.187	0.187	0.007	0.619
0.005	0.001	0.976	0.018
0.018	0.001	0.136	0.845
0.826	0.001	0.162	0.011
0.136	0.001	0.187	0.676
0.001	0.997	0.001	0.001
0.001	0.997	0.001	0.001
0.993	0.005	0.001	0.001
>CCATTTTTTGAC	6-CCATTTTTTGAC	11.131195	-28.689322	0	T:21.0(8.79%),B:421.2(1.05%),P:1e-12	Tpos:446.4,Tstd:291.3,Bpos:487.7,Bstd:333.7,StrandBias:2.2,Multiplicity:1.05
0.093	0.842	0.064	0.001
0.041	0.957	0.001	0.001
0.997	0.001	0.001	0.001
0.001	0.046	0.001	0.952
0.001	0.001	0.001	0.997
0.001	0.001	0.001	0.997
0.001	0.098	0.090	0.811
0.001	0.083	0.118	0.798
0.075	0.001	0.001	0.923
0.068	0.001	0.930	0.001
0.870	0.064	0.065	0.001
0.001	0.964	0.001	0.034
>TAAGATTGGGTW	7-TAAGATTGGGTW	11.185201	-28.628592	0	T:14.0(5.86%),B:135.1(0.34%),P:1e-12	Tpos:488.5,Tstd:237.6,Bpos:436.4,Bstd:295.1,StrandBias:0.0,Multiplicity:1.00
0.146	0.001	0.001	0.852
0.825	0.001	0.001	0.173
0.997	0.001	0.001	0.001
0.001	0.332	0.666	0.001
0.765	0.233	0.001	0.001
0.001	0.001	0.001	0.997
0.001	0.001	0.001	0.997
0.001	0.001	0.852	0.146
0.001	0.001	0.997	0.001
0.158	0.001	0.710	0.131
0.001	0.201	0.001	0.797
0.550	0.001	0.001	0.448
>AAGTGAAAGGAA	8-AAGTGAAAGGAA	9.553720	-28.432035	0	T:64.0(26.78%),B:4071.2(10.17%),P:1e-12	Tpos:617.0,Tstd:263.6,Bpos:562.3,Bstd:364.0,StrandBias:-1.8,Multiplicity:1.10
0.863	0.041	0.040	0.056
0.774	0.080	0.001	0.145
0.071	0.114	0.703	0.112
0.049	0.001	0.042	0.908
0.027	0.024	0.894	0.055
0.893	0.001	0.040	0.066
0.852	0.023	0.067	0.058
0.922	0.001	0.020	0.057
0.085	0.020	0.745	0.150
0.101	0.001	0.806	0.092
0.791	0.019	0.154	0.036
0.854	0.035	0.062	0.049
>TGAAGGTTATGA	9-TGAAGGTTATGA	10.176831	-26.158918	0	T:26.0(10.88%),B:788.6(1.97%),P:1e-11	Tpos:591.8,Tstd:247.4,Bpos:511.6,Bstd:375.0,StrandBias:-0.9,Multiplicity:1.04
0.001	0.127	0.001	0.871
0.001	0.036	0.883	0.080
0.887	0.001	0.072	0.040
0.908	0.001	0.001	0.090
0.001	0.021	0.856	0.122
0.055	0.180	0.726	0.039
0.075	0.001	0.001	0.923
0.102	0.091	0.096	0.711
0.791	0.021	0.037	0.151
0.044	0.162	0.001	0.793
0.070	0.027	0.902	0.001
0.758	0.086	0.155	0.001
>CAAGCCTAAAGC	10-CAAGCCTAAAGC	13.981599	-26.148368	0	T:7.0(2.93%),B:10.0(0.03%),P:1e-11	Tpos:421.4,Tstd:271.1,Bpos:571.3,Bstd:403.7,StrandBias:0.4,Multiplicity:1.00
0.150	0.659	0.190	0.001
0.997	0.001	0.001	0.001
0.997	0.001	0.001	0.001
0.001	0.001	0.997	0.001
0.001	0.997	0.001	0.001
0.165	0.669	0.001	0.165
0.001	0.001	0.164	0.834
0.997	0.001	0.001	0.001
0.997	0.001	0.001	0.001
0.997	0.001	0.001	0.001
0.001	0.001	0.997	0.001
0.001	0.997	0.001	0.001
>TCTCTGCTTCTT	11-TCTCTGCTTCTT	13.497212	-24.512360	0	T:12.0(5.02%),B:118.3(0.30%),P:1e-10	Tpos:596.1,Tstd:285.3,Bpos:527.7,Bstd:364.7,StrandBias:1.0,Multiplicity:1.00
0.001	0.001	0.001	0.997
0.117	0.881	0.001	0.001
0.001	0.001	0.001	0.997
0.001	0.924	0.001	0.074
0.084	0.105	0.001	0.810
0.001	0.001	0.997	0.001
0.001	0.997	0.001	0.001
0.001	0.001	0.001	0.997
0.001	0.001	0.001	0.997
0.001	0.919	0.001	0.079
0.001	0.001	0.001	0.997
0.001	0.148	0.001	0.850
>AACACTGGATAA	12-AACACTGGATAA	11.741774	-23.891972	0	T:12.0(5.02%),B:125.2(0.31%),P:1e-10	Tpos:666.2,Tstd:188.4,Bpos:460.9,Bstd:338.2,StrandBias:-0.5,Multiplicity:1.00
0.997	0.001	0.001	0.001
0.997	0.001	0.001	0.001
0.001	0.803	0.102	0.094
0.870	0.001	0.001	0.128
0.097	0.901	0.001	0.001
0.001	0.001	0.001	0.997
0.001	0.141	0.857	0.001
0.001	0.141	0.857	0.001
0.997	0.001	0.001	0.001
0.054	0.001	0.001	0.944
0.905	0.093	0.001	0.001
0.997	0.001	0.001	0.001
>AACATAGAGATG	13-AACATAGAGATG	11.167816	-22.082395	0	T:16.0(6.69%),B:322.3(0.81%),P:1e-9	Tpos:567.7,Tstd:265.3,Bpos:508.2,Bstd:330.3,StrandBias:-2.1,Multiplicity:1.00
0.852	0.001	0.047	0.100
0.881	0.051	0.067	0.001
0.200	0.623	0.035	0.142
0.964	0.001	0.034	0.001
0.001	0.135	0.065	0.799
0.967	0.001	0.001	0.031
0.099	0.121	0.744	0.036
0.931	0.001	0.067	0.001
0.121	0.057	0.606	0.216
0.997	0.001	0.001	0.001
0.081	0.001	0.078	0.840
0.025	0.141	0.807	0.027
>AAAGGAAAAGCA	14-AAAGGAAAAGCA	11.580740	-21.425613	0	T:17.0(7.11%),B:391.4(0.98%),P:1e-9	Tpos:679.3,Tstd:278.9,Bpos:563.6,Bstd:346.7,StrandBias:-1.0,Multiplicity:1.06
0.997	0.001	0.001	0.001
0.890	0.001	0.108	0.001
0.880	0.001	0.118	0.001
0.059	0.024	0.846	0.071
0.060	0.001	0.938	0.001
0.997	0.001	0.001	0.001
0.868	0.001	0.001	0.130
0.997	0.001	0.001	0.001
0.997	0.001	0.001	0.001
0.065	0.001	0.845	0.089
0.001	0.943	0.055	0.001
0.803	0.112	0.001	0.084
>GACCTCAATATG	15-GACCTCAATATG	12.708381	-21.411933	0	T:8.0(3.35%),B:41.2(0.10%),P:1e-9	Tpos:467.0,Tstd:288.1,Bpos:541.1,Bstd:357.9,StrandBias:1.6,Multiplicity:1.00
0.001	0.001	0.997	0.001
0.997	0.001	0.001	0.001
0.001	0.997	0.001	0.001
0.001	0.997	0.001	0.001
0.001	0.001	0.001	0.997
0.001	0.997	0.001	0.001
0.817	0.181	0.001	0.001
0.997	0.001	0.001	0.001
0.109	0.001	0.364	0.526
0.907	0.001	0.001	0.091
0.001	0.001	0.001	0.997
0.001	0.340	0.516	0.143
>ATTGATACGGAG	16-ATTGATACGGAG	11.154868	-18.666867	0	T:11.0(4.60%),B:161.1(0.40%),P:1e-8	Tpos:650.4,Tstd:240.8,Bpos:557.4,Bstd:371.6,StrandBias:-0.5,Multiplicity:1.09
0.872	0.001	0.001	0.126
0.231	0.001	0.003	0.765
0.001	0.080	0.001	0.918
0.085	0.001	0.911	0.003
0.875	0.123	0.001	0.001
0.088	0.107	0.001	0.804
0.997	0.001	0.001	0.001
0.081	0.550	0.214	0.155
0.194	0.001	0.804	0.001
0.001	0.004	0.800	0.195
0.723	0.001	0.071	0.205
0.001	0.001	0.997	0.001
>CGTCAGTGGCAA	17-CGTCAGTGGCAA	14.095174	-18.065846	0	T:7.0(2.93%),B:41.7(0.10%),P:1e-7	Tpos:403.9,Tstd:287.8,Bpos:501.4,Bstd:370.6,StrandBias:0.0,Multiplicity:1.14
0.001	0.997	0.001	0.001
0.001	0.001	0.997	0.001
0.001	0.001	0.001	0.997
0.001	0.997	0.001	0.001
0.827	0.001	0.001	0.171
0.001	0.001	0.810	0.188
0.001	0.001	0.001	0.997
0.001	0.001	0.997	0.001
0.001	0.001	0.997	0.001
0.171	0.827	0.001	0.001
0.705	0.001	0.293	0.001
0.997	0.001	0.001	0.001
>AATAAGTGGGCG	18-AATAAGTGGGCG	10.497399	-16.134874	0	T:19.0(7.95%),B:712.8(1.78%),P:1e-7	Tpos:498.3,Tstd:254.2,Bpos:569.5,Bstd:350.8,StrandBias:0.5,Multiplicity:1.16
0.771	0.165	0.063	0.001
0.957	0.001	0.041	0.001
0.283	0.088	0.065	0.564
0.804	0.001	0.160	0.035
0.721	0.001	0.080	0.198
0.126	0.001	0.701	0.172
0.001	0.001	0.001	0.997
0.026	0.001	0.971	0.002
0.040	0.080	0.879	0.001
0.001	0.137	0.861	0.001
0.030	0.918	0.051	0.001
0.038	0.001	0.869	0.092
>CTCCATCCCTCC	19-CTCCATCCCTCC	12.355432	-15.391876	0	T:3.0(1.26%),B:0.8(0.00%),P:1e-6	Tpos:507.8,Tstd:217.1,Bpos:828.0,Bstd:0.0,StrandBias:10.0,Multiplicity:1.33
0.100	0.700	0.100	0.100
0.100	0.100	0.100	0.700
0.100	0.700	0.100	0.100
0.100	0.700	0.100	0.100
0.700	0.100	0.100	0.100
0.100	0.100	0.100	0.700
0.100	0.700	0.100	0.100
0.100	0.700	0.100	0.100
0.100	0.700	0.100	0.100
0.100	0.100	0.100	0.700
0.100	0.700	0.100	0.100
0.100	0.700	0.100	0.100
>TWTGATCATAAT	20-TWTGATCATAAT	13.286935	-13.508524	0	T:7.0(2.93%),B:85.3(0.21%),P:1e-5	Tpos:433.6,Tstd:273.5,Bpos:556.7,Bstd:343.9,StrandBias:-0.3,Multiplicity:1.29
0.001	0.001	0.271	0.727
0.552	0.001	0.001	0.446
0.397	0.001	0.001	0.601
0.001	0.001	0.997	0.001
0.997	0.001	0.001	0.001
0.001	0.001	0.001	0.997
0.001	0.997	0.001	0.001
0.614	0.001	0.001	0.384
0.001	0.001	0.001	0.997
0.751	0.001	0.001	0.247
0.978	0.020	0.001	0.001
0.001	0.001	0.001	0.997
>YMTGCCTRCCTA	21-YMTGCCTRCCTA	7.213529	-11.896946	0	T:75.0(31.38%),B:7739.5(19.34%),P:1e-5	Tpos:482.4,Tstd:268.5,Bpos:495.6,Bstd:354.8,StrandBias:0.0,Multiplicity:1.35
0.011	0.513	0.001	0.475
0.442	0.556	0.001	0.001
0.031	0.013	0.155	0.801
0.236	0.067	0.696	0.001
0.304	0.649	0.031	0.016
0.274	0.595	0.001	0.130
0.035	0.001	0.001	0.963
0.539	0.001	0.424	0.036
0.001	0.649	0.001	0.349
0.258	0.411	0.221	0.111
0.241	0.025	0.060	0.674
0.706	0.100	0.069	0.125
>AGTAGCTACTCA	22-AGTAGCTACTCA	9.757185	-9.397105	0	T:9.0(3.77%),B:290.3(0.73%),P:1e-4	Tpos:375.8,Tstd:189.5,Bpos:470.5,Bstd:334.4,StrandBias:-0.4,Multiplicity:1.89
0.929	0.069	0.001	0.001
0.092	0.070	0.837	0.001
0.092	0.001	0.046	0.861
0.676	0.268	0.001	0.055
0.001	0.069	0.929	0.001
0.001	0.948	0.050	0.001
0.061	0.001	0.159	0.779
0.883	0.001	0.115	0.001
0.001	0.807	0.070	0.122
0.001	0.001	0.001	0.997
0.055	0.829	0.070	0.046
0.959	0.001	0.039	0.001
>TTATGGTACTAC	23-TTATGGTACTAC	12.355432	-5.126451	0	T:1.0(0.42%),B:0.5(0.00%),P:1e-2	Tpos:323.0,Tstd:186.2,Bpos:120.0,Bstd:0.0,StrandBias:-10.0,Multiplicity:16.00
0.100	0.100	0.100	0.700
0.100	0.100	0.100	0.700
0.700	0.100	0.100	0.100
0.100	0.100	0.100	0.700
0.100	0.100	0.700	0.100
0.100	0.100	0.700	0.100
0.100	0.100	0.100	0.700
0.700	0.100	0.100	0.100
0.100	0.700	0.100	0.100
0.100	0.100	0.100	0.700
0.700	0.100	0.100	0.100
0.100	0.700	0.100	0.100
>TTTGTTACCCTA	24-TTTGTTACCCTA	12.355432	-5.126451	0	T:1.0(0.42%),B:0.0(0.00%),P:1e-2	Tpos:291.6,Tstd:166.3,Bpos:0.0,Bstd:0.0,StrandBias:10.0,Multiplicity:5.00
0.100	0.100	0.100	0.700
0.100	0.100	0.100	0.700
0.100	0.100	0.100	0.700
0.100	0.100	0.700	0.100
0.100	0.100	0.100	0.700
0.100	0.100	0.100	0.700
0.700	0.100	0.100	0.100
0.100	0.700	0.100	0.100
0.100	0.700	0.100	0.100
0.100	0.700	0.100	0.100
0.100	0.100	0.100	0.700
0.700	0.100	0.100	0.100
>CTACTGTAGTWY	25-CTACTGTAGTWY	7.091078	-4.906552	0	T:71.0(29.71%),B:9083.0(22.70%),P:1e-2	Tpos:451.2,Tstd:244.7,Bpos:524.9,Bstd:369.0,StrandBias:-0.1,Multiplicity:1.46
0.203	0.503	0.204	0.090
0.180	0.089	0.001	0.730
0.526	0.001	0.313	0.160
0.001	0.819	0.067	0.113
0.345	0.001	0.135	0.519
0.090	0.181	0.474	0.254
0.001	0.001	0.001	0.997
0.654	0.001	0.178	0.167
0.090	0.022	0.887	0.001
0.001	0.134	0.268	0.597
0.474	0.075	0.045	0.406
0.001	0.389	0.227	0.383
