>CCACAAACAACA	3-CCACAAACAACA,BestGuess:PHA-4(Forkhead)/cElegans-Embryos-PHA4-ChIP-Seq(modEncode)/Homer(0.692)	9.974553	-26.879257	0	T:36.0(11.32%),B:1122.2(2.76%),P:1e-11
0.064	0.762	0.105	0.069
0.157	0.770	0.072	0.001
0.840	0.015	0.001	0.144
0.034	0.830	0.095	0.041
0.927	0.053	0.001	0.019
0.813	0.051	0.060	0.076
0.881	0.001	0.056	0.062
0.103	0.825	0.030	0.042
0.857	0.045	0.048	0.050
0.804	0.122	0.001	0.073
0.047	0.847	0.030	0.076
0.855	0.048	0.032	0.065
