>CGTCAGTTCCTT	6-CGTCAGTTCCTT,BestGuess:MF0002.1_bZIP_CREB/G-box-like_subclass/Jaspar(0.569)	10.636301	-23.145173	0	T:18.0(5.66%),B:301.7(0.74%),P:1e-10
0.001	0.866	0.001	0.132
0.324	0.041	0.598	0.037
0.041	0.086	0.086	0.787
0.086	0.861	0.001	0.052
0.956	0.002	0.003	0.039
0.067	0.125	0.688	0.120
0.001	0.043	0.001	0.955
0.001	0.001	0.047	0.951
0.001	0.879	0.086	0.034
0.110	0.784	0.003	0.103
0.237	0.001	0.001	0.761
0.001	0.073	0.001	0.925
