>AAGAGATGAATA	20-AAGAGATGAATA,BestGuess:unc-86/MA0926.1/Jaspar(0.673)	14.440732	-14.142065	0	T:4.0(1.26%),B:6.1(0.01%),P:1e-6
0.748	0.107	0.070	0.075
0.730	0.152	0.032	0.086
0.029	0.086	0.845	0.040
0.796	0.056	0.101	0.047
0.058	0.035	0.845	0.062
0.937	0.001	0.032	0.030
0.049	0.001	0.097	0.853
0.001	0.098	0.834	0.067
0.787	0.058	0.072	0.083
0.847	0.109	0.043	0.001
0.001	0.061	0.001	0.937
0.862	0.001	0.107	0.030
