>AAGGAAGAGATA	12-AAGGAAGAGATA	11.504684	-20.682230	0	T:15.0(4.72%),B:230.0(0.57%),P:1e-8
0.763	0.071	0.165	0.001
0.863	0.001	0.122	0.014
0.190	0.083	0.567	0.160
0.032	0.001	0.925	0.042
0.974	0.001	0.001	0.024
0.776	0.172	0.001	0.051
0.001	0.037	0.950	0.012
0.682	0.052	0.019	0.247
0.134	0.035	0.785	0.046
0.693	0.149	0.118	0.040
0.221	0.034	0.052	0.693
0.764	0.021	0.185	0.030
