>TTCTTTATCATT	1-TTCTTTATCATT,BestGuess:ELT-3(Gata)/cElegans-L1-ELT3-ChIP-Seq(modEncode)/Homer(0.670)	9.789825	-27.284886	0	T:38.0(11.95%),B:1228.8(3.02%),P:1e-11
0.050	0.056	0.029	0.865
0.145	0.041	0.085	0.729
0.162	0.542	0.153	0.143
0.032	0.123	0.131	0.714
0.150	0.124	0.028	0.698
0.029	0.171	0.147	0.653
0.655	0.160	0.143	0.042
0.164	0.014	0.011	0.811
0.035	0.762	0.035	0.168
0.649	0.138	0.022	0.191
0.130	0.154	0.037	0.679
0.043	0.168	0.043	0.746
