>AAAGAGAGACAT	22-ATGTCTCTCTTT	13.037645	-10.665109	0	T:4.0(1.26%),B:18.4(0.05%),P:1e-4
0.809	0.060	0.001	0.130
0.891	0.001	0.107	0.001
0.821	0.065	0.001	0.113
0.001	0.146	0.559	0.294
0.725	0.066	0.001	0.208
0.168	0.001	0.751	0.080
0.907	0.001	0.018	0.074
0.009	0.347	0.507	0.137
0.837	0.105	0.001	0.057
0.001	0.687	0.256	0.056
0.832	0.063	0.104	0.001
0.179	0.129	0.001	0.691
