>AATGATAAAGAA	1-TTCTTTATCATT	9.789825	-27.284886	0	T:38.0(11.95%),B:1228.8(3.02%),P:1e-11
0.746	0.043	0.168	0.043
0.679	0.037	0.154	0.130
0.191	0.022	0.138	0.649
0.168	0.035	0.762	0.035
0.811	0.011	0.014	0.164
0.042	0.143	0.160	0.655
0.653	0.147	0.171	0.029
0.698	0.028	0.124	0.150
0.714	0.131	0.123	0.032
0.143	0.153	0.542	0.162
0.729	0.085	0.041	0.145
0.865	0.029	0.056	0.050
