>AATGTGAAGTAG	11-CTACTTCACATT	10.015702	-21.836558	0	T:38.0(11.95%),B:1490.9(3.67%),P:1e-9
0.910	0.088	0.001	0.001
0.963	0.001	0.035	0.001
0.014	0.079	0.055	0.852
0.069	0.001	0.890	0.040
0.173	0.001	0.001	0.825
0.169	0.030	0.776	0.025
0.936	0.036	0.001	0.027
0.728	0.120	0.001	0.151
0.075	0.097	0.733	0.095
0.233	0.073	0.001	0.693
0.812	0.074	0.001	0.113
0.031	0.001	0.817	0.151
