>YAAAGTTATATA	7-YAAAGTTATATA,BestGuess:SD0003.1_at_AC_acceptor/Jaspar(0.578)	8.066914	-8.594567	0	T:10.0(41.67%),B:4438.1(11.60%),P:1e-3
0.061	0.517	0.001	0.421
0.823	0.001	0.001	0.175
0.645	0.001	0.351	0.003
0.666	0.001	0.332	0.001
0.002	0.001	0.926	0.071
0.154	0.003	0.268	0.575
0.239	0.001	0.001	0.759
0.564	0.237	0.197	0.002
0.001	0.288	0.251	0.461
0.751	0.001	0.180	0.068
0.086	0.079	0.061	0.774
0.639	0.269	0.091	0.001
