>CMTGCCTGCCTA	21-CMTGCCTGCCTA	6.210196	-10.373930	0	T:73.0(30.29%),B:7975.0(19.30%),P:1e-4
0.278	0.622	0.001	0.099
0.364	0.450	0.098	0.088
0.013	0.116	0.001	0.870
0.189	0.124	0.546	0.141
0.093	0.823	0.048	0.036
0.101	0.758	0.096	0.045
0.037	0.001	0.171	0.791
0.163	0.088	0.706	0.043
0.079	0.826	0.018	0.077
0.131	0.592	0.001	0.276
0.014	0.016	0.089	0.881
0.511	0.152	0.329	0.008
