>TAGCTCGCAT	1-TAGCTCGCAT	10.545339	-21.770325	0	T:10.0(10.87%),B:238.9(0.60%),P:1e-9	Tpos:485.7,Tstd:305.8,Bpos:492.3,Bstd:283.4,StrandBias:0.3,Multiplicity:1.10
0.001	0.001	0.001	0.997
0.799	0.117	0.001	0.083
0.001	0.001	0.910	0.088
0.100	0.800	0.001	0.099
0.001	0.001	0.001	0.997
0.001	0.997	0.001	0.001
0.001	0.259	0.739	0.001
0.001	0.997	0.001	0.001
0.997	0.001	0.001	0.001
0.113	0.001	0.001	0.885
>GGAATTTCCC	2-GGAATTTCCC	9.512354	-18.512862	0	T:17.0(18.48%),B:1303.7(3.30%),P:1e-8	Tpos:525.1,Tstd:276.1,Bpos:490.9,Bstd:307.6,StrandBias:-0.2,Multiplicity:1.06
0.064	0.052	0.883	0.001
0.001	0.001	0.816	0.182
0.877	0.121	0.001	0.001
0.997	0.001	0.001	0.001
0.054	0.125	0.001	0.820
0.001	0.001	0.001	0.997
0.001	0.001	0.001	0.997
0.001	0.963	0.001	0.035
0.001	0.871	0.081	0.047
0.106	0.824	0.069	0.001
>TTTAAGTGAA	3-TTTAAGTGAA	10.654420	-16.588480	0	T:16.0(17.39%),B:1307.1(3.30%),P:1e-7	Tpos:648.2,Tstd:278.4,Bpos:499.9,Bstd:289.7,StrandBias:-0.7,Multiplicity:1.12
0.001	0.001	0.001	0.997
0.069	0.001	0.001	0.929
0.001	0.158	0.001	0.840
0.997	0.001	0.001	0.001
0.853	0.001	0.001	0.145
0.001	0.001	0.997	0.001
0.001	0.001	0.001	0.997
0.001	0.001	0.997	0.001
0.919	0.079	0.001	0.001
0.903	0.095	0.001	0.001
>CAATTCTGAG	4-CAATTCTGAG	10.352113	-16.428701	0	T:15.0(16.30%),B:1147.9(2.90%),P:1e-7	Tpos:498.9,Tstd:268.4,Bpos:486.0,Bstd:292.6,StrandBias:-0.4,Multiplicity:1.07
0.147	0.735	0.001	0.117
0.997	0.001	0.001	0.001
0.997	0.001	0.001	0.001
0.001	0.001	0.001	0.997
0.001	0.001	0.001	0.997
0.001	0.926	0.001	0.072
0.001	0.001	0.001	0.997
0.001	0.001	0.665	0.333
0.997	0.001	0.001	0.001
0.327	0.001	0.671	0.001
>AAAAAGCTTT	5-AAAAAGCTTT	9.712774	-14.805282	0	T:21.0(22.83%),B:2566.7(6.49%),P:1e-6	Tpos:478.6,Tstd:312.4,Bpos:495.8,Bstd:292.8,StrandBias:-0.3,Multiplicity:1.05
0.645	0.001	0.001	0.353
0.449	0.144	0.186	0.222
0.808	0.123	0.068	0.001
0.508	0.001	0.298	0.193
0.997	0.001	0.001	0.001
0.001	0.134	0.864	0.001
0.001	0.997	0.001	0.001
0.001	0.001	0.001	0.997
0.001	0.001	0.001	0.997
0.001	0.001	0.251	0.747
>TCGAAAAGTT	6-TCGAAAAGTT	10.565234	-12.610765	0	T:30.0(32.61%),B:5444.7(13.76%),P:1e-5	Tpos:491.3,Tstd:275.5,Bpos:501.0,Bstd:302.1,StrandBias:-0.2,Multiplicity:1.23
0.001	0.001	0.001	0.997
0.138	0.736	0.038	0.088
0.105	0.044	0.833	0.018
0.997	0.001	0.001	0.001
0.866	0.132	0.001	0.001
0.885	0.060	0.054	0.001
0.897	0.001	0.001	0.101
0.078	0.017	0.807	0.098
0.001	0.001	0.001	0.997
0.001	0.001	0.024	0.974
>CGGAGGAGGC	7-CGGAGGAGGC	10.236544	-12.204055	0	T:6.0(6.52%),B:180.2(0.46%),P:1e-5	Tpos:514.6,Tstd:242.8,Bpos:467.3,Bstd:283.3,StrandBias:1.2,Multiplicity:1.67
0.001	0.918	0.001	0.080
0.001	0.001	0.997	0.001
0.281	0.001	0.717	0.001
0.704	0.294	0.001	0.001
0.001	0.001	0.997	0.001
0.001	0.001	0.997	0.001
0.997	0.001	0.001	0.001
0.001	0.001	0.671	0.327
0.001	0.001	0.997	0.001
0.001	0.997	0.001	0.001
>ACCTGAACGT	8-ACCTGAACGT	10.907463	-11.160293	0	T:5.0(5.43%),B:126.9(0.32%),P:1e-4	Tpos:388.8,Tstd:235.2,Bpos:441.4,Bstd:285.5,StrandBias:-1.0,Multiplicity:1.80
0.997	0.001	0.001	0.001
0.001	0.783	0.215	0.001
0.001	0.997	0.001	0.001
0.001	0.001	0.001	0.997
0.001	0.001	0.997	0.001
0.997	0.001	0.001	0.001
0.997	0.001	0.001	0.001
0.001	0.997	0.001	0.001
0.001	0.248	0.750	0.001
0.001	0.001	0.001	0.997
>CCTCGGCCAG	9-CCTCGGCCAG	11.141742	-10.908808	0	T:5.0(5.43%),B:133.9(0.34%),P:1e-4	Tpos:628.9,Tstd:202.6,Bpos:505.9,Bstd:344.0,StrandBias:-0.7,Multiplicity:1.60
0.001	0.997	0.001	0.001
0.001	0.997	0.001	0.001
0.001	0.001	0.001	0.997
0.156	0.842	0.001	0.001
0.001	0.144	0.854	0.001
0.001	0.001	0.997	0.001
0.001	0.997	0.001	0.001
0.001	0.795	0.203	0.001
0.997	0.001	0.001	0.001
0.001	0.001	0.695	0.303
>ATCGACAAAA	10-ATCGACAAAA	8.812797	-9.595036	0	T:28.0(30.43%),B:5703.7(14.42%),P:1e-4	Tpos:471.6,Tstd:311.5,Bpos:515.0,Bstd:314.7,StrandBias:-0.5,Multiplicity:1.36
0.997	0.001	0.001	0.001
0.022	0.099	0.219	0.660
0.001	0.997	0.001	0.001
0.101	0.079	0.819	0.001
0.835	0.087	0.077	0.001
0.008	0.806	0.108	0.078
0.805	0.107	0.087	0.001
0.910	0.088	0.001	0.001
0.997	0.001	0.001	0.001
0.793	0.001	0.130	0.076
>GGTTATCCTC	11-GGTTATCCTC	8.223135	-8.719823	0	T:5.0(5.43%),B:214.8(0.54%),P:1e-3	Tpos:403.6,Tstd:242.0,Bpos:447.2,Bstd:299.8,StrandBias:-1.3,Multiplicity:2.80
0.001	0.001	0.997	0.001
0.056	0.001	0.745	0.198
0.065	0.001	0.001	0.933
0.001	0.001	0.001	0.997
0.997	0.001	0.001	0.001
0.001	0.001	0.001	0.997
0.001	0.997	0.001	0.001
0.001	0.997	0.001	0.001
0.001	0.001	0.001	0.997
0.001	0.997	0.001	0.001
>CCGACGATCC	12-CCGACGATCC	10.825418	-8.427263	0	T:3.0(3.26%),B:47.5(0.12%),P:1e-3	Tpos:377.7,Tstd:224.5,Bpos:473.5,Bstd:319.6,StrandBias:-3.5,Multiplicity:4.00
0.001	0.918	0.080	0.001
0.001	0.997	0.001	0.001
0.001	0.001	0.997	0.001
0.997	0.001	0.001	0.001
0.001	0.614	0.001	0.384
0.001	0.001	0.997	0.001
0.997	0.001	0.001	0.001
0.001	0.001	0.001	0.997
0.001	0.997	0.001	0.001
0.001	0.997	0.001	0.001
>GGCAGACCTA	13-GGCAGACCTA	12.087202	-6.395816	0	T:2.0(2.17%),B:24.9(0.06%),P:1e-2	Tpos:622.7,Tstd:124.9,Bpos:528.6,Bstd:370.0,StrandBias:10.0,Multiplicity:3.00
0.001	0.001	0.997	0.001
0.001	0.001	0.997	0.001
0.001	0.997	0.001	0.001
0.997	0.001	0.001	0.001
0.001	0.001	0.997	0.001
0.997	0.001	0.001	0.001
0.001	0.997	0.001	0.001
0.001	0.997	0.001	0.001
0.001	0.001	0.174	0.824
0.997	0.001	0.001	0.001
>AATGACGTCA	14-AATGACGTCA	10.006199	-5.939916	0	T:9.0(9.78%),B:1251.4(3.16%),P:1e-2	Tpos:439.6,Tstd:245.7,Bpos:497.0,Bstd:287.9,StrandBias:0.5,Multiplicity:1.89
0.813	0.058	0.055	0.074
0.539	0.082	0.378	0.001
0.068	0.001	0.001	0.930
0.001	0.001	0.997	0.001
0.997	0.001	0.001	0.001
0.001	0.835	0.001	0.163
0.036	0.001	0.962	0.001
0.001	0.001	0.001	0.997
0.001	0.997	0.001	0.001
0.916	0.001	0.001	0.082
>GGATCTGCCG	15-GGATCTGCCG	10.296193	-3.773966	0	T:1.0(1.09%),B:9.0(0.02%),P:1e-1	Tpos:348.5,Tstd:165.1,Bpos:516.1,Bstd:295.5,StrandBias:10.0,Multiplicity:4.00
0.100	0.100	0.700	0.100
0.100	0.100	0.700	0.100
0.700	0.100	0.100	0.100
0.100	0.100	0.100	0.700
0.100	0.700	0.100	0.100
0.100	0.100	0.100	0.700
0.100	0.100	0.700	0.100
0.100	0.700	0.100	0.100
0.100	0.700	0.100	0.100
0.100	0.100	0.700	0.100
>CCAGCTCCAG	16-CCAGCTCCAG	10.506148	-2.735859	0	T:3.0(3.26%),B:393.1(0.99%),P:1e-1	Tpos:328.6,Tstd:191.8,Bpos:441.3,Bstd:301.3,StrandBias:10.0,Multiplicity:6.33
0.001	0.997	0.001	0.001
0.001	0.997	0.001	0.001
0.774	0.001	0.001	0.224
0.001	0.203	0.795	0.001
0.001	0.997	0.001	0.001
0.291	0.001	0.001	0.707
0.001	0.997	0.001	0.001
0.001	0.997	0.001	0.001
0.997	0.001	0.001	0.001
0.001	0.001	0.776	0.222
>CWATTTTTTCGT	1-CWATTTTTTCGT	12.337107	-25.791015	0	T:18.0(19.57%),B:931.1(2.35%),P:1e-11	Tpos:551.8,Tstd:264.8,Bpos:507.7,Bstd:306.6,StrandBias:0.8,Multiplicity:1.06
0.001	0.997	0.001	0.001
0.424	0.001	0.001	0.574
0.857	0.092	0.001	0.050
0.001	0.098	0.001	0.900
0.001	0.127	0.001	0.871
0.001	0.001	0.001	0.997
0.001	0.001	0.001	0.997
0.001	0.084	0.001	0.914
0.001	0.001	0.092	0.906
0.151	0.760	0.001	0.088
0.074	0.094	0.831	0.001
0.114	0.001	0.090	0.795
>TTAAATTASTAT	2-TTAAATTASTAT	11.699821	-24.410234	0	T:17.0(18.48%),B:877.6(2.22%),P:1e-10	Tpos:456.6,Tstd:251.4,Bpos:507.5,Bstd:283.3,StrandBias:0.5,Multiplicity:1.12
0.001	0.001	0.001	0.997
0.243	0.074	0.001	0.682
0.921	0.001	0.001	0.077
0.997	0.001	0.001	0.001
0.823	0.001	0.001	0.175
0.001	0.001	0.001	0.997
0.001	0.001	0.001	0.997
0.871	0.001	0.001	0.127
0.088	0.373	0.474	0.065
0.116	0.079	0.001	0.804
0.997	0.001	0.001	0.001
0.001	0.128	0.001	0.870
>TGGGGGAGTTTA	3-TGGGGGAGTTTA	14.257844	-22.079498	0	T:5.0(5.43%),B:11.1(0.03%),P:1e-9	Tpos:755.0,Tstd:197.1,Bpos:557.8,Bstd:199.9,StrandBias:-10.0,Multiplicity:1.00
0.197	0.001	0.001	0.801
0.001	0.001	0.997	0.001
0.001	0.001	0.997	0.001
0.001	0.001	0.776	0.222
0.001	0.001	0.997	0.001
0.001	0.001	0.776	0.222
0.997	0.001	0.001	0.001
0.001	0.001	0.997	0.001
0.001	0.001	0.001	0.997
0.001	0.001	0.197	0.801
0.001	0.001	0.001	0.997
0.997	0.001	0.001	0.001
>CAAAATTGATAT	4-CAAAATTGATAT	11.760918	-21.029508	0	T:15.0(16.30%),B:807.8(2.04%),P:1e-9	Tpos:466.8,Tstd:212.6,Bpos:518.6,Bstd:290.2,StrandBias:-0.2,Multiplicity:1.00
0.046	0.899	0.054	0.001
0.997	0.001	0.001	0.001
0.976	0.001	0.001	0.022
0.997	0.001	0.001	0.001
0.918	0.001	0.001	0.080
0.001	0.091	0.108	0.800
0.001	0.091	0.119	0.789
0.001	0.077	0.858	0.064
0.892	0.106	0.001	0.001
0.047	0.001	0.001	0.951
0.997	0.001	0.001	0.001
0.074	0.001	0.001	0.924
>ACCTGATTGATG	5-ACCTGATTGATG	13.990205	-20.549918	0	T:5.0(5.43%),B:16.9(0.04%),P:1e-8	Tpos:215.6,Tstd:170.4,Bpos:484.2,Bstd:258.2,StrandBias:10.0,Multiplicity:1.00
0.997	0.001	0.001	0.001
0.001	0.841	0.001	0.157
0.001	0.828	0.001	0.170
0.001	0.001	0.001	0.997
0.001	0.001	0.997	0.001
0.561	0.232	0.206	0.001
0.001	0.001	0.001	0.997
0.001	0.001	0.001	0.997
0.001	0.001	0.997	0.001
0.997	0.001	0.001	0.001
0.001	0.001	0.001	0.997
0.001	0.001	0.997	0.001
>TTGACAACTTTC	6-TTGACAACTTTC	12.813977	-20.321199	0	T:11.0(11.96%),B:370.4(0.94%),P:1e-8	Tpos:356.8,Tstd:258.8,Bpos:486.4,Bstd:294.0,StrandBias:0.0,Multiplicity:1.09
0.001	0.001	0.001	0.997
0.001	0.001	0.184	0.814
0.001	0.001	0.997	0.001
0.997	0.001	0.001	0.001
0.179	0.663	0.157	0.001
0.997	0.001	0.001	0.001
0.997	0.001	0.001	0.001
0.134	0.789	0.001	0.076
0.001	0.001	0.001	0.997
0.001	0.001	0.001	0.997
0.001	0.001	0.001	0.997
0.135	0.863	0.001	0.001
>AAAAACTATTGA	7-AAAAACTATTGA	13.447000	-20.266601	0	T:11.0(11.96%),B:372.4(0.94%),P:1e-8	Tpos:406.5,Tstd:277.3,Bpos:488.0,Bstd:297.4,StrandBias:0.8,Multiplicity:1.00
0.809	0.001	0.087	0.103
0.997	0.001	0.001	0.001
0.873	0.125	0.001	0.001
0.875	0.001	0.123	0.001
0.997	0.001	0.001	0.001
0.032	0.939	0.001	0.028
0.001	0.072	0.001	0.926
0.894	0.001	0.001	0.104
0.167	0.083	0.001	0.749
0.001	0.001	0.001	0.997
0.001	0.001	0.997	0.001
0.997	0.001	0.001	0.001
>CGGACAATGGAA	8-CGGACAATGGAA	14.030208	-19.182814	0	T:5.0(5.43%),B:22.7(0.06%),P:1e-8	Tpos:464.8,Tstd:196.9,Bpos:529.4,Bstd:264.9,StrandBias:-2.0,Multiplicity:1.00
0.181	0.817	0.001	0.001
0.149	0.001	0.849	0.001
0.001	0.001	0.997	0.001
0.997	0.001	0.001	0.001
0.001	0.997	0.001	0.001
0.997	0.001	0.001	0.001
0.797	0.001	0.001	0.201
0.218	0.001	0.001	0.780
0.001	0.001	0.997	0.001
0.001	0.001	0.997	0.001
0.997	0.001	0.001	0.001
0.997	0.001	0.001	0.001
>CGGTTTCCCTTT	9-CGGTTTCCCTTT	13.575929	-18.635218	0	T:6.0(6.52%),B:58.0(0.15%),P:1e-8	Tpos:691.3,Tstd:364.5,Bpos:480.7,Bstd:280.2,StrandBias:1.0,Multiplicity:1.00
0.001	0.997	0.001	0.001
0.001	0.001	0.997	0.001
0.001	0.001	0.604	0.394
0.209	0.001	0.001	0.789
0.001	0.001	0.001	0.997
0.001	0.001	0.001	0.997
0.001	0.840	0.001	0.158
0.001	0.814	0.184	0.001
0.001	0.997	0.001	0.001
0.001	0.001	0.001	0.997
0.001	0.001	0.001	0.997
0.001	0.001	0.001	0.997
>CGAAATGTTCTG	10-CGAAATGTTCTG	13.884052	-18.580911	0	T:7.0(7.61%),B:105.3(0.27%),P:1e-8	Tpos:395.7,Tstd:180.2,Bpos:495.8,Bstd:283.7,StrandBias:0.4,Multiplicity:1.00
0.001	0.804	0.194	0.001
0.209	0.001	0.789	0.001
0.997	0.001	0.001	0.001
0.997	0.001	0.001	0.001
0.997	0.001	0.001	0.001
0.001	0.001	0.001	0.997
0.001	0.001	0.865	0.133
0.001	0.001	0.001	0.997
0.001	0.001	0.001	0.997
0.001	0.997	0.001	0.001
0.001	0.001	0.223	0.775
0.001	0.001	0.997	0.001
>GSDYNTGYCGCT	11-GSDYNTGYCGCT	8.051215	-18.538637	0	T:6.0(6.52%),B:58.1(0.15%),P:1e-8	Tpos:385.6,Tstd:296.2,Bpos:437.0,Bstd:267.8,StrandBias:1.8,Multiplicity:1.50
0.354	0.039	0.606	0.001
0.123	0.421	0.335	0.121
0.395	0.028	0.262	0.315
0.123	0.281	0.185	0.412
0.241	0.281	0.179	0.299
0.281	0.100	0.057	0.562
0.028	0.317	0.654	0.001
0.028	0.543	0.001	0.428
0.177	0.598	0.224	0.001
0.212	0.001	0.646	0.141
0.130	0.607	0.112	0.151
0.307	0.001	0.001	0.691
>AAAGTTTTGCAG	12-AAAGTTTTGCAG	13.308726	-18.484084	0	T:11.0(11.96%),B:444.6(1.12%),P:1e-8	Tpos:534.6,Tstd:281.6,Bpos:522.5,Bstd:316.1,StrandBias:-0.3,Multiplicity:1.00
0.997	0.001	0.001	0.001
0.997	0.001	0.001	0.001
0.851	0.001	0.001	0.147
0.081	0.001	0.814	0.104
0.001	0.001	0.001	0.997
0.001	0.001	0.189	0.809
0.001	0.001	0.001	0.997
0.001	0.001	0.001	0.997
0.001	0.001	0.910	0.088
0.001	0.997	0.001	0.001
0.821	0.177	0.001	0.001
0.095	0.001	0.903	0.001
>GATTTGGATTTT	13-GATTTGGATTTT	13.086351	-14.192150	0	T:11.0(11.96%),B:687.1(1.74%),P:1e-6	Tpos:505.5,Tstd:281.8,Bpos:512.8,Bstd:311.1,StrandBias:-0.5,Multiplicity:1.09
0.061	0.001	0.810	0.128
0.997	0.001	0.001	0.001
0.174	0.001	0.001	0.824
0.001	0.001	0.001	0.997
0.001	0.001	0.001	0.997
0.001	0.130	0.777	0.092
0.099	0.001	0.754	0.146
0.997	0.001	0.001	0.001
0.001	0.001	0.001	0.997
0.001	0.001	0.001	0.997
0.001	0.001	0.001	0.997
0.001	0.001	0.001	0.997
>CCACGCCATCTC	14-CCACGCCATCTC	12.578417	-13.639576	0	T:4.0(4.35%),B:30.6(0.08%),P:1e-5	Tpos:325.5,Tstd:354.5,Bpos:533.5,Bstd:345.4,StrandBias:0.0,Multiplicity:1.00
0.001	0.997	0.001	0.001
0.196	0.523	0.280	0.001
0.997	0.001	0.001	0.001
0.010	0.988	0.001	0.001
0.001	0.013	0.985	0.001
0.001	0.523	0.280	0.196
0.001	0.807	0.191	0.001
0.514	0.293	0.001	0.192
0.001	0.001	0.001	0.997
0.001	0.997	0.001	0.001
0.001	0.001	0.001	0.997
0.001	0.719	0.001	0.279
>TCCGGTTTTCCT	15-TCCGGTTTTCCT	9.394258	-13.400013	0	T:5.0(5.43%),B:78.7(0.20%),P:1e-5	Tpos:555.7,Tstd:319.5,Bpos:509.7,Bstd:312.1,StrandBias:-0.4,Multiplicity:1.40
0.001	0.174	0.001	0.824
0.001	0.997	0.001	0.001
0.161	0.837	0.001	0.001
0.001	0.001	0.997	0.001
0.001	0.001	0.997	0.001
0.001	0.001	0.001	0.997
0.001	0.001	0.169	0.829
0.001	0.001	0.155	0.843
0.001	0.001	0.001	0.997
0.001	0.997	0.001	0.001
0.001	0.997	0.001	0.001
0.001	0.001	0.001	0.997
>CCACYGGTKGKM	16-CCACYGGTKGKM	13.746914	-11.733014	0	T:3.0(3.26%),B:14.3(0.04%),P:1e-5	Tpos:193.3,Tstd:63.7,Bpos:361.7,Bstd:368.8,StrandBias:-10.0,Multiplicity:1.00
0.019	0.979	0.001	0.001
0.001	0.997	0.001	0.001
0.997	0.001	0.001	0.001
0.001	0.997	0.001	0.001
0.001	0.537	0.001	0.461
0.001	0.001	0.997	0.001
0.001	0.001	0.997	0.001
0.001	0.001	0.001	0.997
0.001	0.001	0.537	0.461
0.001	0.001	0.981	0.017
0.020	0.001	0.517	0.462
0.461	0.537	0.001	0.001
>GRCAGACCTTGT	17-GRCAGACCTTGT	10.441084	-9.248480	0	T:6.0(6.52%),B:309.5(0.78%),P:1e-4	Tpos:526.5,Tstd:140.4,Bpos:473.4,Bstd:308.6,StrandBias:0.8,Multiplicity:1.83
0.001	0.001	0.997	0.001
0.359	0.001	0.472	0.168
0.001	0.997	0.001	0.001
0.656	0.001	0.001	0.342
0.001	0.001	0.997	0.001
0.830	0.001	0.001	0.168
0.146	0.852	0.001	0.001
0.272	0.726	0.001	0.001
0.359	0.001	0.005	0.635
0.340	0.001	0.001	0.658
0.001	0.001	0.662	0.336
0.125	0.152	0.001	0.722
>CCAGWATATCCT	18-CCAGWATATCCT	8.776634	-9.184686	0	T:7.0(7.61%),B:454.9(1.15%),P:1e-3	Tpos:471.0,Tstd:286.3,Bpos:507.8,Bstd:284.4,StrandBias:-1.6,Multiplicity:2.29
0.001	0.997	0.001	0.001
0.133	0.733	0.001	0.133
0.632	0.001	0.366	0.001
0.001	0.001	0.997	0.001
0.456	0.001	0.001	0.542
0.997	0.001	0.001	0.001
0.001	0.001	0.001	0.997
0.997	0.001	0.001	0.001
0.001	0.001	0.159	0.839
0.001	0.997	0.001	0.001
0.181	0.526	0.133	0.160
0.132	0.001	0.001	0.866
>GAGGAGTGAYGT	19-GAGGAGTGAYGT	10.552355	-9.179563	0	T:6.0(6.52%),B:313.6(0.79%),P:1e-3	Tpos:528.8,Tstd:210.1,Bpos:546.2,Bstd:288.9,StrandBias:1.7,Multiplicity:2.17
0.001	0.228	0.574	0.197
0.816	0.176	0.007	0.001
0.209	0.001	0.789	0.001
0.012	0.013	0.776	0.199
0.991	0.001	0.007	0.001
0.170	0.001	0.828	0.001
0.001	0.001	0.001	0.997
0.008	0.001	0.990	0.001
0.823	0.001	0.001	0.175
0.001	0.417	0.228	0.354
0.001	0.001	0.997	0.001
0.001	0.001	0.001	0.997
>TCMAAGGGGGCA	20-TCMAAGGGGGCA	14.397924	-9.106418	0	T:2.0(2.17%),B:5.7(0.01%),P:1e-3	Tpos:197.7,Tstd:28.9,Bpos:389.8,Bstd:231.3,StrandBias:-10.0,Multiplicity:1.50
0.001	0.001	0.374	0.624
0.001	0.997	0.001	0.001
0.417	0.563	0.001	0.019
0.703	0.255	0.001	0.041
0.997	0.001	0.001	0.001
0.001	0.001	0.997	0.001
0.001	0.001	0.997	0.001
0.001	0.001	0.997	0.001
0.001	0.001	0.997	0.001
0.001	0.001	0.997	0.001
0.001	0.997	0.001	0.001
0.997	0.001	0.001	0.001
>AAATTACACTTT	21-AAATTACACTTT	12.355432	-8.368315	0	T:3.0(3.26%),B:48.4(0.12%),P:1e-3	Tpos:526.5,Tstd:255.1,Bpos:537.5,Bstd:282.4,StrandBias:0.0,Multiplicity:1.33
0.700	0.100	0.100	0.100
0.700	0.100	0.100	0.100
0.700	0.100	0.100	0.100
0.100	0.100	0.100	0.700
0.100	0.100	0.100	0.700
0.700	0.100	0.100	0.100
0.100	0.700	0.100	0.100
0.700	0.100	0.100	0.100
0.100	0.700	0.100	0.100
0.100	0.100	0.100	0.700
0.100	0.100	0.100	0.700
0.100	0.100	0.100	0.700
>GMTGGTGCTGGA	22-GMTGGTGCTGGA	8.995255	-6.305586	0	T:5.0(5.43%),B:369.4(0.93%),P:1e-2	Tpos:334.3,Tstd:213.7,Bpos:421.5,Bstd:303.5,StrandBias:-3.2,Multiplicity:4.20
0.001	0.001	0.997	0.001
0.519	0.479	0.001	0.001
0.001	0.001	0.001	0.997
0.001	0.001	0.997	0.001
0.133	0.001	0.865	0.001
0.245	0.001	0.001	0.753
0.001	0.099	0.899	0.001
0.001	0.997	0.001	0.001
0.133	0.001	0.001	0.865
0.001	0.086	0.779	0.134
0.001	0.085	0.913	0.001
0.997	0.001	0.001	0.001
>GATCGTCGGGAG	23-GATCGTCGGGAG	12.355432	-6.066234	0	T:1.0(1.09%),B:0.0(0.00%),P:1e-2	Tpos:366.4,Tstd:211.8,Bpos:0.0,Bstd:0.0,StrandBias:10.0,Multiplicity:5.00
0.100	0.100	0.700	0.100
0.700	0.100	0.100	0.100
0.100	0.100	0.100	0.700
0.100	0.700	0.100	0.100
0.100	0.100	0.700	0.100
0.100	0.100	0.100	0.700
0.100	0.700	0.100	0.100
0.100	0.100	0.700	0.100
0.100	0.100	0.700	0.100
0.100	0.100	0.700	0.100
0.700	0.100	0.100	0.100
0.100	0.100	0.700	0.100
>GTTCAGCTGCTG	24-GTTCAGCTGCTG	12.355432	-5.374235	0	T:1.0(1.09%),B:1.6(0.00%),P:1e-2	Tpos:378.4,Tstd:211.8,Bpos:259.8,Bstd:216.1,StrandBias:10.0,Multiplicity:5.00
0.100	0.100	0.700	0.100
0.100	0.100	0.100	0.700
0.100	0.100	0.100	0.700
0.100	0.700	0.100	0.100
0.700	0.100	0.100	0.100
0.100	0.100	0.700	0.100
0.100	0.700	0.100	0.100
0.100	0.100	0.100	0.700
0.100	0.100	0.700	0.100
0.100	0.700	0.100	0.100
0.100	0.100	0.100	0.700
0.100	0.100	0.700	0.100
>AGGATMWTCGGG	25-AGGATMWTCGGG	14.263473	-4.127206	0	T:1.0(1.09%),B:6.0(0.02%),P:1e-1	Tpos:400.4,Tstd:211.8,Bpos:651.3,Bstd:317.7,StrandBias:10.0,Multiplicity:5.00
0.997	0.001	0.001	0.001
0.001	0.001	0.997	0.001
0.001	0.001	0.997	0.001
0.997	0.001	0.001	0.001
0.001	0.001	0.001	0.997
0.428	0.570	0.001	0.001
0.295	0.001	0.275	0.429
0.001	0.001	0.001	0.997
0.001	0.997	0.001	0.001
0.001	0.060	0.570	0.369
0.001	0.001	0.997	0.001
0.001	0.001	0.997	0.001
>AAAGGGAA	1-AAAGGGAA	8.236954	-7.180466	0	T:14.0(15.22%),B:2267.0(5.73%),P:1e-3	Tpos:659.4,Tstd:303.0,Bpos:537.2,Bstd:306.4,StrandBias:-1.3,Multiplicity:1.21
0.700	0.100	0.100	0.100
0.700	0.100	0.100	0.100
0.700	0.100	0.100	0.100
0.100	0.100	0.700	0.100
0.100	0.100	0.700	0.100
0.100	0.100	0.700	0.100
0.700	0.100	0.100	0.100
0.700	0.100	0.100	0.100
>GTTCTAGA	2-GTTCTAGA	8.236954	-6.341339	0	T:9.0(9.78%),B:1178.3(2.98%),P:1e-2	Tpos:419.8,Tstd:312.8,Bpos:512.2,Bstd:295.8,StrandBias:0.0,Multiplicity:1.22
0.100	0.100	0.700	0.100
0.100	0.100	0.100	0.700
0.100	0.100	0.100	0.700
0.100	0.700	0.100	0.100
0.100	0.100	0.100	0.700
0.700	0.100	0.100	0.100
0.100	0.100	0.700	0.100
0.700	0.100	0.100	0.100
>GYGMCGTC	3-GYGMCGTC	5.585702	-3.596851	0	T:17.0(18.48%),B:4455.5(11.26%),P:1e-1	Tpos:466.4,Tstd:273.0,Bpos:496.9,Bstd:296.4,StrandBias:0.2,Multiplicity:1.65
0.332	0.001	0.666	0.001
0.001	0.349	0.183	0.467
0.001	0.341	0.657	0.001
0.450	0.394	0.155	0.001
0.039	0.584	0.202	0.175
0.234	0.204	0.511	0.051
0.001	0.352	0.048	0.599
0.208	0.567	0.158	0.067
>TGCCCCCT	4-TGCCCCCT	8.304702	-3.163157	0	T:4.0(4.35%),B:559.6(1.41%),P:1e-1	Tpos:281.8,Tstd:179.6,Bpos:510.6,Bstd:303.1,StrandBias:3.2,Multiplicity:2.50
0.001	0.001	0.001	0.997
0.001	0.001	0.997	0.001
0.001	0.997	0.001	0.001
0.001	0.997	0.001	0.001
0.001	0.997	0.001	0.001
0.001	0.997	0.001	0.001
0.001	0.997	0.001	0.001
0.001	0.063	0.001	0.935
>GCTCCAGC	5-GCTCCAGC	7.246759	-2.940381	0	T:8.0(8.70%),B:1759.2(4.45%),P:1e-1	Tpos:339.5,Tstd:214.2,Bpos:455.5,Bstd:296.8,StrandBias:0.6,Multiplicity:3.50
0.001	0.259	0.739	0.001
0.049	0.949	0.001	0.001
0.001	0.001	0.001	0.997
0.031	0.967	0.001	0.001
0.001	0.997	0.001	0.001
0.997	0.001	0.001	0.001
0.001	0.001	0.997	0.001
0.001	0.997	0.001	0.001
>GGAGGATC	6-GGAGGATC	3.952615	-0.916958	0	T:9.0(9.78%),B:3417.0(8.64%),P:1e0	Tpos:422.8,Tstd:238.4,Bpos:479.7,Bstd:303.2,StrandBias:2.3,Multiplicity:4.00
0.001	0.001	0.997	0.001
0.001	0.001	0.997	0.001
0.997	0.001	0.001	0.001
0.001	0.001	0.997	0.001
0.001	0.001	0.997	0.001
0.809	0.001	0.001	0.189
0.001	0.001	0.001	0.997
0.324	0.674	0.001	0.001
