>HACAAAATTTTK	11-HACAAAATTTTK,BestGuess:MF0010.1_Homeobox_class/Jaspar(0.571)	8.891866	-7.687610	0	T:8.0(30.77%),B:2398.9(7.50%),P:1e-3
0.327	0.324	0.101	0.248
0.692	0.082	0.091	0.135
0.303	0.634	0.001	0.062
0.616	0.115	0.145	0.124
0.494	0.194	0.014	0.298
0.790	0.082	0.113	0.015
0.603	0.057	0.230	0.110
0.129	0.057	0.226	0.588
0.086	0.103	0.157	0.654
0.211	0.059	0.025	0.705
0.216	0.159	0.131	0.495
0.150	0.114	0.408	0.328
