>AAGATAGA	1-AAGATAGA	7.115665	-11.234848	0	T:81.0(61.83%),B:18086.2(43.14%),P:1e-4	Tpos:554.3,Tstd:284.4,Bpos:523.6,Bstd:312.9,StrandBias:-0.5,Multiplicity:1.60
0.659	0.090	0.001	0.250
0.842	0.156	0.001	0.001
0.055	0.001	0.943	0.001
0.945	0.001	0.053	0.001
0.001	0.001	0.187	0.811
0.997	0.001	0.001	0.001
0.190	0.001	0.808	0.001
0.997	0.001	0.001	0.001
>GCCCGAGC	2-GCCCGAGC	9.079899	-10.894299	0	T:11.0(8.40%),B:716.5(1.71%),P:1e-4	Tpos:543.6,Tstd:272.8,Bpos:485.0,Bstd:317.3,StrandBias:0.0,Multiplicity:1.27
0.001	0.001	0.934	0.064
0.001	0.997	0.001	0.001
0.001	0.997	0.001	0.001
0.339	0.514	0.001	0.146
0.001	0.001	0.997	0.001
0.997	0.001	0.001	0.001
0.001	0.001	0.997	0.001
0.001	0.997	0.001	0.001
>ACATGAAC	3-ACATGAAC	7.808069	-10.456617	0	T:24.0(18.32%),B:3071.8(7.33%),P:1e-4	Tpos:573.8,Tstd:292.6,Bpos:503.7,Bstd:314.0,StrandBias:0.3,Multiplicity:1.12
0.945	0.001	0.053	0.001
0.001	0.997	0.001	0.001
0.842	0.001	0.156	0.001
0.001	0.144	0.001	0.854
0.001	0.001	0.997	0.001
0.997	0.001	0.001	0.001
0.997	0.001	0.001	0.001
0.001	0.997	0.001	0.001
>TGAGCCTC	4-TGAGCCTC	7.874582	-10.243715	0	T:19.0(14.50%),B:2115.3(5.05%),P:1e-4	Tpos:589.3,Tstd:281.0,Bpos:486.4,Bstd:319.9,StrandBias:0.7,Multiplicity:1.32
0.001	0.001	0.001	0.997
0.001	0.001	0.997	0.001
0.929	0.001	0.001	0.069
0.001	0.001	0.997	0.001
0.001	0.734	0.264	0.001
0.001	0.997	0.001	0.001
0.001	0.093	0.001	0.905
0.112	0.886	0.001	0.001
>CGTAAATC	5-CGTAAATC	8.195602	-5.584862	0	T:29.0(22.14%),B:5573.5(13.29%),P:1e-2	Tpos:399.5,Tstd:267.9,Bpos:517.2,Bstd:298.8,StrandBias:0.5,Multiplicity:1.72
0.001	0.835	0.001	0.163
0.001	0.001	0.997	0.001
0.001	0.001	0.001	0.997
0.900	0.098	0.001	0.001
0.997	0.001	0.001	0.001
0.997	0.001	0.001	0.001
0.001	0.089	0.001	0.909
0.001	0.837	0.001	0.161
