>CCCCTTTT	1-CCCCTTTT	6.915660	-39.918035	0	T:692.0(69.27%),B:22066.3(55.80%),P:1e-17	Tpos:563.3,Tstd:285.8,Bpos:535.8,Bstd:342.7,StrandBias:1.3,Multiplicity:1.85
0.001	0.770	0.031	0.198
0.045	0.617	0.020	0.318
0.034	0.623	0.028	0.315
0.100	0.550	0.001	0.349
0.001	0.208	0.001	0.790
0.127	0.093	0.001	0.779
0.001	0.300	0.001	0.698
0.001	0.100	0.055	0.844
>YCTYTTCT	2-YCTYTTCT	7.000967	-39.710963	0	T:610.0(61.06%),B:18720.8(47.34%),P:1e-17	Tpos:551.0,Tstd:294.8,Bpos:544.8,Bstd:343.6,StrandBias:1.6,Multiplicity:1.47
0.001	0.507	0.001	0.491
0.073	0.650	0.241	0.036
0.001	0.001	0.078	0.920
0.222	0.424	0.001	0.352
0.001	0.022	0.141	0.836
0.168	0.001	0.228	0.603
0.001	0.567	0.132	0.300
0.099	0.001	0.001	0.899
>GGGCGKAG	3-GGGCGKAG	7.353334	-36.800927	0	T:191.0(19.12%),B:4050.7(10.24%),P:1e-15	Tpos:638.1,Tstd:279.5,Bpos:577.8,Bstd:338.4,StrandBias:-0.8,Multiplicity:1.18
0.001	0.001	0.997	0.001
0.001	0.001	0.997	0.001
0.082	0.001	0.916	0.001
0.001	0.990	0.001	0.008
0.001	0.001	0.997	0.001
0.001	0.001	0.428	0.570
0.694	0.124	0.181	0.001
0.001	0.001	0.997	0.001
>CGTCTTCT	4-CGTCTTCT	6.852942	-33.982459	0	T:523.0(52.35%),B:15741.9(39.81%),P:1e-14	Tpos:586.7,Tstd:292.0,Bpos:529.9,Bstd:342.0,StrandBias:0.8,Multiplicity:1.46
0.001	0.849	0.001	0.149
0.064	0.034	0.779	0.123
0.001	0.001	0.001	0.997
0.126	0.872	0.001	0.001
0.001	0.070	0.195	0.734
0.072	0.001	0.069	0.858
0.001	0.654	0.152	0.193
0.099	0.122	0.001	0.778
>GAAAGGAA	5-GAAAGGAA	7.046047	-26.176311	0	T:650.0(65.07%),B:21444.9(54.23%),P:1e-11	Tpos:539.5,Tstd:307.0,Bpos:529.0,Bstd:330.0,StrandBias:-1.3,Multiplicity:1.61
0.182	0.001	0.784	0.033
0.965	0.001	0.033	0.001
0.971	0.001	0.001	0.027
0.805	0.043	0.048	0.104
0.001	0.102	0.738	0.159
0.147	0.001	0.851	0.001
0.977	0.021	0.001	0.001
0.904	0.038	0.001	0.057
>CTGCTCTC	6-CTGCTCTC	7.865016	-24.186988	0	T:206.0(20.62%),B:5150.0(13.02%),P:1e-10	Tpos:549.0,Tstd:284.0,Bpos:537.0,Bstd:342.5,StrandBias:1.1,Multiplicity:1.18
0.001	0.919	0.079	0.001
0.001	0.001	0.259	0.739
0.001	0.001	0.881	0.117
0.001	0.952	0.046	0.001
0.001	0.136	0.044	0.819
0.001	0.997	0.001	0.001
0.001	0.001	0.001	0.997
0.001	0.997	0.001	0.001
>GGCGTGGC	7-GGCGTGGC	5.703365	-21.342817	0	T:134.0(13.41%),B:3031.1(7.66%),P:1e-9	Tpos:591.0,Tstd:285.0,Bpos:549.1,Bstd:336.2,StrandBias:-0.9,Multiplicity:1.08
0.001	0.001	0.997	0.001
0.001	0.001	0.997	0.001
0.001	0.897	0.101	0.001
0.001	0.001	0.997	0.001
0.001	0.001	0.001	0.997
0.001	0.001	0.997	0.001
0.190	0.001	0.630	0.179
0.001	0.925	0.073	0.001
>GAGTGCTC	8-GAGTGCTC	6.793907	-20.786514	0	T:167.0(16.72%),B:4092.1(10.35%),P:1e-9	Tpos:572.2,Tstd:300.0,Bpos:539.0,Bstd:343.6,StrandBias:0.1,Multiplicity:1.15
0.079	0.001	0.848	0.072
0.492	0.001	0.293	0.214
0.054	0.068	0.778	0.100
0.001	0.015	0.103	0.881
0.051	0.164	0.784	0.001
0.036	0.576	0.387	0.001
0.045	0.001	0.116	0.838
0.038	0.909	0.001	0.052
>AATGACGT	9-AATGACGT	7.188909	-20.614569	0	T:362.0(36.24%),B:10833.5(27.39%),P:1e-8	Tpos:533.5,Tstd:292.6,Bpos:505.3,Bstd:315.1,StrandBias:-0.5,Multiplicity:1.23
0.936	0.062	0.001	0.001
0.888	0.056	0.001	0.055
0.055	0.044	0.029	0.872
0.001	0.001	0.963	0.035
0.997	0.001	0.001	0.001
0.001	0.797	0.054	0.148
0.064	0.001	0.835	0.100
0.102	0.001	0.032	0.865
>GAGAGTCA	10-GAGAGTCA	8.184961	-19.695647	0	T:129.0(12.91%),B:2961.7(7.49%),P:1e-8	Tpos:525.9,Tstd:307.9,Bpos:516.7,Bstd:342.7,StrandBias:-0.4,Multiplicity:1.06
0.001	0.001	0.997	0.001
0.997	0.001	0.001	0.001
0.001	0.001	0.997	0.001
0.997	0.001	0.001	0.001
0.001	0.001	0.997	0.001
0.001	0.133	0.218	0.648
0.132	0.866	0.001	0.001
0.899	0.099	0.001	0.001
>CTCTTCCT	11-CTCTTCCT	7.170751	-18.529730	0	T:464.0(46.45%),B:14849.8(37.55%),P:1e-8	Tpos:557.3,Tstd:298.2,Bpos:537.6,Bstd:341.2,StrandBias:1.3,Multiplicity:1.40
0.044	0.893	0.001	0.062
0.078	0.059	0.037	0.826
0.037	0.961	0.001	0.001
0.001	0.078	0.001	0.920
0.001	0.041	0.001	0.957
0.041	0.718	0.100	0.141
0.072	0.845	0.082	0.001
0.080	0.001	0.001	0.918
>GGTGCAAA	12-GGTGCAAA	7.494383	-17.418321	0	T:121.0(12.11%),B:2834.6(7.17%),P:1e-7	Tpos:488.5,Tstd:280.3,Bpos:511.9,Bstd:314.0,StrandBias:-0.4,Multiplicity:1.06
0.001	0.001	0.997	0.001
0.001	0.001	0.997	0.001
0.001	0.120	0.001	0.878
0.001	0.001	0.997	0.001
0.001	0.997	0.001	0.001
0.707	0.001	0.001	0.291
0.889	0.001	0.001	0.109
0.997	0.001	0.001	0.001
>ATTCGTCC	13-ATTCGTCC	7.235142	-17.005411	0	T:216.0(21.62%),B:5972.8(15.10%),P:1e-7	Tpos:516.8,Tstd:287.2,Bpos:497.4,Bstd:322.5,StrandBias:0.7,Multiplicity:1.12
0.871	0.052	0.039	0.038
0.032	0.111	0.050	0.807
0.001	0.018	0.059	0.922
0.067	0.790	0.050	0.093
0.081	0.037	0.881	0.001
0.001	0.023	0.001	0.975
0.001	0.909	0.061	0.029
0.039	0.887	0.001	0.073
>CCCCATGG	14-CCCCATGG	7.129476	-11.323593	0	T:101.0(10.11%),B:2564.9(6.49%),P:1e-4	Tpos:535.0,Tstd:309.4,Bpos:515.0,Bstd:320.3,StrandBias:-0.0,Multiplicity:1.09
0.121	0.522	0.001	0.356
0.001	0.937	0.001	0.061
0.001	0.997	0.001	0.001
0.001	0.915	0.001	0.083
0.889	0.001	0.109	0.001
0.100	0.157	0.001	0.742
0.001	0.001	0.997	0.001
0.001	0.001	0.997	0.001
