>CTCTYYTTTT	1-CTCTYYTTTT	7.024014	-62.154019	0	T:492.0(49.25%),B:12808.3(32.39%),P:1e-26	Tpos:572.6,Tstd:291.7,Bpos:545.6,Bstd:343.0,StrandBias:1.6,Multiplicity:1.44
0.116	0.557	0.246	0.081
0.110	0.330	0.038	0.522
0.157	0.632	0.044	0.167
0.126	0.266	0.040	0.568
0.042	0.491	0.027	0.439
0.192	0.328	0.092	0.388
0.165	0.053	0.038	0.744
0.030	0.286	0.015	0.669
0.043	0.044	0.033	0.880
0.124	0.251	0.123	0.502
>GGGCGGAGCC	2-GGGCGGAGCC	7.442394	-54.461596	0	T:222.0(22.22%),B:4289.5(10.85%),P:1e-23	Tpos:656.8,Tstd:279.8,Bpos:570.9,Bstd:345.4,StrandBias:-1.0,Multiplicity:1.24
0.124	0.086	0.698	0.092
0.013	0.125	0.808	0.054
0.047	0.001	0.951	0.001
0.085	0.644	0.064	0.207
0.001	0.001	0.997	0.001
0.001	0.079	0.850	0.070
0.701	0.037	0.162	0.100
0.001	0.001	0.887	0.111
0.051	0.811	0.012	0.126
0.151	0.650	0.001	0.198
>CACGCCTTCA	3-CACGCCTTCA	8.478268	-40.662642	0	T:115.0(11.51%),B:1813.2(4.59%),P:1e-17	Tpos:555.6,Tstd:282.8,Bpos:542.8,Bstd:325.1,StrandBias:0.8,Multiplicity:1.10
0.233	0.674	0.042	0.051
0.688	0.309	0.002	0.001
0.001	0.807	0.001	0.191
0.001	0.001	0.896	0.102
0.001	0.918	0.001	0.080
0.001	0.997	0.001	0.001
0.001	0.066	0.001	0.932
0.252	0.051	0.001	0.696
0.024	0.834	0.001	0.141
0.575	0.107	0.001	0.317
>CTTCTTCTTC	4-CTTCTTCTTC	8.849651	-33.785127	0	T:306.0(30.63%),B:7893.7(19.96%),P:1e-14	Tpos:600.8,Tstd:287.2,Bpos:542.4,Bstd:359.2,StrandBias:1.0,Multiplicity:1.35
0.001	0.959	0.001	0.039
0.001	0.001	0.001	0.997
0.001	0.140	0.045	0.814
0.001	0.650	0.001	0.348
0.001	0.001	0.201	0.797
0.074	0.167	0.132	0.627
0.001	0.928	0.001	0.070
0.085	0.001	0.222	0.692
0.141	0.175	0.082	0.602
0.001	0.928	0.001	0.070
>ACGCATGAAT	5-ACGCATGAAT	6.956511	-33.353596	0	T:293.0(29.33%),B:7480.4(18.92%),P:1e-14	Tpos:528.7,Tstd:282.3,Bpos:496.5,Bstd:319.1,StrandBias:-0.2,Multiplicity:1.16
0.804	0.094	0.075	0.027
0.046	0.807	0.052	0.095
0.045	0.069	0.784	0.102
0.116	0.763	0.072	0.049
0.815	0.066	0.088	0.031
0.031	0.076	0.068	0.825
0.096	0.095	0.786	0.023
0.762	0.078	0.076	0.084
0.848	0.087	0.054	0.011
0.093	0.034	0.061	0.812
>AAGGGGGCGT	6-AAGGGGGCGT	8.655116	-33.289627	0	T:58.0(5.81%),B:658.9(1.67%),P:1e-14	Tpos:578.8,Tstd:293.0,Bpos:523.8,Bstd:347.2,StrandBias:-0.6,Multiplicity:1.02
0.925	0.001	0.073	0.001
0.571	0.051	0.227	0.151
0.001	0.326	0.672	0.001
0.143	0.001	0.691	0.165
0.120	0.001	0.713	0.166
0.066	0.001	0.932	0.001
0.038	0.001	0.960	0.001
0.001	0.840	0.029	0.130
0.068	0.081	0.850	0.001
0.051	0.001	0.101	0.847
>TCTTCTCATT	7-TCTTCTCATT	8.882691	-33.148391	0	T:313.0(31.33%),B:8170.4(20.66%),P:1e-14	Tpos:538.9,Tstd:294.4,Bpos:533.1,Bstd:331.1,StrandBias:1.0,Multiplicity:1.19
0.001	0.001	0.093	0.905
0.001	0.792	0.122	0.085
0.226	0.001	0.001	0.772
0.001	0.016	0.238	0.745
0.001	0.628	0.161	0.210
0.001	0.001	0.001	0.997
0.174	0.734	0.091	0.001
0.812	0.060	0.075	0.053
0.065	0.001	0.001	0.933
0.001	0.001	0.025	0.973
>CCCTTCCGTT	8-CCCTTCCGTT	7.927158	-32.661945	0	T:120.0(12.01%),B:2175.5(5.50%),P:1e-14	Tpos:512.0,Tstd:317.3,Bpos:529.9,Bstd:335.5,StrandBias:1.3,Multiplicity:1.04
0.059	0.915	0.025	0.001
0.064	0.720	0.157	0.059
0.182	0.647	0.170	0.001
0.083	0.026	0.131	0.760
0.001	0.190	0.001	0.808
0.001	0.997	0.001	0.001
0.001	0.671	0.077	0.251
0.048	0.188	0.744	0.020
0.021	0.221	0.001	0.757
0.001	0.001	0.001	0.997
>TGCTCTCCGG	9-TGCTCTCCGG	9.170189	-32.211254	0	T:47.0(4.70%),B:459.8(1.16%),P:1e-13	Tpos:513.9,Tstd:318.9,Bpos:487.2,Bstd:340.1,StrandBias:0.6,Multiplicity:1.00
0.001	0.001	0.001	0.997
0.045	0.001	0.953	0.001
0.001	0.936	0.062	0.001
0.153	0.224	0.001	0.622
0.001	0.683	0.001	0.315
0.001	0.001	0.001	0.997
0.296	0.622	0.081	0.001
0.058	0.896	0.045	0.001
0.001	0.001	0.997	0.001
0.001	0.001	0.927	0.071
>TTTTTGCTCC	10-TTTTTGCTCC	7.339638	-30.996597	0	T:511.0(51.15%),B:15515.9(39.24%),P:1e-13	Tpos:531.2,Tstd:287.3,Bpos:521.0,Bstd:331.6,StrandBias:1.3,Multiplicity:1.36
0.070	0.109	0.055	0.766
0.054	0.082	0.061	0.803
0.043	0.037	0.045	0.875
0.059	0.052	0.060	0.829
0.051	0.050	0.041	0.858
0.032	0.097	0.813	0.058
0.074	0.767	0.055	0.104
0.115	0.072	0.080	0.733
0.056	0.842	0.040	0.062
0.049	0.720	0.085	0.146
>CACCCTCACA	11-CACCCTCACA	7.751031	-29.230979	0	T:59.0(5.91%),B:751.4(1.90%),P:1e-12	Tpos:496.8,Tstd:290.7,Bpos:524.3,Bstd:350.4,StrandBias:0.6,Multiplicity:1.00
0.160	0.534	0.164	0.142
0.638	0.081	0.055	0.226
0.146	0.586	0.147	0.121
0.201	0.594	0.031	0.174
0.127	0.702	0.035	0.136
0.283	0.041	0.174	0.502
0.021	0.734	0.046	0.199
0.721	0.053	0.206	0.020
0.023	0.884	0.037	0.056
0.549	0.171	0.046	0.234
>TTCCTYTTNC	12-TTCCTYTTNC	6.917792	-28.020023	0	T:265.0(26.53%),B:6865.1(17.36%),P:1e-12	Tpos:552.2,Tstd:303.2,Bpos:535.7,Bstd:337.6,StrandBias:1.5,Multiplicity:1.22
0.026	0.036	0.035	0.903
0.032	0.250	0.027	0.691
0.015	0.488	0.251	0.246
0.021	0.518	0.212	0.249
0.048	0.267	0.242	0.443
0.143	0.351	0.026	0.480
0.026	0.267	0.024	0.683
0.025	0.024	0.252	0.699
0.215	0.340	0.209	0.236
0.012	0.480	0.270	0.238
>CTGAGAGCCG	13-CTGAGAGCCG	7.446020	-27.879887	0	T:89.0(8.91%),B:1504.0(3.80%),P:1e-12	Tpos:508.1,Tstd:285.7,Bpos:517.4,Bstd:325.6,StrandBias:-0.2,Multiplicity:1.14
0.067	0.798	0.037	0.098
0.059	0.114	0.063	0.764
0.063	0.079	0.773	0.085
0.842	0.053	0.030	0.075
0.028	0.095	0.856	0.021
0.837	0.060	0.052	0.051
0.089	0.083	0.800	0.028
0.073	0.774	0.047	0.106
0.145	0.729	0.066	0.060
0.051	0.064	0.835	0.050
>CCTGCTATTT	14-CCTGCTATTT	7.938954	-26.784619	0	T:112.0(11.21%),B:2157.6(5.46%),P:1e-11	Tpos:515.1,Tstd:317.8,Bpos:527.3,Bstd:333.5,StrandBias:1.2,Multiplicity:1.06
0.020	0.675	0.057	0.248
0.209	0.481	0.146	0.163
0.011	0.227	0.225	0.537
0.049	0.241	0.476	0.234
0.034	0.711	0.009	0.246
0.159	0.246	0.045	0.550
0.682	0.063	0.041	0.214
0.024	0.069	0.055	0.852
0.061	0.048	0.060	0.831
0.038	0.114	0.049	0.799
>CTAASATMTA	15-CTAASATMTA	6.526981	-25.046482	0	T:165.0(16.52%),B:3798.6(9.61%),P:1e-10	Tpos:493.5,Tstd:282.8,Bpos:499.2,Bstd:313.8,StrandBias:0.4,Multiplicity:1.11
0.102	0.737	0.069	0.092
0.252	0.102	0.081	0.565
0.654	0.122	0.124	0.100
0.595	0.079	0.164	0.162
0.091	0.454	0.334	0.122
0.601	0.164	0.148	0.087
0.110	0.171	0.084	0.635
0.481	0.384	0.074	0.061
0.115	0.092	0.149	0.644
0.588	0.155	0.108	0.149
>GDGAGAAAGA	16-GDGAGAAAGA	6.766942	-22.928129	0	T:283.0(28.33%),B:7828.8(19.80%),P:1e-9	Tpos:544.6,Tstd:288.7,Bpos:553.2,Bstd:352.4,StrandBias:-1.6,Multiplicity:1.22
0.068	0.196	0.488	0.248
0.354	0.156	0.248	0.243
0.313	0.015	0.621	0.051
0.643	0.046	0.060	0.251
0.342	0.059	0.563	0.036
0.620	0.285	0.055	0.040
0.516	0.032	0.237	0.215
0.633	0.035	0.062	0.270
0.207	0.048	0.551	0.194
0.548	0.210	0.042	0.200
>GAGTCTAAAA	17-GAGTCTAAAA	7.407860	-22.892678	0	T:230.0(23.02%),B:6023.8(15.23%),P:1e-9	Tpos:478.1,Tstd:277.9,Bpos:498.8,Bstd:318.3,StrandBias:-0.6,Multiplicity:1.13
0.027	0.001	0.962	0.010
0.851	0.001	0.136	0.012
0.001	0.182	0.800	0.017
0.001	0.001	0.001	0.997
0.013	0.980	0.001	0.006
0.122	0.105	0.123	0.650
0.858	0.140	0.001	0.001
0.981	0.001	0.017	0.001
0.997	0.001	0.001	0.001
0.913	0.085	0.001	0.001
>GTTTATGGTT	18-GTTTATGGTT	6.831176	-21.142827	0	T:79.0(7.91%),B:1450.3(3.67%),P:1e-9	Tpos:474.4,Tstd:288.8,Bpos:523.4,Bstd:305.4,StrandBias:-0.2,Multiplicity:1.01
0.202	0.249	0.502	0.047
0.178	0.047	0.189	0.586
0.118	0.266	0.029	0.587
0.073	0.035	0.222	0.670
0.413	0.088	0.257	0.242
0.170	0.054	0.188	0.588
0.075	0.184	0.563	0.178
0.162	0.150	0.515	0.173
0.190	0.178	0.022	0.610
0.145	0.051	0.248	0.556
>GGTAGCTTAA	19-GGTAGCTTAA	8.249875	-20.833577	0	T:38.0(3.80%),B:456.8(1.16%),P:1e-9	Tpos:542.6,Tstd:299.8,Bpos:499.3,Bstd:322.2,StrandBias:0.0,Multiplicity:1.03
0.060	0.065	0.874	0.001
0.001	0.001	0.997	0.001
0.085	0.034	0.057	0.824
0.883	0.098	0.001	0.018
0.001	0.075	0.852	0.072
0.001	0.919	0.001	0.079
0.071	0.001	0.098	0.830
0.049	0.079	0.001	0.871
0.997	0.001	0.001	0.001
0.891	0.093	0.015	0.001
>TCTACTTTAC	20-TCTACTTTAC	9.689204	-20.085633	0	T:68.0(6.81%),B:1192.0(3.01%),P:1e-8	Tpos:541.9,Tstd:294.2,Bpos:514.5,Bstd:321.0,StrandBias:1.1,Multiplicity:1.06
0.001	0.001	0.001	0.997
0.001	0.789	0.037	0.173
0.049	0.333	0.001	0.617
0.959	0.001	0.001	0.039
0.094	0.904	0.001	0.001
0.001	0.001	0.001	0.997
0.047	0.052	0.001	0.900
0.001	0.029	0.001	0.969
0.900	0.001	0.098	0.001
0.001	0.997	0.001	0.001
>CGTCGTCGTC	21-CGTCGTCGTC	7.004610	-19.695847	0	T:144.0(14.41%),B:3427.0(8.67%),P:1e-8	Tpos:630.8,Tstd:286.6,Bpos:544.2,Bstd:344.7,StrandBias:0.4,Multiplicity:1.21
0.065	0.827	0.047	0.061
0.096	0.049	0.788	0.067
0.058	0.099	0.095	0.748
0.110	0.789	0.053	0.048
0.039	0.049	0.849	0.063
0.064	0.105	0.051	0.780
0.043	0.794	0.073	0.090
0.061	0.063	0.826	0.050
0.055	0.074	0.041	0.830
0.033	0.774	0.085	0.108
>GTGCTCAATA	22-GTGCTCAATA	9.810272	-19.068294	0	T:54.0(5.41%),B:864.7(2.19%),P:1e-8	Tpos:564.2,Tstd:276.9,Bpos:506.3,Bstd:323.8,StrandBias:-0.1,Multiplicity:1.02
0.059	0.001	0.939	0.001
0.001	0.001	0.001	0.997
0.001	0.001	0.950	0.048
0.001	0.997	0.001	0.001
0.034	0.021	0.001	0.944
0.166	0.832	0.001	0.001
0.997	0.001	0.001	0.001
0.750	0.122	0.001	0.127
0.105	0.001	0.127	0.767
0.861	0.102	0.001	0.036
>GATATTTGAT	23-GATATTTGAT	9.593786	-17.599105	0	T:99.0(9.91%),B:2158.9(5.46%),P:1e-7	Tpos:469.5,Tstd:265.1,Bpos:489.1,Bstd:313.0,StrandBias:0.2,Multiplicity:1.07
0.001	0.001	0.997	0.001
0.673	0.001	0.001	0.325
0.001	0.315	0.180	0.504
0.829	0.001	0.169	0.001
0.001	0.001	0.001	0.997
0.001	0.253	0.001	0.745
0.394	0.001	0.001	0.604
0.001	0.001	0.997	0.001
0.997	0.001	0.001	0.001
0.001	0.349	0.001	0.649
>GCCACTTTTC	24-GCCACTTTTC	9.824057	-12.831708	0	T:109.0(10.91%),B:2723.6(6.89%),P:1e-5	Tpos:519.2,Tstd:283.5,Bpos:513.3,Bstd:335.0,StrandBias:0.7,Multiplicity:1.15
0.001	0.001	0.905	0.093
0.091	0.803	0.001	0.105
0.001	0.997	0.001	0.001
0.887	0.057	0.055	0.001
0.061	0.776	0.046	0.117
0.001	0.001	0.001	0.997
0.001	0.001	0.001	0.997
0.001	0.001	0.061	0.937
0.070	0.044	0.060	0.826
0.001	0.862	0.001	0.136
>ACGCCTTTCG	25-ACGCCTTTCG	11.564326	-12.459192	0	T:9.0(0.90%),B:42.1(0.11%),P:1e-5	Tpos:469.1,Tstd:251.0,Bpos:598.2,Bstd:263.2,StrandBias:0.3,Multiplicity:1.22
0.997	0.001	0.001	0.001
0.001	0.997	0.001	0.001
0.001	0.001	0.997	0.001
0.001	0.997	0.001	0.001
0.001	0.997	0.001	0.001
0.001	0.001	0.001	0.997
0.001	0.001	0.120	0.878
0.001	0.001	0.001	0.997
0.001	0.997	0.001	0.001
0.001	0.001	0.857	0.141
