>AGTTGAGATATA	1-AGTTGAGATATA	13.645057	-27.599587	0	T:7.0(11.48%),B:41.0(0.10%),P:1e-11	Tpos:584.0,Tstd:256.0,Bpos:532.9,Bstd:319.6,StrandBias:-2.6,Multiplicity:1.00
0.711	0.001	0.167	0.121
0.001	0.001	0.997	0.001
0.001	0.001	0.001	0.997
0.001	0.141	0.167	0.691
0.001	0.001	0.997	0.001
0.997	0.001	0.001	0.001
0.001	0.001	0.997	0.001
0.997	0.001	0.001	0.001
0.001	0.001	0.001	0.997
0.875	0.001	0.123	0.001
0.001	0.001	0.146	0.852
0.997	0.001	0.001	0.001
>TTTTHTGTCACA	2-TTTTHTGTCACA	11.971039	-21.486716	0	T:10.0(16.39%),B:381.8(0.97%),P:1e-9	Tpos:574.3,Tstd:265.5,Bpos:540.1,Bstd:308.4,StrandBias:-0.5,Multiplicity:1.20
0.001	0.001	0.371	0.627
0.001	0.001	0.282	0.716
0.359	0.001	0.001	0.639
0.001	0.001	0.001	0.997
0.283	0.402	0.001	0.314
0.001	0.001	0.001	0.997
0.001	0.001	0.997	0.001
0.001	0.001	0.001	0.997
0.001	0.997	0.001	0.001
0.997	0.001	0.001	0.001
0.001	0.697	0.301	0.001
0.997	0.001	0.001	0.001
>CAATTAACAAAT	3-CAATTAACAAAT	12.936769	-20.435705	0	T:9.0(14.75%),B:304.6(0.77%),P:1e-8	Tpos:397.8,Tstd:288.7,Bpos:507.4,Bstd:296.8,StrandBias:0.3,Multiplicity:1.00
0.062	0.936	0.001	0.001
0.997	0.001	0.001	0.001
0.860	0.001	0.001	0.138
0.001	0.129	0.134	0.736
0.001	0.001	0.001	0.997
0.878	0.001	0.120	0.001
0.875	0.001	0.001	0.123
0.001	0.997	0.001	0.001
0.997	0.001	0.001	0.001
0.836	0.001	0.001	0.162
0.997	0.001	0.001	0.001
0.001	0.001	0.001	0.997
>GTCCCGGTTTAT	4-GTCCCGGTTTAT	14.645383	-19.093447	0	T:4.0(6.56%),B:10.3(0.03%),P:1e-8	Tpos:719.8,Tstd:177.9,Bpos:519.8,Bstd:250.0,StrandBias:1.6,Multiplicity:1.00
0.253	0.001	0.745	0.001
0.001	0.001	0.001	0.997
0.001	0.745	0.253	0.001
0.001	0.997	0.001	0.001
0.001	0.997	0.001	0.001
0.001	0.001	0.997	0.001
0.001	0.001	0.997	0.001
0.001	0.001	0.001	0.997
0.001	0.001	0.001	0.997
0.001	0.001	0.001	0.997
0.745	0.001	0.001	0.253
0.001	0.001	0.001	0.997
>GAAGAAGCGTDT	5-GAAGAAGCGTDT	12.508014	-18.363069	0	T:6.0(9.84%),B:93.3(0.24%),P:1e-7	Tpos:408.3,Tstd:353.7,Bpos:511.3,Bstd:354.1,StrandBias:0.0,Multiplicity:1.00
0.001	0.001	0.997	0.001
0.997	0.001	0.001	0.001
0.997	0.001	0.001	0.001
0.001	0.314	0.684	0.001
0.997	0.001	0.001	0.001
0.684	0.001	0.314	0.001
0.001	0.001	0.748	0.250
0.001	0.765	0.001	0.233
0.001	0.001	0.842	0.156
0.011	0.001	0.011	0.977
0.240	0.157	0.359	0.244
0.001	0.001	0.001	0.997
>CGTGCTAACTAT	6-CGTGCTAACTAT	8.696790	-17.718452	0	T:14.0(22.95%),B:1376.7(3.49%),P:1e-7	Tpos:607.2,Tstd:268.8,Bpos:498.9,Bstd:303.0,StrandBias:0.0,Multiplicity:1.14
0.098	0.644	0.046	0.212
0.001	0.180	0.615	0.204
0.001	0.001	0.177	0.821
0.086	0.002	0.828	0.084
0.085	0.806	0.063	0.046
0.140	0.001	0.039	0.820
0.730	0.052	0.036	0.182
0.663	0.001	0.063	0.273
0.230	0.577	0.098	0.095
0.161	0.001	0.001	0.837
0.936	0.001	0.001	0.062
0.163	0.001	0.108	0.728
>GACGTBCRGTTG	7-GACGTBCRGTTG	11.653600	-15.817065	0	T:5.0(8.20%),B:72.6(0.18%),P:1e-6	Tpos:420.8,Tstd:182.4,Bpos:467.8,Bstd:289.9,StrandBias:-2.3,Multiplicity:1.20
0.001	0.001	0.956	0.042
0.955	0.001	0.043	0.001
0.001	0.997	0.001	0.001
0.001	0.001	0.997	0.001
0.124	0.001	0.001	0.874
0.001	0.425	0.287	0.287
0.001	0.742	0.256	0.001
0.573	0.001	0.425	0.001
0.001	0.256	0.742	0.001
0.124	0.001	0.001	0.874
0.001	0.125	0.004	0.870
0.001	0.019	0.961	0.019
>GCTWMATAATCA	8-GCTWMATAATCA	11.702187	-14.713550	0	T:4.0(6.56%),B:35.3(0.09%),P:1e-6	Tpos:318.6,Tstd:215.4,Bpos:410.1,Bstd:281.9,StrandBias:10.0,Multiplicity:1.25
0.001	0.001	0.849	0.149
0.095	0.494	0.285	0.127
0.001	0.001	0.104	0.894
0.482	0.001	0.001	0.516
0.511	0.487	0.001	0.001
0.781	0.001	0.113	0.105
0.095	0.001	0.126	0.778
0.779	0.073	0.001	0.147
0.776	0.001	0.001	0.222
0.015	0.001	0.001	0.983
0.001	0.748	0.072	0.179
0.612	0.084	0.303	0.001
>AAACACCGAATC	9-AAACACCGAATC	13.987640	-14.126341	0	T:4.0(6.56%),B:41.7(0.11%),P:1e-6	Tpos:471.5,Tstd:232.7,Bpos:486.2,Bstd:320.0,StrandBias:0.0,Multiplicity:1.50
0.767	0.001	0.231	0.001
0.789	0.001	0.001	0.209
0.749	0.001	0.001	0.249
0.001	0.997	0.001	0.001
0.997	0.001	0.001	0.001
0.001	0.997	0.001	0.001
0.001	0.997	0.001	0.001
0.001	0.001	0.997	0.001
0.997	0.001	0.001	0.001
0.997	0.001	0.001	0.001
0.001	0.001	0.001	0.997
0.001	0.838	0.160	0.001
>TCCYGTAAATMC	10-TCCYGTAAATMC	13.776671	-13.822696	0	T:3.0(4.92%),B:10.5(0.03%),P:1e-6	Tpos:530.3,Tstd:94.7,Bpos:558.1,Bstd:180.7,StrandBias:1.0,Multiplicity:1.00
0.001	0.370	0.001	0.628
0.001	0.997	0.001	0.001
0.008	0.985	0.001	0.006
0.001	0.405	0.229	0.365
0.001	0.001	0.997	0.001
0.135	0.001	0.001	0.863
0.992	0.001	0.001	0.006
0.997	0.001	0.001	0.001
0.997	0.001	0.001	0.001
0.189	0.001	0.001	0.809
0.457	0.541	0.001	0.001
0.001	0.812	0.001	0.186
>GATTATMCCTAC	11-GATTATMCCTAC	9.491977	-13.399738	0	T:5.0(8.20%),B:120.7(0.31%),P:1e-5	Tpos:485.5,Tstd:303.5,Bpos:477.6,Bstd:292.1,StrandBias:0.7,Multiplicity:1.60
0.001	0.001	0.997	0.001
0.997	0.001	0.001	0.001
0.001	0.001	0.001	0.997
0.001	0.001	0.001	0.997
0.636	0.001	0.362	0.001
0.001	0.001	0.349	0.649
0.404	0.350	0.001	0.245
0.001	0.753	0.001	0.245
0.001	0.988	0.001	0.010
0.001	0.001	0.001	0.997
0.984	0.001	0.014	0.001
0.001	0.649	0.001	0.349
>ATAATTCGAATT	12-ATAATTCGAATT	12.748471	-12.164516	0	T:7.0(11.48%),B:432.4(1.10%),P:1e-5	Tpos:522.7,Tstd:383.2,Bpos:514.5,Bstd:296.5,StrandBias:0.0,Multiplicity:1.14
0.680	0.001	0.001	0.318
0.001	0.001	0.001	0.997
0.997	0.001	0.001	0.001
0.831	0.001	0.001	0.167
0.001	0.001	0.001	0.997
0.001	0.001	0.001	0.997
0.001	0.997	0.001	0.001
0.001	0.001	0.674	0.324
0.865	0.001	0.133	0.001
0.997	0.001	0.001	0.001
0.001	0.001	0.001	0.997
0.138	0.001	0.001	0.860
>ACAGCAACCCGA	13-ACAGCAACCCGA	15.327508	-10.257691	0	T:2.0(3.28%),B:4.5(0.01%),P:1e-4	Tpos:542.5,Tstd:157.5,Bpos:433.9,Bstd:241.3,StrandBias:0.0,Multiplicity:1.00
0.997	0.001	0.001	0.001
0.001	0.997	0.001	0.001
0.997	0.001	0.001	0.001
0.001	0.001	0.997	0.001
0.001	0.796	0.001	0.202
0.997	0.001	0.001	0.001
0.997	0.001	0.001	0.001
0.001	0.648	0.001	0.350
0.001	0.997	0.001	0.001
0.001	0.997	0.001	0.001
0.001	0.001	0.997	0.001
0.997	0.001	0.001	0.001
>TGACCTATATTT	14-TGACCTATATTT	13.913514	-9.461119	0	T:3.0(4.92%),B:50.9(0.13%),P:1e-4	Tpos:434.2,Tstd:346.7,Bpos:522.9,Bstd:284.6,StrandBias:-0.6,Multiplicity:1.67
0.001	0.001	0.001	0.997
0.001	0.001	0.997	0.001
0.997	0.001	0.001	0.001
0.001	0.857	0.001	0.141
0.001	0.997	0.001	0.001
0.143	0.001	0.001	0.855
0.997	0.001	0.001	0.001
0.001	0.146	0.001	0.852
0.997	0.001	0.001	0.001
0.001	0.001	0.227	0.771
0.164	0.001	0.001	0.834
0.001	0.001	0.001	0.997
>GATGAAGAAAAG	15-GATGAAGAAAAG	10.992636	-9.309634	0	T:7.0(11.48%),B:680.8(1.73%),P:1e-4	Tpos:420.5,Tstd:291.1,Bpos:497.0,Bstd:333.3,StrandBias:0.3,Multiplicity:1.57
0.001	0.001	0.997	0.001
0.429	0.203	0.131	0.238
0.001	0.203	0.253	0.543
0.001	0.126	0.719	0.154
0.673	0.325	0.001	0.001
0.826	0.172	0.001	0.001
0.123	0.207	0.669	0.001
0.997	0.001	0.001	0.001
0.997	0.001	0.001	0.001
0.796	0.202	0.001	0.001
0.793	0.001	0.001	0.205
0.009	0.203	0.787	0.001
>CGCAAATTGTCA	16-CGCAAATTGTCA	12.667035	-6.848583	0	T:2.0(3.28%),B:29.8(0.08%),P:1e-2	Tpos:318.4,Tstd:175.1,Bpos:471.7,Bstd:239.1,StrandBias:-10.0,Multiplicity:10.00
0.085	0.913	0.001	0.001
0.001	0.001	0.997	0.001
0.001	0.802	0.125	0.072
0.997	0.001	0.001	0.001
0.823	0.001	0.175	0.001
0.997	0.001	0.001	0.001
0.001	0.001	0.001	0.997
0.001	0.001	0.001	0.997
0.001	0.001	0.997	0.001
0.001	0.001	0.085	0.913
0.001	0.833	0.001	0.165
0.997	0.001	0.001	0.001
>CCTCAAGTTTCA	17-CCTCAAGTTTCA	14.006042	-6.549869	0	T:2.0(3.28%),B:34.7(0.09%),P:1e-2	Tpos:559.8,Tstd:359.8,Bpos:628.7,Bstd:300.2,StrandBias:0.0,Multiplicity:4.00
0.001	0.997	0.001	0.001
0.001	0.997	0.001	0.001
0.001	0.001	0.001	0.997
0.001	0.851	0.001	0.147
0.858	0.140	0.001	0.001
0.997	0.001	0.001	0.001
0.001	0.001	0.997	0.001
0.001	0.001	0.001	0.997
0.001	0.001	0.001	0.997
0.001	0.001	0.222	0.776
0.001	0.997	0.001	0.001
0.799	0.001	0.199	0.001
>TACTCCTCAAGT	18-TACTCCTCAAGT	15.687752	-6.472625	0	T:1.0(1.64%),B:0.0(0.00%),P:1e-2	Tpos:653.0,Tstd:0.0,Bpos:0.0,Bstd:0.0,StrandBias:10.0,Multiplicity:1.00
0.001	0.001	0.001	0.997
0.806	0.192	0.001	0.001
0.001	0.877	0.001	0.121
0.001	0.318	0.001	0.680
0.001	0.997	0.001	0.001
0.001	0.997	0.001	0.001
0.001	0.001	0.001	0.997
0.001	0.826	0.001	0.172
0.997	0.001	0.001	0.001
0.997	0.001	0.001	0.001
0.001	0.001	0.997	0.001
0.001	0.001	0.001	0.997
>AAGTTGACAATG	19-AAGTTGACAATG	14.021360	-6.063360	0	T:2.0(3.28%),B:44.0(0.11%),P:1e-2	Tpos:327.2,Tstd:184.6,Bpos:527.2,Bstd:254.0,StrandBias:10.0,Multiplicity:5.00
0.997	0.001	0.001	0.001
0.997	0.001	0.001	0.001
0.001	0.001	0.924	0.074
0.001	0.001	0.001	0.997
0.001	0.001	0.001	0.997
0.001	0.001	0.997	0.001
0.679	0.001	0.319	0.001
0.054	0.944	0.001	0.001
0.997	0.001	0.001	0.001
0.997	0.001	0.001	0.001
0.214	0.001	0.138	0.647
0.001	0.001	0.915	0.083
>GACGTGAAAACC	20-GACGTGAAAACC	16.379338	-5.780238	0	T:1.0(1.64%),B:2.0(0.00%),P:1e-2	Tpos:557.6,Tstd:217.5,Bpos:396.8,Bstd:250.8,StrandBias:0.6,Multiplicity:5.00
0.001	0.001	0.997	0.001
0.997	0.001	0.001	0.001
0.001	0.997	0.001	0.001
0.001	0.001	0.997	0.001
0.001	0.001	0.001	0.997
0.001	0.001	0.997	0.001
0.997	0.001	0.001	0.001
0.997	0.001	0.001	0.001
0.997	0.001	0.001	0.001
0.800	0.001	0.198	0.001
0.001	0.997	0.001	0.001
0.001	0.997	0.001	0.001
>TGTGACCTATAT	21-TGTGACCTATAT	15.866329	-4.531273	0	T:1.0(1.64%),B:6.1(0.02%),P:1e-1	Tpos:276.0,Tstd:241.0,Bpos:434.0,Bstd:204.0,StrandBias:-1.0,Multiplicity:3.00
0.001	0.001	0.001	0.997
0.001	0.001	0.836	0.162
0.001	0.001	0.001	0.997
0.001	0.001	0.997	0.001
0.997	0.001	0.001	0.001
0.001	0.836	0.001	0.162
0.001	0.997	0.001	0.001
0.001	0.001	0.001	0.997
0.799	0.001	0.199	0.001
0.001	0.148	0.001	0.850
0.997	0.001	0.001	0.001
0.001	0.001	0.001	0.997
>CTTTTTTGTACG	22-CTTTTTTGTACG	12.355432	-4.531273	0	T:1.0(1.64%),B:6.2(0.02%),P:1e-1	Tpos:409.5,Tstd:330.9,Bpos:558.4,Bstd:98.9,StrandBias:0.0,Multiplicity:4.00
0.100	0.700	0.100	0.100
0.100	0.100	0.100	0.700
0.100	0.100	0.100	0.700
0.100	0.100	0.100	0.700
0.100	0.100	0.100	0.700
0.100	0.100	0.100	0.700
0.100	0.100	0.100	0.700
0.100	0.100	0.700	0.100
0.100	0.100	0.100	0.700
0.700	0.100	0.100	0.100
0.100	0.700	0.100	0.100
0.100	0.100	0.700	0.100
>GTGTGGATTTAC	23-GTGTGGATTTAC	14.340600	-4.205181	0	T:2.0(3.28%),B:118.5(0.30%),P:1e-1	Tpos:474.5,Tstd:213.4,Bpos:547.3,Bstd:342.7,StrandBias:-10.0,Multiplicity:3.00
0.068	0.099	0.726	0.107
0.001	0.001	0.001	0.997
0.001	0.001	0.997	0.001
0.001	0.001	0.001	0.997
0.230	0.001	0.768	0.001
0.001	0.001	0.904	0.094
0.997	0.001	0.001	0.001
0.089	0.001	0.001	0.909
0.001	0.001	0.001	0.997
0.136	0.113	0.001	0.750
0.997	0.001	0.001	0.001
0.001	0.997	0.001	0.001
