>AGCGCGTTTG	1-AGCGCGTTTG	9.348926	-29.701579	0	T:34.0(12.59%),B:991.4(2.64%),P:1e-12	Tpos:636.2,Tstd:226.0,Bpos:560.8,Bstd:360.9,StrandBias:0.0,Multiplicity:1.00
0.890	0.051	0.027	0.032
0.001	0.069	0.929	0.001
0.047	0.897	0.001	0.055
0.039	0.050	0.910	0.001
0.040	0.934	0.001	0.025
0.174	0.052	0.726	0.048
0.028	0.018	0.094	0.860
0.001	0.075	0.001	0.923
0.001	0.001	0.001	0.997
0.001	0.001	0.997	0.001
>TYACTTCTCT	2-TYACTTCTCT	8.565053	-25.673407	0	T:63.0(23.33%),B:3467.3(9.24%),P:1e-11	Tpos:558.9,Tstd:285.8,Bpos:545.3,Bstd:341.2,StrandBias:0.9,Multiplicity:1.16
0.022	0.014	0.096	0.868
0.058	0.412	0.157	0.373
0.776	0.071	0.033	0.120
0.118	0.708	0.020	0.154
0.065	0.097	0.002	0.836
0.030	0.083	0.018	0.869
0.024	0.921	0.022	0.033
0.019	0.079	0.067	0.835
0.059	0.838	0.060	0.043
0.178	0.250	0.141	0.432
>TTRTTCGTTA	3-TTRTTCGTTA	7.765337	-25.608847	0	T:51.0(18.89%),B:2430.8(6.48%),P:1e-11	Tpos:500.9,Tstd:268.3,Bpos:508.4,Bstd:326.3,StrandBias:-0.2,Multiplicity:1.10
0.238	0.043	0.026	0.693
0.355	0.050	0.028	0.567
0.412	0.192	0.264	0.131
0.024	0.209	0.193	0.574
0.116	0.314	0.027	0.543
0.029	0.733	0.023	0.215
0.035	0.011	0.725	0.229
0.180	0.115	0.241	0.464
0.086	0.038	0.052	0.824
0.906	0.049	0.025	0.020
>TTTGTCATCG	4-TTTGTCATCG	6.359505	-25.528767	0	T:82.0(30.37%),B:5312.0(14.15%),P:1e-11	Tpos:508.9,Tstd:276.4,Bpos:518.2,Bstd:347.3,StrandBias:0.7,Multiplicity:1.09
0.143	0.087	0.185	0.585
0.145	0.175	0.069	0.611
0.181	0.137	0.151	0.531
0.147	0.191	0.496	0.165
0.150	0.147	0.126	0.577
0.104	0.586	0.152	0.158
0.544	0.169	0.181	0.106
0.150	0.117	0.112	0.621
0.095	0.797	0.084	0.024
0.128	0.140	0.675	0.057
>AGAAATAATG	5-AGAAATAATG	7.832801	-25.056143	0	T:70.0(25.93%),B:4174.9(11.12%),P:1e-10	Tpos:513.0,Tstd:283.5,Bpos:536.7,Bstd:330.1,StrandBias:-1.5,Multiplicity:1.11
0.670	0.167	0.147	0.016
0.036	0.019	0.645	0.300
0.738	0.215	0.019	0.028
0.608	0.015	0.019	0.358
0.726	0.033	0.190	0.051
0.208	0.036	0.241	0.515
0.455	0.023	0.292	0.230
0.663	0.021	0.292	0.024
0.217	0.260	0.007	0.516
0.370	0.018	0.564	0.048
>CACATAGCAT	6-CACATAGCAT	8.728939	-24.888113	0	T:23.0(8.52%),B:527.1(1.40%),P:1e-10	Tpos:537.8,Tstd:287.8,Bpos:514.8,Bstd:331.5,StrandBias:-0.5,Multiplicity:1.04
0.160	0.510	0.105	0.225
0.769	0.031	0.199	0.001
0.025	0.805	0.106	0.064
0.532	0.207	0.260	0.001
0.123	0.039	0.001	0.837
0.689	0.029	0.020	0.262
0.001	0.180	0.676	0.143
0.131	0.623	0.226	0.020
0.794	0.001	0.177	0.028
0.019	0.001	0.001	0.979
>TGTTTCTTTC	7-TGTTTCTTTC	10.406014	-21.958892	0	T:60.0(22.22%),B:3513.4(9.36%),P:1e-9	Tpos:500.5,Tstd:321.7,Bpos:534.3,Bstd:327.0,StrandBias:1.1,Multiplicity:1.07
0.001	0.001	0.001	0.997
0.069	0.001	0.720	0.210
0.001	0.001	0.001	0.997
0.001	0.001	0.001	0.997
0.018	0.099	0.001	0.882
0.001	0.841	0.157	0.001
0.001	0.121	0.001	0.877
0.001	0.111	0.001	0.887
0.001	0.037	0.053	0.909
0.001	0.879	0.119	0.001
>TTTCTCTTTG	8-TTTCTCTTTG	10.006814	-21.685867	0	T:71.0(26.30%),B:4606.6(12.27%),P:1e-9	Tpos:561.9,Tstd:312.3,Bpos:543.9,Bstd:336.0,StrandBias:2.1,Multiplicity:1.13
0.012	0.014	0.001	0.973
0.021	0.114	0.015	0.850
0.030	0.013	0.072	0.885
0.001	0.893	0.026	0.080
0.024	0.013	0.001	0.962
0.079	0.905	0.015	0.001
0.056	0.001	0.001	0.942
0.001	0.025	0.001	0.973
0.059	0.050	0.013	0.878
0.031	0.001	0.811	0.157
>ACGCGAGAAA	9-ACGCGAGAAA	8.520918	-21.576977	0	T:41.0(15.19%),B:1886.2(5.02%),P:1e-9	Tpos:457.0,Tstd:271.9,Bpos:542.3,Bstd:366.2,StrandBias:-0.3,Multiplicity:1.10
0.745	0.009	0.038	0.208
0.072	0.755	0.025	0.148
0.035	0.012	0.815	0.138
0.264	0.734	0.001	0.001
0.155	0.105	0.635	0.105
0.546	0.086	0.160	0.208
0.115	0.206	0.485	0.194
0.696	0.072	0.231	0.001
0.827	0.001	0.139	0.033
0.962	0.009	0.001	0.028
>AMAATYGATA	10-AMAATYGATA	6.568125	-19.738216	0	T:98.0(36.30%),B:7752.6(20.65%),P:1e-8	Tpos:503.5,Tstd:278.1,Bpos:514.6,Bstd:363.6,StrandBias:0.1,Multiplicity:1.33
0.507	0.193	0.219	0.081
0.285	0.393	0.136	0.186
0.661	0.062	0.162	0.115
0.676	0.016	0.160	0.148
0.160	0.255	0.078	0.507
0.107	0.425	0.185	0.283
0.220	0.083	0.547	0.150
0.728	0.012	0.089	0.171
0.206	0.135	0.169	0.490
0.595	0.054	0.108	0.243
>TGCGCAAACA	11-TGCGCAAACA	7.140235	-18.947009	0	T:79.0(29.26%),B:5756.2(15.33%),P:1e-8	Tpos:514.5,Tstd:281.2,Bpos:538.5,Bstd:332.1,StrandBias:-0.3,Multiplicity:1.23
0.054	0.134	0.046	0.766
0.100	0.055	0.816	0.029
0.077	0.797	0.068	0.058
0.097	0.045	0.817	0.041
0.079	0.786	0.023	0.112
0.818	0.072	0.105	0.005
0.831	0.052	0.055	0.062
0.729	0.107	0.069	0.095
0.040	0.820	0.095	0.045
0.827	0.040	0.061	0.072
>TCGGCGGAAA	12-TCGGCGGAAA	9.724715	-18.147611	0	T:29.0(10.74%),B:1172.2(3.12%),P:1e-7	Tpos:634.2,Tstd:240.4,Bpos:486.1,Bstd:350.7,StrandBias:-0.3,Multiplicity:1.14
0.001	0.028	0.072	0.899
0.026	0.903	0.070	0.001
0.001	0.021	0.779	0.199
0.033	0.001	0.905	0.061
0.021	0.882	0.020	0.077
0.001	0.075	0.844	0.080
0.001	0.001	0.997	0.001
0.974	0.001	0.024	0.001
0.893	0.064	0.042	0.001
0.918	0.001	0.051	0.030
>GAGAGAGTGT	13-GAGAGAGTGT	8.867627	-17.830564	0	T:35.0(12.96%),B:1654.9(4.41%),P:1e-7	Tpos:560.1,Tstd:259.8,Bpos:563.6,Bstd:322.5,StrandBias:-1.1,Multiplicity:1.14
0.001	0.265	0.733	0.001
0.933	0.001	0.043	0.023
0.019	0.001	0.939	0.041
0.976	0.001	0.001	0.022
0.001	0.019	0.979	0.001
0.806	0.001	0.035	0.158
0.001	0.001	0.997	0.001
0.061	0.090	0.033	0.816
0.054	0.041	0.904	0.001
0.032	0.001	0.008	0.959
>TCCCATTTTC	14-TCCCATTTTC	10.030086	-17.611551	0	T:47.0(17.41%),B:2708.0(7.21%),P:1e-7	Tpos:560.7,Tstd:279.4,Bpos:524.4,Bstd:341.7,StrandBias:0.8,Multiplicity:1.53
0.001	0.001	0.001	0.997
0.001	0.997	0.001	0.001
0.001	0.997	0.001	0.001
0.001	0.887	0.001	0.111
0.759	0.239	0.001	0.001
0.116	0.089	0.001	0.794
0.069	0.001	0.148	0.782
0.001	0.106	0.001	0.892
0.043	0.044	0.001	0.912
0.039	0.728	0.001	0.232
>AWGCGCCGCA	15-AWGCGCCGCA	7.302825	-17.377169	0	T:46.0(17.04%),B:2637.0(7.03%),P:1e-7	Tpos:582.7,Tstd:278.2,Bpos:515.6,Bstd:343.0,StrandBias:-0.7,Multiplicity:1.11
0.638	0.003	0.238	0.121
0.383	0.100	0.001	0.516
0.288	0.001	0.710	0.001
0.001	0.628	0.285	0.086
0.112	0.001	0.886	0.001
0.001	0.753	0.245	0.001
0.139	0.724	0.075	0.062
0.001	0.313	0.685	0.001
0.001	0.997	0.001	0.001
0.997	0.001	0.001	0.001
>ACGAAGCGAG	16-ACGAAGCGAG	6.769666	-17.238295	0	T:77.0(28.52%),B:5766.6(15.36%),P:1e-7	Tpos:554.6,Tstd:287.4,Bpos:514.6,Bstd:353.6,StrandBias:-0.5,Multiplicity:1.21
0.902	0.030	0.046	0.022
0.073	0.799	0.054	0.074
0.027	0.096	0.806	0.071
0.804	0.074	0.071	0.051
0.733	0.079	0.093	0.095
0.133	0.080	0.751	0.036
0.044	0.776	0.120	0.060
0.082	0.054	0.802	0.062
0.807	0.070	0.019	0.104
0.055	0.058	0.827	0.060
>GTGAGAACCT	17-GTGAGAACCT	8.358124	-17.124327	0	T:52.0(19.26%),B:3221.2(8.58%),P:1e-7	Tpos:513.5,Tstd:324.7,Bpos:507.3,Bstd:327.8,StrandBias:-0.7,Multiplicity:1.08
0.001	0.001	0.939	0.059
0.088	0.032	0.001	0.879
0.001	0.001	0.904	0.094
0.826	0.001	0.001	0.172
0.122	0.001	0.791	0.086
0.877	0.062	0.060	0.001
0.616	0.044	0.122	0.218
0.363	0.577	0.001	0.059
0.182	0.730	0.036	0.052
0.075	0.035	0.001	0.889
>TGAGGAAGAG	18-TGAGGAAGAG	10.327746	-16.923230	0	T:22.0(8.15%),B:746.4(1.99%),P:1e-7	Tpos:433.0,Tstd:295.9,Bpos:560.4,Bstd:318.3,StrandBias:-1.2,Multiplicity:1.05
0.085	0.001	0.001	0.913
0.001	0.001	0.961	0.037
0.997	0.001	0.001	0.001
0.001	0.032	0.931	0.036
0.001	0.033	0.912	0.054
0.997	0.001	0.001	0.001
0.835	0.065	0.069	0.031
0.001	0.042	0.750	0.207
0.997	0.001	0.001	0.001
0.129	0.035	0.810	0.026
>GTTATTGCTG	19-GTTATTGCTG	9.578250	-16.464670	0	T:24.0(8.89%),B:903.9(2.41%),P:1e-7	Tpos:434.2,Tstd:256.3,Bpos:495.2,Bstd:324.5,StrandBias:1.6,Multiplicity:1.09
0.001	0.046	0.933	0.020
0.044	0.001	0.096	0.859
0.055	0.001	0.117	0.827
0.936	0.049	0.014	0.001
0.001	0.001	0.001	0.997
0.053	0.067	0.001	0.879
0.043	0.040	0.858	0.059
0.030	0.863	0.050	0.057
0.001	0.001	0.073	0.925
0.001	0.001	0.961	0.037
>CTCTTCACCT	20-CTCTTCACCT	10.284359	-15.644640	0	T:26.0(9.63%),B:1092.1(2.91%),P:1e-6	Tpos:638.6,Tstd:289.8,Bpos:512.5,Bstd:328.7,StrandBias:1.5,Multiplicity:1.04
0.001	0.910	0.001	0.088
0.001	0.001	0.001	0.997
0.001	0.997	0.001	0.001
0.082	0.001	0.001	0.916
0.001	0.078	0.001	0.920
0.001	0.997	0.001	0.001
0.865	0.001	0.001	0.133
0.227	0.771	0.001	0.001
0.124	0.801	0.001	0.074
0.084	0.001	0.104	0.811
>GTTCAGATAA	21-GTTCAGATAA	10.636538	-15.520250	0	T:14.0(5.19%),B:324.1(0.86%),P:1e-6	Tpos:458.1,Tstd:306.7,Bpos:494.7,Bstd:323.7,StrandBias:-0.8,Multiplicity:1.00
0.001	0.001	0.997	0.001
0.001	0.001	0.001	0.997
0.001	0.001	0.087	0.911
0.001	0.997	0.001	0.001
0.997	0.001	0.001	0.001
0.001	0.052	0.946	0.001
0.997	0.001	0.001	0.001
0.001	0.001	0.001	0.997
0.946	0.052	0.001	0.001
0.902	0.096	0.001	0.001
>AGAGCAATGG	22-AGAGCAATGG	8.208674	-14.633194	0	T:42.0(15.56%),B:2526.6(6.73%),P:1e-6	Tpos:462.5,Tstd:312.4,Bpos:525.4,Bstd:333.2,StrandBias:-1.0,Multiplicity:1.15
0.903	0.065	0.001	0.031
0.082	0.001	0.916	0.001
0.888	0.001	0.110	0.001
0.030	0.001	0.925	0.044
0.125	0.841	0.033	0.001
0.932	0.001	0.066	0.001
0.842	0.055	0.059	0.044
0.001	0.001	0.001	0.997
0.066	0.046	0.864	0.024
0.035	0.001	0.934	0.030
>TTTTCAGTCA	23-TTTTCAGTCA	7.238934	-12.937977	0	T:65.0(24.07%),B:5076.7(13.52%),P:1e-5	Tpos:498.9,Tstd:273.3,Bpos:515.0,Bstd:323.7,StrandBias:0.2,Multiplicity:1.25
0.001	0.001	0.001	0.997
0.001	0.001	0.040	0.958
0.178	0.001	0.001	0.820
0.001	0.001	0.001	0.997
0.001	0.997	0.001	0.001
0.937	0.001	0.001	0.061
0.001	0.001	0.997	0.001
0.001	0.001	0.001	0.997
0.138	0.731	0.001	0.130
0.997	0.001	0.001	0.001
>GATTGCAGAC	24-GATTGCAGAC	12.058045	-12.203447	0	T:6.0(2.22%),B:55.9(0.15%),P:1e-5	Tpos:578.2,Tstd:215.1,Bpos:528.3,Bstd:337.4,StrandBias:-1.0,Multiplicity:1.00
0.001	0.001	0.997	0.001
0.997	0.001	0.001	0.001
0.001	0.001	0.001	0.997
0.169	0.001	0.001	0.829
0.001	0.001	0.997	0.001
0.001	0.997	0.001	0.001
0.997	0.001	0.001	0.001
0.001	0.001	0.997	0.001
0.997	0.001	0.001	0.001
0.001	0.997	0.001	0.001
>TTAAGTRATT	25-TTAAGTRATT	9.737720	-10.179125	0	T:41.0(15.19%),B:2932.4(7.81%),P:1e-4	Tpos:590.8,Tstd:291.8,Bpos:503.0,Bstd:320.9,StrandBias:0.2,Multiplicity:1.07
0.001	0.001	0.001	0.997
0.017	0.001	0.001	0.981
0.930	0.001	0.001	0.068
0.917	0.001	0.081	0.001
0.001	0.001	0.883	0.115
0.191	0.115	0.047	0.647
0.468	0.118	0.379	0.035
0.997	0.001	0.001	0.001
0.001	0.001	0.001	0.997
0.001	0.001	0.001	0.997
