>ACAAACTACAAG	22-CTTGTAGTTTGT	9.271824	-12.346715	0	T:48.0(12.77%),B:2424.6(6.34%),P:1e-5
0.889	0.001	0.076	0.034
0.001	0.884	0.023	0.092
0.841	0.088	0.070	0.001
0.755	0.052	0.105	0.088
0.932	0.001	0.001	0.066
0.201	0.699	0.021	0.079
0.043	0.077	0.103	0.777
0.805	0.001	0.117	0.077
0.196	0.706	0.097	0.001
0.965	0.001	0.033	0.001
0.884	0.001	0.051	0.064
0.041	0.018	0.832	0.109
