>AAATCGATTTAT	13-AAATCGATTTAT	10.182153	-19.724981	0	T:69.0(18.35%),B:3298.5(8.63%),P:1e-8
0.798	0.043	0.023	0.136
0.880	0.001	0.001	0.118
0.906	0.001	0.085	0.008
0.007	0.166	0.001	0.826
0.103	0.829	0.001	0.067
0.047	0.019	0.885	0.049
0.876	0.001	0.030	0.093
0.093	0.017	0.001	0.889
0.007	0.072	0.001	0.920
0.095	0.065	0.131	0.709
0.807	0.070	0.041	0.082
0.192	0.039	0.058	0.711
