>GCGCGCGCGTTT	3-GCGCGCGCGTTT,BestGuess:DPL-1(E2F)/cElegans-Adult-ChIP-Seq(modEncode)/Homer(0.657)	9.917110	-23.835108	0	T:26.0(6.91%),B:521.6(1.36%),P:1e-10
0.053	0.002	0.901	0.044
0.092	0.853	0.001	0.054
0.039	0.053	0.767	0.141
0.001	0.796	0.131	0.072
0.099	0.001	0.732	0.168
0.053	0.841	0.062	0.044
0.001	0.001	0.965	0.033
0.001	0.891	0.084	0.024
0.030	0.036	0.805	0.129
0.001	0.176	0.001	0.822
0.056	0.062	0.065	0.817
0.001	0.177	0.001	0.821
