>AAACGCGCGCGC	3-GCGCGCGCGTTT	9.917110	-23.835108	0	T:26.0(6.91%),B:521.6(1.36%),P:1e-10
0.821	0.001	0.177	0.001
0.817	0.065	0.062	0.056
0.822	0.001	0.176	0.001
0.129	0.805	0.036	0.030
0.024	0.084	0.891	0.001
0.033	0.965	0.001	0.001
0.044	0.062	0.841	0.053
0.168	0.732	0.001	0.099
0.072	0.131	0.796	0.001
0.141	0.767	0.053	0.039
0.054	0.001	0.853	0.092
0.044	0.901	0.002	0.053
