>AAACTGGGTT	1-AAACTGGGTT	10.088804	-22.399634	0	T:20.0(15.50%),B:1058.4(2.58%),P:1e-9	Tpos:420.9,Tstd:248.0,Bpos:472.4,Bstd:307.8,StrandBias:-0.3,Multiplicity:1.00
0.924	0.074	0.001	0.001
0.916	0.082	0.001	0.001
0.845	0.001	0.091	0.063
0.079	0.876	0.044	0.001
0.001	0.001	0.056	0.942
0.035	0.001	0.899	0.065
0.023	0.001	0.975	0.001
0.001	0.112	0.886	0.001
0.040	0.001	0.054	0.905
0.001	0.067	0.001	0.931
>ATCAAACGAC	2-ATCAAACGAC	9.212878	-21.422136	0	T:22.0(17.05%),B:1381.8(3.37%),P:1e-9	Tpos:491.6,Tstd:306.5,Bpos:516.5,Bstd:299.7,StrandBias:0.4,Multiplicity:1.05
0.950	0.001	0.001	0.048
0.001	0.001	0.100	0.898
0.065	0.782	0.076	0.077
0.997	0.001	0.001	0.001
0.901	0.001	0.097	0.001
0.997	0.001	0.001	0.001
0.050	0.948	0.001	0.001
0.175	0.045	0.728	0.052
0.907	0.001	0.091	0.001
0.001	0.955	0.001	0.043
>CGAAGAGGGA	3-CGAAGAGGGA	10.645139	-19.977589	0	T:10.0(7.75%),B:209.3(0.51%),P:1e-8	Tpos:541.6,Tstd:259.5,Bpos:601.3,Bstd:327.9,StrandBias:-0.8,Multiplicity:1.10
0.001	0.936	0.062	0.001
0.001	0.001	0.997	0.001
0.997	0.001	0.001	0.001
0.997	0.001	0.001	0.001
0.001	0.001	0.879	0.119
0.875	0.001	0.123	0.001
0.001	0.001	0.997	0.001
0.001	0.001	0.997	0.001
0.001	0.001	0.997	0.001
0.855	0.001	0.143	0.001
>ACATCACCCA	4-ACATCACCCA	8.899033	-19.555633	0	T:15.0(11.63%),B:651.5(1.59%),P:1e-8	Tpos:439.1,Tstd:293.6,Bpos:495.9,Bstd:313.9,StrandBias:1.0,Multiplicity:1.00
0.997	0.001	0.001	0.001
0.065	0.823	0.111	0.001
0.997	0.001	0.001	0.001
0.096	0.109	0.001	0.794
0.001	0.997	0.001	0.001
0.841	0.129	0.029	0.001
0.001	0.926	0.001	0.072
0.065	0.738	0.104	0.093
0.001	0.894	0.001	0.104
0.997	0.001	0.001	0.001
>AGACTATTTG	5-AGACTATTTG	7.792994	-19.525051	0	T:34.0(26.36%),B:3553.9(8.67%),P:1e-8	Tpos:473.4,Tstd:281.4,Bpos:504.6,Bstd:300.3,StrandBias:0.6,Multiplicity:1.15
0.950	0.001	0.001	0.048
0.001	0.043	0.955	0.001
0.924	0.001	0.001	0.074
0.001	0.871	0.127	0.001
0.032	0.001	0.068	0.899
0.917	0.081	0.001	0.001
0.001	0.001	0.095	0.903
0.078	0.001	0.001	0.920
0.001	0.001	0.080	0.918
0.042	0.038	0.863	0.057
>GAGTCACGGA	6-GAGTCACGGA	10.267742	-18.856703	0	T:11.0(8.53%),B:310.6(0.76%),P:1e-8	Tpos:521.1,Tstd:288.2,Bpos:519.2,Bstd:309.8,StrandBias:0.3,Multiplicity:1.00
0.001	0.001	0.892	0.106
0.898	0.001	0.001	0.100
0.103	0.001	0.895	0.001
0.001	0.001	0.001	0.997
0.001	0.899	0.099	0.001
0.997	0.001	0.001	0.001
0.001	0.808	0.110	0.081
0.001	0.001	0.929	0.069
0.001	0.001	0.997	0.001
0.771	0.116	0.001	0.112
>AGGTATCGAT	7-AGGTATCGAT	10.139817	-18.546666	0	T:12.0(9.30%),B:404.8(0.99%),P:1e-8	Tpos:441.2,Tstd:312.6,Bpos:517.8,Bstd:345.2,StrandBias:1.2,Multiplicity:1.08
0.761	0.128	0.110	0.001
0.001	0.001	0.936	0.062
0.056	0.086	0.857	0.001
0.060	0.111	0.001	0.828
0.828	0.001	0.001	0.170
0.001	0.001	0.001	0.997
0.001	0.997	0.001	0.001
0.001	0.001	0.997	0.001
0.997	0.001	0.001	0.001
0.001	0.116	0.001	0.882
>CCGCTTGCAT	8-CCGCTTGCAT	10.888949	-18.072727	0	T:8.0(6.20%),B:130.3(0.32%),P:1e-7	Tpos:481.1,Tstd:277.4,Bpos:497.1,Bstd:303.2,StrandBias:0.7,Multiplicity:1.00
0.001	0.935	0.063	0.001
0.001	0.771	0.117	0.111
0.001	0.001	0.882	0.116
0.208	0.790	0.001	0.001
0.001	0.120	0.001	0.878
0.001	0.140	0.001	0.858
0.001	0.001	0.997	0.001
0.001	0.997	0.001	0.001
0.997	0.001	0.001	0.001
0.001	0.001	0.001	0.997
>AGCAGCGVCC	9-AGCAGCGVCC	7.818774	-17.704916	0	T:20.0(15.50%),B:1402.9(3.42%),P:1e-7	Tpos:572.0,Tstd:331.6,Bpos:478.6,Bstd:321.6,StrandBias:0.8,Multiplicity:1.35
0.791	0.082	0.126	0.001
0.001	0.001	0.862	0.136
0.001	0.824	0.001	0.174
0.997	0.001	0.001	0.001
0.001	0.002	0.996	0.001
0.060	0.668	0.209	0.063
0.153	0.050	0.789	0.008
0.251	0.357	0.288	0.104
0.104	0.894	0.001	0.001
0.051	0.826	0.056	0.067
>GGGGTTCGAT	10-GGGGTTCGAT	10.361354	-17.155784	0	T:11.0(8.53%),B:368.4(0.90%),P:1e-7	Tpos:506.2,Tstd:200.8,Bpos:496.8,Bstd:302.5,StrandBias:0.0,Multiplicity:1.09
0.152	0.093	0.754	0.001
0.120	0.001	0.878	0.001
0.001	0.001	0.997	0.001
0.092	0.001	0.906	0.001
0.001	0.001	0.001	0.997
0.155	0.001	0.001	0.843
0.001	0.997	0.001	0.001
0.001	0.148	0.850	0.001
0.997	0.001	0.001	0.001
0.101	0.001	0.071	0.827
>TCGAGATTCC	11-TCGAGATTCC	7.860676	-16.775824	0	T:25.0(19.38%),B:2289.0(5.58%),P:1e-7	Tpos:482.5,Tstd:268.7,Bpos:512.4,Bstd:316.1,StrandBias:0.6,Multiplicity:1.12
0.041	0.197	0.044	0.718
0.237	0.528	0.016	0.219
0.206	0.236	0.515	0.043
0.837	0.084	0.034	0.045
0.226	0.209	0.444	0.121
0.583	0.025	0.209	0.183
0.203	0.047	0.162	0.588
0.056	0.062	0.018	0.864
0.026	0.868	0.066	0.040
0.053	0.628	0.066	0.253
>CAAAATCGAC	12-CAAAATCGAC	9.220432	-15.649132	0	T:26.0(20.16%),B:2608.1(6.36%),P:1e-6	Tpos:461.7,Tstd:255.4,Bpos:492.5,Bstd:318.9,StrandBias:0.2,Multiplicity:1.15
0.171	0.617	0.211	0.001
0.997	0.001	0.001	0.001
0.997	0.001	0.001	0.001
0.997	0.001	0.001	0.001
0.643	0.001	0.295	0.061
0.001	0.001	0.001	0.997
0.001	0.934	0.001	0.064
0.001	0.037	0.913	0.049
0.891	0.001	0.063	0.045
0.001	0.997	0.001	0.001
>CATAGGGGGC	13-CATAGGGGGC	11.321861	-14.449051	0	T:5.0(3.88%),B:46.0(0.11%),P:1e-6	Tpos:413.7,Tstd:240.8,Bpos:504.5,Bstd:344.1,StrandBias:-1.3,Multiplicity:1.40
0.001	0.997	0.001	0.001
0.832	0.001	0.001	0.166
0.123	0.001	0.001	0.875
0.997	0.001	0.001	0.001
0.188	0.001	0.810	0.001
0.001	0.001	0.997	0.001
0.001	0.001	0.997	0.001
0.001	0.001	0.997	0.001
0.181	0.001	0.817	0.001
0.001	0.832	0.166	0.001
>CCCTGATCAT	14-CCCTGATCAT	10.552048	-14.208650	0	T:8.0(6.20%),B:220.2(0.54%),P:1e-6	Tpos:523.1,Tstd:383.5,Bpos:511.4,Bstd:336.0,StrandBias:1.6,Multiplicity:1.00
0.090	0.828	0.001	0.081
0.056	0.892	0.001	0.051
0.001	0.934	0.001	0.064
0.001	0.160	0.001	0.838
0.001	0.195	0.803	0.001
0.915	0.001	0.001	0.083
0.112	0.001	0.001	0.886
0.001	0.997	0.001	0.001
0.997	0.001	0.001	0.001
0.001	0.001	0.001	0.997
>TTTACCCAAT	15-TTTACCCAAT	11.251232	-14.108977	0	T:12.0(9.30%),B:616.4(1.50%),P:1e-6	Tpos:432.5,Tstd:180.3,Bpos:530.3,Bstd:305.3,StrandBias:0.5,Multiplicity:1.00
0.001	0.001	0.001	0.997
0.105	0.001	0.001	0.893
0.001	0.001	0.001	0.997
0.997	0.001	0.001	0.001
0.001	0.997	0.001	0.001
0.001	0.899	0.099	0.001
0.150	0.848	0.001	0.001
0.997	0.001	0.001	0.001
0.997	0.001	0.001	0.001
0.001	0.001	0.001	0.997
>TCTGCCACGT	16-TCTGCCACGT	10.049475	-13.345607	0	T:13.0(10.08%),B:790.8(1.93%),P:1e-5	Tpos:502.5,Tstd:295.8,Bpos:510.9,Bstd:330.2,StrandBias:-0.2,Multiplicity:1.31
0.001	0.076	0.070	0.853
0.001	0.743	0.001	0.255
0.001	0.001	0.001	0.997
0.088	0.001	0.875	0.036
0.073	0.737	0.001	0.189
0.001	0.896	0.001	0.102
0.997	0.001	0.001	0.001
0.061	0.937	0.001	0.001
0.001	0.001	0.997	0.001
0.001	0.001	0.001	0.997
>ACTACTAGTT	17-ACTACTAGTT	10.629743	-13.001226	0	T:8.0(6.20%),B:260.7(0.64%),P:1e-5	Tpos:302.2,Tstd:258.8,Bpos:474.1,Bstd:288.7,StrandBias:-0.5,Multiplicity:1.12
0.933	0.001	0.001	0.065
0.001	0.997	0.001	0.001
0.001	0.001	0.001	0.997
0.997	0.001	0.001	0.001
0.001	0.772	0.226	0.001
0.001	0.001	0.110	0.888
0.901	0.001	0.097	0.001
0.001	0.001	0.997	0.001
0.001	0.001	0.001	0.997
0.001	0.001	0.001	0.997
>TACWGTACAC	18-TACWGTACAC	8.843018	-12.714577	0	T:22.0(17.05%),B:2289.8(5.58%),P:1e-5	Tpos:554.9,Tstd:237.7,Bpos:500.3,Bstd:299.9,StrandBias:0.0,Multiplicity:1.27
0.178	0.001	0.001	0.820
0.878	0.001	0.001	0.120
0.001	0.735	0.263	0.001
0.542	0.001	0.001	0.456
0.211	0.001	0.787	0.001
0.278	0.001	0.001	0.720
0.707	0.001	0.001	0.291
0.170	0.527	0.302	0.001
0.804	0.194	0.001	0.001
0.373	0.625	0.001	0.001
>TTTGGTTATT	19-TTTGGTTATT	9.596332	-11.860530	0	T:23.0(17.83%),B:2607.3(6.36%),P:1e-5	Tpos:488.7,Tstd:295.9,Bpos:496.2,Bstd:293.9,StrandBias:0.6,Multiplicity:1.09
0.001	0.087	0.065	0.847
0.140	0.001	0.080	0.779
0.013	0.054	0.001	0.932
0.001	0.001	0.997	0.001
0.001	0.214	0.784	0.001
0.343	0.001	0.001	0.655
0.001	0.035	0.001	0.963
0.965	0.001	0.033	0.001
0.001	0.127	0.068	0.804
0.059	0.137	0.083	0.721
>ATCGATCAAT	20-ATCGATCAAT	9.746168	-11.394589	0	T:19.0(14.73%),B:1932.1(4.71%),P:1e-4	Tpos:537.7,Tstd:253.8,Bpos:511.1,Bstd:308.0,StrandBias:0.5,Multiplicity:1.11
0.731	0.192	0.001	0.076
0.001	0.075	0.001	0.923
0.077	0.677	0.048	0.198
0.272	0.001	0.492	0.236
0.997	0.001	0.001	0.001
0.001	0.001	0.001	0.997
0.007	0.655	0.010	0.328
0.902	0.001	0.001	0.096
0.851	0.001	0.001	0.147
0.158	0.001	0.001	0.840
>CCTACGCGCA	21-CCTACGCGCA	10.448544	-11.046956	0	T:6.0(4.65%),B:162.3(0.40%),P:1e-4	Tpos:540.0,Tstd:267.6,Bpos:561.2,Bstd:304.6,StrandBias:-0.6,Multiplicity:1.67
0.001	0.997	0.001	0.001
0.001	0.932	0.001	0.066
0.001	0.134	0.100	0.765
0.892	0.001	0.001	0.106
0.001	0.835	0.001	0.163
0.001	0.001	0.997	0.001
0.001	0.997	0.001	0.001
0.110	0.001	0.888	0.001
0.001	0.997	0.001	0.001
0.997	0.001	0.001	0.001
>AAATCGGATT	22-AAATCGGATT	10.212413	-9.700756	0	T:20.0(15.50%),B:2385.3(5.82%),P:1e-4	Tpos:444.3,Tstd:279.8,Bpos:510.8,Bstd:321.9,StrandBias:-1.1,Multiplicity:1.25
0.925	0.001	0.001	0.073
0.997	0.001	0.001	0.001
0.997	0.001	0.001	0.001
0.028	0.001	0.076	0.895
0.036	0.812	0.151	0.001
0.132	0.138	0.548	0.182
0.155	0.001	0.843	0.001
0.997	0.001	0.001	0.001
0.001	0.001	0.001	0.997
0.001	0.001	0.001	0.997
>TGCTTCGTCTCA	1-TGCTTCGTCTCA	14.172017	-27.440595	0	T:8.0(6.20%),B:36.1(0.09%),P:1e-11	Tpos:484.8,Tstd:288.4,Bpos:474.6,Bstd:200.7,StrandBias:0.7,Multiplicity:1.00
0.001	0.001	0.001	0.997
0.001	0.001	0.997	0.001
0.001	0.997	0.001	0.001
0.001	0.001	0.001	0.997
0.001	0.001	0.416	0.582
0.001	0.997	0.001	0.001
0.001	0.001	0.808	0.190
0.001	0.001	0.001	0.997
0.001	0.997	0.001	0.001
0.001	0.207	0.001	0.791
0.001	0.997	0.001	0.001
0.997	0.001	0.001	0.001
>AAACTGGGTTCT	2-AAACTGGGTTCT	13.636671	-24.812711	0	T:8.0(6.20%),B:52.5(0.13%),P:1e-10	Tpos:386.9,Tstd:249.6,Bpos:516.3,Bstd:250.1,StrandBias:-0.7,Multiplicity:1.00
0.997	0.001	0.001	0.001
0.844	0.154	0.001	0.001
0.997	0.001	0.001	0.001
0.001	0.872	0.001	0.126
0.001	0.001	0.001	0.997
0.001	0.001	0.997	0.001
0.001	0.001	0.997	0.001
0.126	0.123	0.750	0.001
0.001	0.001	0.203	0.795
0.001	0.001	0.001	0.997
0.001	0.882	0.001	0.116
0.001	0.001	0.001	0.997
>ATAACATGGAGG	3-ATAACATGGAGG	14.160150	-22.781852	0	T:5.0(3.88%),B:7.0(0.02%),P:1e-9	Tpos:559.0,Tstd:308.4,Bpos:517.3,Bstd:342.0,StrandBias:-0.6,Multiplicity:1.00
0.997	0.001	0.001	0.001
0.001	0.001	0.001	0.997
0.997	0.001	0.001	0.001
0.811	0.001	0.001	0.187
0.001	0.997	0.001	0.001
0.786	0.212	0.001	0.001
0.001	0.001	0.001	0.997
0.001	0.001	0.997	0.001
0.001	0.212	0.786	0.001
0.826	0.001	0.172	0.001
0.001	0.001	0.997	0.001
0.001	0.001	0.997	0.001
>ACACTACTAGTT	4-ACACTACTAGTT	12.114721	-22.066011	0	T:7.0(5.43%),B:44.2(0.11%),P:1e-9	Tpos:318.4,Tstd:248.8,Bpos:511.7,Bstd:340.9,StrandBias:-1.6,Multiplicity:1.14
0.588	0.001	0.410	0.001
0.161	0.634	0.001	0.204
0.729	0.001	0.001	0.269
0.001	0.829	0.169	0.001
0.234	0.001	0.001	0.764
0.997	0.001	0.001	0.001
0.001	0.842	0.156	0.001
0.001	0.001	0.190	0.808
0.792	0.001	0.206	0.001
0.001	0.001	0.997	0.001
0.001	0.001	0.001	0.997
0.001	0.001	0.001	0.997
>GGTGTATTGTAC	5-GGTGTATTGTAC	14.450193	-21.762377	0	T:5.0(3.88%),B:8.5(0.02%),P:1e-9	Tpos:829.2,Tstd:76.4,Bpos:547.9,Bstd:346.4,StrandBias:-2.0,Multiplicity:1.00
0.001	0.001	0.997	0.001
0.001	0.001	0.779	0.219
0.001	0.001	0.001	0.997
0.254	0.001	0.744	0.001
0.001	0.001	0.001	0.997
0.997	0.001	0.001	0.001
0.001	0.001	0.001	0.997
0.001	0.001	0.001	0.997
0.001	0.001	0.709	0.289
0.001	0.001	0.001	0.997
0.997	0.001	0.001	0.001
0.001	0.997	0.001	0.001
>ACAAATACTCTT	6-ACAAATACTCTT	13.365167	-21.101875	0	T:9.0(6.98%),B:131.5(0.32%),P:1e-9	Tpos:527.8,Tstd:289.5,Bpos:490.1,Bstd:260.9,StrandBias:-0.3,Multiplicity:1.00
0.908	0.001	0.001	0.090
0.085	0.820	0.001	0.094
0.997	0.001	0.001	0.001
0.997	0.001	0.001	0.001
0.997	0.001	0.001	0.001
0.001	0.001	0.001	0.997
0.872	0.126	0.001	0.001
0.093	0.905	0.001	0.001
0.001	0.001	0.001	0.997
0.001	0.908	0.090	0.001
0.144	0.001	0.001	0.854
0.001	0.144	0.001	0.854
>TCCCTCTTCGAC	7-TCCCTCTTCGAC	10.997682	-20.806829	0	T:10.0(7.75%),B:191.5(0.47%),P:1e-9	Tpos:610.1,Tstd:257.0,Bpos:557.9,Bstd:343.6,StrandBias:1.0,Multiplicity:1.20
0.120	0.139	0.001	0.740
0.001	0.764	0.001	0.234
0.128	0.785	0.001	0.086
0.001	0.997	0.001	0.001
0.001	0.128	0.001	0.870
0.001	0.997	0.001	0.001
0.001	0.001	0.001	0.997
0.243	0.139	0.001	0.617
0.001	0.859	0.001	0.139
0.001	0.093	0.905	0.001
0.746	0.001	0.114	0.139
0.249	0.743	0.001	0.007
>AAGAGATACACG	8-AAGAGATACACG	10.344791	-19.870201	0	T:19.0(14.73%),B:1099.7(2.68%),P:1e-8	Tpos:535.2,Tstd:251.1,Bpos:550.8,Bstd:320.9,StrandBias:-0.7,Multiplicity:1.11
0.791	0.001	0.128	0.080
0.997	0.001	0.001	0.001
0.252	0.001	0.746	0.001
0.776	0.222	0.001	0.001
0.420	0.001	0.578	0.001
0.795	0.203	0.001	0.001
0.191	0.215	0.222	0.372
0.997	0.001	0.001	0.001
0.001	0.849	0.069	0.081
0.997	0.001	0.001	0.001
0.060	0.880	0.001	0.059
0.069	0.001	0.929	0.001
>ACCTTAAAATAA	9-ACCTTAAAATAA	13.438447	-19.454462	0	T:11.0(8.53%),B:292.7(0.71%),P:1e-8	Tpos:398.5,Tstd:239.2,Bpos:472.3,Bstd:294.4,StrandBias:1.4,Multiplicity:1.00
0.997	0.001	0.001	0.001
0.088	0.814	0.001	0.097
0.001	0.778	0.122	0.099
0.001	0.001	0.001	0.997
0.114	0.001	0.001	0.884
0.997	0.001	0.001	0.001
0.997	0.001	0.001	0.001
0.997	0.001	0.001	0.001
0.997	0.001	0.001	0.001
0.001	0.194	0.001	0.804
0.997	0.001	0.001	0.001
0.858	0.001	0.001	0.140
>CCTGAAKTCTGA	10-CCTGAAKTCTGA	13.279326	-18.569398	0	T:7.0(5.43%),B:76.6(0.19%),P:1e-8	Tpos:443.6,Tstd:265.6,Bpos:567.9,Bstd:303.3,StrandBias:1.6,Multiplicity:1.14
0.001	0.997	0.001	0.001
0.001	0.997	0.001	0.001
0.001	0.001	0.001	0.997
0.001	0.001	0.997	0.001
0.997	0.001	0.001	0.001
0.682	0.001	0.001	0.316
0.268	0.001	0.308	0.423
0.001	0.001	0.001	0.997
0.001	0.997	0.001	0.001
0.001	0.268	0.275	0.456
0.001	0.001	0.997	0.001
0.997	0.001	0.001	0.001
>TTRCGTGGCAAA	11-TTRCGTGGCAAA	12.571236	-18.238168	0	T:6.0(4.65%),B:44.7(0.11%),P:1e-7	Tpos:659.5,Tstd:340.5,Bpos:511.8,Bstd:282.4,StrandBias:10.0,Multiplicity:1.00
0.133	0.001	0.001	0.865
0.001	0.001	0.109	0.889
0.541	0.001	0.457	0.001
0.001	0.997	0.001	0.001
0.001	0.197	0.801	0.001
0.001	0.001	0.001	0.997
0.001	0.001	0.997	0.001
0.001	0.001	0.997	0.001
0.001	0.739	0.001	0.259
0.997	0.001	0.001	0.001
0.636	0.001	0.362	0.001
0.724	0.274	0.001	0.001
>GGGTTTTTAAGC	12-GGGTTTTTAAGC	13.514582	-17.770403	0	T:7.0(5.43%),B:86.1(0.21%),P:1e-7	Tpos:401.4,Tstd:227.3,Bpos:480.7,Bstd:300.9,StrandBias:2.8,Multiplicity:1.14
0.001	0.131	0.867	0.001
0.097	0.001	0.901	0.001
0.104	0.001	0.894	0.001
0.001	0.001	0.161	0.837
0.001	0.001	0.001	0.997
0.001	0.001	0.001	0.997
0.001	0.001	0.001	0.997
0.001	0.001	0.001	0.997
0.997	0.001	0.001	0.001
0.890	0.001	0.108	0.001
0.001	0.001	0.997	0.001
0.196	0.802	0.001	0.001
>GATCGGCTACAG	13-GATCGGCTACAG	14.522037	-15.933820	0	T:3.0(2.33%),B:1.9(0.00%),P:1e-6	Tpos:311.8,Tstd:230.3,Bpos:176.0,Bstd:0.0,StrandBias:0.0,Multiplicity:1.33
0.001	0.001	0.997	0.001
0.997	0.001	0.001	0.001
0.001	0.001	0.001	0.997
0.001	0.997	0.001	0.001
0.001	0.001	0.997	0.001
0.001	0.001	0.997	0.001
0.001	0.997	0.001	0.001
0.249	0.001	0.001	0.749
0.997	0.001	0.001	0.001
0.001	0.997	0.001	0.001
0.997	0.001	0.001	0.001
0.250	0.001	0.500	0.250
>TTGCGCGTAGGA	14-TTGCGCGTAGGA	10.612484	-15.778159	0	T:7.0(5.43%),B:117.1(0.29%),P:1e-6	Tpos:528.7,Tstd:291.3,Bpos:526.3,Bstd:287.8,StrandBias:0.8,Multiplicity:1.57
0.001	0.001	0.154	0.844
0.001	0.001	0.001	0.997
0.001	0.001	0.997	0.001
0.001	0.555	0.154	0.290
0.001	0.001	0.863	0.135
0.022	0.976	0.001	0.001
0.023	0.001	0.975	0.001
0.154	0.001	0.001	0.844
0.598	0.111	0.290	0.001
0.001	0.280	0.697	0.022
0.124	0.001	0.874	0.001
0.752	0.136	0.111	0.001
>ATGAATTCATTT	15-ATGAATTCATTT	13.351970	-15.741422	0	T:10.0(7.75%),B:334.0(0.81%),P:1e-6	Tpos:476.5,Tstd:301.3,Bpos:515.9,Bstd:304.5,StrandBias:0.3,Multiplicity:1.00
0.924	0.001	0.001	0.074
0.001	0.122	0.001	0.876
0.001	0.092	0.817	0.090
0.901	0.097	0.001	0.001
0.997	0.001	0.001	0.001
0.001	0.001	0.001	0.997
0.001	0.001	0.001	0.997
0.083	0.915	0.001	0.001
0.905	0.001	0.001	0.093
0.092	0.001	0.001	0.906
0.001	0.001	0.001	0.997
0.001	0.162	0.001	0.836
>TCTTTATCGTTT	16-TCTTTATCGTTT	12.922057	-14.267434	0	T:10.0(7.75%),B:393.3(0.96%),P:1e-6	Tpos:431.9,Tstd:319.2,Bpos:520.4,Bstd:296.9,StrandBias:0.3,Multiplicity:1.10
0.001	0.001	0.001	0.997
0.001	0.939	0.001	0.059
0.161	0.001	0.001	0.837
0.001	0.001	0.001	0.997
0.001	0.128	0.001	0.870
0.931	0.001	0.001	0.067
0.001	0.001	0.001	0.997
0.108	0.784	0.001	0.107
0.109	0.001	0.792	0.098
0.001	0.001	0.001	0.997
0.001	0.001	0.001	0.997
0.001	0.001	0.001	0.997
>TCTAATTAAAAT	17-TCTAATTAAAAT	11.940584	-13.708212	0	T:13.0(10.08%),B:764.6(1.86%),P:1e-5	Tpos:477.5,Tstd:289.7,Bpos:499.2,Bstd:295.6,StrandBias:1.6,Multiplicity:1.23
0.092	0.001	0.001	0.906
0.083	0.883	0.001	0.033
0.031	0.073	0.073	0.823
0.997	0.001	0.001	0.001
0.997	0.001	0.001	0.001
0.001	0.001	0.181	0.817
0.001	0.001	0.072	0.926
0.997	0.001	0.001	0.001
0.863	0.001	0.001	0.135
0.997	0.001	0.001	0.001
0.997	0.001	0.001	0.001
0.138	0.001	0.001	0.860
>ATATCCGCGGAA	18-ATATCCGCGGAA	11.061827	-13.641474	0	T:7.0(5.43%),B:163.5(0.40%),P:1e-5	Tpos:470.4,Tstd:190.7,Bpos:537.1,Bstd:320.6,StrandBias:-0.6,Multiplicity:1.43
0.707	0.001	0.166	0.126
0.001	0.001	0.001	0.997
0.906	0.001	0.001	0.092
0.001	0.001	0.001	0.997
0.106	0.654	0.239	0.001
0.001	0.600	0.126	0.273
0.001	0.001	0.853	0.145
0.165	0.833	0.001	0.001
0.165	0.001	0.833	0.001
0.001	0.001	0.833	0.165
0.833	0.001	0.165	0.001
0.997	0.001	0.001	0.001
>AAAATCGACGAA	19-AAAATCGACGAA	12.338011	-12.742501	0	T:11.0(8.53%),B:582.5(1.42%),P:1e-5	Tpos:532.1,Tstd:263.8,Bpos:523.3,Bstd:327.4,StrandBias:-0.7,Multiplicity:1.45
0.997	0.001	0.001	0.001
0.997	0.001	0.001	0.001
0.817	0.001	0.181	0.001
0.997	0.001	0.001	0.001
0.312	0.001	0.182	0.505
0.318	0.680	0.001	0.001
0.001	0.001	0.997	0.001
0.622	0.001	0.001	0.376
0.001	0.997	0.001	0.001
0.001	0.001	0.997	0.001
0.997	0.001	0.001	0.001
0.997	0.001	0.001	0.001
>AATGAAATGGGT	20-AATGAAATGGGT	13.421974	-12.414224	0	T:5.0(3.88%),B:70.7(0.17%),P:1e-5	Tpos:616.0,Tstd:322.7,Bpos:570.6,Bstd:286.6,StrandBias:1.0,Multiplicity:1.20
0.656	0.001	0.151	0.192
0.997	0.001	0.001	0.001
0.001	0.001	0.001	0.997
0.001	0.001	0.997	0.001
0.997	0.001	0.001	0.001
0.997	0.001	0.001	0.001
0.997	0.001	0.001	0.001
0.001	0.001	0.001	0.997
0.109	0.001	0.889	0.001
0.086	0.140	0.773	0.001
0.001	0.001	0.898	0.100
0.087	0.001	0.001	0.911
>TATTTGAYCYCC	21-TATTTGAYCYCC	10.852474	-12.094268	0	T:11.0(8.53%),B:624.9(1.52%),P:1e-5	Tpos:540.1,Tstd:292.5,Bpos:524.9,Bstd:327.1,StrandBias:0.6,Multiplicity:1.36
0.001	0.001	0.001	0.997
0.601	0.001	0.001	0.397
0.001	0.001	0.005	0.993
0.001	0.001	0.001	0.997
0.001	0.079	0.001	0.919
0.001	0.225	0.528	0.246
0.624	0.308	0.001	0.067
0.005	0.561	0.001	0.433
0.133	0.633	0.223	0.011
0.170	0.284	0.145	0.402
0.001	0.997	0.001	0.001
0.001	0.866	0.132	0.001
>AAATCTGATTTT	22-AAATCTGATTTT	11.470752	-10.826881	0	T:18.0(13.95%),B:1833.0(4.47%),P:1e-4	Tpos:446.1,Tstd:297.0,Bpos:497.1,Bstd:321.3,StrandBias:-0.2,Multiplicity:1.28
0.907	0.001	0.001	0.091
0.997	0.001	0.001	0.001
0.997	0.001	0.001	0.001
0.001	0.001	0.327	0.671
0.001	0.997	0.001	0.001
0.246	0.038	0.122	0.594
0.001	0.001	0.997	0.001
0.604	0.067	0.001	0.328
0.102	0.001	0.001	0.896
0.001	0.074	0.001	0.924
0.001	0.001	0.092	0.906
0.001	0.058	0.192	0.749
>GKAAWTTAGCTG	23-GKAAWTTAGCTG	10.946404	-9.761338	0	T:7.0(5.43%),B:302.1(0.74%),P:1e-4	Tpos:356.2,Tstd:298.2,Bpos:513.7,Bstd:317.5,StrandBias:0.0,Multiplicity:1.71
0.001	0.001	0.997	0.001
0.001	0.001	0.445	0.553
0.886	0.112	0.001	0.001
0.607	0.067	0.325	0.001
0.462	0.176	0.001	0.361
0.001	0.001	0.067	0.931
0.001	0.001	0.168	0.830
0.971	0.001	0.001	0.027
0.001	0.001	0.799	0.199
0.001	0.579	0.149	0.271
0.356	0.001	0.001	0.642
0.001	0.001	0.997	0.001
>TRGYSTAGCAGC	24-TRGYSTAGCAGC	14.288662	-8.217562	0	T:2.0(1.55%),B:6.3(0.02%),P:1e-3	Tpos:362.5,Tstd:337.5,Bpos:627.4,Bstd:283.4,StrandBias:10.0,Multiplicity:1.00
0.001	0.001	0.001	0.997
0.512	0.001	0.486	0.001
0.001	0.001	0.997	0.001
0.001	0.539	0.001	0.459
0.001	0.429	0.487	0.084
0.001	0.001	0.001	0.997
0.972	0.001	0.001	0.026
0.001	0.001	0.997	0.001
0.001	0.997	0.001	0.001
0.997	0.001	0.001	0.001
0.001	0.001	0.997	0.001
0.001	0.997	0.001	0.001
>TCAWAGGGGGCA	25-TCAWAGGGGGCA	8.177370	-7.483956	0	T:3.0(2.33%),B:48.4(0.12%),P:1e-3	Tpos:284.5,Tstd:110.0,Bpos:480.5,Bstd:287.3,StrandBias:-10.0,Multiplicity:2.67
0.001	0.001	0.251	0.747
0.001	0.997	0.001	0.001
0.638	0.360	0.001	0.001
0.386	0.157	0.001	0.456
0.997	0.001	0.001	0.001
0.251	0.001	0.747	0.001
0.001	0.001	0.997	0.001
0.001	0.001	0.997	0.001
0.001	0.001	0.997	0.001
0.001	0.001	0.997	0.001
0.001	0.997	0.001	0.001
0.997	0.001	0.001	0.001
>GCAGCAGC	1-GCAGCAGC	6.163194	-15.396929	0	T:42.0(32.56%),B:5959.9(14.53%),P:1e-6	Tpos:591.7,Tstd:284.5,Bpos:503.0,Bstd:329.0,StrandBias:-0.1,Multiplicity:1.31
0.001	0.001	0.997	0.001
0.062	0.854	0.001	0.083
0.880	0.020	0.081	0.019
0.044	0.001	0.954	0.001
0.095	0.818	0.001	0.086
0.928	0.001	0.070	0.001
0.126	0.001	0.872	0.001
0.001	0.892	0.106	0.001
>TGGGCGKC	2-TGGGCGKC	8.509856	-13.032627	0	T:23.0(17.83%),B:2428.0(5.92%),P:1e-5	Tpos:648.8,Tstd:307.6,Bpos:535.7,Bstd:324.4,StrandBias:-2.1,Multiplicity:1.13
0.001	0.001	0.001	0.997
0.001	0.001	0.997	0.001
0.001	0.108	0.890	0.001
0.001	0.001	0.997	0.001
0.001	0.997	0.001	0.001
0.001	0.001	0.997	0.001
0.001	0.001	0.443	0.555
0.195	0.803	0.001	0.001
>TAGCCGAT	3-TAGCCGAT	10.438211	-8.865105	0	T:7.0(5.43%),B:350.5(0.85%),P:1e-3	Tpos:449.1,Tstd:255.9,Bpos:495.6,Bstd:318.9,StrandBias:0.7,Multiplicity:1.14
0.001	0.001	0.001	0.997
0.997	0.001	0.001	0.001
0.001	0.001	0.997	0.001
0.001	0.997	0.001	0.001
0.115	0.532	0.352	0.001
0.001	0.001	0.997	0.001
0.997	0.001	0.001	0.001
0.001	0.001	0.001	0.997
>TCCGGCWG	4-TCCGGCWG	7.627847	-8.405029	0	T:23.0(17.83%),B:3268.1(7.97%),P:1e-3	Tpos:400.7,Tstd:271.1,Bpos:492.7,Bstd:324.0,StrandBias:-0.4,Multiplicity:1.59
0.001	0.001	0.036	0.962
0.001	0.677	0.321	0.001
0.212	0.661	0.126	0.001
0.001	0.001	0.942	0.056
0.143	0.001	0.855	0.001
0.001	0.997	0.001	0.001
0.429	0.001	0.001	0.569
0.045	0.001	0.953	0.001
>YSCCNCST	5-YSCCNCST	5.030270	-5.476609	0	T:26.0(20.16%),B:4817.4(11.75%),P:1e-2	Tpos:518.7,Tstd:225.7,Bpos:532.6,Bstd:330.3,StrandBias:0.8,Multiplicity:1.69
0.134	0.278	0.180	0.408
0.004	0.537	0.454	0.005
0.001	0.669	0.001	0.329
0.399	0.594	0.001	0.006
0.318	0.306	0.182	0.194
0.260	0.532	0.202	0.006
0.207	0.438	0.354	0.001
0.269	0.199	0.001	0.531
