>GCAGCAGC	1-GCAGCAGC	6.163194	-15.396929	0	T:42.0(32.56%),B:5959.9(14.53%),P:1e-6	Tpos:591.7,Tstd:284.5,Bpos:503.0,Bstd:329.0,StrandBias:-0.1,Multiplicity:1.31
0.001	0.001	0.997	0.001
0.062	0.854	0.001	0.083
0.880	0.020	0.081	0.019
0.044	0.001	0.954	0.001
0.095	0.818	0.001	0.086
0.928	0.001	0.070	0.001
0.126	0.001	0.872	0.001
0.001	0.892	0.106	0.001
>TGGGCGKC	2-TGGGCGKC	8.509856	-13.032627	0	T:23.0(17.83%),B:2428.0(5.92%),P:1e-5	Tpos:648.8,Tstd:307.6,Bpos:535.7,Bstd:324.4,StrandBias:-2.1,Multiplicity:1.13
0.001	0.001	0.001	0.997
0.001	0.001	0.997	0.001
0.001	0.108	0.890	0.001
0.001	0.001	0.997	0.001
0.001	0.997	0.001	0.001
0.001	0.001	0.997	0.001
0.001	0.001	0.443	0.555
0.195	0.803	0.001	0.001
>TAGCCGAT	3-TAGCCGAT	10.438211	-8.865105	0	T:7.0(5.43%),B:350.5(0.85%),P:1e-3	Tpos:449.1,Tstd:255.9,Bpos:495.6,Bstd:318.9,StrandBias:0.7,Multiplicity:1.14
0.001	0.001	0.001	0.997
0.997	0.001	0.001	0.001
0.001	0.001	0.997	0.001
0.001	0.997	0.001	0.001
0.115	0.532	0.352	0.001
0.001	0.001	0.997	0.001
0.997	0.001	0.001	0.001
0.001	0.001	0.001	0.997
>TCCGGCWG	4-TCCGGCWG	7.627847	-8.405029	0	T:23.0(17.83%),B:3268.1(7.97%),P:1e-3	Tpos:400.7,Tstd:271.1,Bpos:492.7,Bstd:324.0,StrandBias:-0.4,Multiplicity:1.59
0.001	0.001	0.036	0.962
0.001	0.677	0.321	0.001
0.212	0.661	0.126	0.001
0.001	0.001	0.942	0.056
0.143	0.001	0.855	0.001
0.001	0.997	0.001	0.001
0.429	0.001	0.001	0.569
0.045	0.001	0.953	0.001
>YSCCNCST	5-YSCCNCST	5.030270	-5.476609	0	T:26.0(20.16%),B:4817.4(11.75%),P:1e-2	Tpos:518.7,Tstd:225.7,Bpos:532.6,Bstd:330.3,StrandBias:0.8,Multiplicity:1.69
0.134	0.278	0.180	0.408
0.004	0.537	0.454	0.005
0.001	0.669	0.001	0.329
0.399	0.594	0.001	0.006
0.318	0.306	0.182	0.194
0.260	0.532	0.202	0.006
0.207	0.438	0.354	0.001
0.269	0.199	0.001	0.531
