>TGCTTCGTCTCA	1-TGCTTCGTCTCA	14.172017	-27.440595	0	T:8.0(6.20%),B:36.1(0.09%),P:1e-11	Tpos:484.8,Tstd:288.4,Bpos:474.6,Bstd:200.7,StrandBias:0.7,Multiplicity:1.00
0.001	0.001	0.001	0.997
0.001	0.001	0.997	0.001
0.001	0.997	0.001	0.001
0.001	0.001	0.001	0.997
0.001	0.001	0.416	0.582
0.001	0.997	0.001	0.001
0.001	0.001	0.808	0.190
0.001	0.001	0.001	0.997
0.001	0.997	0.001	0.001
0.001	0.207	0.001	0.791
0.001	0.997	0.001	0.001
0.997	0.001	0.001	0.001
>AAACTGGGTTCT	2-AAACTGGGTTCT	13.636671	-24.812711	0	T:8.0(6.20%),B:52.5(0.13%),P:1e-10	Tpos:386.9,Tstd:249.6,Bpos:516.3,Bstd:250.1,StrandBias:-0.7,Multiplicity:1.00
0.997	0.001	0.001	0.001
0.844	0.154	0.001	0.001
0.997	0.001	0.001	0.001
0.001	0.872	0.001	0.126
0.001	0.001	0.001	0.997
0.001	0.001	0.997	0.001
0.001	0.001	0.997	0.001
0.126	0.123	0.750	0.001
0.001	0.001	0.203	0.795
0.001	0.001	0.001	0.997
0.001	0.882	0.001	0.116
0.001	0.001	0.001	0.997
>ATAACATGGAGG	3-ATAACATGGAGG	14.160150	-22.781852	0	T:5.0(3.88%),B:7.0(0.02%),P:1e-9	Tpos:559.0,Tstd:308.4,Bpos:517.3,Bstd:342.0,StrandBias:-0.6,Multiplicity:1.00
0.997	0.001	0.001	0.001
0.001	0.001	0.001	0.997
0.997	0.001	0.001	0.001
0.811	0.001	0.001	0.187
0.001	0.997	0.001	0.001
0.786	0.212	0.001	0.001
0.001	0.001	0.001	0.997
0.001	0.001	0.997	0.001
0.001	0.212	0.786	0.001
0.826	0.001	0.172	0.001
0.001	0.001	0.997	0.001
0.001	0.001	0.997	0.001
>ACACTACTAGTT	4-ACACTACTAGTT	12.114721	-22.066011	0	T:7.0(5.43%),B:44.2(0.11%),P:1e-9	Tpos:318.4,Tstd:248.8,Bpos:511.7,Bstd:340.9,StrandBias:-1.6,Multiplicity:1.14
0.588	0.001	0.410	0.001
0.161	0.634	0.001	0.204
0.729	0.001	0.001	0.269
0.001	0.829	0.169	0.001
0.234	0.001	0.001	0.764
0.997	0.001	0.001	0.001
0.001	0.842	0.156	0.001
0.001	0.001	0.190	0.808
0.792	0.001	0.206	0.001
0.001	0.001	0.997	0.001
0.001	0.001	0.001	0.997
0.001	0.001	0.001	0.997
>GGTGTATTGTAC	5-GGTGTATTGTAC	14.450193	-21.762377	0	T:5.0(3.88%),B:8.5(0.02%),P:1e-9	Tpos:829.2,Tstd:76.4,Bpos:547.9,Bstd:346.4,StrandBias:-2.0,Multiplicity:1.00
0.001	0.001	0.997	0.001
0.001	0.001	0.779	0.219
0.001	0.001	0.001	0.997
0.254	0.001	0.744	0.001
0.001	0.001	0.001	0.997
0.997	0.001	0.001	0.001
0.001	0.001	0.001	0.997
0.001	0.001	0.001	0.997
0.001	0.001	0.709	0.289
0.001	0.001	0.001	0.997
0.997	0.001	0.001	0.001
0.001	0.997	0.001	0.001
>ACAAATACTCTT	6-ACAAATACTCTT	13.365167	-21.101875	0	T:9.0(6.98%),B:131.5(0.32%),P:1e-9	Tpos:527.8,Tstd:289.5,Bpos:490.1,Bstd:260.9,StrandBias:-0.3,Multiplicity:1.00
0.908	0.001	0.001	0.090
0.085	0.820	0.001	0.094
0.997	0.001	0.001	0.001
0.997	0.001	0.001	0.001
0.997	0.001	0.001	0.001
0.001	0.001	0.001	0.997
0.872	0.126	0.001	0.001
0.093	0.905	0.001	0.001
0.001	0.001	0.001	0.997
0.001	0.908	0.090	0.001
0.144	0.001	0.001	0.854
0.001	0.144	0.001	0.854
>TCCCTCTTCGAC	7-TCCCTCTTCGAC	10.997682	-20.806829	0	T:10.0(7.75%),B:191.5(0.47%),P:1e-9	Tpos:610.1,Tstd:257.0,Bpos:557.9,Bstd:343.6,StrandBias:1.0,Multiplicity:1.20
0.120	0.139	0.001	0.740
0.001	0.764	0.001	0.234
0.128	0.785	0.001	0.086
0.001	0.997	0.001	0.001
0.001	0.128	0.001	0.870
0.001	0.997	0.001	0.001
0.001	0.001	0.001	0.997
0.243	0.139	0.001	0.617
0.001	0.859	0.001	0.139
0.001	0.093	0.905	0.001
0.746	0.001	0.114	0.139
0.249	0.743	0.001	0.007
>AAGAGATACACG	8-AAGAGATACACG	10.344791	-19.870201	0	T:19.0(14.73%),B:1099.7(2.68%),P:1e-8	Tpos:535.2,Tstd:251.1,Bpos:550.8,Bstd:320.9,StrandBias:-0.7,Multiplicity:1.11
0.791	0.001	0.128	0.080
0.997	0.001	0.001	0.001
0.252	0.001	0.746	0.001
0.776	0.222	0.001	0.001
0.420	0.001	0.578	0.001
0.795	0.203	0.001	0.001
0.191	0.215	0.222	0.372
0.997	0.001	0.001	0.001
0.001	0.849	0.069	0.081
0.997	0.001	0.001	0.001
0.060	0.880	0.001	0.059
0.069	0.001	0.929	0.001
>ACCTTAAAATAA	9-ACCTTAAAATAA	13.438447	-19.454462	0	T:11.0(8.53%),B:292.7(0.71%),P:1e-8	Tpos:398.5,Tstd:239.2,Bpos:472.3,Bstd:294.4,StrandBias:1.4,Multiplicity:1.00
0.997	0.001	0.001	0.001
0.088	0.814	0.001	0.097
0.001	0.778	0.122	0.099
0.001	0.001	0.001	0.997
0.114	0.001	0.001	0.884
0.997	0.001	0.001	0.001
0.997	0.001	0.001	0.001
0.997	0.001	0.001	0.001
0.997	0.001	0.001	0.001
0.001	0.194	0.001	0.804
0.997	0.001	0.001	0.001
0.858	0.001	0.001	0.140
>CCTGAAKTCTGA	10-CCTGAAKTCTGA	13.279326	-18.569398	0	T:7.0(5.43%),B:76.6(0.19%),P:1e-8	Tpos:443.6,Tstd:265.6,Bpos:567.9,Bstd:303.3,StrandBias:1.6,Multiplicity:1.14
0.001	0.997	0.001	0.001
0.001	0.997	0.001	0.001
0.001	0.001	0.001	0.997
0.001	0.001	0.997	0.001
0.997	0.001	0.001	0.001
0.682	0.001	0.001	0.316
0.268	0.001	0.308	0.423
0.001	0.001	0.001	0.997
0.001	0.997	0.001	0.001
0.001	0.268	0.275	0.456
0.001	0.001	0.997	0.001
0.997	0.001	0.001	0.001
>TTRCGTGGCAAA	11-TTRCGTGGCAAA	12.571236	-18.238168	0	T:6.0(4.65%),B:44.7(0.11%),P:1e-7	Tpos:659.5,Tstd:340.5,Bpos:511.8,Bstd:282.4,StrandBias:10.0,Multiplicity:1.00
0.133	0.001	0.001	0.865
0.001	0.001	0.109	0.889
0.541	0.001	0.457	0.001
0.001	0.997	0.001	0.001
0.001	0.197	0.801	0.001
0.001	0.001	0.001	0.997
0.001	0.001	0.997	0.001
0.001	0.001	0.997	0.001
0.001	0.739	0.001	0.259
0.997	0.001	0.001	0.001
0.636	0.001	0.362	0.001
0.724	0.274	0.001	0.001
>GGGTTTTTAAGC	12-GGGTTTTTAAGC	13.514582	-17.770403	0	T:7.0(5.43%),B:86.1(0.21%),P:1e-7	Tpos:401.4,Tstd:227.3,Bpos:480.7,Bstd:300.9,StrandBias:2.8,Multiplicity:1.14
0.001	0.131	0.867	0.001
0.097	0.001	0.901	0.001
0.104	0.001	0.894	0.001
0.001	0.001	0.161	0.837
0.001	0.001	0.001	0.997
0.001	0.001	0.001	0.997
0.001	0.001	0.001	0.997
0.001	0.001	0.001	0.997
0.997	0.001	0.001	0.001
0.890	0.001	0.108	0.001
0.001	0.001	0.997	0.001
0.196	0.802	0.001	0.001
>GATCGGCTACAG	13-GATCGGCTACAG	14.522037	-15.933820	0	T:3.0(2.33%),B:1.9(0.00%),P:1e-6	Tpos:311.8,Tstd:230.3,Bpos:176.0,Bstd:0.0,StrandBias:0.0,Multiplicity:1.33
0.001	0.001	0.997	0.001
0.997	0.001	0.001	0.001
0.001	0.001	0.001	0.997
0.001	0.997	0.001	0.001
0.001	0.001	0.997	0.001
0.001	0.001	0.997	0.001
0.001	0.997	0.001	0.001
0.249	0.001	0.001	0.749
0.997	0.001	0.001	0.001
0.001	0.997	0.001	0.001
0.997	0.001	0.001	0.001
0.250	0.001	0.500	0.250
>TTGCGCGTAGGA	14-TTGCGCGTAGGA	10.612484	-15.778159	0	T:7.0(5.43%),B:117.1(0.29%),P:1e-6	Tpos:528.7,Tstd:291.3,Bpos:526.3,Bstd:287.8,StrandBias:0.8,Multiplicity:1.57
0.001	0.001	0.154	0.844
0.001	0.001	0.001	0.997
0.001	0.001	0.997	0.001
0.001	0.555	0.154	0.290
0.001	0.001	0.863	0.135
0.022	0.976	0.001	0.001
0.023	0.001	0.975	0.001
0.154	0.001	0.001	0.844
0.598	0.111	0.290	0.001
0.001	0.280	0.697	0.022
0.124	0.001	0.874	0.001
0.752	0.136	0.111	0.001
>ATGAATTCATTT	15-ATGAATTCATTT	13.351970	-15.741422	0	T:10.0(7.75%),B:334.0(0.81%),P:1e-6	Tpos:476.5,Tstd:301.3,Bpos:515.9,Bstd:304.5,StrandBias:0.3,Multiplicity:1.00
0.924	0.001	0.001	0.074
0.001	0.122	0.001	0.876
0.001	0.092	0.817	0.090
0.901	0.097	0.001	0.001
0.997	0.001	0.001	0.001
0.001	0.001	0.001	0.997
0.001	0.001	0.001	0.997
0.083	0.915	0.001	0.001
0.905	0.001	0.001	0.093
0.092	0.001	0.001	0.906
0.001	0.001	0.001	0.997
0.001	0.162	0.001	0.836
>TCTTTATCGTTT	16-TCTTTATCGTTT	12.922057	-14.267434	0	T:10.0(7.75%),B:393.3(0.96%),P:1e-6	Tpos:431.9,Tstd:319.2,Bpos:520.4,Bstd:296.9,StrandBias:0.3,Multiplicity:1.10
0.001	0.001	0.001	0.997
0.001	0.939	0.001	0.059
0.161	0.001	0.001	0.837
0.001	0.001	0.001	0.997
0.001	0.128	0.001	0.870
0.931	0.001	0.001	0.067
0.001	0.001	0.001	0.997
0.108	0.784	0.001	0.107
0.109	0.001	0.792	0.098
0.001	0.001	0.001	0.997
0.001	0.001	0.001	0.997
0.001	0.001	0.001	0.997
>TCTAATTAAAAT	17-TCTAATTAAAAT	11.940584	-13.708212	0	T:13.0(10.08%),B:764.6(1.86%),P:1e-5	Tpos:477.5,Tstd:289.7,Bpos:499.2,Bstd:295.6,StrandBias:1.6,Multiplicity:1.23
0.092	0.001	0.001	0.906
0.083	0.883	0.001	0.033
0.031	0.073	0.073	0.823
0.997	0.001	0.001	0.001
0.997	0.001	0.001	0.001
0.001	0.001	0.181	0.817
0.001	0.001	0.072	0.926
0.997	0.001	0.001	0.001
0.863	0.001	0.001	0.135
0.997	0.001	0.001	0.001
0.997	0.001	0.001	0.001
0.138	0.001	0.001	0.860
>ATATCCGCGGAA	18-ATATCCGCGGAA	11.061827	-13.641474	0	T:7.0(5.43%),B:163.5(0.40%),P:1e-5	Tpos:470.4,Tstd:190.7,Bpos:537.1,Bstd:320.6,StrandBias:-0.6,Multiplicity:1.43
0.707	0.001	0.166	0.126
0.001	0.001	0.001	0.997
0.906	0.001	0.001	0.092
0.001	0.001	0.001	0.997
0.106	0.654	0.239	0.001
0.001	0.600	0.126	0.273
0.001	0.001	0.853	0.145
0.165	0.833	0.001	0.001
0.165	0.001	0.833	0.001
0.001	0.001	0.833	0.165
0.833	0.001	0.165	0.001
0.997	0.001	0.001	0.001
>AAAATCGACGAA	19-AAAATCGACGAA	12.338011	-12.742501	0	T:11.0(8.53%),B:582.5(1.42%),P:1e-5	Tpos:532.1,Tstd:263.8,Bpos:523.3,Bstd:327.4,StrandBias:-0.7,Multiplicity:1.45
0.997	0.001	0.001	0.001
0.997	0.001	0.001	0.001
0.817	0.001	0.181	0.001
0.997	0.001	0.001	0.001
0.312	0.001	0.182	0.505
0.318	0.680	0.001	0.001
0.001	0.001	0.997	0.001
0.622	0.001	0.001	0.376
0.001	0.997	0.001	0.001
0.001	0.001	0.997	0.001
0.997	0.001	0.001	0.001
0.997	0.001	0.001	0.001
>AATGAAATGGGT	20-AATGAAATGGGT	13.421974	-12.414224	0	T:5.0(3.88%),B:70.7(0.17%),P:1e-5	Tpos:616.0,Tstd:322.7,Bpos:570.6,Bstd:286.6,StrandBias:1.0,Multiplicity:1.20
0.656	0.001	0.151	0.192
0.997	0.001	0.001	0.001
0.001	0.001	0.001	0.997
0.001	0.001	0.997	0.001
0.997	0.001	0.001	0.001
0.997	0.001	0.001	0.001
0.997	0.001	0.001	0.001
0.001	0.001	0.001	0.997
0.109	0.001	0.889	0.001
0.086	0.140	0.773	0.001
0.001	0.001	0.898	0.100
0.087	0.001	0.001	0.911
>TATTTGAYCYCC	21-TATTTGAYCYCC	10.852474	-12.094268	0	T:11.0(8.53%),B:624.9(1.52%),P:1e-5	Tpos:540.1,Tstd:292.5,Bpos:524.9,Bstd:327.1,StrandBias:0.6,Multiplicity:1.36
0.001	0.001	0.001	0.997
0.601	0.001	0.001	0.397
0.001	0.001	0.005	0.993
0.001	0.001	0.001	0.997
0.001	0.079	0.001	0.919
0.001	0.225	0.528	0.246
0.624	0.308	0.001	0.067
0.005	0.561	0.001	0.433
0.133	0.633	0.223	0.011
0.170	0.284	0.145	0.402
0.001	0.997	0.001	0.001
0.001	0.866	0.132	0.001
>AAATCTGATTTT	22-AAATCTGATTTT	11.470752	-10.826881	0	T:18.0(13.95%),B:1833.0(4.47%),P:1e-4	Tpos:446.1,Tstd:297.0,Bpos:497.1,Bstd:321.3,StrandBias:-0.2,Multiplicity:1.28
0.907	0.001	0.001	0.091
0.997	0.001	0.001	0.001
0.997	0.001	0.001	0.001
0.001	0.001	0.327	0.671
0.001	0.997	0.001	0.001
0.246	0.038	0.122	0.594
0.001	0.001	0.997	0.001
0.604	0.067	0.001	0.328
0.102	0.001	0.001	0.896
0.001	0.074	0.001	0.924
0.001	0.001	0.092	0.906
0.001	0.058	0.192	0.749
>GKAAWTTAGCTG	23-GKAAWTTAGCTG	10.946404	-9.761338	0	T:7.0(5.43%),B:302.1(0.74%),P:1e-4	Tpos:356.2,Tstd:298.2,Bpos:513.7,Bstd:317.5,StrandBias:0.0,Multiplicity:1.71
0.001	0.001	0.997	0.001
0.001	0.001	0.445	0.553
0.886	0.112	0.001	0.001
0.607	0.067	0.325	0.001
0.462	0.176	0.001	0.361
0.001	0.001	0.067	0.931
0.001	0.001	0.168	0.830
0.971	0.001	0.001	0.027
0.001	0.001	0.799	0.199
0.001	0.579	0.149	0.271
0.356	0.001	0.001	0.642
0.001	0.001	0.997	0.001
>TRGYSTAGCAGC	24-TRGYSTAGCAGC	14.288662	-8.217562	0	T:2.0(1.55%),B:6.3(0.02%),P:1e-3	Tpos:362.5,Tstd:337.5,Bpos:627.4,Bstd:283.4,StrandBias:10.0,Multiplicity:1.00
0.001	0.001	0.001	0.997
0.512	0.001	0.486	0.001
0.001	0.001	0.997	0.001
0.001	0.539	0.001	0.459
0.001	0.429	0.487	0.084
0.001	0.001	0.001	0.997
0.972	0.001	0.001	0.026
0.001	0.001	0.997	0.001
0.001	0.997	0.001	0.001
0.997	0.001	0.001	0.001
0.001	0.001	0.997	0.001
0.001	0.997	0.001	0.001
>TCAWAGGGGGCA	25-TCAWAGGGGGCA	8.177370	-7.483956	0	T:3.0(2.33%),B:48.4(0.12%),P:1e-3	Tpos:284.5,Tstd:110.0,Bpos:480.5,Bstd:287.3,StrandBias:-10.0,Multiplicity:2.67
0.001	0.001	0.251	0.747
0.001	0.997	0.001	0.001
0.638	0.360	0.001	0.001
0.386	0.157	0.001	0.456
0.997	0.001	0.001	0.001
0.251	0.001	0.747	0.001
0.001	0.001	0.997	0.001
0.001	0.001	0.997	0.001
0.001	0.001	0.997	0.001
0.001	0.001	0.997	0.001
0.001	0.997	0.001	0.001
0.997	0.001	0.001	0.001
