>TTGGGCACRTTT	24-TTGGGCACRTTT	11.312462	-6.536150	0	T:6.0(4.76%),B:374.6(0.95%),P:1e-2
0.020	0.096	0.002	0.882
0.093	0.030	0.015	0.862
0.001	0.138	0.526	0.335
0.248	0.040	0.552	0.160
0.139	0.087	0.720	0.054
0.380	0.549	0.039	0.032
0.917	0.001	0.046	0.036
0.119	0.804	0.014	0.063
0.371	0.119	0.429	0.081
0.038	0.032	0.035	0.895
0.075	0.050	0.027	0.848
0.001	0.069	0.001	0.929
