>ACTTTTTAATAT	20-ACTTTTTAATAT,BestGuess:lin-54/MA1450.1/Jaspar(0.567)	14.419197	-11.493685	0	T:4.0(3.17%),B:38.3(0.10%),P:1e-4
0.777	0.057	0.033	0.133
0.053	0.868	0.044	0.035
0.068	0.110	0.042	0.780
0.042	0.109	0.040	0.809
0.019	0.001	0.030	0.950
0.044	0.025	0.001	0.930
0.100	0.065	0.129	0.706
0.874	0.086	0.017	0.023
0.745	0.050	0.077	0.128
0.058	0.096	0.019	0.827
0.921	0.024	0.036	0.019
0.121	0.028	0.023	0.828
