>RGCGTATTTTGT	1-RGCGTATTTTGT	13.214620	-31.020509	0	T:10.0(7.52%),B:60.1(0.15%),P:1e-13	Tpos:658.0,Tstd:156.9,Bpos:434.9,Bstd:301.0,StrandBias:-1.2,Multiplicity:1.00
0.328	0.166	0.370	0.136
0.001	0.001	0.997	0.001
0.342	0.494	0.001	0.163
0.001	0.001	0.997	0.001
0.001	0.001	0.001	0.997
0.854	0.001	0.144	0.001
0.001	0.001	0.001	0.997
0.001	0.001	0.142	0.856
0.001	0.001	0.001	0.997
0.001	0.144	0.001	0.854
0.001	0.001	0.997	0.001
0.001	0.001	0.001	0.997
>GTGATCAATACT	2-GTGATCAATACT	13.781909	-24.269974	0	T:6.0(4.51%),B:13.1(0.03%),P:1e-10	Tpos:584.8,Tstd:239.3,Bpos:435.9,Bstd:318.6,StrandBias:-1.0,Multiplicity:1.00
0.164	0.186	0.649	0.001
0.001	0.001	0.001	0.997
0.001	0.163	0.835	0.001
0.997	0.001	0.001	0.001
0.001	0.001	0.001	0.997
0.001	0.997	0.001	0.001
0.813	0.001	0.001	0.185
0.997	0.001	0.001	0.001
0.001	0.001	0.001	0.997
0.997	0.001	0.001	0.001
0.001	0.864	0.001	0.134
0.001	0.001	0.001	0.997
>CCGATTGATTTC	3-CCGATTGATTTC	13.913051	-22.056591	0	T:7.0(5.26%),B:42.5(0.10%),P:1e-9	Tpos:471.9,Tstd:349.7,Bpos:477.5,Bstd:357.3,StrandBias:1.3,Multiplicity:1.00
0.001	0.997	0.001	0.001
0.171	0.827	0.001	0.001
0.001	0.001	0.997	0.001
0.997	0.001	0.001	0.001
0.001	0.001	0.001	0.997
0.152	0.001	0.001	0.846
0.001	0.001	0.827	0.171
0.997	0.001	0.001	0.001
0.001	0.001	0.001	0.997
0.209	0.001	0.001	0.789
0.001	0.001	0.001	0.997
0.001	0.851	0.001	0.147
>TCTGGTCAATTG	4-TCTGGTCAATTG	13.805485	-21.908484	0	T:7.0(5.26%),B:43.6(0.11%),P:1e-9	Tpos:387.7,Tstd:197.3,Bpos:515.1,Bstd:256.0,StrandBias:0.4,Multiplicity:1.00
0.159	0.001	0.001	0.839
0.001	0.997	0.001	0.001
0.194	0.001	0.001	0.804
0.165	0.001	0.833	0.001
0.001	0.001	0.997	0.001
0.001	0.001	0.001	0.997
0.001	0.997	0.001	0.001
0.997	0.001	0.001	0.001
0.997	0.001	0.001	0.001
0.173	0.001	0.001	0.825
0.001	0.001	0.001	0.997
0.001	0.001	0.868	0.130
>ACGTAGAGATAA	5-ACGTAGAGATAA	13.530073	-21.544735	0	T:5.0(3.76%),B:8.1(0.02%),P:1e-9	Tpos:502.2,Tstd:214.3,Bpos:542.4,Bstd:180.0,StrandBias:2.0,Multiplicity:1.00
0.617	0.001	0.001	0.381
0.001	0.997	0.001	0.001
0.170	0.001	0.828	0.001
0.001	0.001	0.001	0.997
0.997	0.001	0.001	0.001
0.001	0.001	0.997	0.001
0.997	0.001	0.001	0.001
0.001	0.001	0.617	0.381
0.617	0.001	0.381	0.001
0.001	0.001	0.001	0.997
0.617	0.001	0.001	0.381
0.997	0.001	0.001	0.001
>TGTAATTTTTAA	6-TGTAATTTTTAA	12.658060	-20.173157	0	T:22.0(16.54%),B:1413.5(3.49%),P:1e-8	Tpos:477.4,Tstd:261.7,Bpos:502.3,Bstd:296.1,StrandBias:0.8,Multiplicity:1.14
0.001	0.001	0.072	0.926
0.001	0.043	0.882	0.074
0.107	0.030	0.001	0.862
0.997	0.001	0.001	0.001
0.942	0.001	0.056	0.001
0.001	0.001	0.069	0.929
0.001	0.001	0.095	0.903
0.001	0.001	0.001	0.997
0.001	0.098	0.001	0.900
0.043	0.001	0.045	0.911
0.850	0.111	0.038	0.001
0.997	0.001	0.001	0.001
>TGATAAAGGCTC	7-TGATAAAGGCTC	11.155699	-19.824147	0	T:12.0(9.02%),B:343.9(0.85%),P:1e-8	Tpos:549.2,Tstd:252.3,Bpos:548.3,Bstd:302.4,StrandBias:0.5,Multiplicity:1.00
0.001	0.001	0.001	0.997
0.001	0.001	0.997	0.001
0.595	0.403	0.001	0.001
0.087	0.001	0.001	0.911
0.997	0.001	0.001	0.001
0.997	0.001	0.001	0.001
0.997	0.001	0.001	0.001
0.001	0.174	0.586	0.239
0.001	0.001	0.898	0.100
0.010	0.562	0.111	0.317
0.136	0.001	0.001	0.862
0.229	0.632	0.001	0.138
>GTGTATACACTT	8-GTGTATACACTT	9.909981	-17.272655	0	T:15.0(11.28%),B:742.7(1.83%),P:1e-7	Tpos:518.2,Tstd:305.7,Bpos:512.3,Bstd:298.1,StrandBias:-1.0,Multiplicity:1.07
0.091	0.001	0.788	0.120
0.001	0.001	0.001	0.997
0.053	0.001	0.945	0.001
0.001	0.148	0.071	0.780
0.823	0.001	0.108	0.068
0.053	0.001	0.001	0.945
0.640	0.177	0.127	0.056
0.001	0.940	0.001	0.058
0.997	0.001	0.001	0.001
0.124	0.572	0.212	0.092
0.060	0.103	0.090	0.747
0.060	0.001	0.090	0.849
>CTCATTAATAAT	9-CTCATTAATAAT	13.294554	-17.107880	0	T:7.0(5.26%),B:91.2(0.23%),P:1e-7	Tpos:711.3,Tstd:182.9,Bpos:506.1,Bstd:287.2,StrandBias:-0.4,Multiplicity:1.00
0.131	0.803	0.001	0.065
0.001	0.001	0.001	0.997
0.001	0.770	0.228	0.001
0.997	0.001	0.001	0.001
0.117	0.001	0.117	0.765
0.097	0.001	0.001	0.901
0.997	0.001	0.001	0.001
0.997	0.001	0.001	0.001
0.001	0.001	0.001	0.997
0.997	0.001	0.001	0.001
0.788	0.001	0.001	0.210
0.001	0.001	0.001	0.997
>AAMCGATGATMT	10-AAMCGATGATMT	11.103489	-16.169212	0	T:17.0(12.78%),B:1059.7(2.62%),P:1e-7	Tpos:513.1,Tstd:279.9,Bpos:502.5,Bstd:301.7,StrandBias:0.2,Multiplicity:1.00
0.762	0.001	0.001	0.236
0.650	0.001	0.348	0.001
0.574	0.424	0.001	0.001
0.274	0.724	0.001	0.001
0.405	0.001	0.593	0.001
0.997	0.001	0.001	0.001
0.001	0.001	0.001	0.997
0.001	0.217	0.767	0.015
0.688	0.001	0.001	0.310
0.001	0.001	0.001	0.997
0.534	0.464	0.001	0.001
0.001	0.001	0.001	0.997
>TGCACAATTTTG	11-TGCACAATTTTG	13.240524	-15.038517	0	T:9.0(6.77%),B:261.3(0.65%),P:1e-6	Tpos:417.4,Tstd:268.6,Bpos:500.0,Bstd:306.9,StrandBias:0.6,Multiplicity:1.11
0.001	0.001	0.135	0.863
0.001	0.102	0.896	0.001
0.001	0.997	0.001	0.001
0.785	0.001	0.213	0.001
0.053	0.777	0.084	0.086
0.997	0.001	0.001	0.001
0.914	0.001	0.001	0.084
0.001	0.001	0.001	0.997
0.001	0.001	0.001	0.997
0.001	0.001	0.001	0.997
0.001	0.001	0.001	0.997
0.001	0.083	0.862	0.054
>CGGTGATAAAGT	12-CGGTGATAAAGT	13.410045	-14.773051	0	T:5.0(3.76%),B:40.2(0.10%),P:1e-6	Tpos:389.2,Tstd:258.2,Bpos:455.0,Bstd:284.4,StrandBias:0.7,Multiplicity:1.60
0.001	0.979	0.001	0.019
0.001	0.323	0.675	0.001
0.001	0.001	0.997	0.001
0.001	0.001	0.001	0.997
0.001	0.001	0.997	0.001
0.997	0.001	0.001	0.001
0.001	0.001	0.001	0.997
0.711	0.001	0.001	0.287
0.979	0.001	0.019	0.001
0.997	0.001	0.001	0.001
0.401	0.001	0.597	0.001
0.365	0.001	0.001	0.633
>ATTCATTTTCTG	13-ATTCATTTTCTG	12.549794	-13.713394	0	T:11.0(8.27%),B:502.6(1.24%),P:1e-5	Tpos:674.8,Tstd:258.3,Bpos:496.8,Bstd:297.6,StrandBias:0.7,Multiplicity:1.18
0.939	0.059	0.001	0.001
0.001	0.001	0.001	0.997
0.001	0.001	0.135	0.863
0.001	0.997	0.001	0.001
0.652	0.193	0.154	0.001
0.001	0.001	0.204	0.794
0.001	0.001	0.001	0.997
0.001	0.001	0.001	0.997
0.001	0.196	0.001	0.802
0.001	0.906	0.001	0.092
0.001	0.001	0.001	0.997
0.059	0.049	0.891	0.001
>TTTTGAGTAAAA	14-TTTTGAGTAAAA	12.919572	-13.127492	0	T:16.0(12.03%),B:1177.2(2.91%),P:1e-5	Tpos:382.7,Tstd:276.3,Bpos:507.4,Bstd:308.2,StrandBias:-0.5,Multiplicity:1.38
0.001	0.001	0.001	0.997
0.001	0.001	0.001	0.997
0.001	0.001	0.001	0.997
0.001	0.001	0.001	0.997
0.001	0.001	0.997	0.001
0.681	0.001	0.110	0.208
0.001	0.104	0.791	0.104
0.001	0.149	0.061	0.789
0.806	0.001	0.192	0.001
0.997	0.001	0.001	0.001
0.997	0.001	0.001	0.001
0.997	0.001	0.001	0.001
>TATYGGTTTTCT	15-TATYGGTTTTCT	11.605064	-12.597875	0	T:8.0(6.02%),B:263.7(0.65%),P:1e-5	Tpos:529.9,Tstd:257.5,Bpos:532.5,Bstd:312.1,StrandBias:2.6,Multiplicity:1.75
0.316	0.132	0.001	0.551
0.782	0.001	0.049	0.168
0.001	0.001	0.001	0.997
0.139	0.399	0.171	0.291
0.115	0.254	0.567	0.064
0.312	0.001	0.532	0.155
0.271	0.001	0.001	0.727
0.001	0.001	0.070	0.928
0.153	0.001	0.001	0.845
0.001	0.001	0.001	0.997
0.270	0.620	0.049	0.061
0.161	0.001	0.001	0.837
>ACCACGCAGGCG	16-ACCACGCAGGCG	7.987990	-12.548835	0	T:14.0(10.53%),B:947.5(2.34%),P:1e-5	Tpos:537.7,Tstd:200.0,Bpos:495.1,Bstd:285.6,StrandBias:-0.8,Multiplicity:1.57
0.805	0.001	0.193	0.001
0.183	0.706	0.060	0.051
0.066	0.932	0.001	0.001
0.798	0.067	0.067	0.068
0.136	0.804	0.059	0.001
0.113	0.068	0.705	0.114
0.312	0.574	0.113	0.001
0.829	0.001	0.001	0.169
0.139	0.134	0.660	0.067
0.263	0.045	0.624	0.068
0.060	0.738	0.134	0.068
0.054	0.059	0.757	0.130
>TATAWACCTAAT	17-TATAWACCTAAT	10.581820	-12.227949	0	T:8.0(6.02%),B:277.5(0.69%),P:1e-5	Tpos:456.2,Tstd:231.0,Bpos:489.2,Bstd:303.3,StrandBias:-1.9,Multiplicity:1.75
0.047	0.089	0.001	0.863
0.910	0.088	0.001	0.001
0.044	0.332	0.101	0.523
0.862	0.001	0.001	0.136
0.513	0.001	0.001	0.485
0.609	0.089	0.001	0.301
0.001	0.786	0.089	0.124
0.054	0.648	0.167	0.131
0.001	0.054	0.001	0.944
0.548	0.369	0.082	0.001
0.997	0.001	0.001	0.001
0.001	0.001	0.284	0.714
>TAAATTTTGAGG	18-TAAATTTTGAGG	10.191558	-10.796566	0	T:20.0(15.04%),B:2107.2(5.20%),P:1e-4	Tpos:498.7,Tstd:312.4,Bpos:511.5,Bstd:316.7,StrandBias:0.0,Multiplicity:1.20
0.001	0.077	0.169	0.753
0.841	0.109	0.001	0.049
0.997	0.001	0.001	0.001
0.805	0.066	0.043	0.086
0.237	0.001	0.001	0.761
0.001	0.001	0.001	0.997
0.001	0.060	0.122	0.817
0.001	0.177	0.001	0.821
0.041	0.119	0.799	0.041
0.776	0.001	0.222	0.001
0.001	0.200	0.758	0.041
0.001	0.042	0.899	0.058
>CCCBCCCATATA	19-CCCBCCCATATA	13.185757	-10.349555	0	T:3.0(2.26%),B:16.3(0.04%),P:1e-4	Tpos:367.8,Tstd:271.5,Bpos:624.8,Bstd:203.3,StrandBias:10.0,Multiplicity:2.00
0.001	0.997	0.001	0.001
0.001	0.997	0.001	0.001
0.001	0.997	0.001	0.001
0.001	0.306	0.316	0.377
0.001	0.997	0.001	0.001
0.001	0.997	0.001	0.001
0.001	0.621	0.377	0.001
0.748	0.250	0.001	0.001
0.001	0.001	0.001	0.997
0.748	0.001	0.001	0.250
0.001	0.001	0.001	0.997
0.693	0.001	0.001	0.305
>TCCACTGGAAAT	20-TCCACTGGAAAT	12.355432	-8.751265	0	T:2.0(1.50%),B:4.4(0.01%),P:1e-3	Tpos:571.0,Tstd:293.5,Bpos:784.5,Bstd:186.0,StrandBias:10.0,Multiplicity:1.50
0.100	0.100	0.100	0.700
0.100	0.700	0.100	0.100
0.100	0.700	0.100	0.100
0.700	0.100	0.100	0.100
0.100	0.700	0.100	0.100
0.100	0.100	0.100	0.700
0.100	0.100	0.700	0.100
0.100	0.100	0.700	0.100
0.700	0.100	0.100	0.100
0.700	0.100	0.100	0.100
0.700	0.100	0.100	0.100
0.100	0.100	0.100	0.700
>GCTAGAAATTCA	21-GCTAGAAATTCA	12.355432	-7.882246	0	T:2.0(1.50%),B:7.3(0.02%),P:1e-3	Tpos:458.0,Tstd:198.8,Bpos:447.3,Bstd:325.6,StrandBias:1.6,Multiplicity:2.00
0.100	0.100	0.700	0.100
0.100	0.700	0.100	0.100
0.100	0.100	0.100	0.700
0.700	0.100	0.100	0.100
0.100	0.100	0.700	0.100
0.700	0.100	0.100	0.100
0.700	0.100	0.100	0.100
0.700	0.100	0.100	0.100
0.100	0.100	0.100	0.700
0.100	0.100	0.100	0.700
0.100	0.700	0.100	0.100
0.700	0.100	0.100	0.100
>TAGTCCACGTGG	22-TAGTCCACGTGG	13.156193	-7.190787	0	T:3.0(2.26%),B:51.2(0.13%),P:1e-3	Tpos:451.0,Tstd:255.3,Bpos:569.1,Bstd:278.3,StrandBias:0.0,Multiplicity:1.33
0.001	0.001	0.147	0.851
0.534	0.187	0.001	0.278
0.001	0.302	0.549	0.148
0.001	0.001	0.001	0.997
0.007	0.991	0.001	0.001
0.001	0.997	0.001	0.001
0.723	0.001	0.001	0.275
0.001	0.997	0.001	0.001
0.001	0.001	0.854	0.144
0.205	0.001	0.001	0.793
0.001	0.001	0.997	0.001
0.001	0.001	0.997	0.001
>TCGMTTTTMSGG	23-TCGMTTTTMSGG	11.638590	-6.893244	0	T:5.0(3.76%),B:227.0(0.56%),P:1e-2	Tpos:292.4,Tstd:150.1,Bpos:529.6,Bstd:316.7,StrandBias:2.8,Multiplicity:1.60
0.001	0.001	0.327	0.671
0.092	0.778	0.001	0.129
0.111	0.001	0.887	0.001
0.397	0.367	0.001	0.235
0.001	0.001	0.001	0.997
0.001	0.001	0.001	0.997
0.001	0.327	0.001	0.671
0.001	0.001	0.001	0.997
0.328	0.470	0.001	0.201
0.001	0.331	0.457	0.211
0.001	0.001	0.827	0.171
0.001	0.001	0.990	0.008
>TATTGATTTTCT	24-TATTGATTTTCT	13.537815	-4.382234	0	T:4.0(3.01%),B:268.3(0.66%),P:1e-1	Tpos:339.9,Tstd:189.2,Bpos:550.1,Bstd:308.3,StrandBias:10.0,Multiplicity:3.50
0.001	0.001	0.001	0.997
0.941	0.057	0.001	0.001
0.001	0.001	0.001	0.997
0.001	0.001	0.001	0.997
0.001	0.001	0.997	0.001
0.997	0.001	0.001	0.001
0.001	0.001	0.001	0.997
0.001	0.001	0.121	0.877
0.001	0.001	0.001	0.997
0.001	0.001	0.001	0.997
0.001	0.997	0.001	0.001
0.001	0.001	0.070	0.928
>TATATACCTAAT	25-TATATACCTAAT	15.560386	-3.937956	0	T:1.0(0.75%),B:6.0(0.01%),P:1e-1	Tpos:375.0,Tstd:182.0,Bpos:710.6,Bstd:223.5,StrandBias:-10.0,Multiplicity:2.00
0.001	0.001	0.001	0.997
0.997	0.001	0.001	0.001
0.001	0.001	0.001	0.997
0.997	0.001	0.001	0.001
0.127	0.001	0.001	0.871
0.548	0.336	0.001	0.115
0.001	0.876	0.001	0.122
0.001	0.836	0.162	0.001
0.001	0.001	0.001	0.997
0.997	0.001	0.001	0.001
0.997	0.001	0.001	0.001
0.001	0.001	0.001	0.997
