>SCCGCTTSCG	1-SCCGCTTSCG	8.491650	-25.401234	0	T:19.0(14.29%),B:749.6(1.85%),P:1e-11	Tpos:614.7,Tstd:277.1,Bpos:501.6,Bstd:303.2,StrandBias:1.1,Multiplicity:1.00
0.001	0.462	0.348	0.189
0.001	0.997	0.001	0.001
0.001	0.802	0.001	0.196
0.001	0.150	0.723	0.126
0.202	0.702	0.001	0.095
0.001	0.001	0.001	0.997
0.189	0.001	0.001	0.809
0.001	0.488	0.414	0.096
0.001	0.871	0.001	0.127
0.001	0.211	0.692	0.096
>GGAAASTTTC	2-GGAAASTTTC	8.287534	-21.536322	0	T:42.0(31.58%),B:4605.3(11.38%),P:1e-9	Tpos:464.3,Tstd:297.5,Bpos:501.4,Bstd:293.3,StrandBias:0.1,Multiplicity:1.19
0.023	0.108	0.681	0.188
0.001	0.141	0.727	0.131
0.698	0.074	0.001	0.227
0.997	0.001	0.001	0.001
0.997	0.001	0.001	0.001
0.213	0.268	0.382	0.137
0.139	0.001	0.232	0.628
0.001	0.144	0.255	0.600
0.030	0.200	0.199	0.571
0.139	0.745	0.001	0.115
>CAAAATACAC	3-CAAAATACAC	10.773203	-19.792179	0	T:15.0(11.28%),B:611.4(1.51%),P:1e-8	Tpos:653.3,Tstd:212.1,Bpos:480.5,Bstd:294.0,StrandBias:0.6,Multiplicity:1.00
0.001	0.997	0.001	0.001
0.997	0.001	0.001	0.001
0.899	0.001	0.099	0.001
0.912	0.086	0.001	0.001
0.997	0.001	0.001	0.001
0.001	0.001	0.001	0.997
0.958	0.040	0.001	0.001
0.001	0.997	0.001	0.001
0.736	0.001	0.204	0.059
0.001	0.997	0.001	0.001
>TGMTAAAGGS	4-TGMTAAAGGS	10.560623	-17.908095	0	T:8.0(6.02%),B:127.9(0.32%),P:1e-7	Tpos:493.0,Tstd:275.1,Bpos:493.2,Bstd:319.9,StrandBias:1.6,Multiplicity:1.00
0.001	0.001	0.001	0.997
0.209	0.001	0.789	0.001
0.492	0.506	0.001	0.001
0.001	0.001	0.001	0.997
0.997	0.001	0.001	0.001
0.993	0.001	0.001	0.005
0.783	0.001	0.215	0.001
0.218	0.251	0.530	0.001
0.001	0.001	0.997	0.001
0.055	0.478	0.467	0.001
>GCTGTACTAC	5-GCTGTACTAC	10.011614	-17.549303	0	T:11.0(8.27%),B:338.1(0.84%),P:1e-7	Tpos:398.2,Tstd:337.8,Bpos:464.2,Bstd:285.7,StrandBias:1.6,Multiplicity:1.09
0.049	0.001	0.687	0.263
0.118	0.599	0.151	0.132
0.001	0.001	0.209	0.789
0.001	0.188	0.810	0.001
0.001	0.001	0.001	0.997
0.997	0.001	0.001	0.001
0.001	0.997	0.001	0.001
0.001	0.001	0.001	0.997
0.619	0.001	0.001	0.379
0.001	0.856	0.012	0.131
>CTGACCCGTA	6-CTGACCCGTA	10.740252	-16.829908	0	T:7.0(5.26%),B:95.5(0.24%),P:1e-7	Tpos:583.9,Tstd:258.6,Bpos:612.2,Bstd:284.0,StrandBias:-0.7,Multiplicity:1.14
0.001	0.865	0.001	0.133
0.143	0.001	0.001	0.855
0.001	0.001	0.997	0.001
0.997	0.001	0.001	0.001
0.001	0.862	0.001	0.136
0.001	0.997	0.001	0.001
0.001	0.897	0.001	0.101
0.001	0.001	0.835	0.163
0.001	0.001	0.001	0.997
0.829	0.169	0.001	0.001
>CGCAGACAAG	7-CGCAGACAAG	7.561605	-16.805885	0	T:25.0(18.80%),B:2182.0(5.39%),P:1e-7	Tpos:549.5,Tstd:278.4,Bpos:518.3,Bstd:288.0,StrandBias:-0.6,Multiplicity:1.12
0.047	0.843	0.054	0.056
0.029	0.060	0.854	0.057
0.039	0.829	0.081	0.051
0.720	0.099	0.036	0.145
0.062	0.138	0.799	0.001
0.931	0.001	0.036	0.032
0.045	0.796	0.112	0.047
0.744	0.040	0.111	0.105
0.819	0.046	0.102	0.033
0.047	0.178	0.675	0.100
>GTCTGGTCAA	8-GTCTGGTCAA	10.093848	-16.214193	0	T:14.0(10.53%),B:691.3(1.71%),P:1e-7	Tpos:603.4,Tstd:281.8,Bpos:520.6,Bstd:293.2,StrandBias:0.6,Multiplicity:1.07
0.068	0.084	0.797	0.051
0.089	0.001	0.001	0.909
0.109	0.764	0.072	0.055
0.001	0.001	0.001	0.997
0.001	0.001	0.997	0.001
0.001	0.001	0.939	0.059
0.001	0.001	0.001	0.997
0.085	0.808	0.001	0.106
0.997	0.001	0.001	0.001
0.885	0.001	0.113	0.001
>TAACCATMTG	9-TAACCATMTG	10.444690	-15.666937	0	T:10.0(7.52%),B:321.3(0.79%),P:1e-6	Tpos:555.0,Tstd:304.2,Bpos:514.8,Bstd:290.7,StrandBias:-0.6,Multiplicity:1.00
0.001	0.267	0.001	0.731
0.997	0.001	0.001	0.001
0.649	0.001	0.212	0.138
0.076	0.819	0.001	0.104
0.001	0.997	0.001	0.001
0.866	0.001	0.001	0.132
0.001	0.001	0.001	0.997
0.556	0.442	0.001	0.001
0.001	0.001	0.001	0.997
0.001	0.223	0.767	0.009
>CGTGGAGTAC	10-CGTGGAGTAC	10.445210	-13.887463	0	T:9.0(6.77%),B:301.1(0.74%),P:1e-6	Tpos:371.8,Tstd:270.0,Bpos:500.3,Bstd:298.8,StrandBias:-0.8,Multiplicity:1.56
0.001	0.997	0.001	0.001
0.094	0.001	0.904	0.001
0.123	0.001	0.001	0.875
0.104	0.001	0.781	0.114
0.001	0.001	0.921	0.077
0.887	0.001	0.111	0.001
0.001	0.109	0.889	0.001
0.001	0.001	0.001	0.997
0.997	0.001	0.001	0.001
0.001	0.882	0.001	0.116
>AATTTCATCA	11-AATTTCATCA	11.833422	-12.697481	0	T:17.0(12.78%),B:1368.1(3.38%),P:1e-5	Tpos:561.4,Tstd:299.5,Bpos:511.4,Bstd:301.9,StrandBias:0.5,Multiplicity:1.00
0.997	0.001	0.001	0.001
0.997	0.001	0.001	0.001
0.001	0.001	0.001	0.997
0.001	0.001	0.001	0.997
0.001	0.001	0.001	0.997
0.001	0.997	0.001	0.001
0.997	0.001	0.001	0.001
0.001	0.135	0.165	0.699
0.001	0.997	0.001	0.001
0.997	0.001	0.001	0.001
>CCGTGATTAA	12-CCGTGATTAA	9.482491	-12.486478	0	T:11.0(8.27%),B:572.0(1.41%),P:1e-5	Tpos:480.0,Tstd:282.0,Bpos:531.6,Bstd:308.4,StrandBias:0.0,Multiplicity:1.27
0.108	0.804	0.001	0.087
0.001	0.775	0.223	0.001
0.001	0.001	0.997	0.001
0.001	0.001	0.001	0.997
0.088	0.001	0.910	0.001
0.721	0.001	0.172	0.106
0.100	0.168	0.001	0.731
0.326	0.001	0.001	0.672
0.882	0.001	0.001	0.116
0.997	0.001	0.001	0.001
>TAGGKAWATA	13-TAGGKAWATA	8.469763	-12.298961	0	T:21.0(15.79%),B:2070.0(5.11%),P:1e-5	Tpos:527.8,Tstd:266.3,Bpos:526.0,Bstd:304.9,StrandBias:0.5,Multiplicity:1.38
0.001	0.173	0.071	0.755
0.800	0.198	0.001	0.001
0.001	0.099	0.899	0.001
0.001	0.037	0.961	0.001
0.001	0.062	0.411	0.526
0.741	0.001	0.125	0.133
0.433	0.001	0.037	0.529
0.916	0.001	0.082	0.001
0.001	0.001	0.001	0.997
0.997	0.001	0.001	0.001
>SCCCCCCCHT	14-SCCCCCCCHT	7.602757	-8.806226	0	T:18.0(13.53%),B:2054.3(5.07%),P:1e-3	Tpos:510.4,Tstd:262.5,Bpos:554.5,Bstd:304.6,StrandBias:0.8,Multiplicity:1.33
0.229	0.401	0.318	0.053
0.193	0.799	0.001	0.007
0.001	0.820	0.001	0.178
0.001	0.578	0.001	0.420
0.133	0.411	0.203	0.253
0.012	0.713	0.001	0.274
0.001	0.676	0.299	0.024
0.001	0.804	0.001	0.194
0.327	0.303	0.015	0.355
0.001	0.201	0.001	0.797
>ACCACGCAGG	15-ACCACGCAGG	11.225319	-6.437330	0	T:3.0(2.26%),B:67.8(0.17%),P:1e-2	Tpos:588.5,Tstd:77.1,Bpos:536.6,Bstd:244.7,StrandBias:-2.8,Multiplicity:2.67
0.997	0.001	0.001	0.001
0.001	0.881	0.117	0.001
0.001	0.997	0.001	0.001
0.997	0.001	0.001	0.001
0.001	0.737	0.110	0.152
0.001	0.001	0.997	0.001
0.001	0.997	0.001	0.001
0.997	0.001	0.001	0.001
0.143	0.001	0.855	0.001
0.001	0.001	0.879	0.119
>GRMAATCRAT	16-GRMAATCRAT	8.031151	-4.448830	0	T:21.0(15.79%),B:3768.8(9.31%),P:1e-1	Tpos:440.2,Tstd:237.8,Bpos:520.2,Bstd:311.1,StrandBias:-1.3,Multiplicity:2.19
0.062	0.076	0.817	0.045
0.412	0.053	0.348	0.187
0.495	0.463	0.006	0.036
0.494	0.209	0.025	0.272
0.728	0.187	0.041	0.044
0.023	0.218	0.242	0.517
0.081	0.796	0.042	0.081
0.405	0.049	0.475	0.071
0.780	0.013	0.077	0.130
0.352	0.018	0.047	0.583
>RGCGTATTTTGT	1-RGCGTATTTTGT	13.214620	-31.020509	0	T:10.0(7.52%),B:60.1(0.15%),P:1e-13	Tpos:658.0,Tstd:156.9,Bpos:434.9,Bstd:301.0,StrandBias:-1.2,Multiplicity:1.00
0.328	0.166	0.370	0.136
0.001	0.001	0.997	0.001
0.342	0.494	0.001	0.163
0.001	0.001	0.997	0.001
0.001	0.001	0.001	0.997
0.854	0.001	0.144	0.001
0.001	0.001	0.001	0.997
0.001	0.001	0.142	0.856
0.001	0.001	0.001	0.997
0.001	0.144	0.001	0.854
0.001	0.001	0.997	0.001
0.001	0.001	0.001	0.997
>GTGATCAATACT	2-GTGATCAATACT	13.781909	-24.269974	0	T:6.0(4.51%),B:13.1(0.03%),P:1e-10	Tpos:584.8,Tstd:239.3,Bpos:435.9,Bstd:318.6,StrandBias:-1.0,Multiplicity:1.00
0.164	0.186	0.649	0.001
0.001	0.001	0.001	0.997
0.001	0.163	0.835	0.001
0.997	0.001	0.001	0.001
0.001	0.001	0.001	0.997
0.001	0.997	0.001	0.001
0.813	0.001	0.001	0.185
0.997	0.001	0.001	0.001
0.001	0.001	0.001	0.997
0.997	0.001	0.001	0.001
0.001	0.864	0.001	0.134
0.001	0.001	0.001	0.997
>CCGATTGATTTC	3-CCGATTGATTTC	13.913051	-22.056591	0	T:7.0(5.26%),B:42.5(0.10%),P:1e-9	Tpos:471.9,Tstd:349.7,Bpos:477.5,Bstd:357.3,StrandBias:1.3,Multiplicity:1.00
0.001	0.997	0.001	0.001
0.171	0.827	0.001	0.001
0.001	0.001	0.997	0.001
0.997	0.001	0.001	0.001
0.001	0.001	0.001	0.997
0.152	0.001	0.001	0.846
0.001	0.001	0.827	0.171
0.997	0.001	0.001	0.001
0.001	0.001	0.001	0.997
0.209	0.001	0.001	0.789
0.001	0.001	0.001	0.997
0.001	0.851	0.001	0.147
>TCTGGTCAATTG	4-TCTGGTCAATTG	13.805485	-21.908484	0	T:7.0(5.26%),B:43.6(0.11%),P:1e-9	Tpos:387.7,Tstd:197.3,Bpos:515.1,Bstd:256.0,StrandBias:0.4,Multiplicity:1.00
0.159	0.001	0.001	0.839
0.001	0.997	0.001	0.001
0.194	0.001	0.001	0.804
0.165	0.001	0.833	0.001
0.001	0.001	0.997	0.001
0.001	0.001	0.001	0.997
0.001	0.997	0.001	0.001
0.997	0.001	0.001	0.001
0.997	0.001	0.001	0.001
0.173	0.001	0.001	0.825
0.001	0.001	0.001	0.997
0.001	0.001	0.868	0.130
>ACGTAGAGATAA	5-ACGTAGAGATAA	13.530073	-21.544735	0	T:5.0(3.76%),B:8.1(0.02%),P:1e-9	Tpos:502.2,Tstd:214.3,Bpos:542.4,Bstd:180.0,StrandBias:2.0,Multiplicity:1.00
0.617	0.001	0.001	0.381
0.001	0.997	0.001	0.001
0.170	0.001	0.828	0.001
0.001	0.001	0.001	0.997
0.997	0.001	0.001	0.001
0.001	0.001	0.997	0.001
0.997	0.001	0.001	0.001
0.001	0.001	0.617	0.381
0.617	0.001	0.381	0.001
0.001	0.001	0.001	0.997
0.617	0.001	0.001	0.381
0.997	0.001	0.001	0.001
>TGTAATTTTTAA	6-TGTAATTTTTAA	12.658060	-20.173157	0	T:22.0(16.54%),B:1413.5(3.49%),P:1e-8	Tpos:477.4,Tstd:261.7,Bpos:502.3,Bstd:296.1,StrandBias:0.8,Multiplicity:1.14
0.001	0.001	0.072	0.926
0.001	0.043	0.882	0.074
0.107	0.030	0.001	0.862
0.997	0.001	0.001	0.001
0.942	0.001	0.056	0.001
0.001	0.001	0.069	0.929
0.001	0.001	0.095	0.903
0.001	0.001	0.001	0.997
0.001	0.098	0.001	0.900
0.043	0.001	0.045	0.911
0.850	0.111	0.038	0.001
0.997	0.001	0.001	0.001
>TGATAAAGGCTC	7-TGATAAAGGCTC	11.155699	-19.824147	0	T:12.0(9.02%),B:343.9(0.85%),P:1e-8	Tpos:549.2,Tstd:252.3,Bpos:548.3,Bstd:302.4,StrandBias:0.5,Multiplicity:1.00
0.001	0.001	0.001	0.997
0.001	0.001	0.997	0.001
0.595	0.403	0.001	0.001
0.087	0.001	0.001	0.911
0.997	0.001	0.001	0.001
0.997	0.001	0.001	0.001
0.997	0.001	0.001	0.001
0.001	0.174	0.586	0.239
0.001	0.001	0.898	0.100
0.010	0.562	0.111	0.317
0.136	0.001	0.001	0.862
0.229	0.632	0.001	0.138
>GTGTATACACTT	8-GTGTATACACTT	9.909981	-17.272655	0	T:15.0(11.28%),B:742.7(1.83%),P:1e-7	Tpos:518.2,Tstd:305.7,Bpos:512.3,Bstd:298.1,StrandBias:-1.0,Multiplicity:1.07
0.091	0.001	0.788	0.120
0.001	0.001	0.001	0.997
0.053	0.001	0.945	0.001
0.001	0.148	0.071	0.780
0.823	0.001	0.108	0.068
0.053	0.001	0.001	0.945
0.640	0.177	0.127	0.056
0.001	0.940	0.001	0.058
0.997	0.001	0.001	0.001
0.124	0.572	0.212	0.092
0.060	0.103	0.090	0.747
0.060	0.001	0.090	0.849
>CTCATTAATAAT	9-CTCATTAATAAT	13.294554	-17.107880	0	T:7.0(5.26%),B:91.2(0.23%),P:1e-7	Tpos:711.3,Tstd:182.9,Bpos:506.1,Bstd:287.2,StrandBias:-0.4,Multiplicity:1.00
0.131	0.803	0.001	0.065
0.001	0.001	0.001	0.997
0.001	0.770	0.228	0.001
0.997	0.001	0.001	0.001
0.117	0.001	0.117	0.765
0.097	0.001	0.001	0.901
0.997	0.001	0.001	0.001
0.997	0.001	0.001	0.001
0.001	0.001	0.001	0.997
0.997	0.001	0.001	0.001
0.788	0.001	0.001	0.210
0.001	0.001	0.001	0.997
>AAMCGATGATMT	10-AAMCGATGATMT	11.103489	-16.169212	0	T:17.0(12.78%),B:1059.7(2.62%),P:1e-7	Tpos:513.1,Tstd:279.9,Bpos:502.5,Bstd:301.7,StrandBias:0.2,Multiplicity:1.00
0.762	0.001	0.001	0.236
0.650	0.001	0.348	0.001
0.574	0.424	0.001	0.001
0.274	0.724	0.001	0.001
0.405	0.001	0.593	0.001
0.997	0.001	0.001	0.001
0.001	0.001	0.001	0.997
0.001	0.217	0.767	0.015
0.688	0.001	0.001	0.310
0.001	0.001	0.001	0.997
0.534	0.464	0.001	0.001
0.001	0.001	0.001	0.997
>TGCACAATTTTG	11-TGCACAATTTTG	13.240524	-15.038517	0	T:9.0(6.77%),B:261.3(0.65%),P:1e-6	Tpos:417.4,Tstd:268.6,Bpos:500.0,Bstd:306.9,StrandBias:0.6,Multiplicity:1.11
0.001	0.001	0.135	0.863
0.001	0.102	0.896	0.001
0.001	0.997	0.001	0.001
0.785	0.001	0.213	0.001
0.053	0.777	0.084	0.086
0.997	0.001	0.001	0.001
0.914	0.001	0.001	0.084
0.001	0.001	0.001	0.997
0.001	0.001	0.001	0.997
0.001	0.001	0.001	0.997
0.001	0.001	0.001	0.997
0.001	0.083	0.862	0.054
>CGGTGATAAAGT	12-CGGTGATAAAGT	13.410045	-14.773051	0	T:5.0(3.76%),B:40.2(0.10%),P:1e-6	Tpos:389.2,Tstd:258.2,Bpos:455.0,Bstd:284.4,StrandBias:0.7,Multiplicity:1.60
0.001	0.979	0.001	0.019
0.001	0.323	0.675	0.001
0.001	0.001	0.997	0.001
0.001	0.001	0.001	0.997
0.001	0.001	0.997	0.001
0.997	0.001	0.001	0.001
0.001	0.001	0.001	0.997
0.711	0.001	0.001	0.287
0.979	0.001	0.019	0.001
0.997	0.001	0.001	0.001
0.401	0.001	0.597	0.001
0.365	0.001	0.001	0.633
>ATTCATTTTCTG	13-ATTCATTTTCTG	12.549794	-13.713394	0	T:11.0(8.27%),B:502.6(1.24%),P:1e-5	Tpos:674.8,Tstd:258.3,Bpos:496.8,Bstd:297.6,StrandBias:0.7,Multiplicity:1.18
0.939	0.059	0.001	0.001
0.001	0.001	0.001	0.997
0.001	0.001	0.135	0.863
0.001	0.997	0.001	0.001
0.652	0.193	0.154	0.001
0.001	0.001	0.204	0.794
0.001	0.001	0.001	0.997
0.001	0.001	0.001	0.997
0.001	0.196	0.001	0.802
0.001	0.906	0.001	0.092
0.001	0.001	0.001	0.997
0.059	0.049	0.891	0.001
>TTTTGAGTAAAA	14-TTTTGAGTAAAA	12.919572	-13.127492	0	T:16.0(12.03%),B:1177.2(2.91%),P:1e-5	Tpos:382.7,Tstd:276.3,Bpos:507.4,Bstd:308.2,StrandBias:-0.5,Multiplicity:1.38
0.001	0.001	0.001	0.997
0.001	0.001	0.001	0.997
0.001	0.001	0.001	0.997
0.001	0.001	0.001	0.997
0.001	0.001	0.997	0.001
0.681	0.001	0.110	0.208
0.001	0.104	0.791	0.104
0.001	0.149	0.061	0.789
0.806	0.001	0.192	0.001
0.997	0.001	0.001	0.001
0.997	0.001	0.001	0.001
0.997	0.001	0.001	0.001
>TATYGGTTTTCT	15-TATYGGTTTTCT	11.605064	-12.597875	0	T:8.0(6.02%),B:263.7(0.65%),P:1e-5	Tpos:529.9,Tstd:257.5,Bpos:532.5,Bstd:312.1,StrandBias:2.6,Multiplicity:1.75
0.316	0.132	0.001	0.551
0.782	0.001	0.049	0.168
0.001	0.001	0.001	0.997
0.139	0.399	0.171	0.291
0.115	0.254	0.567	0.064
0.312	0.001	0.532	0.155
0.271	0.001	0.001	0.727
0.001	0.001	0.070	0.928
0.153	0.001	0.001	0.845
0.001	0.001	0.001	0.997
0.270	0.620	0.049	0.061
0.161	0.001	0.001	0.837
>ACCACGCAGGCG	16-ACCACGCAGGCG	7.987990	-12.548835	0	T:14.0(10.53%),B:947.5(2.34%),P:1e-5	Tpos:537.7,Tstd:200.0,Bpos:495.1,Bstd:285.6,StrandBias:-0.8,Multiplicity:1.57
0.805	0.001	0.193	0.001
0.183	0.706	0.060	0.051
0.066	0.932	0.001	0.001
0.798	0.067	0.067	0.068
0.136	0.804	0.059	0.001
0.113	0.068	0.705	0.114
0.312	0.574	0.113	0.001
0.829	0.001	0.001	0.169
0.139	0.134	0.660	0.067
0.263	0.045	0.624	0.068
0.060	0.738	0.134	0.068
0.054	0.059	0.757	0.130
>TATAWACCTAAT	17-TATAWACCTAAT	10.581820	-12.227949	0	T:8.0(6.02%),B:277.5(0.69%),P:1e-5	Tpos:456.2,Tstd:231.0,Bpos:489.2,Bstd:303.3,StrandBias:-1.9,Multiplicity:1.75
0.047	0.089	0.001	0.863
0.910	0.088	0.001	0.001
0.044	0.332	0.101	0.523
0.862	0.001	0.001	0.136
0.513	0.001	0.001	0.485
0.609	0.089	0.001	0.301
0.001	0.786	0.089	0.124
0.054	0.648	0.167	0.131
0.001	0.054	0.001	0.944
0.548	0.369	0.082	0.001
0.997	0.001	0.001	0.001
0.001	0.001	0.284	0.714
>TAAATTTTGAGG	18-TAAATTTTGAGG	10.191558	-10.796566	0	T:20.0(15.04%),B:2107.2(5.20%),P:1e-4	Tpos:498.7,Tstd:312.4,Bpos:511.5,Bstd:316.7,StrandBias:0.0,Multiplicity:1.20
0.001	0.077	0.169	0.753
0.841	0.109	0.001	0.049
0.997	0.001	0.001	0.001
0.805	0.066	0.043	0.086
0.237	0.001	0.001	0.761
0.001	0.001	0.001	0.997
0.001	0.060	0.122	0.817
0.001	0.177	0.001	0.821
0.041	0.119	0.799	0.041
0.776	0.001	0.222	0.001
0.001	0.200	0.758	0.041
0.001	0.042	0.899	0.058
>CCCBCCCATATA	19-CCCBCCCATATA	13.185757	-10.349555	0	T:3.0(2.26%),B:16.3(0.04%),P:1e-4	Tpos:367.8,Tstd:271.5,Bpos:624.8,Bstd:203.3,StrandBias:10.0,Multiplicity:2.00
0.001	0.997	0.001	0.001
0.001	0.997	0.001	0.001
0.001	0.997	0.001	0.001
0.001	0.306	0.316	0.377
0.001	0.997	0.001	0.001
0.001	0.997	0.001	0.001
0.001	0.621	0.377	0.001
0.748	0.250	0.001	0.001
0.001	0.001	0.001	0.997
0.748	0.001	0.001	0.250
0.001	0.001	0.001	0.997
0.693	0.001	0.001	0.305
>TCCACTGGAAAT	20-TCCACTGGAAAT	12.355432	-8.751265	0	T:2.0(1.50%),B:4.4(0.01%),P:1e-3	Tpos:571.0,Tstd:293.5,Bpos:784.5,Bstd:186.0,StrandBias:10.0,Multiplicity:1.50
0.100	0.100	0.100	0.700
0.100	0.700	0.100	0.100
0.100	0.700	0.100	0.100
0.700	0.100	0.100	0.100
0.100	0.700	0.100	0.100
0.100	0.100	0.100	0.700
0.100	0.100	0.700	0.100
0.100	0.100	0.700	0.100
0.700	0.100	0.100	0.100
0.700	0.100	0.100	0.100
0.700	0.100	0.100	0.100
0.100	0.100	0.100	0.700
>GCTAGAAATTCA	21-GCTAGAAATTCA	12.355432	-7.882246	0	T:2.0(1.50%),B:7.3(0.02%),P:1e-3	Tpos:458.0,Tstd:198.8,Bpos:447.3,Bstd:325.6,StrandBias:1.6,Multiplicity:2.00
0.100	0.100	0.700	0.100
0.100	0.700	0.100	0.100
0.100	0.100	0.100	0.700
0.700	0.100	0.100	0.100
0.100	0.100	0.700	0.100
0.700	0.100	0.100	0.100
0.700	0.100	0.100	0.100
0.700	0.100	0.100	0.100
0.100	0.100	0.100	0.700
0.100	0.100	0.100	0.700
0.100	0.700	0.100	0.100
0.700	0.100	0.100	0.100
>TAGTCCACGTGG	22-TAGTCCACGTGG	13.156193	-7.190787	0	T:3.0(2.26%),B:51.2(0.13%),P:1e-3	Tpos:451.0,Tstd:255.3,Bpos:569.1,Bstd:278.3,StrandBias:0.0,Multiplicity:1.33
0.001	0.001	0.147	0.851
0.534	0.187	0.001	0.278
0.001	0.302	0.549	0.148
0.001	0.001	0.001	0.997
0.007	0.991	0.001	0.001
0.001	0.997	0.001	0.001
0.723	0.001	0.001	0.275
0.001	0.997	0.001	0.001
0.001	0.001	0.854	0.144
0.205	0.001	0.001	0.793
0.001	0.001	0.997	0.001
0.001	0.001	0.997	0.001
>TCGMTTTTMSGG	23-TCGMTTTTMSGG	11.638590	-6.893244	0	T:5.0(3.76%),B:227.0(0.56%),P:1e-2	Tpos:292.4,Tstd:150.1,Bpos:529.6,Bstd:316.7,StrandBias:2.8,Multiplicity:1.60
0.001	0.001	0.327	0.671
0.092	0.778	0.001	0.129
0.111	0.001	0.887	0.001
0.397	0.367	0.001	0.235
0.001	0.001	0.001	0.997
0.001	0.001	0.001	0.997
0.001	0.327	0.001	0.671
0.001	0.001	0.001	0.997
0.328	0.470	0.001	0.201
0.001	0.331	0.457	0.211
0.001	0.001	0.827	0.171
0.001	0.001	0.990	0.008
>TATTGATTTTCT	24-TATTGATTTTCT	13.537815	-4.382234	0	T:4.0(3.01%),B:268.3(0.66%),P:1e-1	Tpos:339.9,Tstd:189.2,Bpos:550.1,Bstd:308.3,StrandBias:10.0,Multiplicity:3.50
0.001	0.001	0.001	0.997
0.941	0.057	0.001	0.001
0.001	0.001	0.001	0.997
0.001	0.001	0.001	0.997
0.001	0.001	0.997	0.001
0.997	0.001	0.001	0.001
0.001	0.001	0.001	0.997
0.001	0.001	0.121	0.877
0.001	0.001	0.001	0.997
0.001	0.001	0.001	0.997
0.001	0.997	0.001	0.001
0.001	0.001	0.070	0.928
>TATATACCTAAT	25-TATATACCTAAT	15.560386	-3.937956	0	T:1.0(0.75%),B:6.0(0.01%),P:1e-1	Tpos:375.0,Tstd:182.0,Bpos:710.6,Bstd:223.5,StrandBias:-10.0,Multiplicity:2.00
0.001	0.001	0.001	0.997
0.997	0.001	0.001	0.001
0.001	0.001	0.001	0.997
0.997	0.001	0.001	0.001
0.127	0.001	0.001	0.871
0.548	0.336	0.001	0.115
0.001	0.876	0.001	0.122
0.001	0.836	0.162	0.001
0.001	0.001	0.001	0.997
0.997	0.001	0.001	0.001
0.997	0.001	0.001	0.001
0.001	0.001	0.001	0.997
>TGGAAAGT	1-TGGAAAGT	9.595289	-12.478390	0	T:29.0(21.80%),B:3539.3(8.74%),P:1e-5	Tpos:566.5,Tstd:290.6,Bpos:507.5,Bstd:295.1,StrandBias:-0.4,Multiplicity:1.14
0.001	0.229	0.001	0.769
0.001	0.001	0.997	0.001
0.001	0.001	0.997	0.001
0.997	0.001	0.001	0.001
0.997	0.001	0.001	0.001
0.997	0.001	0.001	0.001
0.001	0.001	0.997	0.001
0.001	0.001	0.001	0.997
>ACGCATTC	2-ACGCATTC	7.546176	-12.287240	0	T:37.0(27.82%),B:5261.6(13.00%),P:1e-5	Tpos:468.3,Tstd:295.7,Bpos:499.4,Bstd:295.4,StrandBias:-0.3,Multiplicity:1.22
0.902	0.096	0.001	0.001
0.001	0.648	0.175	0.176
0.091	0.001	0.907	0.001
0.001	0.997	0.001	0.001
0.820	0.058	0.121	0.001
0.001	0.166	0.001	0.832
0.001	0.001	0.001	0.997
0.001	0.801	0.197	0.001
>CCTTTATC	3-CCTTTATC	7.998157	-11.975383	0	T:17.0(12.78%),B:1447.0(3.57%),P:1e-5	Tpos:524.8,Tstd:266.2,Bpos:515.4,Bstd:299.6,StrandBias:-0.9,Multiplicity:1.00
0.001	0.997	0.001	0.001
0.001	0.997	0.001	0.001
0.001	0.109	0.001	0.889
0.001	0.001	0.001	0.997
0.001	0.001	0.001	0.997
0.997	0.001	0.001	0.001
0.001	0.001	0.052	0.946
0.001	0.997	0.001	0.001
>TACTACGC	4-TACTACGC	8.009945	-11.241966	0	T:18.0(13.53%),B:1697.5(4.19%),P:1e-4	Tpos:475.8,Tstd:308.9,Bpos:499.4,Bstd:307.8,StrandBias:0.4,Multiplicity:1.28
0.001	0.001	0.149	0.849
0.997	0.001	0.001	0.001
0.001	0.997	0.001	0.001
0.001	0.130	0.001	0.868
0.893	0.001	0.105	0.001
0.001	0.997	0.001	0.001
0.334	0.120	0.545	0.001
0.001	0.863	0.001	0.135
>ATCTATAT	5-ATCTATAT	9.295357	-11.218758	0	T:22.0(16.54%),B:2407.7(5.95%),P:1e-4	Tpos:522.6,Tstd:238.9,Bpos:510.3,Bstd:303.7,StrandBias:1.8,Multiplicity:1.05
0.799	0.199	0.001	0.001
0.001	0.001	0.001	0.997
0.001	0.997	0.001	0.001
0.001	0.001	0.001	0.997
0.850	0.148	0.001	0.001
0.001	0.001	0.001	0.997
0.997	0.001	0.001	0.001
0.001	0.001	0.001	0.997
>TCCTAGCC	6-TCCTAGCC	6.961751	-10.357502	0	T:26.0(19.55%),B:3337.3(8.24%),P:1e-4	Tpos:519.0,Tstd:331.8,Bpos:500.4,Bstd:296.8,StrandBias:0.9,Multiplicity:1.23
0.048	0.001	0.001	0.950
0.038	0.960	0.001	0.001
0.001	0.667	0.301	0.031
0.001	0.001	0.001	0.997
0.858	0.060	0.001	0.081
0.001	0.001	0.946	0.052
0.058	0.746	0.195	0.001
0.130	0.868	0.001	0.001
>TATCAGTT	7-TATCAGTT	9.818831	-10.162196	0	T:31.0(23.31%),B:4434.5(10.95%),P:1e-4	Tpos:480.7,Tstd:329.5,Bpos:537.9,Bstd:301.2,StrandBias:0.7,Multiplicity:1.26
0.001	0.001	0.001	0.997
0.997	0.001	0.001	0.001
0.001	0.001	0.001	0.997
0.001	0.997	0.001	0.001
0.895	0.001	0.103	0.001
0.001	0.001	0.997	0.001
0.001	0.001	0.001	0.997
0.001	0.001	0.319	0.679
>CCCCYCCT	8-CCCCYCCT	7.801030	-8.234491	0	T:21.0(15.79%),B:2748.8(6.79%),P:1e-3	Tpos:580.4,Tstd:265.3,Bpos:537.7,Bstd:310.7,StrandBias:1.0,Multiplicity:1.19
0.018	0.860	0.121	0.001
0.001	0.893	0.105	0.001
0.001	0.662	0.001	0.336
0.001	0.997	0.001	0.001
0.190	0.454	0.039	0.317
0.001	0.997	0.001	0.001
0.001	0.829	0.001	0.169
0.079	0.196	0.144	0.581
