>AGACGCAGAG	1-AGACGCAGAG	8.344033	-26.057862	0	T:33.0(23.57%),B:2295.1(5.80%),P:1e-11	Tpos:534.4,Tstd:296.0,Bpos:553.8,Bstd:321.8,StrandBias:-1.1,Multiplicity:1.19
0.930	0.068	0.001	0.001
0.001	0.001	0.937	0.061
0.934	0.064	0.001	0.001
0.024	0.936	0.039	0.001
0.029	0.074	0.896	0.001
0.021	0.921	0.022	0.036
0.997	0.001	0.001	0.001
0.050	0.001	0.877	0.072
0.910	0.001	0.042	0.047
0.117	0.001	0.881	0.001
>GCCATCTGTG	2-GCCATCTGTG	10.461578	-23.630470	0	T:13.0(9.29%),B:284.7(0.72%),P:1e-10	Tpos:543.7,Tstd:346.7,Bpos:493.3,Bstd:302.5,StrandBias:0.2,Multiplicity:1.00
0.111	0.001	0.887	0.001
0.001	0.868	0.130	0.001
0.001	0.997	0.001	0.001
0.997	0.001	0.001	0.001
0.088	0.001	0.001	0.910
0.001	0.616	0.101	0.282
0.001	0.100	0.001	0.898
0.001	0.001	0.997	0.001
0.001	0.001	0.001	0.997
0.001	0.001	0.900	0.098
>GAGAGMYGAM	3-GAGAGMYGAM	7.805939	-22.495091	0	T:51.0(36.43%),B:5787.2(14.64%),P:1e-9	Tpos:579.2,Tstd:278.6,Bpos:517.1,Bstd:323.9,StrandBias:-0.5,Multiplicity:1.20
0.001	0.165	0.759	0.075
0.934	0.037	0.028	0.001
0.220	0.076	0.648	0.056
0.811	0.061	0.001	0.127
0.015	0.001	0.983	0.001
0.553	0.445	0.001	0.001
0.001	0.493	0.001	0.505
0.065	0.068	0.866	0.001
0.841	0.001	0.156	0.002
0.429	0.295	0.275	0.001
>CGAGGGATCA	4-CGAGGGATCA	8.877543	-21.440474	0	T:13.0(9.29%),B:342.5(0.87%),P:1e-9	Tpos:514.9,Tstd:277.4,Bpos:497.0,Bstd:327.0,StrandBias:-0.7,Multiplicity:1.00
0.101	0.698	0.115	0.086
0.090	0.001	0.908	0.001
0.997	0.001	0.001	0.001
0.001	0.001	0.924	0.074
0.001	0.115	0.797	0.087
0.001	0.001	0.997	0.001
0.997	0.001	0.001	0.001
0.001	0.001	0.001	0.997
0.073	0.806	0.100	0.021
0.881	0.117	0.001	0.001
>CCCTATCCTT	5-CCCTATCCTT	9.977192	-20.743464	0	T:13.0(9.29%),B:363.1(0.92%),P:1e-9	Tpos:492.6,Tstd:287.1,Bpos:526.3,Bstd:316.2,StrandBias:0.2,Multiplicity:1.15
0.001	0.910	0.088	0.001
0.077	0.921	0.001	0.001
0.194	0.804	0.001	0.001
0.001	0.170	0.094	0.735
0.944	0.054	0.001	0.001
0.001	0.001	0.001	0.997
0.001	0.997	0.001	0.001
0.065	0.777	0.099	0.059
0.001	0.001	0.001	0.997
0.001	0.001	0.001	0.997
>TTCGCAATTC	6-TTCGCAATTC	9.912447	-19.566421	0	T:26.0(18.57%),B:1889.5(4.78%),P:1e-8	Tpos:454.0,Tstd:321.0,Bpos:527.9,Bstd:312.6,StrandBias:0.0,Multiplicity:1.00
0.001	0.001	0.001	0.997
0.001	0.059	0.001	0.939
0.058	0.701	0.158	0.083
0.001	0.023	0.975	0.001
0.001	0.997	0.001	0.001
0.870	0.001	0.068	0.061
0.971	0.001	0.001	0.027
0.001	0.072	0.001	0.926
0.001	0.074	0.068	0.857
0.045	0.799	0.049	0.107
>CGAAGGCTGA	7-CGAAGGCTGA	8.868197	-18.779700	0	T:13.0(9.29%),B:430.0(1.09%),P:1e-8	Tpos:486.5,Tstd:336.6,Bpos:516.3,Bstd:316.8,StrandBias:0.0,Multiplicity:1.08
0.075	0.774	0.084	0.067
0.081	0.001	0.917	0.001
0.997	0.001	0.001	0.001
0.997	0.001	0.001	0.001
0.068	0.001	0.930	0.001
0.065	0.110	0.824	0.001
0.001	0.997	0.001	0.001
0.001	0.001	0.092	0.906
0.001	0.101	0.761	0.137
0.997	0.001	0.001	0.001
>RTMTACTCCT	8-RTMTACTCCT	10.115177	-18.772150	0	T:15.0(10.71%),B:611.5(1.55%),P:1e-8	Tpos:423.0,Tstd:284.9,Bpos:532.4,Bstd:318.4,StrandBias:1.0,Multiplicity:1.00
0.467	0.001	0.333	0.199
0.001	0.001	0.001	0.997
0.333	0.450	0.001	0.216
0.001	0.001	0.001	0.997
0.781	0.001	0.001	0.217
0.182	0.816	0.001	0.001
0.001	0.001	0.001	0.997
0.168	0.643	0.001	0.188
0.001	0.997	0.001	0.001
0.001	0.001	0.001	0.997
>TTTTATCASM	9-TTTTATCASM	9.438770	-18.092241	0	T:39.0(27.86%),B:4205.1(10.63%),P:1e-7	Tpos:593.6,Tstd:270.2,Bpos:517.4,Bstd:313.2,StrandBias:0.5,Multiplicity:1.23
0.001	0.272	0.001	0.726
0.001	0.185	0.310	0.504
0.001	0.001	0.001	0.997
0.001	0.001	0.001	0.997
0.997	0.001	0.001	0.001
0.001	0.001	0.001	0.997
0.001	0.997	0.001	0.001
0.546	0.001	0.185	0.268
0.036	0.462	0.501	0.001
0.389	0.490	0.001	0.119
>TCGTACATTG	10-TCGTACATTG	9.364297	-17.852787	0	T:14.0(10.00%),B:558.7(1.41%),P:1e-7	Tpos:605.4,Tstd:280.3,Bpos:496.0,Bstd:306.5,StrandBias:0.6,Multiplicity:1.07
0.001	0.142	0.147	0.710
0.001	0.997	0.001	0.001
0.001	0.118	0.880	0.001
0.001	0.001	0.001	0.997
0.789	0.118	0.001	0.092
0.001	0.997	0.001	0.001
0.901	0.001	0.001	0.097
0.001	0.001	0.001	0.997
0.001	0.034	0.001	0.964
0.001	0.101	0.771	0.127
>ACACTGCACT	11-ACACTGCACT	8.733524	-17.454543	0	T:17.0(12.14%),B:894.1(2.26%),P:1e-7	Tpos:525.6,Tstd:323.6,Bpos:509.1,Bstd:293.6,StrandBias:0.3,Multiplicity:1.06
0.861	0.074	0.025	0.040
0.017	0.940	0.022	0.021
0.756	0.175	0.031	0.038
0.213	0.512	0.068	0.207
0.022	0.040	0.029	0.909
0.210	0.178	0.461	0.151
0.023	0.909	0.024	0.044
0.776	0.152	0.033	0.039
0.167	0.650	0.041	0.142
0.217	0.246	0.018	0.519
>ACTCCACGAA	12-ACTCCACGAA	10.942620	-16.423066	0	T:10.0(7.14%),B:273.6(0.69%),P:1e-7	Tpos:488.2,Tstd:233.1,Bpos:496.5,Bstd:333.4,StrandBias:-0.6,Multiplicity:1.00
0.784	0.001	0.214	0.001
0.001	0.997	0.001	0.001
0.001	0.250	0.001	0.748
0.001	0.997	0.001	0.001
0.001	0.807	0.191	0.001
0.997	0.001	0.001	0.001
0.001	0.997	0.001	0.001
0.116	0.001	0.882	0.001
0.997	0.001	0.001	0.001
0.997	0.001	0.001	0.001
>TGTACCTCCA	13-TGTACCTCCA	8.684268	-16.016982	0	T:14.0(10.00%),B:650.3(1.64%),P:1e-6	Tpos:410.3,Tstd:287.6,Bpos:508.6,Bstd:302.4,StrandBias:1.1,Multiplicity:1.14
0.097	0.001	0.001	0.901
0.079	0.086	0.758	0.077
0.065	0.001	0.001	0.933
0.893	0.025	0.001	0.081
0.001	0.997	0.001	0.001
0.001	0.997	0.001	0.001
0.119	0.001	0.001	0.879
0.081	0.748	0.078	0.093
0.001	0.903	0.001	0.095
0.997	0.001	0.001	0.001
>ATATTATGAA	14-ATATTATGAA	9.807593	-14.056299	0	T:26.0(18.57%),B:2505.0(6.33%),P:1e-6	Tpos:495.0,Tstd:283.8,Bpos:504.7,Bstd:296.3,StrandBias:-0.9,Multiplicity:1.12
0.803	0.041	0.001	0.155
0.032	0.020	0.022	0.926
0.893	0.031	0.001	0.075
0.009	0.001	0.039	0.951
0.001	0.001	0.001	0.997
0.949	0.001	0.011	0.039
0.089	0.030	0.033	0.848
0.024	0.029	0.946	0.001
0.871	0.030	0.070	0.029
0.813	0.044	0.032	0.111
>GGACAAAGAT	15-GGACAAAGAT	7.823278	-13.527348	0	T:29.0(20.71%),B:3101.4(7.84%),P:1e-5	Tpos:585.4,Tstd:262.8,Bpos:512.2,Bstd:319.3,StrandBias:-1.9,Multiplicity:1.14
0.063	0.097	0.767	0.073
0.046	0.015	0.786	0.153
0.820	0.069	0.041	0.070
0.091	0.751	0.086	0.072
0.849	0.015	0.123	0.013
0.810	0.057	0.096	0.037
0.740	0.107	0.020	0.133
0.026	0.065	0.874	0.035
0.863	0.056	0.026	0.055
0.123	0.097	0.030	0.750
>ATTCAATCTC	16-ATTCAATCTC	11.047385	-12.947807	0	T:11.0(7.86%),B:505.0(1.28%),P:1e-5	Tpos:704.1,Tstd:240.5,Bpos:519.4,Bstd:313.5,StrandBias:0.8,Multiplicity:1.00
0.735	0.001	0.263	0.001
0.001	0.001	0.001	0.997
0.001	0.335	0.001	0.663
0.161	0.837	0.001	0.001
0.777	0.221	0.001	0.001
0.997	0.001	0.001	0.001
0.001	0.001	0.001	0.997
0.001	0.997	0.001	0.001
0.001	0.001	0.001	0.997
0.001	0.997	0.001	0.001
>RGACAAAATC	17-RGACAAAATC	10.998491	-11.992333	0	T:10.0(7.14%),B:452.5(1.14%),P:1e-5	Tpos:407.7,Tstd:245.1,Bpos:494.2,Bstd:318.5,StrandBias:1.0,Multiplicity:1.20
0.443	0.001	0.555	0.001
0.001	0.001	0.997	0.001
0.832	0.166	0.001	0.001
0.001	0.997	0.001	0.001
0.997	0.001	0.001	0.001
0.997	0.001	0.001	0.001
0.632	0.001	0.001	0.366
0.997	0.001	0.001	0.001
0.001	0.001	0.001	0.997
0.001	0.997	0.001	0.001
>AAAATAATAG	18-AAAATAATAG	10.296193	-10.824985	0	T:10.0(7.14%),B:519.2(1.31%),P:1e-4	Tpos:416.7,Tstd:210.7,Bpos:515.0,Bstd:318.6,StrandBias:1.2,Multiplicity:1.00
0.700	0.100	0.100	0.100
0.700	0.100	0.100	0.100
0.700	0.100	0.100	0.100
0.700	0.100	0.100	0.100
0.100	0.100	0.100	0.700
0.700	0.100	0.100	0.100
0.700	0.100	0.100	0.100
0.100	0.100	0.100	0.700
0.700	0.100	0.100	0.100
0.100	0.100	0.700	0.100
>AACCCCGCAT	19-AACCCCGCAT	6.623980	-8.457379	0	T:7.0(5.00%),B:332.1(0.84%),P:1e-3	Tpos:454.3,Tstd:259.9,Bpos:531.6,Bstd:298.7,StrandBias:4.0,Multiplicity:2.43
0.997	0.001	0.001	0.001
0.983	0.001	0.001	0.015
0.248	0.750	0.001	0.001
0.001	0.997	0.001	0.001
0.001	0.997	0.001	0.001
0.001	0.997	0.001	0.001
0.001	0.001	0.997	0.001
0.252	0.746	0.001	0.001
0.997	0.001	0.001	0.001
0.001	0.001	0.001	0.997
>TAGCACTGAC	20-TAGCACTGAC	10.228397	-8.156207	0	T:8.0(5.71%),B:464.5(1.17%),P:1e-3	Tpos:493.8,Tstd:222.2,Bpos:565.3,Bstd:300.5,StrandBias:2.8,Multiplicity:2.00
0.001	0.090	0.074	0.835
0.613	0.001	0.001	0.385
0.001	0.001	0.930	0.068
0.001	0.866	0.132	0.001
0.997	0.001	0.001	0.001
0.001	0.997	0.001	0.001
0.001	0.001	0.001	0.997
0.001	0.001	0.997	0.001
0.997	0.001	0.001	0.001
0.065	0.933	0.001	0.001
>TGCTAAATAT	21-TGCTAAATAT	6.686242	-6.193127	0	T:17.0(12.14%),B:2190.3(5.54%),P:1e-2	Tpos:227.7,Tstd:190.0,Bpos:488.5,Bstd:300.3,StrandBias:-1.4,Multiplicity:1.71
0.001	0.065	0.001	0.933
0.133	0.033	0.833	0.001
0.001	0.997	0.001	0.001
0.001	0.001	0.001	0.997
0.997	0.001	0.001	0.001
0.997	0.001	0.001	0.001
0.997	0.001	0.001	0.001
0.001	0.061	0.001	0.937
0.943	0.055	0.001	0.001
0.001	0.001	0.057	0.941
>CAAAGTTAGG	22-CAAAGTTAGG	10.599501	-6.014975	0	T:5.0(3.57%),B:257.0(0.65%),P:1e-2	Tpos:209.2,Tstd:253.1,Bpos:484.8,Bstd:310.3,StrandBias:1.6,Multiplicity:2.40
0.001	0.935	0.001	0.063
0.997	0.001	0.001	0.001
0.856	0.142	0.001	0.001
0.864	0.134	0.001	0.001
0.001	0.001	0.997	0.001
0.001	0.001	0.001	0.997
0.001	0.001	0.001	0.997
0.836	0.001	0.162	0.001
0.001	0.001	0.997	0.001
0.001	0.001	0.997	0.001
>TGTGTGTGTG	23-TGTGTGTGTG	9.096946	-5.706217	0	T:19.0(13.57%),B:2700.4(6.83%),P:1e-2	Tpos:570.1,Tstd:264.9,Bpos:545.1,Bstd:327.2,StrandBias:-0.4,Multiplicity:1.37
0.018	0.023	0.030	0.929
0.013	0.024	0.942	0.021
0.001	0.037	0.001	0.961
0.010	0.033	0.830	0.127
0.026	0.052	0.001	0.921
0.062	0.001	0.916	0.021
0.081	0.039	0.001	0.879
0.071	0.001	0.909	0.019
0.066	0.027	0.029	0.878
0.001	0.090	0.899	0.010
>CTAAGTATTT	24-CTAAGTATTT	11.418565	-4.538158	0	T:4.0(2.86%),B:237.0(0.60%),P:1e-1	Tpos:503.0,Tstd:284.8,Bpos:459.5,Bstd:299.3,StrandBias:1.6,Multiplicity:1.00
0.001	0.997	0.001	0.001
0.001	0.001	0.001	0.997
0.997	0.001	0.001	0.001
0.778	0.001	0.220	0.001
0.137	0.001	0.861	0.001
0.001	0.001	0.001	0.997
0.997	0.001	0.001	0.001
0.001	0.001	0.288	0.710
0.341	0.001	0.001	0.657
0.001	0.001	0.001	0.997
>TTTTCATGAA	25-TTTTCATGAA	6.874266	-0.945944	0	T:9.0(6.43%),B:2221.4(5.62%),P:1e0	Tpos:347.7,Tstd:228.6,Bpos:500.4,Bstd:304.7,StrandBias:0.5,Multiplicity:2.33
0.001	0.029	0.001	0.969
0.001	0.001	0.001	0.997
0.001	0.026	0.001	0.972
0.001	0.001	0.001	0.997
0.001	0.997	0.001	0.001
0.997	0.001	0.001	0.001
0.001	0.001	0.001	0.997
0.001	0.001	0.997	0.001
0.947	0.001	0.051	0.001
0.997	0.001	0.001	0.001
>GAGACGCAGAGA	1-GAGACGCAGAGA	11.217321	-24.558499	0	T:22.0(15.71%),B:1029.6(2.60%),P:1e-10	Tpos:553.1,Tstd:281.4,Bpos:568.1,Bstd:326.1,StrandBias:-1.5,Multiplicity:1.23
0.079	0.001	0.845	0.075
0.997	0.001	0.001	0.001
0.001	0.001	0.892	0.106
0.866	0.132	0.001	0.001
0.071	0.927	0.001	0.001
0.057	0.001	0.941	0.001
0.001	0.942	0.056	0.001
0.997	0.001	0.001	0.001
0.096	0.001	0.888	0.015
0.824	0.001	0.087	0.088
0.108	0.001	0.890	0.001
0.997	0.001	0.001	0.001
>CTTTATTAAATG	2-CTTTATTAAATG	13.327803	-22.218946	0	T:9.0(6.43%),B:101.8(0.26%),P:1e-9	Tpos:620.3,Tstd:193.8,Bpos:515.0,Bstd:272.2,StrandBias:0.3,Multiplicity:1.00
0.079	0.817	0.103	0.001
0.001	0.001	0.001	0.997
0.140	0.001	0.129	0.730
0.001	0.001	0.140	0.858
0.949	0.001	0.001	0.049
0.001	0.001	0.001	0.997
0.001	0.001	0.001	0.997
0.908	0.001	0.090	0.001
0.874	0.001	0.001	0.124
0.997	0.001	0.001	0.001
0.001	0.001	0.001	0.997
0.001	0.001	0.997	0.001
>TCTCGAAAAAGA	3-TCTCGAAAAAGA	12.886519	-22.184663	0	T:13.0(9.29%),B:321.0(0.81%),P:1e-9	Tpos:517.1,Tstd:275.1,Bpos:489.3,Bstd:308.4,StrandBias:0.2,Multiplicity:1.00
0.001	0.001	0.001	0.997
0.001	0.817	0.129	0.053
0.001	0.001	0.001	0.997
0.001	0.929	0.001	0.069
0.062	0.001	0.936	0.001
0.840	0.158	0.001	0.001
0.907	0.001	0.091	0.001
0.997	0.001	0.001	0.001
0.997	0.001	0.001	0.001
0.798	0.113	0.001	0.088
0.035	0.001	0.963	0.001
0.883	0.001	0.115	0.001
>TGTTATTCTTTT	4-TGTTATTCTTTT	12.802032	-21.893940	0	T:15.0(10.71%),B:482.6(1.22%),P:1e-9	Tpos:638.6,Tstd:232.6,Bpos:523.8,Bstd:314.4,StrandBias:0.2,Multiplicity:1.00
0.001	0.001	0.001	0.997
0.001	0.062	0.853	0.084
0.001	0.001	0.001	0.997
0.001	0.001	0.087	0.911
0.913	0.001	0.068	0.018
0.001	0.001	0.001	0.997
0.001	0.001	0.001	0.997
0.054	0.915	0.001	0.030
0.103	0.001	0.097	0.799
0.109	0.001	0.001	0.889
0.001	0.106	0.001	0.892
0.096	0.001	0.001	0.902
>TGCAAAAGTAGG	5-TGCAAAAGTAGG	12.226138	-21.521484	0	T:11.0(7.86%),B:210.1(0.53%),P:1e-9	Tpos:542.7,Tstd:265.3,Bpos:575.5,Bstd:309.0,StrandBias:-0.8,Multiplicity:1.00
0.001	0.001	0.001	0.997
0.001	0.001	0.997	0.001
0.075	0.838	0.086	0.001
0.856	0.142	0.001	0.001
0.997	0.001	0.001	0.001
0.997	0.001	0.001	0.001
0.997	0.001	0.001	0.001
0.001	0.277	0.721	0.001
0.001	0.001	0.001	0.997
0.632	0.001	0.366	0.001
0.115	0.108	0.758	0.019
0.001	0.001	0.841	0.157
>AATCACACTGAT	6-AATCACACTGAT	13.763026	-21.387818	0	T:7.0(5.00%),B:43.8(0.11%),P:1e-9	Tpos:491.3,Tstd:253.1,Bpos:512.4,Bstd:320.9,StrandBias:0.4,Multiplicity:1.00
0.875	0.123	0.001	0.001
0.861	0.001	0.001	0.137
0.001	0.001	0.001	0.997
0.001	0.997	0.001	0.001
0.861	0.001	0.001	0.137
0.001	0.866	0.132	0.001
0.997	0.001	0.001	0.001
0.001	0.847	0.151	0.001
0.001	0.001	0.001	0.997
0.001	0.001	0.997	0.001
0.997	0.001	0.001	0.001
0.001	0.001	0.137	0.861
>ATGTGATAAGAT	7-ATGTGATAAGAT	10.585039	-20.585133	0	T:15.0(10.71%),B:532.2(1.35%),P:1e-8	Tpos:638.4,Tstd:279.7,Bpos:518.7,Bstd:309.0,StrandBias:0.2,Multiplicity:1.13
0.798	0.134	0.004	0.064
0.123	0.112	0.095	0.670
0.099	0.059	0.745	0.097
0.092	0.001	0.256	0.651
0.001	0.001	0.945	0.053
0.991	0.001	0.007	0.001
0.144	0.045	0.041	0.770
0.773	0.130	0.096	0.001
0.997	0.001	0.001	0.001
0.068	0.047	0.752	0.133
0.820	0.001	0.082	0.097
0.045	0.001	0.061	0.893
>AGGCGATAAAAG	8-AGGCGATAAAAG	13.633689	-20.563055	0	T:7.0(5.00%),B:49.1(0.12%),P:1e-8	Tpos:577.1,Tstd:318.9,Bpos:668.6,Bstd:308.7,StrandBias:-2.6,Multiplicity:1.00
0.997	0.001	0.001	0.001
0.125	0.001	0.677	0.197
0.001	0.001	0.874	0.124
0.001	0.997	0.001	0.001
0.001	0.001	0.997	0.001
0.997	0.001	0.001	0.001
0.001	0.173	0.099	0.727
0.997	0.001	0.001	0.001
0.997	0.001	0.001	0.001
0.997	0.001	0.001	0.001
0.997	0.001	0.001	0.001
0.001	0.001	0.869	0.129
>CTAGTKAGCTCA	9-CTAGTKAGCTCA	12.468074	-20.553485	0	T:6.0(4.29%),B:25.7(0.07%),P:1e-8	Tpos:410.7,Tstd:275.6,Bpos:507.8,Bstd:354.3,StrandBias:1.0,Multiplicity:1.00
0.001	0.802	0.001	0.196
0.001	0.001	0.001	0.997
0.773	0.001	0.001	0.225
0.001	0.001	0.997	0.001
0.001	0.001	0.001	0.997
0.001	0.001	0.487	0.511
0.985	0.001	0.001	0.013
0.001	0.262	0.541	0.196
0.001	0.997	0.001	0.001
0.001	0.261	0.001	0.737
0.001	0.997	0.001	0.001
0.737	0.261	0.001	0.001
>TTTTGTTTTGGT	10-TTTTGTTTTGGT	12.855070	-17.951973	0	T:15.0(10.71%),B:651.8(1.65%),P:1e-7	Tpos:519.7,Tstd:265.1,Bpos:505.1,Bstd:303.1,StrandBias:2.1,Multiplicity:1.07
0.001	0.001	0.105	0.893
0.001	0.001	0.001	0.997
0.001	0.086	0.001	0.912
0.001	0.001	0.001	0.997
0.062	0.065	0.832	0.041
0.001	0.001	0.001	0.997
0.001	0.001	0.001	0.997
0.001	0.001	0.082	0.916
0.092	0.074	0.001	0.833
0.001	0.001	0.935	0.063
0.001	0.060	0.938	0.001
0.132	0.071	0.001	0.796
>CTCTCTCACTAC	11-CTCTCTCACTAC	10.943788	-17.744897	0	T:12.0(8.57%),B:385.8(0.98%),P:1e-7	Tpos:608.4,Tstd:247.7,Bpos:580.6,Bstd:324.0,StrandBias:0.5,Multiplicity:1.00
0.001	0.822	0.166	0.011
0.001	0.001	0.001	0.997
0.001	0.997	0.001	0.001
0.220	0.001	0.001	0.778
0.010	0.988	0.001	0.001
0.001	0.001	0.001	0.997
0.001	0.997	0.001	0.001
0.811	0.187	0.001	0.001
0.001	0.997	0.001	0.001
0.001	0.359	0.001	0.639
0.705	0.001	0.196	0.098
0.001	0.593	0.001	0.405
>CCTTCAAGACGA	12-CCTTCAAGACGA	11.259819	-15.376619	0	T:7.0(5.00%),B:110.1(0.28%),P:1e-6	Tpos:425.4,Tstd:308.3,Bpos:454.8,Bstd:332.3,StrandBias:0.7,Multiplicity:1.14
0.001	0.866	0.001	0.132
0.001	0.848	0.150	0.001
0.001	0.001	0.132	0.866
0.121	0.001	0.001	0.877
0.001	0.866	0.132	0.001
0.565	0.151	0.133	0.151
0.715	0.001	0.151	0.133
0.154	0.001	0.707	0.138
0.997	0.001	0.001	0.001
0.081	0.917	0.001	0.001
0.122	0.001	0.805	0.072
0.992	0.001	0.001	0.006
>AAWAATAAAAAG	13-AAWAATAAAAAG	12.173858	-14.537350	0	T:25.0(17.86%),B:2278.5(5.76%),P:1e-6	Tpos:520.9,Tstd:311.4,Bpos:523.3,Bstd:318.6,StrandBias:-1.9,Multiplicity:1.12
0.997	0.001	0.001	0.001
0.997	0.001	0.001	0.001
0.438	0.001	0.001	0.560
0.782	0.001	0.216	0.001
0.997	0.001	0.001	0.001
0.084	0.001	0.133	0.782
0.997	0.001	0.001	0.001
0.997	0.001	0.001	0.001
0.997	0.001	0.001	0.001
0.997	0.001	0.001	0.001
0.997	0.001	0.001	0.001
0.001	0.125	0.873	0.001
>TCAACTTCCCTG	14-TCAACTTCCCTG	10.128463	-14.442511	0	T:14.0(10.00%),B:743.2(1.88%),P:1e-6	Tpos:491.8,Tstd:295.1,Bpos:521.2,Bstd:318.1,StrandBias:0.7,Multiplicity:1.14
0.001	0.081	0.001	0.917
0.060	0.867	0.072	0.001
0.926	0.001	0.001	0.072
0.801	0.001	0.001	0.197
0.126	0.513	0.151	0.210
0.100	0.082	0.001	0.817
0.001	0.001	0.081	0.917
0.100	0.799	0.100	0.001
0.004	0.944	0.001	0.051
0.060	0.818	0.066	0.056
0.001	0.001	0.001	0.997
0.100	0.152	0.699	0.049
>CTATTTTYGGGW	15-CTATTTTYGGGW	13.153065	-14.393140	0	T:6.0(4.29%),B:78.6(0.20%),P:1e-6	Tpos:389.5,Tstd:340.5,Bpos:507.2,Bstd:280.7,StrandBias:2.0,Multiplicity:1.67
0.001	0.997	0.001	0.001
0.001	0.082	0.001	0.916
0.997	0.001	0.001	0.001
0.001	0.001	0.001	0.997
0.001	0.001	0.001	0.997
0.001	0.001	0.001	0.997
0.001	0.001	0.001	0.997
0.001	0.447	0.001	0.551
0.001	0.005	0.884	0.110
0.001	0.001	0.997	0.001
0.001	0.001	0.997	0.001
0.431	0.001	0.001	0.567
>AAAACGYAATST	16-AAAACGYAATST	12.997182	-13.768039	0	T:5.0(3.57%),B:46.8(0.12%),P:1e-5	Tpos:459.9,Tstd:205.9,Bpos:468.0,Bstd:296.3,StrandBias:-1.3,Multiplicity:1.40
0.997	0.001	0.001	0.001
0.997	0.001	0.001	0.001
0.997	0.001	0.001	0.001
0.997	0.001	0.001	0.001
0.001	0.997	0.001	0.001
0.001	0.001	0.997	0.001
0.001	0.424	0.001	0.574
0.911	0.001	0.087	0.001
0.997	0.001	0.001	0.001
0.001	0.001	0.001	0.997
0.001	0.457	0.541	0.001
0.001	0.001	0.001	0.997
>CTTTTGAATTCA	17-CTTTTGAATTCA	16.276388	-12.921489	0	T:4.0(2.86%),B:23.9(0.06%),P:1e-5	Tpos:775.6,Tstd:220.6,Bpos:593.7,Bstd:277.9,StrandBias:0.6,Multiplicity:1.00
0.001	0.997	0.001	0.001
0.001	0.001	0.001	0.997
0.001	0.001	0.001	0.997
0.001	0.001	0.001	0.997
0.001	0.001	0.169	0.829
0.001	0.001	0.997	0.001
0.868	0.130	0.001	0.001
0.997	0.001	0.001	0.001
0.001	0.001	0.001	0.997
0.001	0.001	0.001	0.997
0.001	0.997	0.001	0.001
0.997	0.001	0.001	0.001
>TGGTCAGTGMTA	18-TGGTCAGTGMTA	13.131744	-12.627481	0	T:5.0(3.57%),B:59.2(0.15%),P:1e-5	Tpos:527.9,Tstd:188.9,Bpos:499.5,Bstd:265.9,StrandBias:-3.0,Multiplicity:1.80
0.001	0.001	0.001	0.997
0.001	0.001	0.868	0.130
0.001	0.001	0.997	0.001
0.001	0.001	0.001	0.997
0.001	0.997	0.001	0.001
0.807	0.001	0.191	0.001
0.001	0.001	0.997	0.001
0.001	0.001	0.001	0.997
0.001	0.001	0.997	0.001
0.514	0.484	0.001	0.001
0.292	0.001	0.001	0.706
0.807	0.191	0.001	0.001
>AAATACGGGTCT	19-AAATACGGGTCT	11.403503	-11.712064	0	T:5.0(3.57%),B:72.5(0.18%),P:1e-5	Tpos:464.3,Tstd:281.2,Bpos:544.2,Bstd:340.1,StrandBias:-2.0,Multiplicity:2.00
0.997	0.001	0.001	0.001
0.997	0.001	0.001	0.001
0.997	0.001	0.001	0.001
0.001	0.001	0.001	0.997
0.795	0.001	0.169	0.035
0.001	0.997	0.001	0.001
0.001	0.001	0.997	0.001
0.001	0.001	0.997	0.001
0.001	0.001	0.997	0.001
0.160	0.001	0.001	0.838
0.001	0.795	0.001	0.203
0.001	0.001	0.001	0.997
>GAAAATAACAAT	20-GAAAATAACAAT	11.367832	-11.037294	0	T:10.0(7.14%),B:506.8(1.28%),P:1e-4	Tpos:458.6,Tstd:250.7,Bpos:500.3,Bstd:304.4,StrandBias:-1.4,Multiplicity:1.10
0.001	0.001	0.997	0.001
0.997	0.001	0.001	0.001
0.997	0.001	0.001	0.001
0.997	0.001	0.001	0.001
0.997	0.001	0.001	0.001
0.001	0.001	0.001	0.997
0.744	0.001	0.001	0.254
0.997	0.001	0.001	0.001
0.001	0.997	0.001	0.001
0.865	0.107	0.001	0.027
0.600	0.303	0.001	0.096
0.001	0.307	0.001	0.691
>ACCAAAGTTAGG	21-ACCAAAGTTAGG	15.877530	-5.647036	0	T:1.0(0.71%),B:0.4(0.00%),P:1e-2	Tpos:88.7,Tstd:95.8,Bpos:537.0,Bstd:0.0,StrandBias:10.0,Multiplicity:3.00
0.851	0.001	0.147	0.001
0.001	0.997	0.001	0.001
0.001	0.997	0.001	0.001
0.997	0.001	0.001	0.001
0.830	0.168	0.001	0.001
0.997	0.001	0.001	0.001
0.120	0.001	0.878	0.001
0.001	0.001	0.001	0.997
0.001	0.001	0.001	0.997
0.774	0.001	0.224	0.001
0.001	0.001	0.997	0.001
0.001	0.001	0.997	0.001
>ACACACACACAC	22-ACACACACACAC	8.630135	-5.474641	0	T:17.0(12.14%),B:2352.0(5.95%),P:1e-2	Tpos:597.1,Tstd:275.6,Bpos:547.6,Bstd:327.3,StrandBias:-0.2,Multiplicity:1.35
0.665	0.236	0.088	0.011
0.001	0.960	0.038	0.001
0.736	0.001	0.001	0.262
0.001	0.997	0.001	0.001
0.913	0.001	0.085	0.001
0.064	0.855	0.001	0.080
0.997	0.001	0.001	0.001
0.054	0.944	0.001	0.001
0.997	0.001	0.001	0.001
0.001	0.867	0.131	0.001
0.939	0.001	0.001	0.059
0.195	0.561	0.104	0.140
>CAAAGTTAGGTA	23-CAAAGTTAGGTA	14.210851	-5.426465	0	T:2.0(1.43%),B:26.5(0.07%),P:1e-2	Tpos:239.0,Tstd:219.4,Bpos:396.3,Bstd:273.3,StrandBias:2.3,Multiplicity:3.00
0.001	0.997	0.001	0.001
0.997	0.001	0.001	0.001
0.777	0.221	0.001	0.001
0.997	0.001	0.001	0.001
0.136	0.001	0.697	0.166
0.001	0.001	0.001	0.997
0.001	0.001	0.001	0.997
0.705	0.001	0.293	0.001
0.001	0.001	0.997	0.001
0.001	0.001	0.997	0.001
0.001	0.001	0.001	0.997
0.997	0.001	0.001	0.001
>GCTAAATATTTA	24-GCTAAATATTTA	13.845633	-4.301217	0	T:2.0(1.43%),B:48.2(0.12%),P:1e-1	Tpos:226.9,Tstd:202.2,Bpos:369.8,Bstd:280.7,StrandBias:0.0,Multiplicity:4.50
0.052	0.072	0.875	0.001
0.046	0.874	0.079	0.001
0.001	0.001	0.001	0.997
0.997	0.001	0.001	0.001
0.913	0.001	0.001	0.085
0.997	0.001	0.001	0.001
0.001	0.001	0.001	0.997
0.997	0.001	0.001	0.001
0.001	0.001	0.001	0.997
0.001	0.001	0.001	0.997
0.001	0.001	0.001	0.997
0.997	0.001	0.001	0.001
>TTTTTCATGAAA	25-TTTTTCATGAAA	9.670360	-0.749785	0	T:2.0(1.43%),B:448.3(1.13%),P:1e0	Tpos:305.6,Tstd:177.3,Bpos:527.6,Bstd:315.6,StrandBias:-0.1,Multiplicity:7.00
0.001	0.001	0.001	0.997
0.001	0.001	0.001	0.997
0.001	0.001	0.001	0.997
0.001	0.001	0.001	0.997
0.001	0.025	0.001	0.973
0.001	0.997	0.001	0.001
0.997	0.001	0.001	0.001
0.001	0.001	0.001	0.997
0.001	0.001	0.997	0.001
0.972	0.001	0.026	0.001
0.997	0.001	0.001	0.001
0.997	0.001	0.001	0.001
>GTCTCTGC	1-GTCTCTGC	6.382120	-22.159741	0	T:73.0(52.14%),B:10635.3(26.90%),P:1e-9	Tpos:534.2,Tstd:289.8,Bpos:534.0,Bstd:316.0,StrandBias:0.6,Multiplicity:1.37
0.123	0.001	0.774	0.102
0.286	0.001	0.063	0.650
0.017	0.878	0.104	0.001
0.001	0.001	0.143	0.855
0.093	0.850	0.001	0.056
0.073	0.250	0.191	0.486
0.146	0.228	0.625	0.001
0.120	0.781	0.001	0.098
>GATAAGAT	2-GATAAGAT	6.888326	-19.274684	0	T:55.0(39.29%),B:7177.1(18.15%),P:1e-8	Tpos:531.0,Tstd:284.1,Bpos:517.3,Bstd:310.8,StrandBias:-0.1,Multiplicity:1.20
0.001	0.135	0.863	0.001
0.997	0.001	0.001	0.001
0.001	0.001	0.001	0.997
0.850	0.148	0.001	0.001
0.895	0.103	0.001	0.001
0.001	0.001	0.997	0.001
0.997	0.001	0.001	0.001
0.001	0.001	0.151	0.847
>TCGCAATT	3-TCGCAATT	8.298403	-14.383845	0	T:47.0(33.57%),B:6490.8(16.41%),P:1e-6	Tpos:554.6,Tstd:295.7,Bpos:506.1,Bstd:312.7,StrandBias:0.0,Multiplicity:1.19
0.001	0.001	0.001	0.997
0.175	0.823	0.001	0.001
0.001	0.144	0.854	0.001
0.001	0.997	0.001	0.001
0.997	0.001	0.001	0.001
0.874	0.124	0.001	0.001
0.001	0.001	0.001	0.997
0.001	0.101	0.001	0.897
>GGGACAAA	4-GGGACAAA	8.175915	-13.597362	0	T:26.0(18.57%),B:2568.1(6.49%),P:1e-5	Tpos:534.8,Tstd:269.4,Bpos:542.9,Bstd:316.9,StrandBias:-0.8,Multiplicity:1.04
0.001	0.001	0.997	0.001
0.001	0.001	0.997	0.001
0.001	0.001	0.699	0.299
0.997	0.001	0.001	0.001
0.001	0.997	0.001	0.001
0.997	0.001	0.001	0.001
0.919	0.079	0.001	0.001
0.997	0.001	0.001	0.001
>STCASKGC	5-STCASKGC	7.277534	-9.161864	0	T:24.0(17.14%),B:2933.1(7.42%),P:1e-3	Tpos:398.6,Tstd:195.6,Bpos:511.7,Bstd:302.0,StrandBias:-1.3,Multiplicity:1.42
0.001	0.456	0.542	0.001
0.001	0.001	0.151	0.847
0.001	0.997	0.001	0.001
0.997	0.001	0.001	0.001
0.001	0.493	0.505	0.001
0.001	0.001	0.444	0.554
0.001	0.001	0.997	0.001
0.001	0.997	0.001	0.001
>CWTAATAT	6-CWTAATAT	7.680411	-7.633182	0	T:46.0(32.86%),B:8143.0(20.59%),P:1e-3	Tpos:413.4,Tstd:310.8,Bpos:493.5,Bstd:300.8,StrandBias:0.2,Multiplicity:1.33
0.001	0.997	0.001	0.001
0.494	0.001	0.001	0.504
0.107	0.001	0.001	0.891
0.622	0.001	0.376	0.001
0.997	0.001	0.001	0.001
0.001	0.001	0.001	0.997
0.997	0.001	0.001	0.001
0.001	0.001	0.001	0.997
>CGGGTTTT	7-CGGGTTTT	8.236954	-6.329740	0	T:13.0(9.29%),B:1424.6(3.60%),P:1e-2	Tpos:417.9,Tstd:264.5,Bpos:533.4,Bstd:326.8,StrandBias:-0.8,Multiplicity:1.69
0.100	0.700	0.100	0.100
0.100	0.100	0.700	0.100
0.100	0.100	0.700	0.100
0.100	0.100	0.700	0.100
0.100	0.100	0.100	0.700
0.100	0.100	0.100	0.700
0.100	0.100	0.100	0.700
0.100	0.100	0.100	0.700
