>AGACGCAGAG	1-AGACGCAGAG	8.344033	-26.057862	0	T:33.0(23.57%),B:2295.1(5.80%),P:1e-11	Tpos:534.4,Tstd:296.0,Bpos:553.8,Bstd:321.8,StrandBias:-1.1,Multiplicity:1.19
0.930	0.068	0.001	0.001
0.001	0.001	0.937	0.061
0.934	0.064	0.001	0.001
0.024	0.936	0.039	0.001
0.029	0.074	0.896	0.001
0.021	0.921	0.022	0.036
0.997	0.001	0.001	0.001
0.050	0.001	0.877	0.072
0.910	0.001	0.042	0.047
0.117	0.001	0.881	0.001
>GCCATCTGTG	2-GCCATCTGTG	10.461578	-23.630470	0	T:13.0(9.29%),B:284.7(0.72%),P:1e-10	Tpos:543.7,Tstd:346.7,Bpos:493.3,Bstd:302.5,StrandBias:0.2,Multiplicity:1.00
0.111	0.001	0.887	0.001
0.001	0.868	0.130	0.001
0.001	0.997	0.001	0.001
0.997	0.001	0.001	0.001
0.088	0.001	0.001	0.910
0.001	0.616	0.101	0.282
0.001	0.100	0.001	0.898
0.001	0.001	0.997	0.001
0.001	0.001	0.001	0.997
0.001	0.001	0.900	0.098
>GAGAGMYGAM	3-GAGAGMYGAM	7.805939	-22.495091	0	T:51.0(36.43%),B:5787.2(14.64%),P:1e-9	Tpos:579.2,Tstd:278.6,Bpos:517.1,Bstd:323.9,StrandBias:-0.5,Multiplicity:1.20
0.001	0.165	0.759	0.075
0.934	0.037	0.028	0.001
0.220	0.076	0.648	0.056
0.811	0.061	0.001	0.127
0.015	0.001	0.983	0.001
0.553	0.445	0.001	0.001
0.001	0.493	0.001	0.505
0.065	0.068	0.866	0.001
0.841	0.001	0.156	0.002
0.429	0.295	0.275	0.001
>CGAGGGATCA	4-CGAGGGATCA	8.877543	-21.440474	0	T:13.0(9.29%),B:342.5(0.87%),P:1e-9	Tpos:514.9,Tstd:277.4,Bpos:497.0,Bstd:327.0,StrandBias:-0.7,Multiplicity:1.00
0.101	0.698	0.115	0.086
0.090	0.001	0.908	0.001
0.997	0.001	0.001	0.001
0.001	0.001	0.924	0.074
0.001	0.115	0.797	0.087
0.001	0.001	0.997	0.001
0.997	0.001	0.001	0.001
0.001	0.001	0.001	0.997
0.073	0.806	0.100	0.021
0.881	0.117	0.001	0.001
>CCCTATCCTT	5-CCCTATCCTT	9.977192	-20.743464	0	T:13.0(9.29%),B:363.1(0.92%),P:1e-9	Tpos:492.6,Tstd:287.1,Bpos:526.3,Bstd:316.2,StrandBias:0.2,Multiplicity:1.15
0.001	0.910	0.088	0.001
0.077	0.921	0.001	0.001
0.194	0.804	0.001	0.001
0.001	0.170	0.094	0.735
0.944	0.054	0.001	0.001
0.001	0.001	0.001	0.997
0.001	0.997	0.001	0.001
0.065	0.777	0.099	0.059
0.001	0.001	0.001	0.997
0.001	0.001	0.001	0.997
>TTCGCAATTC	6-TTCGCAATTC	9.912447	-19.566421	0	T:26.0(18.57%),B:1889.5(4.78%),P:1e-8	Tpos:454.0,Tstd:321.0,Bpos:527.9,Bstd:312.6,StrandBias:0.0,Multiplicity:1.00
0.001	0.001	0.001	0.997
0.001	0.059	0.001	0.939
0.058	0.701	0.158	0.083
0.001	0.023	0.975	0.001
0.001	0.997	0.001	0.001
0.870	0.001	0.068	0.061
0.971	0.001	0.001	0.027
0.001	0.072	0.001	0.926
0.001	0.074	0.068	0.857
0.045	0.799	0.049	0.107
>CGAAGGCTGA	7-CGAAGGCTGA	8.868197	-18.779700	0	T:13.0(9.29%),B:430.0(1.09%),P:1e-8	Tpos:486.5,Tstd:336.6,Bpos:516.3,Bstd:316.8,StrandBias:0.0,Multiplicity:1.08
0.075	0.774	0.084	0.067
0.081	0.001	0.917	0.001
0.997	0.001	0.001	0.001
0.997	0.001	0.001	0.001
0.068	0.001	0.930	0.001
0.065	0.110	0.824	0.001
0.001	0.997	0.001	0.001
0.001	0.001	0.092	0.906
0.001	0.101	0.761	0.137
0.997	0.001	0.001	0.001
>RTMTACTCCT	8-RTMTACTCCT	10.115177	-18.772150	0	T:15.0(10.71%),B:611.5(1.55%),P:1e-8	Tpos:423.0,Tstd:284.9,Bpos:532.4,Bstd:318.4,StrandBias:1.0,Multiplicity:1.00
0.467	0.001	0.333	0.199
0.001	0.001	0.001	0.997
0.333	0.450	0.001	0.216
0.001	0.001	0.001	0.997
0.781	0.001	0.001	0.217
0.182	0.816	0.001	0.001
0.001	0.001	0.001	0.997
0.168	0.643	0.001	0.188
0.001	0.997	0.001	0.001
0.001	0.001	0.001	0.997
>TTTTATCASM	9-TTTTATCASM	9.438770	-18.092241	0	T:39.0(27.86%),B:4205.1(10.63%),P:1e-7	Tpos:593.6,Tstd:270.2,Bpos:517.4,Bstd:313.2,StrandBias:0.5,Multiplicity:1.23
0.001	0.272	0.001	0.726
0.001	0.185	0.310	0.504
0.001	0.001	0.001	0.997
0.001	0.001	0.001	0.997
0.997	0.001	0.001	0.001
0.001	0.001	0.001	0.997
0.001	0.997	0.001	0.001
0.546	0.001	0.185	0.268
0.036	0.462	0.501	0.001
0.389	0.490	0.001	0.119
>TCGTACATTG	10-TCGTACATTG	9.364297	-17.852787	0	T:14.0(10.00%),B:558.7(1.41%),P:1e-7	Tpos:605.4,Tstd:280.3,Bpos:496.0,Bstd:306.5,StrandBias:0.6,Multiplicity:1.07
0.001	0.142	0.147	0.710
0.001	0.997	0.001	0.001
0.001	0.118	0.880	0.001
0.001	0.001	0.001	0.997
0.789	0.118	0.001	0.092
0.001	0.997	0.001	0.001
0.901	0.001	0.001	0.097
0.001	0.001	0.001	0.997
0.001	0.034	0.001	0.964
0.001	0.101	0.771	0.127
>ACACTGCACT	11-ACACTGCACT	8.733524	-17.454543	0	T:17.0(12.14%),B:894.1(2.26%),P:1e-7	Tpos:525.6,Tstd:323.6,Bpos:509.1,Bstd:293.6,StrandBias:0.3,Multiplicity:1.06
0.861	0.074	0.025	0.040
0.017	0.940	0.022	0.021
0.756	0.175	0.031	0.038
0.213	0.512	0.068	0.207
0.022	0.040	0.029	0.909
0.210	0.178	0.461	0.151
0.023	0.909	0.024	0.044
0.776	0.152	0.033	0.039
0.167	0.650	0.041	0.142
0.217	0.246	0.018	0.519
>ACTCCACGAA	12-ACTCCACGAA	10.942620	-16.423066	0	T:10.0(7.14%),B:273.6(0.69%),P:1e-7	Tpos:488.2,Tstd:233.1,Bpos:496.5,Bstd:333.4,StrandBias:-0.6,Multiplicity:1.00
0.784	0.001	0.214	0.001
0.001	0.997	0.001	0.001
0.001	0.250	0.001	0.748
0.001	0.997	0.001	0.001
0.001	0.807	0.191	0.001
0.997	0.001	0.001	0.001
0.001	0.997	0.001	0.001
0.116	0.001	0.882	0.001
0.997	0.001	0.001	0.001
0.997	0.001	0.001	0.001
>TGTACCTCCA	13-TGTACCTCCA	8.684268	-16.016982	0	T:14.0(10.00%),B:650.3(1.64%),P:1e-6	Tpos:410.3,Tstd:287.6,Bpos:508.6,Bstd:302.4,StrandBias:1.1,Multiplicity:1.14
0.097	0.001	0.001	0.901
0.079	0.086	0.758	0.077
0.065	0.001	0.001	0.933
0.893	0.025	0.001	0.081
0.001	0.997	0.001	0.001
0.001	0.997	0.001	0.001
0.119	0.001	0.001	0.879
0.081	0.748	0.078	0.093
0.001	0.903	0.001	0.095
0.997	0.001	0.001	0.001
>ATATTATGAA	14-ATATTATGAA	9.807593	-14.056299	0	T:26.0(18.57%),B:2505.0(6.33%),P:1e-6	Tpos:495.0,Tstd:283.8,Bpos:504.7,Bstd:296.3,StrandBias:-0.9,Multiplicity:1.12
0.803	0.041	0.001	0.155
0.032	0.020	0.022	0.926
0.893	0.031	0.001	0.075
0.009	0.001	0.039	0.951
0.001	0.001	0.001	0.997
0.949	0.001	0.011	0.039
0.089	0.030	0.033	0.848
0.024	0.029	0.946	0.001
0.871	0.030	0.070	0.029
0.813	0.044	0.032	0.111
>GGACAAAGAT	15-GGACAAAGAT	7.823278	-13.527348	0	T:29.0(20.71%),B:3101.4(7.84%),P:1e-5	Tpos:585.4,Tstd:262.8,Bpos:512.2,Bstd:319.3,StrandBias:-1.9,Multiplicity:1.14
0.063	0.097	0.767	0.073
0.046	0.015	0.786	0.153
0.820	0.069	0.041	0.070
0.091	0.751	0.086	0.072
0.849	0.015	0.123	0.013
0.810	0.057	0.096	0.037
0.740	0.107	0.020	0.133
0.026	0.065	0.874	0.035
0.863	0.056	0.026	0.055
0.123	0.097	0.030	0.750
>ATTCAATCTC	16-ATTCAATCTC	11.047385	-12.947807	0	T:11.0(7.86%),B:505.0(1.28%),P:1e-5	Tpos:704.1,Tstd:240.5,Bpos:519.4,Bstd:313.5,StrandBias:0.8,Multiplicity:1.00
0.735	0.001	0.263	0.001
0.001	0.001	0.001	0.997
0.001	0.335	0.001	0.663
0.161	0.837	0.001	0.001
0.777	0.221	0.001	0.001
0.997	0.001	0.001	0.001
0.001	0.001	0.001	0.997
0.001	0.997	0.001	0.001
0.001	0.001	0.001	0.997
0.001	0.997	0.001	0.001
>RGACAAAATC	17-RGACAAAATC	10.998491	-11.992333	0	T:10.0(7.14%),B:452.5(1.14%),P:1e-5	Tpos:407.7,Tstd:245.1,Bpos:494.2,Bstd:318.5,StrandBias:1.0,Multiplicity:1.20
0.443	0.001	0.555	0.001
0.001	0.001	0.997	0.001
0.832	0.166	0.001	0.001
0.001	0.997	0.001	0.001
0.997	0.001	0.001	0.001
0.997	0.001	0.001	0.001
0.632	0.001	0.001	0.366
0.997	0.001	0.001	0.001
0.001	0.001	0.001	0.997
0.001	0.997	0.001	0.001
>AAAATAATAG	18-AAAATAATAG	10.296193	-10.824985	0	T:10.0(7.14%),B:519.2(1.31%),P:1e-4	Tpos:416.7,Tstd:210.7,Bpos:515.0,Bstd:318.6,StrandBias:1.2,Multiplicity:1.00
0.700	0.100	0.100	0.100
0.700	0.100	0.100	0.100
0.700	0.100	0.100	0.100
0.700	0.100	0.100	0.100
0.100	0.100	0.100	0.700
0.700	0.100	0.100	0.100
0.700	0.100	0.100	0.100
0.100	0.100	0.100	0.700
0.700	0.100	0.100	0.100
0.100	0.100	0.700	0.100
>AACCCCGCAT	19-AACCCCGCAT	6.623980	-8.457379	0	T:7.0(5.00%),B:332.1(0.84%),P:1e-3	Tpos:454.3,Tstd:259.9,Bpos:531.6,Bstd:298.7,StrandBias:4.0,Multiplicity:2.43
0.997	0.001	0.001	0.001
0.983	0.001	0.001	0.015
0.248	0.750	0.001	0.001
0.001	0.997	0.001	0.001
0.001	0.997	0.001	0.001
0.001	0.997	0.001	0.001
0.001	0.001	0.997	0.001
0.252	0.746	0.001	0.001
0.997	0.001	0.001	0.001
0.001	0.001	0.001	0.997
>TAGCACTGAC	20-TAGCACTGAC	10.228397	-8.156207	0	T:8.0(5.71%),B:464.5(1.17%),P:1e-3	Tpos:493.8,Tstd:222.2,Bpos:565.3,Bstd:300.5,StrandBias:2.8,Multiplicity:2.00
0.001	0.090	0.074	0.835
0.613	0.001	0.001	0.385
0.001	0.001	0.930	0.068
0.001	0.866	0.132	0.001
0.997	0.001	0.001	0.001
0.001	0.997	0.001	0.001
0.001	0.001	0.001	0.997
0.001	0.001	0.997	0.001
0.997	0.001	0.001	0.001
0.065	0.933	0.001	0.001
>TGCTAAATAT	21-TGCTAAATAT	6.686242	-6.193127	0	T:17.0(12.14%),B:2190.3(5.54%),P:1e-2	Tpos:227.7,Tstd:190.0,Bpos:488.5,Bstd:300.3,StrandBias:-1.4,Multiplicity:1.71
0.001	0.065	0.001	0.933
0.133	0.033	0.833	0.001
0.001	0.997	0.001	0.001
0.001	0.001	0.001	0.997
0.997	0.001	0.001	0.001
0.997	0.001	0.001	0.001
0.997	0.001	0.001	0.001
0.001	0.061	0.001	0.937
0.943	0.055	0.001	0.001
0.001	0.001	0.057	0.941
>CAAAGTTAGG	22-CAAAGTTAGG	10.599501	-6.014975	0	T:5.0(3.57%),B:257.0(0.65%),P:1e-2	Tpos:209.2,Tstd:253.1,Bpos:484.8,Bstd:310.3,StrandBias:1.6,Multiplicity:2.40
0.001	0.935	0.001	0.063
0.997	0.001	0.001	0.001
0.856	0.142	0.001	0.001
0.864	0.134	0.001	0.001
0.001	0.001	0.997	0.001
0.001	0.001	0.001	0.997
0.001	0.001	0.001	0.997
0.836	0.001	0.162	0.001
0.001	0.001	0.997	0.001
0.001	0.001	0.997	0.001
>TGTGTGTGTG	23-TGTGTGTGTG	9.096946	-5.706217	0	T:19.0(13.57%),B:2700.4(6.83%),P:1e-2	Tpos:570.1,Tstd:264.9,Bpos:545.1,Bstd:327.2,StrandBias:-0.4,Multiplicity:1.37
0.018	0.023	0.030	0.929
0.013	0.024	0.942	0.021
0.001	0.037	0.001	0.961
0.010	0.033	0.830	0.127
0.026	0.052	0.001	0.921
0.062	0.001	0.916	0.021
0.081	0.039	0.001	0.879
0.071	0.001	0.909	0.019
0.066	0.027	0.029	0.878
0.001	0.090	0.899	0.010
>CTAAGTATTT	24-CTAAGTATTT	11.418565	-4.538158	0	T:4.0(2.86%),B:237.0(0.60%),P:1e-1	Tpos:503.0,Tstd:284.8,Bpos:459.5,Bstd:299.3,StrandBias:1.6,Multiplicity:1.00
0.001	0.997	0.001	0.001
0.001	0.001	0.001	0.997
0.997	0.001	0.001	0.001
0.778	0.001	0.220	0.001
0.137	0.001	0.861	0.001
0.001	0.001	0.001	0.997
0.997	0.001	0.001	0.001
0.001	0.001	0.288	0.710
0.341	0.001	0.001	0.657
0.001	0.001	0.001	0.997
>TTTTCATGAA	25-TTTTCATGAA	6.874266	-0.945944	0	T:9.0(6.43%),B:2221.4(5.62%),P:1e0	Tpos:347.7,Tstd:228.6,Bpos:500.4,Bstd:304.7,StrandBias:0.5,Multiplicity:2.33
0.001	0.029	0.001	0.969
0.001	0.001	0.001	0.997
0.001	0.026	0.001	0.972
0.001	0.001	0.001	0.997
0.001	0.997	0.001	0.001
0.997	0.001	0.001	0.001
0.001	0.001	0.001	0.997
0.001	0.001	0.997	0.001
0.947	0.001	0.051	0.001
0.997	0.001	0.001	0.001
