>GAGACGCAGAGA	1-GAGACGCAGAGA	11.217321	-24.558499	0	T:22.0(15.71%),B:1029.6(2.60%),P:1e-10	Tpos:553.1,Tstd:281.4,Bpos:568.1,Bstd:326.1,StrandBias:-1.5,Multiplicity:1.23
0.079	0.001	0.845	0.075
0.997	0.001	0.001	0.001
0.001	0.001	0.892	0.106
0.866	0.132	0.001	0.001
0.071	0.927	0.001	0.001
0.057	0.001	0.941	0.001
0.001	0.942	0.056	0.001
0.997	0.001	0.001	0.001
0.096	0.001	0.888	0.015
0.824	0.001	0.087	0.088
0.108	0.001	0.890	0.001
0.997	0.001	0.001	0.001
>CTTTATTAAATG	2-CTTTATTAAATG	13.327803	-22.218946	0	T:9.0(6.43%),B:101.8(0.26%),P:1e-9	Tpos:620.3,Tstd:193.8,Bpos:515.0,Bstd:272.2,StrandBias:0.3,Multiplicity:1.00
0.079	0.817	0.103	0.001
0.001	0.001	0.001	0.997
0.140	0.001	0.129	0.730
0.001	0.001	0.140	0.858
0.949	0.001	0.001	0.049
0.001	0.001	0.001	0.997
0.001	0.001	0.001	0.997
0.908	0.001	0.090	0.001
0.874	0.001	0.001	0.124
0.997	0.001	0.001	0.001
0.001	0.001	0.001	0.997
0.001	0.001	0.997	0.001
>TCTCGAAAAAGA	3-TCTCGAAAAAGA	12.886519	-22.184663	0	T:13.0(9.29%),B:321.0(0.81%),P:1e-9	Tpos:517.1,Tstd:275.1,Bpos:489.3,Bstd:308.4,StrandBias:0.2,Multiplicity:1.00
0.001	0.001	0.001	0.997
0.001	0.817	0.129	0.053
0.001	0.001	0.001	0.997
0.001	0.929	0.001	0.069
0.062	0.001	0.936	0.001
0.840	0.158	0.001	0.001
0.907	0.001	0.091	0.001
0.997	0.001	0.001	0.001
0.997	0.001	0.001	0.001
0.798	0.113	0.001	0.088
0.035	0.001	0.963	0.001
0.883	0.001	0.115	0.001
>TGTTATTCTTTT	4-TGTTATTCTTTT	12.802032	-21.893940	0	T:15.0(10.71%),B:482.6(1.22%),P:1e-9	Tpos:638.6,Tstd:232.6,Bpos:523.8,Bstd:314.4,StrandBias:0.2,Multiplicity:1.00
0.001	0.001	0.001	0.997
0.001	0.062	0.853	0.084
0.001	0.001	0.001	0.997
0.001	0.001	0.087	0.911
0.913	0.001	0.068	0.018
0.001	0.001	0.001	0.997
0.001	0.001	0.001	0.997
0.054	0.915	0.001	0.030
0.103	0.001	0.097	0.799
0.109	0.001	0.001	0.889
0.001	0.106	0.001	0.892
0.096	0.001	0.001	0.902
>TGCAAAAGTAGG	5-TGCAAAAGTAGG	12.226138	-21.521484	0	T:11.0(7.86%),B:210.1(0.53%),P:1e-9	Tpos:542.7,Tstd:265.3,Bpos:575.5,Bstd:309.0,StrandBias:-0.8,Multiplicity:1.00
0.001	0.001	0.001	0.997
0.001	0.001	0.997	0.001
0.075	0.838	0.086	0.001
0.856	0.142	0.001	0.001
0.997	0.001	0.001	0.001
0.997	0.001	0.001	0.001
0.997	0.001	0.001	0.001
0.001	0.277	0.721	0.001
0.001	0.001	0.001	0.997
0.632	0.001	0.366	0.001
0.115	0.108	0.758	0.019
0.001	0.001	0.841	0.157
>AATCACACTGAT	6-AATCACACTGAT	13.763026	-21.387818	0	T:7.0(5.00%),B:43.8(0.11%),P:1e-9	Tpos:491.3,Tstd:253.1,Bpos:512.4,Bstd:320.9,StrandBias:0.4,Multiplicity:1.00
0.875	0.123	0.001	0.001
0.861	0.001	0.001	0.137
0.001	0.001	0.001	0.997
0.001	0.997	0.001	0.001
0.861	0.001	0.001	0.137
0.001	0.866	0.132	0.001
0.997	0.001	0.001	0.001
0.001	0.847	0.151	0.001
0.001	0.001	0.001	0.997
0.001	0.001	0.997	0.001
0.997	0.001	0.001	0.001
0.001	0.001	0.137	0.861
>ATGTGATAAGAT	7-ATGTGATAAGAT	10.585039	-20.585133	0	T:15.0(10.71%),B:532.2(1.35%),P:1e-8	Tpos:638.4,Tstd:279.7,Bpos:518.7,Bstd:309.0,StrandBias:0.2,Multiplicity:1.13
0.798	0.134	0.004	0.064
0.123	0.112	0.095	0.670
0.099	0.059	0.745	0.097
0.092	0.001	0.256	0.651
0.001	0.001	0.945	0.053
0.991	0.001	0.007	0.001
0.144	0.045	0.041	0.770
0.773	0.130	0.096	0.001
0.997	0.001	0.001	0.001
0.068	0.047	0.752	0.133
0.820	0.001	0.082	0.097
0.045	0.001	0.061	0.893
>AGGCGATAAAAG	8-AGGCGATAAAAG	13.633689	-20.563055	0	T:7.0(5.00%),B:49.1(0.12%),P:1e-8	Tpos:577.1,Tstd:318.9,Bpos:668.6,Bstd:308.7,StrandBias:-2.6,Multiplicity:1.00
0.997	0.001	0.001	0.001
0.125	0.001	0.677	0.197
0.001	0.001	0.874	0.124
0.001	0.997	0.001	0.001
0.001	0.001	0.997	0.001
0.997	0.001	0.001	0.001
0.001	0.173	0.099	0.727
0.997	0.001	0.001	0.001
0.997	0.001	0.001	0.001
0.997	0.001	0.001	0.001
0.997	0.001	0.001	0.001
0.001	0.001	0.869	0.129
>CTAGTKAGCTCA	9-CTAGTKAGCTCA	12.468074	-20.553485	0	T:6.0(4.29%),B:25.7(0.07%),P:1e-8	Tpos:410.7,Tstd:275.6,Bpos:507.8,Bstd:354.3,StrandBias:1.0,Multiplicity:1.00
0.001	0.802	0.001	0.196
0.001	0.001	0.001	0.997
0.773	0.001	0.001	0.225
0.001	0.001	0.997	0.001
0.001	0.001	0.001	0.997
0.001	0.001	0.487	0.511
0.985	0.001	0.001	0.013
0.001	0.262	0.541	0.196
0.001	0.997	0.001	0.001
0.001	0.261	0.001	0.737
0.001	0.997	0.001	0.001
0.737	0.261	0.001	0.001
>TTTTGTTTTGGT	10-TTTTGTTTTGGT	12.855070	-17.951973	0	T:15.0(10.71%),B:651.8(1.65%),P:1e-7	Tpos:519.7,Tstd:265.1,Bpos:505.1,Bstd:303.1,StrandBias:2.1,Multiplicity:1.07
0.001	0.001	0.105	0.893
0.001	0.001	0.001	0.997
0.001	0.086	0.001	0.912
0.001	0.001	0.001	0.997
0.062	0.065	0.832	0.041
0.001	0.001	0.001	0.997
0.001	0.001	0.001	0.997
0.001	0.001	0.082	0.916
0.092	0.074	0.001	0.833
0.001	0.001	0.935	0.063
0.001	0.060	0.938	0.001
0.132	0.071	0.001	0.796
>CTCTCTCACTAC	11-CTCTCTCACTAC	10.943788	-17.744897	0	T:12.0(8.57%),B:385.8(0.98%),P:1e-7	Tpos:608.4,Tstd:247.7,Bpos:580.6,Bstd:324.0,StrandBias:0.5,Multiplicity:1.00
0.001	0.822	0.166	0.011
0.001	0.001	0.001	0.997
0.001	0.997	0.001	0.001
0.220	0.001	0.001	0.778
0.010	0.988	0.001	0.001
0.001	0.001	0.001	0.997
0.001	0.997	0.001	0.001
0.811	0.187	0.001	0.001
0.001	0.997	0.001	0.001
0.001	0.359	0.001	0.639
0.705	0.001	0.196	0.098
0.001	0.593	0.001	0.405
>CCTTCAAGACGA	12-CCTTCAAGACGA	11.259819	-15.376619	0	T:7.0(5.00%),B:110.1(0.28%),P:1e-6	Tpos:425.4,Tstd:308.3,Bpos:454.8,Bstd:332.3,StrandBias:0.7,Multiplicity:1.14
0.001	0.866	0.001	0.132
0.001	0.848	0.150	0.001
0.001	0.001	0.132	0.866
0.121	0.001	0.001	0.877
0.001	0.866	0.132	0.001
0.565	0.151	0.133	0.151
0.715	0.001	0.151	0.133
0.154	0.001	0.707	0.138
0.997	0.001	0.001	0.001
0.081	0.917	0.001	0.001
0.122	0.001	0.805	0.072
0.992	0.001	0.001	0.006
>AAWAATAAAAAG	13-AAWAATAAAAAG	12.173858	-14.537350	0	T:25.0(17.86%),B:2278.5(5.76%),P:1e-6	Tpos:520.9,Tstd:311.4,Bpos:523.3,Bstd:318.6,StrandBias:-1.9,Multiplicity:1.12
0.997	0.001	0.001	0.001
0.997	0.001	0.001	0.001
0.438	0.001	0.001	0.560
0.782	0.001	0.216	0.001
0.997	0.001	0.001	0.001
0.084	0.001	0.133	0.782
0.997	0.001	0.001	0.001
0.997	0.001	0.001	0.001
0.997	0.001	0.001	0.001
0.997	0.001	0.001	0.001
0.997	0.001	0.001	0.001
0.001	0.125	0.873	0.001
>TCAACTTCCCTG	14-TCAACTTCCCTG	10.128463	-14.442511	0	T:14.0(10.00%),B:743.2(1.88%),P:1e-6	Tpos:491.8,Tstd:295.1,Bpos:521.2,Bstd:318.1,StrandBias:0.7,Multiplicity:1.14
0.001	0.081	0.001	0.917
0.060	0.867	0.072	0.001
0.926	0.001	0.001	0.072
0.801	0.001	0.001	0.197
0.126	0.513	0.151	0.210
0.100	0.082	0.001	0.817
0.001	0.001	0.081	0.917
0.100	0.799	0.100	0.001
0.004	0.944	0.001	0.051
0.060	0.818	0.066	0.056
0.001	0.001	0.001	0.997
0.100	0.152	0.699	0.049
>CTATTTTYGGGW	15-CTATTTTYGGGW	13.153065	-14.393140	0	T:6.0(4.29%),B:78.6(0.20%),P:1e-6	Tpos:389.5,Tstd:340.5,Bpos:507.2,Bstd:280.7,StrandBias:2.0,Multiplicity:1.67
0.001	0.997	0.001	0.001
0.001	0.082	0.001	0.916
0.997	0.001	0.001	0.001
0.001	0.001	0.001	0.997
0.001	0.001	0.001	0.997
0.001	0.001	0.001	0.997
0.001	0.001	0.001	0.997
0.001	0.447	0.001	0.551
0.001	0.005	0.884	0.110
0.001	0.001	0.997	0.001
0.001	0.001	0.997	0.001
0.431	0.001	0.001	0.567
>AAAACGYAATST	16-AAAACGYAATST	12.997182	-13.768039	0	T:5.0(3.57%),B:46.8(0.12%),P:1e-5	Tpos:459.9,Tstd:205.9,Bpos:468.0,Bstd:296.3,StrandBias:-1.3,Multiplicity:1.40
0.997	0.001	0.001	0.001
0.997	0.001	0.001	0.001
0.997	0.001	0.001	0.001
0.997	0.001	0.001	0.001
0.001	0.997	0.001	0.001
0.001	0.001	0.997	0.001
0.001	0.424	0.001	0.574
0.911	0.001	0.087	0.001
0.997	0.001	0.001	0.001
0.001	0.001	0.001	0.997
0.001	0.457	0.541	0.001
0.001	0.001	0.001	0.997
>CTTTTGAATTCA	17-CTTTTGAATTCA	16.276388	-12.921489	0	T:4.0(2.86%),B:23.9(0.06%),P:1e-5	Tpos:775.6,Tstd:220.6,Bpos:593.7,Bstd:277.9,StrandBias:0.6,Multiplicity:1.00
0.001	0.997	0.001	0.001
0.001	0.001	0.001	0.997
0.001	0.001	0.001	0.997
0.001	0.001	0.001	0.997
0.001	0.001	0.169	0.829
0.001	0.001	0.997	0.001
0.868	0.130	0.001	0.001
0.997	0.001	0.001	0.001
0.001	0.001	0.001	0.997
0.001	0.001	0.001	0.997
0.001	0.997	0.001	0.001
0.997	0.001	0.001	0.001
>TGGTCAGTGMTA	18-TGGTCAGTGMTA	13.131744	-12.627481	0	T:5.0(3.57%),B:59.2(0.15%),P:1e-5	Tpos:527.9,Tstd:188.9,Bpos:499.5,Bstd:265.9,StrandBias:-3.0,Multiplicity:1.80
0.001	0.001	0.001	0.997
0.001	0.001	0.868	0.130
0.001	0.001	0.997	0.001
0.001	0.001	0.001	0.997
0.001	0.997	0.001	0.001
0.807	0.001	0.191	0.001
0.001	0.001	0.997	0.001
0.001	0.001	0.001	0.997
0.001	0.001	0.997	0.001
0.514	0.484	0.001	0.001
0.292	0.001	0.001	0.706
0.807	0.191	0.001	0.001
>AAATACGGGTCT	19-AAATACGGGTCT	11.403503	-11.712064	0	T:5.0(3.57%),B:72.5(0.18%),P:1e-5	Tpos:464.3,Tstd:281.2,Bpos:544.2,Bstd:340.1,StrandBias:-2.0,Multiplicity:2.00
0.997	0.001	0.001	0.001
0.997	0.001	0.001	0.001
0.997	0.001	0.001	0.001
0.001	0.001	0.001	0.997
0.795	0.001	0.169	0.035
0.001	0.997	0.001	0.001
0.001	0.001	0.997	0.001
0.001	0.001	0.997	0.001
0.001	0.001	0.997	0.001
0.160	0.001	0.001	0.838
0.001	0.795	0.001	0.203
0.001	0.001	0.001	0.997
>GAAAATAACAAT	20-GAAAATAACAAT	11.367832	-11.037294	0	T:10.0(7.14%),B:506.8(1.28%),P:1e-4	Tpos:458.6,Tstd:250.7,Bpos:500.3,Bstd:304.4,StrandBias:-1.4,Multiplicity:1.10
0.001	0.001	0.997	0.001
0.997	0.001	0.001	0.001
0.997	0.001	0.001	0.001
0.997	0.001	0.001	0.001
0.997	0.001	0.001	0.001
0.001	0.001	0.001	0.997
0.744	0.001	0.001	0.254
0.997	0.001	0.001	0.001
0.001	0.997	0.001	0.001
0.865	0.107	0.001	0.027
0.600	0.303	0.001	0.096
0.001	0.307	0.001	0.691
>ACCAAAGTTAGG	21-ACCAAAGTTAGG	15.877530	-5.647036	0	T:1.0(0.71%),B:0.4(0.00%),P:1e-2	Tpos:88.7,Tstd:95.8,Bpos:537.0,Bstd:0.0,StrandBias:10.0,Multiplicity:3.00
0.851	0.001	0.147	0.001
0.001	0.997	0.001	0.001
0.001	0.997	0.001	0.001
0.997	0.001	0.001	0.001
0.830	0.168	0.001	0.001
0.997	0.001	0.001	0.001
0.120	0.001	0.878	0.001
0.001	0.001	0.001	0.997
0.001	0.001	0.001	0.997
0.774	0.001	0.224	0.001
0.001	0.001	0.997	0.001
0.001	0.001	0.997	0.001
>ACACACACACAC	22-ACACACACACAC	8.630135	-5.474641	0	T:17.0(12.14%),B:2352.0(5.95%),P:1e-2	Tpos:597.1,Tstd:275.6,Bpos:547.6,Bstd:327.3,StrandBias:-0.2,Multiplicity:1.35
0.665	0.236	0.088	0.011
0.001	0.960	0.038	0.001
0.736	0.001	0.001	0.262
0.001	0.997	0.001	0.001
0.913	0.001	0.085	0.001
0.064	0.855	0.001	0.080
0.997	0.001	0.001	0.001
0.054	0.944	0.001	0.001
0.997	0.001	0.001	0.001
0.001	0.867	0.131	0.001
0.939	0.001	0.001	0.059
0.195	0.561	0.104	0.140
>CAAAGTTAGGTA	23-CAAAGTTAGGTA	14.210851	-5.426465	0	T:2.0(1.43%),B:26.5(0.07%),P:1e-2	Tpos:239.0,Tstd:219.4,Bpos:396.3,Bstd:273.3,StrandBias:2.3,Multiplicity:3.00
0.001	0.997	0.001	0.001
0.997	0.001	0.001	0.001
0.777	0.221	0.001	0.001
0.997	0.001	0.001	0.001
0.136	0.001	0.697	0.166
0.001	0.001	0.001	0.997
0.001	0.001	0.001	0.997
0.705	0.001	0.293	0.001
0.001	0.001	0.997	0.001
0.001	0.001	0.997	0.001
0.001	0.001	0.001	0.997
0.997	0.001	0.001	0.001
>GCTAAATATTTA	24-GCTAAATATTTA	13.845633	-4.301217	0	T:2.0(1.43%),B:48.2(0.12%),P:1e-1	Tpos:226.9,Tstd:202.2,Bpos:369.8,Bstd:280.7,StrandBias:0.0,Multiplicity:4.50
0.052	0.072	0.875	0.001
0.046	0.874	0.079	0.001
0.001	0.001	0.001	0.997
0.997	0.001	0.001	0.001
0.913	0.001	0.001	0.085
0.997	0.001	0.001	0.001
0.001	0.001	0.001	0.997
0.997	0.001	0.001	0.001
0.001	0.001	0.001	0.997
0.001	0.001	0.001	0.997
0.001	0.001	0.001	0.997
0.997	0.001	0.001	0.001
>TTTTTCATGAAA	25-TTTTTCATGAAA	9.670360	-0.749785	0	T:2.0(1.43%),B:448.3(1.13%),P:1e0	Tpos:305.6,Tstd:177.3,Bpos:527.6,Bstd:315.6,StrandBias:-0.1,Multiplicity:7.00
0.001	0.001	0.001	0.997
0.001	0.001	0.001	0.997
0.001	0.001	0.001	0.997
0.001	0.001	0.001	0.997
0.001	0.025	0.001	0.973
0.001	0.997	0.001	0.001
0.997	0.001	0.001	0.001
0.001	0.001	0.001	0.997
0.001	0.001	0.997	0.001
0.972	0.001	0.026	0.001
0.997	0.001	0.001	0.001
0.997	0.001	0.001	0.001
