>CAAGTTCCCG	1-CAAGTTCCCG	10.168653	-24.724578	0	T:14.0(12.28%),B:404.6(1.02%),P:1e-10	Tpos:566.5,Tstd:330.1,Bpos:503.4,Bstd:303.3,StrandBias:0.4,Multiplicity:1.00
0.059	0.863	0.077	0.001
0.997	0.001	0.001	0.001
0.779	0.108	0.112	0.001
0.046	0.074	0.879	0.001
0.001	0.001	0.001	0.997
0.001	0.137	0.001	0.861
0.096	0.826	0.077	0.001
0.069	0.929	0.001	0.001
0.058	0.940	0.001	0.001
0.001	0.001	0.997	0.001
>GAAACACATT	2-GAAACACATT	9.628933	-20.961238	0	T:31.0(27.19%),B:3147.1(7.90%),P:1e-9	Tpos:544.6,Tstd:289.0,Bpos:523.0,Bstd:294.0,StrandBias:-0.5,Multiplicity:1.10
0.070	0.028	0.832	0.070
0.915	0.043	0.041	0.001
0.881	0.064	0.054	0.001
0.997	0.001	0.001	0.001
0.001	0.939	0.040	0.020
0.959	0.039	0.001	0.001
0.001	0.938	0.060	0.001
0.752	0.001	0.042	0.205
0.069	0.001	0.055	0.875
0.039	0.001	0.001	0.959
>TACCCCGTGA	3-TACCCCGTGA	10.753930	-20.286891	0	T:9.0(7.89%),B:160.4(0.40%),P:1e-8	Tpos:618.4,Tstd:262.8,Bpos:590.4,Bstd:280.1,StrandBias:3.0,Multiplicity:1.00
0.001	0.001	0.001	0.997
0.717	0.001	0.171	0.111
0.001	0.997	0.001	0.001
0.141	0.725	0.001	0.133
0.001	0.997	0.001	0.001
0.103	0.895	0.001	0.001
0.001	0.149	0.849	0.001
0.001	0.001	0.001	0.997
0.001	0.001	0.997	0.001
0.997	0.001	0.001	0.001
>GAACCCGTCK	4-GAACCCGTCK	9.091469	-19.773324	0	T:14.0(12.28%),B:598.1(1.50%),P:1e-8	Tpos:604.7,Tstd:312.4,Bpos:511.3,Bstd:308.8,StrandBias:1.0,Multiplicity:1.07
0.001	0.001	0.997	0.001
0.558	0.199	0.001	0.242
0.997	0.001	0.001	0.001
0.077	0.725	0.179	0.019
0.001	0.846	0.005	0.148
0.096	0.680	0.001	0.223
0.001	0.001	0.997	0.001
0.157	0.001	0.001	0.841
0.105	0.893	0.001	0.001
0.226	0.001	0.355	0.418
>AGCGTCTGAA	5-AGCGTCTGAA	10.441385	-19.098069	0	T:15.0(13.16%),B:747.9(1.88%),P:1e-8	Tpos:474.7,Tstd:332.3,Bpos:473.6,Bstd:302.8,StrandBias:-0.6,Multiplicity:1.00
0.825	0.099	0.001	0.075
0.041	0.001	0.957	0.001
0.054	0.862	0.083	0.001
0.097	0.084	0.730	0.089
0.001	0.090	0.001	0.908
0.001	0.997	0.001	0.001
0.001	0.001	0.001	0.997
0.001	0.093	0.905	0.001
0.888	0.110	0.001	0.001
0.997	0.001	0.001	0.001
>TGTGCCGTGC	6-TGTGCCGTGC	11.050932	-19.031206	0	T:9.0(7.89%),B:186.6(0.47%),P:1e-8	Tpos:517.1,Tstd:334.0,Bpos:496.7,Bstd:324.2,StrandBias:-0.3,Multiplicity:1.00
0.001	0.001	0.001	0.997
0.179	0.001	0.819	0.001
0.001	0.001	0.001	0.997
0.001	0.001	0.997	0.001
0.141	0.857	0.001	0.001
0.133	0.746	0.001	0.120
0.141	0.001	0.857	0.001
0.001	0.001	0.001	0.997
0.001	0.001	0.845	0.153
0.001	0.997	0.001	0.001
>TGATCTGAAA	7-TGATCTGAAA	10.607953	-17.022062	0	T:19.0(16.67%),B:1461.0(3.67%),P:1e-7	Tpos:598.3,Tstd:272.8,Bpos:513.3,Bstd:310.4,StrandBias:0.0,Multiplicity:1.05
0.001	0.001	0.001	0.997
0.001	0.001	0.997	0.001
0.997	0.001	0.001	0.001
0.094	0.001	0.001	0.904
0.001	0.997	0.001	0.001
0.001	0.001	0.001	0.997
0.001	0.001	0.997	0.001
0.911	0.001	0.001	0.087
0.900	0.001	0.001	0.098
0.765	0.091	0.091	0.053
>GATAAGAACT	8-GATAAGAACT	8.254235	-16.502285	0	T:20.0(17.54%),B:1676.1(4.21%),P:1e-7	Tpos:476.3,Tstd:293.9,Bpos:531.5,Bstd:297.0,StrandBias:-0.4,Multiplicity:1.15
0.040	0.044	0.653	0.263
0.877	0.070	0.038	0.015
0.062	0.083	0.050	0.805
0.641	0.313	0.021	0.025
0.679	0.055	0.053	0.213
0.177	0.190	0.472	0.162
0.693	0.220	0.047	0.040
0.493	0.030	0.252	0.225
0.087	0.677	0.041	0.195
0.330	0.064	0.025	0.581
>ATTTGCCGTA	9-ATTTGCCGTA	10.093662	-16.189232	0	T:14.0(12.28%),B:802.6(2.01%),P:1e-7	Tpos:538.9,Tstd:212.1,Bpos:499.7,Bstd:304.1,StrandBias:0.2,Multiplicity:1.21
0.835	0.001	0.001	0.163
0.001	0.001	0.001	0.997
0.001	0.001	0.001	0.997
0.001	0.001	0.001	0.997
0.001	0.001	0.960	0.038
0.001	0.841	0.001	0.157
0.059	0.939	0.001	0.001
0.001	0.089	0.909	0.001
0.209	0.001	0.001	0.789
0.816	0.107	0.001	0.076
>AGTAGCCCGA	10-AGTAGCCCGA	10.542669	-15.176490	0	T:8.0(7.02%),B:214.0(0.54%),P:1e-6	Tpos:408.8,Tstd:193.6,Bpos:480.0,Bstd:307.2,StrandBias:1.2,Multiplicity:1.25
0.854	0.144	0.001	0.001
0.001	0.001	0.997	0.001
0.090	0.001	0.001	0.908
0.997	0.001	0.001	0.001
0.083	0.001	0.915	0.001
0.103	0.751	0.145	0.001
0.138	0.860	0.001	0.001
0.001	0.880	0.118	0.001
0.001	0.001	0.997	0.001
0.997	0.001	0.001	0.001
>GGATAACATG	11-GGATAACATG	9.731670	-14.420611	0	T:12.0(10.53%),B:661.0(1.66%),P:1e-6	Tpos:409.7,Tstd:224.1,Bpos:500.7,Bstd:281.2,StrandBias:-0.5,Multiplicity:1.00
0.209	0.306	0.483	0.001
0.210	0.001	0.788	0.001
0.768	0.001	0.001	0.230
0.001	0.001	0.001	0.997
0.581	0.417	0.001	0.001
0.586	0.001	0.001	0.412
0.037	0.961	0.001	0.001
0.997	0.001	0.001	0.001
0.067	0.001	0.001	0.931
0.392	0.001	0.606	0.001
>CACGGTCACC	12-CACGGTCACC	10.493293	-14.246006	0	T:7.0(6.14%),B:164.6(0.41%),P:1e-6	Tpos:266.4,Tstd:198.1,Bpos:523.4,Bstd:316.3,StrandBias:-1.2,Multiplicity:1.43
0.001	0.871	0.001	0.127
0.997	0.001	0.001	0.001
0.001	0.997	0.001	0.001
0.086	0.001	0.912	0.001
0.001	0.001	0.997	0.001
0.001	0.267	0.001	0.731
0.149	0.849	0.001	0.001
0.877	0.001	0.121	0.001
0.001	0.854	0.144	0.001
0.001	0.997	0.001	0.001
>TGCTGGTGAG	13-TGCTGGTGAG	10.120084	-13.228330	0	T:10.0(8.77%),B:489.6(1.23%),P:1e-5	Tpos:458.2,Tstd:274.5,Bpos:497.5,Bstd:321.6,StrandBias:-0.7,Multiplicity:1.30
0.001	0.001	0.001	0.997
0.001	0.001	0.931	0.067
0.001	0.869	0.073	0.057
0.001	0.001	0.001	0.997
0.098	0.001	0.900	0.001
0.067	0.001	0.931	0.001
0.081	0.001	0.001	0.917
0.001	0.001	0.997	0.001
0.721	0.163	0.115	0.001
0.073	0.113	0.813	0.001
>CGTAAAGGCA	14-CGTAAAGGCA	9.901741	-12.785808	0	T:8.0(7.02%),B:296.2(0.74%),P:1e-5	Tpos:469.1,Tstd:287.7,Bpos:528.1,Bstd:308.5,StrandBias:-1.9,Multiplicity:1.75
0.001	0.997	0.001	0.001
0.001	0.001	0.997	0.001
0.179	0.001	0.140	0.680
0.503	0.127	0.226	0.144
0.889	0.001	0.109	0.001
0.997	0.001	0.001	0.001
0.354	0.138	0.507	0.001
0.005	0.001	0.993	0.001
0.001	0.669	0.319	0.011
0.743	0.001	0.167	0.089
>GTAGGCATGG	15-GTAGGCATGG	8.867283	-12.405268	0	T:11.0(9.65%),B:667.5(1.68%),P:1e-5	Tpos:494.8,Tstd:247.8,Bpos:484.6,Bstd:278.4,StrandBias:0.7,Multiplicity:1.45
0.118	0.001	0.880	0.001
0.001	0.122	0.001	0.876
0.906	0.001	0.001	0.092
0.001	0.001	0.997	0.001
0.001	0.001	0.997	0.001
0.001	0.847	0.001	0.151
0.997	0.001	0.001	0.001
0.106	0.090	0.001	0.803
0.001	0.001	0.921	0.077
0.047	0.001	0.849	0.103
>CGTATWATAC	16-CGTATWATAC	10.396709	-11.282080	0	T:7.0(6.14%),B:261.9(0.66%),P:1e-4	Tpos:466.8,Tstd:301.4,Bpos:463.5,Bstd:286.2,StrandBias:1.0,Multiplicity:1.43
0.001	0.778	0.220	0.001
0.001	0.001	0.901	0.097
0.233	0.001	0.001	0.765
0.997	0.001	0.001	0.001
0.001	0.132	0.001	0.866
0.465	0.001	0.001	0.533
0.997	0.001	0.001	0.001
0.001	0.001	0.001	0.997
0.721	0.001	0.162	0.116
0.107	0.786	0.106	0.001
>AGCTCGASSA	17-AGCTCGASSA	8.370468	-10.537909	0	T:22.0(19.30%),B:2919.3(7.33%),P:1e-4	Tpos:369.9,Tstd:286.0,Bpos:452.7,Bstd:304.2,StrandBias:0.9,Multiplicity:1.64
0.997	0.001	0.001	0.001
0.205	0.001	0.793	0.001
0.001	0.789	0.001	0.209
0.336	0.001	0.001	0.662
0.001	0.548	0.120	0.331
0.001	0.286	0.712	0.001
0.997	0.001	0.001	0.001
0.001	0.390	0.509	0.100
0.133	0.387	0.478	0.001
0.746	0.001	0.001	0.252
>GCGTGAAGGC	18-GCGTGAAGGC	11.535884	-9.533556	0	T:4.0(3.51%),B:73.6(0.18%),P:1e-4	Tpos:319.8,Tstd:176.0,Bpos:479.5,Bstd:318.1,StrandBias:1.6,Multiplicity:1.00
0.001	0.001	0.997	0.001
0.001	0.673	0.325	0.001
0.001	0.001	0.756	0.242
0.001	0.001	0.001	0.997
0.001	0.082	0.916	0.001
0.666	0.332	0.001	0.001
0.997	0.001	0.001	0.001
0.001	0.001	0.997	0.001
0.001	0.001	0.997	0.001
0.001	0.997	0.001	0.001
>TCGCTAGTAC	19-TCGCTAGTAC	10.296193	-8.406818	0	T:2.0(1.75%),B:6.8(0.02%),P:1e-3	Tpos:705.8,Tstd:124.2,Bpos:294.8,Bstd:199.1,StrandBias:10.0,Multiplicity:2.00
0.100	0.100	0.100	0.700
0.100	0.700	0.100	0.100
0.100	0.100	0.700	0.100
0.100	0.700	0.100	0.100
0.100	0.100	0.100	0.700
0.700	0.100	0.100	0.100
0.100	0.100	0.700	0.100
0.100	0.100	0.100	0.700
0.700	0.100	0.100	0.100
0.100	0.700	0.100	0.100
>CCTGGTGCTC	20-CCTGGTGCTC	10.646844	-5.546361	0	T:4.0(3.51%),B:219.5(0.55%),P:1e-2	Tpos:603.8,Tstd:157.0,Bpos:388.1,Bstd:297.2,StrandBias:-3.5,Multiplicity:3.00
0.001	0.894	0.104	0.001
0.001	0.997	0.001	0.001
0.104	0.001	0.001	0.894
0.001	0.001	0.997	0.001
0.001	0.001	0.997	0.001
0.001	0.001	0.153	0.845
0.001	0.363	0.541	0.095
0.001	0.958	0.040	0.001
0.001	0.001	0.001	0.997
0.001	0.997	0.001	0.001
