>CAGATCGACGAA	1-CAGATCGACGAA	13.929272	-26.325432	0	T:6.0(5.26%),B:10.8(0.03%),P:1e-11	Tpos:665.5,Tstd:247.2,Bpos:471.8,Bstd:298.5,StrandBias:0.0,Multiplicity:1.00
0.001	0.997	0.001	0.001
0.997	0.001	0.001	0.001
0.001	0.151	0.847	0.001
0.834	0.001	0.164	0.001
0.001	0.001	0.001	0.997
0.001	0.812	0.001	0.186
0.001	0.001	0.997	0.001
0.997	0.001	0.001	0.001
0.001	0.997	0.001	0.001
0.001	0.165	0.669	0.165
0.997	0.001	0.001	0.001
0.997	0.001	0.001	0.001
>CAAAATCTTTGA	2-CAAAATCTTTGA	10.089623	-24.707097	0	T:16.0(14.04%),B:585.6(1.47%),P:1e-10	Tpos:534.9,Tstd:288.5,Bpos:501.4,Bstd:295.0,StrandBias:0.4,Multiplicity:1.07
0.001	0.997	0.001	0.001
0.997	0.001	0.001	0.001
0.904	0.001	0.094	0.001
0.997	0.001	0.001	0.001
0.994	0.001	0.001	0.004
0.001	0.001	0.001	0.997
0.001	0.728	0.270	0.001
0.001	0.001	0.148	0.850
0.001	0.001	0.001	0.997
0.147	0.001	0.001	0.851
0.001	0.277	0.721	0.001
0.997	0.001	0.001	0.001
>TAATCACTGATT	3-TAATCACTGATT	13.492105	-22.458350	0	T:7.0(6.14%),B:46.6(0.12%),P:1e-9	Tpos:699.0,Tstd:212.1,Bpos:489.3,Bstd:316.5,StrandBias:0.0,Multiplicity:1.00
0.001	0.001	0.001	0.997
0.893	0.105	0.001	0.001
0.834	0.001	0.164	0.001
0.001	0.001	0.164	0.834
0.001	0.997	0.001	0.001
0.834	0.164	0.001	0.001
0.001	0.888	0.110	0.001
0.001	0.001	0.001	0.997
0.001	0.001	0.997	0.001
0.997	0.001	0.001	0.001
0.001	0.001	0.001	0.997
0.001	0.186	0.001	0.812
>GAGTTCTAGAGA	4-GAGTTCTAGAGA	13.788830	-20.208703	0	T:6.0(5.26%),B:34.5(0.09%),P:1e-8	Tpos:432.5,Tstd:283.9,Bpos:471.2,Bstd:364.7,StrandBias:2.3,Multiplicity:1.00
0.001	0.001	0.997	0.001
0.806	0.001	0.001	0.192
0.001	0.001	0.872	0.126
0.001	0.001	0.001	0.997
0.001	0.001	0.001	0.997
0.001	0.997	0.001	0.001
0.001	0.001	0.001	0.997
0.997	0.001	0.001	0.001
0.158	0.001	0.840	0.001
0.997	0.001	0.001	0.001
0.136	0.001	0.862	0.001
0.806	0.192	0.001	0.001
>CTCAAGAATTTA	5-CTCAAGAATTTA	12.282352	-19.913800	0	T:10.0(8.77%),B:233.3(0.59%),P:1e-8	Tpos:601.8,Tstd:237.0,Bpos:498.3,Bstd:292.5,StrandBias:0.0,Multiplicity:1.00
0.001	0.919	0.001	0.079
0.137	0.001	0.001	0.861
0.149	0.705	0.145	0.001
0.997	0.001	0.001	0.001
0.997	0.001	0.001	0.001
0.067	0.001	0.931	0.001
0.997	0.001	0.001	0.001
0.997	0.001	0.001	0.001
0.001	0.001	0.001	0.997
0.001	0.001	0.001	0.997
0.001	0.117	0.159	0.723
0.997	0.001	0.001	0.001
>TTTCAGATCATA	6-TTTCAGATCATA	13.296026	-19.338904	0	T:11.0(9.65%),B:327.3(0.82%),P:1e-8	Tpos:492.9,Tstd:294.8,Bpos:536.1,Bstd:317.5,StrandBias:-1.0,Multiplicity:1.09
0.001	0.001	0.001	0.997
0.001	0.001	0.001	0.997
0.001	0.001	0.001	0.997
0.001	0.857	0.141	0.001
0.997	0.001	0.001	0.001
0.001	0.001	0.997	0.001
0.879	0.001	0.001	0.119
0.098	0.001	0.001	0.900
0.001	0.910	0.001	0.088
0.997	0.001	0.001	0.001
0.251	0.001	0.001	0.747
0.810	0.097	0.001	0.092
>ATTTGCCGAGAA	7-ATTTGCCGAGAA	13.910550	-18.688343	0	T:6.0(5.26%),B:45.8(0.11%),P:1e-8	Tpos:436.3,Tstd:209.0,Bpos:491.0,Bstd:291.8,StrandBias:1.0,Multiplicity:1.00
0.997	0.001	0.001	0.001
0.001	0.001	0.001	0.997
0.001	0.001	0.001	0.997
0.001	0.001	0.001	0.997
0.001	0.001	0.904	0.094
0.001	0.997	0.001	0.001
0.001	0.673	0.176	0.150
0.150	0.001	0.848	0.001
0.997	0.001	0.001	0.001
0.073	0.001	0.925	0.001
0.793	0.001	0.001	0.205
0.997	0.001	0.001	0.001
>AATGTGTTTCTT	8-AATGTGTTTCTT	13.697227	-18.627270	0	T:10.0(8.77%),B:268.8(0.67%),P:1e-8	Tpos:574.5,Tstd:261.8,Bpos:557.0,Bstd:287.0,StrandBias:-0.6,Multiplicity:1.00
0.997	0.001	0.001	0.001
0.863	0.001	0.001	0.135
0.001	0.001	0.001	0.997
0.133	0.152	0.714	0.001
0.001	0.001	0.001	0.997
0.131	0.001	0.867	0.001
0.001	0.001	0.001	0.997
0.001	0.001	0.001	0.997
0.001	0.001	0.001	0.997
0.124	0.672	0.156	0.048
0.001	0.001	0.001	0.997
0.001	0.001	0.001	0.997
>ACGCTAATTKGC	9-ACGCTAATTKGC	10.719274	-18.022558	0	T:9.0(7.89%),B:210.4(0.53%),P:1e-7	Tpos:412.1,Tstd:262.8,Bpos:489.3,Bstd:296.4,StrandBias:0.0,Multiplicity:1.11
0.806	0.031	0.162	0.001
0.108	0.860	0.001	0.031
0.001	0.176	0.645	0.178
0.001	0.809	0.176	0.014
0.001	0.001	0.001	0.997
0.888	0.110	0.001	0.001
0.997	0.001	0.001	0.001
0.001	0.001	0.175	0.823
0.001	0.001	0.001	0.997
0.176	0.004	0.344	0.476
0.033	0.001	0.965	0.001
0.199	0.655	0.001	0.145
>AAATTGGCAATT	10-AAATTGGCAATT	13.022644	-17.813680	0	T:11.0(9.65%),B:381.8(0.96%),P:1e-7	Tpos:508.3,Tstd:255.1,Bpos:495.8,Bstd:287.9,StrandBias:0.2,Multiplicity:1.18
0.997	0.001	0.001	0.001
0.997	0.001	0.001	0.001
0.997	0.001	0.001	0.001
0.172	0.001	0.101	0.726
0.001	0.001	0.218	0.780
0.001	0.083	0.915	0.001
0.001	0.066	0.932	0.001
0.025	0.838	0.065	0.072
0.997	0.001	0.001	0.001
0.930	0.001	0.001	0.068
0.060	0.001	0.001	0.938
0.001	0.001	0.001	0.997
>CTAGGTTTCCAT	11-CTAGGTTTCCAT	10.805313	-17.356984	0	T:10.0(8.77%),B:308.9(0.78%),P:1e-7	Tpos:375.6,Tstd:257.4,Bpos:477.8,Bstd:320.6,StrandBias:0.5,Multiplicity:1.20
0.001	0.997	0.001	0.001
0.066	0.001	0.124	0.809
0.714	0.161	0.124	0.001
0.001	0.097	0.901	0.001
0.080	0.124	0.795	0.001
0.001	0.233	0.001	0.765
0.095	0.001	0.124	0.780
0.001	0.001	0.001	0.997
0.001	0.821	0.001	0.177
0.172	0.826	0.001	0.001
0.875	0.001	0.001	0.123
0.109	0.001	0.001	0.889
>CGAATWATACAC	12-CGAATWATACAC	13.180513	-17.013174	0	T:6.0(5.26%),B:61.5(0.15%),P:1e-7	Tpos:667.1,Tstd:239.2,Bpos:506.6,Bstd:275.1,StrandBias:2.8,Multiplicity:1.33
0.001	0.997	0.001	0.001
0.001	0.001	0.883	0.115
0.997	0.001	0.001	0.001
0.997	0.001	0.001	0.001
0.001	0.001	0.001	0.997
0.504	0.001	0.001	0.494
0.854	0.144	0.001	0.001
0.001	0.001	0.001	0.997
0.997	0.001	0.001	0.001
0.001	0.883	0.115	0.001
0.997	0.001	0.001	0.001
0.119	0.753	0.001	0.127
>ATTATATGAATT	13-ATTATATGAATT	12.891342	-16.758340	0	T:10.0(8.77%),B:329.0(0.83%),P:1e-7	Tpos:539.8,Tstd:269.7,Bpos:534.5,Bstd:293.0,StrandBias:1.6,Multiplicity:1.20
0.938	0.001	0.001	0.060
0.001	0.001	0.001	0.997
0.001	0.174	0.001	0.824
0.851	0.001	0.111	0.037
0.067	0.001	0.072	0.860
0.955	0.001	0.001	0.043
0.001	0.106	0.001	0.892
0.001	0.079	0.919	0.001
0.997	0.001	0.001	0.001
0.909	0.001	0.001	0.089
0.071	0.001	0.001	0.927
0.001	0.001	0.001	0.997
>CATGGTCAAATA	14-CATGGTCAAATA	8.879769	-16.722033	0	T:18.0(15.79%),B:1332.8(3.34%),P:1e-7	Tpos:616.1,Tstd:205.3,Bpos:498.8,Bstd:295.2,StrandBias:1.3,Multiplicity:1.17
0.161	0.837	0.001	0.001
0.624	0.374	0.001	0.001
0.304	0.001	0.001	0.694
0.001	0.124	0.874	0.001
0.001	0.001	0.997	0.001
0.001	0.001	0.001	0.997
0.001	0.823	0.001	0.175
0.997	0.001	0.001	0.001
0.662	0.162	0.175	0.001
0.997	0.001	0.001	0.001
0.129	0.199	0.001	0.671
0.874	0.001	0.001	0.124
>GCACCGGCGCCT	15-GCACCGGCGCCT	14.990332	-15.306553	0	T:3.0(2.63%),B:2.1(0.01%),P:1e-6	Tpos:673.2,Tstd:111.7,Bpos:579.5,Bstd:300.2,StrandBias:1.6,Multiplicity:1.33
0.001	0.001	0.997	0.001
0.001	0.997	0.001	0.001
0.997	0.001	0.001	0.001
0.001	0.997	0.001	0.001
0.346	0.652	0.001	0.001
0.001	0.001	0.997	0.001
0.001	0.001	0.997	0.001
0.001	0.997	0.001	0.001
0.001	0.001	0.997	0.001
0.001	0.997	0.001	0.001
0.305	0.693	0.001	0.001
0.001	0.001	0.001	0.997
>TCTGGCAAGTAC	16-TCTGGCAAGTAC	10.005864	-14.057960	0	T:3.0(2.63%),B:4.8(0.01%),P:1e-6	Tpos:692.4,Tstd:113.8,Bpos:587.5,Bstd:218.7,StrandBias:10.0,Multiplicity:1.67
0.001	0.001	0.001	0.997
0.001	0.945	0.053	0.001
0.001	0.001	0.001	0.997
0.001	0.160	0.838	0.001
0.001	0.001	0.997	0.001
0.001	0.997	0.001	0.001
0.838	0.001	0.001	0.160
0.997	0.001	0.001	0.001
0.001	0.001	0.997	0.001
0.001	0.001	0.001	0.997
0.997	0.001	0.001	0.001
0.001	0.997	0.001	0.001
>AGGAGACTAAAG	17-AGGAGACTAAAG	14.113355	-13.927072	0	T:4.0(3.51%),B:22.2(0.06%),P:1e-6	Tpos:498.8,Tstd:307.5,Bpos:332.7,Bstd:304.7,StrandBias:0.6,Multiplicity:1.25
0.997	0.001	0.001	0.001
0.001	0.001	0.997	0.001
0.170	0.001	0.828	0.001
0.997	0.001	0.001	0.001
0.001	0.001	0.744	0.254
0.997	0.001	0.001	0.001
0.001	0.997	0.001	0.001
0.184	0.001	0.001	0.814
0.834	0.001	0.164	0.001
0.997	0.001	0.001	0.001
0.997	0.001	0.001	0.001
0.001	0.001	0.997	0.001
>TTTTCAATCTTA	18-TTTTCAATCTTA	10.969712	-13.715520	0	T:12.0(10.53%),B:708.3(1.78%),P:1e-5	Tpos:499.7,Tstd:248.9,Bpos:514.9,Bstd:307.0,StrandBias:0.2,Multiplicity:1.08
0.001	0.001	0.001	0.997
0.001	0.001	0.359	0.639
0.001	0.001	0.001	0.997
0.001	0.014	0.001	0.984
0.222	0.776	0.001	0.001
0.687	0.311	0.001	0.001
0.997	0.001	0.001	0.001
0.001	0.001	0.089	0.909
0.001	0.997	0.001	0.001
0.001	0.001	0.001	0.997
0.001	0.042	0.001	0.956
0.960	0.001	0.001	0.038
>GCCGTGTGGGTA	19-GCCGTGTGGGTA	14.423879	-13.590041	0	T:3.0(2.63%),B:5.0(0.01%),P:1e-5	Tpos:199.6,Tstd:171.0,Bpos:333.7,Bstd:267.5,StrandBias:0.6,Multiplicity:1.67
0.001	0.190	0.619	0.190
0.001	0.997	0.001	0.001
0.001	0.997	0.001	0.001
0.001	0.001	0.997	0.001
0.001	0.001	0.001	0.997
0.001	0.001	0.997	0.001
0.190	0.001	0.215	0.594
0.001	0.001	0.997	0.001
0.001	0.001	0.997	0.001
0.001	0.001	0.997	0.001
0.001	0.001	0.001	0.997
0.997	0.001	0.001	0.001
>CAVTGTGTRCAT	20-CAVTGTGTRCAT	12.789356	-13.487154	0	T:6.0(5.26%),B:115.6(0.29%),P:1e-5	Tpos:389.4,Tstd:252.3,Bpos:500.9,Bstd:307.9,StrandBias:1.3,Multiplicity:1.17
0.001	0.997	0.001	0.001
0.997	0.001	0.001	0.001
0.419	0.290	0.290	0.001
0.001	0.001	0.001	0.997
0.001	0.345	0.503	0.151
0.001	0.001	0.001	0.997
0.001	0.001	0.997	0.001
0.001	0.001	0.001	0.997
0.440	0.001	0.558	0.001
0.001	0.997	0.001	0.001
0.786	0.001	0.001	0.212
0.001	0.001	0.001	0.997
>TCAAAAATCCAT	21-TCAAAAATCCAT	11.938395	-12.903333	0	T:12.0(10.53%),B:767.6(1.93%),P:1e-5	Tpos:512.4,Tstd:264.0,Bpos:545.3,Bstd:290.7,StrandBias:1.5,Multiplicity:1.25
0.001	0.001	0.150	0.848
0.001	0.886	0.112	0.001
0.997	0.001	0.001	0.001
0.858	0.001	0.001	0.140
0.997	0.001	0.001	0.001
0.997	0.001	0.001	0.001
0.890	0.001	0.001	0.108
0.001	0.001	0.001	0.997
0.001	0.862	0.072	0.065
0.045	0.836	0.118	0.001
0.997	0.001	0.001	0.001
0.001	0.001	0.101	0.897
>CAAAAATTCAAT	22-CAAAAATTCAAT	12.064158	-9.592782	0	T:24.0(21.05%),B:3575.1(8.97%),P:1e-4	Tpos:453.9,Tstd:275.1,Bpos:501.1,Bstd:299.4,StrandBias:0.4,Multiplicity:1.33
0.081	0.658	0.207	0.054
0.997	0.001	0.001	0.001
0.997	0.001	0.001	0.001
0.997	0.001	0.001	0.001
0.997	0.001	0.001	0.001
0.909	0.001	0.001	0.089
0.171	0.001	0.001	0.827
0.116	0.125	0.001	0.758
0.209	0.518	0.272	0.001
0.955	0.001	0.043	0.001
0.720	0.001	0.089	0.190
0.203	0.001	0.074	0.722
>TCCTGGTGCTCC	23-TCCTGGTGCTCC	7.785829	-9.296742	0	T:23.0(20.18%),B:3407.7(8.55%),P:1e-4	Tpos:399.1,Tstd:267.5,Bpos:450.5,Bstd:308.3,StrandBias:-1.2,Multiplicity:2.26
0.029	0.041	0.049	0.881
0.018	0.758	0.079	0.145
0.016	0.719	0.108	0.157
0.111	0.001	0.053	0.835
0.041	0.180	0.597	0.182
0.084	0.096	0.736	0.084
0.284	0.020	0.049	0.647
0.050	0.115	0.772	0.063
0.053	0.748	0.088	0.111
0.085	0.103	0.039	0.773
0.049	0.760	0.053	0.138
0.063	0.778	0.087	0.072
>AGCCTTGACGCA	24-AGCCTTGACGCA	7.451399	-6.918092	0	T:19.0(16.67%),B:3028.4(7.60%),P:1e-3	Tpos:376.5,Tstd:298.0,Bpos:500.3,Bstd:299.2,StrandBias:2.4,Multiplicity:1.63
0.598	0.180	0.063	0.159
0.139	0.001	0.663	0.197
0.138	0.659	0.079	0.124
0.028	0.763	0.037	0.172
0.001	0.037	0.078	0.884
0.001	0.001	0.041	0.957
0.066	0.079	0.786	0.069
0.734	0.001	0.128	0.137
0.160	0.687	0.042	0.111
0.054	0.116	0.687	0.143
0.043	0.828	0.028	0.101
0.758	0.042	0.074	0.126
>AGGCCACCATAK	25-AGGCCACCATAK	13.081225	-6.416165	0	T:2.0(1.75%),B:19.1(0.05%),P:1e-2	Tpos:357.8,Tstd:244.8,Bpos:427.7,Bstd:251.0,StrandBias:10.0,Multiplicity:3.00
0.997	0.001	0.001	0.001
0.001	0.001	0.997	0.001
0.001	0.001	0.997	0.001
0.366	0.632	0.001	0.001
0.001	0.997	0.001	0.001
0.997	0.001	0.001	0.001
0.001	0.997	0.001	0.001
0.001	0.997	0.001	0.001
0.632	0.001	0.001	0.366
0.001	0.323	0.001	0.675
0.753	0.001	0.001	0.245
0.001	0.246	0.429	0.324
