>SGGTCAAAAAGW	1-WCTTTTTGACCS	11.414580	-27.526570	0	T:12.0(7.06%),B:131.3(0.32%),P:1e-11
0.030	0.382	0.512	0.076
0.191	0.020	0.524	0.265
0.060	0.313	0.592	0.035
0.092	0.001	0.021	0.886
0.025	0.855	0.089	0.031
0.788	0.015	0.104	0.093
0.946	0.052	0.001	0.001
0.866	0.001	0.060	0.073
0.850	0.044	0.060	0.046
0.550	0.015	0.049	0.386
0.275	0.075	0.607	0.043
0.411	0.047	0.001	0.541
