>GCTCAAAAAACC	10-GGTTTTTTGAGC	10.117849	-21.698588	0	T:63.0(6.64%),B:1102.1(2.71%),P:1e-9
0.071	0.031	0.797	0.101
0.022	0.892	0.030	0.056
0.048	0.030	0.066	0.856
0.067	0.838	0.020	0.075
0.873	0.050	0.029	0.048
0.885	0.032	0.070	0.013
0.877	0.058	0.008	0.057
0.825	0.067	0.001	0.107
0.858	0.074	0.017	0.051
0.823	0.072	0.049	0.056
0.073	0.796	0.048	0.083
0.074	0.687	0.136	0.103
