>AAAACGCGACGA	1-TCGTCGCGTTTT	11.135977	-27.428003	0	T:22.0(2.32%),B:118.6(0.29%),P:1e-11
0.875	0.063	0.013	0.049
0.868	0.020	0.048	0.064
0.794	0.028	0.160	0.018
0.889	0.028	0.039	0.044
0.192	0.730	0.010	0.068
0.344	0.025	0.606	0.025
0.008	0.753	0.034	0.205
0.226	0.062	0.516	0.196
0.661	0.045	0.032	0.262
0.227	0.578	0.029	0.166
0.034	0.052	0.900	0.014
0.519	0.255	0.043	0.183
