>ATGATACTTGAA	9-TTCAAGTATCAT	9.459688	-21.723292	0	T:30.0(3.16%),B:309.7(0.76%),P:1e-9
0.611	0.029	0.039	0.321
0.191	0.235	0.169	0.405
0.037	0.038	0.587	0.338
0.896	0.032	0.032	0.040
0.033	0.188	0.256	0.523
0.640	0.028	0.295	0.037
0.258	0.490	0.042	0.209
0.301	0.033	0.037	0.629
0.030	0.032	0.270	0.668
0.041	0.180	0.561	0.218
0.554	0.181	0.229	0.036
0.905	0.024	0.034	0.037
