>GGTTTTTTGAGC	10-GGTTTTTTGAGC,BestGuess:POL007.1_BREd/Jaspar(0.599)	10.117849	-21.698588	0	T:63.0(6.64%),B:1102.1(2.71%),P:1e-9
0.103	0.136	0.687	0.074
0.083	0.048	0.796	0.073
0.056	0.049	0.072	0.823
0.051	0.017	0.074	0.858
0.107	0.001	0.067	0.825
0.057	0.008	0.058	0.877
0.013	0.070	0.032	0.885
0.048	0.029	0.050	0.873
0.075	0.020	0.838	0.067
0.856	0.066	0.030	0.048
0.056	0.030	0.892	0.022
0.101	0.797	0.031	0.071
