>CTATAAAATTCT	3-AGAATTTTATAG	10.769435	-26.870613	0	T:37.0(3.90%),B:375.1(0.92%),P:1e-11
0.205	0.599	0.195	0.001
0.001	0.103	0.005	0.891
0.671	0.059	0.024	0.246
0.004	0.231	0.183	0.582
0.756	0.044	0.152	0.048
0.981	0.004	0.004	0.011
0.613	0.111	0.009	0.267
0.679	0.024	0.012	0.285
0.068	0.023	0.204	0.705
0.222	0.029	0.165	0.584
0.033	0.737	0.055	0.175
0.149	0.016	0.041	0.794
