>AAAAAAAGGGAT	7-ATCCCTTTTTTT	10.597607	-22.247587	0	T:53.0(5.58%),B:825.0(2.03%),P:1e-9
0.618	0.148	0.193	0.041
0.896	0.025	0.050	0.029
0.889	0.049	0.032	0.030
0.739	0.042	0.012	0.207
0.735	0.024	0.210	0.031
0.801	0.036	0.045	0.118
0.645	0.109	0.012	0.234
0.030	0.026	0.693	0.251
0.226	0.024	0.535	0.215
0.034	0.089	0.655	0.222
0.766	0.177	0.033	0.024
0.214	0.160	0.020	0.606
