>TATATCTTATCT	1-TATATCTTATCT	13.526715	-26.303186	0	T:10.0(5.81%),B:75.8(0.19%),P:1e-11	Tpos:498.1,Tstd:326.2,Bpos:495.4,Bstd:295.4,StrandBias:0.6,Multiplicity:1.00
0.001	0.001	0.132	0.866
0.933	0.001	0.001	0.065
0.001	0.001	0.163	0.835
0.997	0.001	0.001	0.001
0.001	0.001	0.001	0.997
0.109	0.731	0.001	0.159
0.001	0.001	0.001	0.997
0.001	0.105	0.001	0.893
0.997	0.001	0.001	0.001
0.001	0.001	0.001	0.997
0.001	0.997	0.001	0.001
0.120	0.001	0.001	0.878
>AAGAAGACGCGG	2-AAGAAGACGCGG	13.153766	-25.832339	0	T:10.0(5.81%),B:79.9(0.20%),P:1e-11	Tpos:563.2,Tstd:233.5,Bpos:485.0,Bstd:329.0,StrandBias:-1.2,Multiplicity:1.00
0.997	0.001	0.001	0.001
0.850	0.148	0.001	0.001
0.001	0.001	0.997	0.001
0.997	0.001	0.001	0.001
0.872	0.001	0.126	0.001
0.001	0.001	0.997	0.001
0.997	0.001	0.001	0.001
0.077	0.921	0.001	0.001
0.105	0.001	0.893	0.001
0.127	0.688	0.102	0.083
0.001	0.001	0.893	0.105
0.001	0.001	0.997	0.001
>GCCCCCCGTCCC	3-GCCCCCCGTCCC	10.792436	-24.852220	0	T:10.0(5.81%),B:88.1(0.22%),P:1e-10	Tpos:606.4,Tstd:294.2,Bpos:473.0,Bstd:390.8,StrandBias:1.1,Multiplicity:1.60
0.210	0.001	0.788	0.001
0.001	0.882	0.001	0.116
0.001	0.997	0.001	0.001
0.129	0.869	0.001	0.001
0.243	0.755	0.001	0.001
0.001	0.751	0.001	0.247
0.001	0.997	0.001	0.001
0.001	0.129	0.869	0.001
0.001	0.133	0.001	0.865
0.097	0.772	0.130	0.001
0.260	0.738	0.001	0.001
0.130	0.735	0.134	0.001
>GAGACAAATAAA	4-GAGACAAATAAA	11.005829	-23.455564	0	T:20.0(11.63%),B:713.6(1.78%),P:1e-10	Tpos:593.5,Tstd:288.1,Bpos:540.1,Bstd:318.2,StrandBias:-1.0,Multiplicity:1.05
0.285	0.200	0.511	0.004
0.941	0.001	0.057	0.001
0.001	0.001	0.957	0.041
0.818	0.001	0.058	0.123
0.001	0.629	0.090	0.280
0.866	0.001	0.132	0.001
0.634	0.148	0.079	0.139
0.794	0.204	0.001	0.001
0.002	0.210	0.001	0.787
0.783	0.215	0.001	0.001
0.884	0.001	0.068	0.047
0.996	0.001	0.002	0.001
>ATACGGTCACTC	5-ATACGGTCACTC	14.010797	-23.423730	0	T:6.0(3.49%),B:11.3(0.03%),P:1e-10	Tpos:382.0,Tstd:202.8,Bpos:487.4,Bstd:277.9,StrandBias:0.0,Multiplicity:1.00
0.997	0.001	0.001	0.001
0.001	0.001	0.001	0.997
0.844	0.001	0.154	0.001
0.001	0.997	0.001	0.001
0.001	0.001	0.997	0.001
0.001	0.001	0.769	0.229
0.001	0.001	0.001	0.997
0.001	0.769	0.229	0.001
0.997	0.001	0.001	0.001
0.001	0.815	0.001	0.183
0.001	0.001	0.001	0.997
0.001	0.997	0.001	0.001
>ATTATATTTTTG	6-ATTATATTTTTG	11.627536	-22.873110	0	T:22.0(12.79%),B:914.3(2.29%),P:1e-9	Tpos:480.9,Tstd:320.0,Bpos:495.4,Bstd:301.7,StrandBias:-0.8,Multiplicity:1.00
0.831	0.078	0.090	0.001
0.001	0.001	0.001	0.997
0.001	0.067	0.072	0.860
0.808	0.001	0.066	0.125
0.001	0.067	0.001	0.931
0.997	0.001	0.001	0.001
0.068	0.001	0.001	0.930
0.093	0.001	0.114	0.792
0.096	0.001	0.001	0.902
0.110	0.001	0.001	0.888
0.001	0.001	0.001	0.997
0.043	0.001	0.955	0.001
>ATCAATAAAATA	7-ATCAATAAAATA	12.449813	-22.279321	0	T:20.0(11.63%),B:764.4(1.91%),P:1e-9	Tpos:678.6,Tstd:173.5,Bpos:511.7,Bstd:291.5,StrandBias:-1.2,Multiplicity:1.15
0.820	0.062	0.001	0.117
0.034	0.064	0.059	0.843
0.001	0.854	0.039	0.106
0.997	0.001	0.001	0.001
0.931	0.001	0.067	0.001
0.001	0.054	0.001	0.944
0.929	0.001	0.001	0.069
0.997	0.001	0.001	0.001
0.997	0.001	0.001	0.001
0.997	0.001	0.001	0.001
0.001	0.039	0.001	0.959
0.819	0.001	0.001	0.179
>TGGAGTRGTGAA	8-TGGAGTRGTGAA	11.625411	-22.177520	0	T:10.0(5.81%),B:118.8(0.30%),P:1e-9	Tpos:439.4,Tstd:244.8,Bpos:489.6,Bstd:317.1,StrandBias:-1.2,Multiplicity:1.00
0.001	0.001	0.001	0.997
0.001	0.001	0.804	0.194
0.001	0.001	0.997	0.001
0.581	0.001	0.417	0.001
0.001	0.001	0.821	0.177
0.001	0.001	0.001	0.997
0.242	0.195	0.384	0.179
0.001	0.001	0.997	0.001
0.001	0.001	0.001	0.997
0.389	0.001	0.609	0.001
0.997	0.001	0.001	0.001
0.618	0.203	0.178	0.001
>GAGCACGAGACG	9-GAGCACGAGACG	13.477455	-21.312399	0	T:7.0(4.07%),B:35.4(0.09%),P:1e-9	Tpos:668.4,Tstd:190.6,Bpos:512.7,Bstd:356.3,StrandBias:0.4,Multiplicity:1.00
0.001	0.001	0.997	0.001
0.997	0.001	0.001	0.001
0.001	0.001	0.997	0.001
0.123	0.583	0.128	0.166
0.997	0.001	0.001	0.001
0.110	0.888	0.001	0.001
0.001	0.001	0.997	0.001
0.681	0.152	0.001	0.166
0.001	0.001	0.997	0.001
0.997	0.001	0.001	0.001
0.001	0.997	0.001	0.001
0.001	0.001	0.997	0.001
>CTACGAGTTTAC	10-CTACGAGTTTAC	13.948805	-20.046938	0	T:6.0(3.49%),B:22.8(0.06%),P:1e-8	Tpos:641.0,Tstd:230.0,Bpos:444.4,Bstd:257.6,StrandBias:0.0,Multiplicity:1.00
0.001	0.997	0.001	0.001
0.001	0.001	0.001	0.997
0.997	0.001	0.001	0.001
0.001	0.997	0.001	0.001
0.151	0.001	0.847	0.001
0.997	0.001	0.001	0.001
0.220	0.001	0.778	0.001
0.001	0.001	0.001	0.997
0.001	0.001	0.001	0.997
0.001	0.252	0.001	0.746
0.997	0.001	0.001	0.001
0.001	0.796	0.001	0.202
>MTCTCCTTTTCT	11-MTCTCCTTTTCT	10.285972	-20.019849	0	T:26.0(15.12%),B:1498.7(3.75%),P:1e-8	Tpos:536.9,Tstd:248.3,Bpos:544.7,Bstd:335.6,StrandBias:0.8,Multiplicity:1.08
0.502	0.446	0.032	0.020
0.001	0.045	0.001	0.953
0.001	0.945	0.011	0.043
0.063	0.010	0.033	0.894
0.338	0.610	0.001	0.051
0.043	0.866	0.090	0.001
0.076	0.029	0.050	0.845
0.001	0.196	0.073	0.730
0.001	0.137	0.001	0.861
0.001	0.103	0.001	0.895
0.001	0.586	0.396	0.017
0.076	0.076	0.001	0.847
>GATTTAATATTA	12-GATTTAATATTA	11.917312	-20.004704	0	T:12.0(6.98%),B:254.3(0.64%),P:1e-8	Tpos:659.5,Tstd:264.7,Bpos:513.1,Bstd:302.0,StrandBias:-0.2,Multiplicity:1.00
0.060	0.001	0.938	0.001
0.997	0.001	0.001	0.001
0.086	0.001	0.141	0.772
0.001	0.001	0.001	0.997
0.095	0.107	0.095	0.703
0.827	0.001	0.100	0.072
0.932	0.001	0.001	0.066
0.001	0.001	0.001	0.997
0.997	0.001	0.001	0.001
0.001	0.001	0.001	0.997
0.001	0.001	0.001	0.997
0.939	0.001	0.001	0.059
>ACAACAGACCTC	13-ACAACAGACCTC	11.357459	-19.869492	0	T:9.0(5.23%),B:109.4(0.27%),P:1e-8	Tpos:674.3,Tstd:306.5,Bpos:457.4,Bstd:300.0,StrandBias:1.0,Multiplicity:1.00
0.997	0.001	0.001	0.001
0.129	0.869	0.001	0.001
0.830	0.168	0.001	0.001
0.830	0.001	0.001	0.168
0.001	0.806	0.001	0.192
0.789	0.001	0.001	0.209
0.112	0.178	0.709	0.001
0.806	0.001	0.192	0.001
0.001	0.588	0.001	0.410
0.007	0.792	0.001	0.200
0.001	0.001	0.001	0.997
0.001	0.997	0.001	0.001
>TAATGTAGCAAW	14-TAATGTAGCAAW	12.424841	-19.567968	0	T:14.0(8.14%),B:395.3(0.99%),P:1e-8	Tpos:538.1,Tstd:314.0,Bpos:511.0,Bstd:281.4,StrandBias:-0.2,Multiplicity:1.07
0.283	0.106	0.001	0.610
0.621	0.001	0.001	0.377
0.997	0.001	0.001	0.001
0.001	0.001	0.001	0.997
0.001	0.001	0.997	0.001
0.001	0.001	0.001	0.997
0.649	0.001	0.001	0.349
0.001	0.308	0.690	0.001
0.001	0.997	0.001	0.001
0.997	0.001	0.001	0.001
0.997	0.001	0.001	0.001
0.514	0.001	0.001	0.484
>CTGAAGCCCTTA	15-CTGAAGCCCTTA	14.008719	-19.352764	0	T:5.0(2.91%),B:10.6(0.03%),P:1e-8	Tpos:403.8,Tstd:250.6,Bpos:400.1,Bstd:313.1,StrandBias:0.6,Multiplicity:1.00
0.001	0.997	0.001	0.001
0.222	0.001	0.001	0.776
0.001	0.001	0.997	0.001
0.997	0.001	0.001	0.001
0.997	0.001	0.001	0.001
0.001	0.001	0.997	0.001
0.001	0.997	0.001	0.001
0.001	0.997	0.001	0.001
0.001	0.776	0.001	0.222
0.178	0.001	0.001	0.820
0.001	0.001	0.150	0.848
0.997	0.001	0.001	0.001
>GCACCTGTCTGG	16-GCACCTGTCTGG	14.345303	-17.613507	0	T:4.0(2.33%),B:4.8(0.01%),P:1e-7	Tpos:615.0,Tstd:204.1,Bpos:362.1,Bstd:178.9,StrandBias:-1.6,Multiplicity:1.00
0.001	0.001	0.997	0.001
0.001	0.997	0.001	0.001
0.766	0.001	0.001	0.232
0.001	0.997	0.001	0.001
0.001	0.997	0.001	0.001
0.001	0.202	0.001	0.796
0.001	0.001	0.997	0.001
0.001	0.001	0.001	0.997
0.001	0.796	0.202	0.001
0.001	0.001	0.001	0.997
0.001	0.001	0.997	0.001
0.156	0.001	0.842	0.001
>TTCTTTTTCTGT	17-TTCTTTTTCTGT	13.374579	-16.926972	0	T:14.0(8.14%),B:491.0(1.23%),P:1e-7	Tpos:426.7,Tstd:240.6,Bpos:538.1,Bstd:312.4,StrandBias:0.2,Multiplicity:1.07
0.001	0.001	0.001	0.997
0.001	0.001	0.001	0.997
0.001	0.997	0.001	0.001
0.001	0.001	0.084	0.914
0.001	0.001	0.086	0.912
0.001	0.001	0.001	0.997
0.001	0.001	0.001	0.997
0.108	0.001	0.130	0.761
0.001	0.997	0.001	0.001
0.090	0.001	0.001	0.908
0.001	0.068	0.930	0.001
0.001	0.001	0.001	0.997
>AAAAGTTTCAAT	18-AAAAGTTTCAAT	13.666064	-16.389615	0	T:11.0(6.40%),B:287.8(0.72%),P:1e-7	Tpos:522.8,Tstd:190.0,Bpos:469.0,Bstd:269.0,StrandBias:1.4,Multiplicity:1.00
0.917	0.001	0.001	0.081
0.893	0.001	0.001	0.105
0.997	0.001	0.001	0.001
0.997	0.001	0.001	0.001
0.001	0.001	0.997	0.001
0.001	0.115	0.001	0.883
0.001	0.001	0.101	0.897
0.001	0.001	0.001	0.997
0.001	0.997	0.001	0.001
0.997	0.001	0.001	0.001
0.997	0.001	0.001	0.001
0.001	0.083	0.001	0.915
>TCCCTTCTCTTG	19-TCCCTTCTCTTG	12.355432	-14.081406	0	T:3.0(1.74%),B:2.1(0.01%),P:1e-6	Tpos:832.7,Tstd:86.3,Bpos:522.5,Bstd:167.9,StrandBias:10.0,Multiplicity:1.00
0.100	0.100	0.100	0.700
0.100	0.700	0.100	0.100
0.100	0.700	0.100	0.100
0.100	0.700	0.100	0.100
0.100	0.100	0.100	0.700
0.100	0.100	0.100	0.700
0.100	0.700	0.100	0.100
0.100	0.100	0.100	0.700
0.100	0.700	0.100	0.100
0.100	0.100	0.100	0.700
0.100	0.100	0.100	0.700
0.100	0.100	0.700	0.100
>TTTBATCAAWTT	20-TTTBATCAAWTT	10.422914	-13.798899	0	T:47.0(27.33%),B:5340.5(13.35%),P:1e-5	Tpos:447.3,Tstd:270.3,Bpos:515.6,Bstd:306.8,StrandBias:0.3,Multiplicity:1.22
0.110	0.001	0.001	0.888
0.001	0.001	0.001	0.997
0.049	0.046	0.001	0.904
0.045	0.309	0.294	0.352
0.620	0.338	0.006	0.036
0.063	0.081	0.220	0.636
0.096	0.816	0.057	0.031
0.754	0.092	0.117	0.037
0.720	0.248	0.001	0.031
0.452	0.001	0.001	0.546
0.083	0.001	0.084	0.832
0.001	0.001	0.130	0.868
>GTCAGTGCAACM	21-GTCAGTGCAACM	13.235932	-12.644495	0	T:4.0(2.33%),B:20.4(0.05%),P:1e-5	Tpos:552.3,Tstd:231.8,Bpos:389.4,Bstd:325.2,StrandBias:2.3,Multiplicity:1.50
0.001	0.001	0.814	0.184
0.001	0.001	0.001	0.997
0.001	0.997	0.001	0.001
0.753	0.001	0.001	0.245
0.001	0.001	0.997	0.001
0.001	0.001	0.001	0.997
0.184	0.001	0.608	0.207
0.001	0.997	0.001	0.001
0.997	0.001	0.001	0.001
0.692	0.306	0.001	0.001
0.009	0.971	0.012	0.008
0.452	0.307	0.001	0.240
>GTKTATACACTT	22-GTKTATACACTT	13.107960	-11.241496	0	T:5.0(2.91%),B:65.5(0.16%),P:1e-4	Tpos:297.2,Tstd:232.6,Bpos:493.5,Bstd:299.1,StrandBias:-0.7,Multiplicity:1.20
0.001	0.001	0.997	0.001
0.001	0.001	0.001	0.997
0.001	0.167	0.435	0.397
0.001	0.001	0.001	0.997
0.856	0.001	0.142	0.001
0.001	0.001	0.001	0.997
0.832	0.166	0.001	0.001
0.001	0.997	0.001	0.001
0.997	0.001	0.001	0.001
0.253	0.745	0.001	0.001
0.001	0.001	0.001	0.997
0.001	0.001	0.001	0.997
>AGTAGGCTGCCT	23-AGTAGGCTGCCT	8.414716	-10.101952	0	T:7.0(4.07%),B:207.6(0.52%),P:1e-4	Tpos:553.5,Tstd:150.4,Bpos:457.3,Bstd:302.7,StrandBias:-1.6,Multiplicity:1.71
0.769	0.001	0.001	0.229
0.001	0.001	0.997	0.001
0.001	0.001	0.001	0.997
0.733	0.001	0.265	0.001
0.001	0.001	0.997	0.001
0.297	0.001	0.701	0.001
0.001	0.732	0.001	0.266
0.001	0.001	0.001	0.997
0.001	0.001	0.769	0.229
0.001	0.769	0.229	0.001
0.001	0.963	0.001	0.035
0.001	0.001	0.001	0.997
>CTCATGGTGCAT	24-CTCATGGTGCAT	15.096197	-9.208437	0	T:4.0(2.33%),B:52.2(0.13%),P:1e-3	Tpos:513.4,Tstd:307.8,Bpos:448.5,Bstd:347.9,StrandBias:-2.0,Multiplicity:1.25
0.080	0.918	0.001	0.001
0.389	0.001	0.001	0.609
0.001	0.997	0.001	0.001
0.997	0.001	0.001	0.001
0.001	0.223	0.001	0.775
0.001	0.001	0.997	0.001
0.204	0.001	0.794	0.001
0.001	0.001	0.001	0.997
0.001	0.001	0.997	0.001
0.001	0.997	0.001	0.001
0.997	0.001	0.001	0.001
0.001	0.001	0.001	0.997
>GGGGCGCCCCCG	25-GGGGCGCCCCCG	16.102801	-3.852482	0	T:1.0(0.58%),B:4.3(0.01%),P:1e-1	Tpos:678.0,Tstd:0.0,Bpos:469.6,Bstd:332.3,StrandBias:10.0,Multiplicity:1.00
0.001	0.001	0.997	0.001
0.001	0.001	0.997	0.001
0.001	0.001	0.997	0.001
0.075	0.001	0.923	0.001
0.001	0.997	0.001	0.001
0.001	0.001	0.997	0.001
0.001	0.926	0.001	0.072
0.001	0.997	0.001	0.001
0.001	0.997	0.001	0.001
0.001	0.997	0.001	0.001
0.001	0.875	0.001	0.123
0.001	0.172	0.804	0.023
