>TGACTGCGCG	1-TGACTGCGCG	10.429704	-24.731692	0	T:11.0(6.40%),B:124.3(0.31%),P:1e-10	Tpos:569.6,Tstd:271.1,Bpos:516.5,Bstd:328.4,StrandBias:0.8,Multiplicity:1.00
0.001	0.001	0.120	0.878
0.094	0.083	0.822	0.001
0.810	0.001	0.001	0.188
0.053	0.868	0.001	0.078
0.102	0.091	0.001	0.806
0.109	0.001	0.889	0.001
0.001	0.997	0.001	0.001
0.001	0.001	0.997	0.001
0.001	0.997	0.001	0.001
0.001	0.001	0.997	0.001
>GGGGTTCGCT	2-GGGGTTCGCT	10.760653	-21.048787	0	T:8.0(4.65%),B:62.2(0.16%),P:1e-9	Tpos:619.2,Tstd:264.1,Bpos:506.4,Bstd:271.1,StrandBias:-1.6,Multiplicity:1.00
0.001	0.001	0.997	0.001
0.153	0.001	0.727	0.119
0.001	0.001	0.892	0.106
0.001	0.001	0.918	0.080
0.001	0.001	0.001	0.997
0.001	0.001	0.001	0.997
0.001	0.997	0.001	0.001
0.141	0.001	0.778	0.080
0.001	0.997	0.001	0.001
0.001	0.169	0.001	0.829
>TTGACCTTGA	3-TTGACCTTGA	7.349740	-19.941850	0	T:65.0(37.79%),B:7366.9(18.42%),P:1e-8	Tpos:546.3,Tstd:301.9,Bpos:496.5,Bstd:317.6,StrandBias:0.7,Multiplicity:1.15
0.044	0.075	0.065	0.816
0.039	0.072	0.057	0.832
0.061	0.087	0.792	0.060
0.855	0.001	0.028	0.116
0.107	0.697	0.090	0.106
0.017	0.913	0.037	0.033
0.090	0.035	0.054	0.821
0.048	0.039	0.064	0.849
0.109	0.149	0.635	0.107
0.801	0.056	0.068	0.075
>ACGTTCACAC	4-ACGTTCACAC	10.135652	-19.676707	0	T:13.0(7.56%),B:324.3(0.81%),P:1e-8	Tpos:603.6,Tstd:259.3,Bpos:514.1,Bstd:334.9,StrandBias:0.7,Multiplicity:1.00
0.997	0.001	0.001	0.001
0.036	0.857	0.068	0.039
0.001	0.001	0.966	0.032
0.067	0.068	0.001	0.864
0.072	0.001	0.188	0.739
0.001	0.997	0.001	0.001
0.936	0.001	0.001	0.062
0.001	0.913	0.001	0.085
0.914	0.001	0.001	0.084
0.040	0.885	0.074	0.001
>TGATAAGATA	5-TGATAAGATA	9.697366	-19.607302	0	T:33.0(19.19%),B:2389.4(5.97%),P:1e-8	Tpos:601.8,Tstd:316.5,Bpos:538.0,Bstd:324.2,StrandBias:-1.3,Multiplicity:1.15
0.123	0.001	0.001	0.875
0.001	0.001	0.997	0.001
0.943	0.001	0.055	0.001
0.101	0.038	0.001	0.860
0.917	0.048	0.034	0.001
0.997	0.001	0.001	0.001
0.027	0.026	0.946	0.001
0.965	0.001	0.001	0.033
0.145	0.080	0.122	0.653
0.911	0.087	0.001	0.001
>AAGAGACGCA	6-AAGAGACGCA	7.396324	-19.508103	0	T:58.0(33.72%),B:6217.2(15.54%),P:1e-8	Tpos:535.8,Tstd:269.7,Bpos:551.4,Bstd:333.5,StrandBias:-0.9,Multiplicity:1.26
0.805	0.050	0.076	0.069
0.815	0.044	0.073	0.068
0.075	0.048	0.818	0.059
0.875	0.050	0.001	0.074
0.093	0.048	0.781	0.078
0.797	0.081	0.105	0.017
0.049	0.762	0.121	0.068
0.104	0.125	0.701	0.070
0.048	0.817	0.117	0.018
0.837	0.045	0.031	0.087
>CCTTATAATC	7-CCTTATAATC	9.264803	-18.532744	0	T:18.0(10.47%),B:765.7(1.91%),P:1e-8	Tpos:475.2,Tstd:312.7,Bpos:506.6,Bstd:339.5,StrandBias:-0.2,Multiplicity:1.06
0.002	0.991	0.006	0.001
0.047	0.661	0.290	0.002
0.001	0.100	0.001	0.898
0.062	0.001	0.001	0.936
0.753	0.245	0.001	0.001
0.003	0.089	0.001	0.907
0.739	0.257	0.003	0.001
0.809	0.070	0.120	0.001
0.154	0.001	0.247	0.598
0.144	0.663	0.190	0.003
>GTGGGAGGAG	8-GTGGGAGGAG	6.644221	-18.277354	0	T:86.0(50.00%),B:11742.4(29.36%),P:1e-7	Tpos:546.6,Tstd:296.8,Bpos:552.3,Bstd:345.2,StrandBias:-1.7,Multiplicity:1.41
0.094	0.046	0.832	0.028
0.095	0.042	0.098	0.765
0.066	0.052	0.779	0.103
0.053	0.080	0.778	0.089
0.086	0.036	0.811	0.067
0.819	0.056	0.080	0.045
0.054	0.032	0.837	0.077
0.094	0.023	0.772	0.111
0.822	0.045	0.077	0.056
0.055	0.035	0.792	0.118
>GGACGTGGGG	9-GGACGTGGGG	10.251123	-17.658921	0	T:10.0(5.81%),B:194.0(0.49%),P:1e-7	Tpos:722.7,Tstd:193.9,Bpos:503.7,Bstd:352.3,StrandBias:-1.6,Multiplicity:1.60
0.001	0.001	0.927	0.071
0.001	0.001	0.997	0.001
0.997	0.001	0.001	0.001
0.001	0.958	0.040	0.001
0.090	0.001	0.908	0.001
0.145	0.001	0.247	0.607
0.001	0.098	0.900	0.001
0.001	0.001	0.997	0.001
0.126	0.001	0.810	0.063
0.001	0.001	0.997	0.001
>AGTASACGAG	10-AGTASACGAG	8.282091	-16.996005	0	T:22.0(12.79%),B:1271.5(3.18%),P:1e-7	Tpos:479.3,Tstd:319.6,Bpos:511.9,Bstd:330.1,StrandBias:-0.5,Multiplicity:1.05
0.789	0.138	0.037	0.036
0.257	0.031	0.677	0.035
0.206	0.207	0.015	0.572
0.636	0.285	0.068	0.011
0.010	0.397	0.531	0.062
0.812	0.048	0.100	0.040
0.210	0.480	0.001	0.309
0.216	0.026	0.720	0.038
0.776	0.043	0.094	0.087
0.329	0.030	0.620	0.021
>AAAGACCGAC	11-AAAGACCGAC	10.209167	-16.334054	0	T:14.0(8.14%),B:516.7(1.29%),P:1e-7	Tpos:464.8,Tstd:311.8,Bpos:513.3,Bstd:347.4,StrandBias:-1.3,Multiplicity:1.00
0.997	0.001	0.001	0.001
0.997	0.001	0.001	0.001
0.997	0.001	0.001	0.001
0.062	0.001	0.872	0.065
0.997	0.001	0.001	0.001
0.060	0.859	0.080	0.001
0.153	0.595	0.086	0.166
0.078	0.001	0.920	0.001
0.997	0.001	0.001	0.001
0.065	0.860	0.001	0.074
>GATTTAATAT	12-GATTTAATAT	10.543608	-16.214596	0	T:28.0(16.28%),B:2074.0(5.18%),P:1e-7	Tpos:516.3,Tstd:289.6,Bpos:500.0,Bstd:300.7,StrandBias:-0.1,Multiplicity:1.11
0.153	0.156	0.620	0.071
0.929	0.001	0.001	0.069
0.259	0.001	0.001	0.739
0.001	0.001	0.001	0.997
0.132	0.001	0.001	0.866
0.870	0.001	0.027	0.102
0.997	0.001	0.001	0.001
0.001	0.001	0.001	0.997
0.997	0.001	0.001	0.001
0.001	0.001	0.001	0.997
>TATTTTATTG	13-TATTTTATTG	10.358572	-14.454964	0	T:31.0(18.02%),B:2688.2(6.72%),P:1e-6	Tpos:618.2,Tstd:251.4,Bpos:493.4,Bstd:295.6,StrandBias:1.4,Multiplicity:1.19
0.209	0.001	0.001	0.789
0.997	0.001	0.001	0.001
0.001	0.001	0.001	0.997
0.056	0.001	0.046	0.897
0.001	0.001	0.001	0.997
0.001	0.001	0.001	0.997
0.997	0.001	0.001	0.001
0.001	0.001	0.001	0.997
0.001	0.001	0.001	0.997
0.152	0.001	0.846	0.001
>CTTATTCTCT	14-CTTATTCTCT	7.417510	-14.113228	0	T:71.0(41.28%),B:9719.8(24.30%),P:1e-6	Tpos:557.1,Tstd:288.7,Bpos:544.7,Bstd:332.1,StrandBias:1.5,Multiplicity:1.36
0.055	0.778	0.122	0.045
0.025	0.037	0.073	0.865
0.100	0.071	0.098	0.731
0.721	0.065	0.080	0.134
0.061	0.058	0.025	0.856
0.114	0.056	0.042	0.788
0.034	0.868	0.049	0.049
0.051	0.051	0.037	0.861
0.076	0.762	0.103	0.059
0.062	0.056	0.105	0.777
>AGTAGGCTGC	15-AGTAGGCTGC	7.704863	-13.465846	0	T:27.0(15.70%),B:2241.7(5.60%),P:1e-5	Tpos:477.1,Tstd:282.3,Bpos:511.0,Bstd:319.4,StrandBias:-1.0,Multiplicity:1.33
0.846	0.001	0.041	0.112
0.001	0.001	0.997	0.001
0.151	0.036	0.001	0.812
0.787	0.030	0.001	0.182
0.138	0.001	0.860	0.001
0.051	0.001	0.868	0.080
0.168	0.666	0.108	0.058
0.029	0.001	0.032	0.938
0.152	0.094	0.751	0.003
0.050	0.601	0.207	0.142
>GTGTCAGGTG	16-GTGTCAGGTG	10.153070	-12.098382	0	T:14.0(8.14%),B:745.6(1.86%),P:1e-5	Tpos:590.0,Tstd:227.2,Bpos:507.8,Bstd:324.5,StrandBias:0.7,Multiplicity:1.14
0.001	0.001	0.676	0.322
0.001	0.001	0.001	0.997
0.001	0.177	0.754	0.068
0.001	0.015	0.001	0.983
0.091	0.907	0.001	0.001
0.754	0.177	0.001	0.068
0.269	0.089	0.550	0.092
0.268	0.001	0.455	0.276
0.001	0.001	0.001	0.997
0.001	0.001	0.997	0.001
>GGTCAGTGCA	17-GGTCAGTGCA	9.690277	-11.498935	0	T:12.0(6.98%),B:578.6(1.45%),P:1e-4	Tpos:512.6,Tstd:221.4,Bpos:487.5,Bstd:318.8,StrandBias:0.7,Multiplicity:1.50
0.001	0.001	0.695	0.303
0.057	0.001	0.941	0.001
0.001	0.001	0.001	0.997
0.001	0.901	0.001	0.097
0.909	0.001	0.001	0.089
0.001	0.075	0.857	0.067
0.071	0.001	0.001	0.927
0.001	0.001	0.951	0.047
0.060	0.938	0.001	0.001
0.954	0.044	0.001	0.001
>GGTGCACCGT	18-GGTGCACCGT	8.252071	-9.836899	0	T:20.0(11.63%),B:1704.5(4.26%),P:1e-4	Tpos:507.8,Tstd:261.5,Bpos:501.5,Bstd:314.7,StrandBias:-0.2,Multiplicity:1.50
0.131	0.001	0.837	0.031
0.208	0.001	0.790	0.001
0.182	0.001	0.001	0.816
0.001	0.001	0.997	0.001
0.001	0.997	0.001	0.001
0.870	0.127	0.001	0.002
0.191	0.593	0.001	0.215
0.043	0.909	0.001	0.047
0.156	0.001	0.680	0.163
0.117	0.189	0.175	0.519
