>TGACTGCGCG	1-TGACTGCGCG	10.429704	-24.731692	0	T:11.0(6.40%),B:124.3(0.31%),P:1e-10	Tpos:569.6,Tstd:271.1,Bpos:516.5,Bstd:328.4,StrandBias:0.8,Multiplicity:1.00
0.001	0.001	0.120	0.878
0.094	0.083	0.822	0.001
0.810	0.001	0.001	0.188
0.053	0.868	0.001	0.078
0.102	0.091	0.001	0.806
0.109	0.001	0.889	0.001
0.001	0.997	0.001	0.001
0.001	0.001	0.997	0.001
0.001	0.997	0.001	0.001
0.001	0.001	0.997	0.001
>GGGGTTCGCT	2-GGGGTTCGCT	10.760653	-21.048787	0	T:8.0(4.65%),B:62.2(0.16%),P:1e-9	Tpos:619.2,Tstd:264.1,Bpos:506.4,Bstd:271.1,StrandBias:-1.6,Multiplicity:1.00
0.001	0.001	0.997	0.001
0.153	0.001	0.727	0.119
0.001	0.001	0.892	0.106
0.001	0.001	0.918	0.080
0.001	0.001	0.001	0.997
0.001	0.001	0.001	0.997
0.001	0.997	0.001	0.001
0.141	0.001	0.778	0.080
0.001	0.997	0.001	0.001
0.001	0.169	0.001	0.829
>TTGACCTTGA	3-TTGACCTTGA	7.349740	-19.941850	0	T:65.0(37.79%),B:7366.9(18.42%),P:1e-8	Tpos:546.3,Tstd:301.9,Bpos:496.5,Bstd:317.6,StrandBias:0.7,Multiplicity:1.15
0.044	0.075	0.065	0.816
0.039	0.072	0.057	0.832
0.061	0.087	0.792	0.060
0.855	0.001	0.028	0.116
0.107	0.697	0.090	0.106
0.017	0.913	0.037	0.033
0.090	0.035	0.054	0.821
0.048	0.039	0.064	0.849
0.109	0.149	0.635	0.107
0.801	0.056	0.068	0.075
>ACGTTCACAC	4-ACGTTCACAC	10.135652	-19.676707	0	T:13.0(7.56%),B:324.3(0.81%),P:1e-8	Tpos:603.6,Tstd:259.3,Bpos:514.1,Bstd:334.9,StrandBias:0.7,Multiplicity:1.00
0.997	0.001	0.001	0.001
0.036	0.857	0.068	0.039
0.001	0.001	0.966	0.032
0.067	0.068	0.001	0.864
0.072	0.001	0.188	0.739
0.001	0.997	0.001	0.001
0.936	0.001	0.001	0.062
0.001	0.913	0.001	0.085
0.914	0.001	0.001	0.084
0.040	0.885	0.074	0.001
>TGATAAGATA	5-TGATAAGATA	9.697366	-19.607302	0	T:33.0(19.19%),B:2389.4(5.97%),P:1e-8	Tpos:601.8,Tstd:316.5,Bpos:538.0,Bstd:324.2,StrandBias:-1.3,Multiplicity:1.15
0.123	0.001	0.001	0.875
0.001	0.001	0.997	0.001
0.943	0.001	0.055	0.001
0.101	0.038	0.001	0.860
0.917	0.048	0.034	0.001
0.997	0.001	0.001	0.001
0.027	0.026	0.946	0.001
0.965	0.001	0.001	0.033
0.145	0.080	0.122	0.653
0.911	0.087	0.001	0.001
>AAGAGACGCA	6-AAGAGACGCA	7.396324	-19.508103	0	T:58.0(33.72%),B:6217.2(15.54%),P:1e-8	Tpos:535.8,Tstd:269.7,Bpos:551.4,Bstd:333.5,StrandBias:-0.9,Multiplicity:1.26
0.805	0.050	0.076	0.069
0.815	0.044	0.073	0.068
0.075	0.048	0.818	0.059
0.875	0.050	0.001	0.074
0.093	0.048	0.781	0.078
0.797	0.081	0.105	0.017
0.049	0.762	0.121	0.068
0.104	0.125	0.701	0.070
0.048	0.817	0.117	0.018
0.837	0.045	0.031	0.087
>CCTTATAATC	7-CCTTATAATC	9.264803	-18.532744	0	T:18.0(10.47%),B:765.7(1.91%),P:1e-8	Tpos:475.2,Tstd:312.7,Bpos:506.6,Bstd:339.5,StrandBias:-0.2,Multiplicity:1.06
0.002	0.991	0.006	0.001
0.047	0.661	0.290	0.002
0.001	0.100	0.001	0.898
0.062	0.001	0.001	0.936
0.753	0.245	0.001	0.001
0.003	0.089	0.001	0.907
0.739	0.257	0.003	0.001
0.809	0.070	0.120	0.001
0.154	0.001	0.247	0.598
0.144	0.663	0.190	0.003
>GTGGGAGGAG	8-GTGGGAGGAG	6.644221	-18.277354	0	T:86.0(50.00%),B:11742.4(29.36%),P:1e-7	Tpos:546.6,Tstd:296.8,Bpos:552.3,Bstd:345.2,StrandBias:-1.7,Multiplicity:1.41
0.094	0.046	0.832	0.028
0.095	0.042	0.098	0.765
0.066	0.052	0.779	0.103
0.053	0.080	0.778	0.089
0.086	0.036	0.811	0.067
0.819	0.056	0.080	0.045
0.054	0.032	0.837	0.077
0.094	0.023	0.772	0.111
0.822	0.045	0.077	0.056
0.055	0.035	0.792	0.118
>GGACGTGGGG	9-GGACGTGGGG	10.251123	-17.658921	0	T:10.0(5.81%),B:194.0(0.49%),P:1e-7	Tpos:722.7,Tstd:193.9,Bpos:503.7,Bstd:352.3,StrandBias:-1.6,Multiplicity:1.60
0.001	0.001	0.927	0.071
0.001	0.001	0.997	0.001
0.997	0.001	0.001	0.001
0.001	0.958	0.040	0.001
0.090	0.001	0.908	0.001
0.145	0.001	0.247	0.607
0.001	0.098	0.900	0.001
0.001	0.001	0.997	0.001
0.126	0.001	0.810	0.063
0.001	0.001	0.997	0.001
>AGTASACGAG	10-AGTASACGAG	8.282091	-16.996005	0	T:22.0(12.79%),B:1271.5(3.18%),P:1e-7	Tpos:479.3,Tstd:319.6,Bpos:511.9,Bstd:330.1,StrandBias:-0.5,Multiplicity:1.05
0.789	0.138	0.037	0.036
0.257	0.031	0.677	0.035
0.206	0.207	0.015	0.572
0.636	0.285	0.068	0.011
0.010	0.397	0.531	0.062
0.812	0.048	0.100	0.040
0.210	0.480	0.001	0.309
0.216	0.026	0.720	0.038
0.776	0.043	0.094	0.087
0.329	0.030	0.620	0.021
>AAAGACCGAC	11-AAAGACCGAC	10.209167	-16.334054	0	T:14.0(8.14%),B:516.7(1.29%),P:1e-7	Tpos:464.8,Tstd:311.8,Bpos:513.3,Bstd:347.4,StrandBias:-1.3,Multiplicity:1.00
0.997	0.001	0.001	0.001
0.997	0.001	0.001	0.001
0.997	0.001	0.001	0.001
0.062	0.001	0.872	0.065
0.997	0.001	0.001	0.001
0.060	0.859	0.080	0.001
0.153	0.595	0.086	0.166
0.078	0.001	0.920	0.001
0.997	0.001	0.001	0.001
0.065	0.860	0.001	0.074
>GATTTAATAT	12-GATTTAATAT	10.543608	-16.214596	0	T:28.0(16.28%),B:2074.0(5.18%),P:1e-7	Tpos:516.3,Tstd:289.6,Bpos:500.0,Bstd:300.7,StrandBias:-0.1,Multiplicity:1.11
0.153	0.156	0.620	0.071
0.929	0.001	0.001	0.069
0.259	0.001	0.001	0.739
0.001	0.001	0.001	0.997
0.132	0.001	0.001	0.866
0.870	0.001	0.027	0.102
0.997	0.001	0.001	0.001
0.001	0.001	0.001	0.997
0.997	0.001	0.001	0.001
0.001	0.001	0.001	0.997
>TATTTTATTG	13-TATTTTATTG	10.358572	-14.454964	0	T:31.0(18.02%),B:2688.2(6.72%),P:1e-6	Tpos:618.2,Tstd:251.4,Bpos:493.4,Bstd:295.6,StrandBias:1.4,Multiplicity:1.19
0.209	0.001	0.001	0.789
0.997	0.001	0.001	0.001
0.001	0.001	0.001	0.997
0.056	0.001	0.046	0.897
0.001	0.001	0.001	0.997
0.001	0.001	0.001	0.997
0.997	0.001	0.001	0.001
0.001	0.001	0.001	0.997
0.001	0.001	0.001	0.997
0.152	0.001	0.846	0.001
>CTTATTCTCT	14-CTTATTCTCT	7.417510	-14.113228	0	T:71.0(41.28%),B:9719.8(24.30%),P:1e-6	Tpos:557.1,Tstd:288.7,Bpos:544.7,Bstd:332.1,StrandBias:1.5,Multiplicity:1.36
0.055	0.778	0.122	0.045
0.025	0.037	0.073	0.865
0.100	0.071	0.098	0.731
0.721	0.065	0.080	0.134
0.061	0.058	0.025	0.856
0.114	0.056	0.042	0.788
0.034	0.868	0.049	0.049
0.051	0.051	0.037	0.861
0.076	0.762	0.103	0.059
0.062	0.056	0.105	0.777
>AGTAGGCTGC	15-AGTAGGCTGC	7.704863	-13.465846	0	T:27.0(15.70%),B:2241.7(5.60%),P:1e-5	Tpos:477.1,Tstd:282.3,Bpos:511.0,Bstd:319.4,StrandBias:-1.0,Multiplicity:1.33
0.846	0.001	0.041	0.112
0.001	0.001	0.997	0.001
0.151	0.036	0.001	0.812
0.787	0.030	0.001	0.182
0.138	0.001	0.860	0.001
0.051	0.001	0.868	0.080
0.168	0.666	0.108	0.058
0.029	0.001	0.032	0.938
0.152	0.094	0.751	0.003
0.050	0.601	0.207	0.142
>GTGTCAGGTG	16-GTGTCAGGTG	10.153070	-12.098382	0	T:14.0(8.14%),B:745.6(1.86%),P:1e-5	Tpos:590.0,Tstd:227.2,Bpos:507.8,Bstd:324.5,StrandBias:0.7,Multiplicity:1.14
0.001	0.001	0.676	0.322
0.001	0.001	0.001	0.997
0.001	0.177	0.754	0.068
0.001	0.015	0.001	0.983
0.091	0.907	0.001	0.001
0.754	0.177	0.001	0.068
0.269	0.089	0.550	0.092
0.268	0.001	0.455	0.276
0.001	0.001	0.001	0.997
0.001	0.001	0.997	0.001
>GGTCAGTGCA	17-GGTCAGTGCA	9.690277	-11.498935	0	T:12.0(6.98%),B:578.6(1.45%),P:1e-4	Tpos:512.6,Tstd:221.4,Bpos:487.5,Bstd:318.8,StrandBias:0.7,Multiplicity:1.50
0.001	0.001	0.695	0.303
0.057	0.001	0.941	0.001
0.001	0.001	0.001	0.997
0.001	0.901	0.001	0.097
0.909	0.001	0.001	0.089
0.001	0.075	0.857	0.067
0.071	0.001	0.001	0.927
0.001	0.001	0.951	0.047
0.060	0.938	0.001	0.001
0.954	0.044	0.001	0.001
>GGTGCACCGT	18-GGTGCACCGT	8.252071	-9.836899	0	T:20.0(11.63%),B:1704.5(4.26%),P:1e-4	Tpos:507.8,Tstd:261.5,Bpos:501.5,Bstd:314.7,StrandBias:-0.2,Multiplicity:1.50
0.131	0.001	0.837	0.031
0.208	0.001	0.790	0.001
0.182	0.001	0.001	0.816
0.001	0.001	0.997	0.001
0.001	0.997	0.001	0.001
0.870	0.127	0.001	0.002
0.191	0.593	0.001	0.215
0.043	0.909	0.001	0.047
0.156	0.001	0.680	0.163
0.117	0.189	0.175	0.519
>TATATCTTATCT	1-TATATCTTATCT	13.526715	-26.303186	0	T:10.0(5.81%),B:75.8(0.19%),P:1e-11	Tpos:498.1,Tstd:326.2,Bpos:495.4,Bstd:295.4,StrandBias:0.6,Multiplicity:1.00
0.001	0.001	0.132	0.866
0.933	0.001	0.001	0.065
0.001	0.001	0.163	0.835
0.997	0.001	0.001	0.001
0.001	0.001	0.001	0.997
0.109	0.731	0.001	0.159
0.001	0.001	0.001	0.997
0.001	0.105	0.001	0.893
0.997	0.001	0.001	0.001
0.001	0.001	0.001	0.997
0.001	0.997	0.001	0.001
0.120	0.001	0.001	0.878
>AAGAAGACGCGG	2-AAGAAGACGCGG	13.153766	-25.832339	0	T:10.0(5.81%),B:79.9(0.20%),P:1e-11	Tpos:563.2,Tstd:233.5,Bpos:485.0,Bstd:329.0,StrandBias:-1.2,Multiplicity:1.00
0.997	0.001	0.001	0.001
0.850	0.148	0.001	0.001
0.001	0.001	0.997	0.001
0.997	0.001	0.001	0.001
0.872	0.001	0.126	0.001
0.001	0.001	0.997	0.001
0.997	0.001	0.001	0.001
0.077	0.921	0.001	0.001
0.105	0.001	0.893	0.001
0.127	0.688	0.102	0.083
0.001	0.001	0.893	0.105
0.001	0.001	0.997	0.001
>GCCCCCCGTCCC	3-GCCCCCCGTCCC	10.792436	-24.852220	0	T:10.0(5.81%),B:88.1(0.22%),P:1e-10	Tpos:606.4,Tstd:294.2,Bpos:473.0,Bstd:390.8,StrandBias:1.1,Multiplicity:1.60
0.210	0.001	0.788	0.001
0.001	0.882	0.001	0.116
0.001	0.997	0.001	0.001
0.129	0.869	0.001	0.001
0.243	0.755	0.001	0.001
0.001	0.751	0.001	0.247
0.001	0.997	0.001	0.001
0.001	0.129	0.869	0.001
0.001	0.133	0.001	0.865
0.097	0.772	0.130	0.001
0.260	0.738	0.001	0.001
0.130	0.735	0.134	0.001
>GAGACAAATAAA	4-GAGACAAATAAA	11.005829	-23.455564	0	T:20.0(11.63%),B:713.6(1.78%),P:1e-10	Tpos:593.5,Tstd:288.1,Bpos:540.1,Bstd:318.2,StrandBias:-1.0,Multiplicity:1.05
0.285	0.200	0.511	0.004
0.941	0.001	0.057	0.001
0.001	0.001	0.957	0.041
0.818	0.001	0.058	0.123
0.001	0.629	0.090	0.280
0.866	0.001	0.132	0.001
0.634	0.148	0.079	0.139
0.794	0.204	0.001	0.001
0.002	0.210	0.001	0.787
0.783	0.215	0.001	0.001
0.884	0.001	0.068	0.047
0.996	0.001	0.002	0.001
>ATACGGTCACTC	5-ATACGGTCACTC	14.010797	-23.423730	0	T:6.0(3.49%),B:11.3(0.03%),P:1e-10	Tpos:382.0,Tstd:202.8,Bpos:487.4,Bstd:277.9,StrandBias:0.0,Multiplicity:1.00
0.997	0.001	0.001	0.001
0.001	0.001	0.001	0.997
0.844	0.001	0.154	0.001
0.001	0.997	0.001	0.001
0.001	0.001	0.997	0.001
0.001	0.001	0.769	0.229
0.001	0.001	0.001	0.997
0.001	0.769	0.229	0.001
0.997	0.001	0.001	0.001
0.001	0.815	0.001	0.183
0.001	0.001	0.001	0.997
0.001	0.997	0.001	0.001
>ATTATATTTTTG	6-ATTATATTTTTG	11.627536	-22.873110	0	T:22.0(12.79%),B:914.3(2.29%),P:1e-9	Tpos:480.9,Tstd:320.0,Bpos:495.4,Bstd:301.7,StrandBias:-0.8,Multiplicity:1.00
0.831	0.078	0.090	0.001
0.001	0.001	0.001	0.997
0.001	0.067	0.072	0.860
0.808	0.001	0.066	0.125
0.001	0.067	0.001	0.931
0.997	0.001	0.001	0.001
0.068	0.001	0.001	0.930
0.093	0.001	0.114	0.792
0.096	0.001	0.001	0.902
0.110	0.001	0.001	0.888
0.001	0.001	0.001	0.997
0.043	0.001	0.955	0.001
>ATCAATAAAATA	7-ATCAATAAAATA	12.449813	-22.279321	0	T:20.0(11.63%),B:764.4(1.91%),P:1e-9	Tpos:678.6,Tstd:173.5,Bpos:511.7,Bstd:291.5,StrandBias:-1.2,Multiplicity:1.15
0.820	0.062	0.001	0.117
0.034	0.064	0.059	0.843
0.001	0.854	0.039	0.106
0.997	0.001	0.001	0.001
0.931	0.001	0.067	0.001
0.001	0.054	0.001	0.944
0.929	0.001	0.001	0.069
0.997	0.001	0.001	0.001
0.997	0.001	0.001	0.001
0.997	0.001	0.001	0.001
0.001	0.039	0.001	0.959
0.819	0.001	0.001	0.179
>TGGAGTRGTGAA	8-TGGAGTRGTGAA	11.625411	-22.177520	0	T:10.0(5.81%),B:118.8(0.30%),P:1e-9	Tpos:439.4,Tstd:244.8,Bpos:489.6,Bstd:317.1,StrandBias:-1.2,Multiplicity:1.00
0.001	0.001	0.001	0.997
0.001	0.001	0.804	0.194
0.001	0.001	0.997	0.001
0.581	0.001	0.417	0.001
0.001	0.001	0.821	0.177
0.001	0.001	0.001	0.997
0.242	0.195	0.384	0.179
0.001	0.001	0.997	0.001
0.001	0.001	0.001	0.997
0.389	0.001	0.609	0.001
0.997	0.001	0.001	0.001
0.618	0.203	0.178	0.001
>GAGCACGAGACG	9-GAGCACGAGACG	13.477455	-21.312399	0	T:7.0(4.07%),B:35.4(0.09%),P:1e-9	Tpos:668.4,Tstd:190.6,Bpos:512.7,Bstd:356.3,StrandBias:0.4,Multiplicity:1.00
0.001	0.001	0.997	0.001
0.997	0.001	0.001	0.001
0.001	0.001	0.997	0.001
0.123	0.583	0.128	0.166
0.997	0.001	0.001	0.001
0.110	0.888	0.001	0.001
0.001	0.001	0.997	0.001
0.681	0.152	0.001	0.166
0.001	0.001	0.997	0.001
0.997	0.001	0.001	0.001
0.001	0.997	0.001	0.001
0.001	0.001	0.997	0.001
>CTACGAGTTTAC	10-CTACGAGTTTAC	13.948805	-20.046938	0	T:6.0(3.49%),B:22.8(0.06%),P:1e-8	Tpos:641.0,Tstd:230.0,Bpos:444.4,Bstd:257.6,StrandBias:0.0,Multiplicity:1.00
0.001	0.997	0.001	0.001
0.001	0.001	0.001	0.997
0.997	0.001	0.001	0.001
0.001	0.997	0.001	0.001
0.151	0.001	0.847	0.001
0.997	0.001	0.001	0.001
0.220	0.001	0.778	0.001
0.001	0.001	0.001	0.997
0.001	0.001	0.001	0.997
0.001	0.252	0.001	0.746
0.997	0.001	0.001	0.001
0.001	0.796	0.001	0.202
>MTCTCCTTTTCT	11-MTCTCCTTTTCT	10.285972	-20.019849	0	T:26.0(15.12%),B:1498.7(3.75%),P:1e-8	Tpos:536.9,Tstd:248.3,Bpos:544.7,Bstd:335.6,StrandBias:0.8,Multiplicity:1.08
0.502	0.446	0.032	0.020
0.001	0.045	0.001	0.953
0.001	0.945	0.011	0.043
0.063	0.010	0.033	0.894
0.338	0.610	0.001	0.051
0.043	0.866	0.090	0.001
0.076	0.029	0.050	0.845
0.001	0.196	0.073	0.730
0.001	0.137	0.001	0.861
0.001	0.103	0.001	0.895
0.001	0.586	0.396	0.017
0.076	0.076	0.001	0.847
>GATTTAATATTA	12-GATTTAATATTA	11.917312	-20.004704	0	T:12.0(6.98%),B:254.3(0.64%),P:1e-8	Tpos:659.5,Tstd:264.7,Bpos:513.1,Bstd:302.0,StrandBias:-0.2,Multiplicity:1.00
0.060	0.001	0.938	0.001
0.997	0.001	0.001	0.001
0.086	0.001	0.141	0.772
0.001	0.001	0.001	0.997
0.095	0.107	0.095	0.703
0.827	0.001	0.100	0.072
0.932	0.001	0.001	0.066
0.001	0.001	0.001	0.997
0.997	0.001	0.001	0.001
0.001	0.001	0.001	0.997
0.001	0.001	0.001	0.997
0.939	0.001	0.001	0.059
>ACAACAGACCTC	13-ACAACAGACCTC	11.357459	-19.869492	0	T:9.0(5.23%),B:109.4(0.27%),P:1e-8	Tpos:674.3,Tstd:306.5,Bpos:457.4,Bstd:300.0,StrandBias:1.0,Multiplicity:1.00
0.997	0.001	0.001	0.001
0.129	0.869	0.001	0.001
0.830	0.168	0.001	0.001
0.830	0.001	0.001	0.168
0.001	0.806	0.001	0.192
0.789	0.001	0.001	0.209
0.112	0.178	0.709	0.001
0.806	0.001	0.192	0.001
0.001	0.588	0.001	0.410
0.007	0.792	0.001	0.200
0.001	0.001	0.001	0.997
0.001	0.997	0.001	0.001
>TAATGTAGCAAW	14-TAATGTAGCAAW	12.424841	-19.567968	0	T:14.0(8.14%),B:395.3(0.99%),P:1e-8	Tpos:538.1,Tstd:314.0,Bpos:511.0,Bstd:281.4,StrandBias:-0.2,Multiplicity:1.07
0.283	0.106	0.001	0.610
0.621	0.001	0.001	0.377
0.997	0.001	0.001	0.001
0.001	0.001	0.001	0.997
0.001	0.001	0.997	0.001
0.001	0.001	0.001	0.997
0.649	0.001	0.001	0.349
0.001	0.308	0.690	0.001
0.001	0.997	0.001	0.001
0.997	0.001	0.001	0.001
0.997	0.001	0.001	0.001
0.514	0.001	0.001	0.484
>CTGAAGCCCTTA	15-CTGAAGCCCTTA	14.008719	-19.352764	0	T:5.0(2.91%),B:10.6(0.03%),P:1e-8	Tpos:403.8,Tstd:250.6,Bpos:400.1,Bstd:313.1,StrandBias:0.6,Multiplicity:1.00
0.001	0.997	0.001	0.001
0.222	0.001	0.001	0.776
0.001	0.001	0.997	0.001
0.997	0.001	0.001	0.001
0.997	0.001	0.001	0.001
0.001	0.001	0.997	0.001
0.001	0.997	0.001	0.001
0.001	0.997	0.001	0.001
0.001	0.776	0.001	0.222
0.178	0.001	0.001	0.820
0.001	0.001	0.150	0.848
0.997	0.001	0.001	0.001
>GCACCTGTCTGG	16-GCACCTGTCTGG	14.345303	-17.613507	0	T:4.0(2.33%),B:4.8(0.01%),P:1e-7	Tpos:615.0,Tstd:204.1,Bpos:362.1,Bstd:178.9,StrandBias:-1.6,Multiplicity:1.00
0.001	0.001	0.997	0.001
0.001	0.997	0.001	0.001
0.766	0.001	0.001	0.232
0.001	0.997	0.001	0.001
0.001	0.997	0.001	0.001
0.001	0.202	0.001	0.796
0.001	0.001	0.997	0.001
0.001	0.001	0.001	0.997
0.001	0.796	0.202	0.001
0.001	0.001	0.001	0.997
0.001	0.001	0.997	0.001
0.156	0.001	0.842	0.001
>TTCTTTTTCTGT	17-TTCTTTTTCTGT	13.374579	-16.926972	0	T:14.0(8.14%),B:491.0(1.23%),P:1e-7	Tpos:426.7,Tstd:240.6,Bpos:538.1,Bstd:312.4,StrandBias:0.2,Multiplicity:1.07
0.001	0.001	0.001	0.997
0.001	0.001	0.001	0.997
0.001	0.997	0.001	0.001
0.001	0.001	0.084	0.914
0.001	0.001	0.086	0.912
0.001	0.001	0.001	0.997
0.001	0.001	0.001	0.997
0.108	0.001	0.130	0.761
0.001	0.997	0.001	0.001
0.090	0.001	0.001	0.908
0.001	0.068	0.930	0.001
0.001	0.001	0.001	0.997
>AAAAGTTTCAAT	18-AAAAGTTTCAAT	13.666064	-16.389615	0	T:11.0(6.40%),B:287.8(0.72%),P:1e-7	Tpos:522.8,Tstd:190.0,Bpos:469.0,Bstd:269.0,StrandBias:1.4,Multiplicity:1.00
0.917	0.001	0.001	0.081
0.893	0.001	0.001	0.105
0.997	0.001	0.001	0.001
0.997	0.001	0.001	0.001
0.001	0.001	0.997	0.001
0.001	0.115	0.001	0.883
0.001	0.001	0.101	0.897
0.001	0.001	0.001	0.997
0.001	0.997	0.001	0.001
0.997	0.001	0.001	0.001
0.997	0.001	0.001	0.001
0.001	0.083	0.001	0.915
>TCCCTTCTCTTG	19-TCCCTTCTCTTG	12.355432	-14.081406	0	T:3.0(1.74%),B:2.1(0.01%),P:1e-6	Tpos:832.7,Tstd:86.3,Bpos:522.5,Bstd:167.9,StrandBias:10.0,Multiplicity:1.00
0.100	0.100	0.100	0.700
0.100	0.700	0.100	0.100
0.100	0.700	0.100	0.100
0.100	0.700	0.100	0.100
0.100	0.100	0.100	0.700
0.100	0.100	0.100	0.700
0.100	0.700	0.100	0.100
0.100	0.100	0.100	0.700
0.100	0.700	0.100	0.100
0.100	0.100	0.100	0.700
0.100	0.100	0.100	0.700
0.100	0.100	0.700	0.100
>TTTBATCAAWTT	20-TTTBATCAAWTT	10.422914	-13.798899	0	T:47.0(27.33%),B:5340.5(13.35%),P:1e-5	Tpos:447.3,Tstd:270.3,Bpos:515.6,Bstd:306.8,StrandBias:0.3,Multiplicity:1.22
0.110	0.001	0.001	0.888
0.001	0.001	0.001	0.997
0.049	0.046	0.001	0.904
0.045	0.309	0.294	0.352
0.620	0.338	0.006	0.036
0.063	0.081	0.220	0.636
0.096	0.816	0.057	0.031
0.754	0.092	0.117	0.037
0.720	0.248	0.001	0.031
0.452	0.001	0.001	0.546
0.083	0.001	0.084	0.832
0.001	0.001	0.130	0.868
>GTCAGTGCAACM	21-GTCAGTGCAACM	13.235932	-12.644495	0	T:4.0(2.33%),B:20.4(0.05%),P:1e-5	Tpos:552.3,Tstd:231.8,Bpos:389.4,Bstd:325.2,StrandBias:2.3,Multiplicity:1.50
0.001	0.001	0.814	0.184
0.001	0.001	0.001	0.997
0.001	0.997	0.001	0.001
0.753	0.001	0.001	0.245
0.001	0.001	0.997	0.001
0.001	0.001	0.001	0.997
0.184	0.001	0.608	0.207
0.001	0.997	0.001	0.001
0.997	0.001	0.001	0.001
0.692	0.306	0.001	0.001
0.009	0.971	0.012	0.008
0.452	0.307	0.001	0.240
>GTKTATACACTT	22-GTKTATACACTT	13.107960	-11.241496	0	T:5.0(2.91%),B:65.5(0.16%),P:1e-4	Tpos:297.2,Tstd:232.6,Bpos:493.5,Bstd:299.1,StrandBias:-0.7,Multiplicity:1.20
0.001	0.001	0.997	0.001
0.001	0.001	0.001	0.997
0.001	0.167	0.435	0.397
0.001	0.001	0.001	0.997
0.856	0.001	0.142	0.001
0.001	0.001	0.001	0.997
0.832	0.166	0.001	0.001
0.001	0.997	0.001	0.001
0.997	0.001	0.001	0.001
0.253	0.745	0.001	0.001
0.001	0.001	0.001	0.997
0.001	0.001	0.001	0.997
>AGTAGGCTGCCT	23-AGTAGGCTGCCT	8.414716	-10.101952	0	T:7.0(4.07%),B:207.6(0.52%),P:1e-4	Tpos:553.5,Tstd:150.4,Bpos:457.3,Bstd:302.7,StrandBias:-1.6,Multiplicity:1.71
0.769	0.001	0.001	0.229
0.001	0.001	0.997	0.001
0.001	0.001	0.001	0.997
0.733	0.001	0.265	0.001
0.001	0.001	0.997	0.001
0.297	0.001	0.701	0.001
0.001	0.732	0.001	0.266
0.001	0.001	0.001	0.997
0.001	0.001	0.769	0.229
0.001	0.769	0.229	0.001
0.001	0.963	0.001	0.035
0.001	0.001	0.001	0.997
>CTCATGGTGCAT	24-CTCATGGTGCAT	15.096197	-9.208437	0	T:4.0(2.33%),B:52.2(0.13%),P:1e-3	Tpos:513.4,Tstd:307.8,Bpos:448.5,Bstd:347.9,StrandBias:-2.0,Multiplicity:1.25
0.080	0.918	0.001	0.001
0.389	0.001	0.001	0.609
0.001	0.997	0.001	0.001
0.997	0.001	0.001	0.001
0.001	0.223	0.001	0.775
0.001	0.001	0.997	0.001
0.204	0.001	0.794	0.001
0.001	0.001	0.001	0.997
0.001	0.001	0.997	0.001
0.001	0.997	0.001	0.001
0.997	0.001	0.001	0.001
0.001	0.001	0.001	0.997
>GGGGCGCCCCCG	25-GGGGCGCCCCCG	16.102801	-3.852482	0	T:1.0(0.58%),B:4.3(0.01%),P:1e-1	Tpos:678.0,Tstd:0.0,Bpos:469.6,Bstd:332.3,StrandBias:10.0,Multiplicity:1.00
0.001	0.001	0.997	0.001
0.001	0.001	0.997	0.001
0.001	0.001	0.997	0.001
0.075	0.001	0.923	0.001
0.001	0.997	0.001	0.001
0.001	0.001	0.997	0.001
0.001	0.926	0.001	0.072
0.001	0.997	0.001	0.001
0.001	0.997	0.001	0.001
0.001	0.997	0.001	0.001
0.001	0.875	0.001	0.123
0.001	0.172	0.804	0.023
>ACCACGCC	1-ACCACGCC	7.397972	-21.252055	0	T:51.0(29.65%),B:4802.2(12.01%),P:1e-9	Tpos:486.9,Tstd:256.5,Bpos:543.9,Bstd:336.0,StrandBias:0.1,Multiplicity:1.24
0.982	0.001	0.016	0.001
0.001	0.724	0.134	0.141
0.001	0.997	0.001	0.001
0.700	0.298	0.001	0.001
0.088	0.910	0.001	0.001
0.001	0.001	0.728	0.270
0.001	0.663	0.033	0.303
0.001	0.724	0.274	0.001
>CTGACCTT	2-CTGACCTT	5.603450	-15.667163	0	T:52.0(30.23%),B:5856.0(14.64%),P:1e-6	Tpos:619.4,Tstd:276.8,Bpos:520.2,Bstd:324.8,StrandBias:0.3,Multiplicity:1.10
0.001	0.714	0.102	0.183
0.046	0.112	0.001	0.841
0.001	0.001	0.997	0.001
0.997	0.001	0.001	0.001
0.001	0.997	0.001	0.001
0.001	0.997	0.001	0.001
0.001	0.001	0.049	0.949
0.001	0.001	0.001	0.997
>GCMCCCCG	3-GCMCCCCG	8.786324	-13.061987	0	T:13.0(7.56%),B:586.4(1.47%),P:1e-5	Tpos:619.8,Tstd:219.6,Bpos:541.4,Bstd:355.0,StrandBias:1.1,Multiplicity:1.46
0.001	0.001	0.997	0.001
0.001	0.997	0.001	0.001
0.430	0.568	0.001	0.001
0.001	0.997	0.001	0.001
0.001	0.997	0.001	0.001
0.001	0.819	0.001	0.179
0.001	0.997	0.001	0.001
0.001	0.001	0.997	0.001
>TTTACAGC	4-TTTACAGC	8.299044	-10.118216	0	T:51.0(29.65%),B:6871.8(17.18%),P:1e-4	Tpos:537.4,Tstd:305.4,Bpos:507.4,Bstd:311.9,StrandBias:-0.4,Multiplicity:1.33
0.001	0.001	0.001	0.997
0.001	0.001	0.179	0.819
0.001	0.001	0.001	0.997
0.799	0.001	0.199	0.001
0.001	0.997	0.001	0.001
0.596	0.001	0.402	0.001
0.236	0.001	0.762	0.001
0.001	0.997	0.001	0.001
>TATTGTGT	5-TATTGTGT	8.236954	-9.438775	0	T:20.0(11.63%),B:1755.1(4.39%),P:1e-4	Tpos:468.5,Tstd:281.0,Bpos:521.7,Bstd:309.4,StrandBias:-1.4,Multiplicity:1.10
0.100	0.100	0.100	0.700
0.700	0.100	0.100	0.100
0.100	0.100	0.100	0.700
0.100	0.100	0.100	0.700
0.100	0.100	0.700	0.100
0.100	0.100	0.100	0.700
0.100	0.100	0.700	0.100
0.100	0.100	0.100	0.700
>GCACCATG	6-GCACCATG	7.552335	-9.282774	0	T:25.0(14.53%),B:2526.8(6.32%),P:1e-4	Tpos:404.3,Tstd:260.9,Bpos:490.7,Bstd:314.9,StrandBias:-0.3,Multiplicity:1.32
0.001	0.001	0.844	0.154
0.001	0.953	0.001	0.045
0.997	0.001	0.001	0.001
0.001	0.997	0.001	0.001
0.001	0.997	0.001	0.001
0.905	0.001	0.093	0.001
0.001	0.001	0.001	0.997
0.001	0.001	0.856	0.142
