>CGAGAATCGTCT	1-CGAGAATCGTCT	11.977500	-25.566022	0	T:8.0(8.79%),B:68.0(0.17%),P:1e-11	Tpos:425.1,Tstd:299.1,Bpos:493.1,Bstd:274.2,StrandBias:0.0,Multiplicity:1.00
0.001	0.997	0.001	0.001
0.113	0.151	0.522	0.214
0.997	0.001	0.001	0.001
0.262	0.001	0.736	0.001
0.809	0.001	0.001	0.189
0.809	0.001	0.001	0.189
0.001	0.001	0.001	0.997
0.001	0.801	0.001	0.197
0.116	0.001	0.882	0.001
0.403	0.001	0.001	0.595
0.001	0.997	0.001	0.001
0.116	0.001	0.001	0.882
>GCCACCTTTGTT	2-GCCACCTTTGTT	14.449246	-24.408703	0	T:5.0(5.49%),B:6.7(0.02%),P:1e-10	Tpos:491.4,Tstd:223.4,Bpos:342.1,Bstd:285.1,StrandBias:0.6,Multiplicity:1.00
0.001	0.001	0.788	0.210
0.001	0.997	0.001	0.001
0.001	0.997	0.001	0.001
0.997	0.001	0.001	0.001
0.001	0.997	0.001	0.001
0.001	0.997	0.001	0.001
0.001	0.241	0.001	0.757
0.001	0.001	0.001	0.997
0.001	0.001	0.001	0.997
0.001	0.001	0.997	0.001
0.272	0.001	0.001	0.726
0.001	0.001	0.001	0.997
>ATTTCTTATCAG	3-ATTTCTTATCAG	9.868925	-23.709613	0	T:29.0(31.87%),B:3173.8(7.96%),P:1e-10	Tpos:624.5,Tstd:328.9,Bpos:550.3,Bstd:325.3,StrandBias:0.0,Multiplicity:1.10
0.716	0.115	0.082	0.087
0.101	0.001	0.112	0.786
0.060	0.001	0.108	0.831
0.029	0.047	0.095	0.829
0.100	0.770	0.069	0.061
0.001	0.001	0.048	0.950
0.115	0.001	0.071	0.813
0.842	0.066	0.039	0.053
0.001	0.094	0.001	0.904
0.001	0.997	0.001	0.001
0.885	0.001	0.060	0.054
0.114	0.088	0.683	0.115
>TTCTTAATAAAG	4-TTCTTAATAAAG	14.804936	-23.645155	0	T:6.0(6.59%),B:23.7(0.06%),P:1e-10	Tpos:414.7,Tstd:247.7,Bpos:542.0,Bstd:227.6,StrandBias:0.0,Multiplicity:1.00
0.001	0.001	0.001	0.997
0.001	0.001	0.001	0.997
0.001	0.997	0.001	0.001
0.001	0.001	0.001	0.997
0.001	0.001	0.001	0.997
0.772	0.001	0.226	0.001
0.997	0.001	0.001	0.001
0.001	0.001	0.214	0.784
0.997	0.001	0.001	0.001
0.997	0.001	0.001	0.001
0.997	0.001	0.001	0.001
0.001	0.001	0.997	0.001
>ACTCGAGGATKT	5-ACTCGAGGATKT	12.881012	-23.423836	0	T:6.0(6.59%),B:24.2(0.06%),P:1e-10	Tpos:479.3,Tstd:319.0,Bpos:482.2,Bstd:250.8,StrandBias:2.3,Multiplicity:1.00
0.997	0.001	0.001	0.001
0.001	0.997	0.001	0.001
0.001	0.001	0.001	0.997
0.001	0.915	0.083	0.001
0.001	0.001	0.997	0.001
0.997	0.001	0.001	0.001
0.001	0.001	0.997	0.001
0.001	0.001	0.600	0.398
0.997	0.001	0.001	0.001
0.001	0.001	0.001	0.997
0.001	0.001	0.515	0.483
0.001	0.001	0.001	0.997
>CAGTTTTSTGCC	6-CAGTTTTSTGCC	12.621150	-23.142939	0	T:9.0(9.89%),B:145.6(0.37%),P:1e-10	Tpos:474.9,Tstd:294.9,Bpos:467.4,Bstd:307.4,StrandBias:1.8,Multiplicity:1.00
0.001	0.997	0.001	0.001
0.754	0.001	0.001	0.244
0.001	0.001	0.997	0.001
0.001	0.001	0.001	0.997
0.001	0.001	0.001	0.997
0.001	0.001	0.001	0.997
0.001	0.244	0.001	0.754
0.001	0.551	0.447	0.001
0.001	0.001	0.001	0.997
0.001	0.001	0.860	0.138
0.137	0.602	0.260	0.001
0.001	0.811	0.187	0.001
>AAACTCAAAGGA	7-AAACTCAAAGGA	13.150888	-20.832544	0	T:6.0(6.59%),B:39.5(0.10%),P:1e-9	Tpos:365.9,Tstd:241.0,Bpos:508.5,Bstd:375.6,StrandBias:0.0,Multiplicity:1.33
0.997	0.001	0.001	0.001
0.997	0.001	0.001	0.001
0.997	0.001	0.001	0.001
0.001	0.997	0.001	0.001
0.001	0.001	0.001	0.997
0.001	0.798	0.001	0.200
0.997	0.001	0.001	0.001
0.997	0.001	0.001	0.001
0.997	0.001	0.001	0.001
0.001	0.001	0.997	0.001
0.001	0.158	0.840	0.001
0.997	0.001	0.001	0.001
>AGGAATATTTCT	8-AGGAATATTTCT	15.293148	-20.641435	0	T:5.0(5.49%),B:16.4(0.04%),P:1e-8	Tpos:507.8,Tstd:235.0,Bpos:509.8,Bstd:334.8,StrandBias:0.6,Multiplicity:1.00
0.997	0.001	0.001	0.001
0.001	0.001	0.997	0.001
0.001	0.001	0.997	0.001
0.997	0.001	0.001	0.001
0.728	0.270	0.001	0.001
0.001	0.001	0.001	0.997
0.997	0.001	0.001	0.001
0.001	0.001	0.001	0.997
0.001	0.001	0.001	0.997
0.001	0.001	0.001	0.997
0.001	0.997	0.001	0.001
0.001	0.001	0.001	0.997
>ATGAACKTGTGA	9-ATGAACKTGTGA	11.793670	-20.432728	0	T:11.0(12.09%),B:373.5(0.94%),P:1e-8	Tpos:419.1,Tstd:269.9,Bpos:530.8,Bstd:304.9,StrandBias:0.5,Multiplicity:1.09
0.845	0.001	0.153	0.001
0.001	0.001	0.001	0.997
0.001	0.001	0.997	0.001
0.997	0.001	0.001	0.001
0.997	0.001	0.001	0.001
0.161	0.742	0.096	0.001
0.001	0.001	0.429	0.569
0.001	0.001	0.001	0.997
0.166	0.099	0.670	0.065
0.001	0.001	0.001	0.997
0.089	0.001	0.772	0.138
0.679	0.001	0.001	0.319
>TTTTACCGTTAT	10-TTTTACCGTTAT	12.661715	-18.369036	0	T:5.0(5.49%),B:27.7(0.07%),P:1e-7	Tpos:444.7,Tstd:249.1,Bpos:604.9,Bstd:255.0,StrandBias:-0.4,Multiplicity:1.40
0.001	0.001	0.001	0.997
0.001	0.001	0.001	0.997
0.001	0.001	0.001	0.997
0.001	0.001	0.001	0.997
0.843	0.001	0.001	0.155
0.001	0.997	0.001	0.001
0.001	0.997	0.001	0.001
0.001	0.001	0.997	0.001
0.001	0.125	0.001	0.873
0.001	0.001	0.001	0.997
0.997	0.001	0.001	0.001
0.001	0.001	0.001	0.997
>GCAGTTTGTGTT	11-GCAGTTTGTGTT	9.776127	-17.762018	0	T:16.0(17.58%),B:1223.0(3.07%),P:1e-7	Tpos:559.4,Tstd:323.0,Bpos:501.1,Bstd:304.9,StrandBias:0.9,Multiplicity:1.06
0.134	0.078	0.651	0.137
0.072	0.676	0.188	0.064
0.762	0.001	0.142	0.095
0.127	0.057	0.639	0.177
0.001	0.050	0.282	0.667
0.042	0.001	0.065	0.892
0.001	0.001	0.132	0.866
0.079	0.054	0.738	0.129
0.134	0.001	0.001	0.864
0.001	0.002	0.899	0.098
0.065	0.238	0.151	0.546
0.054	0.069	0.001	0.876
>AGTTCTTTGATC	12-AGTTCTTTGATC	10.418115	-17.705735	0	T:18.0(19.78%),B:1591.2(3.99%),P:1e-7	Tpos:573.7,Tstd:240.7,Bpos:503.5,Bstd:303.1,StrandBias:-0.2,Multiplicity:1.06
0.760	0.002	0.166	0.072
0.395	0.002	0.602	0.001
0.071	0.001	0.005	0.923
0.001	0.001	0.001	0.997
0.071	0.778	0.002	0.149
0.141	0.004	0.001	0.854
0.001	0.086	0.094	0.819
0.001	0.089	0.001	0.909
0.121	0.001	0.877	0.001
0.895	0.001	0.103	0.001
0.021	0.001	0.001	0.977
0.167	0.581	0.210	0.042
>TTTTTTGATGAC	13-TTTTTTGATGAC	11.766742	-17.423402	0	T:12.0(13.19%),B:631.8(1.59%),P:1e-7	Tpos:577.4,Tstd:286.8,Bpos:508.1,Bstd:299.9,StrandBias:-0.2,Multiplicity:1.25
0.001	0.001	0.001	0.997
0.186	0.001	0.112	0.701
0.001	0.001	0.143	0.855
0.001	0.001	0.146	0.852
0.001	0.001	0.001	0.997
0.001	0.308	0.001	0.690
0.001	0.001	0.997	0.001
0.783	0.001	0.001	0.215
0.001	0.127	0.158	0.714
0.112	0.001	0.776	0.111
0.665	0.001	0.333	0.001
0.001	0.997	0.001	0.001
>TGAAAAACGATC	14-TGAAAAACGATC	10.832457	-17.375831	0	T:15.0(16.48%),B:1086.3(2.73%),P:1e-7	Tpos:565.2,Tstd:293.4,Bpos:496.6,Bstd:317.0,StrandBias:-0.1,Multiplicity:1.40
0.001	0.008	0.386	0.605
0.109	0.001	0.889	0.001
0.997	0.001	0.001	0.001
0.851	0.001	0.147	0.001
0.997	0.001	0.001	0.001
0.776	0.222	0.001	0.001
0.790	0.110	0.099	0.001
0.196	0.770	0.001	0.033
0.108	0.110	0.781	0.001
0.659	0.148	0.096	0.097
0.001	0.001	0.001	0.997
0.001	0.706	0.001	0.292
>GATATAATTTTT	15-GATATAATTTTT	13.251634	-17.148248	0	T:10.0(10.99%),B:400.8(1.01%),P:1e-7	Tpos:542.3,Tstd:157.5,Bpos:496.2,Bstd:300.4,StrandBias:1.2,Multiplicity:1.00
0.025	0.001	0.929	0.045
0.997	0.001	0.001	0.001
0.027	0.001	0.001	0.971
0.959	0.001	0.001	0.039
0.084	0.001	0.103	0.812
0.717	0.111	0.104	0.068
0.940	0.001	0.001	0.058
0.001	0.001	0.001	0.997
0.001	0.001	0.001	0.997
0.001	0.001	0.140	0.858
0.001	0.001	0.001	0.997
0.001	0.107	0.001	0.891
>GTGATAWGGCTC	16-GTGATAWGGCTC	10.956944	-16.170521	0	T:8.0(8.79%),B:236.8(0.59%),P:1e-7	Tpos:559.1,Tstd:257.9,Bpos:484.5,Bstd:318.0,StrandBias:1.0,Multiplicity:1.12
0.001	0.011	0.806	0.182
0.001	0.001	0.001	0.997
0.193	0.001	0.805	0.001
0.997	0.001	0.001	0.001
0.001	0.001	0.001	0.997
0.805	0.001	0.193	0.001
0.554	0.001	0.001	0.444
0.014	0.001	0.803	0.182
0.235	0.001	0.763	0.001
0.140	0.629	0.230	0.001
0.149	0.001	0.014	0.836
0.037	0.961	0.001	0.001
>ATAATGGAAAAG	17-ATAATGGAAAAG	12.355432	-16.167835	0	T:4.0(4.40%),B:15.8(0.04%),P:1e-7	Tpos:383.8,Tstd:319.9,Bpos:412.4,Bstd:408.5,StrandBias:-1.6,Multiplicity:1.00
0.700	0.100	0.100	0.100
0.100	0.100	0.100	0.700
0.700	0.100	0.100	0.100
0.700	0.100	0.100	0.100
0.100	0.100	0.100	0.700
0.100	0.100	0.700	0.100
0.100	0.100	0.700	0.100
0.700	0.100	0.100	0.100
0.700	0.100	0.100	0.100
0.700	0.100	0.100	0.100
0.700	0.100	0.100	0.100
0.100	0.100	0.700	0.100
>ATGATATCATAG	18-ATGATATCATAG	9.624276	-15.336238	0	T:16.0(17.58%),B:1463.8(3.67%),P:1e-6	Tpos:578.5,Tstd:300.5,Bpos:522.1,Bstd:327.5,StrandBias:0.0,Multiplicity:1.12
0.805	0.001	0.059	0.135
0.001	0.076	0.059	0.864
0.047	0.050	0.826	0.077
0.997	0.001	0.001	0.001
0.115	0.049	0.001	0.835
0.734	0.077	0.039	0.150
0.042	0.054	0.001	0.903
0.042	0.844	0.113	0.001
0.868	0.001	0.055	0.076
0.090	0.047	0.118	0.745
0.790	0.001	0.076	0.133
0.100	0.098	0.801	0.001
>CGTCGWTAAGMA	19-CGTCGWTAAGMA	14.132813	-15.295624	0	T:3.0(3.30%),B:3.2(0.01%),P:1e-6	Tpos:533.2,Tstd:367.8,Bpos:429.1,Bstd:237.1,StrandBias:0.6,Multiplicity:1.67
0.001	0.997	0.001	0.001
0.413	0.001	0.585	0.001
0.001	0.001	0.001	0.997
0.001	0.997	0.001	0.001
0.001	0.001	0.997	0.001
0.495	0.001	0.001	0.503
0.001	0.001	0.001	0.997
0.585	0.001	0.413	0.001
0.997	0.001	0.001	0.001
0.001	0.001	0.997	0.001
0.503	0.495	0.001	0.001
0.997	0.001	0.001	0.001
>GAACAAAACTTG	20-GAACAAAACTTG	10.985491	-14.644716	0	T:14.0(15.38%),B:1162.0(2.92%),P:1e-6	Tpos:613.6,Tstd:202.7,Bpos:528.3,Bstd:311.6,StrandBias:-1.3,Multiplicity:1.08
0.001	0.001	0.997	0.001
0.696	0.001	0.097	0.206
0.997	0.001	0.001	0.001
0.064	0.769	0.001	0.166
0.748	0.081	0.001	0.170
0.997	0.001	0.001	0.001
0.997	0.001	0.001	0.001
0.997	0.001	0.001	0.001
0.125	0.873	0.001	0.001
0.146	0.221	0.001	0.632
0.069	0.192	0.001	0.738
0.070	0.098	0.588	0.244
>TTCTTTACTTAC	21-TTCTTTACTTAC	13.116605	-13.592369	0	T:4.0(4.40%),B:31.3(0.08%),P:1e-5	Tpos:458.3,Tstd:282.8,Bpos:568.1,Bstd:266.5,StrandBias:0.0,Multiplicity:1.50
0.001	0.001	0.001	0.997
0.001	0.001	0.001	0.997
0.001	0.997	0.001	0.001
0.001	0.001	0.001	0.997
0.001	0.001	0.001	0.997
0.001	0.001	0.001	0.997
0.843	0.001	0.155	0.001
0.001	0.997	0.001	0.001
0.001	0.001	0.001	0.997
0.001	0.197	0.001	0.801
0.997	0.001	0.001	0.001
0.001	0.997	0.001	0.001
>TTTAAANTTTAA	22-TTTAAANTTTAA	13.168777	-12.832385	0	T:13.0(14.29%),B:1163.0(2.92%),P:1e-5	Tpos:581.1,Tstd:274.2,Bpos:513.3,Bstd:316.1,StrandBias:-0.4,Multiplicity:1.08
0.386	0.001	0.001	0.612
0.001	0.001	0.001	0.997
0.001	0.001	0.001	0.997
0.997	0.001	0.001	0.001
0.997	0.001	0.001	0.001
0.997	0.001	0.001	0.001
0.202	0.305	0.262	0.230
0.001	0.001	0.001	0.997
0.001	0.001	0.001	0.997
0.001	0.001	0.001	0.997
0.763	0.235	0.001	0.001
0.729	0.001	0.001	0.269
>GAGCACGAGCCT	23-GAGCACGAGCCT	12.355432	-12.179823	0	T:2.0(2.20%),B:0.0(0.00%),P:1e-5	Tpos:418.0,Tstd:313.5,Bpos:0.0,Bstd:0.0,StrandBias:0.0,Multiplicity:2.00
0.100	0.100	0.700	0.100
0.700	0.100	0.100	0.100
0.100	0.100	0.700	0.100
0.100	0.700	0.100	0.100
0.700	0.100	0.100	0.100
0.100	0.700	0.100	0.100
0.100	0.100	0.700	0.100
0.700	0.100	0.100	0.100
0.100	0.100	0.700	0.100
0.100	0.700	0.100	0.100
0.100	0.700	0.100	0.100
0.100	0.100	0.100	0.700
>ATGAATTAATTC	24-ATGAATTAATTC	10.873998	-11.393744	0	T:10.0(10.99%),B:766.1(1.92%),P:1e-4	Tpos:618.7,Tstd:237.8,Bpos:517.6,Bstd:320.3,StrandBias:-0.2,Multiplicity:1.00
0.633	0.236	0.057	0.074
0.097	0.001	0.001	0.901
0.001	0.202	0.754	0.043
0.945	0.001	0.001	0.053
0.997	0.001	0.001	0.001
0.047	0.058	0.060	0.835
0.001	0.040	0.001	0.958
0.903	0.043	0.053	0.001
0.713	0.162	0.001	0.124
0.001	0.001	0.161	0.837
0.139	0.101	0.001	0.759
0.097	0.785	0.117	0.001
>CATGGACACAGT	25-CATGGACACAGT	14.638243	-7.545169	0	T:2.0(2.20%),B:13.6(0.03%),P:1e-3	Tpos:495.8,Tstd:110.6,Bpos:724.7,Bstd:227.7,StrandBias:10.0,Multiplicity:2.00
0.001	0.997	0.001	0.001
0.997	0.001	0.001	0.001
0.001	0.001	0.001	0.997
0.266	0.001	0.732	0.001
0.001	0.001	0.997	0.001
0.697	0.001	0.001	0.301
0.001	0.997	0.001	0.001
0.997	0.001	0.001	0.001
0.001	0.752	0.001	0.246
0.997	0.001	0.001	0.001
0.001	0.001	0.997	0.001
0.001	0.001	0.001	0.997
