>ACTGATAAGACA	1-ACTGATAAGACA	9.941319	-29.144181	0	T:41.0(21.03%),B:2231.0(5.57%),P:1e-12	Tpos:686.4,Tstd:251.9,Bpos:549.6,Bstd:316.0,StrandBias:-0.6,Multiplicity:1.17
0.692	0.098	0.072	0.138
0.090	0.640	0.164	0.106
0.001	0.034	0.043	0.922
0.051	0.031	0.917	0.001
0.997	0.001	0.001	0.001
0.030	0.001	0.001	0.968
0.896	0.102	0.001	0.001
0.877	0.056	0.066	0.001
0.125	0.147	0.613	0.115
0.958	0.001	0.040	0.001
0.206	0.645	0.073	0.076
0.884	0.088	0.001	0.027
>CAAAACGCACTT	2-CAAAACGCACTT	12.715536	-29.113490	0	T:13.0(6.67%),B:127.4(0.32%),P:1e-12	Tpos:512.4,Tstd:275.3,Bpos:498.1,Bstd:292.8,StrandBias:1.3,Multiplicity:1.08
0.063	0.860	0.076	0.001
0.997	0.001	0.001	0.001
0.806	0.001	0.001	0.192
0.997	0.001	0.001	0.001
0.920	0.001	0.001	0.078
0.109	0.722	0.001	0.168
0.282	0.192	0.525	0.001
0.086	0.912	0.001	0.001
0.731	0.001	0.001	0.267
0.001	0.997	0.001	0.001
0.001	0.001	0.001	0.997
0.001	0.001	0.001	0.997
>TGDYRCTGATCT	3-TGDYRCTGATCT	9.796075	-26.558256	0	T:24.0(12.31%),B:804.7(2.01%),P:1e-11	Tpos:515.4,Tstd:321.9,Bpos:491.2,Bstd:317.8,StrandBias:0.0,Multiplicity:1.33
0.001	0.121	0.001	0.877
0.001	0.001	0.931	0.067
0.356	0.079	0.338	0.227
0.164	0.418	0.001	0.417
0.517	0.001	0.415	0.067
0.096	0.834	0.069	0.001
0.001	0.001	0.068	0.930
0.001	0.001	0.997	0.001
0.879	0.001	0.001	0.119
0.277	0.001	0.001	0.721
0.001	0.874	0.102	0.023
0.264	0.001	0.001	0.734
>CAAHGATACCCC	4-CAAHGATACCCC	10.652156	-24.579056	0	T:12.0(6.15%),B:146.6(0.37%),P:1e-10	Tpos:730.3,Tstd:222.7,Bpos:521.2,Bstd:304.1,StrandBias:0.0,Multiplicity:1.00
0.124	0.850	0.025	0.001
0.997	0.001	0.001	0.001
0.997	0.001	0.001	0.001
0.277	0.410	0.002	0.311
0.001	0.001	0.851	0.147
0.863	0.001	0.001	0.135
0.121	0.001	0.001	0.877
0.679	0.171	0.001	0.149
0.001	0.872	0.001	0.126
0.001	0.597	0.173	0.229
0.148	0.850	0.001	0.001
0.001	0.826	0.172	0.001
>TCCATTTTTTAC	5-TCCATTTTTTAC	11.681852	-24.505206	0	T:26.0(13.33%),B:1058.4(2.64%),P:1e-10	Tpos:450.2,Tstd:256.1,Bpos:529.7,Bstd:289.0,StrandBias:0.7,Multiplicity:1.00
0.001	0.187	0.081	0.731
0.001	0.824	0.050	0.125
0.001	0.753	0.138	0.108
0.734	0.001	0.001	0.264
0.001	0.001	0.001	0.997
0.001	0.001	0.001	0.997
0.001	0.001	0.001	0.997
0.001	0.001	0.001	0.997
0.001	0.001	0.190	0.808
0.080	0.001	0.001	0.918
0.759	0.214	0.001	0.026
0.107	0.891	0.001	0.001
>ATCAGTGTTTAT	6-ATCAGTGTTTAT	13.188690	-23.315289	0	T:12.0(6.15%),B:164.2(0.41%),P:1e-10	Tpos:509.8,Tstd:286.4,Bpos:470.2,Bstd:330.4,StrandBias:0.0,Multiplicity:1.00
0.890	0.001	0.001	0.108
0.001	0.001	0.001	0.997
0.001	0.997	0.001	0.001
0.997	0.001	0.001	0.001
0.106	0.001	0.892	0.001
0.001	0.001	0.001	0.997
0.090	0.001	0.908	0.001
0.001	0.221	0.001	0.777
0.001	0.001	0.001	0.997
0.001	0.001	0.221	0.777
0.921	0.001	0.001	0.077
0.001	0.001	0.001	0.997
>AGTTGTGTGTAG	7-AGTTGTGTGTAG	13.806830	-22.688687	0	T:8.0(4.10%),B:43.7(0.11%),P:1e-9	Tpos:545.2,Tstd:323.6,Bpos:561.1,Bstd:321.5,StrandBias:1.6,Multiplicity:1.00
0.997	0.001	0.001	0.001
0.001	0.001	0.997	0.001
0.001	0.001	0.001	0.997
0.001	0.001	0.001	0.997
0.001	0.001	0.997	0.001
0.218	0.001	0.001	0.780
0.001	0.001	0.997	0.001
0.001	0.001	0.001	0.997
0.001	0.186	0.812	0.001
0.001	0.001	0.001	0.997
0.883	0.001	0.001	0.115
0.167	0.001	0.831	0.001
>TTCATGTGTCGC	8-TTCATGTGTCGC	13.957093	-22.686615	0	T:5.0(2.56%),B:3.4(0.01%),P:1e-9	Tpos:503.4,Tstd:366.0,Bpos:352.6,Bstd:284.8,StrandBias:2.0,Multiplicity:1.00
0.001	0.001	0.001	0.997
0.001	0.001	0.167	0.831
0.001	0.757	0.108	0.134
0.831	0.001	0.167	0.001
0.001	0.001	0.001	0.997
0.001	0.001	0.997	0.001
0.001	0.001	0.001	0.997
0.167	0.001	0.831	0.001
0.001	0.001	0.001	0.997
0.001	0.997	0.001	0.001
0.001	0.001	0.912	0.086
0.001	0.997	0.001	0.001
>ATAAATGTTAAC	9-ATAAATGTTAAC	13.186120	-22.470524	0	T:10.0(5.13%),B:100.5(0.25%),P:1e-9	Tpos:463.6,Tstd:358.2,Bpos:538.6,Bstd:308.4,StrandBias:0.6,Multiplicity:1.00
0.997	0.001	0.001	0.001
0.001	0.135	0.001	0.863
0.997	0.001	0.001	0.001
0.897	0.101	0.001	0.001
0.997	0.001	0.001	0.001
0.001	0.001	0.105	0.893
0.078	0.001	0.920	0.001
0.087	0.001	0.001	0.911
0.101	0.001	0.001	0.897
0.997	0.001	0.001	0.001
0.808	0.001	0.098	0.093
0.041	0.903	0.001	0.055
>AAATTGTKACGG	10-AAATTGTKACGG	11.760392	-22.380297	0	T:10.0(5.13%),B:101.7(0.25%),P:1e-9	Tpos:502.3,Tstd:295.2,Bpos:451.7,Bstd:339.3,StrandBias:-1.6,Multiplicity:1.20
0.997	0.001	0.001	0.001
0.706	0.001	0.153	0.140
0.598	0.216	0.001	0.185
0.001	0.001	0.001	0.997
0.174	0.001	0.001	0.824
0.001	0.001	0.997	0.001
0.130	0.153	0.001	0.716
0.001	0.001	0.568	0.430
0.997	0.001	0.001	0.001
0.001	0.997	0.001	0.001
0.001	0.001	0.997	0.001
0.157	0.001	0.841	0.001
>ATGAATTGGCTT	11-ATGAATTGGCTT	13.633827	-22.366271	0	T:8.0(4.10%),B:45.1(0.11%),P:1e-9	Tpos:335.9,Tstd:265.7,Bpos:535.1,Bstd:267.5,StrandBias:-1.6,Multiplicity:1.00
0.997	0.001	0.001	0.001
0.001	0.001	0.001	0.997
0.119	0.001	0.879	0.001
0.997	0.001	0.001	0.001
0.832	0.166	0.001	0.001
0.001	0.001	0.001	0.997
0.207	0.207	0.001	0.585
0.001	0.001	0.997	0.001
0.001	0.001	0.997	0.001
0.001	0.879	0.001	0.119
0.001	0.001	0.001	0.997
0.001	0.001	0.001	0.997
>TGTTTGAWCTGG	12-TGTTTGAWCTGG	12.844802	-21.208321	0	T:9.0(4.62%),B:81.5(0.20%),P:1e-9	Tpos:563.8,Tstd:247.0,Bpos:486.6,Bstd:303.0,StrandBias:1.0,Multiplicity:1.00
0.001	0.044	0.001	0.954
0.204	0.263	0.532	0.001
0.001	0.001	0.001	0.997
0.001	0.001	0.001	0.997
0.001	0.001	0.001	0.997
0.001	0.001	0.997	0.001
0.690	0.001	0.308	0.001
0.489	0.001	0.001	0.509
0.001	0.997	0.001	0.001
0.001	0.001	0.004	0.994
0.001	0.410	0.588	0.001
0.001	0.001	0.997	0.001
>TATGTTTCTCCG	13-TATGTTTCTCCG	12.027765	-20.374983	0	T:10.0(5.13%),B:126.2(0.32%),P:1e-8	Tpos:605.7,Tstd:286.1,Bpos:539.2,Bstd:305.1,StrandBias:0.8,Multiplicity:1.10
0.001	0.110	0.001	0.888
0.997	0.001	0.001	0.001
0.001	0.001	0.001	0.997
0.001	0.156	0.772	0.071
0.001	0.001	0.001	0.997
0.001	0.001	0.133	0.865
0.001	0.001	0.001	0.997
0.291	0.707	0.001	0.001
0.179	0.001	0.175	0.645
0.001	0.997	0.001	0.001
0.093	0.685	0.001	0.221
0.001	0.001	0.997	0.001
>CGCAAGCTGACG	14-CGCAAGCTGACG	14.512872	-19.744138	0	T:4.0(2.05%),B:1.6(0.00%),P:1e-8	Tpos:353.2,Tstd:198.9,Bpos:646.5,Bstd:74.3,StrandBias:1.6,Multiplicity:1.00
0.001	0.997	0.001	0.001
0.001	0.001	0.741	0.257
0.257	0.741	0.001	0.001
0.997	0.001	0.001	0.001
0.997	0.001	0.001	0.001
0.001	0.001	0.997	0.001
0.001	0.997	0.001	0.001
0.001	0.001	0.001	0.997
0.001	0.001	0.997	0.001
0.774	0.001	0.001	0.224
0.001	0.997	0.001	0.001
0.001	0.001	0.997	0.001
>TTGTTTCATATA	15-TTGTTTCATATA	12.518092	-19.022463	0	T:13.0(6.67%),B:301.0(0.75%),P:1e-8	Tpos:438.7,Tstd:321.1,Bpos:514.4,Bstd:304.1,StrandBias:1.2,Multiplicity:1.00
0.001	0.001	0.127	0.871
0.001	0.098	0.001	0.900
0.001	0.001	0.963	0.035
0.001	0.001	0.001	0.997
0.001	0.001	0.090	0.908
0.098	0.001	0.001	0.900
0.001	0.876	0.063	0.060
0.937	0.001	0.001	0.061
0.025	0.064	0.001	0.910
0.952	0.001	0.001	0.046
0.043	0.001	0.001	0.955
0.866	0.074	0.059	0.001
>TTTTGCATTTCG	16-TTTTGCATTTCG	12.638781	-18.949384	0	T:16.0(8.21%),B:501.9(1.25%),P:1e-8	Tpos:427.9,Tstd:291.4,Bpos:496.2,Bstd:293.3,StrandBias:-0.2,Multiplicity:1.06
0.141	0.001	0.001	0.857
0.001	0.001	0.001	0.997
0.001	0.001	0.001	0.997
0.001	0.001	0.001	0.997
0.001	0.087	0.843	0.069
0.045	0.753	0.108	0.094
0.997	0.001	0.001	0.001
0.001	0.001	0.001	0.997
0.099	0.001	0.001	0.899
0.001	0.001	0.001	0.997
0.001	0.950	0.001	0.048
0.001	0.073	0.797	0.129
>GCGAAAGTTTCA	17-GCGAAAGTTTCA	13.377767	-18.002735	0	T:9.0(4.62%),B:120.5(0.30%),P:1e-7	Tpos:375.7,Tstd:265.0,Bpos:490.8,Bstd:272.4,StrandBias:-1.8,Multiplicity:1.00
0.001	0.001	0.997	0.001
0.001	0.891	0.001	0.107
0.092	0.001	0.777	0.130
0.997	0.001	0.001	0.001
0.997	0.001	0.001	0.001
0.997	0.001	0.001	0.001
0.093	0.001	0.820	0.086
0.217	0.001	0.001	0.781
0.001	0.001	0.001	0.997
0.001	0.001	0.001	0.997
0.001	0.997	0.001	0.001
0.845	0.001	0.153	0.001
>AATTGAGACTAG	18-AATTGAGACTAG	10.611949	-17.209999	0	T:18.0(9.23%),B:735.0(1.84%),P:1e-7	Tpos:541.3,Tstd:314.9,Bpos:529.9,Bstd:323.6,StrandBias:0.7,Multiplicity:1.00
0.885	0.001	0.001	0.113
0.997	0.001	0.001	0.001
0.004	0.001	0.280	0.715
0.097	0.001	0.001	0.901
0.168	0.114	0.714	0.004
0.997	0.001	0.001	0.001
0.091	0.001	0.907	0.001
0.885	0.001	0.113	0.001
0.100	0.666	0.232	0.002
0.114	0.001	0.234	0.651
0.894	0.001	0.104	0.001
0.039	0.004	0.805	0.152
>TCAGGTGAGCAA	19-TCAGGTGAGCAA	11.855993	-15.998870	0	T:10.0(5.13%),B:205.1(0.51%),P:1e-6	Tpos:480.8,Tstd:233.6,Bpos:541.9,Bstd:313.3,StrandBias:1.2,Multiplicity:1.00
0.001	0.001	0.014	0.984
0.001	0.997	0.001	0.001
0.997	0.001	0.001	0.001
0.001	0.001	0.744	0.254
0.001	0.001	0.997	0.001
0.001	0.171	0.001	0.827
0.001	0.015	0.983	0.001
0.676	0.182	0.001	0.141
0.193	0.032	0.561	0.214
0.313	0.685	0.001	0.001
0.754	0.001	0.001	0.244
0.785	0.213	0.001	0.001
>TAGACAGTAGGC	20-TAGACAGTAGGC	11.494220	-15.111873	0	T:8.0(4.10%),B:123.2(0.31%),P:1e-6	Tpos:397.4,Tstd:188.3,Bpos:518.4,Bstd:301.7,StrandBias:-1.0,Multiplicity:1.12
0.001	0.001	0.163	0.835
0.992	0.001	0.001	0.006
0.009	0.001	0.864	0.126
0.763	0.001	0.235	0.001
0.001	0.878	0.120	0.001
0.936	0.001	0.062	0.001
0.001	0.327	0.671	0.001
0.001	0.001	0.001	0.997
0.835	0.001	0.001	0.163
0.125	0.001	0.873	0.001
0.163	0.001	0.835	0.001
0.001	0.551	0.164	0.284
>TTGTATWCACTT	21-TTGTATWCACTT	9.172547	-14.687540	0	T:36.0(18.46%),B:2977.1(7.43%),P:1e-6	Tpos:578.6,Tstd:295.2,Bpos:533.8,Bstd:314.1,StrandBias:-0.5,Multiplicity:1.19
0.001	0.001	0.278	0.720
0.001	0.001	0.001	0.997
0.296	0.057	0.646	0.001
0.001	0.001	0.066	0.932
0.529	0.230	0.211	0.030
0.041	0.001	0.001	0.957
0.315	0.259	0.001	0.425
0.001	0.762	0.060	0.177
0.673	0.001	0.001	0.325
0.001	0.948	0.001	0.050
0.037	0.066	0.001	0.896
0.304	0.001	0.061	0.634
>GAAAGAAACCCG	22-GAAAGAAACCCG	14.382270	-14.621891	0	T:3.0(1.54%),B:1.3(0.00%),P:1e-6	Tpos:799.3,Tstd:151.6,Bpos:213.0,Bstd:0.0,StrandBias:-1.0,Multiplicity:1.00
0.001	0.059	0.939	0.001
0.795	0.001	0.203	0.001
0.695	0.126	0.069	0.110
0.773	0.100	0.126	0.001
0.203	0.001	0.795	0.001
0.747	0.126	0.126	0.001
0.997	0.001	0.001	0.001
0.997	0.001	0.001	0.001
0.195	0.803	0.001	0.001
0.001	0.997	0.001	0.001
0.110	0.707	0.182	0.001
0.001	0.001	0.784	0.214
>AAAKTTAGCTCC	23-AAAKTTAGCTCC	13.319989	-14.579038	0	T:7.0(3.59%),B:89.9(0.22%),P:1e-6	Tpos:486.5,Tstd:190.5,Bpos:442.1,Bstd:284.9,StrandBias:1.2,Multiplicity:1.43
0.997	0.001	0.001	0.001
0.997	0.001	0.001	0.001
0.997	0.001	0.001	0.001
0.001	0.001	0.548	0.450
0.001	0.001	0.001	0.997
0.001	0.001	0.001	0.997
0.997	0.001	0.001	0.001
0.001	0.001	0.901	0.097
0.001	0.997	0.001	0.001
0.001	0.001	0.001	0.997
0.133	0.865	0.001	0.001
0.189	0.809	0.001	0.001
>GRCTTACACAAT	24-GRCTTACACAAT	11.539448	-10.886315	0	T:6.0(3.08%),B:106.9(0.27%),P:1e-4	Tpos:536.4,Tstd:270.1,Bpos:521.3,Bstd:306.2,StrandBias:1.8,Multiplicity:1.50
0.127	0.089	0.622	0.162
0.477	0.001	0.328	0.194
0.155	0.767	0.077	0.001
0.001	0.068	0.001	0.930
0.058	0.156	0.089	0.697
0.900	0.002	0.089	0.009
0.185	0.552	0.105	0.158
0.836	0.074	0.089	0.001
0.002	0.996	0.001	0.001
0.919	0.001	0.002	0.078
0.917	0.002	0.004	0.077
0.088	0.001	0.001	0.910
>GCAGTCAGGTTA	25-GCAGTCAGGTTA	16.525601	-5.329741	0	T:1.0(0.51%),B:0.0(0.00%),P:1e-2	Tpos:513.5,Tstd:58.7,Bpos:0.0,Bstd:0.0,StrandBias:10.0,Multiplicity:12.00
0.001	0.001	0.997	0.001
0.001	0.997	0.001	0.001
0.997	0.001	0.001	0.001
0.001	0.001	0.997	0.001
0.001	0.001	0.001	0.997
0.001	0.997	0.001	0.001
0.997	0.001	0.001	0.001
0.001	0.001	0.926	0.072
0.001	0.001	0.997	0.001
0.001	0.001	0.001	0.997
0.001	0.001	0.001	0.997
0.997	0.001	0.001	0.001
