>CTTATCAC	1-CTTATCAC	6.910752	-24.805530	0	T:77.0(39.49%),B:7517.3(18.77%),P:1e-10	Tpos:599.1,Tstd:293.0,Bpos:521.7,Bstd:323.4,StrandBias:-0.3,Multiplicity:1.19
0.001	0.687	0.171	0.141
0.001	0.103	0.001	0.895
0.001	0.001	0.001	0.997
0.997	0.001	0.001	0.001
0.001	0.001	0.040	0.958
0.001	0.997	0.001	0.001
0.997	0.001	0.001	0.001
0.001	0.918	0.080	0.001
>ACTGATAA	2-ACTGATAA	8.835152	-19.893426	0	T:64.0(32.82%),B:6255.6(15.62%),P:1e-8	Tpos:674.3,Tstd:261.0,Bpos:536.3,Bstd:317.4,StrandBias:-0.4,Multiplicity:1.25
0.997	0.001	0.001	0.001
0.001	0.976	0.022	0.001
0.001	0.181	0.001	0.817
0.001	0.001	0.997	0.001
0.997	0.001	0.001	0.001
0.001	0.001	0.001	0.997
0.655	0.343	0.001	0.001
0.610	0.001	0.388	0.001
>AKCGSAAG	3-AKCGSAAG	6.590767	-12.998355	0	T:60.0(30.77%),B:6858.6(17.12%),P:1e-5	Tpos:462.7,Tstd:285.4,Bpos:508.7,Bstd:315.6,StrandBias:-0.4,Multiplicity:1.24
0.579	0.010	0.296	0.115
0.036	0.002	0.435	0.527
0.259	0.697	0.043	0.001
0.091	0.013	0.850	0.046
0.238	0.412	0.349	0.001
0.702	0.077	0.084	0.137
0.734	0.102	0.147	0.017
0.001	0.001	0.920	0.078
>GCTGATCT	4-GCTGATCT	8.653227	-11.097904	0	T:24.0(12.31%),B:1854.2(4.63%),P:1e-4	Tpos:541.2,Tstd:338.2,Bpos:482.3,Bstd:318.7,StrandBias:0.7,Multiplicity:1.00
0.001	0.001	0.997	0.001
0.001	0.997	0.001	0.001
0.001	0.001	0.001	0.997
0.001	0.001	0.997	0.001
0.856	0.001	0.001	0.142
0.001	0.001	0.117	0.881
0.001	0.997	0.001	0.001
0.112	0.001	0.001	0.886
>TYGACGTT	5-TYGACGTT	7.355862	-10.853986	0	T:70.0(35.90%),B:9063.6(22.63%),P:1e-4	Tpos:526.3,Tstd:282.5,Bpos:499.6,Bstd:313.1,StrandBias:0.3,Multiplicity:1.30
0.001	0.001	0.108	0.890
0.001	0.390	0.104	0.505
0.001	0.001	0.997	0.001
0.935	0.063	0.001	0.001
0.001	0.894	0.001	0.104
0.001	0.001	0.997	0.001
0.001	0.001	0.174	0.824
0.001	0.134	0.001	0.864
>TTGGCTAC	6-TTGGCTAC	7.934011	-10.532336	0	T:30.0(15.38%),B:2726.8(6.81%),P:1e-4	Tpos:465.4,Tstd:276.2,Bpos:493.1,Bstd:315.4,StrandBias:-0.7,Multiplicity:1.20
0.001	0.001	0.001	0.997
0.001	0.001	0.068	0.930
0.001	0.001	0.997	0.001
0.001	0.001	0.997	0.001
0.001	0.997	0.001	0.001
0.274	0.001	0.001	0.724
0.997	0.001	0.001	0.001
0.001	0.878	0.120	0.001
>CCCTCTAG	7-CCCTCTAG	8.236954	-10.242107	0	T:8.0(4.10%),B:245.5(0.61%),P:1e-4	Tpos:631.9,Tstd:238.5,Bpos:555.5,Bstd:301.5,StrandBias:3.3,Multiplicity:1.38
0.100	0.700	0.100	0.100
0.100	0.700	0.100	0.100
0.100	0.700	0.100	0.100
0.100	0.100	0.100	0.700
0.100	0.700	0.100	0.100
0.100	0.100	0.100	0.700
0.700	0.100	0.100	0.100
0.100	0.100	0.700	0.100
>GTGACGGT	8-GTGACGGT	8.886867	-9.050444	0	T:19.0(9.74%),B:1462.3(3.65%),P:1e-3	Tpos:572.8,Tstd:327.9,Bpos:505.4,Bstd:318.9,StrandBias:-2.6,Multiplicity:1.11
0.134	0.065	0.800	0.001
0.001	0.001	0.001	0.997
0.001	0.001	0.997	0.001
0.997	0.001	0.001	0.001
0.001	0.997	0.001	0.001
0.001	0.001	0.997	0.001
0.159	0.001	0.839	0.001
0.001	0.001	0.001	0.997
>GTTGCGGA	9-GTTGCGGA	8.236954	-8.367504	0	T:9.0(4.62%),B:412.9(1.03%),P:1e-3	Tpos:390.1,Tstd:258.5,Bpos:503.0,Bstd:305.2,StrandBias:-0.6,Multiplicity:1.11
0.100	0.100	0.700	0.100
0.100	0.100	0.100	0.700
0.100	0.100	0.100	0.700
0.100	0.100	0.700	0.100
0.100	0.700	0.100	0.100
0.100	0.100	0.700	0.100
0.100	0.100	0.700	0.100
0.700	0.100	0.100	0.100
>CAGGTTAC	10-CAGGTTAC	8.236954	-4.577534	0	T:7.0(3.59%),B:483.8(1.21%),P:1e-1	Tpos:547.7,Tstd:156.3,Bpos:498.4,Bstd:312.0,StrandBias:2.3,Multiplicity:2.57
0.100	0.700	0.100	0.100
0.700	0.100	0.100	0.100
0.100	0.100	0.700	0.100
0.100	0.100	0.700	0.100
0.100	0.100	0.100	0.700
0.100	0.100	0.100	0.700
0.700	0.100	0.100	0.100
0.100	0.700	0.100	0.100
>ACTGCTAC	11-ACTGCTAC	8.236954	-1.207098	0	T:4.0(2.05%),B:566.3(1.41%),P:1e0	Tpos:433.5,Tstd:161.3,Bpos:488.2,Bstd:314.8,StrandBias:-2.5,Multiplicity:3.25
0.700	0.100	0.100	0.100
0.100	0.700	0.100	0.100
0.100	0.100	0.100	0.700
0.100	0.100	0.700	0.100
0.100	0.700	0.100	0.100
0.100	0.100	0.100	0.700
0.700	0.100	0.100	0.100
0.100	0.700	0.100	0.100
