>CTGATAAGAA	1-CTGATAAGAA	9.193870	-29.526800	0	T:52.0(26.67%),B:3451.7(8.62%),P:1e-12	Tpos:589.7,Tstd:305.2,Bpos:548.3,Bstd:319.1,StrandBias:-0.1,Multiplicity:1.12
0.039	0.806	0.106	0.049
0.018	0.102	0.033	0.847
0.016	0.031	0.952	0.001
0.936	0.033	0.030	0.001
0.010	0.018	0.001	0.971
0.983	0.015	0.001	0.001
0.922	0.043	0.023	0.012
0.041	0.044	0.914	0.001
0.943	0.021	0.012	0.024
0.815	0.123	0.001	0.061
>GACGCTGATC	2-GACGCTGATC	8.806623	-27.277157	0	T:18.0(9.23%),B:382.8(0.96%),P:1e-11	Tpos:519.5,Tstd:333.0,Bpos:466.1,Bstd:332.9,StrandBias:0.0,Multiplicity:1.00
0.001	0.086	0.817	0.096
0.753	0.087	0.090	0.070
0.001	0.789	0.094	0.116
0.042	0.001	0.893	0.064
0.001	0.909	0.089	0.001
0.001	0.001	0.001	0.997
0.001	0.001	0.997	0.001
0.997	0.001	0.001	0.001
0.067	0.001	0.001	0.931
0.001	0.997	0.001	0.001
>CCAACAGATA	3-CCAACAGATA	7.197767	-23.651763	0	T:69.0(35.38%),B:6454.3(16.12%),P:1e-10	Tpos:550.3,Tstd:267.8,Bpos:503.7,Bstd:324.1,StrandBias:0.0,Multiplicity:1.12
0.089	0.754	0.047	0.110
0.058	0.793	0.051	0.098
0.904	0.062	0.017	0.017
0.886	0.031	0.032	0.051
0.063	0.791	0.067	0.079
0.742	0.075	0.049	0.134
0.039	0.060	0.826	0.075
0.763	0.059	0.078	0.100
0.015	0.143	0.060	0.782
0.767	0.105	0.038	0.090
>GAGWCTRTTS	4-GAGWCTRTTS	6.670931	-22.325026	0	T:31.0(15.90%),B:1662.1(4.15%),P:1e-9	Tpos:472.6,Tstd:277.0,Bpos:509.7,Bstd:319.4,StrandBias:-0.5,Multiplicity:1.03
0.184	0.080	0.592	0.144
0.645	0.001	0.176	0.178
0.112	0.201	0.503	0.184
0.383	0.133	0.065	0.419
0.133	0.623	0.154	0.090
0.096	0.001	0.001	0.902
0.343	0.095	0.359	0.202
0.153	0.223	0.166	0.458
0.027	0.078	0.208	0.687
0.132	0.474	0.391	0.003
>TATCATCGCT	5-TATCATCGCT	10.077020	-22.295575	0	T:19.0(9.74%),B:595.5(1.49%),P:1e-9	Tpos:580.9,Tstd:260.8,Bpos:490.9,Bstd:309.7,StrandBias:0.0,Multiplicity:1.00
0.001	0.001	0.001	0.997
0.774	0.001	0.077	0.148
0.001	0.001	0.001	0.997
0.001	0.997	0.001	0.001
0.806	0.101	0.092	0.001
0.001	0.001	0.001	0.997
0.063	0.788	0.098	0.051
0.078	0.001	0.889	0.032
0.058	0.872	0.069	0.001
0.067	0.001	0.001	0.931
>ACACTGATAG	6-ACACTGATAG	8.883932	-20.380554	0	T:24.0(12.31%),B:1099.5(2.75%),P:1e-8	Tpos:675.3,Tstd:264.8,Bpos:504.9,Bstd:315.8,StrandBias:0.1,Multiplicity:1.00
0.929	0.001	0.001	0.069
0.001	0.937	0.001	0.061
0.997	0.001	0.001	0.001
0.001	0.851	0.096	0.052
0.064	0.001	0.001	0.934
0.001	0.001	0.997	0.001
0.997	0.001	0.001	0.001
0.052	0.075	0.073	0.800
0.849	0.001	0.098	0.052
0.128	0.098	0.773	0.001
>TGGGAGCGTG	7-TGGGAGCGTG	10.225006	-17.195063	0	T:11.0(5.64%),B:232.2(0.58%),P:1e-7	Tpos:571.1,Tstd:253.5,Bpos:511.0,Bstd:325.6,StrandBias:-1.6,Multiplicity:1.09
0.001	0.001	0.001	0.997
0.001	0.122	0.792	0.085
0.001	0.001	0.997	0.001
0.001	0.001	0.997	0.001
0.997	0.001	0.001	0.001
0.001	0.001	0.997	0.001
0.062	0.877	0.001	0.060
0.081	0.001	0.840	0.078
0.132	0.122	0.001	0.745
0.100	0.001	0.898	0.001
>AGCGAATGCT	8-AGCGAATGCT	9.976312	-16.357011	0	T:13.0(6.67%),B:381.7(0.95%),P:1e-7	Tpos:566.8,Tstd:218.9,Bpos:487.2,Bstd:292.5,StrandBias:1.9,Multiplicity:1.08
0.997	0.001	0.001	0.001
0.053	0.079	0.867	0.001
0.051	0.890	0.001	0.058
0.051	0.074	0.874	0.001
0.997	0.001	0.001	0.001
0.997	0.001	0.001	0.001
0.070	0.138	0.001	0.791
0.001	0.001	0.997	0.001
0.001	0.997	0.001	0.001
0.206	0.001	0.124	0.669
>ATCGTTTTGG	9-ATCGTTTTGG	10.294487	-15.441443	0	T:20.0(10.26%),B:1020.8(2.55%),P:1e-6	Tpos:591.8,Tstd:304.0,Bpos:498.2,Bstd:303.6,StrandBias:-1.6,Multiplicity:1.00
0.950	0.048	0.001	0.001
0.001	0.062	0.001	0.936
0.211	0.605	0.132	0.052
0.001	0.048	0.777	0.174
0.001	0.001	0.001	0.997
0.001	0.001	0.001	0.997
0.001	0.001	0.001	0.997
0.091	0.001	0.001	0.907
0.057	0.001	0.926	0.016
0.055	0.001	0.943	0.001
>CCWTTCACGT	10-CCWTTCACGT	9.613187	-15.407975	0	T:13.0(6.67%),B:415.0(1.04%),P:1e-6	Tpos:451.1,Tstd:291.1,Bpos:508.6,Bstd:300.6,StrandBias:1.0,Multiplicity:1.15
0.154	0.762	0.083	0.001
0.063	0.854	0.001	0.082
0.496	0.123	0.001	0.381
0.084	0.110	0.001	0.805
0.001	0.001	0.091	0.907
0.001	0.997	0.001	0.001
0.747	0.162	0.090	0.001
0.295	0.502	0.202	0.001
0.001	0.001	0.997	0.001
0.023	0.001	0.001	0.975
>TTGTATGTAC	11-TTGTATGTAC	8.715890	-15.095874	0	T:26.0(13.33%),B:1688.3(4.22%),P:1e-6	Tpos:577.2,Tstd:291.3,Bpos:507.8,Bstd:304.7,StrandBias:0.7,Multiplicity:1.12
0.060	0.001	0.058	0.881
0.187	0.001	0.001	0.811
0.001	0.179	0.819	0.001
0.043	0.001	0.079	0.877
0.863	0.072	0.064	0.001
0.001	0.001	0.001	0.997
0.001	0.070	0.901	0.028
0.075	0.075	0.001	0.849
0.882	0.001	0.072	0.045
0.001	0.940	0.058	0.001
>AGTGTTCAGT	12-AGTGTTCAGT	7.548892	-14.957262	0	T:50.0(25.64%),B:4925.1(12.30%),P:1e-6	Tpos:543.5,Tstd:300.9,Bpos:515.8,Bstd:318.2,StrandBias:0.0,Multiplicity:1.22
0.743	0.063	0.064	0.130
0.077	0.032	0.815	0.076
0.125	0.047	0.035	0.793
0.047	0.067	0.851	0.035
0.104	0.079	0.086	0.731
0.049	0.047	0.051	0.853
0.063	0.837	0.018	0.082
0.863	0.035	0.025	0.077
0.087	0.092	0.731	0.090
0.040	0.052	0.118	0.790
>ACGGTCACRA	13-ACGGTCACRA	10.295032	-14.332402	0	T:9.0(4.62%),B:189.9(0.47%),P:1e-6	Tpos:426.2,Tstd:253.5,Bpos:464.9,Bstd:334.3,StrandBias:3.3,Multiplicity:1.22
0.637	0.096	0.266	0.001
0.001	0.997	0.001	0.001
0.001	0.293	0.705	0.001
0.001	0.217	0.781	0.001
0.001	0.001	0.001	0.997
0.001	0.843	0.001	0.155
0.997	0.001	0.001	0.001
0.001	0.790	0.109	0.100
0.440	0.001	0.305	0.255
0.997	0.001	0.001	0.001
>CTTACACAAT	14-CTTACACAAT	7.700341	-13.158060	0	T:42.0(21.54%),B:4033.9(10.07%),P:1e-5	Tpos:511.9,Tstd:293.2,Bpos:501.8,Bstd:310.9,StrandBias:0.4,Multiplicity:1.21
0.037	0.851	0.074	0.038
0.033	0.017	0.090	0.860
0.050	0.079	0.051	0.820
0.739	0.072	0.151	0.038
0.112	0.766	0.073	0.049
0.768	0.097	0.050	0.085
0.087	0.848	0.019	0.046
0.780	0.076	0.072	0.072
0.760	0.066	0.052	0.122
0.028	0.105	0.051	0.816
>CACAAACATC	15-CACAAACATC	10.296193	-12.796646	0	T:7.0(3.59%),B:118.3(0.30%),P:1e-5	Tpos:647.9,Tstd:248.1,Bpos:477.4,Bstd:335.3,StrandBias:1.3,Multiplicity:1.00
0.100	0.700	0.100	0.100
0.700	0.100	0.100	0.100
0.100	0.700	0.100	0.100
0.700	0.100	0.100	0.100
0.700	0.100	0.100	0.100
0.700	0.100	0.100	0.100
0.100	0.700	0.100	0.100
0.700	0.100	0.100	0.100
0.100	0.100	0.100	0.700
0.100	0.700	0.100	0.100
>AAACGTACCC	16-AAACGTACCC	9.446859	-12.362204	0	T:10.0(5.13%),B:311.9(0.78%),P:1e-5	Tpos:385.2,Tstd:210.0,Bpos:514.3,Bstd:317.4,StrandBias:0.5,Multiplicity:1.20
0.997	0.001	0.001	0.001
0.997	0.001	0.001	0.001
0.997	0.001	0.001	0.001
0.001	0.997	0.001	0.001
0.001	0.001	0.997	0.001
0.115	0.001	0.001	0.883
0.997	0.001	0.001	0.001
0.117	0.718	0.164	0.001
0.001	0.917	0.001	0.081
0.001	0.997	0.001	0.001
>CACTTCTGTT	17-CACTTCTGTT	10.534054	-12.290509	0	T:17.0(8.72%),B:936.1(2.34%),P:1e-5	Tpos:538.1,Tstd:246.7,Bpos:521.9,Bstd:317.3,StrandBias:3.2,Multiplicity:1.18
0.001	0.894	0.001	0.104
0.997	0.001	0.001	0.001
0.001	0.861	0.001	0.137
0.001	0.001	0.001	0.997
0.173	0.001	0.238	0.588
0.001	0.997	0.001	0.001
0.001	0.001	0.001	0.997
0.001	0.001	0.888	0.110
0.001	0.001	0.220	0.778
0.001	0.001	0.001	0.997
>GTGCTCCGTG	18-GTGCTCCGTG	10.545347	-12.040043	0	T:10.0(5.13%),B:323.8(0.81%),P:1e-5	Tpos:394.9,Tstd:323.2,Bpos:501.0,Bstd:317.4,StrandBias:-0.3,Multiplicity:1.10
0.083	0.001	0.790	0.126
0.001	0.134	0.001	0.864
0.001	0.001	0.997	0.001
0.001	0.997	0.001	0.001
0.001	0.001	0.001	0.997
0.001	0.888	0.001	0.110
0.001	0.852	0.085	0.062
0.001	0.123	0.795	0.081
0.001	0.064	0.001	0.934
0.001	0.001	0.936	0.062
>ATTTAGCTCC	19-ATTTAGCTCC	9.362662	-8.929951	0	T:7.0(3.59%),B:222.0(0.55%),P:1e-3	Tpos:452.5,Tstd:217.2,Bpos:459.6,Bstd:299.3,StrandBias:1.4,Multiplicity:1.57
0.997	0.001	0.001	0.001
0.001	0.001	0.140	0.858
0.001	0.001	0.001	0.997
0.001	0.001	0.001	0.997
0.997	0.001	0.001	0.001
0.001	0.001	0.997	0.001
0.124	0.874	0.001	0.001
0.083	0.001	0.001	0.915
0.101	0.897	0.001	0.001
0.001	0.997	0.001	0.001
>CTGAACGTTC	20-CTGAACGTTC	10.274474	-5.939836	0	T:6.0(3.08%),B:276.2(0.69%),P:1e-2	Tpos:449.5,Tstd:239.8,Bpos:498.6,Bstd:283.4,StrandBias:0.0,Multiplicity:1.00
0.001	0.997	0.001	0.001
0.084	0.001	0.001	0.914
0.001	0.152	0.612	0.235
0.997	0.001	0.001	0.001
0.997	0.001	0.001	0.001
0.001	0.997	0.001	0.001
0.001	0.001	0.997	0.001
0.001	0.001	0.001	0.997
0.001	0.001	0.332	0.666
0.176	0.822	0.001	0.001
>AGTCAGGTTA	21-AGTCAGGTTA	10.296193	-2.655303	0	T:1.0(0.51%),B:14.7(0.04%),P:1e-1	Tpos:514.5,Tstd:58.7,Bpos:606.4,Bstd:262.8,StrandBias:10.0,Multiplicity:12.00
0.700	0.100	0.100	0.100
0.100	0.100	0.700	0.100
0.100	0.100	0.100	0.700
0.100	0.700	0.100	0.100
0.700	0.100	0.100	0.100
0.100	0.100	0.700	0.100
0.100	0.100	0.700	0.100
0.100	0.100	0.100	0.700
0.100	0.100	0.100	0.700
0.700	0.100	0.100	0.100
