>GAGTCGAACCCC	7-GAGTCGAACCCC,BestGuess:che-1/MA0260.1/Jaspar(0.559)	6.723386	-20.831205	0	T:40.0(30.30%),B:4265.9(10.77%),P:1e-9
0.060	0.052	0.762	0.126
0.823	0.115	0.032	0.030
0.035	0.113	0.734	0.118
0.034	0.099	0.001	0.866
0.001	0.708	0.093	0.198
0.204	0.093	0.543	0.160
0.933	0.034	0.001	0.032
0.844	0.030	0.125	0.001
0.103	0.653	0.192	0.052
0.061	0.756	0.030	0.153
0.130	0.606	0.127	0.137
0.109	0.777	0.020	0.094
