>CCTATATATATA	21-CCTATATATATA,BestGuess:POL012.1_TATA-Box/Jaspar(0.637)	9.487263	-11.469165	0	T:16.0(12.12%),B:1326.4(3.35%),P:1e-4
0.128	0.573	0.192	0.107
0.071	0.771	0.085	0.073
0.037	0.001	0.065	0.897
0.923	0.039	0.001	0.037
0.034	0.097	0.001	0.868
0.858	0.112	0.001	0.029
0.072	0.100	0.054	0.774
0.849	0.039	0.044	0.068
0.034	0.001	0.057	0.908
0.895	0.071	0.033	0.001
0.115	0.046	0.071	0.768
0.928	0.042	0.001	0.029
