>TATTTACACAAT	3-TATTTACACAAT,BestGuess:pha-4/MA0546.1/Jaspar(0.675)	11.341868	-24.381474	0	T:15.0(5.79%),B:207.9(0.53%),P:1e-10
0.075	0.044	0.018	0.863
0.516	0.009	0.309	0.166
0.099	0.021	0.045	0.835
0.244	0.168	0.034	0.554
0.223	0.044	0.067	0.666
0.754	0.009	0.188	0.049
0.026	0.685	0.019	0.270
0.891	0.023	0.052	0.034
0.119	0.656	0.195	0.030
0.947	0.039	0.007	0.007
0.668	0.059	0.042	0.231
0.324	0.023	0.008	0.645
