>ATTGTGTAAATA	3-TATTTACACAAT	11.341868	-24.381474	0	T:15.0(5.79%),B:207.9(0.53%),P:1e-10
0.645	0.008	0.023	0.324
0.231	0.042	0.059	0.668
0.007	0.007	0.039	0.947
0.030	0.195	0.656	0.119
0.034	0.052	0.023	0.891
0.270	0.019	0.685	0.026
0.049	0.188	0.009	0.754
0.666	0.067	0.044	0.223
0.554	0.034	0.168	0.244
0.835	0.045	0.021	0.099
0.166	0.309	0.009	0.516
0.863	0.018	0.044	0.075
