>TTTYAADGATAA	12-TTATCHTTRAAA	9.646655	-20.465103	0	T:31.0(11.97%),B:1305.3(3.32%),P:1e-8
0.302	0.012	0.042	0.644
0.378	0.020	0.052	0.550
0.057	0.112	0.024	0.807
0.205	0.247	0.165	0.383
0.862	0.040	0.058	0.040
0.830	0.043	0.050	0.077
0.251	0.027	0.328	0.394
0.044	0.066	0.537	0.353
0.718	0.040	0.040	0.202
0.026	0.218	0.252	0.504
0.501	0.022	0.264	0.213
0.886	0.028	0.030	0.056
