>KTTTTCCCTTTN	19-KTTTTCCCTTTN,BestGuess:blmp-1/MA0537.1/Jaspar(0.851)	7.567578	-8.837126	0	T:51.0(37.23%),B:9266.4(23.11%),P:1e-3
0.202	0.196	0.243	0.358
0.115	0.112	0.113	0.660
0.152	0.068	0.073	0.707
0.140	0.145	0.081	0.634
0.149	0.127	0.119	0.605
0.123	0.631	0.101	0.145
0.136	0.601	0.118	0.145
0.170	0.584	0.079	0.167
0.148	0.103	0.113	0.636
0.164	0.091	0.114	0.631
0.148	0.108	0.076	0.668
0.263	0.221	0.232	0.284
