>AGATACACCC	1-AGATACACCC	10.608514	-26.333529	0	T:12.0(7.64%),B:159.4(0.39%),P:1e-11	Tpos:564.8,Tstd:239.6,Bpos:567.1,Bstd:326.2,StrandBias:2.3,Multiplicity:1.00
0.869	0.001	0.129	0.001
0.050	0.175	0.774	0.001
0.997	0.001	0.001	0.001
0.001	0.001	0.001	0.997
0.997	0.001	0.001	0.001
0.001	0.907	0.001	0.091
0.827	0.001	0.171	0.001
0.001	0.997	0.001	0.001
0.001	0.880	0.118	0.001
0.001	0.910	0.001	0.088
>GGATGCTGCT	2-GGATGCTGCT	9.790040	-22.898937	0	T:17.0(10.83%),B:559.2(1.38%),P:1e-9	Tpos:517.6,Tstd:318.5,Bpos:483.9,Bstd:326.8,StrandBias:0.5,Multiplicity:1.00
0.001	0.001	0.937	0.061
0.075	0.090	0.761	0.074
0.953	0.045	0.001	0.001
0.152	0.001	0.001	0.846
0.001	0.001	0.997	0.001
0.001	0.828	0.098	0.073
0.001	0.001	0.001	0.997
0.001	0.095	0.830	0.074
0.001	0.997	0.001	0.001
0.077	0.001	0.001	0.921
>CATATAACAT	3-CATATAACAT	7.998243	-21.387923	0	T:24.0(15.29%),B:1331.6(3.28%),P:1e-9	Tpos:493.0,Tstd:246.6,Bpos:515.5,Bstd:293.8,StrandBias:-0.1,Multiplicity:1.12
0.020	0.492	0.247	0.241
0.696	0.041	0.058	0.205
0.129	0.017	0.220	0.634
0.715	0.054	0.032	0.199
0.051	0.160	0.191	0.598
0.442	0.173	0.180	0.205
0.835	0.050	0.050	0.065
0.015	0.612	0.222	0.151
0.697	0.229	0.028	0.046
0.076	0.037	0.053	0.834
>CTCTSACAAT	4-CTCTSACAAT	8.846219	-18.583905	0	T:22.0(14.01%),B:1297.0(3.20%),P:1e-8	Tpos:406.9,Tstd:312.2,Bpos:516.4,Bstd:311.7,StrandBias:1.0,Multiplicity:1.09
0.010	0.699	0.051	0.240
0.017	0.019	0.042	0.922
0.001	0.761	0.221	0.017
0.023	0.001	0.196	0.780
0.238	0.270	0.413	0.079
0.872	0.030	0.070	0.028
0.001	0.757	0.194	0.048
0.393	0.219	0.193	0.195
0.910	0.050	0.001	0.039
0.053	0.020	0.220	0.707
>CAAATCGACG	5-CAAATCGACG	9.744834	-18.428745	0	T:19.0(12.10%),B:966.8(2.38%),P:1e-8	Tpos:555.5,Tstd:273.9,Bpos:496.0,Bstd:349.3,StrandBias:-0.1,Multiplicity:1.11
0.241	0.697	0.001	0.061
0.913	0.001	0.085	0.001
0.920	0.078	0.001	0.001
0.997	0.001	0.001	0.001
0.085	0.083	0.001	0.831
0.001	0.997	0.001	0.001
0.001	0.045	0.953	0.001
0.902	0.001	0.047	0.050
0.033	0.939	0.001	0.027
0.001	0.069	0.883	0.047
>AATTTCGCAA	6-AATTTCGCAA	9.486635	-18.259633	0	T:57.0(36.31%),B:7032.5(17.34%),P:1e-7	Tpos:525.5,Tstd:253.6,Bpos:504.9,Bstd:317.5,StrandBias:-0.1,Multiplicity:1.14
0.946	0.031	0.022	0.001
0.922	0.047	0.001	0.030
0.001	0.054	0.046	0.899
0.001	0.001	0.001	0.997
0.001	0.001	0.036	0.962
0.018	0.860	0.045	0.077
0.074	0.025	0.780	0.121
0.119	0.879	0.001	0.001
0.943	0.001	0.055	0.001
0.938	0.001	0.040	0.021
>GACGACTAGA	7-GACGACTAGA	9.191147	-17.190128	0	T:17.0(10.83%),B:828.4(2.04%),P:1e-7	Tpos:578.1,Tstd:270.1,Bpos:495.1,Bstd:333.7,StrandBias:-0.2,Multiplicity:1.00
0.078	0.028	0.805	0.089
0.851	0.052	0.017	0.080
0.075	0.855	0.026	0.044
0.036	0.070	0.844	0.050
0.845	0.068	0.039	0.048
0.101	0.715	0.090	0.094
0.076	0.056	0.097	0.771
0.723	0.072	0.081	0.124
0.039	0.094	0.786	0.081
0.815	0.001	0.127	0.057
>TGTTGGGCTG	8-TGTTGGGCTG	10.176389	-16.585482	0	T:10.0(6.37%),B:244.2(0.60%),P:1e-7	Tpos:355.2,Tstd:312.5,Bpos:479.4,Bstd:300.9,StrandBias:0.3,Multiplicity:1.10
0.069	0.001	0.072	0.858
0.098	0.120	0.751	0.031
0.078	0.001	0.078	0.843
0.001	0.001	0.001	0.997
0.001	0.067	0.871	0.061
0.001	0.001	0.957	0.041
0.001	0.001	0.997	0.001
0.055	0.885	0.001	0.059
0.001	0.097	0.001	0.901
0.001	0.001	0.997	0.001
>GATKCAGCTG	9-GATKCAGCTG	9.418866	-16.019940	0	T:23.0(14.65%),B:1635.1(4.03%),P:1e-6	Tpos:530.7,Tstd:281.1,Bpos:462.9,Bstd:310.6,StrandBias:0.7,Multiplicity:1.04
0.001	0.001	0.780	0.218
0.911	0.001	0.001	0.087
0.001	0.001	0.001	0.997
0.001	0.233	0.423	0.343
0.422	0.576	0.001	0.001
0.997	0.001	0.001	0.001
0.154	0.001	0.844	0.001
0.001	0.746	0.001	0.252
0.001	0.001	0.001	0.997
0.001	0.001	0.735	0.263
>TATTGCTCGA	10-TATTGCTCGA	10.021485	-15.841509	0	T:19.0(12.10%),B:1143.0(2.82%),P:1e-6	Tpos:446.6,Tstd:273.0,Bpos:485.5,Bstd:316.6,StrandBias:0.5,Multiplicity:1.16
0.032	0.073	0.065	0.830
0.997	0.001	0.001	0.001
0.001	0.001	0.001	0.997
0.001	0.001	0.001	0.997
0.069	0.001	0.871	0.059
0.140	0.858	0.001	0.001
0.077	0.001	0.096	0.826
0.053	0.843	0.054	0.050
0.001	0.088	0.910	0.001
0.929	0.001	0.001	0.069
>GTCTGYGTGC	11-GTCTGYGTGC	5.370504	-14.476830	0	T:26.0(16.56%),B:2223.1(5.48%),P:1e-6	Tpos:490.2,Tstd:311.9,Bpos:535.0,Bstd:331.5,StrandBias:0.2,Multiplicity:1.00
0.001	0.001	0.997	0.001
0.001	0.001	0.001	0.997
0.168	0.511	0.210	0.111
0.001	0.001	0.001	0.997
0.001	0.001	0.997	0.001
0.001	0.510	0.001	0.488
0.001	0.001	0.997	0.001
0.001	0.001	0.001	0.997
0.001	0.001	0.997	0.001
0.001	0.997	0.001	0.001
>CTCGGCGTCT	12-CTCGGCGTCT	10.141495	-13.703259	0	T:20.0(12.74%),B:1453.8(3.58%),P:1e-5	Tpos:559.4,Tstd:275.1,Bpos:549.5,Bstd:336.0,StrandBias:0.0,Multiplicity:1.30
0.001	0.839	0.077	0.083
0.001	0.001	0.001	0.997
0.001	0.856	0.142	0.001
0.001	0.001	0.652	0.346
0.001	0.060	0.783	0.156
0.001	0.997	0.001	0.001
0.001	0.001	0.997	0.001
0.001	0.001	0.067	0.931
0.001	0.997	0.001	0.001
0.001	0.001	0.001	0.997
>AGAGAGAGTG	13-AGAGAGAGTG	6.880556	-13.313621	0	T:63.0(40.13%),B:9387.2(23.14%),P:1e-5	Tpos:544.1,Tstd:298.6,Bpos:560.2,Bstd:338.7,StrandBias:-0.8,Multiplicity:1.29
0.807	0.076	0.061	0.056
0.040	0.069	0.848	0.043
0.780	0.100	0.049	0.071
0.041	0.072	0.808	0.079
0.858	0.052	0.024	0.066
0.060	0.075	0.798	0.067
0.698	0.094	0.095	0.113
0.064	0.057	0.838	0.041
0.084	0.067	0.087	0.762
0.100	0.036	0.809	0.055
>TCTTTCGCGC	14-TCTTTCGCGC	8.447467	-12.396757	0	T:11.0(7.01%),B:487.5(1.20%),P:1e-5	Tpos:583.2,Tstd:214.8,Bpos:542.1,Bstd:331.2,StrandBias:1.0,Multiplicity:1.09
0.001	0.001	0.302	0.696
0.001	0.997	0.001	0.001
0.001	0.001	0.001	0.997
0.001	0.245	0.001	0.753
0.001	0.001	0.001	0.997
0.108	0.890	0.001	0.001
0.001	0.001	0.997	0.001
0.001	0.997	0.001	0.001
0.001	0.001	0.997	0.001
0.080	0.585	0.334	0.001
>TTTAYCCATT	15-TTTAYCCATT	10.499910	-10.475662	0	T:16.0(10.19%),B:1231.3(3.04%),P:1e-4	Tpos:480.2,Tstd:300.6,Bpos:536.3,Bstd:316.8,StrandBias:1.1,Multiplicity:1.19
0.073	0.001	0.001	0.925
0.001	0.001	0.001	0.997
0.125	0.001	0.001	0.873
0.852	0.001	0.001	0.146
0.001	0.448	0.001	0.550
0.070	0.928	0.001	0.001
0.001	0.747	0.085	0.167
0.949	0.001	0.001	0.049
0.222	0.151	0.001	0.626
0.001	0.001	0.001	0.997
>AGCAGAACYA	16-AGCAGAACYA	8.287021	-9.898782	0	T:20.0(12.74%),B:1892.2(4.67%),P:1e-4	Tpos:461.7,Tstd:244.1,Bpos:486.5,Bstd:315.3,StrandBias:-0.2,Multiplicity:1.60
0.779	0.001	0.219	0.001
0.058	0.001	0.940	0.001
0.001	0.659	0.339	0.001
0.718	0.001	0.001	0.280
0.001	0.112	0.557	0.330
0.818	0.001	0.180	0.001
0.652	0.254	0.093	0.001
0.001	0.997	0.001	0.001
0.001	0.505	0.001	0.493
0.707	0.192	0.001	0.100
>CAACCGGACG	17-CAACCGGACG	10.760528	-9.502853	0	T:6.0(3.82%),B:174.9(0.43%),P:1e-4	Tpos:441.6,Tstd:223.7,Bpos:451.0,Bstd:284.3,StrandBias:-1.0,Multiplicity:1.50
0.068	0.823	0.108	0.001
0.807	0.099	0.093	0.001
0.997	0.001	0.001	0.001
0.001	0.997	0.001	0.001
0.001	0.997	0.001	0.001
0.139	0.001	0.859	0.001
0.001	0.001	0.997	0.001
0.844	0.001	0.001	0.154
0.001	0.881	0.117	0.001
0.124	0.001	0.874	0.001
>AACCTGACTG	18-AACCTGACTG	10.296193	-2.876866	0	T:1.0(0.64%),B:15.0(0.04%),P:1e-1	Tpos:512.5,Tstd:58.7,Bpos:507.3,Bstd:255.5,StrandBias:-10.0,Multiplicity:12.00
0.700	0.100	0.100	0.100
0.700	0.100	0.100	0.100
0.100	0.700	0.100	0.100
0.100	0.700	0.100	0.100
0.100	0.100	0.100	0.700
0.100	0.100	0.700	0.100
0.700	0.100	0.100	0.100
0.100	0.700	0.100	0.100
0.100	0.100	0.100	0.700
0.100	0.100	0.700	0.100
