>AGTGTTTACTAA	1-AGTGTTTACTAA	12.321199	-22.407885	0	T:7.0(4.46%),B:33.7(0.08%),P:1e-9	Tpos:341.8,Tstd:213.4,Bpos:491.8,Bstd:265.8,StrandBias:0.7,Multiplicity:1.00
0.768	0.230	0.001	0.001
0.001	0.001	0.879	0.119
0.001	0.001	0.001	0.997
0.001	0.001	0.997	0.001
0.001	0.230	0.001	0.768
0.001	0.001	0.040	0.958
0.001	0.001	0.001	0.997
0.997	0.001	0.001	0.001
0.001	0.825	0.173	0.001
0.001	0.001	0.001	0.997
0.997	0.001	0.001	0.001
0.796	0.202	0.001	0.001
>AAGACACTTAAA	2-AAGACACTTAAA	10.237379	-21.884179	0	T:14.0(8.92%),B:366.9(0.90%),P:1e-9	Tpos:428.0,Tstd:229.6,Bpos:485.2,Bstd:301.0,StrandBias:-2.6,Multiplicity:1.00
0.719	0.001	0.001	0.279
0.997	0.001	0.001	0.001
0.012	0.001	0.949	0.038
0.812	0.001	0.001	0.186
0.001	0.997	0.001	0.001
0.834	0.001	0.001	0.164
0.108	0.890	0.001	0.001
0.001	0.001	0.001	0.997
0.001	0.001	0.001	0.997
0.997	0.001	0.001	0.001
0.754	0.001	0.244	0.001
0.997	0.001	0.001	0.001
>AGCGATTTGCTC	3-AGCGATTTGCTC	10.471851	-20.920904	0	T:17.0(10.83%),B:639.1(1.58%),P:1e-9	Tpos:394.0,Tstd:308.8,Bpos:502.8,Bstd:332.3,StrandBias:0.0,Multiplicity:1.06
0.663	0.082	0.133	0.122
0.004	0.001	0.805	0.190
0.001	0.721	0.133	0.145
0.001	0.107	0.825	0.067
0.915	0.001	0.001	0.083
0.001	0.001	0.001	0.997
0.133	0.107	0.001	0.759
0.001	0.192	0.001	0.806
0.001	0.185	0.610	0.204
0.001	0.997	0.001	0.001
0.083	0.001	0.001	0.915
0.001	0.997	0.001	0.001
>TATTGTTTATCA	4-TATTGTTTATCA	13.208193	-20.716277	0	T:9.0(5.73%),B:110.5(0.27%),P:1e-8	Tpos:269.9,Tstd:187.3,Bpos:473.2,Bstd:289.9,StrandBias:1.0,Multiplicity:1.00
0.089	0.001	0.001	0.909
0.997	0.001	0.001	0.001
0.097	0.001	0.001	0.901
0.001	0.001	0.001	0.997
0.001	0.001	0.951	0.047
0.001	0.001	0.001	0.997
0.001	0.001	0.001	0.997
0.001	0.001	0.001	0.997
0.840	0.001	0.121	0.038
0.084	0.001	0.001	0.914
0.001	0.886	0.112	0.001
0.677	0.154	0.168	0.001
>RAAATTGTGAGA	5-RAAATTGTGAGA	11.491611	-20.255910	0	T:20.0(12.74%),B:963.7(2.38%),P:1e-8	Tpos:531.9,Tstd:248.5,Bpos:523.9,Bstd:313.5,StrandBias:-2.7,Multiplicity:1.10
0.572	0.001	0.426	0.001
0.713	0.001	0.285	0.001
0.997	0.001	0.001	0.001
0.847	0.001	0.151	0.001
0.001	0.152	0.165	0.682
0.266	0.001	0.001	0.732
0.179	0.001	0.755	0.065
0.001	0.138	0.001	0.860
0.001	0.348	0.632	0.019
0.761	0.001	0.237	0.001
0.001	0.001	0.776	0.222
0.889	0.001	0.001	0.109
>TTAACCAATTTT	6-TTAACCAATTTT	11.501008	-19.772546	0	T:29.0(18.47%),B:2091.7(5.16%),P:1e-8	Tpos:474.9,Tstd:269.0,Bpos:504.0,Bstd:326.9,StrandBias:0.4,Multiplicity:1.21
0.001	0.001	0.160	0.838
0.001	0.179	0.208	0.612
0.551	0.266	0.001	0.182
0.608	0.240	0.151	0.001
0.064	0.874	0.061	0.001
0.001	0.997	0.001	0.001
0.997	0.001	0.001	0.001
0.717	0.225	0.001	0.057
0.001	0.001	0.062	0.936
0.001	0.001	0.001	0.997
0.001	0.001	0.001	0.997
0.001	0.105	0.001	0.893
>AAGGCGTTCAGA	7-AAGGCGTTCAGA	11.906153	-19.322846	0	T:7.0(4.46%),B:54.3(0.13%),P:1e-8	Tpos:495.2,Tstd:197.8,Bpos:465.9,Bstd:319.8,StrandBias:-0.3,Multiplicity:1.14
0.997	0.001	0.001	0.001
0.997	0.001	0.001	0.001
0.133	0.146	0.720	0.001
0.001	0.001	0.997	0.001
0.001	0.706	0.001	0.292
0.060	0.001	0.871	0.068
0.001	0.001	0.314	0.684
0.140	0.001	0.174	0.685
0.005	0.897	0.097	0.001
0.997	0.001	0.001	0.001
0.092	0.004	0.903	0.001
0.567	0.001	0.280	0.152
>CTCTCCCYCCCC	8-CTCTCCCYCCCC	11.397436	-19.139654	0	T:10.0(6.37%),B:184.9(0.46%),P:1e-8	Tpos:530.5,Tstd:225.3,Bpos:567.0,Bstd:343.8,StrandBias:-0.3,Multiplicity:1.00
0.001	0.997	0.001	0.001
0.001	0.001	0.190	0.808
0.001	0.997	0.001	0.001
0.001	0.001	0.168	0.830
0.001	0.997	0.001	0.001
0.001	0.597	0.401	0.001
0.001	0.997	0.001	0.001
0.001	0.515	0.001	0.483
0.001	0.624	0.374	0.001
0.001	0.684	0.191	0.124
0.001	0.598	0.400	0.001
0.184	0.814	0.001	0.001
>GGCKGAGGCCTA	9-GGCKGAGGCCTA	13.001140	-18.683967	0	T:8.0(5.10%),B:97.0(0.24%),P:1e-8	Tpos:670.1,Tstd:200.0,Bpos:527.5,Bstd:357.1,StrandBias:-1.0,Multiplicity:1.00
0.001	0.001	0.997	0.001
0.001	0.001	0.997	0.001
0.001	0.997	0.001	0.001
0.001	0.231	0.426	0.342
0.001	0.001	0.676	0.322
0.681	0.001	0.001	0.317
0.001	0.001	0.997	0.001
0.001	0.001	0.997	0.001
0.169	0.829	0.001	0.001
0.001	0.657	0.001	0.341
0.001	0.001	0.001	0.997
0.997	0.001	0.001	0.001
>CGTTCATTAWTG	10-CGTTCATTAWTG	12.272985	-18.237962	0	T:6.0(3.82%),B:35.9(0.09%),P:1e-7	Tpos:389.7,Tstd:245.3,Bpos:457.2,Bstd:274.2,StrandBias:1.3,Multiplicity:1.17
0.001	0.881	0.001	0.117
0.001	0.001	0.997	0.001
0.129	0.001	0.147	0.723
0.001	0.001	0.117	0.881
0.001	0.995	0.001	0.003
0.997	0.001	0.001	0.001
0.001	0.001	0.146	0.852
0.001	0.084	0.001	0.914
0.772	0.001	0.118	0.109
0.458	0.001	0.118	0.423
0.001	0.128	0.001	0.870
0.001	0.240	0.679	0.080
>AATGATATTTCG	11-AATGATATTTCG	13.128257	-18.113317	0	T:10.0(6.37%),B:206.4(0.51%),P:1e-7	Tpos:486.4,Tstd:269.1,Bpos:514.1,Bstd:316.3,StrandBias:0.3,Multiplicity:1.10
0.854	0.144	0.001	0.001
0.997	0.001	0.001	0.001
0.001	0.001	0.001	0.997
0.001	0.001	0.903	0.095
0.997	0.001	0.001	0.001
0.070	0.001	0.001	0.928
0.928	0.001	0.001	0.070
0.123	0.001	0.001	0.875
0.001	0.001	0.001	0.997
0.001	0.001	0.150	0.848
0.001	0.897	0.101	0.001
0.001	0.001	0.910	0.088
>TCTTCAATTTTG	12-TCTTCAATTTTG	12.535467	-17.747739	0	T:17.0(10.83%),B:796.1(1.96%),P:1e-7	Tpos:425.7,Tstd:255.5,Bpos:520.7,Bstd:325.8,StrandBias:-1.0,Multiplicity:1.06
0.001	0.001	0.001	0.997
0.001	0.920	0.050	0.029
0.001	0.001	0.001	0.997
0.001	0.060	0.070	0.869
0.001	0.949	0.049	0.001
0.930	0.001	0.001	0.068
0.954	0.001	0.001	0.044
0.053	0.070	0.090	0.787
0.001	0.106	0.001	0.892
0.001	0.001	0.091	0.907
0.001	0.063	0.001	0.935
0.046	0.051	0.902	0.001
>GAACAAGAGAGA	13-GAACAAGAGAGA	13.611551	-17.705977	0	T:11.0(7.01%),B:280.7(0.69%),P:1e-7	Tpos:624.7,Tstd:290.2,Bpos:565.8,Bstd:339.6,StrandBias:-1.4,Multiplicity:1.00
0.001	0.001	0.997	0.001
0.997	0.001	0.001	0.001
0.789	0.001	0.209	0.001
0.215	0.661	0.123	0.001
0.997	0.001	0.001	0.001
0.789	0.001	0.001	0.209
0.001	0.001	0.997	0.001
0.997	0.001	0.001	0.001
0.001	0.001	0.997	0.001
0.997	0.001	0.001	0.001
0.121	0.001	0.877	0.001
0.997	0.001	0.001	0.001
>GACGACGAGAMT	14-GACGACGAGAMT	9.847156	-17.446318	0	T:19.0(12.10%),B:1029.8(2.54%),P:1e-7	Tpos:566.1,Tstd:289.3,Bpos:525.2,Bstd:342.8,StrandBias:0.1,Multiplicity:1.21
0.001	0.001	0.997	0.001
0.898	0.100	0.001	0.001
0.004	0.937	0.001	0.058
0.001	0.100	0.898	0.001
0.710	0.283	0.003	0.004
0.181	0.635	0.133	0.051
0.307	0.001	0.688	0.004
0.591	0.101	0.192	0.116
0.049	0.001	0.949	0.001
0.997	0.001	0.001	0.001
0.262	0.386	0.170	0.182
0.116	0.001	0.342	0.541
>GGTGTATTTTTT	15-GGTGTATTTTTT	12.454442	-17.014022	0	T:14.0(8.92%),B:544.2(1.34%),P:1e-7	Tpos:559.9,Tstd:288.3,Bpos:489.2,Bstd:283.5,StrandBias:0.0,Multiplicity:1.00
0.047	0.071	0.846	0.036
0.001	0.079	0.919	0.001
0.001	0.001	0.001	0.997
0.092	0.001	0.861	0.046
0.001	0.001	0.092	0.906
0.946	0.001	0.001	0.052
0.001	0.001	0.001	0.997
0.105	0.156	0.001	0.738
0.001	0.001	0.001	0.997
0.001	0.001	0.001	0.997
0.137	0.001	0.001	0.861
0.001	0.001	0.001	0.997
>GCCKGAAAATAA	16-GCCKGAAAATAA	10.739197	-16.816549	0	T:19.0(12.10%),B:1072.3(2.64%),P:1e-7	Tpos:503.4,Tstd:277.3,Bpos:528.6,Bstd:327.4,StrandBias:0.7,Multiplicity:1.11
0.052	0.143	0.804	0.001
0.001	0.835	0.053	0.111
0.068	0.871	0.060	0.001
0.001	0.121	0.379	0.499
0.391	0.001	0.607	0.001
0.837	0.004	0.001	0.158
0.997	0.001	0.001	0.001
0.790	0.001	0.102	0.107
0.725	0.001	0.001	0.273
0.003	0.130	0.001	0.866
0.579	0.419	0.001	0.001
0.996	0.001	0.002	0.001
>AAAAAATCACCA	17-AAAAAATCACCA	12.493722	-16.748539	0	T:16.0(10.19%),B:750.7(1.85%),P:1e-7	Tpos:499.9,Tstd:270.0,Bpos:488.7,Bstd:309.0,StrandBias:-0.3,Multiplicity:1.12
0.914	0.001	0.084	0.001
0.997	0.001	0.001	0.001
0.997	0.001	0.001	0.001
0.997	0.001	0.001	0.001
0.861	0.137	0.001	0.001
0.931	0.001	0.001	0.067
0.046	0.001	0.001	0.952
0.051	0.908	0.001	0.040
0.837	0.161	0.001	0.001
0.107	0.847	0.001	0.045
0.016	0.907	0.038	0.039
0.894	0.104	0.001	0.001
>GTAAAATTCTCA	18-GTAAAATTCTCA	12.968344	-16.644503	0	T:11.0(7.01%),B:312.1(0.77%),P:1e-7	Tpos:407.2,Tstd:300.6,Bpos:494.7,Bstd:312.1,StrandBias:0.0,Multiplicity:1.09
0.001	0.001	0.934	0.064
0.001	0.082	0.001	0.916
0.997	0.001	0.001	0.001
0.997	0.001	0.001	0.001
0.818	0.180	0.001	0.001
0.885	0.001	0.001	0.113
0.001	0.001	0.001	0.997
0.001	0.001	0.001	0.997
0.092	0.805	0.001	0.102
0.001	0.001	0.001	0.997
0.001	0.891	0.107	0.001
0.852	0.001	0.001	0.146
>GGCAGACCTAGT	19-GGCAGACCTAGT	12.455775	-13.625205	0	T:4.0(2.55%),B:17.2(0.04%),P:1e-5	Tpos:547.2,Tstd:193.1,Bpos:433.0,Bstd:321.7,StrandBias:1.6,Multiplicity:2.00
0.001	0.001	0.997	0.001
0.001	0.001	0.997	0.001
0.311	0.687	0.001	0.001
0.997	0.001	0.001	0.001
0.001	0.001	0.997	0.001
0.688	0.145	0.001	0.166
0.001	0.833	0.165	0.001
0.001	0.997	0.001	0.001
0.001	0.001	0.001	0.997
0.997	0.001	0.001	0.001
0.001	0.001	0.833	0.165
0.001	0.001	0.001	0.997
>ATTTTTTTCTCC	20-ATTTTTTTCTCC	12.065628	-10.477006	0	T:25.0(15.92%),B:2616.4(6.45%),P:1e-4	Tpos:533.7,Tstd:273.0,Bpos:527.3,Bstd:322.0,StrandBias:0.7,Multiplicity:1.24
0.627	0.371	0.001	0.001
0.244	0.001	0.001	0.754
0.336	0.001	0.001	0.662
0.001	0.001	0.001	0.997
0.001	0.001	0.001	0.997
0.001	0.001	0.001	0.997
0.001	0.001	0.001	0.997
0.001	0.001	0.001	0.997
0.001	0.997	0.001	0.001
0.001	0.241	0.001	0.757
0.230	0.464	0.097	0.209
0.336	0.608	0.001	0.055
>ACCTTTCCWAAA	21-ACCTTTCCWAAA	11.530796	-9.917338	0	T:16.0(10.19%),B:1291.2(3.18%),P:1e-4	Tpos:443.7,Tstd:262.0,Bpos:497.5,Bstd:301.4,StrandBias:0.3,Multiplicity:1.12
0.790	0.001	0.001	0.208
0.181	0.805	0.013	0.001
0.226	0.566	0.001	0.207
0.001	0.001	0.005	0.993
0.142	0.001	0.001	0.856
0.001	0.214	0.001	0.784
0.189	0.761	0.001	0.049
0.198	0.800	0.001	0.001
0.445	0.001	0.001	0.553
0.977	0.001	0.021	0.001
0.997	0.001	0.001	0.001
0.970	0.009	0.016	0.005
>TTTCGATGTAAA	22-TTTCGATGTAAA	15.484687	-9.140400	0	T:3.0(1.91%),B:21.1(0.05%),P:1e-3	Tpos:607.6,Tstd:276.0,Bpos:609.6,Bstd:201.6,StrandBias:0.6,Multiplicity:1.67
0.001	0.001	0.001	0.997
0.001	0.001	0.001	0.997
0.001	0.001	0.001	0.997
0.001	0.997	0.001	0.001
0.001	0.001	0.997	0.001
0.997	0.001	0.001	0.001
0.001	0.001	0.001	0.997
0.001	0.001	0.997	0.001
0.001	0.001	0.001	0.997
0.997	0.001	0.001	0.001
0.671	0.001	0.001	0.327
0.997	0.001	0.001	0.001
>GCAGTCATGTTA	23-GCAGTCATGTTA	12.722634	-8.827761	0	T:2.0(1.27%),B:3.2(0.01%),P:1e-3	Tpos:493.7,Tstd:72.9,Bpos:484.8,Bstd:301.9,StrandBias:3.7,Multiplicity:7.00
0.001	0.001	0.997	0.001
0.001	0.997	0.001	0.001
0.997	0.001	0.001	0.001
0.001	0.001	0.997	0.001
0.001	0.001	0.001	0.997
0.001	0.997	0.001	0.001
0.997	0.001	0.001	0.001
0.144	0.001	0.025	0.830
0.001	0.001	0.997	0.001
0.001	0.001	0.001	0.997
0.001	0.001	0.001	0.997
0.855	0.001	0.143	0.001
>CTCCTCCTCCTC	24-CTCCTCCTCCTC	11.553633	-8.497667	0	T:9.0(5.73%),B:512.2(1.26%),P:1e-3	Tpos:458.7,Tstd:261.0,Bpos:573.7,Bstd:359.8,StrandBias:0.7,Multiplicity:1.00
0.001	0.875	0.001	0.123
0.087	0.001	0.001	0.911
0.001	0.997	0.001	0.001
0.001	0.997	0.001	0.001
0.060	0.001	0.001	0.938
0.001	0.909	0.001	0.089
0.001	0.997	0.001	0.001
0.001	0.001	0.001	0.997
0.001	0.755	0.101	0.143
0.001	0.997	0.001	0.001
0.001	0.071	0.105	0.823
0.001	0.825	0.108	0.066
>AGCAGACCCATG	25-AGCAGACCCATG	7.356449	-6.982234	0	T:24.0(15.29%),B:3102.5(7.65%),P:1e-3	Tpos:497.5,Tstd:239.5,Bpos:497.8,Bstd:315.9,StrandBias:0.0,Multiplicity:1.50
0.763	0.075	0.050	0.112
0.064	0.130	0.783	0.023
0.144	0.759	0.047	0.050
0.900	0.001	0.073	0.026
0.156	0.094	0.631	0.119
0.866	0.027	0.022	0.085
0.041	0.747	0.077	0.135
0.117	0.684	0.067	0.132
0.145	0.635	0.157	0.063
0.646	0.124	0.094	0.136
0.045	0.043	0.045	0.867
0.018	0.105	0.724	0.153
