>GCTGGTGCCC	1-GCTGGTGCCC	10.731890	-24.025645	0	T:10.0(7.25%),B:124.2(0.31%),P:1e-10	Tpos:328.9,Tstd:250.7,Bpos:478.0,Bstd:300.1,StrandBias:1.2,Multiplicity:1.00
0.121	0.001	0.877	0.001
0.001	0.780	0.001	0.218
0.001	0.001	0.001	0.997
0.001	0.001	0.997	0.001
0.001	0.266	0.732	0.001
0.102	0.001	0.001	0.896
0.001	0.001	0.997	0.001
0.001	0.997	0.001	0.001
0.001	0.997	0.001	0.001
0.130	0.868	0.001	0.001
>CCCCATCCTG	2-CCCCATCCTG	10.292191	-22.190300	0	T:12.0(8.70%),B:266.8(0.66%),P:1e-9	Tpos:447.6,Tstd:272.8,Bpos:480.0,Bstd:312.4,StrandBias:1.2,Multiplicity:1.08
0.082	0.842	0.001	0.075
0.099	0.899	0.001	0.001
0.080	0.918	0.001	0.001
0.001	0.997	0.001	0.001
0.889	0.001	0.109	0.001
0.001	0.001	0.001	0.997
0.001	0.928	0.001	0.070
0.001	0.997	0.001	0.001
0.106	0.001	0.001	0.892
0.113	0.076	0.736	0.075
>GAACTGATTA	3-GAACTGATTA	9.285852	-17.231703	0	T:22.0(15.94%),B:1607.9(3.96%),P:1e-7	Tpos:542.1,Tstd:285.0,Bpos:518.0,Bstd:297.1,StrandBias:-0.2,Multiplicity:1.09
0.059	0.001	0.890	0.050
0.914	0.084	0.001	0.001
0.836	0.091	0.001	0.072
0.025	0.870	0.066	0.039
0.001	0.001	0.001	0.997
0.055	0.060	0.884	0.001
0.855	0.001	0.085	0.059
0.001	0.001	0.001	0.997
0.022	0.001	0.001	0.976
0.825	0.128	0.046	0.001
>GTTTTCCGAT	4-GTTTTCCGAT	9.338114	-16.194039	0	T:20.0(14.49%),B:1418.8(3.50%),P:1e-7	Tpos:596.0,Tstd:260.0,Bpos:505.9,Bstd:302.4,StrandBias:0.6,Multiplicity:1.00
0.001	0.001	0.997	0.001
0.001	0.095	0.001	0.903
0.098	0.001	0.001	0.900
0.001	0.001	0.001	0.997
0.001	0.001	0.101	0.897
0.001	0.997	0.001	0.001
0.001	0.997	0.001	0.001
0.139	0.001	0.770	0.090
0.997	0.001	0.001	0.001
0.001	0.001	0.001	0.997
>TTTTCGTGTS	5-TTTTCGTGTS	10.012249	-15.618458	0	T:35.0(25.36%),B:4021.0(9.91%),P:1e-6	Tpos:560.0,Tstd:255.7,Bpos:512.4,Bstd:308.2,StrandBias:0.6,Multiplicity:1.14
0.001	0.001	0.001	0.997
0.001	0.001	0.001	0.997
0.001	0.001	0.261	0.737
0.001	0.001	0.001	0.997
0.001	0.782	0.001	0.216
0.001	0.262	0.641	0.096
0.001	0.001	0.001	0.997
0.001	0.001	0.987	0.011
0.001	0.001	0.001	0.997
0.142	0.286	0.409	0.164
>AAACCGGTGT	6-AAACCGGTGT	10.434304	-13.378886	0	T:12.0(8.70%),B:610.2(1.50%),P:1e-5	Tpos:526.1,Tstd:300.6,Bpos:520.0,Bstd:312.8,StrandBias:-0.9,Multiplicity:1.17
0.997	0.001	0.001	0.001
0.997	0.001	0.001	0.001
0.997	0.001	0.001	0.001
0.072	0.739	0.001	0.188
0.092	0.906	0.001	0.001
0.001	0.001	0.933	0.065
0.001	0.001	0.917	0.081
0.092	0.001	0.001	0.906
0.116	0.001	0.716	0.167
0.001	0.001	0.001	0.997
>AGCAGTGACG	7-AGCAGTGACG	10.132173	-12.111380	0	T:9.0(6.52%),B:363.4(0.90%),P:1e-5	Tpos:517.1,Tstd:207.0,Bpos:474.0,Bstd:320.7,StrandBias:-0.4,Multiplicity:1.56
0.824	0.001	0.001	0.174
0.001	0.001	0.997	0.001
0.115	0.521	0.290	0.074
0.926	0.001	0.001	0.072
0.074	0.001	0.924	0.001
0.001	0.001	0.001	0.997
0.001	0.001	0.997	0.001
0.997	0.001	0.001	0.001
0.113	0.885	0.001	0.001
0.066	0.001	0.932	0.001
>ACAAACTACA	8-ACAAACTACA	10.459786	-11.847291	0	T:21.0(15.22%),B:2055.5(5.07%),P:1e-5	Tpos:618.8,Tstd:312.3,Bpos:513.6,Bstd:317.0,StrandBias:0.9,Multiplicity:1.48
0.968	0.001	0.001	0.030
0.166	0.793	0.040	0.001
0.997	0.001	0.001	0.001
0.997	0.001	0.001	0.001
0.997	0.001	0.001	0.001
0.001	0.997	0.001	0.001
0.089	0.001	0.081	0.829
0.915	0.001	0.001	0.083
0.001	0.940	0.058	0.001
0.997	0.001	0.001	0.001
>AACAAAAGAG	9-AACAAAAGAG	8.350283	-11.622003	0	T:50.0(36.23%),B:8168.2(20.14%),P:1e-5	Tpos:457.1,Tstd:302.3,Bpos:535.2,Bstd:315.4,StrandBias:-0.6,Multiplicity:1.20
0.700	0.100	0.100	0.100
0.700	0.100	0.100	0.100
0.100	0.700	0.100	0.100
0.700	0.100	0.100	0.100
0.700	0.100	0.100	0.100
0.700	0.100	0.100	0.100
0.700	0.100	0.100	0.100
0.100	0.100	0.700	0.100
0.700	0.100	0.100	0.100
0.100	0.100	0.700	0.100
>AATAGATTGT	10-AATAGATTGT	10.710032	-7.348031	0	T:9.0(6.52%),B:687.6(1.70%),P:1e-3	Tpos:484.1,Tstd:239.3,Bpos:488.1,Bstd:284.5,StrandBias:-0.7,Multiplicity:1.78
0.827	0.001	0.083	0.089
0.903	0.001	0.095	0.001
0.001	0.074	0.001	0.924
0.997	0.001	0.001	0.001
0.001	0.001	0.997	0.001
0.997	0.001	0.001	0.001
0.001	0.001	0.069	0.929
0.001	0.001	0.001	0.997
0.001	0.001	0.997	0.001
0.087	0.001	0.001	0.911
>YTGAGSCTCA	11-YTGAGSCTCA	9.114943	-4.765343	0	T:7.0(5.07%),B:670.4(1.65%),P:1e-2	Tpos:543.7,Tstd:265.3,Bpos:459.1,Bstd:319.5,StrandBias:0.2,Multiplicity:1.71
0.001	0.496	0.094	0.409
0.001	0.001	0.231	0.767
0.001	0.001	0.997	0.001
0.997	0.001	0.001	0.001
0.023	0.001	0.975	0.001
0.001	0.500	0.498	0.001
0.168	0.830	0.001	0.001
0.001	0.001	0.001	0.997
0.035	0.935	0.029	0.001
0.997	0.001	0.001	0.001
>GAAGATCMGA	12-GAAGATCMGA	8.968621	-3.197617	0	T:8.0(5.80%),B:1132.6(2.79%),P:1e-1	Tpos:427.4,Tstd:263.4,Bpos:504.2,Bstd:299.6,StrandBias:-3.2,Multiplicity:3.88
0.001	0.026	0.972	0.001
0.997	0.001	0.001	0.001
0.956	0.042	0.001	0.001
0.001	0.001	0.997	0.001
0.997	0.001	0.001	0.001
0.020	0.001	0.001	0.978
0.001	0.997	0.001	0.001
0.479	0.464	0.030	0.028
0.001	0.029	0.854	0.116
0.997	0.001	0.001	0.001
>GACGTAGCTG	13-GACGTAGCTG	13.784609	-2.772519	0	T:1.0(0.72%),B:18.3(0.05%),P:1e-1	Tpos:409.4,Tstd:284.0,Bpos:377.1,Bstd:235.7,StrandBias:-10.0,Multiplicity:15.00
0.001	0.001	0.997	0.001
0.950	0.001	0.048	0.001
0.001	0.997	0.001	0.001
0.001	0.001	0.997	0.001
0.001	0.001	0.001	0.997
0.997	0.001	0.001	0.001
0.001	0.001	0.997	0.001
0.001	0.997	0.001	0.001
0.001	0.001	0.001	0.997
0.001	0.001	0.997	0.001
>TCTTTTGTMTSA	1-TCTTTTGTMTSA	11.299849	-22.774593	0	T:14.0(10.14%),B:391.1(0.96%),P:1e-9	Tpos:624.0,Tstd:313.5,Bpos:516.5,Bstd:304.2,StrandBias:0.4,Multiplicity:1.00
0.001	0.001	0.001	0.997
0.298	0.535	0.166	0.001
0.001	0.001	0.001	0.997
0.001	0.001	0.408	0.590
0.001	0.001	0.001	0.997
0.001	0.001	0.255	0.743
0.001	0.001	0.997	0.001
0.001	0.001	0.001	0.997
0.558	0.440	0.001	0.001
0.001	0.124	0.001	0.874
0.001	0.428	0.570	0.001
0.704	0.001	0.170	0.125
>CTTTGRCGCAAA	2-CTTTGRCGCAAA	13.492681	-22.387708	0	T:5.0(3.62%),B:6.4(0.02%),P:1e-9	Tpos:426.2,Tstd:262.2,Bpos:571.3,Bstd:288.1,StrandBias:10.0,Multiplicity:1.00
0.001	0.997	0.001	0.001
0.001	0.001	0.001	0.997
0.001	0.001	0.001	0.997
0.001	0.001	0.001	0.997
0.166	0.001	0.832	0.001
0.435	0.001	0.563	0.001
0.216	0.782	0.001	0.001
0.001	0.001	0.832	0.166
0.001	0.699	0.001	0.299
0.782	0.216	0.001	0.001
0.735	0.263	0.001	0.001
0.997	0.001	0.001	0.001
>TAATTCTTTACT	3-TAATTCTTTACT	12.751321	-21.391434	0	T:10.0(7.25%),B:165.2(0.41%),P:1e-9	Tpos:537.4,Tstd:323.2,Bpos:515.1,Bstd:308.2,StrandBias:1.2,Multiplicity:1.00
0.001	0.001	0.156	0.842
0.622	0.376	0.001	0.001
0.912	0.001	0.001	0.086
0.001	0.001	0.001	0.997
0.001	0.001	0.001	0.997
0.001	0.997	0.001	0.001
0.198	0.001	0.001	0.800
0.001	0.285	0.001	0.713
0.001	0.001	0.001	0.997
0.997	0.001	0.001	0.001
0.183	0.815	0.001	0.001
0.001	0.001	0.001	0.997
>GTGACCTTTAGA	4-GTGACCTTTAGA	12.232837	-21.041120	0	T:8.0(5.80%),B:80.2(0.20%),P:1e-9	Tpos:495.9,Tstd:227.5,Bpos:570.7,Bstd:291.6,StrandBias:0.7,Multiplicity:1.00
0.301	0.001	0.697	0.001
0.001	0.001	0.001	0.997
0.001	0.001	0.997	0.001
0.997	0.001	0.001	0.001
0.001	0.997	0.001	0.001
0.337	0.559	0.001	0.103
0.001	0.001	0.001	0.997
0.001	0.001	0.001	0.997
0.001	0.001	0.001	0.997
0.997	0.001	0.001	0.001
0.097	0.244	0.518	0.141
0.716	0.001	0.001	0.282
>GTCTATTCAAAA	5-GTCTATTCAAAA	13.041120	-20.745455	0	T:10.0(7.25%),B:177.4(0.44%),P:1e-9	Tpos:442.2,Tstd:325.0,Bpos:487.4,Bstd:290.4,StrandBias:0.3,Multiplicity:1.10
0.001	0.001	0.960	0.038
0.001	0.001	0.113	0.885
0.001	0.796	0.001	0.202
0.001	0.001	0.001	0.997
0.812	0.064	0.123	0.001
0.001	0.099	0.001	0.899
0.001	0.157	0.123	0.719
0.001	0.997	0.001	0.001
0.997	0.001	0.001	0.001
0.997	0.001	0.001	0.001
0.997	0.001	0.001	0.001
0.997	0.001	0.001	0.001
>TGTTTCCATGAA	6-TGTTTCCATGAA	11.126234	-20.454953	0	T:20.0(14.49%),B:1092.6(2.69%),P:1e-8	Tpos:492.8,Tstd:309.4,Bpos:517.8,Bstd:307.3,StrandBias:0.0,Multiplicity:1.00
0.043	0.001	0.104	0.852
0.001	0.001	0.720	0.278
0.001	0.001	0.094	0.904
0.001	0.001	0.001	0.997
0.001	0.113	0.119	0.767
0.001	0.876	0.001	0.122
0.060	0.872	0.067	0.001
0.751	0.188	0.001	0.060
0.279	0.001	0.001	0.719
0.001	0.001	0.861	0.137
0.997	0.001	0.001	0.001
0.677	0.001	0.126	0.196
>CMGGTTTAAYAA	7-CMGGTTTAAYAA	11.988002	-19.398320	0	T:9.0(6.52%),B:148.3(0.37%),P:1e-8	Tpos:471.6,Tstd:280.1,Bpos:547.3,Bstd:258.7,StrandBias:0.3,Multiplicity:1.00
0.001	0.997	0.001	0.001
0.455	0.358	0.186	0.001
0.001	0.001	0.997	0.001
0.001	0.001	0.997	0.001
0.001	0.001	0.001	0.997
0.001	0.001	0.001	0.997
0.001	0.181	0.106	0.712
0.685	0.001	0.001	0.313
0.708	0.001	0.163	0.128
0.091	0.470	0.001	0.438
0.997	0.001	0.001	0.001
0.997	0.001	0.001	0.001
>AGAGAGTGAAGA	8-AGAGAGTGAAGA	10.178264	-19.333507	0	T:17.0(12.32%),B:817.3(2.01%),P:1e-8	Tpos:591.4,Tstd:285.8,Bpos:543.2,Bstd:322.3,StrandBias:-1.4,Multiplicity:1.06
0.736	0.114	0.149	0.001
0.001	0.001	0.898	0.100
0.836	0.001	0.076	0.087
0.055	0.001	0.873	0.071
0.928	0.001	0.070	0.001
0.073	0.177	0.719	0.031
0.027	0.001	0.001	0.971
0.001	0.086	0.912	0.001
0.793	0.102	0.001	0.104
0.768	0.101	0.030	0.101
0.026	0.100	0.873	0.001
0.709	0.001	0.100	0.190
>ATAGGATGGGGA	9-ATAGGATGGGGA	9.476369	-18.376498	0	T:13.0(9.42%),B:464.5(1.14%),P:1e-7	Tpos:538.4,Tstd:293.3,Bpos:494.6,Bstd:299.7,StrandBias:-2.7,Multiplicity:1.15
0.997	0.001	0.001	0.001
0.011	0.235	0.001	0.753
0.997	0.001	0.001	0.001
0.001	0.235	0.763	0.001
0.008	0.001	0.990	0.001
0.997	0.001	0.001	0.001
0.001	0.001	0.001	0.997
0.001	0.001	0.680	0.318
0.001	0.001	0.763	0.235
0.177	0.235	0.587	0.001
0.331	0.001	0.667	0.001
0.843	0.001	0.155	0.001
>ATCCCTCGCTAT	10-ATCCCTCGCTAT	14.382821	-17.967722	0	T:4.0(2.90%),B:5.5(0.01%),P:1e-7	Tpos:421.2,Tstd:238.4,Bpos:466.7,Bstd:263.2,StrandBias:1.6,Multiplicity:1.00
0.997	0.001	0.001	0.001
0.001	0.001	0.001	0.997
0.001	0.997	0.001	0.001
0.001	0.997	0.001	0.001
0.001	0.997	0.001	0.001
0.001	0.265	0.001	0.733
0.001	0.997	0.001	0.001
0.265	0.001	0.733	0.001
0.201	0.797	0.001	0.001
0.001	0.001	0.001	0.997
0.997	0.001	0.001	0.001
0.001	0.001	0.001	0.997
>ATTTTGACACTT	11-ATTTTGACACTT	12.833901	-17.705976	0	T:13.0(9.42%),B:492.4(1.21%),P:1e-7	Tpos:344.4,Tstd:276.8,Bpos:496.4,Bstd:306.9,StrandBias:0.8,Multiplicity:1.08
0.826	0.111	0.001	0.062
0.001	0.158	0.001	0.840
0.091	0.001	0.001	0.907
0.001	0.001	0.133	0.865
0.001	0.001	0.001	0.997
0.001	0.001	0.997	0.001
0.908	0.090	0.001	0.001
0.164	0.834	0.001	0.001
0.997	0.001	0.001	0.001
0.055	0.880	0.064	0.001
0.001	0.001	0.001	0.997
0.001	0.001	0.001	0.997
>ATATTTTTCTCG	12-ATATTTTTCTCG	12.530014	-17.489356	0	T:14.0(10.14%),B:599.7(1.48%),P:1e-7	Tpos:326.6,Tstd:218.2,Bpos:499.4,Bstd:318.2,StrandBias:-0.8,Multiplicity:1.00
0.997	0.001	0.001	0.001
0.063	0.062	0.001	0.874
0.843	0.111	0.001	0.045
0.083	0.131	0.001	0.785
0.098	0.001	0.001	0.900
0.001	0.135	0.001	0.863
0.001	0.001	0.001	0.997
0.001	0.001	0.001	0.997
0.001	0.954	0.001	0.044
0.001	0.001	0.001	0.997
0.060	0.880	0.001	0.059
0.039	0.001	0.959	0.001
>AACGAAAGTTGT	13-AACGAAAGTTGT	11.724438	-17.061417	0	T:10.0(7.25%),B:265.3(0.65%),P:1e-7	Tpos:464.3,Tstd:256.3,Bpos:492.3,Bstd:295.4,StrandBias:-0.8,Multiplicity:1.10
0.674	0.001	0.324	0.001
0.892	0.106	0.001	0.001
0.001	0.997	0.001	0.001
0.001	0.001	0.762	0.236
0.997	0.001	0.001	0.001
0.997	0.001	0.001	0.001
0.830	0.001	0.168	0.001
0.001	0.008	0.689	0.302
0.001	0.001	0.001	0.997
0.319	0.001	0.001	0.679
0.109	0.001	0.889	0.001
0.001	0.001	0.259	0.739
>STTTTTATTTGA	14-STTTTTATTTGA	11.894082	-16.620055	0	T:22.0(15.94%),B:1665.1(4.10%),P:1e-7	Tpos:514.0,Tstd:257.8,Bpos:531.4,Bstd:302.7,StrandBias:-0.7,Multiplicity:1.09
0.047	0.451	0.501	0.001
0.145	0.001	0.001	0.853
0.001	0.001	0.001	0.997
0.001	0.001	0.001	0.997
0.001	0.001	0.001	0.997
0.001	0.001	0.001	0.997
0.644	0.354	0.001	0.001
0.207	0.001	0.090	0.702
0.174	0.001	0.001	0.824
0.001	0.001	0.001	0.997
0.001	0.036	0.962	0.001
0.619	0.218	0.001	0.162
>AAAACTACAAAC	15-AAAACTACAAAC	11.854303	-15.448900	0	T:15.0(10.87%),B:826.6(2.04%),P:1e-6	Tpos:491.3,Tstd:355.1,Bpos:481.2,Bstd:304.1,StrandBias:-0.7,Multiplicity:1.40
0.909	0.028	0.062	0.001
0.830	0.001	0.078	0.091
0.823	0.001	0.101	0.075
0.997	0.001	0.001	0.001
0.037	0.899	0.063	0.001
0.052	0.065	0.001	0.882
0.915	0.001	0.051	0.033
0.022	0.924	0.053	0.001
0.927	0.001	0.071	0.001
0.921	0.077	0.001	0.001
0.997	0.001	0.001	0.001
0.001	0.997	0.001	0.001
>GAGAATATCAAG	16-GAGAATATCAAG	11.649921	-13.756496	0	T:9.0(6.52%),B:295.5(0.73%),P:1e-5	Tpos:308.6,Tstd:261.0,Bpos:460.7,Bstd:315.0,StrandBias:1.8,Multiplicity:1.00
0.001	0.234	0.764	0.001
0.997	0.001	0.001	0.001
0.001	0.001	0.997	0.001
0.498	0.001	0.288	0.213
0.786	0.212	0.001	0.001
0.126	0.001	0.001	0.872
0.786	0.001	0.001	0.212
0.001	0.001	0.001	0.997
0.158	0.606	0.001	0.235
0.997	0.001	0.001	0.001
0.997	0.001	0.001	0.001
0.001	0.001	0.997	0.001
>GTCTGGTCGTCA	17-GTCTGGTCGTCA	13.022936	-11.996106	0	T:3.0(2.17%),B:8.9(0.02%),P:1e-5	Tpos:568.4,Tstd:316.1,Bpos:542.1,Bstd:379.1,StrandBias:2.0,Multiplicity:1.67
0.338	0.001	0.660	0.001
0.001	0.001	0.001	0.997
0.001	0.997	0.001	0.001
0.001	0.001	0.001	0.997
0.001	0.255	0.743	0.001
0.338	0.001	0.660	0.001
0.338	0.001	0.001	0.660
0.001	0.997	0.001	0.001
0.001	0.001	0.997	0.001
0.001	0.001	0.338	0.660
0.001	0.997	0.001	0.001
0.743	0.255	0.001	0.001
>AATAATTTGTAT	18-AATAATTTGTAT	10.409522	-8.219691	0	T:15.0(10.87%),B:1540.0(3.80%),P:1e-3	Tpos:577.1,Tstd:224.7,Bpos:516.4,Bstd:288.0,StrandBias:0.5,Multiplicity:1.13
0.700	0.100	0.100	0.100
0.700	0.100	0.100	0.100
0.100	0.100	0.100	0.700
0.700	0.100	0.100	0.100
0.700	0.100	0.100	0.100
0.100	0.100	0.100	0.700
0.100	0.100	0.100	0.700
0.100	0.100	0.100	0.700
0.100	0.100	0.700	0.100
0.100	0.100	0.100	0.700
0.700	0.100	0.100	0.100
0.100	0.100	0.100	0.700
>CTTCCAGCTACG	19-CTTCCAGCTACG	16.169898	-4.995316	0	T:1.0(0.72%),B:1.7(0.00%),P:1e-2	Tpos:384.7,Tstd:278.1,Bpos:757.0,Bstd:0.0,StrandBias:10.0,Multiplicity:11.00
0.001	0.951	0.001	0.047
0.001	0.001	0.059	0.939
0.001	0.001	0.001	0.997
0.001	0.892	0.059	0.048
0.001	0.939	0.001	0.059
0.997	0.001	0.001	0.001
0.048	0.001	0.892	0.059
0.001	0.997	0.001	0.001
0.001	0.001	0.001	0.997
0.997	0.001	0.001	0.001
0.001	0.997	0.001	0.001
0.040	0.001	0.958	0.001
>AGCTGGAAGATC	20-AGCTGGAAGATC	1.152572	-4.545064	0	T:55.0(39.86%),B:12285.4(30.29%),P:1e-1	Tpos:520.8,Tstd:289.1,Bpos:500.1,Bstd:309.8,StrandBias:-1.1,Multiplicity:1.65
0.997	0.001	0.001	0.001
0.001	0.001	0.997	0.001
0.095	0.836	0.001	0.068
0.001	0.001	0.001	0.997
0.094	0.001	0.904	0.001
0.081	0.324	0.594	0.001
0.882	0.001	0.116	0.001
0.910	0.088	0.001	0.001
0.045	0.001	0.953	0.001
0.997	0.001	0.001	0.001
0.001	0.001	0.001	0.997
0.001	0.997	0.001	0.001
>GAGGAGTGACGT	21-GAGGAGTGACGT	10.386869	-4.357191	0	T:5.0(3.62%),B:402.7(0.99%),P:1e-1	Tpos:478.6,Tstd:175.3,Bpos:515.6,Bstd:339.6,StrandBias:0.8,Multiplicity:2.80
0.001	0.001	0.884	0.114
0.884	0.001	0.114	0.001
0.114	0.001	0.771	0.114
0.220	0.201	0.573	0.006
0.771	0.001	0.114	0.114
0.169	0.001	0.829	0.001
0.114	0.001	0.001	0.884
0.129	0.001	0.869	0.001
0.997	0.001	0.001	0.001
0.130	0.673	0.114	0.083
0.001	0.001	0.997	0.001
0.001	0.001	0.104	0.894
>TACTGCCC	1-TACTGCCC	7.023296	-19.042179	0	T:35.0(25.36%),B:3502.5(8.63%),P:1e-8	Tpos:527.2,Tstd:286.1,Bpos:506.0,Bstd:310.1,StrandBias:0.5,Multiplicity:1.11
0.173	0.058	0.022	0.747
0.790	0.022	0.166	0.022
0.001	0.944	0.001	0.054
0.001	0.062	0.001	0.936
0.023	0.001	0.975	0.001
0.047	0.926	0.026	0.001
0.061	0.765	0.023	0.151
0.001	0.937	0.061	0.001
>CTCTCTTT	2-CTCTCTTT	8.145908	-9.858012	0	T:62.0(44.93%),B:11755.7(28.98%),P:1e-4	Tpos:536.1,Tstd:304.9,Bpos:543.4,Bstd:318.2,StrandBias:1.1,Multiplicity:1.41
0.257	0.741	0.001	0.001
0.085	0.001	0.001	0.913
0.131	0.867	0.001	0.001
0.001	0.001	0.001	0.997
0.165	0.558	0.001	0.276
0.001	0.322	0.001	0.676
0.001	0.001	0.001	0.997
0.001	0.129	0.180	0.690
>AGAGATTG	3-AGAGATTG	8.099513	-8.854105	0	T:38.0(27.54%),B:6154.9(15.17%),P:1e-3	Tpos:556.4,Tstd:265.5,Bpos:519.1,Bstd:309.3,StrandBias:-0.5,Multiplicity:1.45
0.997	0.001	0.001	0.001
0.001	0.139	0.691	0.169
0.835	0.001	0.163	0.001
0.001	0.001	0.997	0.001
0.997	0.001	0.001	0.001
0.001	0.001	0.178	0.820
0.001	0.102	0.283	0.614
0.001	0.194	0.804	0.001
>GCCCTATC	4-GCCCTATC	9.337115	-8.724615	0	T:12.0(8.70%),B:988.2(2.44%),P:1e-3	Tpos:359.2,Tstd:210.1,Bpos:519.5,Bstd:319.6,StrandBias:-0.7,Multiplicity:1.08
0.213	0.001	0.785	0.001
0.001	0.997	0.001	0.001
0.001	0.997	0.001	0.001
0.001	0.612	0.001	0.386
0.001	0.001	0.001	0.997
0.997	0.001	0.001	0.001
0.001	0.001	0.001	0.997
0.001	0.632	0.001	0.366
>AAACTACA	5-AAACTACA	8.583201	-8.220863	0	T:39.0(28.26%),B:6581.3(16.22%),P:1e-3	Tpos:562.3,Tstd:306.9,Bpos:511.1,Bstd:305.6,StrandBias:0.0,Multiplicity:1.54
0.955	0.001	0.043	0.001
0.637	0.108	0.001	0.254
0.997	0.001	0.001	0.001
0.001	0.997	0.001	0.001
0.001	0.001	0.001	0.997
0.997	0.001	0.001	0.001
0.001	0.997	0.001	0.001
0.862	0.001	0.136	0.001
>GGAAGATC	6-GGAAGATC	8.236954	-0.984429	0	T:4.0(2.90%),B:908.6(2.24%),P:1e0	Tpos:482.7,Tstd:226.1,Bpos:481.0,Bstd:302.3,StrandBias:-3.9,Multiplicity:4.00
0.100	0.100	0.700	0.100
0.100	0.100	0.700	0.100
0.700	0.100	0.100	0.100
0.700	0.100	0.100	0.100
0.100	0.100	0.700	0.100
0.700	0.100	0.100	0.100
0.100	0.100	0.100	0.700
0.100	0.700	0.100	0.100
>CAGCTACG	7-CAGCTACG	8.236954	-0.599063	0	T:1.0(0.72%),B:233.9(0.58%),P:1e0	Tpos:402.7,Tstd:278.4,Bpos:487.8,Bstd:290.7,StrandBias:10.0,Multiplicity:17.00
0.100	0.700	0.100	0.100
0.700	0.100	0.100	0.100
0.100	0.100	0.700	0.100
0.100	0.700	0.100	0.100
0.100	0.100	0.100	0.700
0.700	0.100	0.100	0.100
0.100	0.700	0.100	0.100
0.100	0.100	0.700	0.100
