>GCTGGTGCCC	1-GCTGGTGCCC	10.731890	-24.025645	0	T:10.0(7.25%),B:124.2(0.31%),P:1e-10	Tpos:328.9,Tstd:250.7,Bpos:478.0,Bstd:300.1,StrandBias:1.2,Multiplicity:1.00
0.121	0.001	0.877	0.001
0.001	0.780	0.001	0.218
0.001	0.001	0.001	0.997
0.001	0.001	0.997	0.001
0.001	0.266	0.732	0.001
0.102	0.001	0.001	0.896
0.001	0.001	0.997	0.001
0.001	0.997	0.001	0.001
0.001	0.997	0.001	0.001
0.130	0.868	0.001	0.001
>CCCCATCCTG	2-CCCCATCCTG	10.292191	-22.190300	0	T:12.0(8.70%),B:266.8(0.66%),P:1e-9	Tpos:447.6,Tstd:272.8,Bpos:480.0,Bstd:312.4,StrandBias:1.2,Multiplicity:1.08
0.082	0.842	0.001	0.075
0.099	0.899	0.001	0.001
0.080	0.918	0.001	0.001
0.001	0.997	0.001	0.001
0.889	0.001	0.109	0.001
0.001	0.001	0.001	0.997
0.001	0.928	0.001	0.070
0.001	0.997	0.001	0.001
0.106	0.001	0.001	0.892
0.113	0.076	0.736	0.075
>GAACTGATTA	3-GAACTGATTA	9.285852	-17.231703	0	T:22.0(15.94%),B:1607.9(3.96%),P:1e-7	Tpos:542.1,Tstd:285.0,Bpos:518.0,Bstd:297.1,StrandBias:-0.2,Multiplicity:1.09
0.059	0.001	0.890	0.050
0.914	0.084	0.001	0.001
0.836	0.091	0.001	0.072
0.025	0.870	0.066	0.039
0.001	0.001	0.001	0.997
0.055	0.060	0.884	0.001
0.855	0.001	0.085	0.059
0.001	0.001	0.001	0.997
0.022	0.001	0.001	0.976
0.825	0.128	0.046	0.001
>GTTTTCCGAT	4-GTTTTCCGAT	9.338114	-16.194039	0	T:20.0(14.49%),B:1418.8(3.50%),P:1e-7	Tpos:596.0,Tstd:260.0,Bpos:505.9,Bstd:302.4,StrandBias:0.6,Multiplicity:1.00
0.001	0.001	0.997	0.001
0.001	0.095	0.001	0.903
0.098	0.001	0.001	0.900
0.001	0.001	0.001	0.997
0.001	0.001	0.101	0.897
0.001	0.997	0.001	0.001
0.001	0.997	0.001	0.001
0.139	0.001	0.770	0.090
0.997	0.001	0.001	0.001
0.001	0.001	0.001	0.997
>TTTTCGTGTS	5-TTTTCGTGTS	10.012249	-15.618458	0	T:35.0(25.36%),B:4021.0(9.91%),P:1e-6	Tpos:560.0,Tstd:255.7,Bpos:512.4,Bstd:308.2,StrandBias:0.6,Multiplicity:1.14
0.001	0.001	0.001	0.997
0.001	0.001	0.001	0.997
0.001	0.001	0.261	0.737
0.001	0.001	0.001	0.997
0.001	0.782	0.001	0.216
0.001	0.262	0.641	0.096
0.001	0.001	0.001	0.997
0.001	0.001	0.987	0.011
0.001	0.001	0.001	0.997
0.142	0.286	0.409	0.164
>AAACCGGTGT	6-AAACCGGTGT	10.434304	-13.378886	0	T:12.0(8.70%),B:610.2(1.50%),P:1e-5	Tpos:526.1,Tstd:300.6,Bpos:520.0,Bstd:312.8,StrandBias:-0.9,Multiplicity:1.17
0.997	0.001	0.001	0.001
0.997	0.001	0.001	0.001
0.997	0.001	0.001	0.001
0.072	0.739	0.001	0.188
0.092	0.906	0.001	0.001
0.001	0.001	0.933	0.065
0.001	0.001	0.917	0.081
0.092	0.001	0.001	0.906
0.116	0.001	0.716	0.167
0.001	0.001	0.001	0.997
>AGCAGTGACG	7-AGCAGTGACG	10.132173	-12.111380	0	T:9.0(6.52%),B:363.4(0.90%),P:1e-5	Tpos:517.1,Tstd:207.0,Bpos:474.0,Bstd:320.7,StrandBias:-0.4,Multiplicity:1.56
0.824	0.001	0.001	0.174
0.001	0.001	0.997	0.001
0.115	0.521	0.290	0.074
0.926	0.001	0.001	0.072
0.074	0.001	0.924	0.001
0.001	0.001	0.001	0.997
0.001	0.001	0.997	0.001
0.997	0.001	0.001	0.001
0.113	0.885	0.001	0.001
0.066	0.001	0.932	0.001
>ACAAACTACA	8-ACAAACTACA	10.459786	-11.847291	0	T:21.0(15.22%),B:2055.5(5.07%),P:1e-5	Tpos:618.8,Tstd:312.3,Bpos:513.6,Bstd:317.0,StrandBias:0.9,Multiplicity:1.48
0.968	0.001	0.001	0.030
0.166	0.793	0.040	0.001
0.997	0.001	0.001	0.001
0.997	0.001	0.001	0.001
0.997	0.001	0.001	0.001
0.001	0.997	0.001	0.001
0.089	0.001	0.081	0.829
0.915	0.001	0.001	0.083
0.001	0.940	0.058	0.001
0.997	0.001	0.001	0.001
>AACAAAAGAG	9-AACAAAAGAG	8.350283	-11.622003	0	T:50.0(36.23%),B:8168.2(20.14%),P:1e-5	Tpos:457.1,Tstd:302.3,Bpos:535.2,Bstd:315.4,StrandBias:-0.6,Multiplicity:1.20
0.700	0.100	0.100	0.100
0.700	0.100	0.100	0.100
0.100	0.700	0.100	0.100
0.700	0.100	0.100	0.100
0.700	0.100	0.100	0.100
0.700	0.100	0.100	0.100
0.700	0.100	0.100	0.100
0.100	0.100	0.700	0.100
0.700	0.100	0.100	0.100
0.100	0.100	0.700	0.100
>AATAGATTGT	10-AATAGATTGT	10.710032	-7.348031	0	T:9.0(6.52%),B:687.6(1.70%),P:1e-3	Tpos:484.1,Tstd:239.3,Bpos:488.1,Bstd:284.5,StrandBias:-0.7,Multiplicity:1.78
0.827	0.001	0.083	0.089
0.903	0.001	0.095	0.001
0.001	0.074	0.001	0.924
0.997	0.001	0.001	0.001
0.001	0.001	0.997	0.001
0.997	0.001	0.001	0.001
0.001	0.001	0.069	0.929
0.001	0.001	0.001	0.997
0.001	0.001	0.997	0.001
0.087	0.001	0.001	0.911
>YTGAGSCTCA	11-YTGAGSCTCA	9.114943	-4.765343	0	T:7.0(5.07%),B:670.4(1.65%),P:1e-2	Tpos:543.7,Tstd:265.3,Bpos:459.1,Bstd:319.5,StrandBias:0.2,Multiplicity:1.71
0.001	0.496	0.094	0.409
0.001	0.001	0.231	0.767
0.001	0.001	0.997	0.001
0.997	0.001	0.001	0.001
0.023	0.001	0.975	0.001
0.001	0.500	0.498	0.001
0.168	0.830	0.001	0.001
0.001	0.001	0.001	0.997
0.035	0.935	0.029	0.001
0.997	0.001	0.001	0.001
>GAAGATCMGA	12-GAAGATCMGA	8.968621	-3.197617	0	T:8.0(5.80%),B:1132.6(2.79%),P:1e-1	Tpos:427.4,Tstd:263.4,Bpos:504.2,Bstd:299.6,StrandBias:-3.2,Multiplicity:3.88
0.001	0.026	0.972	0.001
0.997	0.001	0.001	0.001
0.956	0.042	0.001	0.001
0.001	0.001	0.997	0.001
0.997	0.001	0.001	0.001
0.020	0.001	0.001	0.978
0.001	0.997	0.001	0.001
0.479	0.464	0.030	0.028
0.001	0.029	0.854	0.116
0.997	0.001	0.001	0.001
>GACGTAGCTG	13-GACGTAGCTG	13.784609	-2.772519	0	T:1.0(0.72%),B:18.3(0.05%),P:1e-1	Tpos:409.4,Tstd:284.0,Bpos:377.1,Bstd:235.7,StrandBias:-10.0,Multiplicity:15.00
0.001	0.001	0.997	0.001
0.950	0.001	0.048	0.001
0.001	0.997	0.001	0.001
0.001	0.001	0.997	0.001
0.001	0.001	0.001	0.997
0.997	0.001	0.001	0.001
0.001	0.001	0.997	0.001
0.001	0.997	0.001	0.001
0.001	0.001	0.001	0.997
0.001	0.001	0.997	0.001
