>TACTGCCC	1-TACTGCCC	7.023296	-19.042179	0	T:35.0(25.36%),B:3502.5(8.63%),P:1e-8	Tpos:527.2,Tstd:286.1,Bpos:506.0,Bstd:310.1,StrandBias:0.5,Multiplicity:1.11
0.173	0.058	0.022	0.747
0.790	0.022	0.166	0.022
0.001	0.944	0.001	0.054
0.001	0.062	0.001	0.936
0.023	0.001	0.975	0.001
0.047	0.926	0.026	0.001
0.061	0.765	0.023	0.151
0.001	0.937	0.061	0.001
>CTCTCTTT	2-CTCTCTTT	8.145908	-9.858012	0	T:62.0(44.93%),B:11755.7(28.98%),P:1e-4	Tpos:536.1,Tstd:304.9,Bpos:543.4,Bstd:318.2,StrandBias:1.1,Multiplicity:1.41
0.257	0.741	0.001	0.001
0.085	0.001	0.001	0.913
0.131	0.867	0.001	0.001
0.001	0.001	0.001	0.997
0.165	0.558	0.001	0.276
0.001	0.322	0.001	0.676
0.001	0.001	0.001	0.997
0.001	0.129	0.180	0.690
>AGAGATTG	3-AGAGATTG	8.099513	-8.854105	0	T:38.0(27.54%),B:6154.9(15.17%),P:1e-3	Tpos:556.4,Tstd:265.5,Bpos:519.1,Bstd:309.3,StrandBias:-0.5,Multiplicity:1.45
0.997	0.001	0.001	0.001
0.001	0.139	0.691	0.169
0.835	0.001	0.163	0.001
0.001	0.001	0.997	0.001
0.997	0.001	0.001	0.001
0.001	0.001	0.178	0.820
0.001	0.102	0.283	0.614
0.001	0.194	0.804	0.001
>GCCCTATC	4-GCCCTATC	9.337115	-8.724615	0	T:12.0(8.70%),B:988.2(2.44%),P:1e-3	Tpos:359.2,Tstd:210.1,Bpos:519.5,Bstd:319.6,StrandBias:-0.7,Multiplicity:1.08
0.213	0.001	0.785	0.001
0.001	0.997	0.001	0.001
0.001	0.997	0.001	0.001
0.001	0.612	0.001	0.386
0.001	0.001	0.001	0.997
0.997	0.001	0.001	0.001
0.001	0.001	0.001	0.997
0.001	0.632	0.001	0.366
>AAACTACA	5-AAACTACA	8.583201	-8.220863	0	T:39.0(28.26%),B:6581.3(16.22%),P:1e-3	Tpos:562.3,Tstd:306.9,Bpos:511.1,Bstd:305.6,StrandBias:0.0,Multiplicity:1.54
0.955	0.001	0.043	0.001
0.637	0.108	0.001	0.254
0.997	0.001	0.001	0.001
0.001	0.997	0.001	0.001
0.001	0.001	0.001	0.997
0.997	0.001	0.001	0.001
0.001	0.997	0.001	0.001
0.862	0.001	0.136	0.001
>GGAAGATC	6-GGAAGATC	8.236954	-0.984429	0	T:4.0(2.90%),B:908.6(2.24%),P:1e0	Tpos:482.7,Tstd:226.1,Bpos:481.0,Bstd:302.3,StrandBias:-3.9,Multiplicity:4.00
0.100	0.100	0.700	0.100
0.100	0.100	0.700	0.100
0.700	0.100	0.100	0.100
0.700	0.100	0.100	0.100
0.100	0.100	0.700	0.100
0.700	0.100	0.100	0.100
0.100	0.100	0.100	0.700
0.100	0.700	0.100	0.100
>CAGCTACG	7-CAGCTACG	8.236954	-0.599063	0	T:1.0(0.72%),B:233.9(0.58%),P:1e0	Tpos:402.7,Tstd:278.4,Bpos:487.8,Bstd:290.7,StrandBias:10.0,Multiplicity:17.00
0.100	0.700	0.100	0.100
0.700	0.100	0.100	0.100
0.100	0.100	0.700	0.100
0.100	0.700	0.100	0.100
0.100	0.100	0.100	0.700
0.700	0.100	0.100	0.100
0.100	0.700	0.100	0.100
0.100	0.100	0.700	0.100
