>TCTTATCAGT	1-TCTTATCAGT	7.272698	-40.574607	0	T:76.0(54.29%),B:8590.4(20.61%),P:1e-17	Tpos:645.7,Tstd:283.9,Bpos:539.7,Bstd:322.4,StrandBias:0.4,Multiplicity:1.30
0.078	0.122	0.068	0.732
0.056	0.794	0.075	0.075
0.035	0.025	0.087	0.853
0.056	0.030	0.091	0.823
0.802	0.078	0.074	0.046
0.064	0.043	0.048	0.845
0.049	0.834	0.032	0.085
0.825	0.050	0.048	0.077
0.090	0.087	0.735	0.088
0.093	0.104	0.041	0.762
>ACAACGTGGT	2-ACAACGTGGT	6.924346	-38.775782	0	T:63.0(45.00%),B:6153.5(14.76%),P:1e-16	Tpos:605.2,Tstd:290.8,Bpos:515.1,Bstd:306.0,StrandBias:-0.4,Multiplicity:1.18
0.709	0.001	0.289	0.001
0.332	0.568	0.001	0.099
0.642	0.356	0.001	0.001
0.510	0.146	0.249	0.095
0.045	0.837	0.001	0.117
0.129	0.018	0.840	0.013
0.063	0.001	0.001	0.935
0.136	0.082	0.728	0.054
0.054	0.314	0.580	0.052
0.070	0.152	0.288	0.490
>CACGWGGMAA	3-CACGWGGMAA	7.438011	-28.111516	0	T:27.0(19.29%),B:1453.9(3.49%),P:1e-12	Tpos:599.8,Tstd:246.6,Bpos:500.7,Bstd:307.1,StrandBias:-0.7,Multiplicity:1.07
0.260	0.663	0.029	0.048
0.671	0.053	0.208	0.068
0.026	0.596	0.161	0.217
0.014	0.271	0.687	0.028
0.514	0.058	0.012	0.416
0.045	0.066	0.825	0.064
0.033	0.029	0.634	0.304
0.308	0.441	0.062	0.189
0.520	0.241	0.190	0.049
0.488	0.140	0.322	0.050
>TACTTGATCA	4-TACTTGATCA	9.620357	-28.042056	0	T:23.0(16.43%),B:1006.8(2.42%),P:1e-12	Tpos:555.3,Tstd:286.4,Bpos:488.6,Bstd:306.7,StrandBias:-1.2,Multiplicity:1.00
0.001	0.048	0.001	0.950
0.941	0.057	0.001	0.001
0.029	0.781	0.189	0.001
0.001	0.145	0.001	0.853
0.001	0.001	0.001	0.997
0.044	0.036	0.892	0.028
0.810	0.048	0.054	0.088
0.030	0.001	0.001	0.968
0.025	0.933	0.041	0.001
0.919	0.001	0.079	0.001
>AMACACGTGT	5-AMACACGTGT	9.244346	-26.968534	0	T:19.0(13.57%),B:665.7(1.60%),P:1e-11	Tpos:721.5,Tstd:208.8,Bpos:520.7,Bstd:320.1,StrandBias:0.4,Multiplicity:1.00
0.760	0.001	0.001	0.238
0.393	0.481	0.125	0.001
0.702	0.001	0.125	0.172
0.001	0.997	0.001	0.001
0.997	0.001	0.001	0.001
0.001	0.997	0.001	0.001
0.001	0.001	0.997	0.001
0.001	0.001	0.001	0.997
0.001	0.001	0.997	0.001
0.001	0.153	0.001	0.845
>TACAATGTAG	6-TACAATGTAG	5.676079	-21.747589	0	T:23.0(16.43%),B:1389.8(3.33%),P:1e-9	Tpos:502.5,Tstd:279.1,Bpos:510.8,Bstd:304.0,StrandBias:-0.4,Multiplicity:1.17
0.001	0.001	0.001	0.997
0.643	0.001	0.001	0.355
0.001	0.997	0.001	0.001
0.580	0.001	0.153	0.266
0.490	0.185	0.001	0.324
0.001	0.001	0.001	0.997
0.001	0.001	0.997	0.001
0.001	0.001	0.001	0.997
0.997	0.001	0.001	0.001
0.001	0.001	0.997	0.001
>CCTTACAAAT	7-CCTTACAAAT	9.861823	-21.287077	0	T:25.0(17.86%),B:1692.6(4.06%),P:1e-9	Tpos:492.0,Tstd:281.7,Bpos:476.0,Bstd:302.4,StrandBias:0.9,Multiplicity:1.04
0.100	0.791	0.001	0.108
0.001	0.926	0.001	0.072
0.001	0.120	0.001	0.878
0.067	0.001	0.077	0.855
0.909	0.001	0.001	0.089
0.001	0.936	0.001	0.062
0.885	0.113	0.001	0.001
0.997	0.001	0.001	0.001
0.943	0.001	0.001	0.055
0.047	0.001	0.001	0.951
>AACTATCTGT	8-AACTATCTGT	9.852485	-20.401657	0	T:21.0(15.00%),B:1232.3(2.96%),P:1e-8	Tpos:446.0,Tstd:330.4,Bpos:502.3,Bstd:316.0,StrandBias:-0.1,Multiplicity:1.05
0.879	0.001	0.001	0.119
0.921	0.077	0.001	0.001
0.022	0.880	0.068	0.030
0.045	0.001	0.090	0.864
0.997	0.001	0.001	0.001
0.048	0.001	0.001	0.950
0.001	0.893	0.051	0.055
0.056	0.001	0.001	0.942
0.001	0.135	0.758	0.106
0.033	0.001	0.001	0.965
>CAGTACGCAG	9-CAGTACGCAG	10.452887	-20.152268	0	T:11.0(7.86%),B:255.0(0.61%),P:1e-8	Tpos:538.3,Tstd:296.8,Bpos:502.7,Bstd:305.6,StrandBias:0.8,Multiplicity:1.00
0.001	0.997	0.001	0.001
0.997	0.001	0.001	0.001
0.001	0.116	0.882	0.001
0.107	0.001	0.137	0.755
0.891	0.001	0.001	0.107
0.001	0.797	0.123	0.079
0.081	0.001	0.917	0.001
0.001	0.997	0.001	0.001
0.997	0.001	0.001	0.001
0.001	0.001	0.873	0.125
>GCTTTTTGAT	10-GCTTTTTGAT	8.810029	-19.432803	0	T:40.0(28.57%),B:4413.2(10.59%),P:1e-8	Tpos:442.6,Tstd:280.8,Bpos:499.7,Bstd:300.2,StrandBias:0.2,Multiplicity:1.15
0.088	0.072	0.839	0.001
0.084	0.914	0.001	0.001
0.143	0.001	0.067	0.789
0.046	0.001	0.077	0.876
0.001	0.001	0.053	0.945
0.001	0.054	0.059	0.886
0.001	0.001	0.061	0.937
0.028	0.001	0.970	0.001
0.997	0.001	0.001	0.001
0.078	0.001	0.085	0.836
>CGGAGAGTGT	11-CGGAGAGTGT	10.324945	-18.106493	0	T:13.0(9.29%),B:481.5(1.16%),P:1e-7	Tpos:467.0,Tstd:319.0,Bpos:522.7,Bstd:309.3,StrandBias:0.0,Multiplicity:1.08
0.001	0.923	0.001	0.075
0.075	0.001	0.923	0.001
0.081	0.001	0.917	0.001
0.874	0.001	0.001	0.124
0.001	0.108	0.890	0.001
0.997	0.001	0.001	0.001
0.073	0.001	0.925	0.001
0.001	0.001	0.001	0.997
0.102	0.001	0.735	0.162
0.101	0.001	0.001	0.897
>ACGTGACAAT	12-ACGTGACAAT	10.033750	-17.700216	0	T:14.0(10.00%),B:596.7(1.43%),P:1e-7	Tpos:466.6,Tstd:287.4,Bpos:500.4,Bstd:321.2,StrandBias:-0.2,Multiplicity:1.25
0.997	0.001	0.001	0.001
0.029	0.969	0.001	0.001
0.001	0.001	0.964	0.034
0.047	0.001	0.106	0.846
0.001	0.248	0.750	0.001
0.944	0.001	0.054	0.001
0.016	0.925	0.058	0.001
0.839	0.001	0.093	0.067
0.880	0.001	0.069	0.050
0.001	0.001	0.001	0.997
>CTTTCCTGMA	13-CTTTCCTGMA	9.765630	-16.623559	0	T:17.0(12.14%),B:1000.5(2.40%),P:1e-7	Tpos:427.4,Tstd:293.6,Bpos:512.4,Bstd:304.2,StrandBias:1.0,Multiplicity:1.24
0.001	0.901	0.097	0.001
0.001	0.001	0.352	0.646
0.001	0.001	0.001	0.997
0.001	0.001	0.378	0.620
0.001	0.997	0.001	0.001
0.001	0.997	0.001	0.001
0.001	0.001	0.001	0.997
0.001	0.001	0.903	0.095
0.412	0.486	0.001	0.101
0.511	0.213	0.001	0.275
>CAAACATAAT	14-CAAACATAAT	8.789671	-15.723943	0	T:53.0(37.86%),B:7897.2(18.95%),P:1e-6	Tpos:480.5,Tstd:260.3,Bpos:508.2,Bstd:304.4,StrandBias:0.2,Multiplicity:1.13
0.059	0.680	0.046	0.215
0.810	0.188	0.001	0.001
0.962	0.001	0.001	0.036
0.874	0.034	0.047	0.045
0.075	0.654	0.084	0.187
0.968	0.001	0.001	0.030
0.002	0.064	0.041	0.893
0.708	0.179	0.001	0.112
0.753	0.203	0.043	0.001
0.205	0.001	0.077	0.717
>TGACTCGATT	15-TGACTCGATT	9.668186	-15.055817	0	T:18.0(12.86%),B:1256.8(3.02%),P:1e-6	Tpos:617.0,Tstd:296.8,Bpos:505.2,Bstd:313.3,StrandBias:0.7,Multiplicity:1.11
0.001	0.091	0.001	0.907
0.001	0.058	0.940	0.001
0.944	0.001	0.001	0.054
0.043	0.806	0.069	0.082
0.061	0.001	0.001	0.937
0.001	0.950	0.001	0.048
0.040	0.001	0.958	0.001
0.738	0.098	0.097	0.067
0.001	0.001	0.111	0.887
0.001	0.001	0.001	0.997
>CTTTTAKCAS	16-CTTTTAKCAS	9.785358	-14.856094	0	T:13.0(9.29%),B:642.7(1.54%),P:1e-6	Tpos:612.4,Tstd:233.9,Bpos:484.2,Bstd:322.9,StrandBias:0.0,Multiplicity:1.00
0.049	0.949	0.001	0.001
0.001	0.153	0.001	0.845
0.001	0.001	0.001	0.997
0.001	0.001	0.132	0.866
0.129	0.001	0.001	0.869
0.843	0.001	0.155	0.001
0.001	0.001	0.559	0.439
0.071	0.791	0.137	0.001
0.890	0.108	0.001	0.001
0.001	0.572	0.426	0.001
>AGGTCAAATT	17-AGGTCAAATT	10.356482	-10.273784	0	T:15.0(10.71%),B:1291.4(3.10%),P:1e-4	Tpos:557.6,Tstd:272.6,Bpos:495.7,Bstd:304.6,StrandBias:-0.7,Multiplicity:1.40
0.795	0.203	0.001	0.001
0.001	0.001	0.930	0.068
0.001	0.001	0.942	0.056
0.077	0.087	0.001	0.835
0.110	0.830	0.001	0.059
0.885	0.001	0.001	0.113
0.997	0.001	0.001	0.001
0.997	0.001	0.001	0.001
0.001	0.001	0.001	0.997
0.001	0.001	0.001	0.997
>ATCCCCGAGG	18-ATCCCCGAGG	11.420779	-8.764781	0	T:4.0(2.86%),B:76.1(0.18%),P:1e-3	Tpos:415.9,Tstd:268.2,Bpos:432.5,Bstd:257.8,StrandBias:1.3,Multiplicity:1.75
0.997	0.001	0.001	0.001
0.001	0.164	0.001	0.834
0.001	0.997	0.001	0.001
0.001	0.873	0.001	0.125
0.146	0.852	0.001	0.001
0.001	0.997	0.001	0.001
0.001	0.001	0.997	0.001
0.997	0.001	0.001	0.001
0.001	0.001	0.997	0.001
0.001	0.001	0.997	0.001
>ATTGTTACAC	19-ATTGTTACAC	10.734809	-5.962174	0	T:4.0(2.86%),B:165.7(0.40%),P:1e-2	Tpos:421.1,Tstd:156.7,Bpos:418.4,Bstd:278.9,StrandBias:3.4,Multiplicity:5.75
0.997	0.001	0.001	0.001
0.001	0.001	0.001	0.997
0.001	0.001	0.001	0.997
0.001	0.001	0.997	0.001
0.001	0.001	0.001	0.997
0.001	0.001	0.001	0.997
0.997	0.001	0.001	0.001
0.001	0.997	0.001	0.001
0.953	0.045	0.001	0.001
0.001	0.997	0.001	0.001
>ACCGGACGAT	20-ACCGGACGAT	10.296193	-3.515639	0	T:1.0(0.71%),B:8.6(0.02%),P:1e-1	Tpos:604.5,Tstd:113.6,Bpos:584.4,Bstd:166.8,StrandBias:0.0,Multiplicity:4.00
0.700	0.100	0.100	0.100
0.100	0.700	0.100	0.100
0.100	0.700	0.100	0.100
0.100	0.100	0.700	0.100
0.100	0.100	0.700	0.100
0.700	0.100	0.100	0.100
0.100	0.700	0.100	0.100
0.100	0.100	0.700	0.100
0.700	0.100	0.100	0.100
0.100	0.100	0.100	0.700
>ATTGATAAGGAV	1-ATTGATAAGGAV	7.467750	-33.388091	0	T:86.0(61.43%),B:12178.4(29.22%),P:1e-14	Tpos:616.1,Tstd:283.5,Bpos:538.8,Bstd:317.4,StrandBias:-0.3,Multiplicity:1.33
0.628	0.199	0.172	0.001
0.159	0.169	0.201	0.471
0.131	0.199	0.001	0.669
0.001	0.064	0.858	0.077
0.997	0.001	0.001	0.001
0.140	0.001	0.001	0.858
0.645	0.227	0.050	0.078
0.912	0.001	0.001	0.086
0.102	0.328	0.556	0.014
0.311	0.001	0.475	0.214
0.469	0.173	0.201	0.157
0.209	0.322	0.330	0.139
>CACAYGTGWTTA	2-CACAYGTGWTTA	11.854706	-28.406332	0	T:10.0(7.14%),B:78.3(0.19%),P:1e-12	Tpos:705.0,Tstd:242.5,Bpos:558.1,Bstd:304.8,StrandBias:0.5,Multiplicity:1.00
0.071	0.927	0.001	0.001
0.997	0.001	0.001	0.001
0.001	0.997	0.001	0.001
0.642	0.001	0.356	0.001
0.001	0.521	0.001	0.477
0.001	0.001	0.997	0.001
0.001	0.001	0.001	0.997
0.001	0.001	0.997	0.001
0.403	0.117	0.133	0.348
0.001	0.001	0.001	0.997
0.107	0.217	0.001	0.675
0.767	0.001	0.231	0.001
>GACTACACTGTA	3-GACTACACTGTA	9.504350	-26.791971	0	T:19.0(13.57%),B:672.2(1.61%),P:1e-11	Tpos:587.8,Tstd:261.8,Bpos:516.1,Bstd:316.8,StrandBias:0.5,Multiplicity:1.11
0.001	0.085	0.732	0.182
0.637	0.001	0.276	0.086
0.165	0.833	0.001	0.001
0.001	0.076	0.001	0.922
0.997	0.001	0.001	0.001
0.086	0.809	0.104	0.001
0.893	0.001	0.105	0.001
0.086	0.654	0.197	0.063
0.103	0.001	0.001	0.895
0.104	0.091	0.708	0.097
0.074	0.001	0.001	0.924
0.815	0.001	0.001	0.183
>TTGCCACGTGAC	4-TTGCCACGTGAC	11.434252	-26.128815	0	T:13.0(9.29%),B:243.6(0.58%),P:1e-11	Tpos:622.9,Tstd:226.1,Bpos:536.8,Bstd:279.9,StrandBias:0.2,Multiplicity:1.15
0.001	0.179	0.001	0.819
0.129	0.001	0.225	0.645
0.001	0.001	0.927	0.071
0.001	0.997	0.001	0.001
0.001	0.997	0.001	0.001
0.997	0.001	0.001	0.001
0.001	0.649	0.110	0.240
0.187	0.001	0.708	0.104
0.001	0.001	0.001	0.997
0.001	0.001	0.997	0.001
0.726	0.001	0.209	0.064
0.001	0.678	0.202	0.119
>ATCAACGTGCTG	5-ATCAACGTGCTG	13.180210	-25.849556	0	T:7.0(5.00%),B:22.6(0.05%),P:1e-11	Tpos:754.3,Tstd:88.5,Bpos:432.6,Bstd:276.2,StrandBias:-0.4,Multiplicity:1.00
0.997	0.001	0.001	0.001
0.001	0.001	0.411	0.587
0.001	0.997	0.001	0.001
0.780	0.001	0.001	0.218
0.997	0.001	0.001	0.001
0.001	0.997	0.001	0.001
0.001	0.001	0.997	0.001
0.001	0.001	0.001	0.997
0.001	0.001	0.997	0.001
0.192	0.615	0.192	0.001
0.001	0.001	0.001	0.997
0.001	0.411	0.587	0.001
>TTCTGATAAGGA	6-TTCTGATAAGGA	13.652189	-22.548964	0	T:8.0(5.71%),B:66.9(0.16%),P:1e-9	Tpos:642.4,Tstd:260.0,Bpos:507.9,Bstd:319.4,StrandBias:0.0,Multiplicity:1.00
0.125	0.001	0.001	0.873
0.001	0.001	0.001	0.997
0.001	0.997	0.001	0.001
0.001	0.001	0.001	0.997
0.001	0.001	0.997	0.001
0.997	0.001	0.001	0.001
0.001	0.133	0.001	0.865
0.848	0.001	0.001	0.150
0.997	0.001	0.001	0.001
0.001	0.158	0.840	0.001
0.060	0.113	0.826	0.001
0.848	0.001	0.001	0.150
>TCTATTTTCTCT	7-TCTATTTTCTCT	12.675256	-22.388410	0	T:15.0(10.71%),B:490.1(1.18%),P:1e-9	Tpos:697.1,Tstd:238.7,Bpos:563.8,Bstd:303.9,StrandBias:2.1,Multiplicity:1.07
0.001	0.001	0.278	0.720
0.001	0.851	0.147	0.001
0.064	0.001	0.001	0.934
0.626	0.198	0.001	0.175
0.001	0.001	0.001	0.997
0.001	0.001	0.001	0.997
0.186	0.001	0.243	0.570
0.001	0.001	0.001	0.997
0.001	0.995	0.001	0.003
0.108	0.001	0.001	0.890
0.119	0.879	0.001	0.001
0.001	0.001	0.001	0.997
>AGGAATATCAAG	8-AGGAATATCAAG	12.743687	-21.230368	0	T:8.0(5.71%),B:79.6(0.19%),P:1e-9	Tpos:520.1,Tstd:213.7,Bpos:509.9,Bstd:248.4,StrandBias:-0.7,Multiplicity:1.00
0.997	0.001	0.001	0.001
0.001	0.001	0.997	0.001
0.001	0.001	0.997	0.001
0.997	0.001	0.001	0.001
0.997	0.001	0.001	0.001
0.001	0.001	0.001	0.997
0.997	0.001	0.001	0.001
0.001	0.001	0.001	0.997
0.001	0.817	0.001	0.181
0.636	0.362	0.001	0.001
0.997	0.001	0.001	0.001
0.320	0.001	0.678	0.001
>CACTTTTGAGCG	9-CACTTTTGAGCG	14.796841	-20.660185	0	T:6.0(4.29%),B:26.5(0.06%),P:1e-8	Tpos:648.8,Tstd:221.3,Bpos:442.1,Bstd:261.0,StrandBias:-0.6,Multiplicity:1.00
0.001	0.997	0.001	0.001
0.997	0.001	0.001	0.001
0.001	0.997	0.001	0.001
0.001	0.001	0.001	0.997
0.001	0.001	0.001	0.997
0.001	0.001	0.001	0.997
0.001	0.001	0.001	0.997
0.001	0.001	0.786	0.212
0.997	0.001	0.001	0.001
0.001	0.001	0.997	0.001
0.225	0.773	0.001	0.001
0.001	0.001	0.997	0.001
>CTTTCTATGTAG	10-CTTTCTATGTAG	10.723932	-19.928702	0	T:14.0(10.00%),B:497.2(1.19%),P:1e-8	Tpos:570.3,Tstd:240.3,Bpos:543.3,Bstd:306.4,StrandBias:0.2,Multiplicity:1.07
0.115	0.672	0.079	0.134
0.079	0.001	0.079	0.841
0.001	0.001	0.001	0.997
0.004	0.001	0.090	0.905
0.079	0.867	0.051	0.003
0.106	0.001	0.079	0.814
0.835	0.001	0.001	0.163
0.001	0.061	0.001	0.937
0.001	0.001	0.886	0.112
0.171	0.047	0.001	0.781
0.641	0.079	0.001	0.279
0.001	0.163	0.835	0.001
>CAATACTCTTGT	11-CAATACTCTTGT	13.663597	-19.849351	0	T:7.0(5.00%),B:58.4(0.14%),P:1e-8	Tpos:399.6,Tstd:251.0,Bpos:470.4,Bstd:308.6,StrandBias:2.6,Multiplicity:1.00
0.122	0.876	0.001	0.001
0.997	0.001	0.001	0.001
0.843	0.001	0.155	0.001
0.137	0.001	0.001	0.861
0.997	0.001	0.001	0.001
0.134	0.709	0.156	0.001
0.001	0.001	0.001	0.997
0.001	0.882	0.001	0.116
0.001	0.001	0.001	0.997
0.001	0.001	0.001	0.997
0.001	0.001	0.997	0.001
0.001	0.001	0.001	0.997
>ATTTGACCTACT	12-ATTTGACCTACT	10.756596	-19.688219	0	T:16.0(11.43%),B:701.6(1.68%),P:1e-8	Tpos:622.7,Tstd:185.3,Bpos:498.5,Bstd:321.0,StrandBias:0.4,Multiplicity:1.31
0.673	0.001	0.325	0.001
0.001	0.001	0.001	0.997
0.001	0.001	0.001	0.997
0.132	0.001	0.001	0.866
0.001	0.001	0.819	0.179
0.733	0.086	0.001	0.180
0.001	0.905	0.001	0.093
0.001	0.997	0.001	0.001
0.229	0.162	0.001	0.608
0.679	0.024	0.001	0.296
0.001	0.778	0.001	0.220
0.081	0.001	0.001	0.917
>ATCAAAATGTGG	13-ATCAAAATGTGG	13.609107	-18.227899	0	T:10.0(7.14%),B:236.2(0.57%),P:1e-7	Tpos:571.5,Tstd:248.2,Bpos:524.8,Bstd:303.4,StrandBias:-0.3,Multiplicity:1.10
0.705	0.184	0.001	0.110
0.001	0.001	0.001	0.997
0.131	0.867	0.001	0.001
0.997	0.001	0.001	0.001
0.997	0.001	0.001	0.001
0.997	0.001	0.001	0.001
0.997	0.001	0.001	0.001
0.129	0.001	0.001	0.869
0.001	0.001	0.997	0.001
0.001	0.001	0.001	0.997
0.001	0.001	0.914	0.084
0.108	0.001	0.789	0.102
>TGACCGAGAAAA	14-TGACCGAGAAAA	9.033306	-17.667650	0	T:10.0(7.14%),B:251.1(0.60%),P:1e-7	Tpos:660.2,Tstd:172.5,Bpos:526.7,Bstd:316.5,StrandBias:0.3,Multiplicity:1.10
0.001	0.001	0.001	0.997
0.001	0.001	0.997	0.001
0.997	0.001	0.001	0.001
0.001	0.997	0.001	0.001
0.001	0.997	0.001	0.001
0.001	0.055	0.943	0.001
0.739	0.259	0.001	0.001
0.001	0.001	0.943	0.055
0.776	0.222	0.001	0.001
0.997	0.001	0.001	0.001
0.943	0.001	0.055	0.001
0.997	0.001	0.001	0.001
>TCATCATTATTA	15-TCATCATTATTA	13.158357	-17.488711	0	T:10.0(7.14%),B:256.9(0.62%),P:1e-7	Tpos:627.4,Tstd:243.3,Bpos:513.0,Bstd:314.8,StrandBias:0.8,Multiplicity:1.00
0.001	0.001	0.001	0.997
0.001	0.997	0.001	0.001
0.899	0.001	0.001	0.099
0.133	0.001	0.137	0.729
0.072	0.771	0.100	0.057
0.997	0.001	0.001	0.001
0.001	0.001	0.001	0.997
0.001	0.084	0.001	0.914
0.946	0.001	0.001	0.052
0.001	0.001	0.001	0.997
0.001	0.072	0.106	0.821
0.997	0.001	0.001	0.001
>AGGAAAAATGAT	16-AGGAAAAATGAT	14.095092	-16.742476	0	T:7.0(5.00%),B:94.7(0.23%),P:1e-7	Tpos:622.3,Tstd:270.8,Bpos:545.8,Bstd:285.1,StrandBias:-10.0,Multiplicity:1.00
0.879	0.001	0.119	0.001
0.001	0.001	0.997	0.001
0.001	0.001	0.997	0.001
0.997	0.001	0.001	0.001
0.997	0.001	0.001	0.001
0.997	0.001	0.001	0.001
0.997	0.001	0.001	0.001
0.821	0.001	0.177	0.001
0.001	0.001	0.001	0.997
0.001	0.001	0.997	0.001
0.829	0.169	0.001	0.001
0.001	0.001	0.001	0.997
>TAAAAGTGATAC	17-TAAAAGTGATAC	10.295110	-16.205754	0	T:18.0(12.86%),B:1160.6(2.78%),P:1e-7	Tpos:584.5,Tstd:280.7,Bpos:506.7,Bstd:298.8,StrandBias:-0.3,Multiplicity:1.11
0.048	0.109	0.001	0.842
0.901	0.036	0.025	0.038
0.913	0.036	0.050	0.001
0.901	0.001	0.001	0.097
0.814	0.055	0.039	0.092
0.138	0.126	0.671	0.065
0.027	0.001	0.087	0.885
0.027	0.138	0.817	0.018
0.814	0.001	0.093	0.092
0.120	0.043	0.026	0.811
0.779	0.068	0.111	0.042
0.040	0.864	0.034	0.062
>TTAGAAAAAACG	18-TTAGAAAAAACG	12.800679	-16.102256	0	T:13.0(9.29%),B:574.6(1.38%),P:1e-6	Tpos:313.6,Tstd:239.5,Bpos:492.7,Bstd:291.5,StrandBias:-0.8,Multiplicity:1.08
0.001	0.001	0.108	0.890
0.080	0.001	0.066	0.853
0.919	0.079	0.001	0.001
0.081	0.001	0.917	0.001
0.997	0.001	0.001	0.001
0.997	0.001	0.001	0.001
0.997	0.001	0.001	0.001
0.875	0.123	0.001	0.001
0.997	0.001	0.001	0.001
0.875	0.001	0.123	0.001
0.001	0.930	0.068	0.001
0.048	0.083	0.812	0.057
>CTCCACCCATTT	19-CTCCACCCATTT	10.456018	-15.351217	0	T:19.0(13.57%),B:1370.9(3.29%),P:1e-6	Tpos:584.2,Tstd:344.6,Bpos:568.2,Bstd:302.9,StrandBias:0.0,Multiplicity:1.05
0.067	0.801	0.001	0.131
0.001	0.090	0.001	0.908
0.001	0.799	0.001	0.199
0.001	0.873	0.001	0.125
0.599	0.070	0.186	0.145
0.003	0.921	0.001	0.075
0.001	0.799	0.075	0.125
0.003	0.781	0.060	0.156
0.939	0.003	0.001	0.057
0.065	0.106	0.001	0.828
0.133	0.001	0.001	0.865
0.001	0.096	0.001	0.902
>AAGCAAAGTTCA	20-AAGCAAAGTTCA	12.355432	-13.574725	0	T:3.0(2.14%),B:4.7(0.01%),P:1e-5	Tpos:552.3,Tstd:189.6,Bpos:676.4,Bstd:268.6,StrandBias:-1.0,Multiplicity:1.00
0.700	0.100	0.100	0.100
0.700	0.100	0.100	0.100
0.100	0.100	0.700	0.100
0.100	0.700	0.100	0.100
0.700	0.100	0.100	0.100
0.700	0.100	0.100	0.100
0.700	0.100	0.100	0.100
0.100	0.100	0.700	0.100
0.100	0.100	0.100	0.700
0.100	0.100	0.100	0.700
0.100	0.700	0.100	0.100
0.700	0.100	0.100	0.100
>TGTTTAAACATC	21-TGTTTAAACATC	13.609777	-13.378407	0	T:6.0(4.29%),B:100.0(0.24%),P:1e-5	Tpos:483.5,Tstd:241.9,Bpos:487.3,Bstd:298.9,StrandBias:0.0,Multiplicity:1.00
0.001	0.001	0.001	0.997
0.001	0.001	0.925	0.073
0.001	0.001	0.001	0.997
0.001	0.001	0.001	0.997
0.001	0.001	0.001	0.997
0.876	0.001	0.122	0.001
0.731	0.001	0.132	0.136
0.997	0.001	0.001	0.001
0.001	0.997	0.001	0.001
0.997	0.001	0.001	0.001
0.119	0.001	0.001	0.879
0.102	0.703	0.118	0.077
>CCCCGCCATAAC	22-CCCCGCCATAAC	11.654010	-13.107179	0	T:3.0(2.14%),B:5.6(0.01%),P:1e-5	Tpos:576.7,Tstd:219.8,Bpos:450.1,Bstd:188.9,StrandBias:10.0,Multiplicity:1.00
0.025	0.973	0.001	0.001
0.001	0.833	0.165	0.001
0.001	0.997	0.001	0.001
0.001	0.997	0.001	0.001
0.001	0.001	0.997	0.001
0.001	0.997	0.001	0.001
0.001	0.997	0.001	0.001
0.997	0.001	0.001	0.001
0.001	0.001	0.001	0.997
0.952	0.046	0.001	0.001
0.834	0.001	0.119	0.046
0.001	0.997	0.001	0.001
>GCATCYCCGATG	23-GCATCYCCGATG	11.242970	-12.728218	0	T:5.0(3.57%),B:61.5(0.15%),P:1e-5	Tpos:409.3,Tstd:279.6,Bpos:359.4,Bstd:299.7,StrandBias:0.4,Multiplicity:1.40
0.318	0.025	0.540	0.117
0.179	0.819	0.001	0.001
0.997	0.001	0.001	0.001
0.358	0.001	0.001	0.640
0.001	0.997	0.001	0.001
0.001	0.569	0.001	0.429
0.179	0.706	0.001	0.114
0.001	0.997	0.001	0.001
0.179	0.001	0.819	0.001
0.997	0.001	0.001	0.001
0.001	0.136	0.325	0.538
0.179	0.001	0.819	0.001
>ACACGAAAAATA	24-ACACGAAAAATA	13.056138	-11.242021	0	T:6.0(4.29%),B:146.2(0.35%),P:1e-4	Tpos:425.5,Tstd:161.2,Bpos:432.0,Bstd:290.0,StrandBias:2.9,Multiplicity:4.17
0.997	0.001	0.001	0.001
0.001	0.997	0.001	0.001
0.941	0.001	0.057	0.001
0.001	0.997	0.001	0.001
0.001	0.001	0.964	0.034
0.997	0.001	0.001	0.001
0.948	0.001	0.050	0.001
0.942	0.001	0.056	0.001
0.997	0.001	0.001	0.001
0.997	0.001	0.001	0.001
0.001	0.001	0.001	0.997
0.997	0.001	0.001	0.001
>GAACCGGACGAT	25-GAACCGGACGAT	14.565195	-9.110331	0	T:2.0(1.43%),B:3.9(0.01%),P:1e-3	Tpos:535.0,Tstd:172.2,Bpos:731.5,Bstd:46.6,StrandBias:-0.6,Multiplicity:2.50
0.283	0.001	0.715	0.001
0.997	0.001	0.001	0.001
0.997	0.001	0.001	0.001
0.001	0.997	0.001	0.001
0.001	0.795	0.001	0.203
0.228	0.001	0.770	0.001
0.001	0.001	0.997	0.001
0.997	0.001	0.001	0.001
0.001	0.997	0.001	0.001
0.001	0.001	0.997	0.001
0.997	0.001	0.001	0.001
0.001	0.001	0.001	0.997
>ACCACGTG	1-ACCACGTG	6.704463	-49.528044	0	T:63.0(45.00%),B:4985.0(11.96%),P:1e-21	Tpos:662.7,Tstd:262.1,Bpos:523.0,Bstd:314.3,StrandBias:-0.2,Multiplicity:1.24
0.778	0.132	0.089	0.001
0.189	0.634	0.097	0.080
0.089	0.909	0.001	0.001
0.969	0.007	0.023	0.001
0.001	0.967	0.004	0.028
0.010	0.001	0.988	0.001
0.019	0.023	0.006	0.952
0.004	0.001	0.924	0.071
>CCTTATCA	2-CCTTATCA	6.388191	-48.738794	0	T:109.0(77.86%),B:15786.6(37.87%),P:1e-21	Tpos:626.5,Tstd:276.9,Bpos:529.6,Bstd:320.6,StrandBias:0.1,Multiplicity:1.69
0.099	0.532	0.110	0.259
0.001	0.946	0.052	0.001
0.001	0.023	0.065	0.911
0.007	0.001	0.046	0.946
0.997	0.001	0.001	0.001
0.001	0.001	0.052	0.946
0.001	0.997	0.001	0.001
0.940	0.001	0.001	0.058
>GGTCDART	3-GGTCDART	5.987569	-18.183739	0	T:51.0(36.43%),B:6903.8(16.56%),P:1e-7	Tpos:580.7,Tstd:258.1,Bpos:499.2,Bstd:310.8,StrandBias:-0.8,Multiplicity:1.27
0.189	0.020	0.790	0.001
0.308	0.029	0.601	0.062
0.124	0.167	0.001	0.708
0.001	0.940	0.001	0.058
0.334	0.001	0.369	0.296
0.545	0.247	0.052	0.156
0.402	0.224	0.319	0.055
0.280	0.025	0.238	0.457
>GTGGGAGT	4-GTGGGAGT	3.111055	-16.227668	0	T:64.0(45.71%),B:10418.2(24.99%),P:1e-7	Tpos:483.9,Tstd:308.1,Bpos:530.9,Bstd:313.2,StrandBias:-0.3,Multiplicity:1.27
0.001	0.352	0.646	0.001
0.001	0.001	0.345	0.653
0.001	0.001	0.997	0.001
0.160	0.001	0.838	0.001
0.001	0.001	0.997	0.001
0.825	0.173	0.001	0.001
0.001	0.001	0.997	0.001
0.001	0.001	0.005	0.993
>AAGAGATT	5-AAGAGATT	8.577966	-11.166453	0	T:47.0(33.57%),B:7673.9(18.41%),P:1e-4	Tpos:515.9,Tstd:306.6,Bpos:526.4,Bstd:314.7,StrandBias:-0.2,Multiplicity:1.26
0.605	0.001	0.393	0.001
0.997	0.001	0.001	0.001
0.001	0.001	0.926	0.072
0.997	0.001	0.001	0.001
0.001	0.001	0.997	0.001
0.780	0.001	0.218	0.001
0.001	0.011	0.001	0.987
0.292	0.001	0.001	0.706
>SAGGCAWG	6-SAGGCAWG	6.258686	-8.829856	0	T:62.0(44.29%),B:12282.5(29.47%),P:1e-3	Tpos:511.6,Tstd:264.8,Bpos:500.4,Bstd:302.8,StrandBias:-0.2,Multiplicity:1.78
0.006	0.416	0.380	0.198
0.982	0.016	0.001	0.001
0.087	0.010	0.837	0.066
0.085	0.001	0.660	0.254
0.042	0.956	0.001	0.001
0.975	0.006	0.018	0.001
0.407	0.197	0.131	0.266
0.120	0.001	0.723	0.156
>CCGAGGGG	7-CCGAGGGG	8.678408	-7.892238	0	T:5.0(3.57%),B:177.0(0.42%),P:1e-3	Tpos:411.3,Tstd:209.6,Bpos:534.8,Bstd:312.8,StrandBias:2.6,Multiplicity:1.40
0.001	0.997	0.001	0.001
0.164	0.577	0.170	0.089
0.088	0.001	0.599	0.312
0.556	0.406	0.037	0.001
0.089	0.091	0.705	0.115
0.033	0.037	0.869	0.061
0.096	0.137	0.766	0.001
0.001	0.001	0.997	0.001
>AAATAGAT	8-AAATAGAT	7.015618	-6.319600	0	T:44.0(31.43%),B:8600.3(20.63%),P:1e-2	Tpos:526.3,Tstd:279.2,Bpos:503.8,Bstd:311.8,StrandBias:0.1,Multiplicity:1.56
0.836	0.162	0.001	0.001
0.876	0.001	0.122	0.001
0.997	0.001	0.001	0.001
0.001	0.001	0.001	0.997
0.997	0.001	0.001	0.001
0.001	0.001	0.997	0.001
0.997	0.001	0.001	0.001
0.001	0.125	0.001	0.873
>GTTACACG	9-GTTACACG	8.236954	-0.978710	0	T:2.0(1.43%),B:388.9(0.93%),P:1e0	Tpos:431.5,Tstd:131.1,Bpos:442.3,Bstd:306.4,StrandBias:4.3,Multiplicity:10.50
0.100	0.100	0.700	0.100
0.100	0.100	0.100	0.700
0.100	0.100	0.100	0.700
0.700	0.100	0.100	0.100
0.100	0.700	0.100	0.100
0.700	0.100	0.100	0.100
0.100	0.700	0.100	0.100
0.100	0.100	0.700	0.100
