>ACCACGTG	1-ACCACGTG	6.704463	-49.528044	0	T:63.0(45.00%),B:4985.0(11.96%),P:1e-21	Tpos:662.7,Tstd:262.1,Bpos:523.0,Bstd:314.3,StrandBias:-0.2,Multiplicity:1.24
0.778	0.132	0.089	0.001
0.189	0.634	0.097	0.080
0.089	0.909	0.001	0.001
0.969	0.007	0.023	0.001
0.001	0.967	0.004	0.028
0.010	0.001	0.988	0.001
0.019	0.023	0.006	0.952
0.004	0.001	0.924	0.071
>CCTTATCA	2-CCTTATCA	6.388191	-48.738794	0	T:109.0(77.86%),B:15786.6(37.87%),P:1e-21	Tpos:626.5,Tstd:276.9,Bpos:529.6,Bstd:320.6,StrandBias:0.1,Multiplicity:1.69
0.099	0.532	0.110	0.259
0.001	0.946	0.052	0.001
0.001	0.023	0.065	0.911
0.007	0.001	0.046	0.946
0.997	0.001	0.001	0.001
0.001	0.001	0.052	0.946
0.001	0.997	0.001	0.001
0.940	0.001	0.001	0.058
>GGTCDART	3-GGTCDART	5.987569	-18.183739	0	T:51.0(36.43%),B:6903.8(16.56%),P:1e-7	Tpos:580.7,Tstd:258.1,Bpos:499.2,Bstd:310.8,StrandBias:-0.8,Multiplicity:1.27
0.189	0.020	0.790	0.001
0.308	0.029	0.601	0.062
0.124	0.167	0.001	0.708
0.001	0.940	0.001	0.058
0.334	0.001	0.369	0.296
0.545	0.247	0.052	0.156
0.402	0.224	0.319	0.055
0.280	0.025	0.238	0.457
>GTGGGAGT	4-GTGGGAGT	3.111055	-16.227668	0	T:64.0(45.71%),B:10418.2(24.99%),P:1e-7	Tpos:483.9,Tstd:308.1,Bpos:530.9,Bstd:313.2,StrandBias:-0.3,Multiplicity:1.27
0.001	0.352	0.646	0.001
0.001	0.001	0.345	0.653
0.001	0.001	0.997	0.001
0.160	0.001	0.838	0.001
0.001	0.001	0.997	0.001
0.825	0.173	0.001	0.001
0.001	0.001	0.997	0.001
0.001	0.001	0.005	0.993
>AAGAGATT	5-AAGAGATT	8.577966	-11.166453	0	T:47.0(33.57%),B:7673.9(18.41%),P:1e-4	Tpos:515.9,Tstd:306.6,Bpos:526.4,Bstd:314.7,StrandBias:-0.2,Multiplicity:1.26
0.605	0.001	0.393	0.001
0.997	0.001	0.001	0.001
0.001	0.001	0.926	0.072
0.997	0.001	0.001	0.001
0.001	0.001	0.997	0.001
0.780	0.001	0.218	0.001
0.001	0.011	0.001	0.987
0.292	0.001	0.001	0.706
>SAGGCAWG	6-SAGGCAWG	6.258686	-8.829856	0	T:62.0(44.29%),B:12282.5(29.47%),P:1e-3	Tpos:511.6,Tstd:264.8,Bpos:500.4,Bstd:302.8,StrandBias:-0.2,Multiplicity:1.78
0.006	0.416	0.380	0.198
0.982	0.016	0.001	0.001
0.087	0.010	0.837	0.066
0.085	0.001	0.660	0.254
0.042	0.956	0.001	0.001
0.975	0.006	0.018	0.001
0.407	0.197	0.131	0.266
0.120	0.001	0.723	0.156
>CCGAGGGG	7-CCGAGGGG	8.678408	-7.892238	0	T:5.0(3.57%),B:177.0(0.42%),P:1e-3	Tpos:411.3,Tstd:209.6,Bpos:534.8,Bstd:312.8,StrandBias:2.6,Multiplicity:1.40
0.001	0.997	0.001	0.001
0.164	0.577	0.170	0.089
0.088	0.001	0.599	0.312
0.556	0.406	0.037	0.001
0.089	0.091	0.705	0.115
0.033	0.037	0.869	0.061
0.096	0.137	0.766	0.001
0.001	0.001	0.997	0.001
>AAATAGAT	8-AAATAGAT	7.015618	-6.319600	0	T:44.0(31.43%),B:8600.3(20.63%),P:1e-2	Tpos:526.3,Tstd:279.2,Bpos:503.8,Bstd:311.8,StrandBias:0.1,Multiplicity:1.56
0.836	0.162	0.001	0.001
0.876	0.001	0.122	0.001
0.997	0.001	0.001	0.001
0.001	0.001	0.001	0.997
0.997	0.001	0.001	0.001
0.001	0.001	0.997	0.001
0.997	0.001	0.001	0.001
0.001	0.125	0.001	0.873
>GTTACACG	9-GTTACACG	8.236954	-0.978710	0	T:2.0(1.43%),B:388.9(0.93%),P:1e0	Tpos:431.5,Tstd:131.1,Bpos:442.3,Bstd:306.4,StrandBias:4.3,Multiplicity:10.50
0.100	0.100	0.700	0.100
0.100	0.100	0.100	0.700
0.100	0.100	0.100	0.700
0.700	0.100	0.100	0.100
0.100	0.700	0.100	0.100
0.700	0.100	0.100	0.100
0.100	0.700	0.100	0.100
0.100	0.100	0.700	0.100
