>CATSTAGTTTGT	22-CATSTAGTTTGT	12.300598	-5.364631	0	T:2.0(1.00%),B:18.0(0.05%),P:1e-2
0.054	0.843	0.025	0.078
0.537	0.001	0.210	0.252
0.085	0.060	0.001	0.854
0.045	0.466	0.440	0.049
0.098	0.026	0.107	0.769
0.762	0.026	0.119	0.093
0.125	0.139	0.591	0.145
0.063	0.071	0.001	0.865
0.058	0.058	0.026	0.858
0.001	0.001	0.052	0.946
0.116	0.054	0.713	0.117
0.051	0.033	0.022	0.894
