>AGTTCGATGGAC	4-AGTTCGATGGAC,BestGuess:lin-14/MA0261.1/Jaspar(0.556)	10.603272	-27.435261	0	T:15.0(5.60%),B:168.4(0.41%),P:1e-11
0.740	0.001	0.207	0.052
0.137	0.002	0.860	0.001
0.001	0.072	0.001	0.926
0.072	0.001	0.065	0.862
0.001	0.909	0.062	0.028
0.264	0.062	0.673	0.001
0.936	0.001	0.062	0.001
0.001	0.072	0.052	0.875
0.057	0.043	0.827	0.073
0.057	0.065	0.815	0.063
0.865	0.062	0.001	0.072
0.153	0.725	0.001	0.121
