>TGAGTCTGCCCR	21-TGAGTCTGCCCR,BestGuess:fos-1/MA1448.1/Jaspar(0.584)	8.192343	-11.704884	0	T:33.0(8.55%),B:1459.5(3.64%),P:1e-5
0.001	0.284	0.272	0.443
0.001	0.097	0.787	0.115
0.877	0.001	0.001	0.121
0.030	0.036	0.757	0.177
0.083	0.001	0.001	0.915
0.091	0.822	0.039	0.048
0.001	0.046	0.001	0.952
0.001	0.001	0.769	0.229
0.045	0.832	0.001	0.122
0.222	0.471	0.073	0.234
0.001	0.814	0.070	0.115
0.370	0.001	0.395	0.234
