>AAATTTGCGT	1-AAATTTGCGT	9.449993	-18.075075	0	T:18.0(34.62%),B:2988.2(7.32%),P:1e-7	Tpos:546.9,Tstd:332.3,Bpos:505.5,Bstd:297.2,StrandBias:-1.6,Multiplicity:1.11
0.762	0.001	0.113	0.124
0.685	0.313	0.001	0.001
0.997	0.001	0.001	0.001
0.122	0.001	0.001	0.876
0.001	0.096	0.001	0.902
0.001	0.158	0.001	0.840
0.001	0.098	0.900	0.001
0.257	0.698	0.044	0.001
0.001	0.001	0.961	0.037
0.001	0.001	0.076	0.922
>CCCGGAGGGA	2-CCCGGAGGGA	9.240690	-17.498349	0	T:8.0(15.38%),B:368.7(0.90%),P:1e-7	Tpos:751.9,Tstd:262.0,Bpos:512.5,Bstd:321.6,StrandBias:-0.6,Multiplicity:1.25
0.001	0.596	0.402	0.001
0.001	0.997	0.001	0.001
0.203	0.795	0.001	0.001
0.178	0.199	0.419	0.204
0.001	0.001	0.997	0.001
0.997	0.001	0.001	0.001
0.001	0.001	0.997	0.001
0.172	0.204	0.623	0.001
0.001	0.001	0.997	0.001
0.649	0.001	0.001	0.349
>ATAACTAATA	3-ATAACTAATA	11.796011	-15.472671	0	T:6.0(11.54%),B:190.4(0.47%),P:1e-6	Tpos:435.3,Tstd:232.1,Bpos:429.0,Bstd:300.1,StrandBias:-1.0,Multiplicity:1.00
0.997	0.001	0.001	0.001
0.001	0.001	0.001	0.997
0.850	0.001	0.148	0.001
0.823	0.175	0.001	0.001
0.001	0.869	0.129	0.001
0.001	0.001	0.001	0.997
0.997	0.001	0.001	0.001
0.997	0.001	0.001	0.001
0.001	0.001	0.001	0.997
0.997	0.001	0.001	0.001
>AAACGCGGTC	4-AAACGCGGTC	9.345732	-14.279191	0	T:9.0(17.31%),B:781.2(1.91%),P:1e-6	Tpos:444.5,Tstd:246.1,Bpos:543.8,Bstd:300.3,StrandBias:0.6,Multiplicity:1.11
0.997	0.001	0.001	0.001
0.859	0.001	0.078	0.062
0.725	0.154	0.066	0.055
0.070	0.860	0.001	0.069
0.091	0.001	0.750	0.158
0.036	0.483	0.151	0.330
0.051	0.055	0.695	0.199
0.001	0.137	0.734	0.128
0.001	0.001	0.044	0.954
0.001	0.956	0.042	0.001
>GAAGAGATGG	5-GAAGAGATGG	8.882440	-13.231211	0	T:13.0(25.00%),B:2107.5(5.16%),P:1e-5	Tpos:665.9,Tstd:260.0,Bpos:561.8,Bstd:309.0,StrandBias:0.2,Multiplicity:1.15
0.283	0.001	0.715	0.001
0.997	0.001	0.001	0.001
0.997	0.001	0.001	0.001
0.001	0.001	0.997	0.001
0.997	0.001	0.001	0.001
0.001	0.001	0.997	0.001
0.886	0.001	0.112	0.001
0.080	0.001	0.310	0.609
0.001	0.001	0.908	0.090
0.001	0.001	0.997	0.001
>GCCGCGGCCC	6-GCCGCGGCCC	10.622729	-12.737422	0	T:3.0(5.77%),B:19.6(0.05%),P:1e-5	Tpos:717.8,Tstd:159.6,Bpos:441.6,Bstd:250.1,StrandBias:-0.6,Multiplicity:1.67
0.001	0.001	0.611	0.387
0.001	0.997	0.001	0.001
0.001	0.997	0.001	0.001
0.184	0.001	0.814	0.001
0.184	0.814	0.001	0.001
0.001	0.001	0.997	0.001
0.001	0.161	0.837	0.001
0.245	0.753	0.001	0.001
0.185	0.620	0.014	0.181
0.161	0.837	0.001	0.001
>AAAAATTGAC	7-AAAAATTGAC	9.250910	-12.650962	0	T:20.0(38.46%),B:5263.3(12.89%),P:1e-5	Tpos:557.3,Tstd:307.3,Bpos:493.6,Bstd:290.9,StrandBias:0.6,Multiplicity:1.25
0.808	0.058	0.001	0.133
0.794	0.001	0.204	0.001
0.903	0.095	0.001	0.001
0.726	0.001	0.118	0.155
0.661	0.065	0.273	0.001
0.107	0.301	0.001	0.591
0.001	0.001	0.001	0.997
0.065	0.001	0.933	0.001
0.997	0.001	0.001	0.001
0.035	0.908	0.001	0.056
>GCGATTTAGT	8-GCGATTTAGT	10.997826	-12.393614	0	T:5.0(9.62%),B:182.9(0.45%),P:1e-5	Tpos:660.7,Tstd:320.3,Bpos:525.1,Bstd:302.6,StrandBias:1.3,Multiplicity:1.40
0.140	0.001	0.858	0.001
0.001	0.997	0.001	0.001
0.001	0.001	0.997	0.001
0.997	0.001	0.001	0.001
0.158	0.001	0.176	0.665
0.001	0.001	0.001	0.997
0.001	0.001	0.001	0.997
0.997	0.001	0.001	0.001
0.275	0.001	0.625	0.099
0.001	0.001	0.001	0.997
>ACTGAATCGG	9-ACTGAATCGG	11.520544	-12.217288	0	T:3.0(5.77%),B:23.5(0.06%),P:1e-5	Tpos:617.0,Tstd:191.9,Bpos:581.7,Bstd:255.4,StrandBias:10.0,Multiplicity:1.00
0.809	0.056	0.001	0.134
0.014	0.981	0.001	0.004
0.001	0.001	0.072	0.926
0.271	0.001	0.664	0.064
0.939	0.001	0.001	0.059
0.765	0.001	0.075	0.159
0.046	0.064	0.055	0.835
0.075	0.796	0.065	0.064
0.159	0.074	0.661	0.106
0.046	0.139	0.624	0.191
>TCCKAATWGT	10-TCCKAATWGT	9.979017	-11.403187	0	T:13.0(25.00%),B:2494.8(6.11%),P:1e-4	Tpos:410.1,Tstd:302.1,Bpos:487.3,Bstd:304.3,StrandBias:0.0,Multiplicity:1.23
0.001	0.001	0.001	0.997
0.191	0.807	0.001	0.001
0.001	0.997	0.001	0.001
0.001	0.001	0.506	0.492
0.997	0.001	0.001	0.001
0.997	0.001	0.001	0.001
0.001	0.001	0.001	0.997
0.545	0.001	0.001	0.453
0.245	0.001	0.492	0.262
0.001	0.001	0.001	0.997
>TCTTCGGATA	11-TCTTCGGATA	10.885544	-10.482177	0	T:4.0(7.69%),B:132.9(0.33%),P:1e-4	Tpos:641.2,Tstd:268.2,Bpos:464.2,Bstd:290.9,StrandBias:1.0,Multiplicity:1.50
0.001	0.207	0.001	0.791
0.001	0.997	0.001	0.001
0.001	0.001	0.001	0.997
0.001	0.001	0.001	0.997
0.001	0.997	0.001	0.001
0.001	0.001	0.997	0.001
0.001	0.001	0.997	0.001
0.997	0.001	0.001	0.001
0.001	0.001	0.252	0.746
0.997	0.001	0.001	0.001
>ATGAATATAC	12-ATGAATATAC	8.350283	-5.988818	0	T:12.0(23.08%),B:3795.0(9.30%),P:1e-2	Tpos:571.1,Tstd:233.4,Bpos:505.6,Bstd:290.6,StrandBias:0.6,Multiplicity:1.25
0.700	0.100	0.100	0.100
0.100	0.100	0.100	0.700
0.100	0.100	0.700	0.100
0.700	0.100	0.100	0.100
0.700	0.100	0.100	0.100
0.100	0.100	0.100	0.700
0.700	0.100	0.100	0.100
0.100	0.100	0.100	0.700
0.700	0.100	0.100	0.100
0.100	0.700	0.100	0.100
