>TATAAATACATA	14-TATAAATACATA,BestGuess:POL012.1_TATA-Box/Jaspar(0.704)	10.026103	-21.792964	0	T:24.0(6.22%),B:468.4(1.24%),P:1e-9
0.262	0.027	0.220	0.491
0.733	0.020	0.033	0.214
0.045	0.032	0.299	0.624
0.911	0.037	0.014	0.038
0.606	0.223	0.007	0.164
0.942	0.025	0.001	0.032
0.233	0.024	0.036	0.707
0.684	0.038	0.026	0.252
0.216	0.548	0.028	0.208
0.486	0.002	0.282	0.231
0.197	0.251	0.019	0.533
0.622	0.031	0.315	0.032
