>GGTAACAAATTG	20-GGTAACAAATTG,BestGuess:MF0011.1_HMG_class/Jaspar(0.618)	14.463859	-14.846294	0	T:4.0(1.04%),B:3.0(0.01%),P:1e-6
0.111	0.001	0.788	0.100
0.046	0.060	0.843	0.051
0.045	0.001	0.045	0.909
0.850	0.051	0.044	0.055
0.893	0.055	0.051	0.001
0.066	0.878	0.001	0.055
0.807	0.066	0.126	0.001
0.827	0.001	0.001	0.171
0.772	0.051	0.067	0.110
0.067	0.046	0.046	0.841
0.100	0.001	0.157	0.742
0.001	0.117	0.881	0.001
