>CGCTCTATTGTA	2-CGCTCTATTGTA,BestGuess:LIN-15B(Zf)/cElegans-L3-LIN15B-ChIP-Seq(modEncode)/Homer(0.704)	8.166620	-33.167797	0	T:80.0(20.73%),B:2989.8(7.94%),P:1e-14
0.134	0.758	0.001	0.107
0.069	0.001	0.929	0.001
0.029	0.742	0.001	0.228
0.001	0.138	0.001	0.860
0.001	0.961	0.001	0.037
0.153	0.254	0.095	0.498
0.721	0.001	0.277	0.001
0.106	0.321	0.001	0.572
0.001	0.211	0.129	0.659
0.001	0.001	0.902	0.096
0.297	0.185	0.001	0.517
0.741	0.001	0.010	0.248
