>GACCCCGTGA	1-GACCCCGTGA	9.718273	-24.067184	0	T:10.0(9.26%),B:159.2(0.40%),P:1e-10	Tpos:277.1,Tstd:153.3,Bpos:532.5,Bstd:323.2,StrandBias:1.2,Multiplicity:1.00
0.097	0.130	0.632	0.141
0.997	0.001	0.001	0.001
0.001	0.997	0.001	0.001
0.001	0.997	0.001	0.001
0.090	0.788	0.001	0.121
0.001	0.997	0.001	0.001
0.001	0.001	0.997	0.001
0.001	0.158	0.121	0.720
0.001	0.001	0.997	0.001
0.997	0.001	0.001	0.001
>GTCTGACGAD	2-GTCTGACGAD	8.732981	-19.818802	0	T:19.0(17.59%),B:1307.6(3.26%),P:1e-8	Tpos:500.5,Tstd:303.6,Bpos:498.7,Bstd:305.9,StrandBias:0.9,Multiplicity:1.11
0.258	0.001	0.654	0.087
0.081	0.001	0.001	0.917
0.045	0.926	0.001	0.028
0.206	0.286	0.001	0.507
0.001	0.001	0.997	0.001
0.997	0.001	0.001	0.001
0.001	0.957	0.041	0.001
0.202	0.044	0.581	0.173
0.830	0.001	0.168	0.001
0.326	0.055	0.285	0.334
>TCTTATCAGA	3-TCTTATCAGA	8.955355	-19.757197	0	T:23.0(21.30%),B:1971.3(4.91%),P:1e-8	Tpos:468.5,Tstd:246.5,Bpos:512.0,Bstd:296.6,StrandBias:0.1,Multiplicity:1.13
0.099	0.001	0.001	0.899
0.001	0.997	0.001	0.001
0.001	0.001	0.001	0.997
0.116	0.121	0.017	0.746
0.892	0.106	0.001	0.001
0.001	0.001	0.001	0.997
0.143	0.745	0.001	0.111
0.997	0.001	0.001	0.001
0.080	0.068	0.804	0.048
0.916	0.082	0.001	0.001
>CAAGAGGGCA	4-CAAGAGGGCA	11.108663	-19.362496	0	T:10.0(9.26%),B:264.0(0.66%),P:1e-8	Tpos:465.6,Tstd:281.0,Bpos:494.9,Bstd:313.2,StrandBias:-0.8,Multiplicity:1.10
0.001	0.862	0.136	0.001
0.997	0.001	0.001	0.001
0.997	0.001	0.001	0.001
0.307	0.001	0.691	0.001
0.997	0.001	0.001	0.001
0.001	0.001	0.838	0.160
0.001	0.001	0.997	0.001
0.001	0.001	0.997	0.001
0.175	0.823	0.001	0.001
0.997	0.001	0.001	0.001
>TCCCCAACTC	5-TCCCCAACTC	10.054299	-19.158296	0	T:12.0(11.11%),B:451.6(1.12%),P:1e-8	Tpos:500.8,Tstd:362.9,Bpos:493.7,Bstd:308.3,StrandBias:1.7,Multiplicity:1.08
0.001	0.001	0.001	0.997
0.001	0.949	0.001	0.049
0.054	0.853	0.092	0.001
0.001	0.997	0.001	0.001
0.001	0.903	0.001	0.095
0.997	0.001	0.001	0.001
0.997	0.001	0.001	0.001
0.068	0.842	0.089	0.001
0.223	0.091	0.001	0.685
0.086	0.841	0.001	0.072
>TTGGTCACCG	6-TTGGTCACCG	9.786526	-17.302826	0	T:11.0(10.19%),B:428.2(1.07%),P:1e-7	Tpos:582.2,Tstd:196.9,Bpos:524.1,Bstd:305.1,StrandBias:-0.5,Multiplicity:1.09
0.001	0.001	0.001	0.997
0.001	0.001	0.001	0.997
0.001	0.001	0.917	0.081
0.001	0.204	0.794	0.001
0.001	0.001	0.001	0.997
0.001	0.997	0.001	0.001
0.866	0.001	0.132	0.001
0.133	0.763	0.001	0.103
0.001	0.913	0.001	0.085
0.125	0.001	0.873	0.001
>CATAACCTGA	7-CATAACCTGA	9.065753	-16.674391	0	T:14.0(12.96%),B:822.1(2.05%),P:1e-7	Tpos:411.1,Tstd:265.6,Bpos:491.1,Bstd:290.8,StrandBias:-0.2,Multiplicity:1.07
0.001	0.997	0.001	0.001
0.875	0.001	0.001	0.123
0.042	0.001	0.001	0.956
0.912	0.086	0.001	0.001
0.766	0.139	0.001	0.094
0.053	0.880	0.001	0.066
0.073	0.798	0.128	0.001
0.098	0.001	0.001	0.900
0.001	0.001	0.997	0.001
0.997	0.001	0.001	0.001
>AGCGACGGAA	8-AGCGACGGAA	10.826864	-15.968739	0	T:8.0(7.41%),B:204.0(0.51%),P:1e-6	Tpos:321.9,Tstd:274.4,Bpos:489.9,Bstd:331.0,StrandBias:-1.6,Multiplicity:1.00
0.883	0.115	0.001	0.001
0.001	0.001	0.997	0.001
0.001	0.921	0.001	0.077
0.163	0.001	0.738	0.098
0.819	0.106	0.074	0.001
0.001	0.997	0.001	0.001
0.079	0.001	0.919	0.001
0.074	0.001	0.924	0.001
0.897	0.001	0.101	0.001
0.997	0.001	0.001	0.001
>ACCTAGACAG	9-ACCTAGACAG	11.900235	-15.599703	0	T:6.0(5.56%),B:84.6(0.21%),P:1e-6	Tpos:402.2,Tstd:237.6,Bpos:476.5,Bstd:297.8,StrandBias:-1.0,Multiplicity:1.00
0.997	0.001	0.001	0.001
0.001	0.997	0.001	0.001
0.001	0.997	0.001	0.001
0.203	0.001	0.001	0.795
0.997	0.001	0.001	0.001
0.181	0.001	0.817	0.001
0.997	0.001	0.001	0.001
0.001	0.997	0.001	0.001
0.997	0.001	0.001	0.001
0.001	0.001	0.997	0.001
>GTATAATAAG	10-GTATAATAAG	10.444225	-15.097840	0	T:11.0(10.19%),B:536.7(1.34%),P:1e-6	Tpos:680.8,Tstd:309.2,Bpos:552.3,Bstd:316.0,StrandBias:2.3,Multiplicity:1.09
0.047	0.001	0.951	0.001
0.001	0.090	0.001	0.908
0.915	0.001	0.083	0.001
0.035	0.001	0.096	0.868
0.997	0.001	0.001	0.001
0.769	0.139	0.001	0.091
0.133	0.001	0.001	0.865
0.927	0.001	0.001	0.071
0.997	0.001	0.001	0.001
0.031	0.074	0.859	0.036
>GAGCTGAAAT	11-GAGCTGAAAT	9.957394	-13.109479	0	T:20.0(18.52%),B:2226.1(5.54%),P:1e-5	Tpos:507.2,Tstd:272.4,Bpos:495.9,Bstd:319.4,StrandBias:-0.4,Multiplicity:1.15
0.052	0.001	0.915	0.032
0.961	0.001	0.001	0.037
0.001	0.115	0.867	0.017
0.001	0.911	0.001	0.087
0.043	0.001	0.051	0.905
0.045	0.054	0.842	0.059
0.932	0.001	0.066	0.001
0.917	0.001	0.001	0.081
0.939	0.001	0.001	0.059
0.113	0.052	0.001	0.834
>AGTGTTTGCT	12-AGTGTTTGCT	10.296193	-12.863067	0	T:5.0(4.63%),B:76.0(0.19%),P:1e-5	Tpos:298.2,Tstd:193.1,Bpos:507.6,Bstd:265.6,StrandBias:2.0,Multiplicity:1.00
0.700	0.100	0.100	0.100
0.100	0.100	0.700	0.100
0.100	0.100	0.100	0.700
0.100	0.100	0.700	0.100
0.100	0.100	0.100	0.700
0.100	0.100	0.100	0.700
0.100	0.100	0.100	0.700
0.100	0.100	0.700	0.100
0.100	0.700	0.100	0.100
0.100	0.100	0.100	0.700
>CATGATCCCG	13-CATGATCCCG	11.555869	-12.700507	0	T:3.0(2.78%),B:8.9(0.02%),P:1e-5	Tpos:496.3,Tstd:296.2,Bpos:445.7,Bstd:215.2,StrandBias:1.0,Multiplicity:1.00
0.127	0.756	0.064	0.053
0.933	0.001	0.001	0.065
0.124	0.068	0.004	0.804
0.053	0.059	0.887	0.001
0.736	0.001	0.202	0.061
0.001	0.001	0.061	0.937
0.064	0.579	0.304	0.053
0.087	0.861	0.001	0.051
0.121	0.649	0.177	0.053
0.111	0.001	0.887	0.001
>GGCTCCTAAA	14-GGCTCCTAAA	11.698650	-10.825106	0	T:4.0(3.70%),B:55.3(0.14%),P:1e-4	Tpos:329.2,Tstd:298.3,Bpos:486.3,Bstd:297.2,StrandBias:-2.0,Multiplicity:1.25
0.007	0.001	0.991	0.001
0.059	0.226	0.714	0.001
0.314	0.544	0.097	0.045
0.001	0.001	0.177	0.821
0.146	0.769	0.051	0.034
0.108	0.809	0.039	0.044
0.241	0.001	0.001	0.757
0.887	0.047	0.001	0.065
0.908	0.037	0.001	0.054
0.958	0.040	0.001	0.001
>AAGCCTAGGC	15-AAGCCTAGGC	10.369996	-9.909318	0	T:6.0(5.56%),B:235.6(0.59%),P:1e-4	Tpos:506.2,Tstd:273.5,Bpos:482.8,Bstd:321.4,StrandBias:0.0,Multiplicity:1.33
0.997	0.001	0.001	0.001
0.739	0.001	0.127	0.133
0.001	0.001	0.921	0.077
0.001	0.997	0.001	0.001
0.149	0.608	0.117	0.126
0.001	0.001	0.001	0.997
0.997	0.001	0.001	0.001
0.103	0.001	0.895	0.001
0.001	0.001	0.997	0.001
0.001	0.997	0.001	0.001
>CATTCCCGCA	16-CATTCCCGCA	12.121104	-7.413006	0	T:3.0(2.78%),B:58.6(0.15%),P:1e-3	Tpos:481.6,Tstd:268.7,Bpos:493.6,Bstd:308.1,StrandBias:-0.6,Multiplicity:1.67
0.001	0.997	0.001	0.001
0.818	0.180	0.001	0.001
0.001	0.001	0.001	0.997
0.001	0.001	0.001	0.997
0.001	0.997	0.001	0.001
0.001	0.997	0.001	0.001
0.001	0.997	0.001	0.001
0.001	0.001	0.997	0.001
0.001	0.997	0.001	0.001
0.997	0.001	0.001	0.001
>CTCCTGGTAA	17-CTCCTGGTAA	10.296193	-6.187730	0	T:2.0(1.85%),B:23.2(0.06%),P:1e-2	Tpos:565.8,Tstd:100.0,Bpos:449.3,Bstd:355.3,StrandBias:4.1,Multiplicity:9.00
0.100	0.700	0.100	0.100
0.100	0.100	0.100	0.700
0.100	0.700	0.100	0.100
0.100	0.700	0.100	0.100
0.100	0.100	0.100	0.700
0.100	0.100	0.700	0.100
0.100	0.100	0.700	0.100
0.100	0.100	0.100	0.700
0.700	0.100	0.100	0.100
0.700	0.100	0.100	0.100
>AAATCGGATT	18-AAATCGGATT	9.329986	-6.160297	0	T:14.0(12.96%),B:2168.5(5.40%),P:1e-2	Tpos:479.5,Tstd:257.3,Bpos:507.5,Bstd:305.7,StrandBias:-0.5,Multiplicity:1.57
0.600	0.001	0.302	0.097
0.754	0.113	0.132	0.001
0.875	0.123	0.001	0.001
0.001	0.001	0.001	0.997
0.106	0.892	0.001	0.001
0.081	0.213	0.600	0.106
0.001	0.186	0.812	0.001
0.925	0.073	0.001	0.001
0.057	0.001	0.001	0.941
0.072	0.001	0.078	0.849
>CGCCGATCGG	19-CGCCGATCGG	9.859249	-5.782014	0	T:4.0(3.70%),B:218.2(0.54%),P:1e-2	Tpos:724.4,Tstd:165.4,Bpos:434.5,Bstd:325.3,StrandBias:0.3,Multiplicity:4.25
0.001	0.997	0.001	0.001
0.123	0.001	0.875	0.001
0.001	0.695	0.303	0.001
0.001	0.997	0.001	0.001
0.012	0.123	0.864	0.001
0.731	0.254	0.014	0.001
0.001	0.141	0.127	0.731
0.001	0.799	0.189	0.011
0.001	0.001	0.997	0.001
0.001	0.347	0.651	0.001
>ACAACAATRA	20-ACAACAATRA	11.465985	-5.575716	0	T:9.0(8.33%),B:1138.0(2.83%),P:1e-2	Tpos:660.5,Tstd:294.7,Bpos:535.4,Bstd:292.7,StrandBias:-3.8,Multiplicity:1.11
0.997	0.001	0.001	0.001
0.001	0.997	0.001	0.001
0.997	0.001	0.001	0.001
0.997	0.001	0.001	0.001
0.001	0.997	0.001	0.001
0.997	0.001	0.001	0.001
0.997	0.001	0.001	0.001
0.001	0.191	0.001	0.807
0.488	0.001	0.510	0.001
0.997	0.001	0.001	0.001
