>TAAGTTTCCAAA	4-TAAGTTTCCAAA,BestGuess:cebp-1/MA1444.1/Jaspar(0.547)	11.019379	-22.799089	0	T:16.0(12.31%),B:608.4(1.46%),P:1e-9
0.254	0.101	0.061	0.584
0.674	0.054	0.063	0.209
0.852	0.063	0.001	0.084
0.086	0.118	0.731	0.065
0.082	0.134	0.020	0.764
0.052	0.195	0.051	0.702
0.045	0.045	0.040	0.870
0.038	0.484	0.294	0.184
0.087	0.524	0.193	0.196
0.786	0.066	0.068	0.080
0.886	0.073	0.011	0.030
0.805	0.033	0.100	0.062
