>ATTAGAATGKTA	10-ATTAGAATGKTA,BestGuess:nhr-6/MA1451.1/Jaspar(0.524)	9.087557	-19.200205	0	T:33.0(25.38%),B:3439.4(8.25%),P:1e-8
0.454	0.121	0.160	0.265
0.133	0.001	0.001	0.865
0.001	0.126	0.146	0.727
0.901	0.001	0.001	0.097
0.192	0.001	0.655	0.152
0.967	0.031	0.001	0.001
0.777	0.104	0.001	0.118
0.001	0.001	0.274	0.724
0.001	0.061	0.937	0.001
0.001	0.134	0.414	0.451
0.001	0.093	0.217	0.689
0.818	0.180	0.001	0.001
