>TCCGAGTCCC	1-TCCGAGTCCC	9.736866	-25.092263	0	T:8.0(12.70%),B:110.0(0.27%),P:1e-10	Tpos:494.4,Tstd:316.4,Bpos:492.0,Bstd:308.2,StrandBias:2.8,Multiplicity:1.00
0.001	0.001	0.001	0.997
0.001	0.997	0.001	0.001
0.001	0.842	0.156	0.001
0.001	0.001	0.997	0.001
0.997	0.001	0.001	0.001
0.115	0.001	0.883	0.001
0.132	0.153	0.001	0.714
0.001	0.868	0.130	0.001
0.001	0.997	0.001	0.001
0.001	0.832	0.166	0.001
>ACTGAACACA	2-ACTGAACACA	8.380766	-20.057714	0	T:16.0(25.40%),B:1581.1(3.90%),P:1e-8	Tpos:579.9,Tstd:229.3,Bpos:524.7,Bstd:303.5,StrandBias:-0.5,Multiplicity:1.06
0.997	0.001	0.001	0.001
0.012	0.922	0.065	0.001
0.001	0.246	0.001	0.752
0.001	0.001	0.997	0.001
0.777	0.001	0.001	0.221
0.765	0.001	0.233	0.001
0.001	0.997	0.001	0.001
0.997	0.001	0.001	0.001
0.001	0.801	0.001	0.197
0.980	0.018	0.001	0.001
>CCTTATCAGT	3-CCTTATCAGT	9.038149	-19.459091	0	T:17.0(26.98%),B:1904.8(4.70%),P:1e-8	Tpos:689.8,Tstd:246.3,Bpos:566.3,Bstd:316.1,StrandBias:0.8,Multiplicity:1.12
0.015	0.653	0.128	0.204
0.114	0.575	0.139	0.172
0.282	0.074	0.059	0.585
0.033	0.035	0.064	0.868
0.745	0.001	0.240	0.014
0.001	0.031	0.042	0.926
0.054	0.739	0.001	0.206
0.873	0.028	0.065	0.034
0.110	0.020	0.618	0.252
0.028	0.155	0.036	0.781
>AGTCACTTCT	4-AGTCACTTCT	9.829402	-19.078858	0	T:13.0(20.63%),B:1013.9(2.50%),P:1e-8	Tpos:477.1,Tstd:258.8,Bpos:492.1,Bstd:311.2,StrandBias:0.0,Multiplicity:1.08
0.804	0.001	0.001	0.194
0.001	0.001	0.997	0.001
0.165	0.267	0.001	0.567
0.001	0.836	0.001	0.162
0.997	0.001	0.001	0.001
0.254	0.738	0.001	0.007
0.001	0.001	0.001	0.997
0.001	0.034	0.001	0.964
0.001	0.997	0.001	0.001
0.022	0.274	0.032	0.672
>AGGCGATTGT	5-AGGCGATTGT	10.737795	-18.923030	0	T:8.0(12.70%),B:246.6(0.61%),P:1e-8	Tpos:581.8,Tstd:358.8,Bpos:465.4,Bstd:307.4,StrandBias:0.7,Multiplicity:1.00
0.997	0.001	0.001	0.001
0.001	0.001	0.890	0.108
0.001	0.001	0.997	0.001
0.107	0.749	0.001	0.143
0.001	0.001	0.997	0.001
0.997	0.001	0.001	0.001
0.139	0.182	0.001	0.678
0.001	0.001	0.001	0.997
0.001	0.001	0.924	0.074
0.118	0.001	0.001	0.880
>TCCGTCAATT	6-TCCGTCAATT	9.705420	-16.787264	0	T:11.0(17.46%),B:810.9(2.00%),P:1e-7	Tpos:413.2,Tstd:305.7,Bpos:477.9,Bstd:306.2,StrandBias:-1.0,Multiplicity:1.09
0.001	0.001	0.001	0.997
0.001	0.995	0.001	0.003
0.001	0.854	0.144	0.001
0.001	0.123	0.875	0.001
0.001	0.046	0.007	0.946
0.001	0.997	0.001	0.001
0.840	0.001	0.158	0.001
0.852	0.001	0.146	0.001
0.001	0.170	0.184	0.645
0.001	0.001	0.001	0.997
>TTTTTCGATG	7-TTTTTCGATG	9.164611	-14.061070	0	T:14.0(22.22%),B:1848.5(4.56%),P:1e-6	Tpos:574.5,Tstd:296.1,Bpos:493.3,Bstd:306.6,StrandBias:0.0,Multiplicity:1.14
0.001	0.001	0.001	0.997
0.001	0.001	0.084	0.914
0.108	0.001	0.001	0.890
0.001	0.001	0.001	0.997
0.001	0.072	0.001	0.926
0.001	0.997	0.001	0.001
0.001	0.001	0.997	0.001
0.957	0.001	0.041	0.001
0.001	0.165	0.001	0.833
0.001	0.001	0.997	0.001
>CCACTGACCA	8-CCACTGACCA	9.692841	-11.922568	0	T:7.0(11.11%),B:446.2(1.10%),P:1e-5	Tpos:472.9,Tstd:238.2,Bpos:468.9,Bstd:302.7,StrandBias:1.0,Multiplicity:1.71
0.001	0.714	0.170	0.115
0.001	0.997	0.001	0.001
0.997	0.001	0.001	0.001
0.111	0.757	0.001	0.131
0.001	0.001	0.001	0.997
0.001	0.001	0.997	0.001
0.835	0.163	0.001	0.001
0.001	0.846	0.152	0.001
0.001	0.997	0.001	0.001
0.997	0.001	0.001	0.001
>ATTTGACAGG	9-ATTTGACAGG	10.327662	-11.849981	0	T:8.0(12.70%),B:639.9(1.58%),P:1e-5	Tpos:478.6,Tstd:240.5,Bpos:491.6,Bstd:310.2,StrandBias:0.0,Multiplicity:1.25
0.997	0.001	0.001	0.001
0.001	0.001	0.001	0.997
0.001	0.001	0.283	0.715
0.001	0.001	0.001	0.997
0.194	0.001	0.804	0.001
0.957	0.001	0.041	0.001
0.001	0.824	0.174	0.001
0.747	0.251	0.001	0.001
0.022	0.001	0.976	0.001
0.001	0.001	0.909	0.089
>GATTTACGGK	10-GATTTACGGK	9.384329	-10.766847	0	T:7.0(11.11%),B:536.0(1.32%),P:1e-4	Tpos:472.8,Tstd:272.9,Bpos:538.2,Bstd:296.2,StrandBias:-1.2,Multiplicity:1.43
0.001	0.323	0.560	0.116
0.635	0.001	0.297	0.067
0.386	0.001	0.001	0.612
0.001	0.001	0.001	0.997
0.001	0.001	0.001	0.997
0.624	0.185	0.001	0.190
0.232	0.766	0.001	0.001
0.001	0.001	0.844	0.154
0.208	0.001	0.790	0.001
0.261	0.001	0.430	0.308
>TGTCAGACAA	11-TGTCAGACAA	10.112579	-10.529726	0	T:11.0(17.46%),B:1557.4(3.84%),P:1e-4	Tpos:598.9,Tstd:295.3,Bpos:523.8,Bstd:321.6,StrandBias:0.0,Multiplicity:1.36
0.001	0.001	0.001	0.997
0.083	0.001	0.678	0.238
0.126	0.001	0.001	0.872
0.001	0.902	0.096	0.001
0.888	0.001	0.001	0.110
0.061	0.001	0.937	0.001
0.997	0.001	0.001	0.001
0.033	0.965	0.001	0.001
0.997	0.001	0.001	0.001
0.851	0.147	0.001	0.001
>GGTTTGTCTA	12-GGTTTGTCTA	8.350283	-9.598106	0	T:11.0(17.46%),B:1727.9(4.26%),P:1e-4	Tpos:506.2,Tstd:289.1,Bpos:514.6,Bstd:300.3,StrandBias:0.0,Multiplicity:1.09
0.100	0.100	0.700	0.100
0.100	0.100	0.700	0.100
0.100	0.100	0.100	0.700
0.100	0.100	0.100	0.700
0.100	0.100	0.100	0.700
0.100	0.100	0.700	0.100
0.100	0.100	0.100	0.700
0.100	0.700	0.100	0.100
0.100	0.100	0.100	0.700
0.700	0.100	0.100	0.100
>TATCGWTTTT	13-TATCGWTTTT	10.200425	-7.805933	0	T:16.0(25.40%),B:4084.2(10.08%),P:1e-3	Tpos:471.6,Tstd:279.6,Bpos:523.6,Bstd:299.4,StrandBias:2.3,Multiplicity:1.81
0.001	0.001	0.001	0.997
0.997	0.001	0.001	0.001
0.121	0.137	0.157	0.585
0.001	0.997	0.001	0.001
0.154	0.082	0.763	0.001
0.501	0.001	0.123	0.375
0.138	0.001	0.177	0.684
0.001	0.001	0.001	0.997
0.154	0.001	0.001	0.844
0.001	0.001	0.001	0.997
>TCGCTTTTCT	14-TCGCTTTTCT	11.053795	-5.032194	0	T:5.0(7.94%),B:755.9(1.86%),P:1e-2	Tpos:418.9,Tstd:294.6,Bpos:531.5,Bstd:297.0,StrandBias:0.4,Multiplicity:1.40
0.001	0.001	0.001	0.997
0.001	0.769	0.229	0.001
0.001	0.001	0.997	0.001
0.124	0.874	0.001	0.001
0.227	0.001	0.048	0.724
0.051	0.001	0.004	0.944
0.001	0.001	0.001	0.997
0.001	0.001	0.001	0.997
0.235	0.763	0.001	0.001
0.174	0.001	0.001	0.824
>GAAAATCAAT	15-GAAAATCAAT	13.761242	-3.903846	0	T:5.0(7.94%),B:1004.1(2.48%),P:1e-1	Tpos:358.2,Tstd:185.1,Bpos:534.4,Bstd:303.9,StrandBias:-2.0,Multiplicity:3.00
0.001	0.001	0.997	0.001
0.997	0.001	0.001	0.001
0.997	0.001	0.001	0.001
0.997	0.001	0.001	0.001
0.997	0.001	0.001	0.001
0.001	0.001	0.023	0.975
0.001	0.997	0.001	0.001
0.949	0.001	0.049	0.001
0.997	0.001	0.001	0.001
0.001	0.001	0.001	0.997
