>TCCGAGTCCC	1-TCCGAGTCCC	9.736866	-25.092263	0	T:8.0(12.70%),B:110.0(0.27%),P:1e-10	Tpos:494.4,Tstd:316.4,Bpos:492.0,Bstd:308.2,StrandBias:2.8,Multiplicity:1.00
0.001	0.001	0.001	0.997
0.001	0.997	0.001	0.001
0.001	0.842	0.156	0.001
0.001	0.001	0.997	0.001
0.997	0.001	0.001	0.001
0.115	0.001	0.883	0.001
0.132	0.153	0.001	0.714
0.001	0.868	0.130	0.001
0.001	0.997	0.001	0.001
0.001	0.832	0.166	0.001
>ACTGAACACA	2-ACTGAACACA	8.380766	-20.057714	0	T:16.0(25.40%),B:1581.1(3.90%),P:1e-8	Tpos:579.9,Tstd:229.3,Bpos:524.7,Bstd:303.5,StrandBias:-0.5,Multiplicity:1.06
0.997	0.001	0.001	0.001
0.012	0.922	0.065	0.001
0.001	0.246	0.001	0.752
0.001	0.001	0.997	0.001
0.777	0.001	0.001	0.221
0.765	0.001	0.233	0.001
0.001	0.997	0.001	0.001
0.997	0.001	0.001	0.001
0.001	0.801	0.001	0.197
0.980	0.018	0.001	0.001
>CCTTATCAGT	3-CCTTATCAGT	9.038149	-19.459091	0	T:17.0(26.98%),B:1904.8(4.70%),P:1e-8	Tpos:689.8,Tstd:246.3,Bpos:566.3,Bstd:316.1,StrandBias:0.8,Multiplicity:1.12
0.015	0.653	0.128	0.204
0.114	0.575	0.139	0.172
0.282	0.074	0.059	0.585
0.033	0.035	0.064	0.868
0.745	0.001	0.240	0.014
0.001	0.031	0.042	0.926
0.054	0.739	0.001	0.206
0.873	0.028	0.065	0.034
0.110	0.020	0.618	0.252
0.028	0.155	0.036	0.781
>AGTCACTTCT	4-AGTCACTTCT	9.829402	-19.078858	0	T:13.0(20.63%),B:1013.9(2.50%),P:1e-8	Tpos:477.1,Tstd:258.8,Bpos:492.1,Bstd:311.2,StrandBias:0.0,Multiplicity:1.08
0.804	0.001	0.001	0.194
0.001	0.001	0.997	0.001
0.165	0.267	0.001	0.567
0.001	0.836	0.001	0.162
0.997	0.001	0.001	0.001
0.254	0.738	0.001	0.007
0.001	0.001	0.001	0.997
0.001	0.034	0.001	0.964
0.001	0.997	0.001	0.001
0.022	0.274	0.032	0.672
>AGGCGATTGT	5-AGGCGATTGT	10.737795	-18.923030	0	T:8.0(12.70%),B:246.6(0.61%),P:1e-8	Tpos:581.8,Tstd:358.8,Bpos:465.4,Bstd:307.4,StrandBias:0.7,Multiplicity:1.00
0.997	0.001	0.001	0.001
0.001	0.001	0.890	0.108
0.001	0.001	0.997	0.001
0.107	0.749	0.001	0.143
0.001	0.001	0.997	0.001
0.997	0.001	0.001	0.001
0.139	0.182	0.001	0.678
0.001	0.001	0.001	0.997
0.001	0.001	0.924	0.074
0.118	0.001	0.001	0.880
>TCCGTCAATT	6-TCCGTCAATT	9.705420	-16.787264	0	T:11.0(17.46%),B:810.9(2.00%),P:1e-7	Tpos:413.2,Tstd:305.7,Bpos:477.9,Bstd:306.2,StrandBias:-1.0,Multiplicity:1.09
0.001	0.001	0.001	0.997
0.001	0.995	0.001	0.003
0.001	0.854	0.144	0.001
0.001	0.123	0.875	0.001
0.001	0.046	0.007	0.946
0.001	0.997	0.001	0.001
0.840	0.001	0.158	0.001
0.852	0.001	0.146	0.001
0.001	0.170	0.184	0.645
0.001	0.001	0.001	0.997
>TTTTTCGATG	7-TTTTTCGATG	9.164611	-14.061070	0	T:14.0(22.22%),B:1848.5(4.56%),P:1e-6	Tpos:574.5,Tstd:296.1,Bpos:493.3,Bstd:306.6,StrandBias:0.0,Multiplicity:1.14
0.001	0.001	0.001	0.997
0.001	0.001	0.084	0.914
0.108	0.001	0.001	0.890
0.001	0.001	0.001	0.997
0.001	0.072	0.001	0.926
0.001	0.997	0.001	0.001
0.001	0.001	0.997	0.001
0.957	0.001	0.041	0.001
0.001	0.165	0.001	0.833
0.001	0.001	0.997	0.001
>CCACTGACCA	8-CCACTGACCA	9.692841	-11.922568	0	T:7.0(11.11%),B:446.2(1.10%),P:1e-5	Tpos:472.9,Tstd:238.2,Bpos:468.9,Bstd:302.7,StrandBias:1.0,Multiplicity:1.71
0.001	0.714	0.170	0.115
0.001	0.997	0.001	0.001
0.997	0.001	0.001	0.001
0.111	0.757	0.001	0.131
0.001	0.001	0.001	0.997
0.001	0.001	0.997	0.001
0.835	0.163	0.001	0.001
0.001	0.846	0.152	0.001
0.001	0.997	0.001	0.001
0.997	0.001	0.001	0.001
>ATTTGACAGG	9-ATTTGACAGG	10.327662	-11.849981	0	T:8.0(12.70%),B:639.9(1.58%),P:1e-5	Tpos:478.6,Tstd:240.5,Bpos:491.6,Bstd:310.2,StrandBias:0.0,Multiplicity:1.25
0.997	0.001	0.001	0.001
0.001	0.001	0.001	0.997
0.001	0.001	0.283	0.715
0.001	0.001	0.001	0.997
0.194	0.001	0.804	0.001
0.957	0.001	0.041	0.001
0.001	0.824	0.174	0.001
0.747	0.251	0.001	0.001
0.022	0.001	0.976	0.001
0.001	0.001	0.909	0.089
>GATTTACGGK	10-GATTTACGGK	9.384329	-10.766847	0	T:7.0(11.11%),B:536.0(1.32%),P:1e-4	Tpos:472.8,Tstd:272.9,Bpos:538.2,Bstd:296.2,StrandBias:-1.2,Multiplicity:1.43
0.001	0.323	0.560	0.116
0.635	0.001	0.297	0.067
0.386	0.001	0.001	0.612
0.001	0.001	0.001	0.997
0.001	0.001	0.001	0.997
0.624	0.185	0.001	0.190
0.232	0.766	0.001	0.001
0.001	0.001	0.844	0.154
0.208	0.001	0.790	0.001
0.261	0.001	0.430	0.308
>TGTCAGACAA	11-TGTCAGACAA	10.112579	-10.529726	0	T:11.0(17.46%),B:1557.4(3.84%),P:1e-4	Tpos:598.9,Tstd:295.3,Bpos:523.8,Bstd:321.6,StrandBias:0.0,Multiplicity:1.36
0.001	0.001	0.001	0.997
0.083	0.001	0.678	0.238
0.126	0.001	0.001	0.872
0.001	0.902	0.096	0.001
0.888	0.001	0.001	0.110
0.061	0.001	0.937	0.001
0.997	0.001	0.001	0.001
0.033	0.965	0.001	0.001
0.997	0.001	0.001	0.001
0.851	0.147	0.001	0.001
>GGTTTGTCTA	12-GGTTTGTCTA	8.350283	-9.598106	0	T:11.0(17.46%),B:1727.9(4.26%),P:1e-4	Tpos:506.2,Tstd:289.1,Bpos:514.6,Bstd:300.3,StrandBias:0.0,Multiplicity:1.09
0.100	0.100	0.700	0.100
0.100	0.100	0.700	0.100
0.100	0.100	0.100	0.700
0.100	0.100	0.100	0.700
0.100	0.100	0.100	0.700
0.100	0.100	0.700	0.100
0.100	0.100	0.100	0.700
0.100	0.700	0.100	0.100
0.100	0.100	0.100	0.700
0.700	0.100	0.100	0.100
>TATCGWTTTT	13-TATCGWTTTT	10.200425	-7.805933	0	T:16.0(25.40%),B:4084.2(10.08%),P:1e-3	Tpos:471.6,Tstd:279.6,Bpos:523.6,Bstd:299.4,StrandBias:2.3,Multiplicity:1.81
0.001	0.001	0.001	0.997
0.997	0.001	0.001	0.001
0.121	0.137	0.157	0.585
0.001	0.997	0.001	0.001
0.154	0.082	0.763	0.001
0.501	0.001	0.123	0.375
0.138	0.001	0.177	0.684
0.001	0.001	0.001	0.997
0.154	0.001	0.001	0.844
0.001	0.001	0.001	0.997
>TCGCTTTTCT	14-TCGCTTTTCT	11.053795	-5.032194	0	T:5.0(7.94%),B:755.9(1.86%),P:1e-2	Tpos:418.9,Tstd:294.6,Bpos:531.5,Bstd:297.0,StrandBias:0.4,Multiplicity:1.40
0.001	0.001	0.001	0.997
0.001	0.769	0.229	0.001
0.001	0.001	0.997	0.001
0.124	0.874	0.001	0.001
0.227	0.001	0.048	0.724
0.051	0.001	0.004	0.944
0.001	0.001	0.001	0.997
0.001	0.001	0.001	0.997
0.235	0.763	0.001	0.001
0.174	0.001	0.001	0.824
>GAAAATCAAT	15-GAAAATCAAT	13.761242	-3.903846	0	T:5.0(7.94%),B:1004.1(2.48%),P:1e-1	Tpos:358.2,Tstd:185.1,Bpos:534.4,Bstd:303.9,StrandBias:-2.0,Multiplicity:3.00
0.001	0.001	0.997	0.001
0.997	0.001	0.001	0.001
0.997	0.001	0.001	0.001
0.997	0.001	0.001	0.001
0.997	0.001	0.001	0.001
0.001	0.001	0.023	0.975
0.001	0.997	0.001	0.001
0.949	0.001	0.049	0.001
0.997	0.001	0.001	0.001
0.001	0.001	0.001	0.997
>TAAAATACGAAA	1-TAAAATACGAAA	13.445786	-19.738161	0	T:10.0(15.87%),B:456.5(1.13%),P:1e-8	Tpos:649.8,Tstd:267.4,Bpos:509.4,Bstd:311.2,StrandBias:-0.8,Multiplicity:1.10
0.001	0.173	0.001	0.825
0.786	0.212	0.001	0.001
0.997	0.001	0.001	0.001
0.997	0.001	0.001	0.001
0.997	0.001	0.001	0.001
0.001	0.001	0.001	0.997
0.766	0.001	0.001	0.232
0.116	0.882	0.001	0.001
0.096	0.001	0.902	0.001
0.997	0.001	0.001	0.001
0.997	0.001	0.001	0.001
0.997	0.001	0.001	0.001
>TTWTTCGATGGM	2-TTWTTCGATGGM	11.298143	-19.564613	0	T:8.0(12.70%),B:226.4(0.56%),P:1e-8	Tpos:600.5,Tstd:254.4,Bpos:501.4,Bstd:301.3,StrandBias:0.6,Multiplicity:1.25
0.001	0.001	0.001	0.997
0.001	0.001	0.001	0.997
0.503	0.001	0.001	0.495
0.001	0.001	0.001	0.997
0.001	0.001	0.001	0.997
0.001	0.997	0.001	0.001
0.033	0.001	0.965	0.001
0.997	0.001	0.001	0.001
0.001	0.408	0.001	0.590
0.001	0.001	0.997	0.001
0.039	0.001	0.915	0.045
0.548	0.450	0.001	0.001
>CTCATAAGAATT	3-CTCATAAGAATT	11.121042	-19.475884	0	T:10.0(15.87%),B:469.8(1.16%),P:1e-8	Tpos:487.3,Tstd:242.3,Bpos:523.9,Bstd:303.9,StrandBias:2.0,Multiplicity:1.11
0.219	0.651	0.129	0.001
0.129	0.001	0.258	0.612
0.103	0.824	0.072	0.001
0.887	0.001	0.001	0.111
0.086	0.112	0.001	0.801
0.997	0.001	0.001	0.001
0.997	0.001	0.001	0.001
0.065	0.001	0.933	0.001
0.748	0.001	0.250	0.001
0.997	0.001	0.001	0.001
0.001	0.001	0.001	0.997
0.146	0.001	0.001	0.852
>AAGAAACTATCC	4-AAGAAACTATCC	14.172634	-18.535818	0	T:5.0(7.94%),B:40.3(0.10%),P:1e-8	Tpos:503.0,Tstd:226.5,Bpos:401.3,Bstd:229.2,StrandBias:2.0,Multiplicity:1.00
0.753	0.245	0.001	0.001
0.997	0.001	0.001	0.001
0.167	0.001	0.831	0.001
0.997	0.001	0.001	0.001
0.997	0.001	0.001	0.001
0.997	0.001	0.001	0.001
0.001	0.997	0.001	0.001
0.001	0.001	0.001	0.997
0.696	0.302	0.001	0.001
0.001	0.001	0.001	0.997
0.001	0.997	0.001	0.001
0.001	0.997	0.001	0.001
>GAATTTCTCTGC	5-GAATTTCTCTGC	10.683380	-18.233138	0	T:13.0(20.63%),B:1089.0(2.69%),P:1e-7	Tpos:618.6,Tstd:211.9,Bpos:519.3,Bstd:305.2,StrandBias:1.0,Multiplicity:1.15
0.001	0.196	0.802	0.001
0.713	0.071	0.101	0.115
0.799	0.001	0.001	0.199
0.071	0.001	0.001	0.927
0.001	0.100	0.001	0.898
0.001	0.001	0.001	0.997
0.115	0.493	0.136	0.256
0.001	0.114	0.001	0.884
0.001	0.997	0.001	0.001
0.098	0.001	0.001	0.900
0.069	0.001	0.929	0.001
0.072	0.696	0.136	0.096
>TGTGCACATTCT	6-TGTGCACATTCT	13.920469	-18.095403	0	T:5.0(7.94%),B:44.9(0.11%),P:1e-7	Tpos:504.2,Tstd:290.7,Bpos:462.0,Bstd:320.0,StrandBias:2.0,Multiplicity:1.00
0.001	0.001	0.001	0.997
0.001	0.001	0.997	0.001
0.001	0.001	0.001	0.997
0.141	0.186	0.672	0.001
0.001	0.997	0.001	0.001
0.881	0.001	0.001	0.117
0.001	0.997	0.001	0.001
0.830	0.001	0.168	0.001
0.001	0.001	0.001	0.997
0.001	0.001	0.001	0.997
0.138	0.757	0.001	0.104
0.001	0.001	0.001	0.997
>TCTTATCTTGAA	7-TCTTATCTTGAA	13.652752	-18.010644	0	T:7.0(11.11%),B:176.1(0.43%),P:1e-7	Tpos:727.3,Tstd:234.1,Bpos:487.9,Bstd:339.3,StrandBias:-0.4,Multiplicity:1.00
0.001	0.001	0.001	0.997
0.001	0.997	0.001	0.001
0.001	0.001	0.001	0.997
0.001	0.001	0.001	0.997
0.855	0.001	0.143	0.001
0.201	0.001	0.001	0.797
0.001	0.883	0.001	0.115
0.001	0.001	0.234	0.764
0.001	0.001	0.001	0.997
0.001	0.134	0.864	0.001
0.997	0.001	0.001	0.001
0.997	0.001	0.001	0.001
>TGATATAGAAAA	8-TGATATAGAAAA	13.248060	-17.707505	0	T:8.0(12.70%),B:289.6(0.71%),P:1e-7	Tpos:494.3,Tstd:248.3,Bpos:482.1,Bstd:307.6,StrandBias:-0.3,Multiplicity:1.12
0.001	0.001	0.001	0.997
0.001	0.001	0.997	0.001
0.997	0.001	0.001	0.001
0.001	0.001	0.001	0.997
0.888	0.001	0.001	0.110
0.001	0.001	0.001	0.997
0.913	0.001	0.001	0.085
0.080	0.132	0.787	0.001
0.674	0.155	0.001	0.170
0.997	0.001	0.001	0.001
0.997	0.001	0.001	0.001
0.862	0.001	0.001	0.136
>ATGTAGGTHTAC	9-ATGTAGGTHTAC	11.846741	-16.787730	0	T:6.0(9.52%),B:122.0(0.30%),P:1e-7	Tpos:441.9,Tstd:185.2,Bpos:477.1,Bstd:313.5,StrandBias:-2.8,Multiplicity:1.33
0.941	0.001	0.057	0.001
0.049	0.001	0.001	0.949
0.001	0.001	0.997	0.001
0.001	0.001	0.001	0.997
0.997	0.001	0.001	0.001
0.001	0.001	0.997	0.001
0.323	0.001	0.675	0.001
0.053	0.001	0.001	0.945
0.391	0.266	0.001	0.343
0.001	0.001	0.001	0.997
0.997	0.001	0.001	0.001
0.282	0.716	0.001	0.001
>TCTTATCAGTGA	10-TCTTATCAGTGA	13.545974	-16.684829	0	T:7.0(11.11%),B:215.6(0.53%),P:1e-7	Tpos:731.7,Tstd:279.2,Bpos:596.9,Bstd:312.0,StrandBias:-0.3,Multiplicity:1.29
0.001	0.178	0.164	0.657
0.001	0.997	0.001	0.001
0.001	0.001	0.001	0.997
0.001	0.001	0.001	0.997
0.834	0.001	0.001	0.164
0.001	0.001	0.001	0.997
0.001	0.997	0.001	0.001
0.997	0.001	0.001	0.001
0.001	0.001	0.851	0.147
0.001	0.001	0.001	0.997
0.123	0.001	0.776	0.100
0.997	0.001	0.001	0.001
>AWGGACAAATGW	11-AWGGACAAATGW	12.289164	-16.069188	0	T:7.0(11.11%),B:236.7(0.58%),P:1e-6	Tpos:287.6,Tstd:174.6,Bpos:512.0,Bstd:302.9,StrandBias:-1.6,Multiplicity:1.14
0.849	0.149	0.001	0.001
0.550	0.001	0.001	0.448
0.001	0.149	0.849	0.001
0.191	0.010	0.798	0.001
0.997	0.001	0.001	0.001
0.004	0.990	0.005	0.001
0.997	0.001	0.001	0.001
0.808	0.190	0.001	0.001
0.869	0.001	0.129	0.001
0.001	0.001	0.001	0.997
0.088	0.001	0.910	0.001
0.410	0.149	0.001	0.440
>AAATTTCATAAC	12-AAATTTCATAAC	11.397269	-15.572254	0	T:14.0(22.22%),B:1628.9(4.02%),P:1e-6	Tpos:601.3,Tstd:226.3,Bpos:519.6,Bstd:294.2,StrandBias:0.2,Multiplicity:1.07
0.862	0.136	0.001	0.001
0.997	0.001	0.001	0.001
0.860	0.138	0.001	0.001
0.001	0.001	0.001	0.997
0.001	0.001	0.001	0.997
0.001	0.001	0.001	0.997
0.001	0.879	0.119	0.001
0.864	0.001	0.001	0.134
0.041	0.001	0.078	0.880
0.997	0.001	0.001	0.001
0.997	0.001	0.001	0.001
0.068	0.756	0.001	0.175
>CAAAAACTGCCA	13-CAAAAACTGCCA	13.797835	-12.994755	0	T:5.0(7.94%),B:130.2(0.32%),P:1e-5	Tpos:461.2,Tstd:290.6,Bpos:499.5,Bstd:299.1,StrandBias:2.0,Multiplicity:1.00
0.001	0.997	0.001	0.001
0.997	0.001	0.001	0.001
0.997	0.001	0.001	0.001
0.997	0.001	0.001	0.001
0.802	0.196	0.001	0.001
0.997	0.001	0.001	0.001
0.001	0.745	0.146	0.108
0.001	0.001	0.001	0.997
0.115	0.163	0.721	0.001
0.125	0.873	0.001	0.001
0.001	0.997	0.001	0.001
0.997	0.001	0.001	0.001
>TCAGAAAATGCT	14-TCAGAAAATGCT	13.732075	-12.028417	0	T:6.0(9.52%),B:283.0(0.70%),P:1e-5	Tpos:370.9,Tstd:246.5,Bpos:473.6,Bstd:297.3,StrandBias:0.7,Multiplicity:1.33
0.001	0.001	0.001	0.997
0.001	0.997	0.001	0.001
0.997	0.001	0.001	0.001
0.125	0.001	0.873	0.001
0.723	0.001	0.001	0.275
0.997	0.001	0.001	0.001
0.997	0.001	0.001	0.001
0.804	0.001	0.001	0.194
0.001	0.001	0.001	0.997
0.001	0.001	0.997	0.001
0.115	0.773	0.001	0.111
0.001	0.001	0.001	0.997
>TCTACACTAGAA	15-TCTACACTAGAA	14.404786	-10.976111	0	T:3.0(4.76%),B:29.6(0.07%),P:1e-4	Tpos:435.0,Tstd:203.3,Bpos:454.6,Bstd:290.2,StrandBias:10.0,Multiplicity:1.67
0.001	0.001	0.001	0.997
0.001	0.997	0.001	0.001
0.001	0.001	0.001	0.997
0.997	0.001	0.001	0.001
0.001	0.782	0.001	0.216
0.997	0.001	0.001	0.001
0.001	0.997	0.001	0.001
0.001	0.001	0.001	0.997
0.997	0.001	0.001	0.001
0.204	0.001	0.794	0.001
0.997	0.001	0.001	0.001
0.692	0.306	0.001	0.001
>CCAATTTGCACT	16-CCAATTTGCACT	13.573479	-7.211114	0	T:3.0(4.76%),B:110.1(0.27%),P:1e-3	Tpos:539.6,Tstd:98.2,Bpos:501.6,Bstd:285.6,StrandBias:3.0,Multiplicity:3.00
0.001	0.823	0.175	0.001
0.001	0.842	0.001	0.156
0.997	0.001	0.001	0.001
0.710	0.164	0.001	0.125
0.001	0.001	0.001	0.997
0.001	0.001	0.001	0.997
0.001	0.001	0.001	0.997
0.001	0.001	0.887	0.111
0.001	0.997	0.001	0.001
0.997	0.001	0.001	0.001
0.001	0.875	0.001	0.123
0.001	0.001	0.001	0.997
>TATCGCTTTTCT	17-TATCGCTTTTCT	2.727908	-4.189332	0	T:16.0(25.40%),B:5839.6(14.41%),P:1e-1	Tpos:392.2,Tstd:203.7,Bpos:537.6,Bstd:301.1,StrandBias:2.1,Multiplicity:2.62
0.001	0.001	0.001	0.997
0.997	0.001	0.001	0.001
0.001	0.001	0.001	0.997
0.001	0.937	0.001	0.061
0.001	0.001	0.997	0.001
0.099	0.899	0.001	0.001
0.001	0.001	0.001	0.997
0.001	0.001	0.001	0.997
0.001	0.001	0.001	0.997
0.001	0.001	0.001	0.997
0.001	0.997	0.001	0.001
0.001	0.001	0.001	0.997
>ATTTACGG	1-ATTTACGG	7.500302	-14.394987	0	T:21.0(33.33%),B:4118.2(10.16%),P:1e-6	Tpos:496.1,Tstd:229.1,Bpos:510.4,Bstd:297.5,StrandBias:1.0,Multiplicity:1.24
0.879	0.001	0.119	0.001
0.001	0.001	0.001	0.997
0.001	0.001	0.001	0.997
0.001	0.038	0.157	0.804
0.795	0.203	0.001	0.001
0.001	0.997	0.001	0.001
0.001	0.001	0.997	0.001
0.001	0.001	0.997	0.001
>TGAYCACR	2-TGAYCACR	7.177521	-12.323614	0	T:30.0(47.62%),B:8766.1(21.63%),P:1e-5	Tpos:583.9,Tstd:237.8,Bpos:504.5,Bstd:310.2,StrandBias:-0.8,Multiplicity:1.30
0.001	0.001	0.001	0.997
0.001	0.001	0.997	0.001
0.997	0.001	0.001	0.001
0.079	0.433	0.001	0.488
0.001	0.883	0.115	0.001
0.997	0.001	0.001	0.001
0.001	0.639	0.359	0.001
0.564	0.001	0.434	0.001
>ACCGATAA	3-ACCGATAA	7.657392	-11.743747	0	T:29.0(46.03%),B:8508.9(20.99%),P:1e-5	Tpos:551.0,Tstd:306.1,Bpos:528.0,Bstd:313.0,StrandBias:-0.2,Multiplicity:1.41
0.984	0.006	0.001	0.009
0.001	0.837	0.128	0.034
0.001	0.730	0.069	0.200
0.264	0.016	0.674	0.046
0.895	0.008	0.096	0.001
0.001	0.001	0.227	0.771
0.594	0.141	0.264	0.001
0.819	0.044	0.001	0.136
>SAACCCTT	4-SAACCCTT	8.725075	-11.249158	0	T:15.0(23.81%),B:2699.5(6.66%),P:1e-4	Tpos:561.6,Tstd:330.9,Bpos:510.4,Bstd:307.1,StrandBias:0.4,Multiplicity:1.07
0.001	0.549	0.449	0.001
0.997	0.001	0.001	0.001
0.997	0.001	0.001	0.001
0.001	0.726	0.001	0.272
0.277	0.721	0.001	0.001
0.001	0.997	0.001	0.001
0.001	0.137	0.001	0.861
0.001	0.001	0.001	0.997
>CAAGTCCT	5-CAAGTCCT	6.795343	-9.392815	0	T:30.0(47.62%),B:10111.8(24.95%),P:1e-4	Tpos:576.4,Tstd:289.1,Bpos:485.5,Bstd:303.9,StrandBias:-0.3,Multiplicity:1.50
0.013	0.622	0.001	0.364
0.882	0.009	0.001	0.108
0.940	0.001	0.058	0.001
0.001	0.099	0.611	0.289
0.007	0.107	0.346	0.540
0.003	0.742	0.001	0.254
0.167	0.672	0.126	0.035
0.006	0.001	0.001	0.992
>AGAAAATC	6-AGAAAATC	3.900606	-4.211242	0	T:30.0(47.62%),B:13626.7(33.62%),P:1e-1	Tpos:445.1,Tstd:255.4,Bpos:503.8,Bstd:311.2,StrandBias:-1.3,Multiplicity:1.87
0.997	0.001	0.001	0.001
0.001	0.001	0.997	0.001
0.997	0.001	0.001	0.001
0.768	0.092	0.139	0.001
0.907	0.091	0.001	0.001
0.997	0.001	0.001	0.001
0.001	0.001	0.001	0.997
0.001	0.997	0.001	0.001
