>ATTTACGG	1-ATTTACGG	7.500302	-14.394987	0	T:21.0(33.33%),B:4118.2(10.16%),P:1e-6	Tpos:496.1,Tstd:229.1,Bpos:510.4,Bstd:297.5,StrandBias:1.0,Multiplicity:1.24
0.879	0.001	0.119	0.001
0.001	0.001	0.001	0.997
0.001	0.001	0.001	0.997
0.001	0.038	0.157	0.804
0.795	0.203	0.001	0.001
0.001	0.997	0.001	0.001
0.001	0.001	0.997	0.001
0.001	0.001	0.997	0.001
>TGAYCACR	2-TGAYCACR	7.177521	-12.323614	0	T:30.0(47.62%),B:8766.1(21.63%),P:1e-5	Tpos:583.9,Tstd:237.8,Bpos:504.5,Bstd:310.2,StrandBias:-0.8,Multiplicity:1.30
0.001	0.001	0.001	0.997
0.001	0.001	0.997	0.001
0.997	0.001	0.001	0.001
0.079	0.433	0.001	0.488
0.001	0.883	0.115	0.001
0.997	0.001	0.001	0.001
0.001	0.639	0.359	0.001
0.564	0.001	0.434	0.001
>ACCGATAA	3-ACCGATAA	7.657392	-11.743747	0	T:29.0(46.03%),B:8508.9(20.99%),P:1e-5	Tpos:551.0,Tstd:306.1,Bpos:528.0,Bstd:313.0,StrandBias:-0.2,Multiplicity:1.41
0.984	0.006	0.001	0.009
0.001	0.837	0.128	0.034
0.001	0.730	0.069	0.200
0.264	0.016	0.674	0.046
0.895	0.008	0.096	0.001
0.001	0.001	0.227	0.771
0.594	0.141	0.264	0.001
0.819	0.044	0.001	0.136
>SAACCCTT	4-SAACCCTT	8.725075	-11.249158	0	T:15.0(23.81%),B:2699.5(6.66%),P:1e-4	Tpos:561.6,Tstd:330.9,Bpos:510.4,Bstd:307.1,StrandBias:0.4,Multiplicity:1.07
0.001	0.549	0.449	0.001
0.997	0.001	0.001	0.001
0.997	0.001	0.001	0.001
0.001	0.726	0.001	0.272
0.277	0.721	0.001	0.001
0.001	0.997	0.001	0.001
0.001	0.137	0.001	0.861
0.001	0.001	0.001	0.997
>CAAGTCCT	5-CAAGTCCT	6.795343	-9.392815	0	T:30.0(47.62%),B:10111.8(24.95%),P:1e-4	Tpos:576.4,Tstd:289.1,Bpos:485.5,Bstd:303.9,StrandBias:-0.3,Multiplicity:1.50
0.013	0.622	0.001	0.364
0.882	0.009	0.001	0.108
0.940	0.001	0.058	0.001
0.001	0.099	0.611	0.289
0.007	0.107	0.346	0.540
0.003	0.742	0.001	0.254
0.167	0.672	0.126	0.035
0.006	0.001	0.001	0.992
>AGAAAATC	6-AGAAAATC	3.900606	-4.211242	0	T:30.0(47.62%),B:13626.7(33.62%),P:1e-1	Tpos:445.1,Tstd:255.4,Bpos:503.8,Bstd:311.2,StrandBias:-1.3,Multiplicity:1.87
0.997	0.001	0.001	0.001
0.001	0.001	0.997	0.001
0.997	0.001	0.001	0.001
0.768	0.092	0.139	0.001
0.907	0.091	0.001	0.001
0.997	0.001	0.001	0.001
0.001	0.001	0.001	0.997
0.001	0.997	0.001	0.001
