>TGTRGTTTSTGT	1-TGTRGTTTSTGT	10.397910	-64.545853	0	T:40.0(22.86%),B:866.5(2.13%),P:1e-28
0.025	0.025	0.023	0.927
0.228	0.034	0.715	0.023
0.052	0.017	0.064	0.867
0.498	0.046	0.391	0.065
0.164	0.094	0.628	0.114
0.019	0.043	0.025	0.913
0.001	0.235	0.001	0.763
0.024	0.001	0.001	0.974
0.048	0.483	0.414	0.056
0.048	0.104	0.023	0.825
0.102	0.001	0.845	0.052
0.044	0.284	0.192	0.479
