>CYAACHTAACAG	6-CTGTTADGTTRG	11.476959	-24.278085	0	T:5.0(2.86%),B:2.3(0.01%),P:1e-10
0.078	0.755	0.024	0.143
0.074	0.373	0.061	0.493
0.657	0.235	0.033	0.075
0.839	0.065	0.001	0.095
0.037	0.737	0.094	0.132
0.312	0.366	0.006	0.316
0.184	0.053	0.001	0.762
0.715	0.118	0.070	0.097
0.876	0.001	0.037	0.086
0.020	0.919	0.024	0.037
0.938	0.028	0.001	0.033
0.047	0.145	0.706	0.102
