>CTGCGTCT	1-CTGCGTCT	8.353859	-16.803377	0	T:59.0(29.80%),B:5833.1(14.70%),P:1e-7	Tpos:637.4,Tstd:271.2,Bpos:557.3,Bstd:362.8,StrandBias:0.4,Multiplicity:1.29
0.001	0.741	0.257	0.001
0.001	0.001	0.001	0.997
0.001	0.001	0.659	0.339
0.001	0.755	0.001	0.243
0.001	0.001	0.997	0.001
0.001	0.001	0.001	0.997
0.001	0.997	0.001	0.001
0.001	0.001	0.001	0.997
>ACACGTGT	2-ACACGTGT	5.024705	-14.654123	0	T:93.0(46.97%),B:11917.2(30.03%),P:1e-6	Tpos:564.1,Tstd:294.5,Bpos:526.8,Bstd:342.1,StrandBias:0.0,Multiplicity:1.31
0.555	0.213	0.080	0.152
0.098	0.625	0.157	0.120
0.624	0.158	0.065	0.153
0.065	0.602	0.128	0.205
0.169	0.168	0.573	0.090
0.090	0.124	0.096	0.690
0.055	0.217	0.633	0.095
0.098	0.099	0.099	0.704
>CACTACAC	3-CACTACAC	6.951963	-14.230613	0	T:68.0(34.34%),B:7721.0(19.46%),P:1e-6	Tpos:441.8,Tstd:294.3,Bpos:515.6,Bstd:336.8,StrandBias:0.3,Multiplicity:1.41
0.122	0.766	0.111	0.001
0.997	0.001	0.001	0.001
0.119	0.718	0.020	0.143
0.001	0.031	0.001	0.967
0.915	0.027	0.018	0.040
0.049	0.835	0.041	0.075
0.973	0.001	0.008	0.018
0.066	0.824	0.057	0.053
>AGCAGCTG	4-AGCAGCTG	7.677758	-13.890480	0	T:64.0(32.32%),B:7142.6(18.00%),P:1e-6	Tpos:593.4,Tstd:286.0,Bpos:512.3,Bstd:367.6,StrandBias:-0.6,Multiplicity:1.20
0.824	0.001	0.076	0.099
0.218	0.085	0.696	0.001
0.001	0.997	0.001	0.001
0.997	0.001	0.001	0.001
0.030	0.001	0.858	0.111
0.001	0.861	0.052	0.086
0.147	0.001	0.001	0.851
0.001	0.001	0.997	0.001
>TTGGGCCG	5-TTGGGCCG	7.140671	-12.686723	0	T:46.0(23.23%),B:4588.9(11.56%),P:1e-5	Tpos:523.6,Tstd:306.2,Bpos:495.7,Bstd:332.6,StrandBias:-0.4,Multiplicity:1.17
0.038	0.079	0.001	0.882
0.051	0.001	0.043	0.905
0.001	0.182	0.766	0.051
0.001	0.001	0.847	0.151
0.001	0.001	0.896	0.102
0.026	0.803	0.170	0.001
0.230	0.740	0.001	0.029
0.294	0.001	0.704	0.001
>TTTAGTCC	6-TTTAGTCC	8.236954	-11.392063	0	T:13.0(6.57%),B:589.8(1.49%),P:1e-4	Tpos:543.2,Tstd:266.8,Bpos:503.7,Bstd:311.3,StrandBias:2.5,Multiplicity:1.00
0.100	0.100	0.100	0.700
0.100	0.100	0.100	0.700
0.100	0.100	0.100	0.700
0.700	0.100	0.100	0.100
0.100	0.100	0.700	0.100
0.100	0.100	0.100	0.700
0.100	0.700	0.100	0.100
0.100	0.700	0.100	0.100
>ARTCTCAG	7-ARTCTCAG	8.166392	-10.756247	0	T:56.0(28.28%),B:6520.6(16.43%),P:1e-4	Tpos:575.7,Tstd:281.5,Bpos:497.2,Bstd:328.6,StrandBias:0.2,Multiplicity:1.25
0.997	0.001	0.001	0.001
0.507	0.001	0.491	0.001
0.001	0.001	0.001	0.997
0.175	0.823	0.001	0.001
0.001	0.001	0.001	0.997
0.001	0.827	0.171	0.001
0.762	0.001	0.001	0.236
0.001	0.001	0.997	0.001
