>CAGTTTACACTT	1-CAGTTTACACTT	10.684903	-32.484952	0	T:23.0(11.62%),B:528.6(1.33%),P:1e-14	Tpos:464.2,Tstd:314.8,Bpos:522.1,Bstd:295.8,StrandBias:0.5,Multiplicity:1.04
0.060	0.563	0.290	0.087
0.923	0.001	0.001	0.075
0.104	0.088	0.660	0.148
0.170	0.001	0.001	0.828
0.001	0.001	0.001	0.997
0.096	0.001	0.001	0.902
0.872	0.053	0.001	0.074
0.001	0.683	0.061	0.255
0.927	0.001	0.001	0.071
0.064	0.866	0.001	0.069
0.196	0.001	0.001	0.802
0.118	0.001	0.059	0.822
>AACAAACAGGTG	2-AACAAACAGGTG	13.470836	-30.402823	0	T:10.0(5.05%),B:40.7(0.10%),P:1e-13	Tpos:507.9,Tstd:289.0,Bpos:502.8,Bstd:335.4,StrandBias:0.0,Multiplicity:1.00
0.997	0.001	0.001	0.001
0.997	0.001	0.001	0.001
0.001	0.997	0.001	0.001
0.886	0.112	0.001	0.001
0.851	0.147	0.001	0.001
0.851	0.001	0.001	0.147
0.001	0.895	0.103	0.001
0.997	0.001	0.001	0.001
0.099	0.001	0.899	0.001
0.001	0.112	0.886	0.001
0.001	0.147	0.001	0.851
0.001	0.001	0.997	0.001
>AGCAAGGTAAAA	3-AGCAAGGTAAAA	13.598112	-28.811928	0	T:10.0(5.05%),B:48.8(0.12%),P:1e-12	Tpos:468.5,Tstd:165.0,Bpos:391.3,Bstd:337.9,StrandBias:0.0,Multiplicity:1.00
0.997	0.001	0.001	0.001
0.001	0.001	0.873	0.125
0.299	0.699	0.001	0.001
0.834	0.001	0.001	0.164
0.997	0.001	0.001	0.001
0.001	0.001	0.997	0.001
0.001	0.001	0.997	0.001
0.111	0.001	0.001	0.887
0.867	0.001	0.001	0.131
0.997	0.001	0.001	0.001
0.997	0.001	0.001	0.001
0.997	0.001	0.001	0.001
>GCTCATTCAAAA	4-GCTCATTCAAAA	13.413639	-26.110370	0	T:11.0(5.56%),B:93.0(0.23%),P:1e-11	Tpos:531.2,Tstd:304.1,Bpos:472.2,Bstd:296.3,StrandBias:0.3,Multiplicity:1.00
0.178	0.001	0.820	0.001
0.001	0.835	0.108	0.056
0.001	0.001	0.101	0.897
0.098	0.900	0.001	0.001
0.997	0.001	0.001	0.001
0.001	0.001	0.001	0.997
0.001	0.001	0.001	0.997
0.116	0.882	0.001	0.001
0.997	0.001	0.001	0.001
0.853	0.001	0.145	0.001
0.997	0.001	0.001	0.001
0.894	0.001	0.001	0.104
>TTGATTCTGTTG	5-TTGATTCTGTTG	13.195930	-25.475738	0	T:12.0(6.06%),B:131.1(0.33%),P:1e-11	Tpos:569.8,Tstd:257.0,Bpos:462.7,Bstd:321.5,StrandBias:2.3,Multiplicity:1.00
0.001	0.001	0.001	0.997
0.001	0.001	0.001	0.997
0.001	0.001	0.997	0.001
0.997	0.001	0.001	0.001
0.114	0.001	0.001	0.884
0.001	0.001	0.001	0.997
0.001	0.817	0.111	0.071
0.001	0.001	0.153	0.845
0.110	0.001	0.888	0.001
0.098	0.001	0.127	0.774
0.001	0.001	0.001	0.997
0.001	0.001	0.896	0.102
>TATTTATCCAAA	6-TATTTATCCAAA	12.157893	-24.203118	0	T:19.0(9.60%),B:516.3(1.30%),P:1e-10	Tpos:523.5,Tstd:296.2,Bpos:448.6,Bstd:309.8,StrandBias:0.5,Multiplicity:1.00
0.001	0.001	0.001	0.997
0.949	0.001	0.001	0.049
0.001	0.001	0.001	0.997
0.104	0.001	0.001	0.894
0.001	0.078	0.081	0.840
0.829	0.001	0.001	0.169
0.068	0.123	0.001	0.808
0.001	0.997	0.001	0.001
0.107	0.891	0.001	0.001
0.997	0.001	0.001	0.001
0.865	0.133	0.001	0.001
0.997	0.001	0.001	0.001
>TACAATTAAAAT	7-TACAATTAAAAT	13.784700	-21.533606	0	T:13.0(6.57%),B:237.0(0.60%),P:1e-9	Tpos:445.8,Tstd:268.0,Bpos:461.2,Bstd:263.5,StrandBias:-0.7,Multiplicity:1.00
0.103	0.001	0.079	0.817
0.997	0.001	0.001	0.001
0.001	0.916	0.001	0.082
0.906	0.001	0.001	0.092
0.997	0.001	0.001	0.001
0.001	0.001	0.001	0.997
0.001	0.001	0.001	0.997
0.903	0.095	0.001	0.001
0.997	0.001	0.001	0.001
0.997	0.001	0.001	0.001
0.997	0.001	0.001	0.001
0.001	0.001	0.001	0.997
>ACCCTCTGACAA	8-ACCCTCTGACAA	13.859823	-21.068814	0	T:6.0(3.03%),B:15.8(0.04%),P:1e-9	Tpos:700.2,Tstd:286.1,Bpos:663.0,Bstd:249.7,StrandBias:2.3,Multiplicity:1.00
0.997	0.001	0.001	0.001
0.001	0.806	0.001	0.192
0.001	0.997	0.001	0.001
0.001	0.997	0.001	0.001
0.001	0.001	0.001	0.997
0.001	0.846	0.152	0.001
0.001	0.001	0.001	0.997
0.192	0.001	0.806	0.001
0.864	0.001	0.001	0.134
0.134	0.864	0.001	0.001
0.997	0.001	0.001	0.001
0.997	0.001	0.001	0.001
>TGGGACTTTTTT	9-TGGGACTTTTTT	12.465493	-20.455485	0	T:15.0(7.58%),B:374.1(0.94%),P:1e-8	Tpos:389.3,Tstd:246.4,Bpos:490.4,Bstd:295.4,StrandBias:-0.6,Multiplicity:1.00
0.001	0.001	0.001	0.997
0.115	0.001	0.883	0.001
0.001	0.001	0.997	0.001
0.038	0.076	0.885	0.001
0.997	0.001	0.001	0.001
0.050	0.779	0.001	0.170
0.096	0.001	0.001	0.902
0.001	0.001	0.001	0.997
0.001	0.001	0.001	0.997
0.001	0.169	0.001	0.829
0.067	0.001	0.001	0.931
0.136	0.001	0.001	0.862
>ACAAACTTTCGA	10-ACAAACTTTCGA	12.902883	-20.192878	0	T:13.0(6.57%),B:265.7(0.67%),P:1e-8	Tpos:455.7,Tstd:225.1,Bpos:451.9,Bstd:323.3,StrandBias:-0.8,Multiplicity:1.08
0.997	0.001	0.001	0.001
0.162	0.836	0.001	0.001
0.997	0.001	0.001	0.001
0.844	0.001	0.154	0.001
0.997	0.001	0.001	0.001
0.052	0.791	0.096	0.061
0.001	0.112	0.001	0.886
0.001	0.001	0.001	0.997
0.001	0.001	0.001	0.997
0.001	0.953	0.001	0.045
0.113	0.001	0.885	0.001
0.886	0.001	0.001	0.112
>TACAAWTAWTMA	11-TACAAWTAWTMA	10.317378	-19.724806	0	T:20.0(10.10%),B:761.9(1.92%),P:1e-8	Tpos:567.8,Tstd:250.3,Bpos:489.5,Bstd:290.1,StrandBias:0.0,Multiplicity:1.00
0.027	0.001	0.001	0.971
0.590	0.408	0.001	0.001
0.021	0.977	0.001	0.001
0.997	0.001	0.001	0.001
0.997	0.001	0.001	0.001
0.510	0.001	0.001	0.488
0.014	0.001	0.001	0.984
0.997	0.001	0.001	0.001
0.427	0.001	0.001	0.571
0.001	0.001	0.001	0.997
0.558	0.440	0.001	0.001
0.972	0.001	0.001	0.026
>AATAAATTCAAT	12-AATAAATTCAAT	12.710515	-19.404211	0	T:20.0(10.10%),B:776.6(1.96%),P:1e-8	Tpos:443.9,Tstd:239.8,Bpos:506.3,Bstd:301.4,StrandBias:0.1,Multiplicity:1.05
0.928	0.001	0.070	0.001
0.997	0.001	0.001	0.001
0.136	0.054	0.001	0.809
0.953	0.001	0.001	0.045
0.876	0.074	0.001	0.049
0.968	0.001	0.001	0.030
0.072	0.001	0.001	0.926
0.050	0.001	0.055	0.894
0.025	0.947	0.027	0.001
0.857	0.063	0.001	0.079
0.888	0.068	0.043	0.001
0.020	0.001	0.001	0.978
>AAACCATTAGGT	13-AAACCATTAGGT	10.327847	-18.916424	0	T:17.0(8.59%),B:562.5(1.42%),P:1e-8	Tpos:492.3,Tstd:244.8,Bpos:502.6,Bstd:308.0,StrandBias:0.5,Multiplicity:1.00
0.847	0.151	0.001	0.001
0.895	0.001	0.103	0.001
0.997	0.001	0.001	0.001
0.077	0.868	0.001	0.054
0.090	0.855	0.001	0.054
0.839	0.001	0.001	0.159
0.126	0.083	0.104	0.687
0.001	0.001	0.001	0.997
0.565	0.104	0.217	0.114
0.001	0.001	0.866	0.132
0.057	0.194	0.748	0.001
0.135	0.001	0.001	0.863
>GCATTTTAGGCC	14-GCATTTTAGGCC	13.466367	-18.861897	0	T:7.0(3.54%),B:44.1(0.11%),P:1e-8	Tpos:446.0,Tstd:184.9,Bpos:560.6,Bstd:248.7,StrandBias:1.0,Multiplicity:1.29
0.001	0.001	0.997	0.001
0.097	0.802	0.100	0.001
0.997	0.001	0.001	0.001
0.001	0.001	0.001	0.997
0.001	0.001	0.001	0.997
0.001	0.001	0.001	0.997
0.001	0.001	0.001	0.997
0.895	0.001	0.001	0.103
0.001	0.001	0.880	0.118
0.001	0.147	0.851	0.001
0.001	0.997	0.001	0.001
0.135	0.694	0.170	0.001
>CTGCACAACACT	15-CTGCACAACACT	13.416743	-18.584049	0	T:7.0(3.54%),B:46.7(0.12%),P:1e-8	Tpos:494.6,Tstd:359.6,Bpos:511.9,Bstd:338.0,StrandBias:-1.3,Multiplicity:1.00
0.001	0.997	0.001	0.001
0.001	0.001	0.001	0.997
0.001	0.001	0.889	0.109
0.001	0.826	0.172	0.001
0.997	0.001	0.001	0.001
0.001	0.997	0.001	0.001
0.997	0.001	0.001	0.001
0.997	0.001	0.001	0.001
0.095	0.903	0.001	0.001
0.997	0.001	0.001	0.001
0.001	0.709	0.158	0.132
0.001	0.172	0.001	0.826
>TCATTACACACT	16-TCATTACACACT	13.357016	-18.505486	0	T:8.0(4.04%),B:76.0(0.19%),P:1e-8	Tpos:623.1,Tstd:310.7,Bpos:507.0,Bstd:349.5,StrandBias:0.3,Multiplicity:1.12
0.136	0.001	0.001	0.862
0.001	0.894	0.001	0.104
0.997	0.001	0.001	0.001
0.130	0.001	0.001	0.868
0.001	0.125	0.001	0.873
0.911	0.001	0.001	0.087
0.001	0.997	0.001	0.001
0.997	0.001	0.001	0.001
0.001	0.997	0.001	0.001
0.847	0.001	0.001	0.151
0.001	0.997	0.001	0.001
0.001	0.109	0.001	0.889
>TGKTAACACCAA	17-TGKTAACACCAA	10.022433	-18.425967	0	T:20.0(10.10%),B:825.0(2.08%),P:1e-8	Tpos:500.9,Tstd:297.7,Bpos:517.9,Bstd:300.2,StrandBias:-0.3,Multiplicity:1.00
0.191	0.001	0.135	0.673
0.277	0.001	0.442	0.279
0.001	0.001	0.424	0.574
0.043	0.276	0.001	0.680
0.997	0.001	0.001	0.001
0.736	0.114	0.001	0.149
0.120	0.727	0.001	0.152
0.997	0.001	0.001	0.001
0.063	0.935	0.001	0.001
0.090	0.851	0.058	0.001
0.880	0.001	0.118	0.001
0.603	0.264	0.132	0.001
>CTASGAGTTYTW	18-CTASGAGTTYTW	10.625615	-18.384917	0	T:18.0(9.09%),B:661.3(1.67%),P:1e-7	Tpos:605.8,Tstd:282.3,Bpos:476.4,Bstd:309.2,StrandBias:-0.3,Multiplicity:1.11
0.179	0.819	0.001	0.001
0.001	0.075	0.001	0.923
0.786	0.212	0.001	0.001
0.069	0.354	0.443	0.133
0.065	0.001	0.933	0.001
0.920	0.001	0.001	0.078
0.001	0.069	0.668	0.262
0.001	0.001	0.001	0.997
0.001	0.001	0.001	0.997
0.001	0.423	0.112	0.464
0.087	0.001	0.001	0.911
0.565	0.005	0.001	0.429
>TACTTTTCATGG	19-TACTTTTCATGG	13.403672	-18.354777	0	T:9.0(4.55%),B:112.8(0.28%),P:1e-7	Tpos:533.3,Tstd:337.0,Bpos:416.4,Bstd:284.0,StrandBias:0.3,Multiplicity:1.00
0.001	0.001	0.001	0.997
0.997	0.001	0.001	0.001
0.113	0.797	0.001	0.089
0.126	0.001	0.001	0.872
0.001	0.001	0.001	0.997
0.001	0.001	0.001	0.997
0.001	0.001	0.001	0.997
0.001	0.997	0.001	0.001
0.997	0.001	0.001	0.001
0.001	0.001	0.193	0.805
0.131	0.001	0.775	0.093
0.001	0.001	0.905	0.093
>TTGGTATTGATT	20-TTGGTATTGATT	12.915575	-18.156632	0	T:10.0(5.05%),B:157.1(0.40%),P:1e-7	Tpos:500.5,Tstd:257.4,Bpos:477.0,Bstd:267.8,StrandBias:0.8,Multiplicity:1.10
0.155	0.001	0.001	0.843
0.001	0.001	0.001	0.997
0.001	0.001	0.997	0.001
0.067	0.001	0.740	0.192
0.001	0.097	0.001	0.901
0.937	0.001	0.001	0.061
0.001	0.001	0.182	0.816
0.001	0.001	0.001	0.997
0.001	0.001	0.997	0.001
0.997	0.001	0.001	0.001
0.116	0.001	0.001	0.882
0.001	0.001	0.001	0.997
>CAAATTTGAGTT	21-CAAATTTGAGTT	12.927870	-17.182939	0	T:10.0(5.05%),B:175.3(0.44%),P:1e-7	Tpos:473.5,Tstd:301.8,Bpos:508.9,Bstd:295.5,StrandBias:-3.2,Multiplicity:1.00
0.036	0.962	0.001	0.001
0.869	0.001	0.001	0.129
0.771	0.116	0.001	0.112
0.937	0.001	0.001	0.061
0.001	0.001	0.001	0.997
0.001	0.001	0.001	0.997
0.001	0.001	0.001	0.997
0.104	0.047	0.795	0.054
0.937	0.001	0.001	0.061
0.025	0.001	0.973	0.001
0.001	0.088	0.001	0.910
0.083	0.001	0.001	0.915
>TGGCGGTHTATG	22-TGGCGGTHTATG	9.159731	-16.069542	0	T:8.0(4.04%),B:105.7(0.27%),P:1e-6	Tpos:483.6,Tstd:334.5,Bpos:511.9,Bstd:331.7,StrandBias:1.2,Multiplicity:1.25
0.285	0.001	0.001	0.713
0.001	0.001	0.713	0.285
0.001	0.001	0.997	0.001
0.001	0.985	0.001	0.013
0.001	0.001	0.997	0.001
0.001	0.001	0.997	0.001
0.001	0.001	0.001	0.997
0.360	0.353	0.001	0.286
0.285	0.001	0.001	0.713
0.997	0.001	0.001	0.001
0.001	0.001	0.018	0.980
0.001	0.376	0.622	0.001
>ATAGAGACGCAG	23-ATAGAGACGCAG	9.850442	-14.476261	0	T:31.0(15.66%),B:2294.1(5.78%),P:1e-6	Tpos:691.2,Tstd:212.0,Bpos:576.4,Bstd:349.6,StrandBias:-0.7,Multiplicity:1.16
0.758	0.002	0.083	0.157
0.076	0.084	0.118	0.722
0.790	0.068	0.085	0.057
0.001	0.001	0.882	0.116
0.924	0.001	0.074	0.001
0.001	0.001	0.997	0.001
0.997	0.001	0.001	0.001
0.137	0.861	0.001	0.001
0.133	0.132	0.634	0.101
0.142	0.640	0.068	0.150
0.997	0.001	0.001	0.001
0.132	0.063	0.804	0.001
>ACAAAGGACGTA	24-ACAAAGGACGTA	14.120129	-13.527681	0	T:4.0(2.02%),B:13.6(0.03%),P:1e-5	Tpos:370.0,Tstd:209.3,Bpos:383.8,Bstd:280.3,StrandBias:0.0,Multiplicity:1.50
0.997	0.001	0.001	0.001
0.001	0.997	0.001	0.001
0.997	0.001	0.001	0.001
0.997	0.001	0.001	0.001
0.997	0.001	0.001	0.001
0.001	0.001	0.997	0.001
0.345	0.001	0.653	0.001
0.997	0.001	0.001	0.001
0.001	0.997	0.001	0.001
0.001	0.001	0.997	0.001
0.168	0.001	0.001	0.830
0.757	0.001	0.001	0.241
>TGCTCCGTGAGC	25-TGCTCCGTGAGC	13.118275	-12.741204	0	T:8.0(4.04%),B:167.7(0.42%),P:1e-5	Tpos:475.9,Tstd:295.6,Bpos:536.7,Bstd:335.0,StrandBias:-1.5,Multiplicity:1.88
0.001	0.001	0.001	0.997
0.001	0.001	0.997	0.001
0.001	0.997	0.001	0.001
0.001	0.001	0.001	0.997
0.001	0.997	0.001	0.001
0.001	0.770	0.072	0.157
0.001	0.001	0.997	0.001
0.001	0.309	0.001	0.689
0.136	0.136	0.727	0.001
0.997	0.001	0.001	0.001
0.001	0.155	0.843	0.001
0.001	0.997	0.001	0.001
