>TTGCTAGAAAAA	13-TTGCTAGAAAAA	10.367077	-11.189190	0	T:19.0(25.00%),B:3260.4(8.44%),P:1e-4
0.001	0.044	0.001	0.954
0.091	0.030	0.001	0.878
0.070	0.062	0.727	0.141
0.097	0.799	0.027	0.077
0.064	0.017	0.134	0.785
0.860	0.075	0.022	0.043
0.057	0.133	0.759	0.051
0.746	0.146	0.029	0.079
0.851	0.001	0.042	0.106
0.964	0.001	0.001	0.034
0.925	0.073	0.001	0.001
0.759	0.099	0.027	0.115
