>CCGTGTTTGC	1-CCGTGTTTGC	7.991073	-21.325635	0	T:17.0(43.59%),B:2684.4(7.32%),P:1e-9	Tpos:633.2,Tstd:242.9,Bpos:557.2,Bstd:387.6,StrandBias:-0.1,Multiplicity:1.24
0.001	0.787	0.183	0.029
0.054	0.780	0.114	0.052
0.066	0.131	0.750	0.053
0.038	0.059	0.033	0.870
0.082	0.248	0.638	0.032
0.001	0.120	0.045	0.834
0.001	0.178	0.137	0.684
0.058	0.035	0.001	0.906
0.001	0.001	0.846	0.152
0.042	0.918	0.001	0.039
>GAGTACGGAG	2-GAGTACGGAG	8.882390	-21.211800	0	T:12.0(30.77%),B:1050.8(2.86%),P:1e-9	Tpos:424.6,Tstd:300.9,Bpos:560.9,Bstd:372.3,StrandBias:-1.7,Multiplicity:1.08
0.107	0.001	0.891	0.001
0.997	0.001	0.001	0.001
0.316	0.001	0.682	0.001
0.084	0.001	0.001	0.914
0.730	0.001	0.268	0.001
0.001	0.895	0.103	0.001
0.082	0.001	0.916	0.001
0.001	0.224	0.605	0.170
0.773	0.001	0.001	0.225
0.001	0.001	0.997	0.001
>ACTCGTGCCG	3-ACTCGTGCCG	11.629879	-18.948250	0	T:5.0(12.82%),B:56.3(0.15%),P:1e-8	Tpos:548.8,Tstd:176.3,Bpos:660.2,Bstd:291.1,StrandBias:0.6,Multiplicity:1.00
0.838	0.001	0.160	0.001
0.166	0.574	0.259	0.001
0.001	0.001	0.211	0.787
0.001	0.997	0.001	0.001
0.001	0.001	0.997	0.001
0.001	0.001	0.001	0.997
0.001	0.001	0.997	0.001
0.001	0.997	0.001	0.001
0.001	0.997	0.001	0.001
0.001	0.001	0.997	0.001
>AGGGCGTTGA	4-AGGGCGTTGA	10.912843	-17.943179	0	T:6.0(15.38%),B:151.8(0.41%),P:1e-7	Tpos:518.7,Tstd:287.9,Bpos:532.9,Bstd:364.9,StrandBias:-0.4,Multiplicity:1.17
0.860	0.138	0.001	0.001
0.001	0.001	0.997	0.001
0.001	0.001	0.867	0.131
0.001	0.001	0.997	0.001
0.001	0.997	0.001	0.001
0.001	0.001	0.997	0.001
0.129	0.149	0.168	0.554
0.001	0.001	0.001	0.997
0.001	0.001	0.997	0.001
0.869	0.001	0.129	0.001
>AAACAATCGA	5-AAACAATCGA	10.559853	-16.287377	0	T:16.0(41.03%),B:3274.1(8.93%),P:1e-7	Tpos:540.2,Tstd:303.1,Bpos:515.3,Bstd:385.6,StrandBias:-0.8,Multiplicity:1.38
0.997	0.001	0.001	0.001
0.900	0.098	0.001	0.001
0.997	0.001	0.001	0.001
0.234	0.733	0.001	0.032
0.997	0.001	0.001	0.001
0.953	0.001	0.001	0.045
0.001	0.076	0.065	0.858
0.001	0.854	0.121	0.024
0.001	0.001	0.997	0.001
0.912	0.086	0.001	0.001
>TGCGGACCGT	6-TGCGGACCGT	10.965932	-15.739648	0	T:5.0(12.82%),B:110.0(0.30%),P:1e-6	Tpos:614.2,Tstd:304.2,Bpos:515.6,Bstd:445.6,StrandBias:-1.0,Multiplicity:1.20
0.001	0.001	0.001	0.997
0.001	0.001	0.997	0.001
0.001	0.997	0.001	0.001
0.001	0.001	0.997	0.001
0.001	0.114	0.764	0.121
0.997	0.001	0.001	0.001
0.001	0.997	0.001	0.001
0.001	0.786	0.212	0.001
0.001	0.001	0.997	0.001
0.168	0.001	0.202	0.629
>AAACSATTTA	7-AAACSATTTA	10.191722	-13.738266	0	T:13.0(33.33%),B:2506.9(6.83%),P:1e-5	Tpos:606.6,Tstd:245.8,Bpos:514.4,Bstd:335.1,StrandBias:0.6,Multiplicity:1.15
0.997	0.001	0.001	0.001
0.765	0.233	0.001	0.001
0.997	0.001	0.001	0.001
0.001	0.913	0.001	0.085
0.133	0.318	0.461	0.088
0.908	0.001	0.001	0.090
0.001	0.001	0.001	0.997
0.001	0.001	0.001	0.997
0.001	0.001	0.001	0.997
0.949	0.001	0.001	0.049
>TTTGGGCCAA	8-TTTGGGCCAA	6.412825	-9.725054	0	T:11.0(28.21%),B:2600.6(7.09%),P:1e-4	Tpos:472.6,Tstd:264.8,Bpos:494.9,Bstd:398.7,StrandBias:0.3,Multiplicity:1.18
0.001	0.001	0.001	0.997
0.001	0.001	0.001	0.997
0.001	0.001	0.001	0.997
0.001	0.001	0.811	0.187
0.001	0.001	0.997	0.001
0.001	0.001	0.997	0.001
0.001	0.900	0.098	0.001
0.001	0.963	0.001	0.035
0.811	0.187	0.001	0.001
0.997	0.001	0.001	0.001
>CTAGTTTTTG	9-CTAGTTTTTG	8.350283	-8.847856	0	T:18.0(46.15%),B:7134.4(19.45%),P:1e-3	Tpos:585.4,Tstd:292.5,Bpos:497.5,Bstd:343.2,StrandBias:1.0,Multiplicity:1.33
0.100	0.700	0.100	0.100
0.100	0.100	0.100	0.700
0.700	0.100	0.100	0.100
0.100	0.100	0.700	0.100
0.100	0.100	0.100	0.700
0.100	0.100	0.100	0.700
0.100	0.100	0.100	0.700
0.100	0.100	0.100	0.700
0.100	0.100	0.100	0.700
0.100	0.100	0.700	0.100
>GACACGGTTT	10-GACACGGTTT	13.303148	-7.037690	0	T:2.0(5.13%),B:39.0(0.11%),P:1e-3	Tpos:218.5,Tstd:65.5,Bpos:608.6,Bstd:297.5,StrandBias:0.0,Multiplicity:1.00
0.001	0.001	0.997	0.001
0.997	0.001	0.001	0.001
0.001	0.997	0.001	0.001
0.765	0.001	0.001	0.233
0.001	0.997	0.001	0.001
0.001	0.001	0.997	0.001
0.001	0.233	0.765	0.001
0.001	0.001	0.001	0.997
0.001	0.001	0.001	0.997
0.001	0.001	0.001	0.997
