>TCTAAAAAACAG	19-CTGTTTTTTAGA	10.173716	-17.475248	0	T:42.0(11.97%),B:1824.6(4.59%),P:1e-7
0.105	0.142	0.117	0.636
0.001	0.814	0.118	0.067
0.131	0.067	0.106	0.696
0.814	0.100	0.085	0.001
0.909	0.054	0.036	0.001
0.790	0.096	0.050	0.064
0.870	0.105	0.024	0.001
0.900	0.042	0.026	0.032
0.779	0.120	0.001	0.100
0.047	0.938	0.001	0.014
0.939	0.059	0.001	0.001
0.001	0.032	0.931	0.036
