>ACACGAAAAAKA	24-ACACGAAAAAKA,BestGuess:fkh-9/MA1440.1/Jaspar(0.657)	11.692517	-10.960444	0	T:9.0(2.56%),B:157.5(0.40%),P:1e-4
0.801	0.083	0.023	0.093
0.084	0.733	0.109	0.074
0.595	0.111	0.261	0.033
0.072	0.757	0.048	0.123
0.221	0.067	0.619	0.093
0.770	0.126	0.054	0.050
0.880	0.053	0.066	0.001
0.662	0.027	0.012	0.299
0.876	0.025	0.057	0.042
0.857	0.033	0.001	0.109
0.025	0.080	0.475	0.420
0.763	0.062	0.061	0.114
