>ACATATTATTTG	13-ACATATTATTTG,BestGuess:MF0010.1_Homeobox_class/Jaspar(0.650)	11.544875	-20.631796	0	T:22.0(6.27%),B:486.0(1.22%),P:1e-8
0.813	0.076	0.048	0.063
0.158	0.552	0.126	0.164
0.732	0.001	0.063	0.204
0.013	0.050	0.040	0.897
0.784	0.030	0.052	0.134
0.097	0.001	0.042	0.860
0.011	0.015	0.001	0.973
0.941	0.034	0.001	0.024
0.020	0.082	0.001	0.897
0.016	0.266	0.038	0.680
0.025	0.012	0.158	0.805
0.102	0.041	0.632	0.225
