>TMTTTTTCGTGT	24-ACACGAAAAAKA	11.692517	-10.960444	0	T:9.0(2.56%),B:157.5(0.40%),P:1e-4
0.114	0.061	0.062	0.763
0.420	0.475	0.080	0.025
0.109	0.001	0.033	0.857
0.042	0.057	0.025	0.876
0.299	0.012	0.027	0.662
0.001	0.066	0.053	0.880
0.050	0.054	0.126	0.770
0.093	0.619	0.067	0.221
0.123	0.048	0.757	0.072
0.033	0.261	0.111	0.595
0.074	0.109	0.733	0.084
0.093	0.023	0.083	0.801
