>TTCGTCATTTTT	14-TTCGTCATTTTT	9.857180	-11.755078	0	T:40.0(11.59%),B:2165.8(5.45%),P:1e-5
0.079	0.073	0.096	0.752
0.071	0.099	0.113	0.717
0.130	0.530	0.113	0.227
0.168	0.121	0.539	0.172
0.176	0.112	0.131	0.581
0.198	0.499	0.123	0.180
0.639	0.105	0.110	0.146
0.157	0.058	0.072	0.713
0.134	0.070	0.049	0.747
0.100	0.065	0.076	0.759
0.076	0.057	0.064	0.803
0.081	0.122	0.074	0.723
