>TTTACMCC	1-TTTACMCC	6.820638	-11.651645	0	T:49.0(43.75%),B:9751.2(24.71%),P:1e-5	Tpos:594.0,Tstd:282.4,Bpos:523.7,Bstd:362.4,StrandBias:0.2,Multiplicity:1.47
0.001	0.177	0.001	0.821
0.001	0.266	0.145	0.588
0.001	0.155	0.001	0.843
0.997	0.001	0.001	0.001
0.001	0.910	0.001	0.088
0.489	0.509	0.001	0.001
0.001	0.997	0.001	0.001
0.001	0.833	0.001	0.165
>ATTCTCAG	2-ATTCTCAG	9.845147	-9.810786	0	T:23.0(20.54%),B:3323.3(8.42%),P:1e-4	Tpos:457.9,Tstd:255.5,Bpos:512.5,Bstd:309.3,StrandBias:0.4,Multiplicity:1.39
0.997	0.001	0.001	0.001
0.001	0.001	0.001	0.997
0.001	0.001	0.001	0.997
0.001	0.997	0.001	0.001
0.001	0.001	0.001	0.997
0.001	0.997	0.001	0.001
0.997	0.001	0.001	0.001
0.001	0.294	0.704	0.001
>GGAGTTTC	3-GGAGTTTC	8.997849	-7.034825	0	T:14.0(12.50%),B:1868.4(4.73%),P:1e-3	Tpos:381.9,Tstd:282.3,Bpos:490.1,Bstd:358.2,StrandBias:0.7,Multiplicity:1.62
0.001	0.001	0.997	0.001
0.001	0.001	0.997	0.001
0.997	0.001	0.001	0.001
0.001	0.001	0.997	0.001
0.126	0.001	0.001	0.872
0.001	0.001	0.001	0.997
0.001	0.001	0.001	0.997
0.001	0.997	0.001	0.001
>YTCYGCGC	4-YTCYGCGC	4.919628	-4.593266	0	T:30.0(26.79%),B:6942.0(17.59%),P:1e-1	Tpos:530.3,Tstd:273.5,Bpos:526.7,Bstd:309.7,StrandBias:-0.2,Multiplicity:1.43
0.233	0.273	0.097	0.397
0.223	0.156	0.221	0.401
0.032	0.616	0.270	0.082
0.091	0.280	0.219	0.411
0.151	0.299	0.548	0.002
0.182	0.727	0.090	0.001
0.116	0.289	0.594	0.001
0.001	0.661	0.262	0.076
>TGCACTGG	5-TGCACTGG	8.288701	-4.401507	0	T:6.0(5.36%),B:665.1(1.69%),P:1e-1	Tpos:413.2,Tstd:278.2,Bpos:476.9,Bstd:308.6,StrandBias:1.7,Multiplicity:2.17
0.001	0.001	0.001	0.997
0.001	0.001	0.997	0.001
0.001	0.997	0.001	0.001
0.936	0.062	0.001	0.001
0.001	0.997	0.001	0.001
0.001	0.001	0.001	0.997
0.001	0.001	0.997	0.001
0.001	0.001	0.997	0.001
