>GGTATAAAAG	1-GGTATAAAAG	9.363773	-24.439864	0	T:27.0(24.11%),B:2070.1(5.25%),P:1e-10	Tpos:708.7,Tstd:252.6,Bpos:590.9,Bstd:332.5,StrandBias:1.3,Multiplicity:1.15
0.043	0.035	0.901	0.021
0.031	0.034	0.934	0.001
0.001	0.001	0.054	0.944
0.908	0.001	0.054	0.037
0.025	0.001	0.031	0.943
0.939	0.059	0.001	0.001
0.954	0.001	0.001	0.044
0.921	0.001	0.077	0.001
0.891	0.001	0.001	0.107
0.020	0.001	0.954	0.025
>ACAAAACTAC	2-ACAAAACTAC	8.911247	-22.815809	0	T:25.0(22.32%),B:1896.9(4.81%),P:1e-9	Tpos:562.6,Tstd:289.1,Bpos:522.1,Bstd:308.7,StrandBias:0.4,Multiplicity:1.12
0.997	0.001	0.001	0.001
0.056	0.768	0.108	0.068
0.526	0.001	0.156	0.317
0.628	0.040	0.331	0.001
0.997	0.001	0.001	0.001
0.600	0.284	0.001	0.115
0.001	0.961	0.037	0.001
0.001	0.001	0.001	0.997
0.659	0.297	0.001	0.043
0.001	0.836	0.089	0.074
>ATCATTTTAC	3-ATCATTTTAC	11.173414	-21.994262	0	T:18.0(16.07%),B:951.6(2.41%),P:1e-9	Tpos:593.6,Tstd:233.1,Bpos:504.5,Bstd:306.6,StrandBias:1.1,Multiplicity:1.06
0.658	0.001	0.340	0.001
0.001	0.250	0.001	0.748
0.001	0.997	0.001	0.001
0.997	0.001	0.001	0.001
0.001	0.001	0.001	0.997
0.093	0.001	0.001	0.905
0.001	0.001	0.001	0.997
0.001	0.001	0.243	0.755
0.793	0.205	0.001	0.001
0.001	0.997	0.001	0.001
>CGTTCCAAAT	4-CGTTCCAAAT	9.620409	-19.730158	0	T:22.0(19.64%),B:1700.6(4.31%),P:1e-8	Tpos:589.4,Tstd:260.8,Bpos:518.6,Bstd:296.5,StrandBias:-0.3,Multiplicity:1.14
0.028	0.970	0.001	0.001
0.001	0.001	0.997	0.001
0.001	0.072	0.097	0.830
0.001	0.001	0.139	0.859
0.001	0.747	0.064	0.188
0.055	0.755	0.189	0.001
0.902	0.001	0.001	0.096
0.716	0.144	0.001	0.139
0.911	0.087	0.001	0.001
0.001	0.001	0.001	0.997
>ATACTGGAAC	5-ATACTGGAAC	9.741219	-19.719758	0	T:17.0(15.18%),B:967.2(2.45%),P:1e-8	Tpos:483.6,Tstd:273.2,Bpos:501.8,Bstd:314.7,StrandBias:-0.7,Multiplicity:1.06
0.902	0.001	0.096	0.001
0.001	0.001	0.001	0.997
0.873	0.001	0.074	0.052
0.001	0.959	0.001	0.039
0.001	0.001	0.001	0.997
0.051	0.001	0.891	0.057
0.028	0.001	0.830	0.141
0.997	0.001	0.001	0.001
0.784	0.119	0.096	0.001
0.079	0.919	0.001	0.001
>TTAGTCAGGG	6-TTAGTCAGGG	10.543410	-19.193469	0	T:9.0(8.04%),B:184.8(0.47%),P:1e-8	Tpos:559.2,Tstd:204.2,Bpos:510.1,Bstd:301.0,StrandBias:-1.0,Multiplicity:1.00
0.001	0.001	0.001	0.997
0.001	0.001	0.001	0.997
0.860	0.001	0.138	0.001
0.001	0.001	0.997	0.001
0.001	0.001	0.001	0.997
0.001	0.997	0.001	0.001
0.681	0.001	0.154	0.164
0.117	0.001	0.881	0.001
0.097	0.120	0.782	0.001
0.001	0.001	0.907	0.091
>CTTGTWCAAT	7-CTTGTWCAAT	11.381559	-15.552023	0	T:12.0(10.71%),B:598.3(1.52%),P:1e-6	Tpos:535.6,Tstd:268.4,Bpos:501.5,Bstd:308.2,StrandBias:-1.0,Multiplicity:1.00
0.005	0.993	0.001	0.001
0.056	0.001	0.001	0.942
0.001	0.001	0.001	0.997
0.260	0.001	0.663	0.076
0.001	0.001	0.001	0.997
0.441	0.001	0.001	0.557
0.057	0.941	0.001	0.001
0.708	0.001	0.001	0.290
0.935	0.001	0.001	0.063
0.001	0.001	0.001	0.997
>GCATGGTTAC	8-GCATGGTTAC	10.511706	-15.136449	0	T:8.0(7.14%),B:216.2(0.55%),P:1e-6	Tpos:639.3,Tstd:291.1,Bpos:524.9,Bstd:309.2,StrandBias:-0.3,Multiplicity:1.38
0.001	0.085	0.719	0.195
0.075	0.923	0.001	0.001
0.795	0.001	0.100	0.104
0.001	0.001	0.001	0.997
0.001	0.001	0.915	0.083
0.001	0.087	0.911	0.001
0.001	0.001	0.001	0.997
0.001	0.001	0.109	0.889
0.997	0.001	0.001	0.001
0.001	0.997	0.001	0.001
>CATATAATTT	9-CATATAATTT	10.666322	-12.374176	0	T:19.0(16.96%),B:2014.3(5.10%),P:1e-5	Tpos:477.2,Tstd:287.9,Bpos:499.0,Bstd:306.1,StrandBias:0.0,Multiplicity:1.16
0.001	0.917	0.081	0.001
0.997	0.001	0.001	0.001
0.001	0.001	0.001	0.997
0.997	0.001	0.001	0.001
0.001	0.001	0.001	0.997
0.906	0.001	0.092	0.001
0.846	0.001	0.001	0.152
0.001	0.001	0.001	0.997
0.001	0.001	0.075	0.923
0.001	0.064	0.062	0.873
>CATGGAAGTA	10-CATGGAAGTA	6.947335	-12.285126	0	T:48.0(42.86%),B:9250.2(23.44%),P:1e-5	Tpos:491.0,Tstd:292.7,Bpos:492.8,Bstd:354.7,StrandBias:0.1,Multiplicity:1.21
0.061	0.745	0.061	0.133
0.762	0.077	0.092	0.069
0.042	0.062	0.057	0.839
0.067	0.018	0.860	0.055
0.081	0.108	0.771	0.040
0.866	0.034	0.049	0.051
0.819	0.075	0.084	0.022
0.056	0.087	0.790	0.067
0.095	0.121	0.041	0.743
0.815	0.046	0.021	0.118
>CTGCGGTCTG	11-CTGCGGTCTG	11.223655	-12.019770	0	T:5.0(4.46%),B:85.8(0.22%),P:1e-5	Tpos:601.9,Tstd:251.1,Bpos:530.8,Bstd:298.6,StrandBias:0.0,Multiplicity:1.60
0.001	0.997	0.001	0.001
0.001	0.001	0.154	0.844
0.001	0.001	0.997	0.001
0.001	0.997	0.001	0.001
0.001	0.168	0.830	0.001
0.001	0.001	0.997	0.001
0.001	0.001	0.001	0.997
0.001	0.844	0.001	0.154
0.001	0.001	0.001	0.997
0.001	0.136	0.674	0.189
>CCCCAGAAGG	12-CCCCAGAAGG	7.362904	-10.628884	0	T:20.0(17.86%),B:2493.4(6.32%),P:1e-4	Tpos:374.9,Tstd:239.4,Bpos:491.7,Bstd:464.2,StrandBias:-0.9,Multiplicity:1.05
0.149	0.585	0.182	0.084
0.281	0.709	0.009	0.001
0.120	0.624	0.141	0.115
0.059	0.900	0.040	0.001
0.778	0.114	0.031	0.077
0.024	0.119	0.827	0.030
0.841	0.027	0.105	0.027
0.758	0.072	0.087	0.083
0.104	0.001	0.862	0.033
0.027	0.025	0.821	0.127
>TATTCTCAAT	13-TATTCTCAAT	8.739587	-9.598101	0	T:13.0(11.61%),B:1263.5(3.20%),P:1e-4	Tpos:403.9,Tstd:297.3,Bpos:514.0,Bstd:301.9,StrandBias:-0.2,Multiplicity:1.31
0.001	0.001	0.001	0.997
0.997	0.001	0.001	0.001
0.001	0.001	0.001	0.997
0.096	0.001	0.001	0.902
0.001	0.997	0.001	0.001
0.001	0.001	0.103	0.895
0.001	0.946	0.001	0.052
0.997	0.001	0.001	0.001
0.997	0.001	0.001	0.001
0.001	0.077	0.069	0.853
>CCAGTGCACA	14-CCAGTGCACA	11.365889	-9.275992	0	T:3.0(2.68%),B:28.8(0.07%),P:1e-4	Tpos:354.9,Tstd:231.8,Bpos:404.4,Bstd:249.4,StrandBias:-3.2,Multiplicity:3.33
0.001	0.997	0.001	0.001
0.001	0.997	0.001	0.001
0.937	0.001	0.001	0.061
0.001	0.001	0.997	0.001
0.001	0.001	0.090	0.908
0.001	0.001	0.997	0.001
0.001	0.997	0.001	0.001
0.997	0.001	0.001	0.001
0.001	0.997	0.001	0.001
0.997	0.001	0.001	0.001
>GGGGGGGTGT	15-GGGGGGGTGT	11.348062	-7.816351	0	T:6.0(5.36%),B:331.0(0.84%),P:1e-3	Tpos:509.3,Tstd:286.4,Bpos:534.5,Bstd:303.7,StrandBias:-1.3,Multiplicity:1.00
0.001	0.001	0.820	0.178
0.001	0.001	0.997	0.001
0.001	0.001	0.997	0.001
0.001	0.001	0.997	0.001
0.001	0.001	0.997	0.001
0.001	0.001	0.997	0.001
0.001	0.001	0.997	0.001
0.001	0.001	0.266	0.732
0.127	0.001	0.734	0.138
0.137	0.001	0.001	0.861
>TGAAACTCCA	16-TGAAACTCCA	12.046141	-7.143566	0	T:5.0(4.46%),B:248.7(0.63%),P:1e-3	Tpos:438.9,Tstd:296.5,Bpos:520.4,Bstd:282.4,StrandBias:-3.7,Multiplicity:2.80
0.001	0.001	0.001	0.997
0.001	0.167	0.831	0.001
0.997	0.001	0.001	0.001
0.997	0.001	0.001	0.001
0.997	0.001	0.001	0.001
0.001	0.997	0.001	0.001
0.001	0.001	0.001	0.997
0.001	0.997	0.001	0.001
0.001	0.997	0.001	0.001
0.997	0.001	0.001	0.001
>TGCGCCGATT	17-TGCGCCGATT	10.296193	-2.415421	0	T:1.0(0.89%),B:32.9(0.08%),P:1e-1	Tpos:300.2,Tstd:43.0,Bpos:385.8,Bstd:285.1,StrandBias:2.0,Multiplicity:5.00
0.100	0.100	0.100	0.700
0.100	0.100	0.700	0.100
0.100	0.700	0.100	0.100
0.100	0.100	0.700	0.100
0.100	0.700	0.100	0.100
0.100	0.700	0.100	0.100
0.100	0.100	0.700	0.100
0.700	0.100	0.100	0.100
0.100	0.100	0.100	0.700
0.100	0.100	0.100	0.700
>TTAAACTGAG	18-TTAAACTGAG	10.296193	-1.640102	0	T:1.0(0.89%),B:75.1(0.19%),P:1e0	Tpos:315.6,Tstd:179.6,Bpos:466.8,Bstd:273.2,StrandBias:10.0,Multiplicity:9.00
0.100	0.100	0.100	0.700
0.100	0.100	0.100	0.700
0.700	0.100	0.100	0.100
0.700	0.100	0.100	0.100
0.700	0.100	0.100	0.100
0.100	0.700	0.100	0.100
0.100	0.100	0.100	0.700
0.100	0.100	0.700	0.100
0.700	0.100	0.100	0.100
0.100	0.100	0.700	0.100
