>GGTATAAAAG	1-GGTATAAAAG	9.363773	-24.439864	0	T:27.0(24.11%),B:2070.1(5.25%),P:1e-10	Tpos:708.7,Tstd:252.6,Bpos:590.9,Bstd:332.5,StrandBias:1.3,Multiplicity:1.15
0.043	0.035	0.901	0.021
0.031	0.034	0.934	0.001
0.001	0.001	0.054	0.944
0.908	0.001	0.054	0.037
0.025	0.001	0.031	0.943
0.939	0.059	0.001	0.001
0.954	0.001	0.001	0.044
0.921	0.001	0.077	0.001
0.891	0.001	0.001	0.107
0.020	0.001	0.954	0.025
>ACAAAACTAC	2-ACAAAACTAC	8.911247	-22.815809	0	T:25.0(22.32%),B:1896.9(4.81%),P:1e-9	Tpos:562.6,Tstd:289.1,Bpos:522.1,Bstd:308.7,StrandBias:0.4,Multiplicity:1.12
0.997	0.001	0.001	0.001
0.056	0.768	0.108	0.068
0.526	0.001	0.156	0.317
0.628	0.040	0.331	0.001
0.997	0.001	0.001	0.001
0.600	0.284	0.001	0.115
0.001	0.961	0.037	0.001
0.001	0.001	0.001	0.997
0.659	0.297	0.001	0.043
0.001	0.836	0.089	0.074
>ATCATTTTAC	3-ATCATTTTAC	11.173414	-21.994262	0	T:18.0(16.07%),B:951.6(2.41%),P:1e-9	Tpos:593.6,Tstd:233.1,Bpos:504.5,Bstd:306.6,StrandBias:1.1,Multiplicity:1.06
0.658	0.001	0.340	0.001
0.001	0.250	0.001	0.748
0.001	0.997	0.001	0.001
0.997	0.001	0.001	0.001
0.001	0.001	0.001	0.997
0.093	0.001	0.001	0.905
0.001	0.001	0.001	0.997
0.001	0.001	0.243	0.755
0.793	0.205	0.001	0.001
0.001	0.997	0.001	0.001
>CGTTCCAAAT	4-CGTTCCAAAT	9.620409	-19.730158	0	T:22.0(19.64%),B:1700.6(4.31%),P:1e-8	Tpos:589.4,Tstd:260.8,Bpos:518.6,Bstd:296.5,StrandBias:-0.3,Multiplicity:1.14
0.028	0.970	0.001	0.001
0.001	0.001	0.997	0.001
0.001	0.072	0.097	0.830
0.001	0.001	0.139	0.859
0.001	0.747	0.064	0.188
0.055	0.755	0.189	0.001
0.902	0.001	0.001	0.096
0.716	0.144	0.001	0.139
0.911	0.087	0.001	0.001
0.001	0.001	0.001	0.997
>ATACTGGAAC	5-ATACTGGAAC	9.741219	-19.719758	0	T:17.0(15.18%),B:967.2(2.45%),P:1e-8	Tpos:483.6,Tstd:273.2,Bpos:501.8,Bstd:314.7,StrandBias:-0.7,Multiplicity:1.06
0.902	0.001	0.096	0.001
0.001	0.001	0.001	0.997
0.873	0.001	0.074	0.052
0.001	0.959	0.001	0.039
0.001	0.001	0.001	0.997
0.051	0.001	0.891	0.057
0.028	0.001	0.830	0.141
0.997	0.001	0.001	0.001
0.784	0.119	0.096	0.001
0.079	0.919	0.001	0.001
>TTAGTCAGGG	6-TTAGTCAGGG	10.543410	-19.193469	0	T:9.0(8.04%),B:184.8(0.47%),P:1e-8	Tpos:559.2,Tstd:204.2,Bpos:510.1,Bstd:301.0,StrandBias:-1.0,Multiplicity:1.00
0.001	0.001	0.001	0.997
0.001	0.001	0.001	0.997
0.860	0.001	0.138	0.001
0.001	0.001	0.997	0.001
0.001	0.001	0.001	0.997
0.001	0.997	0.001	0.001
0.681	0.001	0.154	0.164
0.117	0.001	0.881	0.001
0.097	0.120	0.782	0.001
0.001	0.001	0.907	0.091
>CTTGTWCAAT	7-CTTGTWCAAT	11.381559	-15.552023	0	T:12.0(10.71%),B:598.3(1.52%),P:1e-6	Tpos:535.6,Tstd:268.4,Bpos:501.5,Bstd:308.2,StrandBias:-1.0,Multiplicity:1.00
0.005	0.993	0.001	0.001
0.056	0.001	0.001	0.942
0.001	0.001	0.001	0.997
0.260	0.001	0.663	0.076
0.001	0.001	0.001	0.997
0.441	0.001	0.001	0.557
0.057	0.941	0.001	0.001
0.708	0.001	0.001	0.290
0.935	0.001	0.001	0.063
0.001	0.001	0.001	0.997
>GCATGGTTAC	8-GCATGGTTAC	10.511706	-15.136449	0	T:8.0(7.14%),B:216.2(0.55%),P:1e-6	Tpos:639.3,Tstd:291.1,Bpos:524.9,Bstd:309.2,StrandBias:-0.3,Multiplicity:1.38
0.001	0.085	0.719	0.195
0.075	0.923	0.001	0.001
0.795	0.001	0.100	0.104
0.001	0.001	0.001	0.997
0.001	0.001	0.915	0.083
0.001	0.087	0.911	0.001
0.001	0.001	0.001	0.997
0.001	0.001	0.109	0.889
0.997	0.001	0.001	0.001
0.001	0.997	0.001	0.001
>CATATAATTT	9-CATATAATTT	10.666322	-12.374176	0	T:19.0(16.96%),B:2014.3(5.10%),P:1e-5	Tpos:477.2,Tstd:287.9,Bpos:499.0,Bstd:306.1,StrandBias:0.0,Multiplicity:1.16
0.001	0.917	0.081	0.001
0.997	0.001	0.001	0.001
0.001	0.001	0.001	0.997
0.997	0.001	0.001	0.001
0.001	0.001	0.001	0.997
0.906	0.001	0.092	0.001
0.846	0.001	0.001	0.152
0.001	0.001	0.001	0.997
0.001	0.001	0.075	0.923
0.001	0.064	0.062	0.873
>CATGGAAGTA	10-CATGGAAGTA	6.947335	-12.285126	0	T:48.0(42.86%),B:9250.2(23.44%),P:1e-5	Tpos:491.0,Tstd:292.7,Bpos:492.8,Bstd:354.7,StrandBias:0.1,Multiplicity:1.21
0.061	0.745	0.061	0.133
0.762	0.077	0.092	0.069
0.042	0.062	0.057	0.839
0.067	0.018	0.860	0.055
0.081	0.108	0.771	0.040
0.866	0.034	0.049	0.051
0.819	0.075	0.084	0.022
0.056	0.087	0.790	0.067
0.095	0.121	0.041	0.743
0.815	0.046	0.021	0.118
>CTGCGGTCTG	11-CTGCGGTCTG	11.223655	-12.019770	0	T:5.0(4.46%),B:85.8(0.22%),P:1e-5	Tpos:601.9,Tstd:251.1,Bpos:530.8,Bstd:298.6,StrandBias:0.0,Multiplicity:1.60
0.001	0.997	0.001	0.001
0.001	0.001	0.154	0.844
0.001	0.001	0.997	0.001
0.001	0.997	0.001	0.001
0.001	0.168	0.830	0.001
0.001	0.001	0.997	0.001
0.001	0.001	0.001	0.997
0.001	0.844	0.001	0.154
0.001	0.001	0.001	0.997
0.001	0.136	0.674	0.189
>CCCCAGAAGG	12-CCCCAGAAGG	7.362904	-10.628884	0	T:20.0(17.86%),B:2493.4(6.32%),P:1e-4	Tpos:374.9,Tstd:239.4,Bpos:491.7,Bstd:464.2,StrandBias:-0.9,Multiplicity:1.05
0.149	0.585	0.182	0.084
0.281	0.709	0.009	0.001
0.120	0.624	0.141	0.115
0.059	0.900	0.040	0.001
0.778	0.114	0.031	0.077
0.024	0.119	0.827	0.030
0.841	0.027	0.105	0.027
0.758	0.072	0.087	0.083
0.104	0.001	0.862	0.033
0.027	0.025	0.821	0.127
>TATTCTCAAT	13-TATTCTCAAT	8.739587	-9.598101	0	T:13.0(11.61%),B:1263.5(3.20%),P:1e-4	Tpos:403.9,Tstd:297.3,Bpos:514.0,Bstd:301.9,StrandBias:-0.2,Multiplicity:1.31
0.001	0.001	0.001	0.997
0.997	0.001	0.001	0.001
0.001	0.001	0.001	0.997
0.096	0.001	0.001	0.902
0.001	0.997	0.001	0.001
0.001	0.001	0.103	0.895
0.001	0.946	0.001	0.052
0.997	0.001	0.001	0.001
0.997	0.001	0.001	0.001
0.001	0.077	0.069	0.853
>CCAGTGCACA	14-CCAGTGCACA	11.365889	-9.275992	0	T:3.0(2.68%),B:28.8(0.07%),P:1e-4	Tpos:354.9,Tstd:231.8,Bpos:404.4,Bstd:249.4,StrandBias:-3.2,Multiplicity:3.33
0.001	0.997	0.001	0.001
0.001	0.997	0.001	0.001
0.937	0.001	0.001	0.061
0.001	0.001	0.997	0.001
0.001	0.001	0.090	0.908
0.001	0.001	0.997	0.001
0.001	0.997	0.001	0.001
0.997	0.001	0.001	0.001
0.001	0.997	0.001	0.001
0.997	0.001	0.001	0.001
>GGGGGGGTGT	15-GGGGGGGTGT	11.348062	-7.816351	0	T:6.0(5.36%),B:331.0(0.84%),P:1e-3	Tpos:509.3,Tstd:286.4,Bpos:534.5,Bstd:303.7,StrandBias:-1.3,Multiplicity:1.00
0.001	0.001	0.820	0.178
0.001	0.001	0.997	0.001
0.001	0.001	0.997	0.001
0.001	0.001	0.997	0.001
0.001	0.001	0.997	0.001
0.001	0.001	0.997	0.001
0.001	0.001	0.997	0.001
0.001	0.001	0.266	0.732
0.127	0.001	0.734	0.138
0.137	0.001	0.001	0.861
>TGAAACTCCA	16-TGAAACTCCA	12.046141	-7.143566	0	T:5.0(4.46%),B:248.7(0.63%),P:1e-3	Tpos:438.9,Tstd:296.5,Bpos:520.4,Bstd:282.4,StrandBias:-3.7,Multiplicity:2.80
0.001	0.001	0.001	0.997
0.001	0.167	0.831	0.001
0.997	0.001	0.001	0.001
0.997	0.001	0.001	0.001
0.997	0.001	0.001	0.001
0.001	0.997	0.001	0.001
0.001	0.001	0.001	0.997
0.001	0.997	0.001	0.001
0.001	0.997	0.001	0.001
0.997	0.001	0.001	0.001
>TGCGCCGATT	17-TGCGCCGATT	10.296193	-2.415421	0	T:1.0(0.89%),B:32.9(0.08%),P:1e-1	Tpos:300.2,Tstd:43.0,Bpos:385.8,Bstd:285.1,StrandBias:2.0,Multiplicity:5.00
0.100	0.100	0.100	0.700
0.100	0.100	0.700	0.100
0.100	0.700	0.100	0.100
0.100	0.100	0.700	0.100
0.100	0.700	0.100	0.100
0.100	0.700	0.100	0.100
0.100	0.100	0.700	0.100
0.700	0.100	0.100	0.100
0.100	0.100	0.100	0.700
0.100	0.100	0.100	0.700
>TTAAACTGAG	18-TTAAACTGAG	10.296193	-1.640102	0	T:1.0(0.89%),B:75.1(0.19%),P:1e0	Tpos:315.6,Tstd:179.6,Bpos:466.8,Bstd:273.2,StrandBias:10.0,Multiplicity:9.00
0.100	0.100	0.100	0.700
0.100	0.100	0.100	0.700
0.700	0.100	0.100	0.100
0.700	0.100	0.100	0.100
0.700	0.100	0.100	0.100
0.100	0.700	0.100	0.100
0.100	0.100	0.100	0.700
0.100	0.100	0.700	0.100
0.700	0.100	0.100	0.100
0.100	0.100	0.700	0.100
>GTGGTATAAAAG	1-GTGGTATAAAAG	10.192030	-30.122942	0	T:25.0(22.32%),B:1345.5(3.41%),P:1e-13	Tpos:755.5,Tstd:220.7,Bpos:582.5,Bstd:336.4,StrandBias:0.8,Multiplicity:1.08
0.258	0.057	0.518	0.167
0.109	0.045	0.001	0.845
0.205	0.040	0.594	0.161
0.001	0.171	0.784	0.044
0.041	0.001	0.002	0.956
0.886	0.001	0.075	0.038
0.048	0.001	0.126	0.825
0.997	0.001	0.001	0.001
0.932	0.001	0.001	0.066
0.924	0.001	0.074	0.001
0.940	0.001	0.001	0.058
0.077	0.115	0.806	0.002
>TTATCATTTTCC	2-TTATCATTTTCC	13.402441	-23.846403	0	T:12.0(10.71%),B:278.9(0.71%),P:1e-10	Tpos:678.3,Tstd:262.2,Bpos:527.2,Bstd:297.6,StrandBias:1.6,Multiplicity:1.00
0.119	0.161	0.001	0.719
0.001	0.076	0.001	0.922
0.899	0.001	0.099	0.001
0.001	0.001	0.001	0.997
0.082	0.916	0.001	0.001
0.997	0.001	0.001	0.001
0.001	0.001	0.001	0.997
0.001	0.001	0.001	0.997
0.001	0.001	0.001	0.997
0.001	0.001	0.001	0.997
0.001	0.895	0.103	0.001
0.001	0.997	0.001	0.001
>TCTGCAATAGAA	3-TCTGCAATAGAA	13.289385	-22.494325	0	T:8.0(7.14%),B:80.8(0.20%),P:1e-9	Tpos:694.9,Tstd:297.3,Bpos:491.6,Bstd:357.2,StrandBias:0.0,Multiplicity:1.00
0.001	0.001	0.001	0.997
0.001	0.997	0.001	0.001
0.156	0.001	0.001	0.842
0.001	0.156	0.842	0.001
0.001	0.997	0.001	0.001
0.997	0.001	0.001	0.001
0.809	0.001	0.189	0.001
0.001	0.001	0.156	0.842
0.884	0.001	0.001	0.114
0.084	0.001	0.914	0.001
0.997	0.001	0.001	0.001
0.997	0.001	0.001	0.001
>ATGGTTACGTAC	4-ATGGTTACGTAC	14.990332	-21.916045	0	T:4.0(3.57%),B:1.7(0.00%),P:1e-9	Tpos:637.2,Tstd:189.8,Bpos:584.0,Bstd:0.0,StrandBias:1.6,Multiplicity:1.00
0.997	0.001	0.001	0.001
0.346	0.001	0.001	0.652
0.001	0.001	0.997	0.001
0.001	0.001	0.997	0.001
0.001	0.001	0.001	0.997
0.001	0.001	0.001	0.997
0.693	0.305	0.001	0.001
0.001	0.997	0.001	0.001
0.001	0.001	0.997	0.001
0.001	0.001	0.001	0.997
0.997	0.001	0.001	0.001
0.001	0.997	0.001	0.001
>CTACAATATTTT	5-CTACAATATTTT	12.808861	-20.705394	0	T:11.0(9.82%),B:288.2(0.73%),P:1e-8	Tpos:698.6,Tstd:233.3,Bpos:501.3,Bstd:303.1,StrandBias:-1.0,Multiplicity:1.09
0.001	0.955	0.001	0.043
0.001	0.090	0.001	0.908
0.942	0.001	0.001	0.056
0.001	0.916	0.082	0.001
0.997	0.001	0.001	0.001
0.903	0.095	0.001	0.001
0.001	0.083	0.001	0.915
0.952	0.001	0.001	0.046
0.082	0.001	0.110	0.807
0.001	0.109	0.001	0.889
0.001	0.001	0.125	0.873
0.001	0.001	0.001	0.997
>TCAAACTTYGGT	6-TCAAACTTYGGT	11.838065	-20.608667	0	T:10.0(8.93%),B:218.1(0.55%),P:1e-8	Tpos:482.7,Tstd:296.6,Bpos:482.6,Bstd:278.2,StrandBias:0.6,Multiplicity:1.00
0.140	0.001	0.001	0.858
0.001	0.934	0.001	0.064
0.997	0.001	0.001	0.001
0.746	0.001	0.252	0.001
0.891	0.001	0.001	0.107
0.050	0.739	0.078	0.133
0.050	0.140	0.001	0.809
0.123	0.001	0.001	0.875
0.064	0.524	0.001	0.411
0.064	0.001	0.854	0.081
0.001	0.078	0.862	0.059
0.068	0.001	0.001	0.930
>TCCCATATAATT	7-TCCCATATAATT	13.546448	-19.641759	0	T:7.0(6.25%),B:72.6(0.18%),P:1e-8	Tpos:511.1,Tstd:294.7,Bpos:476.5,Bstd:301.3,StrandBias:0.0,Multiplicity:1.14
0.192	0.001	0.001	0.806
0.001	0.892	0.001	0.106
0.001	0.886	0.001	0.112
0.001	0.852	0.146	0.001
0.997	0.001	0.001	0.001
0.001	0.001	0.141	0.857
0.839	0.001	0.001	0.159
0.001	0.001	0.001	0.997
0.997	0.001	0.001	0.001
0.997	0.001	0.001	0.001
0.001	0.001	0.001	0.997
0.001	0.001	0.001	0.997
>GAAGGATMTTTT	8-GAAGGATMTTTT	12.410690	-19.548015	0	T:8.0(7.14%),B:120.0(0.30%),P:1e-8	Tpos:628.8,Tstd:178.0,Bpos:512.4,Bstd:275.1,StrandBias:1.0,Multiplicity:1.00
0.001	0.001	0.997	0.001
0.870	0.128	0.001	0.001
0.774	0.004	0.001	0.221
0.065	0.001	0.799	0.135
0.001	0.001	0.731	0.267
0.997	0.001	0.001	0.001
0.001	0.001	0.001	0.997
0.498	0.405	0.094	0.002
0.001	0.376	0.001	0.622
0.001	0.001	0.001	0.997
0.001	0.001	0.123	0.875
0.001	0.369	0.001	0.629
>AATTGCTGCGGT	9-AATTGCTGCGGT	10.524297	-19.024731	0	T:13.0(11.61%),B:532.5(1.35%),P:1e-8	Tpos:532.8,Tstd:312.4,Bpos:510.2,Bstd:310.6,StrandBias:0.2,Multiplicity:1.15
0.997	0.001	0.001	0.001
0.997	0.001	0.001	0.001
0.001	0.001	0.001	0.997
0.001	0.001	0.001	0.997
0.001	0.001	0.754	0.244
0.237	0.761	0.001	0.001
0.228	0.143	0.001	0.628
0.001	0.126	0.739	0.134
0.001	0.997	0.001	0.001
0.209	0.001	0.570	0.220
0.001	0.145	0.853	0.001
0.126	0.143	0.001	0.730
>AAGTTGCTCCAG	10-AAGTTGCTCCAG	10.545337	-18.534043	0	T:14.0(12.50%),B:667.5(1.69%),P:1e-8	Tpos:366.8,Tstd:281.1,Bpos:433.1,Bstd:521.4,StrandBias:-0.7,Multiplicity:1.23
0.776	0.219	0.001	0.004
0.997	0.001	0.001	0.001
0.170	0.001	0.717	0.112
0.133	0.004	0.059	0.804
0.001	0.001	0.001	0.997
0.001	0.001	0.997	0.001
0.001	0.868	0.001	0.130
0.101	0.001	0.118	0.780
0.217	0.781	0.001	0.001
0.352	0.646	0.001	0.001
0.726	0.001	0.128	0.145
0.073	0.001	0.925	0.001
>CGAAAAAATCTA	11-CGAAAAAATCTA	13.374825	-18.245010	0	T:12.0(10.71%),B:464.7(1.18%),P:1e-7	Tpos:528.9,Tstd:209.5,Bpos:494.6,Bstd:282.3,StrandBias:-0.5,Multiplicity:1.00
0.086	0.733	0.105	0.076
0.177	0.001	0.821	0.001
0.997	0.001	0.001	0.001
0.997	0.001	0.001	0.001
0.997	0.001	0.001	0.001
0.997	0.001	0.001	0.001
0.997	0.001	0.001	0.001
0.997	0.001	0.001	0.001
0.112	0.001	0.001	0.886
0.108	0.890	0.001	0.001
0.001	0.112	0.001	0.886
0.896	0.001	0.102	0.001
>TTTGATACTGGA	12-TTTGATACTGGA	13.518899	-18.194787	0	T:7.0(6.25%),B:91.0(0.23%),P:1e-7	Tpos:649.3,Tstd:280.4,Bpos:591.0,Bstd:270.6,StrandBias:-0.4,Multiplicity:1.00
0.001	0.001	0.186	0.812
0.001	0.001	0.001	0.997
0.001	0.001	0.001	0.997
0.001	0.001	0.863	0.135
0.997	0.001	0.001	0.001
0.094	0.001	0.001	0.904
0.997	0.001	0.001	0.001
0.001	0.997	0.001	0.001
0.001	0.001	0.001	0.997
0.145	0.001	0.767	0.087
0.001	0.001	0.821	0.177
0.997	0.001	0.001	0.001
>TAGTTTGTAGTC	13-TAGTTTGTAGTC	10.282530	-17.683748	0	T:19.0(16.96%),B:1413.3(3.58%),P:1e-7	Tpos:545.4,Tstd:286.5,Bpos:519.0,Bstd:293.1,StrandBias:-0.1,Multiplicity:1.32
0.157	0.070	0.001	0.772
0.873	0.125	0.001	0.001
0.113	0.002	0.786	0.099
0.001	0.103	0.001	0.895
0.001	0.001	0.001	0.997
0.001	0.001	0.001	0.997
0.001	0.258	0.657	0.084
0.138	0.001	0.001	0.860
0.701	0.092	0.134	0.073
0.001	0.165	0.768	0.066
0.003	0.001	0.003	0.993
0.055	0.707	0.064	0.174
>ATTTTAAAATTG	14-ATTTTAAAATTG	12.791716	-17.491166	0	T:15.0(13.39%),B:853.1(2.16%),P:1e-7	Tpos:501.8,Tstd:308.8,Bpos:494.7,Bstd:286.5,StrandBias:-0.2,Multiplicity:1.00
0.829	0.001	0.048	0.122
0.001	0.057	0.060	0.882
0.001	0.001	0.001	0.997
0.001	0.001	0.077	0.921
0.001	0.001	0.028	0.970
0.932	0.001	0.029	0.038
0.997	0.001	0.001	0.001
0.822	0.094	0.083	0.001
0.903	0.001	0.064	0.032
0.032	0.001	0.001	0.966
0.050	0.001	0.001	0.948
0.030	0.035	0.899	0.036
>CTCAAATCGAAT	15-CTCAAATCGAAT	13.024537	-17.381296	0	T:7.0(6.25%),B:102.5(0.26%),P:1e-7	Tpos:642.5,Tstd:344.9,Bpos:402.3,Bstd:308.7,StrandBias:-0.7,Multiplicity:1.14
0.001	0.997	0.001	0.001
0.080	0.153	0.166	0.601
0.001	0.997	0.001	0.001
0.855	0.001	0.001	0.143
0.997	0.001	0.001	0.001
0.997	0.001	0.001	0.001
0.118	0.153	0.001	0.728
0.001	0.997	0.001	0.001
0.001	0.001	0.924	0.074
0.997	0.001	0.001	0.001
0.997	0.001	0.001	0.001
0.001	0.001	0.001	0.997
>ATAAAAGCCTCA	16-ATAAAAGCCTCA	10.921633	-17.281820	0	T:15.0(13.39%),B:867.3(2.20%),P:1e-7	Tpos:449.1,Tstd:285.5,Bpos:528.9,Bstd:301.6,StrandBias:0.0,Multiplicity:1.00
0.876	0.122	0.001	0.001
0.006	0.001	0.001	0.992
0.997	0.001	0.001	0.001
0.997	0.001	0.001	0.001
0.728	0.001	0.143	0.128
0.881	0.001	0.001	0.117
0.082	0.100	0.582	0.236
0.118	0.709	0.001	0.172
0.175	0.712	0.001	0.112
0.204	0.001	0.001	0.794
0.143	0.758	0.098	0.001
0.997	0.001	0.001	0.001
>AAGTGAATCTAC	17-AAGTGAATCTAC	13.828467	-16.513881	0	T:5.0(4.46%),B:32.2(0.08%),P:1e-7	Tpos:428.7,Tstd:307.1,Bpos:462.8,Bstd:350.6,StrandBias:-2.3,Multiplicity:1.20
0.997	0.001	0.001	0.001
0.862	0.001	0.001	0.136
0.151	0.001	0.847	0.001
0.001	0.001	0.001	0.997
0.001	0.001	0.997	0.001
0.807	0.001	0.001	0.191
0.997	0.001	0.001	0.001
0.001	0.191	0.001	0.807
0.001	0.997	0.001	0.001
0.001	0.001	0.176	0.822
0.997	0.001	0.001	0.001
0.001	0.997	0.001	0.001
>GTTATGACACAG	18-GTTATGACACAG	9.522186	-16.328426	0	T:4.0(3.57%),B:11.3(0.03%),P:1e-7	Tpos:515.2,Tstd:306.2,Bpos:457.0,Bstd:272.4,StrandBias:-0.6,Multiplicity:1.25
0.001	0.001	0.997	0.001
0.001	0.001	0.001	0.997
0.001	0.001	0.001	0.997
0.997	0.001	0.001	0.001
0.001	0.001	0.001	0.997
0.001	0.001	0.997	0.001
0.997	0.001	0.001	0.001
0.001	0.997	0.001	0.001
0.914	0.084	0.001	0.001
0.001	0.997	0.001	0.001
0.997	0.001	0.001	0.001
0.001	0.001	0.839	0.159
>ATACTTGAAATT	19-ATACTTGAAATT	12.430759	-16.073059	0	T:14.0(12.50%),B:817.8(2.07%),P:1e-6	Tpos:322.3,Tstd:221.4,Bpos:512.2,Bstd:309.5,StrandBias:1.3,Multiplicity:1.00
0.900	0.001	0.001	0.098
0.039	0.001	0.001	0.959
0.808	0.127	0.001	0.064
0.068	0.879	0.001	0.052
0.155	0.097	0.001	0.747
0.001	0.001	0.103	0.895
0.001	0.001	0.997	0.001
0.997	0.001	0.001	0.001
0.997	0.001	0.001	0.001
0.997	0.001	0.001	0.001
0.089	0.001	0.001	0.909
0.001	0.001	0.001	0.997
>GGKGKGGGGKTT	20-GGKGKGGGGKTT	11.435188	-12.133930	0	T:7.0(6.25%),B:230.5(0.58%),P:1e-5	Tpos:560.6,Tstd:296.9,Bpos:518.7,Bstd:320.5,StrandBias:-1.8,Multiplicity:1.14
0.001	0.001	0.997	0.001
0.001	0.320	0.678	0.001
0.001	0.001	0.519	0.479
0.001	0.001	0.997	0.001
0.001	0.001	0.542	0.456
0.001	0.001	0.997	0.001
0.001	0.194	0.804	0.001
0.001	0.001	0.997	0.001
0.001	0.001	0.997	0.001
0.001	0.001	0.462	0.536
0.001	0.001	0.084	0.914
0.001	0.001	0.289	0.709
>AAAATGGAGTTB	21-AAAATGGAGTTB	13.349202	-11.988248	0	T:6.0(5.36%),B:152.8(0.39%),P:1e-5	Tpos:405.9,Tstd:243.5,Bpos:510.1,Bstd:259.7,StrandBias:2.0,Multiplicity:1.67
0.997	0.001	0.001	0.001
0.649	0.001	0.001	0.349
0.963	0.001	0.001	0.035
0.997	0.001	0.001	0.001
0.001	0.001	0.001	0.997
0.001	0.001	0.997	0.001
0.001	0.001	0.997	0.001
0.702	0.001	0.296	0.001
0.001	0.001	0.997	0.001
0.001	0.001	0.001	0.997
0.001	0.001	0.001	0.997
0.001	0.329	0.285	0.385
>RAWTGYGCRCAG	22-RAWTGYGCRCAG	13.617906	-10.059445	0	T:3.0(2.68%),B:21.5(0.05%),P:1e-4	Tpos:417.8,Tstd:153.9,Bpos:381.3,Bstd:222.2,StrandBias:0.0,Multiplicity:1.33
0.502	0.026	0.461	0.011
0.975	0.001	0.012	0.012
0.472	0.001	0.001	0.526
0.001	0.013	0.001	0.985
0.013	0.001	0.985	0.001
0.024	0.461	0.001	0.514
0.001	0.001	0.997	0.001
0.001	0.997	0.001	0.001
0.526	0.012	0.461	0.001
0.002	0.985	0.001	0.012
0.922	0.001	0.001	0.076
0.001	0.001	0.997	0.001
>ATTGTGCACTGG	23-ATTGTGCACTGG	12.355432	-4.771522	0	T:1.0(0.89%),B:2.8(0.01%),P:1e-2	Tpos:273.0,Tstd:182.6,Bpos:362.3,Bstd:260.0,StrandBias:10.0,Multiplicity:8.00
0.700	0.100	0.100	0.100
0.100	0.100	0.100	0.700
0.100	0.100	0.100	0.700
0.100	0.100	0.700	0.100
0.100	0.100	0.100	0.700
0.100	0.100	0.700	0.100
0.100	0.700	0.100	0.100
0.700	0.100	0.100	0.100
0.100	0.700	0.100	0.100
0.100	0.100	0.100	0.700
0.100	0.100	0.700	0.100
0.100	0.100	0.700	0.100
>ATTCTCAGTTTA	24-ATTCTCAGTTTA	14.101030	-4.721496	0	T:2.0(1.79%),B:48.1(0.12%),P:1e-2	Tpos:285.5,Tstd:185.0,Bpos:438.8,Bstd:260.2,StrandBias:-10.0,Multiplicity:5.50
0.997	0.001	0.001	0.001
0.001	0.001	0.001	0.997
0.090	0.001	0.001	0.908
0.001	0.908	0.090	0.001
0.001	0.001	0.001	0.997
0.001	0.997	0.001	0.001
0.997	0.001	0.001	0.001
0.001	0.001	0.997	0.001
0.001	0.001	0.001	0.997
0.001	0.001	0.001	0.997
0.001	0.001	0.001	0.997
0.997	0.001	0.001	0.001
>GAGAATATGGAG	25-GAGAATATGGAG	12.355432	-3.929830	0	T:1.0(0.89%),B:6.9(0.02%),P:1e-1	Tpos:276.8,Tstd:178.9,Bpos:440.0,Bstd:253.1,StrandBias:10.0,Multiplicity:5.00
0.100	0.100	0.700	0.100
0.700	0.100	0.100	0.100
0.100	0.100	0.700	0.100
0.700	0.100	0.100	0.100
0.700	0.100	0.100	0.100
0.100	0.100	0.100	0.700
0.700	0.100	0.100	0.100
0.100	0.100	0.100	0.700
0.100	0.100	0.700	0.100
0.100	0.100	0.700	0.100
0.700	0.100	0.100	0.100
0.100	0.100	0.700	0.100
>TTTACMCC	1-TTTACMCC	6.820638	-11.651645	0	T:49.0(43.75%),B:9751.2(24.71%),P:1e-5	Tpos:594.0,Tstd:282.4,Bpos:523.7,Bstd:362.4,StrandBias:0.2,Multiplicity:1.47
0.001	0.177	0.001	0.821
0.001	0.266	0.145	0.588
0.001	0.155	0.001	0.843
0.997	0.001	0.001	0.001
0.001	0.910	0.001	0.088
0.489	0.509	0.001	0.001
0.001	0.997	0.001	0.001
0.001	0.833	0.001	0.165
>ATTCTCAG	2-ATTCTCAG	9.845147	-9.810786	0	T:23.0(20.54%),B:3323.3(8.42%),P:1e-4	Tpos:457.9,Tstd:255.5,Bpos:512.5,Bstd:309.3,StrandBias:0.4,Multiplicity:1.39
0.997	0.001	0.001	0.001
0.001	0.001	0.001	0.997
0.001	0.001	0.001	0.997
0.001	0.997	0.001	0.001
0.001	0.001	0.001	0.997
0.001	0.997	0.001	0.001
0.997	0.001	0.001	0.001
0.001	0.294	0.704	0.001
>GGAGTTTC	3-GGAGTTTC	8.997849	-7.034825	0	T:14.0(12.50%),B:1868.4(4.73%),P:1e-3	Tpos:381.9,Tstd:282.3,Bpos:490.1,Bstd:358.2,StrandBias:0.7,Multiplicity:1.62
0.001	0.001	0.997	0.001
0.001	0.001	0.997	0.001
0.997	0.001	0.001	0.001
0.001	0.001	0.997	0.001
0.126	0.001	0.001	0.872
0.001	0.001	0.001	0.997
0.001	0.001	0.001	0.997
0.001	0.997	0.001	0.001
>YTCYGCGC	4-YTCYGCGC	4.919628	-4.593266	0	T:30.0(26.79%),B:6942.0(17.59%),P:1e-1	Tpos:530.3,Tstd:273.5,Bpos:526.7,Bstd:309.7,StrandBias:-0.2,Multiplicity:1.43
0.233	0.273	0.097	0.397
0.223	0.156	0.221	0.401
0.032	0.616	0.270	0.082
0.091	0.280	0.219	0.411
0.151	0.299	0.548	0.002
0.182	0.727	0.090	0.001
0.116	0.289	0.594	0.001
0.001	0.661	0.262	0.076
>TGCACTGG	5-TGCACTGG	8.288701	-4.401507	0	T:6.0(5.36%),B:665.1(1.69%),P:1e-1	Tpos:413.2,Tstd:278.2,Bpos:476.9,Bstd:308.6,StrandBias:1.7,Multiplicity:2.17
0.001	0.001	0.001	0.997
0.001	0.001	0.997	0.001
0.001	0.997	0.001	0.001
0.936	0.062	0.001	0.001
0.001	0.997	0.001	0.001
0.001	0.001	0.001	0.997
0.001	0.001	0.997	0.001
0.001	0.001	0.997	0.001
