>GTATCACGTC	1-GTATCACGTC	9.801467	-22.294976	0	T:8.0(22.22%),B:278.2(0.72%),P:1e-9	Tpos:643.4,Tstd:147.5,Bpos:516.8,Bstd:321.6,StrandBias:0.7,Multiplicity:1.00
0.001	0.001	0.876	0.122
0.001	0.001	0.001	0.997
0.736	0.001	0.142	0.121
0.001	0.001	0.001	0.997
0.147	0.851	0.001	0.001
0.812	0.001	0.001	0.186
0.001	0.997	0.001	0.001
0.001	0.001	0.888	0.110
0.001	0.001	0.001	0.997
0.001	0.997	0.001	0.001
>TTTAGTGGGC	2-TTTAGTGGGC	10.848590	-18.729627	0	T:7.0(19.44%),B:276.7(0.72%),P:1e-8	Tpos:505.4,Tstd:335.7,Bpos:527.7,Bstd:339.6,StrandBias:-0.4,Multiplicity:1.00
0.001	0.191	0.001	0.807
0.001	0.001	0.001	0.997
0.162	0.001	0.001	0.836
0.921	0.001	0.001	0.077
0.001	0.001	0.997	0.001
0.001	0.001	0.001	0.997
0.151	0.001	0.847	0.001
0.001	0.001	0.997	0.001
0.140	0.001	0.858	0.001
0.110	0.888	0.001	0.001
>CAGATAATTG	3-CAGATAATTG	10.825759	-16.529395	0	T:9.0(25.00%),B:844.3(2.19%),P:1e-7	Tpos:510.1,Tstd:279.5,Bpos:479.2,Bstd:320.9,StrandBias:-2.0,Multiplicity:1.11
0.001	0.997	0.001	0.001
0.997	0.001	0.001	0.001
0.001	0.121	0.877	0.001
0.997	0.001	0.001	0.001
0.001	0.001	0.115	0.883
0.864	0.001	0.134	0.001
0.997	0.001	0.001	0.001
0.001	0.001	0.001	0.997
0.001	0.001	0.001	0.997
0.119	0.001	0.807	0.073
>GGAGTGGAAN	4-GGAGTGGAAN	7.502249	-16.053979	0	T:12.0(33.33%),B:1938.0(5.02%),P:1e-6	Tpos:690.3,Tstd:251.9,Bpos:528.0,Bstd:340.2,StrandBias:-2.3,Multiplicity:1.00
0.257	0.041	0.500	0.203
0.307	0.102	0.460	0.130
0.753	0.034	0.079	0.134
0.153	0.028	0.691	0.128
0.265	0.055	0.192	0.488
0.291	0.033	0.622	0.054
0.225	0.049	0.605	0.121
0.803	0.033	0.133	0.031
0.866	0.081	0.052	0.001
0.257	0.221	0.301	0.220
>ARGGAGAATA	5-ARGGAGAATA	8.858938	-14.690751	0	T:14.0(38.89%),B:3160.6(8.19%),P:1e-6	Tpos:671.7,Tstd:193.2,Bpos:539.7,Bstd:334.5,StrandBias:-1.4,Multiplicity:1.29
0.831	0.094	0.074	0.001
0.482	0.020	0.348	0.150
0.039	0.001	0.616	0.344
0.050	0.001	0.942	0.007
0.997	0.001	0.001	0.001
0.006	0.083	0.850	0.061
0.906	0.001	0.001	0.092
0.806	0.192	0.001	0.001
0.001	0.064	0.084	0.851
0.866	0.077	0.056	0.001
>GATAACATTG	6-GATAACATTG	10.070669	-13.606136	0	T:8.0(22.22%),B:874.6(2.27%),P:1e-5	Tpos:357.6,Tstd:304.1,Bpos:507.0,Bstd:330.4,StrandBias:-3.2,Multiplicity:1.25
0.116	0.001	0.882	0.001
0.683	0.315	0.001	0.001
0.001	0.001	0.098	0.900
0.703	0.001	0.139	0.157
0.731	0.001	0.144	0.124
0.001	0.892	0.001	0.106
0.835	0.001	0.001	0.163
0.001	0.001	0.001	0.997
0.167	0.001	0.001	0.831
0.001	0.001	0.997	0.001
>TAGGCGAACT	7-TAGGCGAACT	11.047200	-11.382373	0	T:4.0(11.11%),B:145.9(0.38%),P:1e-4	Tpos:199.8,Tstd:268.1,Bpos:518.3,Bstd:356.8,StrandBias:2.0,Multiplicity:1.25
0.001	0.001	0.001	0.997
0.860	0.001	0.001	0.138
0.001	0.001	0.997	0.001
0.141	0.182	0.676	0.001
0.001	0.847	0.151	0.001
0.001	0.001	0.997	0.001
0.997	0.001	0.001	0.001
0.868	0.130	0.001	0.001
0.112	0.886	0.001	0.001
0.001	0.001	0.001	0.997
>TACGGCGTAT	8-TACGGCGTAT	12.079420	-10.942157	0	T:2.0(5.56%),B:5.0(0.01%),P:1e-4	Tpos:607.0,Tstd:2.9,Bpos:622.8,Bstd:190.3,StrandBias:1.0,Multiplicity:1.00
0.001	0.001	0.001	0.997
0.997	0.001	0.001	0.001
0.214	0.784	0.001	0.001
0.001	0.001	0.997	0.001
0.001	0.281	0.717	0.001
0.001	0.997	0.001	0.001
0.001	0.001	0.997	0.001
0.001	0.001	0.001	0.997
0.997	0.001	0.001	0.001
0.219	0.001	0.001	0.779
>CTCATTTTGA	9-CTCATTTTGA	11.097293	-10.726336	0	T:9.0(25.00%),B:1717.9(4.45%),P:1e-4	Tpos:520.0,Tstd:264.7,Bpos:522.0,Bstd:324.9,StrandBias:0.3,Multiplicity:1.00
0.001	0.746	0.001	0.252
0.001	0.396	0.001	0.602
0.112	0.886	0.001	0.001
0.997	0.001	0.001	0.001
0.001	0.364	0.001	0.634
0.001	0.001	0.001	0.997
0.001	0.001	0.001	0.997
0.001	0.001	0.001	0.997
0.001	0.385	0.613	0.001
0.997	0.001	0.001	0.001
>GGTGAAGAAGAT	1-GGTGAAGAAGAT	11.880629	-22.721765	0	T:8.0(22.22%),B:263.6(0.68%),P:1e-9	Tpos:780.5,Tstd:150.5,Bpos:539.4,Bstd:346.2,StrandBias:-1.6,Multiplicity:1.00
0.001	0.001	0.826	0.172
0.001	0.001	0.757	0.241
0.237	0.001	0.001	0.761
0.083	0.001	0.915	0.001
0.997	0.001	0.001	0.001
0.719	0.001	0.001	0.279
0.001	0.001	0.698	0.300
0.997	0.001	0.001	0.001
0.826	0.001	0.172	0.001
0.001	0.173	0.817	0.009
0.997	0.001	0.001	0.001
0.001	0.281	0.001	0.717
>CTCTCTCTTCCA	2-CTCTCTCTTCCA	13.298967	-22.611428	0	T:7.0(19.44%),B:155.1(0.40%),P:1e-9	Tpos:502.6,Tstd:347.6,Bpos:587.9,Bstd:337.6,StrandBias:-0.4,Multiplicity:1.00
0.001	0.654	0.001	0.344
0.001	0.001	0.001	0.997
0.001	0.997	0.001	0.001
0.001	0.001	0.001	0.997
0.227	0.603	0.169	0.001
0.001	0.001	0.001	0.997
0.001	0.997	0.001	0.001
0.001	0.120	0.001	0.878
0.001	0.001	0.001	0.997
0.001	0.878	0.001	0.120
0.124	0.874	0.001	0.001
0.997	0.001	0.001	0.001
>TAGCCCKTGTAG	3-TAGCCCKTGTAG	9.392803	-17.764434	0	T:6.0(16.67%),B:179.7(0.47%),P:1e-7	Tpos:675.9,Tstd:186.1,Bpos:562.0,Bstd:324.3,StrandBias:10.0,Multiplicity:1.17
0.001	0.001	0.001	0.997
0.498	0.287	0.001	0.214
0.001	0.214	0.525	0.260
0.001	0.997	0.001	0.001
0.001	0.763	0.235	0.001
0.001	0.997	0.001	0.001
0.001	0.001	0.561	0.437
0.001	0.001	0.001	0.997
0.001	0.001	0.997	0.001
0.001	0.001	0.001	0.997
0.786	0.212	0.001	0.001
0.001	0.001	0.773	0.225
>AATTGAGATATG	4-AATTGAGATATG	14.116669	-16.672270	0	T:5.0(13.89%),B:104.9(0.27%),P:1e-7	Tpos:716.3,Tstd:275.3,Bpos:541.5,Bstd:297.0,StrandBias:1.0,Multiplicity:1.20
0.997	0.001	0.001	0.001
0.997	0.001	0.001	0.001
0.001	0.001	0.001	0.997
0.001	0.210	0.001	0.788
0.001	0.001	0.768	0.230
0.997	0.001	0.001	0.001
0.001	0.001	0.997	0.001
0.997	0.001	0.001	0.001
0.001	0.001	0.196	0.802
0.997	0.001	0.001	0.001
0.001	0.001	0.001	0.997
0.001	0.001	0.828	0.170
>CTTTCATTTTCT	5-CTTTCATTTTCT	11.828622	-16.631930	0	T:11.0(30.56%),B:1462.9(3.79%),P:1e-7	Tpos:541.1,Tstd:317.5,Bpos:525.2,Bstd:324.4,StrandBias:-0.7,Multiplicity:1.18
0.093	0.825	0.001	0.081
0.204	0.081	0.130	0.585
0.001	0.001	0.001	0.997
0.080	0.001	0.001	0.918
0.001	0.876	0.122	0.001
0.719	0.001	0.158	0.122
0.022	0.132	0.001	0.845
0.001	0.001	0.001	0.997
0.143	0.001	0.001	0.855
0.001	0.001	0.001	0.997
0.001	0.630	0.001	0.368
0.422	0.001	0.001	0.576
>AATTTCGATTTT	6-AATTTCGATTTT	12.875885	-15.948480	0	T:10.0(27.78%),B:1214.3(3.15%),P:1e-6	Tpos:620.7,Tstd:135.8,Bpos:532.6,Bstd:297.9,StrandBias:1.0,Multiplicity:1.00
0.997	0.001	0.001	0.001
0.645	0.260	0.001	0.094
0.001	0.001	0.001	0.997
0.260	0.001	0.001	0.738
0.001	0.001	0.001	0.997
0.001	0.997	0.001	0.001
0.001	0.354	0.644	0.001
0.997	0.001	0.001	0.001
0.001	0.001	0.001	0.997
0.001	0.001	0.001	0.997
0.001	0.001	0.001	0.997
0.001	0.001	0.001	0.997
>GATTTCCTAGGC	7-GATTTCCTAGGC	14.357439	-15.630793	0	T:3.0(8.33%),B:9.6(0.03%),P:1e-6	Tpos:577.3,Tstd:340.6,Bpos:639.6,Bstd:129.9,StrandBias:1.0,Multiplicity:1.00
0.172	0.001	0.826	0.001
0.997	0.001	0.001	0.001
0.001	0.001	0.001	0.997
0.001	0.001	0.001	0.997
0.202	0.001	0.001	0.796
0.001	0.997	0.001	0.001
0.001	0.997	0.001	0.001
0.001	0.001	0.001	0.997
0.997	0.001	0.001	0.001
0.001	0.001	0.997	0.001
0.001	0.001	0.816	0.182
0.227	0.771	0.001	0.001
>AGCTTAAAAATG	8-AGCTTAAAAATG	13.936683	-14.757353	0	T:5.0(13.89%),B:155.6(0.40%),P:1e-6	Tpos:482.4,Tstd:405.0,Bpos:490.1,Bstd:358.7,StrandBias:-2.0,Multiplicity:1.00
0.829	0.001	0.169	0.001
0.001	0.160	0.838	0.001
0.001	0.997	0.001	0.001
0.001	0.152	0.001	0.846
0.001	0.001	0.108	0.890
0.997	0.001	0.001	0.001
0.997	0.001	0.001	0.001
0.997	0.001	0.001	0.001
0.997	0.001	0.001	0.001
0.849	0.001	0.001	0.149
0.001	0.001	0.001	0.997
0.001	0.001	0.879	0.119
>AGACCTTAGGTC	9-AGACCTTAGGTC	10.551807	-14.228894	0	T:4.0(11.11%),B:69.8(0.18%),P:1e-6	Tpos:514.3,Tstd:170.5,Bpos:457.5,Bstd:330.4,StrandBias:1.0,Multiplicity:1.00
0.643	0.178	0.178	0.001
0.001	0.001	0.997	0.001
0.997	0.001	0.001	0.001
0.001	0.642	0.001	0.356
0.001	0.997	0.001	0.001
0.001	0.001	0.001	0.997
0.321	0.001	0.178	0.500
0.643	0.178	0.178	0.001
0.001	0.001	0.997	0.001
0.178	0.001	0.643	0.178
0.001	0.001	0.001	0.997
0.001	0.997	0.001	0.001
>TATTCTCACTTT	10-TATTCTCACTTT	13.962261	-13.882292	0	T:5.0(13.89%),B:186.3(0.48%),P:1e-6	Tpos:781.2,Tstd:191.6,Bpos:547.3,Bstd:329.1,StrandBias:2.3,Multiplicity:1.20
0.001	0.001	0.001	0.997
0.914	0.001	0.001	0.084
0.001	0.001	0.001	0.997
0.001	0.001	0.001	0.997
0.001	0.997	0.001	0.001
0.001	0.001	0.001	0.997
0.001	0.997	0.001	0.001
0.997	0.001	0.001	0.001
0.133	0.731	0.001	0.135
0.001	0.258	0.001	0.740
0.212	0.001	0.001	0.786
0.001	0.001	0.001	0.997
>ATGCACCATGCT	11-ATGCACCATGCT	8.432574	-7.869104	0	T:8.0(22.22%),B:1964.8(5.09%),P:1e-3	Tpos:480.9,Tstd:283.8,Bpos:493.3,Bstd:323.8,StrandBias:0.5,Multiplicity:1.38
0.616	0.162	0.072	0.150
0.179	0.001	0.001	0.819
0.090	0.090	0.819	0.001
0.243	0.410	0.180	0.166
0.776	0.001	0.222	0.001
0.081	0.738	0.180	0.001
0.145	0.764	0.090	0.001
0.909	0.089	0.001	0.001
0.170	0.001	0.001	0.828
0.001	0.075	0.923	0.001
0.003	0.745	0.076	0.176
0.151	0.171	0.001	0.677
>ATTTGTTTTCAT	12-ATTTGTTTTCAT	10.409522	-7.848735	0	T:8.0(22.22%),B:1970.6(5.11%),P:1e-3	Tpos:403.1,Tstd:341.8,Bpos:495.3,Bstd:298.5,StrandBias:1.0,Multiplicity:1.12
0.700	0.100	0.100	0.100
0.100	0.100	0.100	0.700
0.100	0.100	0.100	0.700
0.100	0.100	0.100	0.700
0.100	0.100	0.700	0.100
0.100	0.100	0.100	0.700
0.100	0.100	0.100	0.700
0.100	0.100	0.100	0.700
0.100	0.100	0.100	0.700
0.100	0.700	0.100	0.100
0.700	0.100	0.100	0.100
0.100	0.100	0.100	0.700
>TTCCAMTC	1-TTCCAMTC	10.065871	-16.474622	0	T:15.0(41.67%),B:3223.2(8.36%),P:1e-7	Tpos:560.2,Tstd:295.3,Bpos:518.4,Bstd:327.9,StrandBias:2.8,Multiplicity:1.07
0.001	0.001	0.001	0.997
0.001	0.001	0.001	0.997
0.001	0.997	0.001	0.001
0.001	0.997	0.001	0.001
0.997	0.001	0.001	0.001
0.571	0.427	0.001	0.001
0.001	0.142	0.001	0.856
0.001	0.997	0.001	0.001
>AACCAGAC	2-AACCAGAC	8.386605	-14.491416	0	T:10.0(27.78%),B:1424.3(3.69%),P:1e-6	Tpos:531.5,Tstd:241.6,Bpos:521.4,Bstd:331.8,StrandBias:-0.6,Multiplicity:1.00
0.997	0.001	0.001	0.001
0.874	0.001	0.124	0.001
0.001	0.920	0.078	0.001
0.001	0.997	0.001	0.001
0.997	0.001	0.001	0.001
0.001	0.001	0.997	0.001
0.997	0.001	0.001	0.001
0.001	0.997	0.001	0.001
>CAGAGMAT	3-CAGAGMAT	7.765449	-13.041628	0	T:18.0(50.00%),B:6149.3(15.94%),P:1e-5	Tpos:479.2,Tstd:284.9,Bpos:505.1,Bstd:322.1,StrandBias:-1.4,Multiplicity:1.39
0.001	0.997	0.001	0.001
0.997	0.001	0.001	0.001
0.001	0.001	0.665	0.333
0.997	0.001	0.001	0.001
0.001	0.001	0.885	0.113
0.486	0.512	0.001	0.001
0.997	0.001	0.001	0.001
0.001	0.001	0.001	0.997
>TCAACTWC	4-TCAACTWC	7.910695	-9.319727	0	T:16.0(44.44%),B:6436.1(16.68%),P:1e-4	Tpos:550.2,Tstd:302.2,Bpos:503.4,Bstd:330.3,StrandBias:-0.4,Multiplicity:1.31
0.001	0.001	0.001	0.997
0.001	0.997	0.001	0.001
0.758	0.223	0.018	0.001
0.774	0.001	0.141	0.084
0.001	0.997	0.001	0.001
0.018	0.139	0.001	0.842
0.441	0.001	0.259	0.299
0.032	0.966	0.001	0.001
>CCCGTGTA	5-CCCGTGTA	8.391237	-8.510209	0	T:7.0(19.44%),B:1328.3(3.44%),P:1e-3	Tpos:619.3,Tstd:324.7,Bpos:505.9,Bstd:335.8,StrandBias:1.8,Multiplicity:1.29
0.001	0.908	0.001	0.090
0.001	0.997	0.001	0.001
0.098	0.900	0.001	0.001
0.001	0.001	0.997	0.001
0.155	0.001	0.001	0.843
0.001	0.001	0.997	0.001
0.001	0.001	0.001	0.997
0.997	0.001	0.001	0.001
