>GATTTTCTTCAC	1-GATTTTCTTCAC	13.132497	-22.640862	0	T:9.0(8.04%),B:124.1(0.31%),P:1e-9	Tpos:464.9,Tstd:217.6,Bpos:523.0,Bstd:329.0,StrandBias:0.3,Multiplicity:1.00
0.073	0.058	0.868	0.001
0.997	0.001	0.001	0.001
0.001	0.001	0.001	0.997
0.001	0.109	0.001	0.889
0.001	0.134	0.162	0.703
0.001	0.140	0.001	0.858
0.001	0.997	0.001	0.001
0.095	0.001	0.001	0.903
0.001	0.001	0.001	0.997
0.001	0.997	0.001	0.001
0.913	0.085	0.001	0.001
0.051	0.947	0.001	0.001
>CCTCGTCGCCGA	2-CCTCGTCGCCGA	11.935078	-22.232370	0	T:7.0(6.25%),B:49.5(0.12%),P:1e-9	Tpos:432.3,Tstd:314.1,Bpos:534.7,Bstd:288.9,StrandBias:1.3,Multiplicity:1.00
0.001	0.775	0.001	0.223
0.223	0.775	0.001	0.001
0.001	0.001	0.253	0.745
0.253	0.745	0.001	0.001
0.001	0.001	0.997	0.001
0.223	0.001	0.001	0.775
0.001	0.745	0.001	0.253
0.001	0.001	0.997	0.001
0.001	0.997	0.001	0.001
0.223	0.775	0.001	0.001
0.001	0.001	0.997	0.001
0.745	0.001	0.253	0.001
>TCTGACGTAGAC	3-TCTGACGTAGAC	14.640156	-20.888298	0	T:4.0(3.57%),B:2.1(0.01%),P:1e-9	Tpos:564.8,Tstd:138.4,Bpos:425.5,Bstd:39.3,StrandBias:-1.6,Multiplicity:1.00
0.001	0.001	0.001	0.997
0.001	0.749	0.001	0.249
0.001	0.001	0.001	0.997
0.001	0.001	0.997	0.001
0.997	0.001	0.001	0.001
0.001	0.997	0.001	0.001
0.001	0.001	0.997	0.001
0.249	0.001	0.001	0.749
0.997	0.001	0.001	0.001
0.001	0.001	0.997	0.001
0.749	0.001	0.001	0.249
0.001	0.997	0.001	0.001
>AAATCCTTATTC	4-AAATCCTTATTC	12.317549	-20.827584	0	T:9.0(8.04%),B:154.6(0.39%),P:1e-9	Tpos:452.7,Tstd:324.8,Bpos:448.6,Bstd:313.0,StrandBias:1.8,Multiplicity:1.00
0.997	0.001	0.001	0.001
0.997	0.001	0.001	0.001
0.840	0.001	0.001	0.158
0.001	0.001	0.001	0.997
0.133	0.865	0.001	0.001
0.121	0.877	0.001	0.001
0.001	0.151	0.001	0.847
0.001	0.001	0.001	0.997
0.997	0.001	0.001	0.001
0.001	0.001	0.001	0.997
0.001	0.001	0.001	0.997
0.001	0.726	0.164	0.109
>GCCATCCGAATC	5-GCCATCCGAATC	15.481624	-20.043149	0	T:4.0(3.57%),B:3.8(0.01%),P:1e-8	Tpos:615.5,Tstd:215.0,Bpos:668.2,Bstd:154.8,StrandBias:-1.6,Multiplicity:1.00
0.001	0.001	0.997	0.001
0.001	0.997	0.001	0.001
0.001	0.997	0.001	0.001
0.997	0.001	0.001	0.001
0.001	0.001	0.001	0.997
0.001	0.997	0.001	0.001
0.001	0.997	0.001	0.001
0.001	0.001	0.997	0.001
0.997	0.001	0.001	0.001
0.997	0.001	0.001	0.001
0.001	0.001	0.001	0.997
0.001	0.672	0.001	0.326
>AGCTTCGTAAAA	6-AGCTTCGTAAAA	13.596537	-19.903255	0	T:6.0(5.36%),B:37.8(0.09%),P:1e-8	Tpos:493.8,Tstd:268.8,Bpos:536.6,Bstd:291.8,StrandBias:-1.0,Multiplicity:1.00
0.997	0.001	0.001	0.001
0.001	0.001	0.997	0.001
0.001	0.997	0.001	0.001
0.001	0.001	0.001	0.997
0.001	0.001	0.001	0.997
0.216	0.647	0.001	0.136
0.001	0.175	0.823	0.001
0.001	0.001	0.114	0.884
0.808	0.001	0.001	0.190
0.997	0.001	0.001	0.001
0.997	0.001	0.001	0.001
0.997	0.001	0.001	0.001
>AAAGACATTTTG	7-AAAGACATTTTG	13.331960	-18.501543	0	T:11.0(9.82%),B:365.0(0.91%),P:1e-8	Tpos:486.0,Tstd:294.2,Bpos:480.7,Bstd:304.4,StrandBias:0.5,Multiplicity:1.09
0.881	0.001	0.117	0.001
0.909	0.001	0.001	0.089
0.997	0.001	0.001	0.001
0.129	0.001	0.869	0.001
0.997	0.001	0.001	0.001
0.001	0.997	0.001	0.001
0.997	0.001	0.001	0.001
0.001	0.001	0.001	0.997
0.001	0.168	0.001	0.830
0.001	0.001	0.147	0.851
0.127	0.001	0.001	0.871
0.108	0.001	0.890	0.001
>TGCCACGCTTTT	8-TGCCACGCTTTT	13.885403	-18.262737	0	T:5.0(4.46%),B:22.7(0.06%),P:1e-7	Tpos:748.2,Tstd:203.4,Bpos:418.6,Bstd:267.5,StrandBias:-1.0,Multiplicity:1.20
0.001	0.001	0.001	0.997
0.001	0.001	0.856	0.142
0.001	0.997	0.001	0.001
0.001	0.997	0.001	0.001
0.782	0.216	0.001	0.001
0.001	0.997	0.001	0.001
0.001	0.001	0.997	0.001
0.001	0.997	0.001	0.001
0.001	0.001	0.001	0.997
0.001	0.001	0.216	0.782
0.001	0.001	0.244	0.754
0.001	0.001	0.001	0.997
>AGCTCTTTGTTG	9-AGCTCTTTGTTG	10.482055	-18.001435	0	T:12.0(10.71%),B:483.4(1.20%),P:1e-7	Tpos:458.3,Tstd:175.1,Bpos:501.1,Bstd:301.8,StrandBias:1.0,Multiplicity:1.00
0.753	0.001	0.001	0.245
0.145	0.001	0.837	0.017
0.005	0.869	0.001	0.125
0.001	0.124	0.129	0.746
0.129	0.863	0.001	0.007
0.156	0.001	0.001	0.842
0.001	0.144	0.001	0.854
0.178	0.119	0.001	0.702
0.001	0.115	0.862	0.022
0.001	0.001	0.156	0.842
0.005	0.001	0.001	0.993
0.005	0.178	0.816	0.001
>AACAAATTTTAG	10-AACAAATTTTAG	10.599379	-17.489391	0	T:26.0(23.21%),B:2711.2(6.75%),P:1e-7	Tpos:445.8,Tstd:245.5,Bpos:500.2,Bstd:308.5,StrandBias:-0.4,Multiplicity:1.20
0.866	0.069	0.032	0.033
0.627	0.041	0.209	0.123
0.275	0.502	0.203	0.020
0.889	0.018	0.020	0.073
0.919	0.015	0.022	0.044
0.694	0.025	0.207	0.074
0.052	0.042	0.021	0.885
0.053	0.042	0.019	0.886
0.091	0.036	0.268	0.605
0.070	0.189	0.265	0.477
0.821	0.051	0.053	0.075
0.224	0.186	0.456	0.134
>TCACTCGAAAAA	11-TCACTCGAAAAA	12.917294	-16.852733	0	T:11.0(9.82%),B:431.9(1.08%),P:1e-7	Tpos:439.2,Tstd:259.0,Bpos:490.7,Bstd:316.3,StrandBias:0.0,Multiplicity:1.09
0.126	0.001	0.001	0.872
0.001	0.823	0.001	0.175
0.921	0.001	0.001	0.077
0.062	0.936	0.001	0.001
0.001	0.001	0.109	0.889
0.085	0.829	0.085	0.001
0.070	0.001	0.816	0.113
0.997	0.001	0.001	0.001
0.997	0.001	0.001	0.001
0.997	0.001	0.001	0.001
0.997	0.001	0.001	0.001
0.997	0.001	0.001	0.001
>AGCCAGTTGAGA	12-AGCCAGTTGAGA	11.758964	-16.817218	0	T:8.0(7.14%),B:175.7(0.44%),P:1e-7	Tpos:530.3,Tstd:255.4,Bpos:529.5,Bstd:325.4,StrandBias:0.3,Multiplicity:1.12
0.997	0.001	0.001	0.001
0.323	0.001	0.552	0.124
0.088	0.479	0.180	0.253
0.094	0.777	0.128	0.001
0.997	0.001	0.001	0.001
0.001	0.001	0.742	0.256
0.001	0.001	0.001	0.997
0.001	0.359	0.001	0.639
0.001	0.001	0.997	0.001
0.991	0.001	0.007	0.001
0.006	0.137	0.856	0.001
0.997	0.001	0.001	0.001
>TCRGAAATTGTT	13-TCRGAAATTGTT	10.022905	-15.983454	0	T:37.0(33.04%),B:5428.7(13.52%),P:1e-6	Tpos:525.2,Tstd:280.9,Bpos:502.7,Bstd:308.1,StrandBias:0.1,Multiplicity:1.22
0.087	0.157	0.001	0.755
0.001	0.686	0.001	0.312
0.432	0.183	0.325	0.060
0.001	0.001	0.997	0.001
0.997	0.001	0.001	0.001
0.919	0.001	0.001	0.079
0.933	0.001	0.001	0.065
0.051	0.059	0.001	0.889
0.001	0.001	0.001	0.997
0.120	0.001	0.643	0.236
0.091	0.253	0.187	0.469
0.001	0.102	0.001	0.896
>ACAAGATTTGGC	14-ACAAGATTTGGC	12.299313	-15.821016	0	T:7.0(6.25%),B:132.6(0.33%),P:1e-6	Tpos:445.5,Tstd:275.8,Bpos:472.0,Bstd:325.6,StrandBias:0.7,Multiplicity:1.14
0.659	0.001	0.339	0.001
0.001	0.782	0.121	0.096
0.997	0.001	0.001	0.001
0.997	0.001	0.001	0.001
0.209	0.161	0.629	0.001
0.997	0.001	0.001	0.001
0.001	0.146	0.001	0.852
0.158	0.001	0.001	0.840
0.001	0.264	0.001	0.734
0.001	0.001	0.997	0.001
0.001	0.001	0.840	0.158
0.001	0.818	0.001	0.180
>CCCACTTTTTTT	15-CCCACTTTTTTT	12.941911	-15.530118	0	T:10.0(8.93%),B:387.3(0.96%),P:1e-6	Tpos:584.5,Tstd:272.8,Bpos:525.4,Bstd:337.5,StrandBias:-0.3,Multiplicity:1.10
0.001	0.935	0.001	0.063
0.001	0.950	0.001	0.048
0.047	0.951	0.001	0.001
0.901	0.097	0.001	0.001
0.045	0.808	0.088	0.059
0.086	0.001	0.001	0.912
0.129	0.001	0.001	0.869
0.001	0.001	0.001	0.997
0.138	0.001	0.001	0.860
0.001	0.001	0.001	0.997
0.001	0.109	0.001	0.889
0.001	0.001	0.001	0.997
>KCTCTCCGAGAG	16-KCTCTCCGAGAG	12.526814	-14.363939	0	T:4.0(3.57%),B:21.0(0.05%),P:1e-6	Tpos:647.3,Tstd:361.1,Bpos:633.2,Bstd:355.4,StrandBias:-0.4,Multiplicity:1.00
0.001	0.193	0.477	0.329
0.170	0.828	0.001	0.001
0.001	0.001	0.001	0.997
0.001	0.997	0.001	0.001
0.001	0.001	0.001	0.997
0.001	0.997	0.001	0.001
0.001	0.657	0.341	0.001
0.001	0.001	0.997	0.001
0.997	0.001	0.001	0.001
0.001	0.001	0.997	0.001
0.805	0.001	0.193	0.001
0.001	0.001	0.828	0.170
>CGAGTGCTCATA	17-CGAGTGCTCATA	7.369715	-14.171614	0	T:31.0(27.68%),B:4352.2(10.84%),P:1e-6	Tpos:500.9,Tstd:292.0,Bpos:503.3,Bstd:308.3,StrandBias:0.0,Multiplicity:1.23
0.195	0.604	0.110	0.091
0.109	0.018	0.711	0.162
0.794	0.018	0.129	0.059
0.160	0.057	0.648	0.135
0.121	0.089	0.001	0.789
0.029	0.040	0.793	0.138
0.093	0.745	0.077	0.085
0.185	0.036	0.056	0.723
0.047	0.795	0.079	0.079
0.801	0.111	0.001	0.087
0.066	0.035	0.065	0.834
0.765	0.066	0.099	0.070
>GTTTTAATTAAA	18-GTTTTAATTAAA	13.054338	-13.895489	0	T:12.0(10.71%),B:714.3(1.78%),P:1e-6	Tpos:470.7,Tstd:254.0,Bpos:495.3,Bstd:302.8,StrandBias:-0.5,Multiplicity:1.00
0.001	0.001	0.867	0.131
0.001	0.001	0.141	0.857
0.001	0.001	0.001	0.997
0.001	0.001	0.001	0.997
0.001	0.072	0.086	0.841
0.758	0.001	0.099	0.142
0.926	0.001	0.001	0.072
0.001	0.001	0.001	0.997
0.072	0.001	0.001	0.926
0.895	0.103	0.001	0.001
0.997	0.001	0.001	0.001
0.997	0.001	0.001	0.001
>AGTATGTGTACA	19-AGTATGTGTACA	10.153923	-12.223916	0	T:11.0(9.82%),B:698.7(1.74%),P:1e-5	Tpos:373.5,Tstd:256.6,Bpos:495.1,Bstd:305.6,StrandBias:0.4,Multiplicity:1.18
0.595	0.204	0.001	0.200
0.161	0.097	0.739	0.003
0.001	0.001	0.001	0.997
0.680	0.097	0.118	0.105
0.118	0.133	0.001	0.748
0.199	0.001	0.729	0.071
0.002	0.001	0.001	0.996
0.001	0.001	0.897	0.101
0.001	0.101	0.001	0.897
0.997	0.001	0.001	0.001
0.060	0.842	0.001	0.097
0.902	0.096	0.001	0.001
>GAATCAATTATT	20-GAATCAATTATT	10.053813	-11.541087	0	T:24.0(21.43%),B:3253.7(8.10%),P:1e-5	Tpos:545.9,Tstd:308.5,Bpos:510.2,Bstd:306.4,StrandBias:0.6,Multiplicity:1.25
0.073	0.031	0.795	0.101
0.811	0.086	0.001	0.102
0.985	0.001	0.001	0.013
0.167	0.031	0.038	0.764
0.045	0.714	0.091	0.150
0.809	0.001	0.132	0.058
0.888	0.001	0.110	0.001
0.088	0.106	0.001	0.805
0.106	0.001	0.001	0.892
0.757	0.238	0.003	0.002
0.038	0.122	0.002	0.838
0.072	0.001	0.001	0.926
>TCTGCGAATCTA	21-TCTGCGAATCTA	14.381916	-10.836694	0	T:3.0(2.68%),B:16.1(0.04%),P:1e-4	Tpos:525.5,Tstd:101.9,Bpos:553.5,Bstd:306.2,StrandBias:-2.3,Multiplicity:2.00
0.001	0.001	0.001	0.997
0.001	0.798	0.001	0.200
0.001	0.001	0.001	0.997
0.001	0.001	0.997	0.001
0.001	0.997	0.001	0.001
0.001	0.215	0.783	0.001
0.997	0.001	0.001	0.001
0.997	0.001	0.001	0.001
0.001	0.001	0.001	0.997
0.001	0.997	0.001	0.001
0.001	0.309	0.001	0.689
0.997	0.001	0.001	0.001
>TTCAATTTTTGT	22-TTCAATTTTTGT	13.568854	-10.830800	0	T:9.0(8.04%),B:526.2(1.31%),P:1e-4	Tpos:513.5,Tstd:300.1,Bpos:469.2,Bstd:304.4,StrandBias:2.3,Multiplicity:1.33
0.001	0.001	0.001	0.997
0.001	0.001	0.079	0.919
0.001	0.997	0.001	0.001
0.907	0.001	0.001	0.091
0.997	0.001	0.001	0.001
0.001	0.001	0.001	0.997
0.001	0.001	0.001	0.997
0.152	0.001	0.001	0.846
0.130	0.001	0.001	0.868
0.094	0.001	0.001	0.904
0.001	0.001	0.997	0.001
0.001	0.001	0.001	0.997
>CGAAAAATAGAT	23-CGAAAAATAGAT	12.355432	-4.469146	0	T:2.0(1.79%),B:56.6(0.14%),P:1e-1	Tpos:352.6,Tstd:195.2,Bpos:433.2,Bstd:247.3,StrandBias:10.0,Multiplicity:18.50
0.100	0.700	0.100	0.100
0.100	0.100	0.700	0.100
0.700	0.100	0.100	0.100
0.700	0.100	0.100	0.100
0.700	0.100	0.100	0.100
0.700	0.100	0.100	0.100
0.700	0.100	0.100	0.100
0.100	0.100	0.100	0.700
0.700	0.100	0.100	0.100
0.100	0.100	0.700	0.100
0.700	0.100	0.100	0.100
0.100	0.100	0.100	0.700
>TRTAGATTTACG	24-TRTAGATTTACG	11.391553	-3.908009	0	T:4.0(3.57%),B:366.3(0.91%),P:1e-1	Tpos:423.6,Tstd:165.8,Bpos:560.5,Bstd:337.6,StrandBias:-3.9,Multiplicity:4.00
0.001	0.001	0.001	0.997
0.428	0.001	0.570	0.001
0.200	0.001	0.001	0.798
0.631	0.001	0.367	0.001
0.001	0.001	0.997	0.001
0.771	0.001	0.001	0.227
0.304	0.001	0.001	0.694
0.012	0.001	0.001	0.986
0.227	0.001	0.001	0.771
0.771	0.001	0.227	0.001
0.001	0.761	0.237	0.001
0.001	0.001	0.821	0.177
