>AGAGCCCC	1-AGAGCCCC	7.791935	-10.559553	0	T:17.0(15.18%),B:1921.1(4.79%),P:1e-4	Tpos:493.6,Tstd:247.9,Bpos:519.6,Bstd:329.5,StrandBias:-0.1,Multiplicity:1.24
0.708	0.001	0.273	0.018
0.001	0.017	0.664	0.318
0.897	0.001	0.001	0.101
0.001	0.001	0.980	0.018
0.001	0.997	0.001	0.001
0.185	0.782	0.001	0.032
0.001	0.997	0.001	0.001
0.001	0.883	0.001	0.115
>TCGGAAAT	2-TCGGAAAT	8.480129	-10.189916	0	T:34.0(30.36%),B:6087.3(15.16%),P:1e-4	Tpos:381.2,Tstd:265.5,Bpos:501.4,Bstd:314.0,StrandBias:-0.1,Multiplicity:1.24
0.001	0.386	0.001	0.612
0.001	0.997	0.001	0.001
0.001	0.001	0.997	0.001
0.001	0.212	0.786	0.001
0.997	0.001	0.001	0.001
0.997	0.001	0.001	0.001
0.997	0.001	0.001	0.001
0.001	0.086	0.001	0.912
>GTCGAAAT	3-GTCGAAAT	7.529731	-6.263804	0	T:47.0(41.96%),B:11535.4(28.73%),P:1e-2	Tpos:541.7,Tstd:281.2,Bpos:504.4,Bstd:317.6,StrandBias:0.1,Multiplicity:1.28
0.001	0.001	0.812	0.186
0.145	0.001	0.001	0.853
0.001	0.997	0.001	0.001
0.001	0.001	0.997	0.001
0.997	0.001	0.001	0.001
0.520	0.053	0.165	0.262
0.754	0.198	0.047	0.001
0.001	0.033	0.051	0.915
>ATAGATTG	4-ATAGATTG	6.291044	-2.587060	0	T:76.0(67.86%),B:24411.3(60.81%),P:1e-1	Tpos:476.3,Tstd:274.1,Bpos:502.0,Bstd:306.8,StrandBias:0.5,Multiplicity:1.92
0.700	0.100	0.100	0.100
0.100	0.100	0.100	0.700
0.700	0.100	0.100	0.100
0.100	0.100	0.700	0.100
0.700	0.100	0.100	0.100
0.100	0.100	0.100	0.700
0.100	0.100	0.100	0.700
0.100	0.100	0.700	0.100
>TTCGTGTA	5-TTCGTGTA	4.345134	-0.443858	0	T:112.0(100.00%),B:39985.2(99.60%),P:1e0	Tpos:504.9,Tstd:281.8,Bpos:508.7,Bstd:310.7,StrandBias:0.1,Multiplicity:8.25
0.100	0.100	0.100	0.700
0.100	0.100	0.100	0.700
0.100	0.700	0.100	0.100
0.100	0.100	0.700	0.100
0.100	0.100	0.100	0.700
0.100	0.100	0.700	0.100
0.100	0.100	0.100	0.700
0.700	0.100	0.100	0.100
