>AAAATGAGGGAA	16-TTCCCTCATTTT	9.314434	-6.029122	0	T:7.0(14.89%),B:1454.8(3.96%),P:1e-2
0.728	0.068	0.078	0.126
0.516	0.170	0.096	0.218
0.645	0.136	0.136	0.083
0.702	0.102	0.068	0.128
0.145	0.102	0.144	0.609
0.155	0.154	0.582	0.109
0.691	0.102	0.108	0.099
0.120	0.026	0.784	0.070
0.136	0.118	0.623	0.123
0.181	0.014	0.651	0.154
0.825	0.046	0.017	0.112
0.648	0.102	0.129	0.121
