>TGATTTCCTT	1-TGATTTCCTT	9.481657	-21.699257	0	T:28.0(30.77%),B:3029.3(8.08%),P:1e-9	Tpos:537.6,Tstd:294.7,Bpos:519.8,Bstd:333.7,StrandBias:0.8,Multiplicity:1.07
0.044	0.040	0.001	0.915
0.024	0.020	0.955	0.001
0.834	0.054	0.058	0.054
0.035	0.001	0.001	0.963
0.001	0.059	0.001	0.939
0.001	0.001	0.001	0.997
0.050	0.730	0.001	0.219
0.001	0.954	0.044	0.001
0.034	0.001	0.116	0.849
0.063	0.050	0.001	0.886
>TCACGACGTC	2-TCACGACGTC	10.644500	-21.174248	0	T:10.0(10.99%),B:243.0(0.65%),P:1e-9	Tpos:373.8,Tstd:251.1,Bpos:476.6,Bstd:350.8,StrandBias:1.2,Multiplicity:1.00
0.001	0.001	0.001	0.997
0.001	0.997	0.001	0.001
0.997	0.001	0.001	0.001
0.001	0.904	0.001	0.094
0.001	0.001	0.845	0.153
0.870	0.128	0.001	0.001
0.001	0.886	0.001	0.112
0.001	0.001	0.756	0.242
0.123	0.001	0.001	0.875
0.001	0.997	0.001	0.001
>GAAAACGACG	3-GAAAACGACG	9.763217	-20.365380	0	T:20.0(21.98%),B:1594.0(4.25%),P:1e-8	Tpos:474.9,Tstd:235.0,Bpos:519.5,Bstd:349.3,StrandBias:0.3,Multiplicity:1.10
0.023	0.043	0.867	0.067
0.997	0.001	0.001	0.001
0.870	0.055	0.074	0.001
0.838	0.001	0.160	0.001
0.942	0.056	0.001	0.001
0.026	0.972	0.001	0.001
0.034	0.001	0.922	0.043
0.872	0.071	0.056	0.001
0.022	0.831	0.079	0.068
0.033	0.001	0.922	0.044
>TCGGGCCTGA	4-TCGGGCCTGA	10.544936	-19.925839	0	T:8.0(8.79%),B:134.4(0.36%),P:1e-8	Tpos:580.2,Tstd:306.5,Bpos:514.9,Bstd:380.5,StrandBias:-0.3,Multiplicity:1.12
0.001	0.198	0.001	0.800
0.001	0.997	0.001	0.001
0.001	0.001	0.997	0.001
0.318	0.001	0.680	0.001
0.001	0.001	0.997	0.001
0.001	0.830	0.001	0.168
0.001	0.863	0.001	0.135
0.001	0.001	0.001	0.997
0.001	0.001	0.997	0.001
0.997	0.001	0.001	0.001
>CTTACTTCGA	5-CTTACTTCGA	10.173968	-17.935246	0	T:10.0(10.99%),B:345.5(0.92%),P:1e-7	Tpos:317.1,Tstd:294.6,Bpos:484.6,Bstd:320.1,StrandBias:2.0,Multiplicity:1.00
0.001	0.935	0.001	0.063
0.001	0.001	0.001	0.997
0.001	0.001	0.001	0.997
0.789	0.075	0.090	0.046
0.001	0.810	0.136	0.053
0.103	0.001	0.001	0.895
0.001	0.129	0.001	0.869
0.001	0.899	0.099	0.001
0.001	0.001	0.997	0.001
0.896	0.001	0.001	0.102
>CTCATAATAA	6-CTCATAATAA	9.331025	-17.810503	0	T:22.0(24.18%),B:2259.8(6.03%),P:1e-7	Tpos:492.4,Tstd:292.7,Bpos:502.8,Bstd:306.5,StrandBias:0.7,Multiplicity:1.09
0.012	0.778	0.115	0.095
0.017	0.002	0.001	0.980
0.035	0.724	0.001	0.240
0.806	0.001	0.001	0.192
0.001	0.149	0.183	0.667
0.996	0.001	0.001	0.002
0.981	0.001	0.017	0.001
0.001	0.001	0.023	0.975
0.897	0.023	0.009	0.071
0.868	0.001	0.003	0.128
>GAATCBCGTT	7-GAATCBCGTT	8.420431	-17.274254	0	T:21.0(23.08%),B:2121.0(5.66%),P:1e-7	Tpos:521.6,Tstd:268.7,Bpos:487.9,Bstd:323.3,StrandBias:-0.2,Multiplicity:1.20
0.001	0.201	0.797	0.001
0.897	0.008	0.094	0.001
0.702	0.001	0.164	0.133
0.266	0.001	0.001	0.732
0.003	0.841	0.001	0.155
0.068	0.350	0.325	0.257
0.288	0.581	0.004	0.127
0.001	0.084	0.836	0.079
0.068	0.001	0.001	0.930
0.260	0.097	0.006	0.637
>GGTGCGGGAC	8-GGTGCGGGAC	8.713847	-14.462079	0	T:9.0(9.89%),B:386.5(1.03%),P:1e-6	Tpos:626.3,Tstd:192.0,Bpos:521.7,Bstd:313.2,StrandBias:-0.3,Multiplicity:1.22
0.062	0.086	0.532	0.320
0.001	0.084	0.757	0.158
0.001	0.001	0.067	0.931
0.049	0.174	0.707	0.070
0.001	0.772	0.001	0.226
0.001	0.057	0.856	0.086
0.001	0.085	0.913	0.001
0.156	0.054	0.676	0.114
0.994	0.001	0.001	0.004
0.001	0.884	0.114	0.001
>TTCGAGGGCT	9-TTCGAGGGCT	10.274909	-14.378343	0	T:9.0(9.89%),B:390.7(1.04%),P:1e-6	Tpos:402.5,Tstd:170.1,Bpos:433.9,Bstd:342.9,StrandBias:-0.6,Multiplicity:1.11
0.001	0.001	0.001	0.997
0.001	0.001	0.001	0.997
0.001	0.997	0.001	0.001
0.112	0.001	0.886	0.001
0.997	0.001	0.001	0.001
0.112	0.107	0.707	0.074
0.068	0.001	0.930	0.001
0.001	0.118	0.880	0.001
0.001	0.915	0.001	0.083
0.001	0.182	0.001	0.816
>TGCAAGAGAT	10-TGCAAGAGAT	9.772316	-14.095861	0	T:13.0(14.29%),B:974.5(2.60%),P:1e-6	Tpos:463.0,Tstd:222.3,Bpos:495.8,Bstd:323.6,StrandBias:-0.2,Multiplicity:1.31
0.278	0.001	0.001	0.720
0.001	0.001	0.997	0.001
0.001	0.679	0.319	0.001
0.749	0.249	0.001	0.001
0.751	0.136	0.112	0.001
0.001	0.001	0.997	0.001
0.840	0.001	0.001	0.158
0.034	0.001	0.964	0.001
0.997	0.001	0.001	0.001
0.001	0.107	0.001	0.891
>ATTCCTGCTG	11-ATTCCTGCTG	10.201156	-13.765437	0	T:10.0(10.99%),B:548.3(1.46%),P:1e-5	Tpos:396.6,Tstd:139.5,Bpos:501.3,Bstd:311.3,StrandBias:0.0,Multiplicity:1.10
0.870	0.001	0.128	0.001
0.001	0.001	0.001	0.997
0.001	0.001	0.001	0.997
0.001	0.917	0.081	0.001
0.114	0.884	0.001	0.001
0.335	0.001	0.001	0.663
0.001	0.001	0.997	0.001
0.001	0.867	0.131	0.001
0.158	0.001	0.115	0.726
0.001	0.001	0.997	0.001
>GCTATGGTCT	12-GCTATGGTCT	11.713563	-13.722342	0	T:4.0(4.40%),B:28.6(0.08%),P:1e-5	Tpos:590.6,Tstd:270.9,Bpos:430.5,Bstd:214.2,StrandBias:2.0,Multiplicity:1.25
0.001	0.001	0.997	0.001
0.001	0.997	0.001	0.001
0.001	0.001	0.001	0.997
0.834	0.001	0.001	0.164
0.001	0.001	0.001	0.997
0.001	0.001	0.997	0.001
0.001	0.001	0.997	0.001
0.001	0.001	0.270	0.728
0.001	0.997	0.001	0.001
0.001	0.001	0.001	0.997
>MGCTCGCTTT	13-MGCTCGCTTT	9.252717	-12.469458	0	T:12.0(13.19%),B:955.8(2.55%),P:1e-5	Tpos:543.9,Tstd:284.8,Bpos:524.9,Bstd:342.3,StrandBias:0.4,Multiplicity:1.17
0.541	0.457	0.001	0.001
0.001	0.001	0.914	0.084
0.001	0.549	0.270	0.180
0.001	0.001	0.351	0.647
0.001	0.997	0.001	0.001
0.001	0.001	0.997	0.001
0.001	0.892	0.001	0.106
0.001	0.001	0.001	0.997
0.001	0.001	0.001	0.997
0.001	0.001	0.001	0.997
>TAACCTAAAA	14-TAACCTAAAA	11.553650	-11.705852	0	T:12.0(13.19%),B:1031.5(2.75%),P:1e-5	Tpos:590.8,Tstd:295.1,Bpos:512.2,Bstd:321.8,StrandBias:0.2,Multiplicity:1.08
0.164	0.001	0.001	0.834
0.997	0.001	0.001	0.001
0.997	0.001	0.001	0.001
0.001	0.997	0.001	0.001
0.122	0.876	0.001	0.001
0.001	0.001	0.001	0.997
0.997	0.001	0.001	0.001
0.997	0.001	0.001	0.001
0.997	0.001	0.001	0.001
0.997	0.001	0.001	0.001
>TCTCGGTCGT	15-TCTCGGTCGT	7.216011	-11.681902	0	T:21.0(23.08%),B:2999.2(8.00%),P:1e-5	Tpos:480.1,Tstd:268.1,Bpos:495.6,Bstd:338.9,StrandBias:0.3,Multiplicity:1.10
0.001	0.252	0.086	0.661
0.126	0.822	0.007	0.045
0.001	0.081	0.056	0.862
0.109	0.850	0.040	0.001
0.002	0.008	0.983	0.007
0.130	0.062	0.755	0.053
0.035	0.001	0.001	0.963
0.129	0.819	0.051	0.001
0.127	0.002	0.676	0.195
0.064	0.099	0.230	0.607
>TCGCAAAATC	16-TCGCAAAATC	13.356952	-11.184501	0	T:5.0(5.49%),B:120.5(0.32%),P:1e-4	Tpos:368.8,Tstd:329.2,Bpos:455.7,Bstd:293.2,StrandBias:-0.6,Multiplicity:1.00
0.001	0.001	0.124	0.874
0.001	0.997	0.001	0.001
0.001	0.001	0.997	0.001
0.175	0.823	0.001	0.001
0.856	0.001	0.142	0.001
0.997	0.001	0.001	0.001
0.997	0.001	0.001	0.001
0.997	0.001	0.001	0.001
0.001	0.001	0.001	0.997
0.001	0.997	0.001	0.001
>AGCGAAAAWA	17-AGCGAAAAWA	9.201396	-10.412849	0	T:31.0(34.07%),B:6138.5(16.37%),P:1e-4	Tpos:539.6,Tstd:307.8,Bpos:531.4,Bstd:333.7,StrandBias:-0.9,Multiplicity:1.23
0.849	0.032	0.096	0.023
0.124	0.003	0.677	0.196
0.105	0.746	0.029	0.120
0.024	0.023	0.909	0.044
0.917	0.001	0.081	0.001
0.795	0.001	0.175	0.029
0.997	0.001	0.001	0.001
0.885	0.044	0.001	0.070
0.248	0.229	0.138	0.385
0.866	0.037	0.001	0.096
