>GGATCKRTCSAK	1-GGATCKRTCSAK	9.995445	-24.533759	0	T:6.0(6.59%),B:18.1(0.05%),P:1e-10	Tpos:414.0,Tstd:281.9,Bpos:402.2,Bstd:327.3,StrandBias:0.4,Multiplicity:1.00
0.017	0.001	0.981	0.001
0.001	0.001	0.981	0.017
0.997	0.001	0.001	0.001
0.001	0.001	0.001	0.997
0.001	0.997	0.001	0.001
0.001	0.001	0.498	0.500
0.511	0.001	0.487	0.001
0.001	0.001	0.001	0.997
0.001	0.997	0.001	0.001
0.001	0.567	0.431	0.001
0.997	0.001	0.001	0.001
0.001	0.001	0.553	0.445
>TAATGAACMCTC	2-TAATGAACMCTC	13.327659	-24.213930	0	T:7.0(7.69%),B:42.2(0.11%),P:1e-10	Tpos:483.8,Tstd:268.1,Bpos:539.2,Bstd:344.4,StrandBias:0.0,Multiplicity:1.00
0.001	0.257	0.001	0.741
0.997	0.001	0.001	0.001
0.997	0.001	0.001	0.001
0.001	0.001	0.001	0.997
0.001	0.001	0.997	0.001
0.997	0.001	0.001	0.001
0.997	0.001	0.001	0.001
0.001	0.761	0.001	0.237
0.454	0.544	0.001	0.001
0.257	0.741	0.001	0.001
0.001	0.001	0.001	0.997
0.001	0.801	0.001	0.197
>GTTTTTAGGTTA	3-GTTTTTAGGTTA	13.661337	-23.793651	0	T:9.0(9.89%),B:126.7(0.34%),P:1e-10	Tpos:577.0,Tstd:318.7,Bpos:477.8,Bstd:322.0,StrandBias:-0.3,Multiplicity:1.00
0.239	0.169	0.591	0.001
0.157	0.001	0.001	0.841
0.001	0.001	0.001	0.997
0.001	0.001	0.001	0.997
0.001	0.001	0.001	0.997
0.001	0.001	0.001	0.997
0.997	0.001	0.001	0.001
0.001	0.001	0.856	0.142
0.123	0.001	0.875	0.001
0.001	0.001	0.001	0.997
0.001	0.001	0.001	0.997
0.997	0.001	0.001	0.001
>ACTTTCGAGGGC	4-ACTTTCGAGGGC	11.732007	-21.417001	0	T:7.0(7.69%),B:65.2(0.17%),P:1e-9	Tpos:317.4,Tstd:141.9,Bpos:448.9,Bstd:298.5,StrandBias:-0.4,Multiplicity:1.00
0.681	0.001	0.001	0.317
0.311	0.511	0.177	0.001
0.001	0.176	0.001	0.822
0.001	0.001	0.001	0.997
0.001	0.001	0.001	0.997
0.001	0.997	0.001	0.001
0.153	0.001	0.845	0.001
0.852	0.146	0.001	0.001
0.001	0.007	0.991	0.001
0.147	0.177	0.675	0.001
0.001	0.323	0.675	0.001
0.008	0.982	0.009	0.001
>TATCGAATGGAA	5-TATCGAATGGAA	12.719167	-21.200456	0	T:8.0(8.79%),B:113.9(0.30%),P:1e-9	Tpos:491.6,Tstd:301.1,Bpos:543.8,Bstd:362.1,StrandBias:0.0,Multiplicity:1.00
0.001	0.239	0.001	0.759
0.869	0.001	0.001	0.129
0.001	0.001	0.251	0.747
0.001	0.830	0.001	0.168
0.001	0.001	0.997	0.001
0.997	0.001	0.001	0.001
0.997	0.001	0.001	0.001
0.001	0.001	0.001	0.997
0.001	0.001	0.997	0.001
0.001	0.001	0.997	0.001
0.997	0.001	0.001	0.001
0.997	0.001	0.001	0.001
>AAGTCGCTATTG	6-AAGTCGCTATTG	14.519302	-20.610852	0	T:4.0(4.40%),B:3.4(0.01%),P:1e-8	Tpos:434.2,Tstd:207.4,Bpos:312.1,Bstd:162.0,StrandBias:-1.6,Multiplicity:1.00
0.997	0.001	0.001	0.001
0.997	0.001	0.001	0.001
0.001	0.001	0.997	0.001
0.001	0.001	0.001	0.997
0.001	0.997	0.001	0.001
0.001	0.001	0.997	0.001
0.001	0.485	0.257	0.257
0.001	0.001	0.001	0.997
0.997	0.001	0.001	0.001
0.001	0.001	0.001	0.997
0.001	0.001	0.001	0.997
0.001	0.256	0.742	0.001
>CTTCWTCACCAC	7-CTTCWTCACCAC	12.750082	-19.907531	0	T:7.0(7.69%),B:82.6(0.22%),P:1e-8	Tpos:411.7,Tstd:190.1,Bpos:429.9,Bstd:288.9,StrandBias:-0.4,Multiplicity:1.00
0.001	0.772	0.001	0.226
0.275	0.001	0.252	0.472
0.001	0.001	0.001	0.997
0.001	0.997	0.001	0.001
0.526	0.001	0.043	0.430
0.001	0.001	0.001	0.997
0.001	0.997	0.001	0.001
0.997	0.001	0.001	0.001
0.001	0.997	0.001	0.001
0.043	0.683	0.273	0.001
0.997	0.001	0.001	0.001
0.043	0.760	0.196	0.001
>GCCGGCCGTTAA	8-GCCGGCCGTTAA	8.937680	-19.376192	0	T:10.0(10.99%),B:296.0(0.79%),P:1e-8	Tpos:428.4,Tstd:116.4,Bpos:471.1,Bstd:290.0,StrandBias:0.0,Multiplicity:1.00
0.122	0.059	0.693	0.126
0.001	0.600	0.097	0.302
0.126	0.671	0.001	0.202
0.070	0.001	0.682	0.247
0.104	0.001	0.894	0.001
0.001	0.951	0.001	0.047
0.059	0.720	0.118	0.103
0.059	0.001	0.792	0.148
0.126	0.067	0.067	0.740
0.055	0.067	0.226	0.652
0.761	0.001	0.059	0.179
0.865	0.067	0.001	0.067
>TCCCTTCAGGTA	9-TCCCTTCAGGTA	14.640156	-18.824652	0	T:4.0(4.40%),B:6.2(0.02%),P:1e-8	Tpos:371.8,Tstd:178.0,Bpos:514.4,Bstd:239.0,StrandBias:0.0,Multiplicity:1.00
0.001	0.001	0.001	0.997
0.001	0.749	0.001	0.249
0.001	0.997	0.001	0.001
0.001	0.997	0.001	0.001
0.001	0.001	0.001	0.997
0.001	0.001	0.001	0.997
0.001	0.997	0.001	0.001
0.997	0.001	0.001	0.001
0.249	0.001	0.749	0.001
0.001	0.001	0.997	0.001
0.001	0.001	0.001	0.997
0.749	0.001	0.001	0.249
>GCAGGTATATCG	10-GCAGGTATATCG	11.509344	-18.461571	0	T:8.0(8.79%),B:163.0(0.43%),P:1e-8	Tpos:444.7,Tstd:324.8,Bpos:465.1,Bstd:294.1,StrandBias:0.3,Multiplicity:1.12
0.001	0.001	0.997	0.001
0.216	0.491	0.292	0.001
0.997	0.001	0.001	0.001
0.001	0.001	0.997	0.001
0.241	0.001	0.757	0.001
0.206	0.001	0.001	0.792
0.782	0.001	0.001	0.216
0.241	0.001	0.001	0.757
0.997	0.001	0.001	0.001
0.001	0.013	0.001	0.985
0.001	0.694	0.001	0.304
0.001	0.001	0.804	0.194
>CTTCTTCTCGCT	11-CTTCTTCTCGCT	10.563844	-18.250587	0	T:16.0(17.58%),B:1109.6(2.96%),P:1e-7	Tpos:393.2,Tstd:243.7,Bpos:523.2,Bstd:349.5,StrandBias:-0.2,Multiplicity:1.06
0.001	0.904	0.093	0.002
0.001	0.001	0.228	0.770
0.001	0.001	0.095	0.903
0.130	0.692	0.097	0.081
0.001	0.001	0.001	0.997
0.001	0.150	0.001	0.848
0.001	0.791	0.125	0.083
0.001	0.001	0.001	0.997
0.068	0.798	0.001	0.133
0.039	0.114	0.818	0.029
0.216	0.560	0.001	0.223
0.001	0.061	0.001	0.937
>CTCAAGTTGGTC	12-CTCAAGTTGGTC	13.756185	-16.409874	0	T:4.0(4.40%),B:13.1(0.04%),P:1e-7	Tpos:470.2,Tstd:193.0,Bpos:601.7,Bstd:284.6,StrandBias:-0.6,Multiplicity:1.25
0.001	0.864	0.001	0.134
0.001	0.001	0.001	0.997
0.001	0.997	0.001	0.001
0.997	0.001	0.001	0.001
0.555	0.222	0.001	0.222
0.001	0.001	0.997	0.001
0.001	0.001	0.001	0.997
0.001	0.001	0.001	0.997
0.001	0.001	0.997	0.001
0.001	0.001	0.997	0.001
0.222	0.001	0.001	0.776
0.001	0.997	0.001	0.001
>TTCTGCAAATCT	13-TTCTGCAAATCT	13.562508	-15.622076	0	T:7.0(7.69%),B:158.7(0.42%),P:1e-6	Tpos:583.6,Tstd:243.1,Bpos:488.6,Bstd:322.3,StrandBias:0.0,Multiplicity:1.14
0.001	0.001	0.001	0.997
0.001	0.001	0.001	0.997
0.001	0.997	0.001	0.001
0.001	0.001	0.001	0.997
0.001	0.120	0.878	0.001
0.067	0.777	0.001	0.155
0.997	0.001	0.001	0.001
0.997	0.001	0.001	0.001
0.866	0.001	0.001	0.132
0.109	0.001	0.001	0.889
0.001	0.931	0.001	0.067
0.001	0.001	0.212	0.786
>TCGACTCGATAT	14-TCGACTCGATAT	14.161912	-13.471669	0	T:4.0(4.40%),B:30.8(0.08%),P:1e-5	Tpos:295.0,Tstd:256.6,Bpos:505.0,Bstd:266.8,StrandBias:0.6,Multiplicity:1.00
0.001	0.001	0.001	0.997
0.001	0.997	0.001	0.001
0.180	0.001	0.818	0.001
0.997	0.001	0.001	0.001
0.001	0.638	0.194	0.167
0.001	0.001	0.001	0.997
0.001	0.997	0.001	0.001
0.001	0.244	0.754	0.001
0.997	0.001	0.001	0.001
0.001	0.001	0.001	0.997
0.997	0.001	0.001	0.001
0.001	0.001	0.001	0.997
>TGCAAAAGTGCG	15-TGCAAAAGTGCG	10.755123	-12.674945	0	T:9.0(9.89%),B:482.2(1.29%),P:1e-5	Tpos:434.1,Tstd:327.4,Bpos:487.4,Bstd:339.1,StrandBias:0.3,Multiplicity:1.22
0.001	0.001	0.094	0.904
0.131	0.070	0.798	0.001
0.001	0.928	0.070	0.001
0.997	0.001	0.001	0.001
0.997	0.001	0.001	0.001
0.850	0.001	0.001	0.148
0.850	0.001	0.148	0.001
0.070	0.001	0.854	0.075
0.121	0.131	0.001	0.747
0.001	0.131	0.747	0.121
0.296	0.702	0.001	0.001
0.001	0.131	0.662	0.206
>GATCACTTTTTT	16-GATCACTTTTTT	9.764539	-12.336073	0	T:18.0(19.78%),B:2170.5(5.79%),P:1e-5	Tpos:400.5,Tstd:245.2,Bpos:518.1,Bstd:327.4,StrandBias:0.9,Multiplicity:1.11
0.001	0.402	0.596	0.001
0.997	0.001	0.001	0.001
0.112	0.001	0.172	0.715
0.001	0.984	0.001	0.014
0.699	0.001	0.181	0.119
0.001	0.997	0.001	0.001
0.055	0.076	0.001	0.868
0.001	0.001	0.111	0.887
0.001	0.081	0.001	0.917
0.001	0.118	0.001	0.880
0.001	0.180	0.205	0.614
0.213	0.001	0.001	0.785
>TAGCATACCATA	17-TAGCATACCATA	11.809827	-11.302466	0	T:4.0(4.40%),B:54.2(0.14%),P:1e-4	Tpos:512.4,Tstd:235.3,Bpos:465.6,Bstd:276.6,StrandBias:-2.0,Multiplicity:1.25
0.001	0.001	0.001	0.997
0.843	0.001	0.001	0.155
0.001	0.001	0.633	0.365
0.001	0.778	0.001	0.220
0.997	0.001	0.001	0.001
0.001	0.221	0.014	0.764
0.633	0.221	0.145	0.001
0.001	0.997	0.001	0.001
0.001	0.778	0.001	0.220
0.778	0.220	0.001	0.001
0.001	0.001	0.155	0.843
0.988	0.001	0.010	0.001
>TTTTDGCAGAAC	18-TTTTDGCAGAAC	10.411390	-8.671154	0	T:11.0(12.09%),B:1204.6(3.21%),P:1e-3	Tpos:553.6,Tstd:320.6,Bpos:538.6,Bstd:331.8,StrandBias:-0.7,Multiplicity:1.45
0.415	0.001	0.004	0.580
0.001	0.001	0.001	0.997
0.317	0.001	0.001	0.681
0.001	0.001	0.001	0.997
0.381	0.001	0.263	0.355
0.001	0.196	0.645	0.158
0.046	0.952	0.001	0.001
0.997	0.001	0.001	0.001
0.001	0.001	0.996	0.002
0.997	0.001	0.001	0.001
0.632	0.366	0.001	0.001
0.001	0.997	0.001	0.001
