>GAGAAAACGC	1-GAGAAAACGC	10.755014	-17.019799	0	T:9.0(37.50%),B:1165.3(3.31%),P:1e-7	Tpos:606.1,Tstd:268.5,Bpos:534.3,Bstd:389.7,StrandBias:-0.6,Multiplicity:1.11
0.001	0.116	0.882	0.001
0.997	0.001	0.001	0.001
0.001	0.001	0.997	0.001
0.997	0.001	0.001	0.001
0.997	0.001	0.001	0.001
0.997	0.001	0.001	0.001
0.842	0.001	0.001	0.156
0.218	0.697	0.001	0.084
0.001	0.001	0.899	0.099
0.079	0.809	0.001	0.111
>CTCTGTATAC	2-CTCTGTATAC	11.063128	-13.401264	0	T:4.0(16.67%),B:121.3(0.34%),P:1e-5	Tpos:364.0,Tstd:281.6,Bpos:492.6,Bstd:323.0,StrandBias:0.6,Multiplicity:1.00
0.001	0.997	0.001	0.001
0.167	0.001	0.238	0.594
0.001	0.997	0.001	0.001
0.001	0.001	0.001	0.997
0.001	0.001	0.997	0.001
0.125	0.001	0.001	0.873
0.841	0.001	0.001	0.157
0.001	0.001	0.001	0.997
0.856	0.001	0.001	0.142
0.001	0.997	0.001	0.001
>GAAAAGGCGA	3-GAAAAGGCGA	8.190287	-12.928876	0	T:8.0(33.33%),B:1385.7(3.93%),P:1e-5	Tpos:430.3,Tstd:273.9,Bpos:551.9,Bstd:388.7,StrandBias:1.2,Multiplicity:1.43
0.001	0.001	0.846	0.152
0.846	0.001	0.001	0.152
0.997	0.001	0.001	0.001
0.997	0.001	0.001	0.001
0.997	0.001	0.001	0.001
0.001	0.001	0.997	0.001
0.001	0.001	0.997	0.001
0.001	0.997	0.001	0.001
0.001	0.001	0.997	0.001
0.846	0.152	0.001	0.001
>CGCCMATTTA	4-CGCCMATTTA	6.835353	-10.110599	0	T:7.0(29.17%),B:1467.9(4.17%),P:1e-4	Tpos:587.0,Tstd:266.3,Bpos:522.7,Bstd:357.0,StrandBias:3.3,Multiplicity:1.57
0.184	0.814	0.001	0.001
0.001	0.014	0.984	0.001
0.001	0.997	0.001	0.001
0.001	0.747	0.251	0.001
0.431	0.567	0.001	0.001
0.747	0.251	0.001	0.001
0.001	0.001	0.001	0.997
0.249	0.001	0.247	0.503
0.001	0.001	0.001	0.997
0.997	0.001	0.001	0.001
>GCTGCWGCAG	5-GCTGCWGCAG	8.702703	-7.773233	0	T:6.0(25.00%),B:1503.3(4.27%),P:1e-3	Tpos:394.6,Tstd:116.9,Bpos:504.5,Bstd:423.5,StrandBias:0.2,Multiplicity:1.17
0.079	0.001	0.861	0.059
0.197	0.742	0.001	0.060
0.185	0.001	0.001	0.813
0.005	0.074	0.920	0.001
0.246	0.752	0.001	0.001
0.374	0.001	0.118	0.507
0.001	0.001	0.909	0.089
0.001	0.763	0.144	0.092
0.818	0.063	0.001	0.118
0.062	0.001	0.936	0.001
>TTTCCRGTGA	6-TTTCCRGTGA	10.369840	-6.823350	0	T:5.0(20.83%),B:1187.5(3.37%),P:1e-2	Tpos:524.1,Tstd:260.2,Bpos:500.1,Bstd:377.7,StrandBias:0.0,Multiplicity:2.40
0.001	0.001	0.303	0.695
0.001	0.001	0.001	0.997
0.001	0.001	0.379	0.619
0.001	0.997	0.001	0.001
0.001	0.997	0.001	0.001
0.569	0.001	0.429	0.001
0.001	0.358	0.640	0.001
0.001	0.001	0.001	0.997
0.001	0.001	0.997	0.001
0.763	0.235	0.001	0.001
