>CGGGCAGC	1-CGGGCAGC	7.360611	-17.766856	0	T:15.0(31.91%),B:2026.4(5.52%),P:1e-7	Tpos:407.4,Tstd:269.5,Bpos:491.8,Bstd:309.1,StrandBias:0.5,Multiplicity:1.13
0.069	0.929	0.001	0.001
0.001	0.062	0.936	0.001
0.032	0.080	0.826	0.062
0.065	0.071	0.804	0.060
0.001	0.945	0.053	0.001
0.771	0.086	0.050	0.093
0.062	0.001	0.936	0.001
0.001	0.920	0.001	0.078
>TCACTGAA	2-TCACTGAA	7.489492	-11.546662	0	T:26.0(55.32%),B:9216.4(25.09%),P:1e-5	Tpos:475.6,Tstd:288.4,Bpos:506.2,Bstd:330.7,StrandBias:0.1,Multiplicity:1.54
0.001	0.055	0.001	0.943
0.001	0.927	0.071	0.001
0.997	0.001	0.001	0.001
0.001	0.789	0.209	0.001
0.001	0.208	0.069	0.722
0.001	0.001	0.997	0.001
0.984	0.001	0.001	0.014
0.961	0.018	0.020	0.001
>AATCAAGA	3-AATCAAGA	6.975001	-11.348470	0	T:26.0(55.32%),B:9311.8(25.35%),P:1e-4	Tpos:481.6,Tstd:291.2,Bpos:508.5,Bstd:313.1,StrandBias:-1.1,Multiplicity:1.42
0.702	0.001	0.296	0.001
0.997	0.001	0.001	0.001
0.001	0.001	0.001	0.997
0.001	0.948	0.001	0.050
0.997	0.001	0.001	0.001
0.472	0.283	0.244	0.001
0.001	0.001	0.997	0.001
0.997	0.001	0.001	0.001
>ACGCCCAT	4-ACGCCCAT	8.951530	-5.315821	0	T:4.0(8.51%),B:534.7(1.46%),P:1e-2	Tpos:349.5,Tstd:288.5,Bpos:504.6,Bstd:303.1,StrandBias:-1.6,Multiplicity:2.00
0.997	0.001	0.001	0.001
0.001	0.997	0.001	0.001
0.001	0.001	0.937	0.061
0.001	0.997	0.001	0.001
0.001	0.997	0.001	0.001
0.001	0.997	0.001	0.001
0.997	0.001	0.001	0.001
0.001	0.001	0.128	0.870
>TTGCTCAA	5-TTGCTCAA	8.236954	-3.208835	0	T:7.0(14.89%),B:2522.4(6.87%),P:1e-1	Tpos:533.6,Tstd:218.3,Bpos:487.7,Bstd:311.6,StrandBias:0.0,Multiplicity:2.00
0.100	0.100	0.100	0.700
0.100	0.100	0.100	0.700
0.100	0.100	0.700	0.100
0.100	0.700	0.100	0.100
0.100	0.100	0.100	0.700
0.100	0.700	0.100	0.100
0.700	0.100	0.100	0.100
0.700	0.100	0.100	0.100
