>CGATGATCGC	1-CGATGATCGC	10.787282	-21.470676	0	T:7.0(14.89%),B:130.7(0.36%),P:1e-9	Tpos:640.0,Tstd:191.6,Bpos:495.3,Bstd:314.9,StrandBias:1.3,Multiplicity:1.00
0.001	0.997	0.001	0.001
0.001	0.001	0.997	0.001
0.997	0.001	0.001	0.001
0.001	0.001	0.145	0.853
0.001	0.001	0.997	0.001
0.819	0.001	0.179	0.001
0.146	0.142	0.137	0.575
0.001	0.997	0.001	0.001
0.001	0.001	0.997	0.001
0.001	0.881	0.117	0.001
>CGTCCGTCTG	2-CGTCCGTCTG	9.969068	-20.275251	0	T:8.0(17.02%),B:256.7(0.70%),P:1e-8	Tpos:429.7,Tstd:287.9,Bpos:442.4,Bstd:332.4,StrandBias:-0.3,Multiplicity:1.00
0.001	0.997	0.001	0.001
0.001	0.139	0.859	0.001
0.176	0.001	0.230	0.593
0.001	0.997	0.001	0.001
0.001	0.988	0.001	0.010
0.166	0.240	0.491	0.103
0.001	0.001	0.333	0.665
0.001	0.997	0.001	0.001
0.001	0.154	0.001	0.844
0.001	0.001	0.997	0.001
>CTTTTCCTAG	3-CTTTTCCTAG	10.688455	-20.213765	0	T:12.0(25.53%),B:928.1(2.53%),P:1e-8	Tpos:477.0,Tstd:305.2,Bpos:492.0,Bstd:310.7,StrandBias:2.5,Multiplicity:1.08
0.093	0.594	0.001	0.312
0.131	0.001	0.001	0.867
0.001	0.001	0.001	0.997
0.001	0.001	0.001	0.997
0.001	0.001	0.001	0.997
0.001	0.997	0.001	0.001
0.111	0.887	0.001	0.001
0.113	0.001	0.001	0.885
0.893	0.105	0.001	0.001
0.001	0.001	0.997	0.001
>AACGCGTCTG	4-AACGCGTCTG	10.860766	-17.690479	0	T:6.0(12.77%),B:129.3(0.35%),P:1e-7	Tpos:508.7,Tstd:252.9,Bpos:471.4,Bstd:312.4,StrandBias:-0.4,Multiplicity:1.17
0.997	0.001	0.001	0.001
0.842	0.156	0.001	0.001
0.001	0.997	0.001	0.001
0.001	0.001	0.997	0.001
0.001	0.997	0.001	0.001
0.123	0.117	0.759	0.001
0.001	0.001	0.001	0.997
0.001	0.997	0.001	0.001
0.001	0.001	0.001	0.997
0.145	0.183	0.515	0.157
>ACAAGTACAA	5-ACAAGTACAA	9.815616	-16.678614	0	T:15.0(31.91%),B:2201.4(5.99%),P:1e-7	Tpos:530.0,Tstd:272.5,Bpos:502.9,Bstd:291.7,StrandBias:0.2,Multiplicity:1.13
0.916	0.001	0.001	0.082
0.068	0.853	0.078	0.001
0.997	0.001	0.001	0.001
0.791	0.001	0.119	0.089
0.046	0.060	0.893	0.001
0.001	0.001	0.001	0.997
0.781	0.001	0.085	0.133
0.046	0.952	0.001	0.001
0.889	0.001	0.001	0.109
0.997	0.001	0.001	0.001
>TTGATCCTTA	6-TTGATCCTTA	10.294791	-15.070990	0	T:8.0(17.02%),B:510.9(1.39%),P:1e-6	Tpos:540.0,Tstd:250.2,Bpos:500.5,Bstd:298.3,StrandBias:1.0,Multiplicity:1.12
0.001	0.001	0.001	0.997
0.001	0.001	0.001	0.997
0.001	0.001	0.909	0.089
0.872	0.126	0.001	0.001
0.001	0.177	0.001	0.821
0.001	0.936	0.001	0.062
0.001	0.931	0.001	0.067
0.001	0.001	0.140	0.858
0.119	0.001	0.001	0.879
0.922	0.001	0.001	0.076
>TATAGGCGTT	7-TATAGGCGTT	10.781913	-12.063923	0	T:5.0(10.64%),B:196.0(0.53%),P:1e-5	Tpos:234.4,Tstd:177.3,Bpos:501.9,Bstd:262.4,StrandBias:2.8,Multiplicity:1.60
0.001	0.001	0.318	0.680
0.997	0.001	0.001	0.001
0.336	0.001	0.001	0.662
0.610	0.001	0.388	0.001
0.001	0.001	0.663	0.335
0.001	0.001	0.997	0.001
0.001	0.742	0.001	0.256
0.001	0.001	0.997	0.001
0.001	0.001	0.001	0.997
0.001	0.001	0.001	0.997
>TTCAGTGAAA	8-TTCAGTGAAA	10.182127	-10.054520	0	T:12.0(25.53%),B:2436.8(6.63%),P:1e-4	Tpos:518.3,Tstd:246.6,Bpos:518.0,Bstd:327.9,StrandBias:1.0,Multiplicity:1.50
0.001	0.007	0.001	0.991
0.081	0.091	0.100	0.728
0.001	0.997	0.001	0.001
0.847	0.082	0.070	0.001
0.001	0.055	0.943	0.001
0.001	0.054	0.001	0.944
0.001	0.001	0.997	0.001
0.882	0.011	0.009	0.098
0.907	0.001	0.091	0.001
0.705	0.115	0.113	0.067
>ATTTTCGAGC	9-ATTTTCGAGC	9.640048	-9.955718	0	T:14.0(29.79%),B:3322.2(9.04%),P:1e-4	Tpos:497.4,Tstd:267.3,Bpos:492.3,Bstd:331.7,StrandBias:-0.4,Multiplicity:1.43
0.997	0.001	0.001	0.001
0.001	0.001	0.001	0.997
0.001	0.001	0.001	0.997
0.001	0.073	0.001	0.925
0.001	0.001	0.040	0.958
0.040	0.713	0.001	0.246
0.001	0.001	0.997	0.001
0.997	0.001	0.001	0.001
0.001	0.001	0.997	0.001
0.421	0.577	0.001	0.001
>CGCACAGTTT	10-CGCACAGTTT	12.206261	-9.698621	0	T:4.0(8.51%),B:162.4(0.44%),P:1e-4	Tpos:643.2,Tstd:238.3,Bpos:528.8,Bstd:343.4,StrandBias:2.0,Multiplicity:1.25
0.001	0.997	0.001	0.001
0.001	0.001	0.997	0.001
0.001	0.997	0.001	0.001
0.802	0.196	0.001	0.001
0.001	0.997	0.001	0.001
0.997	0.001	0.001	0.001
0.001	0.001	0.997	0.001
0.001	0.001	0.001	0.997
0.001	0.001	0.001	0.997
0.001	0.001	0.001	0.997
>AAGCTTATTC	11-AAGCTTATTC	8.441636	-9.634079	0	T:13.0(27.66%),B:2972.7(8.09%),P:1e-4	Tpos:472.4,Tstd:289.9,Bpos:502.1,Bstd:305.7,StrandBias:0.7,Multiplicity:1.23
0.828	0.021	0.071	0.080
0.630	0.131	0.055	0.184
0.169	0.131	0.517	0.183
0.146	0.551	0.021	0.282
0.068	0.049	0.124	0.759
0.115	0.001	0.045	0.839
0.631	0.117	0.001	0.251
0.084	0.051	0.063	0.802
0.070	0.001	0.022	0.907
0.233	0.549	0.098	0.120
>ATTTTDGGCA	12-ATTTTDGGCA	7.911527	-8.020763	0	T:17.0(36.17%),B:5564.8(15.15%),P:1e-3	Tpos:579.7,Tstd:269.3,Bpos:499.5,Bstd:324.1,StrandBias:0.5,Multiplicity:1.59
0.669	0.035	0.060	0.236
0.153	0.007	0.027	0.813
0.044	0.017	0.001	0.938
0.039	0.021	0.016	0.924
0.075	0.073	0.037	0.815
0.216	0.174	0.336	0.274
0.201	0.185	0.415	0.199
0.213	0.098	0.486	0.203
0.196	0.419	0.245	0.140
0.610	0.141	0.122	0.127
>GATTTTGCTC	13-GATTTTGCTC	12.366226	-6.620804	0	T:3.0(6.38%),B:166.2(0.45%),P:1e-2	Tpos:733.4,Tstd:166.4,Bpos:518.0,Bstd:287.4,StrandBias:2.6,Multiplicity:2.33
0.001	0.001	0.997	0.001
0.997	0.001	0.001	0.001
0.001	0.230	0.001	0.768
0.001	0.001	0.001	0.997
0.001	0.001	0.001	0.997
0.001	0.001	0.001	0.997
0.001	0.001	0.997	0.001
0.001	0.997	0.001	0.001
0.001	0.001	0.001	0.997
0.001	0.997	0.001	0.001
