>CTACATGAAT	1-CTACATGAAT	7.588525	-20.655396	0	T:29.0(36.71%),B:4279.5(10.69%),P:1e-8	Tpos:557.3,Tstd:251.6,Bpos:492.8,Bstd:294.6,StrandBias:-0.8,Multiplicity:1.52
0.001	0.690	0.308	0.001
0.039	0.001	0.001	0.959
0.997	0.001	0.001	0.001
0.001	0.775	0.001	0.223
0.831	0.068	0.100	0.001
0.001	0.001	0.001	0.997
0.001	0.069	0.866	0.064
0.735	0.081	0.110	0.074
0.699	0.086	0.001	0.214
0.001	0.080	0.001	0.918
>AACCGCATAA	2-AACCGCATAA	9.941095	-19.640922	0	T:12.0(15.19%),B:601.4(1.50%),P:1e-8	Tpos:468.1,Tstd:242.6,Bpos:515.1,Bstd:290.9,StrandBias:-1.0,Multiplicity:1.00
0.819	0.179	0.001	0.001
0.810	0.001	0.188	0.001
0.145	0.853	0.001	0.001
0.093	0.905	0.001	0.001
0.083	0.001	0.915	0.001
0.001	0.612	0.001	0.386
0.890	0.001	0.001	0.108
0.001	0.001	0.001	0.997
0.904	0.001	0.001	0.094
0.803	0.001	0.195	0.001
>RATSWTTTCG	3-RATSWTTTCG	9.663771	-18.595574	0	T:18.0(22.78%),B:1760.5(4.40%),P:1e-8	Tpos:505.0,Tstd:299.0,Bpos:479.6,Bstd:308.0,StrandBias:-0.3,Multiplicity:1.00
0.437	0.001	0.561	0.001
0.795	0.203	0.001	0.001
0.381	0.001	0.001	0.617
0.252	0.442	0.306	0.001
0.466	0.001	0.123	0.410
0.001	0.001	0.001	0.997
0.001	0.001	0.001	0.997
0.001	0.175	0.001	0.823
0.001	0.997	0.001	0.001
0.396	0.001	0.602	0.001
>TGCACGGATC	4-TGCACGGATC	10.786335	-18.521432	0	T:8.0(10.13%),B:201.9(0.50%),P:1e-8	Tpos:464.0,Tstd:284.0,Bpos:477.9,Bstd:324.1,StrandBias:1.0,Multiplicity:1.12
0.001	0.001	0.115	0.883
0.001	0.001	0.997	0.001
0.001	0.874	0.001	0.124
0.888	0.001	0.110	0.001
0.001	0.997	0.001	0.001
0.108	0.001	0.890	0.001
0.001	0.001	0.997	0.001
0.724	0.132	0.143	0.001
0.001	0.001	0.001	0.997
0.127	0.871	0.001	0.001
>TGGAATAGAA	5-TGGAATAGAA	11.404265	-11.468303	0	T:12.0(15.19%),B:1310.9(3.28%),P:1e-4	Tpos:659.5,Tstd:265.1,Bpos:515.2,Bstd:304.8,StrandBias:-0.7,Multiplicity:1.08
0.001	0.001	0.001	0.997
0.001	0.001	0.997	0.001
0.001	0.001	0.997	0.001
0.997	0.001	0.001	0.001
0.997	0.001	0.001	0.001
0.231	0.001	0.001	0.767
0.619	0.001	0.001	0.379
0.001	0.001	0.997	0.001
0.997	0.001	0.001	0.001
0.611	0.001	0.387	0.001
>TTCRCTTYTT	6-TTCRCTTYTT	9.554472	-10.990376	0	T:31.0(39.24%),B:7471.8(18.67%),P:1e-4	Tpos:509.6,Tstd:265.2,Bpos:536.8,Bstd:306.7,StrandBias:-0.2,Multiplicity:1.26
0.001	0.001	0.001	0.997
0.001	0.001	0.001	0.997
0.001	0.977	0.001	0.021
0.255	0.154	0.387	0.203
0.001	0.997	0.001	0.001
0.001	0.001	0.190	0.808
0.001	0.001	0.001	0.997
0.175	0.430	0.001	0.395
0.327	0.001	0.001	0.671
0.001	0.001	0.001	0.997
>GACCGCAGCA	7-GACCGCAGCA	7.483056	-8.755264	0	T:14.0(17.72%),B:2301.1(5.75%),P:1e-3	Tpos:527.8,Tstd:318.0,Bpos:497.1,Bstd:310.3,StrandBias:-1.7,Multiplicity:1.21
0.102	0.212	0.685	0.001
0.706	0.111	0.182	0.001
0.001	0.895	0.001	0.103
0.001	0.811	0.090	0.098
0.183	0.001	0.716	0.100
0.083	0.915	0.001	0.001
0.919	0.001	0.001	0.079
0.200	0.001	0.798	0.001
0.001	0.719	0.176	0.104
0.884	0.114	0.001	0.001
>AGTTAGAACG	8-AGTTAGAACG	10.296193	-3.535254	0	T:1.0(1.27%),B:14.4(0.04%),P:1e-1	Tpos:531.4,Tstd:83.7,Bpos:490.8,Bstd:259.0,StrandBias:-10.0,Multiplicity:8.00
0.700	0.100	0.100	0.100
0.100	0.100	0.700	0.100
0.100	0.100	0.100	0.700
0.100	0.100	0.100	0.700
0.700	0.100	0.100	0.100
0.100	0.100	0.700	0.100
0.700	0.100	0.100	0.100
0.700	0.100	0.100	0.100
0.100	0.700	0.100	0.100
0.100	0.100	0.700	0.100
