>CTACATGAAT	1-CTACATGAAT	7.588525	-20.655396	0	T:29.0(36.71%),B:4279.5(10.69%),P:1e-8	Tpos:557.3,Tstd:251.6,Bpos:492.8,Bstd:294.6,StrandBias:-0.8,Multiplicity:1.52
0.001	0.690	0.308	0.001
0.039	0.001	0.001	0.959
0.997	0.001	0.001	0.001
0.001	0.775	0.001	0.223
0.831	0.068	0.100	0.001
0.001	0.001	0.001	0.997
0.001	0.069	0.866	0.064
0.735	0.081	0.110	0.074
0.699	0.086	0.001	0.214
0.001	0.080	0.001	0.918
>AACCGCATAA	2-AACCGCATAA	9.941095	-19.640922	0	T:12.0(15.19%),B:601.4(1.50%),P:1e-8	Tpos:468.1,Tstd:242.6,Bpos:515.1,Bstd:290.9,StrandBias:-1.0,Multiplicity:1.00
0.819	0.179	0.001	0.001
0.810	0.001	0.188	0.001
0.145	0.853	0.001	0.001
0.093	0.905	0.001	0.001
0.083	0.001	0.915	0.001
0.001	0.612	0.001	0.386
0.890	0.001	0.001	0.108
0.001	0.001	0.001	0.997
0.904	0.001	0.001	0.094
0.803	0.001	0.195	0.001
>RATSWTTTCG	3-RATSWTTTCG	9.663771	-18.595574	0	T:18.0(22.78%),B:1760.5(4.40%),P:1e-8	Tpos:505.0,Tstd:299.0,Bpos:479.6,Bstd:308.0,StrandBias:-0.3,Multiplicity:1.00
0.437	0.001	0.561	0.001
0.795	0.203	0.001	0.001
0.381	0.001	0.001	0.617
0.252	0.442	0.306	0.001
0.466	0.001	0.123	0.410
0.001	0.001	0.001	0.997
0.001	0.001	0.001	0.997
0.001	0.175	0.001	0.823
0.001	0.997	0.001	0.001
0.396	0.001	0.602	0.001
>TGCACGGATC	4-TGCACGGATC	10.786335	-18.521432	0	T:8.0(10.13%),B:201.9(0.50%),P:1e-8	Tpos:464.0,Tstd:284.0,Bpos:477.9,Bstd:324.1,StrandBias:1.0,Multiplicity:1.12
0.001	0.001	0.115	0.883
0.001	0.001	0.997	0.001
0.001	0.874	0.001	0.124
0.888	0.001	0.110	0.001
0.001	0.997	0.001	0.001
0.108	0.001	0.890	0.001
0.001	0.001	0.997	0.001
0.724	0.132	0.143	0.001
0.001	0.001	0.001	0.997
0.127	0.871	0.001	0.001
>TGGAATAGAA	5-TGGAATAGAA	11.404265	-11.468303	0	T:12.0(15.19%),B:1310.9(3.28%),P:1e-4	Tpos:659.5,Tstd:265.1,Bpos:515.2,Bstd:304.8,StrandBias:-0.7,Multiplicity:1.08
0.001	0.001	0.001	0.997
0.001	0.001	0.997	0.001
0.001	0.001	0.997	0.001
0.997	0.001	0.001	0.001
0.997	0.001	0.001	0.001
0.231	0.001	0.001	0.767
0.619	0.001	0.001	0.379
0.001	0.001	0.997	0.001
0.997	0.001	0.001	0.001
0.611	0.001	0.387	0.001
>TTCRCTTYTT	6-TTCRCTTYTT	9.554472	-10.990376	0	T:31.0(39.24%),B:7471.8(18.67%),P:1e-4	Tpos:509.6,Tstd:265.2,Bpos:536.8,Bstd:306.7,StrandBias:-0.2,Multiplicity:1.26
0.001	0.001	0.001	0.997
0.001	0.001	0.001	0.997
0.001	0.977	0.001	0.021
0.255	0.154	0.387	0.203
0.001	0.997	0.001	0.001
0.001	0.001	0.190	0.808
0.001	0.001	0.001	0.997
0.175	0.430	0.001	0.395
0.327	0.001	0.001	0.671
0.001	0.001	0.001	0.997
>GACCGCAGCA	7-GACCGCAGCA	7.483056	-8.755264	0	T:14.0(17.72%),B:2301.1(5.75%),P:1e-3	Tpos:527.8,Tstd:318.0,Bpos:497.1,Bstd:310.3,StrandBias:-1.7,Multiplicity:1.21
0.102	0.212	0.685	0.001
0.706	0.111	0.182	0.001
0.001	0.895	0.001	0.103
0.001	0.811	0.090	0.098
0.183	0.001	0.716	0.100
0.083	0.915	0.001	0.001
0.919	0.001	0.001	0.079
0.200	0.001	0.798	0.001
0.001	0.719	0.176	0.104
0.884	0.114	0.001	0.001
>AGTTAGAACG	8-AGTTAGAACG	10.296193	-3.535254	0	T:1.0(1.27%),B:14.4(0.04%),P:1e-1	Tpos:531.4,Tstd:83.7,Bpos:490.8,Bstd:259.0,StrandBias:-10.0,Multiplicity:8.00
0.700	0.100	0.100	0.100
0.100	0.100	0.700	0.100
0.100	0.100	0.100	0.700
0.100	0.100	0.100	0.700
0.700	0.100	0.100	0.100
0.100	0.100	0.700	0.100
0.700	0.100	0.100	0.100
0.700	0.100	0.100	0.100
0.100	0.700	0.100	0.100
0.100	0.100	0.700	0.100
>TAGTCCAGGGAT	1-TAGTCCAGGGAT	14.640156	-24.995781	0	T:4.0(5.06%),B:0.0(0.00%),P:1e-10	Tpos:630.5,Tstd:313.9,Bpos:0.0,Bstd:0.0,StrandBias:1.6,Multiplicity:1.00
0.001	0.001	0.001	0.997
0.997	0.001	0.001	0.001
0.001	0.001	0.997	0.001
0.001	0.001	0.001	0.997
0.249	0.749	0.001	0.001
0.001	0.749	0.001	0.249
0.997	0.001	0.001	0.001
0.001	0.001	0.749	0.249
0.001	0.001	0.997	0.001
0.001	0.001	0.997	0.001
0.997	0.001	0.001	0.001
0.001	0.001	0.001	0.997
>CCCCGCCACACT	2-CCCCGCCACACT	14.640156	-24.995781	0	T:4.0(5.06%),B:0.0(0.00%),P:1e-10	Tpos:743.5,Tstd:183.9,Bpos:0.0,Bstd:0.0,StrandBias:1.6,Multiplicity:1.00
0.001	0.997	0.001	0.001
0.001	0.997	0.001	0.001
0.001	0.997	0.001	0.001
0.001	0.997	0.001	0.001
0.001	0.001	0.997	0.001
0.001	0.997	0.001	0.001
0.001	0.997	0.001	0.001
0.997	0.001	0.001	0.001
0.249	0.749	0.001	0.001
0.749	0.249	0.001	0.001
0.001	0.749	0.249	0.001
0.001	0.001	0.001	0.997
>CCAAGTGCGGTA	3-CCAAGTGCGGTA	10.161173	-19.795826	0	T:7.0(8.86%),B:104.3(0.26%),P:1e-8	Tpos:575.7,Tstd:329.3,Bpos:528.3,Bstd:321.8,StrandBias:-0.4,Multiplicity:1.00
0.001	0.665	0.333	0.001
0.001	0.997	0.001	0.001
0.997	0.001	0.001	0.001
0.624	0.001	0.001	0.374
0.001	0.231	0.767	0.001
0.001	0.001	0.001	0.997
0.244	0.014	0.741	0.001
0.001	0.997	0.001	0.001
0.001	0.016	0.982	0.001
0.001	0.001	0.665	0.333
0.001	0.374	0.001	0.624
0.997	0.001	0.001	0.001
>AAGCCCAACAAG	4-AAGCCCAACAAG	11.189047	-18.702603	0	T:9.0(11.39%),B:287.7(0.72%),P:1e-8	Tpos:587.0,Tstd:277.1,Bpos:482.4,Bstd:313.5,StrandBias:0.3,Multiplicity:1.00
0.997	0.001	0.001	0.001
0.684	0.184	0.131	0.001
0.001	0.001	0.993	0.005
0.121	0.877	0.001	0.001
0.001	0.777	0.001	0.221
0.117	0.645	0.237	0.001
0.997	0.001	0.001	0.001
0.997	0.001	0.001	0.001
0.004	0.747	0.001	0.248
0.997	0.001	0.001	0.001
0.677	0.006	0.316	0.001
0.184	0.001	0.631	0.184
>TTGAATCACCTA	5-TTGAATCACCTA	14.180660	-17.805712	0	T:5.0(6.33%),B:36.4(0.09%),P:1e-7	Tpos:416.8,Tstd:239.6,Bpos:494.3,Bstd:224.5,StrandBias:2.0,Multiplicity:1.00
0.001	0.001	0.001	0.997
0.001	0.001	0.001	0.997
0.001	0.001	0.997	0.001
0.997	0.001	0.001	0.001
0.997	0.001	0.001	0.001
0.001	0.001	0.001	0.997
0.001	0.802	0.001	0.196
0.997	0.001	0.001	0.001
0.001	0.997	0.001	0.001
0.235	0.579	0.001	0.185
0.190	0.001	0.001	0.808
0.997	0.001	0.001	0.001
>ACCAGGAAAATT	6-ACCAGGAAAATT	13.610109	-17.427811	0	T:7.0(8.86%),B:149.4(0.37%),P:1e-7	Tpos:407.7,Tstd:140.2,Bpos:509.0,Bstd:308.6,StrandBias:1.3,Multiplicity:1.00
0.997	0.001	0.001	0.001
0.073	0.710	0.108	0.109
0.001	0.997	0.001	0.001
0.997	0.001	0.001	0.001
0.104	0.001	0.765	0.130
0.001	0.139	0.754	0.106
0.997	0.001	0.001	0.001
0.997	0.001	0.001	0.001
0.997	0.001	0.001	0.001
0.997	0.001	0.001	0.001
0.105	0.001	0.001	0.893
0.001	0.001	0.001	0.997
>TGATTCATTGTT	7-TGATTCATTGTT	11.265076	-17.207326	0	T:13.0(16.46%),B:918.3(2.29%),P:1e-7	Tpos:533.9,Tstd:219.0,Bpos:510.0,Bstd:297.7,StrandBias:-0.4,Multiplicity:1.08
0.001	0.001	0.001	0.997
0.088	0.001	0.861	0.050
0.891	0.107	0.001	0.001
0.145	0.054	0.001	0.800
0.045	0.001	0.095	0.859
0.138	0.558	0.256	0.048
0.677	0.108	0.214	0.001
0.001	0.101	0.001	0.897
0.102	0.001	0.001	0.896
0.001	0.102	0.678	0.219
0.001	0.001	0.001	0.997
0.001	0.001	0.094	0.904
>AAACGTATAACA	8-AAACGTATAACA	13.516015	-16.638152	0	T:7.0(8.86%),B:168.6(0.42%),P:1e-7	Tpos:370.0,Tstd:351.9,Bpos:480.7,Bstd:274.4,StrandBias:-1.6,Multiplicity:1.14
0.997	0.001	0.001	0.001
0.997	0.001	0.001	0.001
0.997	0.001	0.001	0.001
0.206	0.618	0.001	0.175
0.001	0.001	0.997	0.001
0.001	0.001	0.001	0.997
0.997	0.001	0.001	0.001
0.001	0.001	0.001	0.997
0.997	0.001	0.001	0.001
0.997	0.001	0.001	0.001
0.162	0.616	0.001	0.221
0.997	0.001	0.001	0.001
>TTTAAAAATCAT	9-TTTAAAAATCAT	12.610229	-13.171802	0	T:10.0(12.66%),B:727.1(1.82%),P:1e-5	Tpos:497.1,Tstd:261.2,Bpos:502.2,Bstd:284.2,StrandBias:1.1,Multiplicity:1.90
0.167	0.246	0.001	0.586
0.001	0.001	0.001	0.997
0.121	0.001	0.001	0.877
0.832	0.114	0.053	0.001
0.727	0.001	0.001	0.271
0.997	0.001	0.001	0.001
0.997	0.001	0.001	0.001
0.921	0.001	0.001	0.077
0.001	0.001	0.001	0.997
0.001	0.997	0.001	0.001
0.997	0.001	0.001	0.001
0.001	0.001	0.001	0.997
>TMATTGCTGCGG	10-TMATTGCTGCGG	13.960838	-13.085661	0	T:3.0(3.80%),B:10.1(0.03%),P:1e-5	Tpos:670.0,Tstd:173.8,Bpos:543.3,Bstd:295.7,StrandBias:10.0,Multiplicity:1.67
0.001	0.001	0.001	0.997
0.528	0.470	0.001	0.001
0.997	0.001	0.001	0.001
0.001	0.001	0.001	0.997
0.001	0.001	0.001	0.997
0.001	0.001	0.997	0.001
0.001	0.735	0.001	0.263
0.205	0.001	0.001	0.793
0.001	0.001	0.997	0.001
0.001	0.997	0.001	0.001
0.001	0.001	0.997	0.001
0.001	0.001	0.997	0.001
>AAATCCTRCAAC	11-AAATCCTRCAAC	10.769329	-12.969153	0	T:10.0(12.66%),B:744.8(1.86%),P:1e-5	Tpos:531.9,Tstd:280.9,Bpos:504.8,Bstd:311.1,StrandBias:0.3,Multiplicity:1.10
0.997	0.001	0.001	0.001
0.997	0.001	0.001	0.001
0.997	0.001	0.001	0.001
0.019	0.001	0.297	0.683
0.001	0.997	0.001	0.001
0.001	0.708	0.260	0.031
0.216	0.001	0.001	0.782
0.476	0.001	0.522	0.001
0.001	0.997	0.001	0.001
0.997	0.001	0.001	0.001
0.997	0.001	0.001	0.001
0.161	0.527	0.001	0.311
>TTTCCGGAAATR	12-TTTCCGGAAATR	11.719154	-10.865836	0	T:8.0(10.13%),B:571.5(1.43%),P:1e-4	Tpos:504.2,Tstd:325.3,Bpos:479.5,Bstd:306.2,StrandBias:-0.7,Multiplicity:1.12
0.001	0.001	0.001	0.997
0.082	0.090	0.001	0.827
0.001	0.001	0.057	0.941
0.001	0.964	0.001	0.034
0.085	0.651	0.186	0.078
0.142	0.001	0.789	0.068
0.107	0.001	0.891	0.001
0.880	0.057	0.001	0.062
0.829	0.066	0.001	0.104
0.839	0.076	0.001	0.084
0.064	0.001	0.001	0.934
0.344	0.001	0.473	0.183
>TTCAATATTCGT	13-TTCAATATTCGT	12.355432	-8.295278	0	T:2.0(2.53%),B:10.7(0.03%),P:1e-3	Tpos:357.3,Tstd:216.5,Bpos:330.1,Bstd:266.3,StrandBias:-10.0,Multiplicity:1.50
0.100	0.100	0.100	0.700
0.100	0.100	0.100	0.700
0.100	0.700	0.100	0.100
0.700	0.100	0.100	0.100
0.700	0.100	0.100	0.100
0.100	0.100	0.100	0.700
0.700	0.100	0.100	0.100
0.100	0.100	0.100	0.700
0.100	0.100	0.100	0.700
0.100	0.700	0.100	0.100
0.100	0.100	0.700	0.100
0.100	0.100	0.100	0.700
>CGAATTTCTTTT	14-CGAATTTCTTTT	12.355432	-6.879870	0	T:2.0(2.53%),B:22.0(0.06%),P:1e-2	Tpos:574.8,Tstd:201.8,Bpos:547.2,Bstd:340.6,StrandBias:10.0,Multiplicity:2.50
0.100	0.700	0.100	0.100
0.100	0.100	0.700	0.100
0.700	0.100	0.100	0.100
0.700	0.100	0.100	0.100
0.100	0.100	0.100	0.700
0.100	0.100	0.100	0.700
0.100	0.100	0.100	0.700
0.100	0.700	0.100	0.100
0.100	0.100	0.100	0.700
0.100	0.100	0.100	0.700
0.100	0.100	0.100	0.700
0.100	0.100	0.100	0.700
>ATTAGAATGGTA	15-ATTAGAATGGTA	12.355432	-5.537535	0	T:1.0(1.27%),B:1.5(0.00%),P:1e-2	Tpos:517.0,Tstd:89.1,Bpos:828.8,Bstd:72.6,StrandBias:-10.0,Multiplicity:3.00
0.700	0.100	0.100	0.100
0.100	0.100	0.100	0.700
0.100	0.100	0.100	0.700
0.700	0.100	0.100	0.100
0.100	0.100	0.700	0.100
0.700	0.100	0.100	0.100
0.700	0.100	0.100	0.100
0.100	0.100	0.100	0.700
0.100	0.100	0.700	0.100
0.100	0.100	0.700	0.100
0.100	0.100	0.100	0.700
0.700	0.100	0.100	0.100
>ACCGTTCTAACT	16-ACCGTTCTAACT	16.181574	-5.133042	0	T:1.0(1.27%),B:2.5(0.01%),P:1e-2	Tpos:531.4,Tstd:83.7,Bpos:605.6,Bstd:174.5,StrandBias:10.0,Multiplicity:8.00
0.997	0.001	0.001	0.001
0.001	0.997	0.001	0.001
0.001	0.997	0.001	0.001
0.189	0.001	0.809	0.001
0.001	0.001	0.001	0.997
0.001	0.001	0.001	0.997
0.001	0.997	0.001	0.001
0.001	0.001	0.001	0.997
0.997	0.001	0.001	0.001
0.997	0.001	0.001	0.001
0.001	0.809	0.001	0.189
0.001	0.001	0.001	0.997
>AGGACCCG	1-AGGACCCG	7.555936	-9.363926	0	T:15.0(18.99%),B:2458.9(6.14%),P:1e-4	Tpos:421.5,Tstd:298.7,Bpos:477.2,Bstd:324.6,StrandBias:0.2,Multiplicity:1.27
0.997	0.001	0.001	0.001
0.001	0.108	0.685	0.206
0.142	0.001	0.856	0.001
0.913	0.001	0.001	0.085
0.057	0.793	0.149	0.001
0.001	0.997	0.001	0.001
0.165	0.833	0.001	0.001
0.083	0.001	0.915	0.001
>CCTATTGA	2-CCTATTGA	8.236954	-8.690869	0	T:8.0(10.13%),B:783.2(1.96%),P:1e-3	Tpos:418.4,Tstd:288.4,Bpos:536.6,Bstd:307.2,StrandBias:-0.7,Multiplicity:1.00
0.100	0.700	0.100	0.100
0.100	0.700	0.100	0.100
0.100	0.100	0.100	0.700
0.700	0.100	0.100	0.100
0.100	0.100	0.100	0.700
0.100	0.100	0.100	0.700
0.100	0.100	0.700	0.100
0.700	0.100	0.100	0.100
>CAGTGTCT	3-CAGTGTCT	10.917336	-7.701945	0	T:8.0(10.13%),B:909.3(2.27%),P:1e-3	Tpos:578.6,Tstd:254.7,Bpos:549.5,Bstd:305.4,StrandBias:1.8,Multiplicity:1.12
0.001	0.859	0.001	0.139
0.997	0.001	0.001	0.001
0.001	0.001	0.997	0.001
0.001	0.001	0.001	0.997
0.001	0.001	0.997	0.001
0.001	0.001	0.001	0.997
0.001	0.997	0.001	0.001
0.001	0.001	0.001	0.997
>GTTCTAAC	4-GTTCTAAC	8.707159	-3.800950	0	T:8.0(10.13%),B:1750.3(4.37%),P:1e-1	Tpos:511.6,Tstd:219.8,Bpos:510.1,Bstd:303.3,StrandBias:0.7,Multiplicity:2.25
0.001	0.220	0.778	0.001
0.035	0.001	0.001	0.963
0.001	0.001	0.125	0.873
0.001	0.997	0.001	0.001
0.001	0.001	0.001	0.997
0.997	0.001	0.001	0.001
0.997	0.001	0.001	0.001
0.001	0.997	0.001	0.001
>GGTATATG	5-GGTATATG	2.813644	-2.065449	0	T:45.0(56.96%),B:19971.4(49.90%),P:1e0	Tpos:536.8,Tstd:285.3,Bpos:499.1,Bstd:300.4,StrandBias:-0.2,Multiplicity:1.60
0.001	0.001	0.997	0.001
0.001	0.001	0.997	0.001
0.001	0.001	0.001	0.997
0.997	0.001	0.001	0.001
0.001	0.259	0.001	0.739
0.997	0.001	0.001	0.001
0.001	0.001	0.001	0.997
0.001	0.001	0.997	0.001
