>CATCCTTCTC	1-CATCCTTCTC	10.328623	-20.176486	0	T:11.0(26.19%),B:874.5(2.24%),P:1e-8	Tpos:414.0,Tstd:304.1,Bpos:496.5,Bstd:308.0,StrandBias:0.5,Multiplicity:1.09
0.001	0.997	0.001	0.001
0.997	0.001	0.001	0.001
0.107	0.001	0.115	0.777
0.001	0.828	0.105	0.066
0.079	0.817	0.103	0.001
0.099	0.001	0.001	0.899
0.001	0.001	0.001	0.997
0.001	0.877	0.121	0.001
0.001	0.001	0.001	0.997
0.001	0.894	0.104	0.001
>GGTGGCACCA	2-GGTGGCACCA	11.261711	-18.438578	0	T:6.0(14.29%),B:136.7(0.35%),P:1e-8	Tpos:503.5,Tstd:237.0,Bpos:451.4,Bstd:266.0,StrandBias:2.3,Multiplicity:1.00
0.001	0.159	0.682	0.158
0.160	0.001	0.838	0.001
0.001	0.001	0.001	0.997
0.001	0.001	0.826	0.172
0.160	0.001	0.838	0.001
0.001	0.997	0.001	0.001
0.997	0.001	0.001	0.001
0.001	0.997	0.001	0.001
0.001	0.997	0.001	0.001
0.997	0.001	0.001	0.001
>TCTTATCAGG	3-TCTTATCAGG	6.568746	-18.107907	0	T:35.0(83.33%),B:15735.7(40.36%),P:1e-7	Tpos:687.5,Tstd:252.0,Bpos:523.9,Bstd:306.6,StrandBias:0.3,Multiplicity:1.40
0.113	0.026	0.076	0.785
0.051	0.783	0.064	0.102
0.079	0.151	0.001	0.769
0.001	0.033	0.033	0.933
0.874	0.001	0.048	0.077
0.001	0.055	0.048	0.896
0.059	0.885	0.055	0.001
0.865	0.001	0.002	0.132
0.156	0.199	0.475	0.169
0.030	0.055	0.750	0.165
>ATCCCTGGTA	4-ATCCCTGGTA	9.901307	-15.200696	0	T:5.0(11.90%),B:121.8(0.31%),P:1e-6	Tpos:455.2,Tstd:156.9,Bpos:435.0,Bstd:289.9,StrandBias:-2.0,Multiplicity:1.00
0.750	0.001	0.001	0.248
0.001	0.001	0.001	0.997
0.304	0.564	0.001	0.131
0.001	0.899	0.001	0.099
0.001	0.839	0.001	0.159
0.173	0.118	0.196	0.513
0.001	0.001	0.997	0.001
0.108	0.001	0.890	0.001
0.001	0.147	0.001	0.851
0.750	0.001	0.131	0.118
>TTATGATCAT	5-TTATGATCAT	10.506668	-15.094578	0	T:12.0(28.57%),B:1792.2(4.60%),P:1e-6	Tpos:568.5,Tstd:305.1,Bpos:529.4,Bstd:302.2,StrandBias:0.4,Multiplicity:1.17
0.125	0.001	0.001	0.873
0.327	0.001	0.001	0.671
0.843	0.001	0.001	0.155
0.001	0.001	0.001	0.997
0.001	0.290	0.708	0.001
0.997	0.001	0.001	0.001
0.001	0.001	0.001	0.997
0.001	0.707	0.291	0.001
0.997	0.001	0.001	0.001
0.001	0.001	0.001	0.997
>YATCCCAAAA	6-YATCCCAAAA	9.887746	-10.460462	0	T:9.0(21.43%),B:1515.2(3.89%),P:1e-4	Tpos:558.9,Tstd:300.6,Bpos:509.2,Bstd:297.4,StrandBias:-0.8,Multiplicity:1.22
0.065	0.519	0.008	0.408
0.997	0.001	0.001	0.001
0.144	0.001	0.001	0.854
0.001	0.939	0.001	0.059
0.047	0.951	0.001	0.001
0.001	0.861	0.137	0.001
0.997	0.001	0.001	0.001
0.790	0.205	0.002	0.003
0.777	0.001	0.019	0.203
0.721	0.255	0.023	0.001
>TTGGGCGCTG	7-TTGGGCGCTG	11.504841	-8.625629	0	T:3.0(7.14%),B:98.9(0.25%),P:1e-3	Tpos:115.6,Tstd:63.5,Bpos:436.1,Bstd:275.5,StrandBias:-10.0,Multiplicity:2.67
0.001	0.001	0.001	0.997
0.001	0.001	0.001	0.997
0.001	0.001	0.889	0.109
0.001	0.001	0.997	0.001
0.001	0.001	0.997	0.001
0.133	0.757	0.001	0.109
0.001	0.001	0.997	0.001
0.001	0.997	0.001	0.001
0.001	0.001	0.001	0.997
0.001	0.001	0.997	0.001
>ACTACAAGCT	8-ACTACAAGCT	10.620905	-8.560319	0	T:6.0(14.29%),B:785.1(2.01%),P:1e-3	Tpos:382.6,Tstd:330.0,Bpos:524.3,Bstd:275.2,StrandBias:-1.6,Multiplicity:2.00
0.872	0.001	0.001	0.126
0.001	0.997	0.001	0.001
0.001	0.001	0.152	0.846
0.997	0.001	0.001	0.001
0.001	0.997	0.001	0.001
0.997	0.001	0.001	0.001
0.997	0.001	0.001	0.001
0.269	0.001	0.613	0.117
0.105	0.806	0.001	0.088
0.001	0.001	0.001	0.997
>CAAAATCAGG	9-CAAAATCAGG	8.350283	-6.598405	0	T:11.0(26.19%),B:3658.6(9.38%),P:1e-2	Tpos:414.1,Tstd:337.9,Bpos:506.5,Bstd:293.5,StrandBias:-0.4,Multiplicity:1.27
0.100	0.700	0.100	0.100
0.700	0.100	0.100	0.100
0.700	0.100	0.100	0.100
0.700	0.100	0.100	0.100
0.700	0.100	0.100	0.100
0.100	0.100	0.100	0.700
0.100	0.700	0.100	0.100
0.700	0.100	0.100	0.100
0.100	0.100	0.700	0.100
0.100	0.100	0.700	0.100
