>AAAARCCATGTG	1-AAAARCCATGTG	9.127214	-21.643246	0	T:14.0(33.33%),B:1528.0(3.92%),P:1e-9	Tpos:697.8,Tstd:290.6,Bpos:502.2,Bstd:299.8,StrandBias:1.9,Multiplicity:1.08
0.997	0.001	0.001	0.001
0.984	0.014	0.001	0.001
0.997	0.001	0.001	0.001
0.984	0.014	0.001	0.001
0.559	0.001	0.439	0.001
0.391	0.592	0.001	0.016
0.001	0.997	0.001	0.001
0.997	0.001	0.001	0.001
0.001	0.001	0.396	0.602
0.395	0.001	0.593	0.011
0.001	0.001	0.001	0.997
0.394	0.001	0.604	0.001
>TATATTTTGCAT	2-TATATTTTGCAT	13.196645	-19.979493	0	T:8.0(19.05%),B:320.7(0.82%),P:1e-8	Tpos:534.0,Tstd:200.9,Bpos:529.2,Bstd:292.6,StrandBias:0.0,Multiplicity:1.00
0.089	0.001	0.001	0.909
0.742	0.152	0.001	0.105
0.001	0.147	0.001	0.851
0.919	0.001	0.001	0.079
0.001	0.001	0.001	0.997
0.001	0.001	0.001	0.997
0.001	0.149	0.001	0.849
0.001	0.001	0.001	0.997
0.001	0.001	0.997	0.001
0.001	0.997	0.001	0.001
0.997	0.001	0.001	0.001
0.001	0.001	0.149	0.849
>TTTVGGATGTTT	3-TTTVGGATGTTT	11.525660	-19.434232	0	T:12.0(28.57%),B:1202.7(3.08%),P:1e-8	Tpos:607.9,Tstd:287.6,Bpos:517.0,Bstd:295.0,StrandBias:0.7,Multiplicity:1.08
0.001	0.001	0.001	0.997
0.109	0.001	0.118	0.772
0.001	0.001	0.001	0.997
0.231	0.343	0.337	0.088
0.001	0.183	0.814	0.002
0.174	0.070	0.666	0.090
0.877	0.001	0.001	0.121
0.072	0.001	0.001	0.926
0.045	0.001	0.816	0.138
0.086	0.006	0.001	0.907
0.001	0.001	0.001	0.997
0.001	0.001	0.090	0.908
>TGCATTGTAAAC	4-TGCATTGTAAAC	13.855534	-18.161061	0	T:5.0(11.90%),B:65.6(0.17%),P:1e-7	Tpos:406.6,Tstd:225.4,Bpos:480.4,Bstd:264.3,StrandBias:2.0,Multiplicity:1.00
0.001	0.001	0.001	0.997
0.001	0.177	0.821	0.001
0.001	0.997	0.001	0.001
0.997	0.001	0.001	0.001
0.001	0.283	0.001	0.715
0.001	0.001	0.001	0.997
0.001	0.001	0.997	0.001
0.136	0.001	0.001	0.862
0.997	0.001	0.001	0.001
0.997	0.001	0.001	0.001
0.997	0.001	0.001	0.001
0.001	0.796	0.001	0.202
>CAAAACCGTTAT	5-CAAAACCGTTAT	14.040656	-17.810111	0	T:5.0(11.90%),B:70.2(0.18%),P:1e-7	Tpos:627.2,Tstd:289.5,Bpos:564.5,Bstd:291.1,StrandBias:-0.6,Multiplicity:1.00
0.163	0.835	0.001	0.001
0.997	0.001	0.001	0.001
0.997	0.001	0.001	0.001
0.997	0.001	0.001	0.001
0.997	0.001	0.001	0.001
0.001	0.997	0.001	0.001
0.001	0.819	0.001	0.179
0.001	0.001	0.816	0.182
0.001	0.001	0.001	0.997
0.001	0.001	0.001	0.997
0.702	0.001	0.296	0.001
0.001	0.001	0.001	0.997
>CGACAAGGACAA	6-CGACAAGGACAA	14.499520	-17.576043	0	T:4.0(9.52%),B:24.8(0.06%),P:1e-7	Tpos:282.8,Tstd:224.2,Bpos:524.9,Bstd:276.0,StrandBias:0.0,Multiplicity:1.00
0.001	0.997	0.001	0.001
0.001	0.001	0.997	0.001
0.997	0.001	0.001	0.001
0.228	0.770	0.001	0.001
0.997	0.001	0.001	0.001
0.997	0.001	0.001	0.001
0.001	0.218	0.780	0.001
0.001	0.001	0.997	0.001
0.723	0.001	0.001	0.275
0.001	0.997	0.001	0.001
0.997	0.001	0.001	0.001
0.997	0.001	0.001	0.001
>CAATAAAATAAC	7-CAATAAAATAAC	13.532781	-17.382496	0	T:7.0(16.67%),B:288.6(0.74%),P:1e-7	Tpos:576.1,Tstd:203.0,Bpos:525.8,Bstd:285.2,StrandBias:1.3,Multiplicity:1.00
0.001	0.997	0.001	0.001
0.997	0.001	0.001	0.001
0.997	0.001	0.001	0.001
0.106	0.001	0.001	0.892
0.997	0.001	0.001	0.001
0.997	0.001	0.001	0.001
0.997	0.001	0.001	0.001
0.997	0.001	0.001	0.001
0.119	0.001	0.001	0.879
0.817	0.181	0.001	0.001
0.792	0.001	0.206	0.001
0.089	0.761	0.149	0.001
>ATAAATTTTCAT	8-ATAAATTTTCAT	12.394937	-16.679221	0	T:12.0(28.57%),B:1546.5(3.97%),P:1e-7	Tpos:496.7,Tstd:247.4,Bpos:512.5,Bstd:295.5,StrandBias:-0.2,Multiplicity:1.36
0.910	0.001	0.001	0.088
0.001	0.001	0.001	0.997
0.539	0.245	0.119	0.097
0.997	0.001	0.001	0.001
0.997	0.001	0.001	0.001
0.001	0.001	0.001	0.997
0.001	0.001	0.001	0.997
0.001	0.001	0.001	0.997
0.001	0.001	0.001	0.997
0.100	0.802	0.097	0.001
0.997	0.001	0.001	0.001
0.145	0.001	0.001	0.853
>TCAGATTCAGYA	9-TCAGATTCAGYA	14.111281	-15.793662	0	T:3.0(7.14%),B:7.3(0.02%),P:1e-6	Tpos:670.7,Tstd:315.4,Bpos:336.7,Bstd:240.5,StrandBias:1.0,Multiplicity:1.00
0.234	0.001	0.001	0.764
0.336	0.662	0.001	0.001
0.625	0.001	0.373	0.001
0.001	0.001	0.997	0.001
0.997	0.001	0.001	0.001
0.001	0.001	0.001	0.997
0.001	0.336	0.001	0.662
0.001	0.997	0.001	0.001
0.997	0.001	0.001	0.001
0.001	0.001	0.997	0.001
0.234	0.391	0.001	0.374
0.997	0.001	0.001	0.001
>TACTTTCAAGTA	10-TACTTTCAAGTA	12.355432	-14.927411	0	T:3.0(7.14%),B:10.5(0.03%),P:1e-6	Tpos:778.0,Tstd:14.9,Bpos:463.6,Bstd:256.7,StrandBias:10.0,Multiplicity:1.00
0.100	0.100	0.100	0.700
0.700	0.100	0.100	0.100
0.100	0.700	0.100	0.100
0.100	0.100	0.100	0.700
0.100	0.100	0.100	0.700
0.100	0.100	0.100	0.700
0.100	0.700	0.100	0.100
0.700	0.100	0.100	0.100
0.700	0.100	0.100	0.100
0.100	0.100	0.700	0.100
0.100	0.100	0.100	0.700
0.700	0.100	0.100	0.100
>AAAATTTGGTCA	11-AAAATTTGGTCA	13.387831	-14.781920	0	T:7.0(16.67%),B:426.8(1.09%),P:1e-6	Tpos:403.8,Tstd:292.4,Bpos:507.9,Bstd:279.2,StrandBias:-0.7,Multiplicity:1.14
0.997	0.001	0.001	0.001
0.997	0.001	0.001	0.001
0.997	0.001	0.001	0.001
0.997	0.001	0.001	0.001
0.001	0.001	0.163	0.835
0.001	0.001	0.001	0.997
0.001	0.001	0.001	0.997
0.001	0.001	0.997	0.001
0.001	0.001	0.905	0.093
0.162	0.001	0.145	0.692
0.001	0.872	0.126	0.001
0.847	0.001	0.001	0.151
>ATTTTAGTAGAT	12-ATTTTAGTAGAT	14.318875	-14.464605	0	T:3.0(7.14%),B:12.3(0.03%),P:1e-6	Tpos:587.0,Tstd:281.1,Bpos:682.4,Bstd:283.8,StrandBias:10.0,Multiplicity:1.00
0.800	0.001	0.001	0.198
0.178	0.163	0.102	0.557
0.001	0.001	0.001	0.997
0.001	0.001	0.001	0.997
0.001	0.106	0.162	0.731
0.662	0.001	0.258	0.079
0.001	0.001	0.997	0.001
0.098	0.095	0.001	0.806
0.925	0.001	0.001	0.073
0.007	0.162	0.830	0.001
0.906	0.001	0.092	0.001
0.175	0.001	0.001	0.823
>YGTATTTTATCA	13-YGTATTTTATCA	12.462923	-13.689549	0	T:7.0(16.67%),B:503.5(1.29%),P:1e-5	Tpos:647.4,Tstd:304.2,Bpos:539.5,Bstd:292.6,StrandBias:1.0,Multiplicity:1.29
0.001	0.476	0.154	0.368
0.381	0.001	0.617	0.001
0.001	0.001	0.001	0.997
0.611	0.182	0.001	0.206
0.001	0.001	0.185	0.813
0.001	0.001	0.001	0.997
0.001	0.001	0.001	0.997
0.206	0.001	0.001	0.792
0.997	0.001	0.001	0.001
0.001	0.001	0.001	0.997
0.001	0.997	0.001	0.001
0.772	0.001	0.226	0.001
>TTTACTGATCAG	14-TTTACTGATCAG	10.564831	-13.583016	0	T:4.0(9.52%),B:70.6(0.18%),P:1e-5	Tpos:646.8,Tstd:178.1,Bpos:621.7,Bstd:283.8,StrandBias:1.0,Multiplicity:1.25
0.001	0.001	0.001	0.997
0.001	0.001	0.001	0.997
0.001	0.099	0.028	0.872
0.997	0.001	0.001	0.001
0.001	0.997	0.001	0.001
0.001	0.001	0.001	0.997
0.001	0.001	0.997	0.001
0.997	0.001	0.001	0.001
0.001	0.001	0.001	0.997
0.085	0.913	0.001	0.001
0.997	0.001	0.001	0.001
0.001	0.001	0.997	0.001
>GATTTACTGTTA	15-GATTTACTGTTA	11.525797	-13.159809	0	T:6.0(14.29%),B:343.0(0.88%),P:1e-5	Tpos:447.2,Tstd:254.9,Bpos:493.9,Bstd:318.8,StrandBias:-1.6,Multiplicity:1.33
0.001	0.181	0.487	0.331
0.754	0.001	0.244	0.001
0.001	0.001	0.001	0.997
0.001	0.181	0.220	0.598
0.205	0.001	0.001	0.793
0.754	0.244	0.001	0.001
0.001	0.888	0.001	0.110
0.009	0.001	0.001	0.989
0.001	0.001	0.997	0.001
0.205	0.001	0.001	0.793
0.001	0.001	0.001	0.997
0.997	0.001	0.001	0.001
>CTCCCACCTTTT	16-CTCCCACCTTTT	13.634750	-12.457669	0	T:4.0(9.52%),B:94.2(0.24%),P:1e-5	Tpos:503.2,Tstd:143.9,Bpos:512.3,Bstd:278.9,StrandBias:1.0,Multiplicity:1.50
0.001	0.864	0.001	0.134
0.001	0.001	0.001	0.997
0.001	0.997	0.001	0.001
0.154	0.844	0.001	0.001
0.001	0.997	0.001	0.001
0.997	0.001	0.001	0.001
0.118	0.880	0.001	0.001
0.001	0.997	0.001	0.001
0.001	0.001	0.001	0.997
0.001	0.001	0.001	0.997
0.242	0.001	0.001	0.756
0.001	0.001	0.217	0.781
>WKCASCGCCCMA	17-WKCASCGCCCMA	13.556682	-11.993919	0	T:3.0(7.14%),B:30.1(0.08%),P:1e-5	Tpos:211.1,Tstd:277.9,Bpos:342.9,Bstd:196.7,StrandBias:10.0,Multiplicity:2.33
0.566	0.001	0.001	0.432
0.001	0.001	0.566	0.432
0.001	0.997	0.001	0.001
0.997	0.001	0.001	0.001
0.001	0.487	0.511	0.001
0.001	0.997	0.001	0.001
0.001	0.001	0.978	0.020
0.001	0.997	0.001	0.001
0.001	0.997	0.001	0.001
0.015	0.983	0.001	0.001
0.511	0.487	0.001	0.001
0.997	0.001	0.001	0.001
>CCCCGCCCCCGC	18-CCCCGCCCCCGC	15.184054	-11.902409	0	T:2.0(4.76%),B:2.9(0.01%),P:1e-5	Tpos:428.3,Tstd:128.9,Bpos:419.4,Bstd:220.1,StrandBias:-10.0,Multiplicity:1.50
0.001	0.997	0.001	0.001
0.001	0.997	0.001	0.001
0.001	0.997	0.001	0.001
0.001	0.997	0.001	0.001
0.001	0.001	0.997	0.001
0.001	0.997	0.001	0.001
0.001	0.997	0.001	0.001
0.356	0.642	0.001	0.001
0.001	0.997	0.001	0.001
0.001	0.997	0.001	0.001
0.001	0.001	0.678	0.320
0.001	0.997	0.001	0.001
>VAAAAGTTATAH	19-VAAAAGTTATAH	8.906122	-11.392489	0	T:8.0(19.05%),B:1011.2(2.59%),P:1e-4	Tpos:517.2,Tstd:306.6,Bpos:491.8,Bstd:294.1,StrandBias:0.6,Multiplicity:1.25
0.361	0.217	0.277	0.144
0.530	0.183	0.160	0.127
0.737	0.070	0.021	0.172
0.788	0.121	0.036	0.055
0.718	0.041	0.087	0.154
0.237	0.093	0.478	0.192
0.109	0.101	0.139	0.651
0.118	0.086	0.064	0.732
0.511	0.104	0.228	0.157
0.160	0.102	0.149	0.589
0.577	0.124	0.153	0.146
0.281	0.267	0.117	0.334
>CATCAATTTTCC	20-CATCAATTTTCC	10.409522	-8.958452	0	T:7.0(16.67%),B:1057.8(2.71%),P:1e-3	Tpos:476.2,Tstd:258.1,Bpos:520.4,Bstd:285.8,StrandBias:1.8,Multiplicity:1.29
0.100	0.700	0.100	0.100
0.700	0.100	0.100	0.100
0.100	0.100	0.100	0.700
0.100	0.700	0.100	0.100
0.700	0.100	0.100	0.100
0.700	0.100	0.100	0.100
0.100	0.100	0.100	0.700
0.100	0.100	0.100	0.700
0.100	0.100	0.100	0.700
0.100	0.100	0.100	0.700
0.100	0.700	0.100	0.100
0.100	0.700	0.100	0.100
