>CTGATAAGAAYT	1-CTGATAAGAAYT	11.342723	-32.964707	0	T:24.0(22.64%),B:1177.6(2.87%),P:1e-14	Tpos:681.0,Tstd:248.3,Bpos:567.8,Bstd:314.5,StrandBias:0.6,Multiplicity:1.17
0.001	0.589	0.001	0.409
0.001	0.143	0.001	0.855
0.001	0.001	0.997	0.001
0.997	0.001	0.001	0.001
0.086	0.001	0.001	0.912
0.997	0.001	0.001	0.001
0.997	0.001	0.001	0.001
0.001	0.103	0.895	0.001
0.870	0.002	0.127	0.001
0.704	0.001	0.294	0.001
0.274	0.437	0.001	0.288
0.242	0.239	0.001	0.518
>TSCTMASTCTTA	2-TSCTMASTCTTA	13.140349	-30.233335	0	T:12.0(11.32%),B:173.5(0.42%),P:1e-13	Tpos:707.9,Tstd:251.3,Bpos:562.2,Bstd:312.4,StrandBias:0.0,Multiplicity:1.17
0.001	0.001	0.001	0.997
0.001	0.507	0.491	0.001
0.001	0.997	0.001	0.001
0.001	0.001	0.001	0.997
0.453	0.545	0.001	0.001
0.997	0.001	0.001	0.001
0.001	0.411	0.400	0.188
0.001	0.001	0.001	0.997
0.001	0.658	0.001	0.340
0.001	0.001	0.001	0.997
0.001	0.001	0.001	0.997
0.997	0.001	0.001	0.001
>GTTGCGTTTGTT	3-GTTGCGTTTGTT	13.696772	-25.437695	0	T:7.0(6.60%),B:32.1(0.08%),P:1e-11	Tpos:533.1,Tstd:263.8,Bpos:447.1,Bstd:322.1,StrandBias:2.6,Multiplicity:1.00
0.001	0.001	0.876	0.122
0.001	0.001	0.001	0.997
0.001	0.001	0.001	0.997
0.001	0.122	0.876	0.001
0.001	0.997	0.001	0.001
0.001	0.001	0.997	0.001
0.171	0.001	0.185	0.643
0.001	0.001	0.001	0.997
0.001	0.001	0.001	0.997
0.001	0.001	0.997	0.001
0.001	0.209	0.001	0.789
0.001	0.001	0.001	0.997
>TCBATTGACTAT	4-TCBATTGACTAT	11.722240	-24.331052	0	T:10.0(9.43%),B:161.6(0.39%),P:1e-10	Tpos:394.5,Tstd:277.2,Bpos:505.4,Bstd:309.6,StrandBias:-0.3,Multiplicity:1.10
0.001	0.001	0.001	0.997
0.098	0.610	0.291	0.001
0.008	0.398	0.257	0.337
0.887	0.111	0.001	0.001
0.001	0.001	0.001	0.997
0.001	0.001	0.144	0.854
0.001	0.001	0.870	0.128
0.854	0.144	0.001	0.001
0.097	0.901	0.001	0.001
0.001	0.001	0.001	0.997
0.751	0.247	0.001	0.001
0.001	0.001	0.001	0.997
>CAATTAGTGTTG	5-CAATTAGTGTTG	13.052304	-24.009238	0	T:8.0(7.55%),B:72.1(0.18%),P:1e-10	Tpos:520.4,Tstd:273.8,Bpos:433.4,Bstd:298.0,StrandBias:0.0,Multiplicity:1.25
0.001	0.997	0.001	0.001
0.824	0.001	0.001	0.174
0.997	0.001	0.001	0.001
0.001	0.001	0.001	0.997
0.001	0.001	0.001	0.997
0.712	0.169	0.001	0.118
0.001	0.001	0.997	0.001
0.205	0.174	0.001	0.620
0.001	0.001	0.997	0.001
0.001	0.001	0.001	0.997
0.001	0.001	0.001	0.997
0.001	0.001	0.997	0.001
>AGTGGATGTAAA	6-AGTGGATGTAAA	13.344919	-23.596024	0	T:6.0(5.66%),B:20.6(0.05%),P:1e-10	Tpos:331.5,Tstd:208.1,Bpos:555.3,Bstd:322.5,StrandBias:2.3,Multiplicity:1.00
0.749	0.001	0.001	0.249
0.001	0.001	0.649	0.349
0.205	0.001	0.001	0.793
0.001	0.197	0.690	0.112
0.001	0.001	0.997	0.001
0.997	0.001	0.001	0.001
0.001	0.001	0.001	0.997
0.001	0.001	0.997	0.001
0.001	0.248	0.190	0.561
0.792	0.001	0.001	0.206
0.997	0.001	0.001	0.001
0.962	0.001	0.001	0.036
>GTAGTCAATTGA	7-GTAGTCAATTGA	14.199806	-22.504902	0	T:7.0(6.60%),B:51.6(0.13%),P:1e-9	Tpos:492.7,Tstd:255.5,Bpos:488.9,Bstd:336.8,StrandBias:1.3,Multiplicity:1.00
0.207	0.001	0.791	0.001
0.001	0.001	0.001	0.997
0.997	0.001	0.001	0.001
0.001	0.180	0.667	0.152
0.001	0.001	0.001	0.997
0.001	0.997	0.001	0.001
0.997	0.001	0.001	0.001
0.997	0.001	0.001	0.001
0.001	0.001	0.001	0.997
0.001	0.001	0.001	0.997
0.001	0.001	0.997	0.001
0.748	0.001	0.001	0.250
>CGAAACGAACTT	8-CGAAACGAACTT	13.914008	-22.443933	0	T:6.0(5.66%),B:25.4(0.06%),P:1e-9	Tpos:653.5,Tstd:214.2,Bpos:562.0,Bstd:307.9,StrandBias:2.3,Multiplicity:1.00
0.001	0.997	0.001	0.001
0.001	0.221	0.777	0.001
0.997	0.001	0.001	0.001
0.997	0.001	0.001	0.001
0.997	0.001	0.001	0.001
0.001	0.997	0.001	0.001
0.146	0.001	0.852	0.001
0.997	0.001	0.001	0.001
0.997	0.001	0.001	0.001
0.001	0.997	0.001	0.001
0.001	0.250	0.001	0.748
0.204	0.001	0.001	0.794
>CGYCMCCCAATG	9-CGYCMCCCAATG	11.328840	-22.192343	0	T:8.0(7.55%),B:92.7(0.23%),P:1e-9	Tpos:378.1,Tstd:220.0,Bpos:439.5,Bstd:283.6,StrandBias:0.7,Multiplicity:1.00
0.332	0.666	0.001	0.001
0.001	0.001	0.997	0.001
0.001	0.516	0.001	0.482
0.133	0.865	0.001	0.001
0.467	0.531	0.001	0.001
0.165	0.700	0.134	0.001
0.001	0.997	0.001	0.001
0.001	0.666	0.332	0.001
0.997	0.001	0.001	0.001
0.997	0.001	0.001	0.001
0.001	0.001	0.001	0.997
0.183	0.001	0.815	0.001
>CCTGACCTTCGG	10-CCTGACCTTCGG	14.308164	-21.191298	0	T:4.0(3.77%),B:2.4(0.01%),P:1e-9	Tpos:741.8,Tstd:84.7,Bpos:350.7,Bstd:241.8,StrandBias:1.6,Multiplicity:1.00
0.193	0.805	0.001	0.001
0.218	0.780	0.001	0.001
0.001	0.001	0.001	0.997
0.001	0.001	0.997	0.001
0.997	0.001	0.001	0.001
0.001	0.997	0.001	0.001
0.218	0.780	0.001	0.001
0.001	0.001	0.001	0.997
0.001	0.001	0.001	0.997
0.001	0.997	0.001	0.001
0.001	0.001	0.851	0.147
0.001	0.001	0.997	0.001
>CAGTGGCTAAGA	11-CAGTGGCTAAGA	13.705806	-21.187557	0	T:5.0(4.72%),B:12.2(0.03%),P:1e-9	Tpos:572.4,Tstd:346.7,Bpos:614.2,Bstd:264.9,StrandBias:0.6,Multiplicity:1.00
0.001	0.997	0.001	0.001
0.997	0.001	0.001	0.001
0.275	0.001	0.723	0.001
0.001	0.001	0.001	0.997
0.001	0.001	0.997	0.001
0.001	0.001	0.997	0.001
0.001	0.997	0.001	0.001
0.001	0.001	0.275	0.723
0.997	0.001	0.001	0.001
0.997	0.001	0.001	0.001
0.001	0.001	0.997	0.001
0.447	0.276	0.001	0.276
>AAAAGCGTTTTG	12-AAAAGCGTTTTG	11.640765	-20.904182	0	T:12.0(11.32%),B:400.6(0.98%),P:1e-9	Tpos:364.8,Tstd:223.8,Bpos:515.7,Bstd:299.5,StrandBias:-0.5,Multiplicity:1.00
0.997	0.001	0.001	0.001
0.997	0.001	0.001	0.001
0.852	0.001	0.001	0.146
0.807	0.001	0.191	0.001
0.054	0.103	0.842	0.001
0.001	0.933	0.001	0.065
0.111	0.001	0.804	0.084
0.001	0.001	0.152	0.846
0.001	0.001	0.001	0.997
0.001	0.001	0.001	0.997
0.001	0.001	0.001	0.997
0.001	0.001	0.997	0.001
>TAATAGTACGAG	13-TAATAGTACGAG	14.029909	-20.210624	0	T:6.0(5.66%),B:38.9(0.09%),P:1e-8	Tpos:447.0,Tstd:211.7,Bpos:537.1,Bstd:267.8,StrandBias:1.0,Multiplicity:1.00
0.001	0.272	0.001	0.726
0.997	0.001	0.001	0.001
0.997	0.001	0.001	0.001
0.001	0.001	0.001	0.997
0.842	0.001	0.001	0.156
0.001	0.001	0.997	0.001
0.001	0.001	0.001	0.997
0.997	0.001	0.001	0.001
0.156	0.670	0.001	0.173
0.001	0.001	0.997	0.001
0.997	0.001	0.001	0.001
0.001	0.001	0.997	0.001
>ACAAGTCATCTA	14-ACAAGTCATCTA	12.902467	-19.069032	0	T:4.0(3.77%),B:5.4(0.01%),P:1e-8	Tpos:591.2,Tstd:350.7,Bpos:605.1,Bstd:306.7,StrandBias:0.0,Multiplicity:1.00
0.997	0.001	0.001	0.001
0.001	0.997	0.001	0.001
0.997	0.001	0.001	0.001
0.997	0.001	0.001	0.001
0.001	0.001	0.997	0.001
0.001	0.001	0.001	0.997
0.001	0.997	0.001	0.001
0.841	0.157	0.001	0.001
0.001	0.001	0.001	0.997
0.001	0.997	0.001	0.001
0.001	0.001	0.001	0.997
0.841	0.001	0.157	0.001
>TTTTCCAAACAC	15-TTTTCCAAACAC	12.955702	-18.858395	0	T:9.0(8.49%),B:212.0(0.52%),P:1e-8	Tpos:382.5,Tstd:191.8,Bpos:556.4,Bstd:295.6,StrandBias:0.0,Multiplicity:1.11
0.001	0.128	0.001	0.870
0.001	0.097	0.001	0.901
0.001	0.143	0.001	0.855
0.001	0.001	0.001	0.997
0.001	0.912	0.086	0.001
0.001	0.997	0.001	0.001
0.997	0.001	0.001	0.001
0.997	0.001	0.001	0.001
0.877	0.001	0.121	0.001
0.001	0.922	0.001	0.076
0.861	0.137	0.001	0.001
0.045	0.894	0.001	0.060
>GHACCCAATTCT	16-GHACCCAATTCT	13.138915	-18.083885	0	T:6.0(5.66%),B:56.3(0.14%),P:1e-7	Tpos:752.7,Tstd:222.4,Bpos:511.8,Bstd:271.1,StrandBias:2.3,Multiplicity:1.00
0.001	0.001	0.997	0.001
0.320	0.353	0.001	0.326
0.997	0.001	0.001	0.001
0.253	0.745	0.001	0.001
0.001	0.672	0.326	0.001
0.001	0.997	0.001	0.001
0.997	0.001	0.001	0.001
0.997	0.001	0.001	0.001
0.392	0.001	0.001	0.606
0.001	0.001	0.001	0.997
0.001	0.997	0.001	0.001
0.001	0.001	0.001	0.997
>TTCATCAGATGG	17-TTCATCAGATGG	10.955935	-17.358175	0	T:11.0(10.38%),B:443.4(1.08%),P:1e-7	Tpos:570.3,Tstd:287.1,Bpos:499.6,Bstd:320.3,StrandBias:1.6,Multiplicity:1.09
0.001	0.001	0.157	0.841
0.001	0.001	0.001	0.997
0.001	0.997	0.001	0.001
0.997	0.001	0.001	0.001
0.170	0.243	0.001	0.586
0.001	0.841	0.001	0.157
0.997	0.001	0.001	0.001
0.001	0.001	0.755	0.243
0.755	0.001	0.001	0.243
0.381	0.001	0.001	0.617
0.001	0.001	0.690	0.308
0.012	0.001	0.986	0.001
>GGTWGAACACWA	18-GGTWGAACACWA	12.351990	-17.340985	0	T:4.0(3.77%),B:10.0(0.02%),P:1e-7	Tpos:393.5,Tstd:233.8,Bpos:527.0,Bstd:228.7,StrandBias:-1.6,Multiplicity:1.00
0.059	0.125	0.731	0.085
0.170	0.001	0.602	0.227
0.063	0.189	0.003	0.745
0.437	0.093	0.130	0.340
0.002	0.140	0.796	0.062
0.916	0.082	0.001	0.001
0.847	0.093	0.001	0.059
0.248	0.617	0.127	0.008
0.997	0.001	0.001	0.001
0.082	0.876	0.001	0.041
0.405	0.093	0.053	0.448
0.830	0.001	0.093	0.076
>ATAAATTCCGTA	19-ATAAATTCCGTA	12.390345	-16.901970	0	T:7.0(6.60%),B:121.3(0.30%),P:1e-7	Tpos:729.3,Tstd:196.9,Bpos:492.2,Bstd:285.7,StrandBias:1.3,Multiplicity:1.00
0.997	0.001	0.001	0.001
0.001	0.001	0.001	0.997
0.997	0.001	0.001	0.001
0.820	0.001	0.178	0.001
0.662	0.001	0.194	0.143
0.001	0.001	0.001	0.997
0.001	0.001	0.001	0.997
0.001	0.997	0.001	0.001
0.001	0.805	0.193	0.001
0.001	0.272	0.548	0.179
0.001	0.001	0.128	0.870
0.997	0.001	0.001	0.001
>CTGGTCTATTGA	20-CTGGTCTATTGA	14.384256	-16.522752	0	T:3.0(2.83%),B:1.1(0.00%),P:1e-7	Tpos:121.3,Tstd:61.3,Bpos:957.0,Bstd:0.0,StrandBias:10.0,Multiplicity:1.00
0.155	0.712	0.001	0.132
0.140	0.001	0.001	0.858
0.001	0.155	0.843	0.001
0.001	0.001	0.858	0.140
0.001	0.001	0.001	0.997
0.133	0.554	0.172	0.141
0.001	0.001	0.001	0.997
0.827	0.171	0.001	0.001
0.001	0.001	0.001	0.997
0.001	0.001	0.140	0.858
0.001	0.001	0.782	0.216
0.782	0.216	0.001	0.001
>ATCGCAGAACTT	21-ATCGCAGAACTT	14.108156	-16.075250	0	T:5.0(4.72%),B:39.4(0.10%),P:1e-6	Tpos:461.0,Tstd:297.8,Bpos:600.2,Bstd:304.5,StrandBias:0.6,Multiplicity:1.00
0.997	0.001	0.001	0.001
0.001	0.001	0.001	0.997
0.174	0.662	0.001	0.163
0.001	0.001	0.997	0.001
0.163	0.690	0.146	0.001
0.997	0.001	0.001	0.001
0.149	0.001	0.849	0.001
0.997	0.001	0.001	0.001
0.997	0.001	0.001	0.001
0.001	0.997	0.001	0.001
0.001	0.001	0.001	0.997
0.001	0.001	0.001	0.997
>ATTTTCGCCAAC	22-ATTTTCGCCAAC	12.004622	-14.727874	0	T:7.0(6.60%),B:169.5(0.41%),P:1e-6	Tpos:391.9,Tstd:293.8,Bpos:458.5,Bstd:310.6,StrandBias:-1.0,Multiplicity:1.29
0.703	0.295	0.001	0.001
0.142	0.001	0.133	0.724
0.001	0.001	0.001	0.997
0.001	0.001	0.001	0.997
0.001	0.001	0.001	0.997
0.001	0.581	0.417	0.001
0.172	0.295	0.532	0.001
0.001	0.997	0.001	0.001
0.001	0.997	0.001	0.001
0.735	0.001	0.263	0.001
0.857	0.001	0.001	0.141
0.001	0.863	0.001	0.135
>ATCCGCCTMTAT	23-ATCCGCCTMTAT	10.746802	-7.098465	0	T:6.0(5.66%),B:417.3(1.02%),P:1e-3	Tpos:310.7,Tstd:242.8,Bpos:545.7,Bstd:302.5,StrandBias:2.3,Multiplicity:2.00
0.589	0.409	0.001	0.001
0.285	0.001	0.001	0.713
0.001	0.997	0.001	0.001
0.001	0.808	0.001	0.190
0.001	0.001	0.718	0.280
0.001	0.997	0.001	0.001
0.273	0.725	0.001	0.001
0.216	0.001	0.001	0.782
0.440	0.558	0.001	0.001
0.001	0.001	0.001	0.997
0.589	0.001	0.001	0.409
0.001	0.001	0.273	0.725
>CTCAGCCAATCA	24-CTCAGCCAATCA	16.520186	-5.959570	0	T:1.0(0.94%),B:0.0(0.00%),P:1e-2	Tpos:252.2,Tstd:113.1,Bpos:0.0,Bstd:0.0,StrandBias:10.0,Multiplicity:10.00
0.001	0.997	0.001	0.001
0.001	0.001	0.001	0.997
0.001	0.997	0.001	0.001
0.997	0.001	0.001	0.001
0.001	0.001	0.997	0.001
0.001	0.997	0.001	0.001
0.001	0.997	0.001	0.001
0.997	0.001	0.001	0.001
0.997	0.001	0.001	0.001
0.001	0.001	0.001	0.997
0.001	0.997	0.001	0.001
0.921	0.001	0.077	0.001
>ACGTTTAGCTCC	25-ACGTTTAGCTCC	16.265275	-5.959570	0	T:1.0(0.94%),B:0.0(0.00%),P:1e-2	Tpos:261.0,Tstd:128.0,Bpos:0.0,Bstd:0.0,StrandBias:10.0,Multiplicity:7.00
0.997	0.001	0.001	0.001
0.001	0.997	0.001	0.001
0.001	0.001	0.997	0.001
0.001	0.001	0.001	0.997
0.001	0.001	0.001	0.997
0.001	0.001	0.001	0.997
0.997	0.001	0.001	0.001
0.101	0.001	0.805	0.093
0.114	0.884	0.001	0.001
0.001	0.001	0.001	0.997
0.001	0.997	0.001	0.001
0.001	0.997	0.001	0.001
