>TCAAATTTGGTT	13-TCAAATTTGGTT	9.592822	-17.921299	0	T:37.0(39.36%),B:6235.0(15.36%),P:1e-7
0.103	0.025	0.059	0.813
0.043	0.842	0.069	0.046
0.881	0.001	0.117	0.001
0.809	0.001	0.074	0.116
0.871	0.088	0.001	0.040
0.001	0.028	0.166	0.805
0.045	0.001	0.001	0.953
0.061	0.001	0.029	0.909
0.173	0.040	0.714	0.073
0.119	0.077	0.616	0.188
0.014	0.031	0.102	0.853
0.021	0.002	0.039	0.938
