>GCTWMATAATCA	8-GCTWMATAATCA	11.702187	-14.713550	0	T:4.0(6.56%),B:35.3(0.09%),P:1e-6
0.001	0.001	0.849	0.149
0.095	0.494	0.285	0.127
0.001	0.001	0.104	0.894
0.482	0.001	0.001	0.516
0.511	0.487	0.001	0.001
0.781	0.001	0.113	0.105
0.095	0.001	0.126	0.778
0.779	0.073	0.001	0.147
0.776	0.001	0.001	0.222
0.015	0.001	0.001	0.983
0.001	0.748	0.072	0.179
0.612	0.084	0.303	0.001
