>TTAAAAACGCTG	1-TTAAAAACGCTG	11.633887	-27.563291	0	T:11.0(11.00%),B:164.9(0.42%),P:1e-11	Tpos:493.4,Tstd:297.9,Bpos:542.5,Bstd:313.9,StrandBias:-0.5,Multiplicity:1.09
0.107	0.001	0.001	0.891
0.287	0.001	0.001	0.711
0.821	0.001	0.001	0.177
0.727	0.145	0.001	0.127
0.505	0.327	0.001	0.167
0.997	0.001	0.001	0.001
0.903	0.001	0.001	0.095
0.001	0.857	0.001	0.141
0.001	0.001	0.997	0.001
0.001	0.850	0.001	0.148
0.001	0.001	0.001	0.997
0.240	0.001	0.758	0.001
>ACAGTTTTGCKG	2-ACAGTTTTGCKG	11.673930	-18.927927	0	T:8.0(8.00%),B:144.3(0.37%),P:1e-8	Tpos:554.3,Tstd:288.3,Bpos:489.8,Bstd:307.2,StrandBias:-1.0,Multiplicity:1.12
0.767	0.001	0.231	0.001
0.001	0.577	0.421	0.001
0.777	0.001	0.221	0.001
0.001	0.400	0.598	0.001
0.001	0.001	0.221	0.777
0.001	0.001	0.001	0.997
0.001	0.001	0.001	0.997
0.001	0.169	0.001	0.829
0.001	0.001	0.997	0.001
0.001	0.848	0.150	0.001
0.001	0.001	0.449	0.549
0.192	0.001	0.806	0.001
>TAAATTGAAAAA	3-TAAATTGAAAAA	11.821593	-18.825265	0	T:20.0(20.00%),B:1637.1(4.20%),P:1e-8	Tpos:461.6,Tstd:303.7,Bpos:525.8,Bstd:307.7,StrandBias:0.3,Multiplicity:1.10
0.001	0.351	0.044	0.604
0.929	0.069	0.001	0.001
0.607	0.314	0.078	0.001
0.946	0.001	0.001	0.052
0.001	0.001	0.249	0.749
0.127	0.051	0.063	0.759
0.001	0.057	0.941	0.001
0.997	0.001	0.001	0.001
0.871	0.001	0.127	0.001
0.765	0.001	0.075	0.159
0.997	0.001	0.001	0.001
0.839	0.159	0.001	0.001
>TTTTCTAGTTAT	4-TTTTCTAGTTAT	13.105890	-15.548533	0	T:10.0(10.00%),B:422.5(1.08%),P:1e-6	Tpos:572.2,Tstd:295.3,Bpos:485.2,Bstd:303.4,StrandBias:1.0,Multiplicity:1.20
0.001	0.001	0.001	0.997
0.001	0.001	0.001	0.997
0.001	0.001	0.001	0.997
0.001	0.001	0.001	0.997
0.117	0.801	0.001	0.081
0.001	0.001	0.001	0.997
0.922	0.001	0.001	0.076
0.076	0.001	0.922	0.001
0.001	0.001	0.001	0.997
0.001	0.298	0.001	0.700
0.762	0.115	0.122	0.001
0.001	0.001	0.001	0.997
>CCWMTTTTTTTG	5-CCWMTTTTTTTG	12.851587	-15.058314	0	T:11.0(11.00%),B:566.0(1.45%),P:1e-6	Tpos:583.0,Tstd:257.0,Bpos:492.1,Bstd:317.1,StrandBias:1.9,Multiplicity:1.27
0.040	0.958	0.001	0.001
0.001	0.997	0.001	0.001
0.502	0.125	0.001	0.372
0.432	0.562	0.001	0.005
0.001	0.001	0.177	0.821
0.001	0.001	0.001	0.997
0.001	0.001	0.001	0.997
0.114	0.001	0.001	0.884
0.001	0.001	0.001	0.997
0.001	0.001	0.001	0.997
0.001	0.001	0.001	0.997
0.246	0.118	0.635	0.001
>TTATTATTATTA	6-TTATTATTATTA	10.307622	-14.540215	0	T:14.0(14.00%),B:1035.9(2.66%),P:1e-6	Tpos:595.9,Tstd:334.7,Bpos:515.7,Bstd:307.9,StrandBias:1.0,Multiplicity:1.07
0.050	0.210	0.036	0.704
0.059	0.034	0.055	0.852
0.637	0.245	0.070	0.048
0.077	0.041	0.032	0.850
0.300	0.035	0.012	0.653
0.624	0.027	0.035	0.314
0.319	0.039	0.036	0.606
0.273	0.033	0.033	0.661
0.499	0.016	0.181	0.304
0.186	0.204	0.005	0.605
0.086	0.046	0.226	0.642
0.542	0.024	0.196	0.238
>CGAAAATCGATA	7-CGAAAATCGATA	12.478629	-11.777798	0	T:11.0(11.00%),B:800.0(2.05%),P:1e-5	Tpos:454.9,Tstd:322.7,Bpos:529.6,Bstd:376.3,StrandBias:-0.6,Multiplicity:1.36
0.001	0.586	0.203	0.210
0.199	0.001	0.799	0.001
0.836	0.162	0.001	0.001
0.997	0.001	0.001	0.001
0.801	0.197	0.001	0.001
0.893	0.001	0.001	0.105
0.001	0.001	0.001	0.997
0.001	0.997	0.001	0.001
0.089	0.001	0.909	0.001
0.997	0.001	0.001	0.001
0.001	0.001	0.241	0.757
0.840	0.001	0.086	0.073
>AATTGTGGTTTT	8-AATTGTGGTTTT	10.409522	-6.101253	0	T:11.0(11.00%),B:1554.6(3.99%),P:1e-2	Tpos:460.2,Tstd:256.4,Bpos:505.6,Bstd:308.2,StrandBias:0.0,Multiplicity:1.27
0.700	0.100	0.100	0.100
0.700	0.100	0.100	0.100
0.100	0.100	0.100	0.700
0.100	0.100	0.100	0.700
0.100	0.100	0.700	0.100
0.100	0.100	0.100	0.700
0.100	0.100	0.700	0.100
0.100	0.100	0.700	0.100
0.100	0.100	0.100	0.700
0.100	0.100	0.100	0.700
0.100	0.100	0.100	0.700
0.100	0.100	0.100	0.700
