>TCTCACGCCT	1-TCTCACGCCT	9.425268	-23.592103	0	T:12.0(12.00%),B:317.2(0.81%),P:1e-10	Tpos:607.5,Tstd:308.9,Bpos:513.9,Bstd:311.9,StrandBias:2.3,Multiplicity:1.00
0.001	0.140	0.001	0.858
0.001	0.895	0.001	0.103
0.001	0.148	0.001	0.850
0.129	0.869	0.001	0.001
0.914	0.001	0.001	0.084
0.001	0.997	0.001	0.001
0.111	0.001	0.887	0.001
0.001	0.997	0.001	0.001
0.001	0.839	0.159	0.001
0.001	0.001	0.001	0.997
>CAATATCCCG	2-CAATATCCCG	10.185400	-20.283987	0	T:12.0(12.00%),B:428.6(1.10%),P:1e-8	Tpos:499.0,Tstd:261.3,Bpos:493.1,Bstd:311.8,StrandBias:0.5,Multiplicity:1.00
0.063	0.935	0.001	0.001
0.997	0.001	0.001	0.001
0.867	0.001	0.131	0.001
0.063	0.126	0.001	0.810
0.849	0.001	0.114	0.036
0.103	0.001	0.001	0.895
0.001	0.893	0.105	0.001
0.001	0.997	0.001	0.001
0.076	0.922	0.001	0.001
0.079	0.001	0.919	0.001
>TAATCCTTCG	3-TAATCCTTCG	10.411874	-20.043246	0	T:10.0(10.00%),B:258.4(0.66%),P:1e-8	Tpos:442.3,Tstd:291.7,Bpos:452.1,Bstd:308.1,StrandBias:0.0,Multiplicity:1.00
0.050	0.001	0.001	0.948
0.847	0.078	0.074	0.001
0.790	0.208	0.001	0.001
0.087	0.001	0.132	0.780
0.001	0.952	0.001	0.046
0.001	0.997	0.001	0.001
0.001	0.001	0.097	0.901
0.001	0.001	0.001	0.997
0.001	0.997	0.001	0.001
0.001	0.083	0.863	0.053
>CAAAGAAAAT	4-CAAAGAAAAT	9.078540	-19.207445	0	T:55.0(55.00%),B:10592.7(27.20%),P:1e-8	Tpos:490.7,Tstd:308.5,Bpos:515.1,Bstd:313.0,StrandBias:-0.5,Multiplicity:1.31
0.005	0.786	0.135	0.074
0.759	0.119	0.001	0.121
0.589	0.271	0.033	0.107
0.776	0.181	0.042	0.001
0.071	0.001	0.927	0.001
0.942	0.001	0.056	0.001
0.858	0.001	0.140	0.001
0.832	0.001	0.001	0.166
0.890	0.108	0.001	0.001
0.134	0.099	0.001	0.766
>CAATTCATAG	5-CAATTCATAG	9.593840	-18.373534	0	T:17.0(17.00%),B:1183.3(3.04%),P:1e-7	Tpos:443.3,Tstd:213.9,Bpos:507.5,Bstd:295.6,StrandBias:0.7,Multiplicity:1.06
0.032	0.828	0.063	0.077
0.997	0.001	0.001	0.001
0.916	0.001	0.082	0.001
0.155	0.001	0.001	0.843
0.001	0.001	0.108	0.890
0.001	0.997	0.001	0.001
0.832	0.087	0.001	0.080
0.033	0.001	0.001	0.965
0.883	0.067	0.001	0.049
0.095	0.001	0.903	0.001
>RGGAGAGTGT	6-RGGAGAGTGT	9.439905	-16.380165	0	T:12.0(12.00%),B:615.1(1.58%),P:1e-7	Tpos:633.0,Tstd:274.1,Bpos:522.2,Bstd:322.4,StrandBias:-0.5,Multiplicity:1.09
0.496	0.001	0.480	0.023
0.004	0.001	0.933	0.062
0.001	0.097	0.901	0.001
0.788	0.210	0.001	0.001
0.054	0.001	0.944	0.001
0.908	0.001	0.090	0.001
0.159	0.074	0.704	0.063
0.001	0.001	0.001	0.997
0.085	0.001	0.848	0.066
0.307	0.005	0.001	0.687
>TTGTGCTAAA	7-TTGTGCTAAA	9.901371	-16.205519	0	T:19.0(19.00%),B:1734.8(4.45%),P:1e-7	Tpos:630.2,Tstd:280.7,Bpos:499.2,Bstd:313.8,StrandBias:0.0,Multiplicity:1.16
0.063	0.001	0.095	0.841
0.075	0.001	0.001	0.923
0.124	0.001	0.783	0.092
0.039	0.001	0.001	0.959
0.001	0.059	0.939	0.001
0.001	0.918	0.049	0.032
0.001	0.001	0.052	0.946
0.837	0.098	0.001	0.064
0.997	0.001	0.001	0.001
0.899	0.099	0.001	0.001
>CTCCGTCTCT	8-CTCCGTCTCT	9.685067	-14.621831	0	T:22.0(22.00%),B:2545.1(6.53%),P:1e-6	Tpos:471.7,Tstd:277.9,Bpos:554.3,Bstd:340.4,StrandBias:0.6,Multiplicity:1.14
0.001	0.945	0.001	0.053
0.001	0.001	0.001	0.997
0.066	0.760	0.116	0.058
0.001	0.955	0.001	0.043
0.041	0.036	0.830	0.093
0.099	0.001	0.001	0.899
0.001	0.997	0.001	0.001
0.001	0.001	0.001	0.997
0.110	0.888	0.001	0.001
0.095	0.148	0.001	0.756
>TTCCAGTTSG	9-TTCCAGTTSG	9.792807	-12.669395	0	T:13.0(13.00%),B:1044.3(2.68%),P:1e-5	Tpos:492.4,Tstd:285.4,Bpos:490.2,Bstd:320.2,StrandBias:0.8,Multiplicity:1.08
0.001	0.001	0.001	0.997
0.001	0.127	0.001	0.871
0.001	0.997	0.001	0.001
0.001	0.997	0.001	0.001
0.608	0.134	0.001	0.257
0.001	0.233	0.765	0.001
0.090	0.001	0.001	0.908
0.001	0.128	0.001	0.870
0.004	0.471	0.471	0.054
0.001	0.001	0.997	0.001
>AGTGACGTCA	10-AGTGACGTCA	8.486606	-11.663001	0	T:22.0(22.00%),B:3053.6(7.84%),P:1e-5	Tpos:490.0,Tstd:260.1,Bpos:505.3,Bstd:312.8,StrandBias:0.1,Multiplicity:1.14
0.837	0.001	0.161	0.001
0.295	0.011	0.467	0.227
0.001	0.001	0.001	0.997
0.199	0.104	0.592	0.105
0.642	0.150	0.199	0.009
0.150	0.625	0.123	0.102
0.099	0.001	0.899	0.001
0.001	0.001	0.001	0.997
0.001	0.997	0.001	0.001
0.997	0.001	0.001	0.001
