>TCTCACGCCT	1-TCTCACGCCT	9.425268	-23.592103	0	T:12.0(12.00%),B:317.2(0.81%),P:1e-10	Tpos:607.5,Tstd:308.9,Bpos:513.9,Bstd:311.9,StrandBias:2.3,Multiplicity:1.00
0.001	0.140	0.001	0.858
0.001	0.895	0.001	0.103
0.001	0.148	0.001	0.850
0.129	0.869	0.001	0.001
0.914	0.001	0.001	0.084
0.001	0.997	0.001	0.001
0.111	0.001	0.887	0.001
0.001	0.997	0.001	0.001
0.001	0.839	0.159	0.001
0.001	0.001	0.001	0.997
>CAATATCCCG	2-CAATATCCCG	10.185400	-20.283987	0	T:12.0(12.00%),B:428.6(1.10%),P:1e-8	Tpos:499.0,Tstd:261.3,Bpos:493.1,Bstd:311.8,StrandBias:0.5,Multiplicity:1.00
0.063	0.935	0.001	0.001
0.997	0.001	0.001	0.001
0.867	0.001	0.131	0.001
0.063	0.126	0.001	0.810
0.849	0.001	0.114	0.036
0.103	0.001	0.001	0.895
0.001	0.893	0.105	0.001
0.001	0.997	0.001	0.001
0.076	0.922	0.001	0.001
0.079	0.001	0.919	0.001
>TAATCCTTCG	3-TAATCCTTCG	10.411874	-20.043246	0	T:10.0(10.00%),B:258.4(0.66%),P:1e-8	Tpos:442.3,Tstd:291.7,Bpos:452.1,Bstd:308.1,StrandBias:0.0,Multiplicity:1.00
0.050	0.001	0.001	0.948
0.847	0.078	0.074	0.001
0.790	0.208	0.001	0.001
0.087	0.001	0.132	0.780
0.001	0.952	0.001	0.046
0.001	0.997	0.001	0.001
0.001	0.001	0.097	0.901
0.001	0.001	0.001	0.997
0.001	0.997	0.001	0.001
0.001	0.083	0.863	0.053
>CAAAGAAAAT	4-CAAAGAAAAT	9.078540	-19.207445	0	T:55.0(55.00%),B:10592.7(27.20%),P:1e-8	Tpos:490.7,Tstd:308.5,Bpos:515.1,Bstd:313.0,StrandBias:-0.5,Multiplicity:1.31
0.005	0.786	0.135	0.074
0.759	0.119	0.001	0.121
0.589	0.271	0.033	0.107
0.776	0.181	0.042	0.001
0.071	0.001	0.927	0.001
0.942	0.001	0.056	0.001
0.858	0.001	0.140	0.001
0.832	0.001	0.001	0.166
0.890	0.108	0.001	0.001
0.134	0.099	0.001	0.766
>CAATTCATAG	5-CAATTCATAG	9.593840	-18.373534	0	T:17.0(17.00%),B:1183.3(3.04%),P:1e-7	Tpos:443.3,Tstd:213.9,Bpos:507.5,Bstd:295.6,StrandBias:0.7,Multiplicity:1.06
0.032	0.828	0.063	0.077
0.997	0.001	0.001	0.001
0.916	0.001	0.082	0.001
0.155	0.001	0.001	0.843
0.001	0.001	0.108	0.890
0.001	0.997	0.001	0.001
0.832	0.087	0.001	0.080
0.033	0.001	0.001	0.965
0.883	0.067	0.001	0.049
0.095	0.001	0.903	0.001
>RGGAGAGTGT	6-RGGAGAGTGT	9.439905	-16.380165	0	T:12.0(12.00%),B:615.1(1.58%),P:1e-7	Tpos:633.0,Tstd:274.1,Bpos:522.2,Bstd:322.4,StrandBias:-0.5,Multiplicity:1.09
0.496	0.001	0.480	0.023
0.004	0.001	0.933	0.062
0.001	0.097	0.901	0.001
0.788	0.210	0.001	0.001
0.054	0.001	0.944	0.001
0.908	0.001	0.090	0.001
0.159	0.074	0.704	0.063
0.001	0.001	0.001	0.997
0.085	0.001	0.848	0.066
0.307	0.005	0.001	0.687
>TTGTGCTAAA	7-TTGTGCTAAA	9.901371	-16.205519	0	T:19.0(19.00%),B:1734.8(4.45%),P:1e-7	Tpos:630.2,Tstd:280.7,Bpos:499.2,Bstd:313.8,StrandBias:0.0,Multiplicity:1.16
0.063	0.001	0.095	0.841
0.075	0.001	0.001	0.923
0.124	0.001	0.783	0.092
0.039	0.001	0.001	0.959
0.001	0.059	0.939	0.001
0.001	0.918	0.049	0.032
0.001	0.001	0.052	0.946
0.837	0.098	0.001	0.064
0.997	0.001	0.001	0.001
0.899	0.099	0.001	0.001
>CTCCGTCTCT	8-CTCCGTCTCT	9.685067	-14.621831	0	T:22.0(22.00%),B:2545.1(6.53%),P:1e-6	Tpos:471.7,Tstd:277.9,Bpos:554.3,Bstd:340.4,StrandBias:0.6,Multiplicity:1.14
0.001	0.945	0.001	0.053
0.001	0.001	0.001	0.997
0.066	0.760	0.116	0.058
0.001	0.955	0.001	0.043
0.041	0.036	0.830	0.093
0.099	0.001	0.001	0.899
0.001	0.997	0.001	0.001
0.001	0.001	0.001	0.997
0.110	0.888	0.001	0.001
0.095	0.148	0.001	0.756
>TTCCAGTTSG	9-TTCCAGTTSG	9.792807	-12.669395	0	T:13.0(13.00%),B:1044.3(2.68%),P:1e-5	Tpos:492.4,Tstd:285.4,Bpos:490.2,Bstd:320.2,StrandBias:0.8,Multiplicity:1.08
0.001	0.001	0.001	0.997
0.001	0.127	0.001	0.871
0.001	0.997	0.001	0.001
0.001	0.997	0.001	0.001
0.608	0.134	0.001	0.257
0.001	0.233	0.765	0.001
0.090	0.001	0.001	0.908
0.001	0.128	0.001	0.870
0.004	0.471	0.471	0.054
0.001	0.001	0.997	0.001
>AGTGACGTCA	10-AGTGACGTCA	8.486606	-11.663001	0	T:22.0(22.00%),B:3053.6(7.84%),P:1e-5	Tpos:490.0,Tstd:260.1,Bpos:505.3,Bstd:312.8,StrandBias:0.1,Multiplicity:1.14
0.837	0.001	0.161	0.001
0.295	0.011	0.467	0.227
0.001	0.001	0.001	0.997
0.199	0.104	0.592	0.105
0.642	0.150	0.199	0.009
0.150	0.625	0.123	0.102
0.099	0.001	0.899	0.001
0.001	0.001	0.001	0.997
0.001	0.997	0.001	0.001
0.997	0.001	0.001	0.001
>TTAAAAACGCTG	1-TTAAAAACGCTG	11.633887	-27.563291	0	T:11.0(11.00%),B:164.9(0.42%),P:1e-11	Tpos:493.4,Tstd:297.9,Bpos:542.5,Bstd:313.9,StrandBias:-0.5,Multiplicity:1.09
0.107	0.001	0.001	0.891
0.287	0.001	0.001	0.711
0.821	0.001	0.001	0.177
0.727	0.145	0.001	0.127
0.505	0.327	0.001	0.167
0.997	0.001	0.001	0.001
0.903	0.001	0.001	0.095
0.001	0.857	0.001	0.141
0.001	0.001	0.997	0.001
0.001	0.850	0.001	0.148
0.001	0.001	0.001	0.997
0.240	0.001	0.758	0.001
>ACAGTTTTGCKG	2-ACAGTTTTGCKG	11.673930	-18.927927	0	T:8.0(8.00%),B:144.3(0.37%),P:1e-8	Tpos:554.3,Tstd:288.3,Bpos:489.8,Bstd:307.2,StrandBias:-1.0,Multiplicity:1.12
0.767	0.001	0.231	0.001
0.001	0.577	0.421	0.001
0.777	0.001	0.221	0.001
0.001	0.400	0.598	0.001
0.001	0.001	0.221	0.777
0.001	0.001	0.001	0.997
0.001	0.001	0.001	0.997
0.001	0.169	0.001	0.829
0.001	0.001	0.997	0.001
0.001	0.848	0.150	0.001
0.001	0.001	0.449	0.549
0.192	0.001	0.806	0.001
>TAAATTGAAAAA	3-TAAATTGAAAAA	11.821593	-18.825265	0	T:20.0(20.00%),B:1637.1(4.20%),P:1e-8	Tpos:461.6,Tstd:303.7,Bpos:525.8,Bstd:307.7,StrandBias:0.3,Multiplicity:1.10
0.001	0.351	0.044	0.604
0.929	0.069	0.001	0.001
0.607	0.314	0.078	0.001
0.946	0.001	0.001	0.052
0.001	0.001	0.249	0.749
0.127	0.051	0.063	0.759
0.001	0.057	0.941	0.001
0.997	0.001	0.001	0.001
0.871	0.001	0.127	0.001
0.765	0.001	0.075	0.159
0.997	0.001	0.001	0.001
0.839	0.159	0.001	0.001
>TTTTCTAGTTAT	4-TTTTCTAGTTAT	13.105890	-15.548533	0	T:10.0(10.00%),B:422.5(1.08%),P:1e-6	Tpos:572.2,Tstd:295.3,Bpos:485.2,Bstd:303.4,StrandBias:1.0,Multiplicity:1.20
0.001	0.001	0.001	0.997
0.001	0.001	0.001	0.997
0.001	0.001	0.001	0.997
0.001	0.001	0.001	0.997
0.117	0.801	0.001	0.081
0.001	0.001	0.001	0.997
0.922	0.001	0.001	0.076
0.076	0.001	0.922	0.001
0.001	0.001	0.001	0.997
0.001	0.298	0.001	0.700
0.762	0.115	0.122	0.001
0.001	0.001	0.001	0.997
>CCWMTTTTTTTG	5-CCWMTTTTTTTG	12.851587	-15.058314	0	T:11.0(11.00%),B:566.0(1.45%),P:1e-6	Tpos:583.0,Tstd:257.0,Bpos:492.1,Bstd:317.1,StrandBias:1.9,Multiplicity:1.27
0.040	0.958	0.001	0.001
0.001	0.997	0.001	0.001
0.502	0.125	0.001	0.372
0.432	0.562	0.001	0.005
0.001	0.001	0.177	0.821
0.001	0.001	0.001	0.997
0.001	0.001	0.001	0.997
0.114	0.001	0.001	0.884
0.001	0.001	0.001	0.997
0.001	0.001	0.001	0.997
0.001	0.001	0.001	0.997
0.246	0.118	0.635	0.001
>TTATTATTATTA	6-TTATTATTATTA	10.307622	-14.540215	0	T:14.0(14.00%),B:1035.9(2.66%),P:1e-6	Tpos:595.9,Tstd:334.7,Bpos:515.7,Bstd:307.9,StrandBias:1.0,Multiplicity:1.07
0.050	0.210	0.036	0.704
0.059	0.034	0.055	0.852
0.637	0.245	0.070	0.048
0.077	0.041	0.032	0.850
0.300	0.035	0.012	0.653
0.624	0.027	0.035	0.314
0.319	0.039	0.036	0.606
0.273	0.033	0.033	0.661
0.499	0.016	0.181	0.304
0.186	0.204	0.005	0.605
0.086	0.046	0.226	0.642
0.542	0.024	0.196	0.238
>CGAAAATCGATA	7-CGAAAATCGATA	12.478629	-11.777798	0	T:11.0(11.00%),B:800.0(2.05%),P:1e-5	Tpos:454.9,Tstd:322.7,Bpos:529.6,Bstd:376.3,StrandBias:-0.6,Multiplicity:1.36
0.001	0.586	0.203	0.210
0.199	0.001	0.799	0.001
0.836	0.162	0.001	0.001
0.997	0.001	0.001	0.001
0.801	0.197	0.001	0.001
0.893	0.001	0.001	0.105
0.001	0.001	0.001	0.997
0.001	0.997	0.001	0.001
0.089	0.001	0.909	0.001
0.997	0.001	0.001	0.001
0.001	0.001	0.241	0.757
0.840	0.001	0.086	0.073
>AATTGTGGTTTT	8-AATTGTGGTTTT	10.409522	-6.101253	0	T:11.0(11.00%),B:1554.6(3.99%),P:1e-2	Tpos:460.2,Tstd:256.4,Bpos:505.6,Bstd:308.2,StrandBias:0.0,Multiplicity:1.27
0.700	0.100	0.100	0.100
0.700	0.100	0.100	0.100
0.100	0.100	0.100	0.700
0.100	0.100	0.100	0.700
0.100	0.100	0.700	0.100
0.100	0.100	0.100	0.700
0.100	0.100	0.700	0.100
0.100	0.100	0.700	0.100
0.100	0.100	0.100	0.700
0.100	0.100	0.100	0.700
0.100	0.100	0.100	0.700
0.100	0.100	0.100	0.700
>GCTCTMGA	1-GCTCTMGA	5.768100	-13.558357	0	T:60.0(60.00%),B:14139.0(36.30%),P:1e-5	Tpos:472.4,Tstd:300.3,Bpos:498.3,Bstd:327.6,StrandBias:0.1,Multiplicity:1.42
0.054	0.071	0.748	0.127
0.107	0.889	0.003	0.001
0.073	0.065	0.062	0.800
0.022	0.623	0.319	0.036
0.117	0.022	0.001	0.860
0.405	0.438	0.125	0.032
0.159	0.055	0.624	0.162
0.714	0.175	0.055	0.056
>CCGATGAS	2-CCGATGAS	6.898792	-12.252566	0	T:27.0(27.00%),B:4175.5(10.72%),P:1e-5	Tpos:378.9,Tstd:275.2,Bpos:495.8,Bstd:326.2,StrandBias:-0.4,Multiplicity:1.22
0.001	0.852	0.146	0.001
0.001	0.745	0.104	0.150
0.001	0.001	0.851	0.147
0.539	0.039	0.055	0.367
0.037	0.001	0.108	0.854
0.001	0.089	0.851	0.059
0.961	0.001	0.037	0.001
0.001	0.434	0.361	0.204
>CTGGGTTC	3-CTGGGTTC	8.421035	-12.009744	0	T:14.0(14.00%),B:1291.0(3.31%),P:1e-5	Tpos:430.3,Tstd:313.3,Bpos:508.4,Bstd:307.3,StrandBias:0.8,Multiplicity:1.00
0.001	0.997	0.001	0.001
0.001	0.001	0.001	0.997
0.001	0.001	0.997	0.001
0.001	0.001	0.840	0.158
0.001	0.001	0.997	0.001
0.001	0.001	0.084	0.914
0.001	0.001	0.001	0.997
0.001	0.997	0.001	0.001
>TTATTGTT	4-TTATTGTT	9.061176	-11.090843	0	T:52.0(52.00%),B:12223.8(31.39%),P:1e-4	Tpos:523.8,Tstd:292.7,Bpos:518.8,Bstd:304.1,StrandBias:1.0,Multiplicity:1.31
0.001	0.001	0.001	0.997
0.001	0.001	0.001	0.997
0.997	0.001	0.001	0.001
0.001	0.001	0.001	0.997
0.202	0.001	0.001	0.796
0.280	0.001	0.718	0.001
0.001	0.001	0.078	0.920
0.001	0.001	0.001	0.997
>TCTAGGTA	5-TCTAGGTA	8.066059	-10.553337	0	T:14.0(14.00%),B:1472.4(3.78%),P:1e-4	Tpos:478.5,Tstd:294.5,Bpos:478.1,Bstd:295.1,StrandBias:0.0,Multiplicity:1.00
0.001	0.001	0.001	0.997
0.001	0.997	0.001	0.001
0.001	0.001	0.057	0.941
0.868	0.001	0.001	0.130
0.001	0.001	0.997	0.001
0.001	0.001	0.997	0.001
0.001	0.001	0.001	0.997
0.997	0.001	0.001	0.001
