>GCTCTMGA	1-GCTCTMGA	5.768100	-13.558357	0	T:60.0(60.00%),B:14139.0(36.30%),P:1e-5	Tpos:472.4,Tstd:300.3,Bpos:498.3,Bstd:327.6,StrandBias:0.1,Multiplicity:1.42
0.054	0.071	0.748	0.127
0.107	0.889	0.003	0.001
0.073	0.065	0.062	0.800
0.022	0.623	0.319	0.036
0.117	0.022	0.001	0.860
0.405	0.438	0.125	0.032
0.159	0.055	0.624	0.162
0.714	0.175	0.055	0.056
>CCGATGAS	2-CCGATGAS	6.898792	-12.252566	0	T:27.0(27.00%),B:4175.5(10.72%),P:1e-5	Tpos:378.9,Tstd:275.2,Bpos:495.8,Bstd:326.2,StrandBias:-0.4,Multiplicity:1.22
0.001	0.852	0.146	0.001
0.001	0.745	0.104	0.150
0.001	0.001	0.851	0.147
0.539	0.039	0.055	0.367
0.037	0.001	0.108	0.854
0.001	0.089	0.851	0.059
0.961	0.001	0.037	0.001
0.001	0.434	0.361	0.204
>CTGGGTTC	3-CTGGGTTC	8.421035	-12.009744	0	T:14.0(14.00%),B:1291.0(3.31%),P:1e-5	Tpos:430.3,Tstd:313.3,Bpos:508.4,Bstd:307.3,StrandBias:0.8,Multiplicity:1.00
0.001	0.997	0.001	0.001
0.001	0.001	0.001	0.997
0.001	0.001	0.997	0.001
0.001	0.001	0.840	0.158
0.001	0.001	0.997	0.001
0.001	0.001	0.084	0.914
0.001	0.001	0.001	0.997
0.001	0.997	0.001	0.001
>TTATTGTT	4-TTATTGTT	9.061176	-11.090843	0	T:52.0(52.00%),B:12223.8(31.39%),P:1e-4	Tpos:523.8,Tstd:292.7,Bpos:518.8,Bstd:304.1,StrandBias:1.0,Multiplicity:1.31
0.001	0.001	0.001	0.997
0.001	0.001	0.001	0.997
0.997	0.001	0.001	0.001
0.001	0.001	0.001	0.997
0.202	0.001	0.001	0.796
0.280	0.001	0.718	0.001
0.001	0.001	0.078	0.920
0.001	0.001	0.001	0.997
>TCTAGGTA	5-TCTAGGTA	8.066059	-10.553337	0	T:14.0(14.00%),B:1472.4(3.78%),P:1e-4	Tpos:478.5,Tstd:294.5,Bpos:478.1,Bstd:295.1,StrandBias:0.0,Multiplicity:1.00
0.001	0.001	0.001	0.997
0.001	0.997	0.001	0.001
0.001	0.001	0.057	0.941
0.868	0.001	0.001	0.130
0.001	0.001	0.997	0.001
0.001	0.001	0.997	0.001
0.001	0.001	0.001	0.997
0.997	0.001	0.001	0.001
