>GACCTCTATCTG	1-GACCTCTATCTG,BestGuess:nhr-6/MA1451.1/Jaspar(0.577)	9.036680	-19.272464	0	T:9.0(30.00%),B:760.5(1.95%),P:1e-8
0.095	0.150	0.568	0.187
0.764	0.188	0.001	0.047
0.216	0.690	0.047	0.047
0.076	0.873	0.001	0.050
0.084	0.050	0.001	0.865
0.001	0.773	0.001	0.225
0.097	0.003	0.050	0.850
0.701	0.044	0.001	0.254
0.142	0.111	0.143	0.604
0.156	0.751	0.043	0.050
0.056	0.050	0.043	0.851
0.050	0.174	0.723	0.053
