>TGACATCAAC	1-TGACATCAAC	7.637249	-22.179544	0	T:21.0(60.00%),B:5355.1(13.65%),P:1e-9	Tpos:544.5,Tstd:257.2,Bpos:510.6,Bstd:326.3,StrandBias:-0.3,Multiplicity:1.05
0.064	0.101	0.001	0.834
0.037	0.034	0.802	0.127
0.744	0.172	0.030	0.054
0.127	0.622	0.113	0.138
0.842	0.069	0.050	0.039
0.001	0.057	0.112	0.830
0.063	0.812	0.029	0.096
0.997	0.001	0.001	0.001
0.720	0.107	0.051	0.122
0.055	0.818	0.096	0.031
>TTATCATCAT	2-TTATCATCAT	9.333389	-21.790662	0	T:15.0(42.86%),B:2292.0(5.84%),P:1e-9	Tpos:657.9,Tstd:249.8,Bpos:526.3,Bstd:320.3,StrandBias:0.7,Multiplicity:1.20
0.089	0.001	0.001	0.909
0.001	0.001	0.104	0.894
0.967	0.001	0.031	0.001
0.127	0.001	0.001	0.871
0.098	0.789	0.112	0.001
0.997	0.001	0.001	0.001
0.001	0.131	0.001	0.867
0.001	0.997	0.001	0.001
0.898	0.001	0.014	0.087
0.078	0.116	0.001	0.805
>TCTAGAGGAG	3-TCTAGAGGAG	10.945134	-18.239777	0	T:6.0(17.14%),B:173.4(0.44%),P:1e-7	Tpos:691.0,Tstd:251.3,Bpos:507.4,Bstd:298.2,StrandBias:-2.6,Multiplicity:1.17
0.001	0.001	0.001	0.997
0.001	0.997	0.001	0.001
0.001	0.001	0.126	0.872
0.549	0.001	0.305	0.145
0.001	0.001	0.997	0.001
0.798	0.001	0.200	0.001
0.001	0.001	0.997	0.001
0.001	0.001	0.997	0.001
0.997	0.001	0.001	0.001
0.001	0.001	0.997	0.001
>CGAAGCCCAC	4-CGAAGCCCAC	11.459453	-17.703370	0	T:5.0(14.29%),B:88.1(0.22%),P:1e-7	Tpos:444.6,Tstd:338.0,Bpos:428.6,Bstd:295.5,StrandBias:0.6,Multiplicity:1.00
0.001	0.822	0.001	0.176
0.183	0.001	0.815	0.001
0.997	0.001	0.001	0.001
0.997	0.001	0.001	0.001
0.001	0.001	0.813	0.185
0.001	0.997	0.001	0.001
0.001	0.829	0.001	0.169
0.001	0.997	0.001	0.001
0.997	0.001	0.001	0.001
0.001	0.997	0.001	0.001
>AACTGATACC	5-AACTGATACC	10.710479	-17.001977	0	T:9.0(25.71%),B:838.2(2.14%),P:1e-7	Tpos:709.5,Tstd:256.3,Bpos:519.3,Bstd:328.9,StrandBias:0.8,Multiplicity:1.22
0.997	0.001	0.001	0.001
0.997	0.001	0.001	0.001
0.001	0.997	0.001	0.001
0.001	0.001	0.001	0.997
0.001	0.001	0.997	0.001
0.801	0.197	0.001	0.001
0.089	0.142	0.001	0.768
0.997	0.001	0.001	0.001
0.180	0.693	0.126	0.001
0.001	0.881	0.001	0.117
>WCTGTCTGCC	6-WCTGTCTGCC	10.530874	-16.600536	0	T:7.0(20.00%),B:398.5(1.02%),P:1e-7	Tpos:387.4,Tstd:218.7,Bpos:503.7,Bstd:337.8,StrandBias:-0.7,Multiplicity:1.14
0.528	0.001	0.001	0.470
0.001	0.997	0.001	0.001
0.001	0.001	0.001	0.997
0.001	0.241	0.757	0.001
0.266	0.001	0.001	0.732
0.001	0.754	0.244	0.001
0.001	0.001	0.001	0.997
0.001	0.001	0.997	0.001
0.001	0.997	0.001	0.001
0.001	0.580	0.001	0.418
>TAACTCGCAC	7-TAACTCGCAC	8.602373	-15.480748	0	T:10.0(28.57%),B:1342.2(3.42%),P:1e-6	Tpos:507.6,Tstd:285.3,Bpos:499.5,Bstd:321.6,StrandBias:1.4,Multiplicity:1.22
0.061	0.004	0.001	0.934
0.997	0.001	0.001	0.001
0.997	0.001	0.001	0.001
0.001	0.783	0.078	0.138
0.001	0.098	0.001	0.900
0.001	0.620	0.332	0.047
0.158	0.079	0.592	0.171
0.004	0.777	0.070	0.149
0.678	0.001	0.001	0.320
0.170	0.741	0.085	0.004
>CTCAACTCCC	8-CTCAACTCCC	8.350283	-11.498814	0	T:8.0(22.86%),B:1224.9(3.12%),P:1e-4	Tpos:542.7,Tstd:174.9,Bpos:523.3,Bstd:313.7,StrandBias:-0.3,Multiplicity:1.12
0.100	0.700	0.100	0.100
0.100	0.100	0.100	0.700
0.100	0.700	0.100	0.100
0.700	0.100	0.100	0.100
0.700	0.100	0.100	0.100
0.100	0.700	0.100	0.100
0.100	0.100	0.100	0.700
0.100	0.700	0.100	0.100
0.100	0.700	0.100	0.100
0.100	0.700	0.100	0.100
>ACCACGCARG	9-ACCACGCARG	10.282946	-11.209797	0	T:4.0(11.43%),B:159.4(0.41%),P:1e-4	Tpos:472.6,Tstd:222.3,Bpos:494.2,Bstd:286.9,StrandBias:0.0,Multiplicity:2.00
0.749	0.001	0.249	0.001
0.280	0.478	0.001	0.242
0.001	0.997	0.001	0.001
0.997	0.001	0.001	0.001
0.001	0.997	0.001	0.001
0.001	0.001	0.997	0.001
0.187	0.811	0.001	0.001
0.734	0.264	0.001	0.001
0.491	0.001	0.507	0.001
0.001	0.001	0.811	0.187
>TACAGTAGGT	10-TACAGTAGGT	12.033771	-10.908309	0	T:4.0(11.43%),B:173.0(0.44%),P:1e-4	Tpos:570.8,Tstd:318.6,Bpos:533.9,Bstd:305.2,StrandBias:0.0,Multiplicity:1.00
0.145	0.001	0.001	0.853
0.997	0.001	0.001	0.001
0.001	0.997	0.001	0.001
0.617	0.001	0.118	0.264
0.001	0.001	0.997	0.001
0.001	0.001	0.001	0.997
0.997	0.001	0.001	0.001
0.001	0.001	0.997	0.001
0.144	0.001	0.854	0.001
0.148	0.001	0.001	0.850
>AAATTAATAC	11-AAATTAATAC	9.868195	-10.865249	0	T:8.0(22.86%),B:1337.0(3.41%),P:1e-4	Tpos:534.8,Tstd:310.9,Bpos:488.0,Bstd:315.7,StrandBias:-0.3,Multiplicity:1.12
0.997	0.001	0.001	0.001
0.997	0.001	0.001	0.001
0.997	0.001	0.001	0.001
0.001	0.001	0.001	0.997
0.001	0.001	0.001	0.997
0.997	0.001	0.001	0.001
0.997	0.001	0.001	0.001
0.001	0.164	0.001	0.834
0.997	0.001	0.001	0.001
0.001	0.883	0.115	0.001
>TTAACAGTAG	12-TTAACAGTAG	8.350283	-7.267358	0	T:8.0(22.86%),B:2256.2(5.75%),P:1e-3	Tpos:364.2,Tstd:189.4,Bpos:502.4,Bstd:324.4,StrandBias:1.8,Multiplicity:1.29
0.100	0.100	0.100	0.700
0.100	0.100	0.100	0.700
0.700	0.100	0.100	0.100
0.700	0.100	0.100	0.100
0.100	0.700	0.100	0.100
0.700	0.100	0.100	0.100
0.100	0.100	0.700	0.100
0.100	0.100	0.100	0.700
0.700	0.100	0.100	0.100
0.100	0.100	0.700	0.100
>TTAACATCAATT	1-TTAACATCAATT	13.680961	-26.021622	0	T:8.0(22.86%),B:180.3(0.46%),P:1e-11	Tpos:444.9,Tstd:290.6,Bpos:539.0,Bstd:321.4,StrandBias:1.6,Multiplicity:1.00
0.001	0.001	0.001	0.997
0.150	0.001	0.001	0.848
0.850	0.001	0.148	0.001
0.729	0.149	0.001	0.121
0.001	0.876	0.001	0.122
0.997	0.001	0.001	0.001
0.001	0.001	0.001	0.997
0.001	0.997	0.001	0.001
0.997	0.001	0.001	0.001
0.830	0.168	0.001	0.001
0.001	0.001	0.001	0.997
0.001	0.001	0.001	0.997
>ACCKTTAACCSR	2-ACCKTTAACCSR	8.501006	-24.793026	0	T:6.0(17.14%),B:55.0(0.14%),P:1e-10	Tpos:329.2,Tstd:247.3,Bpos:465.1,Bstd:341.0,StrandBias:0.0,Multiplicity:1.00
0.997	0.001	0.001	0.001
0.001	0.997	0.001	0.001
0.001	0.997	0.001	0.001
0.001	0.001	0.479	0.519
0.001	0.001	0.001	0.997
0.001	0.001	0.001	0.997
0.951	0.001	0.001	0.047
0.997	0.001	0.001	0.001
0.047	0.951	0.001	0.001
0.001	0.997	0.001	0.001
0.001	0.532	0.466	0.001
0.532	0.001	0.466	0.001
>TWAACTGATAGC	3-TWAACTGATAGC	12.360052	-18.443505	0	T:6.0(17.14%),B:167.6(0.43%),P:1e-8	Tpos:784.2,Tstd:226.4,Bpos:538.7,Bstd:316.4,StrandBias:1.0,Multiplicity:1.00
0.001	0.344	0.001	0.654
0.344	0.230	0.001	0.425
0.985	0.001	0.013	0.001
0.997	0.001	0.001	0.001
0.001	0.997	0.001	0.001
0.001	0.001	0.001	0.997
0.367	0.001	0.631	0.001
0.997	0.001	0.001	0.001
0.001	0.001	0.001	0.997
0.997	0.001	0.001	0.001
0.240	0.015	0.744	0.001
0.001	0.631	0.367	0.001
>GTATATCAGTTA	4-GTATATCAGTTA	14.448541	-17.929693	0	T:4.0(11.43%),B:27.7(0.07%),P:1e-7	Tpos:371.5,Tstd:188.7,Bpos:475.9,Bstd:273.6,StrandBias:-10.0,Multiplicity:1.00
0.001	0.001	0.997	0.001
0.001	0.001	0.001	0.997
0.997	0.001	0.001	0.001
0.001	0.001	0.001	0.997
0.779	0.001	0.001	0.219
0.001	0.001	0.001	0.997
0.001	0.997	0.001	0.001
0.705	0.001	0.001	0.293
0.001	0.001	0.997	0.001
0.001	0.001	0.001	0.997
0.001	0.001	0.001	0.997
0.788	0.001	0.001	0.210
>GTGMGAGTTAGT	5-GTGMGAGTTAGT	10.184868	-17.093855	0	T:6.0(17.14%),B:211.1(0.54%),P:1e-7	Tpos:602.2,Tstd:311.5,Bpos:522.3,Bstd:312.9,StrandBias:-1.6,Multiplicity:1.33
0.041	0.001	0.957	0.001
0.385	0.001	0.001	0.613
0.389	0.001	0.609	0.001
0.433	0.565	0.001	0.001
0.347	0.001	0.651	0.001
0.650	0.001	0.001	0.348
0.001	0.001	0.997	0.001
0.001	0.001	0.001	0.997
0.001	0.001	0.001	0.997
0.997	0.001	0.001	0.001
0.039	0.001	0.959	0.001
0.001	0.001	0.001	0.997
>TTTTAACAGTAG	6-TTTTAACAGTAG	13.915267	-16.257043	0	T:5.0(14.29%),B:119.1(0.30%),P:1e-7	Tpos:425.0,Tstd:180.2,Bpos:504.6,Bstd:323.6,StrandBias:10.0,Multiplicity:1.20
0.001	0.001	0.001	0.997
0.001	0.001	0.001	0.997
0.001	0.001	0.001	0.997
0.001	0.001	0.001	0.997
0.997	0.001	0.001	0.001
0.835	0.001	0.001	0.163
0.001	0.997	0.001	0.001
0.997	0.001	0.001	0.001
0.176	0.001	0.677	0.146
0.175	0.001	0.001	0.823
0.853	0.001	0.001	0.145
0.001	0.001	0.997	0.001
>GVAGTTGAGAAA	7-GVAGTTGAGAAA	10.161752	-15.378947	0	T:10.0(28.57%),B:1357.8(3.46%),P:1e-6	Tpos:634.2,Tstd:180.5,Bpos:506.5,Bstd:307.8,StrandBias:0.0,Multiplicity:1.20
0.150	0.001	0.848	0.001
0.273	0.327	0.370	0.030
0.987	0.006	0.001	0.006
0.023	0.006	0.970	0.001
0.001	0.121	0.001	0.877
0.176	0.151	0.001	0.672
0.001	0.001	0.975	0.023
0.995	0.001	0.003	0.001
0.023	0.001	0.975	0.001
0.823	0.175	0.001	0.001
0.664	0.001	0.151	0.184
0.809	0.001	0.001	0.189
>AACCACGCACGC	8-AACCACGCACGC	10.335578	-13.481806	0	T:4.0(11.43%),B:88.7(0.23%),P:1e-5	Tpos:554.1,Tstd:239.8,Bpos:516.3,Bstd:265.1,StrandBias:-0.4,Multiplicity:1.75
0.997	0.001	0.001	0.001
0.615	0.182	0.202	0.001
0.024	0.793	0.001	0.182
0.001	0.997	0.001	0.001
0.595	0.403	0.001	0.001
0.201	0.797	0.001	0.001
0.201	0.001	0.797	0.001
0.001	0.817	0.001	0.181
0.997	0.001	0.001	0.001
0.202	0.587	0.029	0.182
0.001	0.181	0.817	0.001
0.227	0.771	0.001	0.001
>GTATTAATTTAT	9-GTATTAATTTAT	13.828107	-12.991264	0	T:4.0(11.43%),B:100.7(0.26%),P:1e-5	Tpos:509.8,Tstd:341.6,Bpos:486.3,Bstd:311.0,StrandBias:0.6,Multiplicity:1.25
0.001	0.148	0.850	0.001
0.001	0.001	0.001	0.997
0.827	0.001	0.171	0.001
0.001	0.001	0.001	0.997
0.001	0.001	0.001	0.997
0.895	0.001	0.001	0.103
0.997	0.001	0.001	0.001
0.001	0.001	0.001	0.997
0.001	0.001	0.001	0.997
0.001	0.001	0.001	0.997
0.710	0.001	0.208	0.081
0.138	0.001	0.001	0.860
>ACAACATGCCGG	10-ACAACATGCCGG	11.423377	-9.724406	0	T:2.0(5.71%),B:12.0(0.03%),P:1e-4	Tpos:622.5,Tstd:205.5,Bpos:655.5,Bstd:321.8,StrandBias:10.0,Multiplicity:1.00
0.950	0.001	0.048	0.001
0.062	0.876	0.061	0.001
0.997	0.001	0.001	0.001
0.877	0.121	0.001	0.001
0.001	0.997	0.001	0.001
0.997	0.001	0.001	0.001
0.001	0.123	0.001	0.875
0.001	0.001	0.997	0.001
0.001	0.997	0.001	0.001
0.122	0.876	0.001	0.001
0.001	0.001	0.997	0.001
0.001	0.001	0.997	0.001
>TGACATCA	1-TGACATCA	8.186811	-15.075712	0	T:19.0(54.29%),B:6368.8(16.23%),P:1e-6	Tpos:613.6,Tstd:274.0,Bpos:511.5,Bstd:324.1,StrandBias:0.8,Multiplicity:1.32
0.001	0.001	0.001	0.997
0.206	0.001	0.792	0.001
0.727	0.001	0.001	0.271
0.001	0.997	0.001	0.001
0.997	0.001	0.001	0.001
0.001	0.001	0.001	0.997
0.001	0.997	0.001	0.001
0.997	0.001	0.001	0.001
>TATCAGTT	2-TATCAGTT	10.920822	-12.567394	0	T:13.0(37.14%),B:3380.8(8.62%),P:1e-5	Tpos:635.1,Tstd:302.8,Bpos:542.6,Bstd:332.2,StrandBias:-1.0,Multiplicity:1.15
0.001	0.001	0.001	0.997
0.997	0.001	0.001	0.001
0.001	0.001	0.001	0.997
0.001	0.997	0.001	0.001
0.862	0.001	0.136	0.001
0.001	0.001	0.997	0.001
0.001	0.001	0.001	0.997
0.001	0.001	0.001	0.997
>CATRGGBC	3-CATRGGBC	5.395004	-10.417187	0	T:29.0(82.86%),B:19065.4(48.59%),P:1e-4	Tpos:498.7,Tstd:298.3,Bpos:508.3,Bstd:316.3,StrandBias:-0.3,Multiplicity:1.69
0.270	0.728	0.001	0.001
0.932	0.001	0.001	0.066
0.254	0.001	0.111	0.634
0.426	0.098	0.412	0.064
0.360	0.091	0.548	0.001
0.075	0.076	0.780	0.069
0.001	0.335	0.267	0.396
0.001	0.619	0.379	0.001
>TAAATAGC	4-TAAATAGC	8.236954	-7.784280	0	T:6.0(17.14%),B:1110.7(2.83%),P:1e-3	Tpos:709.3,Tstd:286.5,Bpos:516.1,Bstd:329.4,StrandBias:-0.4,Multiplicity:1.17
0.100	0.100	0.100	0.700
0.700	0.100	0.100	0.100
0.700	0.100	0.100	0.100
0.700	0.100	0.100	0.100
0.100	0.100	0.100	0.700
0.700	0.100	0.100	0.100
0.100	0.100	0.700	0.100
0.100	0.700	0.100	0.100
>CACGCAGG	5-CACGCAGG	9.519771	-7.469747	0	T:5.0(14.29%),B:765.9(1.95%),P:1e-3	Tpos:500.3,Tstd:224.0,Bpos:511.5,Bstd:300.7,StrandBias:-0.3,Multiplicity:1.80
0.395	0.603	0.001	0.001
0.997	0.001	0.001	0.001
0.001	0.997	0.001	0.001
0.001	0.001	0.997	0.001
0.001	0.997	0.001	0.001
0.959	0.039	0.001	0.001
0.365	0.001	0.633	0.001
0.001	0.001	0.997	0.001
