>CGCTCGAT	1-CGCTCGAT	7.398269	-28.804395	0	T:124.0(27.62%),B:5267.9(14.33%),P:1e-12	Tpos:498.7,Tstd:261.7,Bpos:513.8,Bstd:362.4,StrandBias:0.1,Multiplicity:1.12
0.082	0.820	0.039	0.059
0.001	0.001	0.914	0.084
0.074	0.829	0.061	0.036
0.001	0.001	0.001	0.997
0.001	0.856	0.142	0.001
0.001	0.050	0.721	0.228
0.968	0.001	0.001	0.030
0.001	0.001	0.027	0.971
>AAAGGCGC	2-AAAGGCGC	7.975797	-27.023748	0	T:93.0(20.71%),B:3527.7(9.60%),P:1e-11	Tpos:545.6,Tstd:258.6,Bpos:534.4,Bstd:354.3,StrandBias:-0.2,Multiplicity:1.08
0.925	0.073	0.001	0.001
0.997	0.001	0.001	0.001
0.865	0.001	0.060	0.074
0.001	0.001	0.997	0.001
0.117	0.001	0.881	0.001
0.001	0.997	0.001	0.001
0.001	0.079	0.919	0.001
0.001	0.997	0.001	0.001
>CGAGACCT	3-CGAGACCT	6.967141	-25.058521	0	T:134.0(29.84%),B:6216.2(16.91%),P:1e-10	Tpos:474.5,Tstd:294.3,Bpos:504.5,Bstd:347.1,StrandBias:0.1,Multiplicity:1.18
0.047	0.951	0.001	0.001
0.001	0.069	0.929	0.001
0.978	0.020	0.001	0.001
0.067	0.001	0.892	0.040
0.882	0.001	0.012	0.105
0.084	0.748	0.133	0.035
0.001	0.965	0.001	0.033
0.144	0.109	0.033	0.714
>GCGCAACG	4-GCGCAACG	7.160945	-24.903359	0	T:109.0(24.28%),B:4634.4(12.61%),P:1e-10	Tpos:548.4,Tstd:287.8,Bpos:522.3,Bstd:359.0,StrandBias:-0.2,Multiplicity:1.13
0.016	0.008	0.842	0.134
0.150	0.761	0.001	0.088
0.044	0.055	0.900	0.001
0.102	0.835	0.062	0.001
0.995	0.001	0.003	0.001
0.903	0.065	0.001	0.031
0.098	0.826	0.007	0.069
0.055	0.001	0.943	0.001
>TATTTCGY	5-TATTTCGY	7.720790	-21.660227	0	T:179.0(39.87%),B:9682.1(26.33%),P:1e-9	Tpos:545.4,Tstd:286.8,Bpos:510.3,Bstd:355.3,StrandBias:0.1,Multiplicity:1.23
0.270	0.001	0.280	0.449
0.665	0.109	0.089	0.137
0.190	0.049	0.001	0.760
0.026	0.001	0.026	0.947
0.037	0.001	0.001	0.961
0.257	0.741	0.001	0.001
0.001	0.001	0.997	0.001
0.126	0.375	0.001	0.498
>GAATCGTG	6-GAATCGTG	7.168633	-21.196987	0	T:161.0(35.86%),B:8446.4(22.97%),P:1e-9	Tpos:489.7,Tstd:284.0,Bpos:491.9,Bstd:344.7,StrandBias:-0.3,Multiplicity:1.28
0.109	0.059	0.802	0.030
0.971	0.007	0.017	0.005
0.829	0.100	0.010	0.061
0.001	0.056	0.001	0.942
0.001	0.755	0.137	0.107
0.121	0.001	0.854	0.024
0.001	0.001	0.057	0.941
0.001	0.065	0.903	0.031
>AAGCGAGA	7-AAGCGAGA	6.827498	-20.455876	0	T:218.0(48.55%),B:12749.0(34.68%),P:1e-8	Tpos:543.7,Tstd:286.6,Bpos:533.7,Bstd:353.0,StrandBias:-1.1,Multiplicity:1.33
0.859	0.042	0.098	0.001
0.767	0.180	0.052	0.001
0.157	0.001	0.841	0.001
0.146	0.697	0.001	0.156
0.001	0.001	0.997	0.001
0.997	0.001	0.001	0.001
0.001	0.124	0.874	0.001
0.958	0.001	0.040	0.001
>ACACCGAY	8-ACACCGAY	7.290483	-19.999074	0	T:137.0(30.51%),B:6908.9(18.79%),P:1e-8	Tpos:545.4,Tstd:292.9,Bpos:502.6,Bstd:329.3,StrandBias:-0.4,Multiplicity:1.13
0.939	0.001	0.059	0.001
0.001	0.997	0.001	0.001
0.911	0.087	0.001	0.001
0.001	0.832	0.001	0.166
0.135	0.659	0.001	0.205
0.001	0.001	0.997	0.001
0.670	0.204	0.125	0.001
0.001	0.359	0.132	0.508
>GCGACGAA	9-GCGACGAA	7.311903	-19.476046	0	T:116.0(25.84%),B:5552.0(15.10%),P:1e-8	Tpos:489.8,Tstd:291.4,Bpos:499.9,Bstd:369.8,StrandBias:-0.5,Multiplicity:1.16
0.001	0.018	0.776	0.205
0.050	0.856	0.056	0.038
0.050	0.042	0.886	0.022
0.847	0.001	0.001	0.151
0.063	0.789	0.053	0.095
0.041	0.001	0.957	0.001
0.957	0.021	0.021	0.001
0.970	0.001	0.028	0.001
>CGATTAAA	10-CGATTAAA	6.963038	-16.146643	0	T:272.0(60.58%),B:17700.3(48.14%),P:1e-7	Tpos:540.0,Tstd:294.7,Bpos:516.8,Bstd:328.9,StrandBias:-0.2,Multiplicity:1.46
0.174	0.701	0.001	0.124
0.001	0.001	0.869	0.129
0.867	0.001	0.001	0.131
0.001	0.001	0.001	0.997
0.041	0.001	0.001	0.957
0.602	0.085	0.131	0.182
0.997	0.001	0.001	0.001
0.997	0.001	0.001	0.001
>CGAATCGA	11-CGAATCGA	6.926336	-15.937903	0	T:204.0(45.43%),B:12310.8(33.48%),P:1e-6	Tpos:473.8,Tstd:299.2,Bpos:511.4,Bstd:359.1,StrandBias:-0.3,Multiplicity:1.30
0.180	0.818	0.001	0.001
0.140	0.001	0.858	0.001
0.712	0.001	0.001	0.286
0.600	0.001	0.001	0.398
0.205	0.001	0.086	0.708
0.136	0.862	0.001	0.001
0.001	0.001	0.997	0.001
0.964	0.001	0.001	0.034
>CTGCGGCA	12-CTGCGGCA	6.742141	-12.690336	0	T:95.0(21.16%),B:4877.7(13.27%),P:1e-5	Tpos:443.7,Tstd:270.1,Bpos:489.7,Bstd:349.0,StrandBias:-0.1,Multiplicity:1.15
0.001	0.806	0.192	0.001
0.001	0.194	0.001	0.804
0.025	0.001	0.858	0.116
0.001	0.970	0.028	0.001
0.054	0.194	0.692	0.060
0.001	0.001	0.997	0.001
0.001	0.957	0.037	0.005
0.958	0.001	0.001	0.040
>AAATAAAT	13-AAATAAAT	8.417516	-12.638476	0	T:277.0(61.69%),B:18724.8(50.93%),P:1e-5	Tpos:561.4,Tstd:291.2,Bpos:522.1,Bstd:335.5,StrandBias:-0.6,Multiplicity:1.69
0.997	0.001	0.001	0.001
0.532	0.142	0.325	0.001
0.997	0.001	0.001	0.001
0.001	0.001	0.001	0.997
0.579	0.272	0.148	0.001
0.997	0.001	0.001	0.001
0.997	0.001	0.001	0.001
0.001	0.205	0.001	0.793
>TCCCCCGA	14-TCCCCCGA	8.142382	-9.711098	0	T:39.0(8.69%),B:1615.7(4.39%),P:1e-4	Tpos:473.6,Tstd:273.3,Bpos:532.6,Bstd:339.7,StrandBias:0.4,Multiplicity:1.37
0.001	0.001	0.001	0.997
0.001	0.773	0.060	0.166
0.001	0.997	0.001	0.001
0.001	0.997	0.001	0.001
0.001	0.997	0.001	0.001
0.001	0.997	0.001	0.001
0.001	0.001	0.890	0.108
0.997	0.001	0.001	0.001
>CTTTTCTT	15-CTTTTCTT	8.011202	-9.169363	0	T:158.0(35.19%),B:9947.0(27.05%),P:1e-3	Tpos:518.9,Tstd:293.2,Bpos:525.9,Bstd:337.8,StrandBias:0.7,Multiplicity:1.41
0.001	0.997	0.001	0.001
0.001	0.001	0.001	0.997
0.001	0.001	0.001	0.997
0.001	0.001	0.085	0.913
0.001	0.001	0.001	0.997
0.001	0.997	0.001	0.001
0.001	0.231	0.217	0.551
0.001	0.001	0.001	0.997
>GGCGCTGC	16-GGCGCTGC	4.345134	-7.812918	0	T:405.0(90.20%),B:31120.3(84.64%),P:1e-3	Tpos:486.3,Tstd:281.1,Bpos:499.3,Bstd:354.2,StrandBias:-0.0,Multiplicity:2.90
0.100	0.100	0.700	0.100
0.100	0.100	0.700	0.100
0.100	0.700	0.100	0.100
0.100	0.100	0.700	0.100
0.100	0.700	0.100	0.100
0.100	0.100	0.100	0.700
0.100	0.100	0.700	0.100
0.100	0.700	0.100	0.100
>CTTGTAGT	17-CTTGTAGT	8.236954	-4.528263	0	T:17.0(3.79%),B:736.3(2.00%),P:1e-1	Tpos:444.1,Tstd:257.5,Bpos:475.2,Bstd:318.4,StrandBias:-2.1,Multiplicity:1.59
0.100	0.700	0.100	0.100
0.100	0.100	0.100	0.700
0.100	0.100	0.100	0.700
0.100	0.100	0.700	0.100
0.100	0.100	0.100	0.700
0.700	0.100	0.100	0.100
0.100	0.100	0.700	0.100
0.100	0.100	0.100	0.700
