>TTTCTCGTTG	1-TTTCTCGTTG	7.287659	-34.918792	0	T:196.0(43.65%),B:9552.9(25.98%),P:1e-15	Tpos:542.8,Tstd:270.9,Bpos:522.1,Bstd:349.7,StrandBias:0.9,Multiplicity:1.23
0.090	0.052	0.103	0.755
0.080	0.069	0.113	0.738
0.041	0.053	0.070	0.836
0.065	0.816	0.036	0.083
0.041	0.078	0.054	0.827
0.044	0.846	0.058	0.052
0.071	0.040	0.817	0.072
0.066	0.092	0.059	0.783
0.017	0.137	0.051	0.795
0.050	0.050	0.794	0.106
>AASTCGATTG	2-AASTCGATTG	8.049129	-31.968001	0	T:63.0(14.03%),B:1696.5(4.61%),P:1e-13	Tpos:542.0,Tstd:293.3,Bpos:514.4,Bstd:355.3,StrandBias:-0.9,Multiplicity:1.07
0.688	0.008	0.297	0.007
0.735	0.231	0.021	0.013
0.204	0.276	0.380	0.140
0.093	0.153	0.016	0.738
0.177	0.787	0.005	0.031
0.150	0.185	0.519	0.146
0.952	0.016	0.020	0.012
0.232	0.008	0.275	0.484
0.027	0.353	0.029	0.591
0.209	0.132	0.655	0.004
>TTAAAGGCGC	3-TTAAAGGCGC	9.588409	-31.075911	0	T:62.0(13.81%),B:1684.8(4.58%),P:1e-13	Tpos:606.3,Tstd:215.2,Bpos:561.6,Bstd:334.1,StrandBias:-0.3,Multiplicity:1.15
0.001	0.001	0.028	0.970
0.001	0.140	0.084	0.775
0.947	0.010	0.001	0.042
0.997	0.001	0.001	0.001
0.997	0.001	0.001	0.001
0.001	0.001	0.997	0.001
0.048	0.001	0.950	0.001
0.036	0.767	0.030	0.167
0.036	0.001	0.962	0.001
0.001	0.975	0.023	0.001
>GCAGCGGGAC	4-GCAGCGGGAC	9.283778	-29.941547	0	T:26.0(5.79%),B:312.0(0.85%),P:1e-13	Tpos:527.0,Tstd:245.7,Bpos:516.1,Bstd:338.9,StrandBias:-1.0,Multiplicity:1.00
0.001	0.090	0.908	0.001
0.001	0.908	0.090	0.001
0.780	0.001	0.046	0.173
0.001	0.102	0.806	0.091
0.060	0.938	0.001	0.001
0.001	0.001	0.880	0.118
0.049	0.001	0.949	0.001
0.060	0.001	0.938	0.001
0.997	0.001	0.001	0.001
0.001	0.963	0.035	0.001
>AACGAAGTCG	5-AACGAAGTCG	9.656548	-28.903131	0	T:31.0(6.90%),B:481.7(1.31%),P:1e-12	Tpos:466.8,Tstd:276.8,Bpos:491.1,Bstd:344.8,StrandBias:1.1,Multiplicity:1.00
0.802	0.137	0.001	0.060
0.915	0.039	0.001	0.045
0.080	0.871	0.001	0.048
0.001	0.040	0.958	0.001
0.837	0.001	0.046	0.116
0.997	0.001	0.001	0.001
0.050	0.024	0.925	0.001
0.001	0.047	0.001	0.951
0.001	0.967	0.001	0.031
0.032	0.039	0.821	0.108
>TTCGCTCTAT	6-TTCGCTCTAT	7.007801	-27.941382	0	T:112.0(24.94%),B:4591.5(12.49%),P:1e-12	Tpos:510.0,Tstd:285.8,Bpos:525.8,Bstd:351.4,StrandBias:0.3,Multiplicity:1.15
0.073	0.063	0.101	0.763
0.086	0.066	0.099	0.749
0.066	0.822	0.053	0.059
0.044	0.063	0.850	0.043
0.037	0.869	0.033	0.061
0.066	0.054	0.073	0.807
0.040	0.787	0.086	0.087
0.081	0.105	0.073	0.741
0.835	0.073	0.061	0.031
0.032	0.084	0.102	0.782
>AATAAATAAA	7-AATAAATAAA	8.456145	-27.072751	0	T:300.0(66.82%),B:18512.9(50.35%),P:1e-11	Tpos:566.3,Tstd:280.3,Bpos:537.6,Bstd:330.8,StrandBias:-0.9,Multiplicity:1.72
0.690	0.001	0.064	0.245
0.997	0.001	0.001	0.001
0.095	0.044	0.254	0.607
0.458	0.275	0.193	0.074
0.574	0.073	0.352	0.001
0.994	0.001	0.004	0.001
0.001	0.001	0.126	0.872
0.888	0.001	0.001	0.110
0.964	0.034	0.001	0.001
0.960	0.001	0.001	0.038
>TACGGTATAC	8-TACGGTATAC	9.814362	-27.035035	0	T:28.0(6.24%),B:419.9(1.14%),P:1e-11	Tpos:608.9,Tstd:268.2,Bpos:548.4,Bstd:309.4,StrandBias:0.8,Multiplicity:1.07
0.001	0.001	0.066	0.932
0.953	0.045	0.001	0.001
0.125	0.686	0.064	0.125
0.011	0.001	0.965	0.023
0.001	0.001	0.997	0.001
0.033	0.001	0.001	0.965
0.965	0.001	0.001	0.033
0.220	0.001	0.001	0.778
0.774	0.001	0.076	0.149
0.001	0.975	0.001	0.023
>CACACGTCGA	9-CACACGTCGA	10.078033	-26.207996	0	T:25.0(5.57%),B:340.1(0.93%),P:1e-11	Tpos:435.7,Tstd:327.0,Bpos:507.9,Bstd:338.3,StrandBias:0.6,Multiplicity:1.00
0.001	0.870	0.051	0.078
0.997	0.001	0.001	0.001
0.069	0.878	0.052	0.001
0.876	0.122	0.001	0.001
0.046	0.798	0.001	0.155
0.001	0.001	0.997	0.001
0.001	0.066	0.001	0.932
0.001	0.874	0.001	0.124
0.001	0.001	0.997	0.001
0.914	0.001	0.084	0.001
>AACAGATTTA	10-AACAGATTTA	7.257936	-24.912947	0	T:214.0(47.66%),B:11889.3(32.34%),P:1e-10	Tpos:549.0,Tstd:276.9,Bpos:506.9,Bstd:315.6,StrandBias:-0.3,Multiplicity:1.31
0.816	0.064	0.075	0.045
0.839	0.066	0.066	0.029
0.098	0.785	0.041	0.076
0.790	0.070	0.079	0.061
0.064	0.035	0.797	0.104
0.800	0.045	0.078	0.077
0.074	0.046	0.038	0.842
0.055	0.059	0.030	0.856
0.092	0.094	0.046	0.768
0.710	0.100	0.107	0.083
>ATGAATTCAT	11-ATGAATTCAT	7.973395	-24.848997	0	T:113.0(25.17%),B:4887.4(13.29%),P:1e-10	Tpos:522.2,Tstd:264.2,Bpos:507.4,Bstd:314.5,StrandBias:-0.1,Multiplicity:1.04
0.828	0.085	0.056	0.031
0.066	0.066	0.199	0.669
0.076	0.046	0.775	0.103
0.782	0.037	0.096	0.085
0.845	0.098	0.025	0.032
0.036	0.056	0.012	0.896
0.109	0.011	0.045	0.835
0.168	0.692	0.050	0.090
0.903	0.018	0.046	0.033
0.024	0.090	0.095	0.791
>TATTTCGTTA	12-TATTTCGTTA	7.256909	-24.579044	0	T:184.0(40.98%),B:9714.8(26.42%),P:1e-10	Tpos:542.5,Tstd:300.3,Bpos:523.4,Bstd:321.6,StrandBias:0.3,Multiplicity:1.22
0.052	0.071	0.075	0.802
0.827	0.079	0.056	0.038
0.082	0.030	0.047	0.841
0.058	0.035	0.037	0.870
0.062	0.075	0.036	0.827
0.097	0.767	0.064	0.072
0.070	0.085	0.756	0.089
0.038	0.084	0.053	0.825
0.115	0.053	0.078	0.754
0.741	0.103	0.068	0.088
>ATCACTGGAC	13-ATCACTGGAC	7.252958	-23.602291	0	T:35.0(7.80%),B:755.8(2.06%),P:1e-10	Tpos:442.2,Tstd:291.4,Bpos:481.6,Bstd:311.4,StrandBias:0.2,Multiplicity:1.06
0.569	0.214	0.025	0.192
0.141	0.179	0.189	0.491
0.137	0.644	0.191	0.028
0.714	0.026	0.035	0.225
0.185	0.628	0.033	0.154
0.019	0.211	0.030	0.740
0.139	0.197	0.575	0.089
0.190	0.023	0.605	0.182
0.696	0.028	0.263	0.013
0.022	0.602	0.144	0.232
>GTCTCACCAC	14-GTCTCACCAC	6.845508	-23.275200	0	T:145.0(32.29%),B:7118.5(19.36%),P:1e-10	Tpos:514.4,Tstd:260.7,Bpos:510.5,Bstd:344.1,StrandBias:0.3,Multiplicity:1.17
0.070	0.029	0.812	0.089
0.070	0.042	0.046	0.842
0.027	0.795	0.132	0.046
0.021	0.102	0.030	0.847
0.087	0.773	0.065	0.075
0.823	0.013	0.113	0.051
0.083	0.776	0.080	0.061
0.101	0.731	0.098	0.070
0.844	0.014	0.071	0.071
0.076	0.767	0.072	0.085
>WTCCBCGGCA	15-WTCCBCGGCA	7.417562	-22.435666	0	T:38.0(8.46%),B:917.3(2.50%),P:1e-9	Tpos:418.5,Tstd:283.6,Bpos:501.0,Bstd:368.9,StrandBias:0.1,Multiplicity:1.08
0.337	0.201	0.007	0.454
0.048	0.020	0.012	0.920
0.066	0.608	0.297	0.029
0.272	0.476	0.225	0.027
0.036	0.314	0.295	0.355
0.016	0.613	0.333	0.038
0.012	0.229	0.691	0.068
0.006	0.221	0.550	0.223
0.014	0.688	0.030	0.268
0.611	0.311	0.048	0.030
>ACGCCCTTTT	16-ACGCCCTTTT	9.264376	-22.333457	0	T:39.0(8.69%),B:964.8(2.62%),P:1e-9	Tpos:494.4,Tstd:286.8,Bpos:500.1,Bstd:333.6,StrandBias:0.1,Multiplicity:1.13
0.799	0.001	0.199	0.001
0.001	0.901	0.097	0.001
0.091	0.001	0.907	0.001
0.001	0.930	0.068	0.001
0.001	0.970	0.028	0.001
0.206	0.663	0.126	0.005
0.043	0.001	0.380	0.576
0.114	0.067	0.001	0.818
0.001	0.169	0.001	0.829
0.001	0.001	0.001	0.997
>CGTGCAGCAG	17-CGTGCAGCAG	6.978487	-21.308311	0	T:76.0(16.93%),B:2923.5(7.95%),P:1e-9	Tpos:444.7,Tstd:280.6,Bpos:504.0,Bstd:366.4,StrandBias:-0.2,Multiplicity:1.15
0.088	0.775	0.101	0.036
0.063	0.038	0.842	0.057
0.097	0.112	0.058	0.733
0.048	0.137	0.775	0.040
0.048	0.866	0.027	0.059
0.757	0.089	0.064	0.090
0.045	0.052	0.824	0.079
0.054	0.862	0.033	0.051
0.816	0.062	0.062	0.060
0.046	0.095	0.757	0.102
>CGAAACGAAT	18-CGAAACGAAT	9.725300	-16.896486	0	T:40.0(8.91%),B:1233.3(3.35%),P:1e-7	Tpos:544.4,Tstd:285.1,Bpos:527.2,Bstd:360.1,StrandBias:-0.3,Multiplicity:1.10
0.034	0.922	0.043	0.001
0.094	0.001	0.904	0.001
0.968	0.001	0.001	0.030
0.715	0.001	0.022	0.262
0.975	0.023	0.001	0.001
0.001	0.981	0.017	0.001
0.051	0.018	0.930	0.001
0.923	0.033	0.001	0.043
0.911	0.029	0.001	0.059
0.145	0.042	0.019	0.794
>GTTCGAGACC	19-GTTCGAGACC	8.069539	-14.270204	0	T:62.0(13.81%),B:2615.4(7.11%),P:1e-6	Tpos:479.6,Tstd:290.5,Bpos:487.5,Bstd:324.8,StrandBias:-0.3,Multiplicity:1.08
0.033	0.137	0.788	0.042
0.092	0.030	0.001	0.877
0.001	0.001	0.076	0.922
0.077	0.773	0.056	0.094
0.211	0.005	0.741	0.043
0.845	0.001	0.105	0.049
0.305	0.001	0.632	0.062
0.950	0.048	0.001	0.001
0.112	0.649	0.080	0.159
0.087	0.849	0.028	0.036
>CAGACCCGTG	20-CAGACCCGTG	9.471394	-12.262068	0	T:13.0(2.90%),B:215.2(0.59%),P:1e-5	Tpos:314.6,Tstd:224.7,Bpos:480.9,Bstd:340.8,StrandBias:-0.8,Multiplicity:1.69
0.028	0.870	0.057	0.045
0.902	0.001	0.096	0.001
0.003	0.245	0.639	0.113
0.849	0.001	0.043	0.107
0.191	0.714	0.017	0.078
0.090	0.800	0.036	0.074
0.203	0.753	0.001	0.043
0.333	0.001	0.665	0.001
0.319	0.124	0.001	0.556
0.070	0.002	0.820	0.108
>ATCCMVCSAR	21-ATCCMVCSAR	7.983391	-10.281930	0	T:14.0(3.12%),B:301.2(0.82%),P:1e-4	Tpos:380.4,Tstd:255.1,Bpos:482.3,Bstd:310.8,StrandBias:0.6,Multiplicity:2.36
0.565	0.184	0.217	0.034
0.021	0.036	0.027	0.916
0.140	0.478	0.191	0.190
0.049	0.644	0.282	0.025
0.293	0.436	0.240	0.031
0.286	0.395	0.283	0.036
0.044	0.638	0.267	0.051
0.010	0.510	0.479	0.001
0.902	0.049	0.023	0.026
0.516	0.010	0.469	0.005
>CGAAAAGGGG	22-CGAAAAGGGG	9.399806	-9.597282	0	T:22.0(4.90%),B:691.5(1.88%),P:1e-4	Tpos:519.3,Tstd:280.6,Bpos:504.0,Bstd:341.0,StrandBias:-0.1,Multiplicity:2.36
0.001	0.967	0.001	0.031
0.168	0.001	0.830	0.001
0.997	0.001	0.001	0.001
0.997	0.001	0.001	0.001
0.997	0.001	0.001	0.001
0.840	0.037	0.043	0.080
0.001	0.001	0.997	0.001
0.036	0.060	0.903	0.001
0.001	0.001	0.997	0.001
0.001	0.001	0.997	0.001
>CTAAATATTT	23-CTAAATATTT	12.500301	-6.381919	0	T:18.0(4.01%),B:660.3(1.80%),P:1e-2	Tpos:408.2,Tstd:302.9,Bpos:524.8,Bstd:327.9,StrandBias:0.0,Multiplicity:1.23
0.001	0.997	0.001	0.001
0.001	0.001	0.001	0.997
0.997	0.001	0.001	0.001
0.997	0.001	0.001	0.001
0.735	0.263	0.001	0.001
0.001	0.001	0.001	0.997
0.997	0.001	0.001	0.001
0.001	0.001	0.001	0.997
0.001	0.001	0.001	0.997
0.001	0.001	0.001	0.997
>TTGGGCGCTG	24-TTGGGCGCTG	8.542904	-5.193068	0	T:7.0(1.56%),B:169.0(0.46%),P:1e-2	Tpos:313.0,Tstd:172.9,Bpos:382.9,Bstd:315.9,StrandBias:2.6,Multiplicity:4.00
0.001	0.001	0.074	0.924
0.001	0.001	0.001	0.997
0.001	0.001	0.997	0.001
0.001	0.001	0.997	0.001
0.001	0.001	0.997	0.001
0.001	0.997	0.001	0.001
0.047	0.001	0.951	0.001
0.071	0.927	0.001	0.001
0.001	0.001	0.001	0.997
0.001	0.001	0.997	0.001
>CTAAGACTAC	25-CTAAGACTAC	9.711212	-4.087181	0	T:4.0(0.89%),B:77.1(0.21%),P:1e-1	Tpos:356.2,Tstd:270.9,Bpos:394.6,Bstd:241.1,StrandBias:1.7,Multiplicity:3.25
0.001	0.997	0.001	0.001
0.001	0.155	0.001	0.843
0.997	0.001	0.001	0.001
0.894	0.001	0.001	0.104
0.001	0.001	0.997	0.001
0.997	0.001	0.001	0.001
0.001	0.997	0.001	0.001
0.001	0.001	0.001	0.997
0.997	0.001	0.001	0.001
0.001	0.997	0.001	0.001
