>ATATACATTTAA	12-TTAAATGTATAT	11.789386	-16.998791	0	T:9.0(5.29%),B:157.6(0.39%),P:1e-7
0.842	0.001	0.108	0.049
0.052	0.001	0.101	0.846
0.771	0.105	0.079	0.045
0.098	0.024	0.069	0.809
0.677	0.014	0.211	0.098
0.208	0.728	0.024	0.040
0.912	0.001	0.001	0.086
0.038	0.079	0.235	0.648
0.293	0.047	0.001	0.659
0.188	0.042	0.033	0.737
0.724	0.074	0.134	0.068
0.677	0.042	0.001	0.280
