>CTCTCTCTCTCC	11-CTCTCTCTCTCC	7.603857	-7.756511	0	T:14.0(25.93%),B:3829.1(9.55%),P:1e-3
0.164	0.408	0.250	0.178
0.173	0.175	0.162	0.490
0.090	0.703	0.129	0.078
0.113	0.130	0.092	0.665
0.106	0.634	0.128	0.132
0.109	0.135	0.118	0.638
0.069	0.725	0.145	0.061
0.081	0.103	0.138	0.678
0.105	0.634	0.186	0.075
0.185	0.093	0.143	0.579
0.131	0.622	0.139	0.108
0.199	0.390	0.183	0.228
