>ATCAGGCGTA	1-ATCAGGCGTA	11.041111	-24.890356	0	T:8.0(17.78%),B:160.4(0.40%),P:1e-10	Tpos:498.0,Tstd:304.2,Bpos:533.4,Bstd:286.5,StrandBias:-0.7,Multiplicity:1.00
0.997	0.001	0.001	0.001
0.001	0.001	0.001	0.997
0.151	0.703	0.145	0.001
0.997	0.001	0.001	0.001
0.001	0.001	0.997	0.001
0.001	0.001	0.997	0.001
0.119	0.739	0.001	0.141
0.001	0.001	0.859	0.139
0.001	0.001	0.155	0.843
0.997	0.001	0.001	0.001
>CCTGGCACAC	2-CCTGGCACAC	9.670872	-22.771696	0	T:8.0(17.78%),B:212.0(0.53%),P:1e-9	Tpos:590.4,Tstd:265.5,Bpos:518.7,Bstd:353.8,StrandBias:0.0,Multiplicity:1.00
0.139	0.734	0.126	0.001
0.001	0.997	0.001	0.001
0.001	0.001	0.001	0.997
0.137	0.001	0.740	0.122
0.001	0.001	0.855	0.143
0.001	0.997	0.001	0.001
0.819	0.001	0.179	0.001
0.001	0.997	0.001	0.001
0.997	0.001	0.001	0.001
0.001	0.997	0.001	0.001
>GATTCTACCC	3-GATTCTACCC	7.608433	-21.419439	0	T:20.0(44.44%),B:3625.5(9.08%),P:1e-9	Tpos:436.4,Tstd:312.8,Bpos:492.6,Bstd:326.9,StrandBias:0.4,Multiplicity:1.21
0.070	0.057	0.833	0.040
0.791	0.046	0.001	0.162
0.064	0.046	0.001	0.889
0.100	0.001	0.070	0.829
0.001	0.949	0.001	0.049
0.093	0.051	0.001	0.855
0.744	0.001	0.101	0.154
0.001	0.811	0.048	0.140
0.228	0.700	0.001	0.071
0.154	0.615	0.071	0.160
>CGCGTACATT	4-CGCGTACATT	10.748699	-18.290936	0	T:7.0(15.56%),B:240.0(0.60%),P:1e-7	Tpos:418.9,Tstd:132.5,Bpos:496.6,Bstd:331.2,StrandBias:-0.7,Multiplicity:1.14
0.001	0.997	0.001	0.001
0.001	0.001	0.997	0.001
0.111	0.887	0.001	0.001
0.126	0.131	0.595	0.148
0.001	0.001	0.162	0.836
0.997	0.001	0.001	0.001
0.001	0.819	0.179	0.001
0.997	0.001	0.001	0.001
0.001	0.001	0.001	0.997
0.001	0.001	0.001	0.997
>TATCAGCTGA	5-TATCAGCTGA	10.101884	-14.208237	0	T:9.0(20.00%),B:902.7(2.26%),P:1e-6	Tpos:352.0,Tstd:192.4,Bpos:501.6,Bstd:323.5,StrandBias:0.3,Multiplicity:1.00
0.003	0.233	0.231	0.533
0.702	0.001	0.001	0.296
0.001	0.001	0.200	0.798
0.001	0.803	0.195	0.001
0.997	0.001	0.001	0.001
0.020	0.235	0.728	0.017
0.001	0.964	0.005	0.030
0.001	0.001	0.001	0.997
0.001	0.001	0.997	0.001
0.997	0.001	0.001	0.001
>CGAAGGAATT	6-CGAAGGAATT	8.079776	-13.819038	0	T:11.0(24.44%),B:1562.7(3.91%),P:1e-6	Tpos:506.2,Tstd:283.3,Bpos:474.6,Bstd:320.5,StrandBias:0.5,Multiplicity:1.09
0.001	0.710	0.281	0.008
0.001	0.015	0.983	0.001
0.997	0.001	0.001	0.001
0.997	0.001	0.001	0.001
0.001	0.001	0.997	0.001
0.016	0.119	0.746	0.119
0.997	0.001	0.001	0.001
0.997	0.001	0.001	0.001
0.001	0.001	0.001	0.997
0.001	0.001	0.001	0.997
>GAGGAAAATC	7-GAGGAAAATC	11.151679	-12.198555	0	T:6.0(13.33%),B:386.3(0.97%),P:1e-5	Tpos:601.0,Tstd:306.1,Bpos:524.8,Bstd:317.2,StrandBias:-1.2,Multiplicity:1.67
0.001	0.067	0.931	0.001
0.518	0.001	0.244	0.237
0.001	0.001	0.997	0.001
0.001	0.315	0.683	0.001
0.997	0.001	0.001	0.001
0.997	0.001	0.001	0.001
0.997	0.001	0.001	0.001
0.763	0.001	0.001	0.235
0.001	0.242	0.175	0.582
0.001	0.997	0.001	0.001
>TTTTGACGTC	8-TTTTGACGTC	11.125210	-11.076968	0	T:7.0(15.56%),B:717.0(1.80%),P:1e-4	Tpos:340.9,Tstd:295.3,Bpos:504.2,Bstd:319.8,StrandBias:-0.3,Multiplicity:1.00
0.116	0.001	0.001	0.882
0.001	0.001	0.001	0.997
0.001	0.135	0.001	0.863
0.001	0.001	0.001	0.997
0.001	0.001	0.888	0.110
0.997	0.001	0.001	0.001
0.001	0.997	0.001	0.001
0.001	0.001	0.997	0.001
0.001	0.001	0.001	0.997
0.111	0.787	0.101	0.001
>GAAAATTGCT	9-GAAAATTGCT	10.648391	-4.904128	0	T:6.0(13.33%),B:1540.5(3.86%),P:1e-2	Tpos:513.6,Tstd:234.3,Bpos:488.8,Bstd:295.0,StrandBias:-1.6,Multiplicity:2.00
0.001	0.001	0.997	0.001
0.887	0.001	0.111	0.001
0.997	0.001	0.001	0.001
0.997	0.001	0.001	0.001
0.997	0.001	0.001	0.001
0.001	0.086	0.101	0.812
0.001	0.001	0.001	0.997
0.062	0.001	0.936	0.001
0.001	0.997	0.001	0.001
0.001	0.082	0.001	0.916
>CCGTAAATCT	10-CCGTAAATCT	11.619495	-4.615252	0	T:2.0(4.44%),B:131.0(0.33%),P:1e-2	Tpos:176.4,Tstd:108.4,Bpos:544.2,Bstd:342.8,StrandBias:-10.0,Multiplicity:5.00
0.001	0.997	0.001	0.001
0.001	0.997	0.001	0.001
0.001	0.001	0.997	0.001
0.001	0.001	0.001	0.997
0.997	0.001	0.001	0.001
0.889	0.001	0.109	0.001
0.997	0.001	0.001	0.001
0.001	0.001	0.001	0.997
0.001	0.997	0.001	0.001
0.001	0.001	0.001	0.997
