>GGAAGTTRACWT	1-GGAAGTTRACWT	11.958668	-29.629232	0	T:12.0(9.23%),B:149.7(0.36%),P:1e-12	Tpos:546.3,Tstd:318.8,Bpos:498.1,Bstd:311.6,StrandBias:1.6,Multiplicity:1.00
0.123	0.001	0.875	0.001
0.001	0.286	0.712	0.001
0.752	0.001	0.001	0.246
0.753	0.001	0.001	0.245
0.001	0.001	0.997	0.001
0.001	0.001	0.001	0.997
0.001	0.001	0.001	0.997
0.417	0.193	0.389	0.001
0.997	0.001	0.001	0.001
0.124	0.731	0.001	0.144
0.480	0.001	0.001	0.518
0.001	0.001	0.001	0.997
>CTTGGTCAATCT	2-CTTGGTCAATCT	13.959761	-23.897379	0	T:6.0(4.62%),B:16.0(0.04%),P:1e-10	Tpos:555.7,Tstd:369.1,Bpos:405.7,Bstd:272.0,StrandBias:-1.0,Multiplicity:1.00
0.001	0.636	0.193	0.170
0.001	0.001	0.001	0.997
0.001	0.001	0.001	0.997
0.001	0.001	0.997	0.001
0.001	0.001	0.997	0.001
0.001	0.001	0.001	0.997
0.001	0.842	0.156	0.001
0.997	0.001	0.001	0.001
0.997	0.001	0.001	0.001
0.001	0.001	0.001	0.997
0.139	0.713	0.001	0.147
0.001	0.001	0.001	0.997
>TCGTGAACTCTA	3-TCGTGAACTCTA	10.517879	-23.112874	0	T:13.0(10.00%),B:339.6(0.81%),P:1e-10	Tpos:638.8,Tstd:213.3,Bpos:514.5,Bstd:296.2,StrandBias:-1.7,Multiplicity:1.00
0.102	0.001	0.001	0.896
0.001	0.823	0.075	0.101
0.113	0.001	0.617	0.269
0.213	0.113	0.001	0.673
0.100	0.113	0.786	0.001
0.996	0.001	0.001	0.002
0.800	0.001	0.113	0.086
0.001	0.880	0.001	0.118
0.001	0.001	0.001	0.997
0.217	0.780	0.001	0.002
0.113	0.003	0.001	0.883
0.885	0.113	0.001	0.001
>TAAGTTTCCAAA	4-TAAGTTTCCAAA	11.019379	-22.799089	0	T:16.0(12.31%),B:608.4(1.46%),P:1e-9	Tpos:519.2,Tstd:272.5,Bpos:483.0,Bstd:280.6,StrandBias:0.5,Multiplicity:1.06
0.254	0.101	0.061	0.584
0.674	0.054	0.063	0.209
0.852	0.063	0.001	0.084
0.086	0.118	0.731	0.065
0.082	0.134	0.020	0.764
0.052	0.195	0.051	0.702
0.045	0.045	0.040	0.870
0.038	0.484	0.294	0.184
0.087	0.524	0.193	0.196
0.786	0.066	0.068	0.080
0.886	0.073	0.011	0.030
0.805	0.033	0.100	0.062
>AAAATAACTGHC	5-AAAATAACTGHC	11.876224	-22.768518	0	T:13.0(10.00%),B:349.5(0.84%),P:1e-9	Tpos:336.8,Tstd:184.8,Bpos:461.1,Bstd:268.0,StrandBias:-0.6,Multiplicity:1.15
0.997	0.001	0.001	0.001
0.913	0.085	0.001	0.001
0.997	0.001	0.001	0.001
0.865	0.001	0.001	0.133
0.009	0.001	0.182	0.808
0.755	0.071	0.114	0.060
0.997	0.001	0.001	0.001
0.063	0.879	0.001	0.057
0.068	0.001	0.001	0.930
0.001	0.001	0.997	0.001
0.273	0.373	0.001	0.353
0.080	0.858	0.001	0.061
>GTTTTTCACAGG	6-GTTTTTCACAGG	11.690726	-22.076812	0	T:10.0(7.69%),B:168.3(0.40%),P:1e-9	Tpos:523.0,Tstd:254.2,Bpos:520.8,Bstd:312.3,StrandBias:1.2,Multiplicity:1.00
0.001	0.001	0.733	0.265
0.001	0.001	0.001	0.997
0.001	0.001	0.001	0.997
0.001	0.276	0.001	0.722
0.001	0.001	0.001	0.997
0.001	0.001	0.001	0.997
0.001	0.831	0.167	0.001
0.997	0.001	0.001	0.001
0.001	0.997	0.001	0.001
0.878	0.001	0.001	0.120
0.001	0.001	0.997	0.001
0.001	0.001	0.997	0.001
>TAATTTATAGAA	7-TAATTTATAGAA	11.259881	-21.526839	0	T:17.0(13.08%),B:771.3(1.85%),P:1e-9	Tpos:568.4,Tstd:282.2,Bpos:514.4,Bstd:292.4,StrandBias:-0.2,Multiplicity:1.00
0.001	0.001	0.001	0.997
0.997	0.001	0.001	0.001
0.929	0.001	0.001	0.069
0.001	0.001	0.126	0.872
0.001	0.001	0.001	0.997
0.001	0.175	0.001	0.823
0.802	0.070	0.087	0.041
0.001	0.079	0.001	0.919
0.860	0.090	0.001	0.049
0.001	0.001	0.895	0.103
0.997	0.001	0.001	0.001
0.997	0.001	0.001	0.001
>ACCATATKTGTC	8-ACCATATKTGTC	10.937424	-20.110984	0	T:11.0(8.46%),B:276.2(0.66%),P:1e-8	Tpos:417.0,Tstd:266.3,Bpos:528.5,Bstd:294.4,StrandBias:-1.5,Multiplicity:1.36
0.606	0.332	0.001	0.061
0.001	0.640	0.103	0.256
0.001	0.997	0.001	0.001
0.704	0.192	0.001	0.103
0.001	0.001	0.001	0.997
0.997	0.001	0.001	0.001
0.103	0.001	0.117	0.779
0.001	0.001	0.432	0.566
0.001	0.001	0.001	0.997
0.001	0.001	0.948	0.050
0.179	0.001	0.001	0.819
0.103	0.827	0.001	0.069
>TGATGAATATTC	9-TGATGAATATTC	13.432094	-19.886898	0	T:9.0(6.92%),B:153.8(0.37%),P:1e-8	Tpos:505.1,Tstd:276.0,Bpos:478.5,Bstd:290.2,StrandBias:0.0,Multiplicity:1.11
0.001	0.001	0.001	0.997
0.001	0.098	0.814	0.087
0.997	0.001	0.001	0.001
0.001	0.001	0.001	0.997
0.001	0.001	0.997	0.001
0.827	0.171	0.001	0.001
0.873	0.001	0.001	0.125
0.001	0.171	0.001	0.827
0.910	0.001	0.001	0.088
0.001	0.001	0.001	0.997
0.001	0.001	0.001	0.997
0.123	0.875	0.001	0.001
>ATTAGAATGKTA	10-ATTAGAATGKTA	9.087557	-19.200205	0	T:33.0(25.38%),B:3439.4(8.25%),P:1e-8	Tpos:522.8,Tstd:260.5,Bpos:502.1,Bstd:287.8,StrandBias:0.2,Multiplicity:1.12
0.454	0.121	0.160	0.265
0.133	0.001	0.001	0.865
0.001	0.126	0.146	0.727
0.901	0.001	0.001	0.097
0.192	0.001	0.655	0.152
0.967	0.031	0.001	0.001
0.777	0.104	0.001	0.118
0.001	0.001	0.274	0.724
0.001	0.061	0.937	0.001
0.001	0.134	0.414	0.451
0.001	0.093	0.217	0.689
0.818	0.180	0.001	0.001
>GCAAGGACACGT	11-GCAAGGACACGT	14.454789	-18.903687	0	T:4.0(3.08%),B:4.4(0.01%),P:1e-8	Tpos:551.0,Tstd:280.2,Bpos:421.7,Bstd:261.8,StrandBias:0.0,Multiplicity:1.00
0.001	0.001	0.757	0.241
0.001	0.997	0.001	0.001
0.997	0.001	0.001	0.001
0.997	0.001	0.001	0.001
0.001	0.274	0.483	0.241
0.001	0.001	0.997	0.001
0.997	0.001	0.001	0.001
0.001	0.997	0.001	0.001
0.997	0.001	0.001	0.001
0.001	0.997	0.001	0.001
0.001	0.001	0.997	0.001
0.001	0.001	0.001	0.997
>TTTCCTTATCAG	12-TTTCCTTATCAG	12.576044	-16.929231	0	T:11.0(8.46%),B:380.6(0.91%),P:1e-7	Tpos:707.2,Tstd:204.9,Bpos:566.1,Bstd:318.6,StrandBias:1.0,Multiplicity:1.09
0.202	0.001	0.001	0.796
0.001	0.001	0.001	0.997
0.001	0.001	0.001	0.997
0.001	0.812	0.001	0.186
0.001	0.997	0.001	0.001
0.001	0.001	0.001	0.997
0.001	0.001	0.001	0.997
0.880	0.001	0.001	0.118
0.001	0.001	0.001	0.997
0.001	0.997	0.001	0.001
0.736	0.262	0.001	0.001
0.116	0.001	0.882	0.001
>TTTTGSCAAATT	13-TTTTGSCAAATT	10.959849	-14.588556	0	T:23.0(17.69%),B:2233.5(5.35%),P:1e-6	Tpos:402.4,Tstd:220.5,Bpos:475.3,Bstd:297.3,StrandBias:-0.7,Multiplicity:1.17
0.317	0.001	0.001	0.681
0.299	0.001	0.004	0.696
0.002	0.159	0.080	0.759
0.001	0.062	0.001	0.936
0.120	0.060	0.819	0.001
0.001	0.474	0.495	0.030
0.001	0.911	0.035	0.053
0.955	0.001	0.043	0.001
0.928	0.070	0.001	0.001
0.963	0.003	0.001	0.033
0.035	0.054	0.081	0.830
0.001	0.001	0.069	0.929
>TTCAAATGTAAT	14-TTCAAATGTAAT	12.860869	-13.825539	0	T:10.0(7.69%),B:417.5(1.00%),P:1e-6	Tpos:545.0,Tstd:261.1,Bpos:529.4,Bstd:264.8,StrandBias:1.4,Multiplicity:1.10
0.104	0.001	0.001	0.894
0.001	0.001	0.001	0.997
0.069	0.929	0.001	0.001
0.870	0.001	0.128	0.001
0.997	0.001	0.001	0.001
0.889	0.109	0.001	0.001
0.066	0.001	0.001	0.932
0.052	0.085	0.829	0.034
0.043	0.093	0.001	0.863
0.940	0.001	0.001	0.058
0.997	0.001	0.001	0.001
0.066	0.001	0.001	0.932
>WAACACTYGTGK	15-WAACACTYGTGK	10.458211	-12.846406	0	T:13.0(10.00%),B:835.8(2.00%),P:1e-5	Tpos:431.6,Tstd:267.3,Bpos:478.5,Bstd:277.6,StrandBias:1.5,Multiplicity:1.15
0.478	0.001	0.001	0.520
0.576	0.295	0.001	0.128
0.997	0.001	0.001	0.001
0.135	0.863	0.001	0.001
0.710	0.001	0.254	0.035
0.001	0.575	0.001	0.423
0.001	0.001	0.001	0.997
0.001	0.432	0.001	0.566
0.001	0.001	0.997	0.001
0.001	0.001	0.001	0.997
0.001	0.001	0.997	0.001
0.001	0.001	0.561	0.437
>ACCGTTCTAACT	16-ACCGTTCTAACT	14.592566	-9.259289	0	T:2.0(1.54%),B:3.4(0.01%),P:1e-4	Tpos:478.1,Tstd:170.1,Bpos:586.1,Bstd:205.4,StrandBias:3.0,Multiplicity:4.50
0.864	0.134	0.001	0.001
0.001	0.997	0.001	0.001
0.001	0.997	0.001	0.001
0.001	0.001	0.997	0.001
0.001	0.001	0.001	0.997
0.001	0.001	0.001	0.997
0.001	0.997	0.001	0.001
0.001	0.001	0.001	0.997
0.997	0.001	0.001	0.001
0.997	0.001	0.001	0.001
0.001	0.997	0.001	0.001
0.001	0.001	0.001	0.997
>TTTAAAATTCAT	17-TTTAAAATTCAT	13.666566	-8.203209	0	T:6.0(4.62%),B:278.0(0.67%),P:1e-3	Tpos:586.9,Tstd:218.0,Bpos:511.8,Bstd:291.0,StrandBias:2.6,Multiplicity:2.33
0.001	0.082	0.001	0.916
0.001	0.081	0.001	0.917
0.001	0.001	0.001	0.997
0.997	0.001	0.001	0.001
0.921	0.001	0.077	0.001
0.930	0.001	0.001	0.068
0.997	0.001	0.001	0.001
0.001	0.001	0.001	0.997
0.001	0.001	0.001	0.997
0.001	0.997	0.001	0.001
0.997	0.001	0.001	0.001
0.001	0.001	0.001	0.997
>TAGCAGACCYAM	18-TAGCAGACCYAM	11.671978	-7.470538	0	T:5.0(3.85%),B:209.1(0.50%),P:1e-3	Tpos:609.9,Tstd:241.3,Bpos:508.3,Bstd:345.9,StrandBias:0.2,Multiplicity:3.00
0.001	0.001	0.001	0.997
0.997	0.001	0.001	0.001
0.001	0.001	0.877	0.121
0.001	0.997	0.001	0.001
0.997	0.001	0.001	0.001
0.132	0.001	0.866	0.001
0.997	0.001	0.001	0.001
0.001	0.600	0.001	0.398
0.001	0.774	0.001	0.224
0.189	0.427	0.001	0.383
0.997	0.001	0.001	0.001
0.556	0.442	0.001	0.001
>GATCTAAWTAGA	19-GATCTAAWTAGA	12.708796	-6.388307	0	T:3.0(2.31%),B:72.4(0.17%),P:1e-2	Tpos:517.9,Tstd:113.4,Bpos:443.2,Bstd:303.6,StrandBias:0.7,Multiplicity:2.33
0.001	0.148	0.850	0.001
0.415	0.236	0.199	0.151
0.001	0.402	0.001	0.596
0.001	0.997	0.001	0.001
0.001	0.001	0.001	0.997
0.997	0.001	0.001	0.001
0.997	0.001	0.001	0.001
0.517	0.001	0.001	0.481
0.001	0.001	0.001	0.997
0.997	0.001	0.001	0.001
0.001	0.001	0.997	0.001
0.547	0.001	0.236	0.216
