>CAATTACTCATT	1-CAATTACTCATT	11.525323	-22.630263	0	T:8.0(9.30%),B:105.1(0.27%),P:1e-9	Tpos:543.2,Tstd:262.5,Bpos:445.7,Bstd:313.5,StrandBias:0.3,Multiplicity:1.00
0.001	0.997	0.001	0.001
0.694	0.001	0.001	0.304
0.997	0.001	0.001	0.001
0.001	0.001	0.001	0.997
0.001	0.001	0.001	0.997
0.997	0.001	0.001	0.001
0.001	0.736	0.262	0.001
0.001	0.001	0.001	0.997
0.348	0.650	0.001	0.001
0.997	0.001	0.001	0.001
0.001	0.019	0.024	0.956
0.001	0.001	0.021	0.977
>CCAAAATCGATG	2-CCAAAATCGATG	12.384450	-22.508472	0	T:9.0(10.47%),B:165.6(0.42%),P:1e-9	Tpos:413.7,Tstd:218.4,Bpos:543.4,Bstd:306.7,StrandBias:3.0,Multiplicity:1.00
0.001	0.854	0.001	0.144
0.093	0.905	0.001	0.001
0.997	0.001	0.001	0.001
0.997	0.001	0.001	0.001
0.997	0.001	0.001	0.001
0.997	0.001	0.001	0.001
0.001	0.267	0.001	0.731
0.001	0.997	0.001	0.001
0.001	0.001	0.821	0.177
0.997	0.001	0.001	0.001
0.001	0.001	0.001	0.997
0.001	0.001	0.863	0.135
>TTTTATCCAGAA	3-TTTTATCCAGAA	12.483545	-21.448328	0	T:10.0(11.63%),B:265.6(0.67%),P:1e-9	Tpos:355.0,Tstd:193.9,Bpos:485.0,Bstd:308.4,StrandBias:0.0,Multiplicity:1.00
0.001	0.001	0.001	0.997
0.001	0.001	0.001	0.997
0.001	0.001	0.001	0.997
0.001	0.134	0.001	0.864
0.747	0.100	0.129	0.024
0.120	0.001	0.001	0.878
0.001	0.997	0.001	0.001
0.082	0.916	0.001	0.001
0.997	0.001	0.001	0.001
0.081	0.001	0.917	0.001
0.997	0.001	0.001	0.001
0.781	0.001	0.217	0.001
>ATTATCGTTCGC	4-ATTATCGTTCGC	14.084719	-20.163626	0	T:5.0(5.81%),B:19.8(0.05%),P:1e-8	Tpos:559.6,Tstd:246.2,Bpos:532.3,Bstd:338.3,StrandBias:2.0,Multiplicity:1.00
0.997	0.001	0.001	0.001
0.001	0.001	0.001	0.997
0.001	0.001	0.001	0.997
0.997	0.001	0.001	0.001
0.001	0.001	0.001	0.997
0.001	0.997	0.001	0.001
0.001	0.001	0.997	0.001
0.192	0.001	0.001	0.806
0.001	0.001	0.001	0.997
0.001	0.828	0.001	0.170
0.001	0.001	0.997	0.001
0.193	0.585	0.001	0.221
>AAGAAAGAACTT	5-AAGAAAGAACTT	10.657089	-18.878620	0	T:13.0(15.12%),B:717.3(1.81%),P:1e-8	Tpos:444.8,Tstd:271.4,Bpos:509.1,Bstd:294.8,StrandBias:-2.6,Multiplicity:1.08
0.636	0.001	0.174	0.189
0.920	0.001	0.001	0.078
0.001	0.001	0.997	0.001
0.845	0.083	0.001	0.071
0.907	0.001	0.091	0.001
0.869	0.129	0.001	0.001
0.001	0.173	0.825	0.001
0.801	0.197	0.001	0.001
0.717	0.146	0.001	0.136
0.068	0.930	0.001	0.001
0.106	0.001	0.085	0.808
0.001	0.001	0.256	0.742
>TATTTTGTTTGA	6-TATTTTGTTTGA	13.441122	-18.808659	0	T:9.0(10.47%),B:256.9(0.65%),P:1e-8	Tpos:488.6,Tstd:253.0,Bpos:492.6,Bstd:297.6,StrandBias:-1.0,Multiplicity:1.00
0.067	0.001	0.001	0.931
0.965	0.001	0.001	0.033
0.098	0.001	0.001	0.900
0.001	0.001	0.001	0.997
0.135	0.001	0.001	0.863
0.116	0.001	0.001	0.882
0.072	0.001	0.867	0.060
0.001	0.149	0.001	0.849
0.001	0.001	0.001	0.997
0.001	0.001	0.001	0.997
0.092	0.001	0.841	0.066
0.997	0.001	0.001	0.001
>AAGACGATTAAR	7-AAGACGATTAAR	14.221133	-17.718565	0	T:5.0(5.81%),B:33.1(0.08%),P:1e-7	Tpos:289.0,Tstd:139.1,Bpos:647.9,Bstd:239.9,StrandBias:-0.6,Multiplicity:1.00
0.997	0.001	0.001	0.001
0.997	0.001	0.001	0.001
0.001	0.001	0.997	0.001
0.997	0.001	0.001	0.001
0.246	0.752	0.001	0.001
0.001	0.001	0.997	0.001
0.997	0.001	0.001	0.001
0.257	0.001	0.001	0.741
0.001	0.001	0.001	0.997
0.997	0.001	0.001	0.001
0.997	0.001	0.001	0.001
0.494	0.001	0.504	0.001
>CCAGAAAATTCC	8-CCAGAAAATTCC	13.169477	-16.563692	0	T:8.0(9.30%),B:236.3(0.60%),P:1e-7	Tpos:535.1,Tstd:222.8,Bpos:489.2,Bstd:303.6,StrandBias:0.6,Multiplicity:1.25
0.001	0.915	0.001	0.083
0.001	0.997	0.001	0.001
0.708	0.134	0.001	0.157
0.080	0.001	0.918	0.001
0.997	0.001	0.001	0.001
0.823	0.001	0.001	0.175
0.997	0.001	0.001	0.001
0.997	0.001	0.001	0.001
0.001	0.001	0.001	0.997
0.250	0.001	0.001	0.748
0.001	0.997	0.001	0.001
0.001	0.997	0.001	0.001
>TTATAGTAAAAA	9-TTATAGTAAAAA	12.578731	-16.281906	0	T:10.0(11.63%),B:464.4(1.17%),P:1e-7	Tpos:518.5,Tstd:246.5,Bpos:471.0,Bstd:297.4,StrandBias:-0.3,Multiplicity:1.10
0.102	0.181	0.001	0.716
0.146	0.108	0.001	0.745
0.900	0.001	0.095	0.004
0.001	0.001	0.001	0.997
0.841	0.001	0.148	0.010
0.001	0.382	0.592	0.025
0.001	0.001	0.001	0.997
0.793	0.001	0.205	0.001
0.997	0.001	0.001	0.001
0.997	0.001	0.001	0.001
0.997	0.001	0.001	0.001
0.878	0.001	0.001	0.120
>TTTGGAAWATGG	10-TTTGGAAWATGG	11.950823	-15.146256	0	T:11.0(12.79%),B:669.0(1.69%),P:1e-6	Tpos:516.8,Tstd:272.5,Bpos:495.5,Bstd:304.6,StrandBias:-1.7,Multiplicity:1.18
0.001	0.001	0.001	0.997
0.001	0.001	0.001	0.997
0.001	0.148	0.100	0.751
0.001	0.001	0.997	0.001
0.242	0.112	0.527	0.119
0.871	0.001	0.001	0.127
0.875	0.123	0.001	0.001
0.452	0.110	0.001	0.436
0.849	0.001	0.003	0.147
0.001	0.001	0.120	0.878
0.001	0.001	0.997	0.001
0.175	0.001	0.823	0.001
>TTTTTTCTTTCA	11-TTTTTTCTTTCA	11.963140	-12.823959	0	T:10.0(11.63%),B:684.7(1.73%),P:1e-5	Tpos:618.2,Tstd:238.5,Bpos:525.5,Bstd:308.3,StrandBias:1.0,Multiplicity:1.20
0.001	0.001	0.001	0.997
0.001	0.001	0.102	0.896
0.001	0.001	0.115	0.883
0.001	0.001	0.001	0.997
0.001	0.001	0.001	0.997
0.001	0.001	0.001	0.997
0.001	0.997	0.001	0.001
0.001	0.001	0.104	0.894
0.108	0.001	0.001	0.890
0.125	0.001	0.001	0.873
0.001	0.997	0.001	0.001
0.997	0.001	0.001	0.001
>CGACTTTTTAGA	12-CGACTTTTTAGA	12.355432	-12.797169	0	T:3.0(3.49%),B:10.1(0.03%),P:1e-5	Tpos:643.7,Tstd:204.3,Bpos:403.5,Bstd:213.2,StrandBias:-10.0,Multiplicity:1.00
0.100	0.700	0.100	0.100
0.100	0.100	0.700	0.100
0.700	0.100	0.100	0.100
0.100	0.700	0.100	0.100
0.100	0.100	0.100	0.700
0.100	0.100	0.100	0.700
0.100	0.100	0.100	0.700
0.100	0.100	0.100	0.700
0.100	0.100	0.100	0.700
0.700	0.100	0.100	0.100
0.100	0.100	0.700	0.100
0.700	0.100	0.100	0.100
>CGGAACATAWTT	13-CGGAACATAWTT	12.298064	-8.575259	0	T:5.0(5.81%),B:237.9(0.60%),P:1e-3	Tpos:577.9,Tstd:207.8,Bpos:539.7,Bstd:272.5,StrandBias:-2.6,Multiplicity:1.40
0.171	0.827	0.001	0.001
0.001	0.001	0.997	0.001
0.001	0.001	0.997	0.001
0.727	0.001	0.001	0.271
0.830	0.001	0.001	0.168
0.120	0.878	0.001	0.001
0.727	0.271	0.001	0.001
0.001	0.001	0.001	0.997
0.613	0.001	0.001	0.385
0.509	0.001	0.001	0.489
0.001	0.001	0.001	0.997
0.001	0.001	0.001	0.997
