>TTGTCATCAT	1-TTGTCATCAT	10.228941	-171.306439	0	T:100.0(36.50%),B:1297.8(3.15%),P:1e-74	Tpos:679.5,Tstd:242.5,Bpos:527.6,Bstd:318.7,StrandBias:0.5,Multiplicity:1.16
0.072	0.001	0.001	0.926
0.001	0.001	0.001	0.997
0.110	0.001	0.888	0.001
0.001	0.001	0.001	0.997
0.001	0.997	0.001	0.001
0.997	0.001	0.001	0.001
0.001	0.001	0.041	0.957
0.001	0.997	0.001	0.001
0.929	0.001	0.069	0.001
0.084	0.059	0.001	0.856
>WWTGTCATCH	2-WWTGTCATCH	8.175540	-153.336196	0	T:151.0(55.11%),B:4776.9(11.59%),P:1e-66	Tpos:629.7,Tstd:287.9,Bpos:507.1,Bstd:310.7,StrandBias:0.5,Multiplicity:1.19
0.430	0.001	0.196	0.373
0.454	0.032	0.019	0.494
0.336	0.149	0.001	0.514
0.257	0.017	0.663	0.063
0.001	0.051	0.032	0.916
0.060	0.864	0.001	0.075
0.880	0.040	0.079	0.001
0.056	0.001	0.236	0.707
0.001	0.997	0.001	0.001
0.331	0.320	0.114	0.234
>AACTGATAAG	3-AACTGATAAG	8.965487	-31.967456	0	T:80.0(29.20%),B:4879.6(11.84%),P:1e-13	Tpos:688.9,Tstd:280.8,Bpos:547.7,Bstd:315.6,StrandBias:-0.6,Multiplicity:1.18
0.828	0.033	0.057	0.082
0.986	0.001	0.012	0.001
0.177	0.625	0.037	0.161
0.016	0.028	0.001	0.955
0.012	0.021	0.932	0.035
0.997	0.001	0.001	0.001
0.001	0.013	0.001	0.985
0.969	0.014	0.016	0.001
0.950	0.024	0.001	0.025
0.033	0.116	0.807	0.044
>ATGATAAGAT	4-ATGATAAGAT	8.785397	-27.496038	0	T:77.0(28.10%),B:4995.6(12.12%),P:1e-11	Tpos:533.3,Tstd:313.8,Bpos:526.1,Bstd:312.9,StrandBias:-0.4,Multiplicity:1.11
0.644	0.019	0.336	0.001
0.067	0.001	0.001	0.931
0.001	0.001	0.997	0.001
0.997	0.001	0.001	0.001
0.001	0.001	0.001	0.997
0.857	0.001	0.141	0.001
0.587	0.065	0.208	0.140
0.110	0.001	0.748	0.141
0.696	0.001	0.244	0.059
0.168	0.001	0.119	0.712
>RGTCACAAAW	5-RGTCACAAAW	7.970631	-22.565565	0	T:31.0(11.31%),B:1180.8(2.86%),P:1e-9	Tpos:623.2,Tstd:234.1,Bpos:511.8,Bstd:300.4,StrandBias:0.4,Multiplicity:1.19
0.420	0.015	0.540	0.025
0.233	0.202	0.560	0.005
0.357	0.020	0.031	0.592
0.137	0.534	0.140	0.189
0.598	0.011	0.247	0.144
0.035	0.475	0.190	0.300
0.752	0.170	0.027	0.051
0.692	0.026	0.227	0.055
0.728	0.027	0.229	0.016
0.493	0.030	0.032	0.445
>CGTGGTTTGT	6-CGTGGTTTGT	10.440795	-21.504394	0	T:15.0(5.47%),B:255.6(0.62%),P:1e-9	Tpos:655.2,Tstd:179.4,Bpos:488.0,Bstd:317.2,StrandBias:0.5,Multiplicity:1.13
0.021	0.582	0.033	0.364
0.026	0.001	0.948	0.025
0.001	0.001	0.048	0.950
0.001	0.001	0.997	0.001
0.001	0.036	0.928	0.035
0.033	0.001	0.001	0.965
0.001	0.001	0.001	0.997
0.088	0.001	0.001	0.910
0.032	0.001	0.966	0.001
0.025	0.056	0.096	0.823
>TGATGTAATG	7-TGATGTAATG	9.528090	-21.071078	0	T:42.0(15.33%),B:2165.0(5.25%),P:1e-9	Tpos:572.9,Tstd:275.3,Bpos:500.6,Bstd:314.8,StrandBias:-0.7,Multiplicity:1.12
0.001	0.001	0.001	0.997
0.001	0.001	0.997	0.001
0.997	0.001	0.001	0.001
0.001	0.001	0.001	0.997
0.001	0.148	0.850	0.001
0.274	0.183	0.001	0.542
0.923	0.001	0.075	0.001
0.952	0.046	0.001	0.001
0.001	0.001	0.001	0.997
0.208	0.001	0.726	0.065
>GCTAGAGACA	8-GCTAGAGACA	9.789584	-20.485158	0	T:20.0(7.30%),B:538.0(1.31%),P:1e-8	Tpos:505.3,Tstd:260.7,Bpos:507.6,Bstd:312.6,StrandBias:-0.3,Multiplicity:1.10
0.001	0.001	0.958	0.040
0.038	0.906	0.055	0.001
0.001	0.051	0.045	0.903
0.848	0.078	0.073	0.001
0.001	0.076	0.839	0.084
0.997	0.001	0.001	0.001
0.001	0.064	0.934	0.001
0.940	0.058	0.001	0.001
0.001	0.898	0.061	0.040
0.930	0.001	0.001	0.068
>TGTAGCCTAC	9-TGTAGCCTAC	9.477275	-20.196552	0	T:15.0(5.47%),B:282.9(0.69%),P:1e-8	Tpos:545.9,Tstd:270.5,Bpos:497.2,Bstd:319.4,StrandBias:0.0,Multiplicity:1.13
0.001	0.301	0.001	0.697
0.001	0.001	0.997	0.001
0.001	0.001	0.001	0.997
0.766	0.115	0.118	0.001
0.001	0.001	0.997	0.001
0.168	0.625	0.206	0.001
0.001	0.997	0.001	0.001
0.001	0.001	0.001	0.997
0.997	0.001	0.001	0.001
0.088	0.910	0.001	0.001
>TAAGTAACCA	10-TAAGTAACCA	9.293015	-18.594347	0	T:25.0(9.12%),B:941.9(2.29%),P:1e-8	Tpos:501.0,Tstd:278.5,Bpos:505.4,Bstd:302.4,StrandBias:0.4,Multiplicity:1.04
0.034	0.001	0.001	0.964
0.997	0.001	0.001	0.001
0.839	0.086	0.074	0.001
0.074	0.052	0.830	0.044
0.020	0.067	0.001	0.912
0.947	0.051	0.001	0.001
0.809	0.080	0.110	0.001
0.023	0.807	0.132	0.038
0.032	0.966	0.001	0.001
0.997	0.001	0.001	0.001
>ATCAAAAAAC	11-ATCAAAAAAC	10.490940	-18.521530	0	T:45.0(16.42%),B:2648.9(6.43%),P:1e-8	Tpos:554.1,Tstd:297.0,Bpos:509.4,Bstd:297.3,StrandBias:-0.2,Multiplicity:1.09
0.751	0.177	0.062	0.010
0.001	0.001	0.001	0.997
0.001	0.997	0.001	0.001
0.947	0.001	0.001	0.051
0.745	0.001	0.001	0.253
0.685	0.131	0.183	0.001
0.801	0.001	0.197	0.001
0.997	0.001	0.001	0.001
0.873	0.125	0.001	0.001
0.001	0.953	0.001	0.045
>CCAAAGTTTC	12-CCAAAGTTTC	9.487937	-18.070112	0	T:53.0(19.34%),B:3484.8(8.46%),P:1e-7	Tpos:471.8,Tstd:283.8,Bpos:502.8,Bstd:300.7,StrandBias:-0.1,Multiplicity:1.10
0.189	0.809	0.001	0.001
0.050	0.873	0.001	0.076
0.997	0.001	0.001	0.001
0.701	0.001	0.297	0.001
0.997	0.001	0.001	0.001
0.045	0.001	0.888	0.066
0.001	0.001	0.001	0.997
0.001	0.001	0.038	0.960
0.001	0.036	0.001	0.962
0.094	0.836	0.069	0.001
>GTTTTCTGAA	13-GTTTTCTGAA	9.568115	-17.903505	0	T:41.0(14.96%),B:2325.6(5.64%),P:1e-7	Tpos:427.5,Tstd:302.2,Bpos:525.6,Bstd:315.3,StrandBias:-0.4,Multiplicity:1.05
0.001	0.001	0.997	0.001
0.001	0.001	0.001	0.997
0.001	0.001	0.001	0.997
0.001	0.418	0.001	0.580
0.001	0.001	0.001	0.997
0.001	0.997	0.001	0.001
0.001	0.001	0.001	0.997
0.001	0.052	0.946	0.001
0.669	0.329	0.001	0.001
0.955	0.001	0.043	0.001
>ATAAATAGTC	14-ATAAATAGTC	10.503821	-17.583325	0	T:17.0(6.20%),B:457.9(1.11%),P:1e-7	Tpos:601.9,Tstd:288.9,Bpos:551.3,Bstd:310.6,StrandBias:0.5,Multiplicity:1.00
0.915	0.001	0.001	0.083
0.001	0.051	0.001	0.947
0.997	0.001	0.001	0.001
0.880	0.001	0.118	0.001
0.862	0.001	0.001	0.136
0.001	0.001	0.001	0.997
0.997	0.001	0.001	0.001
0.001	0.001	0.997	0.001
0.001	0.001	0.001	0.997
0.001	0.997	0.001	0.001
>TGGGTCGAWA	15-TGGGTCGAWA	9.201630	-16.141564	0	T:20.0(7.30%),B:704.2(1.71%),P:1e-7	Tpos:391.1,Tstd:223.1,Bpos:499.9,Bstd:303.5,StrandBias:-0.6,Multiplicity:1.05
0.034	0.001	0.149	0.816
0.001	0.001	0.890	0.108
0.001	0.001	0.997	0.001
0.001	0.001	0.997	0.001
0.084	0.001	0.001	0.914
0.001	0.862	0.136	0.001
0.001	0.001	0.997	0.001
0.974	0.001	0.001	0.024
0.434	0.163	0.001	0.402
0.628	0.216	0.155	0.001
>CGTCGAACCC	16-CGTCGAACCC	8.966277	-16.031473	0	T:20.0(7.30%),B:709.7(1.72%),P:1e-6	Tpos:432.0,Tstd:258.1,Bpos:478.4,Bstd:293.1,StrandBias:1.0,Multiplicity:1.35
0.355	0.555	0.089	0.001
0.112	0.277	0.542	0.069
0.166	0.001	0.001	0.832
0.009	0.641	0.001	0.349
0.001	0.001	0.620	0.378
0.997	0.001	0.001	0.001
0.997	0.001	0.001	0.001
0.090	0.818	0.001	0.091
0.001	0.853	0.001	0.145
0.001	0.997	0.001	0.001
>AGCTTTGCCA	17-AGCTTTGCCA	7.305799	-15.745404	0	T:45.0(16.42%),B:2917.1(7.08%),P:1e-6	Tpos:392.6,Tstd:286.3,Bpos:488.4,Bstd:296.5,StrandBias:0.0,Multiplicity:1.16
0.823	0.065	0.065	0.047
0.073	0.034	0.845	0.048
0.082	0.783	0.081	0.054
0.096	0.099	0.023	0.782
0.069	0.048	0.090	0.793
0.059	0.033	0.114	0.794
0.059	0.085	0.855	0.001
0.061	0.843	0.054	0.042
0.050	0.794	0.049	0.107
0.698	0.105	0.074	0.123
>CGGTWGTGTT	18-CGGTWGTGTT	6.629372	-15.579489	0	T:20.0(7.30%),B:730.4(1.77%),P:1e-6	Tpos:662.3,Tstd:274.0,Bpos:512.7,Bstd:309.7,StrandBias:1.2,Multiplicity:1.15
0.216	0.433	0.263	0.088
0.201	0.250	0.470	0.079
0.141	0.009	0.595	0.255
0.002	0.108	0.222	0.668
0.426	0.010	0.001	0.563
0.112	0.130	0.671	0.087
0.284	0.002	0.177	0.537
0.176	0.245	0.402	0.177
0.256	0.114	0.165	0.465
0.007	0.201	0.227	0.565
>RKCHWACGTG	19-RKCHWACGTG	8.518140	-15.145792	0	T:10.0(3.65%),B:163.3(0.40%),P:1e-6	Tpos:503.7,Tstd:262.1,Bpos:496.7,Bstd:293.4,StrandBias:0.0,Multiplicity:1.00
0.457	0.063	0.454	0.026
0.046	0.034	0.514	0.406
0.049	0.889	0.012	0.050
0.296	0.322	0.001	0.381
0.346	0.198	0.018	0.438
0.560	0.391	0.011	0.038
0.051	0.789	0.107	0.053
0.035	0.034	0.800	0.131
0.080	0.293	0.061	0.566
0.033	0.041	0.887	0.039
>CTTTTGGACG	20-CTTTTGGACG	10.218511	-14.966855	0	T:22.0(8.03%),B:908.6(2.20%),P:1e-6	Tpos:486.0,Tstd:310.7,Bpos:491.7,Bstd:295.9,StrandBias:-1.1,Multiplicity:1.00
0.001	0.997	0.001	0.001
0.001	0.001	0.001	0.997
0.232	0.001	0.010	0.757
0.001	0.185	0.001	0.813
0.001	0.001	0.001	0.997
0.001	0.108	0.890	0.001
0.401	0.001	0.597	0.001
0.997	0.001	0.001	0.001
0.001	0.805	0.001	0.193
0.001	0.269	0.624	0.106
>TTCTGTGTCT	21-TTCTGTGTCT	9.408066	-14.913608	0	T:31.0(11.31%),B:1659.7(4.03%),P:1e-6	Tpos:596.6,Tstd:282.2,Bpos:513.2,Bstd:308.0,StrandBias:1.0,Multiplicity:1.10
0.001	0.092	0.038	0.869
0.001	0.001	0.001	0.997
0.001	0.917	0.001	0.081
0.083	0.001	0.001	0.915
0.101	0.001	0.897	0.001
0.001	0.001	0.001	0.997
0.001	0.001	0.997	0.001
0.001	0.242	0.001	0.756
0.001	0.997	0.001	0.001
0.001	0.338	0.001	0.660
>GTAACTACAA	22-GTAACTACAA	10.404597	-14.703724	0	T:13.0(4.74%),B:320.2(0.78%),P:1e-6	Tpos:538.2,Tstd:256.1,Bpos:477.5,Bstd:315.3,StrandBias:1.4,Multiplicity:1.38
0.001	0.001	0.997	0.001
0.001	0.001	0.001	0.997
0.896	0.001	0.102	0.001
0.997	0.001	0.001	0.001
0.001	0.950	0.048	0.001
0.001	0.001	0.069	0.929
0.997	0.001	0.001	0.001
0.001	0.997	0.001	0.001
0.861	0.071	0.067	0.001
0.929	0.069	0.001	0.001
>CCAACTTTAG	23-CCAACTTTAG	10.313955	-9.991972	0	T:13.0(4.74%),B:503.4(1.22%),P:1e-4	Tpos:524.1,Tstd:217.4,Bpos:492.0,Bstd:300.8,StrandBias:0.5,Multiplicity:1.69
0.130	0.868	0.001	0.001
0.001	0.951	0.047	0.001
0.893	0.105	0.001	0.001
0.997	0.001	0.001	0.001
0.001	0.856	0.142	0.001
0.001	0.001	0.001	0.997
0.001	0.001	0.001	0.997
0.001	0.001	0.001	0.997
0.997	0.001	0.001	0.001
0.001	0.001	0.936	0.062
>GGATACYGGG	24-GGATACYGGG	8.895577	-7.578231	0	T:12.0(4.38%),B:565.3(1.37%),P:1e-3	Tpos:302.5,Tstd:215.0,Bpos:456.5,Bstd:305.2,StrandBias:-2.9,Multiplicity:2.08
0.078	0.001	0.920	0.001
0.168	0.001	0.830	0.001
0.768	0.001	0.230	0.001
0.001	0.001	0.001	0.997
0.890	0.108	0.001	0.001
0.001	0.997	0.001	0.001
0.001	0.446	0.001	0.552
0.189	0.001	0.809	0.001
0.001	0.001	0.694	0.304
0.001	0.001	0.884	0.114
>GCCAGCACTT	25-GCCAGCACTT	10.296193	-1.775574	0	T:1.0(0.36%),B:27.3(0.07%),P:1e0	Tpos:314.5,Tstd:158.8,Bpos:481.2,Bstd:326.1,StrandBias:10.0,Multiplicity:6.00
0.100	0.100	0.700	0.100
0.100	0.700	0.100	0.100
0.100	0.700	0.100	0.100
0.700	0.100	0.100	0.100
0.100	0.100	0.700	0.100
0.100	0.700	0.100	0.100
0.700	0.100	0.100	0.100
0.100	0.700	0.100	0.100
0.100	0.100	0.100	0.700
0.100	0.100	0.100	0.700
