>TTGTCATC	1-TTGTCATC	10.938074	-118.501237	0	T:89.0(32.48%),B:1729.2(4.20%),P:1e-51	Tpos:656.6,Tstd:270.1,Bpos:515.2,Bstd:313.8,StrandBias:0.5,Multiplicity:1.20
0.001	0.001	0.001	0.997
0.001	0.001	0.001	0.997
0.001	0.001	0.997	0.001
0.001	0.001	0.001	0.997
0.001	0.997	0.001	0.001
0.997	0.001	0.001	0.001
0.001	0.001	0.121	0.877
0.001	0.997	0.001	0.001
>TATCATCA	2-TATCATCA	8.989391	-107.635725	0	T:127.0(46.35%),B:4634.6(11.24%),P:1e-46	Tpos:628.6,Tstd:274.6,Bpos:505.7,Bstd:314.5,StrandBias:0.7,Multiplicity:1.18
0.001	0.001	0.001	0.997
0.849	0.001	0.149	0.001
0.001	0.001	0.001	0.997
0.001	0.997	0.001	0.001
0.997	0.001	0.001	0.001
0.001	0.001	0.001	0.997
0.001	0.997	0.001	0.001
0.836	0.162	0.001	0.001
>TCATCATT	3-TCATCATT	8.236954	-70.653758	0	T:96.0(35.04%),B:3800.9(9.22%),P:1e-30	Tpos:610.5,Tstd:287.4,Bpos:522.0,Bstd:308.8,StrandBias:1.2,Multiplicity:1.12
0.100	0.100	0.100	0.700
0.100	0.700	0.100	0.100
0.700	0.100	0.100	0.100
0.100	0.100	0.100	0.700
0.100	0.700	0.100	0.100
0.700	0.100	0.100	0.100
0.100	0.100	0.100	0.700
0.100	0.100	0.100	0.700
>TGATAAGA	4-TGATAAGA	7.949596	-40.050327	0	T:140.0(51.09%),B:10875.4(26.39%),P:1e-17	Tpos:593.0,Tstd:295.4,Bpos:538.5,Bstd:320.5,StrandBias:-0.4,Multiplicity:1.30
0.094	0.001	0.001	0.904
0.001	0.001	0.997	0.001
0.997	0.001	0.001	0.001
0.001	0.001	0.001	0.997
0.935	0.001	0.001	0.063
0.802	0.043	0.041	0.114
0.001	0.001	0.997	0.001
0.621	0.105	0.158	0.116
>GGGGTYTG	5-GGGGTYTG	7.783717	-24.777248	0	T:59.0(21.53%),B:3438.3(8.34%),P:1e-10	Tpos:561.9,Tstd:295.3,Bpos:496.7,Bstd:305.1,StrandBias:-0.6,Multiplicity:1.14
0.001	0.097	0.901	0.001
0.001	0.210	0.513	0.276
0.001	0.001	0.997	0.001
0.062	0.001	0.936	0.001
0.001	0.001	0.001	0.997
0.001	0.562	0.001	0.436
0.001	0.196	0.001	0.802
0.001	0.001	0.997	0.001
>GCTGACCA	6-GCTGACCA	7.897946	-21.333541	0	T:48.0(17.52%),B:2688.7(6.52%),P:1e-9	Tpos:523.1,Tstd:277.3,Bpos:487.7,Bstd:299.4,StrandBias:-0.3,Multiplicity:1.29
0.001	0.001	0.997	0.001
0.001	0.997	0.001	0.001
0.001	0.001	0.001	0.997
0.001	0.001	0.997	0.001
0.875	0.001	0.123	0.001
0.001	0.997	0.001	0.001
0.340	0.599	0.001	0.060
0.997	0.001	0.001	0.001
>CTCCTAGC	7-CTCCTAGC	8.211574	-19.791621	0	T:31.0(11.31%),B:1329.9(3.23%),P:1e-8	Tpos:529.0,Tstd:289.4,Bpos:495.1,Bstd:306.1,StrandBias:0.8,Multiplicity:1.06
0.239	0.759	0.001	0.001
0.073	0.001	0.001	0.925
0.001	0.725	0.273	0.001
0.001	0.874	0.124	0.001
0.001	0.001	0.001	0.997
0.997	0.001	0.001	0.001
0.240	0.138	0.621	0.001
0.001	0.921	0.077	0.001
>GACACAAA	8-GACACAAA	7.287010	-16.847122	0	T:94.0(34.31%),B:8351.3(20.26%),P:1e-7	Tpos:571.3,Tstd:267.8,Bpos:504.7,Bstd:307.2,StrandBias:-0.4,Multiplicity:1.41
0.001	0.001	0.997	0.001
0.719	0.097	0.001	0.183
0.001	0.997	0.001	0.001
0.838	0.001	0.160	0.001
0.001	0.997	0.001	0.001
0.997	0.001	0.001	0.001
0.807	0.001	0.191	0.001
0.955	0.043	0.001	0.001
>GATGACTT	9-GATGACTT	8.547995	-15.004081	0	T:58.0(21.17%),B:4382.1(10.63%),P:1e-6	Tpos:540.7,Tstd:298.8,Bpos:502.4,Bstd:308.7,StrandBias:0.2,Multiplicity:1.17
0.001	0.001	0.782	0.216
0.498	0.001	0.245	0.256
0.001	0.001	0.001	0.997
0.001	0.001	0.997	0.001
0.785	0.213	0.001	0.001
0.001	0.997	0.001	0.001
0.001	0.001	0.001	0.997
0.038	0.001	0.001	0.960
>TGCGCCTC	10-TGCGCCTC	7.368241	-13.845834	0	T:51.0(18.61%),B:3767.2(9.14%),P:1e-6	Tpos:561.1,Tstd:271.0,Bpos:526.5,Bstd:296.4,StrandBias:0.6,Multiplicity:1.10
0.001	0.123	0.060	0.816
0.020	0.118	0.861	0.001
0.001	0.948	0.050	0.001
0.106	0.001	0.892	0.001
0.001	0.740	0.001	0.258
0.001	0.997	0.001	0.001
0.053	0.001	0.001	0.945
0.156	0.794	0.001	0.049
>TGATGTAA	11-TGATGTAA	8.758600	-13.283392	0	T:57.0(20.80%),B:4510.6(10.94%),P:1e-5	Tpos:621.1,Tstd:276.8,Bpos:494.6,Bstd:310.1,StrandBias:-0.6,Multiplicity:1.09
0.001	0.001	0.001	0.997
0.001	0.001	0.997	0.001
0.997	0.001	0.001	0.001
0.001	0.001	0.001	0.997
0.001	0.001	0.997	0.001
0.001	0.260	0.001	0.738
0.864	0.134	0.001	0.001
0.997	0.001	0.001	0.001
>CTTGGCTA	12-CTTGGCTA	7.465540	-10.761148	0	T:49.0(17.88%),B:3981.9(9.66%),P:1e-4	Tpos:471.3,Tstd:297.9,Bpos:504.3,Bstd:312.7,StrandBias:-0.6,Multiplicity:1.23
0.001	0.929	0.016	0.054
0.013	0.029	0.025	0.933
0.015	0.023	0.012	0.950
0.001	0.056	0.713	0.230
0.063	0.001	0.840	0.096
0.060	0.875	0.001	0.064
0.027	0.021	0.001	0.951
0.888	0.001	0.110	0.001
>GTAACTAC	13-GTAACTAC	9.119722	-10.312676	0	T:29.0(10.58%),B:1892.1(4.59%),P:1e-4	Tpos:512.0,Tstd:265.3,Bpos:497.3,Bstd:311.1,StrandBias:0.7,Multiplicity:1.24
0.001	0.001	0.997	0.001
0.001	0.001	0.001	0.997
0.784	0.001	0.214	0.001
0.997	0.001	0.001	0.001
0.001	0.997	0.001	0.001
0.001	0.001	0.001	0.997
0.997	0.001	0.001	0.001
0.001	0.817	0.001	0.181
>GTTGTGCC	14-GTTGTGCC	6.998752	-10.079655	0	T:87.0(31.75%),B:8797.7(21.35%),P:1e-4	Tpos:532.6,Tstd:296.7,Bpos:500.4,Bstd:305.5,StrandBias:-0.1,Multiplicity:1.22
0.215	0.001	0.783	0.001
0.001	0.001	0.001	0.997
0.019	0.001	0.001	0.979
0.083	0.001	0.915	0.001
0.097	0.072	0.001	0.830
0.127	0.080	0.792	0.001
0.098	0.779	0.001	0.122
0.001	0.700	0.001	0.298
>GGGCGGTC	15-GGGCGGTC	7.010268	-8.881237	0	T:30.0(10.95%),B:2161.4(5.24%),P:1e-3	Tpos:538.5,Tstd:267.9,Bpos:507.5,Bstd:307.0,StrandBias:-0.8,Multiplicity:1.24
0.001	0.047	0.898	0.054
0.001	0.033	0.965	0.001
0.001	0.001	0.880	0.118
0.250	0.697	0.052	0.001
0.001	0.036	0.931	0.032
0.001	0.001	0.997	0.001
0.001	0.001	0.254	0.744
0.001	0.880	0.001	0.118
>CAAAGACT	16-CAAAGACT	8.517543	-8.428877	0	T:63.0(22.99%),B:6097.0(14.79%),P:1e-3	Tpos:455.3,Tstd:284.1,Bpos:496.4,Bstd:302.5,StrandBias:0.3,Multiplicity:1.27
0.001	0.997	0.001	0.001
0.997	0.001	0.001	0.001
0.997	0.001	0.001	0.001
0.861	0.001	0.001	0.137
0.001	0.001	0.997	0.001
0.914	0.001	0.084	0.001
0.293	0.705	0.001	0.001
0.001	0.335	0.001	0.663
>CACGGTAT	17-CACGGTAT	8.834396	-6.913067	0	T:10.0(3.65%),B:446.8(1.08%),P:1e-3	Tpos:348.7,Tstd:259.7,Bpos:491.4,Bstd:303.7,StrandBias:0.8,Multiplicity:1.40
0.001	0.997	0.001	0.001
0.891	0.107	0.001	0.001
0.001	0.997	0.001	0.001
0.001	0.001	0.997	0.001
0.001	0.001	0.997	0.001
0.001	0.001	0.001	0.997
0.997	0.001	0.001	0.001
0.001	0.001	0.001	0.997
