>AATGATGACAAW	1-AATGATGACAAW	12.072781	-174.694521	0	T:75.0(27.37%),B:469.6(1.14%),P:1e-75	Tpos:666.3,Tstd:247.7,Bpos:549.4,Bstd:310.0,StrandBias:-0.3,Multiplicity:1.08
0.701	0.125	0.173	0.001
0.997	0.001	0.001	0.001
0.001	0.145	0.001	0.853
0.001	0.001	0.997	0.001
0.729	0.269	0.001	0.001
0.001	0.001	0.118	0.880
0.001	0.001	0.997	0.001
0.997	0.001	0.001	0.001
0.001	0.872	0.001	0.126
0.697	0.001	0.001	0.301
0.695	0.001	0.001	0.303
0.547	0.001	0.001	0.451
>WAWTRTCATCAT	2-WAWTRTCATCAT	10.581936	-157.157292	0	T:117.0(42.70%),B:2369.8(5.75%),P:1e-68	Tpos:666.6,Tstd:259.2,Bpos:519.2,Bstd:305.2,StrandBias:0.2,Multiplicity:1.14
0.314	0.078	0.191	0.417
0.558	0.001	0.216	0.225
0.510	0.017	0.001	0.472
0.239	0.006	0.001	0.754
0.390	0.061	0.373	0.176
0.001	0.001	0.001	0.997
0.001	0.973	0.001	0.025
0.997	0.001	0.001	0.001
0.030	0.001	0.001	0.968
0.001	0.997	0.001	0.001
0.805	0.001	0.152	0.042
0.262	0.001	0.001	0.736
>CAATTGTCATCA	3-CAATTGTCATCA	12.218612	-90.246648	0	T:40.0(14.60%),B:259.5(0.63%),P:1e-39	Tpos:611.0,Tstd:268.4,Bpos:521.0,Bstd:332.0,StrandBias:1.2,Multiplicity:1.05
0.076	0.537	0.130	0.257
0.997	0.001	0.001	0.001
0.997	0.001	0.001	0.001
0.067	0.239	0.001	0.693
0.001	0.001	0.001	0.997
0.001	0.069	0.929	0.001
0.001	0.001	0.001	0.997
0.205	0.793	0.001	0.001
0.900	0.001	0.001	0.098
0.001	0.001	0.141	0.857
0.001	0.997	0.001	0.001
0.926	0.072	0.001	0.001
>TTTCTTATCATT	4-TTTCTTATCATT	11.616911	-32.045212	0	T:41.0(14.96%),B:1450.1(3.52%),P:1e-13	Tpos:614.1,Tstd:283.7,Bpos:566.3,Bstd:315.7,StrandBias:0.0,Multiplicity:1.02
0.035	0.001	0.046	0.918
0.050	0.001	0.001	0.948
0.001	0.056	0.070	0.873
0.001	0.949	0.032	0.018
0.076	0.001	0.001	0.922
0.001	0.001	0.032	0.966
0.938	0.022	0.001	0.039
0.001	0.001	0.001	0.997
0.039	0.935	0.001	0.025
0.967	0.001	0.001	0.031
0.249	0.069	0.001	0.681
0.001	0.001	0.055	0.943
>GRGTGATGTAAT	5-GRGTGATGTAAT	11.402496	-31.190116	0	T:15.0(5.47%),B:123.0(0.30%),P:1e-13	Tpos:585.9,Tstd:267.0,Bpos:494.7,Bstd:301.3,StrandBias:-1.0,Multiplicity:1.00
0.001	0.001	0.997	0.001
0.454	0.001	0.357	0.188
0.001	0.184	0.814	0.001
0.001	0.001	0.001	0.997
0.001	0.001	0.997	0.001
0.820	0.001	0.001	0.178
0.001	0.001	0.001	0.997
0.001	0.001	0.997	0.001
0.110	0.323	0.001	0.566
0.997	0.001	0.001	0.001
0.681	0.140	0.178	0.001
0.178	0.001	0.001	0.820
>GTGGTTTGTTGC	6-GTGGTTTGTTGC	10.404415	-31.065138	0	T:26.0(9.49%),B:561.3(1.36%),P:1e-13	Tpos:535.7,Tstd:266.7,Bpos:504.8,Bstd:309.0,StrandBias:-0.3,Multiplicity:1.04
0.001	0.045	0.850	0.104
0.099	0.001	0.001	0.899
0.001	0.001	0.997	0.001
0.073	0.001	0.757	0.169
0.001	0.043	0.001	0.955
0.001	0.001	0.169	0.829
0.001	0.001	0.001	0.997
0.142	0.001	0.856	0.001
0.122	0.048	0.161	0.669
0.053	0.001	0.106	0.840
0.142	0.030	0.796	0.032
0.167	0.562	0.070	0.201
>CATTTTGTGACT	7-CATTTTGTGACT	11.594346	-30.661182	0	T:21.0(7.66%),B:337.9(0.82%),P:1e-13	Tpos:653.1,Tstd:217.1,Bpos:498.3,Bstd:318.6,StrandBias:-1.0,Multiplicity:1.00
0.174	0.709	0.056	0.061
0.942	0.001	0.001	0.056
0.074	0.107	0.001	0.818
0.001	0.001	0.001	0.997
0.001	0.001	0.100	0.898
0.001	0.001	0.001	0.997
0.001	0.001	0.997	0.001
0.064	0.001	0.001	0.934
0.001	0.001	0.997	0.001
0.929	0.001	0.001	0.069
0.045	0.903	0.001	0.051
0.064	0.001	0.001	0.934
>TGTAGGCTACGT	8-TGTAGGCTACGT	9.979000	-27.755128	0	T:16.0(5.84%),B:192.6(0.47%),P:1e-12	Tpos:536.6,Tstd:250.9,Bpos:525.7,Bstd:313.9,StrandBias:-1.1,Multiplicity:1.00
0.193	0.001	0.059	0.747
0.097	0.083	0.667	0.153
0.001	0.001	0.001	0.997
0.837	0.001	0.096	0.066
0.066	0.097	0.754	0.083
0.143	0.193	0.660	0.004
0.083	0.820	0.096	0.001
0.001	0.001	0.001	0.997
0.902	0.096	0.001	0.001
0.001	0.939	0.001	0.059
0.055	0.097	0.782	0.066
0.087	0.001	0.001	0.911
>AAAAGTCACGTA	9-AAAAGTCACGTA	11.392740	-26.899969	0	T:14.0(5.11%),B:138.7(0.34%),P:1e-11	Tpos:565.0,Tstd:288.6,Bpos:565.1,Bstd:315.4,StrandBias:0.4,Multiplicity:1.00
0.906	0.001	0.092	0.001
0.746	0.136	0.001	0.117
0.783	0.117	0.001	0.099
0.892	0.001	0.001	0.106
0.001	0.001	0.997	0.001
0.001	0.001	0.001	0.997
0.001	0.915	0.001	0.083
0.997	0.001	0.001	0.001
0.001	0.997	0.001	0.001
0.074	0.001	0.924	0.001
0.052	0.001	0.001	0.946
0.943	0.001	0.001	0.055
>KATTTGTCAGTA	10-KATTTGTCAGTA	11.726365	-25.738020	0	T:13.0(4.74%),B:121.3(0.29%),P:1e-11	Tpos:547.5,Tstd:227.0,Bpos:472.4,Bstd:309.3,StrandBias:0.8,Multiplicity:1.10
0.001	0.001	0.567	0.431
0.997	0.001	0.001	0.001
0.001	0.001	0.292	0.706
0.001	0.001	0.001	0.997
0.001	0.001	0.001	0.997
0.001	0.055	0.943	0.001
0.001	0.001	0.001	0.997
0.001	0.779	0.219	0.001
0.997	0.001	0.001	0.001
0.001	0.001	0.997	0.001
0.001	0.420	0.001	0.578
0.997	0.001	0.001	0.001
>GATAAGGATTCG	11-GATAAGGATTCG	11.281727	-25.705162	0	T:12.0(4.38%),B:94.4(0.23%),P:1e-11	Tpos:547.3,Tstd:324.9,Bpos:530.7,Bstd:282.4,StrandBias:0.5,Multiplicity:1.00
0.001	0.001	0.997	0.001
0.997	0.001	0.001	0.001
0.001	0.139	0.001	0.859
0.831	0.167	0.001	0.001
0.699	0.139	0.161	0.001
0.099	0.001	0.899	0.001
0.001	0.001	0.997	0.001
0.733	0.001	0.265	0.001
0.001	0.001	0.001	0.997
0.411	0.001	0.001	0.587
0.001	0.748	0.250	0.001
0.131	0.176	0.692	0.001
>ATGTGATCAACA	12-ATGTGATCAACA	13.066205	-23.579425	0	T:11.0(4.01%),B:87.3(0.21%),P:1e-10	Tpos:611.6,Tstd:216.6,Bpos:482.4,Bstd:304.8,StrandBias:0.8,Multiplicity:1.00
0.931	0.001	0.001	0.067
0.001	0.001	0.124	0.874
0.082	0.001	0.838	0.079
0.001	0.001	0.001	0.997
0.001	0.001	0.901	0.097
0.997	0.001	0.001	0.001
0.001	0.001	0.115	0.883
0.001	0.997	0.001	0.001
0.997	0.001	0.001	0.001
0.911	0.001	0.001	0.087
0.001	0.908	0.090	0.001
0.883	0.001	0.001	0.115
>AGTGATGACTTA	13-AGTGATGACTTA	13.624024	-23.443110	0	T:8.0(2.92%),B:27.8(0.07%),P:1e-10	Tpos:671.5,Tstd:223.2,Bpos:475.0,Bstd:379.5,StrandBias:-0.7,Multiplicity:1.00
0.997	0.001	0.001	0.001
0.001	0.001	0.854	0.144
0.001	0.001	0.001	0.997
0.001	0.001	0.997	0.001
0.997	0.001	0.001	0.001
0.184	0.001	0.001	0.814
0.144	0.001	0.696	0.159
0.997	0.001	0.001	0.001
0.001	0.873	0.125	0.001
0.001	0.001	0.001	0.997
0.001	0.001	0.001	0.997
0.879	0.119	0.001	0.001
>AGTATAAATAGA	14-AGTATAAATAGA	13.193183	-22.657028	0	T:12.0(4.38%),B:125.0(0.30%),P:1e-9	Tpos:806.6,Tstd:253.3,Bpos:599.1,Bstd:308.1,StrandBias:2.3,Multiplicity:1.00
0.898	0.001	0.100	0.001
0.058	0.001	0.940	0.001
0.062	0.001	0.001	0.936
0.924	0.001	0.001	0.074
0.001	0.001	0.001	0.997
0.997	0.001	0.001	0.001
0.997	0.001	0.001	0.001
0.997	0.001	0.001	0.001
0.001	0.090	0.001	0.908
0.851	0.001	0.001	0.147
0.047	0.063	0.889	0.001
0.911	0.001	0.087	0.001
>TCTTGTCTGAGA	15-TCTTGTCTGAGA	13.757922	-22.558604	0	T:7.0(2.55%),B:17.2(0.04%),P:1e-9	Tpos:375.3,Tstd:207.9,Bpos:598.3,Bstd:269.9,StrandBias:0.4,Multiplicity:1.00
0.001	0.001	0.001	0.997
0.001	0.870	0.001	0.128
0.001	0.001	0.001	0.997
0.001	0.001	0.001	0.997
0.001	0.001	0.997	0.001
0.001	0.187	0.001	0.811
0.001	0.997	0.001	0.001
0.001	0.122	0.162	0.715
0.001	0.001	0.997	0.001
0.837	0.161	0.001	0.001
0.073	0.001	0.925	0.001
0.997	0.001	0.001	0.001
>ATACGTTTTGTC	16-ATACGTTTTGTC	14.695322	-20.412707	0	T:6.0(2.19%),B:12.3(0.03%),P:1e-8	Tpos:535.8,Tstd:302.4,Bpos:506.2,Bstd:270.2,StrandBias:1.0,Multiplicity:1.00
0.744	0.254	0.001	0.001
0.001	0.001	0.001	0.997
0.997	0.001	0.001	0.001
0.001	0.997	0.001	0.001
0.001	0.001	0.997	0.001
0.001	0.001	0.001	0.997
0.001	0.001	0.001	0.997
0.001	0.001	0.001	0.997
0.001	0.001	0.001	0.997
0.001	0.001	0.997	0.001
0.001	0.199	0.001	0.799
0.001	0.997	0.001	0.001
>ATCCYTCTACCC	17-ATCCYTCTACCC	11.788073	-19.034432	0	T:8.0(2.92%),B:51.2(0.12%),P:1e-8	Tpos:390.8,Tstd:259.0,Bpos:455.8,Bstd:279.1,StrandBias:-0.6,Multiplicity:1.25
0.870	0.128	0.001	0.001
0.001	0.148	0.001	0.850
0.001	0.997	0.001	0.001
0.001	0.870	0.128	0.001
0.128	0.437	0.001	0.434
0.001	0.001	0.001	0.997
0.001	0.997	0.001	0.001
0.001	0.001	0.001	0.997
0.997	0.001	0.001	0.001
0.149	0.726	0.124	0.001
0.298	0.552	0.001	0.149
0.001	0.584	0.414	0.001
>ACAAATAAATAG	18-ACAAATAAATAG	12.237871	-18.489198	0	T:21.0(7.66%),B:671.4(1.63%),P:1e-8	Tpos:591.8,Tstd:299.6,Bpos:533.5,Bstd:302.2,StrandBias:0.1,Multiplicity:1.00
0.938	0.001	0.001	0.060
0.046	0.908	0.001	0.045
0.923	0.001	0.001	0.075
0.754	0.144	0.001	0.101
0.997	0.001	0.001	0.001
0.030	0.001	0.001	0.968
0.933	0.001	0.065	0.001
0.997	0.001	0.001	0.001
0.997	0.001	0.001	0.001
0.178	0.001	0.001	0.820
0.884	0.081	0.001	0.034
0.001	0.048	0.919	0.032
>GGGACTCGAACC	19-GGGACTCGAACC	11.929799	-17.996471	0	T:11.0(4.01%),B:154.8(0.38%),P:1e-7	Tpos:399.1,Tstd:333.2,Bpos:444.8,Bstd:265.6,StrandBias:-0.4,Multiplicity:1.27
0.001	0.001	0.997	0.001
0.238	0.206	0.555	0.001
0.001	0.001	0.793	0.205
0.692	0.001	0.120	0.187
0.133	0.859	0.007	0.001
0.001	0.001	0.001	0.997
0.001	0.761	0.001	0.237
0.001	0.001	0.997	0.001
0.793	0.001	0.001	0.205
0.997	0.001	0.001	0.001
0.001	0.997	0.001	0.001
0.392	0.606	0.001	0.001
>TAACTACAATGC	20-TAACTACAATGC	14.323919	-11.070266	0	T:3.0(1.09%),B:5.2(0.01%),P:1e-4	Tpos:436.1,Tstd:277.6,Bpos:325.5,Bstd:217.3,StrandBias:2.8,Multiplicity:2.67
0.001	0.001	0.001	0.997
0.997	0.001	0.001	0.001
0.997	0.001	0.001	0.001
0.001	0.997	0.001	0.001
0.001	0.001	0.001	0.997
0.997	0.001	0.001	0.001
0.001	0.997	0.001	0.001
0.997	0.001	0.001	0.001
0.997	0.001	0.001	0.001
0.001	0.154	0.001	0.844
0.001	0.001	0.997	0.001
0.001	0.877	0.001	0.121
>GTACCATCCAGC	21-GTACCATCCAGC	10.980246	-11.070266	0	T:3.0(1.09%),B:5.2(0.01%),P:1e-4	Tpos:552.3,Tstd:202.0,Bpos:523.1,Bstd:221.7,StrandBias:1.0,Multiplicity:1.00
0.001	0.001	0.997	0.001
0.001	0.001	0.001	0.997
0.997	0.001	0.001	0.001
0.001	0.997	0.001	0.001
0.001	0.997	0.001	0.001
0.838	0.160	0.001	0.001
0.001	0.001	0.001	0.997
0.001	0.997	0.001	0.001
0.023	0.839	0.001	0.137
0.997	0.001	0.001	0.001
0.001	0.001	0.997	0.001
0.001	0.834	0.164	0.001
>ACCCTCCAGGAT	22-ACCCTCCAGGAT	13.981211	-11.070266	0	T:3.0(1.09%),B:5.9(0.01%),P:1e-4	Tpos:244.3,Tstd:118.2,Bpos:463.2,Bstd:343.4,StrandBias:2.6,Multiplicity:2.33
0.997	0.001	0.001	0.001
0.309	0.689	0.001	0.001
0.001	0.997	0.001	0.001
0.001	0.997	0.001	0.001
0.358	0.001	0.001	0.640
0.001	0.997	0.001	0.001
0.331	0.667	0.001	0.001
0.997	0.001	0.001	0.001
0.260	0.001	0.738	0.001
0.001	0.001	0.997	0.001
0.997	0.001	0.001	0.001
0.260	0.001	0.001	0.738
>GCTCCTCGCTAT	23-GCTCCTCGCTAT	9.421881	-9.721596	0	T:3.0(1.09%),B:9.7(0.02%),P:1e-4	Tpos:349.6,Tstd:227.3,Bpos:557.7,Bstd:260.2,StrandBias:3.3,Multiplicity:3.67
0.001	0.001	0.997	0.001
0.001	0.997	0.001	0.001
0.001	0.001	0.001	0.997
0.001	0.997	0.001	0.001
0.001	0.997	0.001	0.001
0.185	0.001	0.001	0.813
0.001	0.997	0.001	0.001
0.073	0.001	0.921	0.005
0.001	0.818	0.180	0.001
0.001	0.001	0.001	0.997
0.997	0.001	0.001	0.001
0.001	0.001	0.001	0.997
>CGTGGCCAGCAC	24-CGTGGCCAGCAC	13.014278	-8.260742	0	T:2.0(0.73%),B:2.6(0.01%),P:1e-3	Tpos:352.7,Tstd:229.9,Bpos:727.2,Bstd:58.3,StrandBias:2.3,Multiplicity:3.00
0.001	0.997	0.001	0.001
0.001	0.001	0.813	0.185
0.001	0.001	0.001	0.997
0.001	0.037	0.813	0.149
0.001	0.001	0.997	0.001
0.001	0.997	0.001	0.001
0.001	0.997	0.001	0.001
0.997	0.001	0.001	0.001
0.001	0.001	0.997	0.001
0.001	0.997	0.001	0.001
0.997	0.001	0.001	0.001
0.001	0.997	0.001	0.001
>GATCCTCCMART	25-GATCCTCCMART	13.997320	-6.737786	0	T:2.0(0.73%),B:6.5(0.02%),P:1e-2	Tpos:287.8,Tstd:115.6,Bpos:412.9,Bstd:238.3,StrandBias:2.0,Multiplicity:2.50
0.001	0.001	0.997	0.001
0.997	0.001	0.001	0.001
0.001	0.001	0.001	0.997
0.001	0.997	0.001	0.001
0.001	0.587	0.001	0.411
0.001	0.001	0.001	0.997
0.001	0.997	0.001	0.001
0.001	0.587	0.001	0.411
0.461	0.537	0.001	0.001
0.997	0.001	0.001	0.001
0.461	0.001	0.537	0.001
0.001	0.001	0.001	0.997
