>TTGTCATCAT	1-TTGTCATCAT	10.228941	-171.306439	0	T:100.0(36.50%),B:1297.8(3.15%),P:1e-74	Tpos:679.5,Tstd:242.5,Bpos:527.6,Bstd:318.7,StrandBias:0.5,Multiplicity:1.16
0.072	0.001	0.001	0.926
0.001	0.001	0.001	0.997
0.110	0.001	0.888	0.001
0.001	0.001	0.001	0.997
0.001	0.997	0.001	0.001
0.997	0.001	0.001	0.001
0.001	0.001	0.041	0.957
0.001	0.997	0.001	0.001
0.929	0.001	0.069	0.001
0.084	0.059	0.001	0.856
>WWTGTCATCH	2-WWTGTCATCH	8.175540	-153.336196	0	T:151.0(55.11%),B:4776.9(11.59%),P:1e-66	Tpos:629.7,Tstd:287.9,Bpos:507.1,Bstd:310.7,StrandBias:0.5,Multiplicity:1.19
0.430	0.001	0.196	0.373
0.454	0.032	0.019	0.494
0.336	0.149	0.001	0.514
0.257	0.017	0.663	0.063
0.001	0.051	0.032	0.916
0.060	0.864	0.001	0.075
0.880	0.040	0.079	0.001
0.056	0.001	0.236	0.707
0.001	0.997	0.001	0.001
0.331	0.320	0.114	0.234
>AACTGATAAG	3-AACTGATAAG	8.965487	-31.967456	0	T:80.0(29.20%),B:4879.6(11.84%),P:1e-13	Tpos:688.9,Tstd:280.8,Bpos:547.7,Bstd:315.6,StrandBias:-0.6,Multiplicity:1.18
0.828	0.033	0.057	0.082
0.986	0.001	0.012	0.001
0.177	0.625	0.037	0.161
0.016	0.028	0.001	0.955
0.012	0.021	0.932	0.035
0.997	0.001	0.001	0.001
0.001	0.013	0.001	0.985
0.969	0.014	0.016	0.001
0.950	0.024	0.001	0.025
0.033	0.116	0.807	0.044
>ATGATAAGAT	4-ATGATAAGAT	8.785397	-27.496038	0	T:77.0(28.10%),B:4995.6(12.12%),P:1e-11	Tpos:533.3,Tstd:313.8,Bpos:526.1,Bstd:312.9,StrandBias:-0.4,Multiplicity:1.11
0.644	0.019	0.336	0.001
0.067	0.001	0.001	0.931
0.001	0.001	0.997	0.001
0.997	0.001	0.001	0.001
0.001	0.001	0.001	0.997
0.857	0.001	0.141	0.001
0.587	0.065	0.208	0.140
0.110	0.001	0.748	0.141
0.696	0.001	0.244	0.059
0.168	0.001	0.119	0.712
>RGTCACAAAW	5-RGTCACAAAW	7.970631	-22.565565	0	T:31.0(11.31%),B:1180.8(2.86%),P:1e-9	Tpos:623.2,Tstd:234.1,Bpos:511.8,Bstd:300.4,StrandBias:0.4,Multiplicity:1.19
0.420	0.015	0.540	0.025
0.233	0.202	0.560	0.005
0.357	0.020	0.031	0.592
0.137	0.534	0.140	0.189
0.598	0.011	0.247	0.144
0.035	0.475	0.190	0.300
0.752	0.170	0.027	0.051
0.692	0.026	0.227	0.055
0.728	0.027	0.229	0.016
0.493	0.030	0.032	0.445
>CGTGGTTTGT	6-CGTGGTTTGT	10.440795	-21.504394	0	T:15.0(5.47%),B:255.6(0.62%),P:1e-9	Tpos:655.2,Tstd:179.4,Bpos:488.0,Bstd:317.2,StrandBias:0.5,Multiplicity:1.13
0.021	0.582	0.033	0.364
0.026	0.001	0.948	0.025
0.001	0.001	0.048	0.950
0.001	0.001	0.997	0.001
0.001	0.036	0.928	0.035
0.033	0.001	0.001	0.965
0.001	0.001	0.001	0.997
0.088	0.001	0.001	0.910
0.032	0.001	0.966	0.001
0.025	0.056	0.096	0.823
>TGATGTAATG	7-TGATGTAATG	9.528090	-21.071078	0	T:42.0(15.33%),B:2165.0(5.25%),P:1e-9	Tpos:572.9,Tstd:275.3,Bpos:500.6,Bstd:314.8,StrandBias:-0.7,Multiplicity:1.12
0.001	0.001	0.001	0.997
0.001	0.001	0.997	0.001
0.997	0.001	0.001	0.001
0.001	0.001	0.001	0.997
0.001	0.148	0.850	0.001
0.274	0.183	0.001	0.542
0.923	0.001	0.075	0.001
0.952	0.046	0.001	0.001
0.001	0.001	0.001	0.997
0.208	0.001	0.726	0.065
>GCTAGAGACA	8-GCTAGAGACA	9.789584	-20.485158	0	T:20.0(7.30%),B:538.0(1.31%),P:1e-8	Tpos:505.3,Tstd:260.7,Bpos:507.6,Bstd:312.6,StrandBias:-0.3,Multiplicity:1.10
0.001	0.001	0.958	0.040
0.038	0.906	0.055	0.001
0.001	0.051	0.045	0.903
0.848	0.078	0.073	0.001
0.001	0.076	0.839	0.084
0.997	0.001	0.001	0.001
0.001	0.064	0.934	0.001
0.940	0.058	0.001	0.001
0.001	0.898	0.061	0.040
0.930	0.001	0.001	0.068
>TGTAGCCTAC	9-TGTAGCCTAC	9.477275	-20.196552	0	T:15.0(5.47%),B:282.9(0.69%),P:1e-8	Tpos:545.9,Tstd:270.5,Bpos:497.2,Bstd:319.4,StrandBias:0.0,Multiplicity:1.13
0.001	0.301	0.001	0.697
0.001	0.001	0.997	0.001
0.001	0.001	0.001	0.997
0.766	0.115	0.118	0.001
0.001	0.001	0.997	0.001
0.168	0.625	0.206	0.001
0.001	0.997	0.001	0.001
0.001	0.001	0.001	0.997
0.997	0.001	0.001	0.001
0.088	0.910	0.001	0.001
>TAAGTAACCA	10-TAAGTAACCA	9.293015	-18.594347	0	T:25.0(9.12%),B:941.9(2.29%),P:1e-8	Tpos:501.0,Tstd:278.5,Bpos:505.4,Bstd:302.4,StrandBias:0.4,Multiplicity:1.04
0.034	0.001	0.001	0.964
0.997	0.001	0.001	0.001
0.839	0.086	0.074	0.001
0.074	0.052	0.830	0.044
0.020	0.067	0.001	0.912
0.947	0.051	0.001	0.001
0.809	0.080	0.110	0.001
0.023	0.807	0.132	0.038
0.032	0.966	0.001	0.001
0.997	0.001	0.001	0.001
>ATCAAAAAAC	11-ATCAAAAAAC	10.490940	-18.521530	0	T:45.0(16.42%),B:2648.9(6.43%),P:1e-8	Tpos:554.1,Tstd:297.0,Bpos:509.4,Bstd:297.3,StrandBias:-0.2,Multiplicity:1.09
0.751	0.177	0.062	0.010
0.001	0.001	0.001	0.997
0.001	0.997	0.001	0.001
0.947	0.001	0.001	0.051
0.745	0.001	0.001	0.253
0.685	0.131	0.183	0.001
0.801	0.001	0.197	0.001
0.997	0.001	0.001	0.001
0.873	0.125	0.001	0.001
0.001	0.953	0.001	0.045
>CCAAAGTTTC	12-CCAAAGTTTC	9.487937	-18.070112	0	T:53.0(19.34%),B:3484.8(8.46%),P:1e-7	Tpos:471.8,Tstd:283.8,Bpos:502.8,Bstd:300.7,StrandBias:-0.1,Multiplicity:1.10
0.189	0.809	0.001	0.001
0.050	0.873	0.001	0.076
0.997	0.001	0.001	0.001
0.701	0.001	0.297	0.001
0.997	0.001	0.001	0.001
0.045	0.001	0.888	0.066
0.001	0.001	0.001	0.997
0.001	0.001	0.038	0.960
0.001	0.036	0.001	0.962
0.094	0.836	0.069	0.001
>GTTTTCTGAA	13-GTTTTCTGAA	9.568115	-17.903505	0	T:41.0(14.96%),B:2325.6(5.64%),P:1e-7	Tpos:427.5,Tstd:302.2,Bpos:525.6,Bstd:315.3,StrandBias:-0.4,Multiplicity:1.05
0.001	0.001	0.997	0.001
0.001	0.001	0.001	0.997
0.001	0.001	0.001	0.997
0.001	0.418	0.001	0.580
0.001	0.001	0.001	0.997
0.001	0.997	0.001	0.001
0.001	0.001	0.001	0.997
0.001	0.052	0.946	0.001
0.669	0.329	0.001	0.001
0.955	0.001	0.043	0.001
>ATAAATAGTC	14-ATAAATAGTC	10.503821	-17.583325	0	T:17.0(6.20%),B:457.9(1.11%),P:1e-7	Tpos:601.9,Tstd:288.9,Bpos:551.3,Bstd:310.6,StrandBias:0.5,Multiplicity:1.00
0.915	0.001	0.001	0.083
0.001	0.051	0.001	0.947
0.997	0.001	0.001	0.001
0.880	0.001	0.118	0.001
0.862	0.001	0.001	0.136
0.001	0.001	0.001	0.997
0.997	0.001	0.001	0.001
0.001	0.001	0.997	0.001
0.001	0.001	0.001	0.997
0.001	0.997	0.001	0.001
>TGGGTCGAWA	15-TGGGTCGAWA	9.201630	-16.141564	0	T:20.0(7.30%),B:704.2(1.71%),P:1e-7	Tpos:391.1,Tstd:223.1,Bpos:499.9,Bstd:303.5,StrandBias:-0.6,Multiplicity:1.05
0.034	0.001	0.149	0.816
0.001	0.001	0.890	0.108
0.001	0.001	0.997	0.001
0.001	0.001	0.997	0.001
0.084	0.001	0.001	0.914
0.001	0.862	0.136	0.001
0.001	0.001	0.997	0.001
0.974	0.001	0.001	0.024
0.434	0.163	0.001	0.402
0.628	0.216	0.155	0.001
>CGTCGAACCC	16-CGTCGAACCC	8.966277	-16.031473	0	T:20.0(7.30%),B:709.7(1.72%),P:1e-6	Tpos:432.0,Tstd:258.1,Bpos:478.4,Bstd:293.1,StrandBias:1.0,Multiplicity:1.35
0.355	0.555	0.089	0.001
0.112	0.277	0.542	0.069
0.166	0.001	0.001	0.832
0.009	0.641	0.001	0.349
0.001	0.001	0.620	0.378
0.997	0.001	0.001	0.001
0.997	0.001	0.001	0.001
0.090	0.818	0.001	0.091
0.001	0.853	0.001	0.145
0.001	0.997	0.001	0.001
>AGCTTTGCCA	17-AGCTTTGCCA	7.305799	-15.745404	0	T:45.0(16.42%),B:2917.1(7.08%),P:1e-6	Tpos:392.6,Tstd:286.3,Bpos:488.4,Bstd:296.5,StrandBias:0.0,Multiplicity:1.16
0.823	0.065	0.065	0.047
0.073	0.034	0.845	0.048
0.082	0.783	0.081	0.054
0.096	0.099	0.023	0.782
0.069	0.048	0.090	0.793
0.059	0.033	0.114	0.794
0.059	0.085	0.855	0.001
0.061	0.843	0.054	0.042
0.050	0.794	0.049	0.107
0.698	0.105	0.074	0.123
>CGGTWGTGTT	18-CGGTWGTGTT	6.629372	-15.579489	0	T:20.0(7.30%),B:730.4(1.77%),P:1e-6	Tpos:662.3,Tstd:274.0,Bpos:512.7,Bstd:309.7,StrandBias:1.2,Multiplicity:1.15
0.216	0.433	0.263	0.088
0.201	0.250	0.470	0.079
0.141	0.009	0.595	0.255
0.002	0.108	0.222	0.668
0.426	0.010	0.001	0.563
0.112	0.130	0.671	0.087
0.284	0.002	0.177	0.537
0.176	0.245	0.402	0.177
0.256	0.114	0.165	0.465
0.007	0.201	0.227	0.565
>RKCHWACGTG	19-RKCHWACGTG	8.518140	-15.145792	0	T:10.0(3.65%),B:163.3(0.40%),P:1e-6	Tpos:503.7,Tstd:262.1,Bpos:496.7,Bstd:293.4,StrandBias:0.0,Multiplicity:1.00
0.457	0.063	0.454	0.026
0.046	0.034	0.514	0.406
0.049	0.889	0.012	0.050
0.296	0.322	0.001	0.381
0.346	0.198	0.018	0.438
0.560	0.391	0.011	0.038
0.051	0.789	0.107	0.053
0.035	0.034	0.800	0.131
0.080	0.293	0.061	0.566
0.033	0.041	0.887	0.039
>CTTTTGGACG	20-CTTTTGGACG	10.218511	-14.966855	0	T:22.0(8.03%),B:908.6(2.20%),P:1e-6	Tpos:486.0,Tstd:310.7,Bpos:491.7,Bstd:295.9,StrandBias:-1.1,Multiplicity:1.00
0.001	0.997	0.001	0.001
0.001	0.001	0.001	0.997
0.232	0.001	0.010	0.757
0.001	0.185	0.001	0.813
0.001	0.001	0.001	0.997
0.001	0.108	0.890	0.001
0.401	0.001	0.597	0.001
0.997	0.001	0.001	0.001
0.001	0.805	0.001	0.193
0.001	0.269	0.624	0.106
>TTCTGTGTCT	21-TTCTGTGTCT	9.408066	-14.913608	0	T:31.0(11.31%),B:1659.7(4.03%),P:1e-6	Tpos:596.6,Tstd:282.2,Bpos:513.2,Bstd:308.0,StrandBias:1.0,Multiplicity:1.10
0.001	0.092	0.038	0.869
0.001	0.001	0.001	0.997
0.001	0.917	0.001	0.081
0.083	0.001	0.001	0.915
0.101	0.001	0.897	0.001
0.001	0.001	0.001	0.997
0.001	0.001	0.997	0.001
0.001	0.242	0.001	0.756
0.001	0.997	0.001	0.001
0.001	0.338	0.001	0.660
>GTAACTACAA	22-GTAACTACAA	10.404597	-14.703724	0	T:13.0(4.74%),B:320.2(0.78%),P:1e-6	Tpos:538.2,Tstd:256.1,Bpos:477.5,Bstd:315.3,StrandBias:1.4,Multiplicity:1.38
0.001	0.001	0.997	0.001
0.001	0.001	0.001	0.997
0.896	0.001	0.102	0.001
0.997	0.001	0.001	0.001
0.001	0.950	0.048	0.001
0.001	0.001	0.069	0.929
0.997	0.001	0.001	0.001
0.001	0.997	0.001	0.001
0.861	0.071	0.067	0.001
0.929	0.069	0.001	0.001
>CCAACTTTAG	23-CCAACTTTAG	10.313955	-9.991972	0	T:13.0(4.74%),B:503.4(1.22%),P:1e-4	Tpos:524.1,Tstd:217.4,Bpos:492.0,Bstd:300.8,StrandBias:0.5,Multiplicity:1.69
0.130	0.868	0.001	0.001
0.001	0.951	0.047	0.001
0.893	0.105	0.001	0.001
0.997	0.001	0.001	0.001
0.001	0.856	0.142	0.001
0.001	0.001	0.001	0.997
0.001	0.001	0.001	0.997
0.001	0.001	0.001	0.997
0.997	0.001	0.001	0.001
0.001	0.001	0.936	0.062
>GGATACYGGG	24-GGATACYGGG	8.895577	-7.578231	0	T:12.0(4.38%),B:565.3(1.37%),P:1e-3	Tpos:302.5,Tstd:215.0,Bpos:456.5,Bstd:305.2,StrandBias:-2.9,Multiplicity:2.08
0.078	0.001	0.920	0.001
0.168	0.001	0.830	0.001
0.768	0.001	0.230	0.001
0.001	0.001	0.001	0.997
0.890	0.108	0.001	0.001
0.001	0.997	0.001	0.001
0.001	0.446	0.001	0.552
0.189	0.001	0.809	0.001
0.001	0.001	0.694	0.304
0.001	0.001	0.884	0.114
>GCCAGCACTT	25-GCCAGCACTT	10.296193	-1.775574	0	T:1.0(0.36%),B:27.3(0.07%),P:1e0	Tpos:314.5,Tstd:158.8,Bpos:481.2,Bstd:326.1,StrandBias:10.0,Multiplicity:6.00
0.100	0.100	0.700	0.100
0.100	0.700	0.100	0.100
0.100	0.700	0.100	0.100
0.700	0.100	0.100	0.100
0.100	0.100	0.700	0.100
0.100	0.700	0.100	0.100
0.700	0.100	0.100	0.100
0.100	0.700	0.100	0.100
0.100	0.100	0.100	0.700
0.100	0.100	0.100	0.700
>AATGATGACAAW	1-AATGATGACAAW	12.072781	-174.694521	0	T:75.0(27.37%),B:469.6(1.14%),P:1e-75	Tpos:666.3,Tstd:247.7,Bpos:549.4,Bstd:310.0,StrandBias:-0.3,Multiplicity:1.08
0.701	0.125	0.173	0.001
0.997	0.001	0.001	0.001
0.001	0.145	0.001	0.853
0.001	0.001	0.997	0.001
0.729	0.269	0.001	0.001
0.001	0.001	0.118	0.880
0.001	0.001	0.997	0.001
0.997	0.001	0.001	0.001
0.001	0.872	0.001	0.126
0.697	0.001	0.001	0.301
0.695	0.001	0.001	0.303
0.547	0.001	0.001	0.451
>WAWTRTCATCAT	2-WAWTRTCATCAT	10.581936	-157.157292	0	T:117.0(42.70%),B:2369.8(5.75%),P:1e-68	Tpos:666.6,Tstd:259.2,Bpos:519.2,Bstd:305.2,StrandBias:0.2,Multiplicity:1.14
0.314	0.078	0.191	0.417
0.558	0.001	0.216	0.225
0.510	0.017	0.001	0.472
0.239	0.006	0.001	0.754
0.390	0.061	0.373	0.176
0.001	0.001	0.001	0.997
0.001	0.973	0.001	0.025
0.997	0.001	0.001	0.001
0.030	0.001	0.001	0.968
0.001	0.997	0.001	0.001
0.805	0.001	0.152	0.042
0.262	0.001	0.001	0.736
>CAATTGTCATCA	3-CAATTGTCATCA	12.218612	-90.246648	0	T:40.0(14.60%),B:259.5(0.63%),P:1e-39	Tpos:611.0,Tstd:268.4,Bpos:521.0,Bstd:332.0,StrandBias:1.2,Multiplicity:1.05
0.076	0.537	0.130	0.257
0.997	0.001	0.001	0.001
0.997	0.001	0.001	0.001
0.067	0.239	0.001	0.693
0.001	0.001	0.001	0.997
0.001	0.069	0.929	0.001
0.001	0.001	0.001	0.997
0.205	0.793	0.001	0.001
0.900	0.001	0.001	0.098
0.001	0.001	0.141	0.857
0.001	0.997	0.001	0.001
0.926	0.072	0.001	0.001
>TTTCTTATCATT	4-TTTCTTATCATT	11.616911	-32.045212	0	T:41.0(14.96%),B:1450.1(3.52%),P:1e-13	Tpos:614.1,Tstd:283.7,Bpos:566.3,Bstd:315.7,StrandBias:0.0,Multiplicity:1.02
0.035	0.001	0.046	0.918
0.050	0.001	0.001	0.948
0.001	0.056	0.070	0.873
0.001	0.949	0.032	0.018
0.076	0.001	0.001	0.922
0.001	0.001	0.032	0.966
0.938	0.022	0.001	0.039
0.001	0.001	0.001	0.997
0.039	0.935	0.001	0.025
0.967	0.001	0.001	0.031
0.249	0.069	0.001	0.681
0.001	0.001	0.055	0.943
>GRGTGATGTAAT	5-GRGTGATGTAAT	11.402496	-31.190116	0	T:15.0(5.47%),B:123.0(0.30%),P:1e-13	Tpos:585.9,Tstd:267.0,Bpos:494.7,Bstd:301.3,StrandBias:-1.0,Multiplicity:1.00
0.001	0.001	0.997	0.001
0.454	0.001	0.357	0.188
0.001	0.184	0.814	0.001
0.001	0.001	0.001	0.997
0.001	0.001	0.997	0.001
0.820	0.001	0.001	0.178
0.001	0.001	0.001	0.997
0.001	0.001	0.997	0.001
0.110	0.323	0.001	0.566
0.997	0.001	0.001	0.001
0.681	0.140	0.178	0.001
0.178	0.001	0.001	0.820
>GTGGTTTGTTGC	6-GTGGTTTGTTGC	10.404415	-31.065138	0	T:26.0(9.49%),B:561.3(1.36%),P:1e-13	Tpos:535.7,Tstd:266.7,Bpos:504.8,Bstd:309.0,StrandBias:-0.3,Multiplicity:1.04
0.001	0.045	0.850	0.104
0.099	0.001	0.001	0.899
0.001	0.001	0.997	0.001
0.073	0.001	0.757	0.169
0.001	0.043	0.001	0.955
0.001	0.001	0.169	0.829
0.001	0.001	0.001	0.997
0.142	0.001	0.856	0.001
0.122	0.048	0.161	0.669
0.053	0.001	0.106	0.840
0.142	0.030	0.796	0.032
0.167	0.562	0.070	0.201
>CATTTTGTGACT	7-CATTTTGTGACT	11.594346	-30.661182	0	T:21.0(7.66%),B:337.9(0.82%),P:1e-13	Tpos:653.1,Tstd:217.1,Bpos:498.3,Bstd:318.6,StrandBias:-1.0,Multiplicity:1.00
0.174	0.709	0.056	0.061
0.942	0.001	0.001	0.056
0.074	0.107	0.001	0.818
0.001	0.001	0.001	0.997
0.001	0.001	0.100	0.898
0.001	0.001	0.001	0.997
0.001	0.001	0.997	0.001
0.064	0.001	0.001	0.934
0.001	0.001	0.997	0.001
0.929	0.001	0.001	0.069
0.045	0.903	0.001	0.051
0.064	0.001	0.001	0.934
>TGTAGGCTACGT	8-TGTAGGCTACGT	9.979000	-27.755128	0	T:16.0(5.84%),B:192.6(0.47%),P:1e-12	Tpos:536.6,Tstd:250.9,Bpos:525.7,Bstd:313.9,StrandBias:-1.1,Multiplicity:1.00
0.193	0.001	0.059	0.747
0.097	0.083	0.667	0.153
0.001	0.001	0.001	0.997
0.837	0.001	0.096	0.066
0.066	0.097	0.754	0.083
0.143	0.193	0.660	0.004
0.083	0.820	0.096	0.001
0.001	0.001	0.001	0.997
0.902	0.096	0.001	0.001
0.001	0.939	0.001	0.059
0.055	0.097	0.782	0.066
0.087	0.001	0.001	0.911
>AAAAGTCACGTA	9-AAAAGTCACGTA	11.392740	-26.899969	0	T:14.0(5.11%),B:138.7(0.34%),P:1e-11	Tpos:565.0,Tstd:288.6,Bpos:565.1,Bstd:315.4,StrandBias:0.4,Multiplicity:1.00
0.906	0.001	0.092	0.001
0.746	0.136	0.001	0.117
0.783	0.117	0.001	0.099
0.892	0.001	0.001	0.106
0.001	0.001	0.997	0.001
0.001	0.001	0.001	0.997
0.001	0.915	0.001	0.083
0.997	0.001	0.001	0.001
0.001	0.997	0.001	0.001
0.074	0.001	0.924	0.001
0.052	0.001	0.001	0.946
0.943	0.001	0.001	0.055
>KATTTGTCAGTA	10-KATTTGTCAGTA	11.726365	-25.738020	0	T:13.0(4.74%),B:121.3(0.29%),P:1e-11	Tpos:547.5,Tstd:227.0,Bpos:472.4,Bstd:309.3,StrandBias:0.8,Multiplicity:1.10
0.001	0.001	0.567	0.431
0.997	0.001	0.001	0.001
0.001	0.001	0.292	0.706
0.001	0.001	0.001	0.997
0.001	0.001	0.001	0.997
0.001	0.055	0.943	0.001
0.001	0.001	0.001	0.997
0.001	0.779	0.219	0.001
0.997	0.001	0.001	0.001
0.001	0.001	0.997	0.001
0.001	0.420	0.001	0.578
0.997	0.001	0.001	0.001
>GATAAGGATTCG	11-GATAAGGATTCG	11.281727	-25.705162	0	T:12.0(4.38%),B:94.4(0.23%),P:1e-11	Tpos:547.3,Tstd:324.9,Bpos:530.7,Bstd:282.4,StrandBias:0.5,Multiplicity:1.00
0.001	0.001	0.997	0.001
0.997	0.001	0.001	0.001
0.001	0.139	0.001	0.859
0.831	0.167	0.001	0.001
0.699	0.139	0.161	0.001
0.099	0.001	0.899	0.001
0.001	0.001	0.997	0.001
0.733	0.001	0.265	0.001
0.001	0.001	0.001	0.997
0.411	0.001	0.001	0.587
0.001	0.748	0.250	0.001
0.131	0.176	0.692	0.001
>ATGTGATCAACA	12-ATGTGATCAACA	13.066205	-23.579425	0	T:11.0(4.01%),B:87.3(0.21%),P:1e-10	Tpos:611.6,Tstd:216.6,Bpos:482.4,Bstd:304.8,StrandBias:0.8,Multiplicity:1.00
0.931	0.001	0.001	0.067
0.001	0.001	0.124	0.874
0.082	0.001	0.838	0.079
0.001	0.001	0.001	0.997
0.001	0.001	0.901	0.097
0.997	0.001	0.001	0.001
0.001	0.001	0.115	0.883
0.001	0.997	0.001	0.001
0.997	0.001	0.001	0.001
0.911	0.001	0.001	0.087
0.001	0.908	0.090	0.001
0.883	0.001	0.001	0.115
>AGTGATGACTTA	13-AGTGATGACTTA	13.624024	-23.443110	0	T:8.0(2.92%),B:27.8(0.07%),P:1e-10	Tpos:671.5,Tstd:223.2,Bpos:475.0,Bstd:379.5,StrandBias:-0.7,Multiplicity:1.00
0.997	0.001	0.001	0.001
0.001	0.001	0.854	0.144
0.001	0.001	0.001	0.997
0.001	0.001	0.997	0.001
0.997	0.001	0.001	0.001
0.184	0.001	0.001	0.814
0.144	0.001	0.696	0.159
0.997	0.001	0.001	0.001
0.001	0.873	0.125	0.001
0.001	0.001	0.001	0.997
0.001	0.001	0.001	0.997
0.879	0.119	0.001	0.001
>AGTATAAATAGA	14-AGTATAAATAGA	13.193183	-22.657028	0	T:12.0(4.38%),B:125.0(0.30%),P:1e-9	Tpos:806.6,Tstd:253.3,Bpos:599.1,Bstd:308.1,StrandBias:2.3,Multiplicity:1.00
0.898	0.001	0.100	0.001
0.058	0.001	0.940	0.001
0.062	0.001	0.001	0.936
0.924	0.001	0.001	0.074
0.001	0.001	0.001	0.997
0.997	0.001	0.001	0.001
0.997	0.001	0.001	0.001
0.997	0.001	0.001	0.001
0.001	0.090	0.001	0.908
0.851	0.001	0.001	0.147
0.047	0.063	0.889	0.001
0.911	0.001	0.087	0.001
>TCTTGTCTGAGA	15-TCTTGTCTGAGA	13.757922	-22.558604	0	T:7.0(2.55%),B:17.2(0.04%),P:1e-9	Tpos:375.3,Tstd:207.9,Bpos:598.3,Bstd:269.9,StrandBias:0.4,Multiplicity:1.00
0.001	0.001	0.001	0.997
0.001	0.870	0.001	0.128
0.001	0.001	0.001	0.997
0.001	0.001	0.001	0.997
0.001	0.001	0.997	0.001
0.001	0.187	0.001	0.811
0.001	0.997	0.001	0.001
0.001	0.122	0.162	0.715
0.001	0.001	0.997	0.001
0.837	0.161	0.001	0.001
0.073	0.001	0.925	0.001
0.997	0.001	0.001	0.001
>ATACGTTTTGTC	16-ATACGTTTTGTC	14.695322	-20.412707	0	T:6.0(2.19%),B:12.3(0.03%),P:1e-8	Tpos:535.8,Tstd:302.4,Bpos:506.2,Bstd:270.2,StrandBias:1.0,Multiplicity:1.00
0.744	0.254	0.001	0.001
0.001	0.001	0.001	0.997
0.997	0.001	0.001	0.001
0.001	0.997	0.001	0.001
0.001	0.001	0.997	0.001
0.001	0.001	0.001	0.997
0.001	0.001	0.001	0.997
0.001	0.001	0.001	0.997
0.001	0.001	0.001	0.997
0.001	0.001	0.997	0.001
0.001	0.199	0.001	0.799
0.001	0.997	0.001	0.001
>ATCCYTCTACCC	17-ATCCYTCTACCC	11.788073	-19.034432	0	T:8.0(2.92%),B:51.2(0.12%),P:1e-8	Tpos:390.8,Tstd:259.0,Bpos:455.8,Bstd:279.1,StrandBias:-0.6,Multiplicity:1.25
0.870	0.128	0.001	0.001
0.001	0.148	0.001	0.850
0.001	0.997	0.001	0.001
0.001	0.870	0.128	0.001
0.128	0.437	0.001	0.434
0.001	0.001	0.001	0.997
0.001	0.997	0.001	0.001
0.001	0.001	0.001	0.997
0.997	0.001	0.001	0.001
0.149	0.726	0.124	0.001
0.298	0.552	0.001	0.149
0.001	0.584	0.414	0.001
>ACAAATAAATAG	18-ACAAATAAATAG	12.237871	-18.489198	0	T:21.0(7.66%),B:671.4(1.63%),P:1e-8	Tpos:591.8,Tstd:299.6,Bpos:533.5,Bstd:302.2,StrandBias:0.1,Multiplicity:1.00
0.938	0.001	0.001	0.060
0.046	0.908	0.001	0.045
0.923	0.001	0.001	0.075
0.754	0.144	0.001	0.101
0.997	0.001	0.001	0.001
0.030	0.001	0.001	0.968
0.933	0.001	0.065	0.001
0.997	0.001	0.001	0.001
0.997	0.001	0.001	0.001
0.178	0.001	0.001	0.820
0.884	0.081	0.001	0.034
0.001	0.048	0.919	0.032
>GGGACTCGAACC	19-GGGACTCGAACC	11.929799	-17.996471	0	T:11.0(4.01%),B:154.8(0.38%),P:1e-7	Tpos:399.1,Tstd:333.2,Bpos:444.8,Bstd:265.6,StrandBias:-0.4,Multiplicity:1.27
0.001	0.001	0.997	0.001
0.238	0.206	0.555	0.001
0.001	0.001	0.793	0.205
0.692	0.001	0.120	0.187
0.133	0.859	0.007	0.001
0.001	0.001	0.001	0.997
0.001	0.761	0.001	0.237
0.001	0.001	0.997	0.001
0.793	0.001	0.001	0.205
0.997	0.001	0.001	0.001
0.001	0.997	0.001	0.001
0.392	0.606	0.001	0.001
>TAACTACAATGC	20-TAACTACAATGC	14.323919	-11.070266	0	T:3.0(1.09%),B:5.2(0.01%),P:1e-4	Tpos:436.1,Tstd:277.6,Bpos:325.5,Bstd:217.3,StrandBias:2.8,Multiplicity:2.67
0.001	0.001	0.001	0.997
0.997	0.001	0.001	0.001
0.997	0.001	0.001	0.001
0.001	0.997	0.001	0.001
0.001	0.001	0.001	0.997
0.997	0.001	0.001	0.001
0.001	0.997	0.001	0.001
0.997	0.001	0.001	0.001
0.997	0.001	0.001	0.001
0.001	0.154	0.001	0.844
0.001	0.001	0.997	0.001
0.001	0.877	0.001	0.121
>GTACCATCCAGC	21-GTACCATCCAGC	10.980246	-11.070266	0	T:3.0(1.09%),B:5.2(0.01%),P:1e-4	Tpos:552.3,Tstd:202.0,Bpos:523.1,Bstd:221.7,StrandBias:1.0,Multiplicity:1.00
0.001	0.001	0.997	0.001
0.001	0.001	0.001	0.997
0.997	0.001	0.001	0.001
0.001	0.997	0.001	0.001
0.001	0.997	0.001	0.001
0.838	0.160	0.001	0.001
0.001	0.001	0.001	0.997
0.001	0.997	0.001	0.001
0.023	0.839	0.001	0.137
0.997	0.001	0.001	0.001
0.001	0.001	0.997	0.001
0.001	0.834	0.164	0.001
>ACCCTCCAGGAT	22-ACCCTCCAGGAT	13.981211	-11.070266	0	T:3.0(1.09%),B:5.9(0.01%),P:1e-4	Tpos:244.3,Tstd:118.2,Bpos:463.2,Bstd:343.4,StrandBias:2.6,Multiplicity:2.33
0.997	0.001	0.001	0.001
0.309	0.689	0.001	0.001
0.001	0.997	0.001	0.001
0.001	0.997	0.001	0.001
0.358	0.001	0.001	0.640
0.001	0.997	0.001	0.001
0.331	0.667	0.001	0.001
0.997	0.001	0.001	0.001
0.260	0.001	0.738	0.001
0.001	0.001	0.997	0.001
0.997	0.001	0.001	0.001
0.260	0.001	0.001	0.738
>GCTCCTCGCTAT	23-GCTCCTCGCTAT	9.421881	-9.721596	0	T:3.0(1.09%),B:9.7(0.02%),P:1e-4	Tpos:349.6,Tstd:227.3,Bpos:557.7,Bstd:260.2,StrandBias:3.3,Multiplicity:3.67
0.001	0.001	0.997	0.001
0.001	0.997	0.001	0.001
0.001	0.001	0.001	0.997
0.001	0.997	0.001	0.001
0.001	0.997	0.001	0.001
0.185	0.001	0.001	0.813
0.001	0.997	0.001	0.001
0.073	0.001	0.921	0.005
0.001	0.818	0.180	0.001
0.001	0.001	0.001	0.997
0.997	0.001	0.001	0.001
0.001	0.001	0.001	0.997
>CGTGGCCAGCAC	24-CGTGGCCAGCAC	13.014278	-8.260742	0	T:2.0(0.73%),B:2.6(0.01%),P:1e-3	Tpos:352.7,Tstd:229.9,Bpos:727.2,Bstd:58.3,StrandBias:2.3,Multiplicity:3.00
0.001	0.997	0.001	0.001
0.001	0.001	0.813	0.185
0.001	0.001	0.001	0.997
0.001	0.037	0.813	0.149
0.001	0.001	0.997	0.001
0.001	0.997	0.001	0.001
0.001	0.997	0.001	0.001
0.997	0.001	0.001	0.001
0.001	0.001	0.997	0.001
0.001	0.997	0.001	0.001
0.997	0.001	0.001	0.001
0.001	0.997	0.001	0.001
>GATCCTCCMART	25-GATCCTCCMART	13.997320	-6.737786	0	T:2.0(0.73%),B:6.5(0.02%),P:1e-2	Tpos:287.8,Tstd:115.6,Bpos:412.9,Bstd:238.3,StrandBias:2.0,Multiplicity:2.50
0.001	0.001	0.997	0.001
0.997	0.001	0.001	0.001
0.001	0.001	0.001	0.997
0.001	0.997	0.001	0.001
0.001	0.587	0.001	0.411
0.001	0.001	0.001	0.997
0.001	0.997	0.001	0.001
0.001	0.587	0.001	0.411
0.461	0.537	0.001	0.001
0.997	0.001	0.001	0.001
0.461	0.001	0.537	0.001
0.001	0.001	0.001	0.997
>TTGTCATC	1-TTGTCATC	10.938074	-118.501237	0	T:89.0(32.48%),B:1729.2(4.20%),P:1e-51	Tpos:656.6,Tstd:270.1,Bpos:515.2,Bstd:313.8,StrandBias:0.5,Multiplicity:1.20
0.001	0.001	0.001	0.997
0.001	0.001	0.001	0.997
0.001	0.001	0.997	0.001
0.001	0.001	0.001	0.997
0.001	0.997	0.001	0.001
0.997	0.001	0.001	0.001
0.001	0.001	0.121	0.877
0.001	0.997	0.001	0.001
>TATCATCA	2-TATCATCA	8.989391	-107.635725	0	T:127.0(46.35%),B:4634.6(11.24%),P:1e-46	Tpos:628.6,Tstd:274.6,Bpos:505.7,Bstd:314.5,StrandBias:0.7,Multiplicity:1.18
0.001	0.001	0.001	0.997
0.849	0.001	0.149	0.001
0.001	0.001	0.001	0.997
0.001	0.997	0.001	0.001
0.997	0.001	0.001	0.001
0.001	0.001	0.001	0.997
0.001	0.997	0.001	0.001
0.836	0.162	0.001	0.001
>TCATCATT	3-TCATCATT	8.236954	-70.653758	0	T:96.0(35.04%),B:3800.9(9.22%),P:1e-30	Tpos:610.5,Tstd:287.4,Bpos:522.0,Bstd:308.8,StrandBias:1.2,Multiplicity:1.12
0.100	0.100	0.100	0.700
0.100	0.700	0.100	0.100
0.700	0.100	0.100	0.100
0.100	0.100	0.100	0.700
0.100	0.700	0.100	0.100
0.700	0.100	0.100	0.100
0.100	0.100	0.100	0.700
0.100	0.100	0.100	0.700
>TGATAAGA	4-TGATAAGA	7.949596	-40.050327	0	T:140.0(51.09%),B:10875.4(26.39%),P:1e-17	Tpos:593.0,Tstd:295.4,Bpos:538.5,Bstd:320.5,StrandBias:-0.4,Multiplicity:1.30
0.094	0.001	0.001	0.904
0.001	0.001	0.997	0.001
0.997	0.001	0.001	0.001
0.001	0.001	0.001	0.997
0.935	0.001	0.001	0.063
0.802	0.043	0.041	0.114
0.001	0.001	0.997	0.001
0.621	0.105	0.158	0.116
>GGGGTYTG	5-GGGGTYTG	7.783717	-24.777248	0	T:59.0(21.53%),B:3438.3(8.34%),P:1e-10	Tpos:561.9,Tstd:295.3,Bpos:496.7,Bstd:305.1,StrandBias:-0.6,Multiplicity:1.14
0.001	0.097	0.901	0.001
0.001	0.210	0.513	0.276
0.001	0.001	0.997	0.001
0.062	0.001	0.936	0.001
0.001	0.001	0.001	0.997
0.001	0.562	0.001	0.436
0.001	0.196	0.001	0.802
0.001	0.001	0.997	0.001
>GCTGACCA	6-GCTGACCA	7.897946	-21.333541	0	T:48.0(17.52%),B:2688.7(6.52%),P:1e-9	Tpos:523.1,Tstd:277.3,Bpos:487.7,Bstd:299.4,StrandBias:-0.3,Multiplicity:1.29
0.001	0.001	0.997	0.001
0.001	0.997	0.001	0.001
0.001	0.001	0.001	0.997
0.001	0.001	0.997	0.001
0.875	0.001	0.123	0.001
0.001	0.997	0.001	0.001
0.340	0.599	0.001	0.060
0.997	0.001	0.001	0.001
>CTCCTAGC	7-CTCCTAGC	8.211574	-19.791621	0	T:31.0(11.31%),B:1329.9(3.23%),P:1e-8	Tpos:529.0,Tstd:289.4,Bpos:495.1,Bstd:306.1,StrandBias:0.8,Multiplicity:1.06
0.239	0.759	0.001	0.001
0.073	0.001	0.001	0.925
0.001	0.725	0.273	0.001
0.001	0.874	0.124	0.001
0.001	0.001	0.001	0.997
0.997	0.001	0.001	0.001
0.240	0.138	0.621	0.001
0.001	0.921	0.077	0.001
>GACACAAA	8-GACACAAA	7.287010	-16.847122	0	T:94.0(34.31%),B:8351.3(20.26%),P:1e-7	Tpos:571.3,Tstd:267.8,Bpos:504.7,Bstd:307.2,StrandBias:-0.4,Multiplicity:1.41
0.001	0.001	0.997	0.001
0.719	0.097	0.001	0.183
0.001	0.997	0.001	0.001
0.838	0.001	0.160	0.001
0.001	0.997	0.001	0.001
0.997	0.001	0.001	0.001
0.807	0.001	0.191	0.001
0.955	0.043	0.001	0.001
>GATGACTT	9-GATGACTT	8.547995	-15.004081	0	T:58.0(21.17%),B:4382.1(10.63%),P:1e-6	Tpos:540.7,Tstd:298.8,Bpos:502.4,Bstd:308.7,StrandBias:0.2,Multiplicity:1.17
0.001	0.001	0.782	0.216
0.498	0.001	0.245	0.256
0.001	0.001	0.001	0.997
0.001	0.001	0.997	0.001
0.785	0.213	0.001	0.001
0.001	0.997	0.001	0.001
0.001	0.001	0.001	0.997
0.038	0.001	0.001	0.960
>TGCGCCTC	10-TGCGCCTC	7.368241	-13.845834	0	T:51.0(18.61%),B:3767.2(9.14%),P:1e-6	Tpos:561.1,Tstd:271.0,Bpos:526.5,Bstd:296.4,StrandBias:0.6,Multiplicity:1.10
0.001	0.123	0.060	0.816
0.020	0.118	0.861	0.001
0.001	0.948	0.050	0.001
0.106	0.001	0.892	0.001
0.001	0.740	0.001	0.258
0.001	0.997	0.001	0.001
0.053	0.001	0.001	0.945
0.156	0.794	0.001	0.049
>TGATGTAA	11-TGATGTAA	8.758600	-13.283392	0	T:57.0(20.80%),B:4510.6(10.94%),P:1e-5	Tpos:621.1,Tstd:276.8,Bpos:494.6,Bstd:310.1,StrandBias:-0.6,Multiplicity:1.09
0.001	0.001	0.001	0.997
0.001	0.001	0.997	0.001
0.997	0.001	0.001	0.001
0.001	0.001	0.001	0.997
0.001	0.001	0.997	0.001
0.001	0.260	0.001	0.738
0.864	0.134	0.001	0.001
0.997	0.001	0.001	0.001
>CTTGGCTA	12-CTTGGCTA	7.465540	-10.761148	0	T:49.0(17.88%),B:3981.9(9.66%),P:1e-4	Tpos:471.3,Tstd:297.9,Bpos:504.3,Bstd:312.7,StrandBias:-0.6,Multiplicity:1.23
0.001	0.929	0.016	0.054
0.013	0.029	0.025	0.933
0.015	0.023	0.012	0.950
0.001	0.056	0.713	0.230
0.063	0.001	0.840	0.096
0.060	0.875	0.001	0.064
0.027	0.021	0.001	0.951
0.888	0.001	0.110	0.001
>GTAACTAC	13-GTAACTAC	9.119722	-10.312676	0	T:29.0(10.58%),B:1892.1(4.59%),P:1e-4	Tpos:512.0,Tstd:265.3,Bpos:497.3,Bstd:311.1,StrandBias:0.7,Multiplicity:1.24
0.001	0.001	0.997	0.001
0.001	0.001	0.001	0.997
0.784	0.001	0.214	0.001
0.997	0.001	0.001	0.001
0.001	0.997	0.001	0.001
0.001	0.001	0.001	0.997
0.997	0.001	0.001	0.001
0.001	0.817	0.001	0.181
>GTTGTGCC	14-GTTGTGCC	6.998752	-10.079655	0	T:87.0(31.75%),B:8797.7(21.35%),P:1e-4	Tpos:532.6,Tstd:296.7,Bpos:500.4,Bstd:305.5,StrandBias:-0.1,Multiplicity:1.22
0.215	0.001	0.783	0.001
0.001	0.001	0.001	0.997
0.019	0.001	0.001	0.979
0.083	0.001	0.915	0.001
0.097	0.072	0.001	0.830
0.127	0.080	0.792	0.001
0.098	0.779	0.001	0.122
0.001	0.700	0.001	0.298
>GGGCGGTC	15-GGGCGGTC	7.010268	-8.881237	0	T:30.0(10.95%),B:2161.4(5.24%),P:1e-3	Tpos:538.5,Tstd:267.9,Bpos:507.5,Bstd:307.0,StrandBias:-0.8,Multiplicity:1.24
0.001	0.047	0.898	0.054
0.001	0.033	0.965	0.001
0.001	0.001	0.880	0.118
0.250	0.697	0.052	0.001
0.001	0.036	0.931	0.032
0.001	0.001	0.997	0.001
0.001	0.001	0.254	0.744
0.001	0.880	0.001	0.118
>CAAAGACT	16-CAAAGACT	8.517543	-8.428877	0	T:63.0(22.99%),B:6097.0(14.79%),P:1e-3	Tpos:455.3,Tstd:284.1,Bpos:496.4,Bstd:302.5,StrandBias:0.3,Multiplicity:1.27
0.001	0.997	0.001	0.001
0.997	0.001	0.001	0.001
0.997	0.001	0.001	0.001
0.861	0.001	0.001	0.137
0.001	0.001	0.997	0.001
0.914	0.001	0.084	0.001
0.293	0.705	0.001	0.001
0.001	0.335	0.001	0.663
>CACGGTAT	17-CACGGTAT	8.834396	-6.913067	0	T:10.0(3.65%),B:446.8(1.08%),P:1e-3	Tpos:348.7,Tstd:259.7,Bpos:491.4,Bstd:303.7,StrandBias:0.8,Multiplicity:1.40
0.001	0.997	0.001	0.001
0.891	0.107	0.001	0.001
0.001	0.997	0.001	0.001
0.001	0.001	0.997	0.001
0.001	0.001	0.997	0.001
0.001	0.001	0.001	0.997
0.997	0.001	0.001	0.001
0.001	0.001	0.001	0.997
