>ATACCTTTAG	1-ATACCTTTAG	7.656336	-24.132498	0	T:38.0(32.76%),B:4027.3(10.14%),P:1e-10	Tpos:426.3,Tstd:252.8,Bpos:489.4,Bstd:321.2,StrandBias:0.6,Multiplicity:1.11
0.953	0.045	0.001	0.001
0.127	0.046	0.101	0.726
0.812	0.151	0.001	0.036
0.123	0.743	0.133	0.001
0.001	0.874	0.098	0.027
0.056	0.001	0.059	0.884
0.031	0.144	0.001	0.824
0.034	0.192	0.147	0.627
0.528	0.312	0.159	0.001
0.131	0.076	0.757	0.036
>TCTCCGCCCA	2-TCTCCGCCCA	9.081943	-23.427230	0	T:24.0(20.69%),B:1632.2(4.11%),P:1e-10	Tpos:573.6,Tstd:282.1,Bpos:586.0,Bstd:339.1,StrandBias:0.8,Multiplicity:1.04
0.157	0.001	0.103	0.739
0.001	0.997	0.001	0.001
0.001	0.001	0.113	0.885
0.001	0.909	0.001	0.089
0.001	0.997	0.001	0.001
0.001	0.070	0.875	0.054
0.001	0.997	0.001	0.001
0.001	0.916	0.001	0.082
0.001	0.837	0.093	0.069
0.899	0.001	0.001	0.099
>TCTAACACCT	3-TCTAACACCT	10.174308	-22.329846	0	T:14.0(12.07%),B:477.9(1.20%),P:1e-9	Tpos:537.7,Tstd:372.2,Bpos:515.7,Bstd:337.7,StrandBias:0.4,Multiplicity:1.00
0.001	0.098	0.109	0.792
0.049	0.792	0.001	0.158
0.001	0.047	0.001	0.951
0.997	0.001	0.001	0.001
0.915	0.001	0.083	0.001
0.097	0.843	0.001	0.059
0.923	0.001	0.001	0.075
0.001	0.927	0.071	0.001
0.045	0.913	0.001	0.041
0.001	0.001	0.001	0.997
>AGAGACGCAG	4-AGAGACGCAG	9.338617	-20.760123	0	T:26.0(22.41%),B:2198.2(5.54%),P:1e-9	Tpos:577.1,Tstd:280.6,Bpos:573.3,Bstd:342.7,StrandBias:-1.3,Multiplicity:1.08
0.637	0.313	0.049	0.001
0.046	0.071	0.798	0.085
0.944	0.054	0.001	0.001
0.051	0.046	0.591	0.312
0.929	0.069	0.001	0.001
0.083	0.618	0.298	0.001
0.047	0.048	0.904	0.001
0.127	0.815	0.057	0.001
0.952	0.001	0.046	0.001
0.001	0.194	0.759	0.046
>TTCTTTCTTA	5-TTCTTTCTTA	8.724018	-19.532050	0	T:31.0(26.72%),B:3266.7(8.23%),P:1e-8	Tpos:552.8,Tstd:297.5,Bpos:520.9,Bstd:329.4,StrandBias:0.9,Multiplicity:1.19
0.081	0.245	0.152	0.522
0.053	0.023	0.001	0.923
0.227	0.626	0.110	0.037
0.207	0.037	0.001	0.755
0.154	0.026	0.031	0.789
0.049	0.035	0.026	0.890
0.114	0.548	0.196	0.142
0.226	0.286	0.018	0.471
0.001	0.024	0.137	0.838
0.770	0.001	0.228	0.001
>CTACACAGTT	6-CTACACAGTT	9.159876	-19.456162	0	T:28.0(24.14%),B:2703.9(6.81%),P:1e-8	Tpos:429.1,Tstd:284.6,Bpos:512.3,Bstd:317.8,StrandBias:0.1,Multiplicity:1.04
0.257	0.741	0.001	0.001
0.096	0.001	0.001	0.902
0.785	0.001	0.164	0.050
0.150	0.725	0.001	0.124
0.997	0.001	0.001	0.001
0.094	0.740	0.001	0.165
0.931	0.001	0.001	0.067
0.001	0.190	0.642	0.167
0.001	0.001	0.001	0.997
0.084	0.001	0.001	0.914
>TATAAACACA	7-TATAAACACA	9.769068	-18.580530	0	T:23.0(19.83%),B:1921.1(4.84%),P:1e-8	Tpos:598.6,Tstd:239.1,Bpos:534.3,Bstd:328.4,StrandBias:-0.2,Multiplicity:1.09
0.001	0.036	0.001	0.962
0.903	0.050	0.001	0.046
0.234	0.001	0.035	0.730
0.908	0.046	0.001	0.045
0.963	0.001	0.001	0.035
0.997	0.001	0.001	0.001
0.001	0.834	0.057	0.108
0.888	0.001	0.076	0.035
0.036	0.962	0.001	0.001
0.883	0.044	0.072	0.001
>GGCGTGAGAT	8-GGCGTGAGAT	10.452316	-18.426462	0	T:10.0(8.62%),B:268.3(0.68%),P:1e-8	Tpos:553.9,Tstd:231.7,Bpos:551.6,Bstd:310.3,StrandBias:-0.3,Multiplicity:1.10
0.114	0.001	0.884	0.001
0.001	0.001	0.997	0.001
0.104	0.806	0.089	0.001
0.001	0.001	0.897	0.101
0.079	0.001	0.001	0.919
0.001	0.116	0.882	0.001
0.997	0.001	0.001	0.001
0.001	0.001	0.869	0.129
0.861	0.001	0.137	0.001
0.001	0.001	0.001	0.997
>GAAAGTCCGC	9-GAAAGTCCGC	9.551779	-17.479960	0	T:14.0(12.07%),B:705.4(1.78%),P:1e-7	Tpos:601.2,Tstd:259.7,Bpos:558.4,Bstd:325.9,StrandBias:0.0,Multiplicity:1.00
0.031	0.098	0.742	0.129
0.895	0.103	0.001	0.001
0.997	0.001	0.001	0.001
0.761	0.001	0.001	0.237
0.129	0.001	0.791	0.079
0.096	0.001	0.001	0.902
0.128	0.478	0.276	0.118
0.001	0.909	0.001	0.089
0.001	0.001	0.997	0.001
0.118	0.880	0.001	0.001
>ACCGCCCCCT	10-ACCGCCCCCT	8.261884	-17.091534	0	T:17.0(14.66%),B:1126.0(2.84%),P:1e-7	Tpos:660.8,Tstd:238.1,Bpos:562.7,Bstd:365.1,StrandBias:2.6,Multiplicity:1.24
0.758	0.097	0.144	0.001
0.094	0.799	0.084	0.023
0.242	0.686	0.001	0.071
0.149	0.001	0.849	0.001
0.001	0.997	0.001	0.001
0.001	0.997	0.001	0.001
0.123	0.559	0.241	0.077
0.076	0.717	0.001	0.206
0.001	0.789	0.001	0.209
0.073	0.001	0.129	0.797
>GGTCTTGTGC	11-GGTCTTGTGC	9.405589	-16.824134	0	T:11.0(9.48%),B:412.1(1.04%),P:1e-7	Tpos:420.5,Tstd:239.0,Bpos:524.9,Bstd:316.5,StrandBias:0.5,Multiplicity:1.09
0.047	0.041	0.828	0.084
0.001	0.248	0.750	0.001
0.038	0.052	0.080	0.830
0.001	0.794	0.001	0.204
0.314	0.059	0.001	0.626
0.001	0.077	0.230	0.692
0.001	0.042	0.891	0.066
0.001	0.070	0.001	0.928
0.147	0.184	0.594	0.075
0.310	0.538	0.001	0.151
>ACTACTCCAC	12-ACTACTCCAC	8.586534	-15.662817	0	T:14.0(12.07%),B:820.5(2.07%),P:1e-6	Tpos:480.4,Tstd:233.6,Bpos:509.6,Bstd:318.8,StrandBias:-0.7,Multiplicity:1.14
0.997	0.001	0.001	0.001
0.078	0.821	0.001	0.100
0.001	0.001	0.001	0.997
0.851	0.092	0.001	0.056
0.112	0.886	0.001	0.001
0.059	0.001	0.001	0.939
0.001	0.813	0.100	0.086
0.001	0.896	0.001	0.102
0.973	0.001	0.001	0.025
0.068	0.833	0.098	0.001
>AYCTCTTCKT	13-AYCTCTTCKT	9.197285	-14.232584	0	T:22.0(18.97%),B:2262.2(5.70%),P:1e-6	Tpos:607.1,Tstd:254.7,Bpos:518.4,Bstd:337.2,StrandBias:1.5,Multiplicity:1.23
0.909	0.085	0.005	0.001
0.001	0.508	0.104	0.387
0.264	0.489	0.001	0.246
0.165	0.001	0.001	0.833
0.128	0.710	0.001	0.161
0.001	0.001	0.001	0.997
0.001	0.001	0.001	0.997
0.001	0.538	0.248	0.213
0.001	0.001	0.569	0.429
0.230	0.001	0.001	0.768
>GCGTGTKTGT	14-GCGTGTKTGT	8.315442	-13.751588	0	T:19.0(16.38%),B:1775.9(4.47%),P:1e-5	Tpos:554.7,Tstd:322.7,Bpos:553.2,Bstd:364.0,StrandBias:-0.5,Multiplicity:1.16
0.235	0.073	0.644	0.048
0.123	0.617	0.021	0.239
0.074	0.028	0.684	0.214
0.054	0.033	0.056	0.857
0.054	0.035	0.633	0.278
0.009	0.199	0.236	0.556
0.055	0.238	0.389	0.318
0.067	0.076	0.059	0.798
0.171	0.235	0.562	0.032
0.026	0.038	0.065	0.871
>GACACCTGAC	15-GACACCTGAC	10.190239	-13.237648	0	T:10.0(8.62%),B:478.7(1.21%),P:1e-5	Tpos:560.5,Tstd:273.5,Bpos:517.9,Bstd:331.7,StrandBias:0.2,Multiplicity:1.30
0.092	0.001	0.784	0.123
0.864	0.001	0.134	0.001
0.001	0.997	0.001	0.001
0.997	0.001	0.001	0.001
0.082	0.916	0.001	0.001
0.001	0.881	0.117	0.001
0.001	0.001	0.001	0.997
0.001	0.065	0.933	0.001
0.786	0.001	0.112	0.101
0.080	0.918	0.001	0.001
>TCCATCCAAC	16-TCCATCCAAC	9.631084	-12.318417	0	T:13.0(11.21%),B:941.6(2.37%),P:1e-5	Tpos:558.0,Tstd:318.9,Bpos:458.9,Bstd:331.9,StrandBias:-0.7,Multiplicity:1.31
0.001	0.001	0.001	0.997
0.001	0.956	0.001	0.042
0.055	0.943	0.001	0.001
0.957	0.001	0.001	0.041
0.001	0.001	0.001	0.997
0.001	0.929	0.069	0.001
0.042	0.956	0.001	0.001
0.836	0.081	0.001	0.082
0.640	0.057	0.083	0.220
0.001	0.832	0.072	0.095
>AAGCTCTTGG	17-AAGCTCTTGG	10.296193	-8.911180	0	T:3.0(2.59%),B:31.8(0.08%),P:1e-3	Tpos:237.8,Tstd:307.3,Bpos:585.4,Bstd:266.8,StrandBias:-1.6,Multiplicity:1.33
0.700	0.100	0.100	0.100
0.700	0.100	0.100	0.100
0.100	0.100	0.700	0.100
0.100	0.700	0.100	0.100
0.100	0.100	0.100	0.700
0.100	0.700	0.100	0.100
0.100	0.100	0.100	0.700
0.100	0.100	0.100	0.700
0.100	0.100	0.700	0.100
0.100	0.100	0.700	0.100
>GGTTCTAGGC	18-GGTTCTAGGC	9.718182	-7.776142	0	T:7.0(6.03%),B:454.6(1.14%),P:1e-3	Tpos:536.7,Tstd:169.0,Bpos:525.6,Bstd:343.0,StrandBias:-0.4,Multiplicity:2.00
0.001	0.001	0.997	0.001
0.105	0.140	0.635	0.120
0.001	0.192	0.001	0.806
0.001	0.001	0.001	0.997
0.001	0.865	0.001	0.133
0.001	0.001	0.001	0.997
0.997	0.001	0.001	0.001
0.001	0.001	0.997	0.001
0.001	0.001	0.997	0.001
0.153	0.845	0.001	0.001
>AATTTTTCCC	19-AATTTTTCCC	11.649875	-6.269055	0	T:11.0(9.48%),B:1330.8(3.35%),P:1e-2	Tpos:452.2,Tstd:280.1,Bpos:510.9,Bstd:309.9,StrandBias:2.6,Multiplicity:1.27
0.930	0.001	0.040	0.029
0.472	0.001	0.316	0.211
0.001	0.001	0.070	0.928
0.001	0.001	0.074	0.924
0.081	0.001	0.091	0.827
0.001	0.064	0.002	0.933
0.001	0.001	0.001	0.997
0.146	0.850	0.001	0.003
0.001	0.997	0.001	0.001
0.001	0.997	0.001	0.001
>TAGAATTCCC	20-TAGAATTCCC	8.808484	-5.257630	0	T:5.0(4.31%),B:375.9(0.95%),P:1e-2	Tpos:349.0,Tstd:154.9,Bpos:502.6,Bstd:316.7,StrandBias:2.1,Multiplicity:3.20
0.001	0.014	0.001	0.984
0.997	0.001	0.001	0.001
0.369	0.001	0.629	0.001
0.997	0.001	0.001	0.001
0.740	0.001	0.258	0.001
0.001	0.001	0.001	0.997
0.001	0.001	0.001	0.997
0.001	0.997	0.001	0.001
0.001	0.997	0.001	0.001
0.001	0.997	0.001	0.001
