>MAAGAGAGGCAG	1-MAAGAGAGGCAG	10.256557	-23.336552	0	T:20.0(17.24%),B:1088.9(2.74%),P:1e-10	Tpos:539.3,Tstd:273.6,Bpos:566.2,Bstd:341.2,StrandBias:-0.9,Multiplicity:1.15
0.491	0.386	0.001	0.122
0.805	0.001	0.024	0.170
0.674	0.324	0.001	0.001
0.152	0.001	0.846	0.001
0.997	0.001	0.001	0.001
0.096	0.001	0.592	0.311
0.997	0.001	0.001	0.001
0.001	0.382	0.616	0.001
0.001	0.001	0.997	0.001
0.001	0.861	0.137	0.001
0.926	0.001	0.072	0.001
0.001	0.001	0.914	0.084
>ATAATAGATTTT	2-ATAATAGATTTT	11.700038	-21.927206	0	T:17.0(14.66%),B:807.6(2.03%),P:1e-9	Tpos:537.6,Tstd:331.2,Bpos:494.7,Bstd:308.3,StrandBias:2.1,Multiplicity:1.00
0.896	0.001	0.001	0.102
0.043	0.129	0.001	0.827
0.997	0.001	0.001	0.001
0.891	0.001	0.001	0.107
0.001	0.001	0.151	0.847
0.807	0.001	0.127	0.065
0.001	0.077	0.858	0.064
0.997	0.001	0.001	0.001
0.001	0.001	0.001	0.997
0.001	0.001	0.001	0.997
0.001	0.001	0.001	0.997
0.001	0.001	0.001	0.997
>ATMTWGATCAST	3-ATMTWGATCAST	9.991613	-21.521125	0	T:9.0(7.76%),B:135.8(0.34%),P:1e-9	Tpos:609.1,Tstd:274.0,Bpos:469.5,Bstd:307.8,StrandBias:-1.8,Multiplicity:1.00
0.997	0.001	0.001	0.001
0.017	0.001	0.001	0.981
0.501	0.497	0.001	0.001
0.001	0.001	0.001	0.997
0.572	0.001	0.001	0.426
0.001	0.001	0.997	0.001
0.997	0.001	0.001	0.001
0.001	0.001	0.001	0.997
0.016	0.963	0.001	0.020
0.585	0.001	0.001	0.413
0.001	0.483	0.515	0.001
0.001	0.001	0.001	0.997
>AAGAAGTAAGAA	4-AAGAAGTAAGAA	13.604177	-21.498367	0	T:10.0(8.62%),B:192.2(0.48%),P:1e-9	Tpos:400.3,Tstd:307.5,Bpos:523.0,Bstd:377.8,StrandBias:-1.2,Multiplicity:1.00
0.858	0.001	0.140	0.001
0.997	0.001	0.001	0.001
0.001	0.001	0.997	0.001
0.997	0.001	0.001	0.001
0.997	0.001	0.001	0.001
0.273	0.001	0.725	0.001
0.062	0.107	0.001	0.830
0.872	0.001	0.126	0.001
0.997	0.001	0.001	0.001
0.001	0.149	0.849	0.001
0.997	0.001	0.001	0.001
0.997	0.001	0.001	0.001
>TCAACATTATTC	5-TCAACATTATTC	13.418405	-21.450275	0	T:10.0(8.62%),B:193.4(0.49%),P:1e-9	Tpos:597.3,Tstd:256.3,Bpos:503.5,Bstd:289.2,StrandBias:1.2,Multiplicity:1.00
0.001	0.001	0.001	0.997
0.099	0.899	0.001	0.001
0.997	0.001	0.001	0.001
0.997	0.001	0.001	0.001
0.001	0.997	0.001	0.001
0.867	0.001	0.001	0.131
0.001	0.001	0.001	0.997
0.001	0.001	0.128	0.870
0.868	0.001	0.001	0.130
0.151	0.122	0.001	0.726
0.001	0.131	0.001	0.867
0.001	0.997	0.001	0.001
>TTGAAAGGTGAT	6-TTGAAAGGTGAT	9.920051	-20.960275	0	T:26.0(22.41%),B:2177.1(5.48%),P:1e-9	Tpos:531.9,Tstd:319.5,Bpos:487.0,Bstd:303.1,StrandBias:-0.8,Multiplicity:1.04
0.001	0.001	0.001	0.997
0.001	0.001	0.001	0.997
0.001	0.132	0.692	0.175
0.761	0.001	0.135	0.103
0.849	0.001	0.066	0.084
0.880	0.118	0.001	0.001
0.001	0.051	0.889	0.059
0.074	0.069	0.649	0.208
0.001	0.001	0.001	0.997
0.001	0.067	0.864	0.068
0.655	0.074	0.001	0.270
0.246	0.001	0.001	0.752
>AGATAACAGCTT	7-AGATAACAGCTT	12.205727	-20.038950	0	T:8.0(6.90%),B:108.1(0.27%),P:1e-8	Tpos:466.2,Tstd:304.2,Bpos:533.9,Bstd:341.3,StrandBias:0.0,Multiplicity:1.00
0.997	0.001	0.001	0.001
0.175	0.001	0.658	0.166
0.997	0.001	0.001	0.001
0.001	0.001	0.001	0.997
0.997	0.001	0.001	0.001
0.616	0.217	0.166	0.001
0.001	0.997	0.001	0.001
0.782	0.216	0.001	0.001
0.145	0.001	0.526	0.328
0.001	0.882	0.001	0.116
0.001	0.001	0.001	0.997
0.150	0.001	0.001	0.848
>GGGAAGTTATGC	8-GGGAAGTTATGC	14.369787	-19.666662	0	T:5.0(4.31%),B:15.6(0.04%),P:1e-8	Tpos:374.4,Tstd:248.9,Bpos:485.3,Bstd:346.1,StrandBias:-0.6,Multiplicity:1.00
0.001	0.001	0.997	0.001
0.001	0.001	0.997	0.001
0.269	0.001	0.729	0.001
0.997	0.001	0.001	0.001
0.997	0.001	0.001	0.001
0.001	0.001	0.997	0.001
0.001	0.001	0.001	0.997
0.001	0.001	0.001	0.997
0.997	0.001	0.001	0.001
0.001	0.001	0.211	0.787
0.001	0.001	0.997	0.001
0.305	0.693	0.001	0.001
>CATTCGTGGGAA	9-CATTCGTGGGAA	14.214772	-19.666662	0	T:5.0(4.31%),B:15.9(0.04%),P:1e-8	Tpos:277.4,Tstd:206.1,Bpos:571.6,Bstd:275.9,StrandBias:-0.6,Multiplicity:1.00
0.001	0.997	0.001	0.001
0.997	0.001	0.001	0.001
0.001	0.001	0.001	0.997
0.001	0.001	0.001	0.997
0.001	0.997	0.001	0.001
0.001	0.001	0.815	0.183
0.001	0.001	0.211	0.787
0.001	0.211	0.787	0.001
0.001	0.001	0.997	0.001
0.001	0.001	0.803	0.195
0.997	0.001	0.001	0.001
0.997	0.001	0.001	0.001
>ATCATTTCAATT	10-ATCATTTCAATT	13.252977	-16.752740	0	T:11.0(9.48%),B:415.2(1.05%),P:1e-7	Tpos:634.0,Tstd:345.0,Bpos:517.1,Bstd:297.5,StrandBias:1.0,Multiplicity:1.09
0.839	0.098	0.001	0.062
0.083	0.001	0.001	0.915
0.057	0.864	0.001	0.078
0.997	0.001	0.001	0.001
0.001	0.001	0.001	0.997
0.001	0.001	0.001	0.997
0.142	0.001	0.001	0.856
0.001	0.900	0.001	0.098
0.858	0.140	0.001	0.001
0.997	0.001	0.001	0.001
0.127	0.001	0.001	0.871
0.001	0.001	0.001	0.997
>AGACAACTGGTC	11-AGACAACTGGTC	12.345944	-16.623276	0	T:6.0(5.17%),B:64.8(0.16%),P:1e-7	Tpos:458.3,Tstd:264.2,Bpos:498.4,Bstd:316.6,StrandBias:-1.0,Multiplicity:1.00
0.589	0.001	0.192	0.218
0.001	0.001	0.997	0.001
0.997	0.001	0.001	0.001
0.001	0.631	0.367	0.001
0.997	0.001	0.001	0.001
0.997	0.001	0.001	0.001
0.001	0.997	0.001	0.001
0.001	0.166	0.218	0.615
0.001	0.001	0.997	0.001
0.218	0.175	0.606	0.001
0.001	0.217	0.001	0.781
0.001	0.822	0.176	0.001
>AGGTGTGCGGTC	12-AGGTGTGCGGTC	9.652179	-16.231090	0	T:5.0(4.31%),B:33.7(0.08%),P:1e-7	Tpos:654.2,Tstd:211.7,Bpos:597.4,Bstd:283.5,StrandBias:1.0,Multiplicity:1.20
0.837	0.001	0.001	0.161
0.001	0.001	0.997	0.001
0.001	0.001	0.997	0.001
0.001	0.001	0.001	0.997
0.001	0.001	0.997	0.001
0.030	0.053	0.001	0.916
0.001	0.001	0.997	0.001
0.001	0.997	0.001	0.001
0.001	0.040	0.958	0.001
0.001	0.161	0.837	0.001
0.001	0.001	0.001	0.997
0.001	0.997	0.001	0.001
>TTGATCTGTGAT	13-TTGATCTGTGAT	10.314709	-15.744740	0	T:11.0(9.48%),B:460.9(1.16%),P:1e-6	Tpos:532.2,Tstd:277.7,Bpos:498.5,Bstd:305.2,StrandBias:-0.3,Multiplicity:1.10
0.078	0.068	0.001	0.853
0.001	0.066	0.083	0.850
0.001	0.001	0.997	0.001
0.841	0.001	0.090	0.068
0.184	0.001	0.054	0.761
0.090	0.757	0.048	0.105
0.001	0.160	0.001	0.838
0.083	0.054	0.815	0.048
0.051	0.176	0.001	0.772
0.074	0.102	0.823	0.001
0.854	0.001	0.001	0.144
0.066	0.068	0.001	0.865
>GTGTACAACTGA	14-GTGTACAACTGA	14.060068	-15.591548	0	T:5.0(4.31%),B:38.7(0.10%),P:1e-6	Tpos:555.7,Tstd:341.4,Bpos:394.0,Bstd:271.7,StrandBias:0.0,Multiplicity:1.20
0.001	0.001	0.997	0.001
0.001	0.001	0.001	0.997
0.001	0.001	0.997	0.001
0.159	0.001	0.001	0.839
0.997	0.001	0.001	0.001
0.001	0.997	0.001	0.001
0.997	0.001	0.001	0.001
0.997	0.001	0.001	0.001
0.201	0.611	0.001	0.187
0.001	0.001	0.001	0.997
0.001	0.001	0.997	0.001
0.805	0.193	0.001	0.001
>GTTTTGTTTTGG	15-GTTTTGTTTTGG	12.763159	-15.215794	0	T:12.0(10.34%),B:599.2(1.51%),P:1e-6	Tpos:523.4,Tstd:208.6,Bpos:513.6,Bstd:323.3,StrandBias:1.6,Multiplicity:1.00
0.069	0.001	0.870	0.060
0.001	0.001	0.001	0.997
0.001	0.001	0.001	0.997
0.001	0.001	0.001	0.997
0.001	0.124	0.001	0.874
0.001	0.001	0.939	0.059
0.001	0.001	0.001	0.997
0.164	0.001	0.114	0.721
0.001	0.001	0.100	0.898
0.001	0.109	0.001	0.889
0.001	0.001	0.949	0.049
0.001	0.001	0.944	0.054
>TCACCGGTCGCC	16-TCACCGGTCGCC	11.462928	-14.619207	0	T:5.0(4.31%),B:47.5(0.12%),P:1e-6	Tpos:513.9,Tstd:301.5,Bpos:440.9,Bstd:362.0,StrandBias:2.6,Multiplicity:1.40
0.001	0.001	0.001	0.997
0.001	0.989	0.001	0.009
0.988	0.001	0.010	0.001
0.001	0.775	0.001	0.223
0.264	0.734	0.001	0.001
0.001	0.001	0.997	0.001
0.253	0.001	0.745	0.001
0.001	0.001	0.001	0.997
0.224	0.508	0.267	0.001
0.001	0.001	0.997	0.001
0.224	0.551	0.224	0.001
0.001	0.997	0.001	0.001
>WCCGCCCATCTA	17-WCCGCCCATCTA	7.063973	-14.020374	0	T:30.0(25.86%),B:3947.2(9.94%),P:1e-6	Tpos:614.8,Tstd:293.1,Bpos:547.1,Bstd:353.6,StrandBias:1.1,Multiplicity:1.13
0.493	0.104	0.034	0.369
0.161	0.615	0.085	0.139
0.103	0.793	0.103	0.001
0.159	0.254	0.415	0.172
0.056	0.722	0.085	0.137
0.051	0.708	0.103	0.138
0.281	0.650	0.001	0.068
0.616	0.138	0.034	0.212
0.185	0.159	0.139	0.517
0.023	0.700	0.034	0.243
0.068	0.344	0.001	0.587
0.553	0.125	0.121	0.201
>TTTATAAGAGAA	18-TTTATAAGAGAA	13.056317	-13.734896	0	T:9.0(7.76%),B:347.8(0.88%),P:1e-5	Tpos:402.2,Tstd:211.1,Bpos:525.1,Bstd:333.2,StrandBias:-1.4,Multiplicity:1.22
0.102	0.001	0.001	0.896
0.001	0.001	0.001	0.997
0.001	0.001	0.088	0.910
0.883	0.001	0.115	0.001
0.083	0.001	0.001	0.915
0.895	0.103	0.001	0.001
0.877	0.121	0.001	0.001
0.072	0.112	0.815	0.001
0.997	0.001	0.001	0.001
0.067	0.001	0.931	0.001
0.997	0.001	0.001	0.001
0.997	0.001	0.001	0.001
>ACTGACVAATAG	19-ACTGACVAATAG	13.891468	-13.527403	0	T:3.0(2.59%),B:5.1(0.01%),P:1e-5	Tpos:480.4,Tstd:203.1,Bpos:720.8,Bstd:224.3,StrandBias:2.0,Multiplicity:1.67
0.671	0.001	0.001	0.327
0.001	0.997	0.001	0.001
0.001	0.001	0.001	0.997
0.001	0.001	0.997	0.001
0.671	0.001	0.001	0.327
0.001	0.997	0.001	0.001
0.289	0.383	0.327	0.001
0.997	0.001	0.001	0.001
0.997	0.001	0.001	0.001
0.001	0.001	0.001	0.997
0.997	0.001	0.001	0.001
0.001	0.001	0.616	0.382
>AGGATGGATGGA	20-AGGATGGATGGA	10.553248	-13.128856	0	T:10.0(8.62%),B:484.1(1.22%),P:1e-5	Tpos:616.4,Tstd:252.1,Bpos:514.8,Bstd:336.9,StrandBias:-1.2,Multiplicity:1.20
0.979	0.001	0.001	0.019
0.161	0.088	0.671	0.080
0.003	0.001	0.995	0.001
0.496	0.327	0.001	0.177
0.349	0.001	0.001	0.649
0.071	0.001	0.927	0.001
0.347	0.098	0.554	0.001
0.889	0.107	0.001	0.003
0.167	0.001	0.004	0.828
0.099	0.008	0.889	0.004
0.098	0.001	0.900	0.001
0.871	0.004	0.004	0.121
>GGGAATTTTAGG	21-GGGAATTTTAGG	12.302136	-11.173458	0	T:5.0(4.31%),B:99.9(0.25%),P:1e-4	Tpos:331.8,Tstd:189.9,Bpos:486.1,Bstd:342.0,StrandBias:-2.3,Multiplicity:3.60
0.001	0.001	0.997	0.001
0.001	0.001	0.997	0.001
0.001	0.001	0.997	0.001
0.997	0.001	0.001	0.001
0.997	0.001	0.001	0.001
0.001	0.001	0.001	0.997
0.001	0.001	0.001	0.997
0.001	0.174	0.132	0.693
0.001	0.001	0.001	0.997
0.647	0.001	0.351	0.001
0.119	0.001	0.589	0.291
0.001	0.001	0.997	0.001
>ACACACACACAC	22-ACACACACACAC	12.318075	-9.840398	0	T:13.0(11.21%),B:1196.7(3.01%),P:1e-4	Tpos:555.1,Tstd:320.6,Bpos:568.2,Bstd:361.6,StrandBias:0.5,Multiplicity:1.08
0.964	0.001	0.001	0.034
0.001	0.915	0.041	0.043
0.927	0.001	0.001	0.071
0.063	0.894	0.001	0.042
0.931	0.001	0.001	0.067
0.068	0.851	0.001	0.080
0.997	0.001	0.001	0.001
0.001	0.905	0.064	0.030
0.997	0.001	0.001	0.001
0.001	0.997	0.001	0.001
0.875	0.001	0.061	0.063
0.052	0.885	0.039	0.024
>GTAGGCTGCCTA	23-GTAGGCTGCCTA	11.002674	-8.637723	0	T:4.0(3.45%),B:91.2(0.23%),P:1e-3	Tpos:567.0,Tstd:189.8,Bpos:462.4,Bstd:280.9,StrandBias:-1.0,Multiplicity:1.75
0.001	0.001	0.827	0.171
0.001	0.001	0.001	0.997
0.837	0.011	0.151	0.001
0.001	0.001	0.997	0.001
0.009	0.001	0.989	0.001
0.001	0.524	0.172	0.303
0.172	0.001	0.172	0.655
0.001	0.001	0.997	0.001
0.001	0.997	0.001	0.001
0.001	0.847	0.001	0.151
0.172	0.151	0.001	0.676
0.676	0.172	0.151	0.001
>AAAAACCCCAAT	24-AAAAACCCCAAT	13.348814	-6.996663	0	T:5.0(4.31%),B:249.6(0.63%),P:1e-3	Tpos:379.4,Tstd:254.9,Bpos:550.5,Bstd:317.7,StrandBias:1.6,Multiplicity:2.40
0.997	0.001	0.001	0.001
0.997	0.001	0.001	0.001
0.997	0.001	0.001	0.001
0.997	0.001	0.001	0.001
0.898	0.100	0.001	0.001
0.066	0.932	0.001	0.001
0.165	0.761	0.001	0.073
0.001	0.997	0.001	0.001
0.001	0.899	0.001	0.099
0.769	0.099	0.131	0.001
0.901	0.001	0.001	0.097
0.001	0.001	0.001	0.997
>CGTCACCGGTGG	25-CGTCACCGGTGG	15.677776	-5.147008	0	T:1.0(0.86%),B:1.5(0.00%),P:1e-2	Tpos:472.0,Tstd:0.0,Bpos:719.6,Bstd:129.3,StrandBias:10.0,Multiplicity:1.00
0.001	0.825	0.001	0.173
0.001	0.001	0.997	0.001
0.001	0.001	0.001	0.997
0.001	0.825	0.001	0.173
0.846	0.001	0.152	0.001
0.001	0.997	0.001	0.001
0.173	0.825	0.001	0.001
0.001	0.001	0.997	0.001
0.001	0.001	0.997	0.001
0.001	0.001	0.001	0.997
0.173	0.001	0.825	0.001
0.001	0.001	0.997	0.001
