>CACAAASYAC	1-CACAAASYAC	7.694147	-82.605842	0	T:77.0(44.00%),B:3349.1(8.24%),P:1e-35	Tpos:659.4,Tstd:255.0,Bpos:516.8,Bstd:331.8,StrandBias:0.2,Multiplicity:1.22
0.238	0.481	0.030	0.250
0.788	0.078	0.056	0.078
0.019	0.521	0.213	0.247
0.838	0.055	0.031	0.076
0.646	0.047	0.266	0.041
0.797	0.063	0.064	0.076
0.219	0.397	0.292	0.092
0.037	0.463	0.046	0.454
0.691	0.228	0.056	0.025
0.034	0.598	0.036	0.332
>TCTTATCADT	2-TCTTATCADT	9.785640	-39.170961	0	T:45.0(25.71%),B:2305.0(5.67%),P:1e-17	Tpos:626.1,Tstd:340.4,Bpos:582.4,Bstd:324.7,StrandBias:-0.4,Multiplicity:1.09
0.163	0.040	0.098	0.699
0.001	0.991	0.003	0.005
0.030	0.001	0.001	0.968
0.001	0.001	0.124	0.874
0.997	0.001	0.001	0.001
0.001	0.001	0.001	0.997
0.001	0.874	0.124	0.001
0.675	0.001	0.323	0.001
0.351	0.001	0.379	0.268
0.067	0.002	0.272	0.659
>TTTGTGACTT	3-TTTGTGACTT	8.793934	-33.683212	0	T:32.0(18.29%),B:1299.2(3.20%),P:1e-14	Tpos:737.2,Tstd:201.4,Bpos:507.5,Bstd:333.3,StrandBias:-0.5,Multiplicity:1.12
0.081	0.143	0.256	0.520
0.309	0.020	0.143	0.528
0.020	0.278	0.051	0.651
0.248	0.055	0.665	0.032
0.017	0.021	0.021	0.941
0.064	0.063	0.857	0.016
0.828	0.083	0.039	0.050
0.016	0.814	0.017	0.153
0.078	0.246	0.041	0.635
0.031	0.027	0.376	0.566
>CTACAAACTG	4-CTACAAACTG	7.240435	-33.395765	0	T:92.0(52.57%),B:10040.8(24.72%),P:1e-14	Tpos:537.4,Tstd:307.4,Bpos:503.8,Bstd:321.3,StrandBias:0.1,Multiplicity:1.39
0.020	0.880	0.068	0.032
0.065	0.060	0.027	0.848
0.804	0.066	0.032	0.098
0.058	0.792	0.088	0.062
0.869	0.080	0.050	0.001
0.788	0.049	0.063	0.100
0.784	0.040	0.091	0.085
0.096	0.690	0.134	0.080
0.139	0.059	0.043	0.759
0.072	0.048	0.792	0.088
>CTATTTATAC	5-CTATTTATAC	9.206151	-30.762413	0	T:40.0(22.86%),B:2308.0(5.68%),P:1e-13	Tpos:760.3,Tstd:247.8,Bpos:555.2,Bstd:352.5,StrandBias:-1.5,Multiplicity:1.07
0.001	0.879	0.090	0.030
0.020	0.001	0.001	0.978
0.612	0.042	0.001	0.345
0.001	0.001	0.066	0.932
0.041	0.001	0.036	0.922
0.001	0.001	0.044	0.954
0.977	0.021	0.001	0.001
0.021	0.001	0.001	0.977
0.997	0.001	0.001	0.001
0.039	0.923	0.001	0.037
>AGAGTGTAGT	6-AGAGTGTAGT	7.450673	-30.223288	0	T:48.0(27.43%),B:3343.2(8.23%),P:1e-13	Tpos:632.7,Tstd:282.5,Bpos:506.8,Bstd:324.8,StrandBias:-1.0,Multiplicity:1.07
0.769	0.057	0.051	0.123
0.084	0.066	0.777	0.073
0.838	0.032	0.050	0.080
0.078	0.094	0.743	0.085
0.092	0.001	0.069	0.838
0.051	0.045	0.877	0.027
0.071	0.066	0.007	0.856
0.816	0.048	0.087	0.049
0.063	0.097	0.732	0.108
0.053	0.101	0.088	0.758
>ACTGACTCCA	7-ACTGACTCCA	8.621415	-24.386668	0	T:22.0(12.57%),B:840.1(2.07%),P:1e-10	Tpos:394.6,Tstd:335.0,Bpos:493.1,Bstd:318.7,StrandBias:-1.3,Multiplicity:1.00
0.890	0.001	0.108	0.001
0.032	0.921	0.001	0.046
0.076	0.001	0.092	0.831
0.001	0.042	0.904	0.053
0.924	0.074	0.001	0.001
0.001	0.869	0.097	0.033
0.001	0.001	0.072	0.926
0.046	0.952	0.001	0.001
0.110	0.822	0.067	0.001
0.997	0.001	0.001	0.001
>GATCACAAAA	8-GATCACAAAA	8.397891	-24.174944	0	T:45.0(25.71%),B:3535.6(8.70%),P:1e-10	Tpos:620.1,Tstd:252.4,Bpos:509.1,Bstd:326.1,StrandBias:-0.8,Multiplicity:1.26
0.177	0.299	0.523	0.001
0.652	0.195	0.087	0.066
0.171	0.161	0.162	0.506
0.055	0.571	0.373	0.001
0.832	0.059	0.088	0.021
0.001	0.884	0.114	0.001
0.733	0.117	0.149	0.001
0.542	0.124	0.040	0.294
0.569	0.001	0.129	0.301
0.812	0.152	0.001	0.035
>GGTATAAAGG	9-GGTATAAAGG	10.070188	-23.561106	0	T:16.0(9.14%),B:409.9(1.01%),P:1e-10	Tpos:611.8,Tstd:317.3,Bpos:610.0,Bstd:316.9,StrandBias:0.0,Multiplicity:1.00
0.001	0.090	0.829	0.080
0.001	0.001	0.940	0.058
0.067	0.001	0.001	0.931
0.744	0.121	0.001	0.134
0.001	0.086	0.001	0.912
0.997	0.001	0.001	0.001
0.997	0.001	0.001	0.001
0.997	0.001	0.001	0.001
0.169	0.001	0.829	0.001
0.001	0.095	0.903	0.001
>GACTGATAAC	10-GACTGATAAC	8.880960	-22.133441	0	T:25.0(14.29%),B:1244.7(3.06%),P:1e-9	Tpos:614.0,Tstd:292.4,Bpos:515.8,Bstd:334.0,StrandBias:-0.5,Multiplicity:1.00
0.038	0.001	0.960	0.001
0.914	0.001	0.084	0.001
0.056	0.841	0.102	0.001
0.093	0.122	0.001	0.784
0.001	0.001	0.875	0.123
0.871	0.127	0.001	0.001
0.001	0.001	0.001	0.997
0.997	0.001	0.001	0.001
0.997	0.001	0.001	0.001
0.109	0.766	0.071	0.054
>AGACGTTCAG	11-AGACGTTCAG	10.133781	-20.521586	0	T:15.0(8.57%),B:434.6(1.07%),P:1e-8	Tpos:557.4,Tstd:259.7,Bpos:524.3,Bstd:310.5,StrandBias:-0.6,Multiplicity:1.00
0.871	0.001	0.001	0.127
0.113	0.001	0.808	0.078
0.920	0.001	0.001	0.078
0.042	0.856	0.101	0.001
0.056	0.001	0.897	0.046
0.099	0.001	0.101	0.799
0.001	0.001	0.001	0.997
0.001	0.937	0.061	0.001
0.997	0.001	0.001	0.001
0.001	0.001	0.997	0.001
>CAGAGACCAC	12-CAGAGACCAC	11.054984	-19.848758	0	T:10.0(5.71%),B:152.2(0.37%),P:1e-8	Tpos:702.3,Tstd:278.3,Bpos:536.2,Bstd:291.6,StrandBias:3.0,Multiplicity:1.00
0.001	0.859	0.001	0.139
0.997	0.001	0.001	0.001
0.001	0.001	0.997	0.001
0.997	0.001	0.001	0.001
0.001	0.106	0.892	0.001
0.997	0.001	0.001	0.001
0.001	0.905	0.001	0.093
0.001	0.997	0.001	0.001
0.862	0.001	0.136	0.001
0.001	0.997	0.001	0.001
>AAGTGTAGCC	13-AAGTGTAGCC	11.218916	-19.747626	0	T:8.0(4.57%),B:74.7(0.18%),P:1e-8	Tpos:708.6,Tstd:228.3,Bpos:443.3,Bstd:328.0,StrandBias:2.6,Multiplicity:1.00
0.884	0.001	0.114	0.001
0.906	0.001	0.001	0.092
0.001	0.001	0.997	0.001
0.001	0.098	0.001	0.900
0.001	0.359	0.639	0.001
0.001	0.001	0.001	0.997
0.958	0.001	0.001	0.040
0.001	0.090	0.908	0.001
0.001	0.819	0.001	0.179
0.001	0.997	0.001	0.001
>TAAMCTCCAT	14-TAAMCTCCAT	9.499401	-19.554041	0	T:22.0(12.57%),B:1095.2(2.70%),P:1e-8	Tpos:425.5,Tstd:289.9,Bpos:467.7,Bstd:313.4,StrandBias:-0.6,Multiplicity:1.40
0.001	0.007	0.325	0.667
0.886	0.001	0.112	0.001
0.733	0.102	0.090	0.075
0.475	0.523	0.001	0.001
0.001	0.758	0.201	0.040
0.001	0.118	0.001	0.880
0.207	0.791	0.001	0.001
0.001	0.961	0.001	0.037
0.997	0.001	0.001	0.001
0.001	0.001	0.001	0.997
>ATCATTTGGT	15-ATCATTTGGT	9.759649	-17.823832	0	T:27.0(15.43%),B:1788.2(4.40%),P:1e-7	Tpos:532.5,Tstd:359.4,Bpos:508.2,Bstd:331.0,StrandBias:0.5,Multiplicity:1.15
0.957	0.041	0.001	0.001
0.050	0.040	0.047	0.863
0.001	0.970	0.028	0.001
0.922	0.001	0.001	0.076
0.001	0.001	0.031	0.967
0.048	0.001	0.001	0.950
0.069	0.064	0.001	0.866
0.028	0.071	0.900	0.001
0.148	0.027	0.765	0.060
0.001	0.001	0.045	0.953
>CGGTCACATT	16-CGGTCACATT	8.880175	-17.498850	0	T:18.0(10.29%),B:818.2(2.01%),P:1e-7	Tpos:482.5,Tstd:323.6,Bpos:493.2,Bstd:326.8,StrandBias:-0.5,Multiplicity:1.06
0.074	0.847	0.018	0.061
0.001	0.001	0.997	0.001
0.001	0.001	0.929	0.069
0.106	0.001	0.001	0.892
0.103	0.775	0.094	0.028
0.997	0.001	0.001	0.001
0.001	0.917	0.001	0.081
0.917	0.001	0.001	0.081
0.123	0.001	0.001	0.875
0.001	0.001	0.145	0.853
>TCGCTATGAT	17-TCGCTATGAT	10.037331	-16.955725	0	T:15.0(8.57%),B:572.6(1.41%),P:1e-7	Tpos:483.7,Tstd:326.4,Bpos:479.9,Bstd:312.9,StrandBias:-0.2,Multiplicity:1.00
0.001	0.001	0.001	0.997
0.068	0.777	0.090	0.065
0.058	0.106	0.789	0.047
0.049	0.869	0.081	0.001
0.001	0.001	0.087	0.911
0.997	0.001	0.001	0.001
0.001	0.001	0.001	0.997
0.001	0.079	0.837	0.083
0.912	0.001	0.001	0.086
0.001	0.001	0.001	0.997
>GTCTAGTTTT	18-GTCTAGTTTT	8.803526	-16.885918	0	T:31.0(17.71%),B:2396.1(5.90%),P:1e-7	Tpos:538.9,Tstd:282.8,Bpos:510.5,Bstd:324.3,StrandBias:-0.8,Multiplicity:1.03
0.001	0.001	0.997	0.001
0.116	0.001	0.001	0.882
0.001	0.952	0.046	0.001
0.001	0.064	0.075	0.860
0.942	0.056	0.001	0.001
0.001	0.049	0.844	0.106
0.084	0.001	0.001	0.914
0.001	0.001	0.001	0.997
0.001	0.001	0.133	0.865
0.107	0.107	0.001	0.785
>AGAGCTACAA	19-AGAGCTACAA	9.631000	-15.024260	0	T:18.0(10.29%),B:970.8(2.39%),P:1e-6	Tpos:504.3,Tstd:315.3,Bpos:496.5,Bstd:307.2,StrandBias:-1.5,Multiplicity:1.12
0.771	0.088	0.078	0.063
0.024	0.057	0.864	0.055
0.997	0.001	0.001	0.001
0.032	0.001	0.921	0.046
0.033	0.928	0.001	0.038
0.115	0.059	0.064	0.762
0.951	0.001	0.047	0.001
0.033	0.925	0.041	0.001
0.935	0.001	0.001	0.063
0.997	0.001	0.001	0.001
>ADCGGACGAT	20-ADCGGACGAT	6.872053	-13.647625	0	T:15.0(8.57%),B:747.2(1.84%),P:1e-5	Tpos:530.0,Tstd:227.5,Bpos:496.5,Bstd:319.0,StrandBias:1.0,Multiplicity:1.20
0.997	0.001	0.001	0.001
0.413	0.003	0.295	0.289
0.417	0.581	0.001	0.001
0.001	0.001	0.997	0.001
0.001	0.286	0.712	0.001
0.997	0.001	0.001	0.001
0.001	0.997	0.001	0.001
0.001	0.001	0.997	0.001
0.755	0.001	0.001	0.243
0.001	0.001	0.001	0.997
>TTAAACTGAG	21-TTAAACTGAG	10.735233	-8.320759	0	T:6.0(3.43%),B:195.8(0.48%),P:1e-3	Tpos:401.2,Tstd:232.8,Bpos:492.6,Bstd:317.8,StrandBias:2.6,Multiplicity:2.33
0.001	0.001	0.001	0.997
0.001	0.001	0.001	0.997
0.997	0.001	0.001	0.001
0.997	0.001	0.001	0.001
0.997	0.001	0.001	0.001
0.001	0.997	0.001	0.001
0.001	0.001	0.001	0.997
0.001	0.049	0.949	0.001
0.916	0.082	0.001	0.001
0.001	0.001	0.997	0.001
>ACCCCCCCCC	22-ACCCCCCCCC	7.598379	-8.086967	0	T:19.0(10.86%),B:1792.2(4.41%),P:1e-3	Tpos:581.5,Tstd:176.1,Bpos:515.2,Bstd:284.4,StrandBias:-0.3,Multiplicity:1.16
0.778	0.129	0.027	0.066
0.139	0.713	0.064	0.084
0.129	0.869	0.001	0.001
0.062	0.660	0.150	0.128
0.032	0.806	0.042	0.120
0.031	0.831	0.058	0.080
0.096	0.756	0.019	0.129
0.029	0.772	0.126	0.073
0.099	0.879	0.001	0.021
0.025	0.949	0.001	0.025
>CTTGCGACGC	23-CTTGCGACGC	10.296193	-7.593776	0	T:2.0(1.14%),B:6.5(0.02%),P:1e-3	Tpos:481.5,Tstd:430.0,Bpos:568.7,Bstd:305.8,StrandBias:0.0,Multiplicity:2.00
0.100	0.700	0.100	0.100
0.100	0.100	0.100	0.700
0.100	0.100	0.100	0.700
0.100	0.100	0.700	0.100
0.100	0.700	0.100	0.100
0.100	0.100	0.700	0.100
0.700	0.100	0.100	0.100
0.100	0.700	0.100	0.100
0.100	0.100	0.700	0.100
0.100	0.700	0.100	0.100
>ACCAGTGCAC	24-ACCAGTGCAC	11.513616	-5.523028	0	T:2.0(1.14%),B:20.8(0.05%),P:1e-2	Tpos:273.7,Tstd:172.1,Bpos:393.5,Bstd:260.6,StrandBias:-10.0,Multiplicity:4.50
0.997	0.001	0.001	0.001
0.001	0.997	0.001	0.001
0.001	0.997	0.001	0.001
0.931	0.001	0.001	0.067
0.001	0.001	0.997	0.001
0.001	0.105	0.001	0.893
0.001	0.001	0.997	0.001
0.001	0.997	0.001	0.001
0.997	0.001	0.001	0.001
0.001	0.997	0.001	0.001
