>TGTRGTTTSTGT	1-TGTRGTTTSTGT	10.397910	-64.545853	0	T:40.0(22.86%),B:866.5(2.13%),P:1e-28	Tpos:662.9,Tstd:281.8,Bpos:526.5,Bstd:325.3,StrandBias:-0.8,Multiplicity:1.10
0.025	0.025	0.023	0.927
0.228	0.034	0.715	0.023
0.052	0.017	0.064	0.867
0.498	0.046	0.391	0.065
0.164	0.094	0.628	0.114
0.019	0.043	0.025	0.913
0.001	0.235	0.001	0.763
0.024	0.001	0.001	0.974
0.048	0.483	0.414	0.056
0.048	0.104	0.023	0.825
0.102	0.001	0.845	0.052
0.044	0.284	0.192	0.479
>CTACAAAGTACG	2-CTACAAAGTACG	9.516702	-45.876687	0	T:38.0(21.71%),B:1295.9(3.19%),P:1e-19	Tpos:653.1,Tstd:277.8,Bpos:531.8,Bstd:313.2,StrandBias:-0.6,Multiplicity:1.11
0.001	0.884	0.075	0.040
0.157	0.066	0.001	0.776
0.939	0.001	0.059	0.001
0.034	0.865	0.060	0.041
0.772	0.076	0.076	0.076
0.997	0.001	0.001	0.001
0.997	0.001	0.001	0.001
0.191	0.145	0.663	0.001
0.001	0.089	0.075	0.835
0.705	0.151	0.043	0.101
0.001	0.883	0.056	0.060
0.226	0.001	0.691	0.082
>AGTGTAGCCAAC	3-AGTGTAGCCAAC	9.433597	-33.978881	0	T:9.0(5.14%),B:18.7(0.05%),P:1e-14	Tpos:831.9,Tstd:100.0,Bpos:518.2,Bstd:263.2,StrandBias:0.3,Multiplicity:1.00
0.997	0.001	0.001	0.001
0.001	0.001	0.877	0.121
0.001	0.001	0.001	0.997
0.001	0.001	0.997	0.001
0.001	0.001	0.001	0.997
0.997	0.001	0.001	0.001
0.001	0.001	0.997	0.001
0.001	0.827	0.001	0.171
0.001	0.997	0.001	0.001
0.997	0.001	0.001	0.001
0.871	0.037	0.001	0.091
0.001	0.997	0.001	0.001
>GTATAAAAAGGA	4-GTATAAAAAGGA	11.280645	-28.344740	0	T:18.0(10.29%),B:407.8(1.00%),P:1e-12	Tpos:850.8,Tstd:164.4,Bpos:625.0,Bstd:345.8,StrandBias:1.9,Multiplicity:1.06
0.001	0.101	0.897	0.001
0.001	0.001	0.001	0.997
0.997	0.001	0.001	0.001
0.001	0.001	0.001	0.997
0.997	0.001	0.001	0.001
0.935	0.001	0.001	0.063
0.997	0.001	0.001	0.001
0.801	0.001	0.120	0.078
0.912	0.001	0.086	0.001
0.001	0.001	0.947	0.051
0.148	0.093	0.758	0.001
0.829	0.001	0.096	0.074
>CTTTCGTTATAA	5-CTTTCGTTATAA	13.185550	-24.830938	0	T:10.0(5.71%),B:88.2(0.22%),P:1e-10	Tpos:664.9,Tstd:307.6,Bpos:478.4,Bstd:307.4,StrandBias:0.0,Multiplicity:1.00
0.001	0.909	0.001	0.089
0.001	0.001	0.001	0.997
0.136	0.001	0.001	0.862
0.001	0.001	0.001	0.997
0.128	0.800	0.001	0.071
0.001	0.110	0.888	0.001
0.001	0.001	0.001	0.997
0.121	0.001	0.137	0.741
0.883	0.001	0.115	0.001
0.001	0.001	0.001	0.997
0.997	0.001	0.001	0.001
0.997	0.001	0.001	0.001
>CTGTTADGTTRG	6-CTGTTADGTTRG	11.476959	-24.278085	0	T:5.0(2.86%),B:2.3(0.01%),P:1e-10	Tpos:575.4,Tstd:390.8,Bpos:489.9,Bstd:237.9,StrandBias:-0.6,Multiplicity:1.00
0.102	0.706	0.145	0.047
0.033	0.001	0.028	0.938
0.037	0.024	0.919	0.020
0.086	0.037	0.001	0.876
0.097	0.070	0.118	0.715
0.762	0.001	0.053	0.184
0.316	0.006	0.366	0.312
0.132	0.094	0.737	0.037
0.095	0.001	0.065	0.839
0.075	0.033	0.235	0.657
0.493	0.061	0.373	0.074
0.143	0.024	0.755	0.078
>TMCRCCWTTATT	7-TMCRCCWTTATT	11.527532	-24.004494	0	T:11.0(6.29%),B:133.6(0.33%),P:1e-10	Tpos:612.8,Tstd:304.2,Bpos:514.7,Bstd:284.5,StrandBias:-0.3,Multiplicity:1.00
0.001	0.001	0.001	0.997
0.472	0.526	0.001	0.001
0.134	0.864	0.001	0.001
0.443	0.001	0.555	0.001
0.127	0.871	0.001	0.001
0.116	0.882	0.001	0.001
0.340	0.001	0.195	0.464
0.001	0.001	0.195	0.803
0.001	0.001	0.001	0.997
0.892	0.001	0.106	0.001
0.001	0.001	0.195	0.803
0.001	0.001	0.001	0.997
>AAAAGAAACGAA	8-AAAAGAAACGAA	11.006326	-23.080534	0	T:18.0(10.29%),B:567.0(1.40%),P:1e-10	Tpos:657.2,Tstd:321.9,Bpos:572.4,Bstd:329.8,StrandBias:-0.5,Multiplicity:1.06
0.915	0.001	0.083	0.001
0.922	0.001	0.076	0.001
0.914	0.084	0.001	0.001
0.864	0.077	0.001	0.058
0.001	0.001	0.962	0.036
0.918	0.001	0.001	0.080
0.997	0.001	0.001	0.001
0.850	0.067	0.082	0.001
0.001	0.997	0.001	0.001
0.001	0.051	0.947	0.001
0.909	0.001	0.001	0.089
0.836	0.087	0.001	0.076
>TCTTATCAGTAG	9-TCTTATCAGTAG	8.127180	-22.428715	0	T:64.0(36.57%),B:6742.7(16.60%),P:1e-9	Tpos:689.0,Tstd:274.2,Bpos:533.1,Bstd:326.8,StrandBias:-0.3,Multiplicity:1.29
0.071	0.073	0.070	0.786
0.101	0.620	0.102	0.177
0.102	0.057	0.043	0.798
0.054	0.043	0.068	0.835
0.791	0.080	0.014	0.115
0.029	0.039	0.021	0.911
0.063	0.804	0.076	0.057
0.790	0.042	0.109	0.059
0.105	0.104	0.664	0.127
0.114	0.079	0.071	0.736
0.608	0.089	0.075	0.228
0.138	0.088	0.658	0.116
>GTTTTGTGACTT	10-GTTTTGTGACTT	12.226477	-22.244681	0	T:16.0(9.14%),B:449.8(1.11%),P:1e-9	Tpos:733.7,Tstd:182.3,Bpos:516.0,Bstd:332.4,StrandBias:-1.5,Multiplicity:1.19
0.286	0.001	0.612	0.101
0.097	0.001	0.001	0.901
0.001	0.001	0.124	0.874
0.001	0.001	0.001	0.997
0.001	0.001	0.001	0.997
0.094	0.001	0.843	0.062
0.001	0.001	0.001	0.997
0.001	0.001	0.997	0.001
0.924	0.074	0.001	0.001
0.042	0.924	0.001	0.033
0.001	0.001	0.001	0.997
0.001	0.001	0.001	0.997
>ATCGGTTGTATT	11-ATCGGTTGTATT	13.655145	-20.789076	0	T:7.0(4.00%),B:38.7(0.10%),P:1e-9	Tpos:378.3,Tstd:263.5,Bpos:558.9,Bstd:221.8,StrandBias:2.6,Multiplicity:1.00
0.997	0.001	0.001	0.001
0.001	0.001	0.001	0.997
0.001	0.997	0.001	0.001
0.001	0.162	0.738	0.099
0.130	0.001	0.868	0.001
0.001	0.001	0.001	0.997
0.001	0.001	0.001	0.997
0.162	0.001	0.740	0.097
0.001	0.001	0.001	0.997
0.837	0.161	0.001	0.001
0.001	0.001	0.001	0.997
0.001	0.001	0.001	0.997
>TTTTGACTTTTC	12-TTTTGACTTTTC	10.891371	-20.713283	0	T:41.0(23.43%),B:3357.0(8.26%),P:1e-8	Tpos:499.1,Tstd:277.1,Bpos:521.4,Bstd:314.5,StrandBias:0.1,Multiplicity:1.21
0.126	0.294	0.001	0.579
0.001	0.001	0.183	0.815
0.001	0.001	0.001	0.997
0.001	0.101	0.001	0.897
0.001	0.286	0.691	0.022
0.873	0.001	0.001	0.125
0.001	0.700	0.001	0.298
0.001	0.001	0.001	0.997
0.040	0.001	0.339	0.620
0.040	0.001	0.001	0.958
0.074	0.001	0.001	0.924
0.001	0.963	0.035	0.001
>CAAGCGKCGCAA	13-CAAGCGKCGCAA	12.974487	-20.520442	0	T:6.0(3.43%),B:20.0(0.05%),P:1e-8	Tpos:655.1,Tstd:361.7,Bpos:430.5,Bstd:221.6,StrandBias:0.7,Multiplicity:1.33
0.001	0.997	0.001	0.001
0.997	0.001	0.001	0.001
0.997	0.001	0.001	0.001
0.001	0.001	0.600	0.398
0.001	0.997	0.001	0.001
0.001	0.198	0.800	0.001
0.001	0.001	0.426	0.572
0.360	0.638	0.001	0.001
0.331	0.001	0.667	0.001
0.001	0.800	0.001	0.198
0.997	0.001	0.001	0.001
0.997	0.001	0.001	0.001
>TTTGTGACTGTT	14-TTTGTGACTGTT	10.368431	-19.816000	0	T:22.0(12.57%),B:1079.0(2.66%),P:1e-8	Tpos:626.1,Tstd:302.9,Bpos:522.4,Bstd:336.2,StrandBias:0.0,Multiplicity:1.00
0.051	0.001	0.040	0.908
0.165	0.001	0.001	0.833
0.103	0.001	0.001	0.895
0.001	0.047	0.951	0.001
0.021	0.001	0.001	0.977
0.033	0.049	0.794	0.124
0.766	0.001	0.100	0.133
0.029	0.789	0.142	0.040
0.071	0.102	0.131	0.696
0.063	0.088	0.812	0.037
0.001	0.097	0.088	0.814
0.150	0.069	0.001	0.780
>TTCAGTGTTCAT	15-TTCAGTGTTCAT	13.191622	-18.754719	0	T:11.0(6.29%),B:225.4(0.55%),P:1e-8	Tpos:517.8,Tstd:264.6,Bpos:525.7,Bstd:318.6,StrandBias:-0.5,Multiplicity:1.09
0.001	0.001	0.001	0.997
0.001	0.001	0.168	0.830
0.001	0.878	0.001	0.120
0.844	0.154	0.001	0.001
0.001	0.001	0.915	0.083
0.001	0.001	0.001	0.997
0.001	0.001	0.910	0.088
0.001	0.106	0.001	0.892
0.001	0.001	0.001	0.997
0.001	0.919	0.001	0.079
0.997	0.001	0.001	0.001
0.077	0.001	0.001	0.921
>GTGATCACAAAA	16-GTGATCACAAAA	13.193105	-18.158993	0	T:11.0(6.29%),B:239.1(0.59%),P:1e-7	Tpos:686.6,Tstd:248.0,Bpos:519.8,Bstd:372.2,StrandBias:0.5,Multiplicity:1.00
0.094	0.001	0.837	0.068
0.001	0.001	0.001	0.997
0.076	0.104	0.819	0.001
0.802	0.001	0.127	0.070
0.090	0.001	0.001	0.908
0.078	0.838	0.083	0.001
0.997	0.001	0.001	0.001
0.106	0.892	0.001	0.001
0.997	0.001	0.001	0.001
0.997	0.001	0.001	0.001
0.997	0.001	0.001	0.001
0.997	0.001	0.001	0.001
>GAATATGCCCAT	17-GAATATGCCCAT	10.514542	-17.214951	0	T:13.0(7.43%),B:401.2(0.99%),P:1e-7	Tpos:432.2,Tstd:240.8,Bpos:490.0,Bstd:311.3,StrandBias:-1.2,Multiplicity:1.00
0.001	0.001	0.997	0.001
0.842	0.001	0.001	0.156
0.997	0.001	0.001	0.001
0.156	0.001	0.001	0.842
0.842	0.156	0.001	0.001
0.001	0.001	0.001	0.997
0.001	0.179	0.819	0.001
0.001	0.842	0.001	0.156
0.001	0.661	0.001	0.337
0.001	0.842	0.156	0.001
0.684	0.001	0.001	0.314
0.001	0.157	0.157	0.685
>TGATTTTAGGAA	18-TGATTTTAGGAA	11.370333	-16.326579	0	T:17.0(9.71%),B:787.5(1.94%),P:1e-7	Tpos:531.0,Tstd:294.6,Bpos:489.2,Bstd:305.1,StrandBias:-0.3,Multiplicity:1.06
0.001	0.133	0.001	0.865
0.001	0.001	0.997	0.001
0.475	0.290	0.235	0.001
0.001	0.001	0.001	0.997
0.001	0.001	0.001	0.997
0.001	0.001	0.001	0.997
0.001	0.094	0.001	0.904
0.417	0.225	0.171	0.187
0.001	0.411	0.587	0.001
0.001	0.001	0.997	0.001
0.877	0.001	0.001	0.121
0.865	0.133	0.001	0.001
>GGACGATNATCG	19-GGACGATNATCG	15.179523	-14.988978	0	T:3.0(1.71%),B:1.9(0.00%),P:1e-6	Tpos:576.8,Tstd:298.5,Bpos:90.2,Bstd:61.0,StrandBias:0.0,Multiplicity:1.33
0.001	0.001	0.997	0.001
0.001	0.001	0.997	0.001
0.997	0.001	0.001	0.001
0.001	0.997	0.001	0.001
0.001	0.001	0.997	0.001
0.997	0.001	0.001	0.001
0.001	0.001	0.001	0.997
0.276	0.207	0.241	0.276
0.997	0.001	0.001	0.001
0.001	0.001	0.001	0.997
0.001	0.997	0.001	0.001
0.001	0.001	0.997	0.001
>GTTATCGGGAAA	20-GTTATCGGGAAA	12.355432	-14.075854	0	T:3.0(1.71%),B:2.8(0.01%),P:1e-6	Tpos:503.3,Tstd:202.8,Bpos:515.4,Bstd:188.0,StrandBias:1.0,Multiplicity:1.00
0.100	0.100	0.700	0.100
0.100	0.100	0.100	0.700
0.100	0.100	0.100	0.700
0.700	0.100	0.100	0.100
0.100	0.100	0.100	0.700
0.100	0.700	0.100	0.100
0.100	0.100	0.700	0.100
0.100	0.100	0.700	0.100
0.100	0.100	0.700	0.100
0.700	0.100	0.100	0.100
0.700	0.100	0.100	0.100
0.700	0.100	0.100	0.100
>GATTTCAAATTT	21-GATTTCAAATTT	10.662722	-12.322819	0	T:30.0(17.14%),B:2821.9(6.95%),P:1e-5	Tpos:437.2,Tstd:276.0,Bpos:517.8,Bstd:319.5,StrandBias:0.6,Multiplicity:1.23
0.001	0.001	0.997	0.001
0.865	0.003	0.001	0.131
0.001	0.065	0.001	0.933
0.002	0.002	0.089	0.907
0.383	0.001	0.006	0.610
0.092	0.840	0.002	0.066
0.647	0.001	0.001	0.351
0.870	0.005	0.003	0.122
0.890	0.001	0.001	0.108
0.001	0.233	0.067	0.699
0.001	0.367	0.001	0.631
0.053	0.002	0.074	0.871
>ATWATGGAGTTT	22-ATWATGGAGTTT	12.847901	-11.229447	0	T:6.0(3.43%),B:113.3(0.28%),P:1e-4	Tpos:325.1,Tstd:179.9,Bpos:561.5,Bstd:285.5,StrandBias:2.7,Multiplicity:2.50
0.997	0.001	0.001	0.001
0.234	0.001	0.125	0.640
0.476	0.001	0.001	0.522
0.892	0.001	0.060	0.047
0.001	0.001	0.001	0.997
0.001	0.001	0.997	0.001
0.001	0.001	0.939	0.059
0.997	0.001	0.001	0.001
0.001	0.001	0.997	0.001
0.072	0.001	0.001	0.926
0.089	0.001	0.001	0.909
0.001	0.001	0.001	0.997
>TCTCAGTTTAAA	23-TCTCAGTTTAAA	12.355432	-5.615526	0	T:2.0(1.14%),B:19.7(0.05%),P:1e-2	Tpos:333.6,Tstd:179.7,Bpos:445.4,Bstd:355.2,StrandBias:-10.0,Multiplicity:5.00
0.100	0.100	0.100	0.700
0.100	0.700	0.100	0.100
0.100	0.100	0.100	0.700
0.100	0.700	0.100	0.100
0.700	0.100	0.100	0.100
0.100	0.100	0.700	0.100
0.100	0.100	0.100	0.700
0.100	0.100	0.100	0.700
0.100	0.100	0.100	0.700
0.700	0.100	0.100	0.100
0.700	0.100	0.100	0.100
0.700	0.100	0.100	0.100
>AATTGTGCACTG	24-AATTGTGCACTG	16.504869	-4.357307	0	T:1.0(0.57%),B:2.2(0.01%),P:1e-1	Tpos:272.0,Tstd:182.6,Bpos:441.9,Bstd:215.9,StrandBias:10.0,Multiplicity:8.00
0.997	0.001	0.001	0.001
0.997	0.001	0.001	0.001
0.001	0.001	0.001	0.997
0.001	0.001	0.001	0.997
0.001	0.001	0.997	0.001
0.001	0.001	0.001	0.997
0.001	0.001	0.997	0.001
0.001	0.997	0.001	0.001
0.997	0.001	0.001	0.001
0.001	0.997	0.001	0.001
0.091	0.001	0.001	0.907
0.001	0.001	0.997	0.001
>CCCCCCCCCCCC	25-CCCCCCCCCCCC	14.409671	-3.377115	0	T:5.0(2.86%),B:411.6(1.01%),P:1e-1	Tpos:561.7,Tstd:130.2,Bpos:484.5,Bstd:275.4,StrandBias:-1.5,Multiplicity:1.20
0.182	0.731	0.052	0.035
0.190	0.674	0.085	0.051
0.001	0.846	0.072	0.081
0.001	0.846	0.085	0.068
0.001	0.997	0.001	0.001
0.001	0.903	0.001	0.095
0.068	0.788	0.001	0.143
0.001	0.913	0.085	0.001
0.001	0.930	0.001	0.068
0.066	0.784	0.001	0.149
0.031	0.852	0.001	0.116
0.118	0.761	0.001	0.120
