>AGGACCTCAACA	1-AGGACCTCAACA	14.533269	-22.917267	0	T:4.0(5.88%),B:2.8(0.01%),P:1e-9	Tpos:390.2,Tstd:345.2,Bpos:547.8,Bstd:258.5,StrandBias:1.6,Multiplicity:1.00
0.997	0.001	0.001	0.001
0.001	0.001	0.997	0.001
0.001	0.001	0.997	0.001
0.997	0.001	0.001	0.001
0.001	0.997	0.001	0.001
0.001	0.997	0.001	0.001
0.001	0.001	0.001	0.997
0.001	0.742	0.256	0.001
0.997	0.001	0.001	0.001
0.770	0.001	0.001	0.228
0.001	0.742	0.256	0.001
0.997	0.001	0.001	0.001
>GACCAMCCAGGG	2-GACCAMCCAGGG	8.084826	-17.633469	0	T:15.0(22.06%),B:1476.0(3.67%),P:1e-7	Tpos:528.6,Tstd:349.7,Bpos:509.3,Bstd:300.7,StrandBias:-0.5,Multiplicity:1.27
0.325	0.001	0.673	0.001
0.920	0.001	0.078	0.001
0.136	0.731	0.132	0.001
0.191	0.749	0.059	0.001
0.874	0.001	0.001	0.124
0.415	0.387	0.197	0.001
0.059	0.939	0.001	0.001
0.125	0.524	0.154	0.197
0.891	0.043	0.062	0.004
0.001	0.254	0.519	0.226
0.071	0.130	0.601	0.198
0.214	0.001	0.706	0.079
>CTTYAGGTCGCA	3-CTTYAGGTCGCA	9.791657	-17.618614	0	T:10.0(14.71%),B:523.2(1.30%),P:1e-7	Tpos:564.7,Tstd:335.3,Bpos:516.2,Bstd:312.5,StrandBias:2.3,Multiplicity:1.20
0.144	0.588	0.022	0.246
0.019	0.001	0.271	0.709
0.001	0.018	0.001	0.980
0.001	0.481	0.001	0.517
0.744	0.254	0.001	0.001
0.127	0.001	0.754	0.118
0.001	0.255	0.658	0.086
0.001	0.001	0.142	0.856
0.002	0.870	0.001	0.127
0.143	0.001	0.524	0.332
0.018	0.980	0.001	0.001
0.880	0.001	0.118	0.001
>TCTCAATTCAGC	4-TCTCAATTCAGC	14.072366	-17.259505	0	T:5.0(7.35%),B:48.3(0.12%),P:1e-7	Tpos:531.5,Tstd:255.0,Bpos:439.4,Bstd:266.3,StrandBias:-2.3,Multiplicity:1.20
0.001	0.001	0.001	0.997
0.001	0.997	0.001	0.001
0.001	0.001	0.001	0.997
0.220	0.778	0.001	0.001
0.997	0.001	0.001	0.001
0.997	0.001	0.001	0.001
0.001	0.001	0.001	0.997
0.001	0.001	0.001	0.997
0.001	0.778	0.220	0.001
0.997	0.001	0.001	0.001
0.001	0.193	0.805	0.001
0.162	0.836	0.001	0.001
>GGTTTTTGTTGC	5-GGTTTTTGTTGC	13.782956	-17.080507	0	T:7.0(10.29%),B:185.9(0.46%),P:1e-7	Tpos:472.5,Tstd:314.5,Bpos:534.0,Bstd:298.9,StrandBias:0.7,Multiplicity:1.14
0.001	0.001	0.942	0.056
0.134	0.001	0.864	0.001
0.001	0.001	0.001	0.997
0.001	0.001	0.001	0.997
0.001	0.001	0.207	0.791
0.001	0.001	0.001	0.997
0.001	0.001	0.001	0.997
0.001	0.001	0.997	0.001
0.001	0.001	0.001	0.997
0.001	0.001	0.001	0.997
0.001	0.001	0.789	0.209
0.116	0.759	0.001	0.124
>CCGAATTAAAAA	6-CCGAATTAAAAA	13.585497	-16.697307	0	T:8.0(11.76%),B:302.4(0.75%),P:1e-7	Tpos:505.8,Tstd:299.9,Bpos:506.6,Bstd:298.1,StrandBias:-0.3,Multiplicity:1.12
0.139	0.756	0.001	0.104
0.001	0.544	0.192	0.263
0.001	0.001	0.997	0.001
0.997	0.001	0.001	0.001
0.997	0.001	0.001	0.001
0.138	0.001	0.001	0.860
0.001	0.001	0.001	0.997
0.997	0.001	0.001	0.001
0.997	0.001	0.001	0.001
0.997	0.001	0.001	0.001
0.997	0.001	0.001	0.001
0.997	0.001	0.001	0.001
>ATTCRGAGCCAW	7-ATTCRGAGCCAW	8.876445	-16.181005	0	T:6.0(8.82%),B:124.1(0.31%),P:1e-7	Tpos:294.5,Tstd:337.0,Bpos:422.0,Bstd:296.8,StrandBias:1.0,Multiplicity:1.00
0.921	0.077	0.001	0.001
0.001	0.001	0.001	0.997
0.001	0.001	0.001	0.997
0.001	0.997	0.001	0.001
0.464	0.021	0.514	0.001
0.001	0.001	0.997	0.001
0.997	0.001	0.001	0.001
0.001	0.001	0.997	0.001
0.389	0.609	0.001	0.001
0.001	0.997	0.001	0.001
0.997	0.001	0.001	0.001
0.444	0.020	0.001	0.535
>GCCTCGAAATCT	8-GCCTCGAAATCT	9.630106	-15.534742	0	T:11.0(16.18%),B:840.0(2.09%),P:1e-6	Tpos:405.1,Tstd:196.8,Bpos:495.0,Bstd:295.5,StrandBias:0.5,Multiplicity:1.09
0.001	0.001	0.641	0.357
0.011	0.776	0.001	0.212
0.010	0.763	0.015	0.212
0.001	0.001	0.001	0.997
0.006	0.635	0.358	0.001
0.001	0.001	0.997	0.001
0.997	0.001	0.001	0.001
0.641	0.357	0.001	0.001
0.997	0.001	0.001	0.001
0.001	0.001	0.001	0.997
0.014	0.984	0.001	0.001
0.357	0.001	0.001	0.641
>DGTAGCATTTTG	9-DGTAGCATTTTG	12.306529	-14.359955	0	T:6.0(8.82%),B:171.9(0.43%),P:1e-6	Tpos:382.9,Tstd:267.0,Bpos:454.3,Bstd:302.9,StrandBias:0.7,Multiplicity:1.33
0.277	0.140	0.347	0.237
0.001	0.001	0.997	0.001
0.001	0.001	0.001	0.997
0.997	0.001	0.001	0.001
0.001	0.001	0.997	0.001
0.001	0.886	0.001	0.112
0.997	0.001	0.001	0.001
0.123	0.298	0.001	0.578
0.001	0.001	0.001	0.997
0.001	0.001	0.001	0.997
0.001	0.001	0.001	0.997
0.001	0.001	0.880	0.118
>GCGACTCTATTT	10-GCGACTCTATTT	10.564095	-11.905606	0	T:7.0(10.29%),B:409.5(1.02%),P:1e-5	Tpos:453.3,Tstd:246.5,Bpos:519.2,Bstd:304.9,StrandBias:1.2,Multiplicity:1.43
0.011	0.001	0.743	0.245
0.159	0.618	0.219	0.004
0.005	0.001	0.993	0.001
0.990	0.005	0.001	0.004
0.219	0.574	0.009	0.198
0.012	0.001	0.001	0.986
0.001	0.997	0.001	0.001
0.167	0.001	0.001	0.831
0.948	0.001	0.001	0.050
0.001	0.001	0.005	0.993
0.331	0.009	0.006	0.654
0.001	0.005	0.001	0.993
>KCGACCTAGGTC	11-KCGACCTAGGTC	11.818406	-11.022355	0	T:3.0(4.41%),B:26.2(0.07%),P:1e-4	Tpos:556.8,Tstd:256.6,Bpos:494.9,Bstd:352.4,StrandBias:0.0,Multiplicity:2.00
0.001	0.001	0.552	0.446
0.001	0.997	0.001	0.001
0.163	0.001	0.835	0.001
0.997	0.001	0.001	0.001
0.163	0.835	0.001	0.001
0.001	0.997	0.001	0.001
0.163	0.001	0.001	0.835
0.997	0.001	0.001	0.001
0.001	0.001	0.997	0.001
0.001	0.001	0.835	0.163
0.001	0.001	0.001	0.997
0.001	0.997	0.001	0.001
>AAAAAGTACTTT	12-AAAAAGTACTTT	13.864504	-5.654998	0	T:4.0(5.88%),B:363.2(0.90%),P:1e-2	Tpos:574.8,Tstd:117.5,Bpos:535.9,Bstd:292.4,StrandBias:-0.6,Multiplicity:1.75
0.997	0.001	0.001	0.001
0.812	0.001	0.001	0.186
0.997	0.001	0.001	0.001
0.997	0.001	0.001	0.001
0.997	0.001	0.001	0.001
0.059	0.001	0.939	0.001
0.001	0.001	0.001	0.997
0.997	0.001	0.001	0.001
0.001	0.876	0.001	0.122
0.096	0.001	0.001	0.902
0.001	0.001	0.001	0.997
0.001	0.001	0.001	0.997
