>TCTTTTTATC	1-TCTTTTTATC	8.894930	-36.122252	0	T:67.0(41.61%),B:6076.6(14.78%),P:1e-15	Tpos:635.3,Tstd:272.2,Bpos:535.3,Bstd:321.0,StrandBias:0.1,Multiplicity:1.19
0.001	0.001	0.001	0.997
0.001	0.997	0.001	0.001
0.001	0.001	0.166	0.832
0.001	0.001	0.001	0.997
0.190	0.243	0.091	0.476
0.001	0.001	0.001	0.997
0.001	0.001	0.265	0.733
0.821	0.001	0.177	0.001
0.001	0.001	0.001	0.997
0.155	0.738	0.001	0.106
>TGACCTCTAT	2-TGACCTCTAT	8.588852	-27.152733	0	T:24.0(14.91%),B:985.1(2.40%),P:1e-11	Tpos:623.1,Tstd:269.2,Bpos:513.1,Bstd:321.4,StrandBias:0.3,Multiplicity:1.00
0.001	0.123	0.123	0.753
0.056	0.001	0.942	0.001
0.913	0.001	0.001	0.085
0.001	0.997	0.001	0.001
0.001	0.861	0.090	0.048
0.001	0.001	0.001	0.997
0.050	0.872	0.001	0.077
0.051	0.001	0.001	0.947
0.829	0.169	0.001	0.001
0.062	0.001	0.001	0.936
>GGTTGACCTT	3-GGTTGACCTT	7.069860	-25.838212	0	T:55.0(34.16%),B:5348.1(13.01%),P:1e-11	Tpos:610.8,Tstd:252.0,Bpos:501.9,Bstd:317.4,StrandBias:0.0,Multiplicity:1.24
0.107	0.107	0.695	0.091
0.059	0.055	0.798	0.088
0.100	0.122	0.054	0.724
0.030	0.102	0.090	0.778
0.103	0.019	0.837	0.041
0.813	0.037	0.041	0.109
0.030	0.867	0.031	0.072
0.070	0.826	0.035	0.069
0.062	0.044	0.039	0.855
0.070	0.051	0.067	0.812
>TCWMCCAGGA	4-TCWMCCAGGA	9.871737	-24.052906	0	T:16.0(9.94%),B:437.8(1.06%),P:1e-10	Tpos:584.1,Tstd:270.7,Bpos:491.5,Bstd:318.3,StrandBias:0.0,Multiplicity:1.00
0.001	0.001	0.001	0.997
0.001	0.922	0.003	0.074
0.469	0.001	0.001	0.529
0.572	0.426	0.001	0.001
0.001	0.997	0.001	0.001
0.001	0.997	0.001	0.001
0.870	0.001	0.001	0.128
0.179	0.003	0.612	0.206
0.025	0.001	0.973	0.001
0.570	0.300	0.001	0.129
>CAATGATCAN	5-CAATGATCAN	8.843238	-22.878370	0	T:33.0(20.50%),B:2314.9(5.63%),P:1e-9	Tpos:591.5,Tstd:291.7,Bpos:488.6,Bstd:319.0,StrandBias:0.6,Multiplicity:1.09
0.024	0.898	0.077	0.001
0.997	0.001	0.001	0.001
0.524	0.001	0.118	0.357
0.110	0.001	0.001	0.888
0.070	0.064	0.865	0.001
0.707	0.070	0.222	0.001
0.132	0.001	0.001	0.866
0.137	0.861	0.001	0.001
0.793	0.001	0.205	0.001
0.205	0.243	0.326	0.226
>CTTGATGACA	6-CTTGATGACA	9.806552	-22.095360	0	T:24.0(14.91%),B:1267.4(3.08%),P:1e-9	Tpos:495.2,Tstd:283.1,Bpos:494.6,Bstd:324.0,StrandBias:0.0,Multiplicity:1.04
0.033	0.854	0.053	0.060
0.061	0.001	0.001	0.937
0.092	0.001	0.001	0.906
0.001	0.001	0.940	0.058
0.997	0.001	0.001	0.001
0.001	0.001	0.001	0.997
0.109	0.063	0.770	0.058
0.938	0.001	0.001	0.060
0.001	0.910	0.041	0.048
0.863	0.078	0.001	0.058
>TATATAGCCG	7-TATATAGCCG	7.737989	-21.301194	0	T:29.0(18.01%),B:1927.8(4.69%),P:1e-9	Tpos:635.6,Tstd:281.6,Bpos:519.9,Bstd:301.0,StrandBias:-0.3,Multiplicity:1.04
0.073	0.001	0.001	0.925
0.848	0.001	0.126	0.025
0.079	0.001	0.192	0.728
0.705	0.182	0.112	0.001
0.001	0.049	0.001	0.949
0.791	0.052	0.155	0.002
0.043	0.002	0.954	0.001
0.149	0.745	0.105	0.001
0.132	0.736	0.057	0.075
0.090	0.053	0.679	0.178
>CGGGAGACCC	8-CGGGAGACCC	10.558708	-19.964017	0	T:9.0(5.59%),B:119.8(0.29%),P:1e-8	Tpos:593.9,Tstd:319.2,Bpos:485.6,Bstd:292.5,StrandBias:1.0,Multiplicity:1.00
0.001	0.871	0.127	0.001
0.099	0.106	0.794	0.001
0.001	0.001	0.997	0.001
0.001	0.001	0.997	0.001
0.997	0.001	0.001	0.001
0.096	0.001	0.902	0.001
0.866	0.001	0.001	0.132
0.127	0.871	0.001	0.001
0.001	0.997	0.001	0.001
0.106	0.814	0.079	0.001
>GGTCACTTTT	9-GGTCACTTTT	10.597928	-19.675574	0	T:16.0(9.94%),B:597.1(1.45%),P:1e-8	Tpos:583.6,Tstd:327.8,Bpos:521.3,Bstd:322.7,StrandBias:0.7,Multiplicity:1.07
0.001	0.001	0.997	0.001
0.001	0.001	0.997	0.001
0.001	0.001	0.076	0.922
0.001	0.883	0.001	0.115
0.939	0.001	0.001	0.059
0.001	0.997	0.001	0.001
0.001	0.001	0.001	0.997
0.001	0.001	0.001	0.997
0.001	0.130	0.001	0.868
0.001	0.068	0.001	0.930
>GAGAATACCC	10-GAGAATACCC	7.789177	-19.291068	0	T:33.0(20.50%),B:2673.2(6.50%),P:1e-8	Tpos:424.9,Tstd:277.6,Bpos:501.2,Bstd:312.5,StrandBias:-0.6,Multiplicity:1.15
0.122	0.057	0.803	0.018
0.817	0.038	0.031	0.114
0.053	0.022	0.768	0.157
0.966	0.032	0.001	0.001
0.786	0.060	0.116	0.038
0.118	0.034	0.066	0.782
0.853	0.082	0.064	0.001
0.067	0.729	0.099	0.105
0.126	0.700	0.065	0.109
0.076	0.808	0.094	0.022
>CTTATCAATC	11-CTTATCAATC	8.758821	-19.100877	0	T:45.0(27.95%),B:4605.6(11.20%),P:1e-8	Tpos:542.5,Tstd:314.2,Bpos:541.6,Bstd:329.8,StrandBias:1.0,Multiplicity:1.02
0.091	0.787	0.098	0.024
0.080	0.107	0.090	0.723
0.067	0.001	0.064	0.868
0.866	0.051	0.001	0.082
0.054	0.001	0.001	0.944
0.028	0.951	0.020	0.001
0.997	0.001	0.001	0.001
0.693	0.115	0.088	0.104
0.214	0.115	0.001	0.670
0.091	0.525	0.115	0.269
>CGAAATGATC	12-CGAAATGATC	9.911119	-18.805687	0	T:20.0(12.42%),B:1038.2(2.52%),P:1e-8	Tpos:523.2,Tstd:300.7,Bpos:486.1,Bstd:315.4,StrandBias:-1.2,Multiplicity:1.00
0.052	0.856	0.055	0.037
0.001	0.059	0.939	0.001
0.997	0.001	0.001	0.001
0.997	0.001	0.001	0.001
0.833	0.092	0.001	0.074
0.051	0.001	0.001	0.947
0.001	0.057	0.905	0.037
0.847	0.073	0.079	0.001
0.108	0.001	0.001	0.890
0.168	0.830	0.001	0.001
>ATGACCTTGG	13-ATGACCTTGG	9.870328	-18.660183	0	T:14.0(8.70%),B:470.0(1.14%),P:1e-8	Tpos:678.3,Tstd:314.9,Bpos:515.2,Bstd:328.3,StrandBias:-1.0,Multiplicity:1.07
0.762	0.095	0.086	0.057
0.076	0.104	0.001	0.819
0.001	0.001	0.997	0.001
0.997	0.001	0.001	0.001
0.032	0.966	0.001	0.001
0.050	0.902	0.001	0.047
0.001	0.001	0.001	0.997
0.001	0.107	0.001	0.891
0.092	0.001	0.906	0.001
0.050	0.076	0.814	0.060
>ACTTTCCCCG	14-ACTTTCCCCG	7.454479	-17.997132	0	T:40.0(24.84%),B:3927.2(9.55%),P:1e-7	Tpos:537.6,Tstd:325.8,Bpos:510.8,Bstd:309.4,StrandBias:0.8,Multiplicity:1.05
0.925	0.031	0.020	0.024
0.062	0.866	0.028	0.044
0.018	0.081	0.095	0.806
0.098	0.022	0.084	0.796
0.001	0.117	0.025	0.857
0.045	0.815	0.074	0.066
0.083	0.687	0.108	0.122
0.090	0.703	0.112	0.095
0.018	0.778	0.033	0.171
0.062	0.071	0.775	0.092
>AAGGAATCAA	15-AAGGAATCAA	8.790054	-17.620594	0	T:37.0(22.98%),B:3491.9(8.49%),P:1e-7	Tpos:528.4,Tstd:300.0,Bpos:513.2,Bstd:310.2,StrandBias:-1.7,Multiplicity:1.11
0.997	0.001	0.001	0.001
0.905	0.001	0.066	0.028
0.010	0.142	0.837	0.011
0.053	0.001	0.809	0.137
0.763	0.054	0.071	0.112
0.909	0.001	0.058	0.032
0.041	0.001	0.036	0.922
0.014	0.941	0.017	0.028
0.946	0.001	0.001	0.052
0.997	0.001	0.001	0.001
>CATTATACCC	16-CATTATACCC	8.588602	-17.532683	0	T:15.0(9.32%),B:604.6(1.47%),P:1e-7	Tpos:508.8,Tstd:298.1,Bpos:505.1,Bstd:318.4,StrandBias:0.4,Multiplicity:1.07
0.074	0.924	0.001	0.001
0.997	0.001	0.001	0.001
0.001	0.102	0.001	0.896
0.001	0.001	0.001	0.997
0.850	0.001	0.092	0.057
0.001	0.001	0.001	0.997
0.806	0.082	0.111	0.001
0.086	0.857	0.001	0.056
0.001	0.919	0.001	0.079
0.072	0.843	0.001	0.084
>HCAGKTCTGT	17-HCAGKTCTGT	8.414694	-15.510392	0	T:36.0(22.36%),B:3628.4(8.82%),P:1e-6	Tpos:447.1,Tstd:280.8,Bpos:509.4,Bstd:316.1,StrandBias:0.1,Multiplicity:1.11
0.253	0.227	0.168	0.352
0.001	0.576	0.422	0.001
0.598	0.001	0.001	0.400
0.011	0.001	0.712	0.276
0.001	0.001	0.481	0.517
0.285	0.231	0.013	0.471
0.194	0.804	0.001	0.001
0.002	0.001	0.001	0.996
0.002	0.001	0.996	0.001
0.001	0.008	0.001	0.990
>AATGATGATC	18-AATGATGATC	7.852190	-15.102308	0	T:44.0(27.33%),B:5089.7(12.38%),P:1e-6	Tpos:468.6,Tstd:292.9,Bpos:507.7,Bstd:307.4,StrandBias:-0.5,Multiplicity:1.12
0.529	0.093	0.164	0.214
0.997	0.001	0.001	0.001
0.148	0.195	0.003	0.654
0.058	0.031	0.910	0.001
0.821	0.001	0.165	0.013
0.017	0.028	0.001	0.954
0.063	0.243	0.565	0.129
0.863	0.120	0.002	0.015
0.001	0.126	0.044	0.829
0.001	0.894	0.044	0.061
>GAGKAGCTAC	19-GAGKAGCTAC	8.050549	-14.648177	0	T:22.0(13.66%),B:1611.7(3.92%),P:1e-6	Tpos:534.8,Tstd:326.4,Bpos:486.1,Bstd:295.5,StrandBias:0.9,Multiplicity:1.05
0.029	0.122	0.790	0.059
0.962	0.001	0.001	0.036
0.257	0.001	0.741	0.001
0.001	0.001	0.488	0.510
0.634	0.001	0.046	0.319
0.041	0.141	0.698	0.120
0.034	0.912	0.004	0.050
0.001	0.284	0.030	0.685
0.737	0.079	0.090	0.094
0.109	0.857	0.001	0.033
>CAGACAGTTT	20-CAGACAGTTT	7.164551	-14.250427	0	T:61.0(37.89%),B:8594.4(20.90%),P:1e-6	Tpos:542.9,Tstd:301.7,Bpos:510.7,Bstd:317.0,StrandBias:0.3,Multiplicity:1.30
0.081	0.737	0.081	0.101
0.790	0.041	0.062	0.107
0.067	0.037	0.852	0.044
0.763	0.089	0.068	0.080
0.044	0.806	0.097	0.053
0.782	0.070	0.034	0.114
0.039	0.073	0.838	0.050
0.046	0.064	0.060	0.830
0.017	0.040	0.065	0.878
0.100	0.094	0.077	0.729
>TAGTCTGTAG	21-TAGTCTGTAG	10.674257	-11.720305	0	T:14.0(8.70%),B:849.1(2.06%),P:1e-5	Tpos:607.7,Tstd:264.1,Bpos:528.6,Bstd:305.8,StrandBias:0.9,Multiplicity:1.64
0.001	0.001	0.001	0.997
0.997	0.001	0.001	0.001
0.001	0.215	0.676	0.108
0.001	0.001	0.001	0.997
0.001	0.661	0.141	0.197
0.001	0.001	0.001	0.997
0.001	0.001	0.997	0.001
0.171	0.001	0.001	0.827
0.997	0.001	0.001	0.001
0.128	0.160	0.711	0.001
>AGTTAAGAGT	22-AGTTAAGAGT	6.523068	-11.416261	0	T:9.0(5.59%),B:343.7(0.84%),P:1e-4	Tpos:357.9,Tstd:234.2,Bpos:509.3,Bstd:310.0,StrandBias:1.7,Multiplicity:1.44
0.642	0.001	0.001	0.356
0.001	0.001	0.997	0.001
0.001	0.001	0.001	0.997
0.001	0.001	0.001	0.997
0.997	0.001	0.001	0.001
0.997	0.001	0.001	0.001
0.001	0.001	0.997	0.001
0.997	0.001	0.001	0.001
0.001	0.219	0.779	0.001
0.001	0.001	0.147	0.851
>AAACCGGTCA	23-AAACCGGTCA	8.350283	-8.266752	0	T:18.0(11.18%),B:1788.5(4.35%),P:1e-3	Tpos:594.9,Tstd:278.8,Bpos:501.2,Bstd:313.4,StrandBias:0.7,Multiplicity:1.06
0.700	0.100	0.100	0.100
0.700	0.100	0.100	0.100
0.700	0.100	0.100	0.100
0.100	0.700	0.100	0.100
0.100	0.700	0.100	0.100
0.100	0.100	0.700	0.100
0.100	0.100	0.700	0.100
0.100	0.100	0.100	0.700
0.100	0.700	0.100	0.100
0.700	0.100	0.100	0.100
>CMGGTTATAT	24-CMGGTTATAT	11.046899	-6.553034	0	T:7.0(4.35%),B:416.3(1.01%),P:1e-2	Tpos:399.2,Tstd:238.9,Bpos:487.6,Bstd:314.6,StrandBias:-0.3,Multiplicity:1.57
0.165	0.833	0.001	0.001
0.478	0.520	0.001	0.001
0.364	0.001	0.561	0.074
0.001	0.392	0.606	0.001
0.212	0.001	0.001	0.786
0.118	0.001	0.001	0.880
0.997	0.001	0.001	0.001
0.001	0.001	0.001	0.997
0.997	0.001	0.001	0.001
0.001	0.001	0.001	0.997
>GACCACCAGG	25-GACCACCAGG	10.455482	-5.319274	0	T:5.0(3.11%),B:274.1(0.67%),P:1e-2	Tpos:325.6,Tstd:134.2,Bpos:441.0,Bstd:286.0,StrandBias:3.5,Multiplicity:2.40
0.001	0.001	0.997	0.001
0.893	0.001	0.001	0.105
0.233	0.679	0.087	0.001
0.145	0.853	0.001	0.001
0.997	0.001	0.001	0.001
0.001	0.997	0.001	0.001
0.085	0.913	0.001	0.001
0.911	0.001	0.001	0.087
0.096	0.001	0.902	0.001
0.001	0.096	0.902	0.001
>AAAATTGACCTT	1-AAAATTGACCTT	10.671022	-32.355951	0	T:26.0(16.15%),B:935.5(2.27%),P:1e-14	Tpos:604.5,Tstd:270.2,Bpos:504.2,Bstd:308.4,StrandBias:-0.4,Multiplicity:1.08
0.910	0.088	0.001	0.001
0.997	0.001	0.001	0.001
0.997	0.001	0.001	0.001
0.779	0.071	0.093	0.057
0.001	0.001	0.419	0.579
0.096	0.001	0.001	0.902
0.001	0.001	0.997	0.001
0.718	0.280	0.001	0.001
0.001	0.997	0.001	0.001
0.045	0.848	0.001	0.106
0.232	0.160	0.001	0.607
0.001	0.001	0.080	0.918
>TATATATATTGG	2-TATATATATTGG	13.151119	-25.498131	0	T:11.0(6.83%),B:127.8(0.31%),P:1e-11	Tpos:464.2,Tstd:302.5,Bpos:523.8,Bstd:316.3,StrandBias:0.8,Multiplicity:1.00
0.080	0.001	0.001	0.918
0.997	0.001	0.001	0.001
0.001	0.001	0.001	0.997
0.997	0.001	0.001	0.001
0.164	0.001	0.001	0.834
0.740	0.169	0.090	0.001
0.081	0.001	0.136	0.782
0.997	0.001	0.001	0.001
0.001	0.001	0.114	0.884
0.001	0.001	0.001	0.997
0.001	0.001	0.997	0.001
0.001	0.001	0.915	0.083
>TGATCTTTTAAT	3-TGATCTTTTAAT	11.261118	-23.895662	0	T:14.0(8.70%),B:308.0(0.75%),P:1e-10	Tpos:666.3,Tstd:198.5,Bpos:498.3,Bstd:312.5,StrandBias:1.5,Multiplicity:1.07
0.024	0.037	0.001	0.938
0.054	0.064	0.807	0.075
0.879	0.001	0.069	0.051
0.031	0.001	0.286	0.682
0.090	0.642	0.198	0.070
0.269	0.023	0.035	0.673
0.055	0.106	0.083	0.756
0.218	0.072	0.001	0.709
0.001	0.219	0.029	0.751
0.673	0.001	0.202	0.124
0.565	0.407	0.001	0.027
0.067	0.057	0.038	0.838
>GAAACCCTGGCT	4-GAAACCCTGGCT	14.517327	-23.780576	0	T:5.0(3.11%),B:3.1(0.01%),P:1e-10	Tpos:324.8,Tstd:254.9,Bpos:312.5,Bstd:109.9,StrandBias:2.0,Multiplicity:1.00
0.001	0.001	0.773	0.225
0.997	0.001	0.001	0.001
0.997	0.001	0.001	0.001
0.741	0.257	0.001	0.001
0.001	0.997	0.001	0.001
0.001	0.997	0.001	0.001
0.001	0.997	0.001	0.001
0.001	0.001	0.001	0.997
0.001	0.001	0.997	0.001
0.001	0.001	0.997	0.001
0.001	0.741	0.001	0.257
0.001	0.001	0.001	0.997
>ACAAAACTGCCT	5-ACAAAACTGCCT	10.805975	-23.035279	0	T:15.0(9.32%),B:397.1(0.97%),P:1e-10	Tpos:529.7,Tstd:309.9,Bpos:499.8,Bstd:320.6,StrandBias:0.4,Multiplicity:1.07
0.699	0.299	0.001	0.001
0.074	0.924	0.001	0.001
0.997	0.001	0.001	0.001
0.997	0.001	0.001	0.001
0.997	0.001	0.001	0.001
0.617	0.381	0.001	0.001
0.001	0.680	0.318	0.001
0.001	0.001	0.001	0.997
0.001	0.001	0.716	0.282
0.001	0.680	0.318	0.001
0.001	0.997	0.001	0.001
0.001	0.001	0.281	0.717
>CTTATATCTTGG	6-CTTATATCTTGG	13.911240	-21.907128	0	T:6.0(3.73%),B:17.8(0.04%),P:1e-9	Tpos:350.8,Tstd:291.2,Bpos:499.4,Bstd:235.2,StrandBias:1.0,Multiplicity:1.00
0.001	0.997	0.001	0.001
0.001	0.001	0.155	0.843
0.001	0.001	0.001	0.997
0.997	0.001	0.001	0.001
0.001	0.001	0.001	0.997
0.727	0.156	0.001	0.116
0.001	0.001	0.001	0.997
0.001	0.917	0.001	0.081
0.001	0.001	0.155	0.843
0.156	0.074	0.001	0.769
0.001	0.001	0.997	0.001
0.001	0.001	0.997	0.001
>AACAGGTTCTCT	7-AACAGGTTCTCT	12.471016	-21.670406	0	T:8.0(4.97%),B:63.9(0.16%),P:1e-9	Tpos:642.1,Tstd:296.8,Bpos:517.8,Bstd:335.4,StrandBias:0.0,Multiplicity:1.00
0.840	0.001	0.158	0.001
0.997	0.001	0.001	0.001
0.001	0.997	0.001	0.001
0.667	0.331	0.001	0.001
0.275	0.001	0.723	0.001
0.001	0.001	0.909	0.089
0.001	0.001	0.001	0.997
0.001	0.172	0.001	0.826
0.001	0.997	0.001	0.001
0.069	0.001	0.186	0.744
0.001	0.840	0.001	0.158
0.001	0.128	0.001	0.870
>AGACTACAAAAA	8-AGACTACAAAAA	12.605106	-21.240092	0	T:18.0(11.18%),B:706.5(1.72%),P:1e-9	Tpos:502.1,Tstd:259.5,Bpos:499.8,Bstd:322.9,StrandBias:-0.5,Multiplicity:1.06
0.801	0.114	0.084	0.001
0.263	0.001	0.735	0.001
0.997	0.001	0.001	0.001
0.001	0.941	0.001	0.057
0.001	0.001	0.001	0.997
0.997	0.001	0.001	0.001
0.059	0.867	0.001	0.073
0.997	0.001	0.001	0.001
0.867	0.001	0.001	0.131
0.997	0.001	0.001	0.001
0.853	0.145	0.001	0.001
0.997	0.001	0.001	0.001
>ATAAAAAGAAGA	9-ATAAAAAGAAGA	12.317204	-20.986598	0	T:20.0(12.42%),B:910.7(2.21%),P:1e-9	Tpos:642.8,Tstd:285.8,Bpos:538.9,Bstd:322.1,StrandBias:-0.3,Multiplicity:1.05
0.949	0.001	0.001	0.049
0.024	0.060	0.012	0.904
0.932	0.066	0.001	0.001
0.933	0.001	0.065	0.001
0.690	0.001	0.219	0.090
0.997	0.001	0.001	0.001
0.956	0.001	0.001	0.042
0.029	0.053	0.884	0.034
0.997	0.001	0.001	0.001
0.997	0.001	0.001	0.001
0.059	0.001	0.881	0.059
0.912	0.001	0.086	0.001
>TGTTAAATGTCT	10-TGTTAAATGTCT	12.620500	-20.977252	0	T:11.0(6.83%),B:199.4(0.49%),P:1e-9	Tpos:477.4,Tstd:208.7,Bpos:529.6,Bstd:290.6,StrandBias:-2.2,Multiplicity:1.00
0.001	0.001	0.001	0.997
0.001	0.001	0.934	0.064
0.105	0.001	0.001	0.893
0.085	0.001	0.085	0.829
0.877	0.121	0.001	0.001
0.997	0.001	0.001	0.001
0.997	0.001	0.001	0.001
0.001	0.001	0.001	0.997
0.082	0.156	0.761	0.001
0.001	0.001	0.001	0.997
0.001	0.953	0.001	0.045
0.116	0.001	0.001	0.882
>TTATGGATGCGA	11-TTATGGATGCGA	11.211891	-20.532496	0	T:10.0(6.21%),B:156.7(0.38%),P:1e-8	Tpos:431.1,Tstd:275.9,Bpos:452.4,Bstd:279.8,StrandBias:0.0,Multiplicity:1.00
0.137	0.001	0.001	0.861
0.001	0.001	0.156	0.842
0.864	0.001	0.001	0.134
0.001	0.001	0.001	0.997
0.005	0.001	0.931	0.063
0.001	0.268	0.730	0.001
0.685	0.157	0.001	0.157
0.001	0.001	0.001	0.997
0.095	0.001	0.792	0.112
0.181	0.738	0.001	0.080
0.071	0.001	0.679	0.249
0.903	0.001	0.095	0.001
>TACAACAAACAT	12-TACAACAAACAT	13.272553	-20.390703	0	T:9.0(5.59%),B:113.1(0.28%),P:1e-8	Tpos:660.2,Tstd:340.0,Bpos:502.1,Bstd:316.2,StrandBias:1.8,Multiplicity:1.00
0.001	0.001	0.001	0.997
0.997	0.001	0.001	0.001
0.059	0.858	0.082	0.001
0.997	0.001	0.001	0.001
0.878	0.001	0.001	0.120
0.063	0.935	0.001	0.001
0.997	0.001	0.001	0.001
0.685	0.001	0.185	0.129
0.881	0.001	0.001	0.117
0.045	0.868	0.001	0.086
0.997	0.001	0.001	0.001
0.001	0.001	0.001	0.997
>AAGRTATCAACT	13-AAGRTATCAACT	12.092819	-20.111309	0	T:11.0(6.83%),B:217.5(0.53%),P:1e-8	Tpos:440.9,Tstd:266.0,Bpos:517.3,Bstd:310.6,StrandBias:-0.5,Multiplicity:1.09
0.818	0.180	0.001	0.001
0.997	0.001	0.001	0.001
0.143	0.001	0.855	0.001
0.416	0.001	0.522	0.061
0.211	0.001	0.001	0.787
0.997	0.001	0.001	0.001
0.001	0.001	0.001	0.997
0.001	0.997	0.001	0.001
0.997	0.001	0.001	0.001
0.997	0.001	0.001	0.001
0.077	0.750	0.001	0.172
0.001	0.180	0.001	0.818
>GTGATTTCCGAT	14-GTGATTTCCGAT	13.998747	-18.571747	0	T:7.0(4.35%),B:60.6(0.15%),P:1e-8	Tpos:369.0,Tstd:251.4,Bpos:429.9,Bstd:331.3,StrandBias:-0.7,Multiplicity:1.14
0.170	0.001	0.828	0.001
0.001	0.001	0.001	0.997
0.001	0.177	0.821	0.001
0.997	0.001	0.001	0.001
0.001	0.001	0.001	0.997
0.001	0.001	0.001	0.997
0.001	0.001	0.001	0.997
0.001	0.997	0.001	0.001
0.359	0.527	0.001	0.113
0.001	0.001	0.997	0.001
0.997	0.001	0.001	0.001
0.001	0.001	0.001	0.997
>AAACTGTTTGTG	15-AAACTGTTTGTG	9.622919	-17.519082	0	T:36.0(22.36%),B:3345.7(8.14%),P:1e-7	Tpos:596.3,Tstd:281.2,Bpos:509.4,Bstd:308.2,StrandBias:0.0,Multiplicity:1.03
0.902	0.096	0.001	0.001
0.971	0.001	0.001	0.027
0.918	0.022	0.035	0.025
0.044	0.779	0.126	0.051
0.056	0.053	0.084	0.807
0.026	0.033	0.841	0.100
0.085	0.001	0.001	0.913
0.100	0.072	0.036	0.792
0.001	0.091	0.095	0.813
0.063	0.074	0.781	0.082
0.053	0.107	0.134	0.706
0.079	0.072	0.792	0.057
>TGTGTTCTGTAT	16-TGTGTTCTGTAT	13.055548	-16.372145	0	T:8.0(4.97%),B:130.8(0.32%),P:1e-7	Tpos:354.2,Tstd:252.3,Bpos:497.6,Bstd:290.1,StrandBias:-1.0,Multiplicity:1.12
0.001	0.001	0.001	0.997
0.001	0.001	0.997	0.001
0.001	0.001	0.001	0.997
0.001	0.001	0.929	0.069
0.001	0.163	0.001	0.835
0.001	0.001	0.001	0.997
0.001	0.909	0.001	0.089
0.001	0.001	0.001	0.997
0.178	0.001	0.820	0.001
0.001	0.001	0.001	0.997
0.806	0.001	0.101	0.092
0.001	0.178	0.001	0.820
>CAGTTGATATCA	17-CAGTTGATATCA	13.399987	-15.921901	0	T:6.0(3.73%),B:54.0(0.13%),P:1e-6	Tpos:400.2,Tstd:297.3,Bpos:533.6,Bstd:268.8,StrandBias:0.0,Multiplicity:1.17
0.001	0.997	0.001	0.001
0.667	0.001	0.155	0.177
0.001	0.001	0.897	0.101
0.001	0.107	0.001	0.891
0.001	0.001	0.001	0.997
0.001	0.001	0.997	0.001
0.997	0.001	0.001	0.001
0.001	0.001	0.001	0.997
0.883	0.001	0.115	0.001
0.001	0.001	0.001	0.997
0.126	0.758	0.115	0.001
0.997	0.001	0.001	0.001
>TATAGMCMAATA	18-TATAGMCMAATA	10.319401	-15.495972	0	T:18.0(11.18%),B:1037.8(2.52%),P:1e-6	Tpos:552.8,Tstd:284.8,Bpos:511.9,Bstd:301.2,StrandBias:-0.6,Multiplicity:1.06
0.001	0.039	0.001	0.959
0.997	0.001	0.001	0.001
0.001	0.001	0.001	0.997
0.660	0.001	0.180	0.159
0.001	0.001	0.830	0.168
0.421	0.370	0.209	0.001
0.001	0.997	0.001	0.001
0.546	0.452	0.001	0.001
0.997	0.001	0.001	0.001
0.756	0.242	0.001	0.001
0.168	0.001	0.001	0.830
0.997	0.001	0.001	0.001
>TTGTTCTCAACT	19-TTGTTCTCAACT	12.355432	-15.346305	0	T:4.0(2.48%),B:10.2(0.02%),P:1e-6	Tpos:441.5,Tstd:262.7,Bpos:430.5,Bstd:188.7,StrandBias:0.0,Multiplicity:1.00
0.100	0.100	0.100	0.700
0.100	0.100	0.100	0.700
0.100	0.100	0.700	0.100
0.100	0.100	0.100	0.700
0.100	0.100	0.100	0.700
0.100	0.700	0.100	0.100
0.100	0.100	0.100	0.700
0.100	0.700	0.100	0.100
0.700	0.100	0.100	0.100
0.700	0.100	0.100	0.100
0.100	0.700	0.100	0.100
0.100	0.100	0.100	0.700
>TTAGATTTCTCT	20-TTAGATTTCTCT	10.424588	-15.221800	0	T:18.0(11.18%),B:1057.6(2.57%),P:1e-6	Tpos:533.1,Tstd:280.6,Bpos:518.6,Bstd:315.1,StrandBias:0.5,Multiplicity:1.06
0.149	0.001	0.045	0.805
0.050	0.046	0.049	0.855
0.756	0.147	0.052	0.045
0.046	0.001	0.819	0.134
0.602	0.212	0.144	0.042
0.115	0.100	0.001	0.784
0.046	0.087	0.001	0.866
0.001	0.001	0.001	0.997
0.001	0.997	0.001	0.001
0.095	0.001	0.001	0.903
0.105	0.755	0.139	0.001
0.001	0.001	0.120	0.878
>GGTATTCTCAAA	21-GGTATTCTCAAA	12.828014	-14.556349	0	T:6.0(3.73%),B:68.8(0.17%),P:1e-6	Tpos:509.3,Tstd:339.9,Bpos:447.9,Bstd:335.1,StrandBias:-2.6,Multiplicity:1.17
0.001	0.001	0.851	0.147
0.001	0.001	0.997	0.001
0.001	0.342	0.001	0.656
0.997	0.001	0.001	0.001
0.001	0.001	0.001	0.997
0.001	0.001	0.001	0.997
0.001	0.997	0.001	0.001
0.223	0.001	0.001	0.775
0.001	0.997	0.001	0.001
0.595	0.001	0.001	0.403
0.656	0.001	0.342	0.001
0.775	0.001	0.223	0.001
>GAGTTTTCTCTT	22-GAGTTTTCTCTT	13.584634	-13.967426	0	T:8.0(4.97%),B:181.1(0.44%),P:1e-6	Tpos:603.1,Tstd:198.3,Bpos:481.4,Bstd:302.4,StrandBias:1.6,Multiplicity:1.50
0.001	0.085	0.913	0.001
0.881	0.001	0.001	0.117
0.001	0.001	0.997	0.001
0.001	0.001	0.001	0.997
0.001	0.001	0.001	0.997
0.001	0.001	0.171	0.827
0.001	0.001	0.001	0.997
0.001	0.997	0.001	0.001
0.001	0.210	0.001	0.788
0.001	0.767	0.101	0.131
0.001	0.001	0.001	0.997
0.088	0.001	0.001	0.910
>TCTTAACTTTAA	23-TCTTAACTTTAA	14.041102	-12.456386	0	T:5.0(3.11%),B:55.9(0.14%),P:1e-5	Tpos:336.2,Tstd:312.6,Bpos:489.9,Bstd:282.8,StrandBias:-0.3,Multiplicity:1.80
0.001	0.001	0.001	0.997
0.001	0.997	0.001	0.001
0.001	0.001	0.001	0.997
0.001	0.001	0.001	0.997
0.897	0.101	0.001	0.001
0.847	0.151	0.001	0.001
0.001	0.997	0.001	0.001
0.001	0.001	0.001	0.997
0.001	0.001	0.001	0.997
0.001	0.001	0.001	0.997
0.897	0.101	0.001	0.001
0.997	0.001	0.001	0.001
>TATAGCTATACT	24-TATAGCTATACT	14.243151	-7.534272	0	T:2.0(1.24%),B:7.3(0.02%),P:1e-3	Tpos:455.6,Tstd:193.7,Bpos:399.7,Bstd:170.0,StrandBias:-0.4,Multiplicity:2.00
0.001	0.001	0.001	0.997
0.997	0.001	0.001	0.001
0.001	0.001	0.001	0.997
0.997	0.001	0.001	0.001
0.001	0.001	0.997	0.001
0.001	0.997	0.001	0.001
0.157	0.001	0.001	0.841
0.997	0.001	0.001	0.001
0.001	0.001	0.001	0.997
0.997	0.001	0.001	0.001
0.001	0.600	0.398	0.001
0.001	0.001	0.001	0.997
>GGACCACCWGGA	25-GGACCACCWGGA	12.940870	-5.744499	0	T:3.0(1.86%),B:72.5(0.18%),P:1e-2	Tpos:348.3,Tstd:195.4,Bpos:367.6,Bstd:243.9,StrandBias:1.8,Multiplicity:3.00
0.001	0.001	0.997	0.001
0.001	0.001	0.997	0.001
0.977	0.001	0.001	0.021
0.325	0.598	0.076	0.001
0.077	0.921	0.001	0.001
0.997	0.001	0.001	0.001
0.001	0.882	0.001	0.116
0.208	0.790	0.001	0.001
0.386	0.001	0.195	0.418
0.001	0.001	0.997	0.001
0.001	0.001	0.997	0.001
0.837	0.161	0.001	0.001
>AAAGRTCA	1-AAAGRTCA	7.335239	-24.329355	0	T:88.0(54.66%),B:12125.9(29.49%),P:1e-10	Tpos:611.5,Tstd:285.9,Bpos:504.2,Bstd:321.7,StrandBias:-0.3,Multiplicity:1.47
0.620	0.209	0.166	0.005
0.773	0.001	0.076	0.150
0.778	0.098	0.001	0.123
0.001	0.001	0.997	0.001
0.430	0.001	0.568	0.001
0.113	0.001	0.001	0.885
0.001	0.997	0.001	0.001
0.997	0.001	0.001	0.001
>DAGGTCRA	2-DAGGTCRA	6.662650	-21.994911	0	T:89.0(55.28%),B:12859.6(31.27%),P:1e-9	Tpos:601.5,Tstd:272.0,Bpos:504.1,Bstd:313.8,StrandBias:-0.9,Multiplicity:1.36
0.281	0.024	0.399	0.296
0.698	0.276	0.025	0.001
0.001	0.001	0.996	0.002
0.090	0.024	0.885	0.001
0.001	0.001	0.001	0.997
0.001	0.657	0.108	0.234
0.476	0.001	0.522	0.001
0.622	0.001	0.001	0.376
>ATAAGACG	3-ATAAGACG	6.919398	-20.032289	0	T:100.0(62.11%),B:15945.1(38.77%),P:1e-8	Tpos:529.6,Tstd:307.9,Bpos:525.6,Bstd:319.3,StrandBias:-0.4,Multiplicity:1.33
0.997	0.001	0.001	0.001
0.001	0.001	0.143	0.855
0.856	0.056	0.087	0.001
0.997	0.001	0.001	0.001
0.190	0.152	0.634	0.024
0.951	0.047	0.001	0.001
0.133	0.865	0.001	0.001
0.115	0.001	0.883	0.001
>GATCATTG	4-GATCATTG	8.343300	-14.408962	0	T:50.0(31.06%),B:6350.8(15.44%),P:1e-6	Tpos:511.5,Tstd:302.2,Bpos:486.6,Bstd:311.4,StrandBias:0.2,Multiplicity:1.24
0.001	0.001	0.861	0.137
0.885	0.001	0.001	0.113
0.001	0.001	0.125	0.873
0.001	0.997	0.001	0.001
0.997	0.001	0.001	0.001
0.167	0.068	0.001	0.764
0.001	0.001	0.001	0.997
0.001	0.001	0.997	0.001
>ATCTTCTT	5-ATCTTCTT	9.849171	-12.549566	0	T:65.0(40.37%),B:9888.4(24.05%),P:1e-5	Tpos:583.3,Tstd:290.2,Bpos:511.6,Bstd:318.4,StrandBias:0.1,Multiplicity:1.30
0.997	0.001	0.001	0.001
0.001	0.001	0.001	0.997
0.001	0.997	0.001	0.001
0.001	0.001	0.001	0.997
0.001	0.001	0.001	0.997
0.001	0.671	0.001	0.327
0.001	0.001	0.001	0.997
0.098	0.001	0.001	0.900
>TTGGGTAA	6-TTGGGTAA	8.236954	-9.140646	0	T:13.0(8.07%),B:947.0(2.30%),P:1e-3	Tpos:350.1,Tstd:276.4,Bpos:485.0,Bstd:289.4,StrandBias:1.0,Multiplicity:1.15
0.100	0.100	0.100	0.700
0.100	0.100	0.100	0.700
0.100	0.100	0.700	0.100
0.100	0.100	0.700	0.100
0.100	0.100	0.700	0.100
0.100	0.100	0.100	0.700
0.700	0.100	0.100	0.100
0.700	0.100	0.100	0.100
>AATACCAC	7-AATACCAC	8.541385	-8.973355	0	T:21.0(13.04%),B:2164.7(5.26%),P:1e-3	Tpos:451.6,Tstd:245.5,Bpos:496.0,Bstd:314.0,StrandBias:1.5,Multiplicity:1.10
0.829	0.001	0.001	0.169
0.997	0.001	0.001	0.001
0.001	0.001	0.096	0.902
0.997	0.001	0.001	0.001
0.001	0.997	0.001	0.001
0.001	0.997	0.001	0.001
0.997	0.001	0.001	0.001
0.001	0.997	0.001	0.001
>TTTGTAGT	8-TTTGTAGT	8.236954	-7.633973	0	T:28.0(17.39%),B:3660.2(8.90%),P:1e-3	Tpos:579.5,Tstd:291.2,Bpos:512.6,Bstd:312.4,StrandBias:1.7,Multiplicity:1.50
0.100	0.100	0.100	0.700
0.100	0.100	0.100	0.700
0.100	0.100	0.100	0.700
0.100	0.100	0.700	0.100
0.100	0.100	0.100	0.700
0.700	0.100	0.100	0.100
0.100	0.100	0.700	0.100
0.100	0.100	0.100	0.700
