>TCTTTTTATC	1-TCTTTTTATC	8.894930	-36.122252	0	T:67.0(41.61%),B:6076.6(14.78%),P:1e-15	Tpos:635.3,Tstd:272.2,Bpos:535.3,Bstd:321.0,StrandBias:0.1,Multiplicity:1.19
0.001	0.001	0.001	0.997
0.001	0.997	0.001	0.001
0.001	0.001	0.166	0.832
0.001	0.001	0.001	0.997
0.190	0.243	0.091	0.476
0.001	0.001	0.001	0.997
0.001	0.001	0.265	0.733
0.821	0.001	0.177	0.001
0.001	0.001	0.001	0.997
0.155	0.738	0.001	0.106
>TGACCTCTAT	2-TGACCTCTAT	8.588852	-27.152733	0	T:24.0(14.91%),B:985.1(2.40%),P:1e-11	Tpos:623.1,Tstd:269.2,Bpos:513.1,Bstd:321.4,StrandBias:0.3,Multiplicity:1.00
0.001	0.123	0.123	0.753
0.056	0.001	0.942	0.001
0.913	0.001	0.001	0.085
0.001	0.997	0.001	0.001
0.001	0.861	0.090	0.048
0.001	0.001	0.001	0.997
0.050	0.872	0.001	0.077
0.051	0.001	0.001	0.947
0.829	0.169	0.001	0.001
0.062	0.001	0.001	0.936
>GGTTGACCTT	3-GGTTGACCTT	7.069860	-25.838212	0	T:55.0(34.16%),B:5348.1(13.01%),P:1e-11	Tpos:610.8,Tstd:252.0,Bpos:501.9,Bstd:317.4,StrandBias:0.0,Multiplicity:1.24
0.107	0.107	0.695	0.091
0.059	0.055	0.798	0.088
0.100	0.122	0.054	0.724
0.030	0.102	0.090	0.778
0.103	0.019	0.837	0.041
0.813	0.037	0.041	0.109
0.030	0.867	0.031	0.072
0.070	0.826	0.035	0.069
0.062	0.044	0.039	0.855
0.070	0.051	0.067	0.812
>TCWMCCAGGA	4-TCWMCCAGGA	9.871737	-24.052906	0	T:16.0(9.94%),B:437.8(1.06%),P:1e-10	Tpos:584.1,Tstd:270.7,Bpos:491.5,Bstd:318.3,StrandBias:0.0,Multiplicity:1.00
0.001	0.001	0.001	0.997
0.001	0.922	0.003	0.074
0.469	0.001	0.001	0.529
0.572	0.426	0.001	0.001
0.001	0.997	0.001	0.001
0.001	0.997	0.001	0.001
0.870	0.001	0.001	0.128
0.179	0.003	0.612	0.206
0.025	0.001	0.973	0.001
0.570	0.300	0.001	0.129
>CAATGATCAN	5-CAATGATCAN	8.843238	-22.878370	0	T:33.0(20.50%),B:2314.9(5.63%),P:1e-9	Tpos:591.5,Tstd:291.7,Bpos:488.6,Bstd:319.0,StrandBias:0.6,Multiplicity:1.09
0.024	0.898	0.077	0.001
0.997	0.001	0.001	0.001
0.524	0.001	0.118	0.357
0.110	0.001	0.001	0.888
0.070	0.064	0.865	0.001
0.707	0.070	0.222	0.001
0.132	0.001	0.001	0.866
0.137	0.861	0.001	0.001
0.793	0.001	0.205	0.001
0.205	0.243	0.326	0.226
>CTTGATGACA	6-CTTGATGACA	9.806552	-22.095360	0	T:24.0(14.91%),B:1267.4(3.08%),P:1e-9	Tpos:495.2,Tstd:283.1,Bpos:494.6,Bstd:324.0,StrandBias:0.0,Multiplicity:1.04
0.033	0.854	0.053	0.060
0.061	0.001	0.001	0.937
0.092	0.001	0.001	0.906
0.001	0.001	0.940	0.058
0.997	0.001	0.001	0.001
0.001	0.001	0.001	0.997
0.109	0.063	0.770	0.058
0.938	0.001	0.001	0.060
0.001	0.910	0.041	0.048
0.863	0.078	0.001	0.058
>TATATAGCCG	7-TATATAGCCG	7.737989	-21.301194	0	T:29.0(18.01%),B:1927.8(4.69%),P:1e-9	Tpos:635.6,Tstd:281.6,Bpos:519.9,Bstd:301.0,StrandBias:-0.3,Multiplicity:1.04
0.073	0.001	0.001	0.925
0.848	0.001	0.126	0.025
0.079	0.001	0.192	0.728
0.705	0.182	0.112	0.001
0.001	0.049	0.001	0.949
0.791	0.052	0.155	0.002
0.043	0.002	0.954	0.001
0.149	0.745	0.105	0.001
0.132	0.736	0.057	0.075
0.090	0.053	0.679	0.178
>CGGGAGACCC	8-CGGGAGACCC	10.558708	-19.964017	0	T:9.0(5.59%),B:119.8(0.29%),P:1e-8	Tpos:593.9,Tstd:319.2,Bpos:485.6,Bstd:292.5,StrandBias:1.0,Multiplicity:1.00
0.001	0.871	0.127	0.001
0.099	0.106	0.794	0.001
0.001	0.001	0.997	0.001
0.001	0.001	0.997	0.001
0.997	0.001	0.001	0.001
0.096	0.001	0.902	0.001
0.866	0.001	0.001	0.132
0.127	0.871	0.001	0.001
0.001	0.997	0.001	0.001
0.106	0.814	0.079	0.001
>GGTCACTTTT	9-GGTCACTTTT	10.597928	-19.675574	0	T:16.0(9.94%),B:597.1(1.45%),P:1e-8	Tpos:583.6,Tstd:327.8,Bpos:521.3,Bstd:322.7,StrandBias:0.7,Multiplicity:1.07
0.001	0.001	0.997	0.001
0.001	0.001	0.997	0.001
0.001	0.001	0.076	0.922
0.001	0.883	0.001	0.115
0.939	0.001	0.001	0.059
0.001	0.997	0.001	0.001
0.001	0.001	0.001	0.997
0.001	0.001	0.001	0.997
0.001	0.130	0.001	0.868
0.001	0.068	0.001	0.930
>GAGAATACCC	10-GAGAATACCC	7.789177	-19.291068	0	T:33.0(20.50%),B:2673.2(6.50%),P:1e-8	Tpos:424.9,Tstd:277.6,Bpos:501.2,Bstd:312.5,StrandBias:-0.6,Multiplicity:1.15
0.122	0.057	0.803	0.018
0.817	0.038	0.031	0.114
0.053	0.022	0.768	0.157
0.966	0.032	0.001	0.001
0.786	0.060	0.116	0.038
0.118	0.034	0.066	0.782
0.853	0.082	0.064	0.001
0.067	0.729	0.099	0.105
0.126	0.700	0.065	0.109
0.076	0.808	0.094	0.022
>CTTATCAATC	11-CTTATCAATC	8.758821	-19.100877	0	T:45.0(27.95%),B:4605.6(11.20%),P:1e-8	Tpos:542.5,Tstd:314.2,Bpos:541.6,Bstd:329.8,StrandBias:1.0,Multiplicity:1.02
0.091	0.787	0.098	0.024
0.080	0.107	0.090	0.723
0.067	0.001	0.064	0.868
0.866	0.051	0.001	0.082
0.054	0.001	0.001	0.944
0.028	0.951	0.020	0.001
0.997	0.001	0.001	0.001
0.693	0.115	0.088	0.104
0.214	0.115	0.001	0.670
0.091	0.525	0.115	0.269
>CGAAATGATC	12-CGAAATGATC	9.911119	-18.805687	0	T:20.0(12.42%),B:1038.2(2.52%),P:1e-8	Tpos:523.2,Tstd:300.7,Bpos:486.1,Bstd:315.4,StrandBias:-1.2,Multiplicity:1.00
0.052	0.856	0.055	0.037
0.001	0.059	0.939	0.001
0.997	0.001	0.001	0.001
0.997	0.001	0.001	0.001
0.833	0.092	0.001	0.074
0.051	0.001	0.001	0.947
0.001	0.057	0.905	0.037
0.847	0.073	0.079	0.001
0.108	0.001	0.001	0.890
0.168	0.830	0.001	0.001
>ATGACCTTGG	13-ATGACCTTGG	9.870328	-18.660183	0	T:14.0(8.70%),B:470.0(1.14%),P:1e-8	Tpos:678.3,Tstd:314.9,Bpos:515.2,Bstd:328.3,StrandBias:-1.0,Multiplicity:1.07
0.762	0.095	0.086	0.057
0.076	0.104	0.001	0.819
0.001	0.001	0.997	0.001
0.997	0.001	0.001	0.001
0.032	0.966	0.001	0.001
0.050	0.902	0.001	0.047
0.001	0.001	0.001	0.997
0.001	0.107	0.001	0.891
0.092	0.001	0.906	0.001
0.050	0.076	0.814	0.060
>ACTTTCCCCG	14-ACTTTCCCCG	7.454479	-17.997132	0	T:40.0(24.84%),B:3927.2(9.55%),P:1e-7	Tpos:537.6,Tstd:325.8,Bpos:510.8,Bstd:309.4,StrandBias:0.8,Multiplicity:1.05
0.925	0.031	0.020	0.024
0.062	0.866	0.028	0.044
0.018	0.081	0.095	0.806
0.098	0.022	0.084	0.796
0.001	0.117	0.025	0.857
0.045	0.815	0.074	0.066
0.083	0.687	0.108	0.122
0.090	0.703	0.112	0.095
0.018	0.778	0.033	0.171
0.062	0.071	0.775	0.092
>AAGGAATCAA	15-AAGGAATCAA	8.790054	-17.620594	0	T:37.0(22.98%),B:3491.9(8.49%),P:1e-7	Tpos:528.4,Tstd:300.0,Bpos:513.2,Bstd:310.2,StrandBias:-1.7,Multiplicity:1.11
0.997	0.001	0.001	0.001
0.905	0.001	0.066	0.028
0.010	0.142	0.837	0.011
0.053	0.001	0.809	0.137
0.763	0.054	0.071	0.112
0.909	0.001	0.058	0.032
0.041	0.001	0.036	0.922
0.014	0.941	0.017	0.028
0.946	0.001	0.001	0.052
0.997	0.001	0.001	0.001
>CATTATACCC	16-CATTATACCC	8.588602	-17.532683	0	T:15.0(9.32%),B:604.6(1.47%),P:1e-7	Tpos:508.8,Tstd:298.1,Bpos:505.1,Bstd:318.4,StrandBias:0.4,Multiplicity:1.07
0.074	0.924	0.001	0.001
0.997	0.001	0.001	0.001
0.001	0.102	0.001	0.896
0.001	0.001	0.001	0.997
0.850	0.001	0.092	0.057
0.001	0.001	0.001	0.997
0.806	0.082	0.111	0.001
0.086	0.857	0.001	0.056
0.001	0.919	0.001	0.079
0.072	0.843	0.001	0.084
>HCAGKTCTGT	17-HCAGKTCTGT	8.414694	-15.510392	0	T:36.0(22.36%),B:3628.4(8.82%),P:1e-6	Tpos:447.1,Tstd:280.8,Bpos:509.4,Bstd:316.1,StrandBias:0.1,Multiplicity:1.11
0.253	0.227	0.168	0.352
0.001	0.576	0.422	0.001
0.598	0.001	0.001	0.400
0.011	0.001	0.712	0.276
0.001	0.001	0.481	0.517
0.285	0.231	0.013	0.471
0.194	0.804	0.001	0.001
0.002	0.001	0.001	0.996
0.002	0.001	0.996	0.001
0.001	0.008	0.001	0.990
>AATGATGATC	18-AATGATGATC	7.852190	-15.102308	0	T:44.0(27.33%),B:5089.7(12.38%),P:1e-6	Tpos:468.6,Tstd:292.9,Bpos:507.7,Bstd:307.4,StrandBias:-0.5,Multiplicity:1.12
0.529	0.093	0.164	0.214
0.997	0.001	0.001	0.001
0.148	0.195	0.003	0.654
0.058	0.031	0.910	0.001
0.821	0.001	0.165	0.013
0.017	0.028	0.001	0.954
0.063	0.243	0.565	0.129
0.863	0.120	0.002	0.015
0.001	0.126	0.044	0.829
0.001	0.894	0.044	0.061
>GAGKAGCTAC	19-GAGKAGCTAC	8.050549	-14.648177	0	T:22.0(13.66%),B:1611.7(3.92%),P:1e-6	Tpos:534.8,Tstd:326.4,Bpos:486.1,Bstd:295.5,StrandBias:0.9,Multiplicity:1.05
0.029	0.122	0.790	0.059
0.962	0.001	0.001	0.036
0.257	0.001	0.741	0.001
0.001	0.001	0.488	0.510
0.634	0.001	0.046	0.319
0.041	0.141	0.698	0.120
0.034	0.912	0.004	0.050
0.001	0.284	0.030	0.685
0.737	0.079	0.090	0.094
0.109	0.857	0.001	0.033
>CAGACAGTTT	20-CAGACAGTTT	7.164551	-14.250427	0	T:61.0(37.89%),B:8594.4(20.90%),P:1e-6	Tpos:542.9,Tstd:301.7,Bpos:510.7,Bstd:317.0,StrandBias:0.3,Multiplicity:1.30
0.081	0.737	0.081	0.101
0.790	0.041	0.062	0.107
0.067	0.037	0.852	0.044
0.763	0.089	0.068	0.080
0.044	0.806	0.097	0.053
0.782	0.070	0.034	0.114
0.039	0.073	0.838	0.050
0.046	0.064	0.060	0.830
0.017	0.040	0.065	0.878
0.100	0.094	0.077	0.729
>TAGTCTGTAG	21-TAGTCTGTAG	10.674257	-11.720305	0	T:14.0(8.70%),B:849.1(2.06%),P:1e-5	Tpos:607.7,Tstd:264.1,Bpos:528.6,Bstd:305.8,StrandBias:0.9,Multiplicity:1.64
0.001	0.001	0.001	0.997
0.997	0.001	0.001	0.001
0.001	0.215	0.676	0.108
0.001	0.001	0.001	0.997
0.001	0.661	0.141	0.197
0.001	0.001	0.001	0.997
0.001	0.001	0.997	0.001
0.171	0.001	0.001	0.827
0.997	0.001	0.001	0.001
0.128	0.160	0.711	0.001
>AGTTAAGAGT	22-AGTTAAGAGT	6.523068	-11.416261	0	T:9.0(5.59%),B:343.7(0.84%),P:1e-4	Tpos:357.9,Tstd:234.2,Bpos:509.3,Bstd:310.0,StrandBias:1.7,Multiplicity:1.44
0.642	0.001	0.001	0.356
0.001	0.001	0.997	0.001
0.001	0.001	0.001	0.997
0.001	0.001	0.001	0.997
0.997	0.001	0.001	0.001
0.997	0.001	0.001	0.001
0.001	0.001	0.997	0.001
0.997	0.001	0.001	0.001
0.001	0.219	0.779	0.001
0.001	0.001	0.147	0.851
>AAACCGGTCA	23-AAACCGGTCA	8.350283	-8.266752	0	T:18.0(11.18%),B:1788.5(4.35%),P:1e-3	Tpos:594.9,Tstd:278.8,Bpos:501.2,Bstd:313.4,StrandBias:0.7,Multiplicity:1.06
0.700	0.100	0.100	0.100
0.700	0.100	0.100	0.100
0.700	0.100	0.100	0.100
0.100	0.700	0.100	0.100
0.100	0.700	0.100	0.100
0.100	0.100	0.700	0.100
0.100	0.100	0.700	0.100
0.100	0.100	0.100	0.700
0.100	0.700	0.100	0.100
0.700	0.100	0.100	0.100
>CMGGTTATAT	24-CMGGTTATAT	11.046899	-6.553034	0	T:7.0(4.35%),B:416.3(1.01%),P:1e-2	Tpos:399.2,Tstd:238.9,Bpos:487.6,Bstd:314.6,StrandBias:-0.3,Multiplicity:1.57
0.165	0.833	0.001	0.001
0.478	0.520	0.001	0.001
0.364	0.001	0.561	0.074
0.001	0.392	0.606	0.001
0.212	0.001	0.001	0.786
0.118	0.001	0.001	0.880
0.997	0.001	0.001	0.001
0.001	0.001	0.001	0.997
0.997	0.001	0.001	0.001
0.001	0.001	0.001	0.997
>GACCACCAGG	25-GACCACCAGG	10.455482	-5.319274	0	T:5.0(3.11%),B:274.1(0.67%),P:1e-2	Tpos:325.6,Tstd:134.2,Bpos:441.0,Bstd:286.0,StrandBias:3.5,Multiplicity:2.40
0.001	0.001	0.997	0.001
0.893	0.001	0.001	0.105
0.233	0.679	0.087	0.001
0.145	0.853	0.001	0.001
0.997	0.001	0.001	0.001
0.001	0.997	0.001	0.001
0.085	0.913	0.001	0.001
0.911	0.001	0.001	0.087
0.096	0.001	0.902	0.001
0.001	0.096	0.902	0.001
