>AAAATTGACCTT	1-AAAATTGACCTT	10.671022	-32.355951	0	T:26.0(16.15%),B:935.5(2.27%),P:1e-14	Tpos:604.5,Tstd:270.2,Bpos:504.2,Bstd:308.4,StrandBias:-0.4,Multiplicity:1.08
0.910	0.088	0.001	0.001
0.997	0.001	0.001	0.001
0.997	0.001	0.001	0.001
0.779	0.071	0.093	0.057
0.001	0.001	0.419	0.579
0.096	0.001	0.001	0.902
0.001	0.001	0.997	0.001
0.718	0.280	0.001	0.001
0.001	0.997	0.001	0.001
0.045	0.848	0.001	0.106
0.232	0.160	0.001	0.607
0.001	0.001	0.080	0.918
>TATATATATTGG	2-TATATATATTGG	13.151119	-25.498131	0	T:11.0(6.83%),B:127.8(0.31%),P:1e-11	Tpos:464.2,Tstd:302.5,Bpos:523.8,Bstd:316.3,StrandBias:0.8,Multiplicity:1.00
0.080	0.001	0.001	0.918
0.997	0.001	0.001	0.001
0.001	0.001	0.001	0.997
0.997	0.001	0.001	0.001
0.164	0.001	0.001	0.834
0.740	0.169	0.090	0.001
0.081	0.001	0.136	0.782
0.997	0.001	0.001	0.001
0.001	0.001	0.114	0.884
0.001	0.001	0.001	0.997
0.001	0.001	0.997	0.001
0.001	0.001	0.915	0.083
>TGATCTTTTAAT	3-TGATCTTTTAAT	11.261118	-23.895662	0	T:14.0(8.70%),B:308.0(0.75%),P:1e-10	Tpos:666.3,Tstd:198.5,Bpos:498.3,Bstd:312.5,StrandBias:1.5,Multiplicity:1.07
0.024	0.037	0.001	0.938
0.054	0.064	0.807	0.075
0.879	0.001	0.069	0.051
0.031	0.001	0.286	0.682
0.090	0.642	0.198	0.070
0.269	0.023	0.035	0.673
0.055	0.106	0.083	0.756
0.218	0.072	0.001	0.709
0.001	0.219	0.029	0.751
0.673	0.001	0.202	0.124
0.565	0.407	0.001	0.027
0.067	0.057	0.038	0.838
>GAAACCCTGGCT	4-GAAACCCTGGCT	14.517327	-23.780576	0	T:5.0(3.11%),B:3.1(0.01%),P:1e-10	Tpos:324.8,Tstd:254.9,Bpos:312.5,Bstd:109.9,StrandBias:2.0,Multiplicity:1.00
0.001	0.001	0.773	0.225
0.997	0.001	0.001	0.001
0.997	0.001	0.001	0.001
0.741	0.257	0.001	0.001
0.001	0.997	0.001	0.001
0.001	0.997	0.001	0.001
0.001	0.997	0.001	0.001
0.001	0.001	0.001	0.997
0.001	0.001	0.997	0.001
0.001	0.001	0.997	0.001
0.001	0.741	0.001	0.257
0.001	0.001	0.001	0.997
>ACAAAACTGCCT	5-ACAAAACTGCCT	10.805975	-23.035279	0	T:15.0(9.32%),B:397.1(0.97%),P:1e-10	Tpos:529.7,Tstd:309.9,Bpos:499.8,Bstd:320.6,StrandBias:0.4,Multiplicity:1.07
0.699	0.299	0.001	0.001
0.074	0.924	0.001	0.001
0.997	0.001	0.001	0.001
0.997	0.001	0.001	0.001
0.997	0.001	0.001	0.001
0.617	0.381	0.001	0.001
0.001	0.680	0.318	0.001
0.001	0.001	0.001	0.997
0.001	0.001	0.716	0.282
0.001	0.680	0.318	0.001
0.001	0.997	0.001	0.001
0.001	0.001	0.281	0.717
>CTTATATCTTGG	6-CTTATATCTTGG	13.911240	-21.907128	0	T:6.0(3.73%),B:17.8(0.04%),P:1e-9	Tpos:350.8,Tstd:291.2,Bpos:499.4,Bstd:235.2,StrandBias:1.0,Multiplicity:1.00
0.001	0.997	0.001	0.001
0.001	0.001	0.155	0.843
0.001	0.001	0.001	0.997
0.997	0.001	0.001	0.001
0.001	0.001	0.001	0.997
0.727	0.156	0.001	0.116
0.001	0.001	0.001	0.997
0.001	0.917	0.001	0.081
0.001	0.001	0.155	0.843
0.156	0.074	0.001	0.769
0.001	0.001	0.997	0.001
0.001	0.001	0.997	0.001
>AACAGGTTCTCT	7-AACAGGTTCTCT	12.471016	-21.670406	0	T:8.0(4.97%),B:63.9(0.16%),P:1e-9	Tpos:642.1,Tstd:296.8,Bpos:517.8,Bstd:335.4,StrandBias:0.0,Multiplicity:1.00
0.840	0.001	0.158	0.001
0.997	0.001	0.001	0.001
0.001	0.997	0.001	0.001
0.667	0.331	0.001	0.001
0.275	0.001	0.723	0.001
0.001	0.001	0.909	0.089
0.001	0.001	0.001	0.997
0.001	0.172	0.001	0.826
0.001	0.997	0.001	0.001
0.069	0.001	0.186	0.744
0.001	0.840	0.001	0.158
0.001	0.128	0.001	0.870
>AGACTACAAAAA	8-AGACTACAAAAA	12.605106	-21.240092	0	T:18.0(11.18%),B:706.5(1.72%),P:1e-9	Tpos:502.1,Tstd:259.5,Bpos:499.8,Bstd:322.9,StrandBias:-0.5,Multiplicity:1.06
0.801	0.114	0.084	0.001
0.263	0.001	0.735	0.001
0.997	0.001	0.001	0.001
0.001	0.941	0.001	0.057
0.001	0.001	0.001	0.997
0.997	0.001	0.001	0.001
0.059	0.867	0.001	0.073
0.997	0.001	0.001	0.001
0.867	0.001	0.001	0.131
0.997	0.001	0.001	0.001
0.853	0.145	0.001	0.001
0.997	0.001	0.001	0.001
>ATAAAAAGAAGA	9-ATAAAAAGAAGA	12.317204	-20.986598	0	T:20.0(12.42%),B:910.7(2.21%),P:1e-9	Tpos:642.8,Tstd:285.8,Bpos:538.9,Bstd:322.1,StrandBias:-0.3,Multiplicity:1.05
0.949	0.001	0.001	0.049
0.024	0.060	0.012	0.904
0.932	0.066	0.001	0.001
0.933	0.001	0.065	0.001
0.690	0.001	0.219	0.090
0.997	0.001	0.001	0.001
0.956	0.001	0.001	0.042
0.029	0.053	0.884	0.034
0.997	0.001	0.001	0.001
0.997	0.001	0.001	0.001
0.059	0.001	0.881	0.059
0.912	0.001	0.086	0.001
>TGTTAAATGTCT	10-TGTTAAATGTCT	12.620500	-20.977252	0	T:11.0(6.83%),B:199.4(0.49%),P:1e-9	Tpos:477.4,Tstd:208.7,Bpos:529.6,Bstd:290.6,StrandBias:-2.2,Multiplicity:1.00
0.001	0.001	0.001	0.997
0.001	0.001	0.934	0.064
0.105	0.001	0.001	0.893
0.085	0.001	0.085	0.829
0.877	0.121	0.001	0.001
0.997	0.001	0.001	0.001
0.997	0.001	0.001	0.001
0.001	0.001	0.001	0.997
0.082	0.156	0.761	0.001
0.001	0.001	0.001	0.997
0.001	0.953	0.001	0.045
0.116	0.001	0.001	0.882
>TTATGGATGCGA	11-TTATGGATGCGA	11.211891	-20.532496	0	T:10.0(6.21%),B:156.7(0.38%),P:1e-8	Tpos:431.1,Tstd:275.9,Bpos:452.4,Bstd:279.8,StrandBias:0.0,Multiplicity:1.00
0.137	0.001	0.001	0.861
0.001	0.001	0.156	0.842
0.864	0.001	0.001	0.134
0.001	0.001	0.001	0.997
0.005	0.001	0.931	0.063
0.001	0.268	0.730	0.001
0.685	0.157	0.001	0.157
0.001	0.001	0.001	0.997
0.095	0.001	0.792	0.112
0.181	0.738	0.001	0.080
0.071	0.001	0.679	0.249
0.903	0.001	0.095	0.001
>TACAACAAACAT	12-TACAACAAACAT	13.272553	-20.390703	0	T:9.0(5.59%),B:113.1(0.28%),P:1e-8	Tpos:660.2,Tstd:340.0,Bpos:502.1,Bstd:316.2,StrandBias:1.8,Multiplicity:1.00
0.001	0.001	0.001	0.997
0.997	0.001	0.001	0.001
0.059	0.858	0.082	0.001
0.997	0.001	0.001	0.001
0.878	0.001	0.001	0.120
0.063	0.935	0.001	0.001
0.997	0.001	0.001	0.001
0.685	0.001	0.185	0.129
0.881	0.001	0.001	0.117
0.045	0.868	0.001	0.086
0.997	0.001	0.001	0.001
0.001	0.001	0.001	0.997
>AAGRTATCAACT	13-AAGRTATCAACT	12.092819	-20.111309	0	T:11.0(6.83%),B:217.5(0.53%),P:1e-8	Tpos:440.9,Tstd:266.0,Bpos:517.3,Bstd:310.6,StrandBias:-0.5,Multiplicity:1.09
0.818	0.180	0.001	0.001
0.997	0.001	0.001	0.001
0.143	0.001	0.855	0.001
0.416	0.001	0.522	0.061
0.211	0.001	0.001	0.787
0.997	0.001	0.001	0.001
0.001	0.001	0.001	0.997
0.001	0.997	0.001	0.001
0.997	0.001	0.001	0.001
0.997	0.001	0.001	0.001
0.077	0.750	0.001	0.172
0.001	0.180	0.001	0.818
>GTGATTTCCGAT	14-GTGATTTCCGAT	13.998747	-18.571747	0	T:7.0(4.35%),B:60.6(0.15%),P:1e-8	Tpos:369.0,Tstd:251.4,Bpos:429.9,Bstd:331.3,StrandBias:-0.7,Multiplicity:1.14
0.170	0.001	0.828	0.001
0.001	0.001	0.001	0.997
0.001	0.177	0.821	0.001
0.997	0.001	0.001	0.001
0.001	0.001	0.001	0.997
0.001	0.001	0.001	0.997
0.001	0.001	0.001	0.997
0.001	0.997	0.001	0.001
0.359	0.527	0.001	0.113
0.001	0.001	0.997	0.001
0.997	0.001	0.001	0.001
0.001	0.001	0.001	0.997
>AAACTGTTTGTG	15-AAACTGTTTGTG	9.622919	-17.519082	0	T:36.0(22.36%),B:3345.7(8.14%),P:1e-7	Tpos:596.3,Tstd:281.2,Bpos:509.4,Bstd:308.2,StrandBias:0.0,Multiplicity:1.03
0.902	0.096	0.001	0.001
0.971	0.001	0.001	0.027
0.918	0.022	0.035	0.025
0.044	0.779	0.126	0.051
0.056	0.053	0.084	0.807
0.026	0.033	0.841	0.100
0.085	0.001	0.001	0.913
0.100	0.072	0.036	0.792
0.001	0.091	0.095	0.813
0.063	0.074	0.781	0.082
0.053	0.107	0.134	0.706
0.079	0.072	0.792	0.057
>TGTGTTCTGTAT	16-TGTGTTCTGTAT	13.055548	-16.372145	0	T:8.0(4.97%),B:130.8(0.32%),P:1e-7	Tpos:354.2,Tstd:252.3,Bpos:497.6,Bstd:290.1,StrandBias:-1.0,Multiplicity:1.12
0.001	0.001	0.001	0.997
0.001	0.001	0.997	0.001
0.001	0.001	0.001	0.997
0.001	0.001	0.929	0.069
0.001	0.163	0.001	0.835
0.001	0.001	0.001	0.997
0.001	0.909	0.001	0.089
0.001	0.001	0.001	0.997
0.178	0.001	0.820	0.001
0.001	0.001	0.001	0.997
0.806	0.001	0.101	0.092
0.001	0.178	0.001	0.820
>CAGTTGATATCA	17-CAGTTGATATCA	13.399987	-15.921901	0	T:6.0(3.73%),B:54.0(0.13%),P:1e-6	Tpos:400.2,Tstd:297.3,Bpos:533.6,Bstd:268.8,StrandBias:0.0,Multiplicity:1.17
0.001	0.997	0.001	0.001
0.667	0.001	0.155	0.177
0.001	0.001	0.897	0.101
0.001	0.107	0.001	0.891
0.001	0.001	0.001	0.997
0.001	0.001	0.997	0.001
0.997	0.001	0.001	0.001
0.001	0.001	0.001	0.997
0.883	0.001	0.115	0.001
0.001	0.001	0.001	0.997
0.126	0.758	0.115	0.001
0.997	0.001	0.001	0.001
>TATAGMCMAATA	18-TATAGMCMAATA	10.319401	-15.495972	0	T:18.0(11.18%),B:1037.8(2.52%),P:1e-6	Tpos:552.8,Tstd:284.8,Bpos:511.9,Bstd:301.2,StrandBias:-0.6,Multiplicity:1.06
0.001	0.039	0.001	0.959
0.997	0.001	0.001	0.001
0.001	0.001	0.001	0.997
0.660	0.001	0.180	0.159
0.001	0.001	0.830	0.168
0.421	0.370	0.209	0.001
0.001	0.997	0.001	0.001
0.546	0.452	0.001	0.001
0.997	0.001	0.001	0.001
0.756	0.242	0.001	0.001
0.168	0.001	0.001	0.830
0.997	0.001	0.001	0.001
>TTGTTCTCAACT	19-TTGTTCTCAACT	12.355432	-15.346305	0	T:4.0(2.48%),B:10.2(0.02%),P:1e-6	Tpos:441.5,Tstd:262.7,Bpos:430.5,Bstd:188.7,StrandBias:0.0,Multiplicity:1.00
0.100	0.100	0.100	0.700
0.100	0.100	0.100	0.700
0.100	0.100	0.700	0.100
0.100	0.100	0.100	0.700
0.100	0.100	0.100	0.700
0.100	0.700	0.100	0.100
0.100	0.100	0.100	0.700
0.100	0.700	0.100	0.100
0.700	0.100	0.100	0.100
0.700	0.100	0.100	0.100
0.100	0.700	0.100	0.100
0.100	0.100	0.100	0.700
>TTAGATTTCTCT	20-TTAGATTTCTCT	10.424588	-15.221800	0	T:18.0(11.18%),B:1057.6(2.57%),P:1e-6	Tpos:533.1,Tstd:280.6,Bpos:518.6,Bstd:315.1,StrandBias:0.5,Multiplicity:1.06
0.149	0.001	0.045	0.805
0.050	0.046	0.049	0.855
0.756	0.147	0.052	0.045
0.046	0.001	0.819	0.134
0.602	0.212	0.144	0.042
0.115	0.100	0.001	0.784
0.046	0.087	0.001	0.866
0.001	0.001	0.001	0.997
0.001	0.997	0.001	0.001
0.095	0.001	0.001	0.903
0.105	0.755	0.139	0.001
0.001	0.001	0.120	0.878
>GGTATTCTCAAA	21-GGTATTCTCAAA	12.828014	-14.556349	0	T:6.0(3.73%),B:68.8(0.17%),P:1e-6	Tpos:509.3,Tstd:339.9,Bpos:447.9,Bstd:335.1,StrandBias:-2.6,Multiplicity:1.17
0.001	0.001	0.851	0.147
0.001	0.001	0.997	0.001
0.001	0.342	0.001	0.656
0.997	0.001	0.001	0.001
0.001	0.001	0.001	0.997
0.001	0.001	0.001	0.997
0.001	0.997	0.001	0.001
0.223	0.001	0.001	0.775
0.001	0.997	0.001	0.001
0.595	0.001	0.001	0.403
0.656	0.001	0.342	0.001
0.775	0.001	0.223	0.001
>GAGTTTTCTCTT	22-GAGTTTTCTCTT	13.584634	-13.967426	0	T:8.0(4.97%),B:181.1(0.44%),P:1e-6	Tpos:603.1,Tstd:198.3,Bpos:481.4,Bstd:302.4,StrandBias:1.6,Multiplicity:1.50
0.001	0.085	0.913	0.001
0.881	0.001	0.001	0.117
0.001	0.001	0.997	0.001
0.001	0.001	0.001	0.997
0.001	0.001	0.001	0.997
0.001	0.001	0.171	0.827
0.001	0.001	0.001	0.997
0.001	0.997	0.001	0.001
0.001	0.210	0.001	0.788
0.001	0.767	0.101	0.131
0.001	0.001	0.001	0.997
0.088	0.001	0.001	0.910
>TCTTAACTTTAA	23-TCTTAACTTTAA	14.041102	-12.456386	0	T:5.0(3.11%),B:55.9(0.14%),P:1e-5	Tpos:336.2,Tstd:312.6,Bpos:489.9,Bstd:282.8,StrandBias:-0.3,Multiplicity:1.80
0.001	0.001	0.001	0.997
0.001	0.997	0.001	0.001
0.001	0.001	0.001	0.997
0.001	0.001	0.001	0.997
0.897	0.101	0.001	0.001
0.847	0.151	0.001	0.001
0.001	0.997	0.001	0.001
0.001	0.001	0.001	0.997
0.001	0.001	0.001	0.997
0.001	0.001	0.001	0.997
0.897	0.101	0.001	0.001
0.997	0.001	0.001	0.001
>TATAGCTATACT	24-TATAGCTATACT	14.243151	-7.534272	0	T:2.0(1.24%),B:7.3(0.02%),P:1e-3	Tpos:455.6,Tstd:193.7,Bpos:399.7,Bstd:170.0,StrandBias:-0.4,Multiplicity:2.00
0.001	0.001	0.001	0.997
0.997	0.001	0.001	0.001
0.001	0.001	0.001	0.997
0.997	0.001	0.001	0.001
0.001	0.001	0.997	0.001
0.001	0.997	0.001	0.001
0.157	0.001	0.001	0.841
0.997	0.001	0.001	0.001
0.001	0.001	0.001	0.997
0.997	0.001	0.001	0.001
0.001	0.600	0.398	0.001
0.001	0.001	0.001	0.997
>GGACCACCWGGA	25-GGACCACCWGGA	12.940870	-5.744499	0	T:3.0(1.86%),B:72.5(0.18%),P:1e-2	Tpos:348.3,Tstd:195.4,Bpos:367.6,Bstd:243.9,StrandBias:1.8,Multiplicity:3.00
0.001	0.001	0.997	0.001
0.001	0.001	0.997	0.001
0.977	0.001	0.001	0.021
0.325	0.598	0.076	0.001
0.077	0.921	0.001	0.001
0.997	0.001	0.001	0.001
0.001	0.882	0.001	0.116
0.208	0.790	0.001	0.001
0.386	0.001	0.195	0.418
0.001	0.001	0.997	0.001
0.001	0.001	0.997	0.001
0.837	0.161	0.001	0.001
