>CAGCGCTGCCTG	6-CAGCGCTGCCTG,BestGuess:POL010.1_DCE_S_III/Jaspar(0.583)	8.200325	-12.534624	0	T:7.0(14.58%),B:498.3(1.34%),P:1e-5
0.001	0.707	0.215	0.077
0.498	0.215	0.223	0.064
0.056	0.146	0.797	0.001
0.001	0.930	0.001	0.068
0.145	0.001	0.853	0.001
0.069	0.861	0.001	0.069
0.069	0.154	0.004	0.773
0.001	0.120	0.741	0.138
0.137	0.661	0.069	0.133
0.001	0.638	0.284	0.077
0.001	0.069	0.077	0.853
0.077	0.077	0.708	0.138
