>TTTTTGTATACA	13-TTTTTGTATACA,BestGuess:POL012.1_TATA-Box/Jaspar(0.621)	11.030814	-15.448810	0	T:14.0(19.44%),B:1302.1(3.50%),P:1e-6
0.069	0.053	0.001	0.877
0.001	0.049	0.001	0.949
0.045	0.051	0.001	0.903
0.071	0.001	0.001	0.927
0.057	0.045	0.001	0.897
0.208	0.022	0.649	0.121
0.001	0.050	0.093	0.856
0.749	0.051	0.199	0.001
0.037	0.001	0.058	0.904
0.851	0.001	0.115	0.033
0.138	0.605	0.086	0.171
0.847	0.127	0.001	0.025
