>GGTCTCGCAACG	12-CGTTGCGAGACC	8.003919	-15.554293	0	T:20.0(27.78%),B:2745.6(7.39%),P:1e-6
0.001	0.127	0.662	0.210
0.126	0.212	0.661	0.001
0.001	0.001	0.208	0.790
0.001	0.892	0.052	0.055
0.200	0.263	0.001	0.536
0.080	0.619	0.189	0.112
0.124	0.001	0.738	0.137
0.104	0.729	0.166	0.001
0.931	0.067	0.001	0.001
0.833	0.008	0.027	0.132
0.071	0.864	0.008	0.057
0.130	0.001	0.757	0.112
