>GTTTTTGGCAAC	7-GTTTTTGGCAAC,BestGuess:fkh-9/MA1440.1/Jaspar(0.615)	9.916749	-24.463721	0	T:39.0(2.62%),B:283.6(0.70%),P:1e-10
0.045	0.223	0.504	0.228
0.023	0.158	0.053	0.766
0.044	0.021	0.014	0.921
0.061	0.020	0.208	0.711
0.070	0.039	0.216	0.675
0.237	0.178	0.034	0.551
0.214	0.059	0.618	0.109
0.176	0.038	0.558	0.228
0.149	0.623	0.048	0.180
0.807	0.074	0.033	0.086
0.550	0.161	0.157	0.132
0.198	0.472	0.033	0.297
