>GTTGCCAAAAAC	7-GTTTTTGGCAAC	9.916749	-24.463721	0	T:39.0(2.62%),B:283.6(0.70%),P:1e-10
0.297	0.033	0.472	0.198
0.132	0.157	0.161	0.550
0.086	0.033	0.074	0.807
0.180	0.048	0.623	0.149
0.228	0.558	0.038	0.176
0.109	0.618	0.059	0.214
0.551	0.034	0.178	0.237
0.675	0.216	0.039	0.070
0.711	0.208	0.020	0.061
0.921	0.014	0.021	0.044
0.766	0.053	0.158	0.023
0.228	0.504	0.223	0.045
