>ACAATATTGAAT	13-ATTCAATATTGT	11.831746	-19.934889	0	T:49.0(3.29%),B:492.1(1.21%),P:1e-8
0.954	0.001	0.044	0.001
0.106	0.882	0.001	0.011
0.895	0.027	0.033	0.045
0.926	0.001	0.020	0.053
0.102	0.001	0.049	0.848
0.979	0.001	0.001	0.019
0.088	0.001	0.049	0.862
0.001	0.023	0.001	0.975
0.023	0.009	0.967	0.001
0.947	0.027	0.001	0.025
0.846	0.152	0.001	0.001
0.028	0.001	0.049	0.922
