>CTCTACTTCTCA	1-CTCTACTTCTCA	12.206290	-25.263667	0	T:9.0(7.03%),B:77.6(0.20%),P:1e-10	Tpos:653.1,Tstd:290.5,Bpos:520.7,Bstd:299.8,StrandBias:1.8,Multiplicity:1.00
0.001	0.832	0.072	0.095
0.001	0.001	0.390	0.608
0.066	0.932	0.001	0.001
0.001	0.106	0.135	0.758
0.831	0.093	0.004	0.072
0.170	0.740	0.089	0.001
0.099	0.001	0.153	0.747
0.001	0.001	0.001	0.997
0.001	0.843	0.001	0.155
0.001	0.001	0.105	0.893
0.001	0.906	0.001	0.092
0.935	0.063	0.001	0.001
>AAGTTCGTCACA	2-AAGTTCGTCACA	13.952102	-24.736431	0	T:6.0(4.69%),B:13.0(0.03%),P:1e-10	Tpos:275.5,Tstd:157.2,Bpos:411.6,Bstd:214.8,StrandBias:2.3,Multiplicity:1.00
0.774	0.224	0.001	0.001
0.997	0.001	0.001	0.001
0.001	0.001	0.855	0.143
0.001	0.001	0.001	0.997
0.001	0.001	0.001	0.997
0.001	0.997	0.001	0.001
0.001	0.001	0.997	0.001
0.001	0.001	0.001	0.997
0.001	0.997	0.001	0.001
0.774	0.001	0.001	0.224
0.001	0.817	0.181	0.001
0.997	0.001	0.001	0.001
>TTTTTAAAACCC	3-TTTTTAAAACCC	12.690057	-20.320389	0	T:12.0(9.38%),B:333.8(0.84%),P:1e-8	Tpos:490.1,Tstd:274.8,Bpos:529.0,Bstd:317.0,StrandBias:1.0,Multiplicity:1.00
0.001	0.001	0.001	0.997
0.001	0.001	0.001	0.997
0.001	0.113	0.105	0.781
0.001	0.090	0.001	0.908
0.057	0.054	0.001	0.888
0.997	0.001	0.001	0.001
0.997	0.001	0.001	0.001
0.917	0.001	0.001	0.081
0.819	0.087	0.093	0.001
0.030	0.919	0.001	0.050
0.001	0.926	0.072	0.001
0.037	0.894	0.068	0.001
>GAGAAGAWCAAC	4-GAGAAGAWCAAC	11.462725	-19.843222	0	T:13.0(10.16%),B:431.5(1.09%),P:1e-8	Tpos:483.2,Tstd:263.5,Bpos:469.3,Bstd:326.8,StrandBias:-0.2,Multiplicity:1.15
0.001	0.001	0.997	0.001
0.997	0.001	0.001	0.001
0.001	0.001	0.997	0.001
0.997	0.001	0.001	0.001
0.782	0.001	0.001	0.216
0.253	0.001	0.745	0.001
0.777	0.221	0.001	0.001
0.404	0.226	0.001	0.369
0.001	0.997	0.001	0.001
0.997	0.001	0.001	0.001
0.616	0.382	0.001	0.001
0.060	0.714	0.137	0.089
>AKATCACTCAAC	5-AKATCACTCAAC	12.876092	-18.723739	0	T:6.0(4.69%),B:39.2(0.10%),P:1e-8	Tpos:410.7,Tstd:297.6,Bpos:520.8,Bstd:283.5,StrandBias:2.3,Multiplicity:1.00
0.997	0.001	0.001	0.001
0.001	0.177	0.409	0.412
0.645	0.177	0.177	0.001
0.001	0.001	0.001	0.997
0.001	0.997	0.001	0.001
0.997	0.001	0.001	0.001
0.001	0.997	0.001	0.001
0.001	0.001	0.001	0.997
0.234	0.764	0.001	0.001
0.997	0.001	0.001	0.001
0.997	0.001	0.001	0.001
0.001	0.997	0.001	0.001
>CAACTTTTGTAA	6-CAACTTTTGTAA	13.049776	-18.034053	0	T:9.0(7.03%),B:184.9(0.47%),P:1e-7	Tpos:496.0,Tstd:264.4,Bpos:484.3,Bstd:313.0,StrandBias:1.0,Multiplicity:1.00
0.070	0.928	0.001	0.001
0.997	0.001	0.001	0.001
0.878	0.001	0.001	0.120
0.057	0.784	0.111	0.048
0.001	0.001	0.001	0.997
0.001	0.001	0.001	0.997
0.001	0.136	0.001	0.862
0.001	0.120	0.001	0.878
0.077	0.001	0.921	0.001
0.001	0.069	0.001	0.929
0.899	0.001	0.099	0.001
0.997	0.001	0.001	0.001
>GCTGGTAGTCGT	7-GCTGGTAGTCGT	14.499231	-17.658543	0	T:4.0(3.12%),B:6.1(0.02%),P:1e-7	Tpos:492.2,Tstd:279.9,Bpos:490.3,Bstd:317.8,StrandBias:1.6,Multiplicity:1.00
0.001	0.001	0.997	0.001
0.001	0.997	0.001	0.001
0.001	0.001	0.001	0.997
0.001	0.219	0.779	0.001
0.001	0.001	0.997	0.001
0.001	0.001	0.001	0.997
0.728	0.001	0.001	0.270
0.001	0.001	0.997	0.001
0.237	0.001	0.001	0.761
0.001	0.997	0.001	0.001
0.001	0.001	0.997	0.001
0.001	0.001	0.001	0.997
>GACCAAAATTCC	8-GACCAAAATTCC	11.004520	-16.747355	0	T:6.0(4.69%),B:56.7(0.14%),P:1e-7	Tpos:338.1,Tstd:281.6,Bpos:427.4,Bstd:291.8,StrandBias:1.8,Multiplicity:1.50
0.001	0.001	0.991	0.007
0.671	0.001	0.327	0.001
0.001	0.997	0.001	0.001
0.001	0.961	0.037	0.001
0.660	0.001	0.338	0.001
0.997	0.001	0.001	0.001
0.723	0.001	0.275	0.001
0.997	0.001	0.001	0.001
0.001	0.001	0.001	0.997
0.001	0.381	0.001	0.617
0.001	0.981	0.017	0.001
0.001	0.997	0.001	0.001
>TATAATTTGAAA	9-TATAATTTGAAA	11.243714	-16.465857	0	T:23.0(17.97%),B:1932.4(4.89%),P:1e-7	Tpos:446.2,Tstd:259.0,Bpos:491.6,Bstd:298.6,StrandBias:0.3,Multiplicity:1.26
0.066	0.071	0.001	0.862
0.819	0.001	0.127	0.053
0.060	0.001	0.047	0.892
0.997	0.001	0.001	0.001
0.898	0.001	0.069	0.032
0.001	0.001	0.001	0.997
0.084	0.001	0.001	0.914
0.001	0.086	0.001	0.912
0.001	0.052	0.903	0.044
0.997	0.001	0.001	0.001
0.902	0.001	0.001	0.096
0.937	0.001	0.001	0.061
>TGTTCTTGTTTG	10-TGTTCTTGTTTG	13.159023	-16.095998	0	T:8.0(6.25%),B:165.1(0.42%),P:1e-6	Tpos:507.6,Tstd:310.8,Bpos:532.1,Bstd:311.8,StrandBias:0.0,Multiplicity:1.00
0.001	0.001	0.214	0.784
0.155	0.001	0.778	0.066
0.001	0.001	0.001	0.997
0.001	0.001	0.001	0.997
0.001	0.863	0.079	0.057
0.001	0.001	0.001	0.997
0.001	0.001	0.001	0.997
0.001	0.001	0.997	0.001
0.001	0.001	0.001	0.997
0.001	0.001	0.001	0.997
0.173	0.001	0.001	0.825
0.001	0.082	0.857	0.060
>AAACTCATTTTC	11-AAACTCATTTTC	13.262540	-16.003576	0	T:11.0(8.59%),B:402.3(1.02%),P:1e-6	Tpos:418.0,Tstd:209.5,Bpos:530.7,Bstd:310.6,StrandBias:2.3,Multiplicity:1.09
0.706	0.292	0.001	0.001
0.747	0.001	0.001	0.251
0.997	0.001	0.001	0.001
0.105	0.893	0.001	0.001
0.004	0.106	0.001	0.889
0.071	0.927	0.001	0.001
0.765	0.001	0.001	0.233
0.001	0.001	0.001	0.997
0.001	0.001	0.001	0.997
0.001	0.001	0.001	0.997
0.001	0.001	0.001	0.997
0.001	0.997	0.001	0.001
>TTGTCCTCTTTT	12-TTGTCCTCTTTT	13.435299	-15.815455	0	T:9.0(7.03%),B:241.8(0.61%),P:1e-6	Tpos:449.3,Tstd:189.0,Bpos:525.4,Bstd:315.8,StrandBias:1.2,Multiplicity:1.11
0.001	0.001	0.001	0.997
0.001	0.183	0.001	0.815
0.001	0.001	0.997	0.001
0.001	0.001	0.001	0.997
0.001	0.845	0.066	0.088
0.128	0.870	0.001	0.001
0.001	0.001	0.001	0.997
0.145	0.772	0.001	0.082
0.001	0.001	0.001	0.997
0.001	0.001	0.001	0.997
0.001	0.134	0.001	0.864
0.001	0.001	0.001	0.997
>TCTAGCTTTTCT	13-TCTAGCTTTTCT	12.975908	-15.296976	0	T:8.0(6.25%),B:184.4(0.47%),P:1e-6	Tpos:509.4,Tstd:301.5,Bpos:533.7,Bstd:292.8,StrandBias:0.3,Multiplicity:1.12
0.001	0.001	0.001	0.997
0.136	0.862	0.001	0.001
0.001	0.001	0.131	0.867
0.814	0.106	0.001	0.079
0.098	0.001	0.816	0.085
0.001	0.932	0.001	0.066
0.001	0.001	0.001	0.997
0.001	0.001	0.001	0.997
0.001	0.001	0.001	0.997
0.001	0.198	0.001	0.800
0.001	0.997	0.001	0.001
0.001	0.001	0.001	0.997
>GCTAAATATTTA	14-GCTAAATATTTA	9.919829	-15.092394	0	T:16.0(12.50%),B:1027.3(2.60%),P:1e-6	Tpos:263.4,Tstd:238.2,Bpos:496.1,Bstd:320.8,StrandBias:0.5,Multiplicity:1.50
0.066	0.042	0.856	0.036
0.043	0.893	0.001	0.063
0.001	0.112	0.067	0.820
0.732	0.115	0.057	0.096
0.774	0.086	0.036	0.104
0.890	0.030	0.001	0.079
0.036	0.056	0.001	0.907
0.857	0.056	0.086	0.001
0.042	0.001	0.001	0.956
0.092	0.175	0.037	0.696
0.001	0.113	0.042	0.844
0.790	0.179	0.001	0.030
>TATCGATTTTTA	15-TATCGATTTTTA	11.763811	-13.576479	0	T:21.0(16.41%),B:1938.2(4.90%),P:1e-5	Tpos:591.1,Tstd:261.1,Bpos:526.4,Bstd:335.8,StrandBias:1.3,Multiplicity:1.33
0.027	0.062	0.079	0.832
0.976	0.001	0.001	0.022
0.001	0.075	0.001	0.923
0.001	0.997	0.001	0.001
0.028	0.001	0.970	0.001
0.997	0.001	0.001	0.001
0.085	0.001	0.001	0.913
0.001	0.001	0.001	0.997
0.001	0.131	0.001	0.867
0.001	0.001	0.083	0.915
0.001	0.197	0.001	0.801
0.813	0.025	0.001	0.161
>TGAAATATTGTA	16-TGAAATATTGTA	13.098110	-12.846263	0	T:8.0(6.25%),B:258.9(0.66%),P:1e-5	Tpos:462.7,Tstd:281.6,Bpos:506.9,Bstd:313.9,StrandBias:0.3,Multiplicity:1.12
0.001	0.001	0.001	0.997
0.076	0.001	0.922	0.001
0.857	0.001	0.141	0.001
0.997	0.001	0.001	0.001
0.704	0.001	0.166	0.129
0.039	0.001	0.001	0.959
0.997	0.001	0.001	0.001
0.001	0.001	0.001	0.997
0.001	0.001	0.001	0.997
0.076	0.105	0.768	0.051
0.035	0.087	0.001	0.877
0.997	0.001	0.001	0.001
>AAATTGCAGAAA	17-AAATTGCAGAAA	12.285468	-11.594323	0	T:21.0(16.41%),B:2205.2(5.58%),P:1e-5	Tpos:402.2,Tstd:293.3,Bpos:493.5,Bstd:318.1,StrandBias:-0.5,Multiplicity:1.29
0.997	0.001	0.001	0.001
0.869	0.129	0.001	0.001
0.872	0.001	0.126	0.001
0.036	0.001	0.001	0.962
0.001	0.001	0.001	0.997
0.063	0.039	0.816	0.082
0.001	0.805	0.049	0.145
0.883	0.071	0.001	0.045
0.092	0.079	0.828	0.001
0.997	0.001	0.001	0.001
0.997	0.001	0.001	0.001
0.997	0.001	0.001	0.001
>CTGCGCCGATTC	18-CTGCGCCGATTC	14.776291	-11.479551	0	T:2.0(1.56%),B:0.0(0.00%),P:1e-4	Tpos:166.5,Tstd:140.5,Bpos:0.0,Bstd:0.0,StrandBias:10.0,Multiplicity:1.00
0.001	0.761	0.001	0.237
0.001	0.001	0.001	0.997
0.001	0.001	0.997	0.001
0.001	0.997	0.001	0.001
0.001	0.001	0.997	0.001
0.001	0.728	0.001	0.270
0.001	0.997	0.001	0.001
0.001	0.001	0.997	0.001
0.997	0.001	0.001	0.001
0.001	0.001	0.001	0.997
0.001	0.001	0.001	0.997
0.219	0.779	0.001	0.001
>TGGTCAGTGCAA	19-TGGTCAGTGCAA	10.557485	-11.052651	0	T:9.0(7.03%),B:438.7(1.11%),P:1e-4	Tpos:418.1,Tstd:214.7,Bpos:497.6,Bstd:296.6,StrandBias:-1.3,Multiplicity:1.56
0.001	0.128	0.188	0.683
0.001	0.154	0.826	0.019
0.161	0.001	0.837	0.001
0.001	0.001	0.329	0.669
0.001	0.997	0.001	0.001
0.997	0.001	0.001	0.001
0.001	0.001	0.811	0.187
0.001	0.001	0.001	0.997
0.001	0.001	0.703	0.295
0.001	0.649	0.162	0.188
0.997	0.001	0.001	0.001
0.863	0.001	0.008	0.128
>CCTGCAACACCT	20-CCTGCAACACCT	12.961636	-10.933928	0	T:3.0(2.34%),B:13.5(0.03%),P:1e-4	Tpos:555.8,Tstd:174.9,Bpos:484.2,Bstd:345.2,StrandBias:2.0,Multiplicity:1.67
0.001	0.997	0.001	0.001
0.001	0.997	0.001	0.001
0.001	0.001	0.223	0.775
0.001	0.001	0.997	0.001
0.001	0.775	0.001	0.223
0.723	0.275	0.001	0.001
0.997	0.001	0.001	0.001
0.001	0.997	0.001	0.001
0.997	0.001	0.001	0.001
0.001	0.723	0.275	0.001
0.001	0.997	0.001	0.001
0.001	0.001	0.001	0.997
>TACCYATCTTTG	21-TACCYATCTTTG	12.604464	-10.306702	0	T:4.0(3.12%),B:52.5(0.13%),P:1e-4	Tpos:335.2,Tstd:214.0,Bpos:414.0,Bstd:307.5,StrandBias:0.0,Multiplicity:1.50
0.001	0.001	0.001	0.997
0.906	0.001	0.001	0.092
0.001	0.884	0.106	0.009
0.001	0.997	0.001	0.001
0.001	0.469	0.203	0.326
0.997	0.001	0.001	0.001
0.159	0.165	0.001	0.675
0.001	0.817	0.001	0.181
0.001	0.001	0.001	0.997
0.179	0.001	0.203	0.617
0.001	0.001	0.164	0.834
0.001	0.162	0.836	0.001
>CTWCAGCACTCT	22-CTWCAGCACTCT	11.406641	-8.021578	0	T:6.0(4.69%),B:277.3(0.70%),P:1e-3	Tpos:584.8,Tstd:281.8,Bpos:507.2,Bstd:303.4,StrandBias:2.2,Multiplicity:1.83
0.185	0.548	0.121	0.146
0.001	0.001	0.001	0.997
0.473	0.001	0.170	0.356
0.001	0.997	0.001	0.001
0.821	0.008	0.001	0.170
0.001	0.001	0.845	0.153
0.177	0.528	0.001	0.294
0.997	0.001	0.001	0.001
0.001	0.997	0.001	0.001
0.001	0.001	0.001	0.997
0.001	0.828	0.001	0.170
0.001	0.001	0.001	0.997
>ACCAAAGTTAGG	23-ACCAAAGTTAGG	15.880370	-5.735866	0	T:1.0(0.78%),B:0.2(0.00%),P:1e-2	Tpos:88.7,Tstd:95.8,Bpos:537.0,Bstd:0.0,StrandBias:10.0,Multiplicity:3.00
0.850	0.001	0.148	0.001
0.001	0.997	0.001	0.001
0.001	0.997	0.001	0.001
0.997	0.001	0.001	0.001
0.830	0.168	0.001	0.001
0.997	0.001	0.001	0.001
0.121	0.001	0.877	0.001
0.001	0.001	0.001	0.997
0.001	0.001	0.001	0.997
0.778	0.001	0.220	0.001
0.001	0.001	0.997	0.001
0.001	0.001	0.997	0.001
>TATCCCTACAGT	24-TATCCCTACAGT	16.247885	-3.952112	0	T:1.0(0.78%),B:5.1(0.01%),P:1e-1	Tpos:509.2,Tstd:250.9,Bpos:509.6,Bstd:162.6,StrandBias:10.0,Multiplicity:5.00
0.001	0.001	0.001	0.997
0.997	0.001	0.001	0.001
0.001	0.001	0.001	0.997
0.001	0.997	0.001	0.001
0.142	0.856	0.001	0.001
0.001	0.997	0.001	0.001
0.001	0.001	0.001	0.997
0.997	0.001	0.001	0.001
0.001	0.997	0.001	0.001
0.997	0.001	0.001	0.001
0.001	0.181	0.817	0.001
0.001	0.001	0.001	0.997
>CCCCTACAGTAC	25-CCCCTACAGTAC	14.353134	-3.447676	0	T:1.0(0.78%),B:9.5(0.02%),P:1e-1	Tpos:512.0,Tstd:329.0,Bpos:452.3,Bstd:200.6,StrandBias:10.0,Multiplicity:2.00
0.001	0.596	0.001	0.402
0.001	0.732	0.001	0.266
0.203	0.707	0.001	0.089
0.001	0.596	0.140	0.263
0.001	0.001	0.001	0.997
0.997	0.001	0.001	0.001
0.001	0.997	0.001	0.001
0.997	0.001	0.001	0.001
0.001	0.001	0.997	0.001
0.229	0.001	0.001	0.769
0.859	0.001	0.139	0.001
0.001	0.853	0.001	0.145
