>GTTAGTGGCCTA	13-GTTAGTGGCCTA,BestGuess:POL004.1_CCAAT-box/Jaspar(0.555)	7.088955	-13.218327	0	T:28.0(29.79%),B:4655.7(11.61%),P:1e-5
0.176	0.116	0.611	0.097
0.024	0.124	0.035	0.817
0.094	0.098	0.045	0.763
0.669	0.074	0.085	0.172
0.141	0.033	0.786	0.040
0.036	0.001	0.044	0.919
0.005	0.119	0.705	0.171
0.192	0.040	0.731	0.037
0.128	0.832	0.001	0.039
0.212	0.607	0.040	0.141
0.040	0.079	0.111	0.770
0.797	0.069	0.001	0.133
