>AAGCCGCACAAT	5-ATTGTGCGGCTT	9.500721	-17.532615	0	T:9.0(20.00%),B:578.5(1.52%),P:1e-7
0.846	0.001	0.111	0.042
0.908	0.051	0.001	0.040
0.089	0.082	0.739	0.090
0.259	0.595	0.040	0.106
0.083	0.739	0.131	0.047
0.145	0.201	0.553	0.101
0.123	0.770	0.046	0.061
0.862	0.001	0.001	0.136
0.132	0.782	0.085	0.001
0.884	0.114	0.001	0.001
0.849	0.055	0.055	0.041
0.215	0.040	0.264	0.481
