>TTAATTTGATAT	1-TTAATTTGATAT	13.151904	-22.576004	0	T:11.0(15.71%),B:419.4(1.01%),P:1e-9	Tpos:424.7,Tstd:285.0,Bpos:509.0,Bstd:298.3,StrandBias:0.8,Multiplicity:1.00
0.001	0.001	0.001	0.997
0.001	0.087	0.001	0.911
0.997	0.001	0.001	0.001
0.771	0.001	0.137	0.091
0.080	0.001	0.001	0.918
0.001	0.001	0.139	0.859
0.001	0.001	0.001	0.997
0.001	0.001	0.912	0.086
0.997	0.001	0.001	0.001
0.001	0.001	0.001	0.997
0.997	0.001	0.001	0.001
0.167	0.001	0.122	0.710
>GCCCWYTGCCYR	2-GCCCWYTGCCYR	10.291106	-22.458895	0	T:5.0(7.14%),B:15.4(0.04%),P:1e-9	Tpos:634.8,Tstd:236.3,Bpos:517.8,Bstd:211.9,StrandBias:-0.6,Multiplicity:1.00
0.001	0.001	0.997	0.001
0.025	0.973	0.001	0.001
0.001	0.997	0.001	0.001
0.001	0.997	0.001	0.001
0.488	0.001	0.001	0.510
0.001	0.488	0.001	0.510
0.001	0.001	0.001	0.997
0.001	0.001	0.997	0.001
0.001	0.997	0.001	0.001
0.001	0.997	0.001	0.001
0.001	0.435	0.001	0.563
0.490	0.001	0.508	0.001
>CACCCATTTCTA	3-CACCCATTTCTA	13.759945	-21.663497	0	T:6.0(8.57%),B:47.7(0.11%),P:1e-9	Tpos:522.8,Tstd:185.1,Bpos:509.9,Bstd:265.5,StrandBias:-1.0,Multiplicity:1.00
0.151	0.847	0.001	0.001
0.814	0.184	0.001	0.001
0.137	0.861	0.001	0.001
0.001	0.997	0.001	0.001
0.125	0.873	0.001	0.001
0.997	0.001	0.001	0.001
0.001	0.001	0.001	0.997
0.222	0.001	0.001	0.776
0.001	0.001	0.001	0.997
0.001	0.997	0.001	0.001
0.001	0.001	0.001	0.997
0.997	0.001	0.001	0.001
>AGAAATTTCAGC	4-AGAAATTTCAGC	11.604269	-21.408264	0	T:13.0(18.57%),B:760.5(1.83%),P:1e-9	Tpos:590.4,Tstd:290.8,Bpos:500.0,Bstd:301.1,StrandBias:0.0,Multiplicity:1.08
0.814	0.001	0.001	0.184
0.334	0.001	0.664	0.001
0.638	0.360	0.001	0.001
0.997	0.001	0.001	0.001
0.876	0.001	0.122	0.001
0.068	0.001	0.001	0.930
0.001	0.001	0.001	0.997
0.282	0.260	0.001	0.457
0.001	0.813	0.001	0.185
0.730	0.161	0.108	0.001
0.136	0.001	0.862	0.001
0.188	0.735	0.076	0.001
>ACGTGTTCATGT	5-ACGTGTTCATGT	14.031606	-20.690379	0	T:6.0(8.57%),B:56.7(0.14%),P:1e-8	Tpos:420.0,Tstd:355.6,Bpos:498.1,Bstd:287.2,StrandBias:-1.0,Multiplicity:1.00
0.997	0.001	0.001	0.001
0.001	0.997	0.001	0.001
0.144	0.165	0.690	0.001
0.001	0.001	0.001	0.997
0.001	0.191	0.673	0.135
0.001	0.001	0.001	0.997
0.001	0.001	0.001	0.997
0.001	0.997	0.001	0.001
0.816	0.001	0.001	0.182
0.001	0.001	0.001	0.997
0.001	0.001	0.997	0.001
0.001	0.001	0.001	0.997
>AGTTTTAATGGG	6-AGTTTTAATGGG	11.708383	-19.143202	0	T:7.0(10.00%),B:136.9(0.33%),P:1e-8	Tpos:381.1,Tstd:230.7,Bpos:514.5,Bstd:313.1,StrandBias:0.4,Multiplicity:1.00
0.997	0.001	0.001	0.001
0.001	0.321	0.677	0.001
0.001	0.001	0.001	0.997
0.001	0.001	0.001	0.997
0.001	0.001	0.001	0.997
0.001	0.001	0.001	0.997
0.697	0.001	0.001	0.301
0.975	0.001	0.001	0.023
0.001	0.001	0.001	0.997
0.001	0.001	0.997	0.001
0.001	0.001	0.997	0.001
0.001	0.022	0.684	0.293
>CCCGAAAAATTT	7-CCCGAAAAATTT	13.110390	-18.094802	0	T:9.0(12.86%),B:365.7(0.88%),P:1e-7	Tpos:488.8,Tstd:272.4,Bpos:507.5,Bstd:301.4,StrandBias:1.2,Multiplicity:1.11
0.001	0.814	0.100	0.085
0.001	0.925	0.001	0.073
0.001	0.920	0.001	0.078
0.001	0.001	0.997	0.001
0.827	0.001	0.001	0.171
0.834	0.164	0.001	0.001
0.997	0.001	0.001	0.001
0.997	0.001	0.001	0.001
0.877	0.001	0.121	0.001
0.094	0.001	0.001	0.904
0.001	0.001	0.001	0.997
0.001	0.001	0.001	0.997
>ATCATAGACCAA	8-ATCATAGACCAA	14.341849	-17.899526	0	T:5.0(7.14%),B:42.4(0.10%),P:1e-7	Tpos:524.2,Tstd:110.3,Bpos:552.4,Bstd:291.5,StrandBias:-2.0,Multiplicity:1.00
0.708	0.290	0.001	0.001
0.001	0.001	0.001	0.997
0.001	0.997	0.001	0.001
0.997	0.001	0.001	0.001
0.001	0.001	0.251	0.747
0.997	0.001	0.001	0.001
0.001	0.001	0.997	0.001
0.997	0.001	0.001	0.001
0.196	0.802	0.001	0.001
0.001	0.997	0.001	0.001
0.997	0.001	0.001	0.001
0.997	0.001	0.001	0.001
>ACTWCKGTAGAM	9-ACTWCKGTAGAM	8.894142	-17.474384	0	T:7.0(10.00%),B:175.2(0.42%),P:1e-7	Tpos:445.1,Tstd:361.6,Bpos:509.6,Bstd:275.0,StrandBias:-0.4,Multiplicity:1.00
0.997	0.001	0.001	0.001
0.001	0.997	0.001	0.001
0.387	0.001	0.006	0.606
0.476	0.001	0.001	0.522
0.001	0.997	0.001	0.001
0.001	0.001	0.473	0.525
0.001	0.001	0.997	0.001
0.001	0.001	0.392	0.606
0.997	0.001	0.001	0.001
0.001	0.001	0.997	0.001
0.997	0.001	0.001	0.001
0.542	0.456	0.001	0.001
>CAAAGAMWRAAT	10-CAAAGAMWRAAT	12.145113	-15.540898	0	T:8.0(11.43%),B:354.1(0.85%),P:1e-6	Tpos:368.5,Tstd:188.9,Bpos:508.2,Bstd:300.7,StrandBias:-0.7,Multiplicity:1.00
0.001	0.887	0.001	0.111
0.997	0.001	0.001	0.001
0.997	0.001	0.001	0.001
0.825	0.173	0.001	0.001
0.073	0.001	0.753	0.173
0.989	0.001	0.009	0.001
0.483	0.515	0.001	0.001
0.464	0.001	0.001	0.534
0.470	0.001	0.503	0.026
0.729	0.199	0.071	0.001
0.997	0.001	0.001	0.001
0.235	0.002	0.001	0.762
>TATGAAAAATGT	11-TATGAAAAATGT	12.977680	-15.255495	0	T:10.0(14.29%),B:680.2(1.64%),P:1e-6	Tpos:577.5,Tstd:315.6,Bpos:496.5,Bstd:297.7,StrandBias:-2.2,Multiplicity:1.10
0.058	0.001	0.096	0.845
0.913	0.057	0.001	0.029
0.072	0.001	0.001	0.926
0.061	0.001	0.937	0.001
0.997	0.001	0.001	0.001
0.997	0.001	0.001	0.001
0.997	0.001	0.001	0.001
0.997	0.001	0.001	0.001
0.904	0.094	0.001	0.001
0.001	0.001	0.134	0.864
0.001	0.102	0.837	0.060
0.063	0.001	0.104	0.832
>TTGTAAATTTCA	12-TTGTAAATTTCA	14.437135	-14.383981	0	T:6.0(8.57%),B:171.6(0.41%),P:1e-6	Tpos:488.0,Tstd:245.9,Bpos:484.4,Bstd:299.8,StrandBias:0.0,Multiplicity:1.00
0.001	0.001	0.001	0.997
0.001	0.001	0.001	0.997
0.001	0.001	0.997	0.001
0.001	0.001	0.001	0.997
0.997	0.001	0.001	0.001
0.997	0.001	0.001	0.001
0.851	0.001	0.001	0.147
0.001	0.001	0.220	0.778
0.001	0.001	0.001	0.997
0.001	0.001	0.001	0.997
0.001	0.997	0.001	0.001
0.997	0.001	0.001	0.001
>ACAACAATGATA	13-ACAACAATGATA	14.376019	-13.826009	0	T:3.0(4.29%),B:9.7(0.02%),P:1e-6	Tpos:816.0,Tstd:118.5,Bpos:526.7,Bstd:196.7,StrandBias:-1.0,Multiplicity:1.00
0.812	0.186	0.001	0.001
0.075	0.667	0.067	0.191
0.902	0.001	0.001	0.096
0.997	0.001	0.001	0.001
0.097	0.738	0.089	0.076
0.802	0.100	0.097	0.001
0.997	0.001	0.001	0.001
0.001	0.001	0.171	0.827
0.001	0.075	0.794	0.130
0.997	0.001	0.001	0.001
0.100	0.001	0.089	0.810
0.685	0.094	0.001	0.220
>TACTACAAACTA	14-TACTACAAACTA	10.786734	-12.886425	0	T:9.0(12.86%),B:687.8(1.65%),P:1e-5	Tpos:491.1,Tstd:209.9,Bpos:508.3,Bstd:315.1,StrandBias:0.0,Multiplicity:1.56
0.003	0.004	0.291	0.702
0.890	0.001	0.108	0.001
0.172	0.826	0.001	0.001
0.228	0.001	0.247	0.524
0.751	0.001	0.247	0.001
0.001	0.984	0.007	0.008
0.771	0.001	0.001	0.227
0.989	0.001	0.001	0.009
0.804	0.001	0.001	0.194
0.001	0.997	0.001	0.001
0.001	0.001	0.001	0.997
0.804	0.001	0.001	0.194
>GCATCAMTCAAA	15-GCATCAMTCAAA	9.841651	-12.801734	0	T:10.0(14.29%),B:896.4(2.16%),P:1e-5	Tpos:427.9,Tstd:337.2,Bpos:506.4,Bstd:290.8,StrandBias:0.0,Multiplicity:1.20
0.046	0.128	0.825	0.001
0.062	0.936	0.001	0.001
0.719	0.001	0.208	0.072
0.001	0.089	0.086	0.824
0.105	0.893	0.001	0.001
0.932	0.001	0.066	0.001
0.314	0.452	0.175	0.059
0.003	0.259	0.016	0.722
0.269	0.715	0.015	0.001
0.925	0.001	0.073	0.001
0.997	0.001	0.001	0.001
0.775	0.001	0.118	0.106
>GTTAGATATGGC	16-GTTAGATATGGC	14.825316	-12.791343	0	T:2.0(2.86%),B:0.9(0.00%),P:1e-5	Tpos:739.7,Tstd:189.5,Bpos:317.2,Bstd:3.5,StrandBias:1.0,Multiplicity:1.50
0.001	0.279	0.719	0.001
0.001	0.001	0.001	0.997
0.160	0.001	0.001	0.838
0.719	0.001	0.001	0.279
0.001	0.001	0.997	0.001
0.997	0.001	0.001	0.001
0.001	0.001	0.001	0.997
0.997	0.001	0.001	0.001
0.001	0.001	0.001	0.997
0.001	0.001	0.997	0.001
0.001	0.001	0.997	0.001
0.001	0.997	0.001	0.001
>ATTATCGATTTT	17-ATTATCGATTTT	10.659597	-7.733494	0	T:15.0(21.43%),B:3379.5(8.13%),P:1e-3	Tpos:542.8,Tstd:265.5,Bpos:540.5,Bstd:309.4,StrandBias:0.5,Multiplicity:2.73
0.895	0.046	0.001	0.058
0.129	0.001	0.001	0.869
0.049	0.001	0.001	0.949
0.997	0.001	0.001	0.001
0.001	0.001	0.001	0.997
0.001	0.926	0.001	0.072
0.001	0.001	0.997	0.001
0.929	0.001	0.069	0.001
0.001	0.001	0.095	0.903
0.001	0.001	0.001	0.997
0.001	0.001	0.001	0.997
0.064	0.001	0.001	0.934
>GTCAATACATTG	18-GTCAATACATTG	12.355432	-5.696171	0	T:1.0(1.43%),B:1.7(0.00%),P:1e-2	Tpos:194.5,Tstd:116.9,Bpos:493.9,Bstd:51.1,StrandBias:10.0,Multiplicity:14.00
0.100	0.100	0.700	0.100
0.100	0.100	0.100	0.700
0.100	0.700	0.100	0.100
0.700	0.100	0.100	0.100
0.700	0.100	0.100	0.100
0.100	0.100	0.100	0.700
0.700	0.100	0.100	0.100
0.100	0.700	0.100	0.100
0.700	0.100	0.100	0.100
0.100	0.100	0.100	0.700
0.100	0.100	0.100	0.700
0.100	0.100	0.700	0.100
>TAAGGATTTCCC	19-TAAGGATTTCCC	16.510366	-5.004681	0	T:1.0(1.43%),B:3.5(0.01%),P:1e-2	Tpos:192.0,Tstd:108.5,Bpos:289.6,Bstd:304.0,StrandBias:10.0,Multiplicity:13.00
0.001	0.001	0.001	0.997
0.997	0.001	0.001	0.001
0.997	0.001	0.001	0.001
0.001	0.001	0.997	0.001
0.001	0.001	0.997	0.001
0.997	0.001	0.001	0.001
0.001	0.086	0.001	0.912
0.001	0.001	0.001	0.997
0.001	0.001	0.001	0.997
0.001	0.997	0.001	0.001
0.001	0.997	0.001	0.001
0.001	0.997	0.001	0.001
