>CCGTCTCTTC	1-CCGTCTCTTC	7.191829	-24.612553	0	T:37.0(14.92%),B:1588.7(4.11%),P:1e-10	Tpos:545.1,Tstd:286.8,Bpos:542.3,Bstd:352.5,StrandBias:0.0,Multiplicity:1.03
0.214	0.519	0.239	0.028
0.211	0.510	0.233	0.046
0.060	0.036	0.621	0.283
0.065	0.103	0.012	0.820
0.009	0.665	0.012	0.314
0.019	0.065	0.337	0.579
0.214	0.537	0.016	0.233
0.290	0.047	0.177	0.487
0.146	0.251	0.186	0.417
0.026	0.639	0.026	0.309
>GTTAAATGCG	2-GTTAAATGCG	8.623701	-24.003134	0	T:27.0(10.89%),B:876.9(2.27%),P:1e-10	Tpos:461.4,Tstd:283.7,Bpos:522.2,Bstd:351.3,StrandBias:-1.1,Multiplicity:1.00
0.198	0.198	0.603	0.001
0.172	0.044	0.060	0.724
0.041	0.020	0.196	0.743
0.847	0.018	0.052	0.083
0.803	0.032	0.118	0.047
0.797	0.136	0.001	0.066
0.108	0.088	0.088	0.716
0.222	0.035	0.623	0.120
0.021	0.794	0.033	0.152
0.252	0.035	0.693	0.020
>AATCGATTKA	3-AATCGATTKA	8.788759	-20.629738	0	T:112.0(45.16%),B:10495.9(27.15%),P:1e-8	Tpos:588.6,Tstd:279.8,Bpos:526.8,Bstd:360.4,StrandBias:-0.1,Multiplicity:1.55
0.661	0.065	0.001	0.273
0.768	0.001	0.169	0.062
0.001	0.001	0.001	0.997
0.001	0.722	0.001	0.276
0.157	0.001	0.722	0.120
0.894	0.104	0.001	0.001
0.099	0.001	0.001	0.899
0.068	0.001	0.001	0.930
0.001	0.083	0.392	0.524
0.823	0.001	0.001	0.175
>CACGCGATCC	4-CACGCGATCC	7.634933	-20.412150	0	T:36.0(14.52%),B:1766.0(4.57%),P:1e-8	Tpos:621.4,Tstd:231.9,Bpos:531.3,Bstd:359.0,StrandBias:0.4,Multiplicity:1.14
0.104	0.799	0.060	0.037
0.934	0.046	0.001	0.019
0.079	0.827	0.026	0.068
0.067	0.030	0.836	0.067
0.068	0.816	0.039	0.077
0.099	0.026	0.843	0.032
0.637	0.129	0.100	0.134
0.087	0.094	0.070	0.749
0.049	0.758	0.153	0.040
0.019	0.815	0.079	0.087
>TGAACGAAGA	5-TGAACGAAGA	7.816042	-19.895804	0	T:86.0(34.68%),B:7231.9(18.71%),P:1e-8	Tpos:496.1,Tstd:301.0,Bpos:517.3,Bstd:331.8,StrandBias:-0.6,Multiplicity:1.17
0.001	0.032	0.033	0.934
0.062	0.088	0.849	0.001
0.997	0.001	0.001	0.001
0.969	0.001	0.001	0.029
0.149	0.739	0.058	0.054
0.047	0.164	0.788	0.001
0.905	0.051	0.043	0.001
0.968	0.001	0.001	0.030
0.038	0.001	0.935	0.026
0.937	0.001	0.061	0.001
>CTCCGCATTC	6-CTCCGCATTC	10.051697	-19.867064	0	T:19.0(7.66%),B:519.5(1.34%),P:1e-8	Tpos:580.8,Tstd:278.9,Bpos:494.5,Bstd:343.4,StrandBias:0.3,Multiplicity:1.11
0.001	0.835	0.001	0.163
0.001	0.001	0.081	0.917
0.080	0.867	0.001	0.052
0.001	0.866	0.066	0.067
0.001	0.036	0.932	0.031
0.097	0.901	0.001	0.001
0.830	0.101	0.068	0.001
0.072	0.001	0.001	0.926
0.001	0.001	0.001	0.997
0.001	0.997	0.001	0.001
>CAGGAAAATC	7-CAGGAAAATC	10.255845	-19.487585	0	T:39.0(15.73%),B:2102.9(5.44%),P:1e-8	Tpos:527.0,Tstd:310.9,Bpos:503.5,Bstd:344.8,StrandBias:-1.0,Multiplicity:1.15
0.168	0.707	0.001	0.124
0.901	0.023	0.001	0.075
0.001	0.001	0.908	0.090
0.001	0.001	0.997	0.001
0.959	0.039	0.001	0.001
0.952	0.001	0.046	0.001
0.958	0.040	0.001	0.001
0.964	0.034	0.001	0.001
0.099	0.021	0.136	0.744
0.023	0.901	0.075	0.001
>AAAAGTCTTA	8-AAAAGTCTTA	9.886652	-18.822200	0	T:23.0(9.27%),B:822.7(2.13%),P:1e-8	Tpos:493.1,Tstd:242.0,Bpos:508.7,Bstd:296.5,StrandBias:-0.1,Multiplicity:1.00
0.861	0.001	0.001	0.137
0.997	0.001	0.001	0.001
0.844	0.001	0.154	0.001
0.919	0.001	0.001	0.079
0.001	0.001	0.997	0.001
0.001	0.001	0.001	0.997
0.001	0.997	0.001	0.001
0.001	0.001	0.335	0.663
0.001	0.001	0.001	0.997
0.955	0.001	0.043	0.001
>GATAGTCATG	9-GATAGTCATG	8.242663	-18.598879	0	T:20.0(8.06%),B:627.9(1.62%),P:1e-8	Tpos:434.5,Tstd:209.6,Bpos:475.2,Bstd:324.4,StrandBias:0.6,Multiplicity:1.15
0.104	0.153	0.714	0.029
0.634	0.063	0.174	0.129
0.040	0.070	0.060	0.830
0.644	0.106	0.226	0.024
0.172	0.032	0.672	0.124
0.188	0.046	0.056	0.710
0.167	0.563	0.117	0.153
0.651	0.054	0.250	0.045
0.058	0.088	0.062	0.792
0.207	0.067	0.586	0.140
>AGAGCCGGAM	10-AGAGCCGGAM	9.093340	-18.166221	0	T:24.0(9.68%),B:926.5(2.40%),P:1e-7	Tpos:462.0,Tstd:310.0,Bpos:515.0,Bstd:329.0,StrandBias:-0.1,Multiplicity:1.21
0.640	0.276	0.001	0.083
0.001	0.001	0.997	0.001
0.850	0.001	0.148	0.001
0.001	0.001	0.898	0.100
0.001	0.997	0.001	0.001
0.398	0.600	0.001	0.001
0.001	0.001	0.997	0.001
0.053	0.240	0.706	0.001
0.728	0.117	0.154	0.001
0.492	0.351	0.155	0.001
>GCGGGACCCA	11-GCGGGACCCA	7.482833	-17.398299	0	T:35.0(14.11%),B:1897.4(4.91%),P:1e-7	Tpos:551.5,Tstd:251.1,Bpos:536.0,Bstd:338.9,StrandBias:-0.4,Multiplicity:1.17
0.018	0.048	0.915	0.019
0.171	0.668	0.091	0.070
0.023	0.017	0.915	0.045
0.025	0.027	0.880	0.068
0.075	0.084	0.769	0.072
0.815	0.060	0.001	0.124
0.138	0.781	0.037	0.044
0.094	0.719	0.105	0.082
0.048	0.779	0.052	0.121
0.771	0.115	0.077	0.037
>GCAAACCGCT	12-GCAAACCGCT	8.935413	-17.266055	0	T:17.0(6.85%),B:486.8(1.26%),P:1e-7	Tpos:530.3,Tstd:275.2,Bpos:493.5,Bstd:298.8,StrandBias:-2.3,Multiplicity:1.06
0.068	0.107	0.758	0.067
0.001	0.997	0.001	0.001
0.902	0.096	0.001	0.001
0.997	0.001	0.001	0.001
0.876	0.122	0.001	0.001
0.060	0.938	0.001	0.001
0.066	0.932	0.001	0.001
0.001	0.001	0.929	0.069
0.058	0.871	0.001	0.070
0.001	0.044	0.080	0.875
>CCGGTTCCAC	13-CCGGTTCCAC	10.696503	-17.209286	0	T:10.0(4.03%),B:134.1(0.35%),P:1e-7	Tpos:391.2,Tstd:332.1,Bpos:514.3,Bstd:357.2,StrandBias:0.0,Multiplicity:1.00
0.001	0.782	0.001	0.216
0.001	0.875	0.001	0.123
0.001	0.001	0.997	0.001
0.001	0.160	0.838	0.001
0.131	0.001	0.001	0.867
0.001	0.001	0.001	0.997
0.001	0.997	0.001	0.001
0.001	0.732	0.001	0.266
0.834	0.001	0.164	0.001
0.001	0.997	0.001	0.001
>ACACTCATCG	14-ACACTCATCG	9.667216	-17.047572	0	T:18.0(7.26%),B:557.3(1.44%),P:1e-7	Tpos:474.3,Tstd:201.8,Bpos:530.8,Bstd:345.2,StrandBias:0.0,Multiplicity:1.11
0.997	0.001	0.001	0.001
0.031	0.901	0.067	0.001
0.848	0.001	0.094	0.057
0.001	0.834	0.065	0.100
0.001	0.073	0.048	0.878
0.067	0.878	0.054	0.001
0.950	0.001	0.001	0.048
0.070	0.001	0.001	0.928
0.001	0.958	0.001	0.040
0.001	0.001	0.872	0.126
>GGATCGATAA	15-GGATCGATAA	9.223040	-16.618550	0	T:25.0(10.08%),B:1087.6(2.81%),P:1e-7	Tpos:582.5,Tstd:254.7,Bpos:540.9,Bstd:348.8,StrandBias:0.7,Multiplicity:1.04
0.146	0.022	0.804	0.028
0.106	0.040	0.853	0.001
0.923	0.001	0.001	0.075
0.049	0.062	0.001	0.888
0.049	0.890	0.060	0.001
0.030	0.054	0.915	0.001
0.997	0.001	0.001	0.001
0.001	0.056	0.042	0.901
0.861	0.088	0.050	0.001
0.997	0.001	0.001	0.001
>TCGGCCYGAA	16-TCGGCCYGAA	8.468318	-16.082199	0	T:36.0(14.52%),B:2100.4(5.43%),P:1e-6	Tpos:498.9,Tstd:257.0,Bpos:502.6,Bstd:345.8,StrandBias:0.4,Multiplicity:1.14
0.017	0.070	0.077	0.836
0.093	0.502	0.054	0.351
0.014	0.098	0.556	0.332
0.047	0.088	0.794	0.071
0.044	0.889	0.030	0.037
0.069	0.872	0.023	0.036
0.001	0.532	0.017	0.450
0.329	0.077	0.579	0.015
0.978	0.003	0.001	0.018
0.997	0.001	0.001	0.001
>CGAATACCCA	17-CGAATACCCA	9.856262	-15.759542	0	T:17.0(6.85%),B:542.6(1.40%),P:1e-6	Tpos:536.7,Tstd:302.9,Bpos:499.8,Bstd:306.2,StrandBias:0.7,Multiplicity:1.06
0.064	0.797	0.074	0.065
0.001	0.001	0.997	0.001
0.997	0.001	0.001	0.001
0.895	0.103	0.001	0.001
0.075	0.001	0.001	0.923
0.883	0.001	0.072	0.044
0.056	0.842	0.101	0.001
0.048	0.896	0.055	0.001
0.001	0.840	0.066	0.093
0.997	0.001	0.001	0.001
>TTTTTAATCA	18-TTTTTAATCA	10.296193	-15.179753	0	T:22.0(8.87%),B:933.0(2.41%),P:1e-6	Tpos:463.0,Tstd:249.8,Bpos:539.6,Bstd:334.8,StrandBias:0.9,Multiplicity:1.05
0.100	0.100	0.100	0.700
0.100	0.100	0.100	0.700
0.100	0.100	0.100	0.700
0.100	0.100	0.100	0.700
0.100	0.100	0.100	0.700
0.700	0.100	0.100	0.100
0.700	0.100	0.100	0.100
0.100	0.100	0.100	0.700
0.100	0.700	0.100	0.100
0.700	0.100	0.100	0.100
>TGTCGTCTCT	19-TGTCGTCTCT	9.635559	-14.989884	0	T:25.0(10.08%),B:1188.1(3.07%),P:1e-6	Tpos:528.9,Tstd:289.9,Bpos:527.7,Bstd:329.8,StrandBias:0.5,Multiplicity:1.08
0.001	0.035	0.001	0.963
0.059	0.001	0.837	0.103
0.001	0.001	0.001	0.997
0.035	0.836	0.044	0.085
0.039	0.054	0.810	0.097
0.084	0.001	0.066	0.849
0.001	0.841	0.061	0.097
0.047	0.001	0.001	0.951
0.001	0.997	0.001	0.001
0.001	0.052	0.001	0.946
>TGTCTCCGCA	20-TGTCTCCGCA	8.521909	-14.138535	0	T:33.0(13.31%),B:1984.9(5.13%),P:1e-6	Tpos:673.5,Tstd:253.2,Bpos:534.3,Bstd:346.5,StrandBias:0.4,Multiplicity:1.21
0.074	0.242	0.085	0.599
0.131	0.106	0.647	0.116
0.001	0.001	0.001	0.997
0.001	0.997	0.001	0.001
0.001	0.214	0.001	0.784
0.001	0.823	0.110	0.066
0.001	0.711	0.001	0.287
0.001	0.001	0.833	0.165
0.059	0.939	0.001	0.001
0.775	0.165	0.001	0.059
>GCTATATATT	21-GCTATATATT	9.519193	-14.120675	0	T:23.0(9.27%),B:1077.9(2.79%),P:1e-6	Tpos:485.8,Tstd:282.5,Bpos:515.4,Bstd:326.6,StrandBias:0.0,Multiplicity:1.22
0.001	0.001	0.997	0.001
0.081	0.917	0.001	0.001
0.097	0.001	0.001	0.901
0.891	0.001	0.001	0.107
0.044	0.251	0.003	0.702
0.947	0.001	0.051	0.001
0.001	0.149	0.087	0.763
0.910	0.088	0.001	0.001
0.001	0.001	0.001	0.997
0.001	0.101	0.184	0.714
>TTCGCCGCGA	22-TTCGCCGCGA	10.407024	-13.466974	0	T:14.0(5.65%),B:436.3(1.13%),P:1e-5	Tpos:436.4,Tstd:268.3,Bpos:517.5,Bstd:344.2,StrandBias:0.0,Multiplicity:1.00
0.122	0.136	0.179	0.563
0.001	0.001	0.001	0.997
0.001	0.997	0.001	0.001
0.001	0.167	0.831	0.001
0.318	0.680	0.001	0.001
0.001	0.849	0.149	0.001
0.001	0.001	0.997	0.001
0.237	0.491	0.271	0.001
0.001	0.001	0.997	0.001
0.997	0.001	0.001	0.001
>CTCTCTCTCA	23-CTCTCTCTCA	9.584978	-11.559442	0	T:31.0(12.50%),B:2038.7(5.27%),P:1e-5	Tpos:519.4,Tstd:299.8,Bpos:554.5,Bstd:346.1,StrandBias:0.2,Multiplicity:1.19
0.017	0.907	0.056	0.020
0.050	0.042	0.001	0.907
0.023	0.948	0.028	0.001
0.016	0.001	0.001	0.982
0.036	0.897	0.041	0.026
0.001	0.001	0.144	0.854
0.001	0.997	0.001	0.001
0.076	0.001	0.126	0.797
0.024	0.921	0.026	0.029
0.805	0.001	0.031	0.163
>MTCCGGATCT	24-MTCCGGATCT	9.174226	-11.013440	0	T:18.0(7.26%),B:862.2(2.23%),P:1e-4	Tpos:457.6,Tstd:269.0,Bpos:487.7,Bstd:353.1,StrandBias:-0.8,Multiplicity:1.00
0.459	0.496	0.031	0.014
0.001	0.008	0.001	0.990
0.006	0.992	0.001	0.001
0.001	0.823	0.114	0.062
0.057	0.001	0.873	0.069
0.051	0.115	0.818	0.016
0.973	0.001	0.001	0.025
0.001	0.001	0.073	0.925
0.142	0.722	0.105	0.031
0.133	0.009	0.001	0.857
>TCCGGATCTA	25-TCCGGATCTA	11.488569	-3.135948	0	T:3.0(1.21%),B:119.3(0.31%),P:1e-1	Tpos:624.5,Tstd:167.1,Bpos:435.4,Bstd:350.7,StrandBias:-0.8,Multiplicity:5.50
0.001	0.001	0.001	0.997
0.001	0.997	0.001	0.001
0.001	0.997	0.001	0.001
0.001	0.001	0.997	0.001
0.001	0.001	0.997	0.001
0.997	0.001	0.001	0.001
0.001	0.001	0.001	0.997
0.001	0.997	0.001	0.001
0.001	0.107	0.001	0.891
0.891	0.001	0.107	0.001
>CGATTTTCTGMT	1-CGATTTTCTGMT	10.257076	-24.938168	0	T:46.0(18.55%),B:2335.7(6.04%),P:1e-10	Tpos:473.0,Tstd:267.0,Bpos:511.0,Bstd:327.9,StrandBias:1.3,Multiplicity:1.18
0.001	0.932	0.066	0.001
0.319	0.001	0.559	0.121
0.894	0.001	0.104	0.001
0.001	0.001	0.001	0.997
0.001	0.001	0.001	0.997
0.001	0.001	0.232	0.766
0.001	0.263	0.204	0.532
0.076	0.922	0.001	0.001
0.001	0.001	0.001	0.997
0.221	0.001	0.777	0.001
0.490	0.391	0.001	0.118
0.313	0.001	0.001	0.685
>TTTTTCTTTGTT	2-TTTTTCTTTGTT	10.271249	-22.705747	0	T:67.0(27.02%),B:4644.2(12.01%),P:1e-9	Tpos:545.9,Tstd:287.6,Bpos:530.7,Bstd:328.4,StrandBias:1.3,Multiplicity:1.27
0.137	0.001	0.001	0.861
0.001	0.001	0.001	0.997
0.059	0.238	0.175	0.528
0.001	0.001	0.001	0.997
0.001	0.157	0.076	0.766
0.080	0.918	0.001	0.001
0.001	0.054	0.110	0.835
0.001	0.001	0.071	0.927
0.001	0.001	0.059	0.939
0.001	0.188	0.810	0.001
0.274	0.001	0.077	0.648
0.001	0.200	0.162	0.637
>AACGAATTAATG	3-AACGAATTAATG	13.165649	-22.312061	0	T:11.0(4.44%),B:104.0(0.27%),P:1e-9	Tpos:383.8,Tstd:229.1,Bpos:525.2,Bstd:274.6,StrandBias:1.4,Multiplicity:1.00
0.997	0.001	0.001	0.001
0.808	0.190	0.001	0.001
0.079	0.919	0.001	0.001
0.001	0.001	0.997	0.001
0.997	0.001	0.001	0.001
0.997	0.001	0.001	0.001
0.094	0.001	0.001	0.904
0.090	0.138	0.001	0.771
0.775	0.123	0.001	0.101
0.997	0.001	0.001	0.001
0.079	0.001	0.001	0.919
0.001	0.001	0.997	0.001
>GATTCRATGCGG	4-GATTCRATGCGG	11.215256	-22.033721	0	T:10.0(4.03%),B:78.3(0.20%),P:1e-9	Tpos:388.4,Tstd:293.8,Bpos:487.1,Bstd:357.0,StrandBias:-2.0,Multiplicity:1.00
0.001	0.001	0.997	0.001
0.997	0.001	0.001	0.001
0.001	0.130	0.001	0.868
0.001	0.001	0.360	0.638
0.001	0.626	0.372	0.001
0.524	0.001	0.474	0.001
0.868	0.001	0.130	0.001
0.001	0.001	0.001	0.997
0.001	0.001	0.997	0.001
0.001	0.997	0.001	0.001
0.001	0.001	0.997	0.001
0.355	0.001	0.643	0.001
>ATCATGATTTAA	5-ATCATGATTTAA	12.970243	-21.860069	0	T:13.0(5.24%),B:176.4(0.46%),P:1e-9	Tpos:512.6,Tstd:334.4,Bpos:553.7,Bstd:292.6,StrandBias:1.0,Multiplicity:1.08
0.997	0.001	0.001	0.001
0.001	0.001	0.111	0.887
0.080	0.918	0.001	0.001
0.831	0.001	0.099	0.069
0.080	0.001	0.001	0.918
0.065	0.068	0.866	0.001
0.997	0.001	0.001	0.001
0.001	0.001	0.001	0.997
0.001	0.001	0.123	0.875
0.001	0.103	0.022	0.874
0.839	0.085	0.001	0.075
0.997	0.001	0.001	0.001
>AGCGCGTGGCAA	6-AGCGCGTGGCAA	12.364827	-21.761786	0	T:8.0(3.23%),B:36.3(0.09%),P:1e-9	Tpos:569.4,Tstd:254.4,Bpos:455.7,Bstd:367.7,StrandBias:0.0,Multiplicity:1.00
0.826	0.001	0.001	0.172
0.098	0.001	0.900	0.001
0.001	0.997	0.001	0.001
0.149	0.001	0.849	0.001
0.001	0.997	0.001	0.001
0.001	0.001	0.997	0.001
0.001	0.094	0.001	0.904
0.172	0.001	0.826	0.001
0.001	0.001	0.997	0.001
0.001	0.997	0.001	0.001
0.826	0.001	0.172	0.001
0.997	0.001	0.001	0.001
>TGCAAGAGCGTC	7-TGCAAGAGCGTC	13.635897	-21.331847	0	T:7.0(2.82%),B:22.8(0.06%),P:1e-9	Tpos:492.6,Tstd:312.7,Bpos:456.3,Bstd:369.4,StrandBias:0.4,Multiplicity:1.00
0.001	0.001	0.001	0.997
0.001	0.001	0.855	0.143
0.001	0.997	0.001	0.001
0.997	0.001	0.001	0.001
0.997	0.001	0.001	0.001
0.197	0.001	0.801	0.001
0.997	0.001	0.001	0.001
0.001	0.001	0.997	0.001
0.001	0.997	0.001	0.001
0.001	0.001	0.801	0.197
0.001	0.093	0.170	0.736
0.001	0.997	0.001	0.001
>ATCGACACAGTC	8-ATCGACACAGTC	10.968744	-21.058478	0	T:12.0(4.84%),B:151.9(0.39%),P:1e-9	Tpos:398.7,Tstd:172.6,Bpos:496.4,Bstd:348.9,StrandBias:1.0,Multiplicity:1.25
0.997	0.001	0.001	0.001
0.128	0.001	0.001	0.870
0.001	0.616	0.382	0.001
0.001	0.001	0.997	0.001
0.997	0.001	0.001	0.001
0.001	0.997	0.001	0.001
0.997	0.001	0.001	0.001
0.116	0.736	0.001	0.147
0.850	0.001	0.148	0.001
0.001	0.101	0.897	0.001
0.257	0.088	0.001	0.654
0.001	0.762	0.001	0.236
>WTGATKKTCCGW	9-WTGATKKTCCGW	9.580177	-21.032047	0	T:25.0(10.08%),B:864.5(2.24%),P:1e-9	Tpos:500.3,Tstd:207.9,Bpos:478.9,Bstd:338.4,StrandBias:0.8,Multiplicity:1.08
0.562	0.001	0.001	0.436
0.001	0.113	0.331	0.555
0.029	0.108	0.821	0.042
0.834	0.001	0.121	0.044
0.001	0.001	0.332	0.666
0.002	0.001	0.550	0.447
0.001	0.001	0.477	0.521
0.001	0.121	0.001	0.877
0.040	0.873	0.001	0.086
0.001	0.867	0.131	0.001
0.055	0.129	0.519	0.297
0.507	0.103	0.001	0.389
>GATGGGTCTCGC	10-GATGGGTCTCGC	10.409278	-20.889231	0	T:22.0(8.87%),B:670.0(1.73%),P:1e-9	Tpos:531.1,Tstd:260.5,Bpos:566.1,Bstd:335.9,StrandBias:-0.3,Multiplicity:1.14
0.075	0.105	0.747	0.073
0.803	0.004	0.107	0.086
0.066	0.307	0.069	0.558
0.001	0.077	0.635	0.287
0.001	0.056	0.942	0.001
0.077	0.001	0.830	0.092
0.001	0.001	0.001	0.997
0.001	0.805	0.001	0.193
0.001	0.160	0.001	0.838
0.001	0.942	0.056	0.001
0.077	0.001	0.921	0.001
0.001	0.997	0.001	0.001
>AGGAATCTTCAG	11-AGGAATCTTCAG	13.335866	-19.982467	0	T:9.0(3.63%),B:70.9(0.18%),P:1e-8	Tpos:413.4,Tstd:299.9,Bpos:545.2,Bstd:287.9,StrandBias:-0.3,Multiplicity:1.00
0.874	0.001	0.001	0.124
0.001	0.001	0.997	0.001
0.088	0.001	0.910	0.001
0.997	0.001	0.001	0.001
0.997	0.001	0.001	0.001
0.095	0.001	0.001	0.903
0.130	0.868	0.001	0.001
0.001	0.001	0.001	0.997
0.001	0.001	0.124	0.874
0.001	0.997	0.001	0.001
0.997	0.001	0.001	0.001
0.111	0.001	0.713	0.175
>AAAMACGCTSCA	12-AAAMACGCTSCA	10.681379	-19.256847	0	T:25.0(10.08%),B:946.2(2.45%),P:1e-8	Tpos:608.2,Tstd:271.9,Bpos:564.9,Bstd:358.8,StrandBias:0.0,Multiplicity:1.20
0.760	0.086	0.153	0.001
0.997	0.001	0.001	0.001
0.952	0.001	0.046	0.001
0.443	0.464	0.002	0.090
0.793	0.001	0.111	0.095
0.001	0.952	0.001	0.046
0.001	0.064	0.934	0.001
0.001	0.834	0.001	0.164
0.004	0.030	0.365	0.601
0.056	0.461	0.328	0.155
0.111	0.817	0.001	0.071
0.942	0.053	0.003	0.002
>TTTAATTAATTT	13-TTTAATTAATTT	11.627035	-19.028886	0	T:45.0(18.15%),B:2714.6(7.02%),P:1e-8	Tpos:599.9,Tstd:303.4,Bpos:532.9,Bstd:327.2,StrandBias:1.2,Multiplicity:1.10
0.020	0.001	0.001	0.978
0.055	0.057	0.001	0.887
0.047	0.035	0.018	0.900
0.962	0.001	0.029	0.008
0.919	0.049	0.001	0.031
0.066	0.001	0.001	0.932
0.016	0.100	0.014	0.870
0.883	0.081	0.035	0.001
0.893	0.042	0.001	0.064
0.026	0.055	0.001	0.918
0.061	0.001	0.001	0.937
0.001	0.041	0.001	0.957
>CAATACAGAAAA	14-CAATACAGAAAA	12.053590	-19.024398	0	T:21.0(8.47%),B:676.2(1.75%),P:1e-8	Tpos:443.1,Tstd:301.2,Bpos:514.6,Bstd:323.1,StrandBias:-0.6,Multiplicity:1.00
0.046	0.724	0.121	0.109
0.997	0.001	0.001	0.001
0.997	0.001	0.001	0.001
0.001	0.143	0.001	0.855
0.682	0.022	0.176	0.120
0.001	0.837	0.001	0.161
0.997	0.001	0.001	0.001
0.081	0.001	0.917	0.001
0.997	0.001	0.001	0.001
0.997	0.001	0.001	0.001
0.997	0.001	0.001	0.001
0.997	0.001	0.001	0.001
>CCGAGAGCCGGA	15-CCGAGAGCCGGA	7.575349	-18.907736	0	T:42.0(16.94%),B:2432.2(6.29%),P:1e-8	Tpos:457.4,Tstd:296.0,Bpos:504.0,Bstd:352.3,StrandBias:-0.8,Multiplicity:1.24
0.210	0.642	0.068	0.080
0.069	0.628	0.136	0.167
0.115	0.059	0.814	0.012
0.802	0.043	0.063	0.092
0.138	0.082	0.707	0.073
0.868	0.083	0.001	0.048
0.081	0.073	0.786	0.060
0.125	0.718	0.075	0.082
0.151	0.664	0.068	0.117
0.109	0.100	0.688	0.103
0.037	0.131	0.776	0.056
0.909	0.015	0.045	0.031
>AAATTGTACGCC	16-AAATTGTACGCC	9.592927	-18.380280	0	T:7.0(2.82%),B:36.6(0.09%),P:1e-7	Tpos:432.3,Tstd:192.6,Bpos:551.6,Bstd:298.9,StrandBias:-2.2,Multiplicity:1.57
0.647	0.351	0.001	0.001
0.997	0.001	0.001	0.001
0.723	0.275	0.001	0.001
0.001	0.001	0.001	0.997
0.001	0.058	0.305	0.636
0.001	0.001	0.997	0.001
0.001	0.001	0.001	0.997
0.997	0.001	0.001	0.001
0.001	0.997	0.001	0.001
0.001	0.001	0.989	0.009
0.001	0.695	0.001	0.303
0.001	0.997	0.001	0.001
>TTCYCGGCGAAA	17-TTCYCGGCGAAA	10.441412	-17.828392	0	T:26.0(10.48%),B:1097.2(2.84%),P:1e-7	Tpos:581.9,Tstd:226.0,Bpos:513.8,Bstd:381.7,StrandBias:0.0,Multiplicity:1.20
0.003	0.150	0.001	0.846
0.003	0.001	0.001	0.995
0.001	0.657	0.001	0.341
0.001	0.477	0.001	0.521
0.165	0.729	0.105	0.001
0.001	0.001	0.997	0.001
0.001	0.070	0.928	0.001
0.001	0.905	0.002	0.092
0.003	0.232	0.620	0.145
0.852	0.145	0.002	0.001
0.996	0.001	0.001	0.002
0.729	0.001	0.145	0.125
>ATAGTCCGACGA	18-ATAGTCCGACGA	13.967871	-17.671453	0	T:6.0(2.42%),B:22.4(0.06%),P:1e-7	Tpos:459.0,Tstd:255.0,Bpos:433.8,Bstd:241.9,StrandBias:0.4,Multiplicity:1.17
0.735	0.001	0.263	0.001
0.001	0.001	0.155	0.843
0.626	0.228	0.001	0.145
0.001	0.001	0.997	0.001
0.001	0.001	0.001	0.997
0.001	0.997	0.001	0.001
0.001	0.997	0.001	0.001
0.001	0.001	0.997	0.001
0.997	0.001	0.001	0.001
0.001	0.997	0.001	0.001
0.001	0.001	0.997	0.001
0.997	0.001	0.001	0.001
>GGTCCGTGCAAT	19-GGTCCGTGCAAT	9.992957	-16.659646	0	T:14.0(5.65%),B:331.6(0.86%),P:1e-7	Tpos:355.3,Tstd:227.7,Bpos:483.1,Bstd:299.6,StrandBias:0.2,Multiplicity:1.07
0.011	0.125	0.729	0.135
0.001	0.001	0.749	0.249
0.001	0.001	0.001	0.997
0.001	0.997	0.001	0.001
0.014	0.678	0.307	0.001
0.283	0.001	0.715	0.001
0.001	0.001	0.148	0.850
0.001	0.001	0.997	0.001
0.260	0.614	0.125	0.001
0.827	0.171	0.001	0.001
0.997	0.001	0.001	0.001
0.124	0.001	0.001	0.874
>TTTTACGACTAT	20-TTTTACGACTAT	13.518953	-16.020902	0	T:8.0(3.23%),B:81.1(0.21%),P:1e-6	Tpos:427.3,Tstd:296.4,Bpos:471.3,Bstd:333.6,StrandBias:1.0,Multiplicity:1.12
0.001	0.001	0.001	0.997
0.001	0.001	0.201	0.797
0.001	0.001	0.001	0.997
0.001	0.001	0.001	0.997
0.931	0.001	0.001	0.067
0.001	0.997	0.001	0.001
0.001	0.001	0.997	0.001
0.997	0.001	0.001	0.001
0.105	0.749	0.145	0.001
0.092	0.001	0.113	0.794
0.885	0.113	0.001	0.001
0.001	0.001	0.001	0.997
>KGTCCCCGMAGG	21-KGTCCCCGMAGG	11.139707	-14.422804	0	T:6.0(2.42%),B:41.4(0.11%),P:1e-6	Tpos:729.6,Tstd:173.0,Bpos:613.1,Bstd:366.6,StrandBias:-1.6,Multiplicity:1.33
0.001	0.001	0.531	0.467
0.362	0.001	0.636	0.001
0.001	0.001	0.001	0.997
0.001	0.997	0.001	0.001
0.001	0.997	0.001	0.001
0.001	0.997	0.001	0.001
0.001	0.947	0.001	0.051
0.001	0.001	0.997	0.001
0.531	0.439	0.029	0.001
0.997	0.001	0.001	0.001
0.001	0.001	0.636	0.362
0.001	0.001	0.988	0.010
>TCCGCATCTGGG	22-TCCGCATCTGGG	10.861000	-14.209152	0	T:9.0(3.63%),B:144.8(0.37%),P:1e-6	Tpos:441.0,Tstd:228.5,Bpos:459.9,Bstd:351.0,StrandBias:-0.2,Multiplicity:1.67
0.001	0.001	0.001	0.997
0.001	0.997	0.001	0.001
0.141	0.857	0.001	0.001
0.163	0.001	0.835	0.001
0.001	0.683	0.310	0.006
0.710	0.125	0.001	0.164
0.128	0.001	0.164	0.707
0.001	0.644	0.354	0.001
0.001	0.006	0.001	0.992
0.175	0.204	0.620	0.001
0.001	0.365	0.633	0.001
0.001	0.024	0.974	0.001
>GSTAAAYATTTA	23-GSTAAAYATTTA	11.543850	-13.831300	0	T:10.0(4.03%),B:197.6(0.51%),P:1e-6	Tpos:337.2,Tstd:275.9,Bpos:503.6,Bstd:323.8,StrandBias:-0.2,Multiplicity:1.40
0.032	0.044	0.880	0.044
0.038	0.520	0.408	0.034
0.148	0.001	0.198	0.653
0.777	0.001	0.001	0.221
0.545	0.100	0.001	0.354
0.893	0.001	0.065	0.041
0.005	0.475	0.052	0.468
0.897	0.001	0.051	0.051
0.001	0.001	0.001	0.997
0.099	0.001	0.001	0.899
0.037	0.061	0.066	0.836
0.727	0.245	0.003	0.025
>AAATYGATTTTT	24-AAATYGATTTTT	12.116477	-13.045459	0	T:58.0(23.39%),B:4858.6(12.57%),P:1e-5	Tpos:529.6,Tstd:287.9,Bpos:516.4,Bstd:364.3,StrandBias:-0.1,Multiplicity:1.50
0.791	0.067	0.001	0.141
0.997	0.001	0.001	0.001
0.825	0.001	0.001	0.173
0.358	0.001	0.001	0.640
0.154	0.395	0.001	0.450
0.126	0.001	0.872	0.001
0.877	0.005	0.117	0.001
0.001	0.001	0.001	0.997
0.006	0.001	0.001	0.992
0.001	0.001	0.001	0.997
0.001	0.001	0.001	0.997
0.293	0.010	0.087	0.610
>CAAGGTGGGTAT	25-CAAGGTGGGTAT	11.794521	-10.296045	0	T:4.0(1.61%),B:25.4(0.07%),P:1e-4	Tpos:507.2,Tstd:325.0,Bpos:435.4,Bstd:384.5,StrandBias:-2.3,Multiplicity:1.50
0.142	0.813	0.044	0.001
0.997	0.001	0.001	0.001
0.997	0.001	0.001	0.001
0.001	0.001	0.997	0.001
0.001	0.001	0.813	0.185
0.001	0.001	0.001	0.997
0.001	0.001	0.997	0.001
0.001	0.001	0.997	0.001
0.001	0.001	0.997	0.001
0.001	0.001	0.001	0.997
0.997	0.001	0.001	0.001
0.001	0.001	0.001	0.997
>CGACACGC	1-CGACACGC	7.350835	-23.780104	0	T:57.0(22.98%),B:3481.3(9.01%),P:1e-10	Tpos:590.8,Tstd:274.0,Bpos:533.7,Bstd:356.9,StrandBias:0.8,Multiplicity:1.16
0.001	0.978	0.001	0.020
0.225	0.014	0.760	0.001
0.841	0.144	0.001	0.014
0.001	0.876	0.025	0.098
0.871	0.001	0.061	0.067
0.001	0.997	0.001	0.001
0.068	0.001	0.865	0.066
0.046	0.825	0.128	0.001
>AGCCATGG	2-AGCCATGG	7.410957	-18.200324	0	T:44.0(17.74%),B:2691.3(6.96%),P:1e-7	Tpos:389.4,Tstd:251.8,Bpos:470.5,Bstd:315.1,StrandBias:0.2,Multiplicity:1.16
0.802	0.019	0.178	0.001
0.025	0.021	0.835	0.119
0.023	0.794	0.001	0.182
0.072	0.926	0.001	0.001
0.845	0.001	0.001	0.153
0.001	0.001	0.015	0.983
0.066	0.001	0.899	0.034
0.050	0.014	0.935	0.001
>GAGCGCGT	3-GAGCGCGT	7.338795	-17.834188	0	T:45.0(18.15%),B:2826.5(7.31%),P:1e-7	Tpos:599.6,Tstd:299.3,Bpos:538.9,Bstd:360.5,StrandBias:0.7,Multiplicity:1.17
0.184	0.001	0.814	0.001
0.881	0.117	0.001	0.001
0.040	0.001	0.877	0.082
0.017	0.871	0.034	0.078
0.001	0.001	0.997	0.001
0.056	0.919	0.001	0.024
0.073	0.072	0.854	0.001
0.051	0.028	0.022	0.899
>GCGATACS	4-GCGATACS	6.835687	-16.996642	0	T:66.0(26.61%),B:5229.7(13.53%),P:1e-7	Tpos:528.4,Tstd:231.3,Bpos:526.6,Bstd:343.1,StrandBias:0.1,Multiplicity:1.19
0.001	0.001	0.861	0.137
0.001	0.844	0.154	0.001
0.001	0.034	0.964	0.001
0.755	0.043	0.102	0.100
0.124	0.023	0.304	0.549
0.763	0.001	0.081	0.155
0.001	0.812	0.001	0.186
0.072	0.353	0.496	0.079
>ATCGATCK	5-ATCGATCK	7.237574	-15.166026	0	T:113.0(45.56%),B:11660.9(30.16%),P:1e-6	Tpos:546.9,Tstd:285.2,Bpos:523.5,Bstd:365.0,StrandBias:0.1,Multiplicity:1.52
0.677	0.001	0.001	0.321
0.001	0.001	0.074	0.924
0.086	0.748	0.004	0.162
0.001	0.001	0.995	0.003
0.760	0.001	0.053	0.186
0.088	0.001	0.004	0.907
0.014	0.790	0.001	0.195
0.118	0.163	0.378	0.342
>CCGCATTC	6-CCGCATTC	7.175176	-14.969898	0	T:78.0(31.45%),B:7006.6(18.12%),P:1e-6	Tpos:477.6,Tstd:300.9,Bpos:513.9,Bstd:336.2,StrandBias:0.7,Multiplicity:1.24
0.058	0.929	0.012	0.001
0.046	0.952	0.001	0.001
0.001	0.001	0.898	0.100
0.059	0.823	0.001	0.117
0.930	0.068	0.001	0.001
0.016	0.001	0.001	0.982
0.001	0.001	0.055	0.943
0.127	0.733	0.054	0.086
>ATACAGGA	7-ATACAGGA	7.626657	-14.204779	0	T:59.0(23.79%),B:4802.2(12.42%),P:1e-6	Tpos:527.9,Tstd:294.1,Bpos:502.2,Bstd:316.3,StrandBias:-0.6,Multiplicity:1.17
0.924	0.001	0.001	0.074
0.001	0.035	0.001	0.963
0.803	0.019	0.001	0.177
0.235	0.624	0.120	0.021
0.887	0.028	0.001	0.084
0.076	0.028	0.895	0.001
0.061	0.001	0.937	0.001
0.997	0.001	0.001	0.001
>AATTGATT	8-AATTGATT	9.429425	-12.895291	0	T:84.0(33.87%),B:8165.0(21.12%),P:1e-5	Tpos:517.7,Tstd:285.4,Bpos:507.8,Bstd:336.7,StrandBias:-0.1,Multiplicity:1.20
0.804	0.194	0.001	0.001
0.997	0.001	0.001	0.001
0.001	0.001	0.001	0.997
0.001	0.001	0.001	0.997
0.001	0.001	0.997	0.001
0.997	0.001	0.001	0.001
0.001	0.001	0.001	0.997
0.001	0.001	0.001	0.997
>GHTAAATR	9-GHTAAATR	7.074208	-12.565422	0	T:125.0(50.40%),B:13984.5(36.18%),P:1e-5	Tpos:507.2,Tstd:302.7,Bpos:515.5,Bstd:324.3,StrandBias:-0.2,Multiplicity:1.44
0.001	0.001	0.997	0.001
0.285	0.413	0.001	0.301
0.001	0.001	0.138	0.860
0.997	0.001	0.001	0.001
0.997	0.001	0.001	0.001
0.997	0.001	0.001	0.001
0.001	0.001	0.001	0.997
0.321	0.237	0.441	0.001
>CTCTCTCG	10-CTCTCTCG	6.883310	-10.339453	0	T:92.0(37.10%),B:9812.7(25.38%),P:1e-4	Tpos:529.5,Tstd:300.3,Bpos:536.8,Bstd:347.9,StrandBias:0.6,Multiplicity:1.42
0.075	0.822	0.001	0.102
0.053	0.071	0.113	0.763
0.089	0.873	0.001	0.037
0.014	0.001	0.024	0.961
0.057	0.905	0.001	0.037
0.001	0.010	0.001	0.988
0.001	0.997	0.001	0.001
0.143	0.001	0.749	0.107
>GAKCCGGA	11-GAKCCGGA	5.683061	-9.739804	0	T:160.0(64.52%),B:20163.6(52.16%),P:1e-4	Tpos:480.2,Tstd:290.5,Bpos:503.3,Bstd:341.7,StrandBias:-0.3,Multiplicity:1.71
0.048	0.058	0.876	0.018
0.918	0.030	0.027	0.025
0.152	0.146	0.352	0.350
0.132	0.640	0.179	0.049
0.209	0.638	0.086	0.067
0.001	0.022	0.976	0.001
0.001	0.221	0.762	0.016
0.872	0.001	0.029	0.098
