>CGATTTTCTGMT	1-CGATTTTCTGMT	10.257076	-24.938168	0	T:46.0(18.55%),B:2335.7(6.04%),P:1e-10	Tpos:473.0,Tstd:267.0,Bpos:511.0,Bstd:327.9,StrandBias:1.3,Multiplicity:1.18
0.001	0.932	0.066	0.001
0.319	0.001	0.559	0.121
0.894	0.001	0.104	0.001
0.001	0.001	0.001	0.997
0.001	0.001	0.001	0.997
0.001	0.001	0.232	0.766
0.001	0.263	0.204	0.532
0.076	0.922	0.001	0.001
0.001	0.001	0.001	0.997
0.221	0.001	0.777	0.001
0.490	0.391	0.001	0.118
0.313	0.001	0.001	0.685
>TTTTTCTTTGTT	2-TTTTTCTTTGTT	10.271249	-22.705747	0	T:67.0(27.02%),B:4644.2(12.01%),P:1e-9	Tpos:545.9,Tstd:287.6,Bpos:530.7,Bstd:328.4,StrandBias:1.3,Multiplicity:1.27
0.137	0.001	0.001	0.861
0.001	0.001	0.001	0.997
0.059	0.238	0.175	0.528
0.001	0.001	0.001	0.997
0.001	0.157	0.076	0.766
0.080	0.918	0.001	0.001
0.001	0.054	0.110	0.835
0.001	0.001	0.071	0.927
0.001	0.001	0.059	0.939
0.001	0.188	0.810	0.001
0.274	0.001	0.077	0.648
0.001	0.200	0.162	0.637
>AACGAATTAATG	3-AACGAATTAATG	13.165649	-22.312061	0	T:11.0(4.44%),B:104.0(0.27%),P:1e-9	Tpos:383.8,Tstd:229.1,Bpos:525.2,Bstd:274.6,StrandBias:1.4,Multiplicity:1.00
0.997	0.001	0.001	0.001
0.808	0.190	0.001	0.001
0.079	0.919	0.001	0.001
0.001	0.001	0.997	0.001
0.997	0.001	0.001	0.001
0.997	0.001	0.001	0.001
0.094	0.001	0.001	0.904
0.090	0.138	0.001	0.771
0.775	0.123	0.001	0.101
0.997	0.001	0.001	0.001
0.079	0.001	0.001	0.919
0.001	0.001	0.997	0.001
>GATTCRATGCGG	4-GATTCRATGCGG	11.215256	-22.033721	0	T:10.0(4.03%),B:78.3(0.20%),P:1e-9	Tpos:388.4,Tstd:293.8,Bpos:487.1,Bstd:357.0,StrandBias:-2.0,Multiplicity:1.00
0.001	0.001	0.997	0.001
0.997	0.001	0.001	0.001
0.001	0.130	0.001	0.868
0.001	0.001	0.360	0.638
0.001	0.626	0.372	0.001
0.524	0.001	0.474	0.001
0.868	0.001	0.130	0.001
0.001	0.001	0.001	0.997
0.001	0.001	0.997	0.001
0.001	0.997	0.001	0.001
0.001	0.001	0.997	0.001
0.355	0.001	0.643	0.001
>ATCATGATTTAA	5-ATCATGATTTAA	12.970243	-21.860069	0	T:13.0(5.24%),B:176.4(0.46%),P:1e-9	Tpos:512.6,Tstd:334.4,Bpos:553.7,Bstd:292.6,StrandBias:1.0,Multiplicity:1.08
0.997	0.001	0.001	0.001
0.001	0.001	0.111	0.887
0.080	0.918	0.001	0.001
0.831	0.001	0.099	0.069
0.080	0.001	0.001	0.918
0.065	0.068	0.866	0.001
0.997	0.001	0.001	0.001
0.001	0.001	0.001	0.997
0.001	0.001	0.123	0.875
0.001	0.103	0.022	0.874
0.839	0.085	0.001	0.075
0.997	0.001	0.001	0.001
>AGCGCGTGGCAA	6-AGCGCGTGGCAA	12.364827	-21.761786	0	T:8.0(3.23%),B:36.3(0.09%),P:1e-9	Tpos:569.4,Tstd:254.4,Bpos:455.7,Bstd:367.7,StrandBias:0.0,Multiplicity:1.00
0.826	0.001	0.001	0.172
0.098	0.001	0.900	0.001
0.001	0.997	0.001	0.001
0.149	0.001	0.849	0.001
0.001	0.997	0.001	0.001
0.001	0.001	0.997	0.001
0.001	0.094	0.001	0.904
0.172	0.001	0.826	0.001
0.001	0.001	0.997	0.001
0.001	0.997	0.001	0.001
0.826	0.001	0.172	0.001
0.997	0.001	0.001	0.001
>TGCAAGAGCGTC	7-TGCAAGAGCGTC	13.635897	-21.331847	0	T:7.0(2.82%),B:22.8(0.06%),P:1e-9	Tpos:492.6,Tstd:312.7,Bpos:456.3,Bstd:369.4,StrandBias:0.4,Multiplicity:1.00
0.001	0.001	0.001	0.997
0.001	0.001	0.855	0.143
0.001	0.997	0.001	0.001
0.997	0.001	0.001	0.001
0.997	0.001	0.001	0.001
0.197	0.001	0.801	0.001
0.997	0.001	0.001	0.001
0.001	0.001	0.997	0.001
0.001	0.997	0.001	0.001
0.001	0.001	0.801	0.197
0.001	0.093	0.170	0.736
0.001	0.997	0.001	0.001
>ATCGACACAGTC	8-ATCGACACAGTC	10.968744	-21.058478	0	T:12.0(4.84%),B:151.9(0.39%),P:1e-9	Tpos:398.7,Tstd:172.6,Bpos:496.4,Bstd:348.9,StrandBias:1.0,Multiplicity:1.25
0.997	0.001	0.001	0.001
0.128	0.001	0.001	0.870
0.001	0.616	0.382	0.001
0.001	0.001	0.997	0.001
0.997	0.001	0.001	0.001
0.001	0.997	0.001	0.001
0.997	0.001	0.001	0.001
0.116	0.736	0.001	0.147
0.850	0.001	0.148	0.001
0.001	0.101	0.897	0.001
0.257	0.088	0.001	0.654
0.001	0.762	0.001	0.236
>WTGATKKTCCGW	9-WTGATKKTCCGW	9.580177	-21.032047	0	T:25.0(10.08%),B:864.5(2.24%),P:1e-9	Tpos:500.3,Tstd:207.9,Bpos:478.9,Bstd:338.4,StrandBias:0.8,Multiplicity:1.08
0.562	0.001	0.001	0.436
0.001	0.113	0.331	0.555
0.029	0.108	0.821	0.042
0.834	0.001	0.121	0.044
0.001	0.001	0.332	0.666
0.002	0.001	0.550	0.447
0.001	0.001	0.477	0.521
0.001	0.121	0.001	0.877
0.040	0.873	0.001	0.086
0.001	0.867	0.131	0.001
0.055	0.129	0.519	0.297
0.507	0.103	0.001	0.389
>GATGGGTCTCGC	10-GATGGGTCTCGC	10.409278	-20.889231	0	T:22.0(8.87%),B:670.0(1.73%),P:1e-9	Tpos:531.1,Tstd:260.5,Bpos:566.1,Bstd:335.9,StrandBias:-0.3,Multiplicity:1.14
0.075	0.105	0.747	0.073
0.803	0.004	0.107	0.086
0.066	0.307	0.069	0.558
0.001	0.077	0.635	0.287
0.001	0.056	0.942	0.001
0.077	0.001	0.830	0.092
0.001	0.001	0.001	0.997
0.001	0.805	0.001	0.193
0.001	0.160	0.001	0.838
0.001	0.942	0.056	0.001
0.077	0.001	0.921	0.001
0.001	0.997	0.001	0.001
>AGGAATCTTCAG	11-AGGAATCTTCAG	13.335866	-19.982467	0	T:9.0(3.63%),B:70.9(0.18%),P:1e-8	Tpos:413.4,Tstd:299.9,Bpos:545.2,Bstd:287.9,StrandBias:-0.3,Multiplicity:1.00
0.874	0.001	0.001	0.124
0.001	0.001	0.997	0.001
0.088	0.001	0.910	0.001
0.997	0.001	0.001	0.001
0.997	0.001	0.001	0.001
0.095	0.001	0.001	0.903
0.130	0.868	0.001	0.001
0.001	0.001	0.001	0.997
0.001	0.001	0.124	0.874
0.001	0.997	0.001	0.001
0.997	0.001	0.001	0.001
0.111	0.001	0.713	0.175
>AAAMACGCTSCA	12-AAAMACGCTSCA	10.681379	-19.256847	0	T:25.0(10.08%),B:946.2(2.45%),P:1e-8	Tpos:608.2,Tstd:271.9,Bpos:564.9,Bstd:358.8,StrandBias:0.0,Multiplicity:1.20
0.760	0.086	0.153	0.001
0.997	0.001	0.001	0.001
0.952	0.001	0.046	0.001
0.443	0.464	0.002	0.090
0.793	0.001	0.111	0.095
0.001	0.952	0.001	0.046
0.001	0.064	0.934	0.001
0.001	0.834	0.001	0.164
0.004	0.030	0.365	0.601
0.056	0.461	0.328	0.155
0.111	0.817	0.001	0.071
0.942	0.053	0.003	0.002
>TTTAATTAATTT	13-TTTAATTAATTT	11.627035	-19.028886	0	T:45.0(18.15%),B:2714.6(7.02%),P:1e-8	Tpos:599.9,Tstd:303.4,Bpos:532.9,Bstd:327.2,StrandBias:1.2,Multiplicity:1.10
0.020	0.001	0.001	0.978
0.055	0.057	0.001	0.887
0.047	0.035	0.018	0.900
0.962	0.001	0.029	0.008
0.919	0.049	0.001	0.031
0.066	0.001	0.001	0.932
0.016	0.100	0.014	0.870
0.883	0.081	0.035	0.001
0.893	0.042	0.001	0.064
0.026	0.055	0.001	0.918
0.061	0.001	0.001	0.937
0.001	0.041	0.001	0.957
>CAATACAGAAAA	14-CAATACAGAAAA	12.053590	-19.024398	0	T:21.0(8.47%),B:676.2(1.75%),P:1e-8	Tpos:443.1,Tstd:301.2,Bpos:514.6,Bstd:323.1,StrandBias:-0.6,Multiplicity:1.00
0.046	0.724	0.121	0.109
0.997	0.001	0.001	0.001
0.997	0.001	0.001	0.001
0.001	0.143	0.001	0.855
0.682	0.022	0.176	0.120
0.001	0.837	0.001	0.161
0.997	0.001	0.001	0.001
0.081	0.001	0.917	0.001
0.997	0.001	0.001	0.001
0.997	0.001	0.001	0.001
0.997	0.001	0.001	0.001
0.997	0.001	0.001	0.001
>CCGAGAGCCGGA	15-CCGAGAGCCGGA	7.575349	-18.907736	0	T:42.0(16.94%),B:2432.2(6.29%),P:1e-8	Tpos:457.4,Tstd:296.0,Bpos:504.0,Bstd:352.3,StrandBias:-0.8,Multiplicity:1.24
0.210	0.642	0.068	0.080
0.069	0.628	0.136	0.167
0.115	0.059	0.814	0.012
0.802	0.043	0.063	0.092
0.138	0.082	0.707	0.073
0.868	0.083	0.001	0.048
0.081	0.073	0.786	0.060
0.125	0.718	0.075	0.082
0.151	0.664	0.068	0.117
0.109	0.100	0.688	0.103
0.037	0.131	0.776	0.056
0.909	0.015	0.045	0.031
>AAATTGTACGCC	16-AAATTGTACGCC	9.592927	-18.380280	0	T:7.0(2.82%),B:36.6(0.09%),P:1e-7	Tpos:432.3,Tstd:192.6,Bpos:551.6,Bstd:298.9,StrandBias:-2.2,Multiplicity:1.57
0.647	0.351	0.001	0.001
0.997	0.001	0.001	0.001
0.723	0.275	0.001	0.001
0.001	0.001	0.001	0.997
0.001	0.058	0.305	0.636
0.001	0.001	0.997	0.001
0.001	0.001	0.001	0.997
0.997	0.001	0.001	0.001
0.001	0.997	0.001	0.001
0.001	0.001	0.989	0.009
0.001	0.695	0.001	0.303
0.001	0.997	0.001	0.001
>TTCYCGGCGAAA	17-TTCYCGGCGAAA	10.441412	-17.828392	0	T:26.0(10.48%),B:1097.2(2.84%),P:1e-7	Tpos:581.9,Tstd:226.0,Bpos:513.8,Bstd:381.7,StrandBias:0.0,Multiplicity:1.20
0.003	0.150	0.001	0.846
0.003	0.001	0.001	0.995
0.001	0.657	0.001	0.341
0.001	0.477	0.001	0.521
0.165	0.729	0.105	0.001
0.001	0.001	0.997	0.001
0.001	0.070	0.928	0.001
0.001	0.905	0.002	0.092
0.003	0.232	0.620	0.145
0.852	0.145	0.002	0.001
0.996	0.001	0.001	0.002
0.729	0.001	0.145	0.125
>ATAGTCCGACGA	18-ATAGTCCGACGA	13.967871	-17.671453	0	T:6.0(2.42%),B:22.4(0.06%),P:1e-7	Tpos:459.0,Tstd:255.0,Bpos:433.8,Bstd:241.9,StrandBias:0.4,Multiplicity:1.17
0.735	0.001	0.263	0.001
0.001	0.001	0.155	0.843
0.626	0.228	0.001	0.145
0.001	0.001	0.997	0.001
0.001	0.001	0.001	0.997
0.001	0.997	0.001	0.001
0.001	0.997	0.001	0.001
0.001	0.001	0.997	0.001
0.997	0.001	0.001	0.001
0.001	0.997	0.001	0.001
0.001	0.001	0.997	0.001
0.997	0.001	0.001	0.001
>GGTCCGTGCAAT	19-GGTCCGTGCAAT	9.992957	-16.659646	0	T:14.0(5.65%),B:331.6(0.86%),P:1e-7	Tpos:355.3,Tstd:227.7,Bpos:483.1,Bstd:299.6,StrandBias:0.2,Multiplicity:1.07
0.011	0.125	0.729	0.135
0.001	0.001	0.749	0.249
0.001	0.001	0.001	0.997
0.001	0.997	0.001	0.001
0.014	0.678	0.307	0.001
0.283	0.001	0.715	0.001
0.001	0.001	0.148	0.850
0.001	0.001	0.997	0.001
0.260	0.614	0.125	0.001
0.827	0.171	0.001	0.001
0.997	0.001	0.001	0.001
0.124	0.001	0.001	0.874
>TTTTACGACTAT	20-TTTTACGACTAT	13.518953	-16.020902	0	T:8.0(3.23%),B:81.1(0.21%),P:1e-6	Tpos:427.3,Tstd:296.4,Bpos:471.3,Bstd:333.6,StrandBias:1.0,Multiplicity:1.12
0.001	0.001	0.001	0.997
0.001	0.001	0.201	0.797
0.001	0.001	0.001	0.997
0.001	0.001	0.001	0.997
0.931	0.001	0.001	0.067
0.001	0.997	0.001	0.001
0.001	0.001	0.997	0.001
0.997	0.001	0.001	0.001
0.105	0.749	0.145	0.001
0.092	0.001	0.113	0.794
0.885	0.113	0.001	0.001
0.001	0.001	0.001	0.997
>KGTCCCCGMAGG	21-KGTCCCCGMAGG	11.139707	-14.422804	0	T:6.0(2.42%),B:41.4(0.11%),P:1e-6	Tpos:729.6,Tstd:173.0,Bpos:613.1,Bstd:366.6,StrandBias:-1.6,Multiplicity:1.33
0.001	0.001	0.531	0.467
0.362	0.001	0.636	0.001
0.001	0.001	0.001	0.997
0.001	0.997	0.001	0.001
0.001	0.997	0.001	0.001
0.001	0.997	0.001	0.001
0.001	0.947	0.001	0.051
0.001	0.001	0.997	0.001
0.531	0.439	0.029	0.001
0.997	0.001	0.001	0.001
0.001	0.001	0.636	0.362
0.001	0.001	0.988	0.010
>TCCGCATCTGGG	22-TCCGCATCTGGG	10.861000	-14.209152	0	T:9.0(3.63%),B:144.8(0.37%),P:1e-6	Tpos:441.0,Tstd:228.5,Bpos:459.9,Bstd:351.0,StrandBias:-0.2,Multiplicity:1.67
0.001	0.001	0.001	0.997
0.001	0.997	0.001	0.001
0.141	0.857	0.001	0.001
0.163	0.001	0.835	0.001
0.001	0.683	0.310	0.006
0.710	0.125	0.001	0.164
0.128	0.001	0.164	0.707
0.001	0.644	0.354	0.001
0.001	0.006	0.001	0.992
0.175	0.204	0.620	0.001
0.001	0.365	0.633	0.001
0.001	0.024	0.974	0.001
>GSTAAAYATTTA	23-GSTAAAYATTTA	11.543850	-13.831300	0	T:10.0(4.03%),B:197.6(0.51%),P:1e-6	Tpos:337.2,Tstd:275.9,Bpos:503.6,Bstd:323.8,StrandBias:-0.2,Multiplicity:1.40
0.032	0.044	0.880	0.044
0.038	0.520	0.408	0.034
0.148	0.001	0.198	0.653
0.777	0.001	0.001	0.221
0.545	0.100	0.001	0.354
0.893	0.001	0.065	0.041
0.005	0.475	0.052	0.468
0.897	0.001	0.051	0.051
0.001	0.001	0.001	0.997
0.099	0.001	0.001	0.899
0.037	0.061	0.066	0.836
0.727	0.245	0.003	0.025
>AAATYGATTTTT	24-AAATYGATTTTT	12.116477	-13.045459	0	T:58.0(23.39%),B:4858.6(12.57%),P:1e-5	Tpos:529.6,Tstd:287.9,Bpos:516.4,Bstd:364.3,StrandBias:-0.1,Multiplicity:1.50
0.791	0.067	0.001	0.141
0.997	0.001	0.001	0.001
0.825	0.001	0.001	0.173
0.358	0.001	0.001	0.640
0.154	0.395	0.001	0.450
0.126	0.001	0.872	0.001
0.877	0.005	0.117	0.001
0.001	0.001	0.001	0.997
0.006	0.001	0.001	0.992
0.001	0.001	0.001	0.997
0.001	0.001	0.001	0.997
0.293	0.010	0.087	0.610
>CAAGGTGGGTAT	25-CAAGGTGGGTAT	11.794521	-10.296045	0	T:4.0(1.61%),B:25.4(0.07%),P:1e-4	Tpos:507.2,Tstd:325.0,Bpos:435.4,Bstd:384.5,StrandBias:-2.3,Multiplicity:1.50
0.142	0.813	0.044	0.001
0.997	0.001	0.001	0.001
0.997	0.001	0.001	0.001
0.001	0.001	0.997	0.001
0.001	0.001	0.813	0.185
0.001	0.001	0.001	0.997
0.001	0.001	0.997	0.001
0.001	0.001	0.997	0.001
0.001	0.001	0.997	0.001
0.001	0.001	0.001	0.997
0.997	0.001	0.001	0.001
0.001	0.001	0.001	0.997
