>CCGTCTCTTC	1-CCGTCTCTTC	7.191829	-24.612553	0	T:37.0(14.92%),B:1588.7(4.11%),P:1e-10	Tpos:545.1,Tstd:286.8,Bpos:542.3,Bstd:352.5,StrandBias:0.0,Multiplicity:1.03
0.214	0.519	0.239	0.028
0.211	0.510	0.233	0.046
0.060	0.036	0.621	0.283
0.065	0.103	0.012	0.820
0.009	0.665	0.012	0.314
0.019	0.065	0.337	0.579
0.214	0.537	0.016	0.233
0.290	0.047	0.177	0.487
0.146	0.251	0.186	0.417
0.026	0.639	0.026	0.309
>GTTAAATGCG	2-GTTAAATGCG	8.623701	-24.003134	0	T:27.0(10.89%),B:876.9(2.27%),P:1e-10	Tpos:461.4,Tstd:283.7,Bpos:522.2,Bstd:351.3,StrandBias:-1.1,Multiplicity:1.00
0.198	0.198	0.603	0.001
0.172	0.044	0.060	0.724
0.041	0.020	0.196	0.743
0.847	0.018	0.052	0.083
0.803	0.032	0.118	0.047
0.797	0.136	0.001	0.066
0.108	0.088	0.088	0.716
0.222	0.035	0.623	0.120
0.021	0.794	0.033	0.152
0.252	0.035	0.693	0.020
>AATCGATTKA	3-AATCGATTKA	8.788759	-20.629738	0	T:112.0(45.16%),B:10495.9(27.15%),P:1e-8	Tpos:588.6,Tstd:279.8,Bpos:526.8,Bstd:360.4,StrandBias:-0.1,Multiplicity:1.55
0.661	0.065	0.001	0.273
0.768	0.001	0.169	0.062
0.001	0.001	0.001	0.997
0.001	0.722	0.001	0.276
0.157	0.001	0.722	0.120
0.894	0.104	0.001	0.001
0.099	0.001	0.001	0.899
0.068	0.001	0.001	0.930
0.001	0.083	0.392	0.524
0.823	0.001	0.001	0.175
>CACGCGATCC	4-CACGCGATCC	7.634933	-20.412150	0	T:36.0(14.52%),B:1766.0(4.57%),P:1e-8	Tpos:621.4,Tstd:231.9,Bpos:531.3,Bstd:359.0,StrandBias:0.4,Multiplicity:1.14
0.104	0.799	0.060	0.037
0.934	0.046	0.001	0.019
0.079	0.827	0.026	0.068
0.067	0.030	0.836	0.067
0.068	0.816	0.039	0.077
0.099	0.026	0.843	0.032
0.637	0.129	0.100	0.134
0.087	0.094	0.070	0.749
0.049	0.758	0.153	0.040
0.019	0.815	0.079	0.087
>TGAACGAAGA	5-TGAACGAAGA	7.816042	-19.895804	0	T:86.0(34.68%),B:7231.9(18.71%),P:1e-8	Tpos:496.1,Tstd:301.0,Bpos:517.3,Bstd:331.8,StrandBias:-0.6,Multiplicity:1.17
0.001	0.032	0.033	0.934
0.062	0.088	0.849	0.001
0.997	0.001	0.001	0.001
0.969	0.001	0.001	0.029
0.149	0.739	0.058	0.054
0.047	0.164	0.788	0.001
0.905	0.051	0.043	0.001
0.968	0.001	0.001	0.030
0.038	0.001	0.935	0.026
0.937	0.001	0.061	0.001
>CTCCGCATTC	6-CTCCGCATTC	10.051697	-19.867064	0	T:19.0(7.66%),B:519.5(1.34%),P:1e-8	Tpos:580.8,Tstd:278.9,Bpos:494.5,Bstd:343.4,StrandBias:0.3,Multiplicity:1.11
0.001	0.835	0.001	0.163
0.001	0.001	0.081	0.917
0.080	0.867	0.001	0.052
0.001	0.866	0.066	0.067
0.001	0.036	0.932	0.031
0.097	0.901	0.001	0.001
0.830	0.101	0.068	0.001
0.072	0.001	0.001	0.926
0.001	0.001	0.001	0.997
0.001	0.997	0.001	0.001
>CAGGAAAATC	7-CAGGAAAATC	10.255845	-19.487585	0	T:39.0(15.73%),B:2102.9(5.44%),P:1e-8	Tpos:527.0,Tstd:310.9,Bpos:503.5,Bstd:344.8,StrandBias:-1.0,Multiplicity:1.15
0.168	0.707	0.001	0.124
0.901	0.023	0.001	0.075
0.001	0.001	0.908	0.090
0.001	0.001	0.997	0.001
0.959	0.039	0.001	0.001
0.952	0.001	0.046	0.001
0.958	0.040	0.001	0.001
0.964	0.034	0.001	0.001
0.099	0.021	0.136	0.744
0.023	0.901	0.075	0.001
>AAAAGTCTTA	8-AAAAGTCTTA	9.886652	-18.822200	0	T:23.0(9.27%),B:822.7(2.13%),P:1e-8	Tpos:493.1,Tstd:242.0,Bpos:508.7,Bstd:296.5,StrandBias:-0.1,Multiplicity:1.00
0.861	0.001	0.001	0.137
0.997	0.001	0.001	0.001
0.844	0.001	0.154	0.001
0.919	0.001	0.001	0.079
0.001	0.001	0.997	0.001
0.001	0.001	0.001	0.997
0.001	0.997	0.001	0.001
0.001	0.001	0.335	0.663
0.001	0.001	0.001	0.997
0.955	0.001	0.043	0.001
>GATAGTCATG	9-GATAGTCATG	8.242663	-18.598879	0	T:20.0(8.06%),B:627.9(1.62%),P:1e-8	Tpos:434.5,Tstd:209.6,Bpos:475.2,Bstd:324.4,StrandBias:0.6,Multiplicity:1.15
0.104	0.153	0.714	0.029
0.634	0.063	0.174	0.129
0.040	0.070	0.060	0.830
0.644	0.106	0.226	0.024
0.172	0.032	0.672	0.124
0.188	0.046	0.056	0.710
0.167	0.563	0.117	0.153
0.651	0.054	0.250	0.045
0.058	0.088	0.062	0.792
0.207	0.067	0.586	0.140
>AGAGCCGGAM	10-AGAGCCGGAM	9.093340	-18.166221	0	T:24.0(9.68%),B:926.5(2.40%),P:1e-7	Tpos:462.0,Tstd:310.0,Bpos:515.0,Bstd:329.0,StrandBias:-0.1,Multiplicity:1.21
0.640	0.276	0.001	0.083
0.001	0.001	0.997	0.001
0.850	0.001	0.148	0.001
0.001	0.001	0.898	0.100
0.001	0.997	0.001	0.001
0.398	0.600	0.001	0.001
0.001	0.001	0.997	0.001
0.053	0.240	0.706	0.001
0.728	0.117	0.154	0.001
0.492	0.351	0.155	0.001
>GCGGGACCCA	11-GCGGGACCCA	7.482833	-17.398299	0	T:35.0(14.11%),B:1897.4(4.91%),P:1e-7	Tpos:551.5,Tstd:251.1,Bpos:536.0,Bstd:338.9,StrandBias:-0.4,Multiplicity:1.17
0.018	0.048	0.915	0.019
0.171	0.668	0.091	0.070
0.023	0.017	0.915	0.045
0.025	0.027	0.880	0.068
0.075	0.084	0.769	0.072
0.815	0.060	0.001	0.124
0.138	0.781	0.037	0.044
0.094	0.719	0.105	0.082
0.048	0.779	0.052	0.121
0.771	0.115	0.077	0.037
>GCAAACCGCT	12-GCAAACCGCT	8.935413	-17.266055	0	T:17.0(6.85%),B:486.8(1.26%),P:1e-7	Tpos:530.3,Tstd:275.2,Bpos:493.5,Bstd:298.8,StrandBias:-2.3,Multiplicity:1.06
0.068	0.107	0.758	0.067
0.001	0.997	0.001	0.001
0.902	0.096	0.001	0.001
0.997	0.001	0.001	0.001
0.876	0.122	0.001	0.001
0.060	0.938	0.001	0.001
0.066	0.932	0.001	0.001
0.001	0.001	0.929	0.069
0.058	0.871	0.001	0.070
0.001	0.044	0.080	0.875
>CCGGTTCCAC	13-CCGGTTCCAC	10.696503	-17.209286	0	T:10.0(4.03%),B:134.1(0.35%),P:1e-7	Tpos:391.2,Tstd:332.1,Bpos:514.3,Bstd:357.2,StrandBias:0.0,Multiplicity:1.00
0.001	0.782	0.001	0.216
0.001	0.875	0.001	0.123
0.001	0.001	0.997	0.001
0.001	0.160	0.838	0.001
0.131	0.001	0.001	0.867
0.001	0.001	0.001	0.997
0.001	0.997	0.001	0.001
0.001	0.732	0.001	0.266
0.834	0.001	0.164	0.001
0.001	0.997	0.001	0.001
>ACACTCATCG	14-ACACTCATCG	9.667216	-17.047572	0	T:18.0(7.26%),B:557.3(1.44%),P:1e-7	Tpos:474.3,Tstd:201.8,Bpos:530.8,Bstd:345.2,StrandBias:0.0,Multiplicity:1.11
0.997	0.001	0.001	0.001
0.031	0.901	0.067	0.001
0.848	0.001	0.094	0.057
0.001	0.834	0.065	0.100
0.001	0.073	0.048	0.878
0.067	0.878	0.054	0.001
0.950	0.001	0.001	0.048
0.070	0.001	0.001	0.928
0.001	0.958	0.001	0.040
0.001	0.001	0.872	0.126
>GGATCGATAA	15-GGATCGATAA	9.223040	-16.618550	0	T:25.0(10.08%),B:1087.6(2.81%),P:1e-7	Tpos:582.5,Tstd:254.7,Bpos:540.9,Bstd:348.8,StrandBias:0.7,Multiplicity:1.04
0.146	0.022	0.804	0.028
0.106	0.040	0.853	0.001
0.923	0.001	0.001	0.075
0.049	0.062	0.001	0.888
0.049	0.890	0.060	0.001
0.030	0.054	0.915	0.001
0.997	0.001	0.001	0.001
0.001	0.056	0.042	0.901
0.861	0.088	0.050	0.001
0.997	0.001	0.001	0.001
>TCGGCCYGAA	16-TCGGCCYGAA	8.468318	-16.082199	0	T:36.0(14.52%),B:2100.4(5.43%),P:1e-6	Tpos:498.9,Tstd:257.0,Bpos:502.6,Bstd:345.8,StrandBias:0.4,Multiplicity:1.14
0.017	0.070	0.077	0.836
0.093	0.502	0.054	0.351
0.014	0.098	0.556	0.332
0.047	0.088	0.794	0.071
0.044	0.889	0.030	0.037
0.069	0.872	0.023	0.036
0.001	0.532	0.017	0.450
0.329	0.077	0.579	0.015
0.978	0.003	0.001	0.018
0.997	0.001	0.001	0.001
>CGAATACCCA	17-CGAATACCCA	9.856262	-15.759542	0	T:17.0(6.85%),B:542.6(1.40%),P:1e-6	Tpos:536.7,Tstd:302.9,Bpos:499.8,Bstd:306.2,StrandBias:0.7,Multiplicity:1.06
0.064	0.797	0.074	0.065
0.001	0.001	0.997	0.001
0.997	0.001	0.001	0.001
0.895	0.103	0.001	0.001
0.075	0.001	0.001	0.923
0.883	0.001	0.072	0.044
0.056	0.842	0.101	0.001
0.048	0.896	0.055	0.001
0.001	0.840	0.066	0.093
0.997	0.001	0.001	0.001
>TTTTTAATCA	18-TTTTTAATCA	10.296193	-15.179753	0	T:22.0(8.87%),B:933.0(2.41%),P:1e-6	Tpos:463.0,Tstd:249.8,Bpos:539.6,Bstd:334.8,StrandBias:0.9,Multiplicity:1.05
0.100	0.100	0.100	0.700
0.100	0.100	0.100	0.700
0.100	0.100	0.100	0.700
0.100	0.100	0.100	0.700
0.100	0.100	0.100	0.700
0.700	0.100	0.100	0.100
0.700	0.100	0.100	0.100
0.100	0.100	0.100	0.700
0.100	0.700	0.100	0.100
0.700	0.100	0.100	0.100
>TGTCGTCTCT	19-TGTCGTCTCT	9.635559	-14.989884	0	T:25.0(10.08%),B:1188.1(3.07%),P:1e-6	Tpos:528.9,Tstd:289.9,Bpos:527.7,Bstd:329.8,StrandBias:0.5,Multiplicity:1.08
0.001	0.035	0.001	0.963
0.059	0.001	0.837	0.103
0.001	0.001	0.001	0.997
0.035	0.836	0.044	0.085
0.039	0.054	0.810	0.097
0.084	0.001	0.066	0.849
0.001	0.841	0.061	0.097
0.047	0.001	0.001	0.951
0.001	0.997	0.001	0.001
0.001	0.052	0.001	0.946
>TGTCTCCGCA	20-TGTCTCCGCA	8.521909	-14.138535	0	T:33.0(13.31%),B:1984.9(5.13%),P:1e-6	Tpos:673.5,Tstd:253.2,Bpos:534.3,Bstd:346.5,StrandBias:0.4,Multiplicity:1.21
0.074	0.242	0.085	0.599
0.131	0.106	0.647	0.116
0.001	0.001	0.001	0.997
0.001	0.997	0.001	0.001
0.001	0.214	0.001	0.784
0.001	0.823	0.110	0.066
0.001	0.711	0.001	0.287
0.001	0.001	0.833	0.165
0.059	0.939	0.001	0.001
0.775	0.165	0.001	0.059
>GCTATATATT	21-GCTATATATT	9.519193	-14.120675	0	T:23.0(9.27%),B:1077.9(2.79%),P:1e-6	Tpos:485.8,Tstd:282.5,Bpos:515.4,Bstd:326.6,StrandBias:0.0,Multiplicity:1.22
0.001	0.001	0.997	0.001
0.081	0.917	0.001	0.001
0.097	0.001	0.001	0.901
0.891	0.001	0.001	0.107
0.044	0.251	0.003	0.702
0.947	0.001	0.051	0.001
0.001	0.149	0.087	0.763
0.910	0.088	0.001	0.001
0.001	0.001	0.001	0.997
0.001	0.101	0.184	0.714
>TTCGCCGCGA	22-TTCGCCGCGA	10.407024	-13.466974	0	T:14.0(5.65%),B:436.3(1.13%),P:1e-5	Tpos:436.4,Tstd:268.3,Bpos:517.5,Bstd:344.2,StrandBias:0.0,Multiplicity:1.00
0.122	0.136	0.179	0.563
0.001	0.001	0.001	0.997
0.001	0.997	0.001	0.001
0.001	0.167	0.831	0.001
0.318	0.680	0.001	0.001
0.001	0.849	0.149	0.001
0.001	0.001	0.997	0.001
0.237	0.491	0.271	0.001
0.001	0.001	0.997	0.001
0.997	0.001	0.001	0.001
>CTCTCTCTCA	23-CTCTCTCTCA	9.584978	-11.559442	0	T:31.0(12.50%),B:2038.7(5.27%),P:1e-5	Tpos:519.4,Tstd:299.8,Bpos:554.5,Bstd:346.1,StrandBias:0.2,Multiplicity:1.19
0.017	0.907	0.056	0.020
0.050	0.042	0.001	0.907
0.023	0.948	0.028	0.001
0.016	0.001	0.001	0.982
0.036	0.897	0.041	0.026
0.001	0.001	0.144	0.854
0.001	0.997	0.001	0.001
0.076	0.001	0.126	0.797
0.024	0.921	0.026	0.029
0.805	0.001	0.031	0.163
>MTCCGGATCT	24-MTCCGGATCT	9.174226	-11.013440	0	T:18.0(7.26%),B:862.2(2.23%),P:1e-4	Tpos:457.6,Tstd:269.0,Bpos:487.7,Bstd:353.1,StrandBias:-0.8,Multiplicity:1.00
0.459	0.496	0.031	0.014
0.001	0.008	0.001	0.990
0.006	0.992	0.001	0.001
0.001	0.823	0.114	0.062
0.057	0.001	0.873	0.069
0.051	0.115	0.818	0.016
0.973	0.001	0.001	0.025
0.001	0.001	0.073	0.925
0.142	0.722	0.105	0.031
0.133	0.009	0.001	0.857
>TCCGGATCTA	25-TCCGGATCTA	11.488569	-3.135948	0	T:3.0(1.21%),B:119.3(0.31%),P:1e-1	Tpos:624.5,Tstd:167.1,Bpos:435.4,Bstd:350.7,StrandBias:-0.8,Multiplicity:5.50
0.001	0.001	0.001	0.997
0.001	0.997	0.001	0.001
0.001	0.997	0.001	0.001
0.001	0.001	0.997	0.001
0.001	0.001	0.997	0.001
0.997	0.001	0.001	0.001
0.001	0.001	0.001	0.997
0.001	0.997	0.001	0.001
0.001	0.107	0.001	0.891
0.891	0.001	0.107	0.001
