>TGGAAATGAC	1-TGGAAATGAC	10.516542	-18.056098	0	T:10.0(20.41%),B:660.9(1.78%),P:1e-7	Tpos:572.6,Tstd:241.1,Bpos:484.8,Bstd:320.9,StrandBias:0.0,Multiplicity:1.00
0.001	0.001	0.001	0.997
0.076	0.001	0.922	0.001
0.001	0.001	0.997	0.001
0.679	0.319	0.001	0.001
0.997	0.001	0.001	0.001
0.729	0.001	0.001	0.269
0.001	0.001	0.001	0.997
0.110	0.007	0.882	0.001
0.712	0.286	0.001	0.001
0.001	0.997	0.001	0.001
>TGCDCTCCAT	2-TGCDCTCCAT	8.702305	-17.723724	0	T:14.0(28.57%),B:1662.2(4.47%),P:1e-7	Tpos:448.5,Tstd:298.0,Bpos:517.6,Bstd:336.4,StrandBias:0.6,Multiplicity:1.07
0.163	0.209	0.001	0.627
0.001	0.001	0.997	0.001
0.001	0.887	0.001	0.111
0.250	0.001	0.352	0.397
0.001	0.997	0.001	0.001
0.037	0.166	0.001	0.796
0.001	0.892	0.001	0.106
0.001	0.910	0.001	0.088
0.853	0.001	0.145	0.001
0.001	0.001	0.123	0.875
>TATTGATGTT	3-TATTGATGTT	9.571450	-16.792695	0	T:20.0(40.82%),B:3984.4(10.70%),P:1e-7	Tpos:566.0,Tstd:279.2,Bpos:532.7,Bstd:332.9,StrandBias:1.1,Multiplicity:1.25
0.034	0.001	0.068	0.897
0.934	0.001	0.048	0.017
0.065	0.001	0.001	0.933
0.001	0.001	0.077	0.921
0.001	0.001	0.965	0.033
0.898	0.001	0.069	0.032
0.040	0.096	0.001	0.863
0.031	0.001	0.794	0.174
0.001	0.076	0.001	0.922
0.001	0.082	0.001	0.916
>TCCTCTTCAG	4-TCCTCTTCAG	11.085742	-15.859010	0	T:9.0(18.37%),B:627.9(1.69%),P:1e-6	Tpos:417.1,Tstd:384.4,Bpos:498.0,Bstd:322.7,StrandBias:0.6,Multiplicity:1.11
0.001	0.001	0.001	0.997
0.001	0.881	0.001	0.117
0.094	0.904	0.001	0.001
0.001	0.001	0.001	0.997
0.001	0.997	0.001	0.001
0.001	0.001	0.150	0.848
0.001	0.001	0.001	0.997
0.001	0.997	0.001	0.001
0.997	0.001	0.001	0.001
0.096	0.001	0.902	0.001
>ATATAGATTG	5-ATATAGATTG	8.948657	-15.033262	0	T:13.0(26.53%),B:1747.7(4.69%),P:1e-6	Tpos:597.4,Tstd:295.1,Bpos:501.4,Bstd:299.8,StrandBias:0.3,Multiplicity:1.31
0.908	0.001	0.001	0.090
0.040	0.001	0.001	0.958
0.701	0.117	0.108	0.074
0.081	0.001	0.001	0.917
0.921	0.077	0.001	0.001
0.105	0.001	0.893	0.001
0.865	0.133	0.001	0.001
0.001	0.001	0.001	0.997
0.001	0.001	0.001	0.997
0.001	0.001	0.946	0.052
>CACTGGGTCA	6-CACTGGGTCA	10.868838	-14.429105	0	T:5.0(10.20%),B:115.9(0.31%),P:1e-6	Tpos:380.5,Tstd:243.9,Bpos:490.9,Bstd:344.3,StrandBias:-10.0,Multiplicity:1.20
0.115	0.883	0.001	0.001
0.810	0.188	0.001	0.001
0.001	0.997	0.001	0.001
0.001	0.001	0.001	0.997
0.001	0.001	0.997	0.001
0.129	0.001	0.869	0.001
0.001	0.114	0.884	0.001
0.001	0.001	0.001	0.997
0.001	0.867	0.131	0.001
0.817	0.181	0.001	0.001
>ATTTTATAGA	7-ATTTTATAGA	11.394303	-14.088702	0	T:9.0(18.37%),B:777.0(2.09%),P:1e-6	Tpos:509.7,Tstd:324.0,Bpos:519.0,Bstd:318.4,StrandBias:-1.0,Multiplicity:1.00
0.883	0.001	0.115	0.001
0.001	0.001	0.001	0.997
0.001	0.001	0.001	0.997
0.001	0.150	0.001	0.848
0.001	0.001	0.001	0.997
0.997	0.001	0.001	0.001
0.001	0.001	0.001	0.997
0.997	0.001	0.001	0.001
0.001	0.001	0.997	0.001
0.887	0.111	0.001	0.001
>ATTGGATAGA	8-ATTGGATAGA	8.993066	-13.694780	0	T:12.0(24.49%),B:1643.3(4.41%),P:1e-5	Tpos:491.6,Tstd:259.7,Bpos:507.9,Bstd:316.6,StrandBias:-0.7,Multiplicity:1.33
0.997	0.001	0.001	0.001
0.108	0.001	0.001	0.890
0.001	0.034	0.001	0.964
0.001	0.115	0.814	0.070
0.001	0.001	0.997	0.001
0.997	0.001	0.001	0.001
0.073	0.001	0.088	0.838
0.794	0.001	0.103	0.102
0.001	0.130	0.868	0.001
0.850	0.001	0.001	0.148
>TGTTCWMTTA	9-TGTTCWMTTA	11.479164	-8.799761	0	T:7.0(14.29%),B:879.5(2.36%),P:1e-3	Tpos:519.6,Tstd:265.7,Bpos:521.8,Bstd:296.0,StrandBias:0.6,Multiplicity:1.43
0.001	0.001	0.001	0.997
0.001	0.001	0.997	0.001
0.001	0.001	0.001	0.997
0.001	0.001	0.001	0.997
0.001	0.997	0.001	0.001
0.433	0.001	0.001	0.565
0.562	0.436	0.001	0.001
0.001	0.001	0.289	0.709
0.001	0.001	0.001	0.997
0.581	0.001	0.001	0.417
>TCAGTTTCCC	10-TCAGTTTCCC	8.350283	-7.242113	0	T:12.0(24.49%),B:3189.4(8.57%),P:1e-3	Tpos:436.8,Tstd:219.2,Bpos:534.1,Bstd:319.0,StrandBias:0.2,Multiplicity:1.36
0.100	0.100	0.100	0.700
0.100	0.700	0.100	0.100
0.700	0.100	0.100	0.100
0.100	0.100	0.700	0.100
0.100	0.100	0.100	0.700
0.100	0.100	0.100	0.700
0.100	0.100	0.100	0.700
0.100	0.700	0.100	0.100
0.100	0.700	0.100	0.100
0.100	0.700	0.100	0.100
>TCATGGTCAT	11-TCATGGTCAT	8.751790	-6.866945	0	T:8.0(16.33%),B:1587.7(4.26%),P:1e-2	Tpos:442.2,Tstd:146.4,Bpos:472.8,Bstd:310.0,StrandBias:1.3,Multiplicity:2.62
0.001	0.295	0.095	0.609
0.001	0.997	0.001	0.001
0.997	0.001	0.001	0.001
0.001	0.001	0.001	0.997
0.001	0.001	0.997	0.001
0.311	0.173	0.515	0.001
0.196	0.223	0.001	0.580
0.001	0.997	0.001	0.001
0.997	0.001	0.001	0.001
0.001	0.354	0.001	0.644
>AATCGATTTA	12-AATCGATTTA	10.227936	-3.979200	0	T:8.0(16.33%),B:2579.5(6.93%),P:1e-1	Tpos:548.0,Tstd:297.8,Bpos:536.0,Bstd:358.3,StrandBias:0.5,Multiplicity:2.00
0.997	0.001	0.001	0.001
0.997	0.001	0.001	0.001
0.001	0.001	0.001	0.997
0.001	0.997	0.001	0.001
0.096	0.001	0.902	0.001
0.919	0.001	0.001	0.079
0.001	0.001	0.001	0.997
0.001	0.001	0.001	0.997
0.144	0.001	0.243	0.612
0.616	0.001	0.001	0.382
>TTTATTTATATT	1-TTTATTTATATT	12.083578	-20.165919	0	T:18.0(36.73%),B:2556.7(6.87%),P:1e-8	Tpos:553.0,Tstd:276.2,Bpos:544.0,Bstd:320.8,StrandBias:1.2,Multiplicity:1.11
0.001	0.159	0.001	0.839
0.001	0.001	0.001	0.997
0.001	0.217	0.001	0.781
0.942	0.056	0.001	0.001
0.001	0.001	0.001	0.997
0.001	0.001	0.001	0.997
0.001	0.001	0.001	0.997
0.869	0.001	0.129	0.001
0.247	0.001	0.176	0.576
0.577	0.001	0.001	0.421
0.001	0.001	0.001	0.997
0.061	0.199	0.001	0.739
>TACGCTCTGACC	2-TACGCTCTGACC	9.047809	-19.763142	0	T:4.0(8.16%),B:10.1(0.03%),P:1e-8	Tpos:476.5,Tstd:389.2,Bpos:571.1,Bstd:290.6,StrandBias:10.0,Multiplicity:1.00
0.001	0.001	0.001	0.997
0.954	0.001	0.001	0.044
0.001	0.997	0.001	0.001
0.001	0.001	0.997	0.001
0.001	0.997	0.001	0.001
0.001	0.001	0.001	0.997
0.001	0.997	0.001	0.001
0.001	0.001	0.001	0.997
0.001	0.130	0.868	0.001
0.997	0.001	0.001	0.001
0.040	0.868	0.091	0.001
0.001	0.997	0.001	0.001
>ATTGTTGAACAA	3-ATTGTTGAACAA	14.018347	-18.252083	0	T:7.0(14.29%),B:204.4(0.55%),P:1e-7	Tpos:376.0,Tstd:230.0,Bpos:524.1,Bstd:315.8,StrandBias:2.6,Multiplicity:1.00
0.997	0.001	0.001	0.001
0.001	0.001	0.001	0.997
0.001	0.001	0.001	0.997
0.001	0.001	0.997	0.001
0.001	0.001	0.001	0.997
0.001	0.167	0.001	0.831
0.001	0.144	0.854	0.001
0.787	0.001	0.211	0.001
0.819	0.001	0.001	0.179
0.163	0.835	0.001	0.001
0.997	0.001	0.001	0.001
0.997	0.001	0.001	0.001
>MTGCAACGAGGA	4-MTGCAACGAGGA	9.697156	-18.126296	0	T:8.0(16.33%),B:329.3(0.88%),P:1e-7	Tpos:631.3,Tstd:198.1,Bpos:504.7,Bstd:370.3,StrandBias:0.0,Multiplicity:1.25
0.572	0.426	0.001	0.001
0.001	0.001	0.001	0.997
0.001	0.010	0.988	0.001
0.010	0.988	0.001	0.001
0.786	0.001	0.001	0.212
0.761	0.237	0.001	0.001
0.001	0.997	0.001	0.001
0.001	0.001	0.997	0.001
0.761	0.001	0.001	0.237
0.001	0.213	0.643	0.143
0.155	0.001	0.701	0.143
0.844	0.001	0.154	0.001
>ATTTTCATTTAC	5-ATTTTCATTTAC	13.345873	-17.238942	0	T:8.0(16.33%),B:370.3(0.99%),P:1e-7	Tpos:800.8,Tstd:132.8,Bpos:564.3,Bstd:306.0,StrandBias:0.0,Multiplicity:1.00
0.997	0.001	0.001	0.001
0.001	0.001	0.001	0.997
0.001	0.001	0.001	0.997
0.001	0.161	0.001	0.837
0.001	0.001	0.001	0.997
0.001	0.895	0.001	0.103
0.883	0.001	0.001	0.115
0.001	0.001	0.121	0.877
0.001	0.001	0.001	0.997
0.001	0.001	0.140	0.858
0.854	0.095	0.001	0.050
0.001	0.909	0.001	0.089
>CTATTWTGTATT	6-CTATTWTGTATT	13.010399	-16.104484	0	T:6.0(12.24%),B:165.4(0.44%),P:1e-6	Tpos:400.6,Tstd:280.6,Bpos:553.0,Bstd:316.0,StrandBias:1.3,Multiplicity:1.17
0.001	0.997	0.001	0.001
0.174	0.001	0.001	0.824
0.997	0.001	0.001	0.001
0.336	0.001	0.001	0.662
0.001	0.001	0.001	0.997
0.350	0.001	0.190	0.459
0.001	0.001	0.001	0.997
0.001	0.001	0.997	0.001
0.001	0.001	0.001	0.997
0.997	0.001	0.001	0.001
0.001	0.001	0.001	0.997
0.321	0.001	0.001	0.677
>ATCGATTTGCAG	7-ATCGATTTGCAG	11.234748	-15.148432	0	T:8.0(16.33%),B:489.6(1.32%),P:1e-6	Tpos:409.1,Tstd:254.2,Bpos:490.9,Bstd:352.2,StrandBias:-0.6,Multiplicity:1.25
0.997	0.001	0.001	0.001
0.001	0.001	0.001	0.997
0.271	0.673	0.001	0.055
0.001	0.188	0.740	0.071
0.997	0.001	0.001	0.001
0.129	0.001	0.120	0.750
0.188	0.001	0.157	0.654
0.156	0.001	0.001	0.842
0.001	0.001	0.740	0.258
0.107	0.891	0.001	0.001
0.882	0.107	0.010	0.001
0.001	0.142	0.856	0.001
>GCAVTGACAAGT	8-GCAVTGACAAGT	9.597831	-14.260839	0	T:6.0(12.24%),B:228.5(0.61%),P:1e-6	Tpos:402.3,Tstd:274.1,Bpos:482.1,Bstd:316.4,StrandBias:0.4,Multiplicity:1.17
0.001	0.001	0.985	0.013
0.001	0.653	0.001	0.345
0.662	0.001	0.322	0.015
0.322	0.346	0.331	0.001
0.001	0.272	0.001	0.726
0.001	0.001	0.997	0.001
0.997	0.001	0.001	0.001
0.012	0.986	0.001	0.001
0.997	0.001	0.001	0.001
0.997	0.001	0.001	0.001
0.001	0.001	0.726	0.272
0.001	0.001	0.001	0.997
>AGCTATAMAATC	9-AGCTATAMAATC	10.170491	-13.984112	0	T:9.0(18.37%),B:787.9(2.12%),P:1e-6	Tpos:488.9,Tstd:303.5,Bpos:499.5,Bstd:340.0,StrandBias:-1.0,Multiplicity:1.33
0.997	0.001	0.001	0.001
0.001	0.001	0.969	0.029
0.002	0.995	0.001	0.002
0.028	0.001	0.087	0.884
0.642	0.102	0.158	0.098
0.285	0.001	0.029	0.685
0.993	0.001	0.005	0.001
0.413	0.386	0.001	0.200
0.768	0.224	0.004	0.004
0.895	0.003	0.001	0.101
0.099	0.001	0.200	0.700
0.001	0.978	0.001	0.020
>CAATGCATTGAA	10-CAATGCATTGAA	14.183072	-12.940208	0	T:4.0(8.16%),B:67.3(0.18%),P:1e-5	Tpos:442.0,Tstd:249.1,Bpos:529.9,Bstd:317.3,StrandBias:0.0,Multiplicity:1.00
0.001	0.997	0.001	0.001
0.997	0.001	0.001	0.001
0.997	0.001	0.001	0.001
0.217	0.001	0.001	0.781
0.001	0.001	0.997	0.001
0.001	0.798	0.001	0.200
0.818	0.001	0.001	0.180
0.001	0.001	0.001	0.997
0.001	0.001	0.001	0.997
0.001	0.001	0.997	0.001
0.997	0.001	0.001	0.001
0.786	0.001	0.001	0.212
>TWATTCAATTAT	11-TWATTCAATTAT	10.666381	-12.380966	0	T:13.0(26.53%),B:2218.6(5.96%),P:1e-5	Tpos:676.9,Tstd:219.8,Bpos:514.5,Bstd:316.0,StrandBias:0.6,Multiplicity:1.23
0.111	0.001	0.056	0.832
0.411	0.235	0.001	0.353
0.903	0.001	0.066	0.030
0.089	0.095	0.001	0.815
0.001	0.001	0.124	0.874
0.051	0.851	0.097	0.001
0.997	0.001	0.001	0.001
0.820	0.110	0.069	0.001
0.126	0.089	0.001	0.784
0.033	0.001	0.001	0.965
0.833	0.001	0.001	0.165
0.003	0.001	0.067	0.929
>AAWCGATTTATT	12-AAWCGATTTATT	13.371083	-11.889878	0	T:6.0(12.24%),B:347.0(0.93%),P:1e-5	Tpos:555.8,Tstd:338.4,Bpos:542.7,Bstd:315.2,StrandBias:0.0,Multiplicity:1.00
0.979	0.001	0.019	0.001
0.997	0.001	0.001	0.001
0.525	0.001	0.001	0.473
0.001	0.997	0.001	0.001
0.001	0.192	0.797	0.010
0.767	0.001	0.001	0.231
0.001	0.001	0.302	0.696
0.001	0.001	0.001	0.997
0.199	0.001	0.001	0.799
0.932	0.022	0.001	0.045
0.001	0.001	0.001	0.997
0.001	0.001	0.012	0.986
>GGACATAGTCAT	13-GGACATAGTCAT	12.242238	-9.730882	0	T:3.0(6.12%),B:54.2(0.15%),P:1e-4	Tpos:553.4,Tstd:183.0,Bpos:487.9,Bstd:317.9,StrandBias:2.6,Multiplicity:2.33
0.001	0.274	0.724	0.001
0.001	0.001	0.997	0.001
0.524	0.229	0.001	0.246
0.001	0.724	0.001	0.274
0.997	0.001	0.001	0.001
0.001	0.260	0.001	0.738
0.791	0.001	0.001	0.207
0.229	0.208	0.548	0.015
0.001	0.001	0.001	0.997
0.001	0.997	0.001	0.001
0.997	0.001	0.001	0.001
0.001	0.001	0.001	0.997
>AAATATTGCAAT	14-AAATATTGCAAT	12.355432	-8.150614	0	T:3.0(6.12%),B:94.1(0.25%),P:1e-3	Tpos:637.5,Tstd:336.5,Bpos:560.7,Bstd:339.4,StrandBias:0.0,Multiplicity:1.00
0.700	0.100	0.100	0.100
0.700	0.100	0.100	0.100
0.700	0.100	0.100	0.100
0.100	0.100	0.100	0.700
0.700	0.100	0.100	0.100
0.100	0.100	0.100	0.700
0.100	0.100	0.100	0.700
0.100	0.100	0.700	0.100
0.100	0.700	0.100	0.100
0.700	0.100	0.100	0.100
0.700	0.100	0.100	0.100
0.100	0.100	0.100	0.700
>CGTTTTTCGAAA	15-CGTTTTTCGAAA	10.409522	-7.829075	0	T:8.0(16.33%),B:1369.5(3.68%),P:1e-3	Tpos:416.2,Tstd:318.3,Bpos:522.4,Bstd:327.4,StrandBias:-0.6,Multiplicity:1.12
0.100	0.700	0.100	0.100
0.100	0.100	0.700	0.100
0.100	0.100	0.100	0.700
0.100	0.100	0.100	0.700
0.100	0.100	0.100	0.700
0.100	0.100	0.100	0.700
0.100	0.100	0.100	0.700
0.100	0.700	0.100	0.100
0.100	0.100	0.700	0.100
0.700	0.100	0.100	0.100
0.700	0.100	0.100	0.100
0.700	0.100	0.100	0.100
>GGATTCTG	1-GGATTCTG	9.190505	-10.860704	0	T:10.0(20.41%),B:1473.0(3.96%),P:1e-4	Tpos:316.4,Tstd:225.6,Bpos:460.0,Bstd:326.9,StrandBias:0.3,Multiplicity:1.10
0.001	0.001	0.997	0.001
0.001	0.001	0.997	0.001
0.997	0.001	0.001	0.001
0.001	0.093	0.001	0.905
0.001	0.001	0.177	0.821
0.001	0.997	0.001	0.001
0.001	0.050	0.001	0.948
0.001	0.001	0.997	0.001
>CTCTCCAT	2-CTCTCCAT	7.377577	-9.814419	0	T:19.0(38.78%),B:5674.2(15.24%),P:1e-4	Tpos:487.6,Tstd:328.0,Bpos:500.9,Bstd:335.6,StrandBias:0.5,Multiplicity:1.26
0.001	0.864	0.001	0.134
0.101	0.135	0.281	0.483
0.001	0.905	0.001	0.093
0.001	0.001	0.138	0.860
0.001	0.874	0.093	0.032
0.219	0.779	0.001	0.001
0.907	0.001	0.001	0.091
0.001	0.015	0.402	0.582
>CGCTCTCA	3-CGCTCTCA	8.778483	-8.782383	0	T:9.0(18.37%),B:1525.6(4.10%),P:1e-3	Tpos:491.6,Tstd:329.8,Bpos:497.3,Bstd:345.8,StrandBias:1.2,Multiplicity:1.11
0.001	0.997	0.001	0.001
0.001	0.001	0.997	0.001
0.001	0.782	0.001	0.216
0.001	0.129	0.001	0.869
0.001	0.997	0.001	0.001
0.001	0.001	0.001	0.997
0.001	0.997	0.001	0.001
0.997	0.001	0.001	0.001
>ATTGCATG	4-ATTGCATG	8.236954	-8.595654	0	T:7.0(14.29%),B:909.3(2.44%),P:1e-3	Tpos:386.3,Tstd:250.0,Bpos:498.0,Bstd:295.2,StrandBias:0.4,Multiplicity:1.00
0.700	0.100	0.100	0.100
0.100	0.100	0.100	0.700
0.100	0.100	0.100	0.700
0.100	0.100	0.700	0.100
0.100	0.700	0.100	0.100
0.700	0.100	0.100	0.100
0.100	0.100	0.100	0.700
0.100	0.100	0.700	0.100
>TGWBMATG	5-TGWBMATG	5.856468	-3.652526	0	T:13.0(26.53%),B:5588.8(15.01%),P:1e-1	Tpos:436.9,Tstd:161.4,Bpos:485.0,Bstd:310.5,StrandBias:-0.6,Multiplicity:1.92
0.001	0.291	0.196	0.512
0.126	0.205	0.668	0.001
0.368	0.130	0.148	0.354
0.001	0.375	0.290	0.333
0.358	0.479	0.095	0.068
0.678	0.100	0.040	0.182
0.001	0.315	0.174	0.510
0.001	0.001	0.917	0.081
