>CAYCACTWATTC	8-GAATWAGTGRTG	9.218066	-23.309748	0	T:55.0(23.40%),B:3630.7(9.12%),P:1e-10
0.152	0.625	0.222	0.001
0.781	0.001	0.043	0.175
0.095	0.434	0.001	0.470
0.024	0.974	0.001	0.001
0.871	0.001	0.060	0.068
0.094	0.518	0.042	0.346
0.027	0.035	0.001	0.937
0.534	0.061	0.001	0.404
0.695	0.038	0.140	0.127
0.093	0.053	0.001	0.853
0.027	0.001	0.001	0.971
0.001	0.656	0.001	0.342
