>AATTTCTTATCA	1-AATTTCTTATCA	10.615089	-28.393697	0	T:20.0(18.69%),B:925.0(2.25%),P:1e-12	Tpos:680.9,Tstd:271.4,Bpos:548.1,Bstd:295.6,StrandBias:-0.6,Multiplicity:1.25
0.959	0.001	0.001	0.039
0.842	0.046	0.046	0.066
0.048	0.057	0.128	0.767
0.068	0.001	0.073	0.858
0.001	0.053	0.001	0.945
0.041	0.909	0.049	0.001
0.001	0.001	0.001	0.997
0.001	0.001	0.001	0.997
0.997	0.001	0.001	0.001
0.067	0.061	0.001	0.871
0.001	0.997	0.001	0.001
0.927	0.001	0.071	0.001
>ACATAAAGGGTG	2-ACATAAAGGGTG	13.876076	-21.508552	0	T:5.0(4.67%),B:11.5(0.03%),P:1e-9	Tpos:673.8,Tstd:301.6,Bpos:513.5,Bstd:297.5,StrandBias:-2.0,Multiplicity:1.00
0.997	0.001	0.001	0.001
0.001	0.997	0.001	0.001
0.789	0.001	0.001	0.209
0.368	0.001	0.001	0.630
0.997	0.001	0.001	0.001
0.997	0.001	0.001	0.001
0.997	0.001	0.001	0.001
0.001	0.209	0.789	0.001
0.001	0.001	0.997	0.001
0.001	0.001	0.997	0.001
0.001	0.209	0.001	0.789
0.001	0.001	0.789	0.209
>GATAATAGCTCA	3-GATAATAGCTCA	11.121505	-20.941601	0	T:6.0(5.61%),B:33.3(0.08%),P:1e-9	Tpos:437.8,Tstd:354.5,Bpos:532.2,Bstd:249.9,StrandBias:0.0,Multiplicity:1.00
0.001	0.001	0.997	0.001
0.997	0.001	0.001	0.001
0.010	0.049	0.001	0.940
0.994	0.001	0.004	0.001
0.997	0.001	0.001	0.001
0.001	0.001	0.282	0.716
0.580	0.001	0.415	0.004
0.001	0.001	0.997	0.001
0.001	0.997	0.001	0.001
0.001	0.001	0.001	0.997
0.001	0.997	0.001	0.001
0.997	0.001	0.001	0.001
>TTTCAGGGTACA	4-TTTCAGGGTACA	13.666146	-20.909911	0	T:7.0(6.54%),B:65.8(0.16%),P:1e-9	Tpos:471.0,Tstd:326.5,Bpos:570.5,Bstd:284.5,StrandBias:0.4,Multiplicity:1.00
0.001	0.001	0.001	0.997
0.001	0.001	0.001	0.997
0.001	0.001	0.001	0.997
0.001	0.824	0.174	0.001
0.997	0.001	0.001	0.001
0.126	0.001	0.763	0.110
0.156	0.001	0.842	0.001
0.165	0.145	0.689	0.001
0.001	0.001	0.001	0.997
0.997	0.001	0.001	0.001
0.001	0.997	0.001	0.001
0.997	0.001	0.001	0.001
>ATGAGWTTCTMC	5-ATGAGWTTCTMC	10.780528	-20.437411	0	T:11.0(10.28%),B:324.6(0.79%),P:1e-8	Tpos:581.1,Tstd:203.6,Bpos:502.2,Bstd:288.3,StrandBias:1.0,Multiplicity:1.09
0.997	0.001	0.001	0.001
0.001	0.001	0.001	0.997
0.001	0.001	0.762	0.236
0.714	0.182	0.001	0.103
0.001	0.420	0.578	0.001
0.424	0.188	0.001	0.387
0.001	0.001	0.001	0.997
0.001	0.001	0.001	0.997
0.001	0.871	0.127	0.001
0.134	0.154	0.143	0.569
0.536	0.462	0.001	0.001
0.001	0.997	0.001	0.001
>AAATTGAGGCTT	6-AAATTGAGGCTT	13.215398	-20.049199	0	T:8.0(7.48%),B:122.1(0.30%),P:1e-8	Tpos:382.6,Tstd:298.0,Bpos:491.6,Bstd:297.4,StrandBias:0.7,Multiplicity:1.00
0.997	0.001	0.001	0.001
0.997	0.001	0.001	0.001
0.997	0.001	0.001	0.001
0.001	0.001	0.001	0.997
0.264	0.001	0.001	0.734
0.001	0.001	0.997	0.001
0.997	0.001	0.001	0.001
0.120	0.001	0.878	0.001
0.001	0.001	0.997	0.001
0.001	0.916	0.001	0.082
0.001	0.001	0.001	0.997
0.001	0.179	0.186	0.634
>TTTTGTGGAAAG	7-TTTTGTGGAAAG	13.624577	-19.483041	0	T:7.0(6.54%),B:81.6(0.20%),P:1e-8	Tpos:523.5,Tstd:218.0,Bpos:472.5,Bstd:303.1,StrandBias:0.0,Multiplicity:1.00
0.001	0.001	0.001	0.997
0.001	0.001	0.001	0.997
0.001	0.001	0.001	0.997
0.188	0.001	0.001	0.810
0.108	0.001	0.831	0.060
0.001	0.001	0.001	0.997
0.001	0.001	0.919	0.079
0.068	0.001	0.930	0.001
0.840	0.001	0.001	0.158
0.830	0.001	0.001	0.168
0.997	0.001	0.001	0.001
0.039	0.001	0.959	0.001
>AAACTCTTATAA	8-AAACTCTTATAA	13.075080	-19.403393	0	T:11.0(10.28%),B:359.8(0.87%),P:1e-8	Tpos:495.4,Tstd:346.2,Bpos:548.4,Bstd:287.5,StrandBias:-0.8,Multiplicity:1.00
0.997	0.001	0.001	0.001
0.997	0.001	0.001	0.001
0.872	0.001	0.001	0.126
0.073	0.925	0.001	0.001
0.001	0.001	0.001	0.997
0.089	0.761	0.089	0.061
0.001	0.001	0.001	0.997
0.001	0.127	0.110	0.762
0.997	0.001	0.001	0.001
0.001	0.001	0.117	0.881
0.890	0.108	0.001	0.001
0.997	0.001	0.001	0.001
>TGTTAAAAAATA	9-TGTTAAAAAATA	11.558391	-18.651172	0	T:19.0(17.76%),B:1456.6(3.54%),P:1e-8	Tpos:462.2,Tstd:309.7,Bpos:508.0,Bstd:293.0,StrandBias:-0.6,Multiplicity:1.05
0.065	0.001	0.001	0.933
0.061	0.001	0.937	0.001
0.090	0.001	0.022	0.887
0.001	0.099	0.072	0.828
0.862	0.065	0.001	0.072
0.997	0.001	0.001	0.001
0.977	0.001	0.001	0.021
0.997	0.001	0.001	0.001
0.997	0.001	0.001	0.001
0.862	0.001	0.136	0.001
0.001	0.001	0.001	0.997
0.718	0.096	0.119	0.067
>AATTTCTTTGCT	10-AATTTCTTTGCT	13.179035	-18.265680	0	T:10.0(9.35%),B:308.2(0.75%),P:1e-7	Tpos:697.9,Tstd:260.5,Bpos:505.8,Bstd:293.1,StrandBias:0.8,Multiplicity:1.10
0.997	0.001	0.001	0.001
0.919	0.001	0.001	0.079
0.001	0.001	0.001	0.997
0.001	0.001	0.001	0.997
0.001	0.001	0.149	0.849
0.001	0.997	0.001	0.001
0.001	0.001	0.001	0.997
0.001	0.158	0.001	0.840
0.154	0.001	0.001	0.844
0.001	0.001	0.840	0.158
0.001	0.804	0.125	0.070
0.001	0.001	0.001	0.997
>AAGTATGRAGCA	11-AAGTATGRAGCA	13.659397	-17.859457	0	T:6.0(5.61%),B:58.8(0.14%),P:1e-7	Tpos:503.2,Tstd:277.9,Bpos:522.5,Bstd:300.1,StrandBias:-1.0,Multiplicity:1.00
0.997	0.001	0.001	0.001
0.997	0.001	0.001	0.001
0.001	0.001	0.997	0.001
0.001	0.001	0.001	0.997
0.848	0.001	0.001	0.150
0.001	0.001	0.001	0.997
0.001	0.001	0.997	0.001
0.536	0.001	0.462	0.001
0.997	0.001	0.001	0.001
0.001	0.001	0.803	0.195
0.001	0.809	0.001	0.189
0.997	0.001	0.001	0.001
>TTGCTTTTCAGT	12-TTGCTTTTCAGT	14.643764	-17.710664	0	T:5.0(4.67%),B:27.7(0.07%),P:1e-7	Tpos:791.8,Tstd:258.7,Bpos:436.2,Bstd:323.5,StrandBias:0.6,Multiplicity:1.00
0.001	0.001	0.217	0.781
0.001	0.001	0.001	0.997
0.001	0.001	0.997	0.001
0.001	0.997	0.001	0.001
0.001	0.001	0.001	0.997
0.001	0.001	0.001	0.997
0.001	0.001	0.001	0.997
0.001	0.001	0.001	0.997
0.001	0.997	0.001	0.001
0.997	0.001	0.001	0.001
0.001	0.001	0.997	0.001
0.147	0.001	0.204	0.648
>ATCTCATAAAAA	13-ATCTCATAAAAA	13.379511	-16.742037	0	T:10.0(9.35%),B:364.7(0.89%),P:1e-7	Tpos:499.4,Tstd:265.8,Bpos:496.5,Bstd:291.0,StrandBias:-0.3,Multiplicity:1.10
0.807	0.001	0.001	0.191
0.001	0.001	0.001	0.997
0.089	0.815	0.095	0.001
0.001	0.107	0.001	0.891
0.001	0.997	0.001	0.001
0.894	0.001	0.001	0.104
0.040	0.001	0.001	0.958
0.716	0.090	0.108	0.086
0.997	0.001	0.001	0.001
0.997	0.001	0.001	0.001
0.997	0.001	0.001	0.001
0.997	0.001	0.001	0.001
>ATTGCTAATCAG	14-ATTGCTAATCAG	11.523281	-16.472236	0	T:10.0(9.35%),B:375.4(0.91%),P:1e-7	Tpos:543.8,Tstd:273.4,Bpos:513.1,Bstd:297.8,StrandBias:-0.8,Multiplicity:1.10
0.907	0.003	0.001	0.089
0.145	0.001	0.037	0.817
0.001	0.001	0.001	0.997
0.194	0.003	0.588	0.215
0.404	0.594	0.001	0.001
0.082	0.152	0.139	0.627
0.906	0.001	0.001	0.092
0.985	0.001	0.001	0.013
0.339	0.001	0.001	0.659
0.001	0.805	0.193	0.001
0.997	0.001	0.001	0.001
0.001	0.001	0.997	0.001
>TCTTGTTCGATT	15-TCTTGTTCGATT	12.355432	-15.593409	0	T:3.0(2.80%),B:2.5(0.01%),P:1e-6	Tpos:485.0,Tstd:237.2,Bpos:366.8,Bstd:296.3,StrandBias:1.0,Multiplicity:1.00
0.100	0.100	0.100	0.700
0.100	0.700	0.100	0.100
0.100	0.100	0.100	0.700
0.100	0.100	0.100	0.700
0.100	0.100	0.700	0.100
0.100	0.100	0.100	0.700
0.100	0.100	0.100	0.700
0.100	0.700	0.100	0.100
0.100	0.100	0.700	0.100
0.700	0.100	0.100	0.100
0.100	0.100	0.100	0.700
0.100	0.100	0.100	0.700
>CCASTTGGTGAC	16-CCASTTGGTGAC	9.346965	-15.171514	0	T:7.0(6.54%),B:158.0(0.38%),P:1e-6	Tpos:314.3,Tstd:241.2,Bpos:512.1,Bstd:290.0,StrandBias:1.8,Multiplicity:1.29
0.243	0.482	0.274	0.001
0.001	0.997	0.001	0.001
0.997	0.001	0.001	0.001
0.001	0.504	0.494	0.001
0.007	0.001	0.001	0.991
0.274	0.193	0.001	0.532
0.001	0.001	0.997	0.001
0.001	0.001	0.997	0.001
0.001	0.001	0.001	0.997
0.242	0.001	0.756	0.001
0.989	0.009	0.001	0.001
0.001	0.796	0.193	0.010
>KKSSCKTGTTTG	17-KKSSCKTGTTTG	10.649044	-13.851178	0	T:6.0(5.61%),B:119.8(0.29%),P:1e-6	Tpos:604.5,Tstd:180.5,Bpos:492.9,Bstd:290.7,StrandBias:1.0,Multiplicity:1.00
0.001	0.001	0.488	0.510
0.001	0.001	0.488	0.510
0.001	0.487	0.500	0.013
0.001	0.453	0.535	0.011
0.001	0.926	0.072	0.001
0.001	0.001	0.546	0.452
0.015	0.001	0.013	0.971
0.001	0.001	0.997	0.001
0.001	0.001	0.001	0.997
0.015	0.001	0.001	0.983
0.001	0.001	0.001	0.997
0.001	0.001	0.997	0.001
>CCGSTCCKGCWG	18-CCGSTCCKGCWG	11.799777	-13.472745	0	T:3.0(2.80%),B:6.0(0.01%),P:1e-5	Tpos:500.8,Tstd:184.0,Bpos:512.2,Bstd:276.3,StrandBias:10.0,Multiplicity:1.33
0.001	0.997	0.001	0.001
0.001	0.942	0.001	0.056
0.001	0.001	0.997	0.001
0.001	0.511	0.487	0.001
0.001	0.001	0.001	0.997
0.001	0.997	0.001	0.001
0.001	0.997	0.001	0.001
0.054	0.001	0.431	0.514
0.001	0.001	0.997	0.001
0.001	0.997	0.001	0.001
0.553	0.001	0.001	0.445
0.001	0.001	0.997	0.001
>AWGTGACGTCAC	19-AWGTGACGTCAC	10.661323	-11.014707	0	T:8.0(7.48%),B:419.0(1.02%),P:1e-4	Tpos:369.5,Tstd:181.6,Bpos:496.0,Bstd:277.2,StrandBias:-0.1,Multiplicity:2.75
0.801	0.001	0.132	0.066
0.398	0.001	0.124	0.476
0.001	0.001	0.831	0.167
0.149	0.001	0.001	0.849
0.148	0.001	0.850	0.001
0.514	0.168	0.317	0.001
0.001	0.850	0.001	0.148
0.148	0.001	0.850	0.001
0.001	0.001	0.001	0.997
0.001	0.997	0.001	0.001
0.997	0.001	0.001	0.001
0.001	0.997	0.001	0.001
>AATTGAAAAAAA	20-AATTGAAAAAAA	13.251698	-10.575433	0	T:19.0(17.76%),B:2509.0(6.10%),P:1e-4	Tpos:583.7,Tstd:277.6,Bpos:514.4,Bstd:283.4,StrandBias:-0.7,Multiplicity:1.11
0.997	0.001	0.001	0.001
0.997	0.001	0.001	0.001
0.001	0.001	0.001	0.997
0.001	0.065	0.001	0.933
0.001	0.001	0.997	0.001
0.951	0.001	0.001	0.047
0.889	0.058	0.001	0.052
0.997	0.001	0.001	0.001
0.944	0.054	0.001	0.001
0.898	0.045	0.056	0.001
0.846	0.059	0.069	0.026
0.976	0.001	0.001	0.022
>TWTCCKGGTAAR	21-TWTCCKGGTAAR	9.539337	-9.902842	0	T:4.0(3.74%),B:73.5(0.18%),P:1e-4	Tpos:195.3,Tstd:191.4,Bpos:494.7,Bstd:265.2,StrandBias:-2.6,Multiplicity:1.75
0.001	0.001	0.001	0.997
0.400	0.101	0.001	0.499
0.001	0.001	0.001	0.997
0.001	0.997	0.001	0.001
0.001	0.997	0.001	0.001
0.001	0.001	0.498	0.500
0.001	0.030	0.968	0.001
0.001	0.001	0.997	0.001
0.001	0.001	0.001	0.997
0.997	0.001	0.001	0.001
0.997	0.001	0.001	0.001
0.438	0.001	0.560	0.001
>ATTTTGTTTATA	22-ATTTTGTTTATA	10.409522	-8.301647	0	T:14.0(13.08%),B:1796.4(4.37%),P:1e-3	Tpos:562.6,Tstd:272.2,Bpos:525.9,Bstd:288.3,StrandBias:1.0,Multiplicity:1.07
0.700	0.100	0.100	0.100
0.100	0.100	0.100	0.700
0.100	0.100	0.100	0.700
0.100	0.100	0.100	0.700
0.100	0.100	0.100	0.700
0.100	0.100	0.700	0.100
0.100	0.100	0.100	0.700
0.100	0.100	0.100	0.700
0.100	0.100	0.100	0.700
0.700	0.100	0.100	0.100
0.100	0.100	0.100	0.700
0.700	0.100	0.100	0.100
>GCCGAAAACCAA	23-GCCGAAAACCAA	16.488193	-4.858633	0	T:1.0(0.93%),B:2.5(0.01%),P:1e-2	Tpos:359.8,Tstd:106.0,Bpos:625.7,Bstd:288.8,StrandBias:10.0,Multiplicity:6.00
0.001	0.001	0.997	0.001
0.106	0.892	0.001	0.001
0.001	0.997	0.001	0.001
0.001	0.001	0.997	0.001
0.997	0.001	0.001	0.001
0.997	0.001	0.001	0.001
0.997	0.001	0.001	0.001
0.997	0.001	0.001	0.001
0.001	0.997	0.001	0.001
0.001	0.997	0.001	0.001
0.997	0.001	0.001	0.001
0.997	0.001	0.001	0.001
>GTGTATACACTT	24-GTGTATACACTT	12.355432	-3.884221	0	T:1.0(0.93%),B:7.4(0.02%),P:1e-1	Tpos:301.5,Tstd:204.0,Bpos:492.3,Bstd:244.7,StrandBias:0.0,Multiplicity:2.00
0.100	0.100	0.700	0.100
0.100	0.100	0.100	0.700
0.100	0.100	0.700	0.100
0.100	0.100	0.100	0.700
0.700	0.100	0.100	0.100
0.100	0.100	0.100	0.700
0.700	0.100	0.100	0.100
0.100	0.700	0.100	0.100
0.700	0.100	0.100	0.100
0.100	0.700	0.100	0.100
0.100	0.100	0.100	0.700
0.100	0.100	0.100	0.700
