>AGGGGGGGGGGG	15-CCCCCCCCCCCT	7.978663	-8.043735	0	T:14.0(20.29%),B:2556.7(7.12%),P:1e-3
0.652	0.063	0.207	0.078
0.158	0.001	0.758	0.083
0.191	0.023	0.640	0.146
0.118	0.085	0.784	0.013
0.142	0.108	0.665	0.085
0.087	0.053	0.822	0.038
0.096	0.015	0.854	0.035
0.093	0.066	0.756	0.085
0.079	0.025	0.829	0.067
0.073	0.118	0.770	0.039
0.113	0.093	0.741	0.053
0.151	0.116	0.732	0.001
