>TCGTAGTTTGTG	2-TCGTAGTTTGTG	10.178078	-25.820272	0	T:18.0(25.35%),B:1302.9(3.14%),P:1e-11
0.001	0.051	0.001	0.947
0.001	0.705	0.001	0.293
0.036	0.044	0.829	0.091
0.106	0.045	0.054	0.795
0.734	0.001	0.127	0.138
0.040	0.065	0.666	0.229
0.001	0.071	0.001	0.927
0.071	0.071	0.001	0.857
0.066	0.001	0.001	0.932
0.120	0.001	0.809	0.070
0.066	0.001	0.071	0.862
0.001	0.051	0.946	0.002
