>GGTTACTTCT	1-GGTTACTTCT	10.896845	-21.044644	0	T:7.0(38.89%),B:444.6(1.13%),P:1e-9	Tpos:418.5,Tstd:340.8,Bpos:496.6,Bstd:346.8,StrandBias:0.0,Multiplicity:1.14
0.001	0.001	0.997	0.001
0.001	0.001	0.997	0.001
0.146	0.001	0.001	0.852
0.001	0.001	0.170	0.828
0.744	0.154	0.001	0.101
0.145	0.736	0.001	0.118
0.001	0.001	0.001	0.997
0.001	0.001	0.001	0.997
0.001	0.997	0.001	0.001
0.001	0.001	0.001	0.997
>CTTATTTGCT	2-CTTATTTGCT	7.411696	-16.973704	0	T:10.0(55.56%),B:2586.7(6.60%),P:1e-7	Tpos:456.1,Tstd:243.4,Bpos:539.8,Bstd:330.3,StrandBias:0.0,Multiplicity:1.00
0.001	0.997	0.001	0.001
0.001	0.001	0.001	0.997
0.001	0.001	0.001	0.997
0.965	0.033	0.001	0.001
0.001	0.001	0.001	0.997
0.041	0.001	0.001	0.957
0.001	0.173	0.001	0.825
0.248	0.001	0.750	0.001
0.001	0.750	0.001	0.248
0.001	0.001	0.001	0.997
>GTCACCCCGA	3-GTCACCCCGA	8.741518	-11.701929	0	T:6.0(33.33%),B:1136.3(2.90%),P:1e-5	Tpos:640.7,Tstd:273.7,Bpos:527.7,Bstd:343.2,StrandBias:10.0,Multiplicity:1.17
0.001	0.347	0.651	0.001
0.023	0.023	0.001	0.953
0.001	0.997	0.001	0.001
0.688	0.310	0.001	0.001
0.001	0.981	0.001	0.017
0.001	0.672	0.001	0.326
0.001	0.997	0.001	0.001
0.001	0.590	0.408	0.001
0.264	0.001	0.712	0.023
0.693	0.304	0.002	0.001
>CTGACCTTCA	4-CTGACCTTCA	8.350283	-10.562620	0	T:6.0(33.33%),B:1390.6(3.55%),P:1e-4	Tpos:591.8,Tstd:276.2,Bpos:489.4,Bstd:331.1,StrandBias:1.0,Multiplicity:1.00
0.100	0.700	0.100	0.100
0.100	0.100	0.100	0.700
0.100	0.100	0.700	0.100
0.700	0.100	0.100	0.100
0.100	0.700	0.100	0.100
0.100	0.700	0.100	0.100
0.100	0.100	0.100	0.700
0.100	0.100	0.100	0.700
0.100	0.700	0.100	0.100
0.700	0.100	0.100	0.100
>CATTCTCCGC	5-CATTCTCCGC	8.350283	-10.222631	0	T:6.0(33.33%),B:1477.7(3.77%),P:1e-4	Tpos:330.7,Tstd:144.9,Bpos:535.0,Bstd:334.8,StrandBias:1.0,Multiplicity:1.00
0.100	0.700	0.100	0.100
0.700	0.100	0.100	0.100
0.100	0.100	0.100	0.700
0.100	0.100	0.100	0.700
0.100	0.700	0.100	0.100
0.100	0.100	0.100	0.700
0.100	0.700	0.100	0.100
0.100	0.700	0.100	0.100
0.100	0.100	0.700	0.100
0.100	0.700	0.100	0.100
