>GTGACCCT	1-GTGACCCT	8.830611	-14.412932	0	T:8.0(44.44%),B:1787.6(4.56%),P:1e-6	Tpos:598.0,Tstd:235.7,Bpos:529.9,Bstd:320.9,StrandBias:1.2,Multiplicity:1.25
0.001	0.326	0.672	0.001
0.001	0.001	0.001	0.997
0.001	0.001	0.997	0.001
0.997	0.001	0.001	0.001
0.001	0.997	0.001	0.001
0.001	0.997	0.001	0.001
0.001	0.672	0.001	0.326
0.001	0.001	0.001	0.997
>GAATAAGA	2-GAATAAGA	8.613789	-10.709297	0	T:9.0(50.00%),B:3948.9(10.08%),P:1e-4	Tpos:569.3,Tstd:223.9,Bpos:531.4,Bstd:331.6,StrandBias:-0.8,Multiplicity:1.22
0.001	0.001	0.997	0.001
0.997	0.001	0.001	0.001
0.744	0.001	0.001	0.254
0.001	0.001	0.001	0.997
0.997	0.001	0.001	0.001
0.997	0.001	0.001	0.001
0.001	0.001	0.997	0.001
0.883	0.001	0.115	0.001
>CCAACGTT	3-CCAACGTT	8.101392	-9.122570	0	T:10.0(55.56%),B:6101.2(15.57%),P:1e-3	Tpos:560.2,Tstd:278.8,Bpos:488.4,Bstd:353.6,StrandBias:1.3,Multiplicity:1.60
0.001	0.671	0.001	0.327
0.001	0.813	0.185	0.001
0.641	0.225	0.133	0.001
0.865	0.001	0.001	0.133
0.001	0.997	0.001	0.001
0.001	0.001	0.738	0.260
0.001	0.001	0.001	0.997
0.001	0.001	0.001	0.997
>TAAGCAGY	4-TAAGCAGY	7.905280	-7.898853	0	T:7.0(38.89%),B:3239.0(8.26%),P:1e-3	Tpos:314.3,Tstd:245.3,Bpos:497.8,Bstd:322.2,StrandBias:1.0,Multiplicity:1.29
0.001	0.001	0.001	0.997
0.997	0.001	0.001	0.001
0.871	0.001	0.127	0.001
0.001	0.001	0.997	0.001
0.001	0.997	0.001	0.001
0.997	0.001	0.001	0.001
0.001	0.218	0.780	0.001
0.239	0.424	0.001	0.336
>GCMAATCT	5-GCMAATCT	8.396172	-5.200923	0	T:5.0(27.78%),B:2622.8(6.69%),P:1e-2	Tpos:390.1,Tstd:267.3,Bpos:486.2,Bstd:314.6,StrandBias:1.8,Multiplicity:1.80
0.365	0.001	0.633	0.001
0.001	0.869	0.001	0.129
0.486	0.512	0.001	0.001
0.997	0.001	0.001	0.001
0.997	0.001	0.001	0.001
0.001	0.260	0.105	0.634
0.001	0.616	0.382	0.001
0.001	0.001	0.001	0.997
