>TCTTCAGCTAAT	2-ATTAGCTGAAGA	10.945635	-20.213689	0	T:19.0(7.79%),B:563.1(1.34%),P:1e-8
0.001	0.001	0.083	0.915
0.047	0.773	0.043	0.137
0.045	0.001	0.065	0.889
0.036	0.001	0.001	0.962
0.057	0.751	0.061	0.131
0.764	0.002	0.001	0.233
0.128	0.002	0.769	0.101
0.048	0.908	0.001	0.043
0.087	0.052	0.018	0.843
0.725	0.235	0.039	0.001
0.914	0.037	0.001	0.048
0.150	0.052	0.001	0.797
