>ATTAGCTGAAGA	2-ATTAGCTGAAGA,BestGuess:PL0001.1_hlh-11/Jaspar(0.632)	10.945635	-20.213689	0	T:19.0(7.79%),B:563.1(1.34%),P:1e-8
0.797	0.001	0.052	0.150
0.048	0.001	0.037	0.914
0.001	0.039	0.235	0.725
0.843	0.018	0.052	0.087
0.043	0.001	0.908	0.048
0.101	0.769	0.002	0.128
0.233	0.001	0.002	0.764
0.131	0.061	0.751	0.057
0.962	0.001	0.001	0.036
0.889	0.065	0.001	0.045
0.137	0.043	0.773	0.047
0.915	0.083	0.001	0.001
