>AAGATGGAGCCA	3-TGGCTCCATCTT	10.352312	-19.353058	0	T:21.0(8.61%),B:735.7(1.75%),P:1e-8
0.926	0.072	0.001	0.001
0.899	0.001	0.001	0.099
0.176	0.073	0.644	0.107
0.526	0.232	0.122	0.120
0.250	0.003	0.001	0.746
0.001	0.001	0.887	0.111
0.336	0.004	0.659	0.001
0.888	0.001	0.110	0.001
0.067	0.001	0.836	0.096
0.001	0.771	0.001	0.227
0.116	0.882	0.001	0.001
0.851	0.059	0.002	0.088
