>GTSTGGATTTAC	11-GTSTGGATTTAC,BestGuess:unc-30/MA1443.1/Jaspar(0.601)	9.032976	-8.175334	0	T:4.0(16.00%),B:483.5(1.28%),P:1e-3
0.139	0.069	0.670	0.122
0.069	0.069	0.122	0.740
0.051	0.347	0.478	0.124
0.069	0.208	0.139	0.584
0.124	0.001	0.806	0.069
0.069	0.069	0.733	0.129
0.533	0.069	0.139	0.259
0.054	0.069	0.069	0.808
0.069	0.069	0.147	0.715
0.133	0.120	0.069	0.678
0.738	0.139	0.122	0.001
0.001	0.530	0.347	0.122
