>GTAAATCCASAC	11-GTSTGGATTTAC	9.032976	-8.175334	0	T:4.0(16.00%),B:483.5(1.28%),P:1e-3
0.122	0.347	0.530	0.001
0.001	0.122	0.139	0.738
0.678	0.069	0.120	0.133
0.715	0.147	0.069	0.069
0.808	0.069	0.069	0.054
0.259	0.139	0.069	0.533
0.129	0.733	0.069	0.069
0.069	0.806	0.001	0.124
0.584	0.139	0.208	0.069
0.124	0.478	0.347	0.051
0.740	0.122	0.069	0.069
0.122	0.670	0.069	0.139
