>TCTTCTCTCTTC	15-TCTTCTCTCTTC,BestGuess:blmp-1/MA0537.1/Jaspar(0.635)	9.902892	-18.075560	0	T:31.0(18.34%),B:2201.3(5.81%),P:1e-7
0.046	0.001	0.046	0.907
0.117	0.729	0.082	0.072
0.033	0.056	0.043	0.868
0.001	0.072	0.161	0.766
0.001	0.883	0.001	0.115
0.029	0.052	0.049	0.870
0.077	0.853	0.001	0.069
0.070	0.001	0.171	0.758
0.039	0.822	0.053	0.086
0.110	0.075	0.027	0.788
0.024	0.027	0.022	0.927
0.092	0.833	0.001	0.074
