>ATCGATTTTT	1-ATCGATTTTT	6.194872	-49.675523	0	T:138.0(50.18%),B:7567.0(23.13%),P:1e-21	Tpos:561.4,Tstd:279.9,Bpos:534.6,Bstd:483.2,StrandBias:0.2,Multiplicity:2.10
0.997	0.001	0.001	0.001
0.001	0.056	0.131	0.812
0.001	0.997	0.001	0.001
0.001	0.001	0.997	0.001
0.997	0.001	0.001	0.001
0.001	0.001	0.001	0.997
0.163	0.001	0.001	0.835
0.001	0.001	0.001	0.997
0.001	0.001	0.001	0.997
0.001	0.410	0.001	0.588
>YGGATTTTTC	2-YGGATTTTTC	9.069135	-48.142793	0	T:206.0(74.91%),B:15215.8(46.51%),P:1e-20	Tpos:531.9,Tstd:292.4,Bpos:512.5,Bstd:454.8,StrandBias:0.4,Multiplicity:1.89
0.055	0.359	0.135	0.452
0.001	0.269	0.552	0.178
0.178	0.001	0.820	0.001
0.818	0.001	0.077	0.104
0.001	0.001	0.001	0.997
0.001	0.001	0.001	0.997
0.001	0.001	0.001	0.997
0.001	0.001	0.001	0.997
0.001	0.207	0.001	0.791
0.050	0.810	0.001	0.139
>AAAAATSCGA	3-AAAAATSCGA	9.587037	-45.343627	0	T:144.0(52.36%),B:8507.9(26.00%),P:1e-19	Tpos:545.7,Tstd:306.5,Bpos:522.2,Bstd:474.2,StrandBias:-0.5,Multiplicity:1.73
0.997	0.001	0.001	0.001
0.997	0.001	0.001	0.001
0.997	0.001	0.001	0.001
0.997	0.001	0.001	0.001
0.643	0.001	0.001	0.355
0.001	0.206	0.001	0.792
0.001	0.493	0.505	0.001
0.001	0.623	0.375	0.001
0.001	0.001	0.997	0.001
0.693	0.001	0.265	0.041
>TCGCTGAAAA	4-TCGCTGAAAA	8.805844	-39.939910	0	T:135.0(49.09%),B:8103.9(24.77%),P:1e-17	Tpos:524.6,Tstd:298.5,Bpos:518.9,Bstd:457.2,StrandBias:-0.2,Multiplicity:1.60
0.005	0.126	0.052	0.817
0.077	0.737	0.114	0.072
0.224	0.061	0.671	0.044
0.077	0.644	0.204	0.075
0.118	0.102	0.137	0.643
0.090	0.041	0.807	0.062
0.863	0.027	0.066	0.044
0.965	0.007	0.027	0.001
0.972	0.009	0.001	0.018
0.888	0.014	0.020	0.078
>AAAAACGCGW	5-AAAAACGCGW	8.181074	-39.515432	0	T:156.0(56.73%),B:10292.0(31.46%),P:1e-17	Tpos:578.8,Tstd:268.7,Bpos:530.8,Bstd:415.6,StrandBias:-0.3,Multiplicity:1.28
0.997	0.001	0.001	0.001
0.746	0.001	0.252	0.001
0.997	0.001	0.001	0.001
0.910	0.072	0.001	0.017
0.808	0.023	0.001	0.168
0.075	0.535	0.129	0.261
0.003	0.311	0.615	0.071
0.062	0.875	0.062	0.001
0.085	0.001	0.836	0.078
0.335	0.160	0.044	0.461
>GATTTTCRGC	6-GATTTTCRGC	8.066616	-38.972509	0	T:177.0(64.36%),B:12679.4(38.75%),P:1e-16	Tpos:528.4,Tstd:302.0,Bpos:515.6,Bstd:455.5,StrandBias:0.1,Multiplicity:1.63
0.251	0.155	0.593	0.001
0.900	0.001	0.031	0.068
0.191	0.013	0.048	0.748
0.013	0.001	0.001	0.985
0.001	0.001	0.026	0.972
0.001	0.014	0.001	0.984
0.021	0.948	0.007	0.024
0.385	0.054	0.338	0.223
0.001	0.168	0.830	0.001
0.002	0.882	0.069	0.047
>AAAAACCCMA	7-AAAAACCCMA	8.206633	-35.394177	0	T:122.0(44.36%),B:7266.8(22.21%),P:1e-15	Tpos:477.4,Tstd:309.2,Bpos:504.0,Bstd:432.3,StrandBias:-0.1,Multiplicity:1.29
0.740	0.040	0.182	0.038
0.854	0.064	0.042	0.040
0.889	0.049	0.032	0.030
0.881	0.037	0.046	0.036
0.684	0.147	0.063	0.106
0.272	0.467	0.041	0.220
0.045	0.491	0.244	0.220
0.185	0.424	0.255	0.136
0.382	0.382	0.052	0.183
0.619	0.048	0.278	0.055
>AAAAATCAAT	8-AAAAATCAAT	10.839745	-34.671421	0	T:120.0(43.64%),B:7143.4(21.83%),P:1e-15	Tpos:582.6,Tstd:288.3,Bpos:518.7,Bstd:436.5,StrandBias:-1.0,Multiplicity:1.35
0.997	0.001	0.001	0.001
0.630	0.001	0.222	0.147
0.997	0.001	0.001	0.001
0.997	0.001	0.001	0.001
0.831	0.001	0.001	0.167
0.001	0.117	0.001	0.881
0.001	0.997	0.001	0.001
0.845	0.001	0.153	0.001
0.684	0.232	0.083	0.001
0.001	0.001	0.079	0.919
>AAAAATCGCC	9-AAAAATCGCC	8.815362	-34.351240	0	T:119.0(43.27%),B:7078.9(21.64%),P:1e-14	Tpos:456.0,Tstd:280.8,Bpos:490.5,Bstd:438.8,StrandBias:-0.4,Multiplicity:1.22
0.886	0.091	0.001	0.022
0.937	0.001	0.025	0.037
0.897	0.026	0.040	0.037
0.939	0.034	0.001	0.026
0.916	0.001	0.001	0.082
0.019	0.001	0.001	0.979
0.069	0.788	0.061	0.082
0.032	0.001	0.966	0.001
0.001	0.895	0.103	0.001
0.168	0.791	0.040	0.001
>AAATTCCCCC	10-AAATTCCCCC	9.200178	-29.053753	0	T:56.0(20.36%),B:2229.3(6.81%),P:1e-12	Tpos:466.6,Tstd:251.0,Bpos:505.3,Bstd:459.5,StrandBias:2.0,Multiplicity:1.35
0.997	0.001	0.001	0.001
0.982	0.001	0.001	0.016
0.814	0.031	0.001	0.154
0.044	0.001	0.001	0.954
0.001	0.021	0.001	0.977
0.001	0.869	0.019	0.111
0.001	0.886	0.016	0.097
0.001	0.942	0.056	0.001
0.001	0.899	0.001	0.099
0.001	0.821	0.001	0.177
>AGCTGGAAAA	11-AGCTGGAAAA	9.249854	-28.283019	0	T:77.0(28.00%),B:3883.5(11.87%),P:1e-12	Tpos:544.6,Tstd:295.7,Bpos:522.5,Bstd:420.6,StrandBias:-0.8,Multiplicity:1.17
0.946	0.052	0.001	0.001
0.001	0.158	0.684	0.157
0.001	0.849	0.101	0.049
0.015	0.019	0.017	0.949
0.015	0.001	0.900	0.084
0.001	0.001	0.911	0.087
0.997	0.001	0.001	0.001
0.907	0.001	0.044	0.048
0.957	0.001	0.001	0.041
0.976	0.001	0.001	0.022
>TTCGAGTTTT	12-TTCGAGTTTT	7.932849	-26.576203	0	T:141.0(51.27%),B:10145.3(31.01%),P:1e-11	Tpos:542.9,Tstd:265.7,Bpos:506.3,Bstd:432.4,StrandBias:0.5,Multiplicity:1.42
0.154	0.050	0.207	0.589
0.063	0.285	0.048	0.604
0.022	0.481	0.282	0.216
0.046	0.289	0.648	0.017
0.563	0.049	0.134	0.254
0.263	0.033	0.505	0.199
0.229	0.032	0.054	0.685
0.242	0.026	0.035	0.697
0.075	0.041	0.028	0.856
0.057	0.146	0.017	0.780
>GTCCGCAATC	13-GTCCGCAATC	9.335802	-23.162307	0	T:25.0(9.09%),B:588.5(1.80%),P:1e-10	Tpos:573.3,Tstd:273.2,Bpos:562.3,Bstd:375.3,StrandBias:0.3,Multiplicity:1.16
0.001	0.056	0.942	0.001
0.001	0.001	0.001	0.997
0.061	0.937	0.001	0.001
0.001	0.948	0.001	0.050
0.065	0.001	0.858	0.076
0.001	0.934	0.064	0.001
0.936	0.062	0.001	0.001
0.997	0.001	0.001	0.001
0.313	0.001	0.001	0.685
0.001	0.808	0.079	0.112
>ATTCGAGAAA	14-ATTCGAGAAA	7.777467	-22.712740	0	T:101.0(36.73%),B:6555.4(20.04%),P:1e-9	Tpos:516.1,Tstd:314.1,Bpos:514.9,Bstd:412.1,StrandBias:-0.4,Multiplicity:1.33
0.497	0.157	0.037	0.310
0.270	0.185	0.102	0.444
0.028	0.116	0.182	0.674
0.124	0.594	0.118	0.164
0.168	0.052	0.651	0.129
0.738	0.028	0.109	0.125
0.214	0.038	0.565	0.183
0.702	0.189	0.088	0.021
0.654	0.113	0.157	0.076
0.861	0.016	0.095	0.028
>CACGTGGCAC	15-CACGTGGCAC	8.896740	-22.499633	0	T:36.0(13.09%),B:1235.3(3.78%),P:1e-9	Tpos:414.3,Tstd:252.2,Bpos:518.2,Bstd:402.7,StrandBias:0.5,Multiplicity:1.17
0.229	0.667	0.001	0.103
0.997	0.001	0.001	0.001
0.056	0.942	0.001	0.001
0.057	0.092	0.787	0.064
0.001	0.001	0.001	0.997
0.137	0.001	0.861	0.001
0.001	0.001	0.796	0.202
0.068	0.807	0.124	0.001
0.686	0.001	0.066	0.247
0.059	0.516	0.067	0.358
>TGCAAGCGCG	16-TGCAAGCGCG	9.935112	-21.434591	0	T:29.0(10.55%),B:860.5(2.63%),P:1e-9	Tpos:632.1,Tstd:252.6,Bpos:555.6,Bstd:473.8,StrandBias:0.1,Multiplicity:1.07
0.096	0.001	0.046	0.857
0.001	0.001	0.997	0.001
0.034	0.964	0.001	0.001
0.997	0.001	0.001	0.001
0.997	0.001	0.001	0.001
0.072	0.001	0.894	0.033
0.045	0.648	0.001	0.306
0.001	0.001	0.938	0.060
0.001	0.899	0.099	0.001
0.001	0.001	0.917	0.081
>AATTTCCAGG	17-AATTTCCAGG	8.928988	-20.202401	0	T:67.0(24.36%),B:3727.2(11.39%),P:1e-8	Tpos:519.7,Tstd:342.0,Bpos:517.6,Bstd:441.2,StrandBias:0.6,Multiplicity:1.30
0.943	0.001	0.020	0.036
0.958	0.001	0.025	0.016
0.001	0.017	0.043	0.939
0.055	0.099	0.001	0.845
0.001	0.001	0.001	0.997
0.001	0.990	0.008	0.001
0.001	0.907	0.091	0.001
0.851	0.110	0.030	0.009
0.001	0.040	0.902	0.057
0.228	0.082	0.689	0.001
>TGCAAACACC	18-TGCAAACACC	9.595249	-19.666545	0	T:32.0(11.64%),B:1117.6(3.42%),P:1e-8	Tpos:515.0,Tstd:295.2,Bpos:578.1,Bstd:390.0,StrandBias:0.2,Multiplicity:1.21
0.050	0.385	0.001	0.564
0.001	0.048	0.910	0.041
0.050	0.915	0.001	0.034
0.997	0.001	0.001	0.001
0.970	0.001	0.001	0.028
0.997	0.001	0.001	0.001
0.019	0.922	0.058	0.001
0.997	0.001	0.001	0.001
0.001	0.967	0.001	0.031
0.001	0.967	0.015	0.017
>STCGSCGWCM	19-STCGSCGWCM	7.736544	-17.412981	0	T:34.0(12.36%),B:1368.5(4.18%),P:1e-7	Tpos:432.8,Tstd:305.7,Bpos:462.3,Bstd:400.6,StrandBias:-0.1,Multiplicity:1.16
0.234	0.319	0.397	0.049
0.001	0.185	0.031	0.783
0.001	0.963	0.035	0.001
0.001	0.001	0.906	0.092
0.042	0.489	0.468	0.002
0.001	0.615	0.001	0.383
0.200	0.001	0.798	0.001
0.471	0.179	0.004	0.346
0.001	0.618	0.338	0.043
0.277	0.357	0.164	0.201
>GCCTCAACCA	20-GCCTCAACCA	10.522060	-17.350028	0	T:12.0(4.36%),B:162.1(0.50%),P:1e-7	Tpos:313.1,Tstd:206.1,Bpos:437.8,Bstd:465.8,StrandBias:-0.3,Multiplicity:2.42
0.001	0.001	0.971	0.027
0.001	0.997	0.001	0.001
0.001	0.997	0.001	0.001
0.001	0.001	0.001	0.997
0.001	0.947	0.001	0.051
0.965	0.001	0.001	0.033
0.893	0.065	0.001	0.041
0.001	0.969	0.001	0.029
0.033	0.927	0.001	0.039
0.932	0.001	0.066	0.001
>TGTACTCCKC	21-TGTACTCCKC	10.592426	-15.591780	0	T:17.0(6.18%),B:416.5(1.27%),P:1e-6	Tpos:662.4,Tstd:260.8,Bpos:523.6,Bstd:448.6,StrandBias:-0.5,Multiplicity:1.29
0.001	0.399	0.001	0.599
0.001	0.001	0.997	0.001
0.117	0.020	0.001	0.862
0.987	0.001	0.001	0.011
0.107	0.662	0.120	0.111
0.001	0.018	0.296	0.685
0.001	0.995	0.003	0.001
0.099	0.808	0.001	0.092
0.001	0.001	0.476	0.522
0.001	0.997	0.001	0.001
>GRATYAGCMG	22-GRATYAGCMG	9.665772	-14.233071	0	T:14.0(5.09%),B:309.2(0.95%),P:1e-6	Tpos:360.4,Tstd:226.9,Bpos:442.1,Bstd:371.8,StrandBias:-1.1,Multiplicity:1.36
0.001	0.164	0.834	0.001
0.388	0.001	0.439	0.172
0.559	0.249	0.001	0.191
0.001	0.081	0.001	0.917
0.121	0.415	0.001	0.463
0.877	0.121	0.001	0.001
0.001	0.001	0.997	0.001
0.001	0.997	0.001	0.001
0.567	0.431	0.001	0.001
0.001	0.001	0.997	0.001
>CGCTGCTAAG	23-CGCTGCTAAG	11.061703	-11.786465	0	T:5.0(1.82%),B:28.4(0.09%),P:1e-5	Tpos:301.3,Tstd:191.9,Bpos:318.1,Bstd:402.3,StrandBias:1.9,Multiplicity:2.80
0.001	0.997	0.001	0.001
0.001	0.102	0.896	0.001
0.001	0.997	0.001	0.001
0.001	0.001	0.001	0.997
0.001	0.001	0.997	0.001
0.001	0.923	0.001	0.075
0.001	0.001	0.001	0.997
0.923	0.001	0.001	0.075
0.997	0.001	0.001	0.001
0.001	0.001	0.997	0.001
>TTGTAGTYTG	24-TTGTAGTYTG	11.768836	-9.162317	0	T:18.0(6.55%),B:759.4(2.32%),P:1e-3	Tpos:329.0,Tstd:236.4,Bpos:524.9,Bstd:462.7,StrandBias:-0.4,Multiplicity:4.33
0.012	0.001	0.001	0.986
0.001	0.001	0.022	0.976
0.001	0.001	0.990	0.008
0.001	0.011	0.001	0.987
0.997	0.001	0.001	0.001
0.001	0.001	0.997	0.001
0.001	0.001	0.001	0.997
0.001	0.509	0.115	0.375
0.001	0.013	0.017	0.969
0.268	0.026	0.578	0.128
>TTGGGTCTGC	25-TTGGGTCTGC	9.806215	-6.073470	0	T:11.0(4.00%),B:464.9(1.42%),P:1e-2	Tpos:437.0,Tstd:225.4,Bpos:498.9,Bstd:450.7,StrandBias:0.2,Multiplicity:3.45
0.069	0.001	0.001	0.929
0.001	0.001	0.001	0.997
0.001	0.029	0.868	0.102
0.001	0.001	0.997	0.001
0.001	0.045	0.953	0.001
0.001	0.001	0.001	0.997
0.286	0.712	0.001	0.001
0.001	0.001	0.001	0.997
0.001	0.001	0.997	0.001
0.037	0.961	0.001	0.001
>TTATCGATTTTT	1-TTATCGATTTTT	10.734570	-49.653155	0	T:111.0(40.36%),B:5173.6(15.81%),P:1e-21	Tpos:547.8,Tstd:297.7,Bpos:535.7,Bstd:486.1,StrandBias:0.8,Multiplicity:1.42
0.152	0.001	0.017	0.830
0.004	0.001	0.011	0.984
0.975	0.023	0.001	0.001
0.014	0.001	0.001	0.984
0.015	0.893	0.001	0.091
0.001	0.015	0.974	0.010
0.948	0.029	0.013	0.010
0.001	0.001	0.001	0.997
0.018	0.001	0.025	0.956
0.001	0.023	0.001	0.975
0.001	0.027	0.001	0.971
0.122	0.199	0.015	0.664
>AAATCGAATTTT	2-AAATCGAATTTT	12.581099	-46.894512	0	T:114.0(41.45%),B:5612.8(17.16%),P:1e-20	Tpos:539.2,Tstd:284.9,Bpos:503.2,Bstd:488.3,StrandBias:-0.2,Multiplicity:1.75
0.997	0.001	0.001	0.001
0.997	0.001	0.001	0.001
0.814	0.001	0.001	0.184
0.001	0.001	0.001	0.997
0.001	0.722	0.001	0.276
0.001	0.193	0.805	0.001
0.605	0.142	0.252	0.001
0.722	0.001	0.001	0.276
0.001	0.001	0.001	0.997
0.001	0.001	0.001	0.997
0.001	0.001	0.001	0.997
0.001	0.009	0.001	0.989
>TTTCGGATTTTT	3-TTTCGGATTTTT	10.497911	-42.158609	0	T:127.0(46.18%),B:7143.0(21.83%),P:1e-18	Tpos:528.5,Tstd:283.4,Bpos:504.0,Bstd:465.3,StrandBias:0.2,Multiplicity:1.48
0.046	0.001	0.001	0.952
0.053	0.041	0.001	0.905
0.119	0.001	0.047	0.833
0.001	0.787	0.001	0.211
0.001	0.054	0.944	0.001
0.010	0.109	0.880	0.001
0.854	0.037	0.108	0.001
0.068	0.001	0.082	0.849
0.001	0.001	0.001	0.997
0.001	0.001	0.001	0.997
0.045	0.001	0.001	0.953
0.001	0.001	0.052	0.946
>TTTTCNGYGAAA	4-TTTTCNGYGAAA	10.668076	-41.715900	0	T:131.0(47.64%),B:7558.2(23.10%),P:1e-18	Tpos:514.5,Tstd:300.2,Bpos:509.8,Bstd:483.8,StrandBias:0.2,Multiplicity:1.75
0.001	0.001	0.001	0.997
0.001	0.001	0.001	0.997
0.001	0.001	0.001	0.997
0.001	0.001	0.001	0.997
0.214	0.778	0.007	0.001
0.286	0.183	0.254	0.277
0.001	0.418	0.580	0.001
0.142	0.353	0.100	0.405
0.142	0.073	0.669	0.116
0.997	0.001	0.001	0.001
0.997	0.001	0.001	0.001
0.979	0.001	0.001	0.019
>AAATCGAKRAAA	5-AAATCGAKRAAA	11.406157	-41.307119	0	T:126.0(45.82%),B:7120.9(21.76%),P:1e-17	Tpos:595.2,Tstd:284.8,Bpos:540.1,Bstd:471.4,StrandBias:-0.9,Multiplicity:1.76
0.997	0.001	0.001	0.001
0.997	0.001	0.001	0.001
0.821	0.001	0.001	0.177
0.062	0.001	0.001	0.936
0.001	0.783	0.001	0.215
0.212	0.076	0.711	0.001
0.476	0.291	0.204	0.029
0.192	0.122	0.282	0.405
0.555	0.001	0.443	0.001
0.997	0.001	0.001	0.001
0.997	0.001	0.001	0.001
0.884	0.001	0.001	0.114
>TTTCCCGGATTT	6-TTTCCCGGATTT	9.570446	-39.159039	0	T:173.0(62.91%),B:12200.2(37.29%),P:1e-17	Tpos:524.8,Tstd:283.4,Bpos:523.7,Bstd:442.7,StrandBias:0.9,Multiplicity:1.53
0.001	0.001	0.001	0.997
0.001	0.001	0.001	0.997
0.138	0.001	0.001	0.860
0.002	0.547	0.165	0.286
0.048	0.738	0.055	0.159
0.163	0.835	0.001	0.001
0.048	0.208	0.639	0.105
0.197	0.134	0.633	0.036
0.710	0.001	0.061	0.228
0.138	0.001	0.001	0.860
0.001	0.001	0.005	0.993
0.001	0.001	0.001	0.997
>AAATCGGGATTT	7-AAATCGGGATTT	10.081738	-34.606493	0	T:86.0(31.27%),B:4148.5(12.68%),P:1e-15	Tpos:460.1,Tstd:297.7,Bpos:497.7,Bstd:481.3,StrandBias:0.0,Multiplicity:1.25
0.997	0.001	0.001	0.001
0.948	0.001	0.001	0.050
0.884	0.001	0.051	0.064
0.044	0.072	0.134	0.750
0.001	0.688	0.228	0.083
0.058	0.069	0.776	0.097
0.106	0.016	0.831	0.047
0.121	0.155	0.649	0.075
0.658	0.097	0.161	0.084
0.110	0.051	0.001	0.838
0.020	0.001	0.072	0.907
0.001	0.001	0.001	0.997
>TTTTCCAGCTTT	8-TTTTCCAGCTTT	11.177653	-33.503589	0	T:109.0(39.64%),B:6224.2(19.02%),P:1e-14	Tpos:547.4,Tstd:302.6,Bpos:516.6,Bstd:440.6,StrandBias:0.9,Multiplicity:1.27
0.001	0.001	0.001	0.997
0.001	0.001	0.001	0.997
0.001	0.001	0.001	0.997
0.001	0.001	0.001	0.997
0.106	0.747	0.049	0.098
0.001	0.800	0.198	0.001
0.997	0.001	0.001	0.001
0.100	0.160	0.590	0.150
0.128	0.445	0.244	0.183
0.033	0.001	0.044	0.922
0.001	0.030	0.001	0.968
0.001	0.195	0.001	0.803
>GCCGAAATTCCA	9-GCCGAAATTCCA	9.448039	-32.213111	0	T:65.0(23.64%),B:2689.3(8.22%),P:1e-13	Tpos:531.6,Tstd:320.0,Bpos:513.1,Bstd:446.5,StrandBias:0.1,Multiplicity:1.18
0.025	0.001	0.973	0.001
0.125	0.639	0.093	0.143
0.110	0.775	0.001	0.114
0.045	0.053	0.901	0.001
0.907	0.001	0.091	0.001
0.946	0.001	0.052	0.001
0.754	0.001	0.001	0.244
0.289	0.075	0.001	0.635
0.001	0.158	0.001	0.840
0.111	0.675	0.028	0.186
0.001	0.694	0.252	0.053
0.909	0.045	0.001	0.045
>TTTTCTCGAAAT	10-TTTTCTCGAAAT	9.898034	-28.863974	0	T:120.0(43.64%),B:7723.0(23.61%),P:1e-12	Tpos:486.0,Tstd:307.6,Bpos:505.9,Bstd:433.1,StrandBias:0.3,Multiplicity:1.30
0.052	0.014	0.051	0.883
0.031	0.035	0.005	0.929
0.041	0.051	0.063	0.845
0.028	0.083	0.088	0.801
0.065	0.787	0.084	0.064
0.103	0.082	0.043	0.772
0.050	0.802	0.078	0.070
0.049	0.049	0.823	0.079
0.906	0.046	0.029	0.019
0.832	0.007	0.140	0.021
0.839	0.022	0.012	0.127
0.134	0.025	0.053	0.788
>CTAMAAAATACG	11-CTAMAAAATACG	9.910734	-28.055088	0	T:56.0(20.36%),B:2286.3(6.99%),P:1e-12	Tpos:434.4,Tstd:269.3,Bpos:520.8,Bstd:412.2,StrandBias:-0.2,Multiplicity:1.41
0.001	0.712	0.286	0.001
0.001	0.031	0.078	0.890
0.629	0.001	0.071	0.299
0.322	0.383	0.227	0.068
0.997	0.001	0.001	0.001
0.997	0.001	0.001	0.001
0.997	0.001	0.001	0.001
0.530	0.368	0.001	0.101
0.054	0.209	0.001	0.736
0.965	0.001	0.033	0.001
0.001	0.997	0.001	0.001
0.183	0.237	0.449	0.132
>CCAGATTTGACG	12-CCAGATTTGACG	10.163243	-26.471152	0	T:25.0(9.09%),B:500.2(1.53%),P:1e-11	Tpos:461.6,Tstd:286.1,Bpos:494.9,Bstd:447.6,StrandBias:0.7,Multiplicity:1.13
0.001	0.926	0.072	0.001
0.046	0.913	0.040	0.001
0.553	0.120	0.240	0.087
0.077	0.029	0.753	0.141
0.971	0.001	0.001	0.027
0.002	0.062	0.001	0.935
0.062	0.172	0.001	0.765
0.072	0.112	0.001	0.815
0.001	0.129	0.735	0.135
0.778	0.001	0.145	0.076
0.090	0.908	0.001	0.001
0.040	0.001	0.958	0.001
>GGRAATTTTSGG	13-GGRAATTTTSGG	9.014445	-26.043204	0	T:128.0(46.55%),B:8848.3(27.04%),P:1e-11	Tpos:480.5,Tstd:300.6,Bpos:515.4,Bstd:451.6,StrandBias:-0.4,Multiplicity:1.58
0.013	0.150	0.539	0.298
0.022	0.035	0.934	0.009
0.455	0.053	0.492	0.001
0.813	0.001	0.117	0.069
0.612	0.001	0.106	0.281
0.094	0.001	0.001	0.904
0.001	0.001	0.001	0.997
0.001	0.001	0.001	0.997
0.241	0.049	0.001	0.709
0.119	0.391	0.261	0.229
0.244	0.036	0.688	0.032
0.098	0.154	0.740	0.008
>GCTGAAAATTGC	14-GCTGAAAATTGC	10.790219	-24.631164	0	T:50.0(18.18%),B:2062.0(6.30%),P:1e-10	Tpos:512.9,Tstd:291.0,Bpos:529.4,Bstd:440.2,StrandBias:0.1,Multiplicity:1.10
0.001	0.056	0.939	0.004
0.019	0.873	0.001	0.107
0.042	0.001	0.113	0.844
0.179	0.081	0.667	0.073
0.997	0.001	0.001	0.001
0.823	0.001	0.175	0.001
0.997	0.001	0.001	0.001
0.835	0.001	0.113	0.051
0.158	0.001	0.001	0.840
0.001	0.046	0.152	0.801
0.104	0.029	0.804	0.063
0.198	0.596	0.139	0.067
>GTCYGYAAACAC	15-GTCYGYAAACAC	11.179035	-22.478425	0	T:27.0(9.82%),B:712.8(2.18%),P:1e-9	Tpos:527.5,Tstd:289.6,Bpos:631.0,Bstd:394.0,StrandBias:0.2,Multiplicity:1.30
0.140	0.001	0.642	0.217
0.001	0.017	0.001	0.981
0.293	0.511	0.086	0.110
0.001	0.447	0.001	0.551
0.001	0.001	0.927	0.071
0.001	0.522	0.001	0.476
0.710	0.163	0.126	0.001
0.751	0.001	0.247	0.001
0.830	0.001	0.001	0.168
0.126	0.869	0.001	0.004
0.997	0.001	0.001	0.001
0.001	0.848	0.001	0.150
>TGCAAGCGCGCT	16-TGCAAGCGCGCT	10.076078	-20.189119	0	T:34.0(12.36%),B:1219.3(3.73%),P:1e-8	Tpos:615.1,Tstd:237.3,Bpos:562.0,Bstd:464.0,StrandBias:-0.1,Multiplicity:1.18
0.192	0.109	0.001	0.698
0.073	0.001	0.839	0.087
0.154	0.844	0.001	0.001
0.865	0.061	0.073	0.001
0.897	0.101	0.001	0.001
0.030	0.132	0.688	0.150
0.040	0.667	0.001	0.292
0.001	0.001	0.996	0.002
0.001	0.997	0.001	0.001
0.001	0.001	0.897	0.101
0.001	0.897	0.001	0.101
0.001	0.168	0.102	0.729
>TCCCTTTTTTTT	17-TCCCTTTTTTTT	12.215308	-19.251094	0	T:37.0(13.45%),B:1469.0(4.49%),P:1e-8	Tpos:526.7,Tstd:294.5,Bpos:536.8,Bstd:406.7,StrandBias:2.5,Multiplicity:1.03
0.001	0.111	0.052	0.836
0.048	0.875	0.022	0.055
0.067	0.931	0.001	0.001
0.012	0.875	0.001	0.112
0.001	0.027	0.054	0.918
0.001	0.045	0.001	0.953
0.001	0.001	0.061	0.937
0.001	0.040	0.001	0.958
0.001	0.059	0.001	0.939
0.001	0.001	0.051	0.947
0.001	0.001	0.001	0.997
0.001	0.029	0.040	0.930
>GGCGCTGCTAAG	18-GGCGCTGCTAAG	9.146782	-17.457149	0	T:7.0(2.55%),B:31.6(0.10%),P:1e-7	Tpos:251.2,Tstd:220.6,Bpos:398.6,Bstd:458.5,StrandBias:1.0,Multiplicity:3.00
0.001	0.106	0.892	0.001
0.001	0.001	0.892	0.106
0.001	0.997	0.001	0.001
0.001	0.001	0.892	0.106
0.001	0.942	0.056	0.001
0.001	0.001	0.056	0.942
0.001	0.001	0.997	0.001
0.001	0.997	0.001	0.001
0.001	0.001	0.001	0.997
0.706	0.007	0.001	0.286
0.892	0.106	0.001	0.001
0.001	0.001	0.997	0.001
>AGCCTCAACCAA	19-AGCCTCAACCAA	12.337844	-16.921849	0	T:11.0(4.00%),B:135.2(0.41%),P:1e-7	Tpos:314.3,Tstd:217.3,Bpos:433.4,Bstd:482.7,StrandBias:0.0,Multiplicity:2.18
0.818	0.001	0.092	0.089
0.076	0.104	0.818	0.002
0.001	0.997	0.001	0.001
0.001	0.895	0.103	0.001
0.001	0.001	0.001	0.997
0.001	0.843	0.155	0.001
0.997	0.001	0.001	0.001
0.592	0.406	0.001	0.001
0.001	0.830	0.001	0.168
0.059	0.651	0.081	0.209
0.895	0.001	0.103	0.001
0.684	0.210	0.105	0.001
>GTTATTGTMGGC	20-GTTATTGTMGGC	8.683518	-15.342118	0	T:12.0(4.36%),B:197.7(0.60%),P:1e-6	Tpos:352.6,Tstd:230.5,Bpos:499.6,Bstd:395.5,StrandBias:0.3,Multiplicity:1.67
0.001	0.001	0.997	0.001
0.001	0.001	0.001	0.997
0.001	0.001	0.001	0.997
0.591	0.407	0.001	0.001
0.001	0.137	0.001	0.861
0.001	0.001	0.001	0.997
0.001	0.001	0.997	0.001
0.001	0.001	0.001	0.997
0.546	0.452	0.001	0.001
0.001	0.001	0.890	0.108
0.001	0.414	0.584	0.001
0.001	0.976	0.001	0.022
>CTTGTAGTTTGT	21-CTTGTAGTTTGT	13.309433	-13.945960	0	T:10.0(3.64%),B:147.3(0.45%),P:1e-6	Tpos:307.8,Tstd:199.4,Bpos:447.7,Bstd:494.0,StrandBias:-1.3,Multiplicity:3.40
0.001	0.947	0.051	0.001
0.042	0.001	0.001	0.956
0.044	0.001	0.001	0.954
0.001	0.001	0.997	0.001
0.001	0.074	0.001	0.924
0.997	0.001	0.001	0.001
0.001	0.001	0.997	0.001
0.001	0.001	0.001	0.997
0.001	0.001	0.001	0.997
0.001	0.001	0.001	0.997
0.001	0.001	0.997	0.001
0.001	0.001	0.001	0.997
>ATCCGAAACTGG	22-ATCCGAAACTGG	10.006290	-13.364532	0	T:16.0(5.82%),B:437.8(1.34%),P:1e-5	Tpos:390.7,Tstd:180.0,Bpos:499.9,Bstd:333.1,StrandBias:-0.7,Multiplicity:1.50
0.997	0.001	0.001	0.001
0.153	0.001	0.207	0.639
0.153	0.693	0.153	0.001
0.170	0.828	0.001	0.001
0.088	0.131	0.780	0.001
0.846	0.001	0.001	0.152
0.997	0.001	0.001	0.001
0.997	0.001	0.001	0.001
0.152	0.846	0.001	0.001
0.131	0.153	0.001	0.715
0.001	0.001	0.997	0.001
0.118	0.170	0.711	0.001
>TTGTACTCCTCT	23-TTGTACTCCTCT	11.244099	-12.978790	0	T:15.0(5.45%),B:398.0(1.22%),P:1e-5	Tpos:700.4,Tstd:233.4,Bpos:524.7,Bstd:441.1,StrandBias:-0.9,Multiplicity:1.53
0.001	0.001	0.159	0.839
0.001	0.179	0.001	0.819
0.001	0.001	0.897	0.101
0.082	0.001	0.001	0.916
0.913	0.046	0.040	0.001
0.083	0.729	0.105	0.083
0.001	0.001	0.001	0.997
0.083	0.754	0.051	0.112
0.003	0.891	0.001	0.105
0.211	0.001	0.083	0.705
0.001	0.939	0.001	0.059
0.001	0.152	0.232	0.615
>CCCCCCAAAAAA	24-CCCCCCAAAAAA	9.839733	-12.767869	0	T:32.0(11.64%),B:1530.5(4.68%),P:1e-5	Tpos:571.4,Tstd:306.9,Bpos:504.3,Bstd:456.6,StrandBias:1.9,Multiplicity:1.07
0.032	0.805	0.087	0.076
0.036	0.783	0.122	0.059
0.051	0.877	0.040	0.032
0.050	0.804	0.094	0.052
0.074	0.788	0.065	0.073
0.136	0.659	0.063	0.142
0.832	0.110	0.014	0.044
0.912	0.044	0.043	0.001
0.917	0.026	0.056	0.001
0.900	0.050	0.001	0.049
0.921	0.031	0.026	0.022
0.807	0.089	0.027	0.077
>TTGGGTCTGCTA	25-TTGGGTCTGCTA	12.200957	-4.802356	0	T:6.0(2.18%),B:202.8(0.62%),P:1e-2	Tpos:396.6,Tstd:235.3,Bpos:526.6,Bstd:526.1,StrandBias:-0.1,Multiplicity:3.83
0.001	0.001	0.001	0.997
0.001	0.001	0.001	0.997
0.001	0.001	0.997	0.001
0.001	0.001	0.997	0.001
0.001	0.001	0.997	0.001
0.001	0.001	0.001	0.997
0.377	0.621	0.001	0.001
0.001	0.001	0.001	0.997
0.231	0.001	0.767	0.001
0.001	0.997	0.001	0.001
0.098	0.001	0.001	0.900
0.843	0.001	0.155	0.001
>ATCGATTT	1-ATCGATTT	7.073111	-38.446811	0	T:140.0(50.91%),B:8740.0(26.71%),P:1e-16	Tpos:571.2,Tstd:283.8,Bpos:524.7,Bstd:466.6,StrandBias:0.3,Multiplicity:1.69
0.997	0.001	0.001	0.001
0.001	0.001	0.130	0.868
0.001	0.997	0.001	0.001
0.001	0.001	0.997	0.001
0.997	0.001	0.001	0.001
0.001	0.001	0.001	0.997
0.141	0.001	0.001	0.857
0.001	0.001	0.001	0.997
>SGRTTTTH	2-SGRTTTTH	5.386834	-35.657149	0	T:123.0(44.73%),B:7337.3(22.43%),P:1e-15	Tpos:519.7,Tstd:293.2,Bpos:501.2,Bstd:449.8,StrandBias:-0.2,Multiplicity:1.55
0.110	0.290	0.400	0.199
0.106	0.117	0.670	0.107
0.409	0.132	0.301	0.158
0.175	0.127	0.215	0.484
0.106	0.127	0.168	0.599
0.104	0.179	0.157	0.560
0.089	0.173	0.219	0.519
0.218	0.243	0.178	0.361
>GCTKRAAA	3-GCTKRAAA	9.769855	-34.258376	0	T:144.0(52.36%),B:9575.8(29.27%),P:1e-14	Tpos:543.8,Tstd:312.2,Bpos:519.2,Bstd:468.2,StrandBias:-0.2,Multiplicity:1.64
0.001	0.001	0.997	0.001
0.001	0.997	0.001	0.001
0.001	0.001	0.001	0.997
0.001	0.001	0.501	0.497
0.547	0.001	0.451	0.001
0.997	0.001	0.001	0.001
0.997	0.001	0.001	0.001
0.997	0.001	0.001	0.001
>TWTTCKCS	4-TWTTCKCS	6.531469	-28.433086	0	T:160.0(58.18%),B:11992.7(36.66%),P:1e-12	Tpos:511.9,Tstd:289.9,Bpos:520.9,Bstd:428.6,StrandBias:0.5,Multiplicity:1.48
0.221	0.086	0.157	0.536
0.298	0.083	0.180	0.438
0.012	0.070	0.028	0.890
0.206	0.121	0.193	0.481
0.043	0.761	0.023	0.173
0.084	0.131	0.425	0.361
0.001	0.925	0.073	0.001
0.016	0.512	0.451	0.021
>SGRTTTTN	5-SGRTTTTN	5.198475	-27.745616	0	T:211.0(76.73%),B:18339.6(56.05%),P:1e-12	Tpos:529.7,Tstd:294.1,Bpos:505.9,Bstd:464.8,StrandBias:0.4,Multiplicity:2.07
0.102	0.368	0.420	0.110
0.097	0.130	0.699	0.074
0.377	0.174	0.267	0.182
0.209	0.144	0.220	0.427
0.116	0.148	0.132	0.604
0.100	0.150	0.113	0.637
0.115	0.134	0.147	0.604
0.173	0.316	0.224	0.287
>TTTTCCCC	6-TTTTCCCC	8.080887	-26.917372	0	T:223.0(81.09%),B:20110.7(61.47%),P:1e-11	Tpos:561.4,Tstd:285.8,Bpos:531.8,Bstd:430.3,StrandBias:1.4,Multiplicity:2.12
0.001	0.001	0.001	0.997
0.001	0.001	0.001	0.997
0.001	0.001	0.001	0.997
0.001	0.202	0.001	0.796
0.001	0.812	0.001	0.186
0.001	0.997	0.001	0.001
0.423	0.575	0.001	0.001
0.001	0.797	0.201	0.001
>AAAACCCC	7-AAAACCCC	7.404959	-21.642173	0	T:179.0(65.09%),B:15181.0(46.40%),P:1e-9	Tpos:536.3,Tstd:295.2,Bpos:510.3,Bstd:425.0,StrandBias:0.2,Multiplicity:1.81
0.957	0.001	0.041	0.001
0.982	0.001	0.001	0.016
0.983	0.015	0.001	0.001
0.893	0.095	0.011	0.001
0.298	0.700	0.001	0.001
0.064	0.934	0.001	0.001
0.001	0.793	0.099	0.107
0.142	0.856	0.001	0.001
>AAAATTCC	8-AAAATTCC	8.988292	-21.240837	0	T:194.0(70.55%),B:17104.5(52.28%),P:1e-9	Tpos:496.3,Tstd:282.9,Bpos:511.5,Bstd:442.1,StrandBias:-0.0,Multiplicity:2.18
0.918	0.001	0.080	0.001
0.997	0.001	0.001	0.001
0.997	0.001	0.001	0.001
0.997	0.001	0.001	0.001
0.001	0.001	0.001	0.997
0.001	0.001	0.001	0.997
0.001	0.803	0.195	0.001
0.001	0.693	0.305	0.001
>GCCGGAAA	9-GCCGGAAA	7.412672	-19.567520	0	T:102.0(37.09%),B:7031.5(21.49%),P:1e-8	Tpos:512.7,Tstd:307.3,Bpos:493.5,Bstd:417.1,StrandBias:0.0,Multiplicity:1.25
0.001	0.001	0.997	0.001
0.001	0.997	0.001	0.001
0.001	0.933	0.001	0.065
0.001	0.001	0.997	0.001
0.074	0.001	0.914	0.011
0.997	0.001	0.001	0.001
0.626	0.001	0.001	0.372
0.688	0.310	0.001	0.001
>CGAAATTY	10-CGAAATTY	7.995734	-18.667745	0	T:196.0(71.27%),B:17788.9(54.37%),P:1e-8	Tpos:497.1,Tstd:299.7,Bpos:505.7,Bstd:434.9,StrandBias:0.3,Multiplicity:1.76
0.001	0.874	0.124	0.001
0.001	0.001	0.997	0.001
0.997	0.001	0.001	0.001
0.936	0.001	0.062	0.001
0.779	0.001	0.001	0.219
0.001	0.001	0.001	0.997
0.001	0.001	0.001	0.997
0.001	0.507	0.095	0.397
>AAAATTGG	11-AAAATTGG	10.671825	-15.417931	0	T:114.0(41.45%),B:8852.6(27.06%),P:1e-6	Tpos:539.8,Tstd:290.4,Bpos:506.0,Bstd:427.6,StrandBias:-0.7,Multiplicity:1.29
0.997	0.001	0.001	0.001
0.997	0.001	0.001	0.001
0.997	0.001	0.001	0.001
0.997	0.001	0.001	0.001
0.001	0.001	0.001	0.997
0.001	0.001	0.001	0.997
0.326	0.001	0.672	0.001
0.001	0.001	0.997	0.001
>CACGTGGC	12-CACGTGGC	7.346835	-15.260989	0	T:58.0(21.09%),B:3436.0(10.50%),P:1e-6	Tpos:492.7,Tstd:271.9,Bpos:504.7,Bstd:398.8,StrandBias:-0.0,Multiplicity:1.25
0.074	0.924	0.001	0.001
0.942	0.001	0.056	0.001
0.001	0.997	0.001	0.001
0.001	0.001	0.997	0.001
0.001	0.001	0.001	0.997
0.035	0.001	0.937	0.027
0.001	0.090	0.845	0.064
0.276	0.583	0.061	0.080
>CACCTCGT	13-CACCTCGT	8.409830	-14.678109	0	T:38.0(13.82%),B:1842.7(5.63%),P:1e-6	Tpos:529.9,Tstd:271.4,Bpos:506.3,Bstd:381.9,StrandBias:1.3,Multiplicity:1.11
0.111	0.569	0.319	0.001
0.691	0.001	0.001	0.307
0.001	0.997	0.001	0.001
0.001	0.638	0.001	0.360
0.001	0.124	0.001	0.874
0.001	0.997	0.001	0.001
0.001	0.001	0.997	0.001
0.001	0.001	0.001	0.997
>CGGYKTTT	14-CGGYKTTT	8.286585	-14.456137	0	T:97.0(35.27%),B:7243.8(22.14%),P:1e-6	Tpos:514.1,Tstd:300.1,Bpos:512.8,Bstd:424.9,StrandBias:0.6,Multiplicity:1.30
0.216	0.782	0.001	0.001
0.101	0.080	0.818	0.001
0.125	0.001	0.783	0.091
0.001	0.378	0.205	0.417
0.077	0.059	0.433	0.432
0.001	0.030	0.013	0.956
0.110	0.063	0.014	0.813
0.001	0.045	0.001	0.953
>GCCCCMAC	15-GCCCCMAC	7.498768	-13.965394	0	T:34.0(12.36%),B:1592.0(4.87%),P:1e-6	Tpos:378.5,Tstd:253.7,Bpos:484.6,Bstd:404.1,StrandBias:0.6,Multiplicity:1.47
0.001	0.001	0.997	0.001
0.001	0.997	0.001	0.001
0.001	0.997	0.001	0.001
0.001	0.667	0.001	0.331
0.001	0.735	0.131	0.133
0.497	0.371	0.001	0.131
0.882	0.116	0.001	0.001
0.001	0.715	0.117	0.167
>TGATTTTT	16-TGATTTTT	8.236954	-13.874817	0	T:162.0(58.91%),B:14505.2(44.33%),P:1e-6	Tpos:550.8,Tstd:287.6,Bpos:521.8,Bstd:432.0,StrandBias:0.7,Multiplicity:1.84
0.100	0.100	0.100	0.700
0.100	0.100	0.700	0.100
0.700	0.100	0.100	0.100
0.100	0.100	0.100	0.700
0.100	0.100	0.100	0.700
0.100	0.100	0.100	0.700
0.100	0.100	0.100	0.700
0.100	0.100	0.100	0.700
>ACGCCGAC	17-ACGCCGAC	5.635661	-13.486562	0	T:96.0(34.91%),B:7293.8(22.29%),P:1e-5	Tpos:485.5,Tstd:297.4,Bpos:488.4,Bstd:396.4,StrandBias:0.3,Multiplicity:1.27
0.612	0.166	0.077	0.145
0.114	0.795	0.019	0.072
0.068	0.043	0.797	0.092
0.115	0.734	0.079	0.072
0.096	0.818	0.040	0.046
0.092	0.044	0.834	0.030
0.752	0.022	0.105	0.121
0.096	0.671	0.111	0.122
>CGCAWACA	18-CGCAWACA	7.246390	-13.136185	0	T:35.0(12.73%),B:1731.5(5.29%),P:1e-5	Tpos:508.9,Tstd:280.1,Bpos:553.9,Bstd:371.3,StrandBias:0.0,Multiplicity:1.20
0.001	0.997	0.001	0.001
0.001	0.001	0.997	0.001
0.001	0.997	0.001	0.001
0.956	0.001	0.001	0.042
0.519	0.001	0.001	0.479
0.997	0.001	0.001	0.001
0.001	0.997	0.001	0.001
0.997	0.001	0.001	0.001
>AACGCCGT	19-AACGCCGT	8.060424	-12.398346	0	T:33.0(12.00%),B:1635.2(5.00%),P:1e-5	Tpos:492.0,Tstd:284.7,Bpos:485.2,Bstd:378.7,StrandBias:0.6,Multiplicity:1.03
0.660	0.338	0.001	0.001
0.759	0.001	0.239	0.001
0.001	0.997	0.001	0.001
0.001	0.001	0.997	0.001
0.001	0.695	0.001	0.303
0.001	0.917	0.001	0.081
0.401	0.001	0.597	0.001
0.001	0.413	0.001	0.585
>AAAATTCA	20-AAAATTCA	8.236954	-12.319418	0	T:149.0(54.18%),B:13299.6(40.65%),P:1e-5	Tpos:543.5,Tstd:286.1,Bpos:512.8,Bstd:415.3,StrandBias:0.0,Multiplicity:1.60
0.700	0.100	0.100	0.100
0.700	0.100	0.100	0.100
0.700	0.100	0.100	0.100
0.700	0.100	0.100	0.100
0.100	0.100	0.100	0.700
0.100	0.100	0.100	0.700
0.100	0.700	0.100	0.100
0.700	0.100	0.100	0.100
>CGAGAGGA	21-CGAGAGGA	8.236954	-8.154059	0	T:18.0(6.55%),B:826.8(2.53%),P:1e-3	Tpos:671.5,Tstd:250.2,Bpos:521.5,Bstd:398.3,StrandBias:0.7,Multiplicity:1.33
0.100	0.700	0.100	0.100
0.100	0.100	0.700	0.100
0.700	0.100	0.100	0.100
0.100	0.100	0.700	0.100
0.700	0.100	0.100	0.100
0.100	0.100	0.700	0.100
0.100	0.100	0.700	0.100
0.700	0.100	0.100	0.100
>YAGACTAC	22-YAGACTAC	8.413084	-5.618655	0	T:27.0(9.82%),B:1828.8(5.59%),P:1e-2	Tpos:342.0,Tstd:237.0,Bpos:514.6,Bstd:409.2,StrandBias:0.3,Multiplicity:2.85
0.181	0.483	0.001	0.334
0.906	0.027	0.001	0.066
0.388	0.068	0.543	0.001
0.970	0.028	0.001	0.001
0.001	0.970	0.028	0.001
0.341	0.001	0.001	0.657
0.657	0.341	0.001	0.001
0.001	0.997	0.001	0.001
>GGKCTGCT	23-GGKCTGCT	7.272929	-5.037329	0	T:24.0(8.73%),B:1636.9(5.00%),P:1e-2	Tpos:347.1,Tstd:240.8,Bpos:488.5,Bstd:455.3,StrandBias:0.3,Multiplicity:3.12
0.102	0.115	0.782	0.001
0.001	0.404	0.575	0.020
0.087	0.001	0.480	0.432
0.103	0.895	0.001	0.001
0.051	0.089	0.118	0.742
0.014	0.001	0.984	0.001
0.001	0.973	0.025	0.001
0.178	0.024	0.153	0.645
>AGTAACCC	24-AGTAACCC	7.714189	-4.128811	0	T:13.0(4.73%),B:778.9(2.38%),P:1e-1	Tpos:394.2,Tstd:222.4,Bpos:495.0,Bstd:384.2,StrandBias:0.6,Multiplicity:1.54
0.870	0.001	0.128	0.001
0.001	0.001	0.997	0.001
0.001	0.001	0.001	0.997
0.997	0.001	0.001	0.001
0.997	0.001	0.001	0.001
0.001	0.997	0.001	0.001
0.001	0.958	0.040	0.001
0.001	0.997	0.001	0.001
>CCCCCCCC	25-CCCCCCCC	8.014439	-3.142343	0	T:19.0(6.91%),B:1465.3(4.48%),P:1e-1	Tpos:381.4,Tstd:259.2,Bpos:518.1,Bstd:435.0,StrandBias:3.3,Multiplicity:1.11
0.051	0.882	0.001	0.066
0.032	0.838	0.001	0.129
0.001	0.997	0.001	0.001
0.001	0.997	0.001	0.001
0.001	0.997	0.001	0.001
0.001	0.997	0.001	0.001
0.001	0.997	0.001	0.001
0.060	0.847	0.038	0.055
