>ATCGATTT	1-ATCGATTT	7.073111	-38.446811	0	T:140.0(50.91%),B:8740.0(26.71%),P:1e-16	Tpos:571.2,Tstd:283.8,Bpos:524.7,Bstd:466.6,StrandBias:0.3,Multiplicity:1.69
0.997	0.001	0.001	0.001
0.001	0.001	0.130	0.868
0.001	0.997	0.001	0.001
0.001	0.001	0.997	0.001
0.997	0.001	0.001	0.001
0.001	0.001	0.001	0.997
0.141	0.001	0.001	0.857
0.001	0.001	0.001	0.997
>SGRTTTTH	2-SGRTTTTH	5.386834	-35.657149	0	T:123.0(44.73%),B:7337.3(22.43%),P:1e-15	Tpos:519.7,Tstd:293.2,Bpos:501.2,Bstd:449.8,StrandBias:-0.2,Multiplicity:1.55
0.110	0.290	0.400	0.199
0.106	0.117	0.670	0.107
0.409	0.132	0.301	0.158
0.175	0.127	0.215	0.484
0.106	0.127	0.168	0.599
0.104	0.179	0.157	0.560
0.089	0.173	0.219	0.519
0.218	0.243	0.178	0.361
>GCTKRAAA	3-GCTKRAAA	9.769855	-34.258376	0	T:144.0(52.36%),B:9575.8(29.27%),P:1e-14	Tpos:543.8,Tstd:312.2,Bpos:519.2,Bstd:468.2,StrandBias:-0.2,Multiplicity:1.64
0.001	0.001	0.997	0.001
0.001	0.997	0.001	0.001
0.001	0.001	0.001	0.997
0.001	0.001	0.501	0.497
0.547	0.001	0.451	0.001
0.997	0.001	0.001	0.001
0.997	0.001	0.001	0.001
0.997	0.001	0.001	0.001
>TWTTCKCS	4-TWTTCKCS	6.531469	-28.433086	0	T:160.0(58.18%),B:11992.7(36.66%),P:1e-12	Tpos:511.9,Tstd:289.9,Bpos:520.9,Bstd:428.6,StrandBias:0.5,Multiplicity:1.48
0.221	0.086	0.157	0.536
0.298	0.083	0.180	0.438
0.012	0.070	0.028	0.890
0.206	0.121	0.193	0.481
0.043	0.761	0.023	0.173
0.084	0.131	0.425	0.361
0.001	0.925	0.073	0.001
0.016	0.512	0.451	0.021
>SGRTTTTN	5-SGRTTTTN	5.198475	-27.745616	0	T:211.0(76.73%),B:18339.6(56.05%),P:1e-12	Tpos:529.7,Tstd:294.1,Bpos:505.9,Bstd:464.8,StrandBias:0.4,Multiplicity:2.07
0.102	0.368	0.420	0.110
0.097	0.130	0.699	0.074
0.377	0.174	0.267	0.182
0.209	0.144	0.220	0.427
0.116	0.148	0.132	0.604
0.100	0.150	0.113	0.637
0.115	0.134	0.147	0.604
0.173	0.316	0.224	0.287
>TTTTCCCC	6-TTTTCCCC	8.080887	-26.917372	0	T:223.0(81.09%),B:20110.7(61.47%),P:1e-11	Tpos:561.4,Tstd:285.8,Bpos:531.8,Bstd:430.3,StrandBias:1.4,Multiplicity:2.12
0.001	0.001	0.001	0.997
0.001	0.001	0.001	0.997
0.001	0.001	0.001	0.997
0.001	0.202	0.001	0.796
0.001	0.812	0.001	0.186
0.001	0.997	0.001	0.001
0.423	0.575	0.001	0.001
0.001	0.797	0.201	0.001
>AAAACCCC	7-AAAACCCC	7.404959	-21.642173	0	T:179.0(65.09%),B:15181.0(46.40%),P:1e-9	Tpos:536.3,Tstd:295.2,Bpos:510.3,Bstd:425.0,StrandBias:0.2,Multiplicity:1.81
0.957	0.001	0.041	0.001
0.982	0.001	0.001	0.016
0.983	0.015	0.001	0.001
0.893	0.095	0.011	0.001
0.298	0.700	0.001	0.001
0.064	0.934	0.001	0.001
0.001	0.793	0.099	0.107
0.142	0.856	0.001	0.001
>AAAATTCC	8-AAAATTCC	8.988292	-21.240837	0	T:194.0(70.55%),B:17104.5(52.28%),P:1e-9	Tpos:496.3,Tstd:282.9,Bpos:511.5,Bstd:442.1,StrandBias:-0.0,Multiplicity:2.18
0.918	0.001	0.080	0.001
0.997	0.001	0.001	0.001
0.997	0.001	0.001	0.001
0.997	0.001	0.001	0.001
0.001	0.001	0.001	0.997
0.001	0.001	0.001	0.997
0.001	0.803	0.195	0.001
0.001	0.693	0.305	0.001
>GCCGGAAA	9-GCCGGAAA	7.412672	-19.567520	0	T:102.0(37.09%),B:7031.5(21.49%),P:1e-8	Tpos:512.7,Tstd:307.3,Bpos:493.5,Bstd:417.1,StrandBias:0.0,Multiplicity:1.25
0.001	0.001	0.997	0.001
0.001	0.997	0.001	0.001
0.001	0.933	0.001	0.065
0.001	0.001	0.997	0.001
0.074	0.001	0.914	0.011
0.997	0.001	0.001	0.001
0.626	0.001	0.001	0.372
0.688	0.310	0.001	0.001
>CGAAATTY	10-CGAAATTY	7.995734	-18.667745	0	T:196.0(71.27%),B:17788.9(54.37%),P:1e-8	Tpos:497.1,Tstd:299.7,Bpos:505.7,Bstd:434.9,StrandBias:0.3,Multiplicity:1.76
0.001	0.874	0.124	0.001
0.001	0.001	0.997	0.001
0.997	0.001	0.001	0.001
0.936	0.001	0.062	0.001
0.779	0.001	0.001	0.219
0.001	0.001	0.001	0.997
0.001	0.001	0.001	0.997
0.001	0.507	0.095	0.397
>AAAATTGG	11-AAAATTGG	10.671825	-15.417931	0	T:114.0(41.45%),B:8852.6(27.06%),P:1e-6	Tpos:539.8,Tstd:290.4,Bpos:506.0,Bstd:427.6,StrandBias:-0.7,Multiplicity:1.29
0.997	0.001	0.001	0.001
0.997	0.001	0.001	0.001
0.997	0.001	0.001	0.001
0.997	0.001	0.001	0.001
0.001	0.001	0.001	0.997
0.001	0.001	0.001	0.997
0.326	0.001	0.672	0.001
0.001	0.001	0.997	0.001
>CACGTGGC	12-CACGTGGC	7.346835	-15.260989	0	T:58.0(21.09%),B:3436.0(10.50%),P:1e-6	Tpos:492.7,Tstd:271.9,Bpos:504.7,Bstd:398.8,StrandBias:-0.0,Multiplicity:1.25
0.074	0.924	0.001	0.001
0.942	0.001	0.056	0.001
0.001	0.997	0.001	0.001
0.001	0.001	0.997	0.001
0.001	0.001	0.001	0.997
0.035	0.001	0.937	0.027
0.001	0.090	0.845	0.064
0.276	0.583	0.061	0.080
>CACCTCGT	13-CACCTCGT	8.409830	-14.678109	0	T:38.0(13.82%),B:1842.7(5.63%),P:1e-6	Tpos:529.9,Tstd:271.4,Bpos:506.3,Bstd:381.9,StrandBias:1.3,Multiplicity:1.11
0.111	0.569	0.319	0.001
0.691	0.001	0.001	0.307
0.001	0.997	0.001	0.001
0.001	0.638	0.001	0.360
0.001	0.124	0.001	0.874
0.001	0.997	0.001	0.001
0.001	0.001	0.997	0.001
0.001	0.001	0.001	0.997
>CGGYKTTT	14-CGGYKTTT	8.286585	-14.456137	0	T:97.0(35.27%),B:7243.8(22.14%),P:1e-6	Tpos:514.1,Tstd:300.1,Bpos:512.8,Bstd:424.9,StrandBias:0.6,Multiplicity:1.30
0.216	0.782	0.001	0.001
0.101	0.080	0.818	0.001
0.125	0.001	0.783	0.091
0.001	0.378	0.205	0.417
0.077	0.059	0.433	0.432
0.001	0.030	0.013	0.956
0.110	0.063	0.014	0.813
0.001	0.045	0.001	0.953
>GCCCCMAC	15-GCCCCMAC	7.498768	-13.965394	0	T:34.0(12.36%),B:1592.0(4.87%),P:1e-6	Tpos:378.5,Tstd:253.7,Bpos:484.6,Bstd:404.1,StrandBias:0.6,Multiplicity:1.47
0.001	0.001	0.997	0.001
0.001	0.997	0.001	0.001
0.001	0.997	0.001	0.001
0.001	0.667	0.001	0.331
0.001	0.735	0.131	0.133
0.497	0.371	0.001	0.131
0.882	0.116	0.001	0.001
0.001	0.715	0.117	0.167
>TGATTTTT	16-TGATTTTT	8.236954	-13.874817	0	T:162.0(58.91%),B:14505.2(44.33%),P:1e-6	Tpos:550.8,Tstd:287.6,Bpos:521.8,Bstd:432.0,StrandBias:0.7,Multiplicity:1.84
0.100	0.100	0.100	0.700
0.100	0.100	0.700	0.100
0.700	0.100	0.100	0.100
0.100	0.100	0.100	0.700
0.100	0.100	0.100	0.700
0.100	0.100	0.100	0.700
0.100	0.100	0.100	0.700
0.100	0.100	0.100	0.700
>ACGCCGAC	17-ACGCCGAC	5.635661	-13.486562	0	T:96.0(34.91%),B:7293.8(22.29%),P:1e-5	Tpos:485.5,Tstd:297.4,Bpos:488.4,Bstd:396.4,StrandBias:0.3,Multiplicity:1.27
0.612	0.166	0.077	0.145
0.114	0.795	0.019	0.072
0.068	0.043	0.797	0.092
0.115	0.734	0.079	0.072
0.096	0.818	0.040	0.046
0.092	0.044	0.834	0.030
0.752	0.022	0.105	0.121
0.096	0.671	0.111	0.122
>CGCAWACA	18-CGCAWACA	7.246390	-13.136185	0	T:35.0(12.73%),B:1731.5(5.29%),P:1e-5	Tpos:508.9,Tstd:280.1,Bpos:553.9,Bstd:371.3,StrandBias:0.0,Multiplicity:1.20
0.001	0.997	0.001	0.001
0.001	0.001	0.997	0.001
0.001	0.997	0.001	0.001
0.956	0.001	0.001	0.042
0.519	0.001	0.001	0.479
0.997	0.001	0.001	0.001
0.001	0.997	0.001	0.001
0.997	0.001	0.001	0.001
>AACGCCGT	19-AACGCCGT	8.060424	-12.398346	0	T:33.0(12.00%),B:1635.2(5.00%),P:1e-5	Tpos:492.0,Tstd:284.7,Bpos:485.2,Bstd:378.7,StrandBias:0.6,Multiplicity:1.03
0.660	0.338	0.001	0.001
0.759	0.001	0.239	0.001
0.001	0.997	0.001	0.001
0.001	0.001	0.997	0.001
0.001	0.695	0.001	0.303
0.001	0.917	0.001	0.081
0.401	0.001	0.597	0.001
0.001	0.413	0.001	0.585
>AAAATTCA	20-AAAATTCA	8.236954	-12.319418	0	T:149.0(54.18%),B:13299.6(40.65%),P:1e-5	Tpos:543.5,Tstd:286.1,Bpos:512.8,Bstd:415.3,StrandBias:0.0,Multiplicity:1.60
0.700	0.100	0.100	0.100
0.700	0.100	0.100	0.100
0.700	0.100	0.100	0.100
0.700	0.100	0.100	0.100
0.100	0.100	0.100	0.700
0.100	0.100	0.100	0.700
0.100	0.700	0.100	0.100
0.700	0.100	0.100	0.100
>CGAGAGGA	21-CGAGAGGA	8.236954	-8.154059	0	T:18.0(6.55%),B:826.8(2.53%),P:1e-3	Tpos:671.5,Tstd:250.2,Bpos:521.5,Bstd:398.3,StrandBias:0.7,Multiplicity:1.33
0.100	0.700	0.100	0.100
0.100	0.100	0.700	0.100
0.700	0.100	0.100	0.100
0.100	0.100	0.700	0.100
0.700	0.100	0.100	0.100
0.100	0.100	0.700	0.100
0.100	0.100	0.700	0.100
0.700	0.100	0.100	0.100
>YAGACTAC	22-YAGACTAC	8.413084	-5.618655	0	T:27.0(9.82%),B:1828.8(5.59%),P:1e-2	Tpos:342.0,Tstd:237.0,Bpos:514.6,Bstd:409.2,StrandBias:0.3,Multiplicity:2.85
0.181	0.483	0.001	0.334
0.906	0.027	0.001	0.066
0.388	0.068	0.543	0.001
0.970	0.028	0.001	0.001
0.001	0.970	0.028	0.001
0.341	0.001	0.001	0.657
0.657	0.341	0.001	0.001
0.001	0.997	0.001	0.001
>GGKCTGCT	23-GGKCTGCT	7.272929	-5.037329	0	T:24.0(8.73%),B:1636.9(5.00%),P:1e-2	Tpos:347.1,Tstd:240.8,Bpos:488.5,Bstd:455.3,StrandBias:0.3,Multiplicity:3.12
0.102	0.115	0.782	0.001
0.001	0.404	0.575	0.020
0.087	0.001	0.480	0.432
0.103	0.895	0.001	0.001
0.051	0.089	0.118	0.742
0.014	0.001	0.984	0.001
0.001	0.973	0.025	0.001
0.178	0.024	0.153	0.645
>AGTAACCC	24-AGTAACCC	7.714189	-4.128811	0	T:13.0(4.73%),B:778.9(2.38%),P:1e-1	Tpos:394.2,Tstd:222.4,Bpos:495.0,Bstd:384.2,StrandBias:0.6,Multiplicity:1.54
0.870	0.001	0.128	0.001
0.001	0.001	0.997	0.001
0.001	0.001	0.001	0.997
0.997	0.001	0.001	0.001
0.997	0.001	0.001	0.001
0.001	0.997	0.001	0.001
0.001	0.958	0.040	0.001
0.001	0.997	0.001	0.001
>CCCCCCCC	25-CCCCCCCC	8.014439	-3.142343	0	T:19.0(6.91%),B:1465.3(4.48%),P:1e-1	Tpos:381.4,Tstd:259.2,Bpos:518.1,Bstd:435.0,StrandBias:3.3,Multiplicity:1.11
0.051	0.882	0.001	0.066
0.032	0.838	0.001	0.129
0.001	0.997	0.001	0.001
0.001	0.997	0.001	0.001
0.001	0.997	0.001	0.001
0.001	0.997	0.001	0.001
0.001	0.997	0.001	0.001
0.060	0.847	0.038	0.055
