>ATCGATTTTT	1-ATCGATTTTT	6.194872	-49.675523	0	T:138.0(50.18%),B:7567.0(23.13%),P:1e-21	Tpos:561.4,Tstd:279.9,Bpos:534.6,Bstd:483.2,StrandBias:0.2,Multiplicity:2.10
0.997	0.001	0.001	0.001
0.001	0.056	0.131	0.812
0.001	0.997	0.001	0.001
0.001	0.001	0.997	0.001
0.997	0.001	0.001	0.001
0.001	0.001	0.001	0.997
0.163	0.001	0.001	0.835
0.001	0.001	0.001	0.997
0.001	0.001	0.001	0.997
0.001	0.410	0.001	0.588
>YGGATTTTTC	2-YGGATTTTTC	9.069135	-48.142793	0	T:206.0(74.91%),B:15215.8(46.51%),P:1e-20	Tpos:531.9,Tstd:292.4,Bpos:512.5,Bstd:454.8,StrandBias:0.4,Multiplicity:1.89
0.055	0.359	0.135	0.452
0.001	0.269	0.552	0.178
0.178	0.001	0.820	0.001
0.818	0.001	0.077	0.104
0.001	0.001	0.001	0.997
0.001	0.001	0.001	0.997
0.001	0.001	0.001	0.997
0.001	0.001	0.001	0.997
0.001	0.207	0.001	0.791
0.050	0.810	0.001	0.139
>AAAAATSCGA	3-AAAAATSCGA	9.587037	-45.343627	0	T:144.0(52.36%),B:8507.9(26.00%),P:1e-19	Tpos:545.7,Tstd:306.5,Bpos:522.2,Bstd:474.2,StrandBias:-0.5,Multiplicity:1.73
0.997	0.001	0.001	0.001
0.997	0.001	0.001	0.001
0.997	0.001	0.001	0.001
0.997	0.001	0.001	0.001
0.643	0.001	0.001	0.355
0.001	0.206	0.001	0.792
0.001	0.493	0.505	0.001
0.001	0.623	0.375	0.001
0.001	0.001	0.997	0.001
0.693	0.001	0.265	0.041
>TCGCTGAAAA	4-TCGCTGAAAA	8.805844	-39.939910	0	T:135.0(49.09%),B:8103.9(24.77%),P:1e-17	Tpos:524.6,Tstd:298.5,Bpos:518.9,Bstd:457.2,StrandBias:-0.2,Multiplicity:1.60
0.005	0.126	0.052	0.817
0.077	0.737	0.114	0.072
0.224	0.061	0.671	0.044
0.077	0.644	0.204	0.075
0.118	0.102	0.137	0.643
0.090	0.041	0.807	0.062
0.863	0.027	0.066	0.044
0.965	0.007	0.027	0.001
0.972	0.009	0.001	0.018
0.888	0.014	0.020	0.078
>AAAAACGCGW	5-AAAAACGCGW	8.181074	-39.515432	0	T:156.0(56.73%),B:10292.0(31.46%),P:1e-17	Tpos:578.8,Tstd:268.7,Bpos:530.8,Bstd:415.6,StrandBias:-0.3,Multiplicity:1.28
0.997	0.001	0.001	0.001
0.746	0.001	0.252	0.001
0.997	0.001	0.001	0.001
0.910	0.072	0.001	0.017
0.808	0.023	0.001	0.168
0.075	0.535	0.129	0.261
0.003	0.311	0.615	0.071
0.062	0.875	0.062	0.001
0.085	0.001	0.836	0.078
0.335	0.160	0.044	0.461
>GATTTTCRGC	6-GATTTTCRGC	8.066616	-38.972509	0	T:177.0(64.36%),B:12679.4(38.75%),P:1e-16	Tpos:528.4,Tstd:302.0,Bpos:515.6,Bstd:455.5,StrandBias:0.1,Multiplicity:1.63
0.251	0.155	0.593	0.001
0.900	0.001	0.031	0.068
0.191	0.013	0.048	0.748
0.013	0.001	0.001	0.985
0.001	0.001	0.026	0.972
0.001	0.014	0.001	0.984
0.021	0.948	0.007	0.024
0.385	0.054	0.338	0.223
0.001	0.168	0.830	0.001
0.002	0.882	0.069	0.047
>AAAAACCCMA	7-AAAAACCCMA	8.206633	-35.394177	0	T:122.0(44.36%),B:7266.8(22.21%),P:1e-15	Tpos:477.4,Tstd:309.2,Bpos:504.0,Bstd:432.3,StrandBias:-0.1,Multiplicity:1.29
0.740	0.040	0.182	0.038
0.854	0.064	0.042	0.040
0.889	0.049	0.032	0.030
0.881	0.037	0.046	0.036
0.684	0.147	0.063	0.106
0.272	0.467	0.041	0.220
0.045	0.491	0.244	0.220
0.185	0.424	0.255	0.136
0.382	0.382	0.052	0.183
0.619	0.048	0.278	0.055
>AAAAATCAAT	8-AAAAATCAAT	10.839745	-34.671421	0	T:120.0(43.64%),B:7143.4(21.83%),P:1e-15	Tpos:582.6,Tstd:288.3,Bpos:518.7,Bstd:436.5,StrandBias:-1.0,Multiplicity:1.35
0.997	0.001	0.001	0.001
0.630	0.001	0.222	0.147
0.997	0.001	0.001	0.001
0.997	0.001	0.001	0.001
0.831	0.001	0.001	0.167
0.001	0.117	0.001	0.881
0.001	0.997	0.001	0.001
0.845	0.001	0.153	0.001
0.684	0.232	0.083	0.001
0.001	0.001	0.079	0.919
>AAAAATCGCC	9-AAAAATCGCC	8.815362	-34.351240	0	T:119.0(43.27%),B:7078.9(21.64%),P:1e-14	Tpos:456.0,Tstd:280.8,Bpos:490.5,Bstd:438.8,StrandBias:-0.4,Multiplicity:1.22
0.886	0.091	0.001	0.022
0.937	0.001	0.025	0.037
0.897	0.026	0.040	0.037
0.939	0.034	0.001	0.026
0.916	0.001	0.001	0.082
0.019	0.001	0.001	0.979
0.069	0.788	0.061	0.082
0.032	0.001	0.966	0.001
0.001	0.895	0.103	0.001
0.168	0.791	0.040	0.001
>AAATTCCCCC	10-AAATTCCCCC	9.200178	-29.053753	0	T:56.0(20.36%),B:2229.3(6.81%),P:1e-12	Tpos:466.6,Tstd:251.0,Bpos:505.3,Bstd:459.5,StrandBias:2.0,Multiplicity:1.35
0.997	0.001	0.001	0.001
0.982	0.001	0.001	0.016
0.814	0.031	0.001	0.154
0.044	0.001	0.001	0.954
0.001	0.021	0.001	0.977
0.001	0.869	0.019	0.111
0.001	0.886	0.016	0.097
0.001	0.942	0.056	0.001
0.001	0.899	0.001	0.099
0.001	0.821	0.001	0.177
>AGCTGGAAAA	11-AGCTGGAAAA	9.249854	-28.283019	0	T:77.0(28.00%),B:3883.5(11.87%),P:1e-12	Tpos:544.6,Tstd:295.7,Bpos:522.5,Bstd:420.6,StrandBias:-0.8,Multiplicity:1.17
0.946	0.052	0.001	0.001
0.001	0.158	0.684	0.157
0.001	0.849	0.101	0.049
0.015	0.019	0.017	0.949
0.015	0.001	0.900	0.084
0.001	0.001	0.911	0.087
0.997	0.001	0.001	0.001
0.907	0.001	0.044	0.048
0.957	0.001	0.001	0.041
0.976	0.001	0.001	0.022
>TTCGAGTTTT	12-TTCGAGTTTT	7.932849	-26.576203	0	T:141.0(51.27%),B:10145.3(31.01%),P:1e-11	Tpos:542.9,Tstd:265.7,Bpos:506.3,Bstd:432.4,StrandBias:0.5,Multiplicity:1.42
0.154	0.050	0.207	0.589
0.063	0.285	0.048	0.604
0.022	0.481	0.282	0.216
0.046	0.289	0.648	0.017
0.563	0.049	0.134	0.254
0.263	0.033	0.505	0.199
0.229	0.032	0.054	0.685
0.242	0.026	0.035	0.697
0.075	0.041	0.028	0.856
0.057	0.146	0.017	0.780
>GTCCGCAATC	13-GTCCGCAATC	9.335802	-23.162307	0	T:25.0(9.09%),B:588.5(1.80%),P:1e-10	Tpos:573.3,Tstd:273.2,Bpos:562.3,Bstd:375.3,StrandBias:0.3,Multiplicity:1.16
0.001	0.056	0.942	0.001
0.001	0.001	0.001	0.997
0.061	0.937	0.001	0.001
0.001	0.948	0.001	0.050
0.065	0.001	0.858	0.076
0.001	0.934	0.064	0.001
0.936	0.062	0.001	0.001
0.997	0.001	0.001	0.001
0.313	0.001	0.001	0.685
0.001	0.808	0.079	0.112
>ATTCGAGAAA	14-ATTCGAGAAA	7.777467	-22.712740	0	T:101.0(36.73%),B:6555.4(20.04%),P:1e-9	Tpos:516.1,Tstd:314.1,Bpos:514.9,Bstd:412.1,StrandBias:-0.4,Multiplicity:1.33
0.497	0.157	0.037	0.310
0.270	0.185	0.102	0.444
0.028	0.116	0.182	0.674
0.124	0.594	0.118	0.164
0.168	0.052	0.651	0.129
0.738	0.028	0.109	0.125
0.214	0.038	0.565	0.183
0.702	0.189	0.088	0.021
0.654	0.113	0.157	0.076
0.861	0.016	0.095	0.028
>CACGTGGCAC	15-CACGTGGCAC	8.896740	-22.499633	0	T:36.0(13.09%),B:1235.3(3.78%),P:1e-9	Tpos:414.3,Tstd:252.2,Bpos:518.2,Bstd:402.7,StrandBias:0.5,Multiplicity:1.17
0.229	0.667	0.001	0.103
0.997	0.001	0.001	0.001
0.056	0.942	0.001	0.001
0.057	0.092	0.787	0.064
0.001	0.001	0.001	0.997
0.137	0.001	0.861	0.001
0.001	0.001	0.796	0.202
0.068	0.807	0.124	0.001
0.686	0.001	0.066	0.247
0.059	0.516	0.067	0.358
>TGCAAGCGCG	16-TGCAAGCGCG	9.935112	-21.434591	0	T:29.0(10.55%),B:860.5(2.63%),P:1e-9	Tpos:632.1,Tstd:252.6,Bpos:555.6,Bstd:473.8,StrandBias:0.1,Multiplicity:1.07
0.096	0.001	0.046	0.857
0.001	0.001	0.997	0.001
0.034	0.964	0.001	0.001
0.997	0.001	0.001	0.001
0.997	0.001	0.001	0.001
0.072	0.001	0.894	0.033
0.045	0.648	0.001	0.306
0.001	0.001	0.938	0.060
0.001	0.899	0.099	0.001
0.001	0.001	0.917	0.081
>AATTTCCAGG	17-AATTTCCAGG	8.928988	-20.202401	0	T:67.0(24.36%),B:3727.2(11.39%),P:1e-8	Tpos:519.7,Tstd:342.0,Bpos:517.6,Bstd:441.2,StrandBias:0.6,Multiplicity:1.30
0.943	0.001	0.020	0.036
0.958	0.001	0.025	0.016
0.001	0.017	0.043	0.939
0.055	0.099	0.001	0.845
0.001	0.001	0.001	0.997
0.001	0.990	0.008	0.001
0.001	0.907	0.091	0.001
0.851	0.110	0.030	0.009
0.001	0.040	0.902	0.057
0.228	0.082	0.689	0.001
>TGCAAACACC	18-TGCAAACACC	9.595249	-19.666545	0	T:32.0(11.64%),B:1117.6(3.42%),P:1e-8	Tpos:515.0,Tstd:295.2,Bpos:578.1,Bstd:390.0,StrandBias:0.2,Multiplicity:1.21
0.050	0.385	0.001	0.564
0.001	0.048	0.910	0.041
0.050	0.915	0.001	0.034
0.997	0.001	0.001	0.001
0.970	0.001	0.001	0.028
0.997	0.001	0.001	0.001
0.019	0.922	0.058	0.001
0.997	0.001	0.001	0.001
0.001	0.967	0.001	0.031
0.001	0.967	0.015	0.017
>STCGSCGWCM	19-STCGSCGWCM	7.736544	-17.412981	0	T:34.0(12.36%),B:1368.5(4.18%),P:1e-7	Tpos:432.8,Tstd:305.7,Bpos:462.3,Bstd:400.6,StrandBias:-0.1,Multiplicity:1.16
0.234	0.319	0.397	0.049
0.001	0.185	0.031	0.783
0.001	0.963	0.035	0.001
0.001	0.001	0.906	0.092
0.042	0.489	0.468	0.002
0.001	0.615	0.001	0.383
0.200	0.001	0.798	0.001
0.471	0.179	0.004	0.346
0.001	0.618	0.338	0.043
0.277	0.357	0.164	0.201
>GCCTCAACCA	20-GCCTCAACCA	10.522060	-17.350028	0	T:12.0(4.36%),B:162.1(0.50%),P:1e-7	Tpos:313.1,Tstd:206.1,Bpos:437.8,Bstd:465.8,StrandBias:-0.3,Multiplicity:2.42
0.001	0.001	0.971	0.027
0.001	0.997	0.001	0.001
0.001	0.997	0.001	0.001
0.001	0.001	0.001	0.997
0.001	0.947	0.001	0.051
0.965	0.001	0.001	0.033
0.893	0.065	0.001	0.041
0.001	0.969	0.001	0.029
0.033	0.927	0.001	0.039
0.932	0.001	0.066	0.001
>TGTACTCCKC	21-TGTACTCCKC	10.592426	-15.591780	0	T:17.0(6.18%),B:416.5(1.27%),P:1e-6	Tpos:662.4,Tstd:260.8,Bpos:523.6,Bstd:448.6,StrandBias:-0.5,Multiplicity:1.29
0.001	0.399	0.001	0.599
0.001	0.001	0.997	0.001
0.117	0.020	0.001	0.862
0.987	0.001	0.001	0.011
0.107	0.662	0.120	0.111
0.001	0.018	0.296	0.685
0.001	0.995	0.003	0.001
0.099	0.808	0.001	0.092
0.001	0.001	0.476	0.522
0.001	0.997	0.001	0.001
>GRATYAGCMG	22-GRATYAGCMG	9.665772	-14.233071	0	T:14.0(5.09%),B:309.2(0.95%),P:1e-6	Tpos:360.4,Tstd:226.9,Bpos:442.1,Bstd:371.8,StrandBias:-1.1,Multiplicity:1.36
0.001	0.164	0.834	0.001
0.388	0.001	0.439	0.172
0.559	0.249	0.001	0.191
0.001	0.081	0.001	0.917
0.121	0.415	0.001	0.463
0.877	0.121	0.001	0.001
0.001	0.001	0.997	0.001
0.001	0.997	0.001	0.001
0.567	0.431	0.001	0.001
0.001	0.001	0.997	0.001
>CGCTGCTAAG	23-CGCTGCTAAG	11.061703	-11.786465	0	T:5.0(1.82%),B:28.4(0.09%),P:1e-5	Tpos:301.3,Tstd:191.9,Bpos:318.1,Bstd:402.3,StrandBias:1.9,Multiplicity:2.80
0.001	0.997	0.001	0.001
0.001	0.102	0.896	0.001
0.001	0.997	0.001	0.001
0.001	0.001	0.001	0.997
0.001	0.001	0.997	0.001
0.001	0.923	0.001	0.075
0.001	0.001	0.001	0.997
0.923	0.001	0.001	0.075
0.997	0.001	0.001	0.001
0.001	0.001	0.997	0.001
>TTGTAGTYTG	24-TTGTAGTYTG	11.768836	-9.162317	0	T:18.0(6.55%),B:759.4(2.32%),P:1e-3	Tpos:329.0,Tstd:236.4,Bpos:524.9,Bstd:462.7,StrandBias:-0.4,Multiplicity:4.33
0.012	0.001	0.001	0.986
0.001	0.001	0.022	0.976
0.001	0.001	0.990	0.008
0.001	0.011	0.001	0.987
0.997	0.001	0.001	0.001
0.001	0.001	0.997	0.001
0.001	0.001	0.001	0.997
0.001	0.509	0.115	0.375
0.001	0.013	0.017	0.969
0.268	0.026	0.578	0.128
>TTGGGTCTGC	25-TTGGGTCTGC	9.806215	-6.073470	0	T:11.0(4.00%),B:464.9(1.42%),P:1e-2	Tpos:437.0,Tstd:225.4,Bpos:498.9,Bstd:450.7,StrandBias:0.2,Multiplicity:3.45
0.069	0.001	0.001	0.929
0.001	0.001	0.001	0.997
0.001	0.029	0.868	0.102
0.001	0.001	0.997	0.001
0.001	0.045	0.953	0.001
0.001	0.001	0.001	0.997
0.286	0.712	0.001	0.001
0.001	0.001	0.001	0.997
0.001	0.001	0.997	0.001
0.037	0.961	0.001	0.001
