>TGACTGTA	1-TGACTGTA	8.333107	-13.801772	0	T:9.0(50.00%),B:2845.0(6.93%),P:1e-5	Tpos:405.8,Tstd:321.4,Bpos:493.4,Bstd:312.1,StrandBias:1.0,Multiplicity:1.00
0.001	0.001	0.001	0.997
0.001	0.001	0.997	0.001
0.997	0.001	0.001	0.001
0.001	0.997	0.001	0.001
0.001	0.001	0.126	0.872
0.001	0.094	0.904	0.001
0.001	0.001	0.001	0.997
0.786	0.113	0.100	0.001
>TCCATTAG	2-TCCATTAG	7.469919	-12.624808	0	T:9.0(50.00%),B:3276.5(7.98%),P:1e-5	Tpos:531.3,Tstd:248.4,Bpos:488.7,Bstd:303.0,StrandBias:0.3,Multiplicity:1.00
0.001	0.001	0.066	0.932
0.001	0.997	0.001	0.001
0.001	0.997	0.001	0.001
0.997	0.001	0.001	0.001
0.001	0.001	0.001	0.997
0.001	0.001	0.001	0.997
0.997	0.001	0.001	0.001
0.413	0.001	0.585	0.001
>AGGCTACC	3-AGGCTACC	7.624300	-11.684584	0	T:7.0(38.89%),B:1872.6(4.56%),P:1e-5	Tpos:470.2,Tstd:296.8,Bpos:479.4,Bstd:328.9,StrandBias:-1.7,Multiplicity:1.86
0.718	0.280	0.001	0.001
0.101	0.011	0.887	0.001
0.001	0.001	0.997	0.001
0.008	0.990	0.001	0.001
0.075	0.264	0.003	0.658
0.989	0.001	0.001	0.009
0.126	0.688	0.178	0.008
0.109	0.523	0.257	0.111
>TACTGCAT	4-TACTGCAT	8.725518	-9.908548	0	T:10.0(55.56%),B:5845.4(14.23%),P:1e-4	Tpos:446.7,Tstd:291.1,Bpos:486.3,Bstd:295.2,StrandBias:0.8,Multiplicity:1.40
0.232	0.001	0.001	0.766
0.724	0.001	0.001	0.274
0.237	0.761	0.001	0.001
0.001	0.001	0.001	0.997
0.001	0.001	0.997	0.001
0.001	0.997	0.001	0.001
0.997	0.001	0.001	0.001
0.254	0.001	0.001	0.744
>NACGACKW	5-NACGACKW	5.084145	-7.138875	0	T:7.0(38.89%),B:3846.1(9.36%),P:1e-3	Tpos:622.0,Tstd:273.0,Bpos:505.0,Bstd:321.7,StrandBias:0.2,Multiplicity:1.57
0.244	0.288	0.204	0.264
0.589	0.117	0.143	0.151
0.161	0.495	0.151	0.193
0.043	0.189	0.626	0.142
0.653	0.106	0.076	0.165
0.170	0.652	0.072	0.106
0.192	0.105	0.420	0.283
0.370	0.218	0.103	0.309
