>TACGGTRGACGA	1-TACGGTRGACGA	12.035133	-24.855276	0	T:6.0(33.33%),B:124.8(0.30%),P:1e-10	Tpos:555.9,Tstd:270.8,Bpos:557.8,Bstd:282.1,StrandBias:2.8,Multiplicity:1.33
0.001	0.001	0.373	0.625
0.997	0.001	0.001	0.001
0.001	0.838	0.001	0.160
0.160	0.001	0.838	0.001
0.001	0.001	0.997	0.001
0.001	0.001	0.001	0.997
0.464	0.001	0.534	0.001
0.001	0.347	0.651	0.001
0.880	0.118	0.001	0.001
0.001	0.997	0.001	0.001
0.187	0.001	0.652	0.160
0.997	0.001	0.001	0.001
>ACACTTATTTTG	2-ACACTTATTTTG	11.299209	-21.017321	0	T:9.0(50.00%),B:1227.5(2.99%),P:1e-9	Tpos:512.2,Tstd:275.0,Bpos:508.1,Bstd:285.0,StrandBias:-0.3,Multiplicity:1.22
0.997	0.001	0.001	0.001
0.001	0.609	0.158	0.232
0.784	0.124	0.001	0.091
0.053	0.857	0.001	0.089
0.001	0.001	0.001	0.997
0.001	0.107	0.001	0.891
0.651	0.001	0.001	0.347
0.001	0.157	0.001	0.841
0.104	0.111	0.001	0.784
0.001	0.001	0.157	0.841
0.001	0.001	0.001	0.997
0.001	0.236	0.762	0.001
>TTGACTGTAAVT	3-TTGACTGTAAVT	13.319769	-20.819620	0	T:5.0(27.78%),B:102.8(0.25%),P:1e-9	Tpos:319.2,Tstd:375.9,Bpos:487.2,Bstd:327.3,StrandBias:-0.6,Multiplicity:1.00
0.001	0.001	0.001	0.997
0.001	0.001	0.001	0.997
0.001	0.001	0.997	0.001
0.798	0.001	0.001	0.200
0.001	0.997	0.001	0.001
0.001	0.001	0.001	0.997
0.001	0.243	0.755	0.001
0.001	0.001	0.001	0.997
0.997	0.001	0.001	0.001
0.786	0.001	0.212	0.001
0.362	0.393	0.244	0.001
0.001	0.001	0.001	0.997
>GGTCAAGGCTAC	4-GGTCAAGGCTAC	12.043462	-15.517637	0	T:3.0(16.67%),B:23.5(0.06%),P:1e-6	Tpos:396.3,Tstd:94.0,Bpos:353.0,Bstd:302.7,StrandBias:1.0,Multiplicity:1.00
0.001	0.001	0.720	0.278
0.001	0.001	0.723	0.275
0.001	0.243	0.001	0.755
0.243	0.590	0.166	0.001
0.962	0.001	0.001	0.036
0.997	0.001	0.001	0.001
0.306	0.001	0.692	0.001
0.167	0.001	0.831	0.001
0.001	0.997	0.001	0.001
0.001	0.001	0.409	0.589
0.997	0.001	0.001	0.001
0.001	0.692	0.001	0.306
>CTAGGCGGTGCA	5-CTAGGCGGTGCA	12.493708	-15.073060	0	T:3.0(16.67%),B:27.4(0.07%),P:1e-6	Tpos:474.3,Tstd:38.5,Bpos:513.0,Bstd:321.4,StrandBias:-1.0,Multiplicity:1.00
0.001	0.666	0.001	0.332
0.001	0.001	0.001	0.997
0.997	0.001	0.001	0.001
0.001	0.001	0.997	0.001
0.001	0.001	0.997	0.001
0.001	0.997	0.001	0.001
0.001	0.332	0.666	0.001
0.001	0.001	0.997	0.001
0.001	0.332	0.001	0.666
0.001	0.332	0.666	0.001
0.332	0.666	0.001	0.001
0.997	0.001	0.001	0.001
>RACGTAWSMWTG	6-RACGTAWSMWTG	11.095943	-12.899491	0	T:3.0(16.67%),B:58.3(0.14%),P:1e-5	Tpos:660.7,Tstd:108.4,Bpos:498.3,Bstd:282.9,StrandBias:1.0,Multiplicity:1.00
0.470	0.001	0.470	0.060
0.997	0.001	0.001	0.001
0.001	0.997	0.001	0.001
0.001	0.001	0.997	0.001
0.001	0.001	0.001	0.997
0.946	0.052	0.001	0.001
0.529	0.001	0.001	0.469
0.001	0.469	0.529	0.001
0.470	0.476	0.053	0.001
0.469	0.001	0.001	0.529
0.001	0.001	0.001	0.997
0.001	0.001	0.997	0.001
>GCMTCTNTAGCC	7-GCMTCTNTAGCC	8.250212	-11.959300	0	T:6.0(33.33%),B:1138.3(2.77%),P:1e-5	Tpos:426.7,Tstd:276.7,Bpos:475.3,Bstd:313.0,StrandBias:2.3,Multiplicity:1.00
0.208	0.296	0.495	0.001
0.098	0.900	0.001	0.001
0.506	0.395	0.098	0.001
0.099	0.197	0.197	0.507
0.001	0.890	0.011	0.098
0.196	0.001	0.001	0.802
0.197	0.197	0.309	0.296
0.001	0.394	0.001	0.604
0.803	0.098	0.098	0.001
0.099	0.099	0.605	0.197
0.098	0.704	0.001	0.197
0.001	0.890	0.011	0.098
>GGCCTACGTGCT	8-GGCCTACGTGCT	8.755230	-11.923404	0	T:5.0(27.78%),B:637.5(1.55%),P:1e-5	Tpos:507.6,Tstd:280.6,Bpos:489.1,Bstd:320.4,StrandBias:2.0,Multiplicity:1.00
0.001	0.001	0.836	0.162
0.001	0.162	0.836	0.001
0.163	0.673	0.163	0.001
0.165	0.508	0.326	0.001
0.018	0.001	0.001	0.980
0.836	0.001	0.001	0.162
0.019	0.652	0.163	0.166
0.163	0.163	0.511	0.163
0.326	0.163	0.001	0.510
0.001	0.002	0.834	0.163
0.001	0.817	0.181	0.001
0.326	0.163	0.001	0.510
>HACGCSTCGCGT	9-HACGCSTCGCGT	10.933596	-8.465949	0	T:2.0(11.11%),B:47.1(0.11%),P:1e-3	Tpos:600.0,Tstd:247.0,Bpos:517.9,Bstd:234.8,StrandBias:10.0,Multiplicity:1.00
0.358	0.385	0.001	0.256
0.742	0.001	0.256	0.001
0.128	0.743	0.128	0.001
0.128	0.001	0.743	0.128
0.001	0.871	0.127	0.001
0.001	0.385	0.529	0.085
0.256	0.128	0.001	0.615
0.256	0.530	0.213	0.001
0.085	0.001	0.786	0.128
0.357	0.641	0.001	0.001
0.084	0.001	0.914	0.001
0.001	0.127	0.001	0.871
>GCCCAGAAGCGA	10-GCCCAGAAGCGA	12.355432	-7.733246	0	T:1.0(5.56%),B:0.8(0.00%),P:1e-3	Tpos:765.0,Tstd:0.0,Bpos:344.0,Bstd:0.0,StrandBias:10.0,Multiplicity:1.00
0.100	0.100	0.700	0.100
0.100	0.700	0.100	0.100
0.100	0.700	0.100	0.100
0.100	0.700	0.100	0.100
0.700	0.100	0.100	0.100
0.100	0.100	0.700	0.100
0.700	0.100	0.100	0.100
0.700	0.100	0.100	0.100
0.100	0.100	0.700	0.100
0.100	0.700	0.100	0.100
0.100	0.100	0.700	0.100
0.700	0.100	0.100	0.100
>AGGCAATGCAGT	11-AGGCAATGCAGT	12.355432	-7.733246	0	T:1.0(5.56%),B:0.8(0.00%),P:1e-3	Tpos:788.0,Tstd:0.0,Bpos:431.0,Bstd:0.0,StrandBias:-10.0,Multiplicity:1.00
0.700	0.100	0.100	0.100
0.100	0.100	0.700	0.100
0.100	0.100	0.700	0.100
0.100	0.700	0.100	0.100
0.700	0.100	0.100	0.100
0.700	0.100	0.100	0.100
0.100	0.100	0.100	0.700
0.100	0.100	0.700	0.100
0.100	0.700	0.100	0.100
0.700	0.100	0.100	0.100
0.100	0.100	0.700	0.100
0.100	0.100	0.100	0.700
>TTCACCGGACGG	12-TTCACCGGACGG	12.355432	-7.733246	0	T:1.0(5.56%),B:0.8(0.00%),P:1e-3	Tpos:36.0,Tstd:0.0,Bpos:910.0,Bstd:0.0,StrandBias:10.0,Multiplicity:1.00
0.100	0.100	0.100	0.700
0.100	0.100	0.100	0.700
0.100	0.700	0.100	0.100
0.700	0.100	0.100	0.100
0.100	0.700	0.100	0.100
0.100	0.700	0.100	0.100
0.100	0.100	0.700	0.100
0.100	0.100	0.700	0.100
0.700	0.100	0.100	0.100
0.100	0.700	0.100	0.100
0.100	0.100	0.700	0.100
0.100	0.100	0.700	0.100
>GTCTAGGCTCCA	13-GTCTAGGCTCCA	12.355432	-7.733246	0	T:1.0(5.56%),B:0.9(0.00%),P:1e-3	Tpos:195.0,Tstd:0.0,Bpos:962.0,Bstd:0.0,StrandBias:10.0,Multiplicity:1.00
0.100	0.100	0.700	0.100
0.100	0.100	0.100	0.700
0.100	0.700	0.100	0.100
0.100	0.100	0.100	0.700
0.700	0.100	0.100	0.100
0.100	0.100	0.700	0.100
0.100	0.100	0.700	0.100
0.100	0.700	0.100	0.100
0.100	0.100	0.100	0.700
0.100	0.700	0.100	0.100
0.100	0.700	0.100	0.100
0.700	0.100	0.100	0.100
>TTCCACATGGTG	14-TTCCACATGGTG	12.355432	-7.733246	0	T:1.0(5.56%),B:0.0(0.00%),P:1e-3	Tpos:222.0,Tstd:0.0,Bpos:0.0,Bstd:0.0,StrandBias:10.0,Multiplicity:1.00
0.100	0.100	0.100	0.700
0.100	0.100	0.100	0.700
0.100	0.700	0.100	0.100
0.100	0.700	0.100	0.100
0.700	0.100	0.100	0.100
0.100	0.700	0.100	0.100
0.700	0.100	0.100	0.100
0.100	0.100	0.100	0.700
0.100	0.100	0.700	0.100
0.100	0.100	0.700	0.100
0.100	0.100	0.100	0.700
0.100	0.100	0.700	0.100
>CACGCGATGACC	15-CACGCGATGACC	12.355432	-7.733246	0	T:1.0(5.56%),B:0.6(0.00%),P:1e-3	Tpos:306.0,Tstd:0.0,Bpos:875.0,Bstd:0.0,StrandBias:10.0,Multiplicity:1.00
0.100	0.700	0.100	0.100
0.700	0.100	0.100	0.100
0.100	0.700	0.100	0.100
0.100	0.100	0.700	0.100
0.100	0.700	0.100	0.100
0.100	0.100	0.700	0.100
0.700	0.100	0.100	0.100
0.100	0.100	0.100	0.700
0.100	0.100	0.700	0.100
0.700	0.100	0.100	0.100
0.100	0.700	0.100	0.100
0.100	0.700	0.100	0.100
>CAACTGCGGAGT	16-CAACTGCGGAGT	12.355432	-7.733246	0	T:1.0(5.56%),B:0.7(0.00%),P:1e-3	Tpos:370.0,Tstd:0.0,Bpos:59.0,Bstd:0.0,StrandBias:10.0,Multiplicity:1.00
0.100	0.700	0.100	0.100
0.700	0.100	0.100	0.100
0.700	0.100	0.100	0.100
0.100	0.700	0.100	0.100
0.100	0.100	0.100	0.700
0.100	0.100	0.700	0.100
0.100	0.700	0.100	0.100
0.100	0.100	0.700	0.100
0.100	0.100	0.700	0.100
0.700	0.100	0.100	0.100
0.100	0.100	0.700	0.100
0.100	0.100	0.100	0.700
>GTCCCGTGGCCG	17-GTCCCGTGGCCG	12.355432	-7.733246	0	T:1.0(5.56%),B:0.0(0.00%),P:1e-3	Tpos:382.0,Tstd:0.0,Bpos:0.0,Bstd:0.0,StrandBias:10.0,Multiplicity:1.00
0.100	0.100	0.700	0.100
0.100	0.100	0.100	0.700
0.100	0.700	0.100	0.100
0.100	0.700	0.100	0.100
0.100	0.700	0.100	0.100
0.100	0.100	0.700	0.100
0.100	0.100	0.100	0.700
0.100	0.100	0.700	0.100
0.100	0.100	0.700	0.100
0.100	0.700	0.100	0.100
0.100	0.700	0.100	0.100
0.100	0.100	0.700	0.100
>TTCGTGGGGTAT	18-TTCGTGGGGTAT	12.355432	-7.733246	0	T:1.0(5.56%),B:0.8(0.00%),P:1e-3	Tpos:505.0,Tstd:0.0,Bpos:684.0,Bstd:0.0,StrandBias:10.0,Multiplicity:1.00
0.100	0.100	0.100	0.700
0.100	0.100	0.100	0.700
0.100	0.700	0.100	0.100
0.100	0.100	0.700	0.100
0.100	0.100	0.100	0.700
0.100	0.100	0.700	0.100
0.100	0.100	0.700	0.100
0.100	0.100	0.700	0.100
0.100	0.100	0.700	0.100
0.100	0.100	0.100	0.700
0.700	0.100	0.100	0.100
0.100	0.100	0.100	0.700
>ATTTCGGGTCGG	19-ATTTCGGGTCGG	12.355432	-7.733246	0	T:1.0(5.56%),B:0.0(0.00%),P:1e-3	Tpos:520.0,Tstd:0.0,Bpos:0.0,Bstd:0.0,StrandBias:10.0,Multiplicity:1.00
0.700	0.100	0.100	0.100
0.100	0.100	0.100	0.700
0.100	0.100	0.100	0.700
0.100	0.100	0.100	0.700
0.100	0.700	0.100	0.100
0.100	0.100	0.700	0.100
0.100	0.100	0.700	0.100
0.100	0.100	0.700	0.100
0.100	0.100	0.100	0.700
0.100	0.700	0.100	0.100
0.100	0.100	0.700	0.100
0.100	0.100	0.700	0.100
>TATTTCTGGCGG	20-TATTTCTGGCGG	12.355432	-7.733246	0	T:1.0(5.56%),B:0.0(0.00%),P:1e-3	Tpos:590.0,Tstd:0.0,Bpos:0.0,Bstd:0.0,StrandBias:10.0,Multiplicity:1.00
0.100	0.100	0.100	0.700
0.700	0.100	0.100	0.100
0.100	0.100	0.100	0.700
0.100	0.100	0.100	0.700
0.100	0.100	0.100	0.700
0.100	0.700	0.100	0.100
0.100	0.100	0.100	0.700
0.100	0.100	0.700	0.100
0.100	0.100	0.700	0.100
0.100	0.700	0.100	0.100
0.100	0.100	0.700	0.100
0.100	0.100	0.700	0.100
>ACGGTAGCCTAG	21-ACGGTAGCCTAG	12.355432	-7.733246	0	T:1.0(5.56%),B:0.0(0.00%),P:1e-3	Tpos:665.0,Tstd:0.0,Bpos:0.0,Bstd:0.0,StrandBias:10.0,Multiplicity:1.00
0.700	0.100	0.100	0.100
0.100	0.700	0.100	0.100
0.100	0.100	0.700	0.100
0.100	0.100	0.700	0.100
0.100	0.100	0.100	0.700
0.700	0.100	0.100	0.100
0.100	0.100	0.700	0.100
0.100	0.700	0.100	0.100
0.100	0.700	0.100	0.100
0.100	0.100	0.100	0.700
0.700	0.100	0.100	0.100
0.100	0.100	0.700	0.100
>GKAAACCTWGGT	22-GKAAACCTWGGT	15.041318	-7.040305	0	T:1.0(5.56%),B:1.7(0.00%),P:1e-3	Tpos:233.0,Tstd:0.0,Bpos:892.0,Bstd:0.0,StrandBias:-10.0,Multiplicity:1.00
0.001	0.001	0.997	0.001
0.053	0.001	0.476	0.470
0.939	0.001	0.001	0.059
0.939	0.001	0.059	0.001
0.997	0.001	0.001	0.001
0.001	0.997	0.001	0.001
0.001	0.997	0.001	0.001
0.052	0.001	0.001	0.946
0.529	0.001	0.001	0.469
0.001	0.001	0.997	0.001
0.001	0.001	0.997	0.001
0.001	0.001	0.001	0.997
>CYYCCCGGAASG	23-CYYCCCGGAASG	14.274701	-7.040305	0	T:1.0(5.56%),B:1.4(0.00%),P:1e-3	Tpos:192.0,Tstd:0.0,Bpos:214.0,Bstd:0.0,StrandBias:-10.0,Multiplicity:1.00
0.001	0.997	0.001	0.001
0.001	0.469	0.001	0.529
0.034	0.470	0.001	0.495
0.025	0.973	0.001	0.001
0.059	0.939	0.001	0.001
0.001	0.939	0.001	0.059
0.001	0.001	0.997	0.001
0.030	0.001	0.965	0.004
0.995	0.001	0.001	0.003
0.997	0.001	0.001	0.001
0.060	0.470	0.470	0.001
0.001	0.059	0.939	0.001
>ACATTTCAGATT	24-ACATTTCAGATT	10.409522	-6.218407	0	T:4.0(22.22%),B:1271.1(3.09%),P:1e-2	Tpos:297.2,Tstd:271.3,Bpos:496.3,Bstd:301.9,StrandBias:1.0,Multiplicity:1.50
0.700	0.100	0.100	0.100
0.100	0.700	0.100	0.100
0.700	0.100	0.100	0.100
0.100	0.100	0.100	0.700
0.100	0.100	0.100	0.700
0.100	0.100	0.100	0.700
0.100	0.700	0.100	0.100
0.700	0.100	0.100	0.100
0.100	0.100	0.700	0.100
0.700	0.100	0.100	0.100
0.100	0.100	0.100	0.700
0.100	0.100	0.100	0.700
>CTAGGTCACCAM	25-CTAGGTCACCAM	9.781847	-5.952292	0	T:3.0(16.67%),B:639.8(1.56%),P:1e-2	Tpos:349.2,Tstd:238.3,Bpos:523.3,Bstd:339.7,StrandBias:-2.5,Multiplicity:4.33
0.001	0.899	0.001	0.099
0.143	0.001	0.001	0.855
0.726	0.073	0.001	0.200
0.111	0.096	0.792	0.001
0.241	0.100	0.658	0.001
0.144	0.295	0.001	0.560
0.001	0.895	0.103	0.001
0.875	0.001	0.001	0.123
0.103	0.895	0.001	0.001
0.001	0.895	0.103	0.001
0.472	0.001	0.309	0.218
0.489	0.509	0.001	0.001
