>ATATTGCGCAAT	1-ATATTGCGCAAT	11.104639	-102.794567	0	T:60.0(28.30%),B:969.2(2.38%),P:1e-44	Tpos:720.6,Tstd:247.4,Bpos:519.9,Bstd:316.9,StrandBias:-0.0,Multiplicity:1.17
0.496	0.267	0.172	0.066
0.189	0.053	0.122	0.636
0.889	0.044	0.066	0.001
0.017	0.001	0.001	0.981
0.001	0.001	0.001	0.997
0.129	0.001	0.524	0.346
0.016	0.884	0.001	0.099
0.334	0.001	0.664	0.001
0.211	0.626	0.001	0.162
0.997	0.001	0.001	0.001
0.997	0.001	0.001	0.001
0.001	0.324	0.001	0.674
>ATTGCACAACAT	2-ATTGCACAACAT	13.014834	-55.798234	0	T:20.0(9.43%),B:95.8(0.24%),P:1e-24	Tpos:698.7,Tstd:230.2,Bpos:463.2,Bstd:316.6,StrandBias:0.2,Multiplicity:1.00
0.895	0.001	0.103	0.001
0.001	0.001	0.084	0.914
0.001	0.001	0.001	0.997
0.099	0.118	0.714	0.069
0.001	0.997	0.001	0.001
0.997	0.001	0.001	0.001
0.053	0.859	0.001	0.087
0.997	0.001	0.001	0.001
0.997	0.001	0.001	0.001
0.001	0.997	0.001	0.001
0.927	0.001	0.001	0.071
0.001	0.233	0.001	0.765
>ACTGATAAGAAA	3-ACTGATAAGAAA	11.560505	-25.996624	0	T:31.0(14.62%),B:1329.5(3.27%),P:1e-11	Tpos:648.6,Tstd:262.3,Bpos:564.0,Bstd:314.2,StrandBias:-0.1,Multiplicity:1.13
0.762	0.236	0.001	0.001
0.169	0.505	0.276	0.050
0.001	0.001	0.001	0.997
0.001	0.001	0.997	0.001
0.997	0.001	0.001	0.001
0.001	0.001	0.001	0.997
0.894	0.001	0.104	0.001
0.885	0.113	0.001	0.001
0.249	0.001	0.637	0.113
0.759	0.065	0.175	0.001
0.848	0.001	0.001	0.150
0.733	0.151	0.115	0.001
>GATCATAATGAT	4-GATCATAATGAT	11.280548	-25.887027	0	T:18.0(8.49%),B:388.5(0.95%),P:1e-11	Tpos:522.8,Tstd:295.7,Bpos:504.7,Bstd:299.8,StrandBias:-0.6,Multiplicity:1.11
0.001	0.059	0.939	0.001
0.997	0.001	0.001	0.001
0.097	0.001	0.001	0.901
0.001	0.753	0.045	0.201
0.997	0.001	0.001	0.001
0.001	0.178	0.146	0.675
0.997	0.001	0.001	0.001
0.789	0.001	0.001	0.209
0.001	0.074	0.001	0.924
0.001	0.107	0.602	0.290
0.717	0.001	0.281	0.001
0.133	0.001	0.001	0.865
>TTTCGCAATAAC	5-TTTCGCAATAAC	12.963938	-24.912538	0	T:14.0(6.60%),B:210.5(0.52%),P:1e-10	Tpos:537.4,Tstd:248.0,Bpos:540.0,Bstd:311.6,StrandBias:0.5,Multiplicity:1.00
0.001	0.001	0.001	0.997
0.001	0.001	0.001	0.997
0.001	0.001	0.001	0.997
0.001	0.910	0.001	0.088
0.066	0.001	0.932	0.001
0.068	0.674	0.140	0.118
0.997	0.001	0.001	0.001
0.997	0.001	0.001	0.001
0.001	0.001	0.001	0.997
0.866	0.132	0.001	0.001
0.997	0.001	0.001	0.001
0.131	0.741	0.127	0.001
>AAGCAGGGAAAA	6-AAGCAGGGAAAA	11.692290	-24.652575	0	T:17.0(8.02%),B:363.2(0.89%),P:1e-10	Tpos:461.6,Tstd:307.3,Bpos:542.7,Bstd:297.3,StrandBias:-0.2,Multiplicity:1.00
0.997	0.001	0.001	0.001
0.832	0.166	0.001	0.001
0.001	0.001	0.890	0.108
0.065	0.818	0.001	0.116
0.745	0.001	0.143	0.111
0.001	0.001	0.997	0.001
0.001	0.001	0.911	0.087
0.071	0.001	0.927	0.001
0.997	0.001	0.001	0.001
0.997	0.001	0.001	0.001
0.997	0.001	0.001	0.001
0.997	0.001	0.001	0.001
>GGTTGACATGTG	7-GGTTGACATGTG	13.793368	-22.515380	0	T:7.0(3.30%),B:23.7(0.06%),P:1e-9	Tpos:582.1,Tstd:272.8,Bpos:525.9,Bstd:237.6,StrandBias:-1.3,Multiplicity:1.00
0.001	0.137	0.861	0.001
0.137	0.001	0.861	0.001
0.001	0.001	0.001	0.997
0.001	0.001	0.001	0.997
0.001	0.001	0.848	0.150
0.997	0.001	0.001	0.001
0.001	0.997	0.001	0.001
0.997	0.001	0.001	0.001
0.001	0.110	0.174	0.715
0.001	0.001	0.997	0.001
0.001	0.001	0.001	0.997
0.001	0.137	0.861	0.001
>CRGATGGACAMA	8-CRGATGGACAMA	13.792295	-22.273234	0	T:6.0(2.83%),B:11.9(0.03%),P:1e-9	Tpos:574.3,Tstd:316.5,Bpos:542.7,Bstd:306.1,StrandBias:2.3,Multiplicity:1.00
0.001	0.997	0.001	0.001
0.438	0.001	0.560	0.001
0.001	0.001	0.997	0.001
0.800	0.198	0.001	0.001
0.001	0.001	0.001	0.997
0.001	0.001	0.997	0.001
0.001	0.001	0.997	0.001
0.699	0.001	0.299	0.001
0.198	0.800	0.001	0.001
0.997	0.001	0.001	0.001
0.443	0.555	0.001	0.001
0.997	0.001	0.001	0.001
>TCTCTAAYCCTC	9-TCTCTAAYCCTC	11.587981	-22.056563	0	T:11.0(5.19%),B:132.8(0.33%),P:1e-9	Tpos:758.3,Tstd:177.5,Bpos:583.5,Bstd:297.5,StrandBias:0.8,Multiplicity:1.00
0.001	0.001	0.193	0.805
0.001	0.682	0.194	0.123
0.001	0.222	0.001	0.776
0.001	0.997	0.001	0.001
0.001	0.001	0.416	0.582
0.997	0.001	0.001	0.001
0.997	0.001	0.001	0.001
0.034	0.426	0.194	0.346
0.001	0.997	0.001	0.001
0.001	0.997	0.001	0.001
0.001	0.001	0.001	0.997
0.222	0.776	0.001	0.001
>CAGTTTTTGAGC	10-CAGTTTTTGAGC	12.762447	-21.455436	0	T:14.0(6.60%),B:277.7(0.68%),P:1e-9	Tpos:391.9,Tstd:284.1,Bpos:514.4,Bstd:304.4,StrandBias:-1.9,Multiplicity:1.00
0.075	0.861	0.001	0.063
0.901	0.001	0.097	0.001
0.001	0.071	0.888	0.040
0.104	0.001	0.001	0.894
0.154	0.001	0.001	0.844
0.001	0.001	0.001	0.997
0.001	0.001	0.001	0.997
0.001	0.001	0.001	0.997
0.001	0.001	0.997	0.001
0.920	0.001	0.001	0.078
0.001	0.001	0.944	0.054
0.124	0.815	0.001	0.060
>ACTGACCACAAA	11-ACTGACCACAAA	13.073740	-21.036374	0	T:10.0(4.72%),B:109.5(0.27%),P:1e-9	Tpos:609.0,Tstd:223.8,Bpos:508.8,Bstd:321.4,StrandBias:-1.0,Multiplicity:1.20
0.997	0.001	0.001	0.001
0.001	0.997	0.001	0.001
0.086	0.145	0.001	0.768
0.001	0.001	0.997	0.001
0.997	0.001	0.001	0.001
0.075	0.855	0.001	0.069
0.001	0.997	0.001	0.001
0.997	0.001	0.001	0.001
0.133	0.865	0.001	0.001
0.997	0.001	0.001	0.001
0.722	0.132	0.001	0.145
0.876	0.001	0.122	0.001
>CGATTGTCATCT	12-CGATTGTCATCT	13.318434	-20.943900	0	T:8.0(3.77%),B:51.8(0.13%),P:1e-9	Tpos:405.4,Tstd:233.3,Bpos:544.6,Bstd:219.3,StrandBias:0.0,Multiplicity:1.00
0.001	0.997	0.001	0.001
0.001	0.001	0.997	0.001
0.859	0.139	0.001	0.001
0.153	0.001	0.001	0.845
0.001	0.001	0.001	0.997
0.001	0.001	0.907	0.091
0.001	0.001	0.001	0.997
0.001	0.859	0.001	0.139
0.845	0.153	0.001	0.001
0.001	0.001	0.001	0.997
0.001	0.997	0.001	0.001
0.117	0.112	0.001	0.770
>GAGKACTCGAAC	13-GAGKACTCGAAC	11.216419	-20.783421	0	T:12.0(5.66%),B:193.4(0.47%),P:1e-9	Tpos:430.0,Tstd:294.6,Bpos:476.1,Bstd:296.0,StrandBias:0.0,Multiplicity:1.17
0.001	0.058	0.940	0.001
0.589	0.001	0.409	0.001
0.001	0.001	0.997	0.001
0.096	0.001	0.423	0.480
0.997	0.001	0.001	0.001
0.001	0.997	0.001	0.001
0.218	0.001	0.128	0.653
0.180	0.818	0.001	0.001
0.389	0.001	0.609	0.001
0.997	0.001	0.001	0.001
0.997	0.001	0.001	0.001
0.244	0.754	0.001	0.001
>TCKCCACTGAMG	14-TCKCCACTGAMG	11.948040	-20.274898	0	T:8.0(3.77%),B:56.1(0.14%),P:1e-8	Tpos:537.8,Tstd:242.4,Bpos:530.8,Bstd:241.5,StrandBias:-1.0,Multiplicity:1.12
0.001	0.001	0.001	0.997
0.001	0.997	0.001	0.001
0.001	0.001	0.515	0.483
0.153	0.845	0.001	0.001
0.001	0.997	0.001	0.001
0.822	0.001	0.001	0.176
0.001	0.997	0.001	0.001
0.001	0.001	0.001	0.997
0.001	0.306	0.692	0.001
0.997	0.001	0.001	0.001
0.506	0.492	0.001	0.001
0.001	0.001	0.997	0.001
>ATBTSTCCACCC	15-ATBTSTCCACCC	11.051541	-19.871961	0	T:10.0(4.72%),B:124.1(0.30%),P:1e-8	Tpos:478.4,Tstd:274.9,Bpos:481.0,Bstd:284.6,StrandBias:1.0,Multiplicity:1.20
0.673	0.134	0.001	0.192
0.001	0.001	0.001	0.997
0.001	0.341	0.396	0.262
0.202	0.160	0.001	0.637
0.202	0.435	0.362	0.001
0.001	0.001	0.001	0.997
0.001	0.997	0.001	0.001
0.001	0.666	0.001	0.332
0.962	0.001	0.001	0.036
0.102	0.896	0.001	0.001
0.001	0.997	0.001	0.001
0.001	0.832	0.001	0.166
>TCTNCGTCTATT	16-TCTNCGTCTATT	10.648700	-19.668095	0	T:24.0(11.32%),B:1063.0(2.61%),P:1e-8	Tpos:565.5,Tstd:304.7,Bpos:540.7,Bstd:306.9,StrandBias:0.8,Multiplicity:1.04
0.192	0.050	0.001	0.757
0.001	0.706	0.192	0.101
0.001	0.001	0.001	0.997
0.192	0.192	0.312	0.303
0.001	0.997	0.001	0.001
0.001	0.001	0.997	0.001
0.001	0.001	0.001	0.997
0.001	0.919	0.001	0.079
0.001	0.001	0.001	0.997
0.663	0.332	0.001	0.004
0.084	0.001	0.065	0.850
0.031	0.001	0.197	0.771
>CTTTCCAAACTT	17-CTTTCCAAACTT	11.595149	-19.635051	0	T:18.0(8.49%),B:581.9(1.43%),P:1e-8	Tpos:409.9,Tstd:212.6,Bpos:523.0,Bstd:287.9,StrandBias:0.0,Multiplicity:1.00
0.055	0.920	0.001	0.024
0.001	0.001	0.001	0.997
0.001	0.001	0.001	0.997
0.129	0.001	0.072	0.798
0.001	0.924	0.074	0.001
0.039	0.959	0.001	0.001
0.911	0.001	0.087	0.001
0.899	0.099	0.001	0.001
0.911	0.001	0.001	0.087
0.034	0.758	0.079	0.129
0.001	0.001	0.001	0.997
0.001	0.001	0.001	0.997
>ATTATCACTTCC	18-ATTATCACTTCC	10.570224	-18.810389	0	T:22.0(10.38%),B:935.3(2.30%),P:1e-8	Tpos:578.4,Tstd:280.9,Bpos:507.5,Bstd:308.5,StrandBias:0.7,Multiplicity:1.00
0.659	0.077	0.123	0.141
0.025	0.001	0.001	0.973
0.194	0.001	0.098	0.707
0.893	0.045	0.061	0.001
0.061	0.001	0.001	0.937
0.001	0.643	0.274	0.082
0.989	0.001	0.001	0.009
0.001	0.532	0.139	0.328
0.001	0.001	0.001	0.997
0.001	0.001	0.001	0.997
0.201	0.782	0.014	0.003
0.160	0.787	0.001	0.052
>GTATTTCAAAAT	19-GTATTTCAAAAT	12.274018	-17.969707	0	T:25.0(11.79%),B:1257.8(3.09%),P:1e-7	Tpos:563.2,Tstd:232.7,Bpos:524.9,Bstd:298.7,StrandBias:0.3,Multiplicity:1.00
0.035	0.030	0.934	0.001
0.144	0.001	0.001	0.854
0.823	0.068	0.001	0.108
0.001	0.001	0.060	0.938
0.001	0.001	0.001	0.997
0.001	0.001	0.001	0.997
0.032	0.894	0.041	0.033
0.940	0.001	0.058	0.001
0.912	0.001	0.001	0.086
0.912	0.001	0.001	0.086
0.932	0.066	0.001	0.001
0.029	0.076	0.001	0.894
>TMAATGTTTCKC	20-TMAATGTTTCKC	13.926890	-17.848166	0	T:6.0(2.83%),B:27.5(0.07%),P:1e-7	Tpos:694.3,Tstd:265.3,Bpos:437.3,Bstd:310.8,StrandBias:10.0,Multiplicity:1.00
0.001	0.001	0.001	0.997
0.446	0.552	0.001	0.001
0.745	0.001	0.253	0.001
0.517	0.215	0.001	0.267
0.001	0.001	0.001	0.997
0.001	0.001	0.997	0.001
0.001	0.001	0.001	0.997
0.001	0.001	0.001	0.997
0.001	0.001	0.001	0.997
0.001	0.997	0.001	0.001
0.001	0.215	0.463	0.321
0.001	0.997	0.001	0.001
>TTTTACAGTAAA	21-TTTTACAGTAAA	12.504302	-16.465833	0	T:20.0(9.43%),B:890.1(2.19%),P:1e-7	Tpos:522.7,Tstd:244.8,Bpos:523.8,Bstd:309.8,StrandBias:0.9,Multiplicity:1.15
0.062	0.001	0.001	0.936
0.001	0.001	0.001	0.997
0.001	0.078	0.001	0.920
0.156	0.001	0.001	0.842
0.955	0.001	0.001	0.043
0.017	0.981	0.001	0.001
0.883	0.001	0.001	0.115
0.057	0.135	0.807	0.001
0.042	0.068	0.039	0.851
0.945	0.001	0.053	0.001
0.997	0.001	0.001	0.001
0.922	0.076	0.001	0.001
>AGCGCCATAGTC	22-AGCGCCATAGTC	11.360122	-16.043478	0	T:6.0(2.83%),B:38.9(0.10%),P:1e-6	Tpos:432.1,Tstd:302.7,Bpos:424.5,Bstd:294.0,StrandBias:1.3,Multiplicity:1.17
0.808	0.001	0.190	0.001
0.001	0.001	0.818	0.180
0.001	0.818	0.001	0.180
0.180	0.001	0.818	0.001
0.001	0.790	0.208	0.001
0.009	0.989	0.001	0.001
0.790	0.001	0.001	0.208
0.001	0.010	0.181	0.808
0.790	0.208	0.001	0.001
0.001	0.001	0.997	0.001
0.208	0.001	0.181	0.610
0.001	0.997	0.001	0.001
>GGAATGATATCA	23-GGAATGATATCA	9.671885	-15.663894	0	T:24.0(11.32%),B:1320.0(3.24%),P:1e-6	Tpos:437.1,Tstd:286.6,Bpos:516.1,Bstd:303.6,StrandBias:-0.2,Multiplicity:1.12
0.150	0.055	0.652	0.143
0.128	0.062	0.809	0.001
0.938	0.060	0.001	0.001
0.872	0.098	0.001	0.029
0.082	0.061	0.112	0.745
0.032	0.001	0.892	0.075
0.787	0.070	0.116	0.027
0.001	0.030	0.033	0.936
0.718	0.001	0.179	0.102
0.203	0.001	0.001	0.795
0.001	0.867	0.084	0.048
0.997	0.001	0.001	0.001
>CAGACTATTGAC	24-CAGACTATTGAC	9.581023	-15.418234	0	T:18.0(8.49%),B:774.5(1.90%),P:1e-6	Tpos:507.3,Tstd:227.3,Bpos:521.5,Bstd:309.2,StrandBias:-0.1,Multiplicity:1.17
0.155	0.843	0.001	0.001
0.811	0.001	0.001	0.187
0.114	0.163	0.629	0.094
0.836	0.001	0.001	0.162
0.156	0.730	0.062	0.052
0.069	0.085	0.168	0.678
0.860	0.001	0.001	0.138
0.214	0.001	0.001	0.784
0.001	0.069	0.099	0.831
0.093	0.001	0.905	0.001
0.914	0.081	0.004	0.001
0.001	0.949	0.001	0.049
>TCGACCCATTTT	25-TCGACCCATTTT	12.406435	-13.986918	0	T:9.0(4.25%),B:184.7(0.45%),P:1e-6	Tpos:404.6,Tstd:203.9,Bpos:448.3,Bstd:296.9,StrandBias:0.5,Multiplicity:1.33
0.001	0.001	0.192	0.806
0.001	0.722	0.157	0.120
0.095	0.001	0.903	0.001
0.997	0.001	0.001	0.001
0.001	0.884	0.001	0.114
0.094	0.904	0.001	0.001
0.106	0.892	0.001	0.001
0.997	0.001	0.001	0.001
0.001	0.001	0.001	0.997
0.001	0.001	0.001	0.997
0.001	0.001	0.001	0.997
0.001	0.001	0.001	0.997
