>TTTCTTATCAAH	1-TTTCTTATCAAH	9.952752	-27.777296	0	T:59.0(28.78%),B:4409.5(10.66%),P:1e-12	Tpos:525.3,Tstd:300.1,Bpos:548.5,Bstd:311.7,StrandBias:0.6,Multiplicity:1.15
0.134	0.036	0.001	0.829
0.034	0.109	0.046	0.811
0.001	0.165	0.001	0.833
0.124	0.733	0.111	0.032
0.023	0.001	0.001	0.975
0.001	0.119	0.001	0.879
0.987	0.002	0.001	0.010
0.001	0.031	0.001	0.967
0.035	0.874	0.090	0.001
0.879	0.001	0.001	0.119
0.560	0.047	0.137	0.256
0.420	0.289	0.001	0.290
>GGCATCACTAAC	2-GGCATCACTAAC	14.512872	-24.821659	0	T:5.0(2.44%),B:1.9(0.00%),P:1e-10	Tpos:429.4,Tstd:245.3,Bpos:780.1,Bstd:212.0,StrandBias:0.6,Multiplicity:1.00
0.001	0.001	0.997	0.001
0.001	0.001	0.997	0.001
0.001	0.997	0.001	0.001
0.997	0.001	0.001	0.001
0.001	0.001	0.001	0.997
0.001	0.997	0.001	0.001
0.997	0.001	0.001	0.001
0.224	0.774	0.001	0.001
0.001	0.257	0.001	0.741
0.997	0.001	0.001	0.001
0.741	0.001	0.001	0.257
0.001	0.997	0.001	0.001
>TAAATGTCTTTA	3-TAAATGTCTTTA	12.924962	-22.959336	0	T:9.0(4.39%),B:64.4(0.16%),P:1e-9	Tpos:586.4,Tstd:217.4,Bpos:452.8,Bstd:298.7,StrandBias:0.3,Multiplicity:1.00
0.064	0.001	0.001	0.934
0.682	0.020	0.297	0.001
0.997	0.001	0.001	0.001
0.728	0.020	0.251	0.001
0.001	0.001	0.001	0.997
0.001	0.001	0.997	0.001
0.001	0.001	0.001	0.997
0.001	0.923	0.001	0.075
0.128	0.001	0.001	0.870
0.001	0.001	0.001	0.997
0.168	0.001	0.129	0.702
0.903	0.001	0.001	0.095
>AAATTACTCAGT	4-AAATTACTCAGT	11.182912	-21.829911	0	T:22.0(10.73%),B:831.9(2.01%),P:1e-9	Tpos:587.1,Tstd:285.5,Bpos:494.9,Bstd:307.9,StrandBias:-0.7,Multiplicity:1.09
0.997	0.001	0.001	0.001
0.997	0.001	0.001	0.001
0.641	0.001	0.001	0.357
0.163	0.138	0.089	0.610
0.001	0.001	0.236	0.762
0.821	0.001	0.001	0.177
0.001	0.890	0.001	0.108
0.001	0.001	0.001	0.997
0.001	0.997	0.001	0.001
0.997	0.001	0.001	0.001
0.001	0.071	0.806	0.122
0.095	0.001	0.001	0.903
>AAATGAAAAAAC	5-AAATGAAAAAAC	12.209538	-21.602519	0	T:34.0(16.59%),B:1994.5(4.82%),P:1e-9	Tpos:560.8,Tstd:269.0,Bpos:535.7,Bstd:302.7,StrandBias:-0.8,Multiplicity:1.03
0.942	0.001	0.056	0.001
0.900	0.001	0.047	0.052
0.969	0.001	0.001	0.029
0.080	0.041	0.001	0.878
0.001	0.022	0.914	0.063
0.997	0.001	0.001	0.001
0.970	0.001	0.028	0.001
0.947	0.001	0.001	0.051
0.885	0.001	0.053	0.061
0.957	0.001	0.001	0.041
0.997	0.001	0.001	0.001
0.187	0.784	0.001	0.028
>CTTATCAGTTTA	6-CTTATCAGTTTA	12.654831	-21.251339	0	T:15.0(7.32%),B:354.1(0.86%),P:1e-9	Tpos:467.1,Tstd:286.6,Bpos:576.7,Bstd:316.4,StrandBias:0.2,Multiplicity:1.13
0.001	0.947	0.001	0.051
0.001	0.001	0.001	0.997
0.104	0.001	0.001	0.894
0.808	0.110	0.001	0.081
0.001	0.001	0.001	0.997
0.110	0.888	0.001	0.001
0.997	0.001	0.001	0.001
0.001	0.092	0.906	0.001
0.001	0.001	0.001	0.997
0.001	0.001	0.001	0.997
0.001	0.001	0.063	0.935
0.684	0.164	0.001	0.151
>CCACGGGTTTTC	7-CCACGGGTTTTC	13.200394	-20.407728	0	T:8.0(3.90%),B:58.3(0.14%),P:1e-8	Tpos:602.6,Tstd:305.4,Bpos:612.6,Bstd:337.5,StrandBias:0.7,Multiplicity:1.00
0.076	0.796	0.001	0.127
0.136	0.862	0.001	0.001
0.997	0.001	0.001	0.001
0.001	0.997	0.001	0.001
0.001	0.001	0.997	0.001
0.001	0.001	0.997	0.001
0.079	0.001	0.919	0.001
0.001	0.001	0.136	0.862
0.001	0.001	0.001	0.997
0.001	0.171	0.001	0.827
0.001	0.001	0.001	0.997
0.149	0.849	0.001	0.001
>ATTTTATGGGTT	8-ATTTTATGGGTT	13.092187	-20.304066	0	T:16.0(7.80%),B:445.1(1.08%),P:1e-8	Tpos:588.2,Tstd:227.0,Bpos:508.1,Bstd:296.7,StrandBias:0.0,Multiplicity:1.00
0.896	0.001	0.102	0.001
0.088	0.001	0.001	0.910
0.001	0.001	0.001	0.997
0.001	0.001	0.001	0.997
0.001	0.001	0.001	0.997
0.811	0.065	0.001	0.123
0.001	0.001	0.001	0.997
0.001	0.001	0.866	0.132
0.081	0.001	0.917	0.001
0.065	0.001	0.817	0.117
0.001	0.001	0.138	0.860
0.001	0.001	0.001	0.997
>ATTTTCTTTGCG	9-ATTTTCTTTGCG	12.863676	-20.029997	0	T:12.0(5.85%),B:219.0(0.53%),P:1e-8	Tpos:557.0,Tstd:276.1,Bpos:543.3,Bstd:325.5,StrandBias:1.0,Multiplicity:1.00
0.795	0.001	0.123	0.081
0.001	0.001	0.001	0.997
0.001	0.118	0.001	0.880
0.001	0.001	0.001	0.997
0.001	0.001	0.001	0.997
0.001	0.898	0.100	0.001
0.001	0.001	0.001	0.997
0.092	0.062	0.001	0.845
0.001	0.001	0.001	0.997
0.099	0.071	0.785	0.045
0.001	0.939	0.001	0.059
0.001	0.001	0.950	0.048
>TCCGAATTTGTA	10-TCCGAATTTGTA	13.347290	-19.261121	0	T:8.0(3.90%),B:68.9(0.17%),P:1e-8	Tpos:500.7,Tstd:267.8,Bpos:522.4,Bstd:292.9,StrandBias:0.3,Multiplicity:1.12
0.001	0.001	0.121	0.877
0.001	0.997	0.001	0.001
0.103	0.813	0.001	0.083
0.001	0.001	0.997	0.001
0.997	0.001	0.001	0.001
0.997	0.001	0.001	0.001
0.001	0.166	0.001	0.832
0.001	0.001	0.001	0.997
0.191	0.001	0.001	0.807
0.106	0.001	0.836	0.057
0.001	0.001	0.001	0.997
0.930	0.001	0.001	0.068
>GTTGAAATTCGT	11-GTTGAAATTCGT	11.740851	-18.354286	0	T:13.0(6.34%),B:313.9(0.76%),P:1e-7	Tpos:612.8,Tstd:284.2,Bpos:531.0,Bstd:293.5,StrandBias:-0.7,Multiplicity:1.00
0.001	0.001	0.937	0.061
0.001	0.001	0.001	0.997
0.001	0.001	0.116	0.882
0.102	0.001	0.896	0.001
0.997	0.001	0.001	0.001
0.997	0.001	0.001	0.001
0.997	0.001	0.001	0.001
0.100	0.001	0.001	0.898
0.140	0.001	0.001	0.858
0.104	0.833	0.001	0.062
0.090	0.001	0.811	0.098
0.001	0.001	0.001	0.997
>AAAATGAGAGCA	12-AAAATGAGAGCA	11.926757	-18.279160	0	T:17.0(8.29%),B:591.2(1.43%),P:1e-7	Tpos:514.1,Tstd:232.9,Bpos:540.4,Bstd:322.7,StrandBias:-0.2,Multiplicity:1.00
0.902	0.001	0.096	0.001
0.997	0.001	0.001	0.001
0.967	0.001	0.001	0.031
0.745	0.120	0.134	0.001
0.060	0.105	0.001	0.834
0.001	0.001	0.997	0.001
0.927	0.001	0.001	0.071
0.064	0.001	0.934	0.001
0.879	0.001	0.001	0.119
0.001	0.001	0.997	0.001
0.123	0.817	0.059	0.001
0.997	0.001	0.001	0.001
>TCGCGCGAATTT	13-TCGCGCGAATTT	10.957474	-17.000233	0	T:12.0(5.85%),B:290.6(0.70%),P:1e-7	Tpos:408.0,Tstd:294.9,Bpos:545.7,Bstd:315.8,StrandBias:-1.7,Multiplicity:1.00
0.001	0.001	0.189	0.809
0.001	0.943	0.001	0.055
0.059	0.001	0.899	0.041
0.147	0.716	0.001	0.136
0.079	0.153	0.767	0.001
0.041	0.702	0.146	0.111
0.158	0.002	0.703	0.137
0.936	0.061	0.001	0.002
0.852	0.001	0.001	0.146
0.001	0.001	0.200	0.798
0.001	0.001	0.001	0.997
0.001	0.001	0.107	0.891
>ATGGCCATCACG	14-ATGGCCATCACG	14.257152	-15.950922	0	T:3.0(1.46%),B:0.7(0.00%),P:1e-6	Tpos:311.8,Tstd:217.5,Bpos:11.0,Bstd:0.0,StrandBias:-0.6,Multiplicity:1.00
0.997	0.001	0.001	0.001
0.001	0.001	0.001	0.997
0.001	0.199	0.799	0.001
0.001	0.001	0.997	0.001
0.001	0.997	0.001	0.001
0.001	0.997	0.001	0.001
0.997	0.001	0.001	0.001
0.001	0.001	0.001	0.997
0.199	0.799	0.001	0.001
0.997	0.001	0.001	0.001
0.001	0.997	0.001	0.001
0.200	0.200	0.599	0.001
>TCTGGCTTCGAA	15-TCTGGCTTCGAA	12.558092	-15.189906	0	T:6.0(2.93%),B:47.0(0.11%),P:1e-6	Tpos:433.1,Tstd:260.0,Bpos:477.9,Bstd:313.5,StrandBias:-0.3,Multiplicity:1.50
0.123	0.001	0.155	0.721
0.001	0.997	0.001	0.001
0.001	0.001	0.001	0.997
0.001	0.001	0.616	0.382
0.001	0.001	0.997	0.001
0.001	0.997	0.001	0.001
0.001	0.001	0.001	0.997
0.123	0.001	0.001	0.875
0.001	0.997	0.001	0.001
0.001	0.001	0.875	0.123
0.997	0.001	0.001	0.001
0.584	0.001	0.001	0.414
>TAATTCCTTTAA	16-TAATTCCTTTAA	12.355432	-15.104128	0	T:4.0(1.95%),B:8.9(0.02%),P:1e-6	Tpos:521.2,Tstd:292.7,Bpos:601.3,Bstd:210.9,StrandBias:0.0,Multiplicity:1.00
0.100	0.100	0.100	0.700
0.700	0.100	0.100	0.100
0.700	0.100	0.100	0.100
0.100	0.100	0.100	0.700
0.100	0.100	0.100	0.700
0.100	0.700	0.100	0.100
0.100	0.700	0.100	0.100
0.100	0.100	0.100	0.700
0.100	0.100	0.100	0.700
0.100	0.100	0.100	0.700
0.700	0.100	0.100	0.100
0.700	0.100	0.100	0.100
>TGTWCTCGAACG	17-TGTWCTCGAACG	13.188257	-14.842595	0	T:5.0(2.44%),B:25.8(0.06%),P:1e-6	Tpos:455.4,Tstd:277.1,Bpos:533.9,Bstd:283.1,StrandBias:-2.0,Multiplicity:1.00
0.001	0.001	0.001	0.997
0.001	0.001	0.997	0.001
0.001	0.001	0.001	0.997
0.494	0.001	0.001	0.504
0.001	0.997	0.001	0.001
0.001	0.001	0.001	0.997
0.001	0.890	0.001	0.108
0.001	0.001	0.997	0.001
0.997	0.001	0.001	0.001
0.997	0.001	0.001	0.001
0.001	0.613	0.001	0.385
0.001	0.001	0.997	0.001
>TTTGTGGCAAWT	18-TTTGTGGCAAWT	12.075372	-14.455676	0	T:13.0(6.34%),B:444.3(1.07%),P:1e-6	Tpos:436.1,Tstd:277.6,Bpos:485.1,Bstd:283.9,StrandBias:-1.7,Multiplicity:1.31
0.001	0.001	0.001	0.997
0.001	0.001	0.001	0.997
0.001	0.001	0.001	0.997
0.001	0.095	0.903	0.001
0.178	0.175	0.001	0.646
0.208	0.001	0.790	0.001
0.183	0.001	0.815	0.001
0.001	0.841	0.157	0.001
0.997	0.001	0.001	0.001
0.997	0.001	0.001	0.001
0.447	0.001	0.001	0.551
0.001	0.001	0.157	0.841
>MTAGCTACGGGA	19-MTAGCTACGGGA	11.815620	-14.051483	0	T:6.0(2.93%),B:58.3(0.14%),P:1e-6	Tpos:419.9,Tstd:231.0,Bpos:455.7,Bstd:322.9,StrandBias:1.0,Multiplicity:1.50
0.573	0.425	0.001	0.001
0.001	0.197	0.001	0.801
0.997	0.001	0.001	0.001
0.001	0.001	0.997	0.001
0.001	0.997	0.001	0.001
0.158	0.001	0.001	0.840
0.771	0.001	0.001	0.227
0.001	0.627	0.227	0.145
0.001	0.001	0.771	0.227
0.001	0.001	0.997	0.001
0.303	0.001	0.695	0.001
0.997	0.001	0.001	0.001
>CTGCTTGAAGTT	20-CTGCTTGAAGTT	12.393099	-13.958729	0	T:6.0(2.93%),B:60.0(0.15%),P:1e-6	Tpos:387.4,Tstd:248.6,Bpos:414.4,Bstd:265.3,StrandBias:0.3,Multiplicity:1.50
0.001	0.635	0.363	0.001
0.001	0.001	0.265	0.733
0.001	0.001	0.943	0.055
0.001	0.707	0.291	0.001
0.001	0.001	0.001	0.997
0.352	0.001	0.001	0.646
0.001	0.001	0.997	0.001
0.997	0.001	0.001	0.001
0.997	0.001	0.001	0.001
0.001	0.073	0.925	0.001
0.001	0.001	0.001	0.997
0.001	0.001	0.001	0.997
>GGACAACCAGGA	21-GGACAACCAGGA	10.166321	-12.975663	0	T:11.0(5.37%),B:354.6(0.86%),P:1e-5	Tpos:360.5,Tstd:263.2,Bpos:417.7,Bstd:275.2,StrandBias:-1.4,Multiplicity:1.64
0.059	0.001	0.939	0.001
0.001	0.001	0.904	0.094
0.997	0.001	0.001	0.001
0.200	0.530	0.149	0.121
0.556	0.169	0.190	0.085
0.904	0.001	0.004	0.091
0.144	0.854	0.001	0.001
0.001	0.997	0.001	0.001
0.667	0.121	0.106	0.106
0.001	0.120	0.878	0.001
0.001	0.105	0.789	0.105
0.997	0.001	0.001	0.001
>TCGACCTTAGTC	22-TCGACCTTAGTC	12.767359	-10.629066	0	T:2.0(0.98%),B:0.8(0.00%),P:1e-4	Tpos:728.7,Tstd:72.4,Bpos:700.5,Bstd:111.6,StrandBias:-1.0,Multiplicity:1.00
0.001	0.001	0.127	0.871
0.001	0.997	0.001	0.001
0.001	0.001	0.997	0.001
0.997	0.001	0.001	0.001
0.001	0.997	0.001	0.001
0.001	0.997	0.001	0.001
0.001	0.001	0.001	0.997
0.157	0.001	0.001	0.841
0.841	0.001	0.157	0.001
0.001	0.001	0.997	0.001
0.001	0.001	0.001	0.997
0.001	0.997	0.001	0.001
>AAATTGAACACA	23-AAATTGAACACA	10.409522	-8.552826	0	T:19.0(9.27%),B:1493.0(3.61%),P:1e-3	Tpos:464.4,Tstd:258.3,Bpos:525.9,Bstd:293.9,StrandBias:-1.7,Multiplicity:1.11
0.700	0.100	0.100	0.100
0.700	0.100	0.100	0.100
0.700	0.100	0.100	0.100
0.100	0.100	0.100	0.700
0.100	0.100	0.100	0.700
0.100	0.100	0.700	0.100
0.700	0.100	0.100	0.100
0.700	0.100	0.100	0.100
0.100	0.700	0.100	0.100
0.700	0.100	0.100	0.100
0.100	0.700	0.100	0.100
0.700	0.100	0.100	0.100
>TCGGCGATCGCC	24-TCGGCGATCGCC	10.989580	-8.269743	0	T:4.0(1.95%),B:58.7(0.14%),P:1e-3	Tpos:689.6,Tstd:154.1,Bpos:383.6,Bstd:264.4,StrandBias:0.1,Multiplicity:3.50
0.133	0.001	0.233	0.633
0.001	0.866	0.001	0.132
0.133	0.105	0.761	0.001
0.106	0.142	0.646	0.106
0.001	0.997	0.001	0.001
0.132	0.001	0.866	0.001
0.645	0.221	0.133	0.001
0.001	0.001	0.132	0.866
0.001	0.865	0.133	0.001
0.001	0.001	0.997	0.001
0.001	0.877	0.121	0.001
0.001	0.997	0.001	0.001
>GACCTAGGTCGC	25-GACCTAGGTCGC	12.355432	-4.218399	0	T:1.0(0.49%),B:2.5(0.01%),P:1e-1	Tpos:434.5,Tstd:262.0,Bpos:394.4,Bstd:272.3,StrandBias:0.0,Multiplicity:3.00
0.100	0.100	0.700	0.100
0.700	0.100	0.100	0.100
0.100	0.700	0.100	0.100
0.100	0.700	0.100	0.100
0.100	0.100	0.100	0.700
0.700	0.100	0.100	0.100
0.100	0.100	0.700	0.100
0.100	0.100	0.700	0.100
0.100	0.100	0.100	0.700
0.100	0.700	0.100	0.100
0.100	0.100	0.700	0.100
0.100	0.700	0.100	0.100
