>TTCTTATCAGTG	1-TTCTTATCAGTG	10.457158	-85.694068	0	T:83.0(22.02%),B:1575.7(3.79%),P:1e-37	Tpos:651.7,Tstd:313.1,Bpos:564.6,Bstd:315.1,StrandBias:0.2,Multiplicity:1.05
0.070	0.153	0.053	0.724
0.145	0.083	0.084	0.688
0.034	0.777	0.086	0.103
0.040	0.001	0.001	0.958
0.032	0.021	0.032	0.915
0.826	0.011	0.073	0.090
0.075	0.001	0.026	0.898
0.033	0.965	0.001	0.001
0.936	0.001	0.018	0.045
0.085	0.057	0.751	0.107
0.040	0.044	0.014	0.902
0.097	0.121	0.663	0.119
>CAAACTGATAAG	2-CAAACTGATAAG	9.935971	-61.007166	0	T:90.0(23.87%),B:2667.9(6.41%),P:1e-26	Tpos:629.0,Tstd:286.0,Bpos:536.0,Bstd:330.3,StrandBias:-0.3,Multiplicity:1.20
0.041	0.489	0.225	0.245
0.576	0.238	0.185	0.001
0.785	0.001	0.001	0.213
0.910	0.001	0.001	0.088
0.023	0.509	0.233	0.235
0.001	0.001	0.001	0.997
0.083	0.001	0.915	0.001
0.960	0.001	0.038	0.001
0.001	0.001	0.001	0.997
0.838	0.001	0.160	0.001
0.838	0.001	0.160	0.001
0.205	0.216	0.402	0.177
>CTYCTTATCAVR	3-CTYCTTATCAVR	10.653612	-27.498534	0	T:38.0(10.08%),B:1043.9(2.51%),P:1e-11	Tpos:629.7,Tstd:289.2,Bpos:507.4,Bstd:335.1,StrandBias:-0.7,Multiplicity:1.08
0.001	0.535	0.185	0.279
0.098	0.001	0.075	0.826
0.076	0.409	0.124	0.391
0.087	0.590	0.154	0.169
0.001	0.001	0.001	0.997
0.001	0.001	0.001	0.997
0.840	0.001	0.001	0.158
0.001	0.001	0.001	0.997
0.001	0.997	0.001	0.001
0.997	0.001	0.001	0.001
0.370	0.325	0.292	0.013
0.488	0.095	0.411	0.006
>TGATGTCATTGH	4-TGATGTCATTGH	9.459144	-26.707002	0	T:34.0(9.02%),B:864.9(2.08%),P:1e-11	Tpos:590.6,Tstd:258.5,Bpos:482.9,Bstd:324.2,StrandBias:0.6,Multiplicity:1.12
0.271	0.020	0.040	0.669
0.338	0.023	0.608	0.031
0.914	0.022	0.041	0.023
0.272	0.033	0.016	0.679
0.228	0.031	0.486	0.255
0.036	0.037	0.295	0.632
0.070	0.826	0.031	0.073
0.714	0.182	0.034	0.070
0.041	0.180	0.154	0.625
0.275	0.077	0.024	0.624
0.241	0.016	0.500	0.243
0.327	0.254	0.043	0.376
>GTTTGACATGTC	5-GTTTGACATGTC	11.757843	-24.510262	0	T:15.0(3.98%),B:146.3(0.35%),P:1e-10	Tpos:293.3,Tstd:249.1,Bpos:483.0,Bstd:296.6,StrandBias:-1.0,Multiplicity:1.00
0.153	0.001	0.845	0.001
0.001	0.001	0.285	0.713
0.001	0.001	0.001	0.997
0.001	0.047	0.001	0.951
0.001	0.001	0.997	0.001
0.780	0.218	0.001	0.001
0.160	0.838	0.001	0.001
0.715	0.001	0.283	0.001
0.001	0.001	0.001	0.997
0.284	0.001	0.659	0.056
0.163	0.001	0.001	0.835
0.227	0.651	0.001	0.121
>CAGTTTGTGGTC	6-CAGTTTGTGGTC	14.365904	-24.339179	0	T:7.0(1.86%),B:8.2(0.02%),P:1e-10	Tpos:190.6,Tstd:107.3,Bpos:354.8,Bstd:252.4,StrandBias:1.3,Multiplicity:1.00
0.001	0.997	0.001	0.001
0.813	0.185	0.001	0.001
0.001	0.001	0.997	0.001
0.001	0.001	0.001	0.997
0.001	0.001	0.001	0.997
0.001	0.001	0.001	0.997
0.001	0.001	0.997	0.001
0.001	0.001	0.001	0.997
0.001	0.001	0.997	0.001
0.131	0.001	0.867	0.001
0.001	0.001	0.001	0.997
0.001	0.997	0.001	0.001
>AGACAAACAAAC	7-AGACAAACAAAC	12.543633	-24.219096	0	T:14.0(3.71%),B:124.0(0.30%),P:1e-10	Tpos:649.9,Tstd:271.4,Bpos:530.6,Bstd:313.9,StrandBias:-0.4,Multiplicity:1.00
0.928	0.070	0.001	0.001
0.035	0.042	0.922	0.001
0.997	0.001	0.001	0.001
0.001	0.997	0.001	0.001
0.894	0.104	0.001	0.001
0.997	0.001	0.001	0.001
0.918	0.001	0.080	0.001
0.001	0.947	0.001	0.051
0.690	0.116	0.097	0.097
0.997	0.001	0.001	0.001
0.909	0.089	0.001	0.001
0.032	0.890	0.077	0.001
>TTGCTGATAACG	8-TTGCTGATAACG	13.264184	-24.115811	0	T:12.0(3.18%),B:78.6(0.19%),P:1e-10	Tpos:676.2,Tstd:280.7,Bpos:512.9,Bstd:386.1,StrandBias:-1.0,Multiplicity:1.00
0.081	0.001	0.001	0.917
0.001	0.001	0.001	0.997
0.001	0.001	0.860	0.138
0.107	0.891	0.001	0.001
0.001	0.001	0.001	0.997
0.001	0.001	0.818	0.180
0.997	0.001	0.001	0.001
0.001	0.001	0.001	0.997
0.997	0.001	0.001	0.001
0.997	0.001	0.001	0.001
0.001	0.891	0.001	0.107
0.119	0.001	0.773	0.107
>TTTTGTCATCAA	9-TTTTGTCATCAA	11.987199	-23.430287	0	T:28.0(7.43%),B:672.3(1.62%),P:1e-10	Tpos:617.7,Tstd:319.2,Bpos:542.8,Bstd:305.6,StrandBias:0.8,Multiplicity:1.11
0.001	0.074	0.001	0.924
0.061	0.001	0.001	0.937
0.001	0.001	0.001	0.997
0.001	0.001	0.001	0.997
0.021	0.001	0.821	0.157
0.001	0.048	0.001	0.950
0.042	0.865	0.039	0.054
0.945	0.053	0.001	0.001
0.045	0.001	0.070	0.884
0.065	0.933	0.001	0.001
0.884	0.001	0.114	0.001
0.936	0.001	0.001	0.062
>TAAGCTAACAAA	10-TAAGCTAACAAA	9.669160	-23.211855	0	T:64.0(16.98%),B:2925.2(7.03%),P:1e-10	Tpos:531.5,Tstd:286.9,Bpos:519.0,Bstd:309.4,StrandBias:-0.7,Multiplicity:1.10
0.090	0.078	0.001	0.831
0.791	0.092	0.059	0.058
0.913	0.035	0.001	0.051
0.160	0.001	0.762	0.077
0.130	0.765	0.081	0.024
0.166	0.095	0.066	0.673
0.877	0.001	0.075	0.047
0.913	0.001	0.061	0.025
0.062	0.745	0.065	0.128
0.900	0.019	0.035	0.046
0.932	0.001	0.066	0.001
0.908	0.073	0.001	0.018
>ACAATGATGATA	11-ACAATGATGATA	10.566314	-22.982282	0	T:32.0(8.49%),B:890.4(2.14%),P:1e-9	Tpos:599.7,Tstd:250.5,Bpos:498.6,Bstd:315.5,StrandBias:0.2,Multiplicity:1.09
0.747	0.053	0.053	0.147
0.122	0.676	0.137	0.065
0.905	0.053	0.009	0.033
0.946	0.038	0.001	0.015
0.066	0.065	0.018	0.851
0.071	0.001	0.780	0.148
0.841	0.001	0.134	0.024
0.064	0.076	0.014	0.846
0.025	0.061	0.900	0.014
0.797	0.024	0.043	0.136
0.088	0.059	0.048	0.805
0.912	0.001	0.050	0.037
>AAACATCGTCAT	12-AAACATCGTCAT	10.142353	-22.963091	0	T:36.0(9.55%),B:1110.0(2.67%),P:1e-9	Tpos:649.8,Tstd:298.9,Bpos:499.9,Bstd:321.9,StrandBias:0.6,Multiplicity:1.03
0.854	0.095	0.001	0.050
0.977	0.001	0.021	0.001
0.716	0.132	0.039	0.113
0.158	0.678	0.036	0.128
0.844	0.051	0.043	0.062
0.079	0.017	0.080	0.824
0.036	0.922	0.001	0.041
0.056	0.001	0.851	0.092
0.075	0.001	0.036	0.888
0.089	0.805	0.001	0.105
0.843	0.001	0.093	0.063
0.014	0.112	0.068	0.806
>TTATTAAGTGAT	13-TTATTAAGTGAT	13.067175	-22.701946	0	T:11.0(2.92%),B:68.9(0.17%),P:1e-9	Tpos:659.7,Tstd:260.9,Bpos:469.5,Bstd:332.6,StrandBias:-1.4,Multiplicity:1.00
0.085	0.001	0.001	0.913
0.001	0.001	0.001	0.997
0.820	0.129	0.001	0.050
0.001	0.001	0.094	0.904
0.001	0.070	0.001	0.928
0.899	0.001	0.099	0.001
0.997	0.001	0.001	0.001
0.049	0.058	0.892	0.001
0.001	0.001	0.001	0.997
0.100	0.085	0.814	0.001
0.997	0.001	0.001	0.001
0.075	0.001	0.001	0.923
>CTTTCGTCATTC	14-CTTTCGTCATTC	12.852615	-21.634898	0	T:11.0(2.92%),B:76.3(0.18%),P:1e-9	Tpos:601.8,Tstd:275.3,Bpos:521.2,Bstd:290.7,StrandBias:0.8,Multiplicity:1.00
0.137	0.809	0.001	0.053
0.001	0.001	0.001	0.997
0.107	0.124	0.137	0.632
0.001	0.001	0.001	0.997
0.001	0.937	0.001	0.061
0.001	0.001	0.945	0.053
0.001	0.001	0.001	0.997
0.001	0.997	0.001	0.001
0.997	0.001	0.001	0.001
0.001	0.001	0.136	0.862
0.001	0.001	0.001	0.997
0.001	0.912	0.001	0.086
>ACCTTTGATATT	15-ACCTTTGATATT	13.055013	-21.443957	0	T:17.0(4.51%),B:252.4(0.61%),P:1e-9	Tpos:517.6,Tstd:305.4,Bpos:499.5,Bstd:329.7,StrandBias:1.0,Multiplicity:1.06
0.921	0.001	0.001	0.077
0.092	0.906	0.001	0.001
0.001	0.927	0.001	0.071
0.089	0.001	0.001	0.909
0.001	0.001	0.001	0.997
0.001	0.001	0.001	0.997
0.001	0.061	0.818	0.120
0.909	0.001	0.001	0.089
0.001	0.080	0.001	0.918
0.906	0.001	0.092	0.001
0.001	0.001	0.001	0.997
0.131	0.001	0.001	0.867
>ACTCGCTGACTC	16-ACTCGCTGACTC	10.449351	-20.885772	0	T:17.0(4.51%),B:262.4(0.63%),P:1e-9	Tpos:590.8,Tstd:286.8,Bpos:484.4,Bstd:309.3,StrandBias:0.7,Multiplicity:1.06
0.896	0.001	0.001	0.102
0.081	0.804	0.001	0.114
0.001	0.113	0.001	0.885
0.001	0.685	0.193	0.121
0.158	0.001	0.580	0.261
0.080	0.722	0.001	0.197
0.001	0.221	0.001	0.777
0.001	0.014	0.871	0.114
0.997	0.001	0.001	0.001
0.142	0.856	0.001	0.001
0.001	0.001	0.001	0.997
0.001	0.929	0.001	0.069
>TGGAACTGGCAT	17-TGGAACTGGCAT	13.697053	-19.458254	0	T:8.0(2.12%),B:34.7(0.08%),P:1e-8	Tpos:255.9,Tstd:209.3,Bpos:494.6,Bstd:243.6,StrandBias:-1.8,Multiplicity:1.12
0.124	0.001	0.001	0.874
0.001	0.001	0.874	0.124
0.001	0.001	0.997	0.001
0.997	0.001	0.001	0.001
0.997	0.001	0.001	0.001
0.103	0.788	0.001	0.108
0.001	0.001	0.001	0.997
0.001	0.001	0.997	0.001
0.001	0.001	0.829	0.169
0.001	0.997	0.001	0.001
0.829	0.001	0.001	0.169
0.001	0.001	0.001	0.997
>ATGCAAATACGT	18-ATGCAAATACGT	12.725956	-19.095986	0	T:11.0(2.92%),B:99.0(0.24%),P:1e-8	Tpos:593.0,Tstd:291.2,Bpos:568.6,Bstd:319.0,StrandBias:-0.8,Multiplicity:1.00
0.862	0.001	0.136	0.001
0.094	0.001	0.001	0.904
0.001	0.114	0.785	0.100
0.044	0.818	0.137	0.001
0.997	0.001	0.001	0.001
0.997	0.001	0.001	0.001
0.997	0.001	0.001	0.001
0.001	0.001	0.001	0.997
0.997	0.001	0.001	0.001
0.070	0.857	0.001	0.072
0.113	0.001	0.885	0.001
0.001	0.001	0.001	0.997
>CAAAATTTGCAA	19-CAAAATTTGCAA	11.098835	-18.542491	0	T:31.0(8.22%),B:1016.7(2.44%),P:1e-8	Tpos:487.0,Tstd:291.8,Bpos:514.1,Bstd:303.6,StrandBias:0.1,Multiplicity:1.00
0.059	0.823	0.049	0.069
0.833	0.054	0.072	0.041
0.874	0.043	0.027	0.056
0.812	0.088	0.041	0.059
0.499	0.021	0.251	0.229
0.028	0.257	0.031	0.684
0.257	0.008	0.019	0.716
0.014	0.045	0.081	0.860
0.064	0.081	0.821	0.034
0.236	0.481	0.253	0.029
0.793	0.083	0.067	0.057
0.465	0.145	0.171	0.220
>ATTGTTGTCCTC	20-ATTGTTGTCCTC	13.157997	-18.190263	0	T:10.0(2.65%),B:83.1(0.20%),P:1e-7	Tpos:615.1,Tstd:220.2,Bpos:521.2,Bstd:325.7,StrandBias:0.6,Multiplicity:1.00
0.997	0.001	0.001	0.001
0.001	0.001	0.001	0.997
0.001	0.001	0.001	0.997
0.001	0.086	0.835	0.078
0.001	0.001	0.001	0.997
0.001	0.001	0.001	0.997
0.001	0.075	0.870	0.054
0.001	0.001	0.165	0.833
0.001	0.838	0.067	0.094
0.001	0.997	0.001	0.001
0.141	0.001	0.001	0.857
0.001	0.905	0.001	0.093
>ATATTTCGCAAT	21-ATATTTCGCAAT	11.984246	-17.658003	0	T:24.0(6.37%),B:663.5(1.59%),P:1e-7	Tpos:673.3,Tstd:276.4,Bpos:521.8,Bstd:309.3,StrandBias:0.4,Multiplicity:1.12
0.787	0.152	0.001	0.060
0.115	0.001	0.001	0.883
0.794	0.082	0.046	0.078
0.001	0.001	0.001	0.997
0.001	0.001	0.001	0.997
0.001	0.001	0.194	0.804
0.001	0.997	0.001	0.001
0.001	0.112	0.811	0.076
0.374	0.567	0.001	0.058
0.732	0.266	0.001	0.001
0.840	0.001	0.001	0.158
0.001	0.216	0.001	0.782
>AACCACGCAGGG	22-AACCACGCAGGG	14.433967	-17.265663	0	T:4.0(1.06%),B:1.7(0.00%),P:1e-7	Tpos:385.8,Tstd:228.1,Bpos:511.6,Bstd:148.4,StrandBias:-1.6,Multiplicity:1.00
0.997	0.001	0.001	0.001
0.997	0.001	0.001	0.001
0.001	0.997	0.001	0.001
0.001	0.997	0.001	0.001
0.778	0.220	0.001	0.001
0.001	0.997	0.001	0.001
0.001	0.001	0.997	0.001
0.001	0.997	0.001	0.001
0.778	0.220	0.001	0.001
0.001	0.001	0.997	0.001
0.220	0.001	0.778	0.001
0.001	0.147	0.851	0.001
>CTTTTGTATATT	23-CTTTTGTATATT	12.991742	-16.558560	0	T:15.0(3.98%),B:272.9(0.66%),P:1e-7	Tpos:468.5,Tstd:328.0,Bpos:551.2,Bstd:324.2,StrandBias:1.5,Multiplicity:1.00
0.001	0.997	0.001	0.001
0.001	0.001	0.001	0.997
0.001	0.001	0.001	0.997
0.001	0.001	0.001	0.997
0.001	0.001	0.001	0.997
0.001	0.010	0.912	0.077
0.001	0.001	0.140	0.858
0.902	0.001	0.001	0.096
0.001	0.001	0.001	0.997
0.664	0.254	0.001	0.081
0.001	0.001	0.323	0.675
0.001	0.001	0.001	0.997
>GTGTTTGAAATA	24-GTGTTTGAAATA	10.080762	-16.178758	0	T:21.0(5.57%),B:560.3(1.35%),P:1e-7	Tpos:430.0,Tstd:257.1,Bpos:529.2,Bstd:332.0,StrandBias:-0.5,Multiplicity:1.05
0.184	0.050	0.615	0.151
0.277	0.033	0.045	0.645
0.236	0.037	0.525	0.202
0.265	0.033	0.039	0.663
0.045	0.037	0.042	0.876
0.060	0.055	0.046	0.839
0.033	0.159	0.564	0.244
0.702	0.241	0.025	0.032
0.836	0.060	0.045	0.059
0.675	0.018	0.039	0.268
0.217	0.222	0.177	0.385
0.545	0.185	0.242	0.028
>GTGTCGGCTGCA	25-GTGTCGGCTGCA	11.196299	-6.851405	0	T:10.0(2.65%),B:328.6(0.79%),P:1e-2	Tpos:380.4,Tstd:282.4,Bpos:473.0,Bstd:296.3,StrandBias:2.3,Multiplicity:1.80
0.116	0.113	0.686	0.085
0.103	0.100	0.001	0.796
0.111	0.055	0.833	0.001
0.001	0.047	0.001	0.951
0.048	0.875	0.037	0.040
0.001	0.071	0.889	0.039
0.048	0.135	0.774	0.043
0.001	0.756	0.111	0.132
0.001	0.011	0.001	0.987
0.057	0.001	0.941	0.001
0.047	0.919	0.001	0.033
0.601	0.176	0.077	0.146
