>TCTTATCAGT	1-TCTTATCAGT	8.866018	-129.245553	0	T:160.0(42.44%),B:4357.0(10.47%),P:1e-56	Tpos:685.8,Tstd:274.9,Bpos:560.1,Bstd:327.7,StrandBias:0.5,Multiplicity:1.22
0.084	0.234	0.116	0.566
0.121	0.566	0.287	0.026
0.027	0.027	0.001	0.945
0.054	0.055	0.001	0.890
0.920	0.024	0.036	0.020
0.039	0.011	0.012	0.938
0.029	0.921	0.021	0.029
0.885	0.030	0.047	0.038
0.106	0.132	0.677	0.085
0.102	0.150	0.048	0.700
>TGATAAGGAG	2-TGATAAGGAG	9.375444	-73.495963	0	T:99.0(26.26%),B:2722.4(6.54%),P:1e-31	Tpos:661.5,Tstd:278.5,Bpos:530.8,Bstd:313.8,StrandBias:-0.7,Multiplicity:1.11
0.001	0.001	0.094	0.904
0.001	0.001	0.997	0.001
0.826	0.001	0.001	0.172
0.001	0.001	0.001	0.997
0.816	0.001	0.182	0.001
0.796	0.138	0.001	0.065
0.001	0.189	0.809	0.001
0.226	0.127	0.577	0.070
0.997	0.001	0.001	0.001
0.128	0.122	0.749	0.001
>ARTGACTCAY	3-ARTGACTCAY	8.548132	-39.427623	0	T:104.0(27.59%),B:4719.1(11.34%),P:1e-17	Tpos:614.2,Tstd:272.1,Bpos:517.9,Bstd:316.3,StrandBias:0.0,Multiplicity:1.14
0.555	0.046	0.012	0.387
0.393	0.097	0.343	0.167
0.001	0.001	0.001	0.997
0.001	0.001	0.918	0.080
0.997	0.001	0.001	0.001
0.180	0.429	0.214	0.177
0.001	0.050	0.042	0.907
0.200	0.784	0.015	0.001
0.937	0.001	0.001	0.061
0.001	0.486	0.001	0.512
>CTGATAATGA	4-CTGATAATGA	7.571388	-39.294461	0	T:129.0(34.22%),B:6692.2(16.08%),P:1e-17	Tpos:547.4,Tstd:317.0,Bpos:513.2,Bstd:326.9,StrandBias:-0.1,Multiplicity:1.12
0.034	0.767	0.118	0.081
0.063	0.084	0.047	0.806
0.065	0.054	0.828	0.053
0.868	0.045	0.010	0.077
0.091	0.032	0.049	0.828
0.840	0.042	0.072	0.046
0.819	0.073	0.049	0.059
0.099	0.101	0.056	0.744
0.121	0.055	0.778	0.046
0.730	0.099	0.076	0.095
>TTATCATCAT	5-TTATCATCAT	8.976885	-37.810683	0	T:94.0(24.93%),B:4092.4(9.83%),P:1e-16	Tpos:647.2,Tstd:289.5,Bpos:514.7,Bstd:319.9,StrandBias:-0.0,Multiplicity:1.24
0.068	0.018	0.001	0.913
0.041	0.103	0.001	0.855
0.857	0.001	0.141	0.001
0.018	0.001	0.001	0.980
0.001	0.997	0.001	0.001
0.988	0.001	0.010	0.001
0.001	0.042	0.041	0.916
0.001	0.918	0.045	0.036
0.921	0.026	0.031	0.022
0.161	0.016	0.001	0.822
>AACCGTCATT	6-AACCGTCATT	7.600458	-34.390103	0	T:97.0(25.73%),B:4550.5(10.93%),P:1e-14	Tpos:554.1,Tstd:262.2,Bpos:503.8,Bstd:317.1,StrandBias:0.5,Multiplicity:1.14
0.672	0.080	0.023	0.225
0.893	0.030	0.008	0.069
0.100	0.521	0.045	0.334
0.028	0.878	0.020	0.074
0.151	0.023	0.642	0.184
0.060	0.022	0.046	0.872
0.125	0.557	0.108	0.210
0.685	0.160	0.092	0.063
0.036	0.111	0.045	0.808
0.082	0.103	0.304	0.511
>ATGATGTCAT	7-ATGATGTCAT	9.229317	-34.109298	0	T:56.0(14.85%),B:1785.2(4.29%),P:1e-14	Tpos:546.9,Tstd:263.2,Bpos:491.6,Bstd:319.9,StrandBias:0.1,Multiplicity:1.09
0.872	0.014	0.078	0.036
0.001	0.001	0.001	0.997
0.009	0.011	0.974	0.006
0.997	0.001	0.001	0.001
0.001	0.030	0.001	0.968
0.189	0.001	0.657	0.153
0.044	0.019	0.001	0.936
0.079	0.896	0.006	0.019
0.972	0.001	0.019	0.008
0.020	0.058	0.059	0.863
>GATGACGTGA	8-GATGACGTGA	9.037191	-30.659071	0	T:47.0(12.47%),B:1413.4(3.40%),P:1e-13	Tpos:578.4,Tstd:297.6,Bpos:506.1,Bstd:308.9,StrandBias:-0.8,Multiplicity:1.03
0.168	0.001	0.685	0.146
0.728	0.194	0.077	0.001
0.001	0.001	0.001	0.997
0.321	0.001	0.630	0.048
0.997	0.001	0.001	0.001
0.001	0.866	0.001	0.132
0.096	0.001	0.780	0.123
0.073	0.001	0.090	0.836
0.083	0.172	0.631	0.114
0.783	0.001	0.001	0.215
>ACCACGCCCA	9-ACCACGCCCA	7.658806	-26.908658	0	T:28.0(7.43%),B:575.3(1.38%),P:1e-11	Tpos:679.0,Tstd:226.7,Bpos:500.9,Bstd:311.9,StrandBias:0.4,Multiplicity:1.00
0.656	0.055	0.090	0.199
0.064	0.670	0.060	0.206
0.150	0.579	0.214	0.057
0.837	0.024	0.087	0.052
0.049	0.720	0.026	0.205
0.176	0.162	0.512	0.150
0.138	0.651	0.188	0.023
0.045	0.698	0.030	0.227
0.154	0.641	0.043	0.162
0.612	0.066	0.016	0.306
>CNCCACCTKT	10-CNCCACCTKT	6.274441	-26.512530	0	T:115.0(30.50%),B:6691.7(16.08%),P:1e-11	Tpos:529.5,Tstd:277.9,Bpos:519.2,Bstd:309.3,StrandBias:0.8,Multiplicity:1.18
0.127	0.445	0.165	0.263
0.254	0.249	0.179	0.317
0.177	0.408	0.170	0.245
0.246	0.411	0.143	0.199
0.613	0.308	0.041	0.038
0.253	0.539	0.176	0.032
0.088	0.807	0.053	0.052
0.055	0.041	0.044	0.860
0.207	0.168	0.244	0.381
0.039	0.051	0.027	0.883
>CGTCATTTTA	11-CGTCATTTTA	9.319598	-25.870260	0	T:53.0(14.06%),B:2002.1(4.81%),P:1e-11	Tpos:576.2,Tstd:292.0,Bpos:520.3,Bstd:313.9,StrandBias:0.7,Multiplicity:1.08
0.051	0.873	0.049	0.027
0.025	0.008	0.966	0.001
0.006	0.001	0.022	0.971
0.005	0.993	0.001	0.001
0.976	0.001	0.022	0.001
0.017	0.022	0.022	0.939
0.030	0.045	0.001	0.924
0.001	0.001	0.001	0.997
0.206	0.024	0.038	0.732
0.652	0.093	0.117	0.138
>GTAACACCCA	12-GTAACACCCA	8.590283	-25.651126	0	T:28.0(7.43%),B:608.1(1.46%),P:1e-11	Tpos:675.9,Tstd:282.6,Bpos:529.5,Bstd:304.2,StrandBias:1.7,Multiplicity:1.04
0.043	0.083	0.873	0.001
0.147	0.001	0.001	0.851
0.864	0.069	0.066	0.001
0.836	0.001	0.096	0.067
0.001	0.997	0.001	0.001
0.868	0.130	0.001	0.001
0.001	0.997	0.001	0.001
0.001	0.961	0.001	0.037
0.045	0.953	0.001	0.001
0.877	0.001	0.121	0.001
>TRTTTGYTTA	13-TRTTTGYTTA	9.205350	-22.388896	0	T:111.0(29.44%),B:6792.4(16.32%),P:1e-9	Tpos:542.9,Tstd:268.7,Bpos:513.1,Bstd:318.8,StrandBias:0.4,Multiplicity:1.25
0.001	0.001	0.001	0.997
0.535	0.001	0.463	0.001
0.001	0.001	0.001	0.997
0.001	0.001	0.001	0.997
0.001	0.001	0.168	0.830
0.001	0.001	0.997	0.001
0.092	0.460	0.001	0.448
0.165	0.001	0.001	0.833
0.001	0.137	0.176	0.686
0.586	0.001	0.412	0.001
>GTAAACGGTG	14-GTAAACGGTG	9.695634	-20.493041	0	T:19.0(5.04%),B:347.1(0.83%),P:1e-8	Tpos:370.4,Tstd:299.4,Bpos:535.6,Bstd:327.2,StrandBias:-0.5,Multiplicity:1.06
0.036	0.001	0.921	0.042
0.001	0.001	0.031	0.967
0.854	0.049	0.001	0.096
0.997	0.001	0.001	0.001
0.997	0.001	0.001	0.001
0.206	0.626	0.001	0.167
0.001	0.055	0.883	0.061
0.042	0.001	0.956	0.001
0.050	0.096	0.001	0.853
0.001	0.001	0.997	0.001
>KGTTTGACAY	15-KGTTTGACAY	11.247874	-20.108735	0	T:26.0(6.90%),B:680.5(1.64%),P:1e-8	Tpos:491.7,Tstd:294.0,Bpos:514.5,Bstd:333.5,StrandBias:0.0,Multiplicity:1.00
0.001	0.001	0.428	0.570
0.319	0.001	0.679	0.001
0.001	0.001	0.001	0.997
0.023	0.001	0.027	0.949
0.001	0.001	0.001	0.997
0.001	0.049	0.949	0.001
0.997	0.001	0.001	0.001
0.001	0.997	0.001	0.001
0.983	0.001	0.001	0.015
0.001	0.538	0.001	0.460
>ATGCTGKCAC	16-ATGCTGKCAC	7.445858	-19.656454	0	T:18.0(4.77%),B:325.7(0.78%),P:1e-8	Tpos:471.3,Tstd:266.0,Bpos:483.3,Bstd:297.8,StrandBias:0.2,Multiplicity:1.06
0.544	0.036	0.048	0.372
0.016	0.055	0.349	0.580
0.302	0.053	0.607	0.038
0.048	0.691	0.065	0.196
0.056	0.086	0.335	0.523
0.052	0.030	0.664	0.254
0.043	0.212	0.428	0.317
0.272	0.429	0.268	0.032
0.573	0.043	0.026	0.358
0.195	0.682	0.037	0.086
>GATAAGACCG	17-GATAAGACCG	8.706879	-19.653245	0	T:20.0(5.31%),B:409.2(0.98%),P:1e-8	Tpos:569.5,Tstd:316.9,Bpos:550.5,Bstd:324.4,StrandBias:1.1,Multiplicity:1.00
0.001	0.129	0.772	0.098
0.896	0.102	0.001	0.001
0.049	0.001	0.053	0.897
0.934	0.001	0.064	0.001
0.817	0.120	0.001	0.062
0.001	0.001	0.997	0.001
0.997	0.001	0.001	0.001
0.001	0.997	0.001	0.001
0.040	0.919	0.001	0.040
0.001	0.073	0.846	0.080
>CTKAMGTATG	18-CTKAMGTATG	8.600665	-19.347836	0	T:59.0(15.65%),B:2852.1(6.85%),P:1e-8	Tpos:534.7,Tstd:266.2,Bpos:502.1,Bstd:325.3,StrandBias:-0.5,Multiplicity:1.12
0.001	0.740	0.001	0.258
0.001	0.001	0.001	0.997
0.001	0.001	0.507	0.491
0.794	0.001	0.204	0.001
0.500	0.498	0.001	0.001
0.001	0.266	0.732	0.001
0.001	0.123	0.245	0.631
0.438	0.082	0.203	0.277
0.001	0.001	0.001	0.997
0.001	0.001	0.997	0.001
>GATCAAAAGT	19-GATCAAAAGT	6.423674	-18.496403	0	T:66.0(17.51%),B:3458.7(8.31%),P:1e-8	Tpos:554.3,Tstd:296.2,Bpos:502.7,Bstd:313.8,StrandBias:-0.4,Multiplicity:1.06
0.069	0.197	0.469	0.264
0.451	0.278	0.059	0.212
0.280	0.079	0.166	0.475
0.188	0.476	0.068	0.268
0.651	0.018	0.061	0.270
0.650	0.068	0.213	0.069
0.442	0.179	0.256	0.123
0.632	0.197	0.079	0.092
0.271	0.050	0.553	0.126
0.063	0.253	0.208	0.476
>TTATGCCAGT	20-TTATGCCAGT	9.722288	-17.375787	0	T:23.0(6.10%),B:621.6(1.49%),P:1e-7	Tpos:540.7,Tstd:265.7,Bpos:509.0,Bstd:305.3,StrandBias:0.5,Multiplicity:1.04
0.046	0.001	0.001	0.952
0.001	0.001	0.001	0.997
0.951	0.001	0.031	0.017
0.038	0.087	0.048	0.827
0.001	0.001	0.989	0.009
0.048	0.950	0.001	0.001
0.001	0.950	0.001	0.048
0.824	0.061	0.073	0.042
0.166	0.001	0.816	0.017
0.150	0.001	0.076	0.773
>TTGTCACGGC	21-TTGTCACGGC	9.971778	-16.742194	0	T:16.0(4.24%),B:309.9(0.74%),P:1e-7	Tpos:553.2,Tstd:268.0,Bpos:472.4,Bstd:294.5,StrandBias:0.2,Multiplicity:1.06
0.001	0.001	0.001	0.997
0.001	0.001	0.155	0.843
0.001	0.048	0.932	0.019
0.098	0.001	0.072	0.829
0.064	0.934	0.001	0.001
0.930	0.001	0.001	0.068
0.001	0.944	0.001	0.054
0.046	0.001	0.848	0.105
0.001	0.075	0.923	0.001
0.042	0.908	0.001	0.049
>AGTTCAGTCC	22-AGTTCAGTCC	9.800536	-16.178758	0	T:21.0(5.57%),B:560.9(1.35%),P:1e-7	Tpos:421.4,Tstd:283.2,Bpos:514.7,Bstd:298.2,StrandBias:0.4,Multiplicity:1.00
0.939	0.001	0.001	0.059
0.001	0.001	0.882	0.116
0.001	0.001	0.001	0.997
0.001	0.001	0.001	0.997
0.001	0.826	0.097	0.076
0.941	0.057	0.001	0.001
0.036	0.001	0.962	0.001
0.068	0.001	0.084	0.847
0.046	0.892	0.048	0.014
0.122	0.773	0.068	0.037
>AGTATATATA	23-AGTATATATA	6.916360	-15.074192	0	T:174.0(46.15%),B:13949.8(33.52%),P:1e-6	Tpos:553.7,Tstd:282.2,Bpos:514.8,Bstd:318.0,StrandBias:-0.0,Multiplicity:1.35
0.752	0.072	0.083	0.093
0.090	0.045	0.801	0.064
0.092	0.077	0.066	0.765
0.837	0.053	0.050	0.060
0.041	0.093	0.063	0.803
0.812	0.071	0.062	0.055
0.063	0.076	0.095	0.766
0.824	0.053	0.098	0.025
0.045	0.049	0.069	0.837
0.807	0.064	0.101	0.028
>GTCGGCTGCC	24-GTCGGCTGCC	8.952505	-14.862654	0	T:23.0(6.10%),B:719.1(1.73%),P:1e-6	Tpos:430.1,Tstd:279.7,Bpos:502.8,Bstd:290.9,StrandBias:0.7,Multiplicity:1.35
0.001	0.001	0.997	0.001
0.084	0.001	0.064	0.851
0.001	0.904	0.094	0.001
0.001	0.102	0.844	0.053
0.001	0.001	0.935	0.063
0.001	0.864	0.079	0.056
0.001	0.001	0.001	0.997
0.001	0.001	0.997	0.001
0.001	0.903	0.050	0.046
0.233	0.732	0.034	0.001
>TACGAAATTT	25-TACGAAATTT	9.219379	-14.359658	0	T:103.0(27.32%),B:7121.5(17.11%),P:1e-6	Tpos:482.5,Tstd:269.3,Bpos:516.3,Bstd:303.7,StrandBias:-0.1,Multiplicity:1.27
0.001	0.131	0.007	0.861
0.882	0.001	0.052	0.065
0.001	0.744	0.053	0.202
0.055	0.001	0.925	0.019
0.934	0.001	0.014	0.051
0.969	0.021	0.001	0.009
0.930	0.025	0.016	0.029
0.089	0.017	0.046	0.848
0.009	0.023	0.017	0.951
0.001	0.036	0.011	0.952
>TTCTTATCAGTG	1-TTCTTATCAGTG	10.457158	-85.694068	0	T:83.0(22.02%),B:1575.7(3.79%),P:1e-37	Tpos:651.7,Tstd:313.1,Bpos:564.6,Bstd:315.1,StrandBias:0.2,Multiplicity:1.05
0.070	0.153	0.053	0.724
0.145	0.083	0.084	0.688
0.034	0.777	0.086	0.103
0.040	0.001	0.001	0.958
0.032	0.021	0.032	0.915
0.826	0.011	0.073	0.090
0.075	0.001	0.026	0.898
0.033	0.965	0.001	0.001
0.936	0.001	0.018	0.045
0.085	0.057	0.751	0.107
0.040	0.044	0.014	0.902
0.097	0.121	0.663	0.119
>CAAACTGATAAG	2-CAAACTGATAAG	9.935971	-61.007166	0	T:90.0(23.87%),B:2667.9(6.41%),P:1e-26	Tpos:629.0,Tstd:286.0,Bpos:536.0,Bstd:330.3,StrandBias:-0.3,Multiplicity:1.20
0.041	0.489	0.225	0.245
0.576	0.238	0.185	0.001
0.785	0.001	0.001	0.213
0.910	0.001	0.001	0.088
0.023	0.509	0.233	0.235
0.001	0.001	0.001	0.997
0.083	0.001	0.915	0.001
0.960	0.001	0.038	0.001
0.001	0.001	0.001	0.997
0.838	0.001	0.160	0.001
0.838	0.001	0.160	0.001
0.205	0.216	0.402	0.177
>CTYCTTATCAVR	3-CTYCTTATCAVR	10.653612	-27.498534	0	T:38.0(10.08%),B:1043.9(2.51%),P:1e-11	Tpos:629.7,Tstd:289.2,Bpos:507.4,Bstd:335.1,StrandBias:-0.7,Multiplicity:1.08
0.001	0.535	0.185	0.279
0.098	0.001	0.075	0.826
0.076	0.409	0.124	0.391
0.087	0.590	0.154	0.169
0.001	0.001	0.001	0.997
0.001	0.001	0.001	0.997
0.840	0.001	0.001	0.158
0.001	0.001	0.001	0.997
0.001	0.997	0.001	0.001
0.997	0.001	0.001	0.001
0.370	0.325	0.292	0.013
0.488	0.095	0.411	0.006
>TGATGTCATTGH	4-TGATGTCATTGH	9.459144	-26.707002	0	T:34.0(9.02%),B:864.9(2.08%),P:1e-11	Tpos:590.6,Tstd:258.5,Bpos:482.9,Bstd:324.2,StrandBias:0.6,Multiplicity:1.12
0.271	0.020	0.040	0.669
0.338	0.023	0.608	0.031
0.914	0.022	0.041	0.023
0.272	0.033	0.016	0.679
0.228	0.031	0.486	0.255
0.036	0.037	0.295	0.632
0.070	0.826	0.031	0.073
0.714	0.182	0.034	0.070
0.041	0.180	0.154	0.625
0.275	0.077	0.024	0.624
0.241	0.016	0.500	0.243
0.327	0.254	0.043	0.376
>GTTTGACATGTC	5-GTTTGACATGTC	11.757843	-24.510262	0	T:15.0(3.98%),B:146.3(0.35%),P:1e-10	Tpos:293.3,Tstd:249.1,Bpos:483.0,Bstd:296.6,StrandBias:-1.0,Multiplicity:1.00
0.153	0.001	0.845	0.001
0.001	0.001	0.285	0.713
0.001	0.001	0.001	0.997
0.001	0.047	0.001	0.951
0.001	0.001	0.997	0.001
0.780	0.218	0.001	0.001
0.160	0.838	0.001	0.001
0.715	0.001	0.283	0.001
0.001	0.001	0.001	0.997
0.284	0.001	0.659	0.056
0.163	0.001	0.001	0.835
0.227	0.651	0.001	0.121
>CAGTTTGTGGTC	6-CAGTTTGTGGTC	14.365904	-24.339179	0	T:7.0(1.86%),B:8.2(0.02%),P:1e-10	Tpos:190.6,Tstd:107.3,Bpos:354.8,Bstd:252.4,StrandBias:1.3,Multiplicity:1.00
0.001	0.997	0.001	0.001
0.813	0.185	0.001	0.001
0.001	0.001	0.997	0.001
0.001	0.001	0.001	0.997
0.001	0.001	0.001	0.997
0.001	0.001	0.001	0.997
0.001	0.001	0.997	0.001
0.001	0.001	0.001	0.997
0.001	0.001	0.997	0.001
0.131	0.001	0.867	0.001
0.001	0.001	0.001	0.997
0.001	0.997	0.001	0.001
>AGACAAACAAAC	7-AGACAAACAAAC	12.543633	-24.219096	0	T:14.0(3.71%),B:124.0(0.30%),P:1e-10	Tpos:649.9,Tstd:271.4,Bpos:530.6,Bstd:313.9,StrandBias:-0.4,Multiplicity:1.00
0.928	0.070	0.001	0.001
0.035	0.042	0.922	0.001
0.997	0.001	0.001	0.001
0.001	0.997	0.001	0.001
0.894	0.104	0.001	0.001
0.997	0.001	0.001	0.001
0.918	0.001	0.080	0.001
0.001	0.947	0.001	0.051
0.690	0.116	0.097	0.097
0.997	0.001	0.001	0.001
0.909	0.089	0.001	0.001
0.032	0.890	0.077	0.001
>TTGCTGATAACG	8-TTGCTGATAACG	13.264184	-24.115811	0	T:12.0(3.18%),B:78.6(0.19%),P:1e-10	Tpos:676.2,Tstd:280.7,Bpos:512.9,Bstd:386.1,StrandBias:-1.0,Multiplicity:1.00
0.081	0.001	0.001	0.917
0.001	0.001	0.001	0.997
0.001	0.001	0.860	0.138
0.107	0.891	0.001	0.001
0.001	0.001	0.001	0.997
0.001	0.001	0.818	0.180
0.997	0.001	0.001	0.001
0.001	0.001	0.001	0.997
0.997	0.001	0.001	0.001
0.997	0.001	0.001	0.001
0.001	0.891	0.001	0.107
0.119	0.001	0.773	0.107
>TTTTGTCATCAA	9-TTTTGTCATCAA	11.987199	-23.430287	0	T:28.0(7.43%),B:672.3(1.62%),P:1e-10	Tpos:617.7,Tstd:319.2,Bpos:542.8,Bstd:305.6,StrandBias:0.8,Multiplicity:1.11
0.001	0.074	0.001	0.924
0.061	0.001	0.001	0.937
0.001	0.001	0.001	0.997
0.001	0.001	0.001	0.997
0.021	0.001	0.821	0.157
0.001	0.048	0.001	0.950
0.042	0.865	0.039	0.054
0.945	0.053	0.001	0.001
0.045	0.001	0.070	0.884
0.065	0.933	0.001	0.001
0.884	0.001	0.114	0.001
0.936	0.001	0.001	0.062
>TAAGCTAACAAA	10-TAAGCTAACAAA	9.669160	-23.211855	0	T:64.0(16.98%),B:2925.2(7.03%),P:1e-10	Tpos:531.5,Tstd:286.9,Bpos:519.0,Bstd:309.4,StrandBias:-0.7,Multiplicity:1.10
0.090	0.078	0.001	0.831
0.791	0.092	0.059	0.058
0.913	0.035	0.001	0.051
0.160	0.001	0.762	0.077
0.130	0.765	0.081	0.024
0.166	0.095	0.066	0.673
0.877	0.001	0.075	0.047
0.913	0.001	0.061	0.025
0.062	0.745	0.065	0.128
0.900	0.019	0.035	0.046
0.932	0.001	0.066	0.001
0.908	0.073	0.001	0.018
>ACAATGATGATA	11-ACAATGATGATA	10.566314	-22.982282	0	T:32.0(8.49%),B:890.4(2.14%),P:1e-9	Tpos:599.7,Tstd:250.5,Bpos:498.6,Bstd:315.5,StrandBias:0.2,Multiplicity:1.09
0.747	0.053	0.053	0.147
0.122	0.676	0.137	0.065
0.905	0.053	0.009	0.033
0.946	0.038	0.001	0.015
0.066	0.065	0.018	0.851
0.071	0.001	0.780	0.148
0.841	0.001	0.134	0.024
0.064	0.076	0.014	0.846
0.025	0.061	0.900	0.014
0.797	0.024	0.043	0.136
0.088	0.059	0.048	0.805
0.912	0.001	0.050	0.037
>AAACATCGTCAT	12-AAACATCGTCAT	10.142353	-22.963091	0	T:36.0(9.55%),B:1110.0(2.67%),P:1e-9	Tpos:649.8,Tstd:298.9,Bpos:499.9,Bstd:321.9,StrandBias:0.6,Multiplicity:1.03
0.854	0.095	0.001	0.050
0.977	0.001	0.021	0.001
0.716	0.132	0.039	0.113
0.158	0.678	0.036	0.128
0.844	0.051	0.043	0.062
0.079	0.017	0.080	0.824
0.036	0.922	0.001	0.041
0.056	0.001	0.851	0.092
0.075	0.001	0.036	0.888
0.089	0.805	0.001	0.105
0.843	0.001	0.093	0.063
0.014	0.112	0.068	0.806
>TTATTAAGTGAT	13-TTATTAAGTGAT	13.067175	-22.701946	0	T:11.0(2.92%),B:68.9(0.17%),P:1e-9	Tpos:659.7,Tstd:260.9,Bpos:469.5,Bstd:332.6,StrandBias:-1.4,Multiplicity:1.00
0.085	0.001	0.001	0.913
0.001	0.001	0.001	0.997
0.820	0.129	0.001	0.050
0.001	0.001	0.094	0.904
0.001	0.070	0.001	0.928
0.899	0.001	0.099	0.001
0.997	0.001	0.001	0.001
0.049	0.058	0.892	0.001
0.001	0.001	0.001	0.997
0.100	0.085	0.814	0.001
0.997	0.001	0.001	0.001
0.075	0.001	0.001	0.923
>CTTTCGTCATTC	14-CTTTCGTCATTC	12.852615	-21.634898	0	T:11.0(2.92%),B:76.3(0.18%),P:1e-9	Tpos:601.8,Tstd:275.3,Bpos:521.2,Bstd:290.7,StrandBias:0.8,Multiplicity:1.00
0.137	0.809	0.001	0.053
0.001	0.001	0.001	0.997
0.107	0.124	0.137	0.632
0.001	0.001	0.001	0.997
0.001	0.937	0.001	0.061
0.001	0.001	0.945	0.053
0.001	0.001	0.001	0.997
0.001	0.997	0.001	0.001
0.997	0.001	0.001	0.001
0.001	0.001	0.136	0.862
0.001	0.001	0.001	0.997
0.001	0.912	0.001	0.086
>ACCTTTGATATT	15-ACCTTTGATATT	13.055013	-21.443957	0	T:17.0(4.51%),B:252.4(0.61%),P:1e-9	Tpos:517.6,Tstd:305.4,Bpos:499.5,Bstd:329.7,StrandBias:1.0,Multiplicity:1.06
0.921	0.001	0.001	0.077
0.092	0.906	0.001	0.001
0.001	0.927	0.001	0.071
0.089	0.001	0.001	0.909
0.001	0.001	0.001	0.997
0.001	0.001	0.001	0.997
0.001	0.061	0.818	0.120
0.909	0.001	0.001	0.089
0.001	0.080	0.001	0.918
0.906	0.001	0.092	0.001
0.001	0.001	0.001	0.997
0.131	0.001	0.001	0.867
>ACTCGCTGACTC	16-ACTCGCTGACTC	10.449351	-20.885772	0	T:17.0(4.51%),B:262.4(0.63%),P:1e-9	Tpos:590.8,Tstd:286.8,Bpos:484.4,Bstd:309.3,StrandBias:0.7,Multiplicity:1.06
0.896	0.001	0.001	0.102
0.081	0.804	0.001	0.114
0.001	0.113	0.001	0.885
0.001	0.685	0.193	0.121
0.158	0.001	0.580	0.261
0.080	0.722	0.001	0.197
0.001	0.221	0.001	0.777
0.001	0.014	0.871	0.114
0.997	0.001	0.001	0.001
0.142	0.856	0.001	0.001
0.001	0.001	0.001	0.997
0.001	0.929	0.001	0.069
>TGGAACTGGCAT	17-TGGAACTGGCAT	13.697053	-19.458254	0	T:8.0(2.12%),B:34.7(0.08%),P:1e-8	Tpos:255.9,Tstd:209.3,Bpos:494.6,Bstd:243.6,StrandBias:-1.8,Multiplicity:1.12
0.124	0.001	0.001	0.874
0.001	0.001	0.874	0.124
0.001	0.001	0.997	0.001
0.997	0.001	0.001	0.001
0.997	0.001	0.001	0.001
0.103	0.788	0.001	0.108
0.001	0.001	0.001	0.997
0.001	0.001	0.997	0.001
0.001	0.001	0.829	0.169
0.001	0.997	0.001	0.001
0.829	0.001	0.001	0.169
0.001	0.001	0.001	0.997
>ATGCAAATACGT	18-ATGCAAATACGT	12.725956	-19.095986	0	T:11.0(2.92%),B:99.0(0.24%),P:1e-8	Tpos:593.0,Tstd:291.2,Bpos:568.6,Bstd:319.0,StrandBias:-0.8,Multiplicity:1.00
0.862	0.001	0.136	0.001
0.094	0.001	0.001	0.904
0.001	0.114	0.785	0.100
0.044	0.818	0.137	0.001
0.997	0.001	0.001	0.001
0.997	0.001	0.001	0.001
0.997	0.001	0.001	0.001
0.001	0.001	0.001	0.997
0.997	0.001	0.001	0.001
0.070	0.857	0.001	0.072
0.113	0.001	0.885	0.001
0.001	0.001	0.001	0.997
>CAAAATTTGCAA	19-CAAAATTTGCAA	11.098835	-18.542491	0	T:31.0(8.22%),B:1016.7(2.44%),P:1e-8	Tpos:487.0,Tstd:291.8,Bpos:514.1,Bstd:303.6,StrandBias:0.1,Multiplicity:1.00
0.059	0.823	0.049	0.069
0.833	0.054	0.072	0.041
0.874	0.043	0.027	0.056
0.812	0.088	0.041	0.059
0.499	0.021	0.251	0.229
0.028	0.257	0.031	0.684
0.257	0.008	0.019	0.716
0.014	0.045	0.081	0.860
0.064	0.081	0.821	0.034
0.236	0.481	0.253	0.029
0.793	0.083	0.067	0.057
0.465	0.145	0.171	0.220
>ATTGTTGTCCTC	20-ATTGTTGTCCTC	13.157997	-18.190263	0	T:10.0(2.65%),B:83.1(0.20%),P:1e-7	Tpos:615.1,Tstd:220.2,Bpos:521.2,Bstd:325.7,StrandBias:0.6,Multiplicity:1.00
0.997	0.001	0.001	0.001
0.001	0.001	0.001	0.997
0.001	0.001	0.001	0.997
0.001	0.086	0.835	0.078
0.001	0.001	0.001	0.997
0.001	0.001	0.001	0.997
0.001	0.075	0.870	0.054
0.001	0.001	0.165	0.833
0.001	0.838	0.067	0.094
0.001	0.997	0.001	0.001
0.141	0.001	0.001	0.857
0.001	0.905	0.001	0.093
>ATATTTCGCAAT	21-ATATTTCGCAAT	11.984246	-17.658003	0	T:24.0(6.37%),B:663.5(1.59%),P:1e-7	Tpos:673.3,Tstd:276.4,Bpos:521.8,Bstd:309.3,StrandBias:0.4,Multiplicity:1.12
0.787	0.152	0.001	0.060
0.115	0.001	0.001	0.883
0.794	0.082	0.046	0.078
0.001	0.001	0.001	0.997
0.001	0.001	0.001	0.997
0.001	0.001	0.194	0.804
0.001	0.997	0.001	0.001
0.001	0.112	0.811	0.076
0.374	0.567	0.001	0.058
0.732	0.266	0.001	0.001
0.840	0.001	0.001	0.158
0.001	0.216	0.001	0.782
>AACCACGCAGGG	22-AACCACGCAGGG	14.433967	-17.265663	0	T:4.0(1.06%),B:1.7(0.00%),P:1e-7	Tpos:385.8,Tstd:228.1,Bpos:511.6,Bstd:148.4,StrandBias:-1.6,Multiplicity:1.00
0.997	0.001	0.001	0.001
0.997	0.001	0.001	0.001
0.001	0.997	0.001	0.001
0.001	0.997	0.001	0.001
0.778	0.220	0.001	0.001
0.001	0.997	0.001	0.001
0.001	0.001	0.997	0.001
0.001	0.997	0.001	0.001
0.778	0.220	0.001	0.001
0.001	0.001	0.997	0.001
0.220	0.001	0.778	0.001
0.001	0.147	0.851	0.001
>CTTTTGTATATT	23-CTTTTGTATATT	12.991742	-16.558560	0	T:15.0(3.98%),B:272.9(0.66%),P:1e-7	Tpos:468.5,Tstd:328.0,Bpos:551.2,Bstd:324.2,StrandBias:1.5,Multiplicity:1.00
0.001	0.997	0.001	0.001
0.001	0.001	0.001	0.997
0.001	0.001	0.001	0.997
0.001	0.001	0.001	0.997
0.001	0.001	0.001	0.997
0.001	0.010	0.912	0.077
0.001	0.001	0.140	0.858
0.902	0.001	0.001	0.096
0.001	0.001	0.001	0.997
0.664	0.254	0.001	0.081
0.001	0.001	0.323	0.675
0.001	0.001	0.001	0.997
>GTGTTTGAAATA	24-GTGTTTGAAATA	10.080762	-16.178758	0	T:21.0(5.57%),B:560.3(1.35%),P:1e-7	Tpos:430.0,Tstd:257.1,Bpos:529.2,Bstd:332.0,StrandBias:-0.5,Multiplicity:1.05
0.184	0.050	0.615	0.151
0.277	0.033	0.045	0.645
0.236	0.037	0.525	0.202
0.265	0.033	0.039	0.663
0.045	0.037	0.042	0.876
0.060	0.055	0.046	0.839
0.033	0.159	0.564	0.244
0.702	0.241	0.025	0.032
0.836	0.060	0.045	0.059
0.675	0.018	0.039	0.268
0.217	0.222	0.177	0.385
0.545	0.185	0.242	0.028
>GTGTCGGCTGCA	25-GTGTCGGCTGCA	11.196299	-6.851405	0	T:10.0(2.65%),B:328.6(0.79%),P:1e-2	Tpos:380.4,Tstd:282.4,Bpos:473.0,Bstd:296.3,StrandBias:2.3,Multiplicity:1.80
0.116	0.113	0.686	0.085
0.103	0.100	0.001	0.796
0.111	0.055	0.833	0.001
0.001	0.047	0.001	0.951
0.048	0.875	0.037	0.040
0.001	0.071	0.889	0.039
0.048	0.135	0.774	0.043
0.001	0.756	0.111	0.132
0.001	0.011	0.001	0.987
0.057	0.001	0.941	0.001
0.047	0.919	0.001	0.033
0.601	0.176	0.077	0.146
>CTGATAAG	1-CTGATAAG	8.754862	-117.770184	0	T:187.0(49.60%),B:6584.0(15.82%),P:1e-51	Tpos:690.9,Tstd:267.2,Bpos:538.4,Bstd:327.9,StrandBias:-0.3,Multiplicity:1.29
0.123	0.736	0.140	0.001
0.001	0.001	0.001	0.997
0.001	0.001	0.997	0.001
0.997	0.001	0.001	0.001
0.001	0.001	0.001	0.997
0.997	0.001	0.001	0.001
0.997	0.001	0.001	0.001
0.001	0.197	0.801	0.001
>TGATAASR	2-TGATAASR	3.401002	-88.919231	0	T:274.0(72.68%),B:16302.8(39.17%),P:1e-38	Tpos:605.8,Tstd:293.6,Bpos:514.2,Bstd:323.3,StrandBias:-0.1,Multiplicity:1.36
0.001	0.001	0.001	0.997
0.001	0.001	0.997	0.001
0.997	0.001	0.001	0.001
0.001	0.001	0.001	0.997
0.997	0.001	0.001	0.001
0.997	0.001	0.001	0.001
0.001	0.348	0.413	0.238
0.461	0.072	0.466	0.001
>ATCGTCAT	3-ATCGTCAT	7.195214	-34.266384	0	T:160.0(42.44%),B:9874.8(23.73%),P:1e-14	Tpos:601.5,Tstd:300.5,Bpos:508.4,Bstd:314.0,StrandBias:0.2,Multiplicity:1.29
0.508	0.097	0.128	0.267
0.253	0.188	0.024	0.535
0.048	0.686	0.030	0.236
0.179	0.053	0.746	0.022
0.001	0.001	0.088	0.910
0.038	0.861	0.030	0.071
0.887	0.083	0.001	0.029
0.055	0.067	0.001	0.877
>TGAGTCAC	4-TGAGTCAC	5.999168	-33.742132	0	T:198.0(52.52%),B:13602.3(32.68%),P:1e-14	Tpos:599.9,Tstd:283.0,Bpos:512.6,Bstd:317.6,StrandBias:0.2,Multiplicity:1.40
0.058	0.110	0.078	0.754
0.031	0.036	0.813	0.120
0.835	0.051	0.054	0.060
0.136	0.230	0.527	0.107
0.054	0.050	0.050	0.846
0.066	0.849	0.050	0.035
0.814	0.007	0.083	0.096
0.088	0.571	0.039	0.302
>GGGCGTGG	5-GGGCGTGG	5.787237	-25.561092	0	T:120.0(31.83%),B:7225.2(17.36%),P:1e-11	Tpos:605.6,Tstd:286.5,Bpos:514.3,Bstd:304.2,StrandBias:-0.7,Multiplicity:1.18
0.129	0.110	0.709	0.052
0.138	0.022	0.742	0.098
0.065	0.064	0.822	0.049
0.061	0.621	0.086	0.232
0.044	0.033	0.842	0.081
0.064	0.038	0.089	0.809
0.134	0.042	0.743	0.081
0.098	0.034	0.721	0.147
>TGACATCA	6-TGACATCA	8.138611	-22.761850	0	T:69.0(18.30%),B:3327.2(7.99%),P:1e-9	Tpos:584.5,Tstd:280.3,Bpos:499.9,Bstd:317.4,StrandBias:-0.1,Multiplicity:1.06
0.001	0.001	0.001	0.997
0.001	0.001	0.997	0.001
0.997	0.001	0.001	0.001
0.001	0.771	0.001	0.227
0.997	0.001	0.001	0.001
0.001	0.001	0.001	0.997
0.001	0.997	0.001	0.001
0.929	0.001	0.069	0.001
>ATCGTCAC	7-ATCGTCAC	6.222499	-21.785772	0	T:92.0(24.40%),B:5236.8(12.58%),P:1e-9	Tpos:532.4,Tstd:298.5,Bpos:502.8,Bstd:311.1,StrandBias:0.8,Multiplicity:1.09
0.997	0.001	0.001	0.001
0.001	0.001	0.139	0.859
0.001	0.997	0.001	0.001
0.001	0.001	0.997	0.001
0.001	0.001	0.001	0.997
0.278	0.480	0.001	0.241
0.997	0.001	0.001	0.001
0.001	0.881	0.001	0.117
>TGTTTGCT	8-TGTTTGCT	7.689003	-19.547969	0	T:155.0(41.11%),B:11267.4(27.07%),P:1e-8	Tpos:543.0,Tstd:284.1,Bpos:515.4,Bstd:315.3,StrandBias:0.3,Multiplicity:1.30
0.001	0.001	0.001	0.997
0.158	0.001	0.840	0.001
0.118	0.001	0.001	0.880
0.001	0.062	0.001	0.936
0.001	0.001	0.001	0.997
0.001	0.001	0.997	0.001
0.001	0.997	0.001	0.001
0.262	0.001	0.001	0.736
>TTGTCATC	9-TTGTCATC	9.371053	-15.341908	0	T:51.0(13.53%),B:2585.0(6.21%),P:1e-6	Tpos:546.7,Tstd:326.5,Bpos:514.3,Bstd:319.7,StrandBias:0.6,Multiplicity:1.06
0.001	0.001	0.001	0.997
0.183	0.001	0.001	0.815
0.001	0.001	0.997	0.001
0.001	0.001	0.001	0.997
0.001	0.997	0.001	0.001
0.997	0.001	0.001	0.001
0.001	0.001	0.001	0.997
0.001	0.997	0.001	0.001
>GTTTGTCT	10-GTTTGTCT	8.213384	-14.279696	0	T:82.0(21.75%),B:5247.3(12.61%),P:1e-6	Tpos:566.1,Tstd:293.2,Bpos:518.1,Bstd:313.8,StrandBias:0.6,Multiplicity:1.16
0.001	0.181	0.817	0.001
0.001	0.001	0.001	0.997
0.001	0.001	0.001	0.997
0.001	0.001	0.088	0.910
0.001	0.001	0.997	0.001
0.001	0.001	0.001	0.997
0.001	0.795	0.203	0.001
0.001	0.001	0.001	0.997
>ACATGSCA	11-ACATGSCA	6.652078	-13.205405	0	T:138.0(36.60%),B:10664.0(25.62%),P:1e-5	Tpos:544.3,Tstd:301.2,Bpos:504.2,Bstd:310.7,StrandBias:-0.2,Multiplicity:1.30
0.973	0.001	0.001	0.025
0.067	0.931	0.001	0.001
0.997	0.001	0.001	0.001
0.001	0.001	0.001	0.997
0.001	0.001	0.997	0.001
0.001	0.424	0.391	0.184
0.001	0.997	0.001	0.001
0.997	0.001	0.001	0.001
>TGACGTGG	12-TGACGTGG	7.982353	-12.932693	0	T:52.0(13.79%),B:2890.8(6.95%),P:1e-5	Tpos:516.6,Tstd:310.7,Bpos:529.1,Bstd:310.1,StrandBias:-0.8,Multiplicity:1.08
0.001	0.001	0.001	0.997
0.001	0.001	0.997	0.001
0.997	0.001	0.001	0.001
0.001	0.757	0.241	0.001
0.001	0.267	0.731	0.001
0.001	0.001	0.289	0.709
0.107	0.001	0.891	0.001
0.129	0.001	0.865	0.005
>TTGTGCTA	13-TTGTGCTA	6.636618	-10.805552	0	T:105.0(27.85%),B:7903.0(18.99%),P:1e-4	Tpos:516.8,Tstd:294.6,Bpos:502.9,Bstd:312.6,StrandBias:-0.2,Multiplicity:1.16
0.181	0.152	0.253	0.413
0.079	0.106	0.057	0.758
0.061	0.113	0.821	0.005
0.001	0.020	0.001	0.978
0.082	0.001	0.797	0.120
0.065	0.932	0.002	0.001
0.003	0.107	0.193	0.697
0.582	0.047	0.204	0.167
>CATTCTCT	14-CATTCTCT	8.236954	-9.062579	0	T:36.0(9.55%),B:2020.6(4.86%),P:1e-3	Tpos:570.1,Tstd:277.7,Bpos:538.7,Bstd:303.8,StrandBias:1.3,Multiplicity:1.15
0.100	0.700	0.100	0.100
0.700	0.100	0.100	0.100
0.100	0.100	0.100	0.700
0.100	0.100	0.100	0.700
0.100	0.700	0.100	0.100
0.100	0.100	0.100	0.700
0.100	0.700	0.100	0.100
0.100	0.100	0.100	0.700
>TCGGCTGC	15-TCGGCTGC	8.388414	-5.432290	0	T:28.0(7.43%),B:1795.9(4.32%),P:1e-2	Tpos:440.9,Tstd:305.0,Bpos:484.5,Bstd:301.8,StrandBias:1.5,Multiplicity:1.70
0.001	0.001	0.001	0.997
0.001	0.892	0.106	0.001
0.001	0.144	0.854	0.001
0.001	0.001	0.997	0.001
0.001	0.997	0.001	0.001
0.001	0.001	0.001	0.997
0.173	0.001	0.825	0.001
0.001	0.909	0.001	0.089
