>AAACTGCCCTCC	1-AAACTGCCCTCC	10.239411	-21.316025	0	T:11.0(9.32%),B:255.0(0.65%),P:1e-9	Tpos:582.2,Tstd:255.7,Bpos:549.7,Bstd:299.4,StrandBias:2.2,Multiplicity:1.00
0.910	0.088	0.001	0.001
0.910	0.001	0.088	0.001
0.886	0.101	0.009	0.004
0.089	0.601	0.240	0.070
0.001	0.001	0.076	0.922
0.101	0.010	0.823	0.066
0.072	0.616	0.101	0.211
0.101	0.789	0.060	0.050
0.071	0.846	0.082	0.001
0.001	0.069	0.001	0.929
0.089	0.827	0.001	0.083
0.071	0.727	0.101	0.101
>CATCTCAAGAGC	2-CATCTCAAGAGC	14.180112	-20.413323	0	T:5.0(4.24%),B:12.9(0.03%),P:1e-8	Tpos:373.2,Tstd:199.7,Bpos:444.5,Bstd:248.5,StrandBias:0.6,Multiplicity:1.00
0.001	0.997	0.001	0.001
0.819	0.001	0.001	0.179
0.001	0.001	0.001	0.997
0.001	0.997	0.001	0.001
0.001	0.001	0.001	0.997
0.001	0.997	0.001	0.001
0.792	0.001	0.206	0.001
0.997	0.001	0.001	0.001
0.001	0.170	0.622	0.207
0.997	0.001	0.001	0.001
0.001	0.001	0.997	0.001
0.001	0.997	0.001	0.001
>CAATCGTCTCAT	3-CAATCGTCTCAT	13.006556	-20.211299	0	T:6.0(5.08%),B:32.0(0.08%),P:1e-8	Tpos:321.3,Tstd:154.4,Bpos:514.1,Bstd:322.1,StrandBias:2.3,Multiplicity:1.00
0.110	0.888	0.001	0.001
0.879	0.001	0.119	0.001
0.997	0.001	0.001	0.001
0.001	0.001	0.001	0.997
0.150	0.713	0.136	0.001
0.001	0.001	0.907	0.091
0.001	0.110	0.001	0.888
0.001	0.506	0.281	0.212
0.001	0.001	0.001	0.997
0.001	0.997	0.001	0.001
0.702	0.296	0.001	0.001
0.001	0.196	0.001	0.802
>TGGAACCGTTGT	4-TGGAACCGTTGT	13.633245	-20.046694	0	T:6.0(5.08%),B:33.5(0.09%),P:1e-8	Tpos:341.5,Tstd:245.7,Bpos:488.6,Bstd:304.4,StrandBias:-2.3,Multiplicity:1.00
0.001	0.001	0.001	0.997
0.001	0.001	0.997	0.001
0.112	0.001	0.886	0.001
0.844	0.154	0.001	0.001
0.997	0.001	0.001	0.001
0.001	0.785	0.213	0.001
0.001	0.844	0.154	0.001
0.001	0.001	0.810	0.188
0.001	0.001	0.001	0.997
0.001	0.001	0.001	0.997
0.001	0.001	0.997	0.001
0.001	0.001	0.001	0.997
>DACTACGGTAGA	5-DACTACGGTAGA	11.012226	-18.931241	0	T:12.0(10.17%),B:408.8(1.05%),P:1e-8	Tpos:669.1,Tstd:214.5,Bpos:513.3,Bstd:289.9,StrandBias:-0.7,Multiplicity:1.18
0.321	0.001	0.330	0.348
0.997	0.001	0.001	0.001
0.001	0.992	0.006	0.001
0.001	0.001	0.160	0.838
0.651	0.001	0.001	0.347
0.001	0.756	0.001	0.242
0.001	0.001	0.714	0.284
0.001	0.001	0.997	0.001
0.301	0.001	0.161	0.537
0.677	0.321	0.001	0.001
0.414	0.018	0.567	0.001
0.997	0.001	0.001	0.001
>AACCATRTTTCC	6-AACCATRTTTCC	11.663655	-18.522224	0	T:15.0(12.71%),B:738.6(1.89%),P:1e-8	Tpos:341.9,Tstd:230.0,Bpos:510.1,Bstd:320.1,StrandBias:0.7,Multiplicity:1.20
0.997	0.001	0.001	0.001
0.665	0.333	0.001	0.001
0.001	0.997	0.001	0.001
0.001	0.997	0.001	0.001
0.569	0.001	0.108	0.322
0.219	0.001	0.154	0.626
0.399	0.001	0.368	0.232
0.001	0.001	0.001	0.997
0.001	0.001	0.001	0.997
0.001	0.001	0.001	0.997
0.001	0.732	0.001	0.266
0.001	0.853	0.001	0.145
>ATCTCACGTTCC	7-ATCTCACGTTCC	14.308692	-17.674550	0	T:5.0(4.24%),B:23.0(0.06%),P:1e-7	Tpos:456.6,Tstd:321.3,Bpos:432.3,Bstd:270.7,StrandBias:0.6,Multiplicity:1.00
0.785	0.001	0.001	0.213
0.001	0.001	0.001	0.997
0.001	0.997	0.001	0.001
0.001	0.001	0.001	0.997
0.001	0.997	0.001	0.001
0.997	0.001	0.001	0.001
0.200	0.798	0.001	0.001
0.001	0.001	0.997	0.001
0.001	0.001	0.001	0.997
0.001	0.001	0.001	0.997
0.001	0.798	0.001	0.200
0.001	0.798	0.001	0.200
>TATGTCTTCATT	8-TATGTCTTCATT	13.613471	-16.962890	0	T:8.0(6.78%),B:158.0(0.40%),P:1e-7	Tpos:745.2,Tstd:210.4,Bpos:569.3,Bstd:319.9,StrandBias:0.7,Multiplicity:1.00
0.112	0.001	0.001	0.886
0.997	0.001	0.001	0.001
0.001	0.001	0.001	0.997
0.001	0.137	0.681	0.181
0.001	0.001	0.001	0.997
0.001	0.997	0.001	0.001
0.001	0.001	0.001	0.997
0.001	0.001	0.001	0.997
0.001	0.997	0.001	0.001
0.864	0.001	0.001	0.134
0.001	0.001	0.001	0.997
0.241	0.001	0.001	0.757
>AAAACGAGAAAA	9-AAAACGAGAAAA	10.955068	-16.822737	0	T:29.0(24.58%),B:3148.3(8.05%),P:1e-7	Tpos:591.4,Tstd:273.8,Bpos:528.6,Bstd:340.2,StrandBias:-0.6,Multiplicity:1.31
0.997	0.001	0.001	0.001
0.944	0.001	0.054	0.001
0.997	0.001	0.001	0.001
0.859	0.043	0.046	0.052
0.022	0.976	0.001	0.001
0.001	0.052	0.946	0.001
0.758	0.087	0.037	0.118
0.081	0.038	0.848	0.033
0.911	0.047	0.041	0.001
0.997	0.001	0.001	0.001
0.885	0.001	0.051	0.063
0.890	0.052	0.057	0.001
>TGCAATTTCACG	10-TGCAATTTCACG	10.147488	-16.725192	0	T:20.0(16.95%),B:1562.6(4.00%),P:1e-7	Tpos:488.3,Tstd:281.2,Bpos:509.7,Bstd:358.0,StrandBias:0.4,Multiplicity:1.15
0.152	0.001	0.001	0.846
0.092	0.042	0.771	0.095
0.090	0.687	0.134	0.089
0.997	0.001	0.001	0.001
0.997	0.001	0.001	0.001
0.001	0.073	0.001	0.925
0.001	0.001	0.100	0.898
0.089	0.120	0.001	0.790
0.001	0.654	0.228	0.117
0.785	0.060	0.089	0.066
0.180	0.816	0.002	0.002
0.067	0.001	0.846	0.086
>CTTCTATTTGGA	11-CTTCTATTTGGA	12.385279	-16.422736	0	T:8.0(6.78%),B:170.9(0.44%),P:1e-7	Tpos:519.2,Tstd:313.8,Bpos:495.6,Bstd:323.3,StrandBias:-0.3,Multiplicity:1.12
0.134	0.742	0.001	0.123
0.001	0.001	0.001	0.997
0.001	0.001	0.001	0.997
0.001	0.997	0.001	0.001
0.001	0.001	0.182	0.816
0.766	0.001	0.232	0.001
0.001	0.001	0.001	0.997
0.001	0.001	0.001	0.997
0.001	0.001	0.001	0.997
0.001	0.001	0.997	0.001
0.001	0.001	0.997	0.001
0.808	0.001	0.001	0.190
>CCAAAGTTATAG	12-CCAAAGTTATAG	11.941602	-16.258642	0	T:6.0(5.08%),B:66.4(0.17%),P:1e-7	Tpos:459.6,Tstd:139.2,Bpos:468.4,Bstd:271.0,StrandBias:1.0,Multiplicity:1.50
0.001	0.836	0.001	0.162
0.001	0.997	0.001	0.001
0.990	0.001	0.008	0.001
0.599	0.187	0.001	0.213
0.997	0.001	0.001	0.001
0.001	0.001	0.997	0.001
0.001	0.212	0.001	0.786
0.001	0.349	0.001	0.649
0.786	0.001	0.212	0.001
0.187	0.001	0.001	0.811
0.997	0.001	0.001	0.001
0.001	0.213	0.599	0.187
>TTTTTTGGGTRA	13-TTTTTTGGGTRA	12.050110	-15.638241	0	T:16.0(13.56%),B:1062.1(2.72%),P:1e-6	Tpos:395.6,Tstd:260.2,Bpos:502.2,Bstd:328.1,StrandBias:0.0,Multiplicity:1.00
0.001	0.243	0.001	0.755
0.001	0.001	0.001	0.997
0.001	0.001	0.001	0.997
0.001	0.001	0.001	0.997
0.001	0.001	0.001	0.997
0.001	0.001	0.001	0.997
0.001	0.001	0.997	0.001
0.155	0.228	0.616	0.001
0.001	0.001	0.997	0.001
0.001	0.414	0.001	0.584
0.420	0.233	0.346	0.001
0.650	0.001	0.001	0.348
>TAGAAGAGTTTC	14-TAGAAGAGTTTC	13.602537	-15.549642	0	T:6.0(5.08%),B:75.6(0.19%),P:1e-6	Tpos:344.2,Tstd:279.0,Bpos:440.9,Bstd:295.8,StrandBias:0.0,Multiplicity:1.33
0.001	0.001	0.001	0.997
0.739	0.001	0.139	0.121
0.001	0.001	0.997	0.001
0.997	0.001	0.001	0.001
0.880	0.001	0.118	0.001
0.001	0.001	0.997	0.001
0.997	0.001	0.001	0.001
0.001	0.001	0.997	0.001
0.001	0.001	0.001	0.997
0.001	0.185	0.001	0.813
0.001	0.001	0.001	0.997
0.001	0.696	0.174	0.129
>TTCACCATATAT	15-TTCACCATATAT	11.053491	-15.395027	0	T:10.0(8.47%),B:363.0(0.93%),P:1e-6	Tpos:423.8,Tstd:330.8,Bpos:512.3,Bstd:286.0,StrandBias:-1.3,Multiplicity:1.40
0.001	0.001	0.295	0.703
0.001	0.001	0.001	0.997
0.001	0.905	0.001	0.093
0.643	0.245	0.001	0.111
0.001	0.819	0.007	0.173
0.001	0.565	0.269	0.165
0.833	0.165	0.001	0.001
0.006	0.143	0.001	0.850
0.833	0.001	0.165	0.001
0.001	0.001	0.001	0.997
0.869	0.001	0.001	0.129
0.001	0.001	0.001	0.997
>TGAAGCTTCAGA	16-TGAAGCTTCAGA	13.380440	-14.920140	0	T:6.0(5.08%),B:84.8(0.22%),P:1e-6	Tpos:278.4,Tstd:143.7,Bpos:470.2,Bstd:274.3,StrandBias:0.4,Multiplicity:1.00
0.001	0.001	0.181	0.817
0.001	0.001	0.888	0.110
0.997	0.001	0.001	0.001
0.997	0.001	0.001	0.001
0.092	0.001	0.906	0.001
0.001	0.997	0.001	0.001
0.110	0.001	0.001	0.888
0.001	0.001	0.001	0.997
0.001	0.880	0.001	0.118
0.817	0.181	0.001	0.001
0.079	0.001	0.919	0.001
0.997	0.001	0.001	0.001
>GGTTAAACCTAG	17-GGTTAAACCTAG	7.409320	-14.195550	0	T:11.0(9.32%),B:523.0(1.34%),P:1e-6	Tpos:512.2,Tstd:297.6,Bpos:468.0,Bstd:279.9,StrandBias:0.2,Multiplicity:1.18
0.347	0.001	0.642	0.010
0.001	0.001	0.997	0.001
0.001	0.001	0.393	0.605
0.001	0.001	0.001	0.997
0.981	0.001	0.001	0.017
0.997	0.001	0.001	0.001
0.651	0.001	0.347	0.001
0.001	0.997	0.001	0.001
0.001	0.808	0.001	0.190
0.001	0.001	0.001	0.997
0.791	0.001	0.001	0.207
0.394	0.001	0.591	0.014
>TTCAGACTACTT	18-TTCAGACTACTT	14.442704	-13.428736	0	T:3.0(2.54%),B:5.1(0.01%),P:1e-5	Tpos:283.0,Tstd:239.3,Bpos:572.0,Bstd:219.4,StrandBias:10.0,Multiplicity:1.00
0.096	0.163	0.001	0.740
0.001	0.001	0.118	0.880
0.087	0.911	0.001	0.001
0.713	0.001	0.001	0.285
0.001	0.096	0.902	0.001
0.885	0.001	0.001	0.113
0.001	0.788	0.001	0.210
0.193	0.001	0.001	0.805
0.798	0.001	0.105	0.096
0.096	0.740	0.163	0.001
0.001	0.001	0.113	0.885
0.001	0.001	0.001	0.997
>TAGTTKTGRGAG	19-TAGTTKTGRGAG	10.436011	-12.100740	0	T:11.0(9.32%),B:652.2(1.67%),P:1e-5	Tpos:423.9,Tstd:216.9,Bpos:501.8,Bstd:316.3,StrandBias:0.0,Multiplicity:1.09
0.001	0.001	0.252	0.746
0.860	0.001	0.001	0.138
0.001	0.001	0.997	0.001
0.001	0.001	0.001	0.997
0.229	0.001	0.248	0.522
0.001	0.001	0.426	0.572
0.001	0.001	0.001	0.997
0.001	0.111	0.729	0.159
0.498	0.001	0.500	0.001
0.001	0.001	0.997	0.001
0.997	0.001	0.001	0.001
0.001	0.248	0.750	0.001
>TATTTGAAGATT	20-TATTTGAAGATT	10.409522	-10.808321	0	T:16.0(13.56%),B:1555.2(3.98%),P:1e-4	Tpos:456.2,Tstd:345.6,Bpos:495.3,Bstd:339.2,StrandBias:-0.4,Multiplicity:1.00
0.100	0.100	0.100	0.700
0.700	0.100	0.100	0.100
0.100	0.100	0.100	0.700
0.100	0.100	0.100	0.700
0.100	0.100	0.100	0.700
0.100	0.100	0.700	0.100
0.700	0.100	0.100	0.100
0.700	0.100	0.100	0.100
0.100	0.100	0.700	0.100
0.700	0.100	0.100	0.100
0.100	0.100	0.100	0.700
0.100	0.100	0.100	0.700
>AGTATGGGGTTT	21-AGTATGGGGTTT	13.703898	-9.630400	0	T:3.0(2.54%),B:23.1(0.06%),P:1e-4	Tpos:376.0,Tstd:120.8,Bpos:416.4,Bstd:295.8,StrandBias:1.0,Multiplicity:1.00
0.997	0.001	0.001	0.001
0.001	0.001	0.997	0.001
0.263	0.001	0.001	0.735
0.997	0.001	0.001	0.001
0.001	0.001	0.001	0.997
0.334	0.001	0.664	0.001
0.001	0.001	0.997	0.001
0.001	0.001	0.997	0.001
0.335	0.065	0.599	0.001
0.001	0.001	0.001	0.997
0.001	0.001	0.001	0.997
0.001	0.334	0.001	0.664
>AATGGGTAATTC	22-AATGGGTAATTC	14.180318	-9.093923	0	T:3.0(2.54%),B:28.0(0.07%),P:1e-3	Tpos:391.4,Tstd:279.3,Bpos:433.1,Bstd:249.9,StrandBias:2.0,Multiplicity:1.67
0.997	0.001	0.001	0.001
0.997	0.001	0.001	0.001
0.001	0.309	0.001	0.689
0.001	0.001	0.997	0.001
0.001	0.001	0.997	0.001
0.001	0.001	0.997	0.001
0.141	0.001	0.001	0.857
0.997	0.001	0.001	0.001
0.828	0.001	0.001	0.170
0.001	0.001	0.001	0.997
0.001	0.001	0.001	0.997
0.001	0.876	0.001	0.122
>GCGAATTTCTTT	23-GCGAATTTCTTT	15.296845	-6.043121	0	T:2.0(1.69%),B:22.9(0.06%),P:1e-2	Tpos:505.6,Tstd:242.4,Bpos:403.9,Bstd:274.9,StrandBias:2.0,Multiplicity:2.50
0.001	0.001	0.997	0.001
0.001	0.997	0.001	0.001
0.001	0.001	0.997	0.001
0.727	0.001	0.001	0.271
0.997	0.001	0.001	0.001
0.001	0.001	0.001	0.997
0.001	0.001	0.001	0.997
0.001	0.001	0.001	0.997
0.001	0.997	0.001	0.001
0.001	0.001	0.001	0.997
0.001	0.001	0.001	0.997
0.001	0.001	0.001	0.997
>GTATGGGCTTTC	24-GTATGGGCTTTC	16.235756	-5.805849	0	T:1.0(0.85%),B:0.6(0.00%),P:1e-2	Tpos:604.0,Tstd:134.7,Bpos:144.0,Bstd:0.0,StrandBias:-10.0,Multiplicity:3.00
0.001	0.001	0.997	0.001
0.001	0.001	0.001	0.997
0.997	0.001	0.001	0.001
0.001	0.001	0.001	0.997
0.001	0.001	0.997	0.001
0.001	0.001	0.997	0.001
0.001	0.001	0.997	0.001
0.001	0.997	0.001	0.001
0.001	0.001	0.001	0.997
0.001	0.001	0.001	0.997
0.001	0.001	0.001	0.997
0.001	0.693	0.001	0.305
>AGTTCGTGACCT	25-AGTTCGTGACCT	15.750211	-5.805849	0	T:1.0(0.85%),B:0.0(0.00%),P:1e-2	Tpos:547.0,Tstd:54.0,Bpos:0.0,Bstd:0.0,StrandBias:10.0,Multiplicity:2.00
0.997	0.001	0.001	0.001
0.001	0.001	0.997	0.001
0.001	0.001	0.001	0.997
0.001	0.001	0.001	0.997
0.001	0.772	0.001	0.226
0.257	0.001	0.741	0.001
0.001	0.001	0.001	0.997
0.257	0.001	0.741	0.001
0.997	0.001	0.001	0.001
0.001	0.997	0.001	0.001
0.001	0.997	0.001	0.001
0.001	0.001	0.001	0.997
