>AACAGSGT	1-AACAGSGT	7.988026	-13.732879	0	T:25.0(21.19%),B:2829.2(7.24%),P:1e-5	Tpos:447.4,Tstd:296.3,Bpos:510.9,Bstd:336.5,StrandBias:0.7,Multiplicity:1.16
0.875	0.001	0.123	0.001
0.765	0.001	0.233	0.001
0.027	0.928	0.044	0.001
0.575	0.423	0.001	0.001
0.271	0.255	0.473	0.001
0.034	0.408	0.557	0.001
0.001	0.001	0.889	0.109
0.001	0.001	0.001	0.997
>ARSATAAA	2-ARSATAAA	8.114049	-11.666454	0	T:54.0(45.76%),B:10500.1(26.86%),P:1e-5	Tpos:514.1,Tstd:307.3,Bpos:507.1,Bstd:317.5,StrandBias:-0.7,Multiplicity:1.30
0.659	0.084	0.001	0.256
0.350	0.233	0.417	0.001
0.001	0.528	0.470	0.001
0.997	0.001	0.001	0.001
0.001	0.001	0.001	0.997
0.854	0.001	0.001	0.144
0.743	0.001	0.255	0.001
0.997	0.001	0.001	0.001
>GCTAAGCT	3-GCTAAGCT	7.151784	-11.314586	0	T:32.0(27.12%),B:4827.3(12.35%),P:1e-4	Tpos:498.1,Tstd:265.1,Bpos:491.7,Bstd:296.6,StrandBias:-0.8,Multiplicity:1.28
0.001	0.260	0.738	0.001
0.001	0.723	0.001	0.275
0.001	0.221	0.001	0.777
0.997	0.001	0.001	0.001
0.997	0.001	0.001	0.001
0.001	0.001	0.997	0.001
0.001	0.574	0.300	0.125
0.001	0.001	0.001	0.997
>AAACGTGA	4-AAACGTGA	8.236954	-8.526166	0	T:17.0(14.41%),B:2094.6(5.36%),P:1e-3	Tpos:558.6,Tstd:284.4,Bpos:541.3,Bstd:315.2,StrandBias:1.1,Multiplicity:1.29
0.700	0.100	0.100	0.100
0.700	0.100	0.100	0.100
0.700	0.100	0.100	0.100
0.100	0.700	0.100	0.100
0.100	0.100	0.700	0.100
0.100	0.100	0.100	0.700
0.100	0.100	0.700	0.100
0.700	0.100	0.100	0.100
>TCCTCTAR	5-TCCTCTAR	10.301452	-6.772356	0	T:11.0(9.32%),B:1206.4(3.09%),P:1e-2	Tpos:431.4,Tstd:273.2,Bpos:518.1,Bstd:319.0,StrandBias:0.2,Multiplicity:1.18
0.001	0.001	0.001	0.997
0.001	0.997	0.001	0.001
0.001	0.997	0.001	0.001
0.001	0.001	0.001	0.997
0.001	0.997	0.001	0.001
0.001	0.001	0.001	0.997
0.997	0.001	0.001	0.001
0.464	0.001	0.534	0.001
