>GCGMTSBCAC	1-GCGMTSBCAC	9.153953	-16.813895	0	T:6.0(22.22%),B:278.7(0.75%),P:1e-7	Tpos:344.6,Tstd:204.2,Bpos:488.4,Bstd:305.4,StrandBias:0.4,Multiplicity:1.17
0.381	0.007	0.611	0.001
0.001	0.827	0.167	0.005
0.001	0.008	0.799	0.192
0.560	0.431	0.001	0.008
0.005	0.001	0.001	0.993
0.165	0.448	0.386	0.001
0.001	0.253	0.399	0.348
0.001	0.626	0.372	0.001
0.997	0.001	0.001	0.001
0.001	0.768	0.001	0.230
>AGCCTCACTC	2-AGCCTCACTC	6.754686	-15.188204	0	T:13.0(48.15%),B:3476.4(9.39%),P:1e-6	Tpos:466.3,Tstd:320.3,Bpos:501.5,Bstd:317.4,StrandBias:-0.4,Multiplicity:1.23
0.776	0.095	0.121	0.008
0.001	0.073	0.855	0.071
0.001	0.829	0.001	0.169
0.001	0.796	0.132	0.071
0.001	0.105	0.095	0.799
0.001	0.772	0.226	0.001
0.773	0.121	0.105	0.001
0.001	0.811	0.001	0.187
0.094	0.001	0.096	0.809
0.090	0.812	0.097	0.001
>ATCCCAGAGC	3-ATCCCAGAGC	11.532645	-15.098544	0	T:4.0(14.81%),B:72.8(0.20%),P:1e-6	Tpos:430.8,Tstd:210.7,Bpos:413.2,Bstd:297.0,StrandBias:0.0,Multiplicity:1.00
0.771	0.001	0.227	0.001
0.001	0.001	0.001	0.997
0.001	0.654	0.202	0.143
0.001	0.997	0.001	0.001
0.001	0.997	0.001	0.001
0.997	0.001	0.001	0.001
0.197	0.001	0.801	0.001
0.997	0.001	0.001	0.001
0.001	0.001	0.997	0.001
0.001	0.997	0.001	0.001
>WCCACAATGA	4-WCCACAATGA	9.409637	-14.347056	0	T:7.0(25.93%),B:703.9(1.90%),P:1e-6	Tpos:370.5,Tstd:259.2,Bpos:485.7,Bstd:306.5,StrandBias:-0.7,Multiplicity:1.14
0.508	0.001	0.001	0.490
0.349	0.649	0.001	0.001
0.001	0.997	0.001	0.001
0.997	0.001	0.001	0.001
0.038	0.960	0.001	0.001
0.997	0.001	0.001	0.001
0.997	0.001	0.001	0.001
0.001	0.001	0.001	0.997
0.001	0.001	0.946	0.052
0.997	0.001	0.001	0.001
>TCGTACTACG	5-TCGTACTACG	11.471352	-13.015064	0	T:3.0(11.11%),B:32.2(0.09%),P:1e-5	Tpos:723.5,Tstd:238.2,Bpos:471.1,Bstd:298.1,StrandBias:-1.6,Multiplicity:1.00
0.001	0.001	0.001	0.997
0.001	0.997	0.001	0.001
0.001	0.175	0.823	0.001
0.001	0.001	0.213	0.785
0.997	0.001	0.001	0.001
0.001	0.801	0.197	0.001
0.001	0.001	0.001	0.997
0.997	0.001	0.001	0.001
0.001	0.997	0.001	0.001
0.180	0.001	0.818	0.001
>TTGCCTGAGA	6-TTGCCTGAGA	11.032341	-12.927372	0	T:5.0(18.52%),B:297.7(0.80%),P:1e-5	Tpos:251.5,Tstd:173.6,Bpos:545.7,Bstd:329.8,StrandBias:-2.3,Multiplicity:1.20
0.001	0.001	0.001	0.997
0.001	0.001	0.001	0.997
0.001	0.001	0.869	0.129
0.001	0.846	0.152	0.001
0.001	0.997	0.001	0.001
0.001	0.212	0.001	0.786
0.001	0.001	0.997	0.001
0.757	0.241	0.001	0.001
0.076	0.001	0.922	0.001
0.997	0.001	0.001	0.001
>ATCCTCAAAA	7-ATCCTCAAAA	10.296193	-11.011011	0	T:4.0(14.81%),B:208.1(0.56%),P:1e-4	Tpos:375.8,Tstd:337.8,Bpos:434.9,Bstd:308.4,StrandBias:0.0,Multiplicity:1.00
0.700	0.100	0.100	0.100
0.100	0.100	0.100	0.700
0.100	0.700	0.100	0.100
0.100	0.700	0.100	0.100
0.100	0.100	0.100	0.700
0.100	0.700	0.100	0.100
0.700	0.100	0.100	0.100
0.700	0.100	0.100	0.100
0.700	0.100	0.100	0.100
0.700	0.100	0.100	0.100
>TAGTTTAGCA	8-TAGTTTAGCA	11.545282	-9.336457	0	T:4.0(14.81%),B:322.6(0.87%),P:1e-4	Tpos:268.1,Tstd:221.2,Bpos:502.8,Bstd:334.2,StrandBias:-0.4,Multiplicity:1.75
0.001	0.001	0.001	0.997
0.851	0.001	0.001	0.147
0.001	0.191	0.807	0.001
0.001	0.001	0.001	0.997
0.001	0.001	0.001	0.997
0.001	0.001	0.001	0.997
0.848	0.001	0.150	0.001
0.001	0.001	0.997	0.001
0.001	0.997	0.001	0.001
0.997	0.001	0.001	0.001
>GCTGTTAATA	9-GCTGTTAATA	8.350283	-9.098973	0	T:7.0(25.93%),B:1586.1(4.29%),P:1e-3	Tpos:593.0,Tstd:270.8,Bpos:515.5,Bstd:312.1,StrandBias:1.6,Multiplicity:1.14
0.100	0.100	0.700	0.100
0.100	0.700	0.100	0.100
0.100	0.100	0.100	0.700
0.100	0.100	0.700	0.100
0.100	0.100	0.100	0.700
0.100	0.100	0.100	0.700
0.700	0.100	0.100	0.100
0.700	0.100	0.100	0.100
0.100	0.100	0.100	0.700
0.700	0.100	0.100	0.100
>CCCCTAAATT	10-CCCCTAAATT	11.203014	-8.933526	0	T:4.0(14.81%),B:358.4(0.97%),P:1e-3	Tpos:549.2,Tstd:357.0,Bpos:518.3,Bstd:337.7,StrandBias:0.0,Multiplicity:1.00
0.001	0.950	0.048	0.001
0.001	0.997	0.001	0.001
0.001	0.997	0.001	0.001
0.001	0.997	0.001	0.001
0.168	0.080	0.001	0.751
0.997	0.001	0.001	0.001
0.997	0.001	0.001	0.001
0.940	0.001	0.001	0.058
0.001	0.001	0.001	0.997
0.001	0.001	0.001	0.997
>CGCCTATATC	11-CGCCTATATC	8.013515	-8.453001	0	T:7.0(25.93%),B:1762.0(4.76%),P:1e-3	Tpos:371.8,Tstd:222.3,Bpos:503.9,Bstd:334.1,StrandBias:1.2,Multiplicity:1.43
0.123	0.793	0.001	0.083
0.001	0.122	0.876	0.001
0.001	0.743	0.255	0.001
0.001	0.870	0.128	0.001
0.098	0.093	0.286	0.523
0.997	0.001	0.001	0.001
0.180	0.001	0.001	0.818
0.891	0.001	0.001	0.107
0.103	0.107	0.001	0.789
0.083	0.745	0.001	0.171
>TTTAGARWAT	12-TTTAGARWAT	10.378640	-8.410246	0	T:8.0(29.63%),B:2390.7(6.46%),P:1e-3	Tpos:515.7,Tstd:263.1,Bpos:505.7,Bstd:320.1,StrandBias:2.2,Multiplicity:1.38
0.001	0.106	0.205	0.688
0.001	0.001	0.166	0.832
0.001	0.001	0.204	0.794
0.876	0.001	0.122	0.001
0.001	0.001	0.997	0.001
0.997	0.001	0.001	0.001
0.560	0.001	0.438	0.001
0.560	0.001	0.001	0.438
0.997	0.001	0.001	0.001
0.166	0.001	0.001	0.832
>CATGGTTCTT	13-CATGGTTCTT	8.350283	-7.608784	0	T:7.0(25.93%),B:2024.8(5.47%),P:1e-3	Tpos:421.2,Tstd:308.6,Bpos:494.7,Bstd:301.2,StrandBias:0.0,Multiplicity:1.14
0.100	0.700	0.100	0.100
0.700	0.100	0.100	0.100
0.100	0.100	0.100	0.700
0.100	0.100	0.700	0.100
0.100	0.100	0.700	0.100
0.100	0.100	0.100	0.700
0.100	0.100	0.100	0.700
0.100	0.700	0.100	0.100
0.100	0.100	0.100	0.700
0.100	0.100	0.100	0.700
>GAGCTAAACG	14-GAGCTAAACG	13.717118	-4.456456	0	T:1.0(3.70%),B:15.1(0.04%),P:1e-1	Tpos:260.0,Tstd:128.0,Bpos:452.0,Bstd:415.5,StrandBias:-10.0,Multiplicity:7.00
0.001	0.001	0.997	0.001
0.997	0.001	0.001	0.001
0.001	0.001	0.888	0.110
0.001	0.997	0.001	0.001
0.001	0.001	0.001	0.997
0.997	0.001	0.001	0.001
0.997	0.001	0.001	0.001
0.997	0.001	0.001	0.001
0.001	0.997	0.001	0.001
0.001	0.001	0.997	0.001
>GATTGGCTGA	15-GATTGGCTGA	10.296193	-2.971957	0	T:1.0(3.70%),B:71.9(0.19%),P:1e-1	Tpos:236.4,Tstd:117.6,Bpos:584.2,Bstd:302.5,StrandBias:-10.0,Multiplicity:11.00
0.100	0.100	0.700	0.100
0.700	0.100	0.100	0.100
0.100	0.100	0.100	0.700
0.100	0.100	0.100	0.700
0.100	0.100	0.700	0.100
0.100	0.100	0.700	0.100
0.100	0.700	0.100	0.100
0.100	0.100	0.100	0.700
0.100	0.100	0.700	0.100
0.700	0.100	0.100	0.100
>GAAATAGGCG	16-GAAATAGGCG	13.378961	-2.624684	0	T:1.0(3.70%),B:102.0(0.28%),P:1e-1	Tpos:265.4,Tstd:94.4,Bpos:486.4,Bstd:356.6,StrandBias:-10.0,Multiplicity:7.00
0.001	0.001	0.997	0.001
0.900	0.001	0.098	0.001
0.752	0.001	0.001	0.246
0.997	0.001	0.001	0.001
0.001	0.001	0.001	0.997
0.997	0.001	0.001	0.001
0.001	0.001	0.997	0.001
0.001	0.001	0.997	0.001
0.001	0.997	0.001	0.001
0.068	0.001	0.930	0.001
