>GGTTAACATC	1-GGTTAACATC	10.902505	-23.206805	0	T:9.0(19.15%),B:286.4(0.74%),P:1e-10	Tpos:466.8,Tstd:366.5,Bpos:516.2,Bstd:322.1,StrandBias:-1.0,Multiplicity:1.00
0.001	0.001	0.997	0.001
0.001	0.001	0.777	0.221
0.001	0.001	0.001	0.997
0.001	0.001	0.120	0.878
0.834	0.001	0.164	0.001
0.877	0.001	0.001	0.121
0.001	0.997	0.001	0.001
0.997	0.001	0.001	0.001
0.001	0.001	0.001	0.997
0.115	0.771	0.001	0.113
>CTTAATAGTC	2-CTTAATAGTC	9.059292	-19.671896	0	T:10.0(21.28%),B:602.8(1.56%),P:1e-8	Tpos:473.3,Tstd:327.1,Bpos:499.2,Bstd:323.7,StrandBias:-1.2,Multiplicity:1.00
0.001	0.921	0.001	0.077
0.001	0.001	0.001	0.997
0.092	0.001	0.109	0.798
0.890	0.108	0.001	0.001
0.859	0.139	0.001	0.001
0.001	0.001	0.001	0.997
0.997	0.001	0.001	0.001
0.001	0.001	0.997	0.001
0.001	0.157	0.001	0.841
0.096	0.816	0.001	0.087
>GCGAGCCGCC	3-GCGAGCCGCC	11.400233	-18.308800	0	T:5.0(10.64%),B:55.9(0.15%),P:1e-7	Tpos:297.0,Tstd:173.9,Bpos:521.3,Bstd:290.7,StrandBias:1.0,Multiplicity:1.20
0.001	0.001	0.826	0.172
0.001	0.826	0.172	0.001
0.001	0.001	0.792	0.206
0.997	0.001	0.001	0.001
0.001	0.001	0.997	0.001
0.001	0.771	0.227	0.001
0.001	0.997	0.001	0.001
0.001	0.001	0.997	0.001
0.001	0.997	0.001	0.001
0.001	0.997	0.001	0.001
>GTGATAGTTT	4-GTGATAGTTT	9.214539	-16.654282	0	T:16.0(34.04%),B:2683.0(6.96%),P:1e-7	Tpos:576.1,Tstd:283.4,Bpos:518.1,Bstd:322.4,StrandBias:-1.4,Multiplicity:1.12
0.001	0.063	0.901	0.035
0.001	0.001	0.001	0.997
0.001	0.081	0.854	0.064
0.997	0.001	0.001	0.001
0.001	0.067	0.077	0.855
0.722	0.205	0.001	0.072
0.047	0.001	0.864	0.088
0.001	0.001	0.001	0.997
0.001	0.001	0.001	0.997
0.001	0.121	0.001	0.877
>CCATTATGGA	5-CCATTATGGA	10.739355	-16.584568	0	T:7.0(14.89%),B:284.6(0.74%),P:1e-7	Tpos:597.9,Tstd:262.7,Bpos:476.9,Bstd:298.1,StrandBias:-0.3,Multiplicity:1.00
0.001	0.893	0.001	0.105
0.001	0.884	0.001	0.114
0.824	0.001	0.174	0.001
0.103	0.001	0.001	0.895
0.122	0.001	0.001	0.876
0.997	0.001	0.001	0.001
0.001	0.001	0.001	0.997
0.001	0.001	0.997	0.001
0.001	0.001	0.891	0.107
0.849	0.149	0.001	0.001
>TATAGAACAC	6-TATAGAACAC	10.447435	-15.527892	0	T:11.0(23.40%),B:1206.0(3.13%),P:1e-6	Tpos:497.7,Tstd:347.1,Bpos:496.2,Bstd:330.6,StrandBias:-1.2,Multiplicity:1.18
0.087	0.001	0.001	0.911
0.685	0.104	0.129	0.082
0.001	0.001	0.100	0.898
0.908	0.001	0.001	0.090
0.001	0.001	0.997	0.001
0.997	0.001	0.001	0.001
0.997	0.001	0.001	0.001
0.138	0.860	0.001	0.001
0.997	0.001	0.001	0.001
0.076	0.841	0.001	0.082
>ACCGTCASAA	7-ACCGTCASAA	10.635548	-15.200214	0	T:7.0(14.89%),B:351.0(0.91%),P:1e-6	Tpos:382.9,Tstd:246.1,Bpos:506.5,Bstd:311.8,StrandBias:3.0,Multiplicity:1.29
0.885	0.001	0.001	0.113
0.001	0.997	0.001	0.001
0.001	0.997	0.001	0.001
0.001	0.001	0.997	0.001
0.001	0.001	0.001	0.997
0.001	0.888	0.110	0.001
0.997	0.001	0.001	0.001
0.082	0.438	0.479	0.001
0.866	0.132	0.001	0.001
0.997	0.001	0.001	0.001
>ATCAAAAAAG	8-ATCAAAAAAG	10.813742	-10.521415	0	T:13.0(27.66%),B:2863.9(7.43%),P:1e-4	Tpos:614.3,Tstd:291.5,Bpos:505.5,Bstd:313.4,StrandBias:-1.8,Multiplicity:1.38
0.997	0.001	0.001	0.001
0.001	0.001	0.001	0.997
0.001	0.997	0.001	0.001
0.997	0.001	0.001	0.001
0.904	0.001	0.001	0.094
0.997	0.001	0.001	0.001
0.997	0.001	0.001	0.001
0.923	0.001	0.001	0.075
0.922	0.076	0.001	0.001
0.226	0.001	0.772	0.001
>CCGGTGGTCC	9-CCGGTGGTCC	7.747702	-9.477120	0	T:9.0(19.15%),B:1506.3(3.91%),P:1e-4	Tpos:283.4,Tstd:284.3,Bpos:462.3,Bstd:322.6,StrandBias:-0.9,Multiplicity:1.89
0.001	0.790	0.117	0.092
0.304	0.631	0.001	0.064
0.097	0.083	0.761	0.059
0.001	0.225	0.773	0.001
0.001	0.001	0.001	0.997
0.001	0.004	0.831	0.164
0.117	0.081	0.801	0.001
0.001	0.001	0.140	0.858
0.001	0.902	0.001	0.096
0.088	0.678	0.233	0.001
>TCCGGGKGST	10-TCCGGGKGST	9.742975	-6.868600	0	T:4.0(8.51%),B:363.1(0.94%),P:1e-2	Tpos:244.8,Tstd:126.7,Bpos:440.0,Bstd:314.7,StrandBias:-3.3,Multiplicity:2.75
0.001	0.001	0.001	0.997
0.001	0.779	0.219	0.001
0.001	0.997	0.001	0.001
0.247	0.013	0.615	0.125
0.001	0.001	0.902	0.096
0.001	0.001	0.997	0.001
0.001	0.001	0.454	0.544
0.001	0.202	0.796	0.001
0.206	0.438	0.356	0.001
0.001	0.001	0.014	0.984
>TGACTCGAAATG	1-TGACTCGAAATG	15.053657	-25.400046	0	T:5.0(10.64%),B:11.2(0.03%),P:1e-11	Tpos:716.8,Tstd:104.4,Bpos:614.1,Bstd:302.6,StrandBias:-0.6,Multiplicity:1.00
0.001	0.001	0.001	0.997
0.001	0.338	0.660	0.001
0.997	0.001	0.001	0.001
0.001	0.997	0.001	0.001
0.001	0.001	0.001	0.997
0.001	0.997	0.001	0.001
0.001	0.001	0.997	0.001
0.997	0.001	0.001	0.001
0.677	0.001	0.321	0.001
0.997	0.001	0.001	0.001
0.001	0.001	0.001	0.997
0.001	0.001	0.997	0.001
>TCAGGATTGCTC	2-TCAGGATTGCTC	8.731358	-22.487249	0	T:9.0(19.15%),B:311.8(0.81%),P:1e-9	Tpos:273.7,Tstd:250.3,Bpos:464.4,Bstd:343.5,StrandBias:-1.8,Multiplicity:1.00
0.001	0.264	0.001	0.734
0.001	0.997	0.001	0.001
0.997	0.001	0.001	0.001
0.001	0.001	0.968	0.030
0.284	0.001	0.714	0.001
0.656	0.342	0.001	0.001
0.294	0.001	0.001	0.704
0.309	0.001	0.001	0.689
0.001	0.001	0.997	0.001
0.001	0.997	0.001	0.001
0.001	0.001	0.001	0.997
0.001	0.598	0.400	0.001
>ACTTTCGGGTTG	3-ACTTTCGGGTTG	14.518812	-21.631027	0	T:4.0(8.51%),B:6.2(0.02%),P:1e-9	Tpos:190.8,Tstd:251.5,Bpos:579.2,Bstd:364.5,StrandBias:0.0,Multiplicity:1.00
0.997	0.001	0.001	0.001
0.001	0.997	0.001	0.001
0.001	0.001	0.001	0.997
0.001	0.001	0.001	0.997
0.267	0.001	0.001	0.731
0.001	0.997	0.001	0.001
0.001	0.001	0.997	0.001
0.001	0.239	0.759	0.001
0.001	0.223	0.775	0.001
0.001	0.001	0.001	0.997
0.001	0.001	0.001	0.997
0.001	0.001	0.997	0.001
>ATRGTTAGATAT	4-ATRGTTAGATAT	11.277087	-21.233108	0	T:10.0(21.28%),B:511.0(1.33%),P:1e-9	Tpos:490.3,Tstd:286.0,Bpos:506.4,Bstd:320.2,StrandBias:-2.2,Multiplicity:1.10
0.636	0.001	0.001	0.362
0.001	0.001	0.001	0.997
0.470	0.001	0.352	0.176
0.106	0.001	0.892	0.001
0.114	0.001	0.001	0.884
0.001	0.001	0.121	0.877
0.694	0.149	0.001	0.156
0.001	0.001	0.997	0.001
0.997	0.001	0.001	0.001
0.188	0.001	0.001	0.810
0.997	0.001	0.001	0.001
0.212	0.001	0.001	0.786
>CATACCCACCGT	5-CATACCCACCGT	12.019448	-18.849715	0	T:5.0(10.64%),B:49.1(0.13%),P:1e-8	Tpos:497.1,Tstd:318.5,Bpos:463.4,Bstd:327.3,StrandBias:2.6,Multiplicity:1.40
0.001	0.623	0.001	0.375
0.660	0.001	0.001	0.338
0.001	0.001	0.001	0.997
0.842	0.001	0.001	0.156
0.001	0.997	0.001	0.001
0.001	0.997	0.001	0.001
0.197	0.801	0.001	0.001
0.997	0.001	0.001	0.001
0.297	0.701	0.001	0.001
0.338	0.660	0.001	0.001
0.001	0.001	0.997	0.001
0.001	0.001	0.001	0.997
>CCTTTTTTATAT	6-CCTTTTTTATAT	13.710538	-16.354723	0	T:7.0(14.89%),B:295.0(0.77%),P:1e-7	Tpos:547.5,Tstd:281.9,Bpos:559.0,Bstd:307.5,StrandBias:-0.7,Multiplicity:1.14
0.001	0.858	0.001	0.140
0.001	0.858	0.001	0.140
0.001	0.001	0.001	0.997
0.001	0.001	0.001	0.997
0.001	0.001	0.001	0.997
0.001	0.001	0.001	0.997
0.001	0.268	0.001	0.730
0.001	0.001	0.001	0.997
0.997	0.001	0.001	0.001
0.141	0.001	0.001	0.857
0.879	0.001	0.001	0.119
0.001	0.001	0.001	0.997
>AATTTATTTACC	7-AATTTATTTACC	13.362350	-15.405901	0	T:6.0(12.77%),B:202.5(0.53%),P:1e-6	Tpos:463.6,Tstd:306.1,Bpos:497.0,Bstd:329.8,StrandBias:2.6,Multiplicity:1.17
0.997	0.001	0.001	0.001
0.997	0.001	0.001	0.001
0.001	0.001	0.001	0.997
0.160	0.001	0.001	0.838
0.001	0.001	0.001	0.997
0.890	0.001	0.001	0.108
0.001	0.001	0.001	0.997
0.001	0.001	0.001	0.997
0.001	0.001	0.186	0.812
0.726	0.134	0.139	0.001
0.001	0.997	0.001	0.001
0.088	0.910	0.001	0.001
>TATACTCTTTTT	8-TATACTCTTTTT	14.674189	-15.244666	0	T:5.0(10.64%),B:105.5(0.27%),P:1e-6	Tpos:482.0,Tstd:277.9,Bpos:582.2,Bstd:335.1,StrandBias:-0.6,Multiplicity:1.00
0.001	0.001	0.001	0.997
0.755	0.001	0.243	0.001
0.192	0.001	0.001	0.806
0.997	0.001	0.001	0.001
0.001	0.997	0.001	0.001
0.001	0.001	0.001	0.997
0.001	0.997	0.001	0.001
0.001	0.001	0.001	0.997
0.001	0.001	0.001	0.997
0.001	0.001	0.001	0.997
0.001	0.001	0.001	0.997
0.001	0.001	0.001	0.997
>TTAATAGTCTCG	9-TTAATAGTCTCG	14.492087	-11.910559	0	T:3.0(6.38%),B:27.1(0.07%),P:1e-5	Tpos:432.8,Tstd:338.6,Bpos:430.8,Bstd:259.8,StrandBias:-1.6,Multiplicity:1.33
0.001	0.001	0.001	0.997
0.001	0.001	0.001	0.997
0.997	0.001	0.001	0.001
0.997	0.001	0.001	0.001
0.212	0.001	0.001	0.786
0.997	0.001	0.001	0.001
0.001	0.001	0.997	0.001
0.001	0.001	0.001	0.997
0.001	0.771	0.001	0.227
0.001	0.001	0.001	0.997
0.001	0.997	0.001	0.001
0.001	0.001	0.737	0.261
>TCCAGGGGGTCG	10-TCCAGGGGGTCG	8.994701	-8.142200	0	T:3.0(6.38%),B:102.3(0.27%),P:1e-3	Tpos:213.4,Tstd:103.7,Bpos:369.1,Bstd:299.4,StrandBias:-2.0,Multiplicity:1.67
0.001	0.001	0.001	0.997
0.001	0.997	0.001	0.001
0.001	0.997	0.001	0.001
0.873	0.001	0.059	0.067
0.001	0.001	0.997	0.001
0.001	0.001	0.996	0.002
0.001	0.001	0.933	0.065
0.001	0.001	0.937	0.061
0.001	0.065	0.872	0.062
0.001	0.001	0.001	0.997
0.001	0.997	0.001	0.001
0.001	0.129	0.869	0.001
>CGGABCACMCGG	11-CGGABCACMCGG	9.116796	-8.040016	0	T:6.0(12.77%),B:760.3(1.97%),P:1e-3	Tpos:243.5,Tstd:253.1,Bpos:439.5,Bstd:319.5,StrandBias:1.5,Multiplicity:3.00
0.318	0.680	0.001	0.001
0.164	0.001	0.834	0.001
0.203	0.001	0.795	0.001
0.997	0.001	0.001	0.001
0.165	0.324	0.284	0.227
0.089	0.909	0.001	0.001
0.604	0.215	0.001	0.180
0.001	0.729	0.269	0.001
0.430	0.568	0.001	0.001
0.173	0.495	0.007	0.325
0.001	0.001	0.997	0.001
0.001	0.001	0.997	0.001
>TACGTGCT	1-TACGTGCT	7.158370	-13.106453	0	T:15.0(31.91%),B:3056.9(7.93%),P:1e-5	Tpos:530.6,Tstd:248.1,Bpos:495.2,Bstd:322.7,StrandBias:0.0,Multiplicity:1.20
0.004	0.105	0.130	0.761
0.762	0.116	0.121	0.001
0.001	0.905	0.012	0.082
0.001	0.383	0.612	0.004
0.063	0.084	0.090	0.763
0.004	0.012	0.705	0.279
0.082	0.559	0.358	0.001
0.203	0.203	0.005	0.589
>TAATAGCG	2-TAATAGCG	6.941574	-11.115902	0	T:19.0(40.43%),B:5629.6(14.61%),P:1e-4	Tpos:497.1,Tstd:297.9,Bpos:505.7,Bstd:318.8,StrandBias:0.9,Multiplicity:1.21
0.201	0.001	0.001	0.797
0.640	0.126	0.233	0.001
0.997	0.001	0.001	0.001
0.001	0.104	0.169	0.726
0.877	0.121	0.001	0.001
0.001	0.224	0.774	0.001
0.001	0.997	0.001	0.001
0.001	0.310	0.688	0.001
>CCCACMKG	3-CCCACMKG	5.850177	-10.757509	0	T:21.0(44.68%),B:6913.7(17.94%),P:1e-4	Tpos:443.5,Tstd:320.0,Bpos:509.6,Bstd:323.0,StrandBias:0.9,Multiplicity:1.37
0.134	0.684	0.123	0.059
0.055	0.763	0.010	0.172
0.056	0.903	0.001	0.040
0.662	0.113	0.134	0.091
0.059	0.726	0.001	0.214
0.450	0.409	0.001	0.141
0.103	0.044	0.477	0.376
0.138	0.001	0.532	0.329
>CYACCTAT	4-CYACCTAT	7.506773	-7.394904	0	T:15.0(31.91%),B:4995.7(12.96%),P:1e-3	Tpos:377.2,Tstd:221.1,Bpos:502.3,Bstd:330.1,StrandBias:0.7,Multiplicity:1.73
0.001	0.997	0.001	0.001
0.001	0.465	0.161	0.373
0.997	0.001	0.001	0.001
0.001	0.997	0.001	0.001
0.096	0.902	0.001	0.001
0.001	0.001	0.001	0.997
0.880	0.001	0.001	0.118
0.150	0.130	0.152	0.568
>CACCAGGA	5-CACCAGGA	10.081673	-4.416416	0	T:4.0(8.51%),B:729.8(1.89%),P:1e-1	Tpos:275.3,Tstd:210.5,Bpos:434.2,Bstd:329.7,StrandBias:2.5,Multiplicity:3.25
0.001	0.997	0.001	0.001
0.600	0.398	0.001	0.001
0.001	0.997	0.001	0.001
0.001	0.997	0.001	0.001
0.933	0.065	0.001	0.001
0.001	0.001	0.997	0.001
0.001	0.001	0.997	0.001
0.997	0.001	0.001	0.001
