>GGTTAACATC	1-GGTTAACATC	10.902505	-23.206805	0	T:9.0(19.15%),B:286.4(0.74%),P:1e-10	Tpos:466.8,Tstd:366.5,Bpos:516.2,Bstd:322.1,StrandBias:-1.0,Multiplicity:1.00
0.001	0.001	0.997	0.001
0.001	0.001	0.777	0.221
0.001	0.001	0.001	0.997
0.001	0.001	0.120	0.878
0.834	0.001	0.164	0.001
0.877	0.001	0.001	0.121
0.001	0.997	0.001	0.001
0.997	0.001	0.001	0.001
0.001	0.001	0.001	0.997
0.115	0.771	0.001	0.113
>CTTAATAGTC	2-CTTAATAGTC	9.059292	-19.671896	0	T:10.0(21.28%),B:602.8(1.56%),P:1e-8	Tpos:473.3,Tstd:327.1,Bpos:499.2,Bstd:323.7,StrandBias:-1.2,Multiplicity:1.00
0.001	0.921	0.001	0.077
0.001	0.001	0.001	0.997
0.092	0.001	0.109	0.798
0.890	0.108	0.001	0.001
0.859	0.139	0.001	0.001
0.001	0.001	0.001	0.997
0.997	0.001	0.001	0.001
0.001	0.001	0.997	0.001
0.001	0.157	0.001	0.841
0.096	0.816	0.001	0.087
>GCGAGCCGCC	3-GCGAGCCGCC	11.400233	-18.308800	0	T:5.0(10.64%),B:55.9(0.15%),P:1e-7	Tpos:297.0,Tstd:173.9,Bpos:521.3,Bstd:290.7,StrandBias:1.0,Multiplicity:1.20
0.001	0.001	0.826	0.172
0.001	0.826	0.172	0.001
0.001	0.001	0.792	0.206
0.997	0.001	0.001	0.001
0.001	0.001	0.997	0.001
0.001	0.771	0.227	0.001
0.001	0.997	0.001	0.001
0.001	0.001	0.997	0.001
0.001	0.997	0.001	0.001
0.001	0.997	0.001	0.001
>GTGATAGTTT	4-GTGATAGTTT	9.214539	-16.654282	0	T:16.0(34.04%),B:2683.0(6.96%),P:1e-7	Tpos:576.1,Tstd:283.4,Bpos:518.1,Bstd:322.4,StrandBias:-1.4,Multiplicity:1.12
0.001	0.063	0.901	0.035
0.001	0.001	0.001	0.997
0.001	0.081	0.854	0.064
0.997	0.001	0.001	0.001
0.001	0.067	0.077	0.855
0.722	0.205	0.001	0.072
0.047	0.001	0.864	0.088
0.001	0.001	0.001	0.997
0.001	0.001	0.001	0.997
0.001	0.121	0.001	0.877
>CCATTATGGA	5-CCATTATGGA	10.739355	-16.584568	0	T:7.0(14.89%),B:284.6(0.74%),P:1e-7	Tpos:597.9,Tstd:262.7,Bpos:476.9,Bstd:298.1,StrandBias:-0.3,Multiplicity:1.00
0.001	0.893	0.001	0.105
0.001	0.884	0.001	0.114
0.824	0.001	0.174	0.001
0.103	0.001	0.001	0.895
0.122	0.001	0.001	0.876
0.997	0.001	0.001	0.001
0.001	0.001	0.001	0.997
0.001	0.001	0.997	0.001
0.001	0.001	0.891	0.107
0.849	0.149	0.001	0.001
>TATAGAACAC	6-TATAGAACAC	10.447435	-15.527892	0	T:11.0(23.40%),B:1206.0(3.13%),P:1e-6	Tpos:497.7,Tstd:347.1,Bpos:496.2,Bstd:330.6,StrandBias:-1.2,Multiplicity:1.18
0.087	0.001	0.001	0.911
0.685	0.104	0.129	0.082
0.001	0.001	0.100	0.898
0.908	0.001	0.001	0.090
0.001	0.001	0.997	0.001
0.997	0.001	0.001	0.001
0.997	0.001	0.001	0.001
0.138	0.860	0.001	0.001
0.997	0.001	0.001	0.001
0.076	0.841	0.001	0.082
>ACCGTCASAA	7-ACCGTCASAA	10.635548	-15.200214	0	T:7.0(14.89%),B:351.0(0.91%),P:1e-6	Tpos:382.9,Tstd:246.1,Bpos:506.5,Bstd:311.8,StrandBias:3.0,Multiplicity:1.29
0.885	0.001	0.001	0.113
0.001	0.997	0.001	0.001
0.001	0.997	0.001	0.001
0.001	0.001	0.997	0.001
0.001	0.001	0.001	0.997
0.001	0.888	0.110	0.001
0.997	0.001	0.001	0.001
0.082	0.438	0.479	0.001
0.866	0.132	0.001	0.001
0.997	0.001	0.001	0.001
>ATCAAAAAAG	8-ATCAAAAAAG	10.813742	-10.521415	0	T:13.0(27.66%),B:2863.9(7.43%),P:1e-4	Tpos:614.3,Tstd:291.5,Bpos:505.5,Bstd:313.4,StrandBias:-1.8,Multiplicity:1.38
0.997	0.001	0.001	0.001
0.001	0.001	0.001	0.997
0.001	0.997	0.001	0.001
0.997	0.001	0.001	0.001
0.904	0.001	0.001	0.094
0.997	0.001	0.001	0.001
0.997	0.001	0.001	0.001
0.923	0.001	0.001	0.075
0.922	0.076	0.001	0.001
0.226	0.001	0.772	0.001
>CCGGTGGTCC	9-CCGGTGGTCC	7.747702	-9.477120	0	T:9.0(19.15%),B:1506.3(3.91%),P:1e-4	Tpos:283.4,Tstd:284.3,Bpos:462.3,Bstd:322.6,StrandBias:-0.9,Multiplicity:1.89
0.001	0.790	0.117	0.092
0.304	0.631	0.001	0.064
0.097	0.083	0.761	0.059
0.001	0.225	0.773	0.001
0.001	0.001	0.001	0.997
0.001	0.004	0.831	0.164
0.117	0.081	0.801	0.001
0.001	0.001	0.140	0.858
0.001	0.902	0.001	0.096
0.088	0.678	0.233	0.001
>TCCGGGKGST	10-TCCGGGKGST	9.742975	-6.868600	0	T:4.0(8.51%),B:363.1(0.94%),P:1e-2	Tpos:244.8,Tstd:126.7,Bpos:440.0,Bstd:314.7,StrandBias:-3.3,Multiplicity:2.75
0.001	0.001	0.001	0.997
0.001	0.779	0.219	0.001
0.001	0.997	0.001	0.001
0.247	0.013	0.615	0.125
0.001	0.001	0.902	0.096
0.001	0.001	0.997	0.001
0.001	0.001	0.454	0.544
0.001	0.202	0.796	0.001
0.206	0.438	0.356	0.001
0.001	0.001	0.014	0.984
