>YCCCCAMCTMKA	1-YCCCCAMCTMKA	11.453064	-24.234431	0	T:5.0(6.94%),B:8.1(0.02%),P:1e-10	Tpos:767.0,Tstd:172.6,Bpos:614.9,Bstd:256.1,StrandBias:10.0,Multiplicity:1.00
0.060	0.480	0.001	0.459
0.001	0.997	0.001	0.001
0.087	0.698	0.001	0.214
0.056	0.806	0.001	0.137
0.087	0.825	0.001	0.087
0.911	0.001	0.087	0.001
0.407	0.543	0.049	0.001
0.072	0.740	0.001	0.187
0.233	0.152	0.001	0.614
0.501	0.364	0.078	0.057
0.195	0.078	0.397	0.330
0.949	0.001	0.001	0.049
>AAGATCCCCCAT	2-AAGATCCCCCAT	14.533269	-22.372139	0	T:4.0(5.56%),B:2.2(0.01%),P:1e-9	Tpos:299.8,Tstd:111.9,Bpos:607.5,Bstd:85.1,StrandBias:0.0,Multiplicity:1.00
0.997	0.001	0.001	0.001
0.997	0.001	0.001	0.001
0.001	0.001	0.997	0.001
0.997	0.001	0.001	0.001
0.001	0.256	0.001	0.742
0.001	0.997	0.001	0.001
0.001	0.770	0.001	0.228
0.001	0.997	0.001	0.001
0.001	0.997	0.001	0.001
0.256	0.742	0.001	0.001
0.997	0.001	0.001	0.001
0.001	0.001	0.001	0.997
>GTAAAAGGCGCA	3-GTAAAAGGCGCA	12.732795	-21.990475	0	T:6.0(8.33%),B:38.7(0.10%),P:1e-9	Tpos:612.2,Tstd:290.6,Bpos:536.4,Bstd:309.5,StrandBias:1.0,Multiplicity:1.00
0.001	0.001	0.718	0.280
0.001	0.001	0.001	0.997
0.997	0.001	0.001	0.001
0.997	0.001	0.001	0.001
0.636	0.362	0.001	0.001
0.981	0.017	0.001	0.001
0.001	0.001	0.997	0.001
0.001	0.001	0.997	0.001
0.001	0.643	0.291	0.065
0.001	0.001	0.997	0.001
0.290	0.708	0.001	0.001
0.997	0.001	0.001	0.001
>TCCASTTGTTAG	4-TCCASTTGTTAG	12.386312	-21.990475	0	T:6.0(8.33%),B:38.5(0.10%),P:1e-9	Tpos:679.8,Tstd:347.8,Bpos:514.3,Bstd:347.6,StrandBias:2.3,Multiplicity:1.00
0.214	0.001	0.001	0.784
0.001	0.997	0.001	0.001
0.189	0.809	0.001	0.001
0.997	0.001	0.001	0.001
0.001	0.465	0.533	0.001
0.275	0.001	0.001	0.723
0.001	0.214	0.001	0.784
0.001	0.001	0.997	0.001
0.001	0.001	0.001	0.997
0.275	0.001	0.001	0.723
0.723	0.275	0.001	0.001
0.001	0.001	0.997	0.001
>MACCGATYAATA	5-MACCGATYAATA	11.736353	-20.824825	0	T:6.0(8.33%),B:47.4(0.13%),P:1e-9	Tpos:653.3,Tstd:216.9,Bpos:457.7,Bstd:296.6,StrandBias:1.0,Multiplicity:1.00
0.532	0.430	0.037	0.001
0.968	0.001	0.001	0.030
0.001	0.937	0.061	0.001
0.001	0.997	0.001	0.001
0.001	0.001	0.997	0.001
0.997	0.001	0.001	0.001
0.001	0.001	0.001	0.997
0.001	0.476	0.001	0.522
0.997	0.001	0.001	0.001
0.997	0.001	0.001	0.001
0.001	0.001	0.001	0.997
0.975	0.001	0.001	0.023
>AAACAACACGCG	6-AAACAACACGCG	11.009070	-19.501890	0	T:11.0(15.28%),B:490.3(1.32%),P:1e-8	Tpos:628.2,Tstd:270.4,Bpos:584.0,Bstd:347.9,StrandBias:0.5,Multiplicity:1.09
0.996	0.001	0.001	0.002
0.846	0.001	0.152	0.001
0.826	0.001	0.172	0.001
0.174	0.824	0.001	0.001
0.837	0.001	0.161	0.001
0.913	0.001	0.001	0.085
0.068	0.605	0.326	0.001
0.997	0.001	0.001	0.001
0.001	0.820	0.091	0.088
0.079	0.001	0.840	0.080
0.001	0.753	0.001	0.245
0.086	0.153	0.760	0.001
>CCCASTGTGCCA	7-CCCASTGTGCCA	9.266312	-18.345066	0	T:10.0(13.89%),B:420.3(1.13%),P:1e-7	Tpos:667.4,Tstd:224.3,Bpos:501.2,Bstd:353.3,StrandBias:-0.8,Multiplicity:1.10
0.272	0.540	0.001	0.187
0.136	0.727	0.001	0.136
0.001	0.997	0.001	0.001
0.812	0.001	0.186	0.001
0.001	0.448	0.536	0.015
0.001	0.001	0.001	0.997
0.001	0.132	0.866	0.001
0.210	0.001	0.132	0.657
0.001	0.163	0.835	0.001
0.015	0.832	0.152	0.001
0.001	0.997	0.001	0.001
0.625	0.001	0.373	0.001
>ATCCCCTTTTCG	8-ATCCCCTTTTCG	10.166881	-18.340258	0	T:14.0(19.44%),B:1027.8(2.77%),P:1e-7	Tpos:514.9,Tstd:254.0,Bpos:513.5,Bstd:342.9,StrandBias:0.8,Multiplicity:1.57
0.785	0.010	0.001	0.204
0.071	0.092	0.001	0.836
0.210	0.697	0.092	0.001
0.001	0.881	0.055	0.063
0.188	0.810	0.001	0.001
0.151	0.730	0.118	0.001
0.083	0.001	0.001	0.915
0.096	0.001	0.001	0.902
0.104	0.001	0.001	0.894
0.001	0.001	0.001	0.997
0.092	0.831	0.001	0.076
0.001	0.062	0.735	0.202
>ATGAAAATATCA	9-ATGAAAATATCA	13.394061	-17.632967	0	T:11.0(15.28%),B:590.2(1.59%),P:1e-7	Tpos:605.2,Tstd:240.6,Bpos:496.8,Bstd:318.0,StrandBias:-0.5,Multiplicity:1.09
0.997	0.001	0.001	0.001
0.279	0.001	0.001	0.719
0.001	0.001	0.997	0.001
0.997	0.001	0.001	0.001
0.997	0.001	0.001	0.001
0.997	0.001	0.001	0.001
0.997	0.001	0.001	0.001
0.232	0.001	0.001	0.766
0.810	0.001	0.001	0.188
0.001	0.001	0.001	0.997
0.001	0.997	0.001	0.001
0.997	0.001	0.001	0.001
>ATCATTCATTCT	10-ATCATTCATTCT	16.237198	-17.321416	0	T:4.0(5.56%),B:13.2(0.04%),P:1e-7	Tpos:929.8,Tstd:12.3,Bpos:547.0,Bstd:362.2,StrandBias:10.0,Multiplicity:1.00
0.997	0.001	0.001	0.001
0.001	0.001	0.001	0.997
0.001	0.997	0.001	0.001
0.997	0.001	0.001	0.001
0.001	0.001	0.001	0.997
0.001	0.001	0.001	0.997
0.001	0.997	0.001	0.001
0.997	0.001	0.001	0.001
0.304	0.001	0.001	0.694
0.001	0.001	0.001	0.997
0.001	0.997	0.001	0.001
0.001	0.001	0.001	0.997
>GGGAAACGCGCA	11-GGGAAACGCGCA	9.949172	-16.058848	0	T:6.0(8.33%),B:110.3(0.30%),P:1e-6	Tpos:485.6,Tstd:228.3,Bpos:512.2,Bstd:353.2,StrandBias:0.4,Multiplicity:1.17
0.001	0.323	0.675	0.001
0.001	0.001	0.997	0.001
0.001	0.001	0.997	0.001
0.997	0.001	0.001	0.001
0.997	0.001	0.001	0.001
0.997	0.001	0.001	0.001
0.001	0.997	0.001	0.001
0.417	0.001	0.581	0.001
0.343	0.655	0.001	0.001
0.001	0.001	0.997	0.001
0.018	0.597	0.001	0.384
0.980	0.001	0.001	0.018
>CGTTGCGAGACC	12-CGTTGCGAGACC	8.003919	-15.554293	0	T:20.0(27.78%),B:2745.6(7.39%),P:1e-6	Tpos:441.6,Tstd:312.8,Bpos:530.6,Bstd:356.3,StrandBias:-0.4,Multiplicity:1.15
0.112	0.757	0.001	0.130
0.057	0.008	0.864	0.071
0.132	0.027	0.008	0.833
0.001	0.001	0.067	0.931
0.001	0.166	0.729	0.104
0.137	0.738	0.001	0.124
0.112	0.189	0.619	0.080
0.536	0.001	0.263	0.200
0.055	0.052	0.892	0.001
0.790	0.208	0.001	0.001
0.001	0.661	0.212	0.126
0.210	0.662	0.127	0.001
>TTTTTGTATACA	13-TTTTTGTATACA	11.030814	-15.448810	0	T:14.0(19.44%),B:1302.1(3.50%),P:1e-6	Tpos:512.8,Tstd:269.6,Bpos:520.6,Bstd:304.9,StrandBias:-2.6,Multiplicity:1.00
0.069	0.053	0.001	0.877
0.001	0.049	0.001	0.949
0.045	0.051	0.001	0.903
0.071	0.001	0.001	0.927
0.057	0.045	0.001	0.897
0.208	0.022	0.649	0.121
0.001	0.050	0.093	0.856
0.749	0.051	0.199	0.001
0.037	0.001	0.058	0.904
0.851	0.001	0.115	0.033
0.138	0.605	0.086	0.171
0.847	0.127	0.001	0.025
>ACAACAGATAAG	14-ACAACAGATAAG	10.694467	-15.384938	0	T:7.0(9.72%),B:208.4(0.56%),P:1e-6	Tpos:552.0,Tstd:329.6,Bpos:509.8,Bstd:295.7,StrandBias:0.0,Multiplicity:1.14
0.910	0.006	0.001	0.083
0.055	0.844	0.001	0.100
0.745	0.001	0.100	0.154
0.762	0.110	0.127	0.001
0.001	0.997	0.001	0.001
0.997	0.001	0.001	0.001
0.085	0.155	0.650	0.110
0.844	0.001	0.154	0.001
0.055	0.110	0.004	0.831
0.717	0.001	0.001	0.281
0.997	0.001	0.001	0.001
0.083	0.085	0.722	0.110
>CGAAAAGGGGAG	15-CGAAAAGGGGAG	11.294464	-14.776271	0	T:8.0(11.11%),B:340.9(0.92%),P:1e-6	Tpos:355.9,Tstd:229.0,Bpos:504.0,Bstd:360.7,StrandBias:-0.7,Multiplicity:2.25
0.075	0.748	0.001	0.176
0.092	0.001	0.906	0.001
0.997	0.001	0.001	0.001
0.764	0.001	0.234	0.001
0.880	0.001	0.118	0.001
0.903	0.095	0.001	0.001
0.001	0.321	0.608	0.070
0.096	0.001	0.737	0.166
0.102	0.001	0.804	0.093
0.001	0.001	0.997	0.001
0.688	0.001	0.001	0.310
0.001	0.001	0.997	0.001
>AAAAATAGCGTT	16-AAAAATAGCGTT	13.080799	-14.458271	0	T:8.0(11.11%),B:355.8(0.96%),P:1e-6	Tpos:569.4,Tstd:250.5,Bpos:488.6,Bstd:344.1,StrandBias:-1.6,Multiplicity:1.00
0.997	0.001	0.001	0.001
0.997	0.001	0.001	0.001
0.997	0.001	0.001	0.001
0.997	0.001	0.001	0.001
0.997	0.001	0.001	0.001
0.001	0.001	0.001	0.997
0.931	0.001	0.001	0.067
0.096	0.001	0.902	0.001
0.001	0.772	0.140	0.087
0.001	0.001	0.917	0.081
0.001	0.001	0.001	0.997
0.190	0.253	0.001	0.556
>TTTTCAGCTGAA	17-TTTTCAGCTGAA	11.774087	-13.375919	0	T:12.0(16.67%),B:1111.5(2.99%),P:1e-5	Tpos:604.4,Tstd:240.3,Bpos:521.7,Bstd:388.8,StrandBias:0.7,Multiplicity:1.25
0.001	0.001	0.001	0.997
0.001	0.001	0.001	0.997
0.001	0.001	0.001	0.997
0.001	0.169	0.001	0.829
0.129	0.768	0.102	0.001
0.825	0.001	0.001	0.173
0.001	0.001	0.997	0.001
0.105	0.893	0.001	0.001
0.001	0.001	0.001	0.997
0.031	0.096	0.853	0.020
0.840	0.001	0.158	0.001
0.997	0.001	0.001	0.001
