>CCCCCACCTMTA	1-CCCCCACCTMTA	11.148620	-30.679759	0	T:10.0(7.94%),B:64.5(0.16%),P:1e-13	Tpos:733.0,Tstd:199.6,Bpos:604.1,Bstd:318.9,StrandBias:1.2,Multiplicity:1.00
0.132	0.866	0.001	0.001
0.001	0.997	0.001	0.001
0.122	0.726	0.151	0.001
0.151	0.697	0.001	0.151
0.001	0.997	0.001	0.001
0.697	0.001	0.301	0.001
0.150	0.848	0.001	0.001
0.001	0.997	0.001	0.001
0.001	0.150	0.001	0.848
0.479	0.370	0.151	0.001
0.001	0.001	0.001	0.997
0.884	0.114	0.001	0.001
>TCTGCCAGGTGA	2-TCTGCCAGGTGA	11.561504	-30.012044	0	T:11.0(8.73%),B:101.7(0.26%),P:1e-13	Tpos:446.3,Tstd:272.9,Bpos:503.8,Bstd:325.0,StrandBias:1.6,Multiplicity:1.09
0.001	0.001	0.001	0.997
0.001	0.672	0.001	0.326
0.122	0.001	0.001	0.876
0.001	0.122	0.876	0.001
0.001	0.993	0.005	0.001
0.207	0.791	0.001	0.001
0.997	0.001	0.001	0.001
0.170	0.001	0.592	0.237
0.001	0.122	0.876	0.001
0.001	0.001	0.001	0.997
0.001	0.001	0.683	0.315
0.560	0.001	0.316	0.123
>RMSGTTTCCCAT	3-RMSGTTTCCCAT	9.033583	-27.512956	0	T:24.0(19.05%),B:1205.1(3.07%),P:1e-11	Tpos:523.8,Tstd:331.5,Bpos:489.9,Bstd:323.2,StrandBias:1.3,Multiplicity:1.00
0.458	0.150	0.391	0.001
0.541	0.457	0.001	0.001
0.151	0.391	0.416	0.043
0.001	0.001	0.806	0.192
0.001	0.390	0.001	0.608
0.001	0.001	0.001	0.997
0.001	0.001	0.390	0.608
0.001	0.997	0.001	0.001
0.001	0.608	0.390	0.001
0.042	0.956	0.001	0.001
0.997	0.001	0.001	0.001
0.001	0.001	0.001	0.997
>CAAAAACRCGCG	4-CAAAAACRCGCG	10.437028	-25.837127	0	T:13.0(10.32%),B:262.8(0.67%),P:1e-11	Tpos:575.4,Tstd:235.8,Bpos:505.4,Bstd:335.3,StrandBias:-0.4,Multiplicity:1.00
0.001	0.707	0.001	0.291
0.997	0.001	0.001	0.001
0.785	0.213	0.001	0.001
0.779	0.001	0.001	0.219
0.877	0.001	0.121	0.001
0.672	0.001	0.326	0.001
0.001	0.997	0.001	0.001
0.431	0.001	0.567	0.001
0.121	0.877	0.001	0.001
0.001	0.106	0.892	0.001
0.073	0.868	0.001	0.058
0.001	0.001	0.997	0.001
>GGGAAAGGTKCA	5-GGGAAAGGTKCA	9.989111	-22.419111	0	T:19.0(15.08%),B:921.6(2.35%),P:1e-9	Tpos:607.2,Tstd:273.8,Bpos:520.1,Bstd:362.1,StrandBias:-0.6,Multiplicity:1.05
0.175	0.204	0.620	0.001
0.001	0.001	0.646	0.352
0.355	0.001	0.643	0.001
0.965	0.033	0.001	0.001
0.997	0.001	0.001	0.001
0.997	0.001	0.001	0.001
0.001	0.001	0.997	0.001
0.202	0.001	0.796	0.001
0.001	0.001	0.001	0.997
0.001	0.240	0.355	0.405
0.231	0.732	0.036	0.001
0.769	0.001	0.229	0.001
>ATGGTGGGAAGA	6-ATGGTGGGAAGA	12.456665	-21.982400	0	T:8.0(6.35%),B:75.6(0.19%),P:1e-9	Tpos:683.2,Tstd:197.6,Bpos:615.0,Bstd:403.2,StrandBias:0.0,Multiplicity:1.00
0.835	0.001	0.001	0.163
0.001	0.001	0.001	0.997
0.098	0.001	0.900	0.001
0.001	0.001	0.997	0.001
0.001	0.001	0.001	0.997
0.001	0.001	0.997	0.001
0.001	0.001	0.835	0.163
0.001	0.001	0.828	0.170
0.997	0.001	0.001	0.001
0.790	0.001	0.208	0.001
0.001	0.001	0.997	0.001
0.997	0.001	0.001	0.001
>KCTGATCGATAT	7-KCTGATCGATAT	11.643434	-21.693832	0	T:8.0(6.35%),B:78.0(0.20%),P:1e-9	Tpos:716.8,Tstd:302.3,Bpos:407.5,Bstd:326.5,StrandBias:-2.8,Multiplicity:1.00
0.001	0.001	0.478	0.520
0.287	0.587	0.125	0.001
0.079	0.318	0.001	0.602
0.218	0.183	0.598	0.001
0.997	0.001	0.001	0.001
0.001	0.112	0.001	0.886
0.001	0.839	0.159	0.001
0.201	0.001	0.615	0.183
0.997	0.001	0.001	0.001
0.001	0.001	0.001	0.997
0.920	0.001	0.001	0.078
0.120	0.109	0.001	0.770
>GTTAAGWATTTG	8-GTTAAGWATTTG	11.135706	-19.831249	0	T:16.0(12.70%),B:730.2(1.86%),P:1e-8	Tpos:386.5,Tstd:246.1,Bpos:488.7,Bstd:290.1,StrandBias:-0.7,Multiplicity:1.12
0.001	0.001	0.997	0.001
0.162	0.001	0.221	0.616
0.001	0.001	0.001	0.997
0.966	0.001	0.032	0.001
0.997	0.001	0.001	0.001
0.031	0.001	0.849	0.119
0.563	0.001	0.001	0.435
0.997	0.001	0.001	0.001
0.027	0.001	0.168	0.804
0.001	0.001	0.001	0.997
0.001	0.001	0.001	0.997
0.001	0.001	0.639	0.359
>GAATGATACTCT	9-GAATGATACTCT	10.492458	-19.446587	0	T:10.0(7.94%),B:217.9(0.56%),P:1e-8	Tpos:639.5,Tstd:302.6,Bpos:516.6,Bstd:349.3,StrandBias:-0.6,Multiplicity:1.00
0.002	0.102	0.658	0.238
0.874	0.001	0.001	0.124
0.673	0.119	0.125	0.083
0.001	0.144	0.099	0.756
0.002	0.001	0.897	0.100
0.720	0.166	0.001	0.113
0.131	0.004	0.001	0.864
0.849	0.148	0.001	0.002
0.119	0.686	0.096	0.099
0.166	0.002	0.001	0.831
0.013	0.889	0.001	0.097
0.001	0.001	0.001	0.997
>GAAAGGAACAAA	10-GAAAGGAACAAA	13.299879	-18.794987	0	T:10.0(7.94%),B:233.5(0.60%),P:1e-8	Tpos:565.8,Tstd:293.3,Bpos:544.5,Bstd:336.3,StrandBias:-1.2,Multiplicity:1.00
0.076	0.001	0.922	0.001
0.997	0.001	0.001	0.001
0.997	0.001	0.001	0.001
0.997	0.001	0.001	0.001
0.088	0.001	0.910	0.001
0.088	0.138	0.647	0.127
0.997	0.001	0.001	0.001
0.858	0.001	0.140	0.001
0.001	0.997	0.001	0.001
0.997	0.001	0.001	0.001
0.997	0.001	0.001	0.001
0.807	0.001	0.001	0.191
>CCAGTTGTTAGC	11-CCAGTTGTTAGC	12.010118	-18.269593	0	T:8.0(6.35%),B:124.9(0.32%),P:1e-7	Tpos:605.5,Tstd:311.6,Bpos:528.2,Bstd:326.2,StrandBias:-0.7,Multiplicity:1.00
0.232	0.766	0.001	0.001
0.284	0.555	0.001	0.160
0.997	0.001	0.001	0.001
0.001	0.001	0.839	0.159
0.125	0.001	0.001	0.873
0.001	0.001	0.001	0.997
0.001	0.001	0.997	0.001
0.001	0.001	0.106	0.892
0.001	0.001	0.001	0.997
0.732	0.001	0.160	0.107
0.001	0.001	0.581	0.417
0.001	0.817	0.181	0.001
>WAAAGTGTTACA	12-WAAAGTGTTACA	11.367538	-17.873453	0	T:13.0(10.32%),B:516.3(1.32%),P:1e-7	Tpos:408.2,Tstd:246.6,Bpos:473.2,Bstd:344.5,StrandBias:-0.4,Multiplicity:1.08
0.460	0.001	0.180	0.358
0.766	0.232	0.001	0.001
0.592	0.406	0.001	0.001
0.997	0.001	0.001	0.001
0.001	0.001	0.825	0.173
0.001	0.001	0.001	0.997
0.001	0.290	0.708	0.001
0.381	0.001	0.001	0.617
0.001	0.001	0.001	0.997
0.763	0.229	0.007	0.001
0.001	0.997	0.001	0.001
0.695	0.001	0.001	0.303
>CAATCTCTTGTT	13-CAATCTCTTGTT	13.594154	-17.128994	0	T:7.0(5.56%),B:93.4(0.24%),P:1e-7	Tpos:501.2,Tstd:210.0,Bpos:520.5,Bstd:349.1,StrandBias:2.8,Multiplicity:1.14
0.126	0.872	0.001	0.001
0.997	0.001	0.001	0.001
0.856	0.001	0.001	0.142
0.001	0.244	0.001	0.754
0.001	0.888	0.001	0.110
0.001	0.001	0.001	0.997
0.001	0.788	0.210	0.001
0.001	0.001	0.001	0.997
0.001	0.001	0.001	0.997
0.001	0.001	0.997	0.001
0.001	0.001	0.001	0.997
0.001	0.001	0.001	0.997
>CCTATAAAAGAC	14-CCTATAAAAGAC	9.834372	-15.736802	0	T:17.0(13.49%),B:1121.6(2.86%),P:1e-6	Tpos:468.6,Tstd:307.7,Bpos:516.1,Bstd:338.7,StrandBias:0.5,Multiplicity:1.06
0.167	0.610	0.222	0.001
0.001	0.841	0.067	0.091
0.260	0.001	0.001	0.738
0.718	0.091	0.091	0.100
0.063	0.001	0.106	0.830
0.908	0.001	0.001	0.090
0.997	0.001	0.001	0.001
0.997	0.001	0.001	0.001
0.892	0.001	0.106	0.001
0.096	0.001	0.747	0.156
0.892	0.001	0.001	0.106
0.063	0.857	0.001	0.079
>TSAATGMWTCAG	15-TSAATGMWTCAG	10.407408	-15.142747	0	T:15.0(11.90%),B:901.7(2.30%),P:1e-6	Tpos:422.7,Tstd:219.1,Bpos:498.3,Bstd:327.3,StrandBias:-0.2,Multiplicity:1.13
0.001	0.001	0.001	0.997
0.001	0.464	0.421	0.114
0.997	0.001	0.001	0.001
0.987	0.011	0.001	0.001
0.001	0.001	0.131	0.867
0.001	0.001	0.997	0.001
0.549	0.449	0.001	0.001
0.431	0.001	0.001	0.567
0.001	0.235	0.010	0.754
0.088	0.566	0.081	0.265
0.785	0.001	0.132	0.082
0.001	0.079	0.584	0.336
>TTCCCAGGAGAA	16-TTCCCAGGAGAA	13.941509	-14.665846	0	T:5.0(3.97%),B:42.8(0.11%),P:1e-6	Tpos:281.0,Tstd:274.6,Bpos:489.8,Bstd:337.6,StrandBias:0.4,Multiplicity:1.40
0.001	0.001	0.001	0.997
0.001	0.001	0.001	0.997
0.348	0.650	0.001	0.001
0.001	0.997	0.001	0.001
0.156	0.842	0.001	0.001
0.997	0.001	0.001	0.001
0.001	0.001	0.997	0.001
0.001	0.183	0.815	0.001
0.997	0.001	0.001	0.001
0.001	0.001	0.997	0.001
0.838	0.160	0.001	0.001
0.997	0.001	0.001	0.001
>CAGTCGACTGAY	17-CAGTCGACTGAY	11.383596	-14.361797	0	T:6.0(4.76%),B:87.1(0.22%),P:1e-6	Tpos:717.3,Tstd:226.7,Bpos:526.4,Bstd:269.9,StrandBias:-1.0,Multiplicity:1.17
0.001	0.810	0.001	0.188
0.997	0.001	0.001	0.001
0.278	0.001	0.555	0.166
0.001	0.006	0.001	0.992
0.001	0.997	0.001	0.001
0.001	0.001	0.997	0.001
0.688	0.001	0.310	0.001
0.001	0.881	0.001	0.117
0.001	0.001	0.001	0.997
0.001	0.001	0.997	0.001
0.660	0.144	0.189	0.007
0.189	0.448	0.001	0.362
>GAAAATATCGAT	18-GAAAATATCGAT	9.886527	-14.159823	0	T:27.0(21.43%),B:2956.9(7.54%),P:1e-6	Tpos:681.0,Tstd:276.1,Bpos:517.3,Bstd:309.3,StrandBias:0.4,Multiplicity:1.15
0.079	0.097	0.823	0.001
0.825	0.001	0.001	0.173
0.837	0.001	0.161	0.001
0.887	0.001	0.001	0.111
0.763	0.113	0.001	0.123
0.324	0.001	0.001	0.674
0.955	0.001	0.001	0.043
0.001	0.001	0.001	0.997
0.001	0.939	0.001	0.059
0.053	0.001	0.945	0.001
0.997	0.001	0.001	0.001
0.001	0.001	0.001	0.997
>GCACCATGTATC	19-GCACCATGTATC	11.378050	-13.401274	0	T:8.0(6.35%),B:241.3(0.61%),P:1e-5	Tpos:686.1,Tstd:183.3,Bpos:487.1,Bstd:352.3,StrandBias:1.2,Multiplicity:1.25
0.001	0.001	0.997	0.001
0.001	0.867	0.001	0.131
0.808	0.190	0.001	0.001
0.001	0.725	0.001	0.273
0.001	0.997	0.001	0.001
0.997	0.001	0.001	0.001
0.001	0.001	0.001	0.997
0.001	0.001	0.725	0.273
0.001	0.001	0.001	0.997
0.600	0.112	0.001	0.287
0.001	0.001	0.001	0.997
0.001	0.882	0.001	0.116
>ACTTTTTAATAT	20-ACTTTTTAATAT	14.419197	-11.493685	0	T:4.0(3.17%),B:38.3(0.10%),P:1e-4	Tpos:450.5,Tstd:200.5,Bpos:588.1,Bstd:270.3,StrandBias:0.0,Multiplicity:1.00
0.777	0.057	0.033	0.133
0.053	0.868	0.044	0.035
0.068	0.110	0.042	0.780
0.042	0.109	0.040	0.809
0.019	0.001	0.030	0.950
0.044	0.025	0.001	0.930
0.100	0.065	0.129	0.706
0.874	0.086	0.017	0.023
0.745	0.050	0.077	0.128
0.058	0.096	0.019	0.827
0.921	0.024	0.036	0.019
0.121	0.028	0.023	0.828
>ATATTTGATATT	21-ATATTTGATATT	10.409522	-9.508714	0	T:16.0(12.70%),B:1627.0(4.15%),P:1e-4	Tpos:508.4,Tstd:319.2,Bpos:485.8,Bstd:325.1,StrandBias:-0.4,Multiplicity:1.00
0.700	0.100	0.100	0.100
0.100	0.100	0.100	0.700
0.700	0.100	0.100	0.100
0.100	0.100	0.100	0.700
0.100	0.100	0.100	0.700
0.100	0.100	0.100	0.700
0.100	0.100	0.700	0.100
0.700	0.100	0.100	0.100
0.100	0.100	0.100	0.700
0.700	0.100	0.100	0.100
0.100	0.100	0.100	0.700
0.100	0.100	0.100	0.700
>AGTTAGGCCAGC	22-AGTTAGGCCAGC	14.623621	-9.200263	0	T:2.0(1.59%),B:3.6(0.01%),P:1e-3	Tpos:348.7,Tstd:242.0,Bpos:488.1,Bstd:142.1,StrandBias:1.0,Multiplicity:1.50
0.997	0.001	0.001	0.001
0.001	0.001	0.997	0.001
0.001	0.001	0.001	0.997
0.001	0.001	0.001	0.997
0.997	0.001	0.001	0.001
0.001	0.262	0.736	0.001
0.001	0.001	0.997	0.001
0.001	0.997	0.001	0.001
0.001	0.997	0.001	0.001
0.997	0.001	0.001	0.001
0.298	0.001	0.526	0.175
0.001	0.997	0.001	0.001
>AAATATTTTAAA	23-AAATATTTTAAA	13.059542	-8.693634	0	T:18.0(14.29%),B:2126.5(5.42%),P:1e-3	Tpos:356.9,Tstd:253.7,Bpos:483.9,Bstd:291.2,StrandBias:-0.4,Multiplicity:1.17
0.906	0.001	0.001	0.092
0.997	0.001	0.001	0.001
0.834	0.001	0.001	0.164
0.001	0.235	0.001	0.763
0.686	0.001	0.125	0.188
0.001	0.001	0.001	0.997
0.001	0.001	0.001	0.997
0.001	0.001	0.001	0.997
0.001	0.001	0.106	0.892
0.957	0.041	0.001	0.001
0.997	0.001	0.001	0.001
0.997	0.001	0.001	0.001
>TTGGGCACRTTT	24-TTGGGCACRTTT	11.312462	-6.536150	0	T:6.0(4.76%),B:374.6(0.95%),P:1e-2	Tpos:377.2,Tstd:242.5,Bpos:471.9,Bstd:306.3,StrandBias:1.4,Multiplicity:1.83
0.020	0.096	0.002	0.882
0.093	0.030	0.015	0.862
0.001	0.138	0.526	0.335
0.248	0.040	0.552	0.160
0.139	0.087	0.720	0.054
0.380	0.549	0.039	0.032
0.917	0.001	0.046	0.036
0.119	0.804	0.014	0.063
0.371	0.119	0.429	0.081
0.038	0.032	0.035	0.895
0.075	0.050	0.027	0.848
0.001	0.069	0.001	0.929
>TATATATATATA	25-TATATATATATA	7.629004	-5.434011	0	T:40.0(31.75%),B:8381.7(21.36%),P:1e-2	Tpos:582.4,Tstd:274.1,Bpos:502.6,Bstd:333.6,StrandBias:0.1,Multiplicity:1.18
0.033	0.075	0.001	0.891
0.827	0.139	0.001	0.033
0.001	0.045	0.139	0.815
0.793	0.064	0.073	0.070
0.001	0.102	0.046	0.851
0.814	0.071	0.081	0.034
0.094	0.052	0.068	0.786
0.928	0.001	0.001	0.070
0.001	0.062	0.001	0.936
0.893	0.001	0.105	0.001
0.136	0.114	0.001	0.749
0.731	0.001	0.208	0.060
