>TTTTTTGGCACG	3-CGTGCCAAAAAA	9.724906	-21.640118	0	T:27.0(17.88%),B:1701.4(4.30%),P:1e-9
0.031	0.129	0.060	0.780
0.001	0.214	0.001	0.784
0.049	0.001	0.060	0.890
0.163	0.001	0.067	0.769
0.001	0.115	0.001	0.883
0.001	0.047	0.001	0.951
0.067	0.001	0.931	0.001
0.019	0.050	0.864	0.067
0.080	0.895	0.024	0.001
0.841	0.045	0.112	0.002
0.144	0.580	0.028	0.248
0.001	0.083	0.843	0.073
