>ATCTCCCACC	1-ATCTCCCACC	11.210786	-20.165255	0	T:7.0(13.73%),B:144.2(0.39%),P:1e-8	Tpos:685.7,Tstd:271.2,Bpos:624.3,Bstd:280.0,StrandBias:2.6,Multiplicity:1.00
0.839	0.001	0.159	0.001
0.001	0.001	0.001	0.997
0.001	0.997	0.001	0.001
0.001	0.161	0.001	0.837
0.001	0.882	0.001	0.116
0.001	0.997	0.001	0.001
0.127	0.871	0.001	0.001
0.700	0.001	0.156	0.143
0.001	0.997	0.001	0.001
0.001	0.997	0.001	0.001
>TAGATATCCC	2-TAGATATCCC	9.352939	-18.592620	0	T:8.0(15.69%),B:291.2(0.80%),P:1e-8	Tpos:467.3,Tstd:239.8,Bpos:514.9,Bstd:293.9,StrandBias:1.2,Multiplicity:1.12
0.048	0.001	0.001	0.950
0.997	0.001	0.001	0.001
0.001	0.001	0.959	0.039
0.997	0.001	0.001	0.001
0.001	0.001	0.001	0.997
0.997	0.001	0.001	0.001
0.001	0.001	0.001	0.997
0.001	0.962	0.001	0.036
0.001	0.576	0.001	0.422
0.407	0.591	0.001	0.001
>TTTTTCYGCC	3-TTTTTCYGCC	8.782316	-17.146595	0	T:23.0(45.10%),B:4894.1(13.38%),P:1e-7	Tpos:557.3,Tstd:321.3,Bpos:521.2,Bstd:358.6,StrandBias:1.0,Multiplicity:1.17
0.001	0.338	0.001	0.660
0.001	0.100	0.001	0.898
0.001	0.001	0.115	0.883
0.161	0.001	0.001	0.837
0.001	0.001	0.072	0.926
0.001	0.841	0.124	0.034
0.170	0.404	0.123	0.302
0.001	0.075	0.923	0.001
0.001	0.790	0.001	0.208
0.001	0.997	0.001	0.001
>TCATAAGGAT	4-TCATAAGGAT	10.305783	-16.877731	0	T:10.0(19.61%),B:705.7(1.93%),P:1e-7	Tpos:356.6,Tstd:235.1,Bpos:507.5,Bstd:319.7,StrandBias:-0.8,Multiplicity:1.10
0.001	0.001	0.001	0.997
0.001	0.838	0.067	0.094
0.997	0.001	0.001	0.001
0.001	0.086	0.091	0.822
0.894	0.104	0.001	0.001
0.855	0.001	0.143	0.001
0.001	0.001	0.929	0.069
0.078	0.001	0.920	0.001
0.997	0.001	0.001	0.001
0.001	0.137	0.001	0.861
>CTCCCCAATT	5-CTCCCCAATT	10.348580	-15.266487	0	T:10.0(19.61%),B:841.5(2.30%),P:1e-6	Tpos:568.1,Tstd:291.0,Bpos:542.1,Bstd:342.1,StrandBias:1.4,Multiplicity:1.10
0.001	0.949	0.001	0.049
0.099	0.069	0.001	0.831
0.001	0.997	0.001	0.001
0.081	0.813	0.105	0.001
0.067	0.769	0.001	0.163
0.001	0.997	0.001	0.001
0.892	0.106	0.001	0.001
0.825	0.106	0.001	0.068
0.001	0.001	0.001	0.997
0.001	0.001	0.001	0.997
>ACGAAATCAG	6-ACGAAATCAG	9.721248	-14.835416	0	T:12.0(23.53%),B:1385.5(3.79%),P:1e-6	Tpos:526.9,Tstd:278.7,Bpos:529.5,Bstd:347.9,StrandBias:-0.7,Multiplicity:1.33
0.850	0.001	0.088	0.061
0.036	0.915	0.001	0.048
0.040	0.001	0.958	0.001
0.997	0.001	0.001	0.001
0.906	0.001	0.001	0.092
0.997	0.001	0.001	0.001
0.069	0.099	0.001	0.831
0.001	0.935	0.001	0.063
0.899	0.001	0.099	0.001
0.049	0.088	0.862	0.001
>AAAMGGACGG	7-AAAMGGACGG	9.742179	-14.387689	0	T:10.0(19.61%),B:927.4(2.54%),P:1e-6	Tpos:369.4,Tstd:265.7,Bpos:520.1,Bstd:347.7,StrandBias:-0.3,Multiplicity:1.10
0.997	0.001	0.001	0.001
0.997	0.001	0.001	0.001
0.997	0.001	0.001	0.001
0.338	0.484	0.177	0.001
0.084	0.001	0.764	0.151
0.001	0.001	0.997	0.001
0.663	0.335	0.001	0.001
0.001	0.997	0.001	0.001
0.001	0.001	0.997	0.001
0.001	0.001	0.878	0.120
>TTTACTCGAG	8-TTTACTCGAG	9.603860	-14.250627	0	T:11.0(21.57%),B:1191.2(3.26%),P:1e-6	Tpos:478.3,Tstd:246.6,Bpos:515.0,Bstd:354.0,StrandBias:-0.4,Multiplicity:1.09
0.144	0.001	0.001	0.854
0.001	0.001	0.001	0.997
0.001	0.001	0.001	0.997
0.796	0.091	0.001	0.112
0.089	0.712	0.134	0.065
0.001	0.001	0.001	0.997
0.001	0.997	0.001	0.001
0.001	0.001	0.997	0.001
0.997	0.001	0.001	0.001
0.158	0.001	0.746	0.095
>CYGGTTGTTC	9-CYGGTTGTTC	8.306338	-13.445362	0	T:14.0(27.45%),B:2222.6(6.08%),P:1e-5	Tpos:491.1,Tstd:296.2,Bpos:491.5,Bstd:329.8,StrandBias:0.7,Multiplicity:1.29
0.001	0.849	0.090	0.060
0.001	0.549	0.001	0.449
0.001	0.001	0.945	0.053
0.278	0.001	0.720	0.001
0.149	0.001	0.001	0.849
0.001	0.001	0.163	0.835
0.001	0.127	0.798	0.074
0.001	0.001	0.261	0.737
0.001	0.301	0.001	0.697
0.105	0.725	0.112	0.058
>GACGGAGAGA	10-GACGGAGAGA	9.131431	-12.698370	0	T:15.0(29.41%),B:2732.7(7.47%),P:1e-5	Tpos:622.3,Tstd:244.9,Bpos:561.6,Bstd:357.5,StrandBias:-1.5,Multiplicity:1.27
0.116	0.087	0.796	0.001
0.894	0.104	0.001	0.001
0.019	0.566	0.414	0.001
0.043	0.105	0.851	0.001
0.037	0.357	0.524	0.082
0.825	0.088	0.001	0.086
0.093	0.102	0.804	0.001
0.997	0.001	0.001	0.001
0.001	0.019	0.979	0.001
0.994	0.001	0.001	0.004
>CGCGTCGCGG	11-CGCGTCGCGG	8.075068	-12.550829	0	T:10.0(19.61%),B:1140.5(3.12%),P:1e-5	Tpos:518.4,Tstd:249.2,Bpos:507.0,Bstd:360.7,StrandBias:-0.2,Multiplicity:1.20
0.001	0.995	0.001	0.003
0.241	0.001	0.757	0.001
0.001	0.738	0.124	0.137
0.222	0.001	0.776	0.001
0.121	0.124	0.001	0.754
0.001	0.894	0.101	0.004
0.001	0.001	0.725	0.273
0.137	0.861	0.001	0.001
0.124	0.001	0.874	0.001
0.175	0.066	0.654	0.105
>WDTTATTGAT	12-WDTTATTGAT	9.592870	-8.715720	0	T:20.0(39.22%),B:6289.7(17.19%),P:1e-3	Tpos:638.9,Tstd:250.4,Bpos:522.9,Bstd:340.5,StrandBias:0.7,Multiplicity:1.50
0.424	0.001	0.178	0.397
0.381	0.064	0.299	0.257
0.001	0.001	0.001	0.997
0.133	0.001	0.160	0.706
0.997	0.001	0.001	0.001
0.126	0.001	0.001	0.872
0.001	0.001	0.001	0.997
0.001	0.001	0.997	0.001
0.997	0.001	0.001	0.001
0.001	0.001	0.001	0.997
>TATATATATA	13-TATATATATA	13.335213	-7.857133	0	T:4.0(7.84%),B:242.0(0.66%),P:1e-3	Tpos:629.2,Tstd:149.7,Bpos:523.7,Bstd:293.1,StrandBias:0.0,Multiplicity:1.00
0.001	0.001	0.001	0.997
0.762	0.135	0.102	0.001
0.001	0.001	0.001	0.997
0.997	0.001	0.001	0.001
0.001	0.001	0.001	0.997
0.997	0.001	0.001	0.001
0.001	0.001	0.001	0.997
0.913	0.001	0.085	0.001
0.001	0.001	0.001	0.997
0.866	0.132	0.001	0.001
>TGTGTGTGKG	14-TGTGTGTGKG	9.459123	-4.520944	0	T:8.0(15.69%),B:2204.1(6.02%),P:1e-1	Tpos:575.4,Tstd:277.8,Bpos:549.0,Bstd:361.3,StrandBias:0.5,Multiplicity:1.62
0.113	0.001	0.001	0.885
0.001	0.001	0.997	0.001
0.124	0.142	0.001	0.733
0.009	0.001	0.989	0.001
0.005	0.001	0.001	0.993
0.152	0.001	0.752	0.095
0.113	0.001	0.001	0.885
0.001	0.001	0.618	0.380
0.125	0.094	0.381	0.401
0.001	0.188	0.810	0.001
