>ATCTCCCACC	1-ATCTCCCACC	11.210786	-20.165255	0	T:7.0(13.73%),B:144.2(0.39%),P:1e-8	Tpos:685.7,Tstd:271.2,Bpos:624.3,Bstd:280.0,StrandBias:2.6,Multiplicity:1.00
0.839	0.001	0.159	0.001
0.001	0.001	0.001	0.997
0.001	0.997	0.001	0.001
0.001	0.161	0.001	0.837
0.001	0.882	0.001	0.116
0.001	0.997	0.001	0.001
0.127	0.871	0.001	0.001
0.700	0.001	0.156	0.143
0.001	0.997	0.001	0.001
0.001	0.997	0.001	0.001
>TAGATATCCC	2-TAGATATCCC	9.352939	-18.592620	0	T:8.0(15.69%),B:291.2(0.80%),P:1e-8	Tpos:467.3,Tstd:239.8,Bpos:514.9,Bstd:293.9,StrandBias:1.2,Multiplicity:1.12
0.048	0.001	0.001	0.950
0.997	0.001	0.001	0.001
0.001	0.001	0.959	0.039
0.997	0.001	0.001	0.001
0.001	0.001	0.001	0.997
0.997	0.001	0.001	0.001
0.001	0.001	0.001	0.997
0.001	0.962	0.001	0.036
0.001	0.576	0.001	0.422
0.407	0.591	0.001	0.001
>TTTTTCYGCC	3-TTTTTCYGCC	8.782316	-17.146595	0	T:23.0(45.10%),B:4894.1(13.38%),P:1e-7	Tpos:557.3,Tstd:321.3,Bpos:521.2,Bstd:358.6,StrandBias:1.0,Multiplicity:1.17
0.001	0.338	0.001	0.660
0.001	0.100	0.001	0.898
0.001	0.001	0.115	0.883
0.161	0.001	0.001	0.837
0.001	0.001	0.072	0.926
0.001	0.841	0.124	0.034
0.170	0.404	0.123	0.302
0.001	0.075	0.923	0.001
0.001	0.790	0.001	0.208
0.001	0.997	0.001	0.001
>TCATAAGGAT	4-TCATAAGGAT	10.305783	-16.877731	0	T:10.0(19.61%),B:705.7(1.93%),P:1e-7	Tpos:356.6,Tstd:235.1,Bpos:507.5,Bstd:319.7,StrandBias:-0.8,Multiplicity:1.10
0.001	0.001	0.001	0.997
0.001	0.838	0.067	0.094
0.997	0.001	0.001	0.001
0.001	0.086	0.091	0.822
0.894	0.104	0.001	0.001
0.855	0.001	0.143	0.001
0.001	0.001	0.929	0.069
0.078	0.001	0.920	0.001
0.997	0.001	0.001	0.001
0.001	0.137	0.001	0.861
>CTCCCCAATT	5-CTCCCCAATT	10.348580	-15.266487	0	T:10.0(19.61%),B:841.5(2.30%),P:1e-6	Tpos:568.1,Tstd:291.0,Bpos:542.1,Bstd:342.1,StrandBias:1.4,Multiplicity:1.10
0.001	0.949	0.001	0.049
0.099	0.069	0.001	0.831
0.001	0.997	0.001	0.001
0.081	0.813	0.105	0.001
0.067	0.769	0.001	0.163
0.001	0.997	0.001	0.001
0.892	0.106	0.001	0.001
0.825	0.106	0.001	0.068
0.001	0.001	0.001	0.997
0.001	0.001	0.001	0.997
>ACGAAATCAG	6-ACGAAATCAG	9.721248	-14.835416	0	T:12.0(23.53%),B:1385.5(3.79%),P:1e-6	Tpos:526.9,Tstd:278.7,Bpos:529.5,Bstd:347.9,StrandBias:-0.7,Multiplicity:1.33
0.850	0.001	0.088	0.061
0.036	0.915	0.001	0.048
0.040	0.001	0.958	0.001
0.997	0.001	0.001	0.001
0.906	0.001	0.001	0.092
0.997	0.001	0.001	0.001
0.069	0.099	0.001	0.831
0.001	0.935	0.001	0.063
0.899	0.001	0.099	0.001
0.049	0.088	0.862	0.001
>AAAMGGACGG	7-AAAMGGACGG	9.742179	-14.387689	0	T:10.0(19.61%),B:927.4(2.54%),P:1e-6	Tpos:369.4,Tstd:265.7,Bpos:520.1,Bstd:347.7,StrandBias:-0.3,Multiplicity:1.10
0.997	0.001	0.001	0.001
0.997	0.001	0.001	0.001
0.997	0.001	0.001	0.001
0.338	0.484	0.177	0.001
0.084	0.001	0.764	0.151
0.001	0.001	0.997	0.001
0.663	0.335	0.001	0.001
0.001	0.997	0.001	0.001
0.001	0.001	0.997	0.001
0.001	0.001	0.878	0.120
>TTTACTCGAG	8-TTTACTCGAG	9.603860	-14.250627	0	T:11.0(21.57%),B:1191.2(3.26%),P:1e-6	Tpos:478.3,Tstd:246.6,Bpos:515.0,Bstd:354.0,StrandBias:-0.4,Multiplicity:1.09
0.144	0.001	0.001	0.854
0.001	0.001	0.001	0.997
0.001	0.001	0.001	0.997
0.796	0.091	0.001	0.112
0.089	0.712	0.134	0.065
0.001	0.001	0.001	0.997
0.001	0.997	0.001	0.001
0.001	0.001	0.997	0.001
0.997	0.001	0.001	0.001
0.158	0.001	0.746	0.095
>CYGGTTGTTC	9-CYGGTTGTTC	8.306338	-13.445362	0	T:14.0(27.45%),B:2222.6(6.08%),P:1e-5	Tpos:491.1,Tstd:296.2,Bpos:491.5,Bstd:329.8,StrandBias:0.7,Multiplicity:1.29
0.001	0.849	0.090	0.060
0.001	0.549	0.001	0.449
0.001	0.001	0.945	0.053
0.278	0.001	0.720	0.001
0.149	0.001	0.001	0.849
0.001	0.001	0.163	0.835
0.001	0.127	0.798	0.074
0.001	0.001	0.261	0.737
0.001	0.301	0.001	0.697
0.105	0.725	0.112	0.058
>GACGGAGAGA	10-GACGGAGAGA	9.131431	-12.698370	0	T:15.0(29.41%),B:2732.7(7.47%),P:1e-5	Tpos:622.3,Tstd:244.9,Bpos:561.6,Bstd:357.5,StrandBias:-1.5,Multiplicity:1.27
0.116	0.087	0.796	0.001
0.894	0.104	0.001	0.001
0.019	0.566	0.414	0.001
0.043	0.105	0.851	0.001
0.037	0.357	0.524	0.082
0.825	0.088	0.001	0.086
0.093	0.102	0.804	0.001
0.997	0.001	0.001	0.001
0.001	0.019	0.979	0.001
0.994	0.001	0.001	0.004
>CGCGTCGCGG	11-CGCGTCGCGG	8.075068	-12.550829	0	T:10.0(19.61%),B:1140.5(3.12%),P:1e-5	Tpos:518.4,Tstd:249.2,Bpos:507.0,Bstd:360.7,StrandBias:-0.2,Multiplicity:1.20
0.001	0.995	0.001	0.003
0.241	0.001	0.757	0.001
0.001	0.738	0.124	0.137
0.222	0.001	0.776	0.001
0.121	0.124	0.001	0.754
0.001	0.894	0.101	0.004
0.001	0.001	0.725	0.273
0.137	0.861	0.001	0.001
0.124	0.001	0.874	0.001
0.175	0.066	0.654	0.105
>WDTTATTGAT	12-WDTTATTGAT	9.592870	-8.715720	0	T:20.0(39.22%),B:6289.7(17.19%),P:1e-3	Tpos:638.9,Tstd:250.4,Bpos:522.9,Bstd:340.5,StrandBias:0.7,Multiplicity:1.50
0.424	0.001	0.178	0.397
0.381	0.064	0.299	0.257
0.001	0.001	0.001	0.997
0.133	0.001	0.160	0.706
0.997	0.001	0.001	0.001
0.126	0.001	0.001	0.872
0.001	0.001	0.001	0.997
0.001	0.001	0.997	0.001
0.997	0.001	0.001	0.001
0.001	0.001	0.001	0.997
>TATATATATA	13-TATATATATA	13.335213	-7.857133	0	T:4.0(7.84%),B:242.0(0.66%),P:1e-3	Tpos:629.2,Tstd:149.7,Bpos:523.7,Bstd:293.1,StrandBias:0.0,Multiplicity:1.00
0.001	0.001	0.001	0.997
0.762	0.135	0.102	0.001
0.001	0.001	0.001	0.997
0.997	0.001	0.001	0.001
0.001	0.001	0.001	0.997
0.997	0.001	0.001	0.001
0.001	0.001	0.001	0.997
0.913	0.001	0.085	0.001
0.001	0.001	0.001	0.997
0.866	0.132	0.001	0.001
>TGTGTGTGKG	14-TGTGTGTGKG	9.459123	-4.520944	0	T:8.0(15.69%),B:2204.1(6.02%),P:1e-1	Tpos:575.4,Tstd:277.8,Bpos:549.0,Bstd:361.3,StrandBias:0.5,Multiplicity:1.62
0.113	0.001	0.001	0.885
0.001	0.001	0.997	0.001
0.124	0.142	0.001	0.733
0.009	0.001	0.989	0.001
0.005	0.001	0.001	0.993
0.152	0.001	0.752	0.095
0.113	0.001	0.001	0.885
0.001	0.001	0.618	0.380
0.125	0.094	0.381	0.401
0.001	0.188	0.810	0.001
>CGATCGTGTATT	1-CGATCGTGTATT	11.387625	-26.957224	0	T:5.0(9.80%),B:6.3(0.02%),P:1e-11	Tpos:462.6,Tstd:271.6,Bpos:403.4,Bstd:99.6,StrandBias:-0.6,Multiplicity:1.00
0.001	0.997	0.001	0.001
0.001	0.001	0.997	0.001
0.943	0.055	0.001	0.001
0.001	0.001	0.001	0.997
0.001	0.893	0.001	0.105
0.001	0.001	0.997	0.001
0.001	0.001	0.001	0.997
0.001	0.001	0.997	0.001
0.001	0.001	0.001	0.997
0.997	0.001	0.001	0.001
0.001	0.001	0.110	0.888
0.001	0.001	0.001	0.997
>CGTCTCGGTCTC	2-CGTCTCGGTCTC	9.426344	-23.231448	0	T:14.0(27.45%),B:1011.5(2.76%),P:1e-10	Tpos:647.3,Tstd:184.7,Bpos:542.5,Bstd:375.4,StrandBias:2.1,Multiplicity:1.14
0.001	0.776	0.001	0.222
0.001	0.380	0.618	0.001
0.001	0.222	0.001	0.776
0.001	0.988	0.001	0.010
0.001	0.001	0.001	0.997
0.001	0.990	0.008	0.001
0.001	0.001	0.598	0.400
0.169	0.001	0.829	0.001
0.001	0.187	0.001	0.811
0.001	0.653	0.188	0.158
0.001	0.001	0.001	0.997
0.001	0.997	0.001	0.001
>GMAAGRTAWCCS	3-GMAAGRTAWCCS	10.374099	-21.615011	0	T:5.0(9.80%),B:23.5(0.06%),P:1e-9	Tpos:767.2,Tstd:133.3,Bpos:551.9,Bstd:299.7,StrandBias:0.6,Multiplicity:1.00
0.001	0.001	0.997	0.001
0.488	0.510	0.001	0.001
0.997	0.001	0.001	0.001
0.997	0.001	0.001	0.001
0.001	0.001	0.997	0.001
0.514	0.001	0.484	0.001
0.001	0.025	0.001	0.973
0.997	0.001	0.001	0.001
0.436	0.001	0.001	0.562
0.001	0.997	0.001	0.001
0.001	0.997	0.001	0.001
0.001	0.562	0.436	0.001
>CTTTTCTGATTG	4-CTTTTCTGATTG	13.472678	-19.674906	0	T:7.0(13.73%),B:155.2(0.42%),P:1e-8	Tpos:446.9,Tstd:316.1,Bpos:520.5,Bstd:288.3,StrandBias:-1.3,Multiplicity:1.00
0.001	0.897	0.001	0.101
0.001	0.001	0.001	0.997
0.001	0.001	0.001	0.997
0.001	0.001	0.001	0.997
0.001	0.001	0.001	0.997
0.001	0.997	0.001	0.001
0.001	0.173	0.001	0.825
0.141	0.001	0.713	0.145
0.873	0.001	0.001	0.125
0.001	0.001	0.001	0.997
0.001	0.165	0.001	0.833
0.001	0.001	0.997	0.001
>TTGGCTGAAAAG	5-TTGGCTGAAAAG	14.981442	-18.998558	0	T:5.0(9.80%),B:42.0(0.11%),P:1e-8	Tpos:533.2,Tstd:271.0,Bpos:587.6,Bstd:374.6,StrandBias:2.0,Multiplicity:1.00
0.001	0.001	0.001	0.997
0.001	0.001	0.001	0.997
0.001	0.001	0.997	0.001
0.001	0.001	0.997	0.001
0.001	0.997	0.001	0.001
0.001	0.001	0.219	0.779
0.001	0.001	0.997	0.001
0.997	0.001	0.001	0.001
0.997	0.001	0.001	0.001
0.997	0.001	0.001	0.001
0.997	0.001	0.001	0.001
0.098	0.001	0.900	0.001
>AATTGCAATTTT	6-AATTGCAATTTT	12.543709	-14.032884	0	T:11.0(21.57%),B:1218.4(3.33%),P:1e-6	Tpos:387.8,Tstd:283.8,Bpos:499.8,Bstd:357.1,StrandBias:-1.4,Multiplicity:1.36
0.997	0.001	0.001	0.001
0.954	0.001	0.001	0.044
0.046	0.001	0.075	0.878
0.001	0.073	0.001	0.925
0.049	0.290	0.660	0.001
0.001	0.963	0.035	0.001
0.928	0.001	0.070	0.001
0.966	0.001	0.001	0.032
0.001	0.001	0.092	0.906
0.001	0.001	0.001	0.997
0.001	0.001	0.001	0.997
0.001	0.001	0.084	0.914
>CGGCACACACAC	7-CGGCACACACAC	12.581927	-12.632512	0	T:5.0(9.80%),B:158.3(0.43%),P:1e-5	Tpos:636.8,Tstd:245.2,Bpos:490.2,Bstd:337.0,StrandBias:-2.0,Multiplicity:1.00
0.008	0.803	0.188	0.001
0.283	0.001	0.535	0.181
0.360	0.001	0.638	0.001
0.001	0.989	0.009	0.001
0.695	0.001	0.303	0.001
0.001	0.695	0.001	0.303
0.997	0.001	0.001	0.001
0.001	0.997	0.001	0.001
0.986	0.012	0.001	0.001
0.001	0.716	0.001	0.282
0.997	0.001	0.001	0.001
0.001	0.997	0.001	0.001
>TCTATATATATA	8-TCTATATATATA	9.711660	-10.953623	0	T:10.0(19.61%),B:1371.0(3.75%),P:1e-4	Tpos:662.8,Tstd:203.6,Bpos:525.2,Bstd:308.8,StrandBias:0.0,Multiplicity:1.00
0.146	0.064	0.107	0.683
0.079	0.617	0.059	0.245
0.051	0.084	0.004	0.861
0.771	0.067	0.078	0.084
0.001	0.084	0.001	0.914
0.941	0.001	0.001	0.057
0.084	0.107	0.001	0.808
0.938	0.001	0.060	0.001
0.060	0.001	0.084	0.855
0.808	0.084	0.057	0.051
0.001	0.001	0.001	0.997
0.820	0.047	0.078	0.055
>HAATCGATTTAD	9-HAATCGATTTAD	8.745676	-7.607092	0	T:6.0(11.76%),B:719.7(1.97%),P:1e-3	Tpos:643.1,Tstd:337.4,Bpos:522.2,Bstd:346.4,StrandBias:-0.4,Multiplicity:1.17
0.339	0.321	0.089	0.251
0.678	0.076	0.076	0.170
0.758	0.087	0.038	0.117
0.111	0.048	0.090	0.751
0.159	0.636	0.118	0.087
0.259	0.163	0.439	0.139
0.707	0.178	0.015	0.100
0.064	0.190	0.149	0.597
0.192	0.134	0.152	0.522
0.152	0.092	0.105	0.651
0.619	0.084	0.103	0.194
0.289	0.134	0.267	0.311
>AATTAATTTTGG	10-AATTAATTTTGG	14.142267	-4.605938	0	T:2.0(3.92%),B:106.0(0.29%),P:1e-2	Tpos:239.3,Tstd:330.7,Bpos:438.1,Bstd:290.1,StrandBias:0.0,Multiplicity:2.50
0.997	0.001	0.001	0.001
0.872	0.001	0.001	0.126
0.001	0.001	0.001	0.997
0.001	0.001	0.001	0.997
0.997	0.001	0.001	0.001
0.997	0.001	0.001	0.001
0.001	0.001	0.001	0.997
0.001	0.001	0.234	0.764
0.001	0.001	0.001	0.997
0.001	0.001	0.001	0.997
0.116	0.001	0.882	0.001
0.001	0.001	0.997	0.001
>CCGTCCGT	1-CCGTCCGT	7.467852	-19.276881	0	T:16.0(31.37%),B:1919.7(5.25%),P:1e-8	Tpos:465.4,Tstd:219.6,Bpos:515.9,Bstd:335.1,StrandBias:-1.1,Multiplicity:1.19
0.001	0.904	0.060	0.035
0.044	0.875	0.055	0.026
0.001	0.115	0.810	0.074
0.001	0.022	0.065	0.912
0.068	0.829	0.072	0.031
0.001	0.968	0.001	0.030
0.001	0.052	0.861	0.086
0.001	0.001	0.001	0.997
>ACCCGATT	2-ACCCGATT	8.162277	-11.495179	0	T:12.0(23.53%),B:1916.6(5.24%),P:1e-4	Tpos:481.4,Tstd:299.0,Bpos:516.0,Bstd:346.7,StrandBias:0.5,Multiplicity:1.00
0.997	0.001	0.001	0.001
0.001	0.997	0.001	0.001
0.001	0.937	0.061	0.001
0.001	0.997	0.001	0.001
0.001	0.001	0.997	0.001
0.893	0.001	0.001	0.105
0.001	0.001	0.001	0.997
0.001	0.001	0.001	0.997
>ATCAATAA	3-ATCAATAA	10.915005	-7.850931	0	T:16.0(31.37%),B:4631.2(12.66%),P:1e-3	Tpos:677.8,Tstd:229.6,Bpos:531.5,Bstd:341.2,StrandBias:-1.1,Multiplicity:1.38
0.997	0.001	0.001	0.001
0.001	0.001	0.001	0.997
0.001	0.997	0.001	0.001
0.857	0.001	0.001	0.141
0.997	0.001	0.001	0.001
0.001	0.001	0.001	0.997
0.997	0.001	0.001	0.001
0.997	0.001	0.001	0.001
>ATTCCAAT	4-ATTCCAAT	9.439682	-6.512770	0	T:15.0(29.41%),B:4715.0(12.89%),P:1e-2	Tpos:504.6,Tstd:328.1,Bpos:506.6,Bstd:314.5,StrandBias:-1.1,Multiplicity:1.33
0.997	0.001	0.001	0.001
0.001	0.001	0.001	0.997
0.001	0.001	0.001	0.997
0.001	0.802	0.196	0.001
0.001	0.997	0.001	0.001
0.997	0.001	0.001	0.001
0.997	0.001	0.001	0.001
0.001	0.001	0.001	0.997
>TATATATA	5-TATATATA	8.236954	-4.334685	0	T:5.0(9.80%),B:1007.1(2.75%),P:1e-1	Tpos:663.5,Tstd:169.0,Bpos:520.0,Bstd:297.7,StrandBias:0.0,Multiplicity:1.00
0.100	0.100	0.100	0.700
0.700	0.100	0.100	0.100
0.100	0.100	0.100	0.700
0.700	0.100	0.100	0.100
0.100	0.100	0.100	0.700
0.700	0.100	0.100	0.100
0.100	0.100	0.100	0.700
0.700	0.100	0.100	0.100
