>GTTATCGATT	1-GTTATCGATT	8.300157	-33.761478	0	T:79.0(32.92%),B:4532.3(13.01%),P:1e-14	Tpos:572.3,Tstd:322.7,Bpos:530.7,Bstd:386.6,StrandBias:0.3,Multiplicity:1.20
0.029	0.001	0.816	0.154
0.001	0.180	0.028	0.791
0.228	0.001	0.001	0.770
0.997	0.001	0.001	0.001
0.079	0.173	0.118	0.630
0.052	0.869	0.001	0.078
0.035	0.065	0.899	0.001
0.712	0.157	0.001	0.130
0.068	0.031	0.056	0.845
0.231	0.028	0.001	0.740
>CGTGGTTGCG	2-CGTGGTTGCG	7.337991	-25.492733	0	T:57.0(23.75%),B:3109.9(8.93%),P:1e-11	Tpos:585.2,Tstd:263.0,Bpos:534.8,Bstd:402.1,StrandBias:-0.3,Multiplicity:1.07
0.027	0.804	0.115	0.054
0.076	0.022	0.851	0.051
0.076	0.092	0.022	0.810
0.021	0.124	0.767	0.088
0.072	0.039	0.721	0.168
0.050	0.040	0.001	0.909
0.109	0.065	0.086	0.740
0.044	0.050	0.847	0.059
0.049	0.796	0.035	0.120
0.073	0.027	0.767	0.133
>TCTCGCCGCG	3-TCTCGCCGCG	7.259481	-24.995553	0	T:68.0(28.33%),B:4214.1(12.10%),P:1e-10	Tpos:526.5,Tstd:247.9,Bpos:542.9,Bstd:393.1,StrandBias:0.6,Multiplicity:1.29
0.038	0.056	0.036	0.870
0.084	0.814	0.065	0.037
0.014	0.067	0.132	0.787
0.073	0.820	0.018	0.089
0.073	0.029	0.805	0.093
0.049	0.781	0.062	0.108
0.073	0.823	0.040	0.064
0.118	0.043	0.742	0.097
0.065	0.800	0.052	0.083
0.084	0.044	0.765	0.107
>CCGCTTTCGC	4-CCGCTTTCGC	9.894289	-24.788853	0	T:18.0(7.50%),B:311.5(0.89%),P:1e-10	Tpos:564.5,Tstd:280.5,Bpos:504.5,Bstd:423.8,StrandBias:0.2,Multiplicity:1.00
0.001	0.873	0.125	0.001
0.001	0.943	0.001	0.055
0.001	0.054	0.944	0.001
0.001	0.949	0.001	0.049
0.001	0.001	0.066	0.932
0.001	0.001	0.001	0.997
0.001	0.073	0.063	0.863
0.105	0.893	0.001	0.001
0.046	0.001	0.952	0.001
0.001	0.728	0.001	0.270
>MTCTCTCTCT	5-MTCTCTCTCT	6.980157	-23.000516	0	T:138.0(57.50%),B:12882.0(36.97%),P:1e-9	Tpos:527.6,Tstd:294.4,Bpos:561.2,Bstd:368.4,StrandBias:1.7,Multiplicity:1.59
0.452	0.418	0.022	0.108
0.027	0.001	0.108	0.864
0.035	0.807	0.018	0.140
0.024	0.063	0.004	0.909
0.040	0.805	0.063	0.092
0.025	0.020	0.037	0.918
0.049	0.847	0.040	0.064
0.017	0.052	0.008	0.923
0.026	0.948	0.025	0.001
0.091	0.001	0.083	0.825
>AAMGCTGAAA	6-AAMGCTGAAA	9.209261	-21.974057	0	T:64.0(26.67%),B:4105.9(11.78%),P:1e-9	Tpos:532.4,Tstd:282.4,Bpos:516.3,Bstd:363.9,StrandBias:-1.1,Multiplicity:1.11
0.789	0.001	0.001	0.209
0.783	0.001	0.064	0.152
0.484	0.440	0.001	0.075
0.001	0.001	0.997	0.001
0.220	0.778	0.001	0.001
0.001	0.001	0.058	0.940
0.001	0.001	0.843	0.155
0.844	0.001	0.001	0.154
0.997	0.001	0.001	0.001
0.829	0.001	0.153	0.017
>ATTTTCGCGC	7-ATTTTCGCGC	7.828520	-21.930170	0	T:85.0(35.42%),B:6376.1(18.30%),P:1e-9	Tpos:530.7,Tstd:287.4,Bpos:502.9,Bstd:399.5,StrandBias:0.1,Multiplicity:1.32
0.775	0.091	0.057	0.077
0.031	0.050	0.041	0.878
0.041	0.046	0.064	0.849
0.036	0.023	0.038	0.903
0.018	0.066	0.037	0.879
0.079	0.702	0.078	0.141
0.094	0.143	0.679	0.084
0.134	0.717	0.073	0.076
0.044	0.066	0.842	0.048
0.078	0.785	0.063	0.074
>AAAAAACCCC	8-AAAAAACCCC	7.534637	-21.528664	0	T:105.0(43.75%),B:8805.8(25.27%),P:1e-9	Tpos:557.0,Tstd:284.2,Bpos:508.1,Bstd:380.4,StrandBias:0.4,Multiplicity:1.51
0.739	0.092	0.130	0.039
0.807	0.077	0.062	0.054
0.810	0.079	0.084	0.027
0.871	0.034	0.050	0.045
0.892	0.064	0.014	0.030
0.788	0.095	0.021	0.096
0.115	0.763	0.051	0.071
0.070	0.798	0.082	0.050
0.124	0.760	0.068	0.048
0.068	0.778	0.073	0.081
>TTTCGCAATT	9-TTTCGCAATT	9.979884	-20.824858	0	T:39.0(16.25%),B:1867.5(5.36%),P:1e-9	Tpos:508.1,Tstd:323.9,Bpos:511.0,Bstd:378.7,StrandBias:0.3,Multiplicity:1.03
0.001	0.001	0.001	0.997
0.001	0.001	0.001	0.997
0.060	0.001	0.001	0.938
0.001	0.997	0.001	0.001
0.001	0.001	0.997	0.001
0.001	0.851	0.147	0.001
0.934	0.001	0.001	0.064
0.997	0.001	0.001	0.001
0.001	0.057	0.032	0.910
0.001	0.001	0.122	0.876
>ATGGAGGAGA	10-ATGGAGGAGA	10.387755	-20.360076	0	T:25.0(10.42%),B:833.9(2.39%),P:1e-8	Tpos:477.7,Tstd:310.1,Bpos:568.7,Bstd:375.2,StrandBias:-1.5,Multiplicity:1.00
0.807	0.001	0.114	0.078
0.001	0.001	0.001	0.997
0.001	0.001	0.997	0.001
0.001	0.001	0.997	0.001
0.846	0.001	0.152	0.001
0.001	0.001	0.793	0.205
0.213	0.001	0.785	0.001
0.765	0.233	0.001	0.001
0.001	0.001	0.997	0.001
0.997	0.001	0.001	0.001
>GATTTTTCTC	11-GATTTTTCTC	10.112663	-19.608175	0	T:82.0(34.17%),B:6335.4(18.18%),P:1e-8	Tpos:557.5,Tstd:259.2,Bpos:515.7,Bstd:377.8,StrandBias:0.4,Multiplicity:1.21
0.001	0.097	0.842	0.060
0.897	0.001	0.001	0.101
0.001	0.013	0.001	0.985
0.082	0.001	0.001	0.916
0.023	0.013	0.030	0.934
0.001	0.001	0.001	0.997
0.001	0.001	0.013	0.985
0.118	0.748	0.044	0.090
0.001	0.199	0.042	0.758
0.067	0.931	0.001	0.001
>GGGGATAGCG	12-GGGGATAGCG	10.374172	-19.214697	0	T:12.0(5.00%),B:167.7(0.48%),P:1e-8	Tpos:523.5,Tstd:290.0,Bpos:573.4,Bstd:357.4,StrandBias:-3.5,Multiplicity:1.00
0.001	0.153	0.845	0.001
0.001	0.001	0.997	0.001
0.001	0.001	0.997	0.001
0.094	0.001	0.904	0.001
0.997	0.001	0.001	0.001
0.076	0.001	0.001	0.922
0.997	0.001	0.001	0.001
0.122	0.135	0.742	0.001
0.094	0.799	0.106	0.001
0.100	0.001	0.898	0.001
>CGCTTTAATA	13-CGCTTTAATA	8.133562	-18.830325	0	T:21.0(8.75%),B:637.6(1.83%),P:1e-8	Tpos:582.5,Tstd:294.5,Bpos:484.1,Bstd:356.2,StrandBias:1.4,Multiplicity:1.16
0.179	0.600	0.063	0.158
0.034	0.019	0.744	0.203
0.197	0.717	0.068	0.018
0.260	0.044	0.041	0.655
0.024	0.238	0.251	0.486
0.206	0.246	0.026	0.522
0.701	0.019	0.063	0.217
0.512	0.244	0.056	0.188
0.170	0.074	0.016	0.740
0.843	0.070	0.021	0.066
>TTTTTACCCC	14-TTTTTACCCC	10.076365	-18.821771	0	T:32.0(13.33%),B:1425.9(4.09%),P:1e-8	Tpos:493.2,Tstd:296.1,Bpos:527.7,Bstd:397.2,StrandBias:1.4,Multiplicity:1.19
0.029	0.001	0.001	0.969
0.001	0.167	0.001	0.831
0.060	0.001	0.001	0.938
0.001	0.001	0.001	0.997
0.001	0.060	0.026	0.913
0.757	0.001	0.124	0.118
0.031	0.967	0.001	0.001
0.001	0.997	0.001	0.001
0.001	0.883	0.001	0.115
0.167	0.800	0.032	0.001
>GAAAAAATCG	15-GAAAAAATCG	8.185268	-18.584382	0	T:125.0(52.08%),B:11869.0(34.07%),P:1e-8	Tpos:544.9,Tstd:270.8,Bpos:511.7,Bstd:380.8,StrandBias:-0.7,Multiplicity:1.49
0.047	0.013	0.937	0.003
0.824	0.143	0.001	0.032
0.949	0.001	0.015	0.035
0.819	0.033	0.096	0.052
0.789	0.067	0.025	0.119
0.496	0.016	0.208	0.279
0.840	0.108	0.051	0.001
0.321	0.119	0.081	0.480
0.030	0.863	0.038	0.069
0.044	0.001	0.931	0.024
>CTAAATTCGG	16-CTAAATTCGG	8.906277	-18.174895	0	T:37.0(15.42%),B:1884.3(5.41%),P:1e-7	Tpos:507.7,Tstd:275.0,Bpos:495.3,Bstd:359.1,StrandBias:-1.1,Multiplicity:1.06
0.132	0.669	0.053	0.146
0.070	0.117	0.001	0.812
0.675	0.189	0.135	0.001
0.946	0.001	0.052	0.001
0.809	0.001	0.001	0.189
0.001	0.001	0.001	0.997
0.001	0.100	0.001	0.898
0.133	0.716	0.001	0.150
0.001	0.001	0.834	0.164
0.092	0.315	0.592	0.001
>GCGACGACGA	17-GCGACGACGA	7.052957	-17.252690	0	T:58.0(24.17%),B:3993.4(11.46%),P:1e-7	Tpos:470.7,Tstd:314.0,Bpos:538.9,Bstd:411.0,StrandBias:-0.7,Multiplicity:1.19
0.071	0.084	0.794	0.051
0.051	0.764	0.131	0.054
0.071	0.021	0.863	0.045
0.784	0.046	0.081	0.089
0.068	0.777	0.107	0.048
0.058	0.061	0.832	0.049
0.825	0.001	0.100	0.074
0.084	0.730	0.126	0.060
0.020	0.072	0.881	0.027
0.757	0.099	0.069	0.075
>TTTAMGCTAT	18-TTTAMGCTAT	8.725565	-17.122765	0	T:39.0(16.25%),B:2143.5(6.15%),P:1e-7	Tpos:510.8,Tstd:263.4,Bpos:489.5,Bstd:342.5,StrandBias:0.8,Multiplicity:1.16
0.001	0.001	0.139	0.859
0.001	0.001	0.001	0.997
0.001	0.297	0.056	0.646
0.921	0.001	0.077	0.001
0.431	0.339	0.143	0.087
0.129	0.001	0.869	0.001
0.001	0.997	0.001	0.001
0.047	0.119	0.060	0.774
0.869	0.001	0.108	0.022
0.048	0.001	0.359	0.592
>CGCCTTTAAT	19-CGCCTTTAAT	7.332235	-16.933972	0	T:57.0(23.75%),B:3925.1(11.27%),P:1e-7	Tpos:508.1,Tstd:295.8,Bpos:533.7,Bstd:354.3,StrandBias:0.4,Multiplicity:1.30
0.111	0.744	0.051	0.094
0.038	0.111	0.783	0.068
0.057	0.833	0.066	0.044
0.080	0.791	0.104	0.025
0.068	0.048	0.015	0.869
0.049	0.029	0.063	0.859
0.142	0.105	0.042	0.711
0.830	0.056	0.056	0.058
0.807	0.052	0.074	0.067
0.085	0.056	0.078	0.781
>CTCTCGCACA	20-CTCTCGCACA	8.527283	-16.231731	0	T:33.0(13.75%),B:1683.4(4.83%),P:1e-7	Tpos:494.2,Tstd:273.6,Bpos:548.2,Bstd:419.6,StrandBias:0.4,Multiplicity:1.10
0.001	0.829	0.169	0.001
0.108	0.191	0.104	0.597
0.001	0.997	0.001	0.001
0.001	0.173	0.248	0.578
0.001	0.946	0.001	0.052
0.001	0.070	0.768	0.161
0.001	0.852	0.146	0.001
0.829	0.001	0.001	0.169
0.176	0.822	0.001	0.001
0.617	0.195	0.187	0.001
>ACGCGACGCG	21-ACGCGACGCG	10.174576	-15.247664	0	T:18.0(7.50%),B:588.5(1.69%),P:1e-6	Tpos:518.0,Tstd:263.9,Bpos:526.1,Bstd:390.9,StrandBias:-0.2,Multiplicity:1.12
0.814	0.124	0.061	0.001
0.001	0.922	0.076	0.001
0.084	0.068	0.847	0.001
0.001	0.997	0.001	0.001
0.067	0.001	0.931	0.001
0.813	0.001	0.001	0.185
0.001	0.997	0.001	0.001
0.001	0.001	0.997	0.001
0.001	0.901	0.097	0.001
0.037	0.001	0.809	0.153
>YGTGTGYGTG	22-YGTGTGYGTG	8.979545	-13.892333	0	T:47.0(19.58%),B:3240.0(9.30%),P:1e-6	Tpos:498.8,Tstd:276.4,Bpos:563.1,Bstd:377.9,StrandBias:-0.5,Multiplicity:1.17
0.177	0.385	0.120	0.318
0.001	0.001	0.617	0.381
0.001	0.001	0.001	0.997
0.001	0.001	0.920	0.078
0.001	0.151	0.001	0.847
0.001	0.001	0.997	0.001
0.001	0.455	0.001	0.543
0.001	0.001	0.832	0.166
0.001	0.225	0.001	0.773
0.001	0.001	0.715	0.283
>GTGTCACTAT	23-GTGTCACTAT	9.555261	-13.152036	0	T:19.0(7.92%),B:756.1(2.17%),P:1e-5	Tpos:472.4,Tstd:266.9,Bpos:504.2,Bstd:320.4,StrandBias:-0.1,Multiplicity:1.11
0.299	0.001	0.504	0.196
0.153	0.076	0.001	0.770
0.058	0.001	0.940	0.001
0.001	0.001	0.001	0.997
0.107	0.762	0.130	0.001
0.768	0.215	0.010	0.007
0.331	0.488	0.001	0.180
0.001	0.001	0.143	0.855
0.912	0.072	0.006	0.010
0.004	0.001	0.001	0.994
>GGCCCGGCCT	24-GGCCCGGCCT	10.812520	-8.834759	0	T:4.0(1.67%),B:35.1(0.10%),P:1e-3	Tpos:526.1,Tstd:245.2,Bpos:466.1,Bstd:430.0,StrandBias:0.0,Multiplicity:1.75
0.001	0.001	0.997	0.001
0.001	0.120	0.878	0.001
0.001	0.893	0.105	0.001
0.001	0.899	0.099	0.001
0.100	0.651	0.182	0.067
0.001	0.047	0.951	0.001
0.001	0.001	0.997	0.001
0.001	0.997	0.001	0.001
0.001	0.997	0.001	0.001
0.001	0.001	0.001	0.997
>CCCCCCCCCC	25-CCCCCCCCCC	7.436656	-7.393249	0	T:26.0(10.83%),B:1870.1(5.37%),P:1e-3	Tpos:588.1,Tstd:278.6,Bpos:557.9,Bstd:418.0,StrandBias:5.6,Multiplicity:1.12
0.001	0.881	0.039	0.079
0.001	0.925	0.034	0.040
0.001	0.965	0.001	0.033
0.001	0.937	0.001	0.061
0.001	0.983	0.015	0.001
0.001	0.979	0.001	0.019
0.017	0.981	0.001	0.001
0.032	0.940	0.001	0.027
0.017	0.890	0.025	0.068
0.001	0.911	0.022	0.066
