>TTTCTATCTTTT	1-TTTCTATCTTTT	9.804029	-33.595265	0	T:110.0(45.83%),B:7882.0(22.62%),P:1e-14	Tpos:552.4,Tstd:290.4,Bpos:528.0,Bstd:360.1,StrandBias:1.2,Multiplicity:1.40
0.038	0.001	0.044	0.917
0.035	0.068	0.025	0.872
0.084	0.019	0.013	0.884
0.042	0.840	0.075	0.043
0.068	0.101	0.097	0.734
0.691	0.124	0.106	0.079
0.079	0.046	0.041	0.834
0.085	0.793	0.056	0.066
0.042	0.042	0.103	0.813
0.057	0.076	0.021	0.846
0.051	0.050	0.031	0.868
0.047	0.006	0.033	0.914
>GTTATCGATTTT	2-GTTATCGATTTT	12.798011	-25.900995	0	T:39.0(16.25%),B:1563.3(4.49%),P:1e-11	Tpos:584.9,Tstd:310.7,Bpos:528.3,Bstd:431.3,StrandBias:1.2,Multiplicity:1.17
0.230	0.001	0.617	0.152
0.001	0.074	0.076	0.849
0.001	0.001	0.001	0.997
0.997	0.001	0.001	0.001
0.001	0.001	0.001	0.997
0.001	0.912	0.001	0.086
0.001	0.001	0.938	0.060
0.933	0.001	0.001	0.065
0.001	0.001	0.001	0.997
0.001	0.001	0.001	0.997
0.001	0.109	0.001	0.889
0.001	0.078	0.001	0.920
>TCTCTTTCTCTC	3-TCTCTTTCTCTC	9.305835	-25.116277	0	T:88.0(36.67%),B:6329.5(18.17%),P:1e-10	Tpos:532.2,Tstd:289.5,Bpos:571.8,Bstd:368.5,StrandBias:1.9,Multiplicity:1.35
0.036	0.118	0.100	0.746
0.020	0.887	0.060	0.033
0.031	0.040	0.068	0.861
0.097	0.661	0.091	0.151
0.047	0.083	0.014	0.856
0.061	0.100	0.006	0.833
0.001	0.043	0.017	0.939
0.066	0.752	0.035	0.147
0.043	0.008	0.020	0.929
0.001	0.807	0.079	0.113
0.011	0.023	0.053	0.913
0.034	0.790	0.073	0.103
>GGCGAGAGACGC	4-GGCGAGAGACGC	13.521948	-24.055456	0	T:11.0(4.58%),B:80.6(0.23%),P:1e-10	Tpos:548.9,Tstd:256.9,Bpos:565.0,Bstd:341.7,StrandBias:-1.0,Multiplicity:1.09
0.001	0.001	0.997	0.001
0.001	0.001	0.997	0.001
0.245	0.588	0.001	0.166
0.001	0.001	0.997	0.001
0.808	0.001	0.190	0.001
0.001	0.001	0.997	0.001
0.997	0.001	0.001	0.001
0.001	0.001	0.997	0.001
0.997	0.001	0.001	0.001
0.172	0.826	0.001	0.001
0.001	0.001	0.997	0.001
0.116	0.882	0.001	0.001
>TCAATATCAGTG	5-TCAATATCAGTG	13.792221	-23.836747	0	T:10.0(4.17%),B:59.5(0.17%),P:1e-10	Tpos:448.0,Tstd:140.3,Bpos:520.7,Bstd:284.5,StrandBias:-0.8,Multiplicity:1.10
0.001	0.001	0.001	0.997
0.104	0.676	0.104	0.116
0.997	0.001	0.001	0.001
0.851	0.001	0.001	0.147
0.001	0.001	0.001	0.997
0.676	0.001	0.001	0.322
0.001	0.001	0.001	0.997
0.001	0.997	0.001	0.001
0.997	0.001	0.001	0.001
0.001	0.001	0.997	0.001
0.001	0.001	0.001	0.997
0.001	0.001	0.997	0.001
>ATTTATCTCTAA	6-ATTTATCTCTAA	11.526591	-23.497420	0	T:19.0(7.92%),B:385.8(1.11%),P:1e-10	Tpos:554.6,Tstd:343.1,Bpos:538.9,Bstd:386.6,StrandBias:1.0,Multiplicity:1.00
0.829	0.001	0.004	0.166
0.086	0.001	0.001	0.912
0.001	0.254	0.001	0.744
0.001	0.001	0.001	0.997
0.644	0.331	0.001	0.024
0.001	0.001	0.001	0.997
0.001	0.997	0.001	0.001
0.064	0.001	0.353	0.582
0.001	0.820	0.120	0.059
0.001	0.001	0.003	0.995
0.616	0.382	0.001	0.001
0.764	0.001	0.166	0.069
>TCGCTAAATWGG	7-TCGCTAAATWGG	11.484946	-23.410399	0	T:13.0(5.42%),B:143.1(0.41%),P:1e-10	Tpos:528.0,Tstd:285.6,Bpos:418.1,Bstd:266.7,StrandBias:0.0,Multiplicity:1.00
0.001	0.001	0.001	0.997
0.001	0.907	0.001	0.091
0.001	0.001	0.997	0.001
0.143	0.855	0.001	0.001
0.153	0.001	0.001	0.845
0.634	0.245	0.001	0.120
0.997	0.001	0.001	0.001
0.613	0.264	0.001	0.122
0.001	0.001	0.001	0.997
0.518	0.001	0.087	0.394
0.001	0.001	0.622	0.376
0.185	0.001	0.643	0.171
>ACATTGTTAGTC	8-ACATTGTTAGTC	11.123915	-22.445396	0	T:16.0(6.67%),B:271.2(0.78%),P:1e-9	Tpos:440.2,Tstd:276.5,Bpos:474.7,Bstd:302.2,StrandBias:-0.2,Multiplicity:1.06
0.898	0.001	0.001	0.100
0.092	0.906	0.001	0.001
0.570	0.233	0.001	0.196
0.089	0.001	0.001	0.909
0.138	0.001	0.001	0.860
0.108	0.001	0.719	0.172
0.001	0.001	0.001	0.997
0.001	0.001	0.001	0.997
0.646	0.001	0.259	0.094
0.105	0.089	0.805	0.001
0.001	0.001	0.001	0.997
0.001	0.601	0.103	0.295
>GCTCCATTTTCG	9-GCTCCATTTTCG	10.240094	-22.148671	0	T:22.0(9.17%),B:581.3(1.67%),P:1e-9	Tpos:522.0,Tstd:293.2,Bpos:516.9,Bstd:392.0,StrandBias:0.9,Multiplicity:1.05
0.107	0.132	0.731	0.030
0.047	0.815	0.081	0.057
0.120	0.046	0.162	0.672
0.065	0.867	0.001	0.067
0.063	0.765	0.118	0.054
0.984	0.001	0.001	0.014
0.056	0.001	0.085	0.858
0.001	0.001	0.001	0.997
0.001	0.075	0.054	0.870
0.054	0.083	0.078	0.785
0.085	0.830	0.001	0.084
0.019	0.071	0.834	0.076
>TDGAAAAAATCG	10-TDGAAAAAATCG	9.883060	-21.758701	0	T:71.0(29.58%),B:4856.2(13.94%),P:1e-9	Tpos:534.5,Tstd:290.9,Bpos:503.4,Bstd:393.2,StrandBias:-0.3,Multiplicity:1.42
0.035	0.315	0.071	0.579
0.311	0.022	0.354	0.313
0.027	0.001	0.852	0.120
0.845	0.110	0.044	0.001
0.842	0.123	0.034	0.001
0.960	0.001	0.001	0.038
0.949	0.049	0.001	0.001
0.831	0.043	0.050	0.076
0.935	0.036	0.001	0.028
0.064	0.135	0.063	0.738
0.001	0.973	0.025	0.001
0.183	0.073	0.743	0.001
>TGATTTTACAGC	11-TGATTTTACAGC	10.258017	-21.404120	0	T:28.0(11.67%),B:990.2(2.84%),P:1e-9	Tpos:557.3,Tstd:292.3,Bpos:488.6,Bstd:357.5,StrandBias:1.1,Multiplicity:1.11
0.045	0.082	0.091	0.782
0.025	0.117	0.750	0.108
0.892	0.001	0.037	0.070
0.001	0.001	0.070	0.928
0.001	0.102	0.039	0.858
0.001	0.001	0.001	0.997
0.022	0.116	0.001	0.861
0.731	0.199	0.001	0.069
0.060	0.774	0.060	0.106
0.829	0.026	0.095	0.050
0.134	0.044	0.806	0.016
0.112	0.801	0.021	0.066
>AAAAAACCCGCG	12-AAAAAACCCGCG	10.384113	-21.279655	0	T:40.0(16.67%),B:1920.2(5.51%),P:1e-9	Tpos:541.1,Tstd:287.7,Bpos:514.7,Bstd:389.3,StrandBias:0.5,Multiplicity:1.27
0.805	0.193	0.001	0.001
0.876	0.122	0.001	0.001
0.831	0.001	0.167	0.001
0.967	0.031	0.001	0.001
0.898	0.001	0.100	0.001
0.997	0.001	0.001	0.001
0.262	0.566	0.001	0.171
0.199	0.799	0.001	0.001
0.146	0.710	0.143	0.001
0.222	0.289	0.448	0.042
0.083	0.758	0.001	0.158
0.314	0.082	0.512	0.092
>GCGAGTKSGCAC	13-GCGAGTKSGCAC	9.012887	-20.766790	0	T:14.0(5.83%),B:219.1(0.63%),P:1e-9	Tpos:510.6,Tstd:206.5,Bpos:508.5,Bstd:386.3,StrandBias:-0.8,Multiplicity:1.00
0.273	0.001	0.682	0.044
0.001	0.997	0.001	0.001
0.001	0.001	0.997	0.001
0.766	0.001	0.001	0.232
0.220	0.001	0.778	0.001
0.279	0.001	0.001	0.719
0.001	0.001	0.553	0.445
0.001	0.556	0.442	0.001
0.001	0.001	0.997	0.001
0.269	0.729	0.001	0.001
0.997	0.001	0.001	0.001
0.001	0.997	0.001	0.001
>GCACACACAVAS	14-GCACACACAVAS	7.307591	-20.717635	0	T:67.0(27.92%),B:4548.3(13.05%),P:1e-8	Tpos:519.7,Tstd:287.7,Bpos:558.5,Bstd:376.8,StrandBias:0.3,Multiplicity:1.21
0.280	0.255	0.443	0.022
0.158	0.549	0.292	0.001
0.519	0.028	0.286	0.167
0.359	0.639	0.001	0.001
0.666	0.206	0.127	0.001
0.130	0.847	0.001	0.022
0.570	0.100	0.329	0.001
0.116	0.842	0.001	0.041
0.581	0.223	0.195	0.001
0.292	0.424	0.283	0.001
0.570	0.251	0.178	0.001
0.212	0.401	0.275	0.113
>ACGCGCCTTTAA	15-ACGCGCCTTTAA	9.792121	-20.634988	0	T:26.0(10.83%),B:888.7(2.55%),P:1e-8	Tpos:514.2,Tstd:290.9,Bpos:561.4,Bstd:345.6,StrandBias:0.4,Multiplicity:1.15
0.833	0.076	0.090	0.001
0.102	0.745	0.088	0.065
0.001	0.065	0.763	0.171
0.001	0.911	0.087	0.001
0.001	0.175	0.717	0.107
0.087	0.764	0.001	0.148
0.259	0.675	0.001	0.065
0.065	0.167	0.001	0.767
0.001	0.001	0.001	0.997
0.001	0.065	0.001	0.933
0.911	0.001	0.001	0.087
0.997	0.001	0.001	0.001
>CGAAATTTCGCA	16-CGAAATTTCGCA	9.501824	-19.126363	0	T:49.0(20.42%),B:2899.1(8.32%),P:1e-8	Tpos:518.1,Tstd:290.7,Bpos:516.7,Bstd:393.5,StrandBias:0.4,Multiplicity:1.14
0.151	0.772	0.055	0.022
0.037	0.034	0.878	0.051
0.881	0.074	0.021	0.024
0.840	0.031	0.099	0.030
0.857	0.081	0.001	0.061
0.092	0.001	0.057	0.850
0.064	0.030	0.058	0.848
0.014	0.010	0.036	0.940
0.041	0.797	0.046	0.116
0.060	0.079	0.810	0.051
0.088	0.703	0.083	0.126
0.830	0.019	0.095	0.056
>GACGAAGAGGGT	17-GACGAAGAGGGT	13.641763	-19.058426	0	T:8.0(3.33%),B:49.8(0.14%),P:1e-8	Tpos:449.1,Tstd:272.8,Bpos:588.6,Bstd:365.4,StrandBias:1.0,Multiplicity:1.12
0.001	0.001	0.997	0.001
0.997	0.001	0.001	0.001
0.123	0.875	0.001	0.001
0.001	0.001	0.997	0.001
0.997	0.001	0.001	0.001
0.850	0.001	0.148	0.001
0.001	0.001	0.997	0.001
0.997	0.001	0.001	0.001
0.001	0.001	0.997	0.001
0.119	0.001	0.879	0.001
0.129	0.001	0.699	0.171
0.001	0.171	0.001	0.827
>TCACCTTCGGAW	18-TCACCTTCGGAW	12.236308	-19.008636	0	T:7.0(2.92%),B:30.0(0.09%),P:1e-8	Tpos:623.8,Tstd:280.7,Bpos:536.9,Bstd:297.6,StrandBias:1.8,Multiplicity:1.29
0.001	0.202	0.001	0.796
0.001	0.997	0.001	0.001
0.997	0.001	0.001	0.001
0.001	0.997	0.001	0.001
0.175	0.621	0.001	0.203
0.001	0.001	0.001	0.997
0.001	0.001	0.001	0.997
0.001	0.997	0.001	0.001
0.001	0.001	0.997	0.001
0.175	0.001	0.621	0.203
0.997	0.001	0.001	0.001
0.378	0.203	0.041	0.378
>KGCCCCCCYACC	19-KGCCCCCCYACC	7.711394	-18.126149	0	T:64.0(26.67%),B:4526.9(12.99%),P:1e-7	Tpos:570.8,Tstd:280.8,Bpos:550.5,Bstd:408.0,StrandBias:3.2,Multiplicity:1.23
0.114	0.232	0.270	0.385
0.056	0.286	0.440	0.218
0.001	0.650	0.111	0.238
0.001	0.805	0.001	0.193
0.055	0.889	0.055	0.001
0.223	0.693	0.001	0.083
0.001	0.888	0.110	0.001
0.001	0.997	0.001	0.001
0.188	0.373	0.049	0.390
0.514	0.149	0.001	0.336
0.055	0.643	0.001	0.301
0.001	0.703	0.001	0.295
>ATAAAAGTGCAG	20-ATAAAAGTGCAG	10.193368	-18.032454	0	T:30.0(12.50%),B:1316.0(3.78%),P:1e-7	Tpos:515.6,Tstd:274.3,Bpos:520.0,Bstd:333.5,StrandBias:-1.7,Multiplicity:1.13
0.741	0.001	0.148	0.110
0.165	0.089	0.075	0.671
0.854	0.053	0.040	0.053
0.913	0.001	0.085	0.001
0.997	0.001	0.001	0.001
0.918	0.037	0.001	0.044
0.068	0.001	0.777	0.154
0.017	0.029	0.001	0.953
0.018	0.061	0.879	0.042
0.065	0.819	0.028	0.088
0.713	0.087	0.199	0.001
0.042	0.067	0.774	0.117
>TTTTCTCATTTT	21-TTTTCTCATTTT	11.630053	-17.761264	0	T:71.0(29.58%),B:5336.3(15.32%),P:1e-7	Tpos:528.3,Tstd:321.5,Bpos:528.7,Bstd:369.3,StrandBias:1.7,Multiplicity:1.30
0.030	0.001	0.001	0.968
0.001	0.014	0.001	0.984
0.031	0.015	0.041	0.913
0.017	0.001	0.001	0.981
0.001	0.944	0.029	0.026
0.101	0.034	0.001	0.864
0.028	0.889	0.082	0.001
0.855	0.025	0.047	0.073
0.147	0.030	0.033	0.790
0.018	0.026	0.038	0.918
0.001	0.001	0.043	0.955
0.022	0.013	0.032	0.933
>GTTGCGAGACCC	22-GTTGCGAGACCC	8.967592	-15.636403	0	T:35.0(14.58%),B:1905.7(5.47%),P:1e-6	Tpos:541.9,Tstd:244.5,Bpos:547.0,Bstd:358.4,StrandBias:-0.1,Multiplicity:1.23
0.001	0.059	0.939	0.001
0.001	0.120	0.001	0.878
0.001	0.091	0.192	0.716
0.098	0.126	0.670	0.106
0.062	0.935	0.001	0.002
0.115	0.001	0.883	0.001
0.719	0.105	0.175	0.001
0.061	0.001	0.937	0.001
0.997	0.001	0.001	0.001
0.001	0.803	0.105	0.091
0.091	0.756	0.062	0.091
0.152	0.781	0.065	0.002
>CGCCWCCGCGGC	23-CGCCWCCGCGGC	11.932020	-15.491361	0	T:8.0(3.33%),B:81.7(0.23%),P:1e-6	Tpos:587.8,Tstd:311.3,Bpos:541.3,Bstd:458.9,StrandBias:0.0,Multiplicity:1.25
0.001	0.631	0.367	0.001
0.001	0.001	0.997	0.001
0.001	0.789	0.209	0.001
0.001	0.997	0.001	0.001
0.363	0.158	0.001	0.478
0.001	0.751	0.001	0.247
0.001	0.997	0.001	0.001
0.001	0.001	0.997	0.001
0.001	0.997	0.001	0.001
0.001	0.001	0.768	0.230
0.001	0.001	0.834	0.164
0.001	0.816	0.001	0.182
>TCCCCGGAGGGA	24-TCCCCGGAGGGA	14.952222	-10.214822	0	T:3.0(1.25%),B:7.2(0.02%),P:1e-4	Tpos:633.0,Tstd:264.0,Bpos:511.4,Bstd:412.3,StrandBias:2.0,Multiplicity:1.67
0.001	0.001	0.001	0.997
0.001	0.997	0.001	0.001
0.001	0.997	0.001	0.001
0.001	0.997	0.001	0.001
0.001	0.997	0.001	0.001
0.243	0.192	0.564	0.001
0.001	0.001	0.997	0.001
0.997	0.001	0.001	0.001
0.001	0.001	0.997	0.001
0.001	0.001	0.997	0.001
0.001	0.001	0.997	0.001
0.997	0.001	0.001	0.001
>AGGCCSGGCCTG	25-AGGCCSGGCCTG	11.366433	-9.361523	0	T:3.0(1.25%),B:10.6(0.03%),P:1e-4	Tpos:499.2,Tstd:185.1,Bpos:540.2,Bstd:245.9,StrandBias:0.0,Multiplicity:1.67
0.531	0.182	0.156	0.131
0.001	0.001	0.997	0.001
0.001	0.363	0.618	0.018
0.001	0.997	0.001	0.001
0.001	0.850	0.131	0.018
0.156	0.313	0.374	0.156
0.001	0.155	0.843	0.001
0.001	0.013	0.985	0.001
0.001	0.996	0.002	0.001
0.001	0.997	0.001	0.001
0.170	0.156	0.001	0.673
0.164	0.003	0.651	0.182
