>GTTATCGATT	1-GTTATCGATT	8.300157	-33.761478	0	T:79.0(32.92%),B:4532.3(13.01%),P:1e-14	Tpos:572.3,Tstd:322.7,Bpos:530.7,Bstd:386.6,StrandBias:0.3,Multiplicity:1.20
0.029	0.001	0.816	0.154
0.001	0.180	0.028	0.791
0.228	0.001	0.001	0.770
0.997	0.001	0.001	0.001
0.079	0.173	0.118	0.630
0.052	0.869	0.001	0.078
0.035	0.065	0.899	0.001
0.712	0.157	0.001	0.130
0.068	0.031	0.056	0.845
0.231	0.028	0.001	0.740
>CGTGGTTGCG	2-CGTGGTTGCG	7.337991	-25.492733	0	T:57.0(23.75%),B:3109.9(8.93%),P:1e-11	Tpos:585.2,Tstd:263.0,Bpos:534.8,Bstd:402.1,StrandBias:-0.3,Multiplicity:1.07
0.027	0.804	0.115	0.054
0.076	0.022	0.851	0.051
0.076	0.092	0.022	0.810
0.021	0.124	0.767	0.088
0.072	0.039	0.721	0.168
0.050	0.040	0.001	0.909
0.109	0.065	0.086	0.740
0.044	0.050	0.847	0.059
0.049	0.796	0.035	0.120
0.073	0.027	0.767	0.133
>TCTCGCCGCG	3-TCTCGCCGCG	7.259481	-24.995553	0	T:68.0(28.33%),B:4214.1(12.10%),P:1e-10	Tpos:526.5,Tstd:247.9,Bpos:542.9,Bstd:393.1,StrandBias:0.6,Multiplicity:1.29
0.038	0.056	0.036	0.870
0.084	0.814	0.065	0.037
0.014	0.067	0.132	0.787
0.073	0.820	0.018	0.089
0.073	0.029	0.805	0.093
0.049	0.781	0.062	0.108
0.073	0.823	0.040	0.064
0.118	0.043	0.742	0.097
0.065	0.800	0.052	0.083
0.084	0.044	0.765	0.107
>CCGCTTTCGC	4-CCGCTTTCGC	9.894289	-24.788853	0	T:18.0(7.50%),B:311.5(0.89%),P:1e-10	Tpos:564.5,Tstd:280.5,Bpos:504.5,Bstd:423.8,StrandBias:0.2,Multiplicity:1.00
0.001	0.873	0.125	0.001
0.001	0.943	0.001	0.055
0.001	0.054	0.944	0.001
0.001	0.949	0.001	0.049
0.001	0.001	0.066	0.932
0.001	0.001	0.001	0.997
0.001	0.073	0.063	0.863
0.105	0.893	0.001	0.001
0.046	0.001	0.952	0.001
0.001	0.728	0.001	0.270
>MTCTCTCTCT	5-MTCTCTCTCT	6.980157	-23.000516	0	T:138.0(57.50%),B:12882.0(36.97%),P:1e-9	Tpos:527.6,Tstd:294.4,Bpos:561.2,Bstd:368.4,StrandBias:1.7,Multiplicity:1.59
0.452	0.418	0.022	0.108
0.027	0.001	0.108	0.864
0.035	0.807	0.018	0.140
0.024	0.063	0.004	0.909
0.040	0.805	0.063	0.092
0.025	0.020	0.037	0.918
0.049	0.847	0.040	0.064
0.017	0.052	0.008	0.923
0.026	0.948	0.025	0.001
0.091	0.001	0.083	0.825
>AAMGCTGAAA	6-AAMGCTGAAA	9.209261	-21.974057	0	T:64.0(26.67%),B:4105.9(11.78%),P:1e-9	Tpos:532.4,Tstd:282.4,Bpos:516.3,Bstd:363.9,StrandBias:-1.1,Multiplicity:1.11
0.789	0.001	0.001	0.209
0.783	0.001	0.064	0.152
0.484	0.440	0.001	0.075
0.001	0.001	0.997	0.001
0.220	0.778	0.001	0.001
0.001	0.001	0.058	0.940
0.001	0.001	0.843	0.155
0.844	0.001	0.001	0.154
0.997	0.001	0.001	0.001
0.829	0.001	0.153	0.017
>ATTTTCGCGC	7-ATTTTCGCGC	7.828520	-21.930170	0	T:85.0(35.42%),B:6376.1(18.30%),P:1e-9	Tpos:530.7,Tstd:287.4,Bpos:502.9,Bstd:399.5,StrandBias:0.1,Multiplicity:1.32
0.775	0.091	0.057	0.077
0.031	0.050	0.041	0.878
0.041	0.046	0.064	0.849
0.036	0.023	0.038	0.903
0.018	0.066	0.037	0.879
0.079	0.702	0.078	0.141
0.094	0.143	0.679	0.084
0.134	0.717	0.073	0.076
0.044	0.066	0.842	0.048
0.078	0.785	0.063	0.074
>AAAAAACCCC	8-AAAAAACCCC	7.534637	-21.528664	0	T:105.0(43.75%),B:8805.8(25.27%),P:1e-9	Tpos:557.0,Tstd:284.2,Bpos:508.1,Bstd:380.4,StrandBias:0.4,Multiplicity:1.51
0.739	0.092	0.130	0.039
0.807	0.077	0.062	0.054
0.810	0.079	0.084	0.027
0.871	0.034	0.050	0.045
0.892	0.064	0.014	0.030
0.788	0.095	0.021	0.096
0.115	0.763	0.051	0.071
0.070	0.798	0.082	0.050
0.124	0.760	0.068	0.048
0.068	0.778	0.073	0.081
>TTTCGCAATT	9-TTTCGCAATT	9.979884	-20.824858	0	T:39.0(16.25%),B:1867.5(5.36%),P:1e-9	Tpos:508.1,Tstd:323.9,Bpos:511.0,Bstd:378.7,StrandBias:0.3,Multiplicity:1.03
0.001	0.001	0.001	0.997
0.001	0.001	0.001	0.997
0.060	0.001	0.001	0.938
0.001	0.997	0.001	0.001
0.001	0.001	0.997	0.001
0.001	0.851	0.147	0.001
0.934	0.001	0.001	0.064
0.997	0.001	0.001	0.001
0.001	0.057	0.032	0.910
0.001	0.001	0.122	0.876
>ATGGAGGAGA	10-ATGGAGGAGA	10.387755	-20.360076	0	T:25.0(10.42%),B:833.9(2.39%),P:1e-8	Tpos:477.7,Tstd:310.1,Bpos:568.7,Bstd:375.2,StrandBias:-1.5,Multiplicity:1.00
0.807	0.001	0.114	0.078
0.001	0.001	0.001	0.997
0.001	0.001	0.997	0.001
0.001	0.001	0.997	0.001
0.846	0.001	0.152	0.001
0.001	0.001	0.793	0.205
0.213	0.001	0.785	0.001
0.765	0.233	0.001	0.001
0.001	0.001	0.997	0.001
0.997	0.001	0.001	0.001
>GATTTTTCTC	11-GATTTTTCTC	10.112663	-19.608175	0	T:82.0(34.17%),B:6335.4(18.18%),P:1e-8	Tpos:557.5,Tstd:259.2,Bpos:515.7,Bstd:377.8,StrandBias:0.4,Multiplicity:1.21
0.001	0.097	0.842	0.060
0.897	0.001	0.001	0.101
0.001	0.013	0.001	0.985
0.082	0.001	0.001	0.916
0.023	0.013	0.030	0.934
0.001	0.001	0.001	0.997
0.001	0.001	0.013	0.985
0.118	0.748	0.044	0.090
0.001	0.199	0.042	0.758
0.067	0.931	0.001	0.001
>GGGGATAGCG	12-GGGGATAGCG	10.374172	-19.214697	0	T:12.0(5.00%),B:167.7(0.48%),P:1e-8	Tpos:523.5,Tstd:290.0,Bpos:573.4,Bstd:357.4,StrandBias:-3.5,Multiplicity:1.00
0.001	0.153	0.845	0.001
0.001	0.001	0.997	0.001
0.001	0.001	0.997	0.001
0.094	0.001	0.904	0.001
0.997	0.001	0.001	0.001
0.076	0.001	0.001	0.922
0.997	0.001	0.001	0.001
0.122	0.135	0.742	0.001
0.094	0.799	0.106	0.001
0.100	0.001	0.898	0.001
>CGCTTTAATA	13-CGCTTTAATA	8.133562	-18.830325	0	T:21.0(8.75%),B:637.6(1.83%),P:1e-8	Tpos:582.5,Tstd:294.5,Bpos:484.1,Bstd:356.2,StrandBias:1.4,Multiplicity:1.16
0.179	0.600	0.063	0.158
0.034	0.019	0.744	0.203
0.197	0.717	0.068	0.018
0.260	0.044	0.041	0.655
0.024	0.238	0.251	0.486
0.206	0.246	0.026	0.522
0.701	0.019	0.063	0.217
0.512	0.244	0.056	0.188
0.170	0.074	0.016	0.740
0.843	0.070	0.021	0.066
>TTTTTACCCC	14-TTTTTACCCC	10.076365	-18.821771	0	T:32.0(13.33%),B:1425.9(4.09%),P:1e-8	Tpos:493.2,Tstd:296.1,Bpos:527.7,Bstd:397.2,StrandBias:1.4,Multiplicity:1.19
0.029	0.001	0.001	0.969
0.001	0.167	0.001	0.831
0.060	0.001	0.001	0.938
0.001	0.001	0.001	0.997
0.001	0.060	0.026	0.913
0.757	0.001	0.124	0.118
0.031	0.967	0.001	0.001
0.001	0.997	0.001	0.001
0.001	0.883	0.001	0.115
0.167	0.800	0.032	0.001
>GAAAAAATCG	15-GAAAAAATCG	8.185268	-18.584382	0	T:125.0(52.08%),B:11869.0(34.07%),P:1e-8	Tpos:544.9,Tstd:270.8,Bpos:511.7,Bstd:380.8,StrandBias:-0.7,Multiplicity:1.49
0.047	0.013	0.937	0.003
0.824	0.143	0.001	0.032
0.949	0.001	0.015	0.035
0.819	0.033	0.096	0.052
0.789	0.067	0.025	0.119
0.496	0.016	0.208	0.279
0.840	0.108	0.051	0.001
0.321	0.119	0.081	0.480
0.030	0.863	0.038	0.069
0.044	0.001	0.931	0.024
>CTAAATTCGG	16-CTAAATTCGG	8.906277	-18.174895	0	T:37.0(15.42%),B:1884.3(5.41%),P:1e-7	Tpos:507.7,Tstd:275.0,Bpos:495.3,Bstd:359.1,StrandBias:-1.1,Multiplicity:1.06
0.132	0.669	0.053	0.146
0.070	0.117	0.001	0.812
0.675	0.189	0.135	0.001
0.946	0.001	0.052	0.001
0.809	0.001	0.001	0.189
0.001	0.001	0.001	0.997
0.001	0.100	0.001	0.898
0.133	0.716	0.001	0.150
0.001	0.001	0.834	0.164
0.092	0.315	0.592	0.001
>GCGACGACGA	17-GCGACGACGA	7.052957	-17.252690	0	T:58.0(24.17%),B:3993.4(11.46%),P:1e-7	Tpos:470.7,Tstd:314.0,Bpos:538.9,Bstd:411.0,StrandBias:-0.7,Multiplicity:1.19
0.071	0.084	0.794	0.051
0.051	0.764	0.131	0.054
0.071	0.021	0.863	0.045
0.784	0.046	0.081	0.089
0.068	0.777	0.107	0.048
0.058	0.061	0.832	0.049
0.825	0.001	0.100	0.074
0.084	0.730	0.126	0.060
0.020	0.072	0.881	0.027
0.757	0.099	0.069	0.075
>TTTAMGCTAT	18-TTTAMGCTAT	8.725565	-17.122765	0	T:39.0(16.25%),B:2143.5(6.15%),P:1e-7	Tpos:510.8,Tstd:263.4,Bpos:489.5,Bstd:342.5,StrandBias:0.8,Multiplicity:1.16
0.001	0.001	0.139	0.859
0.001	0.001	0.001	0.997
0.001	0.297	0.056	0.646
0.921	0.001	0.077	0.001
0.431	0.339	0.143	0.087
0.129	0.001	0.869	0.001
0.001	0.997	0.001	0.001
0.047	0.119	0.060	0.774
0.869	0.001	0.108	0.022
0.048	0.001	0.359	0.592
>CGCCTTTAAT	19-CGCCTTTAAT	7.332235	-16.933972	0	T:57.0(23.75%),B:3925.1(11.27%),P:1e-7	Tpos:508.1,Tstd:295.8,Bpos:533.7,Bstd:354.3,StrandBias:0.4,Multiplicity:1.30
0.111	0.744	0.051	0.094
0.038	0.111	0.783	0.068
0.057	0.833	0.066	0.044
0.080	0.791	0.104	0.025
0.068	0.048	0.015	0.869
0.049	0.029	0.063	0.859
0.142	0.105	0.042	0.711
0.830	0.056	0.056	0.058
0.807	0.052	0.074	0.067
0.085	0.056	0.078	0.781
>CTCTCGCACA	20-CTCTCGCACA	8.527283	-16.231731	0	T:33.0(13.75%),B:1683.4(4.83%),P:1e-7	Tpos:494.2,Tstd:273.6,Bpos:548.2,Bstd:419.6,StrandBias:0.4,Multiplicity:1.10
0.001	0.829	0.169	0.001
0.108	0.191	0.104	0.597
0.001	0.997	0.001	0.001
0.001	0.173	0.248	0.578
0.001	0.946	0.001	0.052
0.001	0.070	0.768	0.161
0.001	0.852	0.146	0.001
0.829	0.001	0.001	0.169
0.176	0.822	0.001	0.001
0.617	0.195	0.187	0.001
>ACGCGACGCG	21-ACGCGACGCG	10.174576	-15.247664	0	T:18.0(7.50%),B:588.5(1.69%),P:1e-6	Tpos:518.0,Tstd:263.9,Bpos:526.1,Bstd:390.9,StrandBias:-0.2,Multiplicity:1.12
0.814	0.124	0.061	0.001
0.001	0.922	0.076	0.001
0.084	0.068	0.847	0.001
0.001	0.997	0.001	0.001
0.067	0.001	0.931	0.001
0.813	0.001	0.001	0.185
0.001	0.997	0.001	0.001
0.001	0.001	0.997	0.001
0.001	0.901	0.097	0.001
0.037	0.001	0.809	0.153
>YGTGTGYGTG	22-YGTGTGYGTG	8.979545	-13.892333	0	T:47.0(19.58%),B:3240.0(9.30%),P:1e-6	Tpos:498.8,Tstd:276.4,Bpos:563.1,Bstd:377.9,StrandBias:-0.5,Multiplicity:1.17
0.177	0.385	0.120	0.318
0.001	0.001	0.617	0.381
0.001	0.001	0.001	0.997
0.001	0.001	0.920	0.078
0.001	0.151	0.001	0.847
0.001	0.001	0.997	0.001
0.001	0.455	0.001	0.543
0.001	0.001	0.832	0.166
0.001	0.225	0.001	0.773
0.001	0.001	0.715	0.283
>GTGTCACTAT	23-GTGTCACTAT	9.555261	-13.152036	0	T:19.0(7.92%),B:756.1(2.17%),P:1e-5	Tpos:472.4,Tstd:266.9,Bpos:504.2,Bstd:320.4,StrandBias:-0.1,Multiplicity:1.11
0.299	0.001	0.504	0.196
0.153	0.076	0.001	0.770
0.058	0.001	0.940	0.001
0.001	0.001	0.001	0.997
0.107	0.762	0.130	0.001
0.768	0.215	0.010	0.007
0.331	0.488	0.001	0.180
0.001	0.001	0.143	0.855
0.912	0.072	0.006	0.010
0.004	0.001	0.001	0.994
>GGCCCGGCCT	24-GGCCCGGCCT	10.812520	-8.834759	0	T:4.0(1.67%),B:35.1(0.10%),P:1e-3	Tpos:526.1,Tstd:245.2,Bpos:466.1,Bstd:430.0,StrandBias:0.0,Multiplicity:1.75
0.001	0.001	0.997	0.001
0.001	0.120	0.878	0.001
0.001	0.893	0.105	0.001
0.001	0.899	0.099	0.001
0.100	0.651	0.182	0.067
0.001	0.047	0.951	0.001
0.001	0.001	0.997	0.001
0.001	0.997	0.001	0.001
0.001	0.997	0.001	0.001
0.001	0.001	0.001	0.997
>CCCCCCCCCC	25-CCCCCCCCCC	7.436656	-7.393249	0	T:26.0(10.83%),B:1870.1(5.37%),P:1e-3	Tpos:588.1,Tstd:278.6,Bpos:557.9,Bstd:418.0,StrandBias:5.6,Multiplicity:1.12
0.001	0.881	0.039	0.079
0.001	0.925	0.034	0.040
0.001	0.965	0.001	0.033
0.001	0.937	0.001	0.061
0.001	0.983	0.015	0.001
0.001	0.979	0.001	0.019
0.017	0.981	0.001	0.001
0.032	0.940	0.001	0.027
0.017	0.890	0.025	0.068
0.001	0.911	0.022	0.066
>TTTCTATCTTTT	1-TTTCTATCTTTT	9.804029	-33.595265	0	T:110.0(45.83%),B:7882.0(22.62%),P:1e-14	Tpos:552.4,Tstd:290.4,Bpos:528.0,Bstd:360.1,StrandBias:1.2,Multiplicity:1.40
0.038	0.001	0.044	0.917
0.035	0.068	0.025	0.872
0.084	0.019	0.013	0.884
0.042	0.840	0.075	0.043
0.068	0.101	0.097	0.734
0.691	0.124	0.106	0.079
0.079	0.046	0.041	0.834
0.085	0.793	0.056	0.066
0.042	0.042	0.103	0.813
0.057	0.076	0.021	0.846
0.051	0.050	0.031	0.868
0.047	0.006	0.033	0.914
>GTTATCGATTTT	2-GTTATCGATTTT	12.798011	-25.900995	0	T:39.0(16.25%),B:1563.3(4.49%),P:1e-11	Tpos:584.9,Tstd:310.7,Bpos:528.3,Bstd:431.3,StrandBias:1.2,Multiplicity:1.17
0.230	0.001	0.617	0.152
0.001	0.074	0.076	0.849
0.001	0.001	0.001	0.997
0.997	0.001	0.001	0.001
0.001	0.001	0.001	0.997
0.001	0.912	0.001	0.086
0.001	0.001	0.938	0.060
0.933	0.001	0.001	0.065
0.001	0.001	0.001	0.997
0.001	0.001	0.001	0.997
0.001	0.109	0.001	0.889
0.001	0.078	0.001	0.920
>TCTCTTTCTCTC	3-TCTCTTTCTCTC	9.305835	-25.116277	0	T:88.0(36.67%),B:6329.5(18.17%),P:1e-10	Tpos:532.2,Tstd:289.5,Bpos:571.8,Bstd:368.5,StrandBias:1.9,Multiplicity:1.35
0.036	0.118	0.100	0.746
0.020	0.887	0.060	0.033
0.031	0.040	0.068	0.861
0.097	0.661	0.091	0.151
0.047	0.083	0.014	0.856
0.061	0.100	0.006	0.833
0.001	0.043	0.017	0.939
0.066	0.752	0.035	0.147
0.043	0.008	0.020	0.929
0.001	0.807	0.079	0.113
0.011	0.023	0.053	0.913
0.034	0.790	0.073	0.103
>GGCGAGAGACGC	4-GGCGAGAGACGC	13.521948	-24.055456	0	T:11.0(4.58%),B:80.6(0.23%),P:1e-10	Tpos:548.9,Tstd:256.9,Bpos:565.0,Bstd:341.7,StrandBias:-1.0,Multiplicity:1.09
0.001	0.001	0.997	0.001
0.001	0.001	0.997	0.001
0.245	0.588	0.001	0.166
0.001	0.001	0.997	0.001
0.808	0.001	0.190	0.001
0.001	0.001	0.997	0.001
0.997	0.001	0.001	0.001
0.001	0.001	0.997	0.001
0.997	0.001	0.001	0.001
0.172	0.826	0.001	0.001
0.001	0.001	0.997	0.001
0.116	0.882	0.001	0.001
>TCAATATCAGTG	5-TCAATATCAGTG	13.792221	-23.836747	0	T:10.0(4.17%),B:59.5(0.17%),P:1e-10	Tpos:448.0,Tstd:140.3,Bpos:520.7,Bstd:284.5,StrandBias:-0.8,Multiplicity:1.10
0.001	0.001	0.001	0.997
0.104	0.676	0.104	0.116
0.997	0.001	0.001	0.001
0.851	0.001	0.001	0.147
0.001	0.001	0.001	0.997
0.676	0.001	0.001	0.322
0.001	0.001	0.001	0.997
0.001	0.997	0.001	0.001
0.997	0.001	0.001	0.001
0.001	0.001	0.997	0.001
0.001	0.001	0.001	0.997
0.001	0.001	0.997	0.001
>ATTTATCTCTAA	6-ATTTATCTCTAA	11.526591	-23.497420	0	T:19.0(7.92%),B:385.8(1.11%),P:1e-10	Tpos:554.6,Tstd:343.1,Bpos:538.9,Bstd:386.6,StrandBias:1.0,Multiplicity:1.00
0.829	0.001	0.004	0.166
0.086	0.001	0.001	0.912
0.001	0.254	0.001	0.744
0.001	0.001	0.001	0.997
0.644	0.331	0.001	0.024
0.001	0.001	0.001	0.997
0.001	0.997	0.001	0.001
0.064	0.001	0.353	0.582
0.001	0.820	0.120	0.059
0.001	0.001	0.003	0.995
0.616	0.382	0.001	0.001
0.764	0.001	0.166	0.069
>TCGCTAAATWGG	7-TCGCTAAATWGG	11.484946	-23.410399	0	T:13.0(5.42%),B:143.1(0.41%),P:1e-10	Tpos:528.0,Tstd:285.6,Bpos:418.1,Bstd:266.7,StrandBias:0.0,Multiplicity:1.00
0.001	0.001	0.001	0.997
0.001	0.907	0.001	0.091
0.001	0.001	0.997	0.001
0.143	0.855	0.001	0.001
0.153	0.001	0.001	0.845
0.634	0.245	0.001	0.120
0.997	0.001	0.001	0.001
0.613	0.264	0.001	0.122
0.001	0.001	0.001	0.997
0.518	0.001	0.087	0.394
0.001	0.001	0.622	0.376
0.185	0.001	0.643	0.171
>ACATTGTTAGTC	8-ACATTGTTAGTC	11.123915	-22.445396	0	T:16.0(6.67%),B:271.2(0.78%),P:1e-9	Tpos:440.2,Tstd:276.5,Bpos:474.7,Bstd:302.2,StrandBias:-0.2,Multiplicity:1.06
0.898	0.001	0.001	0.100
0.092	0.906	0.001	0.001
0.570	0.233	0.001	0.196
0.089	0.001	0.001	0.909
0.138	0.001	0.001	0.860
0.108	0.001	0.719	0.172
0.001	0.001	0.001	0.997
0.001	0.001	0.001	0.997
0.646	0.001	0.259	0.094
0.105	0.089	0.805	0.001
0.001	0.001	0.001	0.997
0.001	0.601	0.103	0.295
>GCTCCATTTTCG	9-GCTCCATTTTCG	10.240094	-22.148671	0	T:22.0(9.17%),B:581.3(1.67%),P:1e-9	Tpos:522.0,Tstd:293.2,Bpos:516.9,Bstd:392.0,StrandBias:0.9,Multiplicity:1.05
0.107	0.132	0.731	0.030
0.047	0.815	0.081	0.057
0.120	0.046	0.162	0.672
0.065	0.867	0.001	0.067
0.063	0.765	0.118	0.054
0.984	0.001	0.001	0.014
0.056	0.001	0.085	0.858
0.001	0.001	0.001	0.997
0.001	0.075	0.054	0.870
0.054	0.083	0.078	0.785
0.085	0.830	0.001	0.084
0.019	0.071	0.834	0.076
>TDGAAAAAATCG	10-TDGAAAAAATCG	9.883060	-21.758701	0	T:71.0(29.58%),B:4856.2(13.94%),P:1e-9	Tpos:534.5,Tstd:290.9,Bpos:503.4,Bstd:393.2,StrandBias:-0.3,Multiplicity:1.42
0.035	0.315	0.071	0.579
0.311	0.022	0.354	0.313
0.027	0.001	0.852	0.120
0.845	0.110	0.044	0.001
0.842	0.123	0.034	0.001
0.960	0.001	0.001	0.038
0.949	0.049	0.001	0.001
0.831	0.043	0.050	0.076
0.935	0.036	0.001	0.028
0.064	0.135	0.063	0.738
0.001	0.973	0.025	0.001
0.183	0.073	0.743	0.001
>TGATTTTACAGC	11-TGATTTTACAGC	10.258017	-21.404120	0	T:28.0(11.67%),B:990.2(2.84%),P:1e-9	Tpos:557.3,Tstd:292.3,Bpos:488.6,Bstd:357.5,StrandBias:1.1,Multiplicity:1.11
0.045	0.082	0.091	0.782
0.025	0.117	0.750	0.108
0.892	0.001	0.037	0.070
0.001	0.001	0.070	0.928
0.001	0.102	0.039	0.858
0.001	0.001	0.001	0.997
0.022	0.116	0.001	0.861
0.731	0.199	0.001	0.069
0.060	0.774	0.060	0.106
0.829	0.026	0.095	0.050
0.134	0.044	0.806	0.016
0.112	0.801	0.021	0.066
>AAAAAACCCGCG	12-AAAAAACCCGCG	10.384113	-21.279655	0	T:40.0(16.67%),B:1920.2(5.51%),P:1e-9	Tpos:541.1,Tstd:287.7,Bpos:514.7,Bstd:389.3,StrandBias:0.5,Multiplicity:1.27
0.805	0.193	0.001	0.001
0.876	0.122	0.001	0.001
0.831	0.001	0.167	0.001
0.967	0.031	0.001	0.001
0.898	0.001	0.100	0.001
0.997	0.001	0.001	0.001
0.262	0.566	0.001	0.171
0.199	0.799	0.001	0.001
0.146	0.710	0.143	0.001
0.222	0.289	0.448	0.042
0.083	0.758	0.001	0.158
0.314	0.082	0.512	0.092
>GCGAGTKSGCAC	13-GCGAGTKSGCAC	9.012887	-20.766790	0	T:14.0(5.83%),B:219.1(0.63%),P:1e-9	Tpos:510.6,Tstd:206.5,Bpos:508.5,Bstd:386.3,StrandBias:-0.8,Multiplicity:1.00
0.273	0.001	0.682	0.044
0.001	0.997	0.001	0.001
0.001	0.001	0.997	0.001
0.766	0.001	0.001	0.232
0.220	0.001	0.778	0.001
0.279	0.001	0.001	0.719
0.001	0.001	0.553	0.445
0.001	0.556	0.442	0.001
0.001	0.001	0.997	0.001
0.269	0.729	0.001	0.001
0.997	0.001	0.001	0.001
0.001	0.997	0.001	0.001
>GCACACACAVAS	14-GCACACACAVAS	7.307591	-20.717635	0	T:67.0(27.92%),B:4548.3(13.05%),P:1e-8	Tpos:519.7,Tstd:287.7,Bpos:558.5,Bstd:376.8,StrandBias:0.3,Multiplicity:1.21
0.280	0.255	0.443	0.022
0.158	0.549	0.292	0.001
0.519	0.028	0.286	0.167
0.359	0.639	0.001	0.001
0.666	0.206	0.127	0.001
0.130	0.847	0.001	0.022
0.570	0.100	0.329	0.001
0.116	0.842	0.001	0.041
0.581	0.223	0.195	0.001
0.292	0.424	0.283	0.001
0.570	0.251	0.178	0.001
0.212	0.401	0.275	0.113
>ACGCGCCTTTAA	15-ACGCGCCTTTAA	9.792121	-20.634988	0	T:26.0(10.83%),B:888.7(2.55%),P:1e-8	Tpos:514.2,Tstd:290.9,Bpos:561.4,Bstd:345.6,StrandBias:0.4,Multiplicity:1.15
0.833	0.076	0.090	0.001
0.102	0.745	0.088	0.065
0.001	0.065	0.763	0.171
0.001	0.911	0.087	0.001
0.001	0.175	0.717	0.107
0.087	0.764	0.001	0.148
0.259	0.675	0.001	0.065
0.065	0.167	0.001	0.767
0.001	0.001	0.001	0.997
0.001	0.065	0.001	0.933
0.911	0.001	0.001	0.087
0.997	0.001	0.001	0.001
>CGAAATTTCGCA	16-CGAAATTTCGCA	9.501824	-19.126363	0	T:49.0(20.42%),B:2899.1(8.32%),P:1e-8	Tpos:518.1,Tstd:290.7,Bpos:516.7,Bstd:393.5,StrandBias:0.4,Multiplicity:1.14
0.151	0.772	0.055	0.022
0.037	0.034	0.878	0.051
0.881	0.074	0.021	0.024
0.840	0.031	0.099	0.030
0.857	0.081	0.001	0.061
0.092	0.001	0.057	0.850
0.064	0.030	0.058	0.848
0.014	0.010	0.036	0.940
0.041	0.797	0.046	0.116
0.060	0.079	0.810	0.051
0.088	0.703	0.083	0.126
0.830	0.019	0.095	0.056
>GACGAAGAGGGT	17-GACGAAGAGGGT	13.641763	-19.058426	0	T:8.0(3.33%),B:49.8(0.14%),P:1e-8	Tpos:449.1,Tstd:272.8,Bpos:588.6,Bstd:365.4,StrandBias:1.0,Multiplicity:1.12
0.001	0.001	0.997	0.001
0.997	0.001	0.001	0.001
0.123	0.875	0.001	0.001
0.001	0.001	0.997	0.001
0.997	0.001	0.001	0.001
0.850	0.001	0.148	0.001
0.001	0.001	0.997	0.001
0.997	0.001	0.001	0.001
0.001	0.001	0.997	0.001
0.119	0.001	0.879	0.001
0.129	0.001	0.699	0.171
0.001	0.171	0.001	0.827
>TCACCTTCGGAW	18-TCACCTTCGGAW	12.236308	-19.008636	0	T:7.0(2.92%),B:30.0(0.09%),P:1e-8	Tpos:623.8,Tstd:280.7,Bpos:536.9,Bstd:297.6,StrandBias:1.8,Multiplicity:1.29
0.001	0.202	0.001	0.796
0.001	0.997	0.001	0.001
0.997	0.001	0.001	0.001
0.001	0.997	0.001	0.001
0.175	0.621	0.001	0.203
0.001	0.001	0.001	0.997
0.001	0.001	0.001	0.997
0.001	0.997	0.001	0.001
0.001	0.001	0.997	0.001
0.175	0.001	0.621	0.203
0.997	0.001	0.001	0.001
0.378	0.203	0.041	0.378
>KGCCCCCCYACC	19-KGCCCCCCYACC	7.711394	-18.126149	0	T:64.0(26.67%),B:4526.9(12.99%),P:1e-7	Tpos:570.8,Tstd:280.8,Bpos:550.5,Bstd:408.0,StrandBias:3.2,Multiplicity:1.23
0.114	0.232	0.270	0.385
0.056	0.286	0.440	0.218
0.001	0.650	0.111	0.238
0.001	0.805	0.001	0.193
0.055	0.889	0.055	0.001
0.223	0.693	0.001	0.083
0.001	0.888	0.110	0.001
0.001	0.997	0.001	0.001
0.188	0.373	0.049	0.390
0.514	0.149	0.001	0.336
0.055	0.643	0.001	0.301
0.001	0.703	0.001	0.295
>ATAAAAGTGCAG	20-ATAAAAGTGCAG	10.193368	-18.032454	0	T:30.0(12.50%),B:1316.0(3.78%),P:1e-7	Tpos:515.6,Tstd:274.3,Bpos:520.0,Bstd:333.5,StrandBias:-1.7,Multiplicity:1.13
0.741	0.001	0.148	0.110
0.165	0.089	0.075	0.671
0.854	0.053	0.040	0.053
0.913	0.001	0.085	0.001
0.997	0.001	0.001	0.001
0.918	0.037	0.001	0.044
0.068	0.001	0.777	0.154
0.017	0.029	0.001	0.953
0.018	0.061	0.879	0.042
0.065	0.819	0.028	0.088
0.713	0.087	0.199	0.001
0.042	0.067	0.774	0.117
>TTTTCTCATTTT	21-TTTTCTCATTTT	11.630053	-17.761264	0	T:71.0(29.58%),B:5336.3(15.32%),P:1e-7	Tpos:528.3,Tstd:321.5,Bpos:528.7,Bstd:369.3,StrandBias:1.7,Multiplicity:1.30
0.030	0.001	0.001	0.968
0.001	0.014	0.001	0.984
0.031	0.015	0.041	0.913
0.017	0.001	0.001	0.981
0.001	0.944	0.029	0.026
0.101	0.034	0.001	0.864
0.028	0.889	0.082	0.001
0.855	0.025	0.047	0.073
0.147	0.030	0.033	0.790
0.018	0.026	0.038	0.918
0.001	0.001	0.043	0.955
0.022	0.013	0.032	0.933
>GTTGCGAGACCC	22-GTTGCGAGACCC	8.967592	-15.636403	0	T:35.0(14.58%),B:1905.7(5.47%),P:1e-6	Tpos:541.9,Tstd:244.5,Bpos:547.0,Bstd:358.4,StrandBias:-0.1,Multiplicity:1.23
0.001	0.059	0.939	0.001
0.001	0.120	0.001	0.878
0.001	0.091	0.192	0.716
0.098	0.126	0.670	0.106
0.062	0.935	0.001	0.002
0.115	0.001	0.883	0.001
0.719	0.105	0.175	0.001
0.061	0.001	0.937	0.001
0.997	0.001	0.001	0.001
0.001	0.803	0.105	0.091
0.091	0.756	0.062	0.091
0.152	0.781	0.065	0.002
>CGCCWCCGCGGC	23-CGCCWCCGCGGC	11.932020	-15.491361	0	T:8.0(3.33%),B:81.7(0.23%),P:1e-6	Tpos:587.8,Tstd:311.3,Bpos:541.3,Bstd:458.9,StrandBias:0.0,Multiplicity:1.25
0.001	0.631	0.367	0.001
0.001	0.001	0.997	0.001
0.001	0.789	0.209	0.001
0.001	0.997	0.001	0.001
0.363	0.158	0.001	0.478
0.001	0.751	0.001	0.247
0.001	0.997	0.001	0.001
0.001	0.001	0.997	0.001
0.001	0.997	0.001	0.001
0.001	0.001	0.768	0.230
0.001	0.001	0.834	0.164
0.001	0.816	0.001	0.182
>TCCCCGGAGGGA	24-TCCCCGGAGGGA	14.952222	-10.214822	0	T:3.0(1.25%),B:7.2(0.02%),P:1e-4	Tpos:633.0,Tstd:264.0,Bpos:511.4,Bstd:412.3,StrandBias:2.0,Multiplicity:1.67
0.001	0.001	0.001	0.997
0.001	0.997	0.001	0.001
0.001	0.997	0.001	0.001
0.001	0.997	0.001	0.001
0.001	0.997	0.001	0.001
0.243	0.192	0.564	0.001
0.001	0.001	0.997	0.001
0.997	0.001	0.001	0.001
0.001	0.001	0.997	0.001
0.001	0.001	0.997	0.001
0.001	0.001	0.997	0.001
0.997	0.001	0.001	0.001
>AGGCCSGGCCTG	25-AGGCCSGGCCTG	11.366433	-9.361523	0	T:3.0(1.25%),B:10.6(0.03%),P:1e-4	Tpos:499.2,Tstd:185.1,Bpos:540.2,Bstd:245.9,StrandBias:0.0,Multiplicity:1.67
0.531	0.182	0.156	0.131
0.001	0.001	0.997	0.001
0.001	0.363	0.618	0.018
0.001	0.997	0.001	0.001
0.001	0.850	0.131	0.018
0.156	0.313	0.374	0.156
0.001	0.155	0.843	0.001
0.001	0.013	0.985	0.001
0.001	0.996	0.002	0.001
0.001	0.997	0.001	0.001
0.170	0.156	0.001	0.673
0.164	0.003	0.651	0.182
>TCTCTCTC	1-TCTCTCTC	8.266210	-26.447037	0	T:108.0(45.00%),B:8495.0(24.38%),P:1e-11	Tpos:533.3,Tstd:295.7,Bpos:560.3,Bstd:383.4,StrandBias:1.8,Multiplicity:1.43
0.001	0.001	0.082	0.916
0.001	0.789	0.001	0.209
0.001	0.001	0.037	0.961
0.001	0.997	0.001	0.001
0.001	0.001	0.001	0.997
0.001	0.997	0.001	0.001
0.001	0.001	0.118	0.880
0.001	0.900	0.098	0.001
>ATCGATTT	2-ATCGATTT	8.815527	-22.724330	0	T:88.0(36.67%),B:6618.1(18.99%),P:1e-9	Tpos:540.7,Tstd:309.0,Bpos:533.3,Bstd:400.7,StrandBias:0.5,Multiplicity:1.36
0.997	0.001	0.001	0.001
0.001	0.001	0.001	0.997
0.001	0.997	0.001	0.001
0.001	0.001	0.997	0.001
0.997	0.001	0.001	0.001
0.001	0.001	0.001	0.997
0.001	0.001	0.001	0.997
0.001	0.001	0.105	0.893
>GCGGTCCC	3-GCGGTCCC	7.219862	-19.857759	0	T:35.0(14.58%),B:1601.7(4.60%),P:1e-8	Tpos:486.0,Tstd:313.4,Bpos:531.8,Bstd:384.1,StrandBias:-0.2,Multiplicity:1.10
0.028	0.001	0.956	0.015
0.008	0.967	0.024	0.001
0.063	0.001	0.928	0.008
0.001	0.016	0.970	0.013
0.076	0.027	0.025	0.872
0.001	0.861	0.137	0.001
0.025	0.681	0.137	0.157
0.049	0.780	0.001	0.170
>ACACGCGK	4-ACACGCGK	6.202927	-18.488821	0	T:107.0(44.58%),B:9530.6(27.35%),P:1e-8	Tpos:540.0,Tstd:286.1,Bpos:531.6,Bstd:373.3,StrandBias:-0.5,Multiplicity:1.37
0.919	0.079	0.001	0.001
0.314	0.517	0.029	0.140
0.742	0.256	0.001	0.001
0.001	0.940	0.001	0.058
0.069	0.206	0.724	0.001
0.363	0.635	0.001	0.001
0.103	0.166	0.730	0.001
0.107	0.001	0.455	0.438
>GACGACGC	5-GACGACGC	5.541065	-17.290046	0	T:118.0(49.17%),B:11167.8(32.05%),P:1e-7	Tpos:538.2,Tstd:297.4,Bpos:517.4,Bstd:397.6,StrandBias:-0.5,Multiplicity:1.53
0.048	0.098	0.793	0.061
0.746	0.042	0.123	0.089
0.059	0.736	0.073	0.132
0.108	0.092	0.741	0.059
0.728	0.115	0.096	0.061
0.178	0.720	0.076	0.026
0.063	0.026	0.872	0.039
0.160	0.672	0.098	0.070
>TTAGCGAT	6-TTAGCGAT	8.596639	-15.863983	0	T:40.0(16.67%),B:2344.9(6.73%),P:1e-6	Tpos:471.7,Tstd:273.0,Bpos:503.7,Bstd:369.6,StrandBias:-0.3,Multiplicity:1.10
0.001	0.001	0.001	0.997
0.108	0.223	0.001	0.668
0.997	0.001	0.001	0.001
0.001	0.185	0.813	0.001
0.001	0.997	0.001	0.001
0.001	0.001	0.997	0.001
0.997	0.001	0.001	0.001
0.001	0.043	0.001	0.955
>GTGTGTGC	7-GTGTGTGC	6.888911	-15.666698	0	T:84.0(35.00%),B:7149.0(20.52%),P:1e-6	Tpos:530.2,Tstd:283.8,Bpos:550.4,Bstd:384.8,StrandBias:-0.1,Multiplicity:1.35
0.001	0.071	0.927	0.001
0.041	0.029	0.001	0.929
0.001	0.001	0.997	0.001
0.001	0.039	0.001	0.959
0.019	0.001	0.979	0.001
0.001	0.179	0.001	0.819
0.045	0.001	0.813	0.141
0.001	0.686	0.001	0.312
>AAAATCAA	8-AAAATCAA	9.459884	-14.373450	0	T:130.0(54.17%),B:13374.8(38.39%),P:1e-6	Tpos:508.9,Tstd:278.9,Bpos:511.6,Bstd:363.2,StrandBias:-0.6,Multiplicity:1.55
0.997	0.001	0.001	0.001
0.997	0.001	0.001	0.001
0.798	0.200	0.001	0.001
0.997	0.001	0.001	0.001
0.001	0.001	0.001	0.997
0.001	0.997	0.001	0.001
0.997	0.001	0.001	0.001
0.997	0.001	0.001	0.001
>CGCGGCGC	9-CGCGGCGC	7.621223	-13.584085	0	T:44.0(18.33%),B:2967.9(8.52%),P:1e-5	Tpos:470.6,Tstd:255.4,Bpos:533.4,Bstd:423.2,StrandBias:-0.6,Multiplicity:1.32
0.084	0.790	0.001	0.125
0.041	0.001	0.957	0.001
0.001	0.997	0.001	0.001
0.001	0.001	0.997	0.001
0.117	0.188	0.522	0.173
0.001	0.997	0.001	0.001
0.001	0.119	0.852	0.028
0.098	0.879	0.001	0.022
>TTCTGTCG	10-TTCTGTCG	7.683735	-13.497234	0	T:58.0(24.17%),B:4469.8(12.83%),P:1e-5	Tpos:477.8,Tstd:293.2,Bpos:495.4,Bstd:367.3,StrandBias:0.5,Multiplicity:1.07
0.001	0.001	0.001	0.997
0.001	0.001	0.001	0.997
0.001	0.686	0.312	0.001
0.001	0.001	0.389	0.609
0.001	0.001	0.997	0.001
0.170	0.001	0.001	0.828
0.097	0.901	0.001	0.001
0.001	0.001	0.997	0.001
>ACTCTATC	11-ACTCTATC	8.574640	-12.106515	0	T:54.0(22.50%),B:4225.0(12.13%),P:1e-5	Tpos:478.3,Tstd:292.3,Bpos:539.2,Bstd:341.3,StrandBias:1.2,Multiplicity:1.12
0.686	0.001	0.312	0.001
0.001	0.997	0.001	0.001
0.001	0.001	0.001	0.997
0.001	0.657	0.001	0.341
0.001	0.001	0.001	0.997
0.771	0.227	0.001	0.001
0.001	0.001	0.001	0.997
0.001	0.997	0.001	0.001
>AAATCGCC	12-AAATCGCC	8.425686	-11.947435	0	T:55.0(22.92%),B:4359.1(12.51%),P:1e-5	Tpos:567.5,Tstd:259.0,Bpos:492.2,Bstd:393.9,StrandBias:0.2,Multiplicity:1.20
0.997	0.001	0.001	0.001
0.887	0.001	0.111	0.001
0.997	0.001	0.001	0.001
0.001	0.001	0.001	0.997
0.001	0.997	0.001	0.001
0.191	0.001	0.807	0.001
0.001	0.789	0.209	0.001
0.001	0.997	0.001	0.001
>TTACGCTA	13-TTACGCTA	7.533774	-11.174491	0	T:41.0(17.08%),B:2946.3(8.46%),P:1e-4	Tpos:534.5,Tstd:271.1,Bpos:497.0,Bstd:364.2,StrandBias:0.2,Multiplicity:1.23
0.001	0.001	0.016	0.982
0.029	0.001	0.001	0.969
0.815	0.166	0.018	0.001
0.271	0.695	0.001	0.033
0.050	0.015	0.934	0.001
0.097	0.784	0.001	0.118
0.045	0.077	0.001	0.877
0.939	0.001	0.059	0.001
>AAAACCCC	14-AAAACCCC	7.229169	-9.704766	0	T:98.0(40.83%),B:10099.9(28.99%),P:1e-4	Tpos:571.2,Tstd:298.4,Bpos:518.9,Bstd:389.6,StrandBias:0.6,Multiplicity:1.48
0.942	0.014	0.023	0.021
0.945	0.016	0.011	0.028
0.959	0.037	0.002	0.002
0.810	0.064	0.001	0.125
0.190	0.808	0.001	0.001
0.048	0.893	0.009	0.050
0.001	0.997	0.001	0.001
0.001	0.787	0.144	0.068
>TCTCGCVA	15-TCTCGCVA	5.682686	-9.064448	0	T:93.0(38.75%),B:9596.5(27.54%),P:1e-3	Tpos:514.4,Tstd:275.8,Bpos:524.5,Bstd:388.6,StrandBias:0.5,Multiplicity:1.45
0.203	0.001	0.001	0.795
0.001	0.972	0.007	0.020
0.015	0.084	0.001	0.900
0.001	0.997	0.001	0.001
0.001	0.001	0.997	0.001
0.001	0.997	0.001	0.001
0.317	0.310	0.372	0.001
0.997	0.001	0.001	0.001
>CCCCCCCC	16-CCCCCCCC	7.891371	-8.619854	0	T:29.0(12.08%),B:2024.4(5.81%),P:1e-3	Tpos:589.4,Tstd:283.1,Bpos:556.0,Bstd:415.5,StrandBias:5.0,Multiplicity:1.24
0.001	0.884	0.073	0.042
0.001	0.843	0.121	0.035
0.001	0.997	0.001	0.001
0.032	0.896	0.001	0.071
0.036	0.962	0.001	0.001
0.001	0.961	0.001	0.037
0.001	0.938	0.001	0.060
0.029	0.892	0.022	0.057
