>TCTCTCTC	1-TCTCTCTC	8.266210	-26.447037	0	T:108.0(45.00%),B:8495.0(24.38%),P:1e-11	Tpos:533.3,Tstd:295.7,Bpos:560.3,Bstd:383.4,StrandBias:1.8,Multiplicity:1.43
0.001	0.001	0.082	0.916
0.001	0.789	0.001	0.209
0.001	0.001	0.037	0.961
0.001	0.997	0.001	0.001
0.001	0.001	0.001	0.997
0.001	0.997	0.001	0.001
0.001	0.001	0.118	0.880
0.001	0.900	0.098	0.001
>ATCGATTT	2-ATCGATTT	8.815527	-22.724330	0	T:88.0(36.67%),B:6618.1(18.99%),P:1e-9	Tpos:540.7,Tstd:309.0,Bpos:533.3,Bstd:400.7,StrandBias:0.5,Multiplicity:1.36
0.997	0.001	0.001	0.001
0.001	0.001	0.001	0.997
0.001	0.997	0.001	0.001
0.001	0.001	0.997	0.001
0.997	0.001	0.001	0.001
0.001	0.001	0.001	0.997
0.001	0.001	0.001	0.997
0.001	0.001	0.105	0.893
>GCGGTCCC	3-GCGGTCCC	7.219862	-19.857759	0	T:35.0(14.58%),B:1601.7(4.60%),P:1e-8	Tpos:486.0,Tstd:313.4,Bpos:531.8,Bstd:384.1,StrandBias:-0.2,Multiplicity:1.10
0.028	0.001	0.956	0.015
0.008	0.967	0.024	0.001
0.063	0.001	0.928	0.008
0.001	0.016	0.970	0.013
0.076	0.027	0.025	0.872
0.001	0.861	0.137	0.001
0.025	0.681	0.137	0.157
0.049	0.780	0.001	0.170
>ACACGCGK	4-ACACGCGK	6.202927	-18.488821	0	T:107.0(44.58%),B:9530.6(27.35%),P:1e-8	Tpos:540.0,Tstd:286.1,Bpos:531.6,Bstd:373.3,StrandBias:-0.5,Multiplicity:1.37
0.919	0.079	0.001	0.001
0.314	0.517	0.029	0.140
0.742	0.256	0.001	0.001
0.001	0.940	0.001	0.058
0.069	0.206	0.724	0.001
0.363	0.635	0.001	0.001
0.103	0.166	0.730	0.001
0.107	0.001	0.455	0.438
>GACGACGC	5-GACGACGC	5.541065	-17.290046	0	T:118.0(49.17%),B:11167.8(32.05%),P:1e-7	Tpos:538.2,Tstd:297.4,Bpos:517.4,Bstd:397.6,StrandBias:-0.5,Multiplicity:1.53
0.048	0.098	0.793	0.061
0.746	0.042	0.123	0.089
0.059	0.736	0.073	0.132
0.108	0.092	0.741	0.059
0.728	0.115	0.096	0.061
0.178	0.720	0.076	0.026
0.063	0.026	0.872	0.039
0.160	0.672	0.098	0.070
>TTAGCGAT	6-TTAGCGAT	8.596639	-15.863983	0	T:40.0(16.67%),B:2344.9(6.73%),P:1e-6	Tpos:471.7,Tstd:273.0,Bpos:503.7,Bstd:369.6,StrandBias:-0.3,Multiplicity:1.10
0.001	0.001	0.001	0.997
0.108	0.223	0.001	0.668
0.997	0.001	0.001	0.001
0.001	0.185	0.813	0.001
0.001	0.997	0.001	0.001
0.001	0.001	0.997	0.001
0.997	0.001	0.001	0.001
0.001	0.043	0.001	0.955
>GTGTGTGC	7-GTGTGTGC	6.888911	-15.666698	0	T:84.0(35.00%),B:7149.0(20.52%),P:1e-6	Tpos:530.2,Tstd:283.8,Bpos:550.4,Bstd:384.8,StrandBias:-0.1,Multiplicity:1.35
0.001	0.071	0.927	0.001
0.041	0.029	0.001	0.929
0.001	0.001	0.997	0.001
0.001	0.039	0.001	0.959
0.019	0.001	0.979	0.001
0.001	0.179	0.001	0.819
0.045	0.001	0.813	0.141
0.001	0.686	0.001	0.312
>AAAATCAA	8-AAAATCAA	9.459884	-14.373450	0	T:130.0(54.17%),B:13374.8(38.39%),P:1e-6	Tpos:508.9,Tstd:278.9,Bpos:511.6,Bstd:363.2,StrandBias:-0.6,Multiplicity:1.55
0.997	0.001	0.001	0.001
0.997	0.001	0.001	0.001
0.798	0.200	0.001	0.001
0.997	0.001	0.001	0.001
0.001	0.001	0.001	0.997
0.001	0.997	0.001	0.001
0.997	0.001	0.001	0.001
0.997	0.001	0.001	0.001
>CGCGGCGC	9-CGCGGCGC	7.621223	-13.584085	0	T:44.0(18.33%),B:2967.9(8.52%),P:1e-5	Tpos:470.6,Tstd:255.4,Bpos:533.4,Bstd:423.2,StrandBias:-0.6,Multiplicity:1.32
0.084	0.790	0.001	0.125
0.041	0.001	0.957	0.001
0.001	0.997	0.001	0.001
0.001	0.001	0.997	0.001
0.117	0.188	0.522	0.173
0.001	0.997	0.001	0.001
0.001	0.119	0.852	0.028
0.098	0.879	0.001	0.022
>TTCTGTCG	10-TTCTGTCG	7.683735	-13.497234	0	T:58.0(24.17%),B:4469.8(12.83%),P:1e-5	Tpos:477.8,Tstd:293.2,Bpos:495.4,Bstd:367.3,StrandBias:0.5,Multiplicity:1.07
0.001	0.001	0.001	0.997
0.001	0.001	0.001	0.997
0.001	0.686	0.312	0.001
0.001	0.001	0.389	0.609
0.001	0.001	0.997	0.001
0.170	0.001	0.001	0.828
0.097	0.901	0.001	0.001
0.001	0.001	0.997	0.001
>ACTCTATC	11-ACTCTATC	8.574640	-12.106515	0	T:54.0(22.50%),B:4225.0(12.13%),P:1e-5	Tpos:478.3,Tstd:292.3,Bpos:539.2,Bstd:341.3,StrandBias:1.2,Multiplicity:1.12
0.686	0.001	0.312	0.001
0.001	0.997	0.001	0.001
0.001	0.001	0.001	0.997
0.001	0.657	0.001	0.341
0.001	0.001	0.001	0.997
0.771	0.227	0.001	0.001
0.001	0.001	0.001	0.997
0.001	0.997	0.001	0.001
>AAATCGCC	12-AAATCGCC	8.425686	-11.947435	0	T:55.0(22.92%),B:4359.1(12.51%),P:1e-5	Tpos:567.5,Tstd:259.0,Bpos:492.2,Bstd:393.9,StrandBias:0.2,Multiplicity:1.20
0.997	0.001	0.001	0.001
0.887	0.001	0.111	0.001
0.997	0.001	0.001	0.001
0.001	0.001	0.001	0.997
0.001	0.997	0.001	0.001
0.191	0.001	0.807	0.001
0.001	0.789	0.209	0.001
0.001	0.997	0.001	0.001
>TTACGCTA	13-TTACGCTA	7.533774	-11.174491	0	T:41.0(17.08%),B:2946.3(8.46%),P:1e-4	Tpos:534.5,Tstd:271.1,Bpos:497.0,Bstd:364.2,StrandBias:0.2,Multiplicity:1.23
0.001	0.001	0.016	0.982
0.029	0.001	0.001	0.969
0.815	0.166	0.018	0.001
0.271	0.695	0.001	0.033
0.050	0.015	0.934	0.001
0.097	0.784	0.001	0.118
0.045	0.077	0.001	0.877
0.939	0.001	0.059	0.001
>AAAACCCC	14-AAAACCCC	7.229169	-9.704766	0	T:98.0(40.83%),B:10099.9(28.99%),P:1e-4	Tpos:571.2,Tstd:298.4,Bpos:518.9,Bstd:389.6,StrandBias:0.6,Multiplicity:1.48
0.942	0.014	0.023	0.021
0.945	0.016	0.011	0.028
0.959	0.037	0.002	0.002
0.810	0.064	0.001	0.125
0.190	0.808	0.001	0.001
0.048	0.893	0.009	0.050
0.001	0.997	0.001	0.001
0.001	0.787	0.144	0.068
>TCTCGCVA	15-TCTCGCVA	5.682686	-9.064448	0	T:93.0(38.75%),B:9596.5(27.54%),P:1e-3	Tpos:514.4,Tstd:275.8,Bpos:524.5,Bstd:388.6,StrandBias:0.5,Multiplicity:1.45
0.203	0.001	0.001	0.795
0.001	0.972	0.007	0.020
0.015	0.084	0.001	0.900
0.001	0.997	0.001	0.001
0.001	0.001	0.997	0.001
0.001	0.997	0.001	0.001
0.317	0.310	0.372	0.001
0.997	0.001	0.001	0.001
>CCCCCCCC	16-CCCCCCCC	7.891371	-8.619854	0	T:29.0(12.08%),B:2024.4(5.81%),P:1e-3	Tpos:589.4,Tstd:283.1,Bpos:556.0,Bstd:415.5,StrandBias:5.0,Multiplicity:1.24
0.001	0.884	0.073	0.042
0.001	0.843	0.121	0.035
0.001	0.997	0.001	0.001
0.032	0.896	0.001	0.071
0.036	0.962	0.001	0.001
0.001	0.961	0.001	0.037
0.001	0.938	0.001	0.060
0.029	0.892	0.022	0.057
