>TTCGCAAC	1-TTCGCAAC	6.751299	-23.041016	0	T:108.0(62.07%),B:13900.1(37.85%),P:1e-10	Tpos:489.8,Tstd:285.0,Bpos:518.5,Bstd:339.2,StrandBias:0.4,Multiplicity:1.44
0.001	0.226	0.017	0.756
0.001	0.211	0.007	0.781
0.054	0.880	0.065	0.001
0.071	0.199	0.729	0.001
0.001	0.739	0.051	0.209
0.694	0.248	0.057	0.001
0.961	0.008	0.030	0.001
0.001	0.724	0.001	0.274
>GCAYGAAY	2-GCAYGAAY	3.443351	-20.179371	0	T:75.0(43.10%),B:8300.0(22.60%),P:1e-8	Tpos:491.8,Tstd:285.9,Bpos:503.9,Bstd:333.2,StrandBias:-0.2,Multiplicity:1.31
0.001	0.001	0.997	0.001
0.073	0.925	0.001	0.001
0.997	0.001	0.001	0.001
0.001	0.519	0.001	0.479
0.001	0.001	0.997	0.001
0.997	0.001	0.001	0.001
0.997	0.001	0.001	0.001
0.001	0.524	0.001	0.474
>CGCGCATT	3-CGCGCATT	7.113014	-20.082188	0	T:70.0(40.23%),B:7470.1(20.34%),P:1e-8	Tpos:489.8,Tstd:291.3,Bpos:519.3,Bstd:349.1,StrandBias:0.1,Multiplicity:1.23
0.001	0.954	0.001	0.044
0.001	0.001	0.937	0.061
0.068	0.930	0.001	0.001
0.056	0.040	0.770	0.134
0.238	0.723	0.001	0.038
0.907	0.091	0.001	0.001
0.074	0.001	0.010	0.915
0.001	0.001	0.059	0.939
>CGCGTTTG	4-CGCGTTTG	7.249286	-13.751924	0	T:52.0(29.89%),B:5642.6(15.37%),P:1e-5	Tpos:586.6,Tstd:255.4,Bpos:522.5,Bstd:341.7,StrandBias:-0.1,Multiplicity:1.23
0.001	0.906	0.036	0.057
0.070	0.001	0.892	0.037
0.066	0.932	0.001	0.001
0.090	0.070	0.839	0.001
0.001	0.001	0.012	0.986
0.067	0.012	0.001	0.920
0.001	0.055	0.016	0.928
0.001	0.317	0.681	0.001
>CTGTGCCG	5-CTGTGCCG	8.672570	-13.552600	0	T:15.0(8.62%),B:684.4(1.86%),P:1e-5	Tpos:605.9,Tstd:244.9,Bpos:482.6,Bstd:318.9,StrandBias:0.6,Multiplicity:1.00
0.001	0.997	0.001	0.001
0.001	0.001	0.001	0.997
0.128	0.001	0.870	0.001
0.001	0.001	0.001	0.997
0.109	0.001	0.889	0.001
0.001	0.954	0.044	0.001
0.001	0.997	0.001	0.001
0.001	0.001	0.997	0.001
>GAYCAAGT	6-GAYCAAGT	8.338528	-13.342009	0	T:53.0(30.46%),B:5882.1(16.02%),P:1e-5	Tpos:389.2,Tstd:260.7,Bpos:486.7,Bstd:315.5,StrandBias:0.2,Multiplicity:1.21
0.001	0.001	0.997	0.001
0.997	0.001	0.001	0.001
0.115	0.439	0.001	0.445
0.001	0.997	0.001	0.001
0.997	0.001	0.001	0.001
0.997	0.001	0.001	0.001
0.001	0.001	0.850	0.148
0.001	0.001	0.001	0.997
>TTGCMCCT	7-TTGCMCCT	8.166582	-11.496153	0	T:21.0(12.07%),B:1492.9(4.07%),P:1e-4	Tpos:606.1,Tstd:285.3,Bpos:524.3,Bstd:306.4,StrandBias:0.4,Multiplicity:1.10
0.001	0.001	0.001	0.997
0.001	0.001	0.001	0.997
0.097	0.001	0.901	0.001
0.001	0.997	0.001	0.001
0.564	0.434	0.001	0.001
0.001	0.997	0.001	0.001
0.001	0.997	0.001	0.001
0.001	0.001	0.001	0.997
>CTCGCTTT	8-CTCGCTTT	8.989881	-9.835504	0	T:19.0(10.92%),B:1419.3(3.87%),P:1e-4	Tpos:502.3,Tstd:297.5,Bpos:513.5,Bstd:364.3,StrandBias:1.7,Multiplicity:1.17
0.001	0.997	0.001	0.001
0.001	0.001	0.001	0.997
0.001	0.997	0.001	0.001
0.001	0.001	0.997	0.001
0.001	0.997	0.001	0.001
0.001	0.001	0.001	0.997
0.001	0.001	0.001	0.997
0.125	0.001	0.001	0.873
