>AAAGGTGCAAGG	1-AAAGGTGCAAGG	14.455665	-30.194956	0	T:7.0(4.02%),B:6.9(0.02%),P:1e-13	Tpos:749.6,Tstd:116.9,Bpos:547.9,Bstd:173.5,StrandBias:0.7,Multiplicity:1.14
0.997	0.001	0.001	0.001
0.863	0.001	0.001	0.135
0.997	0.001	0.001	0.001
0.001	0.001	0.997	0.001
0.001	0.001	0.997	0.001
0.001	0.001	0.001	0.997
0.001	0.001	0.997	0.001
0.001	0.997	0.001	0.001
0.997	0.001	0.001	0.001
0.997	0.001	0.001	0.001
0.001	0.001	0.863	0.135
0.001	0.001	0.997	0.001
>AAWCCSCCACCT	2-AAWCCSCCACCT	11.611251	-30.194956	0	T:7.0(4.02%),B:6.9(0.02%),P:1e-13	Tpos:594.0,Tstd:260.7,Bpos:428.1,Bstd:235.5,StrandBias:1.3,Multiplicity:1.00
0.913	0.023	0.001	0.063
0.997	0.001	0.001	0.001
0.456	0.001	0.001	0.542
0.001	0.997	0.001	0.001
0.001	0.997	0.001	0.001
0.001	0.542	0.456	0.001
0.001	0.997	0.001	0.001
0.001	0.997	0.001	0.001
0.997	0.001	0.001	0.001
0.001	0.997	0.001	0.001
0.001	0.997	0.001	0.001
0.001	0.001	0.001	0.997
>GGWTAWTAACCA	3-GGWTAWTAACCA	11.852277	-27.072983	0	T:10.0(5.75%),B:62.1(0.17%),P:1e-11	Tpos:644.0,Tstd:347.3,Bpos:521.1,Bstd:326.1,StrandBias:-0.2,Multiplicity:1.00
0.001	0.001	0.997	0.001
0.001	0.001	0.756	0.242
0.509	0.001	0.001	0.489
0.001	0.001	0.001	0.997
0.795	0.001	0.203	0.001
0.437	0.203	0.001	0.359
0.001	0.235	0.001	0.763
0.848	0.001	0.150	0.001
0.864	0.001	0.001	0.134
0.161	0.837	0.001	0.001
0.001	0.997	0.001	0.001
0.967	0.001	0.031	0.001
>ATTTATAACGAA	4-ATTTATAACGAA	13.362280	-24.776331	0	T:12.0(6.90%),B:148.9(0.41%),P:1e-10	Tpos:438.5,Tstd:274.6,Bpos:505.9,Bstd:334.4,StrandBias:0.0,Multiplicity:1.00
0.840	0.001	0.158	0.001
0.221	0.001	0.001	0.777
0.001	0.001	0.001	0.997
0.001	0.111	0.001	0.887
0.905	0.001	0.001	0.093
0.001	0.083	0.107	0.809
0.997	0.001	0.001	0.001
0.997	0.001	0.001	0.001
0.001	0.997	0.001	0.001
0.001	0.001	0.997	0.001
0.887	0.001	0.111	0.001
0.997	0.001	0.001	0.001
>CCAGTTGTYAGC	5-CCAGTTGTYAGC	11.665678	-24.457961	0	T:9.0(5.17%),B:56.2(0.15%),P:1e-10	Tpos:619.3,Tstd:305.2,Bpos:506.3,Bstd:343.3,StrandBias:0.3,Multiplicity:1.00
0.001	0.997	0.001	0.001
0.193	0.613	0.193	0.001
0.997	0.001	0.001	0.001
0.001	0.001	0.997	0.001
0.001	0.221	0.001	0.777
0.001	0.193	0.193	0.613
0.001	0.001	0.997	0.001
0.001	0.001	0.001	0.997
0.193	0.349	0.001	0.457
0.777	0.221	0.001	0.001
0.155	0.001	0.843	0.001
0.001	0.997	0.001	0.001
>AGAGGAACATAA	6-AGAGGAACATAA	13.312079	-24.315388	0	T:9.0(5.17%),B:57.8(0.16%),P:1e-10	Tpos:487.1,Tstd:293.3,Bpos:594.1,Bstd:247.7,StrandBias:0.3,Multiplicity:1.00
0.878	0.001	0.001	0.120
0.065	0.001	0.933	0.001
0.826	0.001	0.001	0.172
0.001	0.001	0.997	0.001
0.200	0.001	0.798	0.001
0.871	0.001	0.127	0.001
0.997	0.001	0.001	0.001
0.001	0.997	0.001	0.001
0.997	0.001	0.001	0.001
0.078	0.001	0.137	0.784
0.997	0.001	0.001	0.001
0.997	0.001	0.001	0.001
>TAATTTATATGT	7-TAATTTATATGT	11.465214	-22.745197	0	T:21.0(12.07%),B:752.0(2.05%),P:1e-9	Tpos:523.4,Tstd:295.7,Bpos:496.3,Bstd:313.0,StrandBias:1.4,Multiplicity:1.05
0.095	0.001	0.001	0.903
0.895	0.001	0.001	0.103
0.997	0.001	0.001	0.001
0.124	0.001	0.001	0.874
0.030	0.001	0.001	0.968
0.001	0.001	0.001	0.997
0.866	0.001	0.132	0.001
0.079	0.001	0.001	0.919
0.936	0.001	0.001	0.062
0.099	0.001	0.001	0.899
0.001	0.001	0.883	0.115
0.132	0.001	0.001	0.866
>TCTTTATATATC	8-TCTTTATATATC	11.687144	-22.079876	0	T:11.0(6.32%),B:146.7(0.40%),P:1e-9	Tpos:594.6,Tstd:236.1,Bpos:546.3,Bstd:317.2,StrandBias:0.8,Multiplicity:1.00
0.001	0.001	0.001	0.997
0.106	0.892	0.001	0.001
0.001	0.001	0.001	0.997
0.001	0.001	0.001	0.997
0.001	0.117	0.001	0.881
0.997	0.001	0.001	0.001
0.079	0.001	0.001	0.919
0.881	0.001	0.001	0.117
0.001	0.001	0.134	0.864
0.997	0.001	0.001	0.001
0.001	0.103	0.001	0.895
0.098	0.830	0.001	0.071
>TATTTTAACTAT	9-TATTTTAACTAT	13.088229	-21.908299	0	T:14.0(8.05%),B:296.7(0.81%),P:1e-9	Tpos:358.9,Tstd:204.2,Bpos:502.0,Bstd:335.8,StrandBias:-0.4,Multiplicity:1.00
0.067	0.088	0.001	0.844
0.934	0.001	0.001	0.064
0.001	0.001	0.001	0.997
0.001	0.001	0.001	0.997
0.001	0.001	0.001	0.997
0.001	0.001	0.001	0.997
0.936	0.001	0.001	0.062
0.779	0.101	0.119	0.001
0.048	0.903	0.001	0.048
0.074	0.001	0.072	0.853
0.997	0.001	0.001	0.001
0.001	0.001	0.001	0.997
>YCAGAATGAATG	10-YCAGAATGAATG	9.832725	-21.750530	0	T:25.0(14.37%),B:1152.9(3.14%),P:1e-9	Tpos:511.0,Tstd:333.4,Bpos:520.2,Bstd:324.3,StrandBias:-0.9,Multiplicity:1.04
0.001	0.507	0.001	0.491
0.001	0.848	0.074	0.077
0.793	0.121	0.085	0.001
0.001	0.001	0.822	0.176
0.902	0.096	0.001	0.001
0.902	0.096	0.001	0.001
0.040	0.001	0.001	0.958
0.291	0.001	0.707	0.001
0.864	0.134	0.001	0.001
0.997	0.001	0.001	0.001
0.001	0.001	0.001	0.997
0.125	0.154	0.614	0.107
>TAATTTTCTGCT	11-TAATTTTCTGCT	12.125456	-21.531838	0	T:17.0(9.77%),B:497.5(1.35%),P:1e-9	Tpos:585.4,Tstd:291.8,Bpos:501.2,Bstd:319.4,StrandBias:1.0,Multiplicity:1.06
0.067	0.070	0.001	0.862
0.997	0.001	0.001	0.001
0.929	0.001	0.001	0.069
0.164	0.001	0.001	0.834
0.001	0.001	0.001	0.997
0.001	0.145	0.001	0.853
0.001	0.001	0.001	0.997
0.001	0.997	0.001	0.001
0.032	0.001	0.001	0.966
0.097	0.126	0.716	0.061
0.001	0.913	0.085	0.001
0.064	0.001	0.001	0.934
>GTTTGCAAACAG	12-GTTTGCAAACAG	10.227883	-21.144364	0	T:16.0(9.20%),B:441.3(1.20%),P:1e-9	Tpos:439.1,Tstd:239.1,Bpos:517.9,Bstd:305.7,StrandBias:0.3,Multiplicity:1.07
0.001	0.184	0.814	0.001
0.001	0.001	0.001	0.997
0.001	0.001	0.001	0.997
0.001	0.001	0.001	0.997
0.001	0.119	0.879	0.001
0.048	0.950	0.001	0.001
0.997	0.001	0.001	0.001
0.678	0.001	0.001	0.320
0.997	0.001	0.001	0.001
0.001	0.898	0.100	0.001
0.807	0.127	0.001	0.065
0.014	0.101	0.538	0.347
>TTCGATCGAAAC	13-TTCGATCGAAAC	13.349951	-20.654322	0	T:8.0(4.60%),B:59.5(0.16%),P:1e-8	Tpos:574.8,Tstd:203.0,Bpos:486.4,Bstd:408.4,StrandBias:0.6,Multiplicity:1.00
0.001	0.001	0.001	0.997
0.168	0.001	0.001	0.830
0.001	0.902	0.001	0.096
0.001	0.001	0.905	0.093
0.997	0.001	0.001	0.001
0.001	0.001	0.117	0.881
0.096	0.902	0.001	0.001
0.001	0.001	0.997	0.001
0.997	0.001	0.001	0.001
0.997	0.001	0.001	0.001
0.774	0.001	0.001	0.224
0.001	0.887	0.111	0.001
>TTCGAGTAATAT	14-TTCGAGTAATAT	13.062674	-20.442942	0	T:10.0(5.75%),B:129.5(0.35%),P:1e-8	Tpos:407.9,Tstd:312.1,Bpos:516.3,Bstd:319.3,StrandBias:2.0,Multiplicity:1.00
0.001	0.001	0.001	0.997
0.001	0.001	0.001	0.997
0.001	0.997	0.001	0.001
0.096	0.001	0.802	0.101
0.885	0.001	0.001	0.113
0.082	0.001	0.916	0.001
0.001	0.001	0.167	0.831
0.997	0.001	0.001	0.001
0.831	0.001	0.001	0.167
0.078	0.001	0.001	0.920
0.929	0.001	0.001	0.069
0.001	0.001	0.001	0.997
>TTTTATCGTGAA	15-TTTTATCGTGAA	12.073207	-19.655640	0	T:15.0(8.62%),B:421.8(1.15%),P:1e-8	Tpos:590.2,Tstd:312.1,Bpos:549.1,Bstd:355.6,StrandBias:0.4,Multiplicity:1.07
0.001	0.001	0.001	0.997
0.001	0.001	0.001	0.997
0.001	0.001	0.001	0.997
0.001	0.092	0.124	0.783
0.970	0.001	0.001	0.028
0.089	0.001	0.001	0.909
0.001	0.955	0.001	0.043
0.001	0.001	0.941	0.057
0.068	0.098	0.109	0.725
0.001	0.001	0.901	0.097
0.997	0.001	0.001	0.001
0.903	0.001	0.001	0.095
>TYTTCSAATTCG	16-TYTTCSAATTCG	11.062347	-18.607828	0	T:21.0(12.07%),B:955.4(2.60%),P:1e-8	Tpos:547.5,Tstd:299.0,Bpos:522.0,Bstd:324.8,StrandBias:0.0,Multiplicity:1.10
0.084	0.001	0.001	0.914
0.001	0.513	0.001	0.485
0.001	0.246	0.117	0.636
0.001	0.001	0.001	0.997
0.149	0.635	0.001	0.215
0.001	0.366	0.495	0.138
0.593	0.405	0.001	0.001
0.997	0.001	0.001	0.001
0.001	0.001	0.001	0.997
0.089	0.001	0.001	0.909
0.001	0.865	0.001	0.133
0.003	0.001	0.944	0.052
>ATCACGAGGAGT	17-ATCACGAGGAGT	11.307527	-16.490936	0	T:9.0(5.17%),B:149.5(0.41%),P:1e-7	Tpos:544.3,Tstd:312.1,Bpos:497.0,Bstd:327.5,StrandBias:1.0,Multiplicity:1.00
0.812	0.001	0.001	0.186
0.151	0.001	0.001	0.847
0.001	0.997	0.001	0.001
0.820	0.178	0.001	0.001
0.001	0.868	0.001	0.130
0.001	0.001	0.997	0.001
0.868	0.001	0.001	0.130
0.001	0.001	0.997	0.001
0.178	0.178	0.491	0.152
0.997	0.001	0.001	0.001
0.322	0.178	0.499	0.001
0.001	0.001	0.143	0.855
>GACAAAACCGAC	18-GACAAAACCGAC	12.355432	-16.087490	0	T:3.0(1.72%),B:0.9(0.00%),P:1e-6	Tpos:525.7,Tstd:239.3,Bpos:771.0,Bstd:0.0,StrandBias:1.0,Multiplicity:1.00
0.100	0.100	0.700	0.100
0.700	0.100	0.100	0.100
0.100	0.700	0.100	0.100
0.700	0.100	0.100	0.100
0.700	0.100	0.100	0.100
0.700	0.100	0.100	0.100
0.700	0.100	0.100	0.100
0.100	0.700	0.100	0.100
0.100	0.700	0.100	0.100
0.100	0.100	0.700	0.100
0.700	0.100	0.100	0.100
0.100	0.700	0.100	0.100
>CATGTATAATAT	19-CATGTATAATAT	16.267009	-16.087490	0	T:3.0(1.72%),B:0.0(0.00%),P:1e-6	Tpos:262.7,Tstd:44.2,Bpos:0.0,Bstd:0.0,StrandBias:-1.0,Multiplicity:1.00
0.001	0.997	0.001	0.001
0.997	0.001	0.001	0.001
0.001	0.001	0.001	0.997
0.001	0.001	0.997	0.001
0.001	0.001	0.001	0.997
0.997	0.001	0.001	0.001
0.001	0.001	0.001	0.997
0.997	0.001	0.001	0.001
0.997	0.001	0.001	0.001
0.001	0.001	0.001	0.997
0.715	0.001	0.001	0.283
0.001	0.001	0.001	0.997
>GACACGTGATGG	20-GACACGTGATGG	12.355432	-16.087490	0	T:3.0(1.72%),B:0.0(0.00%),P:1e-6	Tpos:288.0,Tstd:43.4,Bpos:0.0,Bstd:0.0,StrandBias:-1.0,Multiplicity:1.00
0.100	0.100	0.700	0.100
0.700	0.100	0.100	0.100
0.100	0.700	0.100	0.100
0.700	0.100	0.100	0.100
0.100	0.700	0.100	0.100
0.100	0.100	0.700	0.100
0.100	0.100	0.100	0.700
0.100	0.100	0.700	0.100
0.700	0.100	0.100	0.100
0.100	0.100	0.100	0.700
0.100	0.100	0.700	0.100
0.100	0.100	0.700	0.100
>TAAAATTCCGCC	21-TAAAATTCCGCC	14.319008	-16.087490	0	T:3.0(1.72%),B:0.0(0.00%),P:1e-6	Tpos:670.0,Tstd:233.4,Bpos:0.0,Bstd:0.0,StrandBias:1.0,Multiplicity:1.00
0.001	0.345	0.001	0.653
0.997	0.001	0.001	0.001
0.826	0.172	0.001	0.001
0.607	0.196	0.196	0.001
0.588	0.215	0.001	0.196
0.001	0.001	0.001	0.997
0.001	0.001	0.214	0.784
0.001	0.997	0.001	0.001
0.001	0.997	0.001	0.001
0.195	0.001	0.803	0.001
0.001	0.826	0.172	0.001
0.001	0.997	0.001	0.001
>TCGCMGMGCYGW	22-TCGCMGMGCYGW	10.845283	-15.817853	0	T:6.0(3.45%),B:44.5(0.12%),P:1e-6	Tpos:688.0,Tstd:215.8,Bpos:540.0,Bstd:410.7,StrandBias:2.3,Multiplicity:1.00
0.001	0.001	0.001	0.997
0.001	0.997	0.001	0.001
0.001	0.001	0.997	0.001
0.001	0.997	0.001	0.001
0.450	0.548	0.001	0.001
0.001	0.001	0.997	0.001
0.570	0.428	0.001	0.001
0.001	0.001	0.997	0.001
0.001	0.966	0.001	0.032
0.001	0.548	0.001	0.450
0.001	0.001	0.997	0.001
0.570	0.001	0.001	0.428
>AAAAKCGAGTCT	23-AAAAKCGAGTCT	11.116956	-15.020820	0	T:10.0(5.75%),B:236.4(0.64%),P:1e-6	Tpos:415.3,Tstd:271.4,Bpos:495.3,Bstd:324.2,StrandBias:0.5,Multiplicity:1.20
0.751	0.001	0.247	0.001
0.789	0.001	0.001	0.209
0.997	0.001	0.001	0.001
0.649	0.349	0.001	0.001
0.183	0.001	0.379	0.438
0.167	0.694	0.110	0.029
0.001	0.001	0.997	0.001
0.843	0.001	0.001	0.155
0.001	0.001	0.997	0.001
0.001	0.133	0.001	0.865
0.001	0.997	0.001	0.001
0.212	0.001	0.009	0.778
>GGAATCAAAGTT	24-GGAATCAAAGTT	12.355432	-14.283241	0	T:4.0(2.30%),B:11.1(0.03%),P:1e-6	Tpos:193.0,Tstd:153.0,Bpos:496.6,Bstd:434.5,StrandBias:10.0,Multiplicity:1.00
0.100	0.100	0.700	0.100
0.100	0.100	0.700	0.100
0.700	0.100	0.100	0.100
0.700	0.100	0.100	0.100
0.100	0.100	0.100	0.700
0.100	0.700	0.100	0.100
0.700	0.100	0.100	0.100
0.700	0.100	0.100	0.100
0.700	0.100	0.100	0.100
0.100	0.100	0.700	0.100
0.100	0.100	0.100	0.700
0.100	0.100	0.100	0.700
>AAGAATGAATTT	25-AAGAATGAATTT	10.409522	-12.545546	0	T:19.0(10.92%),B:1163.4(3.17%),P:1e-5	Tpos:611.2,Tstd:288.1,Bpos:529.0,Bstd:333.0,StrandBias:-1.5,Multiplicity:1.00
0.700	0.100	0.100	0.100
0.700	0.100	0.100	0.100
0.100	0.100	0.700	0.100
0.700	0.100	0.100	0.100
0.700	0.100	0.100	0.100
0.100	0.100	0.100	0.700
0.100	0.100	0.700	0.100
0.700	0.100	0.100	0.100
0.700	0.100	0.100	0.100
0.100	0.100	0.100	0.700
0.100	0.100	0.100	0.700
0.100	0.100	0.100	0.700
