>GTATAAAAGC	1-GTATAAAAGC	9.502845	-42.612643	0	T:39.0(22.29%),B:1479.8(3.74%),P:1e-18	Tpos:816.1,Tstd:263.0,Bpos:598.5,Bstd:355.9,StrandBias:2.8,Multiplicity:1.05
0.036	0.356	0.607	0.001
0.040	0.001	0.039	0.920
0.970	0.028	0.001	0.001
0.015	0.029	0.024	0.932
0.958	0.001	0.040	0.001
0.997	0.001	0.001	0.001
0.997	0.001	0.001	0.001
0.997	0.001	0.001	0.001
0.001	0.050	0.933	0.016
0.214	0.674	0.001	0.111
>CSTATAAAAC	2-CSTATAAAAC	6.683251	-32.712999	0	T:39.0(22.29%),B:2005.2(5.07%),P:1e-14	Tpos:764.5,Tstd:233.9,Bpos:524.3,Bstd:326.9,StrandBias:1.6,Multiplicity:1.13
0.172	0.457	0.202	0.169
0.250	0.425	0.279	0.047
0.282	0.230	0.002	0.487
0.501	0.237	0.104	0.158
0.039	0.313	0.040	0.608
0.718	0.068	0.116	0.098
0.598	0.220	0.082	0.100
0.636	0.120	0.191	0.053
0.457	0.204	0.101	0.237
0.266	0.573	0.073	0.088
>CTACAGAGCC	3-CTACAGAGCC	8.793980	-29.807190	0	T:20.0(11.43%),B:482.0(1.22%),P:1e-12	Tpos:566.0,Tstd:209.6,Bpos:459.4,Bstd:326.1,StrandBias:0.0,Multiplicity:1.05
0.001	0.826	0.001	0.172
0.001	0.249	0.001	0.749
0.997	0.001	0.001	0.001
0.041	0.689	0.269	0.001
0.753	0.029	0.001	0.217
0.001	0.001	0.997	0.001
0.997	0.001	0.001	0.001
0.001	0.001	0.997	0.001
0.001	0.997	0.001	0.001
0.001	0.997	0.001	0.001
>AATCGAATTA	4-AATCGAATTA	10.577291	-28.252169	0	T:21.0(12.00%),B:594.6(1.50%),P:1e-12	Tpos:879.0,Tstd:173.1,Bpos:562.0,Bstd:324.3,StrandBias:-1.2,Multiplicity:1.10
0.948	0.001	0.050	0.001
0.997	0.001	0.001	0.001
0.001	0.001	0.001	0.997
0.001	0.997	0.001	0.001
0.001	0.001	0.997	0.001
0.997	0.001	0.001	0.001
0.997	0.001	0.001	0.001
0.001	0.001	0.051	0.947
0.001	0.191	0.001	0.807
0.997	0.001	0.001	0.001
>TTTTATGGGT	5-TTTTATGGGT	9.425210	-24.968406	0	T:40.0(22.86%),B:2707.6(6.85%),P:1e-10	Tpos:658.8,Tstd:312.2,Bpos:508.7,Bstd:314.0,StrandBias:-0.8,Multiplicity:1.16
0.001	0.001	0.001	0.997
0.182	0.001	0.001	0.816
0.001	0.001	0.001	0.997
0.001	0.001	0.001	0.997
0.897	0.001	0.101	0.001
0.001	0.001	0.001	0.997
0.001	0.001	0.997	0.001
0.181	0.001	0.772	0.046
0.063	0.112	0.787	0.038
0.121	0.154	0.001	0.724
>TGCTAGCTTA	6-TGCTAGCTTA	9.871668	-23.712303	0	T:15.0(8.57%),B:332.3(0.84%),P:1e-10	Tpos:477.4,Tstd:278.1,Bpos:477.5,Bstd:334.0,StrandBias:0.2,Multiplicity:1.13
0.001	0.001	0.001	0.997
0.090	0.100	0.809	0.001
0.001	0.827	0.001	0.171
0.001	0.001	0.001	0.997
0.919	0.001	0.001	0.079
0.001	0.001	0.910	0.088
0.001	0.952	0.001	0.046
0.001	0.001	0.163	0.835
0.001	0.001	0.068	0.930
0.930	0.001	0.068	0.001
>GCCTAAGCCA	7-GCCTAAGCCA	10.116241	-21.583568	0	T:12.0(6.86%),B:213.5(0.54%),P:1e-9	Tpos:358.7,Tstd:321.2,Bpos:502.1,Bstd:340.5,StrandBias:1.6,Multiplicity:1.00
0.001	0.001	0.997	0.001
0.088	0.803	0.108	0.001
0.001	0.898	0.100	0.001
0.052	0.085	0.064	0.799
0.997	0.001	0.001	0.001
0.997	0.001	0.001	0.001
0.001	0.001	0.938	0.060
0.001	0.860	0.138	0.001
0.090	0.908	0.001	0.001
0.882	0.116	0.001	0.001
>GACGTCGATA	8-GACGTCGATA	10.091610	-21.422526	0	T:14.0(8.00%),B:330.6(0.84%),P:1e-9	Tpos:531.1,Tstd:276.2,Bpos:523.2,Bstd:328.1,StrandBias:0.4,Multiplicity:1.00
0.087	0.082	0.830	0.001
0.913	0.001	0.085	0.001
0.057	0.866	0.001	0.076
0.082	0.077	0.840	0.001
0.001	0.001	0.001	0.997
0.060	0.876	0.001	0.063
0.001	0.105	0.893	0.001
0.997	0.001	0.001	0.001
0.001	0.001	0.058	0.940
0.926	0.001	0.001	0.072
>GCTGCGCAGA	9-GCTGCGCAGA	8.758067	-21.252428	0	T:16.0(9.14%),B:469.6(1.19%),P:1e-9	Tpos:504.9,Tstd:267.7,Bpos:484.7,Bstd:332.9,StrandBias:0.7,Multiplicity:1.06
0.077	0.001	0.921	0.001
0.001	0.997	0.001	0.001
0.001	0.100	0.092	0.807
0.001	0.075	0.923	0.001
0.068	0.831	0.100	0.001
0.064	0.001	0.883	0.052
0.164	0.834	0.001	0.001
0.997	0.001	0.001	0.001
0.001	0.001	0.997	0.001
0.887	0.111	0.001	0.001
>ATCCCCCGAG	10-ATCCCCCGAG	9.633406	-19.508347	0	T:16.0(9.14%),B:532.6(1.35%),P:1e-8	Tpos:544.4,Tstd:303.0,Bpos:524.2,Bstd:315.0,StrandBias:1.5,Multiplicity:1.19
0.762	0.001	0.001	0.236
0.113	0.001	0.001	0.885
0.001	0.717	0.001	0.281
0.078	0.920	0.001	0.001
0.001	0.997	0.001	0.001
0.151	0.847	0.001	0.001
0.128	0.870	0.001	0.001
0.001	0.001	0.997	0.001
0.997	0.001	0.001	0.001
0.351	0.001	0.602	0.046
>TCTGGGAACC	11-TCTGGGAACC	9.994202	-19.403292	0	T:11.0(6.29%),B:205.6(0.52%),P:1e-8	Tpos:492.4,Tstd:335.7,Bpos:517.5,Bstd:346.3,StrandBias:0.5,Multiplicity:1.09
0.074	0.001	0.364	0.561
0.001	0.953	0.001	0.045
0.060	0.001	0.001	0.938
0.001	0.001	0.997	0.001
0.001	0.001	0.950	0.048
0.001	0.001	0.997	0.001
0.997	0.001	0.001	0.001
0.802	0.078	0.059	0.061
0.041	0.957	0.001	0.001
0.051	0.901	0.001	0.047
>CAGGAACTTT	12-CAGGAACTTT	9.840502	-19.268547	0	T:22.0(12.57%),B:1083.2(2.74%),P:1e-8	Tpos:485.0,Tstd:335.2,Bpos:486.0,Bstd:321.8,StrandBias:-0.3,Multiplicity:1.14
0.174	0.824	0.001	0.001
0.997	0.001	0.001	0.001
0.001	0.103	0.895	0.001
0.001	0.001	0.928	0.070
0.618	0.380	0.001	0.001
0.640	0.001	0.001	0.358
0.250	0.748	0.001	0.001
0.271	0.001	0.001	0.727
0.113	0.001	0.001	0.885
0.001	0.345	0.001	0.653
>TGACTGATCC	13-TGACTGATCC	9.938723	-19.127247	0	T:16.0(9.14%),B:547.1(1.38%),P:1e-8	Tpos:504.9,Tstd:339.1,Bpos:497.3,Bstd:338.0,StrandBias:-1.0,Multiplicity:1.12
0.001	0.001	0.001	0.997
0.001	0.052	0.946	0.001
0.906	0.001	0.092	0.001
0.140	0.807	0.001	0.052
0.001	0.001	0.001	0.997
0.078	0.055	0.788	0.079
0.942	0.056	0.001	0.001
0.090	0.001	0.001	0.908
0.065	0.778	0.109	0.048
0.001	0.997	0.001	0.001
>ATACTGGAAC	14-ATACTGGAAC	9.638313	-18.312739	0	T:21.0(12.00%),B:1041.4(2.63%),P:1e-7	Tpos:497.9,Tstd:251.4,Bpos:491.5,Bstd:345.0,StrandBias:0.6,Multiplicity:1.10
0.997	0.001	0.001	0.001
0.001	0.050	0.001	0.948
0.884	0.067	0.048	0.001
0.036	0.893	0.001	0.070
0.073	0.069	0.001	0.857
0.001	0.001	0.900	0.098
0.001	0.059	0.901	0.039
0.902	0.001	0.096	0.001
0.849	0.001	0.071	0.079
0.055	0.914	0.001	0.030
>GGCGGCCYAA	15-GGCGGCCYAA	8.623950	-18.193703	0	T:12.0(6.86%),B:292.5(0.74%),P:1e-7	Tpos:725.9,Tstd:196.7,Bpos:468.2,Bstd:330.0,StrandBias:0.4,Multiplicity:1.27
0.250	0.066	0.669	0.015
0.083	0.203	0.671	0.043
0.289	0.542	0.014	0.155
0.018	0.071	0.778	0.133
0.057	0.018	0.591	0.334
0.091	0.605	0.023	0.281
0.373	0.606	0.001	0.020
0.017	0.513	0.059	0.411
0.945	0.024	0.030	0.001
0.882	0.003	0.053	0.062
>CCACAGTGGC	16-CCACAGTGGC	9.924746	-17.275178	0	T:8.0(4.57%),B:101.8(0.26%),P:1e-7	Tpos:787.6,Tstd:197.4,Bpos:493.3,Bstd:370.0,StrandBias:-1.6,Multiplicity:1.00
0.001	0.997	0.001	0.001
0.125	0.873	0.001	0.001
0.997	0.001	0.001	0.001
0.001	0.997	0.001	0.001
0.997	0.001	0.001	0.001
0.001	0.001	0.997	0.001
0.001	0.001	0.001	0.997
0.148	0.001	0.850	0.001
0.001	0.001	0.997	0.001
0.001	0.844	0.154	0.001
>GAAGGTATCC	17-GAAGGTATCC	10.100868	-16.404438	0	T:14.0(8.00%),B:498.4(1.26%),P:1e-7	Tpos:533.4,Tstd:288.1,Bpos:490.8,Bstd:322.2,StrandBias:-0.6,Multiplicity:1.07
0.071	0.001	0.813	0.115
0.997	0.001	0.001	0.001
0.997	0.001	0.001	0.001
0.001	0.001	0.997	0.001
0.056	0.001	0.875	0.068
0.064	0.001	0.065	0.870
0.792	0.077	0.080	0.051
0.001	0.001	0.001	0.997
0.001	0.884	0.061	0.054
0.067	0.848	0.001	0.084
>AATTAGCATA	18-AATTAGCATA	10.122540	-16.147785	0	T:21.0(12.00%),B:1186.4(3.00%),P:1e-7	Tpos:798.1,Tstd:220.1,Bpos:518.6,Bstd:322.4,StrandBias:0.1,Multiplicity:1.19
0.741	0.001	0.257	0.001
0.797	0.001	0.001	0.201
0.067	0.001	0.238	0.694
0.043	0.258	0.001	0.698
0.633	0.001	0.001	0.365
0.064	0.001	0.645	0.290
0.001	0.997	0.001	0.001
0.913	0.005	0.001	0.081
0.001	0.001	0.001	0.997
0.774	0.001	0.001	0.224
>GTATGGGACA	19-GTATGGGACA	9.942181	-16.075148	0	T:14.0(8.00%),B:512.2(1.30%),P:1e-6	Tpos:503.2,Tstd:300.9,Bpos:505.1,Bstd:341.1,StrandBias:-0.2,Multiplicity:1.21
0.001	0.095	0.836	0.068
0.051	0.001	0.001	0.947
0.929	0.001	0.001	0.069
0.001	0.001	0.001	0.997
0.001	0.001	0.997	0.001
0.083	0.001	0.853	0.063
0.001	0.093	0.905	0.001
0.891	0.001	0.107	0.001
0.167	0.831	0.001	0.001
0.881	0.001	0.001	0.117
>TTGCAGAAAC	20-TTGCAGAAAC	10.272894	-15.847515	0	T:25.0(14.29%),B:1673.0(4.23%),P:1e-6	Tpos:517.1,Tstd:302.5,Bpos:500.3,Bstd:328.5,StrandBias:-0.1,Multiplicity:1.08
0.001	0.001	0.001	0.997
0.001	0.001	0.001	0.997
0.157	0.031	0.753	0.059
0.076	0.775	0.148	0.001
0.883	0.001	0.071	0.045
0.001	0.001	0.997	0.001
0.997	0.001	0.001	0.001
0.997	0.001	0.001	0.001
0.943	0.001	0.055	0.001
0.247	0.717	0.035	0.001
>GTTTTATTAC	21-GTTTTATTAC	9.073593	-15.765266	0	T:19.0(10.86%),B:999.5(2.53%),P:1e-6	Tpos:550.2,Tstd:351.0,Bpos:527.0,Bstd:329.6,StrandBias:-0.9,Multiplicity:1.05
0.001	0.043	0.955	0.001
0.001	0.001	0.001	0.997
0.001	0.001	0.001	0.997
0.001	0.001	0.090	0.908
0.001	0.001	0.001	0.997
0.885	0.001	0.113	0.001
0.001	0.001	0.001	0.997
0.001	0.001	0.126	0.872
0.997	0.001	0.001	0.001
0.001	0.997	0.001	0.001
>CAAACTACAC	22-CAAACTACAC	9.423739	-14.398276	0	T:25.0(14.29%),B:1811.8(4.58%),P:1e-6	Tpos:485.9,Tstd:278.2,Bpos:521.9,Bstd:312.0,StrandBias:0.3,Multiplicity:1.32
0.056	0.903	0.040	0.001
0.955	0.043	0.001	0.001
0.930	0.068	0.001	0.001
0.937	0.001	0.001	0.061
0.017	0.915	0.037	0.031
0.024	0.001	0.111	0.864
0.939	0.001	0.001	0.059
0.028	0.970	0.001	0.001
0.954	0.001	0.001	0.044
0.308	0.675	0.016	0.001
>AGAACTTCAG	23-AGAACTTCAG	10.375984	-14.257596	0	T:17.0(9.71%),B:891.8(2.25%),P:1e-6	Tpos:473.3,Tstd:292.2,Bpos:493.7,Bstd:331.6,StrandBias:-0.7,Multiplicity:1.06
0.908	0.054	0.001	0.037
0.023	0.023	0.953	0.001
0.901	0.001	0.097	0.001
0.899	0.001	0.001	0.099
0.124	0.759	0.032	0.085
0.001	0.001	0.001	0.997
0.001	0.061	0.001	0.937
0.072	0.896	0.031	0.001
0.965	0.001	0.001	0.033
0.046	0.042	0.886	0.026
>TYGGCTGCAG	24-TYGGCTGCAG	9.324929	-9.972303	0	T:13.0(7.43%),B:767.3(1.94%),P:1e-4	Tpos:463.1,Tstd:237.0,Bpos:467.1,Bstd:352.7,StrandBias:-0.7,Multiplicity:1.42
0.001	0.130	0.001	0.868
0.001	0.407	0.097	0.495
0.001	0.046	0.877	0.076
0.001	0.001	0.949	0.049
0.130	0.547	0.266	0.057
0.086	0.001	0.001	0.912
0.123	0.001	0.875	0.001
0.001	0.997	0.001	0.001
0.889	0.001	0.109	0.001
0.001	0.001	0.997	0.001
>GGGSGCARCA	25-GGGSGCARCA	9.975388	-8.616898	0	T:7.0(4.00%),B:257.7(0.65%),P:1e-3	Tpos:336.7,Tstd:175.7,Bpos:517.4,Bstd:367.3,StrandBias:-1.0,Multiplicity:2.14
0.355	0.001	0.591	0.053
0.156	0.001	0.842	0.001
0.001	0.218	0.780	0.001
0.001	0.413	0.419	0.168
0.001	0.001	0.818	0.180
0.001	0.997	0.001	0.001
0.997	0.001	0.001	0.001
0.566	0.001	0.432	0.001
0.001	0.997	0.001	0.001
0.997	0.001	0.001	0.001
