>GTTTTATA	1-GTTTTATA	7.800741	-47.558981	0	T:108.0(61.71%),B:10777.3(27.25%),P:1e-20	Tpos:765.2,Tstd:253.8,Bpos:534.6,Bstd:331.2,StrandBias:-1.0,Multiplicity:1.30
0.001	0.305	0.544	0.150
0.001	0.222	0.044	0.733
0.001	0.150	0.157	0.692
0.001	0.001	0.163	0.835
0.165	0.001	0.001	0.833
0.997	0.001	0.001	0.001
0.001	0.001	0.001	0.997
0.645	0.001	0.353	0.001
>ATTTATRC	2-ATTTATRC	8.445834	-20.770414	0	T:87.0(49.71%),B:11036.8(27.91%),P:1e-9	Tpos:620.5,Tstd:291.8,Bpos:508.4,Bstd:327.3,StrandBias:-0.5,Multiplicity:1.31
0.605	0.001	0.001	0.393
0.001	0.001	0.001	0.997
0.001	0.001	0.357	0.641
0.001	0.001	0.001	0.997
0.997	0.001	0.001	0.001
0.001	0.001	0.001	0.997
0.514	0.001	0.484	0.001
0.001	0.997	0.001	0.001
>GGAACCGT	3-GGAACCGT	7.359124	-14.632010	0	T:45.0(25.71%),B:4706.9(11.90%),P:1e-6	Tpos:434.4,Tstd:331.9,Bpos:489.0,Bstd:330.1,StrandBias:0.3,Multiplicity:1.11
0.076	0.023	0.740	0.161
0.001	0.101	0.897	0.001
0.997	0.001	0.001	0.001
0.903	0.095	0.001	0.001
0.001	0.897	0.001	0.101
0.063	0.863	0.073	0.001
0.001	0.001	0.763	0.235
0.001	0.068	0.001	0.930
>ACTCGAYT	4-ACTCGAYT	7.542211	-14.226993	0	T:57.0(32.57%),B:6818.0(17.24%),P:1e-6	Tpos:634.9,Tstd:321.0,Bpos:512.4,Bstd:331.5,StrandBias:0.8,Multiplicity:1.18
0.997	0.001	0.001	0.001
0.001	0.899	0.001	0.099
0.090	0.001	0.001	0.908
0.001	0.997	0.001	0.001
0.001	0.001	0.997	0.001
0.928	0.001	0.070	0.001
0.001	0.500	0.001	0.498
0.001	0.090	0.210	0.699
>CATGGCTT	5-CATGGCTT	7.026479	-13.137382	0	T:60.0(34.29%),B:7594.7(19.20%),P:1e-5	Tpos:536.3,Tstd:291.5,Bpos:486.3,Bstd:337.3,StrandBias:-0.6,Multiplicity:1.25
0.248	0.750	0.001	0.001
0.862	0.001	0.026	0.111
0.049	0.001	0.001	0.949
0.001	0.001	0.904	0.094
0.001	0.001	0.997	0.001
0.001	0.843	0.060	0.096
0.001	0.083	0.059	0.857
0.055	0.088	0.024	0.833
>CAAGCTGA	6-CAAGCTGA	7.841965	-12.041785	0	T:37.0(21.14%),B:3862.0(9.77%),P:1e-5	Tpos:451.4,Tstd:269.7,Bpos:502.2,Bstd:348.9,StrandBias:0.3,Multiplicity:1.11
0.001	0.997	0.001	0.001
0.997	0.001	0.001	0.001
0.852	0.077	0.070	0.001
0.001	0.109	0.889	0.001
0.001	0.884	0.114	0.001
0.001	0.001	0.062	0.936
0.001	0.001	0.997	0.001
0.944	0.054	0.001	0.001
>GTTCCCCG	7-GTTCCCCG	7.663539	-11.908572	0	T:28.0(16.00%),B:2512.1(6.35%),P:1e-5	Tpos:681.8,Tstd:274.1,Bpos:509.3,Bstd:339.1,StrandBias:0.2,Multiplicity:1.14
0.290	0.196	0.513	0.001
0.015	0.001	0.012	0.972
0.001	0.066	0.081	0.852
0.001	0.997	0.001	0.001
0.130	0.868	0.001	0.001
0.001	0.997	0.001	0.001
0.129	0.869	0.001	0.001
0.001	0.102	0.804	0.093
>CGAACTTT	8-CGAACTTT	9.771682	-11.581877	0	T:37.0(21.14%),B:3942.3(9.97%),P:1e-5	Tpos:519.7,Tstd:325.1,Bpos:494.1,Bstd:317.9,StrandBias:0.0,Multiplicity:1.09
0.001	0.714	0.284	0.001
0.001	0.001	0.997	0.001
0.997	0.001	0.001	0.001
0.959	0.039	0.001	0.001
0.001	0.997	0.001	0.001
0.001	0.001	0.001	0.997
0.001	0.001	0.001	0.997
0.001	0.001	0.001	0.997
>GCATCCGG	9-GCATCCGG	7.011825	-11.312727	0	T:35.0(20.00%),B:3669.6(9.28%),P:1e-4	Tpos:528.3,Tstd:274.7,Bpos:492.2,Bstd:346.4,StrandBias:0.5,Multiplicity:1.31
0.059	0.001	0.692	0.248
0.001	0.874	0.020	0.105
0.949	0.001	0.001	0.049
0.001	0.022	0.071	0.906
0.001	0.895	0.001	0.103
0.093	0.886	0.001	0.020
0.021	0.001	0.977	0.001
0.092	0.093	0.814	0.001
>TTCTGCAA	10-TTCTGCAA	10.536161	-11.058616	0	T:32.0(18.29%),B:3240.4(8.19%),P:1e-4	Tpos:627.0,Tstd:334.1,Bpos:507.8,Bstd:334.2,StrandBias:0.3,Multiplicity:1.06
0.001	0.001	0.098	0.900
0.001	0.001	0.001	0.997
0.092	0.906	0.001	0.001
0.001	0.001	0.001	0.997
0.001	0.001	0.997	0.001
0.001	0.815	0.183	0.001
0.997	0.001	0.001	0.001
0.875	0.123	0.001	0.001
>GTAGTCAC	11-GTAGTCAC	6.462598	-10.590759	0	T:48.0(27.43%),B:6013.2(15.20%),P:1e-4	Tpos:471.3,Tstd:281.6,Bpos:503.5,Bstd:330.6,StrandBias:0.5,Multiplicity:1.25
0.001	0.001	0.917	0.081
0.001	0.081	0.001	0.917
0.847	0.097	0.001	0.055
0.001	0.001	0.927	0.071
0.001	0.015	0.001	0.983
0.045	0.660	0.114	0.181
0.890	0.024	0.001	0.085
0.001	0.951	0.047	0.001
>AATAAAAC	12-AATAAAAC	8.236954	-7.320367	0	T:44.0(25.14%),B:6129.5(15.50%),P:1e-3	Tpos:617.1,Tstd:295.9,Bpos:506.6,Bstd:308.9,StrandBias:0.9,Multiplicity:1.18
0.700	0.100	0.100	0.100
0.700	0.100	0.100	0.100
0.100	0.100	0.100	0.700
0.700	0.100	0.100	0.100
0.700	0.100	0.100	0.100
0.700	0.100	0.100	0.100
0.700	0.100	0.100	0.100
0.100	0.700	0.100	0.100
