>GGGGTTTTTCCS	4-SGGAAAAACCCC	9.322282	-20.095900	0	T:20.0(11.11%),B:819.7(2.08%),P:1e-8
0.001	0.001	0.863	0.135
0.055	0.088	0.531	0.326
0.001	0.001	0.749	0.249
0.036	0.001	0.929	0.034
0.055	0.261	0.055	0.629
0.001	0.158	0.154	0.687
0.063	0.001	0.153	0.783
0.001	0.385	0.001	0.613
0.043	0.001	0.001	0.955
0.001	0.826	0.172	0.001
0.026	0.847	0.072	0.055
0.009	0.400	0.519	0.072
