>GTTTTAGACTAC	2-GTAGTCTAAAAC	10.466844	-24.688989	0	T:30.0(3.74%),B:319.4(0.79%),P:1e-10
0.196	0.059	0.698	0.047
0.019	0.042	0.001	0.938
0.056	0.001	0.156	0.787
0.035	0.022	0.051	0.892
0.035	0.059	0.043	0.863
0.773	0.037	0.040	0.150
0.028	0.016	0.896	0.060
0.895	0.031	0.032	0.042
0.056	0.865	0.043	0.036
0.010	0.088	0.035	0.867
0.794	0.001	0.104	0.101
0.095	0.745	0.078	0.082
