>TACAATTATTTT	3-AAAATAATTGTA	10.459008	-23.432016	0	T:26.0(20.16%),B:1741.7(4.34%),P:1e-10
0.034	0.036	0.053	0.877
0.666	0.018	0.044	0.272
0.077	0.516	0.135	0.272
0.903	0.028	0.036	0.033
0.536	0.032	0.202	0.230
0.030	0.202	0.041	0.727
0.265	0.021	0.036	0.678
0.488	0.207	0.131	0.175
0.049	0.044	0.124	0.783
0.063	0.024	0.044	0.869
0.049	0.213	0.153	0.585
0.209	0.027	0.042	0.722
