>AAAATAATTGTA	3-AAAATAATTGTA,BestGuess:MF0010.1_Homeobox_class/Jaspar(0.692)	10.459008	-23.432016	0	T:26.0(20.16%),B:1741.7(4.34%),P:1e-10
0.722	0.042	0.027	0.209
0.585	0.153	0.213	0.049
0.869	0.044	0.024	0.063
0.783	0.124	0.044	0.049
0.175	0.131	0.207	0.488
0.678	0.036	0.021	0.265
0.727	0.041	0.202	0.030
0.230	0.202	0.032	0.536
0.033	0.036	0.028	0.903
0.272	0.135	0.516	0.077
0.272	0.044	0.018	0.666
0.877	0.053	0.036	0.034
