>AAGTGAAAGGAA	8-AAGTGAAAGGAA	9.553720	-28.432035	0	T:64.0(26.78%),B:4071.2(10.17%),P:1e-12
0.863	0.041	0.040	0.056
0.774	0.080	0.001	0.145
0.071	0.114	0.703	0.112
0.049	0.001	0.042	0.908
0.027	0.024	0.894	0.055
0.893	0.001	0.040	0.066
0.852	0.023	0.067	0.058
0.922	0.001	0.020	0.057
0.085	0.020	0.745	0.150
0.101	0.001	0.806	0.092
0.791	0.019	0.154	0.036
0.854	0.035	0.062	0.049
