>ATTGCGCAAKAA	1-ATTGCGCAAKAA	9.649258	-31.960795	0	T:25.0(10.46%),B:550.2(1.38%),P:1e-13
0.459	0.259	0.219	0.063
0.025	0.082	0.001	0.892
0.001	0.001	0.077	0.921
0.256	0.001	0.742	0.001
0.031	0.886	0.038	0.045
0.075	0.001	0.905	0.019
0.001	0.631	0.001	0.367
0.936	0.039	0.024	0.001
0.955	0.001	0.001	0.043
0.001	0.185	0.334	0.480
0.504	0.153	0.219	0.124
0.692	0.306	0.001	0.001
