>TAGGYAGGCAKR	21-YMTGCCTRCCTA	7.213529	-11.896946	0	T:75.0(31.38%),B:7739.5(19.34%),P:1e-5
0.125	0.069	0.100	0.706
0.674	0.060	0.025	0.241
0.111	0.221	0.411	0.258
0.349	0.001	0.649	0.001
0.036	0.424	0.001	0.539
0.963	0.001	0.001	0.035
0.130	0.001	0.595	0.274
0.016	0.031	0.649	0.304
0.001	0.696	0.067	0.236
0.801	0.155	0.013	0.031
0.001	0.001	0.556	0.442
0.475	0.001	0.513	0.011
