>CCTTATCAGT	1-CCTTATCAGT	9.765733	-34.046148	0	T:32.0(24.43%),B:1760.6(4.35%),P:1e-14	Tpos:660.3,Tstd:286.4,Bpos:562.3,Bstd:315.3,StrandBias:1.1,Multiplicity:1.16
0.026	0.642	0.120	0.212
0.046	0.952	0.001	0.001
0.001	0.001	0.040	0.958
0.001	0.001	0.001	0.997
0.997	0.001	0.001	0.001
0.058	0.001	0.001	0.940
0.001	0.955	0.001	0.043
0.953	0.001	0.001	0.045
0.043	0.001	0.955	0.001
0.037	0.040	0.060	0.863
>TGATCTTTTG	2-TGATCTTTTG	9.539939	-22.536393	0	T:40.0(30.53%),B:4148.1(10.25%),P:1e-9	Tpos:577.0,Tstd:299.5,Bpos:511.3,Bstd:310.3,StrandBias:0.5,Multiplicity:1.15
0.001	0.036	0.001	0.962
0.018	0.001	0.980	0.001
0.959	0.001	0.039	0.001
0.071	0.001	0.018	0.910
0.056	0.799	0.001	0.144
0.050	0.031	0.001	0.918
0.035	0.001	0.056	0.908
0.109	0.001	0.001	0.889
0.045	0.042	0.039	0.874
0.001	0.170	0.808	0.021
>TGTAGCATGA	3-TGTAGCATGA	9.742813	-21.280144	0	T:17.0(12.98%),B:754.3(1.86%),P:1e-9	Tpos:505.5,Tstd:237.3,Bpos:500.5,Bstd:306.7,StrandBias:-0.9,Multiplicity:1.00
0.001	0.001	0.001	0.997
0.001	0.001	0.997	0.001
0.001	0.001	0.062	0.936
0.938	0.001	0.001	0.060
0.001	0.168	0.830	0.001
0.195	0.743	0.001	0.061
0.997	0.001	0.001	0.001
0.089	0.135	0.001	0.775
0.001	0.001	0.943	0.055
0.906	0.001	0.001	0.092
>ATTGATAAGA	4-ATTGATAAGA	8.303029	-20.872944	0	T:44.0(33.59%),B:5191.9(12.83%),P:1e-9	Tpos:618.3,Tstd:308.2,Bpos:525.0,Bstd:320.2,StrandBias:-0.7,Multiplicity:1.11
0.739	0.036	0.124	0.101
0.001	0.001	0.090	0.908
0.001	0.051	0.001	0.947
0.001	0.033	0.965	0.001
0.997	0.001	0.001	0.001
0.001	0.034	0.050	0.915
0.934	0.044	0.021	0.001
0.924	0.051	0.001	0.024
0.062	0.001	0.936	0.001
0.929	0.040	0.001	0.030
>TCACGTAGGC	5-TCACGTAGGC	9.643170	-19.496488	0	T:12.0(9.16%),B:359.3(0.89%),P:1e-8	Tpos:533.5,Tstd:336.9,Bpos:492.2,Bstd:276.2,StrandBias:-1.2,Multiplicity:1.08
0.001	0.001	0.039	0.959
0.001	0.997	0.001	0.001
0.852	0.146	0.001	0.001
0.001	0.850	0.075	0.074
0.001	0.001	0.997	0.001
0.113	0.001	0.001	0.885
0.861	0.001	0.137	0.001
0.001	0.130	0.760	0.109
0.091	0.001	0.907	0.001
0.001	0.997	0.001	0.001
>GCCTTTGCAC	6-GCCTTTGCAC	8.044043	-19.243666	0	T:23.0(17.56%),B:1655.3(4.09%),P:1e-8	Tpos:583.5,Tstd:286.4,Bpos:496.9,Bstd:303.4,StrandBias:0.2,Multiplicity:1.04
0.194	0.032	0.552	0.222
0.082	0.883	0.001	0.034
0.041	0.909	0.001	0.049
0.051	0.048	0.001	0.900
0.001	0.100	0.116	0.783
0.153	0.119	0.100	0.628
0.001	0.001	0.997	0.001
0.001	0.704	0.060	0.235
0.839	0.001	0.113	0.047
0.075	0.830	0.094	0.001
>GCAAGTGGCA	7-GCAAGTGGCA	10.243228	-19.027932	0	T:13.0(9.92%),B:462.1(1.14%),P:1e-8	Tpos:317.6,Tstd:264.1,Bpos:509.9,Bstd:308.8,StrandBias:-0.4,Multiplicity:1.08
0.074	0.001	0.670	0.255
0.001	0.797	0.087	0.115
0.997	0.001	0.001	0.001
0.997	0.001	0.001	0.001
0.001	0.001	0.922	0.076
0.001	0.001	0.001	0.997
0.001	0.001	0.997	0.001
0.001	0.001	0.997	0.001
0.071	0.927	0.001	0.001
0.778	0.001	0.120	0.101
>GCYGATWAAA	8-GCYGATWAAA	9.152489	-18.562729	0	T:16.0(12.21%),B:792.6(1.96%),P:1e-8	Tpos:695.3,Tstd:248.6,Bpos:521.5,Bstd:316.9,StrandBias:0.2,Multiplicity:1.06
0.202	0.018	0.779	0.001
0.202	0.750	0.001	0.047
0.001	0.452	0.022	0.525
0.074	0.136	0.573	0.217
0.997	0.001	0.001	0.001
0.001	0.017	0.001	0.981
0.498	0.001	0.089	0.412
0.623	0.142	0.148	0.087
0.683	0.227	0.001	0.089
0.677	0.001	0.287	0.035
>TGGGGAAGTT	9-TGGGGAAGTT	10.018418	-18.491669	0	T:13.0(9.92%),B:484.1(1.20%),P:1e-8	Tpos:423.7,Tstd:306.4,Bpos:480.0,Bstd:302.4,StrandBias:-2.2,Multiplicity:1.31
0.001	0.001	0.001	0.997
0.137	0.001	0.861	0.001
0.001	0.108	0.890	0.001
0.001	0.001	0.997	0.001
0.001	0.001	0.873	0.125
0.823	0.175	0.001	0.001
0.818	0.001	0.180	0.001
0.060	0.001	0.938	0.001
0.001	0.199	0.001	0.799
0.001	0.001	0.001	0.997
>ATCCACACTC	10-ATCCACACTC	9.544220	-17.469003	0	T:15.0(11.45%),B:742.3(1.83%),P:1e-7	Tpos:553.6,Tstd:282.7,Bpos:491.6,Bstd:301.2,StrandBias:1.1,Multiplicity:1.07
0.786	0.114	0.001	0.099
0.001	0.001	0.001	0.997
0.001	0.834	0.131	0.034
0.001	0.997	0.001	0.001
0.837	0.001	0.001	0.161
0.194	0.686	0.001	0.119
0.997	0.001	0.001	0.001
0.117	0.881	0.001	0.001
0.001	0.001	0.001	0.997
0.001	0.997	0.001	0.001
>GGGTAAAGTT	11-GGGTAAAGTT	8.176081	-16.365869	0	T:27.0(20.61%),B:2612.4(6.46%),P:1e-7	Tpos:573.9,Tstd:293.4,Bpos:500.9,Bstd:301.3,StrandBias:-0.4,Multiplicity:1.11
0.168	0.055	0.718	0.059
0.094	0.001	0.793	0.112
0.030	0.262	0.707	0.001
0.001	0.119	0.001	0.879
0.907	0.001	0.091	0.001
0.666	0.188	0.001	0.145
0.997	0.001	0.001	0.001
0.001	0.305	0.667	0.027
0.003	0.070	0.002	0.925
0.061	0.301	0.001	0.637
>CCGTATTAAT	12-CCGTATTAAT	8.412417	-15.914179	0	T:33.0(25.19%),B:3796.2(9.38%),P:1e-6	Tpos:486.7,Tstd:291.5,Bpos:520.4,Bstd:305.9,StrandBias:0.1,Multiplicity:1.06
0.188	0.675	0.127	0.010
0.046	0.642	0.224	0.088
0.255	0.001	0.743	0.001
0.055	0.001	0.001	0.943
0.914	0.001	0.001	0.084
0.001	0.001	0.001	0.997
0.156	0.001	0.154	0.689
0.721	0.001	0.014	0.264
0.850	0.001	0.001	0.148
0.001	0.124	0.001	0.874
>TGATGACAAT	13-TGATGACAAT	9.462730	-15.753395	0	T:19.0(14.50%),B:1389.1(3.43%),P:1e-6	Tpos:545.5,Tstd:261.5,Bpos:540.5,Bstd:314.6,StrandBias:-0.7,Multiplicity:1.17
0.034	0.301	0.001	0.664
0.080	0.068	0.786	0.066
0.926	0.046	0.001	0.027
0.084	0.154	0.031	0.731
0.030	0.060	0.909	0.001
0.692	0.241	0.066	0.001
0.029	0.771	0.027	0.173
0.642	0.040	0.061	0.257
0.907	0.091	0.001	0.001
0.315	0.001	0.006	0.678
>TAGAAACCAT	14-TAGAAACCAT	10.424779	-14.567759	0	T:11.0(8.40%),B:466.4(1.15%),P:1e-6	Tpos:454.2,Tstd:262.7,Bpos:514.9,Bstd:307.7,StrandBias:0.0,Multiplicity:1.09
0.001	0.001	0.001	0.997
0.932	0.001	0.066	0.001
0.001	0.001	0.997	0.001
0.704	0.132	0.163	0.001
0.997	0.001	0.001	0.001
0.997	0.001	0.001	0.001
0.001	0.997	0.001	0.001
0.001	0.997	0.001	0.001
0.997	0.001	0.001	0.001
0.050	0.001	0.001	0.948
>GGGCTTTTCG	15-GGGCTTTTCG	7.740653	-13.872918	0	T:42.0(32.06%),B:6112.7(15.11%),P:1e-6	Tpos:549.0,Tstd:303.8,Bpos:500.0,Bstd:299.1,StrandBias:-1.1,Multiplicity:1.26
0.069	0.067	0.619	0.245
0.001	0.149	0.797	0.053
0.269	0.001	0.729	0.001
0.246	0.450	0.247	0.057
0.312	0.001	0.066	0.621
0.104	0.001	0.001	0.894
0.001	0.001	0.001	0.997
0.042	0.166	0.001	0.791
0.001	0.913	0.001	0.085
0.047	0.001	0.806	0.146
>CCTAAHCTGA	16-CCTAAHCTGA	5.759968	-13.559841	0	T:12.0(9.16%),B:631.8(1.56%),P:1e-5	Tpos:447.2,Tstd:322.3,Bpos:505.3,Bstd:310.1,StrandBias:-0.5,Multiplicity:1.00
0.001	0.997	0.001	0.001
0.001	0.997	0.001	0.001
0.275	0.001	0.001	0.723
0.997	0.001	0.001	0.001
0.997	0.001	0.001	0.001
0.276	0.413	0.001	0.310
0.001	0.997	0.001	0.001
0.001	0.001	0.001	0.997
0.001	0.001	0.997	0.001
0.997	0.001	0.001	0.001
>CGCTGCATTT	17-CGCTGCATTT	9.710529	-12.607427	0	T:15.0(11.45%),B:1098.2(2.71%),P:1e-5	Tpos:452.5,Tstd:279.5,Bpos:516.1,Bstd:297.2,StrandBias:0.0,Multiplicity:1.33
0.001	0.997	0.001	0.001
0.382	0.001	0.616	0.001
0.001	0.997	0.001	0.001
0.220	0.001	0.213	0.566
0.215	0.001	0.783	0.001
0.001	0.721	0.001	0.277
0.974	0.024	0.001	0.001
0.001	0.211	0.001	0.787
0.001	0.001	0.001	0.997
0.001	0.001	0.001	0.997
>TCCAAAKTCT	18-TCCAAAKTCT	8.033730	-11.397939	0	T:32.0(24.43%),B:4442.2(10.98%),P:1e-4	Tpos:400.7,Tstd:251.7,Bpos:485.9,Bstd:300.0,StrandBias:-0.1,Multiplicity:1.09
0.015	0.273	0.015	0.697
0.010	0.879	0.107	0.004
0.251	0.514	0.183	0.052
0.893	0.057	0.012	0.038
0.941	0.023	0.019	0.017
0.510	0.343	0.014	0.133
0.219	0.151	0.252	0.378
0.313	0.001	0.001	0.685
0.029	0.546	0.275	0.150
0.187	0.027	0.266	0.520
>CCAACTTTAG	19-CCAACTTTAG	9.323028	-7.135750	0	T:6.0(4.58%),B:329.9(0.82%),P:1e-3	Tpos:619.0,Tstd:199.2,Bpos:511.3,Bstd:292.7,StrandBias:1.2,Multiplicity:1.67
0.077	0.921	0.001	0.001
0.001	0.997	0.001	0.001
0.997	0.001	0.001	0.001
0.650	0.207	0.001	0.142
0.001	0.997	0.001	0.001
0.001	0.001	0.001	0.997
0.001	0.001	0.001	0.997
0.001	0.001	0.001	0.997
0.997	0.001	0.001	0.001
0.001	0.001	0.997	0.001
