>CCTTATCAGT	1-CCTTATCAGT	9.765733	-34.046148	0	T:32.0(24.43%),B:1760.6(4.35%),P:1e-14	Tpos:660.3,Tstd:286.4,Bpos:562.3,Bstd:315.3,StrandBias:1.1,Multiplicity:1.16
0.026	0.642	0.120	0.212
0.046	0.952	0.001	0.001
0.001	0.001	0.040	0.958
0.001	0.001	0.001	0.997
0.997	0.001	0.001	0.001
0.058	0.001	0.001	0.940
0.001	0.955	0.001	0.043
0.953	0.001	0.001	0.045
0.043	0.001	0.955	0.001
0.037	0.040	0.060	0.863
>TGATCTTTTG	2-TGATCTTTTG	9.539939	-22.536393	0	T:40.0(30.53%),B:4148.1(10.25%),P:1e-9	Tpos:577.0,Tstd:299.5,Bpos:511.3,Bstd:310.3,StrandBias:0.5,Multiplicity:1.15
0.001	0.036	0.001	0.962
0.018	0.001	0.980	0.001
0.959	0.001	0.039	0.001
0.071	0.001	0.018	0.910
0.056	0.799	0.001	0.144
0.050	0.031	0.001	0.918
0.035	0.001	0.056	0.908
0.109	0.001	0.001	0.889
0.045	0.042	0.039	0.874
0.001	0.170	0.808	0.021
>TGTAGCATGA	3-TGTAGCATGA	9.742813	-21.280144	0	T:17.0(12.98%),B:754.3(1.86%),P:1e-9	Tpos:505.5,Tstd:237.3,Bpos:500.5,Bstd:306.7,StrandBias:-0.9,Multiplicity:1.00
0.001	0.001	0.001	0.997
0.001	0.001	0.997	0.001
0.001	0.001	0.062	0.936
0.938	0.001	0.001	0.060
0.001	0.168	0.830	0.001
0.195	0.743	0.001	0.061
0.997	0.001	0.001	0.001
0.089	0.135	0.001	0.775
0.001	0.001	0.943	0.055
0.906	0.001	0.001	0.092
>ATTGATAAGA	4-ATTGATAAGA	8.303029	-20.872944	0	T:44.0(33.59%),B:5191.9(12.83%),P:1e-9	Tpos:618.3,Tstd:308.2,Bpos:525.0,Bstd:320.2,StrandBias:-0.7,Multiplicity:1.11
0.739	0.036	0.124	0.101
0.001	0.001	0.090	0.908
0.001	0.051	0.001	0.947
0.001	0.033	0.965	0.001
0.997	0.001	0.001	0.001
0.001	0.034	0.050	0.915
0.934	0.044	0.021	0.001
0.924	0.051	0.001	0.024
0.062	0.001	0.936	0.001
0.929	0.040	0.001	0.030
>TCACGTAGGC	5-TCACGTAGGC	9.643170	-19.496488	0	T:12.0(9.16%),B:359.3(0.89%),P:1e-8	Tpos:533.5,Tstd:336.9,Bpos:492.2,Bstd:276.2,StrandBias:-1.2,Multiplicity:1.08
0.001	0.001	0.039	0.959
0.001	0.997	0.001	0.001
0.852	0.146	0.001	0.001
0.001	0.850	0.075	0.074
0.001	0.001	0.997	0.001
0.113	0.001	0.001	0.885
0.861	0.001	0.137	0.001
0.001	0.130	0.760	0.109
0.091	0.001	0.907	0.001
0.001	0.997	0.001	0.001
>GCCTTTGCAC	6-GCCTTTGCAC	8.044043	-19.243666	0	T:23.0(17.56%),B:1655.3(4.09%),P:1e-8	Tpos:583.5,Tstd:286.4,Bpos:496.9,Bstd:303.4,StrandBias:0.2,Multiplicity:1.04
0.194	0.032	0.552	0.222
0.082	0.883	0.001	0.034
0.041	0.909	0.001	0.049
0.051	0.048	0.001	0.900
0.001	0.100	0.116	0.783
0.153	0.119	0.100	0.628
0.001	0.001	0.997	0.001
0.001	0.704	0.060	0.235
0.839	0.001	0.113	0.047
0.075	0.830	0.094	0.001
>GCAAGTGGCA	7-GCAAGTGGCA	10.243228	-19.027932	0	T:13.0(9.92%),B:462.1(1.14%),P:1e-8	Tpos:317.6,Tstd:264.1,Bpos:509.9,Bstd:308.8,StrandBias:-0.4,Multiplicity:1.08
0.074	0.001	0.670	0.255
0.001	0.797	0.087	0.115
0.997	0.001	0.001	0.001
0.997	0.001	0.001	0.001
0.001	0.001	0.922	0.076
0.001	0.001	0.001	0.997
0.001	0.001	0.997	0.001
0.001	0.001	0.997	0.001
0.071	0.927	0.001	0.001
0.778	0.001	0.120	0.101
>GCYGATWAAA	8-GCYGATWAAA	9.152489	-18.562729	0	T:16.0(12.21%),B:792.6(1.96%),P:1e-8	Tpos:695.3,Tstd:248.6,Bpos:521.5,Bstd:316.9,StrandBias:0.2,Multiplicity:1.06
0.202	0.018	0.779	0.001
0.202	0.750	0.001	0.047
0.001	0.452	0.022	0.525
0.074	0.136	0.573	0.217
0.997	0.001	0.001	0.001
0.001	0.017	0.001	0.981
0.498	0.001	0.089	0.412
0.623	0.142	0.148	0.087
0.683	0.227	0.001	0.089
0.677	0.001	0.287	0.035
>TGGGGAAGTT	9-TGGGGAAGTT	10.018418	-18.491669	0	T:13.0(9.92%),B:484.1(1.20%),P:1e-8	Tpos:423.7,Tstd:306.4,Bpos:480.0,Bstd:302.4,StrandBias:-2.2,Multiplicity:1.31
0.001	0.001	0.001	0.997
0.137	0.001	0.861	0.001
0.001	0.108	0.890	0.001
0.001	0.001	0.997	0.001
0.001	0.001	0.873	0.125
0.823	0.175	0.001	0.001
0.818	0.001	0.180	0.001
0.060	0.001	0.938	0.001
0.001	0.199	0.001	0.799
0.001	0.001	0.001	0.997
>ATCCACACTC	10-ATCCACACTC	9.544220	-17.469003	0	T:15.0(11.45%),B:742.3(1.83%),P:1e-7	Tpos:553.6,Tstd:282.7,Bpos:491.6,Bstd:301.2,StrandBias:1.1,Multiplicity:1.07
0.786	0.114	0.001	0.099
0.001	0.001	0.001	0.997
0.001	0.834	0.131	0.034
0.001	0.997	0.001	0.001
0.837	0.001	0.001	0.161
0.194	0.686	0.001	0.119
0.997	0.001	0.001	0.001
0.117	0.881	0.001	0.001
0.001	0.001	0.001	0.997
0.001	0.997	0.001	0.001
>GGGTAAAGTT	11-GGGTAAAGTT	8.176081	-16.365869	0	T:27.0(20.61%),B:2612.4(6.46%),P:1e-7	Tpos:573.9,Tstd:293.4,Bpos:500.9,Bstd:301.3,StrandBias:-0.4,Multiplicity:1.11
0.168	0.055	0.718	0.059
0.094	0.001	0.793	0.112
0.030	0.262	0.707	0.001
0.001	0.119	0.001	0.879
0.907	0.001	0.091	0.001
0.666	0.188	0.001	0.145
0.997	0.001	0.001	0.001
0.001	0.305	0.667	0.027
0.003	0.070	0.002	0.925
0.061	0.301	0.001	0.637
>CCGTATTAAT	12-CCGTATTAAT	8.412417	-15.914179	0	T:33.0(25.19%),B:3796.2(9.38%),P:1e-6	Tpos:486.7,Tstd:291.5,Bpos:520.4,Bstd:305.9,StrandBias:0.1,Multiplicity:1.06
0.188	0.675	0.127	0.010
0.046	0.642	0.224	0.088
0.255	0.001	0.743	0.001
0.055	0.001	0.001	0.943
0.914	0.001	0.001	0.084
0.001	0.001	0.001	0.997
0.156	0.001	0.154	0.689
0.721	0.001	0.014	0.264
0.850	0.001	0.001	0.148
0.001	0.124	0.001	0.874
>TGATGACAAT	13-TGATGACAAT	9.462730	-15.753395	0	T:19.0(14.50%),B:1389.1(3.43%),P:1e-6	Tpos:545.5,Tstd:261.5,Bpos:540.5,Bstd:314.6,StrandBias:-0.7,Multiplicity:1.17
0.034	0.301	0.001	0.664
0.080	0.068	0.786	0.066
0.926	0.046	0.001	0.027
0.084	0.154	0.031	0.731
0.030	0.060	0.909	0.001
0.692	0.241	0.066	0.001
0.029	0.771	0.027	0.173
0.642	0.040	0.061	0.257
0.907	0.091	0.001	0.001
0.315	0.001	0.006	0.678
>TAGAAACCAT	14-TAGAAACCAT	10.424779	-14.567759	0	T:11.0(8.40%),B:466.4(1.15%),P:1e-6	Tpos:454.2,Tstd:262.7,Bpos:514.9,Bstd:307.7,StrandBias:0.0,Multiplicity:1.09
0.001	0.001	0.001	0.997
0.932	0.001	0.066	0.001
0.001	0.001	0.997	0.001
0.704	0.132	0.163	0.001
0.997	0.001	0.001	0.001
0.997	0.001	0.001	0.001
0.001	0.997	0.001	0.001
0.001	0.997	0.001	0.001
0.997	0.001	0.001	0.001
0.050	0.001	0.001	0.948
>GGGCTTTTCG	15-GGGCTTTTCG	7.740653	-13.872918	0	T:42.0(32.06%),B:6112.7(15.11%),P:1e-6	Tpos:549.0,Tstd:303.8,Bpos:500.0,Bstd:299.1,StrandBias:-1.1,Multiplicity:1.26
0.069	0.067	0.619	0.245
0.001	0.149	0.797	0.053
0.269	0.001	0.729	0.001
0.246	0.450	0.247	0.057
0.312	0.001	0.066	0.621
0.104	0.001	0.001	0.894
0.001	0.001	0.001	0.997
0.042	0.166	0.001	0.791
0.001	0.913	0.001	0.085
0.047	0.001	0.806	0.146
>CCTAAHCTGA	16-CCTAAHCTGA	5.759968	-13.559841	0	T:12.0(9.16%),B:631.8(1.56%),P:1e-5	Tpos:447.2,Tstd:322.3,Bpos:505.3,Bstd:310.1,StrandBias:-0.5,Multiplicity:1.00
0.001	0.997	0.001	0.001
0.001	0.997	0.001	0.001
0.275	0.001	0.001	0.723
0.997	0.001	0.001	0.001
0.997	0.001	0.001	0.001
0.276	0.413	0.001	0.310
0.001	0.997	0.001	0.001
0.001	0.001	0.001	0.997
0.001	0.001	0.997	0.001
0.997	0.001	0.001	0.001
>CGCTGCATTT	17-CGCTGCATTT	9.710529	-12.607427	0	T:15.0(11.45%),B:1098.2(2.71%),P:1e-5	Tpos:452.5,Tstd:279.5,Bpos:516.1,Bstd:297.2,StrandBias:0.0,Multiplicity:1.33
0.001	0.997	0.001	0.001
0.382	0.001	0.616	0.001
0.001	0.997	0.001	0.001
0.220	0.001	0.213	0.566
0.215	0.001	0.783	0.001
0.001	0.721	0.001	0.277
0.974	0.024	0.001	0.001
0.001	0.211	0.001	0.787
0.001	0.001	0.001	0.997
0.001	0.001	0.001	0.997
>TCCAAAKTCT	18-TCCAAAKTCT	8.033730	-11.397939	0	T:32.0(24.43%),B:4442.2(10.98%),P:1e-4	Tpos:400.7,Tstd:251.7,Bpos:485.9,Bstd:300.0,StrandBias:-0.1,Multiplicity:1.09
0.015	0.273	0.015	0.697
0.010	0.879	0.107	0.004
0.251	0.514	0.183	0.052
0.893	0.057	0.012	0.038
0.941	0.023	0.019	0.017
0.510	0.343	0.014	0.133
0.219	0.151	0.252	0.378
0.313	0.001	0.001	0.685
0.029	0.546	0.275	0.150
0.187	0.027	0.266	0.520
>CCAACTTTAG	19-CCAACTTTAG	9.323028	-7.135750	0	T:6.0(4.58%),B:329.9(0.82%),P:1e-3	Tpos:619.0,Tstd:199.2,Bpos:511.3,Bstd:292.7,StrandBias:1.2,Multiplicity:1.67
0.077	0.921	0.001	0.001
0.001	0.997	0.001	0.001
0.997	0.001	0.001	0.001
0.650	0.207	0.001	0.142
0.001	0.997	0.001	0.001
0.001	0.001	0.001	0.997
0.001	0.001	0.001	0.997
0.001	0.001	0.001	0.997
0.997	0.001	0.001	0.001
0.001	0.001	0.997	0.001
>CAAACTGATAAG	1-CAAACTGATAAG	13.134294	-37.918072	0	T:16.0(12.21%),B:208.9(0.52%),P:1e-16	Tpos:669.4,Tstd:298.7,Bpos:588.9,Bstd:328.7,StrandBias:-0.9,Multiplicity:1.06
0.031	0.853	0.058	0.058
0.822	0.001	0.091	0.086
0.901	0.001	0.001	0.097
0.908	0.001	0.090	0.001
0.001	0.997	0.001	0.001
0.001	0.001	0.001	0.997
0.001	0.001	0.997	0.001
0.997	0.001	0.001	0.001
0.075	0.001	0.001	0.923
0.997	0.001	0.001	0.001
0.997	0.001	0.001	0.001
0.145	0.001	0.853	0.001
>CGGCTGATAAAA	2-CGGCTGATAAAA	11.958647	-27.335429	0	T:12.0(9.16%),B:176.4(0.44%),P:1e-11	Tpos:692.0,Tstd:272.8,Bpos:519.0,Bstd:307.9,StrandBias:-0.5,Multiplicity:1.00
0.001	0.759	0.001	0.239
0.225	0.001	0.663	0.111
0.001	0.001	0.852	0.146
0.001	0.997	0.001	0.001
0.122	0.001	0.001	0.876
0.116	0.001	0.665	0.218
0.997	0.001	0.001	0.001
0.001	0.001	0.001	0.997
0.641	0.001	0.203	0.155
0.997	0.001	0.001	0.001
0.997	0.001	0.001	0.001
0.997	0.001	0.001	0.001
>TACTAGAAGATT	3-TACTAGAAGATT	13.214574	-25.698262	0	T:9.0(6.87%),B:73.9(0.18%),P:1e-11	Tpos:385.9,Tstd:239.6,Bpos:502.6,Bstd:305.5,StrandBias:-1.0,Multiplicity:1.00
0.108	0.001	0.001	0.890
0.997	0.001	0.001	0.001
0.001	0.997	0.001	0.001
0.001	0.001	0.119	0.879
0.762	0.146	0.001	0.091
0.001	0.001	0.997	0.001
0.818	0.180	0.001	0.001
0.997	0.001	0.001	0.001
0.080	0.001	0.918	0.001
0.997	0.001	0.001	0.001
0.001	0.001	0.001	0.997
0.145	0.001	0.001	0.853
>GTAGACTCKTGA	4-GTAGACTCKTGA	9.597821	-24.712372	0	T:12.0(9.16%),B:223.7(0.55%),P:1e-10	Tpos:566.8,Tstd:277.6,Bpos:494.5,Bstd:294.8,StrandBias:1.0,Multiplicity:1.00
0.143	0.001	0.855	0.001
0.001	0.001	0.001	0.997
0.758	0.001	0.017	0.224
0.001	0.018	0.980	0.001
0.604	0.394	0.001	0.001
0.001	0.997	0.001	0.001
0.001	0.035	0.001	0.963
0.001	0.997	0.001	0.001
0.018	0.018	0.422	0.542
0.001	0.001	0.001	0.997
0.198	0.198	0.461	0.144
0.801	0.197	0.001	0.001
>TTTGATCTTTTC	5-TTTGATCTTTTC	10.331440	-24.444743	0	T:31.0(23.66%),B:2373.5(5.87%),P:1e-10	Tpos:550.4,Tstd:300.5,Bpos:508.6,Bstd:312.5,StrandBias:0.9,Multiplicity:1.10
0.208	0.001	0.081	0.710
0.001	0.320	0.038	0.641
0.001	0.001	0.001	0.997
0.220	0.019	0.752	0.009
0.922	0.029	0.001	0.048
0.333	0.045	0.012	0.610
0.148	0.641	0.173	0.038
0.221	0.001	0.001	0.777
0.304	0.034	0.001	0.661
0.001	0.137	0.307	0.555
0.001	0.236	0.001	0.762
0.221	0.703	0.061	0.015
>ATGGTTTCTATC	6-ATGGTTTCTATC	12.522884	-24.046704	0	T:7.0(5.34%),B:31.5(0.08%),P:1e-10	Tpos:467.8,Tstd:276.3,Bpos:519.2,Bstd:295.6,StrandBias:1.6,Multiplicity:1.14
0.880	0.001	0.001	0.118
0.001	0.001	0.001	0.997
0.001	0.001	0.997	0.001
0.001	0.001	0.997	0.001
0.001	0.001	0.001	0.997
0.001	0.001	0.001	0.997
0.001	0.182	0.001	0.816
0.001	0.997	0.001	0.001
0.001	0.001	0.001	0.997
0.997	0.001	0.001	0.001
0.207	0.182	0.001	0.610
0.001	0.841	0.157	0.001
>ATATTGATAAGA	7-ATATTGATAAGA	9.884121	-23.625301	0	T:38.0(29.01%),B:3635.7(8.99%),P:1e-10	Tpos:613.5,Tstd:311.4,Bpos:528.6,Bstd:317.2,StrandBias:0.1,Multiplicity:1.25
0.769	0.085	0.036	0.110
0.083	0.102	0.054	0.761
0.805	0.029	0.062	0.104
0.060	0.134	0.042	0.764
0.057	0.001	0.001	0.941
0.103	0.048	0.771	0.078
0.997	0.001	0.001	0.001
0.112	0.063	0.087	0.738
0.951	0.027	0.021	0.001
0.918	0.064	0.001	0.017
0.033	0.098	0.805	0.064
0.786	0.068	0.058	0.088
>TGATGACAATTA	8-TGATGACAATTA	13.407204	-23.327676	0	T:11.0(8.40%),B:193.6(0.48%),P:1e-10	Tpos:619.3,Tstd:227.6,Bpos:512.7,Bstd:328.5,StrandBias:-0.8,Multiplicity:1.00
0.001	0.001	0.001	0.997
0.001	0.001	0.997	0.001
0.997	0.001	0.001	0.001
0.001	0.001	0.001	0.997
0.110	0.001	0.888	0.001
0.997	0.001	0.001	0.001
0.077	0.805	0.001	0.117
0.997	0.001	0.001	0.001
0.837	0.001	0.001	0.161
0.001	0.001	0.001	0.997
0.124	0.001	0.001	0.874
0.809	0.001	0.108	0.082
>RCGTCTTTGCAM	9-RCGTCTTTGCAM	11.507273	-22.158245	0	T:7.0(5.34%),B:42.8(0.11%),P:1e-9	Tpos:508.0,Tstd:231.1,Bpos:487.3,Bstd:319.9,StrandBias:-0.4,Multiplicity:1.00
0.562	0.001	0.436	0.001
0.176	0.822	0.001	0.001
0.010	0.111	0.798	0.081
0.001	0.273	0.001	0.725
0.083	0.915	0.001	0.001
0.001	0.001	0.009	0.989
0.001	0.095	0.001	0.903
0.111	0.111	0.208	0.570
0.222	0.001	0.690	0.087
0.086	0.912	0.001	0.001
0.912	0.001	0.001	0.086
0.426	0.490	0.084	0.001
>ACCAAAATGTGA	10-ACCAAAATGTGA	13.883571	-21.932106	0	T:9.0(6.87%),B:115.9(0.29%),P:1e-9	Tpos:407.6,Tstd:209.7,Bpos:558.2,Bstd:304.6,StrandBias:-0.3,Multiplicity:1.00
0.691	0.001	0.190	0.118
0.085	0.777	0.137	0.001
0.001	0.817	0.181	0.001
0.997	0.001	0.001	0.001
0.997	0.001	0.001	0.001
0.997	0.001	0.001	0.001
0.997	0.001	0.001	0.001
0.001	0.001	0.001	0.997
0.001	0.001	0.997	0.001
0.153	0.001	0.001	0.845
0.001	0.001	0.997	0.001
0.997	0.001	0.001	0.001
>TTATGACACTTT	11-TTATGACACTTT	13.290493	-20.197273	0	T:10.0(7.63%),B:198.1(0.49%),P:1e-8	Tpos:472.9,Tstd:345.3,Bpos:501.8,Bstd:315.8,StrandBias:-0.8,Multiplicity:1.10
0.125	0.001	0.001	0.873
0.101	0.001	0.001	0.897
0.997	0.001	0.001	0.001
0.001	0.001	0.001	0.997
0.001	0.001	0.997	0.001
0.997	0.001	0.001	0.001
0.275	0.723	0.001	0.001
0.795	0.001	0.001	0.203
0.001	0.818	0.101	0.080
0.001	0.001	0.001	0.997
0.001	0.001	0.001	0.997
0.001	0.001	0.001	0.997
>TTGGGCTTTTCT	12-TTGGGCTTTTCT	13.559775	-19.891486	0	T:7.0(5.34%),B:60.1(0.15%),P:1e-8	Tpos:698.7,Tstd:138.2,Bpos:475.6,Bstd:310.4,StrandBias:-1.3,Multiplicity:1.00
0.001	0.001	0.001	0.997
0.001	0.001	0.001	0.997
0.001	0.001	0.997	0.001
0.001	0.001	0.891	0.107
0.001	0.001	0.997	0.001
0.093	0.905	0.001	0.001
0.120	0.001	0.001	0.878
0.001	0.001	0.001	0.997
0.001	0.001	0.001	0.997
0.001	0.198	0.001	0.800
0.001	0.997	0.001	0.001
0.123	0.001	0.183	0.693
>ATAAAGACTTTT	13-ATAAAGACTTTT	11.438226	-19.698853	0	T:13.0(9.92%),B:436.6(1.08%),P:1e-8	Tpos:554.5,Tstd:281.7,Bpos:516.2,Bstd:306.8,StrandBias:0.2,Multiplicity:1.00
0.997	0.001	0.001	0.001
0.001	0.107	0.001	0.891
0.997	0.001	0.001	0.001
0.997	0.001	0.001	0.001
0.874	0.124	0.001	0.001
0.001	0.001	0.942	0.056
0.997	0.001	0.001	0.001
0.066	0.770	0.104	0.060
0.092	0.001	0.121	0.786
0.001	0.001	0.001	0.997
0.001	0.001	0.001	0.997
0.001	0.148	0.001	0.850
>GAGAGAGGCGGG	14-GAGAGAGGCGGG	13.876272	-18.877655	0	T:5.0(3.82%),B:16.3(0.04%),P:1e-8	Tpos:619.2,Tstd:210.9,Bpos:527.4,Bstd:287.6,StrandBias:-10.0,Multiplicity:1.00
0.001	0.001	0.997	0.001
0.997	0.001	0.001	0.001
0.001	0.001	0.997	0.001
0.535	0.232	0.001	0.232
0.001	0.001	0.997	0.001
0.997	0.001	0.001	0.001
0.001	0.001	0.997	0.001
0.001	0.001	0.997	0.001
0.153	0.845	0.001	0.001
0.001	0.001	0.997	0.001
0.001	0.001	0.997	0.001
0.203	0.001	0.795	0.001
>GTTTCTGAGTGT	15-GTTTCTGAGTGT	10.273828	-18.658922	0	T:19.0(14.50%),B:1151.5(2.85%),P:1e-8	Tpos:430.0,Tstd:259.2,Bpos:523.4,Bstd:310.9,StrandBias:0.1,Multiplicity:1.11
0.102	0.001	0.878	0.019
0.129	0.005	0.001	0.865
0.001	0.001	0.001	0.997
0.001	0.001	0.169	0.829
0.001	0.695	0.026	0.278
0.101	0.093	0.001	0.805
0.182	0.074	0.731	0.013
0.647	0.121	0.003	0.229
0.001	0.001	0.997	0.001
0.007	0.001	0.001	0.991
0.100	0.373	0.526	0.001
0.020	0.001	0.001	0.978
>ATCGCACAAAAA	16-ATCGCACAAAAA	13.028344	-18.335833	0	T:11.0(8.40%),B:317.5(0.78%),P:1e-7	Tpos:476.9,Tstd:292.7,Bpos:530.9,Bstd:286.8,StrandBias:-1.4,Multiplicity:1.00
0.899	0.001	0.001	0.099
0.113	0.001	0.001	0.885
0.001	0.890	0.108	0.001
0.001	0.001	0.997	0.001
0.074	0.924	0.001	0.001
0.867	0.001	0.131	0.001
0.072	0.608	0.319	0.001
0.997	0.001	0.001	0.001
0.997	0.001	0.001	0.001
0.997	0.001	0.001	0.001
0.997	0.001	0.001	0.001
0.997	0.001	0.001	0.001
>AAAAGAAATAAC	17-AAAAGAAATAAC	12.779137	-17.169694	0	T:14.0(10.69%),B:648.5(1.60%),P:1e-7	Tpos:667.3,Tstd:245.2,Bpos:527.8,Bstd:314.1,StrandBias:-0.8,Multiplicity:1.00
0.997	0.001	0.001	0.001
0.997	0.001	0.001	0.001
0.904	0.094	0.001	0.001
0.905	0.001	0.001	0.093
0.001	0.001	0.942	0.056
0.997	0.001	0.001	0.001
0.730	0.001	0.108	0.161
0.997	0.001	0.001	0.001
0.001	0.056	0.001	0.942
0.813	0.087	0.099	0.001
0.997	0.001	0.001	0.001
0.080	0.838	0.081	0.001
>ACCCCACGTGGG	18-ACCCCACGTGGG	14.818511	-15.847065	0	T:3.0(2.29%),B:1.6(0.00%),P:1e-6	Tpos:387.3,Tstd:386.0,Bpos:186.0,Bstd:150.0,StrandBias:1.0,Multiplicity:1.00
0.997	0.001	0.001	0.001
0.257	0.741	0.001	0.001
0.257	0.516	0.001	0.226
0.001	0.997	0.001	0.001
0.001	0.997	0.001	0.001
0.997	0.001	0.001	0.001
0.001	0.997	0.001	0.001
0.001	0.001	0.997	0.001
0.001	0.001	0.001	0.997
0.001	0.001	0.997	0.001
0.001	0.001	0.997	0.001
0.001	0.001	0.997	0.001
>CGCTGTATTTTT	19-CGCTGTATTTTT	13.455499	-14.832050	0	T:8.0(6.11%),B:196.8(0.49%),P:1e-6	Tpos:497.7,Tstd:289.6,Bpos:497.4,Bstd:306.2,StrandBias:1.0,Multiplicity:1.12
0.118	0.719	0.001	0.162
0.098	0.001	0.900	0.001
0.001	0.997	0.001	0.001
0.176	0.001	0.001	0.822
0.176	0.001	0.822	0.001
0.001	0.001	0.001	0.997
0.892	0.001	0.001	0.106
0.001	0.001	0.001	0.997
0.001	0.001	0.001	0.997
0.001	0.001	0.001	0.997
0.001	0.001	0.001	0.997
0.001	0.001	0.001	0.997
>CAATYCACAAGT	20-CAATYCACAAGT	9.824473	-14.231294	0	T:21.0(16.03%),B:1857.5(4.59%),P:1e-6	Tpos:415.0,Tstd:324.5,Bpos:502.7,Bstd:308.8,StrandBias:-1.1,Multiplicity:1.05
0.120	0.748	0.001	0.131
0.869	0.001	0.001	0.129
0.804	0.192	0.001	0.003
0.094	0.003	0.001	0.902
0.001	0.555	0.001	0.443
0.195	0.683	0.002	0.120
0.803	0.001	0.195	0.001
0.032	0.966	0.001	0.001
0.993	0.001	0.002	0.004
0.994	0.004	0.001	0.001
0.222	0.122	0.654	0.002
0.001	0.004	0.003	0.992
>CMAATTTCCCCA	21-CMAATTTCCCCA	14.675618	-13.123231	0	T:4.0(3.05%),B:24.2(0.06%),P:1e-5	Tpos:364.0,Tstd:352.0,Bpos:393.0,Bstd:308.9,StrandBias:10.0,Multiplicity:1.25
0.099	0.774	0.001	0.126
0.454	0.337	0.208	0.001
0.997	0.001	0.001	0.001
0.997	0.001	0.001	0.001
0.001	0.001	0.001	0.997
0.001	0.001	0.001	0.997
0.001	0.001	0.001	0.997
0.001	0.997	0.001	0.001
0.001	0.997	0.001	0.001
0.001	0.997	0.001	0.001
0.099	0.899	0.001	0.001
0.997	0.001	0.001	0.001
>KTGCAAAGTCTG	22-KTGCAAAGTCTG	12.202846	-12.765625	0	T:6.0(4.58%),B:115.6(0.29%),P:1e-5	Tpos:423.8,Tstd:302.1,Bpos:519.0,Bstd:296.7,StrandBias:1.6,Multiplicity:1.33
0.198	0.172	0.366	0.264
0.001	0.001	0.001	0.997
0.197	0.001	0.801	0.001
0.106	0.583	0.162	0.149
0.801	0.197	0.001	0.001
0.997	0.001	0.001	0.001
0.997	0.001	0.001	0.001
0.148	0.001	0.850	0.001
0.001	0.001	0.001	0.997
0.001	0.991	0.001	0.007
0.197	0.001	0.001	0.801
0.001	0.001	0.997	0.001
>AAATTGCGAAGC	23-AAATTGCGAAGC	14.011252	-12.320660	0	T:4.0(3.05%),B:30.6(0.08%),P:1e-5	Tpos:426.0,Tstd:292.0,Bpos:524.7,Bstd:275.9,StrandBias:1.6,Multiplicity:1.00
0.997	0.001	0.001	0.001
0.997	0.001	0.001	0.001
0.997	0.001	0.001	0.001
0.001	0.133	0.164	0.702
0.001	0.001	0.001	0.997
0.001	0.001	0.910	0.088
0.001	0.900	0.001	0.098
0.093	0.001	0.905	0.001
0.997	0.001	0.001	0.001
0.997	0.001	0.001	0.001
0.001	0.001	0.997	0.001
0.103	0.751	0.001	0.145
>ACCAACTTTAGC	24-ACCAACTTTAGC	15.589023	-3.268684	0	T:1.0(0.76%),B:11.2(0.03%),P:1e-1	Tpos:613.5,Tstd:24.5,Bpos:432.1,Bstd:183.2,StrandBias:10.0,Multiplicity:2.00
0.554	0.178	0.267	0.001
0.001	0.997	0.001	0.001
0.001	0.997	0.001	0.001
0.997	0.001	0.001	0.001
0.997	0.001	0.001	0.001
0.001	0.804	0.194	0.001
0.001	0.001	0.001	0.997
0.001	0.001	0.001	0.997
0.001	0.001	0.001	0.997
0.997	0.001	0.001	0.001
0.001	0.001	0.997	0.001
0.188	0.810	0.001	0.001
>CTGATAAG	1-CTGATAAG	4.161567	-27.254271	0	T:60.0(45.80%),B:7557.4(18.68%),P:1e-11	Tpos:680.9,Tstd:263.2,Bpos:541.5,Bstd:321.9,StrandBias:-0.7,Multiplicity:1.40
0.001	0.680	0.001	0.318
0.001	0.001	0.001	0.997
0.001	0.001	0.997	0.001
0.997	0.001	0.001	0.001
0.001	0.001	0.001	0.997
0.997	0.001	0.001	0.001
0.997	0.001	0.001	0.001
0.001	0.001	0.997	0.001
>TACAAACT	2-TACAAACT	9.036606	-19.161849	0	T:39.0(29.77%),B:4457.4(11.02%),P:1e-8	Tpos:524.2,Tstd:321.8,Bpos:512.9,Bstd:306.8,StrandBias:1.3,Multiplicity:1.06
0.001	0.172	0.001	0.826
0.857	0.141	0.001	0.001
0.001	0.997	0.001	0.001
0.952	0.001	0.046	0.001
0.997	0.001	0.001	0.001
0.925	0.073	0.001	0.001
0.001	0.997	0.001	0.001
0.001	0.001	0.001	0.997
>TRCGATAA	3-TRCGATAA	8.398870	-13.591179	0	T:39.0(29.77%),B:5499.6(13.59%),P:1e-5	Tpos:605.7,Tstd:264.1,Bpos:517.2,Bstd:312.0,StrandBias:0.3,Multiplicity:1.16
0.001	0.117	0.001	0.881
0.470	0.001	0.528	0.001
0.234	0.764	0.001	0.001
0.001	0.001	0.997	0.001
0.708	0.077	0.001	0.214
0.001	0.001	0.001	0.997
0.997	0.001	0.001	0.001
0.997	0.001	0.001	0.001
>TTTGATCT	4-TTTGATCT	9.184721	-12.167479	0	T:34.0(25.95%),B:4709.5(11.64%),P:1e-5	Tpos:652.8,Tstd:256.1,Bpos:511.2,Bstd:312.6,StrandBias:0.6,Multiplicity:1.18
0.152	0.001	0.001	0.846
0.179	0.001	0.001	0.819
0.001	0.001	0.001	0.997
0.001	0.001	0.997	0.001
0.997	0.001	0.001	0.001
0.001	0.001	0.001	0.997
0.001	0.997	0.001	0.001
0.001	0.001	0.001	0.997
>CATGGCGG	5-CATGGCGG	7.229560	-12.109544	0	T:22.0(16.79%),B:2308.6(5.71%),P:1e-5	Tpos:503.6,Tstd:336.5,Bpos:479.4,Bstd:296.4,StrandBias:0.6,Multiplicity:1.14
0.001	0.892	0.001	0.106
0.857	0.068	0.074	0.001
0.001	0.245	0.001	0.753
0.065	0.001	0.801	0.133
0.001	0.370	0.628	0.001
0.087	0.764	0.053	0.096
0.001	0.001	0.997	0.001
0.001	0.001	0.836	0.162
