>TACTGACTCA	1-TACTGACTCA	10.123334	-21.524357	0	T:15.0(9.49%),B:456.0(1.11%),P:1e-9	Tpos:561.4,Tstd:273.3,Bpos:518.4,Bstd:301.4,StrandBias:0.2,Multiplicity:1.00
0.047	0.079	0.001	0.873
0.891	0.001	0.068	0.040
0.059	0.939	0.001	0.001
0.001	0.001	0.001	0.997
0.077	0.001	0.921	0.001
0.827	0.001	0.001	0.171
0.054	0.837	0.108	0.001
0.001	0.001	0.084	0.914
0.001	0.894	0.001	0.104
0.997	0.001	0.001	0.001
>GCTGCCGATA	2-GCTGCCGATA	10.501805	-21.400424	0	T:12.0(7.59%),B:253.0(0.61%),P:1e-9	Tpos:576.0,Tstd:205.1,Bpos:514.7,Bstd:318.2,StrandBias:0.0,Multiplicity:1.00
0.084	0.158	0.757	0.001
0.001	0.895	0.001	0.103
0.001	0.001	0.001	0.997
0.001	0.001	0.900	0.098
0.097	0.901	0.001	0.001
0.001	0.841	0.157	0.001
0.001	0.001	0.997	0.001
0.997	0.001	0.001	0.001
0.076	0.001	0.107	0.816
0.997	0.001	0.001	0.001
>TCAGGAGGAG	3-TCAGGAGGAG	10.260763	-19.477034	0	T:12.0(7.59%),B:301.7(0.73%),P:1e-8	Tpos:655.1,Tstd:225.2,Bpos:492.9,Bstd:333.3,StrandBias:-1.6,Multiplicity:1.00
0.001	0.054	0.141	0.804
0.068	0.892	0.039	0.001
0.997	0.001	0.001	0.001
0.057	0.074	0.868	0.001
0.001	0.147	0.851	0.001
0.997	0.001	0.001	0.001
0.001	0.001	0.997	0.001
0.001	0.001	0.915	0.083
0.879	0.001	0.119	0.001
0.057	0.095	0.847	0.001
>ACTGGCGCTA	4-ACTGGCGCTA	10.281178	-19.049541	0	T:11.0(6.96%),B:247.9(0.60%),P:1e-8	Tpos:518.4,Tstd:279.8,Bpos:496.7,Bstd:305.3,StrandBias:1.0,Multiplicity:1.09
0.997	0.001	0.001	0.001
0.001	0.901	0.097	0.001
0.001	0.157	0.001	0.841
0.001	0.001	0.997	0.001
0.001	0.084	0.914	0.001
0.072	0.926	0.001	0.001
0.001	0.128	0.870	0.001
0.001	0.905	0.001	0.093
0.081	0.066	0.001	0.852
0.840	0.079	0.080	0.001
>ACGGAAGCAC	5-ACGGAAGCAC	9.931111	-18.667455	0	T:13.0(8.23%),B:399.2(0.97%),P:1e-8	Tpos:446.7,Tstd:216.5,Bpos:489.9,Bstd:314.9,StrandBias:0.7,Multiplicity:1.00
0.997	0.001	0.001	0.001
0.001	0.900	0.098	0.001
0.068	0.123	0.808	0.001
0.001	0.001	0.997	0.001
0.810	0.093	0.096	0.001
0.919	0.001	0.001	0.079
0.054	0.001	0.860	0.085
0.050	0.948	0.001	0.001
0.997	0.001	0.001	0.001
0.001	0.850	0.071	0.078
>CTCARGCCTT	6-CTCARGCCTT	8.840039	-18.186255	0	T:16.0(10.13%),B:681.1(1.65%),P:1e-7	Tpos:470.3,Tstd:285.5,Bpos:515.6,Bstd:303.7,StrandBias:0.5,Multiplicity:1.06
0.099	0.793	0.107	0.001
0.011	0.001	0.001	0.987
0.081	0.795	0.123	0.001
0.884	0.001	0.001	0.114
0.371	0.179	0.449	0.001
0.001	0.096	0.902	0.001
0.192	0.806	0.001	0.001
0.152	0.846	0.001	0.001
0.001	0.001	0.117	0.881
0.001	0.001	0.311	0.687
>GAKCAACTAV	7-GAKCAACTAV	8.324230	-18.091864	0	T:46.0(29.11%),B:5054.1(12.25%),P:1e-7	Tpos:477.3,Tstd:292.5,Bpos:485.8,Bstd:302.9,StrandBias:-0.1,Multiplicity:1.09
0.001	0.001	0.984	0.014
0.997	0.001	0.001	0.001
0.001	0.001	0.450	0.548
0.001	0.997	0.001	0.001
0.997	0.001	0.001	0.001
0.997	0.001	0.001	0.001
0.001	0.791	0.001	0.207
0.128	0.199	0.001	0.672
0.707	0.001	0.001	0.291
0.205	0.305	0.335	0.155
>ACATTYCTAG	8-ACATTYCTAG	8.519591	-17.992354	0	T:37.0(23.42%),B:3523.1(8.54%),P:1e-7	Tpos:458.8,Tstd:238.7,Bpos:502.3,Bstd:300.2,StrandBias:0.3,Multiplicity:1.06
0.737	0.167	0.095	0.001
0.083	0.806	0.084	0.027
0.866	0.001	0.072	0.061
0.001	0.141	0.001	0.857
0.001	0.001	0.001	0.997
0.038	0.521	0.037	0.404
0.007	0.918	0.001	0.074
0.109	0.001	0.001	0.889
0.928	0.001	0.001	0.070
0.006	0.001	0.992	0.001
>AAGACACGCT	9-AAGACACGCT	10.302242	-17.576363	0	T:13.0(8.23%),B:439.2(1.06%),P:1e-7	Tpos:568.3,Tstd:283.9,Bpos:510.3,Bstd:310.0,StrandBias:-0.7,Multiplicity:1.00
0.997	0.001	0.001	0.001
0.997	0.001	0.001	0.001
0.096	0.075	0.828	0.001
0.920	0.001	0.001	0.078
0.052	0.552	0.321	0.075
0.997	0.001	0.001	0.001
0.001	0.997	0.001	0.001
0.058	0.001	0.940	0.001
0.001	0.916	0.001	0.082
0.061	0.001	0.001	0.937
>GTTTTTAGCT	10-GTTTTTAGCT	9.291213	-17.465835	0	T:32.0(20.25%),B:2798.7(6.79%),P:1e-7	Tpos:473.4,Tstd:272.3,Bpos:505.2,Bstd:304.4,StrandBias:0.0,Multiplicity:1.19
0.001	0.001	0.997	0.001
0.001	0.001	0.050	0.948
0.067	0.087	0.001	0.845
0.001	0.001	0.001	0.997
0.001	0.054	0.001	0.944
0.026	0.001	0.027	0.946
0.997	0.001	0.001	0.001
0.032	0.032	0.893	0.043
0.137	0.673	0.111	0.079
0.074	0.042	0.001	0.883
>AATATATTCC	11-AATATATTCC	9.223588	-16.307581	0	T:38.0(24.05%),B:3933.8(9.54%),P:1e-7	Tpos:478.2,Tstd:293.7,Bpos:507.9,Bstd:305.9,StrandBias:0.0,Multiplicity:1.16
0.890	0.033	0.050	0.027
0.876	0.056	0.001	0.067
0.123	0.001	0.001	0.875
0.971	0.001	0.027	0.001
0.031	0.001	0.001	0.967
0.822	0.030	0.032	0.116
0.042	0.001	0.001	0.956
0.001	0.054	0.050	0.895
0.101	0.788	0.001	0.110
0.019	0.979	0.001	0.001
>GGGCAAAGTA	12-GGGCAAAGTA	11.818865	-14.847616	0	T:6.0(3.80%),B:66.2(0.16%),P:1e-6	Tpos:512.0,Tstd:346.6,Bpos:484.7,Bstd:280.9,StrandBias:-1.0,Multiplicity:1.00
0.001	0.001	0.997	0.001
0.001	0.175	0.823	0.001
0.001	0.001	0.997	0.001
0.001	0.997	0.001	0.001
0.758	0.240	0.001	0.001
0.997	0.001	0.001	0.001
0.997	0.001	0.001	0.001
0.001	0.001	0.997	0.001
0.001	0.001	0.001	0.997
0.997	0.001	0.001	0.001
>GCAACBTAAC	13-GCAACBTAAC	8.008735	-14.149877	0	T:22.0(13.92%),B:1699.7(4.12%),P:1e-6	Tpos:451.3,Tstd:206.3,Bpos:509.6,Bstd:307.4,StrandBias:-0.2,Multiplicity:1.09
0.001	0.001	0.612	0.386
0.001	0.674	0.219	0.106
0.693	0.305	0.001	0.001
0.631	0.001	0.367	0.001
0.001	0.721	0.256	0.022
0.001	0.399	0.344	0.257
0.001	0.001	0.307	0.691
0.685	0.001	0.313	0.001
0.997	0.001	0.001	0.001
0.127	0.655	0.217	0.001
>CATTTATCTG	14-CATTTATCTG	7.987972	-13.727999	0	T:63.0(39.87%),B:9368.9(22.71%),P:1e-5	Tpos:514.6,Tstd:273.4,Bpos:509.7,Bstd:303.4,StrandBias:0.4,Multiplicity:1.33
0.198	0.774	0.023	0.005
0.811	0.073	0.062	0.054
0.016	0.003	0.001	0.980
0.001	0.115	0.001	0.883
0.098	0.061	0.001	0.840
0.728	0.132	0.075	0.065
0.031	0.070	0.187	0.712
0.120	0.704	0.001	0.175
0.032	0.024	0.036	0.908
0.207	0.001	0.683	0.109
>GCCTCTAGCT	15-GCCTCTAGCT	10.661138	-13.624214	0	T:7.0(4.43%),B:133.8(0.32%),P:1e-5	Tpos:639.4,Tstd:274.8,Bpos:517.5,Bstd:331.0,StrandBias:0.7,Multiplicity:1.14
0.097	0.001	0.901	0.001
0.001	0.829	0.080	0.090
0.001	0.997	0.001	0.001
0.001	0.001	0.157	0.841
0.001	0.997	0.001	0.001
0.001	0.001	0.001	0.997
0.679	0.097	0.111	0.113
0.001	0.001	0.997	0.001
0.001	0.892	0.001	0.106
0.001	0.001	0.001	0.997
>TTCTGCTGGA	16-TTCTGCTGGA	8.549113	-11.904584	0	T:21.0(13.29%),B:1805.3(4.38%),P:1e-5	Tpos:556.4,Tstd:267.7,Bpos:489.4,Bstd:315.0,StrandBias:0.6,Multiplicity:1.19
0.001	0.161	0.001	0.837
0.001	0.054	0.092	0.853
0.007	0.894	0.014	0.085
0.001	0.001	0.001	0.997
0.001	0.049	0.949	0.001
0.001	0.909	0.089	0.001
0.112	0.133	0.001	0.754
0.001	0.088	0.910	0.001
0.001	0.084	0.914	0.001
0.828	0.001	0.170	0.001
>CGTCTGTTAG	17-CGTCTGTTAG	8.971200	-10.700546	0	T:9.0(5.70%),B:385.7(0.94%),P:1e-4	Tpos:455.0,Tstd:239.7,Bpos:523.8,Bstd:308.5,StrandBias:1.2,Multiplicity:1.44
0.080	0.584	0.001	0.335
0.001	0.083	0.915	0.001
0.001	0.362	0.001	0.636
0.135	0.863	0.001	0.001
0.001	0.001	0.160	0.838
0.102	0.001	0.828	0.069
0.001	0.393	0.001	0.605
0.001	0.085	0.069	0.845
0.798	0.079	0.098	0.025
0.001	0.001	0.997	0.001
>CACCGGTGGC	18-CACCGGTGGC	10.782261	-10.359057	0	T:5.0(3.16%),B:89.0(0.22%),P:1e-4	Tpos:598.8,Tstd:208.1,Bpos:485.0,Bstd:300.2,StrandBias:0.0,Multiplicity:1.20
0.001	0.765	0.103	0.131
0.930	0.001	0.001	0.068
0.001	0.997	0.001	0.001
0.001	0.921	0.001	0.077
0.083	0.103	0.813	0.001
0.001	0.001	0.883	0.115
0.001	0.001	0.001	0.997
0.001	0.001	0.997	0.001
0.218	0.001	0.780	0.001
0.001	0.997	0.001	0.001
>TATGTAGGCG	19-TATGTAGGCG	13.710339	-7.281952	0	T:3.0(1.90%),B:42.3(0.10%),P:1e-3	Tpos:306.7,Tstd:109.8,Bpos:534.2,Bstd:326.2,StrandBias:-1.3,Multiplicity:2.33
0.001	0.001	0.001	0.997
0.997	0.001	0.001	0.001
0.001	0.001	0.001	0.997
0.001	0.001	0.997	0.001
0.001	0.001	0.001	0.997
0.997	0.001	0.001	0.001
0.001	0.001	0.997	0.001
0.001	0.001	0.997	0.001
0.001	0.997	0.001	0.001
0.001	0.116	0.882	0.001
