>AGAGATAGATGG	9-CCATCTATCTCT	9.734300	-21.725955	0	T:28.0(12.44%),B:1198.8(3.00%),P:1e-9
0.830	0.082	0.001	0.087
0.098	0.083	0.766	0.053
0.900	0.045	0.054	0.001
0.046	0.029	0.853	0.072
0.957	0.001	0.041	0.001
0.149	0.066	0.056	0.729
0.763	0.046	0.129	0.062
0.120	0.001	0.814	0.065
0.946	0.001	0.052	0.001
0.095	0.047	0.076	0.782
0.001	0.043	0.900	0.056
0.128	0.035	0.766	0.071
