>AAAGAAATATCA	20-AAAGAAATATCA,BestGuess:nhr-6/MA1451.1/Jaspar(0.664)	10.540816	-16.353802	0	T:28.0(12.44%),B:1546.8(3.88%),P:1e-7
0.870	0.032	0.049	0.049
0.633	0.061	0.053	0.253
0.623	0.149	0.017	0.211
0.204	0.049	0.719	0.028
0.860	0.035	0.050	0.055
0.708	0.032	0.215	0.045
0.909	0.034	0.011	0.046
0.288	0.045	0.151	0.516
0.538	0.097	0.213	0.152
0.044	0.193	0.046	0.717
0.043	0.488	0.322	0.147
0.912	0.024	0.034	0.030
