>TGATATTTCTTT	20-AAAGAAATATCA	10.540816	-16.353802	0	T:28.0(12.44%),B:1546.8(3.88%),P:1e-7
0.030	0.034	0.024	0.912
0.147	0.322	0.488	0.043
0.717	0.046	0.193	0.044
0.152	0.213	0.097	0.538
0.516	0.151	0.045	0.288
0.046	0.011	0.034	0.909
0.045	0.215	0.032	0.708
0.055	0.050	0.035	0.860
0.028	0.719	0.049	0.204
0.211	0.017	0.149	0.623
0.253	0.053	0.061	0.633
0.049	0.049	0.032	0.870
