>ACGTGACC	1-ACGTGACC	5.726403	-51.282283	0	T:114.0(57.00%),B:9380.1(24.18%),P:1e-22	Tpos:704.8,Tstd:268.7,Bpos:526.5,Bstd:327.4,StrandBias:0.7,Multiplicity:1.47
0.846	0.056	0.026	0.072
0.001	0.997	0.001	0.001
0.001	0.001	0.980	0.018
0.001	0.069	0.008	0.922
0.040	0.001	0.863	0.096
0.861	0.008	0.055	0.076
0.191	0.748	0.001	0.060
0.055	0.934	0.010	0.001
>GGCACGTC	2-GGCACGTC	7.295994	-27.172215	0	T:46.0(23.00%),B:2771.6(7.14%),P:1e-11	Tpos:565.7,Tstd:277.1,Bpos:481.1,Bstd:315.9,StrandBias:0.0,Multiplicity:1.02
0.001	0.001	0.969	0.029
0.082	0.001	0.916	0.001
0.179	0.729	0.001	0.091
0.921	0.033	0.018	0.028
0.040	0.873	0.001	0.086
0.001	0.001	0.997	0.001
0.001	0.020	0.019	0.960
0.153	0.662	0.184	0.001
>AAGGATTG	3-AAGGATTG	7.791688	-17.398771	0	T:58.0(29.00%),B:5403.6(13.93%),P:1e-7	Tpos:589.4,Tstd:331.2,Bpos:511.8,Bstd:319.7,StrandBias:-1.4,Multiplicity:1.14
0.997	0.001	0.001	0.001
0.997	0.001	0.001	0.001
0.001	0.001	0.880	0.118
0.001	0.001	0.997	0.001
0.498	0.339	0.162	0.001
0.001	0.001	0.360	0.638
0.001	0.001	0.001	0.997
0.001	0.001	0.997	0.001
>CAGCAHCG	4-CAGCAHCG	6.754130	-10.890201	0	T:66.0(33.00%),B:7874.0(20.30%),P:1e-4	Tpos:430.1,Tstd:294.1,Bpos:467.2,Bstd:316.8,StrandBias:-0.1,Multiplicity:1.20
0.181	0.817	0.001	0.001
0.982	0.001	0.001	0.016
0.255	0.001	0.743	0.001
0.001	0.884	0.001	0.114
0.869	0.001	0.129	0.001
0.296	0.395	0.001	0.308
0.001	0.669	0.329	0.001
0.285	0.001	0.626	0.088
>TATCGATT	5-TATCGATT	5.684859	-9.256932	0	T:127.0(63.50%),B:19437.7(50.10%),P:1e-4	Tpos:569.7,Tstd:290.3,Bpos:526.4,Bstd:324.3,StrandBias:0.0,Multiplicity:2.01
0.093	0.001	0.001	0.905
0.997	0.001	0.001	0.001
0.001	0.067	0.069	0.863
0.001	0.768	0.001	0.230
0.001	0.001	0.997	0.001
0.997	0.001	0.001	0.001
0.001	0.048	0.001	0.950
0.001	0.001	0.001	0.997
>CCCCCCCC	6-CCCCCCCC	5.884213	-6.670349	0	T:24.0(12.00%),B:2362.2(6.09%),P:1e-2	Tpos:688.0,Tstd:260.9,Bpos:495.3,Bstd:323.6,StrandBias:0.9,Multiplicity:1.21
0.001	0.911	0.030	0.058
0.025	0.914	0.001	0.060
0.001	0.997	0.001	0.001
0.001	0.997	0.001	0.001
0.001	0.997	0.001	0.001
0.001	0.997	0.001	0.001
0.058	0.940	0.001	0.001
0.001	0.848	0.043	0.108
>GGTCTGCT	7-GGTCTGCT	10.962850	-2.063420	0	T:4.0(2.00%),B:370.3(0.95%),P:1e0	Tpos:514.1,Tstd:226.3,Bpos:528.7,Bstd:334.9,StrandBias:-0.7,Multiplicity:5.25
0.001	0.001	0.997	0.001
0.001	0.001	0.997	0.001
0.001	0.001	0.001	0.997
0.099	0.899	0.001	0.001
0.001	0.001	0.001	0.997
0.001	0.001	0.997	0.001
0.001	0.997	0.001	0.001
0.001	0.001	0.001	0.997
