>ACACGTGAAA	1-ACACGTGAAA	9.392933	-25.846342	0	T:38.0(19.00%),B:2023.6(5.22%),P:1e-11	Tpos:731.3,Tstd:258.5,Bpos:546.3,Bstd:327.4,StrandBias:0.1,Multiplicity:1.08
0.760	0.030	0.095	0.115
0.208	0.763	0.028	0.001
0.970	0.001	0.001	0.028
0.001	0.997	0.001	0.001
0.001	0.001	0.966	0.032
0.001	0.038	0.032	0.929
0.058	0.001	0.903	0.038
0.887	0.001	0.080	0.032
0.962	0.036	0.001	0.001
0.857	0.054	0.049	0.040
>AAGTTCACGT	2-AAGTTCACGT	10.229490	-24.367296	0	T:24.0(12.00%),B:846.0(2.18%),P:1e-10	Tpos:694.5,Tstd:284.4,Bpos:585.3,Bstd:322.8,StrandBias:-1.1,Multiplicity:1.04
0.997	0.001	0.001	0.001
0.822	0.001	0.176	0.001
0.100	0.055	0.844	0.001
0.001	0.001	0.061	0.937
0.001	0.001	0.001	0.997
0.001	0.997	0.001	0.001
0.997	0.001	0.001	0.001
0.047	0.917	0.001	0.035
0.001	0.001	0.997	0.001
0.103	0.059	0.045	0.793
>CAATCATTCC	3-CAATCATTCC	10.582852	-24.296690	0	T:24.0(12.00%),B:848.3(2.19%),P:1e-10	Tpos:762.0,Tstd:280.4,Bpos:527.9,Bstd:333.8,StrandBias:2.9,Multiplicity:1.08
0.001	0.875	0.090	0.034
0.960	0.038	0.001	0.001
0.888	0.001	0.001	0.110
0.001	0.036	0.001	0.962
0.001	0.997	0.001	0.001
0.955	0.001	0.043	0.001
0.001	0.001	0.001	0.997
0.001	0.001	0.001	0.997
0.098	0.553	0.088	0.261
0.024	0.974	0.001	0.001
>ACAAAGGGCT	4-ACAAAGGGCT	10.545411	-20.993232	0	T:14.0(7.00%),B:292.0(0.75%),P:1e-9	Tpos:402.5,Tstd:208.2,Bpos:506.3,Bstd:306.6,StrandBias:-0.8,Multiplicity:1.00
0.997	0.001	0.001	0.001
0.001	0.997	0.001	0.001
0.997	0.001	0.001	0.001
0.997	0.001	0.001	0.001
0.814	0.100	0.001	0.085
0.055	0.071	0.699	0.175
0.206	0.001	0.792	0.001
0.001	0.130	0.868	0.001
0.001	0.997	0.001	0.001
0.072	0.001	0.001	0.926
>CGRMCTGGTY	5-CGRMCTGGTY	9.398041	-20.819408	0	T:18.0(9.00%),B:544.8(1.40%),P:1e-9	Tpos:578.4,Tstd:354.2,Bpos:444.9,Bstd:320.2,StrandBias:-1.0,Multiplicity:1.00
0.158	0.840	0.001	0.001
0.001	0.415	0.583	0.001
0.513	0.001	0.485	0.001
0.487	0.511	0.001	0.001
0.001	0.997	0.001	0.001
0.001	0.001	0.001	0.997
0.001	0.257	0.741	0.001
0.261	0.001	0.737	0.001
0.001	0.001	0.001	0.997
0.001	0.501	0.001	0.497
>ACGTGTCCCA	6-ACGTGTCCCA	10.280100	-19.410012	0	T:12.0(6.00%),B:222.8(0.57%),P:1e-8	Tpos:704.9,Tstd:310.7,Bpos:543.5,Bstd:341.4,StrandBias:1.0,Multiplicity:1.25
0.997	0.001	0.001	0.001
0.001	0.997	0.001	0.001
0.073	0.001	0.925	0.001
0.001	0.001	0.001	0.997
0.001	0.001	0.947	0.051
0.080	0.104	0.130	0.686
0.106	0.757	0.001	0.136
0.001	0.997	0.001	0.001
0.212	0.786	0.001	0.001
0.997	0.001	0.001	0.001
>ATTCACGGGG	7-ATTCACGGGG	10.172576	-17.611934	0	T:12.0(6.00%),B:263.4(0.68%),P:1e-7	Tpos:526.8,Tstd:268.7,Bpos:484.0,Bstd:333.6,StrandBias:-1.0,Multiplicity:1.00
0.932	0.001	0.001	0.066
0.001	0.114	0.001	0.884
0.001	0.114	0.001	0.884
0.101	0.845	0.001	0.053
0.997	0.001	0.001	0.001
0.071	0.838	0.090	0.001
0.001	0.001	0.997	0.001
0.062	0.001	0.936	0.001
0.001	0.074	0.924	0.001
0.061	0.088	0.850	0.001
>TCCTTAACTT	8-TCCTTAACTT	11.491157	-16.443284	0	T:9.0(4.50%),B:137.1(0.35%),P:1e-7	Tpos:591.3,Tstd:348.0,Bpos:530.0,Bstd:298.1,StrandBias:10.0,Multiplicity:1.00
0.001	0.001	0.001	0.997
0.001	0.997	0.001	0.001
0.001	0.997	0.001	0.001
0.001	0.001	0.001	0.997
0.001	0.001	0.001	0.997
0.997	0.001	0.001	0.001
0.882	0.116	0.001	0.001
0.001	0.997	0.001	0.001
0.001	0.001	0.174	0.824
0.001	0.001	0.001	0.997
>CCSAATTGTT	9-CCSAATTGTT	7.071836	-15.741463	0	T:59.0(29.50%),B:5813.5(14.98%),P:1e-6	Tpos:479.3,Tstd:267.7,Bpos:503.0,Bstd:312.3,StrandBias:0.4,Multiplicity:1.21
0.022	0.950	0.026	0.002
0.001	0.997	0.001	0.001
0.004	0.521	0.440	0.035
0.806	0.001	0.094	0.099
0.912	0.079	0.005	0.004
0.135	0.001	0.001	0.863
0.089	0.001	0.123	0.787
0.109	0.001	0.889	0.001
0.224	0.001	0.001	0.774
0.004	0.001	0.004	0.991
>AAACTAGACC	10-AAACTAGACC	9.711785	-15.428188	0	T:21.0(10.50%),B:1057.7(2.73%),P:1e-6	Tpos:543.7,Tstd:296.7,Bpos:507.5,Bstd:304.2,StrandBias:-0.1,Multiplicity:1.00
0.997	0.001	0.001	0.001
0.997	0.001	0.001	0.001
0.917	0.001	0.001	0.081
0.044	0.833	0.064	0.059
0.001	0.001	0.001	0.997
0.791	0.050	0.001	0.158
0.026	0.041	0.932	0.001
0.859	0.076	0.064	0.001
0.023	0.891	0.052	0.034
0.069	0.838	0.049	0.044
>AATGCTGWAT	11-AATGCTGWAT	9.205684	-14.900487	0	T:25.0(12.50%),B:1501.8(3.87%),P:1e-6	Tpos:481.8,Tstd:287.8,Bpos:509.6,Bstd:316.5,StrandBias:-0.3,Multiplicity:1.16
0.912	0.001	0.001	0.086
0.823	0.074	0.001	0.102
0.087	0.040	0.001	0.872
0.001	0.104	0.870	0.025
0.023	0.784	0.029	0.164
0.001	0.096	0.001	0.902
0.084	0.001	0.881	0.034
0.455	0.173	0.001	0.370
0.598	0.061	0.340	0.001
0.001	0.074	0.001	0.924
>CTTCATGTAG	12-CTTCATGTAG	8.744564	-14.828971	0	T:20.0(10.00%),B:1001.1(2.58%),P:1e-6	Tpos:378.4,Tstd:283.4,Bpos:491.2,Bstd:313.0,StrandBias:0.2,Multiplicity:1.25
0.001	0.729	0.164	0.106
0.001	0.001	0.001	0.997
0.001	0.001	0.001	0.997
0.001	0.933	0.065	0.001
0.915	0.083	0.001	0.001
0.100	0.001	0.001	0.898
0.001	0.050	0.948	0.001
0.065	0.001	0.064	0.870
0.888	0.071	0.001	0.040
0.054	0.056	0.889	0.001
>CGGTTTCTGT	13-CGGTTTCTGT	8.254738	-14.690158	0	T:33.0(16.50%),B:2436.7(6.28%),P:1e-6	Tpos:502.7,Tstd:224.4,Bpos:501.5,Bstd:311.4,StrandBias:0.1,Multiplicity:1.27
0.026	0.931	0.001	0.042
0.264	0.204	0.531	0.001
0.001	0.001	0.960	0.038
0.037	0.080	0.001	0.882
0.079	0.001	0.001	0.919
0.145	0.001	0.038	0.816
0.057	0.862	0.080	0.001
0.001	0.037	0.395	0.567
0.001	0.087	0.911	0.001
0.384	0.001	0.001	0.614
>CGTGGTCAGA	14-CGTGGTCAGA	10.296193	-12.919532	0	T:4.0(2.00%),B:15.3(0.04%),P:1e-5	Tpos:906.0,Tstd:70.2,Bpos:426.3,Bstd:305.1,StrandBias:0.0,Multiplicity:1.00
0.100	0.700	0.100	0.100
0.100	0.100	0.700	0.100
0.100	0.100	0.100	0.700
0.100	0.100	0.700	0.100
0.100	0.100	0.700	0.100
0.100	0.100	0.100	0.700
0.100	0.700	0.100	0.100
0.700	0.100	0.100	0.100
0.100	0.100	0.700	0.100
0.700	0.100	0.100	0.100
>GCCTACMTGC	15-GCCTACMTGC	7.858487	-11.470993	0	T:20.0(10.00%),B:1256.6(3.24%),P:1e-4	Tpos:404.0,Tstd:254.2,Bpos:488.4,Bstd:278.2,StrandBias:0.3,Multiplicity:1.40
0.075	0.181	0.681	0.063
0.044	0.524	0.062	0.370
0.025	0.723	0.206	0.046
0.363	0.036	0.016	0.585
0.653	0.029	0.267	0.051
0.049	0.899	0.015	0.037
0.278	0.413	0.105	0.205
0.253	0.024	0.001	0.722
0.145	0.045	0.569	0.241
0.087	0.647	0.230	0.036
>TGCGTCGCGG	16-TGCGTCGCGG	7.514255	-11.346888	0	T:19.0(9.50%),B:1159.8(2.99%),P:1e-4	Tpos:479.8,Tstd:214.3,Bpos:516.6,Bstd:322.8,StrandBias:0.7,Multiplicity:1.53
0.054	0.058	0.056	0.832
0.029	0.044	0.884	0.043
0.077	0.630	0.108	0.185
0.101	0.063	0.777	0.059
0.093	0.059	0.045	0.803
0.051	0.805	0.075	0.069
0.046	0.027	0.845	0.082
0.029	0.855	0.036	0.080
0.037	0.098	0.864	0.001
0.111	0.133	0.715	0.041
>ACAATCGATA	17-ACAATCGATA	7.205439	-10.629764	0	T:105.0(52.50%),B:14760.5(38.05%),P:1e-4	Tpos:549.8,Tstd:278.1,Bpos:531.1,Bstd:323.6,StrandBias:-0.1,Multiplicity:1.87
0.775	0.066	0.043	0.116
0.152	0.722	0.065	0.061
0.861	0.045	0.038	0.056
0.735	0.065	0.082	0.118
0.035	0.013	0.025	0.927
0.083	0.762	0.053	0.102
0.121	0.057	0.777	0.045
0.830	0.061	0.044	0.065
0.045	0.070	0.105	0.780
0.837	0.057	0.053	0.053
>ATCGTGACCG	18-ATCGTGACCG	7.529497	-10.039288	0	T:26.0(13.00%),B:2121.3(5.47%),P:1e-4	Tpos:467.7,Tstd:296.8,Bpos:473.4,Bstd:320.3,StrandBias:-1.0,Multiplicity:1.56
0.684	0.045	0.176	0.095
0.035	0.155	0.001	0.809
0.001	0.760	0.150	0.089
0.001	0.001	0.971	0.027
0.086	0.184	0.048	0.682
0.050	0.062	0.887	0.001
0.997	0.001	0.001	0.001
0.252	0.557	0.001	0.190
0.128	0.753	0.001	0.118
0.003	0.055	0.904	0.038
>CCCCCCCCCC	19-CCCCCCCCCC	7.667791	-9.983330	0	T:28.0(14.00%),B:2386.3(6.15%),P:1e-4	Tpos:718.0,Tstd:229.2,Bpos:495.9,Bstd:323.7,StrandBias:0.8,Multiplicity:1.14
0.002	0.823	0.062	0.113
0.001	0.702	0.179	0.118
0.069	0.617	0.001	0.313
0.001	0.997	0.001	0.001
0.001	0.820	0.001	0.178
0.001	0.893	0.001	0.105
0.001	0.856	0.001	0.142
0.088	0.752	0.118	0.042
0.174	0.751	0.001	0.074
0.048	0.835	0.071	0.046
>AGACTACAAA	20-AGACTACAAA	9.851523	-8.768046	0	T:22.0(11.00%),B:1779.8(4.59%),P:1e-3	Tpos:475.3,Tstd:264.2,Bpos:520.0,Bstd:299.5,StrandBias:-0.6,Multiplicity:1.50
0.934	0.001	0.001	0.064
0.001	0.001	0.929	0.069
0.997	0.001	0.001	0.001
0.113	0.860	0.001	0.026
0.001	0.001	0.001	0.997
0.947	0.001	0.001	0.051
0.001	0.968	0.001	0.030
0.997	0.001	0.001	0.001
0.949	0.001	0.001	0.049
0.931	0.067	0.001	0.001
>GATAGACGAC	21-GATAGACGAC	9.812854	-8.554972	0	T:8.0(4.00%),B:297.9(0.77%),P:1e-3	Tpos:436.2,Tstd:330.1,Bpos:488.5,Bstd:327.9,StrandBias:-2.3,Multiplicity:1.50
0.001	0.001	0.837	0.161
0.954	0.001	0.044	0.001
0.096	0.025	0.001	0.878
0.997	0.001	0.001	0.001
0.001	0.001	0.997	0.001
0.925	0.001	0.073	0.001
0.001	0.980	0.001	0.018
0.136	0.026	0.702	0.136
0.565	0.001	0.208	0.226
0.117	0.881	0.001	0.001
>AACTTTCGCC	22-AACTTTCGCC	8.149359	-8.471302	0	T:17.0(8.50%),B:1207.7(3.11%),P:1e-3	Tpos:593.5,Tstd:234.5,Bpos:504.3,Bstd:300.3,StrandBias:1.4,Multiplicity:1.47
0.858	0.060	0.034	0.048
0.765	0.070	0.085	0.080
0.042	0.542	0.232	0.184
0.177	0.024	0.166	0.633
0.071	0.052	0.054	0.823
0.211	0.196	0.011	0.582
0.230	0.462	0.122	0.186
0.131	0.028	0.617	0.224
0.186	0.611	0.026	0.177
0.058	0.670	0.029	0.243
>TGGGTCTGCT	23-TGGGTCTGCT	9.898608	-7.274464	0	T:8.0(4.00%),B:362.3(0.93%),P:1e-3	Tpos:522.0,Tstd:220.5,Bpos:528.1,Bstd:339.7,StrandBias:0.5,Multiplicity:3.88
0.063	0.001	0.001	0.935
0.045	0.001	0.794	0.160
0.045	0.001	0.953	0.001
0.036	0.001	0.962	0.001
0.001	0.001	0.001	0.997
0.149	0.849	0.001	0.001
0.001	0.001	0.001	0.997
0.001	0.001	0.963	0.035
0.051	0.947	0.001	0.001
0.001	0.001	0.001	0.997
>ACCCCGATTT	24-ACCCCGATTT	10.296193	-4.273434	0	T:2.0(1.00%),B:33.3(0.09%),P:1e-1	Tpos:155.3,Tstd:100.6,Bpos:555.8,Bstd:290.0,StrandBias:2.3,Multiplicity:3.00
0.700	0.100	0.100	0.100
0.100	0.700	0.100	0.100
0.100	0.700	0.100	0.100
0.100	0.700	0.100	0.100
0.100	0.700	0.100	0.100
0.100	0.100	0.700	0.100
0.700	0.100	0.100	0.100
0.100	0.100	0.100	0.700
0.100	0.100	0.100	0.700
0.100	0.100	0.100	0.700
>GTTACCGCTT	25-GTTACCGCTT	10.296193	-2.600445	0	T:1.0(0.50%),B:14.0(0.04%),P:1e-1	Tpos:223.0,Tstd:29.7,Bpos:531.4,Bstd:288.4,StrandBias:-10.0,Multiplicity:5.00
0.100	0.100	0.700	0.100
0.100	0.100	0.100	0.700
0.100	0.100	0.100	0.700
0.700	0.100	0.100	0.100
0.100	0.700	0.100	0.100
0.100	0.700	0.100	0.100
0.100	0.100	0.700	0.100
0.100	0.700	0.100	0.100
0.100	0.100	0.100	0.700
0.100	0.100	0.100	0.700
