>CGCGCTGA	1-CGCGCTGA	7.527703	-17.840344	0	T:27.0(25.96%),B:3080.7(7.74%),P:1e-7	Tpos:477.9,Tstd:274.8,Bpos:522.6,Bstd:348.0,StrandBias:0.2,Multiplicity:1.19
0.001	0.997	0.001	0.001
0.122	0.089	0.628	0.161
0.001	0.888	0.001	0.110
0.001	0.001	0.997	0.001
0.001	0.904	0.094	0.001
0.001	0.001	0.001	0.997
0.127	0.030	0.842	0.001
0.735	0.263	0.001	0.001
>GGCCGACG	2-GGCCGACG	6.910632	-13.525945	0	T:27.0(25.96%),B:3822.4(9.60%),P:1e-5	Tpos:458.9,Tstd:288.1,Bpos:505.7,Bstd:348.5,StrandBias:-1.1,Multiplicity:1.15
0.067	0.001	0.838	0.094
0.001	0.001	0.945	0.053
0.001	0.801	0.049	0.149
0.001	0.946	0.001	0.052
0.126	0.097	0.776	0.001
0.921	0.077	0.001	0.001
0.001	0.960	0.038	0.001
0.059	0.001	0.939	0.001
>CTTCGGGT	3-CTTCGGGT	8.515494	-10.038290	0	T:17.0(16.35%),B:2149.8(5.40%),P:1e-4	Tpos:515.5,Tstd:222.1,Bpos:452.6,Bstd:333.2,StrandBias:0.7,Multiplicity:1.24
0.001	0.997	0.001	0.001
0.001	0.001	0.001	0.997
0.001	0.001	0.001	0.997
0.001	0.844	0.045	0.110
0.001	0.001	0.705	0.293
0.001	0.001	0.997	0.001
0.001	0.001	0.997	0.001
0.001	0.001	0.001	0.997
>AGACTGAG	4-AGACTGAG	7.833364	-9.578078	0	T:14.0(13.46%),B:1582.0(3.97%),P:1e-4	Tpos:418.6,Tstd:265.5,Bpos:515.7,Bstd:302.1,StrandBias:-0.4,Multiplicity:1.14
0.997	0.001	0.001	0.001
0.001	0.001	0.885	0.113
0.997	0.001	0.001	0.001
0.001	0.997	0.001	0.001
0.001	0.132	0.001	0.866
0.001	0.001	0.947	0.051
0.997	0.001	0.001	0.001
0.001	0.001	0.997	0.001
>ACCCCGCC	5-ACCCCGCC	6.459929	-9.141116	0	T:15.0(14.42%),B:1864.1(4.68%),P:1e-3	Tpos:605.3,Tstd:242.4,Bpos:557.0,Bstd:345.3,StrandBias:0.0,Multiplicity:1.20
0.997	0.001	0.001	0.001
0.058	0.940	0.001	0.001
0.001	0.997	0.001	0.001
0.001	0.863	0.135	0.001
0.001	0.997	0.001	0.001
0.001	0.001	0.997	0.001
0.001	0.997	0.001	0.001
0.078	0.826	0.095	0.001
