>CCACRTTCTC	1-CCACRTTCTC	8.133585	-29.359469	0	T:35.0(33.65%),B:3247.3(8.16%),P:1e-12	Tpos:456.8,Tstd:310.9,Bpos:513.9,Bstd:324.9,StrandBias:0.7,Multiplicity:1.14
0.272	0.672	0.001	0.055
0.102	0.837	0.007	0.054
0.768	0.071	0.004	0.157
0.001	0.845	0.153	0.001
0.411	0.001	0.521	0.067
0.060	0.001	0.268	0.671
0.075	0.064	0.001	0.860
0.001	0.796	0.177	0.026
0.001	0.001	0.001	0.997
0.001	0.997	0.001	0.001
>CATCATCGAG	2-CATCATCGAG	9.234720	-27.166299	0	T:16.0(15.38%),B:546.0(1.37%),P:1e-11	Tpos:474.9,Tstd:239.5,Bpos:449.7,Bstd:328.7,StrandBias:0.4,Multiplicity:1.00
0.001	0.905	0.093	0.001
0.889	0.001	0.109	0.001
0.001	0.001	0.001	0.997
0.001	0.872	0.001	0.126
0.860	0.138	0.001	0.001
0.095	0.133	0.028	0.744
0.001	0.905	0.001	0.093
0.076	0.001	0.922	0.001
0.997	0.001	0.001	0.001
0.001	0.083	0.915	0.001
>CTCTGGCCAG	3-CTCTGGCCAG	10.409174	-26.315438	0	T:10.0(9.62%),B:129.7(0.33%),P:1e-11	Tpos:427.9,Tstd:263.4,Bpos:415.8,Bstd:312.8,StrandBias:0.8,Multiplicity:1.00
0.001	0.715	0.001	0.283
0.001	0.001	0.001	0.997
0.001	0.997	0.001	0.001
0.001	0.001	0.151	0.847
0.001	0.001	0.997	0.001
0.001	0.001	0.874	0.124
0.080	0.918	0.001	0.001
0.001	0.880	0.001	0.118
0.859	0.139	0.001	0.001
0.001	0.001	0.997	0.001
>TTATTCTGTC	4-TTATTCTGTC	10.234195	-25.953490	0	T:25.0(24.04%),B:1789.3(4.49%),P:1e-11	Tpos:592.5,Tstd:293.4,Bpos:531.0,Bstd:310.7,StrandBias:0.3,Multiplicity:1.04
0.001	0.001	0.001	0.997
0.079	0.001	0.072	0.848
0.879	0.001	0.001	0.119
0.001	0.098	0.001	0.900
0.001	0.001	0.001	0.997
0.001	0.817	0.061	0.121
0.001	0.001	0.001	0.997
0.001	0.094	0.904	0.001
0.001	0.089	0.064	0.846
0.114	0.856	0.001	0.029
>GGTGCTCGCC	5-GGTGCTCGCC	7.677536	-23.375056	0	T:24.0(23.08%),B:1851.6(4.65%),P:1e-10	Tpos:497.7,Tstd:233.7,Bpos:481.8,Bstd:352.6,StrandBias:1.7,Multiplicity:1.04
0.029	0.075	0.811	0.085
0.041	0.122	0.693	0.144
0.146	0.001	0.001	0.852
0.001	0.117	0.800	0.082
0.112	0.823	0.001	0.064
0.042	0.119	0.001	0.838
0.038	0.687	0.120	0.155
0.020	0.140	0.812	0.028
0.095	0.723	0.070	0.112
0.027	0.971	0.001	0.001
>AGAGGACTGC	6-AGAGGACTGC	10.494856	-21.512041	0	T:10.0(9.62%),B:216.7(0.54%),P:1e-9	Tpos:576.0,Tstd:266.5,Bpos:477.3,Bstd:288.0,StrandBias:-0.6,Multiplicity:1.00
0.997	0.001	0.001	0.001
0.001	0.001	0.997	0.001
0.997	0.001	0.001	0.001
0.001	0.092	0.906	0.001
0.154	0.001	0.724	0.121
0.852	0.001	0.146	0.001
0.001	0.911	0.001	0.087
0.001	0.001	0.001	0.997
0.058	0.001	0.940	0.001
0.112	0.763	0.001	0.124
>GGGAGAAATG	7-GGGAGAAATG	7.818243	-21.356633	0	T:41.0(39.42%),B:5794.0(14.55%),P:1e-9	Tpos:535.7,Tstd:274.2,Bpos:532.1,Bstd:336.0,StrandBias:-2.6,Multiplicity:1.20
0.025	0.034	0.876	0.065
0.121	0.088	0.721	0.070
0.074	0.043	0.827	0.056
0.794	0.042	0.043	0.121
0.093	0.067	0.762	0.078
0.849	0.084	0.018	0.049
0.786	0.044	0.145	0.025
0.885	0.033	0.014	0.068
0.147	0.106	0.069	0.678
0.088	0.025	0.832	0.055
>CCGATTTATT	8-CCGATTTATT	10.674217	-20.619669	0	T:16.0(15.38%),B:860.9(2.16%),P:1e-8	Tpos:616.4,Tstd:243.6,Bpos:527.6,Bstd:323.1,StrandBias:0.4,Multiplicity:1.00
0.128	0.870	0.001	0.001
0.001	0.997	0.001	0.001
0.001	0.001	0.843	0.155
0.997	0.001	0.001	0.001
0.001	0.001	0.001	0.997
0.001	0.001	0.001	0.997
0.096	0.279	0.112	0.513
0.897	0.001	0.001	0.101
0.124	0.001	0.001	0.874
0.001	0.001	0.001	0.997
>TAGATAGCGA	9-TAGATAGCGA	10.648224	-19.012735	0	T:10.0(9.62%),B:283.6(0.71%),P:1e-8	Tpos:582.3,Tstd:333.3,Bpos:489.3,Bstd:304.0,StrandBias:-2.0,Multiplicity:1.00
0.001	0.001	0.001	0.997
0.892	0.001	0.001	0.106
0.093	0.001	0.905	0.001
0.997	0.001	0.001	0.001
0.230	0.001	0.001	0.768
0.841	0.001	0.157	0.001
0.133	0.001	0.761	0.105
0.001	0.997	0.001	0.001
0.001	0.001	0.997	0.001
0.997	0.001	0.001	0.001
>CGCTCTATTG	10-CGCTCTATTG	10.102204	-18.575747	0	T:14.0(13.46%),B:726.2(1.82%),P:1e-8	Tpos:601.4,Tstd:240.9,Bpos:544.1,Bstd:343.9,StrandBias:-1.0,Multiplicity:1.07
0.001	0.879	0.119	0.001
0.106	0.001	0.801	0.092
0.001	0.997	0.001	0.001
0.001	0.001	0.001	0.997
0.001	0.997	0.001	0.001
0.001	0.029	0.001	0.969
0.906	0.001	0.001	0.092
0.127	0.001	0.127	0.745
0.001	0.058	0.001	0.940
0.001	0.119	0.879	0.001
>TTTCTTGTTT	11-TTTCTTGTTT	9.299544	-16.284226	0	T:27.0(25.96%),B:3323.6(8.35%),P:1e-7	Tpos:507.7,Tstd:278.9,Bpos:526.1,Bstd:316.7,StrandBias:1.6,Multiplicity:1.19
0.001	0.032	0.001	0.966
0.001	0.001	0.001	0.997
0.091	0.001	0.045	0.863
0.001	0.997	0.001	0.001
0.001	0.001	0.001	0.997
0.001	0.001	0.001	0.997
0.001	0.001	0.997	0.001
0.001	0.001	0.001	0.997
0.001	0.001	0.110	0.888
0.136	0.001	0.001	0.862
>TAATTATCGA	12-TAATTATCGA	8.903786	-15.909378	0	T:28.0(26.92%),B:3616.0(9.08%),P:1e-6	Tpos:514.6,Tstd:273.8,Bpos:517.4,Bstd:342.4,StrandBias:0.0,Multiplicity:1.21
0.046	0.001	0.042	0.911
0.798	0.001	0.066	0.135
0.889	0.001	0.109	0.001
0.001	0.001	0.001	0.997
0.075	0.001	0.001	0.923
0.799	0.081	0.001	0.119
0.001	0.001	0.121	0.877
0.051	0.947	0.001	0.001
0.001	0.069	0.860	0.070
0.997	0.001	0.001	0.001
>CGCAATATTG	13-CGCAATATTG	10.653690	-14.600325	0	T:12.0(11.54%),B:715.7(1.80%),P:1e-6	Tpos:569.5,Tstd:316.1,Bpos:503.7,Bstd:359.6,StrandBias:1.2,Multiplicity:1.08
0.001	0.939	0.001	0.059
0.061	0.001	0.937	0.001
0.096	0.820	0.083	0.001
0.997	0.001	0.001	0.001
0.886	0.001	0.001	0.112
0.001	0.100	0.123	0.776
0.874	0.001	0.001	0.124
0.001	0.001	0.001	0.997
0.001	0.001	0.001	0.997
0.001	0.094	0.857	0.048
>TTGCTCTTTA	14-TTGCTCTTTA	9.401765	-14.395860	0	T:24.0(23.08%),B:2963.9(7.44%),P:1e-6	Tpos:529.0,Tstd:266.1,Bpos:522.0,Bstd:324.0,StrandBias:1.0,Multiplicity:1.25
0.042	0.001	0.001	0.956
0.029	0.001	0.080	0.890
0.001	0.079	0.742	0.178
0.403	0.595	0.001	0.001
0.231	0.001	0.039	0.729
0.001	0.561	0.154	0.284
0.001	0.109	0.209	0.681
0.001	0.001	0.001	0.997
0.003	0.040	0.290	0.667
0.689	0.001	0.166	0.144
>GAACATTTAT	15-GAACATTTAT	11.171059	-14.368431	0	T:13.0(12.50%),B:876.9(2.20%),P:1e-6	Tpos:347.0,Tstd:196.8,Bpos:521.6,Bstd:292.4,StrandBias:2.5,Multiplicity:1.00
0.001	0.001	0.997	0.001
0.997	0.001	0.001	0.001
0.891	0.107	0.001	0.001
0.001	0.997	0.001	0.001
0.997	0.001	0.001	0.001
0.001	0.001	0.095	0.903
0.001	0.001	0.001	0.997
0.001	0.001	0.001	0.997
0.997	0.001	0.001	0.001
0.086	0.081	0.001	0.832
>TCTATCTCTT	16-TCTATCTCTT	9.492441	-14.228416	0	T:24.0(23.08%),B:2991.6(7.51%),P:1e-6	Tpos:588.0,Tstd:244.9,Bpos:536.5,Bstd:329.9,StrandBias:1.2,Multiplicity:1.21
0.059	0.061	0.001	0.879
0.048	0.890	0.061	0.001
0.100	0.038	0.001	0.861
0.874	0.094	0.001	0.031
0.070	0.001	0.001	0.928
0.001	0.871	0.001	0.127
0.054	0.001	0.001	0.944
0.055	0.866	0.055	0.024
0.059	0.001	0.001	0.939
0.001	0.022	0.001	0.976
>TAWTGATTCT	17-TAWTGATTCT	9.980595	-12.857073	0	T:14.0(13.46%),B:1174.1(2.95%),P:1e-5	Tpos:517.0,Tstd:242.7,Bpos:516.6,Bstd:314.3,StrandBias:0.6,Multiplicity:1.07
0.017	0.001	0.001	0.981
0.744	0.165	0.090	0.001
0.454	0.001	0.001	0.544
0.001	0.001	0.001	0.997
0.001	0.001	0.997	0.001
0.997	0.001	0.001	0.001
0.001	0.031	0.163	0.805
0.414	0.001	0.001	0.584
0.001	0.691	0.259	0.049
0.111	0.092	0.001	0.796
>TRTCGTTTTT	18-TRTCGTTTTT	9.210014	-12.439408	0	T:42.0(40.38%),B:8235.9(20.68%),P:1e-5	Tpos:505.7,Tstd:275.0,Bpos:523.9,Bstd:347.6,StrandBias:1.0,Multiplicity:1.46
0.107	0.001	0.024	0.868
0.337	0.143	0.476	0.043
0.110	0.156	0.001	0.733
0.019	0.856	0.033	0.092
0.105	0.013	0.814	0.068
0.262	0.038	0.067	0.633
0.001	0.001	0.001	0.997
0.001	0.028	0.080	0.891
0.088	0.018	0.051	0.843
0.001	0.053	0.033	0.913
>ATTGAATTGT	19-ATTGAATTGT	8.695704	-11.170950	0	T:30.0(28.85%),B:5138.0(12.90%),P:1e-4	Tpos:473.7,Tstd:255.4,Bpos:514.9,Bstd:317.6,StrandBias:1.0,Multiplicity:1.30
0.925	0.044	0.022	0.009
0.202	0.194	0.043	0.561
0.058	0.032	0.198	0.712
0.173	0.222	0.568	0.037
0.926	0.001	0.045	0.028
0.650	0.032	0.063	0.255
0.051	0.011	0.171	0.767
0.190	0.024	0.040	0.746
0.034	0.011	0.752	0.203
0.262	0.032	0.022	0.684
>TTGTCATCAT	20-TTGTCATCAT	10.925893	-10.555509	0	T:9.0(8.65%),B:584.5(1.47%),P:1e-4	Tpos:404.8,Tstd:228.4,Bpos:528.3,Bstd:319.8,StrandBias:0.8,Multiplicity:1.22
0.001	0.001	0.001	0.997
0.001	0.001	0.001	0.997
0.001	0.001	0.997	0.001
0.001	0.001	0.001	0.997
0.001	0.997	0.001	0.001
0.934	0.001	0.001	0.064
0.001	0.001	0.001	0.997
0.001	0.902	0.096	0.001
0.997	0.001	0.001	0.001
0.060	0.001	0.001	0.938
>CCCCCCAGTT	21-CCCCCCAGTT	10.653100	-8.711959	0	T:6.0(5.77%),B:303.2(0.76%),P:1e-3	Tpos:502.6,Tstd:225.9,Bpos:486.8,Bstd:348.7,StrandBias:-0.6,Multiplicity:2.50
0.001	0.997	0.001	0.001
0.105	0.893	0.001	0.001
0.001	0.937	0.061	0.001
0.001	0.997	0.001	0.001
0.001	0.855	0.143	0.001
0.110	0.664	0.225	0.001
0.997	0.001	0.001	0.001
0.165	0.001	0.833	0.001
0.001	0.001	0.001	0.997
0.001	0.001	0.120	0.878
