>GCAGTGAGGTTA	17-GCAGTGAGGTTA,BestGuess:SD0003.1_at_AC_acceptor/Jaspar(0.531)	10.092569	-14.228009	0	T:6.0(5.26%),B:102.7(0.25%),P:1e-6
0.001	0.053	0.724	0.222
0.050	0.846	0.054	0.050
0.685	0.001	0.001	0.313
0.047	0.118	0.785	0.050
0.286	0.061	0.103	0.550
0.061	0.368	0.567	0.004
0.710	0.061	0.061	0.168
0.153	0.110	0.727	0.010
0.049	0.001	0.779	0.171
0.395	0.001	0.001	0.603
0.001	0.061	0.053	0.885
0.836	0.110	0.001	0.053
