>TCCACGTGGAAT	20-ATTCCACGTGGA	10.650720	-8.830550	0	T:11.0(4.26%),B:417.7(1.08%),P:1e-3
0.048	0.049	0.001	0.902
0.048	0.902	0.001	0.049
0.112	0.886	0.001	0.001
0.942	0.001	0.001	0.056
0.115	0.773	0.084	0.028
0.101	0.096	0.626	0.177
0.001	0.001	0.104	0.894
0.072	0.001	0.889	0.038
0.091	0.001	0.870	0.038
0.881	0.084	0.001	0.034
0.705	0.073	0.150	0.072
0.118	0.051	0.088	0.743
