>AATAAATAAA	1-AATAAATAAA	8.984319	-36.449645	0	T:267.0(49.35%),B:12266.7(32.16%),P:1e-15	Tpos:564.8,Tstd:289.9,Bpos:543.5,Bstd:318.3,StrandBias:-0.7,Multiplicity:1.34
0.743	0.001	0.162	0.094
0.844	0.001	0.001	0.154
0.001	0.001	0.001	0.997
0.719	0.169	0.060	0.052
0.997	0.001	0.001	0.001
0.997	0.001	0.001	0.001
0.001	0.001	0.001	0.997
0.685	0.145	0.001	0.169
0.675	0.129	0.052	0.144
0.794	0.137	0.068	0.001
>GCAACGACTC	2-GCAACGACTC	7.407340	-30.738054	0	T:122.0(22.55%),B:4239.2(11.12%),P:1e-13	Tpos:497.7,Tstd:282.0,Bpos:499.3,Bstd:320.1,StrandBias:0.4,Multiplicity:1.08
0.200	0.001	0.798	0.001
0.096	0.832	0.071	0.001
0.997	0.001	0.001	0.001
0.689	0.309	0.001	0.001
0.001	0.598	0.076	0.325
0.212	0.001	0.786	0.001
0.829	0.001	0.166	0.004
0.001	0.885	0.001	0.113
0.201	0.023	0.276	0.500
0.082	0.851	0.030	0.037
>ATCTCTCCAT	3-ATCTCTCCAT	6.738506	-29.850906	0	T:272.0(50.28%),B:13226.8(34.68%),P:1e-12	Tpos:488.9,Tstd:282.3,Bpos:510.4,Bstd:331.4,StrandBias:0.5,Multiplicity:1.30
0.770	0.042	0.066	0.122
0.104	0.060	0.060	0.776
0.050	0.857	0.029	0.064
0.063	0.082	0.105	0.750
0.076	0.793	0.054	0.077
0.078	0.050	0.055	0.817
0.046	0.862	0.042	0.050
0.062	0.767	0.086	0.085
0.819	0.052	0.031	0.098
0.066	0.081	0.057	0.796
>AACGATTCCG	4-AACGATTCCG	8.629414	-28.596266	0	T:57.0(10.54%),B:1319.3(3.46%),P:1e-12	Tpos:442.7,Tstd:266.3,Bpos:452.0,Bstd:332.9,StrandBias:-0.9,Multiplicity:1.05
0.853	0.054	0.092	0.001
0.736	0.262	0.001	0.001
0.001	0.964	0.034	0.001
0.124	0.001	0.874	0.001
0.751	0.001	0.247	0.001
0.037	0.190	0.083	0.690
0.005	0.001	0.196	0.798
0.001	0.922	0.001	0.076
0.001	0.997	0.001	0.001
0.113	0.001	0.640	0.246
>AGCAAGGATA	5-AGCAAGGATA	8.392872	-26.841700	0	T:42.0(7.76%),B:806.9(2.12%),P:1e-11	Tpos:525.9,Tstd:263.8,Bpos:482.9,Bstd:317.1,StrandBias:-0.3,Multiplicity:1.02
0.909	0.001	0.031	0.059
0.001	0.046	0.952	0.001
0.071	0.864	0.027	0.038
0.873	0.066	0.001	0.060
0.887	0.052	0.060	0.001
0.001	0.001	0.997	0.001
0.001	0.034	0.940	0.025
0.952	0.001	0.046	0.001
0.039	0.001	0.001	0.959
0.693	0.145	0.091	0.071
>WCKSYWCTCG	6-WCKSYWCTCG	6.045825	-21.181581	0	T:30.0(5.55%),B:534.8(1.40%),P:1e-9	Tpos:634.9,Tstd:232.9,Bpos:498.7,Bstd:317.2,StrandBias:0.5,Multiplicity:1.04
0.453	0.183	0.015	0.349
0.061	0.487	0.248	0.204
0.005	0.004	0.454	0.537
0.039	0.326	0.414	0.221
0.030	0.430	0.005	0.535
0.400	0.146	0.198	0.256
0.328	0.524	0.147	0.001
0.208	0.192	0.032	0.568
0.183	0.408	0.162	0.247
0.022	0.157	0.592	0.229
>CGGCCKTGGA	7-CGGCCKTGGA	7.946423	-21.109674	0	T:26.0(4.81%),B:406.1(1.06%),P:1e-9	Tpos:488.1,Tstd:321.7,Bpos:519.8,Bstd:337.6,StrandBias:0.2,Multiplicity:1.31
0.015	0.610	0.001	0.374
0.137	0.024	0.805	0.034
0.044	0.226	0.687	0.043
0.173	0.740	0.026	0.061
0.191	0.515	0.040	0.254
0.147	0.204	0.390	0.259
0.048	0.272	0.034	0.646
0.011	0.024	0.939	0.026
0.118	0.116	0.573	0.193
0.470	0.302	0.210	0.018
>TCACGAAGAC	8-TCACGAAGAC	7.491173	-20.288623	0	T:85.0(15.71%),B:3004.3(7.88%),P:1e-8	Tpos:484.5,Tstd:265.8,Bpos:498.5,Bstd:340.6,StrandBias:0.0,Multiplicity:1.11
0.104	0.062	0.059	0.775
0.098	0.814	0.056	0.032
0.729	0.115	0.059	0.097
0.051	0.829	0.036	0.084
0.030	0.052	0.895	0.023
0.729	0.084	0.110	0.077
0.842	0.064	0.047	0.047
0.028	0.055	0.870	0.047
0.812	0.057	0.087	0.044
0.114	0.713	0.078	0.095
>GCCATTGTTT	9-GCCATTGTTT	9.523277	-20.260924	0	T:51.0(9.43%),B:1386.2(3.63%),P:1e-8	Tpos:502.1,Tstd:311.0,Bpos:504.9,Bstd:321.8,StrandBias:0.4,Multiplicity:1.06
0.066	0.001	0.783	0.150
0.001	0.990	0.008	0.001
0.030	0.958	0.001	0.011
0.968	0.001	0.030	0.001
0.035	0.049	0.029	0.887
0.001	0.001	0.033	0.965
0.008	0.070	0.779	0.143
0.001	0.001	0.087	0.911
0.033	0.030	0.001	0.936
0.053	0.001	0.041	0.905
>AGTCGAATGG	10-AGTCGAATGG	7.064572	-20.161219	0	T:95.0(17.56%),B:3531.1(9.26%),P:1e-8	Tpos:503.9,Tstd:281.3,Bpos:502.1,Bstd:332.5,StrandBias:0.2,Multiplicity:1.12
0.818	0.055	0.079	0.048
0.059	0.076	0.777	0.088
0.081	0.051	0.083	0.785
0.072	0.782	0.101	0.045
0.042	0.067	0.839	0.052
0.803	0.077	0.064	0.056
0.819	0.052	0.061	0.068
0.092	0.069	0.036	0.803
0.104	0.071	0.789	0.036
0.057	0.084	0.793	0.066
>TAAAGCGCAT	11-TAAAGCGCAT	8.389639	-20.002108	0	T:37.0(6.84%),B:820.3(2.15%),P:1e-8	Tpos:560.5,Tstd:260.4,Bpos:494.1,Bstd:311.4,StrandBias:0.2,Multiplicity:1.03
0.013	0.001	0.054	0.932
0.997	0.001	0.001	0.001
0.783	0.058	0.096	0.063
0.859	0.090	0.001	0.050
0.001	0.029	0.946	0.024
0.001	0.916	0.039	0.044
0.019	0.001	0.931	0.049
0.040	0.875	0.001	0.084
0.960	0.001	0.001	0.038
0.030	0.043	0.085	0.842
>GTGTTTGCGG	12-GTGTTTGCGG	8.909916	-19.908778	0	T:37.0(6.84%),B:823.1(2.16%),P:1e-8	Tpos:689.9,Tstd:211.8,Bpos:589.5,Bstd:326.0,StrandBias:0.1,Multiplicity:1.08
0.001	0.001	0.997	0.001
0.001	0.051	0.001	0.947
0.001	0.001	0.997	0.001
0.001	0.001	0.001	0.997
0.001	0.052	0.001	0.946
0.001	0.001	0.001	0.997
0.001	0.001	0.997	0.001
0.001	0.967	0.001	0.031
0.001	0.001	0.997	0.001
0.001	0.001	0.847	0.151
>CAGAACGCGT	13-CAGAACGCGT	9.512894	-19.142531	0	T:27.0(4.99%),B:482.5(1.27%),P:1e-8	Tpos:584.3,Tstd:240.2,Bpos:531.1,Bstd:339.2,StrandBias:-0.3,Multiplicity:1.07
0.033	0.965	0.001	0.001
0.997	0.001	0.001	0.001
0.001	0.038	0.845	0.116
0.997	0.001	0.001	0.001
0.899	0.001	0.032	0.068
0.156	0.778	0.031	0.035
0.001	0.001	0.928	0.070
0.030	0.921	0.048	0.001
0.035	0.040	0.924	0.001
0.001	0.040	0.074	0.885
>TCGGCKGTGT	14-TCGGCKGTGT	8.339931	-18.773954	0	T:46.0(8.50%),B:1233.2(3.23%),P:1e-8	Tpos:458.3,Tstd:252.0,Bpos:480.1,Bstd:333.7,StrandBias:-0.3,Multiplicity:1.04
0.001	0.123	0.227	0.649
0.001	0.997	0.001	0.001
0.012	0.001	0.701	0.286
0.001	0.001	0.997	0.001
0.338	0.660	0.001	0.001
0.093	0.001	0.434	0.472
0.001	0.014	0.906	0.079
0.188	0.144	0.240	0.429
0.001	0.001	0.707	0.291
0.171	0.089	0.203	0.537
>GCTCTTCGAC	15-GCTCTTCGAC	7.730213	-18.749367	0	T:62.0(11.46%),B:1961.9(5.14%),P:1e-8	Tpos:374.3,Tstd:242.6,Bpos:446.6,Bstd:335.6,StrandBias:0.1,Multiplicity:1.10
0.036	0.077	0.783	0.104
0.155	0.663	0.103	0.079
0.053	0.033	0.047	0.867
0.069	0.841	0.051	0.039
0.089	0.103	0.030	0.778
0.032	0.064	0.119	0.785
0.026	0.884	0.066	0.024
0.094	0.073	0.780	0.053
0.781	0.050	0.066	0.103
0.038	0.845	0.041	0.076
>TTCCACCGCA	16-TTCCACCGCA	8.149952	-18.019474	0	T:33.0(6.10%),B:730.4(1.92%),P:1e-7	Tpos:523.1,Tstd:277.0,Bpos:490.9,Bstd:336.9,StrandBias:0.2,Multiplicity:1.06
0.214	0.159	0.041	0.586
0.013	0.034	0.209	0.744
0.020	0.892	0.032	0.056
0.085	0.539	0.180	0.196
0.966	0.024	0.009	0.001
0.041	0.602	0.205	0.152
0.214	0.537	0.126	0.123
0.098	0.087	0.807	0.008
0.110	0.568	0.145	0.177
0.698	0.016	0.144	0.142
>GGCAACAAGA	17-GGCAACAAGA	10.946182	-17.262060	0	T:14.0(2.59%),B:137.3(0.36%),P:1e-7	Tpos:407.4,Tstd:296.5,Bpos:501.6,Bstd:299.3,StrandBias:0.0,Multiplicity:1.00
0.001	0.001	0.997	0.001
0.001	0.001	0.997	0.001
0.001	0.997	0.001	0.001
0.997	0.001	0.001	0.001
0.739	0.097	0.001	0.163
0.001	0.997	0.001	0.001
0.923	0.001	0.001	0.075
0.997	0.001	0.001	0.001
0.001	0.001	0.997	0.001
0.997	0.001	0.001	0.001
>GACKGCCTTG	18-GACKGCCTTG	9.141720	-16.780993	0	T:24.0(4.44%),B:438.8(1.15%),P:1e-7	Tpos:468.5,Tstd:250.6,Bpos:447.1,Bstd:304.5,StrandBias:0.0,Multiplicity:1.09
0.001	0.001	0.624	0.374
0.786	0.001	0.212	0.001
0.001	0.997	0.001	0.001
0.001	0.001	0.439	0.559
0.001	0.001	0.902	0.096
0.001	0.780	0.218	0.001
0.001	0.997	0.001	0.001
0.289	0.001	0.001	0.709
0.001	0.001	0.001	0.997
0.001	0.001	0.997	0.001
>CTGATGCCGC	19-CTGATGCCGC	10.041083	-16.662448	0	T:15.0(2.77%),B:169.6(0.44%),P:1e-7	Tpos:415.8,Tstd:261.8,Bpos:452.2,Bstd:342.6,StrandBias:0.5,Multiplicity:1.13
0.001	0.882	0.073	0.044
0.045	0.001	0.001	0.953
0.001	0.046	0.952	0.001
0.890	0.001	0.044	0.065
0.001	0.060	0.001	0.938
0.001	0.001	0.944	0.054
0.001	0.938	0.001	0.060
0.046	0.925	0.001	0.028
0.001	0.067	0.931	0.001
0.001	0.864	0.001	0.134
>AATGCAGGCG	20-AATGCAGGCG	11.028510	-16.220634	0	T:14.0(2.59%),B:150.1(0.39%),P:1e-7	Tpos:598.2,Tstd:257.6,Bpos:500.0,Bstd:363.2,StrandBias:-0.4,Multiplicity:1.00
0.603	0.001	0.395	0.001
0.812	0.001	0.001	0.186
0.001	0.001	0.001	0.997
0.001	0.001	0.997	0.001
0.001	0.997	0.001	0.001
0.997	0.001	0.001	0.001
0.001	0.001	0.997	0.001
0.408	0.001	0.590	0.001
0.001	0.997	0.001	0.001
0.001	0.001	0.904	0.094
>TATTTATCTT	21-TATTTATCTT	10.265093	-14.059193	0	T:72.0(13.31%),B:2771.1(7.27%),P:1e-6	Tpos:516.3,Tstd:298.2,Bpos:527.0,Bstd:308.8,StrandBias:0.9,Multiplicity:1.12
0.082	0.001	0.029	0.888
0.846	0.078	0.001	0.075
0.016	0.147	0.001	0.836
0.001	0.001	0.001	0.997
0.001	0.001	0.020	0.978
0.917	0.034	0.001	0.048
0.076	0.019	0.001	0.904
0.082	0.675	0.242	0.001
0.019	0.001	0.015	0.965
0.013	0.001	0.001	0.985
>TGGTCATCCC	22-TGGTCATCCC	8.880557	-13.106148	0	T:22.0(4.07%),B:467.1(1.22%),P:1e-5	Tpos:472.7,Tstd:254.7,Bpos:462.3,Bstd:290.7,StrandBias:0.3,Multiplicity:1.50
0.001	0.001	0.001	0.997
0.077	0.059	0.828	0.036
0.029	0.001	0.969	0.001
0.176	0.001	0.001	0.822
0.237	0.643	0.065	0.055
0.909	0.043	0.001	0.047
0.049	0.001	0.001	0.949
0.001	0.997	0.001	0.001
0.001	0.950	0.048	0.001
0.001	0.997	0.001	0.001
>AGGCCATCAG	23-AGGCCATCAG	10.327629	-9.008515	0	T:12.0(2.22%),B:222.0(0.58%),P:1e-3	Tpos:332.2,Tstd:213.0,Bpos:489.0,Bstd:350.6,StrandBias:-2.0,Multiplicity:2.08
0.997	0.001	0.001	0.001
0.001	0.001	0.997	0.001
0.001	0.001	0.901	0.097
0.001	0.997	0.001	0.001
0.001	0.997	0.001	0.001
0.997	0.001	0.001	0.001
0.001	0.131	0.104	0.764
0.066	0.932	0.001	0.001
0.891	0.001	0.107	0.001
0.267	0.001	0.731	0.001
>GCTGGTGGAA	24-GCTGGTGGAA	10.617026	-6.933753	0	T:6.0(1.11%),B:75.3(0.20%),P:1e-3	Tpos:185.0,Tstd:104.1,Bpos:506.0,Bstd:272.0,StrandBias:-2.9,Multiplicity:2.83
0.001	0.001	0.997	0.001
0.001	0.997	0.001	0.001
0.001	0.001	0.001	0.997
0.040	0.001	0.958	0.001
0.001	0.001	0.997	0.001
0.001	0.001	0.001	0.997
0.001	0.001	0.997	0.001
0.001	0.001	0.997	0.001
0.997	0.001	0.001	0.001
0.997	0.001	0.001	0.001
>TCGGTAGTCT	25-TCGGTAGTCT	11.978003	-5.082935	0	T:3.0(0.55%),B:24.8(0.07%),P:1e-2	Tpos:653.2,Tstd:226.5,Bpos:440.8,Bstd:236.5,StrandBias:10.0,Multiplicity:2.00
0.001	0.001	0.001	0.997
0.001	0.997	0.001	0.001
0.001	0.001	0.997	0.001
0.001	0.156	0.842	0.001
0.001	0.001	0.001	0.997
0.997	0.001	0.001	0.001
0.001	0.001	0.997	0.001
0.001	0.001	0.001	0.997
0.001	0.997	0.001	0.001
0.001	0.001	0.001	0.997
>GTGTTTGCADTC	1-GTGTTTGCADTC	9.995917	-36.944077	0	T:42.0(7.76%),B:587.1(1.54%),P:1e-16	Tpos:610.4,Tstd:240.1,Bpos:562.3,Bstd:329.1,StrandBias:-0.1,Multiplicity:1.00
0.053	0.047	0.744	0.156
0.337	0.159	0.001	0.503
0.058	0.020	0.687	0.235
0.027	0.011	0.032	0.930
0.001	0.045	0.024	0.930
0.026	0.038	0.053	0.883
0.065	0.300	0.582	0.053
0.078	0.754	0.018	0.150
0.658	0.014	0.289	0.039
0.302	0.021	0.407	0.271
0.260	0.013	0.049	0.678
0.045	0.551	0.368	0.036
>AAAATAAATAAA	2-AAAATAAATAAA	9.225794	-33.374910	0	T:302.0(55.82%),B:14876.2(39.01%),P:1e-14	Tpos:586.9,Tstd:287.7,Bpos:543.0,Bstd:310.4,StrandBias:-0.7,Multiplicity:1.44
0.844	0.064	0.055	0.037
0.830	0.053	0.070	0.047
0.755	0.063	0.061	0.121
0.858	0.035	0.044	0.063
0.070	0.035	0.049	0.846
0.856	0.047	0.041	0.056
0.826	0.091	0.043	0.040
0.842	0.032	0.059	0.067
0.039	0.048	0.031	0.882
0.821	0.051	0.073	0.055
0.834	0.057	0.055	0.054
0.806	0.052	0.077	0.065
>CTTCATAATAAA	3-CTTCATAATAAA	11.032706	-29.702644	0	T:26.0(4.81%),B:268.9(0.71%),P:1e-12	Tpos:545.6,Tstd:280.0,Bpos:501.8,Bstd:287.4,StrandBias:-0.9,Multiplicity:1.00
0.001	0.935	0.063	0.001
0.001	0.024	0.001	0.974
0.001	0.001	0.089	0.909
0.001	0.947	0.001	0.051
0.923	0.001	0.001	0.075
0.001	0.068	0.001	0.930
0.880	0.053	0.066	0.001
0.885	0.001	0.113	0.001
0.091	0.001	0.069	0.839
0.997	0.001	0.001	0.001
0.885	0.113	0.001	0.001
0.895	0.103	0.001	0.001
>AAATAATTATAA	4-AAATAATTATAA	10.048361	-29.681142	0	T:56.0(10.35%),B:1244.3(3.26%),P:1e-12	Tpos:560.1,Tstd:306.4,Bpos:515.8,Bstd:311.7,StrandBias:-0.1,Multiplicity:1.02
0.541	0.157	0.179	0.123
0.704	0.039	0.238	0.019
0.692	0.202	0.048	0.058
0.118	0.159	0.158	0.565
0.682	0.038	0.206	0.074
0.538	0.169	0.036	0.257
0.076	0.047	0.037	0.840
0.082	0.078	0.081	0.759
0.555	0.136	0.011	0.298
0.054	0.050	0.064	0.832
0.568	0.028	0.230	0.174
0.588	0.153	0.019	0.240
>CCTCTGCTGTGT	5-CCTCTGCTGTGT	13.271717	-29.065006	0	T:11.0(2.03%),B:20.6(0.05%),P:1e-12	Tpos:459.5,Tstd:245.3,Bpos:512.0,Bstd:326.2,StrandBias:1.4,Multiplicity:1.00
0.001	0.814	0.001	0.184
0.001	0.899	0.001	0.099
0.001	0.001	0.001	0.997
0.134	0.864	0.001	0.001
0.001	0.001	0.001	0.997
0.001	0.001	0.997	0.001
0.001	0.864	0.134	0.001
0.134	0.001	0.001	0.864
0.001	0.112	0.886	0.001
0.001	0.001	0.084	0.914
0.001	0.001	0.997	0.001
0.001	0.001	0.001	0.997
>TGACGAGCAAGG	6-TGACGAGCAAGG	10.870544	-28.379128	0	T:23.0(4.25%),B:214.4(0.56%),P:1e-12	Tpos:458.1,Tstd:239.9,Bpos:519.6,Bstd:319.3,StrandBias:-0.7,Multiplicity:1.04
0.001	0.001	0.001	0.997
0.085	0.157	0.754	0.004
0.914	0.084	0.001	0.001
0.064	0.930	0.002	0.004
0.001	0.001	0.914	0.084
0.897	0.044	0.001	0.058
0.071	0.001	0.927	0.001
0.174	0.778	0.047	0.001
0.997	0.001	0.001	0.001
0.646	0.116	0.237	0.001
0.001	0.001	0.751	0.247
0.001	0.157	0.558	0.284
>CTTTTACCAGTA	7-CTTTTACCAGTA	13.305949	-28.263581	0	T:11.0(2.03%),B:22.2(0.06%),P:1e-12	Tpos:545.5,Tstd:309.8,Bpos:513.6,Bstd:331.6,StrandBias:0.3,Multiplicity:1.00
0.001	0.997	0.001	0.001
0.001	0.001	0.001	0.997
0.001	0.001	0.001	0.997
0.150	0.001	0.001	0.848
0.001	0.001	0.001	0.997
0.997	0.001	0.001	0.001
0.150	0.848	0.001	0.001
0.083	0.915	0.001	0.001
0.872	0.001	0.001	0.126
0.001	0.112	0.886	0.001
0.001	0.126	0.001	0.872
0.904	0.001	0.001	0.094
>ACTACTCGGATG	8-ACTACTCGGATG	13.791052	-26.050755	0	T:9.0(1.66%),B:12.6(0.03%),P:1e-11	Tpos:247.6,Tstd:308.0,Bpos:498.4,Bstd:330.3,StrandBias:-0.3,Multiplicity:1.00
0.997	0.001	0.001	0.001
0.001	0.997	0.001	0.001
0.001	0.001	0.001	0.997
0.997	0.001	0.001	0.001
0.001	0.858	0.001	0.140
0.001	0.001	0.001	0.997
0.001	0.733	0.141	0.125
0.001	0.001	0.997	0.001
0.167	0.001	0.831	0.001
0.744	0.114	0.001	0.141
0.001	0.001	0.001	0.997
0.001	0.001	0.997	0.001
>CACTGCCGAATC	9-CACTGCCGAATC	10.283646	-25.517719	0	T:16.0(2.96%),B:100.6(0.26%),P:1e-11	Tpos:300.6,Tstd:220.2,Bpos:511.1,Bstd:327.3,StrandBias:1.4,Multiplicity:1.62
0.001	0.876	0.056	0.067
0.876	0.001	0.122	0.001
0.067	0.865	0.067	0.001
0.067	0.068	0.067	0.798
0.067	0.112	0.820	0.001
0.001	0.753	0.245	0.001
0.001	0.618	0.123	0.258
0.001	0.057	0.830	0.112
0.997	0.001	0.001	0.001
0.997	0.001	0.001	0.001
0.001	0.111	0.001	0.887
0.112	0.698	0.123	0.067
>TTCTCTCATATT	10-TTCTCTCATATT	11.516404	-24.929249	0	T:33.0(6.10%),B:547.7(1.44%),P:1e-10	Tpos:519.8,Tstd:298.8,Bpos:546.5,Bstd:323.9,StrandBias:0.9,Multiplicity:1.00
0.001	0.084	0.084	0.831
0.113	0.001	0.127	0.759
0.001	0.942	0.001	0.056
0.001	0.001	0.001	0.997
0.040	0.912	0.047	0.001
0.048	0.001	0.053	0.898
0.001	0.997	0.001	0.001
0.866	0.053	0.001	0.080
0.001	0.052	0.001	0.946
0.896	0.001	0.001	0.102
0.001	0.001	0.001	0.997
0.001	0.001	0.001	0.997
>ATATAATCTTCA	11-ATATAATCTTCA	12.481586	-23.462685	0	T:24.0(4.44%),B:305.5(0.80%),P:1e-10	Tpos:455.6,Tstd:298.9,Bpos:497.6,Bstd:331.1,StrandBias:-0.3,Multiplicity:1.04
0.896	0.001	0.001	0.102
0.001	0.001	0.001	0.997
0.896	0.001	0.001	0.102
0.001	0.001	0.001	0.997
0.780	0.218	0.001	0.001
0.997	0.001	0.001	0.001
0.149	0.001	0.156	0.694
0.073	0.765	0.010	0.152
0.001	0.001	0.001	0.997
0.001	0.132	0.001	0.866
0.001	0.997	0.001	0.001
0.997	0.001	0.001	0.001
>GTGGAGTACACG	12-GTGGAGTACACG	9.474017	-23.185678	0	T:37.0(6.84%),B:726.7(1.91%),P:1e-10	Tpos:591.4,Tstd:278.4,Bpos:517.2,Bstd:353.2,StrandBias:-0.6,Multiplicity:1.05
0.083	0.001	0.915	0.001
0.186	0.001	0.001	0.812
0.083	0.001	0.915	0.001
0.034	0.063	0.817	0.086
0.913	0.084	0.001	0.002
0.134	0.092	0.773	0.001
0.053	0.057	0.006	0.884
0.841	0.088	0.070	0.001
0.203	0.625	0.049	0.123
0.875	0.001	0.052	0.072
0.085	0.652	0.001	0.262
0.190	0.001	0.771	0.038
>TGCAAATAACAA	13-TGCAAATAACAA	12.553564	-22.786958	0	T:21.0(3.88%),B:236.6(0.62%),P:1e-9	Tpos:565.8,Tstd:286.9,Bpos:517.2,Bstd:345.6,StrandBias:-0.7,Multiplicity:1.00
0.001	0.001	0.070	0.928
0.001	0.001	0.968	0.030
0.126	0.818	0.001	0.055
0.997	0.001	0.001	0.001
0.871	0.001	0.001	0.127
0.924	0.001	0.001	0.074
0.001	0.043	0.051	0.905
0.949	0.001	0.001	0.049
0.997	0.001	0.001	0.001
0.015	0.909	0.046	0.030
0.903	0.001	0.095	0.001
0.857	0.001	0.075	0.067
>CAGMTGGCCKAG	14-CAGMTGGCCKAG	10.922907	-21.539975	0	T:14.0(2.59%),B:95.7(0.25%),P:1e-9	Tpos:473.1,Tstd:297.0,Bpos:479.3,Bstd:325.2,StrandBias:0.2,Multiplicity:1.07
0.001	0.997	0.001	0.001
0.437	0.283	0.001	0.279
0.001	0.002	0.996	0.001
0.425	0.517	0.057	0.001
0.001	0.001	0.001	0.997
0.001	0.001	0.997	0.001
0.283	0.001	0.715	0.001
0.001	0.864	0.001	0.134
0.157	0.841	0.001	0.001
0.142	0.001	0.412	0.446
0.725	0.001	0.089	0.185
0.001	0.001	0.721	0.277
>TAAACGAACATT	15-TAAACGAACATT	12.777544	-20.536344	0	T:16.0(2.96%),B:145.5(0.38%),P:1e-8	Tpos:756.1,Tstd:234.6,Bpos:453.1,Bstd:269.0,StrandBias:0.0,Multiplicity:1.00
0.097	0.001	0.067	0.835
0.997	0.001	0.001	0.001
0.806	0.001	0.001	0.192
0.997	0.001	0.001	0.001
0.001	0.830	0.128	0.041
0.001	0.001	0.997	0.001
0.914	0.084	0.001	0.001
0.932	0.001	0.066	0.001
0.001	0.997	0.001	0.001
0.834	0.001	0.091	0.074
0.054	0.001	0.135	0.810
0.001	0.001	0.001	0.997
>ATATTAAAGGCA	16-ATATTAAAGGCA	12.351419	-18.529204	0	T:10.0(1.85%),B:49.7(0.13%),P:1e-8	Tpos:521.4,Tstd:257.0,Bpos:562.1,Bstd:335.8,StrandBias:0.0,Multiplicity:1.00
0.997	0.001	0.001	0.001
0.001	0.001	0.128	0.870
0.997	0.001	0.001	0.001
0.001	0.001	0.001	0.997
0.001	0.001	0.001	0.997
0.997	0.001	0.001	0.001
0.997	0.001	0.001	0.001
0.997	0.001	0.001	0.001
0.001	0.001	0.876	0.122
0.001	0.001	0.907	0.091
0.001	0.997	0.001	0.001
0.997	0.001	0.001	0.001
>ATTCCGATCGGA	17-ATTCCGATCGGA	13.285773	-18.334902	0	T:8.0(1.48%),B:24.4(0.06%),P:1e-7	Tpos:498.0,Tstd:266.0,Bpos:453.0,Bstd:320.6,StrandBias:-1.0,Multiplicity:1.00
0.881	0.117	0.001	0.001
0.001	0.001	0.117	0.881
0.001	0.139	0.001	0.859
0.001	0.997	0.001	0.001
0.001	0.997	0.001	0.001
0.001	0.001	0.997	0.001
0.818	0.001	0.104	0.077
0.001	0.001	0.001	0.997
0.001	0.997	0.001	0.001
0.095	0.140	0.764	0.001
0.087	0.001	0.911	0.001
0.997	0.001	0.001	0.001
>NWTVCANMAGAA	18-NWTVCANMAGAA	6.809324	-17.002075	0	T:210.0(38.82%),B:10666.2(27.97%),P:1e-7	Tpos:484.7,Tstd:286.5,Bpos:498.7,Bstd:323.0,StrandBias:-0.2,Multiplicity:1.29
0.307	0.218	0.309	0.166
0.357	0.195	0.174	0.274
0.055	0.044	0.040	0.861
0.310	0.314	0.349	0.028
0.089	0.765	0.072	0.074
0.576	0.041	0.027	0.356
0.241	0.234	0.263	0.261
0.492	0.449	0.039	0.020
0.886	0.027	0.036	0.051
0.070	0.070	0.797	0.063
0.577	0.380	0.018	0.025
0.897	0.026	0.019	0.058
>AATATTTAAAGA	19-AATATTTAAAGA	11.610490	-16.465523	0	T:36.0(6.65%),B:904.9(2.37%),P:1e-7	Tpos:597.7,Tstd:260.2,Bpos:524.7,Bstd:304.5,StrandBias:-0.1,Multiplicity:1.03
0.959	0.001	0.039	0.001
0.903	0.001	0.054	0.042
0.070	0.001	0.001	0.928
0.805	0.054	0.036	0.105
0.055	0.001	0.001	0.943
0.001	0.053	0.001	0.945
0.026	0.015	0.022	0.937
0.981	0.001	0.017	0.001
0.967	0.031	0.001	0.001
0.916	0.048	0.001	0.035
0.001	0.016	0.861	0.122
0.875	0.063	0.048	0.014
>AGACCAMYKCCA	20-AGACCAMYKCCA	12.437995	-15.525647	0	T:10.0(1.85%),B:70.8(0.19%),P:1e-6	Tpos:261.5,Tstd:197.5,Bpos:496.6,Bstd:324.8,StrandBias:-1.0,Multiplicity:1.20
0.997	0.001	0.001	0.001
0.001	0.001	0.997	0.001
0.997	0.001	0.001	0.001
0.001	0.997	0.001	0.001
0.001	0.997	0.001	0.001
0.997	0.001	0.001	0.001
0.434	0.564	0.001	0.001
0.001	0.530	0.001	0.468
0.001	0.001	0.492	0.506
0.001	0.609	0.389	0.001
0.015	0.600	0.384	0.001
0.997	0.001	0.001	0.001
>TCGGTAGTCTAG	21-TCGGTAGTCTAG	13.794834	-9.993074	0	T:4.0(0.74%),B:11.2(0.03%),P:1e-4	Tpos:565.8,Tstd:308.3,Bpos:408.6,Bstd:217.4,StrandBias:10.0,Multiplicity:2.00
0.001	0.001	0.001	0.997
0.001	0.997	0.001	0.001
0.001	0.001	0.997	0.001
0.001	0.001	0.835	0.163
0.001	0.001	0.001	0.997
0.861	0.001	0.137	0.001
0.001	0.001	0.997	0.001
0.001	0.001	0.001	0.997
0.001	0.861	0.001	0.137
0.001	0.001	0.001	0.997
0.835	0.163	0.001	0.001
0.137	0.001	0.725	0.137
>GGCGGCTGGGGA	22-GGCGGCTGGGGA	12.141283	-9.702051	0	T:6.0(1.11%),B:43.5(0.11%),P:1e-4	Tpos:435.3,Tstd:126.3,Bpos:415.8,Bstd:252.4,StrandBias:1.2,Multiplicity:2.17
0.001	0.001	0.997	0.001
0.327	0.001	0.671	0.001
0.204	0.520	0.164	0.112
0.001	0.001	0.997	0.001
0.001	0.001	0.997	0.001
0.178	0.493	0.001	0.328
0.001	0.001	0.001	0.997
0.001	0.001	0.997	0.001
0.001	0.001	0.997	0.001
0.298	0.164	0.537	0.001
0.001	0.001	0.835	0.163
0.991	0.007	0.001	0.001
>CATTGATGGCCT	23-CATTGATGGCCT	13.357966	-8.100069	0	T:3.0(0.55%),B:7.7(0.02%),P:1e-3	Tpos:331.7,Tstd:105.1,Bpos:567.0,Bstd:174.2,StrandBias:10.0,Multiplicity:3.67
0.048	0.873	0.001	0.078
0.997	0.001	0.001	0.001
0.001	0.161	0.001	0.837
0.001	0.001	0.001	0.997
0.001	0.001	0.997	0.001
0.860	0.001	0.046	0.093
0.001	0.001	0.001	0.997
0.058	0.001	0.848	0.093
0.062	0.001	0.936	0.001
0.001	0.997	0.001	0.001
0.077	0.921	0.001	0.001
0.001	0.001	0.001	0.997
>AGTTCCACCAGC	24-AGTTCCACCAGC	8.463612	-5.649101	0	T:41.0(7.58%),B:1837.3(4.82%),P:1e-2	Tpos:278.4,Tstd:204.3,Bpos:455.9,Bstd:315.6,StrandBias:1.8,Multiplicity:1.32
0.700	0.100	0.100	0.100
0.100	0.100	0.700	0.100
0.100	0.100	0.100	0.700
0.100	0.100	0.100	0.700
0.100	0.700	0.100	0.100
0.100	0.700	0.100	0.100
0.700	0.100	0.100	0.100
0.100	0.700	0.100	0.100
0.100	0.700	0.100	0.100
0.700	0.100	0.100	0.100
0.100	0.100	0.700	0.100
0.100	0.700	0.100	0.100
>GAAAAACGCCCA	25-GAAAAACGCCCA	12.355432	-3.184989	0	T:1.0(0.18%),B:2.1(0.01%),P:1e-1	Tpos:190.0,Tstd:126.5,Bpos:108.5,Bstd:98.5,StrandBias:-10.0,Multiplicity:4.00
0.100	0.100	0.700	0.100
0.700	0.100	0.100	0.100
0.700	0.100	0.100	0.100
0.700	0.100	0.100	0.100
0.700	0.100	0.100	0.100
0.700	0.100	0.100	0.100
0.100	0.700	0.100	0.100
0.100	0.100	0.700	0.100
0.100	0.700	0.100	0.100
0.100	0.700	0.100	0.100
0.100	0.700	0.100	0.100
0.700	0.100	0.100	0.100
>GTCATTGC	1-GTCATTGC	7.818860	-24.847460	0	T:70.0(12.94%),B:2025.9(5.31%),P:1e-10	Tpos:484.9,Tstd:292.0,Bpos:505.4,Bstd:328.8,StrandBias:-0.4,Multiplicity:1.03
0.001	0.001	0.997	0.001
0.001	0.001	0.001	0.997
0.001	0.997	0.001	0.001
0.718	0.001	0.280	0.001
0.001	0.001	0.001	0.997
0.001	0.138	0.001	0.860
0.001	0.001	0.997	0.001
0.001	0.997	0.001	0.001
>AATAAATA	2-AATAAATA	7.187977	-24.520696	0	T:360.0(66.54%),B:19971.3(52.37%),P:1e-10	Tpos:565.9,Tstd:285.9,Bpos:527.2,Bstd:316.8,StrandBias:-0.4,Multiplicity:1.74
0.865	0.001	0.001	0.133
0.792	0.206	0.001	0.001
0.001	0.001	0.001	0.997
0.997	0.001	0.001	0.001
0.997	0.001	0.001	0.001
0.841	0.001	0.001	0.157
0.001	0.001	0.001	0.997
0.887	0.111	0.001	0.001
>CGCGAAGA	3-CGCGAAGA	6.549240	-23.886106	0	T:198.0(36.60%),B:9124.7(23.93%),P:1e-10	Tpos:435.8,Tstd:262.9,Bpos:485.3,Bstd:344.3,StrandBias:0.0,Multiplicity:1.24
0.102	0.845	0.052	0.001
0.169	0.034	0.657	0.140
0.078	0.853	0.068	0.001
0.001	0.063	0.935	0.001
0.897	0.072	0.030	0.001
0.852	0.024	0.015	0.109
0.001	0.027	0.971	0.001
0.986	0.001	0.012	0.001
>CGGGATCG	4-CGGGATCG	6.530590	-21.961496	0	T:102.0(18.85%),B:3772.9(9.89%),P:1e-9	Tpos:382.9,Tstd:244.8,Bpos:471.2,Bstd:336.3,StrandBias:0.0,Multiplicity:1.13
0.017	0.957	0.008	0.018
0.046	0.034	0.815	0.105
0.090	0.021	0.734	0.155
0.128	0.108	0.728	0.036
0.990	0.001	0.001	0.008
0.039	0.029	0.012	0.920
0.001	0.911	0.087	0.001
0.001	0.038	0.960	0.001
>GATCGAGA	5-GATCGAGA	7.227771	-19.811903	0	T:152.0(28.10%),B:6759.3(17.72%),P:1e-8	Tpos:502.1,Tstd:282.0,Bpos:497.9,Bstd:337.4,StrandBias:-0.4,Multiplicity:1.16
0.001	0.001	0.947	0.051
0.813	0.001	0.033	0.153
0.185	0.074	0.001	0.740
0.001	0.860	0.043	0.096
0.047	0.001	0.767	0.185
0.918	0.036	0.045	0.001
0.001	0.001	0.997	0.001
0.997	0.001	0.001	0.001
>ACGAATGG	6-ACGAATGG	8.721450	-17.658452	0	T:75.0(13.86%),B:2668.7(7.00%),P:1e-7	Tpos:449.7,Tstd:287.6,Bpos:497.8,Bstd:349.5,StrandBias:-0.2,Multiplicity:1.03
0.929	0.001	0.001	0.069
0.001	0.997	0.001	0.001
0.001	0.001	0.997	0.001
0.735	0.246	0.018	0.001
0.997	0.001	0.001	0.001
0.001	0.044	0.001	0.954
0.001	0.373	0.625	0.001
0.305	0.001	0.693	0.001
>GCTAGGAT	7-GCTAGGAT	8.142767	-16.375105	0	T:53.0(9.80%),B:1665.0(4.37%),P:1e-7	Tpos:474.6,Tstd:280.5,Bpos:471.8,Bstd:294.7,StrandBias:-0.4,Multiplicity:1.06
0.283	0.001	0.715	0.001
0.001	0.726	0.272	0.001
0.160	0.001	0.001	0.838
0.997	0.001	0.001	0.001
0.001	0.001	0.997	0.001
0.001	0.272	0.726	0.001
0.997	0.001	0.001	0.001
0.001	0.001	0.120	0.878
>CGGCCGTG	8-CGGCCGTG	7.874874	-16.284767	0	T:51.0(9.43%),B:1575.4(4.13%),P:1e-7	Tpos:507.6,Tstd:281.6,Bpos:492.2,Bstd:332.6,StrandBias:-0.4,Multiplicity:1.18
0.001	0.907	0.001	0.091
0.048	0.001	0.950	0.001
0.001	0.001	0.997	0.001
0.101	0.897	0.001	0.001
0.150	0.815	0.001	0.034
0.116	0.001	0.669	0.214
0.001	0.001	0.001	0.997
0.043	0.001	0.955	0.001
>GTCGATGG	9-GTCGATGG	6.631404	-15.943422	0	T:174.0(32.16%),B:8522.6(22.35%),P:1e-6	Tpos:430.4,Tstd:264.4,Bpos:461.3,Bstd:334.9,StrandBias:-0.1,Multiplicity:1.26
0.033	0.001	0.909	0.057
0.135	0.036	0.001	0.828
0.054	0.881	0.001	0.064
0.001	0.031	0.939	0.029
0.931	0.040	0.001	0.028
0.001	0.029	0.001	0.969
0.001	0.001	0.951	0.047
0.274	0.001	0.724	0.001
>GTGTTTGC	10-GTGTTTGC	9.037048	-13.947982	0	T:63.0(11.65%),B:2309.2(6.06%),P:1e-6	Tpos:661.7,Tstd:259.6,Bpos:574.3,Bstd:323.1,StrandBias:0.9,Multiplicity:1.10
0.001	0.001	0.997	0.001
0.001	0.164	0.001	0.834
0.001	0.001	0.997	0.001
0.001	0.001	0.001	0.997
0.001	0.144	0.001	0.854
0.001	0.068	0.001	0.930
0.001	0.001	0.997	0.001
0.001	0.997	0.001	0.001
>CTGTGAAT	11-CTGTGAAT	9.963685	-13.802669	0	T:71.0(13.12%),B:2738.7(7.18%),P:1e-5	Tpos:516.3,Tstd:290.8,Bpos:493.8,Bstd:314.6,StrandBias:1.0,Multiplicity:1.07
0.001	0.997	0.001	0.001
0.001	0.001	0.001	0.997
0.001	0.001	0.997	0.001
0.001	0.001	0.001	0.997
0.001	0.001	0.997	0.001
0.997	0.001	0.001	0.001
0.667	0.001	0.001	0.331
0.001	0.001	0.001	0.997
>TTATTCAC	12-TTATTCAC	9.646364	-12.495050	0	T:84.0(15.53%),B:3560.0(9.33%),P:1e-5	Tpos:496.3,Tstd:282.5,Bpos:522.2,Bstd:323.1,StrandBias:0.8,Multiplicity:1.08
0.001	0.001	0.001	0.997
0.001	0.001	0.001	0.997
0.997	0.001	0.001	0.001
0.001	0.001	0.001	0.997
0.001	0.001	0.001	0.997
0.001	0.757	0.241	0.001
0.997	0.001	0.001	0.001
0.001	0.997	0.001	0.001
>GCCAHSAG	13-GCCAHSAG	6.732023	-9.756262	0	T:46.0(8.50%),B:1738.4(4.56%),P:1e-4	Tpos:399.7,Tstd:259.4,Bpos:467.8,Bstd:319.9,StrandBias:-0.6,Multiplicity:1.11
0.150	0.001	0.530	0.319
0.190	0.671	0.118	0.021
0.122	0.824	0.020	0.034
0.614	0.004	0.036	0.346
0.221	0.363	0.182	0.234
0.001	0.524	0.412	0.063
0.864	0.008	0.028	0.100
0.045	0.051	0.711	0.193
>GCTGCTGG	14-GCTGCTGG	7.086750	-9.379536	0	T:110.0(20.33%),B:5440.2(14.26%),P:1e-4	Tpos:416.5,Tstd:259.3,Bpos:462.5,Bstd:328.1,StrandBias:-0.5,Multiplicity:1.33
0.001	0.079	0.691	0.229
0.007	0.712	0.127	0.154
0.065	0.001	0.038	0.896
0.002	0.066	0.653	0.279
0.064	0.631	0.293	0.012
0.041	0.001	0.001	0.957
0.001	0.163	0.829	0.007
0.007	0.001	0.710	0.282
>TTCCACCG	15-TTCCACCG	8.685531	-8.764411	0	T:47.0(8.69%),B:1870.2(4.90%),P:1e-3	Tpos:447.9,Tstd:320.0,Bpos:481.2,Bstd:331.1,StrandBias:0.1,Multiplicity:1.04
0.001	0.001	0.249	0.749
0.001	0.245	0.001	0.753
0.376	0.622	0.001	0.001
0.001	0.908	0.090	0.001
0.997	0.001	0.001	0.001
0.001	0.997	0.001	0.001
0.001	0.997	0.001	0.001
0.119	0.001	0.879	0.001
