>AATCATAAAGTG	1-AATCATAAAGTG	14.483775	-24.453629	0	T:6.0(15.00%),B:52.6(0.13%),P:1e-10	Tpos:377.3,Tstd:147.0,Bpos:568.4,Bstd:350.9,StrandBias:-2.3,Multiplicity:1.00
0.997	0.001	0.001	0.001
0.997	0.001	0.001	0.001
0.251	0.001	0.001	0.747
0.001	0.781	0.217	0.001
0.997	0.001	0.001	0.001
0.001	0.001	0.261	0.737
0.997	0.001	0.001	0.001
0.997	0.001	0.001	0.001
0.997	0.001	0.001	0.001
0.001	0.001	0.997	0.001
0.001	0.001	0.001	0.997
0.001	0.001	0.997	0.001
>CGTTTTTTATAT	2-CGTTTTTTATAT	14.130638	-20.163330	0	T:7.0(17.50%),B:209.4(0.52%),P:1e-8	Tpos:574.6,Tstd:173.3,Bpos:593.2,Bstd:251.4,StrandBias:-0.4,Multiplicity:1.00
0.001	0.997	0.001	0.001
0.292	0.001	0.564	0.143
0.001	0.001	0.001	0.997
0.001	0.001	0.001	0.997
0.001	0.001	0.001	0.997
0.001	0.001	0.001	0.997
0.001	0.001	0.001	0.997
0.001	0.001	0.186	0.812
0.997	0.001	0.001	0.001
0.001	0.001	0.001	0.997
0.800	0.198	0.001	0.001
0.001	0.001	0.001	0.997
>CCAGCCTTTTYY	3-CCAGCCTTTTYY	9.426714	-19.964838	0	T:16.0(40.00%),B:2708.2(6.67%),P:1e-8	Tpos:384.4,Tstd:285.6,Bpos:513.9,Bstd:289.9,StrandBias:2.3,Multiplicity:1.12
0.286	0.458	0.001	0.255
0.261	0.467	0.271	0.001
0.643	0.355	0.001	0.001
0.001	0.115	0.883	0.001
0.354	0.644	0.001	0.001
0.240	0.518	0.142	0.100
0.001	0.001	0.001	0.997
0.001	0.001	0.001	0.997
0.001	0.171	0.001	0.827
0.001	0.236	0.001	0.762
0.001	0.554	0.001	0.444
0.103	0.283	0.230	0.384
>ATTCAAAAGCAT	4-ATTCAAAAGCAT	11.389285	-16.914702	0	T:9.0(22.50%),B:754.9(1.86%),P:1e-7	Tpos:434.9,Tstd:282.5,Bpos:477.9,Bstd:313.6,StrandBias:-0.6,Multiplicity:1.11
0.873	0.125	0.001	0.001
0.139	0.150	0.144	0.567
0.144	0.219	0.001	0.636
0.001	0.997	0.001	0.001
0.783	0.001	0.001	0.215
0.997	0.001	0.001	0.001
0.997	0.001	0.001	0.001
0.997	0.001	0.001	0.001
0.244	0.001	0.754	0.001
0.001	0.924	0.001	0.074
0.823	0.001	0.083	0.093
0.001	0.001	0.233	0.765
>GTAGTTACAAAA	5-GTAGTTACAAAA	13.877443	-16.149555	0	T:5.0(12.50%),B:109.4(0.27%),P:1e-7	Tpos:264.8,Tstd:163.3,Bpos:506.9,Bstd:347.7,StrandBias:1.0,Multiplicity:1.20
0.001	0.001	0.997	0.001
0.001	0.275	0.001	0.723
0.997	0.001	0.001	0.001
0.001	0.001	0.997	0.001
0.001	0.001	0.001	0.997
0.001	0.001	0.001	0.997
0.856	0.001	0.001	0.142
0.001	0.807	0.191	0.001
0.784	0.214	0.001	0.001
0.997	0.001	0.001	0.001
0.997	0.001	0.001	0.001
0.997	0.001	0.001	0.001
>TCGATTAGCAAG	6-TCGATTAGCAAG	8.962439	-12.762225	0	T:10.0(25.00%),B:1614.4(3.98%),P:1e-5	Tpos:632.1,Tstd:328.1,Bpos:520.5,Bstd:299.7,StrandBias:0.2,Multiplicity:1.30
0.001	0.001	0.052	0.946
0.065	0.744	0.001	0.190
0.150	0.033	0.677	0.140
0.788	0.048	0.048	0.116
0.214	0.037	0.035	0.714
0.208	0.142	0.174	0.477
0.851	0.053	0.045	0.051
0.035	0.216	0.692	0.057
0.225	0.705	0.002	0.068
0.848	0.098	0.001	0.053
0.790	0.001	0.053	0.156
0.120	0.002	0.776	0.102
>CCTCCTCCTTCT	7-CCTCCTCCTTCT	14.395945	-12.577099	0	T:4.0(10.00%),B:100.0(0.25%),P:1e-5	Tpos:392.0,Tstd:221.3,Bpos:486.4,Bstd:301.6,StrandBias:10.0,Multiplicity:1.00
0.001	0.997	0.001	0.001
0.001	0.997	0.001	0.001
0.001	0.001	0.001	0.997
0.001	0.997	0.001	0.001
0.001	0.997	0.001	0.001
0.001	0.001	0.001	0.997
0.001	0.997	0.001	0.001
0.001	0.758	0.240	0.001
0.001	0.001	0.001	0.997
0.001	0.262	0.205	0.532
0.001	0.857	0.001	0.141
0.001	0.001	0.001	0.997
>GCAGTCAGGTTA	8-GCAGTCAGGTTA	16.516924	-6.923235	0	T:1.0(2.50%),B:0.0(0.00%),P:1e-3	Tpos:513.5,Tstd:58.7,Bpos:0.0,Bstd:0.0,StrandBias:10.0,Multiplicity:12.00
0.001	0.001	0.997	0.001
0.001	0.997	0.001	0.001
0.997	0.001	0.001	0.001
0.001	0.001	0.997	0.001
0.001	0.001	0.001	0.997
0.001	0.997	0.001	0.001
0.997	0.001	0.001	0.001
0.001	0.001	0.918	0.080
0.001	0.001	0.997	0.001
0.001	0.001	0.001	0.997
0.001	0.001	0.001	0.997
0.997	0.001	0.001	0.001
>TRCCTGCCTGCS	9-TRCCTGCCTGCS	8.892797	-6.423050	0	T:7.0(17.50%),B:1777.5(4.38%),P:1e-2	Tpos:443.9,Tstd:286.0,Bpos:488.3,Bstd:289.8,StrandBias:1.6,Multiplicity:1.43
0.001	0.001	0.002	0.996
0.387	0.001	0.454	0.158
0.310	0.688	0.001	0.001
0.161	0.685	0.001	0.153
0.158	0.206	0.158	0.478
0.363	0.001	0.635	0.001
0.310	0.688	0.001	0.001
0.001	0.841	0.001	0.157
0.001	0.001	0.001	0.997
0.319	0.001	0.525	0.155
0.001	0.997	0.001	0.001
0.001	0.550	0.448	0.001
