>ACGTCCCC	1-ACGTCCCC	6.940138	-14.453113	0	T:15.0(37.50%),B:3490.1(8.60%),P:1e-6	Tpos:526.5,Tstd:263.3,Bpos:507.9,Bstd:314.4,StrandBias:1.0,Multiplicity:1.20
0.862	0.071	0.001	0.066
0.062	0.936	0.001	0.001
0.046	0.051	0.902	0.001
0.001	0.001	0.001	0.997
0.001	0.943	0.001	0.055
0.039	0.888	0.072	0.001
0.062	0.690	0.001	0.247
0.068	0.856	0.001	0.075
>AAGGCGGG	2-AAGGCGGG	5.773589	-13.286292	0	T:25.0(62.50%),B:10687.4(26.33%),P:1e-5	Tpos:572.2,Tstd:267.5,Bpos:532.3,Bstd:311.8,StrandBias:-0.2,Multiplicity:1.46
0.655	0.143	0.006	0.196
0.803	0.001	0.158	0.038
0.049	0.001	0.907	0.043
0.145	0.001	0.820	0.034
0.113	0.674	0.029	0.184
0.003	0.001	0.951	0.045
0.034	0.205	0.484	0.277
0.038	0.103	0.753	0.106
>CTGCAGCA	3-CTGCAGCA	8.597505	-6.527604	0	T:11.0(27.50%),B:4052.1(9.98%),P:1e-2	Tpos:460.3,Tstd:229.9,Bpos:485.4,Bstd:315.4,StrandBias:-1.2,Multiplicity:2.18
0.001	0.997	0.001	0.001
0.001	0.001	0.001	0.997
0.358	0.001	0.640	0.001
0.001	0.808	0.001	0.190
0.997	0.001	0.001	0.001
0.001	0.001	0.997	0.001
0.001	0.640	0.001	0.358
0.808	0.190	0.001	0.001
>ACGCCTAT	4-ACGCCTAT	8.745252	-6.153051	0	T:5.0(12.50%),B:927.1(2.28%),P:1e-2	Tpos:387.7,Tstd:239.7,Bpos:499.7,Bstd:303.3,StrandBias:-0.4,Multiplicity:1.40
0.997	0.001	0.001	0.001
0.001	0.997	0.001	0.001
0.001	0.001	0.997	0.001
0.001	0.997	0.001	0.001
0.077	0.921	0.001	0.001
0.001	0.001	0.121	0.877
0.873	0.125	0.001	0.001
0.001	0.001	0.001	0.997
>CAGTCAGG	5-CAGTCAGG	6.291044	-1.595865	0	T:12.0(30.00%),B:9441.6(23.26%),P:1e0	Tpos:513.5,Tstd:199.3,Bpos:503.9,Bstd:314.9,StrandBias:0.8,Multiplicity:2.33
0.100	0.700	0.100	0.100
0.700	0.100	0.100	0.100
0.100	0.100	0.700	0.100
0.100	0.100	0.100	0.700
0.100	0.700	0.100	0.100
0.700	0.100	0.100	0.100
0.100	0.100	0.700	0.100
0.100	0.100	0.700	0.100
