>CTCTCTCTCTCT	13-CTCTCTCTCTCT,BestGuess:eor-1/MA0543.1/Jaspar(0.772)	11.030040	-5.906597	0	T:6.0(19.35%),B:1781.6(4.64%),P:1e-2
0.144	0.854	0.001	0.001
0.047	0.001	0.056	0.896
0.158	0.755	0.001	0.086
0.054	0.106	0.184	0.656
0.001	0.861	0.084	0.054
0.095	0.052	0.071	0.782
0.048	0.890	0.001	0.061
0.055	0.052	0.061	0.832
0.001	0.884	0.077	0.038
0.001	0.041	0.149	0.809
0.049	0.832	0.072	0.047
0.001	0.038	0.001	0.960
