>CAGGAGTGGT	1-CAGGAGTGGT	10.121499	-21.741917	0	T:11.0(10.38%),B:275.2(0.70%),P:1e-9	Tpos:498.9,Tstd:248.3,Bpos:554.9,Bstd:358.7,StrandBias:0.8,Multiplicity:1.00
0.001	0.880	0.001	0.118
0.997	0.001	0.001	0.001
0.001	0.001	0.870	0.128
0.001	0.001	0.997	0.001
0.893	0.001	0.001	0.105
0.001	0.001	0.997	0.001
0.001	0.137	0.001	0.861
0.059	0.001	0.939	0.001
0.129	0.116	0.754	0.001
0.001	0.001	0.084	0.914
>GTGCTTTTGC	2-GTGCTTTTGC	9.578734	-18.513767	0	T:18.0(16.98%),B:1262.5(3.21%),P:1e-8	Tpos:578.6,Tstd:250.6,Bpos:493.4,Bstd:309.4,StrandBias:1.1,Multiplicity:1.06
0.051	0.039	0.909	0.001
0.042	0.001	0.086	0.871
0.045	0.001	0.903	0.051
0.043	0.924	0.001	0.032
0.059	0.001	0.001	0.939
0.001	0.001	0.001	0.997
0.001	0.077	0.001	0.921
0.124	0.088	0.001	0.787
0.001	0.049	0.923	0.027
0.001	0.962	0.036	0.001
>GAGACAWTCA	3-GAGACAWTCA	10.888552	-17.873803	0	T:9.0(8.49%),B:228.9(0.58%),P:1e-7	Tpos:431.6,Tstd:330.2,Bpos:463.2,Bstd:304.6,StrandBias:1.0,Multiplicity:1.00
0.001	0.001	0.997	0.001
0.997	0.001	0.001	0.001
0.001	0.001	0.997	0.001
0.997	0.001	0.001	0.001
0.001	0.997	0.001	0.001
0.855	0.001	0.143	0.001
0.472	0.001	0.001	0.526
0.001	0.135	0.001	0.863
0.134	0.864	0.001	0.001
0.997	0.001	0.001	0.001
>TTTTCCGGCC	4-TTTTCCGGCC	9.211650	-15.583904	0	T:17.0(16.04%),B:1367.7(3.47%),P:1e-6	Tpos:573.0,Tstd:247.2,Bpos:492.3,Bstd:307.2,StrandBias:0.4,Multiplicity:1.24
0.001	0.001	0.001	0.997
0.001	0.001	0.001	0.997
0.001	0.001	0.001	0.997
0.001	0.001	0.001	0.997
0.001	0.933	0.001	0.065
0.046	0.868	0.001	0.085
0.001	0.148	0.850	0.001
0.108	0.079	0.742	0.071
0.109	0.709	0.104	0.078
0.001	0.997	0.001	0.001
>GTTCATCAAA	5-GTTCATCAAA	9.192914	-14.347107	0	T:25.0(23.58%),B:3095.3(7.86%),P:1e-6	Tpos:549.2,Tstd:302.0,Bpos:488.9,Bstd:302.4,StrandBias:0.6,Multiplicity:1.12
0.095	0.033	0.871	0.001
0.043	0.044	0.066	0.847
0.001	0.001	0.049	0.949
0.040	0.893	0.042	0.025
0.974	0.001	0.001	0.024
0.001	0.037	0.001	0.961
0.001	0.965	0.001	0.033
0.859	0.068	0.072	0.001
0.929	0.001	0.001	0.069
0.844	0.073	0.082	0.001
>ACGCCTTCCG	6-ACGCCTTCCG	10.519544	-12.913658	0	T:7.0(6.60%),B:215.2(0.55%),P:1e-5	Tpos:494.8,Tstd:251.5,Bpos:514.6,Bstd:302.7,StrandBias:1.2,Multiplicity:1.43
0.902	0.001	0.001	0.096
0.001	0.867	0.131	0.001
0.001	0.109	0.889	0.001
0.095	0.903	0.001	0.001
0.001	0.910	0.001	0.088
0.001	0.001	0.001	0.997
0.001	0.001	0.001	0.997
0.001	0.717	0.001	0.281
0.001	0.997	0.001	0.001
0.001	0.001	0.911	0.087
>ASACAAAAAC	7-ASACAAAAAC	9.627455	-12.522369	0	T:37.0(34.91%),B:6511.9(16.54%),P:1e-5	Tpos:479.6,Tstd:288.1,Bpos:515.0,Bstd:300.0,StrandBias:-0.1,Multiplicity:1.38
0.997	0.001	0.001	0.001
0.001	0.504	0.447	0.048
0.997	0.001	0.001	0.001
0.248	0.605	0.001	0.146
0.867	0.001	0.131	0.001
0.861	0.005	0.133	0.001
0.911	0.087	0.001	0.001
0.997	0.001	0.001	0.001
0.997	0.001	0.001	0.001
0.067	0.834	0.019	0.080
>ACCATCTAGT	8-ACCATCTAGT	8.778272	-11.672339	0	T:12.0(11.32%),B:925.4(2.35%),P:1e-5	Tpos:427.2,Tstd:309.2,Bpos:493.6,Bstd:307.0,StrandBias:1.2,Multiplicity:1.67
0.526	0.187	0.286	0.001
0.001	0.997	0.001	0.001
0.300	0.574	0.125	0.001
0.918	0.080	0.001	0.001
0.067	0.306	0.001	0.626
0.118	0.880	0.001	0.001
0.001	0.001	0.066	0.932
0.807	0.001	0.191	0.001
0.058	0.157	0.784	0.001
0.141	0.194	0.001	0.664
>AGGACGACCA	9-AGGACGACCA	10.489433	-11.125335	0	T:7.0(6.60%),B:285.3(0.72%),P:1e-4	Tpos:598.7,Tstd:250.3,Bpos:437.9,Bstd:319.0,StrandBias:0.6,Multiplicity:1.43
0.997	0.001	0.001	0.001
0.001	0.105	0.780	0.114
0.001	0.001	0.997	0.001
0.859	0.001	0.001	0.139
0.067	0.931	0.001	0.001
0.001	0.135	0.863	0.001
0.997	0.001	0.001	0.001
0.001	0.997	0.001	0.001
0.084	0.914	0.001	0.001
0.767	0.095	0.137	0.001
>TCTATCAAAA	10-TCTATCAAAA	11.173926	-9.496037	0	T:10.0(9.43%),B:810.5(2.06%),P:1e-4	Tpos:441.0,Tstd:262.5,Bpos:496.3,Bstd:283.1,StrandBias:1.2,Multiplicity:1.30
0.001	0.001	0.001	0.997
0.001	0.997	0.001	0.001
0.001	0.001	0.001	0.997
0.997	0.001	0.001	0.001
0.001	0.001	0.001	0.997
0.001	0.997	0.001	0.001
0.888	0.001	0.001	0.110
0.997	0.001	0.001	0.001
0.910	0.001	0.001	0.088
0.888	0.110	0.001	0.001
>CGAAAAATCG	11-CGAAAAATCG	10.865912	-9.382238	0	T:12.0(11.32%),B:1174.4(2.98%),P:1e-4	Tpos:599.4,Tstd:240.3,Bpos:510.7,Bstd:298.0,StrandBias:-0.2,Multiplicity:1.42
0.001	0.997	0.001	0.001
0.001	0.001	0.917	0.081
0.997	0.001	0.001	0.001
0.801	0.001	0.086	0.112
0.997	0.001	0.001	0.001
0.997	0.001	0.001	0.001
0.997	0.001	0.001	0.001
0.001	0.146	0.067	0.786
0.001	0.997	0.001	0.001
0.001	0.001	0.997	0.001
>GTTCCCGCYT	12-GTTCCCGCYT	10.627823	-8.830133	0	T:4.0(3.77%),B:94.9(0.24%),P:1e-3	Tpos:334.9,Tstd:246.1,Bpos:516.9,Bstd:323.2,StrandBias:-1.6,Multiplicity:2.00
0.001	0.001	0.997	0.001
0.001	0.001	0.001	0.997
0.001	0.001	0.001	0.997
0.123	0.875	0.001	0.001
0.001	0.997	0.001	0.001
0.001	0.997	0.001	0.001
0.001	0.001	0.997	0.001
0.001	0.604	0.394	0.001
0.001	0.457	0.001	0.541
0.001	0.001	0.001	0.997
>GTAGCGCGTC	13-GTAGCGCGTC	12.164589	-7.857394	0	T:2.0(1.89%),B:9.4(0.02%),P:1e-3	Tpos:393.0,Tstd:226.4,Bpos:398.5,Bstd:242.6,StrandBias:10.0,Multiplicity:3.00
0.188	0.001	0.810	0.001
0.001	0.001	0.001	0.997
0.997	0.001	0.001	0.001
0.001	0.001	0.997	0.001
0.001	0.997	0.001	0.001
0.001	0.001	0.997	0.001
0.001	0.997	0.001	0.001
0.001	0.001	0.997	0.001
0.001	0.001	0.001	0.997
0.001	0.997	0.001	0.001
>CCTACATATA	14-CCTACATATA	11.715638	-7.664058	0	T:4.0(3.77%),B:129.4(0.33%),P:1e-3	Tpos:535.0,Tstd:279.5,Bpos:517.2,Bstd:252.4,StrandBias:1.6,Multiplicity:2.00
0.001	0.997	0.001	0.001
0.001	0.878	0.001	0.120
0.001	0.001	0.001	0.997
0.997	0.001	0.001	0.001
0.001	0.997	0.001	0.001
0.997	0.001	0.001	0.001
0.001	0.001	0.001	0.997
0.997	0.001	0.001	0.001
0.001	0.001	0.001	0.997
0.997	0.001	0.001	0.001
>TATAGACGAC	15-TATAGACGAC	11.744018	-7.362284	0	T:3.0(2.83%),B:59.5(0.15%),P:1e-3	Tpos:281.2,Tstd:151.9,Bpos:492.6,Bstd:295.5,StrandBias:-2.3,Multiplicity:2.00
0.001	0.001	0.001	0.997
0.997	0.001	0.001	0.001
0.001	0.001	0.001	0.997
0.997	0.001	0.001	0.001
0.001	0.001	0.997	0.001
0.789	0.209	0.001	0.001
0.001	0.842	0.001	0.156
0.001	0.001	0.997	0.001
0.997	0.001	0.001	0.001
0.001	0.997	0.001	0.001
>CBGGWGGWTC	16-CBGGWGGWTC	6.702027	-5.843493	0	T:4.0(3.77%),B:214.3(0.54%),P:1e-2	Tpos:353.8,Tstd:195.2,Bpos:432.2,Bstd:311.3,StrandBias:3.9,Multiplicity:4.00
0.134	0.849	0.016	0.001
0.118	0.260	0.383	0.239
0.121	0.242	0.466	0.172
0.037	0.003	0.730	0.230
0.461	0.194	0.008	0.338
0.340	0.005	0.592	0.063
0.103	0.216	0.437	0.244
0.448	0.198	0.022	0.333
0.128	0.329	0.060	0.484
0.269	0.498	0.230	0.004
>TTGTACCTAG	17-TTGTACCTAG	10.296193	-5.256192	0	T:2.0(1.89%),B:38.9(0.10%),P:1e-2	Tpos:535.5,Tstd:298.2,Bpos:469.3,Bstd:285.9,StrandBias:-10.0,Multiplicity:3.00
0.100	0.100	0.100	0.700
0.100	0.100	0.100	0.700
0.100	0.100	0.700	0.100
0.100	0.100	0.100	0.700
0.700	0.100	0.100	0.100
0.100	0.700	0.100	0.100
0.100	0.700	0.100	0.100
0.100	0.100	0.100	0.700
0.700	0.100	0.100	0.100
0.100	0.100	0.700	0.100
>CCTCCCGATG	18-CCTCCCGATG	10.296193	-3.849595	0	T:1.0(0.94%),B:7.7(0.02%),P:1e-1	Tpos:403.4,Tstd:211.8,Bpos:510.3,Bstd:375.1,StrandBias:-10.0,Multiplicity:5.00
0.100	0.700	0.100	0.100
0.100	0.700	0.100	0.100
0.100	0.100	0.100	0.700
0.100	0.700	0.100	0.100
0.100	0.700	0.100	0.100
0.100	0.700	0.100	0.100
0.100	0.100	0.700	0.100
0.700	0.100	0.100	0.100
0.100	0.100	0.100	0.700
0.100	0.100	0.700	0.100
>CCTCCTCCAG	19-CCTCCTCCAG	13.654366	-1.815419	0	T:1.0(0.94%),B:65.4(0.17%),P:1e0	Tpos:385.4,Tstd:211.8,Bpos:516.1,Bstd:319.5,StrandBias:-10.0,Multiplicity:5.00
0.001	0.997	0.001	0.001
0.001	0.997	0.001	0.001
0.001	0.001	0.001	0.997
0.001	0.997	0.001	0.001
0.001	0.997	0.001	0.001
0.088	0.001	0.001	0.910
0.001	0.964	0.034	0.001
0.001	0.945	0.001	0.053
0.997	0.001	0.001	0.001
0.001	0.001	0.997	0.001
>AATATCCTCC	20-AATATCCTCC	10.296193	-1.815419	0	T:1.0(0.94%),B:65.3(0.17%),P:1e0	Tpos:348.4,Tstd:211.8,Bpos:498.0,Bstd:311.0,StrandBias:-10.0,Multiplicity:5.00
0.700	0.100	0.100	0.100
0.700	0.100	0.100	0.100
0.100	0.100	0.100	0.700
0.700	0.100	0.100	0.100
0.100	0.100	0.100	0.700
0.100	0.700	0.100	0.100
0.100	0.700	0.100	0.100
0.100	0.100	0.100	0.700
0.100	0.700	0.100	0.100
0.100	0.700	0.100	0.100
>CAGCTCCAGC	21-CAGCTCCAGC	10.296193	-1.546059	0	T:1.0(0.94%),B:88.2(0.22%),P:1e0	Tpos:324.8,Tstd:202.0,Bpos:431.2,Bstd:309.0,StrandBias:10.0,Multiplicity:11.00
0.100	0.700	0.100	0.100
0.700	0.100	0.100	0.100
0.100	0.100	0.700	0.100
0.100	0.700	0.100	0.100
0.100	0.100	0.100	0.700
0.100	0.700	0.100	0.100
0.100	0.700	0.100	0.100
0.700	0.100	0.100	0.100
0.100	0.100	0.700	0.100
0.100	0.700	0.100	0.100
