>CAGGAGTGGT	1-CAGGAGTGGT	10.121499	-21.741917	0	T:11.0(10.38%),B:275.2(0.70%),P:1e-9	Tpos:498.9,Tstd:248.3,Bpos:554.9,Bstd:358.7,StrandBias:0.8,Multiplicity:1.00
0.001	0.880	0.001	0.118
0.997	0.001	0.001	0.001
0.001	0.001	0.870	0.128
0.001	0.001	0.997	0.001
0.893	0.001	0.001	0.105
0.001	0.001	0.997	0.001
0.001	0.137	0.001	0.861
0.059	0.001	0.939	0.001
0.129	0.116	0.754	0.001
0.001	0.001	0.084	0.914
>GTGCTTTTGC	2-GTGCTTTTGC	9.578734	-18.513767	0	T:18.0(16.98%),B:1262.5(3.21%),P:1e-8	Tpos:578.6,Tstd:250.6,Bpos:493.4,Bstd:309.4,StrandBias:1.1,Multiplicity:1.06
0.051	0.039	0.909	0.001
0.042	0.001	0.086	0.871
0.045	0.001	0.903	0.051
0.043	0.924	0.001	0.032
0.059	0.001	0.001	0.939
0.001	0.001	0.001	0.997
0.001	0.077	0.001	0.921
0.124	0.088	0.001	0.787
0.001	0.049	0.923	0.027
0.001	0.962	0.036	0.001
>GAGACAWTCA	3-GAGACAWTCA	10.888552	-17.873803	0	T:9.0(8.49%),B:228.9(0.58%),P:1e-7	Tpos:431.6,Tstd:330.2,Bpos:463.2,Bstd:304.6,StrandBias:1.0,Multiplicity:1.00
0.001	0.001	0.997	0.001
0.997	0.001	0.001	0.001
0.001	0.001	0.997	0.001
0.997	0.001	0.001	0.001
0.001	0.997	0.001	0.001
0.855	0.001	0.143	0.001
0.472	0.001	0.001	0.526
0.001	0.135	0.001	0.863
0.134	0.864	0.001	0.001
0.997	0.001	0.001	0.001
>TTTTCCGGCC	4-TTTTCCGGCC	9.211650	-15.583904	0	T:17.0(16.04%),B:1367.7(3.47%),P:1e-6	Tpos:573.0,Tstd:247.2,Bpos:492.3,Bstd:307.2,StrandBias:0.4,Multiplicity:1.24
0.001	0.001	0.001	0.997
0.001	0.001	0.001	0.997
0.001	0.001	0.001	0.997
0.001	0.001	0.001	0.997
0.001	0.933	0.001	0.065
0.046	0.868	0.001	0.085
0.001	0.148	0.850	0.001
0.108	0.079	0.742	0.071
0.109	0.709	0.104	0.078
0.001	0.997	0.001	0.001
>GTTCATCAAA	5-GTTCATCAAA	9.192914	-14.347107	0	T:25.0(23.58%),B:3095.3(7.86%),P:1e-6	Tpos:549.2,Tstd:302.0,Bpos:488.9,Bstd:302.4,StrandBias:0.6,Multiplicity:1.12
0.095	0.033	0.871	0.001
0.043	0.044	0.066	0.847
0.001	0.001	0.049	0.949
0.040	0.893	0.042	0.025
0.974	0.001	0.001	0.024
0.001	0.037	0.001	0.961
0.001	0.965	0.001	0.033
0.859	0.068	0.072	0.001
0.929	0.001	0.001	0.069
0.844	0.073	0.082	0.001
>ACGCCTTCCG	6-ACGCCTTCCG	10.519544	-12.913658	0	T:7.0(6.60%),B:215.2(0.55%),P:1e-5	Tpos:494.8,Tstd:251.5,Bpos:514.6,Bstd:302.7,StrandBias:1.2,Multiplicity:1.43
0.902	0.001	0.001	0.096
0.001	0.867	0.131	0.001
0.001	0.109	0.889	0.001
0.095	0.903	0.001	0.001
0.001	0.910	0.001	0.088
0.001	0.001	0.001	0.997
0.001	0.001	0.001	0.997
0.001	0.717	0.001	0.281
0.001	0.997	0.001	0.001
0.001	0.001	0.911	0.087
>ASACAAAAAC	7-ASACAAAAAC	9.627455	-12.522369	0	T:37.0(34.91%),B:6511.9(16.54%),P:1e-5	Tpos:479.6,Tstd:288.1,Bpos:515.0,Bstd:300.0,StrandBias:-0.1,Multiplicity:1.38
0.997	0.001	0.001	0.001
0.001	0.504	0.447	0.048
0.997	0.001	0.001	0.001
0.248	0.605	0.001	0.146
0.867	0.001	0.131	0.001
0.861	0.005	0.133	0.001
0.911	0.087	0.001	0.001
0.997	0.001	0.001	0.001
0.997	0.001	0.001	0.001
0.067	0.834	0.019	0.080
>ACCATCTAGT	8-ACCATCTAGT	8.778272	-11.672339	0	T:12.0(11.32%),B:925.4(2.35%),P:1e-5	Tpos:427.2,Tstd:309.2,Bpos:493.6,Bstd:307.0,StrandBias:1.2,Multiplicity:1.67
0.526	0.187	0.286	0.001
0.001	0.997	0.001	0.001
0.300	0.574	0.125	0.001
0.918	0.080	0.001	0.001
0.067	0.306	0.001	0.626
0.118	0.880	0.001	0.001
0.001	0.001	0.066	0.932
0.807	0.001	0.191	0.001
0.058	0.157	0.784	0.001
0.141	0.194	0.001	0.664
>AGGACGACCA	9-AGGACGACCA	10.489433	-11.125335	0	T:7.0(6.60%),B:285.3(0.72%),P:1e-4	Tpos:598.7,Tstd:250.3,Bpos:437.9,Bstd:319.0,StrandBias:0.6,Multiplicity:1.43
0.997	0.001	0.001	0.001
0.001	0.105	0.780	0.114
0.001	0.001	0.997	0.001
0.859	0.001	0.001	0.139
0.067	0.931	0.001	0.001
0.001	0.135	0.863	0.001
0.997	0.001	0.001	0.001
0.001	0.997	0.001	0.001
0.084	0.914	0.001	0.001
0.767	0.095	0.137	0.001
>TCTATCAAAA	10-TCTATCAAAA	11.173926	-9.496037	0	T:10.0(9.43%),B:810.5(2.06%),P:1e-4	Tpos:441.0,Tstd:262.5,Bpos:496.3,Bstd:283.1,StrandBias:1.2,Multiplicity:1.30
0.001	0.001	0.001	0.997
0.001	0.997	0.001	0.001
0.001	0.001	0.001	0.997
0.997	0.001	0.001	0.001
0.001	0.001	0.001	0.997
0.001	0.997	0.001	0.001
0.888	0.001	0.001	0.110
0.997	0.001	0.001	0.001
0.910	0.001	0.001	0.088
0.888	0.110	0.001	0.001
>CGAAAAATCG	11-CGAAAAATCG	10.865912	-9.382238	0	T:12.0(11.32%),B:1174.4(2.98%),P:1e-4	Tpos:599.4,Tstd:240.3,Bpos:510.7,Bstd:298.0,StrandBias:-0.2,Multiplicity:1.42
0.001	0.997	0.001	0.001
0.001	0.001	0.917	0.081
0.997	0.001	0.001	0.001
0.801	0.001	0.086	0.112
0.997	0.001	0.001	0.001
0.997	0.001	0.001	0.001
0.997	0.001	0.001	0.001
0.001	0.146	0.067	0.786
0.001	0.997	0.001	0.001
0.001	0.001	0.997	0.001
>GTTCCCGCYT	12-GTTCCCGCYT	10.627823	-8.830133	0	T:4.0(3.77%),B:94.9(0.24%),P:1e-3	Tpos:334.9,Tstd:246.1,Bpos:516.9,Bstd:323.2,StrandBias:-1.6,Multiplicity:2.00
0.001	0.001	0.997	0.001
0.001	0.001	0.001	0.997
0.001	0.001	0.001	0.997
0.123	0.875	0.001	0.001
0.001	0.997	0.001	0.001
0.001	0.997	0.001	0.001
0.001	0.001	0.997	0.001
0.001	0.604	0.394	0.001
0.001	0.457	0.001	0.541
0.001	0.001	0.001	0.997
>GTAGCGCGTC	13-GTAGCGCGTC	12.164589	-7.857394	0	T:2.0(1.89%),B:9.4(0.02%),P:1e-3	Tpos:393.0,Tstd:226.4,Bpos:398.5,Bstd:242.6,StrandBias:10.0,Multiplicity:3.00
0.188	0.001	0.810	0.001
0.001	0.001	0.001	0.997
0.997	0.001	0.001	0.001
0.001	0.001	0.997	0.001
0.001	0.997	0.001	0.001
0.001	0.001	0.997	0.001
0.001	0.997	0.001	0.001
0.001	0.001	0.997	0.001
0.001	0.001	0.001	0.997
0.001	0.997	0.001	0.001
>CCTACATATA	14-CCTACATATA	11.715638	-7.664058	0	T:4.0(3.77%),B:129.4(0.33%),P:1e-3	Tpos:535.0,Tstd:279.5,Bpos:517.2,Bstd:252.4,StrandBias:1.6,Multiplicity:2.00
0.001	0.997	0.001	0.001
0.001	0.878	0.001	0.120
0.001	0.001	0.001	0.997
0.997	0.001	0.001	0.001
0.001	0.997	0.001	0.001
0.997	0.001	0.001	0.001
0.001	0.001	0.001	0.997
0.997	0.001	0.001	0.001
0.001	0.001	0.001	0.997
0.997	0.001	0.001	0.001
>TATAGACGAC	15-TATAGACGAC	11.744018	-7.362284	0	T:3.0(2.83%),B:59.5(0.15%),P:1e-3	Tpos:281.2,Tstd:151.9,Bpos:492.6,Bstd:295.5,StrandBias:-2.3,Multiplicity:2.00
0.001	0.001	0.001	0.997
0.997	0.001	0.001	0.001
0.001	0.001	0.001	0.997
0.997	0.001	0.001	0.001
0.001	0.001	0.997	0.001
0.789	0.209	0.001	0.001
0.001	0.842	0.001	0.156
0.001	0.001	0.997	0.001
0.997	0.001	0.001	0.001
0.001	0.997	0.001	0.001
>CBGGWGGWTC	16-CBGGWGGWTC	6.702027	-5.843493	0	T:4.0(3.77%),B:214.3(0.54%),P:1e-2	Tpos:353.8,Tstd:195.2,Bpos:432.2,Bstd:311.3,StrandBias:3.9,Multiplicity:4.00
0.134	0.849	0.016	0.001
0.118	0.260	0.383	0.239
0.121	0.242	0.466	0.172
0.037	0.003	0.730	0.230
0.461	0.194	0.008	0.338
0.340	0.005	0.592	0.063
0.103	0.216	0.437	0.244
0.448	0.198	0.022	0.333
0.128	0.329	0.060	0.484
0.269	0.498	0.230	0.004
>TTGTACCTAG	17-TTGTACCTAG	10.296193	-5.256192	0	T:2.0(1.89%),B:38.9(0.10%),P:1e-2	Tpos:535.5,Tstd:298.2,Bpos:469.3,Bstd:285.9,StrandBias:-10.0,Multiplicity:3.00
0.100	0.100	0.100	0.700
0.100	0.100	0.100	0.700
0.100	0.100	0.700	0.100
0.100	0.100	0.100	0.700
0.700	0.100	0.100	0.100
0.100	0.700	0.100	0.100
0.100	0.700	0.100	0.100
0.100	0.100	0.100	0.700
0.700	0.100	0.100	0.100
0.100	0.100	0.700	0.100
>CCTCCCGATG	18-CCTCCCGATG	10.296193	-3.849595	0	T:1.0(0.94%),B:7.7(0.02%),P:1e-1	Tpos:403.4,Tstd:211.8,Bpos:510.3,Bstd:375.1,StrandBias:-10.0,Multiplicity:5.00
0.100	0.700	0.100	0.100
0.100	0.700	0.100	0.100
0.100	0.100	0.100	0.700
0.100	0.700	0.100	0.100
0.100	0.700	0.100	0.100
0.100	0.700	0.100	0.100
0.100	0.100	0.700	0.100
0.700	0.100	0.100	0.100
0.100	0.100	0.100	0.700
0.100	0.100	0.700	0.100
>CCTCCTCCAG	19-CCTCCTCCAG	13.654366	-1.815419	0	T:1.0(0.94%),B:65.4(0.17%),P:1e0	Tpos:385.4,Tstd:211.8,Bpos:516.1,Bstd:319.5,StrandBias:-10.0,Multiplicity:5.00
0.001	0.997	0.001	0.001
0.001	0.997	0.001	0.001
0.001	0.001	0.001	0.997
0.001	0.997	0.001	0.001
0.001	0.997	0.001	0.001
0.088	0.001	0.001	0.910
0.001	0.964	0.034	0.001
0.001	0.945	0.001	0.053
0.997	0.001	0.001	0.001
0.001	0.001	0.997	0.001
>AATATCCTCC	20-AATATCCTCC	10.296193	-1.815419	0	T:1.0(0.94%),B:65.3(0.17%),P:1e0	Tpos:348.4,Tstd:211.8,Bpos:498.0,Bstd:311.0,StrandBias:-10.0,Multiplicity:5.00
0.700	0.100	0.100	0.100
0.700	0.100	0.100	0.100
0.100	0.100	0.100	0.700
0.700	0.100	0.100	0.100
0.100	0.100	0.100	0.700
0.100	0.700	0.100	0.100
0.100	0.700	0.100	0.100
0.100	0.100	0.100	0.700
0.100	0.700	0.100	0.100
0.100	0.700	0.100	0.100
>CAGCTCCAGC	21-CAGCTCCAGC	10.296193	-1.546059	0	T:1.0(0.94%),B:88.2(0.22%),P:1e0	Tpos:324.8,Tstd:202.0,Bpos:431.2,Bstd:309.0,StrandBias:10.0,Multiplicity:11.00
0.100	0.700	0.100	0.100
0.700	0.100	0.100	0.100
0.100	0.100	0.700	0.100
0.100	0.700	0.100	0.100
0.100	0.100	0.100	0.700
0.100	0.700	0.100	0.100
0.100	0.700	0.100	0.100
0.700	0.100	0.100	0.100
0.100	0.100	0.700	0.100
0.100	0.700	0.100	0.100
>ATTTTCCGGCCA	1-ATTTTCCGGCCA	10.108233	-24.794137	0	T:10.0(9.43%),B:147.2(0.37%),P:1e-10	Tpos:516.6,Tstd:228.9,Bpos:502.6,Bstd:294.7,StrandBias:0.6,Multiplicity:1.00
0.863	0.135	0.001	0.001
0.001	0.001	0.001	0.997
0.001	0.001	0.001	0.997
0.001	0.001	0.001	0.997
0.001	0.001	0.001	0.997
0.001	0.997	0.001	0.001
0.020	0.953	0.001	0.026
0.001	0.415	0.583	0.001
0.001	0.001	0.997	0.001
0.021	0.952	0.026	0.001
0.001	0.997	0.001	0.001
0.997	0.001	0.001	0.001
>CAGACCAAAAKT	2-CAGACCAAAAKT	12.461696	-23.814781	0	T:12.0(11.32%),B:295.6(0.75%),P:1e-10	Tpos:620.0,Tstd:311.2,Bpos:502.4,Bstd:290.2,StrandBias:-0.5,Multiplicity:1.00
0.181	0.817	0.001	0.001
0.997	0.001	0.001	0.001
0.079	0.099	0.821	0.001
0.799	0.001	0.001	0.199
0.060	0.561	0.001	0.378
0.001	0.872	0.126	0.001
0.997	0.001	0.001	0.001
0.997	0.001	0.001	0.001
0.997	0.001	0.001	0.001
0.854	0.001	0.079	0.066
0.079	0.001	0.483	0.437
0.001	0.001	0.001	0.997
>TAAGGCATTTTC	3-TAAGGCATTTTC	13.586312	-22.356806	0	T:7.0(6.60%),B:50.1(0.13%),P:1e-9	Tpos:391.0,Tstd:229.7,Bpos:429.6,Bstd:289.9,StrandBias:-0.4,Multiplicity:1.00
0.001	0.001	0.001	0.997
0.740	0.120	0.001	0.139
0.824	0.174	0.001	0.001
0.106	0.001	0.892	0.001
0.001	0.001	0.997	0.001
0.108	0.890	0.001	0.001
0.997	0.001	0.001	0.001
0.001	0.001	0.001	0.997
0.001	0.001	0.001	0.997
0.001	0.001	0.001	0.997
0.001	0.001	0.001	0.997
0.001	0.824	0.174	0.001
>CGGGWAGAAAVA	4-CGGGWAGAAAVA	11.179073	-20.765528	0	T:12.0(11.32%),B:389.7(0.99%),P:1e-9	Tpos:425.8,Tstd:300.8,Bpos:542.9,Bstd:305.4,StrandBias:-0.7,Multiplicity:1.08
0.072	0.715	0.116	0.097
0.143	0.001	0.855	0.001
0.350	0.001	0.558	0.091
0.001	0.001	0.997	0.001
0.522	0.001	0.001	0.476
0.782	0.001	0.001	0.216
0.066	0.291	0.642	0.001
0.997	0.001	0.001	0.001
0.827	0.001	0.171	0.001
0.997	0.001	0.001	0.001
0.313	0.395	0.291	0.001
0.997	0.001	0.001	0.001
>CCACCCTGTCTC	5-CCACCCTGTCTC	14.097197	-20.666064	0	T:5.0(4.72%),B:13.3(0.03%),P:1e-8	Tpos:540.2,Tstd:322.8,Bpos:481.6,Bstd:367.5,StrandBias:0.6,Multiplicity:1.00
0.001	0.997	0.001	0.001
0.001	0.997	0.001	0.001
0.771	0.227	0.001	0.001
0.001	0.997	0.001	0.001
0.166	0.605	0.001	0.228
0.001	0.997	0.001	0.001
0.001	0.001	0.001	0.997
0.001	0.001	0.824	0.174
0.001	0.001	0.001	0.997
0.001	0.997	0.001	0.001
0.001	0.001	0.001	0.997
0.001	0.997	0.001	0.001
>AAGAGAAACCGA	6-AAGAGAAACCGA	12.405469	-19.218304	0	T:9.0(8.49%),B:194.9(0.50%),P:1e-8	Tpos:598.1,Tstd:295.0,Bpos:541.9,Bstd:313.3,StrandBias:-3.0,Multiplicity:1.00
0.832	0.166	0.001	0.001
0.799	0.001	0.001	0.199
0.001	0.001	0.997	0.001
0.997	0.001	0.001	0.001
0.112	0.001	0.886	0.001
0.997	0.001	0.001	0.001
0.997	0.001	0.001	0.001
0.997	0.001	0.001	0.001
0.106	0.892	0.001	0.001
0.001	0.868	0.001	0.130
0.127	0.001	0.871	0.001
0.997	0.001	0.001	0.001
>TATACTGCRGGM	7-TATACTGCRGGM	10.170290	-18.699410	0	T:6.0(5.66%),B:48.7(0.12%),P:1e-8	Tpos:474.7,Tstd:321.2,Bpos:491.0,Bstd:325.0,StrandBias:-1.0,Multiplicity:1.00
0.023	0.001	0.001	0.975
0.997	0.001	0.001	0.001
0.001	0.001	0.001	0.997
0.997	0.001	0.001	0.001
0.001	0.605	0.019	0.375
0.001	0.001	0.001	0.997
0.001	0.001	0.997	0.001
0.001	0.624	0.374	0.001
0.534	0.001	0.464	0.001
0.020	0.001	0.978	0.001
0.001	0.001	0.997	0.001
0.464	0.534	0.001	0.001
>TGTCAATTTTTG	8-TGTCAATTTTTG	11.022769	-17.604970	0	T:24.0(22.64%),B:2408.7(6.12%),P:1e-7	Tpos:472.8,Tstd:261.4,Bpos:490.9,Bstd:288.6,StrandBias:-0.2,Multiplicity:1.08
0.076	0.001	0.163	0.760
0.040	0.159	0.761	0.040
0.046	0.001	0.054	0.899
0.001	0.565	0.376	0.058
0.488	0.326	0.059	0.127
0.909	0.009	0.001	0.081
0.001	0.069	0.001	0.929
0.001	0.001	0.001	0.997
0.001	0.001	0.001	0.997
0.008	0.169	0.001	0.822
0.071	0.001	0.096	0.832
0.080	0.052	0.867	0.001
>SCAAAATTATTA	9-SCAAAATTATTA	11.499121	-16.862324	0	T:17.0(16.04%),B:1248.8(3.17%),P:1e-7	Tpos:552.1,Tstd:261.5,Bpos:498.4,Bstd:279.1,StrandBias:0.7,Multiplicity:1.24
0.171	0.329	0.460	0.040
0.033	0.904	0.001	0.062
0.706	0.075	0.001	0.218
0.997	0.001	0.001	0.001
0.997	0.001	0.001	0.001
0.767	0.001	0.189	0.043
0.045	0.001	0.001	0.953
0.056	0.001	0.001	0.942
0.826	0.001	0.001	0.172
0.001	0.001	0.001	0.997
0.001	0.001	0.056	0.942
0.887	0.001	0.001	0.111
>CTCGCTTTTTTT	10-CTCGCTTTTTTT	14.418980	-15.856256	0	T:8.0(7.55%),B:207.4(0.53%),P:1e-6	Tpos:589.6,Tstd:329.1,Bpos:566.9,Bstd:313.6,StrandBias:0.7,Multiplicity:1.00
0.001	0.997	0.001	0.001
0.001	0.001	0.001	0.997
0.001	0.997	0.001	0.001
0.001	0.001	0.833	0.165
0.001	0.997	0.001	0.001
0.001	0.001	0.001	0.997
0.001	0.001	0.001	0.997
0.001	0.001	0.001	0.997
0.001	0.001	0.001	0.997
0.001	0.001	0.001	0.997
0.193	0.001	0.001	0.805
0.001	0.155	0.001	0.843
>TATGTTTACTTA	11-TATGTTTACTTA	9.639390	-15.327287	0	T:20.0(18.87%),B:1928.9(4.90%),P:1e-6	Tpos:497.5,Tstd:289.1,Bpos:523.5,Bstd:291.8,StrandBias:-0.3,Multiplicity:1.10
0.075	0.001	0.092	0.832
0.693	0.111	0.001	0.195
0.214	0.001	0.001	0.784
0.001	0.001	0.943	0.055
0.001	0.071	0.001	0.927
0.001	0.082	0.070	0.847
0.001	0.001	0.001	0.997
0.780	0.001	0.092	0.127
0.082	0.856	0.061	0.001
0.191	0.178	0.001	0.630
0.064	0.080	0.066	0.790
0.956	0.001	0.001	0.042
>CAACGCHTTTCG	12-CAACGCHTTTCG	12.627700	-12.188942	0	T:4.0(3.77%),B:38.1(0.10%),P:1e-5	Tpos:609.4,Tstd:233.5,Bpos:574.5,Bstd:279.3,StrandBias:-0.6,Multiplicity:1.25
0.001	0.971	0.015	0.013
0.997	0.001	0.001	0.001
0.997	0.001	0.001	0.001
0.001	0.997	0.001	0.001
0.001	0.001	0.709	0.289
0.001	0.997	0.001	0.001
0.289	0.382	0.001	0.327
0.001	0.327	0.001	0.671
0.001	0.001	0.001	0.997
0.001	0.340	0.001	0.658
0.001	0.671	0.327	0.001
0.001	0.001	0.997	0.001
>AATATTACTGGY	13-AATATTACTGGY	10.718620	-11.905377	0	T:6.0(5.66%),B:163.5(0.42%),P:1e-5	Tpos:475.6,Tstd:253.6,Bpos:521.3,Bstd:273.5,StrandBias:-3.2,Multiplicity:1.67
0.904	0.094	0.001	0.001
0.997	0.001	0.001	0.001
0.001	0.001	0.001	0.997
0.689	0.001	0.001	0.309
0.001	0.001	0.001	0.997
0.001	0.001	0.001	0.997
0.997	0.001	0.001	0.001
0.100	0.882	0.001	0.017
0.001	0.001	0.001	0.997
0.001	0.001	0.997	0.001
0.001	0.001	0.997	0.001
0.001	0.572	0.001	0.426
>CTATATAAASCG	14-CTATATAAASCG	12.292551	-11.483947	0	T:4.0(3.77%),B:46.3(0.12%),P:1e-4	Tpos:364.9,Tstd:300.5,Bpos:539.1,Bstd:221.8,StrandBias:2.6,Multiplicity:1.75
0.001	0.756	0.001	0.242
0.242	0.001	0.001	0.756
0.997	0.001	0.001	0.001
0.262	0.001	0.001	0.736
0.997	0.001	0.001	0.001
0.001	0.001	0.001	0.997
0.756	0.001	0.001	0.242
0.997	0.001	0.001	0.001
0.997	0.001	0.001	0.001
0.001	0.463	0.535	0.001
0.243	0.555	0.001	0.201
0.001	0.001	0.997	0.001
>TGTTTTTTTATG	15-TGTTTTTTTATG	13.352789	-11.191817	0	T:7.0(6.60%),B:282.4(0.72%),P:1e-4	Tpos:373.1,Tstd:310.3,Bpos:506.5,Bstd:271.7,StrandBias:1.2,Multiplicity:1.43
0.001	0.001	0.001	0.997
0.001	0.001	0.903	0.095
0.001	0.001	0.001	0.997
0.001	0.001	0.001	0.997
0.120	0.001	0.001	0.878
0.001	0.001	0.001	0.997
0.001	0.001	0.001	0.997
0.001	0.001	0.001	0.997
0.001	0.001	0.001	0.997
0.619	0.001	0.379	0.001
0.090	0.001	0.001	0.908
0.086	0.114	0.799	0.001
>GGAATTCAAGAC	16-GGAATTCAAGAC	12.600744	-10.754089	0	T:6.0(5.66%),B:202.0(0.51%),P:1e-4	Tpos:463.9,Tstd:257.0,Bpos:444.3,Bstd:285.7,StrandBias:2.0,Multiplicity:1.67
0.001	0.001	0.997	0.001
0.001	0.001	0.997	0.001
0.997	0.001	0.001	0.001
0.997	0.001	0.001	0.001
0.001	0.001	0.001	0.997
0.001	0.309	0.001	0.689
0.001	0.997	0.001	0.001
0.997	0.001	0.001	0.001
0.884	0.001	0.114	0.001
0.216	0.001	0.782	0.001
0.997	0.001	0.001	0.001
0.295	0.703	0.001	0.001
>CCTGTARYGCGT	17-CCTGTARYGCGT	14.132544	-10.752060	0	T:2.0(1.89%),B:1.4(0.00%),P:1e-4	Tpos:500.3,Tstd:281.6,Bpos:172.0,Bstd:10.7,StrandBias:10.0,Multiplicity:3.00
0.374	0.624	0.001	0.001
0.001	0.997	0.001	0.001
0.001	0.001	0.001	0.997
0.001	0.001	0.997	0.001
0.001	0.001	0.001	0.997
0.997	0.001	0.001	0.001
0.534	0.001	0.464	0.001
0.001	0.464	0.001	0.534
0.374	0.001	0.624	0.001
0.001	0.997	0.001	0.001
0.001	0.001	0.997	0.001
0.001	0.001	0.001	0.997
>GCTGGWGCTGGA	18-GCTGGWGCTGGA	9.829697	-9.408041	0	T:7.0(6.60%),B:376.8(0.96%),P:1e-4	Tpos:347.0,Tstd:217.9,Bpos:454.5,Bstd:332.3,StrandBias:-3.4,Multiplicity:3.14
0.098	0.001	0.823	0.078
0.409	0.589	0.001	0.001
0.001	0.097	0.001	0.901
0.106	0.084	0.809	0.001
0.001	0.001	0.997	0.001
0.492	0.098	0.001	0.409
0.001	0.001	0.997	0.001
0.001	0.893	0.105	0.001
0.097	0.001	0.001	0.901
0.001	0.084	0.625	0.290
0.001	0.001	0.997	0.001
0.997	0.001	0.001	0.001
>TGTTTTGATAGA	19-TGTTTTGATAGA	12.355432	-9.063781	0	T:3.0(2.83%),B:32.6(0.08%),P:1e-3	Tpos:435.0,Tstd:158.8,Bpos:361.0,Bstd:250.1,StrandBias:-1.0,Multiplicity:2.00
0.100	0.100	0.100	0.700
0.100	0.100	0.700	0.100
0.100	0.100	0.100	0.700
0.100	0.100	0.100	0.700
0.100	0.100	0.100	0.700
0.100	0.100	0.100	0.700
0.100	0.100	0.700	0.100
0.700	0.100	0.100	0.100
0.100	0.100	0.100	0.700
0.700	0.100	0.100	0.100
0.100	0.100	0.700	0.100
0.700	0.100	0.100	0.100
>GAGGWTCDTCBG	20-GAGGWTCDTCBG	6.379784	-8.516947	0	T:30.0(28.30%),B:5733.3(14.57%),P:1e-3	Tpos:432.7,Tstd:273.5,Bpos:487.1,Bstd:317.5,StrandBias:1.3,Multiplicity:2.13
0.136	0.069	0.794	0.001
0.544	0.255	0.134	0.067
0.121	0.001	0.877	0.001
0.001	0.001	0.932	0.066
0.464	0.134	0.067	0.335
0.067	0.001	0.067	0.865
0.205	0.793	0.001	0.001
0.199	0.189	0.270	0.343
0.072	0.201	0.266	0.461
0.200	0.797	0.001	0.002
0.001	0.263	0.404	0.332
0.066	0.001	0.932	0.001
>AAAATCGAAAAT	21-AAAATCGAAAAT	12.598302	-7.379407	0	T:14.0(13.21%),B:1904.1(4.84%),P:1e-3	Tpos:609.0,Tstd:236.3,Bpos:498.4,Bstd:292.1,StrandBias:-0.3,Multiplicity:1.79
0.924	0.001	0.001	0.074
0.997	0.001	0.001	0.001
0.935	0.001	0.001	0.063
0.997	0.001	0.001	0.001
0.042	0.050	0.001	0.907
0.027	0.871	0.084	0.018
0.010	0.039	0.914	0.037
0.947	0.001	0.051	0.001
0.985	0.001	0.001	0.013
0.997	0.001	0.001	0.001
0.914	0.001	0.001	0.084
0.217	0.059	0.001	0.723
>CATATACCTGTT	22-CATATACCTGTT	12.355432	-5.919730	0	T:1.0(0.94%),B:0.6(0.00%),P:1e-2	Tpos:383.0,Tstd:237.6,Bpos:93.0,Bstd:0.0,StrandBias:10.0,Multiplicity:5.00
0.100	0.700	0.100	0.100
0.700	0.100	0.100	0.100
0.100	0.100	0.100	0.700
0.700	0.100	0.100	0.100
0.100	0.100	0.100	0.700
0.700	0.100	0.100	0.100
0.100	0.700	0.100	0.100
0.100	0.700	0.100	0.100
0.100	0.100	0.100	0.700
0.100	0.100	0.700	0.100
0.100	0.100	0.100	0.700
0.100	0.100	0.100	0.700
>GGATATCTAGGT	23-GGATATCTAGGT	12.355432	-5.227914	0	T:1.0(0.94%),B:1.0(0.00%),P:1e-2	Tpos:440.0,Tstd:237.6,Bpos:282.0,Bstd:0.0,StrandBias:10.0,Multiplicity:5.00
0.100	0.100	0.700	0.100
0.100	0.100	0.700	0.100
0.700	0.100	0.100	0.100
0.100	0.100	0.100	0.700
0.700	0.100	0.100	0.100
0.100	0.100	0.100	0.700
0.100	0.700	0.100	0.100
0.100	0.100	0.100	0.700
0.700	0.100	0.100	0.100
0.100	0.100	0.700	0.100
0.100	0.100	0.700	0.100
0.100	0.100	0.100	0.700
>ATTCTAGATTGT	24-ATTCTAGATTGT	12.355432	-4.537428	0	T:1.0(0.94%),B:4.0(0.01%),P:1e-1	Tpos:478.0,Tstd:237.6,Bpos:623.3,Bstd:157.8,StrandBias:-10.0,Multiplicity:5.00
0.700	0.100	0.100	0.100
0.100	0.100	0.100	0.700
0.100	0.100	0.100	0.700
0.100	0.700	0.100	0.100
0.100	0.100	0.100	0.700
0.700	0.100	0.100	0.100
0.100	0.100	0.700	0.100
0.700	0.100	0.100	0.100
0.100	0.100	0.100	0.700
0.100	0.100	0.100	0.700
0.100	0.100	0.700	0.100
0.100	0.100	0.100	0.700
>CGCCTCCTCCAG	25-CGCCTCCTCCAG	12.355432	-4.134621	0	T:1.0(0.94%),B:5.0(0.01%),P:1e-1	Tpos:386.4,Tstd:211.8,Bpos:517.8,Bstd:219.0,StrandBias:-10.0,Multiplicity:5.00
0.100	0.700	0.100	0.100
0.100	0.100	0.700	0.100
0.100	0.700	0.100	0.100
0.100	0.700	0.100	0.100
0.100	0.100	0.100	0.700
0.100	0.700	0.100	0.100
0.100	0.700	0.100	0.100
0.100	0.100	0.100	0.700
0.100	0.700	0.100	0.100
0.100	0.700	0.100	0.100
0.700	0.100	0.100	0.100
0.100	0.100	0.700	0.100
>TATGTAGG	1-TATGTAGG	8.392006	-13.445593	0	T:21.0(19.81%),B:2382.2(6.05%),P:1e-5	Tpos:462.0,Tstd:261.2,Bpos:525.1,Bstd:303.2,StrandBias:0.0,Multiplicity:1.43
0.078	0.001	0.001	0.920
0.997	0.001	0.001	0.001
0.040	0.001	0.001	0.958
0.001	0.294	0.704	0.001
0.001	0.001	0.001	0.997
0.871	0.001	0.127	0.001
0.136	0.001	0.862	0.001
0.001	0.001	0.997	0.001
>CCACCTAG	2-CCACCTAG	7.474942	-10.880608	0	T:25.0(23.58%),B:3767.3(9.57%),P:1e-4	Tpos:403.8,Tstd:269.6,Bpos:501.8,Bstd:326.4,StrandBias:0.3,Multiplicity:1.20
0.001	0.700	0.001	0.298
0.092	0.906	0.001	0.001
0.846	0.152	0.001	0.001
0.001	0.898	0.001	0.100
0.098	0.900	0.001	0.001
0.001	0.122	0.165	0.712
0.997	0.001	0.001	0.001
0.001	0.001	0.886	0.112
>GCTCCAGC	3-GCTCCAGC	4.583672	-4.259556	0	T:20.0(18.87%),B:4423.5(11.24%),P:1e-1	Tpos:407.2,Tstd:261.9,Bpos:474.8,Bstd:320.3,StrandBias:0.7,Multiplicity:2.11
0.001	0.246	0.752	0.001
0.001	0.997	0.001	0.001
0.001	0.001	0.001	0.997
0.001	0.997	0.001	0.001
0.001	0.929	0.042	0.028
0.997	0.001	0.001	0.001
0.001	0.001	0.997	0.001
0.072	0.926	0.001	0.001
>ACGCGSTA	4-ACGCGSTA	8.164939	-4.082609	0	T:6.0(5.66%),B:754.0(1.92%),P:1e-1	Tpos:375.4,Tstd:277.9,Bpos:500.7,Bstd:321.8,StrandBias:0.4,Multiplicity:2.33
0.875	0.070	0.001	0.054
0.293	0.515	0.191	0.001
0.001	0.053	0.945	0.001
0.001	0.909	0.032	0.058
0.069	0.001	0.929	0.001
0.001	0.402	0.481	0.117
0.001	0.108	0.101	0.790
0.690	0.139	0.117	0.054
>GGAGGATC	5-GGAGGATC	3.796402	-1.104137	0	T:13.0(12.26%),B:4168.1(10.59%),P:1e0	Tpos:410.3,Tstd:248.0,Bpos:485.5,Bstd:318.7,StrandBias:2.5,Multiplicity:3.08
0.001	0.001	0.997	0.001
0.001	0.001	0.997	0.001
0.997	0.001	0.001	0.001
0.001	0.001	0.997	0.001
0.001	0.001	0.997	0.001
0.860	0.001	0.001	0.138
0.001	0.001	0.001	0.997
0.306	0.692	0.001	0.001
