>ATTTTCCGGCCA	1-ATTTTCCGGCCA	10.108233	-24.794137	0	T:10.0(9.43%),B:147.2(0.37%),P:1e-10	Tpos:516.6,Tstd:228.9,Bpos:502.6,Bstd:294.7,StrandBias:0.6,Multiplicity:1.00
0.863	0.135	0.001	0.001
0.001	0.001	0.001	0.997
0.001	0.001	0.001	0.997
0.001	0.001	0.001	0.997
0.001	0.001	0.001	0.997
0.001	0.997	0.001	0.001
0.020	0.953	0.001	0.026
0.001	0.415	0.583	0.001
0.001	0.001	0.997	0.001
0.021	0.952	0.026	0.001
0.001	0.997	0.001	0.001
0.997	0.001	0.001	0.001
>CAGACCAAAAKT	2-CAGACCAAAAKT	12.461696	-23.814781	0	T:12.0(11.32%),B:295.6(0.75%),P:1e-10	Tpos:620.0,Tstd:311.2,Bpos:502.4,Bstd:290.2,StrandBias:-0.5,Multiplicity:1.00
0.181	0.817	0.001	0.001
0.997	0.001	0.001	0.001
0.079	0.099	0.821	0.001
0.799	0.001	0.001	0.199
0.060	0.561	0.001	0.378
0.001	0.872	0.126	0.001
0.997	0.001	0.001	0.001
0.997	0.001	0.001	0.001
0.997	0.001	0.001	0.001
0.854	0.001	0.079	0.066
0.079	0.001	0.483	0.437
0.001	0.001	0.001	0.997
>TAAGGCATTTTC	3-TAAGGCATTTTC	13.586312	-22.356806	0	T:7.0(6.60%),B:50.1(0.13%),P:1e-9	Tpos:391.0,Tstd:229.7,Bpos:429.6,Bstd:289.9,StrandBias:-0.4,Multiplicity:1.00
0.001	0.001	0.001	0.997
0.740	0.120	0.001	0.139
0.824	0.174	0.001	0.001
0.106	0.001	0.892	0.001
0.001	0.001	0.997	0.001
0.108	0.890	0.001	0.001
0.997	0.001	0.001	0.001
0.001	0.001	0.001	0.997
0.001	0.001	0.001	0.997
0.001	0.001	0.001	0.997
0.001	0.001	0.001	0.997
0.001	0.824	0.174	0.001
>CGGGWAGAAAVA	4-CGGGWAGAAAVA	11.179073	-20.765528	0	T:12.0(11.32%),B:389.7(0.99%),P:1e-9	Tpos:425.8,Tstd:300.8,Bpos:542.9,Bstd:305.4,StrandBias:-0.7,Multiplicity:1.08
0.072	0.715	0.116	0.097
0.143	0.001	0.855	0.001
0.350	0.001	0.558	0.091
0.001	0.001	0.997	0.001
0.522	0.001	0.001	0.476
0.782	0.001	0.001	0.216
0.066	0.291	0.642	0.001
0.997	0.001	0.001	0.001
0.827	0.001	0.171	0.001
0.997	0.001	0.001	0.001
0.313	0.395	0.291	0.001
0.997	0.001	0.001	0.001
>CCACCCTGTCTC	5-CCACCCTGTCTC	14.097197	-20.666064	0	T:5.0(4.72%),B:13.3(0.03%),P:1e-8	Tpos:540.2,Tstd:322.8,Bpos:481.6,Bstd:367.5,StrandBias:0.6,Multiplicity:1.00
0.001	0.997	0.001	0.001
0.001	0.997	0.001	0.001
0.771	0.227	0.001	0.001
0.001	0.997	0.001	0.001
0.166	0.605	0.001	0.228
0.001	0.997	0.001	0.001
0.001	0.001	0.001	0.997
0.001	0.001	0.824	0.174
0.001	0.001	0.001	0.997
0.001	0.997	0.001	0.001
0.001	0.001	0.001	0.997
0.001	0.997	0.001	0.001
>AAGAGAAACCGA	6-AAGAGAAACCGA	12.405469	-19.218304	0	T:9.0(8.49%),B:194.9(0.50%),P:1e-8	Tpos:598.1,Tstd:295.0,Bpos:541.9,Bstd:313.3,StrandBias:-3.0,Multiplicity:1.00
0.832	0.166	0.001	0.001
0.799	0.001	0.001	0.199
0.001	0.001	0.997	0.001
0.997	0.001	0.001	0.001
0.112	0.001	0.886	0.001
0.997	0.001	0.001	0.001
0.997	0.001	0.001	0.001
0.997	0.001	0.001	0.001
0.106	0.892	0.001	0.001
0.001	0.868	0.001	0.130
0.127	0.001	0.871	0.001
0.997	0.001	0.001	0.001
>TATACTGCRGGM	7-TATACTGCRGGM	10.170290	-18.699410	0	T:6.0(5.66%),B:48.7(0.12%),P:1e-8	Tpos:474.7,Tstd:321.2,Bpos:491.0,Bstd:325.0,StrandBias:-1.0,Multiplicity:1.00
0.023	0.001	0.001	0.975
0.997	0.001	0.001	0.001
0.001	0.001	0.001	0.997
0.997	0.001	0.001	0.001
0.001	0.605	0.019	0.375
0.001	0.001	0.001	0.997
0.001	0.001	0.997	0.001
0.001	0.624	0.374	0.001
0.534	0.001	0.464	0.001
0.020	0.001	0.978	0.001
0.001	0.001	0.997	0.001
0.464	0.534	0.001	0.001
>TGTCAATTTTTG	8-TGTCAATTTTTG	11.022769	-17.604970	0	T:24.0(22.64%),B:2408.7(6.12%),P:1e-7	Tpos:472.8,Tstd:261.4,Bpos:490.9,Bstd:288.6,StrandBias:-0.2,Multiplicity:1.08
0.076	0.001	0.163	0.760
0.040	0.159	0.761	0.040
0.046	0.001	0.054	0.899
0.001	0.565	0.376	0.058
0.488	0.326	0.059	0.127
0.909	0.009	0.001	0.081
0.001	0.069	0.001	0.929
0.001	0.001	0.001	0.997
0.001	0.001	0.001	0.997
0.008	0.169	0.001	0.822
0.071	0.001	0.096	0.832
0.080	0.052	0.867	0.001
>SCAAAATTATTA	9-SCAAAATTATTA	11.499121	-16.862324	0	T:17.0(16.04%),B:1248.8(3.17%),P:1e-7	Tpos:552.1,Tstd:261.5,Bpos:498.4,Bstd:279.1,StrandBias:0.7,Multiplicity:1.24
0.171	0.329	0.460	0.040
0.033	0.904	0.001	0.062
0.706	0.075	0.001	0.218
0.997	0.001	0.001	0.001
0.997	0.001	0.001	0.001
0.767	0.001	0.189	0.043
0.045	0.001	0.001	0.953
0.056	0.001	0.001	0.942
0.826	0.001	0.001	0.172
0.001	0.001	0.001	0.997
0.001	0.001	0.056	0.942
0.887	0.001	0.001	0.111
>CTCGCTTTTTTT	10-CTCGCTTTTTTT	14.418980	-15.856256	0	T:8.0(7.55%),B:207.4(0.53%),P:1e-6	Tpos:589.6,Tstd:329.1,Bpos:566.9,Bstd:313.6,StrandBias:0.7,Multiplicity:1.00
0.001	0.997	0.001	0.001
0.001	0.001	0.001	0.997
0.001	0.997	0.001	0.001
0.001	0.001	0.833	0.165
0.001	0.997	0.001	0.001
0.001	0.001	0.001	0.997
0.001	0.001	0.001	0.997
0.001	0.001	0.001	0.997
0.001	0.001	0.001	0.997
0.001	0.001	0.001	0.997
0.193	0.001	0.001	0.805
0.001	0.155	0.001	0.843
>TATGTTTACTTA	11-TATGTTTACTTA	9.639390	-15.327287	0	T:20.0(18.87%),B:1928.9(4.90%),P:1e-6	Tpos:497.5,Tstd:289.1,Bpos:523.5,Bstd:291.8,StrandBias:-0.3,Multiplicity:1.10
0.075	0.001	0.092	0.832
0.693	0.111	0.001	0.195
0.214	0.001	0.001	0.784
0.001	0.001	0.943	0.055
0.001	0.071	0.001	0.927
0.001	0.082	0.070	0.847
0.001	0.001	0.001	0.997
0.780	0.001	0.092	0.127
0.082	0.856	0.061	0.001
0.191	0.178	0.001	0.630
0.064	0.080	0.066	0.790
0.956	0.001	0.001	0.042
>CAACGCHTTTCG	12-CAACGCHTTTCG	12.627700	-12.188942	0	T:4.0(3.77%),B:38.1(0.10%),P:1e-5	Tpos:609.4,Tstd:233.5,Bpos:574.5,Bstd:279.3,StrandBias:-0.6,Multiplicity:1.25
0.001	0.971	0.015	0.013
0.997	0.001	0.001	0.001
0.997	0.001	0.001	0.001
0.001	0.997	0.001	0.001
0.001	0.001	0.709	0.289
0.001	0.997	0.001	0.001
0.289	0.382	0.001	0.327
0.001	0.327	0.001	0.671
0.001	0.001	0.001	0.997
0.001	0.340	0.001	0.658
0.001	0.671	0.327	0.001
0.001	0.001	0.997	0.001
>AATATTACTGGY	13-AATATTACTGGY	10.718620	-11.905377	0	T:6.0(5.66%),B:163.5(0.42%),P:1e-5	Tpos:475.6,Tstd:253.6,Bpos:521.3,Bstd:273.5,StrandBias:-3.2,Multiplicity:1.67
0.904	0.094	0.001	0.001
0.997	0.001	0.001	0.001
0.001	0.001	0.001	0.997
0.689	0.001	0.001	0.309
0.001	0.001	0.001	0.997
0.001	0.001	0.001	0.997
0.997	0.001	0.001	0.001
0.100	0.882	0.001	0.017
0.001	0.001	0.001	0.997
0.001	0.001	0.997	0.001
0.001	0.001	0.997	0.001
0.001	0.572	0.001	0.426
>CTATATAAASCG	14-CTATATAAASCG	12.292551	-11.483947	0	T:4.0(3.77%),B:46.3(0.12%),P:1e-4	Tpos:364.9,Tstd:300.5,Bpos:539.1,Bstd:221.8,StrandBias:2.6,Multiplicity:1.75
0.001	0.756	0.001	0.242
0.242	0.001	0.001	0.756
0.997	0.001	0.001	0.001
0.262	0.001	0.001	0.736
0.997	0.001	0.001	0.001
0.001	0.001	0.001	0.997
0.756	0.001	0.001	0.242
0.997	0.001	0.001	0.001
0.997	0.001	0.001	0.001
0.001	0.463	0.535	0.001
0.243	0.555	0.001	0.201
0.001	0.001	0.997	0.001
>TGTTTTTTTATG	15-TGTTTTTTTATG	13.352789	-11.191817	0	T:7.0(6.60%),B:282.4(0.72%),P:1e-4	Tpos:373.1,Tstd:310.3,Bpos:506.5,Bstd:271.7,StrandBias:1.2,Multiplicity:1.43
0.001	0.001	0.001	0.997
0.001	0.001	0.903	0.095
0.001	0.001	0.001	0.997
0.001	0.001	0.001	0.997
0.120	0.001	0.001	0.878
0.001	0.001	0.001	0.997
0.001	0.001	0.001	0.997
0.001	0.001	0.001	0.997
0.001	0.001	0.001	0.997
0.619	0.001	0.379	0.001
0.090	0.001	0.001	0.908
0.086	0.114	0.799	0.001
>GGAATTCAAGAC	16-GGAATTCAAGAC	12.600744	-10.754089	0	T:6.0(5.66%),B:202.0(0.51%),P:1e-4	Tpos:463.9,Tstd:257.0,Bpos:444.3,Bstd:285.7,StrandBias:2.0,Multiplicity:1.67
0.001	0.001	0.997	0.001
0.001	0.001	0.997	0.001
0.997	0.001	0.001	0.001
0.997	0.001	0.001	0.001
0.001	0.001	0.001	0.997
0.001	0.309	0.001	0.689
0.001	0.997	0.001	0.001
0.997	0.001	0.001	0.001
0.884	0.001	0.114	0.001
0.216	0.001	0.782	0.001
0.997	0.001	0.001	0.001
0.295	0.703	0.001	0.001
>CCTGTARYGCGT	17-CCTGTARYGCGT	14.132544	-10.752060	0	T:2.0(1.89%),B:1.4(0.00%),P:1e-4	Tpos:500.3,Tstd:281.6,Bpos:172.0,Bstd:10.7,StrandBias:10.0,Multiplicity:3.00
0.374	0.624	0.001	0.001
0.001	0.997	0.001	0.001
0.001	0.001	0.001	0.997
0.001	0.001	0.997	0.001
0.001	0.001	0.001	0.997
0.997	0.001	0.001	0.001
0.534	0.001	0.464	0.001
0.001	0.464	0.001	0.534
0.374	0.001	0.624	0.001
0.001	0.997	0.001	0.001
0.001	0.001	0.997	0.001
0.001	0.001	0.001	0.997
>GCTGGWGCTGGA	18-GCTGGWGCTGGA	9.829697	-9.408041	0	T:7.0(6.60%),B:376.8(0.96%),P:1e-4	Tpos:347.0,Tstd:217.9,Bpos:454.5,Bstd:332.3,StrandBias:-3.4,Multiplicity:3.14
0.098	0.001	0.823	0.078
0.409	0.589	0.001	0.001
0.001	0.097	0.001	0.901
0.106	0.084	0.809	0.001
0.001	0.001	0.997	0.001
0.492	0.098	0.001	0.409
0.001	0.001	0.997	0.001
0.001	0.893	0.105	0.001
0.097	0.001	0.001	0.901
0.001	0.084	0.625	0.290
0.001	0.001	0.997	0.001
0.997	0.001	0.001	0.001
>TGTTTTGATAGA	19-TGTTTTGATAGA	12.355432	-9.063781	0	T:3.0(2.83%),B:32.6(0.08%),P:1e-3	Tpos:435.0,Tstd:158.8,Bpos:361.0,Bstd:250.1,StrandBias:-1.0,Multiplicity:2.00
0.100	0.100	0.100	0.700
0.100	0.100	0.700	0.100
0.100	0.100	0.100	0.700
0.100	0.100	0.100	0.700
0.100	0.100	0.100	0.700
0.100	0.100	0.100	0.700
0.100	0.100	0.700	0.100
0.700	0.100	0.100	0.100
0.100	0.100	0.100	0.700
0.700	0.100	0.100	0.100
0.100	0.100	0.700	0.100
0.700	0.100	0.100	0.100
>GAGGWTCDTCBG	20-GAGGWTCDTCBG	6.379784	-8.516947	0	T:30.0(28.30%),B:5733.3(14.57%),P:1e-3	Tpos:432.7,Tstd:273.5,Bpos:487.1,Bstd:317.5,StrandBias:1.3,Multiplicity:2.13
0.136	0.069	0.794	0.001
0.544	0.255	0.134	0.067
0.121	0.001	0.877	0.001
0.001	0.001	0.932	0.066
0.464	0.134	0.067	0.335
0.067	0.001	0.067	0.865
0.205	0.793	0.001	0.001
0.199	0.189	0.270	0.343
0.072	0.201	0.266	0.461
0.200	0.797	0.001	0.002
0.001	0.263	0.404	0.332
0.066	0.001	0.932	0.001
>AAAATCGAAAAT	21-AAAATCGAAAAT	12.598302	-7.379407	0	T:14.0(13.21%),B:1904.1(4.84%),P:1e-3	Tpos:609.0,Tstd:236.3,Bpos:498.4,Bstd:292.1,StrandBias:-0.3,Multiplicity:1.79
0.924	0.001	0.001	0.074
0.997	0.001	0.001	0.001
0.935	0.001	0.001	0.063
0.997	0.001	0.001	0.001
0.042	0.050	0.001	0.907
0.027	0.871	0.084	0.018
0.010	0.039	0.914	0.037
0.947	0.001	0.051	0.001
0.985	0.001	0.001	0.013
0.997	0.001	0.001	0.001
0.914	0.001	0.001	0.084
0.217	0.059	0.001	0.723
>CATATACCTGTT	22-CATATACCTGTT	12.355432	-5.919730	0	T:1.0(0.94%),B:0.6(0.00%),P:1e-2	Tpos:383.0,Tstd:237.6,Bpos:93.0,Bstd:0.0,StrandBias:10.0,Multiplicity:5.00
0.100	0.700	0.100	0.100
0.700	0.100	0.100	0.100
0.100	0.100	0.100	0.700
0.700	0.100	0.100	0.100
0.100	0.100	0.100	0.700
0.700	0.100	0.100	0.100
0.100	0.700	0.100	0.100
0.100	0.700	0.100	0.100
0.100	0.100	0.100	0.700
0.100	0.100	0.700	0.100
0.100	0.100	0.100	0.700
0.100	0.100	0.100	0.700
>GGATATCTAGGT	23-GGATATCTAGGT	12.355432	-5.227914	0	T:1.0(0.94%),B:1.0(0.00%),P:1e-2	Tpos:440.0,Tstd:237.6,Bpos:282.0,Bstd:0.0,StrandBias:10.0,Multiplicity:5.00
0.100	0.100	0.700	0.100
0.100	0.100	0.700	0.100
0.700	0.100	0.100	0.100
0.100	0.100	0.100	0.700
0.700	0.100	0.100	0.100
0.100	0.100	0.100	0.700
0.100	0.700	0.100	0.100
0.100	0.100	0.100	0.700
0.700	0.100	0.100	0.100
0.100	0.100	0.700	0.100
0.100	0.100	0.700	0.100
0.100	0.100	0.100	0.700
>ATTCTAGATTGT	24-ATTCTAGATTGT	12.355432	-4.537428	0	T:1.0(0.94%),B:4.0(0.01%),P:1e-1	Tpos:478.0,Tstd:237.6,Bpos:623.3,Bstd:157.8,StrandBias:-10.0,Multiplicity:5.00
0.700	0.100	0.100	0.100
0.100	0.100	0.100	0.700
0.100	0.100	0.100	0.700
0.100	0.700	0.100	0.100
0.100	0.100	0.100	0.700
0.700	0.100	0.100	0.100
0.100	0.100	0.700	0.100
0.700	0.100	0.100	0.100
0.100	0.100	0.100	0.700
0.100	0.100	0.100	0.700
0.100	0.100	0.700	0.100
0.100	0.100	0.100	0.700
>CGCCTCCTCCAG	25-CGCCTCCTCCAG	12.355432	-4.134621	0	T:1.0(0.94%),B:5.0(0.01%),P:1e-1	Tpos:386.4,Tstd:211.8,Bpos:517.8,Bstd:219.0,StrandBias:-10.0,Multiplicity:5.00
0.100	0.700	0.100	0.100
0.100	0.100	0.700	0.100
0.100	0.700	0.100	0.100
0.100	0.700	0.100	0.100
0.100	0.100	0.100	0.700
0.100	0.700	0.100	0.100
0.100	0.700	0.100	0.100
0.100	0.100	0.100	0.700
0.100	0.700	0.100	0.100
0.100	0.700	0.100	0.100
0.700	0.100	0.100	0.100
0.100	0.100	0.700	0.100
