>TTTCGAAATT	1-TTTCGAAATT	10.199090	-30.288434	0	T:79.0(29.92%),B:5059.2(12.47%),P:1e-13	Tpos:538.0,Tstd:287.5,Bpos:509.0,Bstd:290.4,StrandBias:0.8,Multiplicity:1.14
0.001	0.071	0.002	0.926
0.063	0.001	0.003	0.933
0.035	0.001	0.090	0.874
0.026	0.951	0.022	0.001
0.001	0.034	0.952	0.013
0.864	0.037	0.034	0.065
0.997	0.001	0.001	0.001
0.968	0.001	0.030	0.001
0.104	0.014	0.016	0.866
0.068	0.096	0.067	0.769
>GTMMATSCTV	2-GTMMATSCTV	6.509327	-24.958373	0	T:20.0(7.58%),B:421.6(1.04%),P:1e-10	Tpos:493.7,Tstd:259.2,Bpos:505.3,Bstd:285.2,StrandBias:0.9,Multiplicity:1.00
0.013	0.209	0.766	0.012
0.128	0.213	0.168	0.492
0.438	0.384	0.022	0.157
0.401	0.354	0.021	0.224
0.629	0.022	0.014	0.335
0.012	0.011	0.372	0.605
0.132	0.346	0.393	0.129
0.121	0.474	0.299	0.106
0.122	0.146	0.245	0.487
0.287	0.345	0.363	0.006
>GCTAGCTCCG	3-GCTAGCTCCG	10.554081	-23.909467	0	T:13.0(4.92%),B:145.3(0.36%),P:1e-10	Tpos:425.5,Tstd:267.2,Bpos:446.6,Bstd:278.3,StrandBias:0.7,Multiplicity:1.00
0.142	0.001	0.640	0.217
0.093	0.905	0.001	0.001
0.001	0.001	0.089	0.909
0.854	0.001	0.001	0.144
0.001	0.001	0.997	0.001
0.001	0.997	0.001	0.001
0.001	0.001	0.001	0.997
0.001	0.997	0.001	0.001
0.001	0.843	0.001	0.155
0.001	0.001	0.997	0.001
>TGTGCGCAGT	4-TGTGCGCAGT	8.452517	-23.804537	0	T:24.0(9.09%),B:678.3(1.67%),P:1e-10	Tpos:510.5,Tstd:287.6,Bpos:508.4,Bstd:300.5,StrandBias:-0.5,Multiplicity:1.00
0.001	0.001	0.001	0.997
0.001	0.001	0.997	0.001
0.001	0.001	0.001	0.997
0.001	0.062	0.874	0.063
0.044	0.880	0.075	0.001
0.052	0.001	0.946	0.001
0.001	0.902	0.096	0.001
0.742	0.099	0.001	0.158
0.055	0.001	0.900	0.044
0.001	0.093	0.001	0.905
>GGTGCTACAC	5-GGTGCTACAC	9.365973	-23.202190	0	T:18.0(6.82%),B:365.0(0.90%),P:1e-10	Tpos:468.9,Tstd:246.5,Bpos:512.2,Bstd:337.3,StrandBias:0.0,Multiplicity:1.00
0.001	0.001	0.997	0.001
0.272	0.001	0.726	0.001
0.001	0.285	0.001	0.713
0.217	0.001	0.781	0.001
0.001	0.997	0.001	0.001
0.001	0.001	0.001	0.997
0.997	0.001	0.001	0.001
0.154	0.543	0.302	0.001
0.890	0.001	0.108	0.001
0.001	0.997	0.001	0.001
>GTTCGTCCCC	6-GTTCGTCCCC	10.572142	-21.155589	0	T:11.0(4.17%),B:114.7(0.28%),P:1e-9	Tpos:584.7,Tstd:226.6,Bpos:583.8,Bstd:314.1,StrandBias:0.5,Multiplicity:1.09
0.001	0.001	0.799	0.199
0.001	0.001	0.001	0.997
0.001	0.326	0.001	0.672
0.001	0.982	0.016	0.001
0.001	0.001	0.997	0.001
0.001	0.335	0.001	0.663
0.094	0.904	0.001	0.001
0.001	0.864	0.001	0.134
0.111	0.887	0.001	0.001
0.001	0.997	0.001	0.001
>TATTAAACGT	7-TATTAAACGT	9.226859	-20.046308	0	T:38.0(14.39%),B:1934.5(4.77%),P:1e-8	Tpos:532.4,Tstd:270.0,Bpos:499.4,Bstd:300.0,StrandBias:0.1,Multiplicity:1.05
0.001	0.039	0.001	0.959
0.873	0.001	0.032	0.094
0.021	0.001	0.032	0.946
0.001	0.166	0.160	0.673
0.894	0.104	0.001	0.001
0.927	0.043	0.001	0.029
0.942	0.001	0.056	0.001
0.038	0.921	0.023	0.018
0.040	0.025	0.934	0.001
0.022	0.033	0.001	0.944
>TCTCATTTHT	8-TCTCATTTHT	9.620794	-19.418161	0	T:50.0(18.94%),B:3122.2(7.70%),P:1e-8	Tpos:618.3,Tstd:290.3,Bpos:531.7,Bstd:310.4,StrandBias:0.9,Multiplicity:1.04
0.001	0.001	0.001	0.997
0.001	0.962	0.036	0.001
0.001	0.001	0.001	0.997
0.001	0.945	0.053	0.001
0.909	0.027	0.001	0.063
0.022	0.001	0.001	0.976
0.053	0.001	0.057	0.889
0.001	0.001	0.001	0.997
0.370	0.246	0.142	0.242
0.023	0.001	0.001	0.975
>ACGAATTGTC	9-ACGAATTGTC	8.228334	-19.290004	0	T:34.0(12.88%),B:1640.9(4.04%),P:1e-8	Tpos:550.9,Tstd:281.7,Bpos:499.5,Bstd:308.9,StrandBias:-0.2,Multiplicity:1.06
0.705	0.024	0.125	0.146
0.150	0.630	0.101	0.119
0.217	0.136	0.646	0.001
0.751	0.011	0.013	0.225
0.566	0.174	0.175	0.085
0.022	0.012	0.037	0.929
0.025	0.131	0.249	0.595
0.098	0.116	0.616	0.170
0.039	0.220	0.027	0.714
0.014	0.857	0.027	0.102
>CGCGCGGGGT	10-CGCGCGGGGT	12.370564	-18.606375	0	T:5.0(1.89%),B:7.7(0.02%),P:1e-8	Tpos:693.2,Tstd:166.9,Bpos:659.1,Bstd:247.5,StrandBias:0.6,Multiplicity:1.00
0.001	0.997	0.001	0.001
0.001	0.001	0.997	0.001
0.001	0.997	0.001	0.001
0.001	0.001	0.997	0.001
0.001	0.767	0.231	0.001
0.001	0.001	0.997	0.001
0.001	0.001	0.997	0.001
0.001	0.001	0.997	0.001
0.001	0.001	0.997	0.001
0.001	0.001	0.001	0.997
>ATAGCCCGKC	11-ATAGCCCGKC	7.241065	-18.472867	0	T:30.0(11.36%),B:1359.4(3.35%),P:1e-8	Tpos:487.5,Tstd:306.0,Bpos:506.2,Bstd:303.8,StrandBias:0.6,Multiplicity:1.07
0.452	0.039	0.285	0.224
0.001	0.001	0.203	0.795
0.773	0.161	0.037	0.029
0.001	0.188	0.810	0.001
0.042	0.664	0.172	0.122
0.170	0.828	0.001	0.001
0.001	0.752	0.181	0.066
0.001	0.001	0.861	0.137
0.148	0.001	0.427	0.423
0.001	0.754	0.001	0.244
>CCCTGWMCCT	12-CCCTGWMCCT	7.170946	-18.251125	0	T:45.0(17.05%),B:2736.0(6.74%),P:1e-7	Tpos:501.0,Tstd:282.9,Bpos:512.9,Bstd:312.8,StrandBias:0.6,Multiplicity:1.24
0.103	0.837	0.001	0.059
0.153	0.729	0.025	0.093
0.134	0.844	0.001	0.021
0.076	0.066	0.001	0.857
0.192	0.074	0.733	0.001
0.457	0.097	0.001	0.445
0.471	0.511	0.017	0.001
0.001	0.661	0.183	0.155
0.164	0.823	0.001	0.012
0.179	0.256	0.001	0.564
>ATTATGACGT	13-ATTATGACGT	9.163062	-18.216693	0	T:30.0(11.36%),B:1375.9(3.39%),P:1e-7	Tpos:533.8,Tstd:299.8,Bpos:507.0,Bstd:296.1,StrandBias:-0.3,Multiplicity:1.10
0.881	0.051	0.067	0.001
0.026	0.061	0.048	0.865
0.029	0.063	0.001	0.907
0.897	0.035	0.024	0.044
0.001	0.001	0.001	0.997
0.001	0.040	0.923	0.036
0.997	0.001	0.001	0.001
0.001	0.675	0.108	0.216
0.001	0.043	0.935	0.021
0.001	0.001	0.051	0.947
>AACGATTGGG	14-AACGATTGGG	10.873423	-18.029351	0	T:11.0(4.17%),B:157.2(0.39%),P:1e-7	Tpos:726.7,Tstd:213.3,Bpos:473.9,Bstd:298.7,StrandBias:0.3,Multiplicity:1.00
0.997	0.001	0.001	0.001
0.997	0.001	0.001	0.001
0.001	0.997	0.001	0.001
0.001	0.001	0.997	0.001
0.873	0.001	0.125	0.001
0.001	0.001	0.074	0.924
0.001	0.001	0.001	0.997
0.102	0.001	0.896	0.001
0.001	0.113	0.885	0.001
0.001	0.001	0.997	0.001
>CCATGAAAAC	15-CCATGAAAAC	9.870660	-17.929777	0	T:29.0(10.98%),B:1311.5(3.23%),P:1e-7	Tpos:388.4,Tstd:270.3,Bpos:487.4,Bstd:292.8,StrandBias:0.3,Multiplicity:1.07
0.001	0.938	0.060	0.001
0.112	0.886	0.001	0.001
0.997	0.001	0.001	0.001
0.001	0.033	0.001	0.965
0.001	0.001	0.997	0.001
0.997	0.001	0.001	0.001
0.927	0.001	0.001	0.071
0.997	0.001	0.001	0.001
0.997	0.001	0.001	0.001
0.128	0.737	0.001	0.134
>CTAAAGCGAC	16-CTAAAGCGAC	11.408494	-16.904548	0	T:7.0(2.65%),B:45.1(0.11%),P:1e-7	Tpos:448.9,Tstd:330.4,Bpos:533.4,Bstd:273.7,StrandBias:0.4,Multiplicity:1.00
0.001	0.997	0.001	0.001
0.001	0.001	0.001	0.997
0.997	0.001	0.001	0.001
0.997	0.001	0.001	0.001
0.804	0.194	0.001	0.001
0.001	0.001	0.997	0.001
0.001	0.873	0.125	0.001
0.001	0.125	0.873	0.001
0.997	0.001	0.001	0.001
0.001	0.997	0.001	0.001
>GCCSTTTGCC	17-GCCSTTTGCC	10.790215	-15.727475	0	T:10.0(3.79%),B:156.6(0.39%),P:1e-6	Tpos:512.1,Tstd:269.9,Bpos:494.6,Bstd:308.6,StrandBias:0.0,Multiplicity:1.00
0.001	0.001	0.997	0.001
0.001	0.983	0.015	0.001
0.001	0.997	0.001	0.001
0.001	0.427	0.571	0.001
0.347	0.001	0.001	0.651
0.001	0.001	0.001	0.997
0.001	0.001	0.001	0.997
0.001	0.129	0.869	0.001
0.001	0.997	0.001	0.001
0.001	0.997	0.001	0.001
>TACTGACTTG	18-TACTGACTTG	9.350457	-15.458645	0	T:18.0(6.82%),B:612.8(1.51%),P:1e-6	Tpos:530.2,Tstd:312.3,Bpos:481.1,Bstd:302.2,StrandBias:-0.3,Multiplicity:1.11
0.001	0.001	0.094	0.904
0.924	0.074	0.001	0.001
0.001	0.944	0.054	0.001
0.001	0.107	0.001	0.891
0.001	0.002	0.680	0.317
0.831	0.001	0.093	0.075
0.001	0.898	0.100	0.001
0.096	0.166	0.009	0.729
0.001	0.116	0.294	0.589
0.308	0.006	0.685	0.001
>TKYATWRVGG	19-TKYATWRVGG	9.143193	-15.160623	0	T:18.0(6.82%),B:625.2(1.54%),P:1e-6	Tpos:555.1,Tstd:216.6,Bpos:483.6,Bstd:289.7,StrandBias:0.0,Multiplicity:1.22
0.001	0.001	0.001	0.997
0.001	0.001	0.432	0.566
0.001	0.447	0.235	0.317
0.909	0.089	0.001	0.001
0.001	0.344	0.001	0.654
0.355	0.001	0.158	0.486
0.526	0.001	0.472	0.001
0.310	0.359	0.330	0.001
0.001	0.001	0.997	0.001
0.001	0.001	0.997	0.001
>CGAGACGCAG	20-CGAGACGCAG	6.578828	-12.424951	0	T:87.0(32.95%),B:8492.0(20.93%),P:1e-5	Tpos:553.0,Tstd:281.5,Bpos:539.6,Bstd:312.1,StrandBias:-0.6,Multiplicity:1.41
0.105	0.721	0.098	0.076
0.077	0.046	0.830	0.047
0.875	0.045	0.042	0.038
0.070	0.063	0.825	0.042
0.898	0.067	0.022	0.013
0.045	0.849	0.061	0.045
0.108	0.095	0.772	0.025
0.076	0.777	0.081	0.066
0.710	0.099	0.107	0.084
0.125	0.037	0.750	0.088
>KSGGCAAAAA	21-KSGGCAAAAA	10.755160	-12.136408	0	T:21.0(7.95%),B:1024.2(2.52%),P:1e-5	Tpos:494.4,Tstd:282.6,Bpos:497.1,Bstd:298.5,StrandBias:-1.0,Multiplicity:1.43
0.001	0.001	0.533	0.465
0.001	0.455	0.543	0.001
0.001	0.001	0.997	0.001
0.001	0.001	0.997	0.001
0.001	0.997	0.001	0.001
0.812	0.001	0.001	0.186
0.936	0.062	0.001	0.001
0.653	0.345	0.001	0.001
0.839	0.159	0.001	0.001
0.812	0.186	0.001	0.001
>AAATAYACGS	22-AAATAYACGS	9.234237	-10.203572	0	T:23.0(8.71%),B:1356.9(3.34%),P:1e-4	Tpos:576.0,Tstd:297.6,Bpos:516.2,Bstd:301.4,StrandBias:-0.1,Multiplicity:1.09
0.880	0.001	0.001	0.118
0.997	0.001	0.001	0.001
0.867	0.001	0.001	0.131
0.001	0.059	0.001	0.939
0.750	0.063	0.186	0.001
0.001	0.466	0.085	0.448
0.997	0.001	0.001	0.001
0.082	0.808	0.109	0.001
0.004	0.044	0.883	0.069
0.016	0.441	0.542	0.001
>GACGTCACAT	23-GACGTCACAT	10.681282	-9.665365	0	T:9.0(3.41%),B:256.9(0.63%),P:1e-4	Tpos:584.6,Tstd:237.3,Bpos:471.0,Bstd:287.4,StrandBias:-0.6,Multiplicity:1.11
0.001	0.001	0.997	0.001
0.623	0.110	0.126	0.141
0.001	0.906	0.001	0.092
0.001	0.001	0.997	0.001
0.175	0.001	0.108	0.716
0.001	0.997	0.001	0.001
0.879	0.001	0.001	0.119
0.001	0.997	0.001	0.001
0.763	0.114	0.001	0.122
0.001	0.120	0.001	0.878
>CCGCGATCGC	24-CCGCGATCGC	11.034066	-6.262002	0	T:3.0(1.14%),B:35.3(0.09%),P:1e-2	Tpos:737.3,Tstd:180.8,Bpos:377.3,Bstd:298.8,StrandBias:-0.6,Multiplicity:2.00
0.001	0.997	0.001	0.001
0.001	0.756	0.242	0.001
0.001	0.086	0.912	0.001
0.001	0.997	0.001	0.001
0.001	0.001	0.997	0.001
0.997	0.001	0.001	0.001
0.001	0.001	0.001	0.997
0.001	0.997	0.001	0.001
0.001	0.001	0.997	0.001
0.001	0.928	0.070	0.001
>ACGTCACACT	25-ACGTCACACT	10.200847	-5.583611	0	T:7.0(2.65%),B:296.9(0.73%),P:1e-2	Tpos:489.6,Tstd:264.6,Bpos:495.0,Bstd:320.5,StrandBias:-1.3,Multiplicity:2.43
0.997	0.001	0.001	0.001
0.001	0.997	0.001	0.001
0.001	0.001	0.997	0.001
0.001	0.001	0.001	0.997
0.001	0.850	0.148	0.001
0.997	0.001	0.001	0.001
0.001	0.997	0.001	0.001
0.814	0.001	0.001	0.184
0.001	0.963	0.001	0.035
0.001	0.001	0.001	0.997
>CGTAAATCCTCC	1-CGTAAATCCTCC	12.972726	-37.522631	0	T:11.0(4.17%),B:20.2(0.05%),P:1e-16	Tpos:619.5,Tstd:278.3,Bpos:454.3,Bstd:236.9,StrandBias:1.6,Multiplicity:1.00
0.312	0.686	0.001	0.001
0.001	0.001	0.997	0.001
0.001	0.001	0.001	0.997
0.817	0.181	0.001	0.001
0.997	0.001	0.001	0.001
0.842	0.001	0.001	0.156
0.001	0.001	0.001	0.997
0.001	0.661	0.337	0.001
0.001	0.997	0.001	0.001
0.001	0.001	0.001	0.997
0.001	0.997	0.001	0.001
0.001	0.997	0.001	0.001
>CAAAATGGTCAA	2-CAAAATGGTCAA	12.422382	-26.940934	0	T:17.0(6.44%),B:246.8(0.61%),P:1e-11	Tpos:536.3,Tstd:208.1,Bpos:536.9,Bstd:280.0,StrandBias:-2.1,Multiplicity:1.24
0.039	0.916	0.044	0.001
0.914	0.001	0.084	0.001
0.997	0.001	0.001	0.001
0.997	0.001	0.001	0.001
0.923	0.001	0.001	0.075
0.067	0.001	0.138	0.794
0.001	0.043	0.955	0.001
0.001	0.001	0.997	0.001
0.001	0.126	0.001	0.872
0.047	0.951	0.001	0.001
0.724	0.001	0.001	0.274
0.997	0.001	0.001	0.001
>GGCTCAATCACA	3-GGCTCAATCACA	12.622214	-26.274910	0	T:8.0(3.03%),B:18.4(0.05%),P:1e-11	Tpos:479.5,Tstd:224.2,Bpos:373.8,Bstd:271.6,StrandBias:-2.8,Multiplicity:1.00
0.001	0.001	0.997	0.001
0.001	0.143	0.855	0.001
0.001	0.997	0.001	0.001
0.001	0.001	0.001	0.997
0.001	0.997	0.001	0.001
0.855	0.143	0.001	0.001
0.762	0.236	0.001	0.001
0.001	0.001	0.001	0.997
0.001	0.731	0.267	0.001
0.742	0.001	0.001	0.256
0.001	0.997	0.001	0.001
0.997	0.001	0.001	0.001
>ATAGWWAATGCT	4-ATAGWWAATGCT	10.635429	-26.255858	0	T:9.0(3.41%),B:31.4(0.08%),P:1e-11	Tpos:494.0,Tstd:256.4,Bpos:471.4,Bstd:274.1,StrandBias:0.3,Multiplicity:1.00
0.841	0.074	0.053	0.032
0.378	0.016	0.027	0.579
0.910	0.024	0.022	0.044
0.076	0.021	0.841	0.062
0.334	0.043	0.183	0.440
0.518	0.054	0.017	0.411
0.506	0.263	0.208	0.023
0.551	0.315	0.069	0.065
0.094	0.026	0.016	0.864
0.053	0.333	0.534	0.080
0.174	0.464	0.201	0.161
0.095	0.035	0.086	0.784
>ATTCCTAACAAC	5-ATTCCTAACAAC	10.249982	-23.931365	0	T:19.0(7.20%),B:396.6(0.98%),P:1e-10	Tpos:388.2,Tstd:297.8,Bpos:486.5,Bstd:316.0,StrandBias:0.8,Multiplicity:1.00
0.997	0.001	0.001	0.001
0.001	0.135	0.001	0.863
0.090	0.001	0.077	0.832
0.126	0.872	0.001	0.001
0.001	0.795	0.143	0.061
0.154	0.090	0.001	0.755
0.686	0.090	0.168	0.056
0.866	0.001	0.001	0.132
0.055	0.902	0.001	0.042
0.664	0.078	0.090	0.168
0.790	0.208	0.001	0.001
0.001	0.997	0.001	0.001
>TAMTTACTKRCT	6-TAMTTACTKRCT	11.841179	-23.921769	0	T:11.0(4.17%),B:86.4(0.21%),P:1e-10	Tpos:546.3,Tstd:315.9,Bpos:521.3,Bstd:317.3,StrandBias:0.0,Multiplicity:1.09
0.001	0.001	0.271	0.727
0.997	0.001	0.001	0.001
0.573	0.425	0.001	0.001
0.001	0.001	0.001	0.997
0.001	0.001	0.001	0.997
0.997	0.001	0.001	0.001
0.001	0.997	0.001	0.001
0.001	0.412	0.001	0.586
0.001	0.001	0.473	0.525
0.562	0.001	0.436	0.001
0.001	0.997	0.001	0.001
0.117	0.147	0.001	0.735
>GCTGGCGAGGRR	7-GCTGGCGAGGRR	10.422284	-23.063562	0	T:13.0(4.92%),B:156.7(0.39%),P:1e-10	Tpos:382.2,Tstd:275.2,Bpos:492.7,Bstd:300.5,StrandBias:-0.2,Multiplicity:1.00
0.001	0.001	0.997	0.001
0.001	0.858	0.140	0.001
0.142	0.233	0.001	0.624
0.128	0.001	0.622	0.249
0.001	0.001	0.995	0.003
0.111	0.738	0.146	0.005
0.378	0.001	0.620	0.001
0.994	0.004	0.001	0.001
0.001	0.001	0.997	0.001
0.220	0.123	0.541	0.116
0.508	0.001	0.490	0.001
0.489	0.001	0.509	0.001
>GTGTTTCAGCAT	8-GTGTTTCAGCAT	14.630960	-23.046768	0	T:7.0(2.65%),B:16.3(0.04%),P:1e-10	Tpos:800.4,Tstd:144.6,Bpos:495.4,Bstd:257.0,StrandBias:1.3,Multiplicity:1.00
0.001	0.001	0.997	0.001
0.001	0.001	0.001	0.997
0.001	0.001	0.997	0.001
0.001	0.001	0.001	0.997
0.001	0.001	0.231	0.767
0.001	0.181	0.001	0.817
0.001	0.997	0.001	0.001
0.997	0.001	0.001	0.001
0.001	0.001	0.997	0.001
0.001	0.997	0.001	0.001
0.997	0.001	0.001	0.001
0.001	0.001	0.001	0.997
>AATACTGCTTGA	9-AATACTGCTTGA	13.837083	-22.456653	0	T:8.0(3.03%),B:32.3(0.08%),P:1e-9	Tpos:414.1,Tstd:157.5,Bpos:498.5,Bstd:332.7,StrandBias:-2.8,Multiplicity:1.00
0.997	0.001	0.001	0.001
0.997	0.001	0.001	0.001
0.001	0.001	0.001	0.997
0.827	0.001	0.001	0.171
0.001	0.886	0.112	0.001
0.001	0.001	0.001	0.997
0.001	0.001	0.897	0.101
0.001	0.997	0.001	0.001
0.001	0.001	0.001	0.997
0.001	0.001	0.001	0.997
0.155	0.001	0.843	0.001
0.997	0.001	0.001	0.001
>ATATCGTTTGAA	10-ATATCGTTTGAA	12.569637	-21.739288	0	T:14.0(5.30%),B:214.0(0.53%),P:1e-9	Tpos:524.4,Tstd:277.0,Bpos:509.9,Bstd:272.6,StrandBias:-1.3,Multiplicity:1.00
0.997	0.001	0.001	0.001
0.044	0.001	0.001	0.954
0.894	0.104	0.001	0.001
0.071	0.121	0.001	0.807
0.049	0.843	0.071	0.037
0.050	0.001	0.894	0.055
0.061	0.001	0.001	0.937
0.104	0.001	0.001	0.894
0.001	0.001	0.001	0.997
0.001	0.001	0.997	0.001
0.866	0.001	0.132	0.001
0.997	0.001	0.001	0.001
>AAAAGGTAACCA	11-AAAAGGTAACCA	13.230711	-21.226613	0	T:10.0(3.79%),B:84.3(0.21%),P:1e-9	Tpos:345.0,Tstd:206.4,Bpos:502.2,Bstd:302.3,StrandBias:-1.4,Multiplicity:1.10
0.997	0.001	0.001	0.001
0.997	0.001	0.001	0.001
0.882	0.001	0.001	0.116
0.828	0.170	0.001	0.001
0.082	0.001	0.916	0.001
0.098	0.001	0.900	0.001
0.001	0.001	0.001	0.997
0.890	0.001	0.001	0.108
0.997	0.001	0.001	0.001
0.293	0.705	0.001	0.001
0.001	0.997	0.001	0.001
0.997	0.001	0.001	0.001
>GTCAACATCGAA	12-GTCAACATCGAA	11.272817	-20.629470	0	T:15.0(5.68%),B:279.3(0.69%),P:1e-8	Tpos:602.0,Tstd:346.9,Bpos:533.5,Bstd:313.6,StrandBias:0.2,Multiplicity:1.13
0.001	0.001	0.897	0.101
0.001	0.001	0.001	0.997
0.001	0.997	0.001	0.001
0.997	0.001	0.001	0.001
0.868	0.001	0.130	0.001
0.001	0.702	0.160	0.137
0.464	0.001	0.300	0.235
0.353	0.001	0.001	0.645
0.060	0.560	0.267	0.113
0.001	0.001	0.997	0.001
0.886	0.112	0.001	0.001
0.997	0.001	0.001	0.001
>TCTTTGGTACCA	13-TCTTTGGTACCA	12.355432	-20.187477	0	T:4.0(1.52%),B:0.0(0.00%),P:1e-8	Tpos:321.8,Tstd:321.8,Bpos:0.0,Bstd:0.0,StrandBias:10.0,Multiplicity:1.00
0.100	0.100	0.100	0.700
0.100	0.700	0.100	0.100
0.100	0.100	0.100	0.700
0.100	0.100	0.100	0.700
0.100	0.100	0.100	0.700
0.100	0.100	0.700	0.100
0.100	0.100	0.700	0.100
0.100	0.100	0.100	0.700
0.700	0.100	0.100	0.100
0.100	0.700	0.100	0.100
0.100	0.700	0.100	0.100
0.700	0.100	0.100	0.100
>CGTATATTTATT	14-CGTATATTTATT	10.394667	-20.161210	0	T:23.0(8.71%),B:751.5(1.85%),P:1e-8	Tpos:610.8,Tstd:325.9,Bpos:509.3,Bstd:306.5,StrandBias:0.5,Multiplicity:1.04
0.001	0.806	0.041	0.152
0.044	0.001	0.909	0.046
0.001	0.093	0.001	0.905
0.945	0.001	0.001	0.053
0.052	0.148	0.101	0.699
0.952	0.001	0.046	0.001
0.178	0.150	0.001	0.671
0.100	0.064	0.001	0.835
0.129	0.044	0.001	0.826
0.880	0.001	0.068	0.051
0.001	0.094	0.096	0.809
0.138	0.073	0.001	0.788
>CCACTGCTATCA	15-CCACTGCTATCA	10.925603	-20.097346	0	T:11.0(4.17%),B:127.7(0.31%),P:1e-8	Tpos:551.9,Tstd:258.2,Bpos:527.2,Bstd:332.9,StrandBias:-0.3,Multiplicity:1.00
0.001	0.821	0.177	0.001
0.001	0.997	0.001	0.001
0.997	0.001	0.001	0.001
0.179	0.819	0.001	0.001
0.001	0.001	0.016	0.982
0.001	0.001	0.832	0.166
0.213	0.785	0.001	0.001
0.166	0.032	0.001	0.801
0.997	0.001	0.001	0.001
0.001	0.001	0.001	0.997
0.001	0.997	0.001	0.001
0.997	0.001	0.001	0.001
>CCCCTTATGAAA	16-CCCCTTATGAAA	14.009617	-19.814898	0	T:6.0(2.27%),B:14.3(0.04%),P:1e-8	Tpos:486.7,Tstd:160.0,Bpos:477.4,Bstd:256.2,StrandBias:1.0,Multiplicity:1.50
0.350	0.648	0.001	0.001
0.001	0.997	0.001	0.001
0.001	0.997	0.001	0.001
0.001	0.997	0.001	0.001
0.001	0.136	0.001	0.862
0.001	0.001	0.001	0.997
0.997	0.001	0.001	0.001
0.001	0.001	0.001	0.997
0.001	0.001	0.840	0.158
0.840	0.158	0.001	0.001
0.997	0.001	0.001	0.001
0.997	0.001	0.001	0.001
>TGGAGCTTCTTT	17-TGGAGCTTCTTT	15.259247	-19.170821	0	T:6.0(2.27%),B:16.6(0.04%),P:1e-8	Tpos:549.2,Tstd:258.0,Bpos:536.4,Bstd:314.0,StrandBias:-10.0,Multiplicity:1.00
0.001	0.001	0.001	0.997
0.001	0.001	0.997	0.001
0.001	0.001	0.997	0.001
0.737	0.001	0.261	0.001
0.001	0.001	0.997	0.001
0.001	0.997	0.001	0.001
0.001	0.001	0.001	0.997
0.001	0.001	0.001	0.997
0.001	0.997	0.001	0.001
0.001	0.001	0.001	0.997
0.001	0.001	0.001	0.997
0.001	0.001	0.001	0.997
>AACTCAAACTGT	18-AACTCAAACTGT	15.266880	-19.140075	0	T:5.0(1.89%),B:6.5(0.02%),P:1e-8	Tpos:455.4,Tstd:325.4,Bpos:431.5,Bstd:312.9,StrandBias:-0.6,Multiplicity:1.00
0.997	0.001	0.001	0.001
0.997	0.001	0.001	0.001
0.001	0.997	0.001	0.001
0.001	0.001	0.001	0.997
0.001	0.997	0.001	0.001
0.997	0.001	0.001	0.001
0.997	0.001	0.001	0.001
0.997	0.001	0.001	0.001
0.001	0.997	0.001	0.001
0.001	0.001	0.263	0.735
0.001	0.001	0.997	0.001
0.001	0.001	0.001	0.997
>CTGTCCTTCCGC	19-CTGTCCTTCCGC	12.474090	-18.809165	0	T:7.0(2.65%),B:33.8(0.08%),P:1e-8	Tpos:568.4,Tstd:250.8,Bpos:547.4,Bstd:326.6,StrandBias:0.4,Multiplicity:1.00
0.001	0.997	0.001	0.001
0.001	0.001	0.001	0.997
0.001	0.001	0.997	0.001
0.001	0.001	0.001	0.997
0.001	0.628	0.001	0.370
0.001	0.997	0.001	0.001
0.001	0.117	0.001	0.881
0.004	0.001	0.001	0.994
0.001	0.997	0.001	0.001
0.001	0.997	0.001	0.001
0.005	0.001	0.623	0.371
0.001	0.997	0.001	0.001
>CAAGCACAAATC	20-CAAGCACAAATC	12.355432	-16.647449	0	T:4.0(1.52%),B:3.9(0.01%),P:1e-7	Tpos:534.8,Tstd:158.3,Bpos:487.6,Bstd:179.6,StrandBias:10.0,Multiplicity:1.00
0.100	0.700	0.100	0.100
0.700	0.100	0.100	0.100
0.700	0.100	0.100	0.100
0.100	0.100	0.700	0.100
0.100	0.700	0.100	0.100
0.700	0.100	0.100	0.100
0.100	0.700	0.100	0.100
0.700	0.100	0.100	0.100
0.700	0.100	0.100	0.100
0.700	0.100	0.100	0.100
0.100	0.100	0.100	0.700
0.100	0.700	0.100	0.100
>TCATATTTCCGC	21-TCATATTTCCGC	12.355432	-15.959407	0	T:4.0(1.52%),B:4.8(0.01%),P:1e-6	Tpos:231.8,Tstd:167.7,Bpos:445.6,Bstd:179.1,StrandBias:10.0,Multiplicity:1.00
0.100	0.100	0.100	0.700
0.100	0.700	0.100	0.100
0.700	0.100	0.100	0.100
0.100	0.100	0.100	0.700
0.700	0.100	0.100	0.100
0.100	0.100	0.100	0.700
0.100	0.100	0.100	0.700
0.100	0.100	0.100	0.700
0.100	0.700	0.100	0.100
0.100	0.700	0.100	0.100
0.100	0.100	0.700	0.100
0.100	0.700	0.100	0.100
>GCAAAAAGTTCA	22-GCAAAAAGTTCA	14.159008	-15.077425	0	T:8.0(3.03%),B:91.3(0.22%),P:1e-6	Tpos:462.2,Tstd:284.9,Bpos:560.9,Bstd:290.8,StrandBias:-1.0,Multiplicity:1.12
0.001	0.001	0.997	0.001
0.001	0.997	0.001	0.001
0.997	0.001	0.001	0.001
0.997	0.001	0.001	0.001
0.997	0.001	0.001	0.001
0.997	0.001	0.001	0.001
0.997	0.001	0.001	0.001
0.001	0.001	0.997	0.001
0.001	0.001	0.001	0.997
0.001	0.149	0.001	0.849
0.001	0.896	0.001	0.102
0.997	0.001	0.001	0.001
>TGCCGAAAACCA	23-TGCCGAAAACCA	10.859292	-11.417062	0	T:15.0(5.68%),B:589.1(1.45%),P:1e-4	Tpos:455.8,Tstd:220.1,Bpos:465.5,Bstd:323.9,StrandBias:0.3,Multiplicity:1.47
0.183	0.001	0.076	0.740
0.072	0.001	0.926	0.001
0.263	0.663	0.001	0.073
0.072	0.926	0.001	0.001
0.177	0.001	0.635	0.187
0.997	0.001	0.001	0.001
0.892	0.106	0.001	0.001
0.805	0.070	0.124	0.001
0.997	0.001	0.001	0.001
0.077	0.736	0.107	0.080
0.153	0.722	0.001	0.124
0.997	0.001	0.001	0.001
>AATGTGACGTCA	24-AATGTGACGTCA	7.719764	-9.544747	0	T:57.0(21.59%),B:5249.8(12.94%),P:1e-4	Tpos:526.7,Tstd:281.0,Bpos:505.7,Bstd:303.6,StrandBias:0.1,Multiplicity:1.33
0.783	0.155	0.011	0.051
0.482	0.088	0.331	0.099
0.234	0.001	0.260	0.505
0.293	0.058	0.613	0.036
0.101	0.055	0.044	0.800
0.011	0.032	0.703	0.254
0.647	0.040	0.040	0.273
0.021	0.869	0.055	0.055
0.205	0.047	0.559	0.189
0.126	0.042	0.039	0.793
0.029	0.806	0.099	0.066
0.777	0.106	0.068	0.049
>TCGGCGATCGCC	25-TCGGCGATCGCC	9.792186	-3.020992	0	T:4.0(1.52%),B:207.8(0.51%),P:1e-1	Tpos:722.2,Tstd:150.1,Bpos:454.7,Bstd:285.6,StrandBias:-0.2,Multiplicity:4.00
0.255	0.001	0.222	0.522
0.001	0.997	0.001	0.001
0.001	0.001	0.997	0.001
0.001	0.272	0.726	0.001
0.001	0.997	0.001	0.001
0.254	0.001	0.744	0.001
0.997	0.001	0.001	0.001
0.001	0.001	0.001	0.997
0.001	0.521	0.255	0.223
0.001	0.219	0.779	0.001
0.001	0.767	0.231	0.001
0.001	0.997	0.001	0.001
>TTTCGAAA	1-TTTCGAAA	10.798825	-19.011460	0	T:71.0(26.89%),B:5434.8(13.40%),P:1e-8	Tpos:550.7,Tstd:290.4,Bpos:511.6,Bstd:290.6,StrandBias:0.0,Multiplicity:1.11
0.001	0.001	0.001	0.997
0.001	0.001	0.001	0.997
0.001	0.001	0.001	0.997
0.001	0.997	0.001	0.001
0.001	0.001	0.997	0.001
0.763	0.235	0.001	0.001
0.997	0.001	0.001	0.001
0.997	0.001	0.001	0.001
>TTSCTHRG	2-TTSCTHRG	7.349290	-18.221883	0	T:93.0(35.23%),B:8204.6(20.23%),P:1e-7	Tpos:483.4,Tstd:276.0,Bpos:494.6,Bstd:304.4,StrandBias:0.3,Multiplicity:1.33
0.001	0.001	0.195	0.803
0.031	0.001	0.001	0.967
0.112	0.475	0.395	0.018
0.001	0.850	0.148	0.001
0.001	0.103	0.001	0.895
0.300	0.347	0.001	0.352
0.416	0.001	0.340	0.243
0.001	0.001	0.997	0.001
>TGACCCKC	3-TGACCCKC	5.415809	-17.440402	0	T:40.0(15.15%),B:2325.7(5.73%),P:1e-7	Tpos:505.8,Tstd:277.4,Bpos:528.0,Bstd:310.4,StrandBias:1.0,Multiplicity:1.18
0.001	0.391	0.001	0.607
0.410	0.001	0.588	0.001
0.997	0.001	0.001	0.001
0.001	0.997	0.001	0.001
0.001	0.997	0.001	0.001
0.001	0.997	0.001	0.001
0.001	0.014	0.501	0.484
0.001	0.997	0.001	0.001
>GTTCTCAG	4-GTTCTCAG	8.160501	-17.076807	0	T:67.0(25.38%),B:5233.4(12.90%),P:1e-7	Tpos:437.8,Tstd:294.8,Bpos:505.2,Bstd:306.5,StrandBias:0.3,Multiplicity:1.17
0.001	0.001	0.769	0.229
0.001	0.001	0.001	0.997
0.137	0.001	0.001	0.861
0.001	0.997	0.001	0.001
0.165	0.001	0.001	0.833
0.001	0.997	0.001	0.001
0.900	0.098	0.001	0.001
0.001	0.001	0.997	0.001
>CTGCGTCT	5-CTGCGTCT	7.629961	-14.532946	0	T:60.0(22.73%),B:4782.6(11.79%),P:1e-6	Tpos:597.5,Tstd:249.4,Bpos:539.5,Bstd:315.2,StrandBias:0.5,Multiplicity:1.20
0.001	0.997	0.001	0.001
0.048	0.001	0.050	0.901
0.001	0.090	0.908	0.001
0.001	0.926	0.072	0.001
0.162	0.001	0.836	0.001
0.061	0.001	0.025	0.913
0.001	0.997	0.001	0.001
0.001	0.013	0.001	0.985
>GCCGGCST	6-GCCGGCST	8.344386	-12.374065	0	T:16.0(6.06%),B:614.8(1.52%),P:1e-5	Tpos:604.3,Tstd:253.3,Bpos:495.6,Bstd:311.5,StrandBias:-0.4,Multiplicity:1.00
0.126	0.107	0.766	0.001
0.001	0.997	0.001	0.001
0.001	0.997	0.001	0.001
0.001	0.001	0.997	0.001
0.001	0.036	0.962	0.001
0.001	0.799	0.199	0.001
0.001	0.443	0.555	0.001
0.001	0.001	0.001	0.997
>GKGTCGTC	7-GKGTCGTC	9.038362	-11.260557	0	T:25.0(9.47%),B:1450.6(3.58%),P:1e-4	Tpos:551.4,Tstd:311.5,Bpos:502.5,Bstd:324.8,StrandBias:-0.3,Multiplicity:1.00
0.001	0.001	0.997	0.001
0.001	0.020	0.522	0.457
0.001	0.026	0.972	0.001
0.120	0.001	0.001	0.878
0.354	0.644	0.001	0.001
0.030	0.001	0.939	0.030
0.001	0.001	0.001	0.997
0.001	0.997	0.001	0.001
>AGTMAGTA	8-AGTMAGTA	7.306307	-9.973761	0	T:38.0(14.39%),B:2938.6(7.24%),P:1e-4	Tpos:502.7,Tstd:325.1,Bpos:514.4,Bstd:304.5,StrandBias:-0.4,Multiplicity:1.34
0.997	0.001	0.001	0.001
0.001	0.001	0.997	0.001
0.001	0.001	0.001	0.997
0.472	0.526	0.001	0.001
0.744	0.044	0.211	0.001
0.001	0.001	0.997	0.001
0.001	0.001	0.001	0.997
0.997	0.001	0.001	0.001
>GTGTGACG	9-GTGTGACG	9.291466	-7.162747	0	T:16.0(6.06%),B:971.0(2.39%),P:1e-3	Tpos:500.9,Tstd:316.3,Bpos:521.0,Bstd:309.2,StrandBias:0.4,Multiplicity:1.73
0.001	0.001	0.997	0.001
0.001	0.001	0.001	0.997
0.169	0.001	0.829	0.001
0.001	0.001	0.001	0.997
0.001	0.001	0.997	0.001
0.997	0.001	0.001	0.001
0.001	0.997	0.001	0.001
0.001	0.001	0.997	0.001
>GGCAAAAA	10-GGCAAAAA	8.236954	-4.651734	0	T:40.0(15.15%),B:4195.3(10.34%),P:1e-2	Tpos:496.8,Tstd:280.8,Bpos:504.0,Bstd:300.1,StrandBias:-0.6,Multiplicity:1.32
0.100	0.100	0.700	0.100
0.100	0.100	0.700	0.100
0.100	0.700	0.100	0.100
0.700	0.100	0.100	0.100
0.700	0.100	0.100	0.100
0.700	0.100	0.100	0.100
0.700	0.100	0.100	0.100
0.700	0.100	0.100	0.100
>GATCGCCG	11-GATCGCCG	2.267452	-1.613273	0	T:57.0(21.59%),B:7850.5(19.35%),P:1e0	Tpos:594.8,Tstd:269.3,Bpos:491.8,Bstd:304.8,StrandBias:0.2,Multiplicity:1.54
0.001	0.001	0.997	0.001
0.997	0.001	0.001	0.001
0.001	0.001	0.001	0.997
0.001	0.997	0.001	0.001
0.001	0.001	0.997	0.001
0.001	0.848	0.150	0.001
0.001	0.894	0.001	0.104
0.001	0.001	0.997	0.001
