>TTCTCTATGC	1-TTCTCTATGC	10.350859	-16.738297	0	T:8.0(25.81%),B:647.2(1.76%),P:1e-7	Tpos:509.6,Tstd:351.6,Bpos:533.0,Bstd:334.6,StrandBias:0.3,Multiplicity:1.12
0.001	0.110	0.001	0.888
0.001	0.001	0.001	0.997
0.110	0.830	0.001	0.059
0.001	0.001	0.001	0.997
0.131	0.767	0.001	0.101
0.001	0.001	0.089	0.909
0.923	0.001	0.001	0.075
0.001	0.001	0.132	0.866
0.001	0.001	0.997	0.001
0.096	0.902	0.001	0.001
>CTTTAGCAAG	2-CTTTAGCAAG	10.832743	-16.006711	0	T:6.0(19.35%),B:272.8(0.74%),P:1e-6	Tpos:481.1,Tstd:247.0,Bpos:500.5,Bstd:307.5,StrandBias:-0.4,Multiplicity:1.17
0.119	0.879	0.001	0.001
0.001	0.181	0.001	0.817
0.001	0.001	0.001	0.997
0.001	0.001	0.001	0.997
0.997	0.001	0.001	0.001
0.001	0.001	0.997	0.001
0.110	0.888	0.001	0.001
0.997	0.001	0.001	0.001
0.831	0.001	0.001	0.167
0.001	0.127	0.747	0.125
>ATCAATCCGC	3-ATCAATCCGC	11.150354	-15.200571	0	T:5.0(16.13%),B:158.8(0.43%),P:1e-6	Tpos:326.6,Tstd:113.9,Bpos:491.6,Bstd:327.7,StrandBias:-0.6,Multiplicity:1.00
0.997	0.001	0.001	0.001
0.001	0.001	0.001	0.997
0.170	0.637	0.192	0.001
0.997	0.001	0.001	0.001
0.997	0.001	0.001	0.001
0.174	0.001	0.001	0.824
0.001	0.997	0.001	0.001
0.001	0.864	0.134	0.001
0.001	0.001	0.849	0.149
0.001	0.997	0.001	0.001
>ACGCGCGCGT	4-ACGCGCGCGT	10.281484	-14.708682	0	T:5.0(16.13%),B:175.2(0.48%),P:1e-6	Tpos:623.7,Tstd:184.0,Bpos:511.7,Bstd:378.3,StrandBias:-1.3,Multiplicity:1.20
0.997	0.001	0.001	0.001
0.001	0.804	0.001	0.194
0.001	0.204	0.794	0.001
0.001	0.997	0.001	0.001
0.001	0.001	0.997	0.001
0.001	0.997	0.001	0.001
0.001	0.001	0.997	0.001
0.218	0.780	0.001	0.001
0.001	0.154	0.844	0.001
0.001	0.001	0.001	0.997
>CCATAATTTC	5-CCATAATTTC	11.049895	-14.218864	0	T:7.0(22.58%),B:609.5(1.66%),P:1e-6	Tpos:468.5,Tstd:343.3,Bpos:506.4,Bstd:346.6,StrandBias:-0.7,Multiplicity:1.14
0.001	0.997	0.001	0.001
0.001	0.997	0.001	0.001
0.997	0.001	0.001	0.001
0.001	0.001	0.103	0.895
0.890	0.001	0.001	0.108
0.997	0.001	0.001	0.001
0.001	0.183	0.001	0.815
0.001	0.001	0.001	0.997
0.001	0.001	0.180	0.818
0.001	0.997	0.001	0.001
>GATATTGCCG	6-GATATTGCCG	10.805610	-13.150819	0	T:5.0(16.13%),B:242.5(0.66%),P:1e-5	Tpos:556.3,Tstd:158.6,Bpos:462.8,Bstd:370.0,StrandBias:0.0,Multiplicity:1.20
0.100	0.001	0.898	0.001
0.997	0.001	0.001	0.001
0.001	0.001	0.001	0.997
0.886	0.001	0.001	0.112
0.001	0.001	0.001	0.997
0.001	0.212	0.001	0.786
0.163	0.001	0.835	0.001
0.131	0.723	0.145	0.001
0.001	0.997	0.001	0.001
0.001	0.001	0.997	0.001
>TCGTAGAGTT	7-TCGTAGAGTT	11.367589	-12.956695	0	T:5.0(16.13%),B:253.0(0.69%),P:1e-5	Tpos:607.5,Tstd:302.6,Bpos:469.1,Bstd:342.2,StrandBias:1.0,Multiplicity:1.20
0.001	0.001	0.001	0.997
0.001	0.997	0.001	0.001
0.001	0.001	0.997	0.001
0.143	0.001	0.001	0.855
0.997	0.001	0.001	0.001
0.001	0.001	0.997	0.001
0.719	0.001	0.279	0.001
0.137	0.001	0.861	0.001
0.001	0.001	0.001	0.997
0.001	0.001	0.001	0.997
>TTTTTCTCGA	8-TTTTTCTCGA	10.931590	-9.708382	0	T:9.0(29.03%),B:2200.1(5.99%),P:1e-4	Tpos:692.1,Tstd:301.5,Bpos:525.0,Bstd:382.2,StrandBias:1.3,Multiplicity:1.56
0.001	0.091	0.083	0.825
0.001	0.001	0.001	0.997
0.001	0.001	0.001	0.997
0.001	0.082	0.001	0.916
0.097	0.001	0.097	0.805
0.001	0.997	0.001	0.001
0.001	0.001	0.001	0.997
0.001	0.997	0.001	0.001
0.001	0.001	0.997	0.001
0.997	0.001	0.001	0.001
>CAGAGTAAGT	9-CAGAGTAAGT	8.350283	-9.240871	0	T:7.0(22.58%),B:1320.3(3.60%),P:1e-4	Tpos:460.9,Tstd:235.1,Bpos:497.7,Bstd:316.7,StrandBias:-0.7,Multiplicity:1.14
0.100	0.700	0.100	0.100
0.700	0.100	0.100	0.100
0.100	0.100	0.700	0.100
0.700	0.100	0.100	0.100
0.100	0.100	0.700	0.100
0.100	0.100	0.100	0.700
0.700	0.100	0.100	0.100
0.700	0.100	0.100	0.100
0.100	0.100	0.700	0.100
0.100	0.100	0.100	0.700
>AGCCTCWCTC	10-AGCCTCWCTC	8.448843	-8.277469	0	T:7.0(22.58%),B:1544.2(4.21%),P:1e-3	Tpos:249.2,Tstd:219.2,Bpos:498.1,Bstd:357.0,StrandBias:1.0,Multiplicity:1.29
0.832	0.166	0.001	0.001
0.001	0.001	0.997	0.001
0.001	0.997	0.001	0.001
0.144	0.659	0.001	0.196
0.001	0.177	0.166	0.656
0.001	0.626	0.196	0.177
0.463	0.196	0.001	0.340
0.074	0.924	0.001	0.001
0.001	0.074	0.001	0.924
0.001	0.997	0.001	0.001
>CTCACATAATCA	1-CTCACATAATCA	10.958462	-22.716118	0	T:4.0(12.90%),B:7.9(0.02%),P:1e-9	Tpos:405.2,Tstd:270.1,Bpos:525.0,Bstd:167.4,StrandBias:-1.6,Multiplicity:1.00
0.001	0.997	0.001	0.001
0.001	0.001	0.001	0.997
0.001	0.997	0.001	0.001
0.876	0.042	0.081	0.001
0.001	0.997	0.001	0.001
0.997	0.001	0.001	0.001
0.001	0.001	0.001	0.997
0.914	0.001	0.084	0.001
0.997	0.001	0.001	0.001
0.001	0.001	0.001	0.997
0.001	0.997	0.001	0.001
0.997	0.001	0.001	0.001
>GTCCATAATTTC	2-GTCCATAATTTC	11.201542	-17.928552	0	T:6.0(19.35%),B:195.2(0.53%),P:1e-7	Tpos:387.9,Tstd:307.0,Bpos:529.2,Bstd:343.2,StrandBias:-1.3,Multiplicity:1.17
0.001	0.001	0.842	0.156
0.001	0.001	0.001	0.997
0.001	0.780	0.096	0.123
0.109	0.799	0.001	0.091
0.907	0.001	0.001	0.091
0.041	0.132	0.146	0.681
0.744	0.001	0.146	0.109
0.997	0.001	0.001	0.001
0.001	0.006	0.001	0.992
0.001	0.131	0.131	0.737
0.001	0.001	0.231	0.767
0.001	0.772	0.131	0.096
>AAACAAATATAA	3-AAACAAATATAA	13.023817	-16.724312	0	T:9.0(29.03%),B:930.3(2.53%),P:1e-7	Tpos:456.6,Tstd:293.6,Bpos:546.4,Bstd:320.6,StrandBias:-2.0,Multiplicity:1.11
0.807	0.191	0.001	0.001
0.997	0.001	0.001	0.001
0.997	0.001	0.001	0.001
0.001	0.900	0.001	0.098
0.997	0.001	0.001	0.001
0.997	0.001	0.001	0.001
0.804	0.001	0.194	0.001
0.071	0.001	0.001	0.927
0.747	0.001	0.160	0.092
0.068	0.001	0.001	0.930
0.997	0.001	0.001	0.001
0.997	0.001	0.001	0.001
>CTGCAGTTRCYG	4-CTGCAGTTRCYG	9.689349	-15.825755	0	T:8.0(25.81%),B:730.8(1.99%),P:1e-6	Tpos:340.8,Tstd:301.3,Bpos:478.3,Bstd:369.6,StrandBias:-2.0,Multiplicity:1.25
0.414	0.584	0.001	0.001
0.001	0.001	0.001	0.997
0.001	0.001	0.997	0.001
0.208	0.790	0.001	0.001
0.606	0.180	0.213	0.001
0.001	0.001	0.800	0.198
0.215	0.001	0.001	0.783
0.001	0.001	0.191	0.807
0.390	0.001	0.396	0.213
0.242	0.586	0.001	0.171
0.015	0.384	0.213	0.388
0.001	0.001	0.987	0.011
>TTMTTTTTTCTS	5-TTMTTTTTTCTS	13.129545	-13.720904	0	T:9.0(29.03%),B:1333.5(3.63%),P:1e-5	Tpos:687.3,Tstd:211.9,Bpos:537.9,Bstd:356.0,StrandBias:2.0,Multiplicity:1.11
0.001	0.001	0.001	0.997
0.001	0.306	0.001	0.692
0.371	0.397	0.231	0.001
0.001	0.001	0.001	0.997
0.001	0.001	0.001	0.997
0.001	0.388	0.001	0.610
0.001	0.001	0.001	0.997
0.001	0.001	0.001	0.997
0.001	0.001	0.001	0.997
0.001	0.997	0.001	0.001
0.001	0.001	0.001	0.997
0.001	0.444	0.554	0.001
>CGATCTACAAAA	6-CGATCTACAAAA	13.998294	-10.173919	0	T:3.0(9.68%),B:74.3(0.20%),P:1e-4	Tpos:410.8,Tstd:340.8,Bpos:558.1,Bstd:354.7,StrandBias:-2.0,Multiplicity:1.67
0.001	0.851	0.001	0.147
0.001	0.001	0.997	0.001
0.997	0.001	0.001	0.001
0.199	0.001	0.001	0.799
0.001	0.997	0.001	0.001
0.001	0.001	0.001	0.997
0.795	0.001	0.001	0.203
0.001	0.997	0.001	0.001
0.997	0.001	0.001	0.001
0.785	0.001	0.213	0.001
0.997	0.001	0.001	0.001
0.997	0.001	0.001	0.001
>GCCGCACTCGAA	7-GCCGCACTCGAA	12.414344	-9.407635	0	T:2.0(6.45%),B:14.9(0.04%),P:1e-4	Tpos:183.5,Tstd:214.4,Bpos:460.0,Bstd:300.1,StrandBias:0.0,Multiplicity:2.00
0.001	0.001	0.997	0.001
0.001	0.997	0.001	0.001
0.001	0.997	0.001	0.001
0.001	0.001	0.875	0.123
0.001	0.997	0.001	0.001
0.997	0.001	0.001	0.001
0.001	0.997	0.001	0.001
0.001	0.001	0.001	0.997
0.001	0.997	0.001	0.001
0.123	0.001	0.875	0.001
0.997	0.001	0.001	0.001
0.997	0.001	0.001	0.001
>ATTGAATTTTAA	8-ATTGAATTTTAA	10.409522	-6.750931	0	T:9.0(29.03%),B:3272.5(8.92%),P:1e-2	Tpos:318.6,Tstd:248.5,Bpos:522.6,Bstd:334.4,StrandBias:0.5,Multiplicity:1.33
0.700	0.100	0.100	0.100
0.100	0.100	0.100	0.700
0.100	0.100	0.100	0.700
0.100	0.100	0.700	0.100
0.700	0.100	0.100	0.100
0.700	0.100	0.100	0.100
0.100	0.100	0.100	0.700
0.100	0.100	0.100	0.700
0.100	0.100	0.100	0.700
0.100	0.100	0.100	0.700
0.700	0.100	0.100	0.100
0.700	0.100	0.100	0.100
>SCCGAGCC	1-SCCGAGCC	6.682176	-11.924223	0	T:12.0(38.71%),B:3249.6(8.85%),P:1e-5	Tpos:477.0,Tstd:217.6,Bpos:479.1,Bstd:362.6,StrandBias:0.9,Multiplicity:1.42
0.121	0.398	0.480	0.001
0.001	0.889	0.001	0.109
0.360	0.566	0.002	0.072
0.001	0.140	0.858	0.001
0.807	0.082	0.007	0.104
0.001	0.124	0.769	0.106
0.001	0.828	0.093	0.078
0.001	0.899	0.001	0.099
>GCATAATC	2-GCATAATC	8.056483	-10.192097	0	T:12.0(38.71%),B:3854.2(10.50%),P:1e-4	Tpos:496.0,Tstd:305.3,Bpos:497.4,Bstd:328.1,StrandBias:0.2,Multiplicity:1.25
0.001	0.001	0.980	0.018
0.143	0.855	0.001	0.001
0.997	0.001	0.001	0.001
0.038	0.001	0.001	0.960
0.507	0.001	0.316	0.176
0.712	0.286	0.001	0.001
0.001	0.001	0.001	0.997
0.001	0.997	0.001	0.001
>CCTTAGCA	3-CCTTAGCA	7.640565	-8.386098	0	T:8.0(25.81%),B:2039.7(5.56%),P:1e-3	Tpos:450.3,Tstd:219.3,Bpos:514.1,Bstd:338.6,StrandBias:-0.7,Multiplicity:1.62
0.001	0.997	0.001	0.001
0.001	0.912	0.001	0.086
0.001	0.001	0.209	0.789
0.001	0.173	0.001	0.825
0.876	0.001	0.122	0.001
0.001	0.165	0.833	0.001
0.001	0.997	0.001	0.001
0.782	0.001	0.001	0.216
>TTTCTCGA	4-TTTCTCGA	8.236954	-8.188331	0	T:11.0(35.48%),B:4008.6(10.92%),P:1e-3	Tpos:700.2,Tstd:285.2,Bpos:521.0,Bstd:373.5,StrandBias:1.0,Multiplicity:1.27
0.100	0.100	0.100	0.700
0.100	0.100	0.100	0.700
0.100	0.100	0.100	0.700
0.100	0.700	0.100	0.100
0.100	0.100	0.100	0.700
0.100	0.700	0.100	0.100
0.100	0.100	0.700	0.100
0.700	0.100	0.100	0.100
>ATCGATTT	5-ATCGATTT	3.973411	-7.446660	0	T:20.0(64.52%),B:12599.7(34.33%),P:1e-3	Tpos:504.1,Tstd:315.0,Bpos:524.9,Bstd:382.5,StrandBias:-0.2,Multiplicity:1.80
0.997	0.001	0.001	0.001
0.001	0.172	0.001	0.826
0.001	0.997	0.001	0.001
0.001	0.001	0.997	0.001
0.791	0.001	0.207	0.001
0.001	0.001	0.001	0.997
0.001	0.001	0.001	0.997
0.001	0.001	0.001	0.997
