>TTTCACACAACA	1-TTTCACACAACA	13.208686	-22.242923	0	T:8.0(6.20%),B:72.1(0.18%),P:1e-9	Tpos:655.5,Tstd:267.5,Bpos:561.0,Bstd:290.8,StrandBias:0.0,Multiplicity:1.00
0.001	0.001	0.113	0.885
0.001	0.001	0.001	0.997
0.001	0.001	0.118	0.880
0.001	0.997	0.001	0.001
0.997	0.001	0.001	0.001
0.043	0.955	0.001	0.001
0.869	0.001	0.129	0.001
0.001	0.997	0.001	0.001
0.903	0.095	0.001	0.001
0.869	0.129	0.001	0.001
0.039	0.842	0.118	0.001
0.921	0.001	0.001	0.077
>GGAATTTAGGTG	2-GGAATTTAGGTG	13.658720	-22.187484	0	T:7.0(5.43%),B:42.9(0.11%),P:1e-9	Tpos:451.7,Tstd:209.7,Bpos:481.0,Bstd:242.9,StrandBias:1.3,Multiplicity:1.00
0.001	0.001	0.997	0.001
0.001	0.135	0.863	0.001
0.997	0.001	0.001	0.001
0.997	0.001	0.001	0.001
0.126	0.001	0.001	0.872
0.001	0.001	0.001	0.997
0.001	0.001	0.001	0.997
0.997	0.001	0.001	0.001
0.001	0.001	0.868	0.130
0.160	0.174	0.553	0.113
0.001	0.001	0.001	0.997
0.001	0.001	0.997	0.001
>GCYTCTTKCTWA	3-GCYTCTTKCTWA	12.216629	-21.021241	0	T:8.0(6.20%),B:85.1(0.21%),P:1e-9	Tpos:300.4,Tstd:239.8,Bpos:506.6,Bstd:346.7,StrandBias:1.6,Multiplicity:1.00
0.122	0.177	0.700	0.001
0.001	0.997	0.001	0.001
0.001	0.439	0.001	0.559
0.001	0.001	0.001	0.997
0.001	0.997	0.001	0.001
0.001	0.122	0.001	0.876
0.001	0.001	0.001	0.997
0.001	0.001	0.550	0.448
0.001	0.997	0.001	0.001
0.095	0.143	0.001	0.761
0.543	0.001	0.001	0.455
0.997	0.001	0.001	0.001
>GTGGCCTTGTGC	4-GTGGCCTTGTGC	8.594630	-20.908333	0	T:6.0(4.65%),B:26.3(0.07%),P:1e-9	Tpos:295.5,Tstd:324.5,Bpos:479.2,Bstd:300.8,StrandBias:1.0,Multiplicity:1.00
0.001	0.001	0.997	0.001
0.001	0.001	0.001	0.997
0.001	0.001	0.997	0.001
0.001	0.001	0.997	0.001
0.001	0.997	0.001	0.001
0.001	0.997	0.001	0.001
0.001	0.001	0.261	0.737
0.001	0.001	0.001	0.997
0.329	0.001	0.669	0.001
0.001	0.001	0.001	0.997
0.001	0.001	0.669	0.329
0.261	0.737	0.001	0.001
>AAAATCTCGTAT	5-AAAATCTCGTAT	12.252715	-20.264049	0	T:12.0(9.30%),B:336.7(0.84%),P:1e-8	Tpos:539.2,Tstd:234.5,Bpos:490.8,Bstd:311.3,StrandBias:0.0,Multiplicity:1.00
0.997	0.001	0.001	0.001
0.997	0.001	0.001	0.001
0.997	0.001	0.001	0.001
0.997	0.001	0.001	0.001
0.157	0.001	0.001	0.841
0.001	0.891	0.001	0.107
0.128	0.001	0.001	0.870
0.001	0.873	0.001	0.125
0.221	0.001	0.764	0.014
0.093	0.001	0.143	0.763
0.898	0.001	0.001	0.100
0.001	0.001	0.001	0.997
>CTTGTTGATTTT	6-CTTGTTGATTTT	12.522786	-19.325536	0	T:15.0(11.63%),B:646.3(1.62%),P:1e-8	Tpos:624.3,Tstd:250.0,Bpos:517.0,Bstd:299.1,StrandBias:1.5,Multiplicity:1.00
0.041	0.898	0.001	0.060
0.079	0.001	0.001	0.919
0.001	0.001	0.001	0.997
0.060	0.067	0.845	0.028
0.001	0.001	0.001	0.997
0.114	0.094	0.001	0.791
0.080	0.001	0.918	0.001
0.997	0.001	0.001	0.001
0.001	0.001	0.001	0.997
0.105	0.001	0.001	0.893
0.001	0.128	0.001	0.870
0.001	0.001	0.076	0.922
>CCAGTGAAAATG	7-CCAGTGAAAATG	11.428536	-18.703406	0	T:14.0(10.85%),B:574.8(1.44%),P:1e-8	Tpos:432.5,Tstd:271.3,Bpos:494.9,Bstd:293.6,StrandBias:-1.5,Multiplicity:1.07
0.054	0.894	0.001	0.051
0.001	0.850	0.148	0.001
0.997	0.001	0.001	0.001
0.287	0.080	0.510	0.123
0.128	0.001	0.185	0.686
0.217	0.001	0.781	0.001
0.806	0.001	0.192	0.001
0.997	0.001	0.001	0.001
0.997	0.001	0.001	0.001
0.718	0.001	0.208	0.073
0.001	0.001	0.001	0.997
0.188	0.001	0.546	0.265
>TTGCGAATTTCC	8-TTGCGAATTTCC	10.585971	-18.667485	0	T:19.0(14.73%),B:1156.7(2.89%),P:1e-8	Tpos:440.9,Tstd:314.1,Bpos:488.2,Bstd:311.9,StrandBias:0.9,Multiplicity:1.06
0.114	0.115	0.062	0.709
0.061	0.001	0.001	0.937
0.035	0.128	0.821	0.016
0.187	0.708	0.003	0.102
0.022	0.127	0.791	0.060
0.997	0.001	0.001	0.001
0.764	0.136	0.082	0.018
0.146	0.001	0.001	0.852
0.001	0.001	0.001	0.997
0.001	0.001	0.001	0.997
0.041	0.804	0.118	0.037
0.001	0.632	0.154	0.213
>TAAAAAATAATC	9-TAAAAAATAATC	12.871154	-18.448360	0	T:15.0(11.63%),B:691.1(1.73%),P:1e-8	Tpos:435.0,Tstd:243.3,Bpos:506.0,Bstd:297.1,StrandBias:0.3,Multiplicity:1.20
0.101	0.001	0.001	0.897
0.880	0.058	0.001	0.061
0.997	0.001	0.001	0.001
0.886	0.112	0.001	0.001
0.997	0.001	0.001	0.001
0.997	0.001	0.001	0.001
0.905	0.093	0.001	0.001
0.001	0.083	0.001	0.915
0.716	0.073	0.093	0.118
0.997	0.001	0.001	0.001
0.100	0.001	0.001	0.898
0.001	0.956	0.042	0.001
>TTTTTTTCTGGA	10-TTTTTTTCTGGA	12.967554	-18.116548	0	T:20.0(15.50%),B:1333.2(3.33%),P:1e-7	Tpos:531.6,Tstd:266.8,Bpos:508.3,Bstd:296.7,StrandBias:-0.6,Multiplicity:1.00
0.069	0.001	0.079	0.851
0.001	0.001	0.001	0.997
0.114	0.001	0.001	0.884
0.103	0.001	0.001	0.895
0.001	0.130	0.001	0.868
0.192	0.001	0.001	0.806
0.014	0.001	0.095	0.890
0.109	0.889	0.001	0.001
0.001	0.001	0.001	0.997
0.001	0.001	0.997	0.001
0.093	0.001	0.855	0.051
0.997	0.001	0.001	0.001
>GATTTTGTGCTA	11-GATTTTGTGCTA	9.534572	-18.098182	0	T:25.0(19.38%),B:2083.7(5.21%),P:1e-7	Tpos:429.9,Tstd:256.3,Bpos:500.3,Bstd:302.7,StrandBias:1.4,Multiplicity:1.44
0.151	0.134	0.657	0.058
0.840	0.001	0.001	0.158
0.260	0.005	0.076	0.659
0.001	0.001	0.001	0.997
0.001	0.001	0.079	0.919
0.126	0.133	0.068	0.673
0.063	0.101	0.732	0.104
0.001	0.054	0.001	0.944
0.113	0.001	0.885	0.001
0.001	0.931	0.001	0.067
0.065	0.128	0.050	0.757
0.983	0.001	0.015	0.001
>ACTACAGAAAAT	12-ACTACAGAAAAT	10.342303	-17.965183	0	T:22.0(17.05%),B:1633.3(4.08%),P:1e-7	Tpos:489.8,Tstd:269.3,Bpos:506.8,Bstd:301.9,StrandBias:-0.7,Multiplicity:1.09
0.879	0.001	0.001	0.119
0.135	0.796	0.048	0.021
0.020	0.093	0.001	0.886
0.890	0.040	0.037	0.033
0.054	0.695	0.079	0.172
0.835	0.036	0.074	0.055
0.056	0.094	0.799	0.051
0.799	0.110	0.003	0.088
0.997	0.001	0.001	0.001
0.952	0.001	0.046	0.001
0.609	0.223	0.087	0.081
0.020	0.110	0.001	0.869
>TAAAATATGCGT	13-TAAAATATGCGT	13.282263	-17.126981	0	T:8.0(6.20%),B:145.0(0.36%),P:1e-7	Tpos:414.0,Tstd:293.2,Bpos:470.2,Bstd:275.4,StrandBias:-1.6,Multiplicity:1.00
0.001	0.001	0.001	0.997
0.843	0.155	0.001	0.001
0.997	0.001	0.001	0.001
0.997	0.001	0.001	0.001
0.997	0.001	0.001	0.001
0.001	0.001	0.001	0.997
0.866	0.001	0.132	0.001
0.001	0.001	0.001	0.997
0.001	0.001	0.914	0.084
0.001	0.836	0.162	0.001
0.087	0.001	0.802	0.110
0.001	0.132	0.001	0.866
>ACAAAGWRTGST	14-ACAAAGWRTGST	8.973795	-16.498153	0	T:7.0(5.43%),B:102.4(0.26%),P:1e-7	Tpos:422.9,Tstd:304.4,Bpos:500.7,Bstd:295.9,StrandBias:-0.7,Multiplicity:1.14
0.997	0.001	0.001	0.001
0.001	0.997	0.001	0.001
0.997	0.001	0.001	0.001
0.997	0.001	0.001	0.001
0.975	0.001	0.023	0.001
0.001	0.001	0.997	0.001
0.407	0.072	0.001	0.520
0.516	0.001	0.482	0.001
0.001	0.001	0.001	0.997
0.001	0.001	0.997	0.001
0.001	0.564	0.434	0.001
0.001	0.001	0.001	0.997
>GMTMGAAACCGT	15-GMTMGAAACCGT	7.865287	-16.316117	0	T:25.0(19.38%),B:2286.5(5.72%),P:1e-7	Tpos:543.0,Tstd:329.8,Bpos:506.7,Bstd:307.2,StrandBias:0.7,Multiplicity:1.04
0.001	0.110	0.888	0.001
0.240	0.374	0.222	0.164
0.001	0.001	0.083	0.915
0.403	0.523	0.073	0.001
0.073	0.001	0.925	0.001
0.611	0.069	0.240	0.080
0.697	0.111	0.191	0.001
0.888	0.110	0.001	0.001
0.076	0.922	0.001	0.001
0.184	0.746	0.069	0.001
0.096	0.187	0.643	0.074
0.001	0.001	0.001	0.997
>GCGAAGCRAAAA	16-GCGAAGCRAAAA	8.439036	-16.305260	0	T:8.0(6.20%),B:161.7(0.40%),P:1e-7	Tpos:586.9,Tstd:309.1,Bpos:516.1,Bstd:293.2,StrandBias:0.0,Multiplicity:1.00
0.001	0.001	0.997	0.001
0.001	0.997	0.001	0.001
0.001	0.001	0.997	0.001
0.901	0.071	0.001	0.027
0.899	0.001	0.001	0.099
0.001	0.001	0.997	0.001
0.001	0.997	0.001	0.001
0.512	0.001	0.422	0.065
0.997	0.001	0.001	0.001
0.997	0.001	0.001	0.001
0.997	0.001	0.001	0.001
0.612	0.386	0.001	0.001
>CCAAACTTTCCT	17-CCAAACTTTCCT	11.514842	-14.248386	0	T:10.0(7.75%),B:384.5(0.96%),P:1e-6	Tpos:450.2,Tstd:279.2,Bpos:521.4,Bstd:269.9,StrandBias:0.3,Multiplicity:1.10
0.275	0.536	0.001	0.188
0.001	0.865	0.001	0.133
0.779	0.219	0.001	0.001
0.890	0.001	0.001	0.108
0.997	0.001	0.001	0.001
0.001	0.577	0.421	0.001
0.001	0.001	0.001	0.997
0.180	0.001	0.001	0.818
0.001	0.001	0.001	0.997
0.148	0.631	0.220	0.001
0.001	0.997	0.001	0.001
0.001	0.001	0.180	0.818
>GTAGGTTTAAAG	18-GTAGGTTTAAAG	13.433781	-14.031578	0	T:5.0(3.88%),B:48.4(0.12%),P:1e-6	Tpos:585.0,Tstd:217.3,Bpos:437.5,Bstd:274.2,StrandBias:-2.6,Multiplicity:1.40
0.001	0.001	0.836	0.162
0.001	0.001	0.001	0.997
0.702	0.163	0.001	0.134
0.001	0.001	0.997	0.001
0.115	0.001	0.795	0.089
0.001	0.001	0.001	0.997
0.001	0.001	0.001	0.997
0.001	0.001	0.001	0.997
0.997	0.001	0.001	0.001
0.997	0.001	0.001	0.001
0.798	0.200	0.001	0.001
0.001	0.001	0.997	0.001
>GCAGTGAAAGAG	19-GCAGTGAAAGAG	10.335474	-13.442310	0	T:15.0(11.63%),B:1029.7(2.57%),P:1e-5	Tpos:470.1,Tstd:305.1,Bpos:534.6,Bstd:293.3,StrandBias:-0.7,Multiplicity:1.07
0.011	0.001	0.703	0.285
0.133	0.791	0.075	0.001
0.997	0.001	0.001	0.001
0.403	0.001	0.595	0.001
0.066	0.001	0.079	0.854
0.001	0.258	0.740	0.001
0.909	0.001	0.089	0.001
0.754	0.001	0.130	0.115
0.806	0.087	0.001	0.106
0.001	0.001	0.723	0.275
0.904	0.001	0.001	0.094
0.372	0.001	0.626	0.001
>AGAGACCGCAGA	20-AGAGACCGCAGA	10.249905	-13.378519	0	T:13.0(10.08%),B:768.4(1.92%),P:1e-5	Tpos:593.6,Tstd:280.1,Bpos:542.2,Bstd:309.4,StrandBias:-1.8,Multiplicity:1.38
0.846	0.001	0.152	0.001
0.001	0.001	0.826	0.172
0.997	0.001	0.001	0.001
0.228	0.001	0.770	0.001
0.894	0.104	0.001	0.001
0.216	0.598	0.013	0.173
0.153	0.642	0.108	0.097
0.001	0.107	0.891	0.001
0.091	0.790	0.118	0.001
0.997	0.001	0.001	0.001
0.076	0.001	0.771	0.152
0.997	0.001	0.001	0.001
>GMAGCGCCTAAA	21-GMAGCGCCTAAA	12.231238	-11.196842	0	T:4.0(3.10%),B:41.1(0.10%),P:1e-4	Tpos:302.4,Tstd:228.3,Bpos:442.0,Bstd:344.1,StrandBias:-0.6,Multiplicity:1.25
0.001	0.001	0.997	0.001
0.459	0.539	0.001	0.001
0.727	0.001	0.271	0.001
0.239	0.001	0.540	0.220
0.001	0.978	0.020	0.001
0.001	0.001	0.997	0.001
0.001	0.997	0.001	0.001
0.001	0.778	0.001	0.220
0.220	0.016	0.001	0.763
0.997	0.001	0.001	0.001
0.997	0.001	0.001	0.001
0.727	0.001	0.271	0.001
>CTGCCACTTTTG	22-CTGCCACTTTTG	13.752777	-10.321948	0	T:4.0(3.10%),B:52.6(0.13%),P:1e-4	Tpos:341.6,Tstd:223.4,Bpos:497.4,Bstd:304.5,StrandBias:1.6,Multiplicity:2.00
0.001	0.866	0.001	0.132
0.001	0.001	0.001	0.997
0.001	0.001	0.873	0.125
0.001	0.997	0.001	0.001
0.001	0.997	0.001	0.001
0.779	0.001	0.001	0.219
0.001	0.680	0.001	0.318
0.001	0.001	0.001	0.997
0.001	0.001	0.001	0.997
0.001	0.001	0.001	0.997
0.001	0.001	0.001	0.997
0.001	0.001	0.997	0.001
>GCGAAAAGGGGA	23-GCGAAAAGGGGA	10.513269	-9.609545	0	T:12.0(9.30%),B:949.2(2.37%),P:1e-4	Tpos:384.2,Tstd:248.3,Bpos:527.0,Bstd:308.9,StrandBias:-0.2,Multiplicity:2.17
0.084	0.001	0.799	0.116
0.083	0.667	0.114	0.136
0.111	0.001	0.887	0.001
0.997	0.001	0.001	0.001
0.874	0.001	0.001	0.124
0.916	0.082	0.001	0.001
0.794	0.001	0.001	0.204
0.105	0.001	0.689	0.205
0.001	0.001	0.799	0.199
0.061	0.184	0.693	0.062
0.001	0.001	0.997	0.001
0.898	0.001	0.001	0.100
>AAATCGATTTTG	24-AAATCGATTTTG	13.211807	-5.761417	0	T:8.0(6.20%),B:747.2(1.87%),P:1e-2	Tpos:534.6,Tstd:287.6,Bpos:527.5,Bstd:321.3,StrandBias:-0.3,Multiplicity:1.50
0.844	0.001	0.154	0.001
0.910	0.001	0.001	0.088
0.940	0.001	0.001	0.058
0.001	0.001	0.001	0.997
0.001	0.949	0.001	0.049
0.048	0.001	0.950	0.001
0.997	0.001	0.001	0.001
0.001	0.001	0.001	0.997
0.046	0.001	0.001	0.952
0.001	0.001	0.001	0.997
0.127	0.001	0.001	0.871
0.125	0.064	0.632	0.179
