>AGCGCAGGGA	1-AGCGCAGGGA	7.679372	-26.349739	0	T:28.0(21.71%),B:1783.1(4.46%),P:1e-11	Tpos:466.3,Tstd:293.8,Bpos:522.6,Bstd:318.3,StrandBias:-0.6,Multiplicity:1.18
0.766	0.232	0.001	0.001
0.148	0.001	0.850	0.001
0.001	0.801	0.151	0.047
0.001	0.001	0.952	0.046
0.153	0.674	0.069	0.104
0.686	0.127	0.186	0.001
0.044	0.001	0.877	0.078
0.130	0.168	0.701	0.001
0.196	0.058	0.745	0.001
0.997	0.001	0.001	0.001
>GTGTCTCCAG	2-GTGTCTCCAG	10.618704	-21.799933	0	T:13.0(10.08%),B:366.9(0.92%),P:1e-9	Tpos:447.6,Tstd:305.7,Bpos:509.9,Bstd:299.9,StrandBias:-0.7,Multiplicity:1.00
0.001	0.098	0.900	0.001
0.001	0.102	0.001	0.896
0.001	0.001	0.997	0.001
0.001	0.001	0.116	0.882
0.001	0.997	0.001	0.001
0.001	0.001	0.001	0.997
0.001	0.896	0.001	0.102
0.104	0.809	0.001	0.086
0.904	0.001	0.001	0.094
0.001	0.088	0.812	0.099
>AATCGATTTG	3-AATCGATTTG	7.351250	-18.657862	0	T:56.0(43.41%),B:8360.7(20.90%),P:1e-8	Tpos:532.8,Tstd:297.8,Bpos:518.3,Bstd:308.6,StrandBias:0.0,Multiplicity:1.25
0.773	0.074	0.071	0.082
0.863	0.041	0.048	0.048
0.052	0.072	0.055	0.821
0.051	0.848	0.049	0.052
0.087	0.068	0.758	0.087
0.818	0.043	0.080	0.059
0.093	0.077	0.014	0.816
0.109	0.068	0.066	0.757
0.095	0.043	0.090	0.772
0.128	0.053	0.785	0.034
>TACGTGTTAT	4-TACGTGTTAT	9.202058	-18.437659	0	T:19.0(14.73%),B:1173.5(2.93%),P:1e-8	Tpos:583.5,Tstd:299.4,Bpos:523.4,Bstd:298.9,StrandBias:0.0,Multiplicity:1.05
0.001	0.095	0.001	0.903
0.883	0.068	0.001	0.048
0.058	0.893	0.001	0.048
0.001	0.001	0.997	0.001
0.001	0.001	0.001	0.997
0.001	0.001	0.997	0.001
0.095	0.001	0.001	0.903
0.077	0.001	0.104	0.818
0.670	0.070	0.087	0.173
0.001	0.001	0.001	0.997
>TGGTTGATTT	5-TGGTTGATTT	9.993458	-17.238691	0	T:48.0(37.21%),B:6781.4(16.96%),P:1e-7	Tpos:483.2,Tstd:279.3,Bpos:517.9,Bstd:298.1,StrandBias:0.2,Multiplicity:1.19
0.001	0.001	0.001	0.997
0.001	0.001	0.711	0.287
0.078	0.001	0.776	0.145
0.001	0.061	0.001	0.937
0.001	0.001	0.001	0.997
0.001	0.001	0.797	0.201
0.872	0.001	0.060	0.067
0.001	0.001	0.001	0.997
0.001	0.095	0.001	0.903
0.001	0.001	0.001	0.997
>TCCAGTTATA	6-TCCAGTTATA	10.040452	-17.151835	0	T:18.0(13.95%),B:1138.5(2.85%),P:1e-7	Tpos:654.6,Tstd:243.7,Bpos:509.3,Bstd:296.8,StrandBias:-0.3,Multiplicity:1.11
0.001	0.160	0.001	0.838
0.001	0.936	0.001	0.062
0.087	0.788	0.001	0.124
0.997	0.001	0.001	0.001
0.079	0.001	0.844	0.076
0.001	0.146	0.001	0.852
0.001	0.001	0.001	0.997
0.997	0.001	0.001	0.001
0.184	0.001	0.001	0.814
0.921	0.001	0.001	0.077
>TCATCATGCA	7-TCATCATGCA	8.406136	-16.384494	0	T:17.0(13.18%),B:1064.6(2.66%),P:1e-7	Tpos:622.3,Tstd:249.5,Bpos:501.2,Bstd:297.3,StrandBias:0.8,Multiplicity:1.12
0.032	0.056	0.268	0.644
0.154	0.617	0.056	0.173
0.879	0.029	0.032	0.060
0.066	0.055	0.024	0.855
0.096	0.752	0.086	0.066
0.701	0.053	0.012	0.234
0.046	0.077	0.047	0.830
0.186	0.159	0.483	0.172
0.146	0.471	0.154	0.230
0.512	0.177	0.282	0.029
>TCGAAACCAT	8-TCGAAACCAT	10.781869	-15.150294	0	T:12.0(9.30%),B:543.6(1.36%),P:1e-6	Tpos:675.8,Tstd:299.3,Bpos:500.8,Bstd:298.4,StrandBias:0.7,Multiplicity:1.08
0.001	0.001	0.001	0.997
0.001	0.885	0.001	0.113
0.001	0.001	0.997	0.001
0.997	0.001	0.001	0.001
0.997	0.001	0.001	0.001
0.866	0.132	0.001	0.001
0.001	0.997	0.001	0.001
0.001	0.923	0.075	0.001
0.911	0.001	0.087	0.001
0.001	0.001	0.108	0.890
>AAATTTGAGT	9-AAATTTGAGT	10.025610	-14.975300	0	T:22.0(17.05%),B:1944.9(4.86%),P:1e-6	Tpos:505.2,Tstd:336.1,Bpos:506.2,Bstd:296.0,StrandBias:0.1,Multiplicity:1.14
0.997	0.001	0.001	0.001
0.957	0.001	0.001	0.041
0.965	0.001	0.033	0.001
0.001	0.195	0.001	0.803
0.036	0.060	0.001	0.903
0.034	0.001	0.036	0.929
0.001	0.001	0.997	0.001
0.958	0.040	0.001	0.001
0.001	0.001	0.997	0.001
0.001	0.001	0.001	0.997
>GWGGCCTTVT	10-GWGGCCTTVT	9.855297	-13.664059	0	T:5.0(3.88%),B:52.9(0.13%),P:1e-5	Tpos:332.4,Tstd:343.9,Bpos:481.7,Bstd:323.7,StrandBias:2.0,Multiplicity:1.00
0.077	0.001	0.698	0.224
0.348	0.056	0.131	0.464
0.001	0.274	0.724	0.001
0.059	0.049	0.891	0.001
0.001	0.861	0.060	0.078
0.084	0.868	0.001	0.047
0.001	0.001	0.380	0.618
0.001	0.246	0.157	0.596
0.317	0.276	0.377	0.030
0.001	0.001	0.001	0.997
>GCAAGAAGCT	11-GCAAGAAGCT	11.820929	-13.023643	0	T:7.0(5.43%),B:175.5(0.44%),P:1e-5	Tpos:379.1,Tstd:326.1,Bpos:449.6,Bstd:285.6,StrandBias:-2.6,Multiplicity:1.00
0.001	0.001	0.997	0.001
0.001	0.997	0.001	0.001
0.997	0.001	0.001	0.001
0.997	0.001	0.001	0.001
0.001	0.159	0.839	0.001
0.997	0.001	0.001	0.001
0.997	0.001	0.001	0.001
0.001	0.001	0.997	0.001
0.001	0.997	0.001	0.001
0.001	0.162	0.001	0.836
>ATTTTCCCCT	12-ATTTTCCCCT	9.354463	-11.477722	0	T:24.0(18.60%),B:2796.9(6.99%),P:1e-4	Tpos:558.8,Tstd:302.8,Bpos:522.3,Bstd:318.6,StrandBias:1.8,Multiplicity:1.39
0.746	0.029	0.048	0.177
0.001	0.097	0.056	0.846
0.001	0.001	0.076	0.922
0.001	0.001	0.001	0.997
0.074	0.045	0.126	0.755
0.041	0.856	0.038	0.065
0.045	0.922	0.032	0.001
0.001	0.997	0.001	0.001
0.087	0.911	0.001	0.001
0.001	0.086	0.027	0.886
>TCCCCTGTTC	13-TCCCCTGTTC	9.542791	-10.131287	0	T:16.0(12.40%),B:1534.9(3.84%),P:1e-4	Tpos:411.8,Tstd:258.5,Bpos:515.1,Bstd:301.7,StrandBias:0.8,Multiplicity:1.75
0.412	0.001	0.001	0.586
0.001	0.856	0.001	0.142
0.330	0.622	0.047	0.001
0.067	0.931	0.001	0.001
0.146	0.751	0.102	0.001
0.001	0.001	0.001	0.997
0.001	0.001	0.680	0.318
0.001	0.001	0.001	0.997
0.001	0.001	0.001	0.997
0.001	0.877	0.001	0.121
>ATTTGYGCCA	14-ATTTGYGCCA	10.485168	-7.317901	0	T:12.0(9.30%),B:1224.3(3.06%),P:1e-3	Tpos:458.5,Tstd:265.0,Bpos:506.6,Bstd:307.5,StrandBias:0.7,Multiplicity:1.50
0.599	0.001	0.399	0.001
0.001	0.001	0.001	0.997
0.001	0.001	0.001	0.997
0.041	0.001	0.001	0.957
0.004	0.001	0.824	0.171
0.031	0.425	0.001	0.543
0.001	0.001	0.997	0.001
0.001	0.997	0.001	0.001
0.001	0.997	0.001	0.001
0.977	0.021	0.001	0.001
>CCCCCCCCMY	15-CCCCCCCCMY	7.423916	-4.271092	0	T:15.0(11.63%),B:2472.7(6.18%),P:1e-1	Tpos:610.6,Tstd:324.8,Bpos:535.3,Bstd:343.7,StrandBias:4.0,Multiplicity:1.07
0.024	0.771	0.015	0.190
0.190	0.611	0.182	0.017
0.001	0.997	0.001	0.001
0.001	0.977	0.001	0.021
0.001	0.978	0.001	0.020
0.001	0.957	0.001	0.041
0.001	0.817	0.181	0.001
0.001	0.997	0.001	0.001
0.464	0.534	0.001	0.001
0.009	0.526	0.001	0.464
