>TTTTCCCC	1-TTTTCCCC	8.843131	-11.967336	0	T:30.0(23.26%),B:3918.0(9.80%),P:1e-5	Tpos:584.1,Tstd:274.8,Bpos:546.1,Bstd:323.0,StrandBias:2.1,Multiplicity:1.27
0.001	0.001	0.054	0.944
0.151	0.001	0.001	0.847
0.001	0.001	0.053	0.945
0.001	0.001	0.072	0.926
0.001	0.855	0.143	0.001
0.001	0.997	0.001	0.001
0.001	0.997	0.001	0.001
0.001	0.997	0.001	0.001
>SGCAGAGA	2-SGCAGAGA	7.343229	-7.703349	0	T:34.0(26.36%),B:5908.2(14.77%),P:1e-3	Tpos:583.6,Tstd:266.1,Bpos:537.2,Bstd:317.4,StrandBias:-0.7,Multiplicity:1.53
0.001	0.329	0.451	0.218
0.051	0.069	0.840	0.040
0.001	0.997	0.001	0.001
0.693	0.219	0.081	0.007
0.019	0.029	0.878	0.074
0.617	0.009	0.350	0.024
0.255	0.016	0.728	0.001
0.723	0.048	0.056	0.173
>ATCGATTT	3-ATCGATTT	6.433082	-7.419579	0	T:58.0(44.96%),B:12391.8(30.98%),P:1e-3	Tpos:552.7,Tstd:308.9,Bpos:518.7,Bstd:310.8,StrandBias:0.1,Multiplicity:1.52
0.997	0.001	0.001	0.001
0.001	0.001	0.001	0.997
0.195	0.803	0.001	0.001
0.001	0.001	0.997	0.001
0.997	0.001	0.001	0.001
0.001	0.001	0.001	0.997
0.150	0.001	0.001	0.848
0.001	0.001	0.080	0.918
>GAAACCAT	4-GAAACCAT	9.036764	-7.158443	0	T:16.0(12.40%),B:2002.9(5.01%),P:1e-3	Tpos:703.6,Tstd:241.9,Bpos:485.0,Bstd:294.0,StrandBias:0.8,Multiplicity:1.19
0.001	0.001	0.997	0.001
0.997	0.001	0.001	0.001
0.997	0.001	0.001	0.001
0.867	0.131	0.001	0.001
0.001	0.997	0.001	0.001
0.001	0.997	0.001	0.001
0.997	0.001	0.001	0.001
0.001	0.001	0.001	0.997
>TCCCCTTT	5-TCCCCTTT	6.587603	-6.509751	0	T:23.0(17.83%),B:3659.2(9.15%),P:1e-2	Tpos:409.1,Tstd:268.8,Bpos:539.4,Bstd:314.4,StrandBias:0.6,Multiplicity:1.76
0.001	0.001	0.001	0.997
0.001	0.997	0.001	0.001
0.001	0.997	0.001	0.001
0.001	0.997	0.001	0.001
0.001	0.997	0.001	0.001
0.001	0.001	0.001	0.997
0.001	0.141	0.073	0.785
0.001	0.059	0.080	0.860
