>AGGTGTTCTCCT	1-AGGTGTTCTCCT	9.826704	-23.926421	0	T:12.0(14.46%),B:392.9(0.97%),P:1e-10	Tpos:528.4,Tstd:321.0,Bpos:452.5,Bstd:300.4,StrandBias:1.0,Multiplicity:1.00
0.982	0.016	0.001	0.001
0.142	0.229	0.401	0.228
0.001	0.019	0.979	0.001
0.001	0.001	0.227	0.771
0.001	0.001	0.997	0.001
0.001	0.001	0.001	0.997
0.202	0.228	0.001	0.569
0.001	0.980	0.018	0.001
0.001	0.001	0.176	0.822
0.020	0.838	0.015	0.127
0.001	0.963	0.001	0.035
0.177	0.001	0.202	0.620
>CCATAAATTTCA	2-CCATAAATTTCA	11.576143	-20.905726	0	T:11.0(13.25%),B:400.3(0.99%),P:1e-9	Tpos:525.3,Tstd:307.8,Bpos:521.1,Bstd:311.1,StrandBias:1.0,Multiplicity:1.09
0.078	0.822	0.099	0.001
0.061	0.937	0.001	0.001
0.887	0.001	0.001	0.111
0.001	0.001	0.085	0.913
0.786	0.108	0.001	0.105
0.997	0.001	0.001	0.001
0.997	0.001	0.001	0.001
0.001	0.001	0.001	0.997
0.136	0.001	0.001	0.862
0.001	0.001	0.001	0.997
0.001	0.887	0.111	0.001
0.997	0.001	0.001	0.001
>ATATTACAACAA	3-ATATTACAACAA	13.428342	-20.089551	0	T:9.0(10.84%),B:234.2(0.58%),P:1e-8	Tpos:448.2,Tstd:241.4,Bpos:502.2,Bstd:313.8,StrandBias:1.2,Multiplicity:1.11
0.795	0.113	0.001	0.091
0.065	0.001	0.001	0.933
0.728	0.133	0.001	0.138
0.001	0.001	0.001	0.997
0.001	0.001	0.001	0.997
0.997	0.001	0.001	0.001
0.001	0.891	0.001	0.107
0.865	0.001	0.133	0.001
0.865	0.001	0.001	0.133
0.001	0.997	0.001	0.001
0.997	0.001	0.001	0.001
0.997	0.001	0.001	0.001
>GGTTGGAGGTTT	4-GGTTGGAGGTTT	14.025717	-18.017257	0	T:5.0(6.02%),B:33.1(0.08%),P:1e-7	Tpos:468.4,Tstd:350.3,Bpos:474.3,Bstd:274.6,StrandBias:-2.0,Multiplicity:1.00
0.001	0.001	0.997	0.001
0.151	0.001	0.847	0.001
0.001	0.001	0.001	0.997
0.001	0.001	0.001	0.997
0.001	0.001	0.997	0.001
0.001	0.001	0.997	0.001
0.837	0.161	0.001	0.001
0.001	0.001	0.997	0.001
0.187	0.001	0.811	0.001
0.001	0.001	0.001	0.997
0.001	0.001	0.001	0.997
0.001	0.001	0.263	0.735
>CCTTTGTATTTA	5-CCTTTGTATTTA	13.794028	-17.870283	0	T:6.0(7.23%),B:75.3(0.19%),P:1e-7	Tpos:488.1,Tstd:289.8,Bpos:511.8,Bstd:276.6,StrandBias:-1.3,Multiplicity:1.17
0.001	0.997	0.001	0.001
0.001	0.997	0.001	0.001
0.001	0.001	0.001	0.997
0.001	0.001	0.001	0.997
0.001	0.001	0.001	0.997
0.154	0.001	0.731	0.114
0.144	0.001	0.001	0.854
0.792	0.001	0.206	0.001
0.001	0.001	0.001	0.997
0.001	0.001	0.001	0.997
0.223	0.001	0.001	0.775
0.997	0.001	0.001	0.001
>GAATGGCGAGGA	6-GAATGGCGAGGA	14.122135	-17.645959	0	T:4.0(4.82%),B:11.0(0.03%),P:1e-7	Tpos:293.2,Tstd:210.1,Bpos:456.2,Bstd:242.2,StrandBias:-2.0,Multiplicity:1.25
0.001	0.001	0.997	0.001
0.776	0.222	0.001	0.001
0.997	0.001	0.001	0.001
0.172	0.001	0.001	0.826
0.001	0.001	0.997	0.001
0.001	0.001	0.997	0.001
0.001	0.997	0.001	0.001
0.222	0.001	0.776	0.001
0.801	0.001	0.001	0.197
0.001	0.001	0.997	0.001
0.001	0.001	0.997	0.001
0.997	0.001	0.001	0.001
>ATTTAAATTCTT	7-ATTTAAATTCTT	13.442319	-16.766519	0	T:9.0(10.84%),B:348.8(0.86%),P:1e-7	Tpos:461.4,Tstd:297.8,Bpos:504.3,Bstd:294.6,StrandBias:1.0,Multiplicity:1.00
0.997	0.001	0.001	0.001
0.001	0.001	0.001	0.997
0.001	0.001	0.152	0.846
0.001	0.001	0.001	0.997
0.886	0.001	0.112	0.001
0.969	0.029	0.001	0.001
0.907	0.001	0.001	0.091
0.001	0.001	0.001	0.997
0.112	0.001	0.001	0.886
0.062	0.759	0.092	0.087
0.116	0.001	0.001	0.882
0.121	0.001	0.001	0.877
>YGCKTTGCGCCD	8-YGCKTTGCGCCD	9.231291	-15.507578	0	T:11.0(13.25%),B:686.1(1.69%),P:1e-6	Tpos:467.3,Tstd:266.5,Bpos:514.3,Bstd:311.3,StrandBias:-0.7,Multiplicity:1.45
0.148	0.420	0.001	0.431
0.001	0.241	0.757	0.001
0.262	0.736	0.001	0.001
0.235	0.001	0.365	0.399
0.246	0.294	0.001	0.459
0.001	0.001	0.083	0.915
0.001	0.001	0.995	0.003
0.001	0.997	0.001	0.001
0.335	0.001	0.531	0.133
0.001	0.904	0.001	0.094
0.001	0.997	0.001	0.001
0.394	0.001	0.359	0.246
>TTACGTGTCTGA	9-TTACGTGTCTGA	10.652007	-14.089481	0	T:8.0(9.64%),B:352.0(0.87%),P:1e-6	Tpos:540.2,Tstd:289.2,Bpos:493.2,Bstd:308.6,StrandBias:1.8,Multiplicity:1.12
0.001	0.001	0.001	0.997
0.111	0.111	0.114	0.664
0.997	0.001	0.001	0.001
0.001	0.906	0.092	0.001
0.111	0.001	0.827	0.061
0.001	0.001	0.003	0.995
0.111	0.103	0.556	0.230
0.004	0.111	0.001	0.884
0.111	0.728	0.001	0.160
0.001	0.001	0.114	0.884
0.001	0.092	0.796	0.111
0.777	0.111	0.001	0.111
>WCACWGCSGCYG	10-WCACWGCSGCYG	10.078080	-13.913843	0	T:4.0(4.82%),B:32.5(0.08%),P:1e-6	Tpos:359.0,Tstd:80.8,Bpos:449.2,Bstd:253.9,StrandBias:-0.6,Multiplicity:1.25
0.487	0.001	0.001	0.511
0.001	0.997	0.001	0.001
0.983	0.015	0.001	0.001
0.001	0.997	0.001	0.001
0.565	0.001	0.001	0.433
0.021	0.001	0.977	0.001
0.001	0.997	0.001	0.001
0.001	0.511	0.487	0.001
0.001	0.001	0.997	0.001
0.001	0.980	0.018	0.001
0.001	0.433	0.001	0.565
0.001	0.001	0.997	0.001
>GGATATCTAGGT	11-GGATATCTAGGT	12.071211	-13.796757	0	T:5.0(6.02%),B:82.3(0.20%),P:1e-5	Tpos:481.1,Tstd:271.6,Bpos:446.3,Bstd:323.9,StrandBias:2.0,Multiplicity:2.00
0.001	0.001	0.997	0.001
0.001	0.001	0.997	0.001
0.779	0.001	0.219	0.001
0.001	0.001	0.001	0.997
0.766	0.001	0.001	0.232
0.001	0.001	0.001	0.997
0.219	0.529	0.001	0.251
0.001	0.001	0.001	0.997
0.748	0.250	0.001	0.001
0.251	0.232	0.516	0.001
0.001	0.001	0.997	0.001
0.001	0.250	0.001	0.748
>GGAATTCAAGAC	12-GGAATTCAAGAC	10.565604	-12.174772	0	T:9.0(10.84%),B:612.3(1.51%),P:1e-5	Tpos:423.2,Tstd:263.6,Bpos:460.9,Bstd:306.2,StrandBias:-0.2,Multiplicity:1.44
0.001	0.123	0.738	0.138
0.001	0.001	0.909	0.089
0.768	0.001	0.230	0.001
0.774	0.001	0.123	0.102
0.107	0.001	0.001	0.891
0.001	0.001	0.122	0.876
0.001	0.997	0.001	0.001
0.921	0.077	0.001	0.001
0.645	0.277	0.001	0.077
0.137	0.001	0.861	0.001
0.896	0.001	0.102	0.001
0.166	0.755	0.001	0.078
>GCGCTTCTAAAC	13-GCGCTTCTAAAC	13.812327	-12.115951	0	T:3.0(3.61%),B:15.0(0.04%),P:1e-5	Tpos:372.8,Tstd:277.5,Bpos:422.5,Bstd:302.4,StrandBias:0.0,Multiplicity:1.33
0.313	0.001	0.685	0.001
0.013	0.985	0.001	0.001
0.313	0.001	0.685	0.001
0.313	0.685	0.001	0.001
0.001	0.001	0.001	0.997
0.001	0.001	0.370	0.628
0.001	0.685	0.313	0.001
0.001	0.001	0.001	0.997
0.997	0.001	0.001	0.001
0.985	0.001	0.013	0.001
0.981	0.001	0.017	0.001
0.001	0.997	0.001	0.001
>TGGGCAGAGAAA	14-TGGGCAGAGAAA	13.395886	-11.771216	0	T:4.0(4.82%),B:57.7(0.14%),P:1e-5	Tpos:552.0,Tstd:155.6,Bpos:498.3,Bstd:292.2,StrandBias:-1.6,Multiplicity:1.00
0.002	0.005	0.007	0.986
0.356	0.003	0.634	0.007
0.005	0.001	0.993	0.001
0.001	0.002	0.995	0.002
0.005	0.662	0.330	0.003
0.983	0.001	0.001	0.015
0.006	0.375	0.614	0.005
0.988	0.005	0.006	0.001
0.059	0.001	0.939	0.001
0.987	0.001	0.007	0.005
0.676	0.001	0.013	0.310
0.996	0.001	0.001	0.002
>AACAAAAATAAA	15-AACAAAAATAAA	13.542684	-11.311256	0	T:9.0(10.84%),B:683.0(1.68%),P:1e-4	Tpos:406.9,Tstd:224.1,Bpos:548.6,Bstd:301.3,StrandBias:-2.5,Multiplicity:1.44
0.997	0.001	0.001	0.001
0.997	0.001	0.001	0.001
0.001	0.997	0.001	0.001
0.913	0.001	0.001	0.085
0.997	0.001	0.001	0.001
0.997	0.001	0.001	0.001
0.882	0.116	0.001	0.001
0.888	0.001	0.110	0.001
0.001	0.001	0.001	0.997
0.926	0.001	0.072	0.001
0.997	0.001	0.001	0.001
0.900	0.098	0.001	0.001
>CCTGAATCGCGT	16-CCTGAATCGCGT	12.837737	-11.302100	0	T:2.0(2.41%),B:1.8(0.00%),P:1e-4	Tpos:416.2,Tstd:217.1,Bpos:315.7,Bstd:71.1,StrandBias:2.3,Multiplicity:3.00
0.001	0.997	0.001	0.001
0.001	0.997	0.001	0.001
0.001	0.001	0.001	0.997
0.001	0.001	0.997	0.001
0.846	0.001	0.001	0.152
0.997	0.001	0.001	0.001
0.001	0.001	0.152	0.846
0.001	0.997	0.001	0.001
0.001	0.001	0.997	0.001
0.001	0.997	0.001	0.001
0.001	0.001	0.997	0.001
0.001	0.001	0.001	0.997
>GYTTTGATAGAC	17-GYTTTGATAGAC	11.489564	-10.753347	0	T:5.0(6.02%),B:157.2(0.39%),P:1e-4	Tpos:507.5,Tstd:196.2,Bpos:574.8,Bstd:339.5,StrandBias:-1.6,Multiplicity:1.60
0.001	0.001	0.997	0.001
0.001	0.435	0.001	0.563
0.001	0.001	0.001	0.997
0.001	0.001	0.001	0.997
0.001	0.001	0.001	0.997
0.001	0.001	0.997	0.001
0.506	0.282	0.211	0.001
0.001	0.001	0.001	0.997
0.997	0.001	0.001	0.001
0.001	0.001	0.997	0.001
0.997	0.001	0.001	0.001
0.282	0.648	0.021	0.049
>ATTCTAGATTGT	18-ATTCTAGATTGT	15.012846	-9.075153	0	T:2.0(2.41%),B:6.5(0.02%),P:1e-3	Tpos:407.7,Tstd:267.9,Bpos:465.3,Bstd:298.6,StrandBias:-2.3,Multiplicity:3.00
0.997	0.001	0.001	0.001
0.001	0.204	0.001	0.794
0.001	0.001	0.001	0.997
0.001	0.997	0.001	0.001
0.001	0.001	0.001	0.997
0.997	0.001	0.001	0.001
0.001	0.001	0.997	0.001
0.997	0.001	0.001	0.001
0.001	0.001	0.001	0.997
0.001	0.001	0.001	0.997
0.001	0.001	0.997	0.001
0.001	0.001	0.001	0.997
>TGTGACCTATAT	19-TGTGACCTATAT	14.230255	-8.825167	0	T:2.0(2.41%),B:7.8(0.02%),P:1e-3	Tpos:428.6,Tstd:297.3,Bpos:366.9,Bstd:253.5,StrandBias:-0.6,Multiplicity:2.50
0.001	0.001	0.001	0.997
0.001	0.001	0.871	0.127
0.001	0.001	0.001	0.997
0.001	0.001	0.997	0.001
0.997	0.001	0.001	0.001
0.001	0.867	0.001	0.131
0.001	0.997	0.001	0.001
0.001	0.001	0.001	0.997
0.828	0.001	0.170	0.001
0.001	0.131	0.001	0.867
0.828	0.170	0.001	0.001
0.001	0.001	0.001	0.997
>TACTCCTCAAGT	20-TACTCCTCAAGT	13.760080	-7.904467	0	T:2.0(2.41%),B:12.4(0.03%),P:1e-3	Tpos:497.2,Tstd:333.9,Bpos:517.1,Bstd:250.2,StrandBias:0.0,Multiplicity:4.00
0.001	0.001	0.001	0.997
0.803	0.195	0.001	0.001
0.001	0.872	0.001	0.126
0.001	0.306	0.001	0.692
0.001	0.997	0.001	0.001
0.001	0.997	0.001	0.001
0.001	0.001	0.001	0.997
0.001	0.825	0.001	0.173
0.997	0.001	0.001	0.001
0.997	0.001	0.001	0.001
0.001	0.001	0.997	0.001
0.001	0.001	0.001	0.997
>CATATACCTGTT	21-CATATACCTGTT	12.355432	-6.193643	0	T:1.0(1.20%),B:0.5(0.00%),P:1e-2	Tpos:383.0,Tstd:237.6,Bpos:93.0,Bstd:0.0,StrandBias:10.0,Multiplicity:5.00
0.100	0.700	0.100	0.100
0.700	0.100	0.100	0.100
0.100	0.100	0.100	0.700
0.700	0.100	0.100	0.100
0.100	0.100	0.100	0.700
0.700	0.100	0.100	0.100
0.100	0.700	0.100	0.100
0.100	0.700	0.100	0.100
0.100	0.100	0.100	0.700
0.100	0.100	0.700	0.100
0.100	0.100	0.100	0.700
0.100	0.100	0.100	0.700
>GACGTGAAAACC	22-GACGTGAAAACC	16.371810	-5.097049	0	T:1.0(1.20%),B:2.8(0.01%),P:1e-2	Tpos:557.6,Tstd:217.5,Bpos:482.2,Bstd:388.3,StrandBias:0.6,Multiplicity:5.00
0.001	0.001	0.997	0.001
0.997	0.001	0.001	0.001
0.001	0.997	0.001	0.001
0.001	0.001	0.997	0.001
0.001	0.001	0.001	0.997
0.001	0.001	0.997	0.001
0.997	0.001	0.001	0.001
0.997	0.001	0.001	0.001
0.997	0.001	0.001	0.001
0.794	0.001	0.204	0.001
0.001	0.997	0.001	0.001
0.001	0.997	0.001	0.001
>CTTTTTTGTACG	23-CTTTTTTGTACG	12.355432	-4.406927	0	T:1.0(1.20%),B:5.9(0.01%),P:1e-1	Tpos:409.5,Tstd:330.9,Bpos:564.4,Bstd:98.5,StrandBias:0.0,Multiplicity:4.00
0.100	0.700	0.100	0.100
0.100	0.100	0.100	0.700
0.100	0.100	0.100	0.700
0.100	0.100	0.100	0.700
0.100	0.100	0.100	0.700
0.100	0.100	0.100	0.700
0.100	0.100	0.100	0.700
0.100	0.100	0.700	0.100
0.100	0.100	0.100	0.700
0.700	0.100	0.100	0.100
0.100	0.700	0.100	0.100
0.100	0.100	0.700	0.100
>GGWGCTAAATTT	24-GGWGCTAAATTT	13.770832	-4.306534	0	T:2.0(2.41%),B:84.7(0.21%),P:1e-1	Tpos:599.6,Tstd:70.7,Bpos:451.9,Bstd:272.4,StrandBias:-0.7,Multiplicity:3.00
0.001	0.001	0.997	0.001
0.001	0.001	0.854	0.144
0.499	0.001	0.001	0.499
0.001	0.001	0.997	0.001
0.001	0.997	0.001	0.001
0.001	0.001	0.183	0.815
0.997	0.001	0.001	0.001
0.997	0.001	0.001	0.001
0.997	0.001	0.001	0.001
0.001	0.001	0.001	0.997
0.001	0.001	0.001	0.997
0.001	0.001	0.001	0.997
>AATATTATTGGT	25-AATATTATTGGT	12.355432	-2.568212	0	T:1.0(1.20%),B:38.7(0.10%),P:1e-1	Tpos:461.0,Tstd:237.6,Bpos:409.5,Bstd:290.1,StrandBias:-10.0,Multiplicity:5.00
0.700	0.100	0.100	0.100
0.700	0.100	0.100	0.100
0.100	0.100	0.100	0.700
0.700	0.100	0.100	0.100
0.100	0.100	0.100	0.700
0.100	0.100	0.100	0.700
0.700	0.100	0.100	0.100
0.100	0.100	0.100	0.700
0.100	0.100	0.100	0.700
0.100	0.100	0.700	0.100
0.100	0.100	0.700	0.100
0.100	0.100	0.100	0.700
