>GACATCACCG	1-GACATCACCG	10.896003	-21.330873	0	T:9.0(10.84%),B:202.7(0.50%),P:1e-9	Tpos:565.0,Tstd:306.0,Bpos:530.3,Bstd:296.9,StrandBias:-0.3,Multiplicity:1.00
0.001	0.001	0.997	0.001
0.870	0.128	0.001	0.001
0.097	0.739	0.001	0.163
0.817	0.001	0.001	0.181
0.001	0.001	0.001	0.997
0.001	0.997	0.001	0.001
0.997	0.001	0.001	0.001
0.137	0.861	0.001	0.001
0.001	0.880	0.001	0.118
0.001	0.001	0.997	0.001
>GTTCCTGACT	2-GTTCCTGACT	10.570622	-18.705252	0	T:10.0(12.05%),B:379.1(0.93%),P:1e-8	Tpos:420.7,Tstd:256.9,Bpos:490.5,Bstd:311.0,StrandBias:-0.8,Multiplicity:1.10
0.001	0.001	0.997	0.001
0.001	0.001	0.001	0.997
0.001	0.001	0.150	0.848
0.001	0.909	0.001	0.089
0.001	0.997	0.001	0.001
0.001	0.001	0.001	0.997
0.001	0.271	0.727	0.001
0.850	0.001	0.148	0.001
0.092	0.809	0.001	0.098
0.001	0.001	0.001	0.997
>AGCTAAAGTT	3-AGCTAAAGTT	10.124375	-15.407396	0	T:14.0(16.87%),B:1223.3(3.02%),P:1e-6	Tpos:505.0,Tstd:327.1,Bpos:496.5,Bstd:301.0,StrandBias:-1.1,Multiplicity:1.36
0.997	0.001	0.001	0.001
0.001	0.069	0.929	0.001
0.043	0.924	0.001	0.032
0.137	0.001	0.077	0.785
0.862	0.001	0.058	0.079
0.817	0.181	0.001	0.001
0.935	0.001	0.001	0.063
0.001	0.001	0.804	0.194
0.001	0.001	0.001	0.997
0.001	0.001	0.001	0.997
>TTGGRHGCTG	4-TTGGRHGCTG	8.116250	-15.292156	0	T:22.0(26.51%),B:3128.1(7.71%),P:1e-6	Tpos:395.1,Tstd:325.5,Bpos:473.4,Bstd:308.7,StrandBias:-0.7,Multiplicity:1.32
0.001	0.139	0.137	0.723
0.001	0.001	0.001	0.997
0.156	0.001	0.712	0.131
0.001	0.157	0.756	0.086
0.438	0.001	0.560	0.001
0.248	0.380	0.131	0.240
0.001	0.001	0.902	0.096
0.001	0.794	0.001	0.204
0.001	0.001	0.001	0.997
0.001	0.001	0.997	0.001
>AATTAGGGAA	5-AATTAGGGAA	9.960530	-14.382042	0	T:17.0(20.48%),B:2001.3(4.93%),P:1e-6	Tpos:542.0,Tstd:271.1,Bpos:509.2,Bstd:306.1,StrandBias:-0.6,Multiplicity:1.18
0.997	0.001	0.001	0.001
0.850	0.148	0.001	0.001
0.001	0.083	0.001	0.915
0.053	0.001	0.044	0.902
0.836	0.058	0.042	0.064
0.102	0.058	0.726	0.114
0.001	0.001	0.972	0.026
0.001	0.001	0.944	0.054
0.909	0.001	0.089	0.001
0.997	0.001	0.001	0.001
>GCTGCTGGCA	6-GCTGCTGGCA	10.296193	-14.149879	0	T:4.0(4.82%),B:30.7(0.08%),P:1e-6	Tpos:440.8,Tstd:245.4,Bpos:479.4,Bstd:283.3,StrandBias:1.6,Multiplicity:1.00
0.100	0.100	0.700	0.100
0.100	0.700	0.100	0.100
0.100	0.100	0.100	0.700
0.100	0.100	0.700	0.100
0.100	0.700	0.100	0.100
0.100	0.100	0.100	0.700
0.100	0.100	0.700	0.100
0.100	0.100	0.700	0.100
0.100	0.700	0.100	0.100
0.700	0.100	0.100	0.100
>ACTGGTAAGA	7-ACTGGTAAGA	9.846114	-11.098029	0	T:12.0(14.46%),B:1308.3(3.23%),P:1e-4	Tpos:514.1,Tstd:231.6,Bpos:545.0,Bstd:319.5,StrandBias:-0.5,Multiplicity:1.42
0.807	0.001	0.001	0.191
0.110	0.712	0.001	0.177
0.001	0.001	0.001	0.997
0.110	0.001	0.888	0.001
0.256	0.001	0.742	0.001
0.001	0.001	0.001	0.997
0.809	0.001	0.001	0.189
0.997	0.001	0.001	0.001
0.001	0.001	0.884	0.114
0.728	0.001	0.001	0.270
>ATCTAGGTAT	8-ATCTAGGTAT	9.163150	-10.971694	0	T:12.0(14.46%),B:1326.0(3.27%),P:1e-4	Tpos:553.3,Tstd:265.7,Bpos:505.0,Bstd:308.7,StrandBias:1.4,Multiplicity:1.50
0.962	0.030	0.001	0.007
0.001	0.001	0.001	0.997
0.241	0.469	0.134	0.155
0.135	0.002	0.315	0.548
0.989	0.001	0.009	0.001
0.001	0.287	0.711	0.001
0.001	0.001	0.888	0.110
0.001	0.001	0.001	0.997
0.988	0.001	0.010	0.001
0.001	0.060	0.001	0.938
>GWGATCTMDA	9-GWGATCTMDA	8.670994	-10.818976	0	T:10.0(12.05%),B:919.1(2.27%),P:1e-4	Tpos:494.9,Tstd:324.6,Bpos:498.7,Bstd:306.0,StrandBias:1.0,Multiplicity:1.20
0.410	0.001	0.588	0.001
0.563	0.001	0.001	0.435
0.393	0.062	0.544	0.001
0.917	0.001	0.003	0.079
0.379	0.001	0.001	0.619
0.084	0.855	0.059	0.002
0.085	0.001	0.001	0.913
0.398	0.347	0.119	0.136
0.274	0.062	0.261	0.404
0.733	0.003	0.001	0.263
>AAACTTGAGG	10-AAACTTGAGG	10.880073	-9.941752	0	T:6.0(7.23%),B:310.7(0.77%),P:1e-4	Tpos:535.9,Tstd:285.9,Bpos:522.3,Bstd:299.1,StrandBias:-0.2,Multiplicity:2.17
0.832	0.084	0.083	0.001
0.997	0.001	0.001	0.001
0.922	0.001	0.001	0.076
0.001	0.997	0.001	0.001
0.001	0.001	0.001	0.997
0.001	0.001	0.001	0.997
0.180	0.001	0.818	0.001
0.997	0.001	0.001	0.001
0.001	0.001	0.997	0.001
0.001	0.001	0.997	0.001
>ACAGCAACCC	11-ACAGCAACCC	9.943531	-9.530555	0	T:8.0(9.64%),B:666.3(1.64%),P:1e-4	Tpos:445.2,Tstd:227.7,Bpos:495.9,Bstd:313.4,StrandBias:2.5,Multiplicity:1.62
0.997	0.001	0.001	0.001
0.001	0.997	0.001	0.001
0.997	0.001	0.001	0.001
0.402	0.001	0.596	0.001
0.146	0.852	0.001	0.001
0.997	0.001	0.001	0.001
0.997	0.001	0.001	0.001
0.001	0.997	0.001	0.001
0.001	0.997	0.001	0.001
0.233	0.765	0.001	0.001
>CCCACTGCGC	12-CCCACTGCGC	6.428974	-8.548189	0	T:21.0(25.30%),B:4445.5(10.96%),P:1e-3	Tpos:439.7,Tstd:281.8,Bpos:512.3,Bstd:305.5,StrandBias:0.8,Multiplicity:1.33
0.001	0.921	0.073	0.005
0.232	0.433	0.091	0.244
0.091	0.555	0.181	0.173
0.875	0.001	0.001	0.123
0.101	0.801	0.001	0.097
0.001	0.070	0.001	0.928
0.001	0.001	0.997	0.001
0.001	0.921	0.077	0.001
0.145	0.080	0.774	0.001
0.001	0.827	0.097	0.075
>AGGTTTTCAC	13-AGGTTTTCAC	11.334866	-8.146131	0	T:5.0(6.02%),B:277.4(0.68%),P:1e-3	Tpos:510.4,Tstd:270.3,Bpos:518.4,Bstd:299.1,StrandBias:0.3,Multiplicity:1.80
0.997	0.001	0.001	0.001
0.001	0.001	0.997	0.001
0.001	0.001	0.997	0.001
0.001	0.001	0.001	0.997
0.001	0.001	0.001	0.997
0.001	0.001	0.001	0.997
0.001	0.001	0.001	0.997
0.001	0.916	0.001	0.082
0.997	0.001	0.001	0.001
0.001	0.997	0.001	0.001
>TCTAGATTGA	14-TCTAGATTGA	10.084097	-7.633798	0	T:7.0(8.43%),B:671.8(1.66%),P:1e-3	Tpos:292.7,Tstd:244.3,Bpos:482.4,Bstd:304.1,StrandBias:-1.4,Multiplicity:1.57
0.001	0.001	0.001	0.997
0.001	0.997	0.001	0.001
0.001	0.276	0.276	0.446
0.997	0.001	0.001	0.001
0.001	0.001	0.997	0.001
0.693	0.305	0.001	0.001
0.001	0.001	0.001	0.997
0.001	0.001	0.001	0.997
0.001	0.001	0.997	0.001
0.876	0.001	0.001	0.122
>ATATAGGTCA	15-ATATAGGTCA	11.202872	-6.196824	0	T:3.0(3.61%),B:119.1(0.29%),P:1e-2	Tpos:445.4,Tstd:307.4,Bpos:497.7,Bstd:298.4,StrandBias:0.7,Multiplicity:2.67
0.997	0.001	0.001	0.001
0.001	0.001	0.098	0.900
0.910	0.001	0.088	0.001
0.001	0.130	0.001	0.868
0.997	0.001	0.001	0.001
0.001	0.001	0.997	0.001
0.078	0.001	0.920	0.001
0.001	0.001	0.001	0.997
0.001	0.997	0.001	0.001
0.997	0.001	0.001	0.001
>GGAATTCAAG	16-GGAATTCAAG	11.203358	-5.785574	0	T:5.0(6.02%),B:475.4(1.17%),P:1e-2	Tpos:355.4,Tstd:301.1,Bpos:467.5,Bstd:297.2,StrandBias:1.2,Multiplicity:1.80
0.001	0.001	0.997	0.001
0.001	0.001	0.892	0.106
0.997	0.001	0.001	0.001
0.997	0.001	0.001	0.001
0.001	0.001	0.001	0.997
0.001	0.001	0.129	0.869
0.001	0.997	0.001	0.001
0.884	0.114	0.001	0.001
0.875	0.001	0.001	0.123
0.001	0.001	0.997	0.001
>AGGTACAATC	17-AGGTACAATC	11.945207	-5.275704	0	T:2.0(2.41%),B:50.6(0.12%),P:1e-2	Tpos:391.6,Tstd:257.5,Bpos:474.2,Bstd:331.3,StrandBias:0.6,Multiplicity:2.50
0.997	0.001	0.001	0.001
0.001	0.001	0.997	0.001
0.001	0.182	0.816	0.001
0.001	0.001	0.001	0.997
0.997	0.001	0.001	0.001
0.001	0.827	0.001	0.171
0.997	0.001	0.001	0.001
0.997	0.001	0.001	0.001
0.001	0.001	0.001	0.997
0.001	0.997	0.001	0.001
>GTAGCGCGTC	18-GTAGCGCGTC	10.296193	-4.406927	0	T:1.0(1.20%),B:5.5(0.01%),P:1e-1	Tpos:422.0,Tstd:237.6,Bpos:416.9,Bstd:181.9,StrandBias:10.0,Multiplicity:5.00
0.100	0.100	0.700	0.100
0.100	0.100	0.100	0.700
0.700	0.100	0.100	0.100
0.100	0.100	0.700	0.100
0.100	0.700	0.100	0.100
0.100	0.100	0.700	0.100
0.100	0.700	0.100	0.100
0.100	0.100	0.700	0.100
0.100	0.100	0.100	0.700
0.100	0.700	0.100	0.100
>AGCTATGCGC	19-AGCTATGCGC	10.296193	-3.719822	0	T:1.0(1.20%),B:11.7(0.03%),P:1e-1	Tpos:230.7,Tstd:148.2,Bpos:462.0,Bstd:250.1,StrandBias:-10.0,Multiplicity:3.00
0.700	0.100	0.100	0.100
0.100	0.100	0.700	0.100
0.100	0.700	0.100	0.100
0.100	0.100	0.100	0.700
0.700	0.100	0.100	0.100
0.100	0.100	0.100	0.700
0.100	0.100	0.700	0.100
0.100	0.700	0.100	0.100
0.100	0.100	0.700	0.100
0.100	0.700	0.100	0.100
>CAGGTATATG	20-CAGGTATATG	10.296193	-2.729276	0	T:1.0(1.20%),B:32.8(0.08%),P:1e-1	Tpos:381.0,Tstd:237.6,Bpos:421.9,Bstd:315.7,StrandBias:-10.0,Multiplicity:5.00
0.100	0.700	0.100	0.100
0.700	0.100	0.100	0.100
0.100	0.100	0.700	0.100
0.100	0.100	0.700	0.100
0.100	0.100	0.100	0.700
0.700	0.100	0.100	0.100
0.100	0.100	0.100	0.700
0.700	0.100	0.100	0.100
0.100	0.100	0.100	0.700
0.100	0.100	0.700	0.100
