>ATCACATG	1-ATCACATG	8.308468	-14.518520	0	T:13.0(43.33%),B:3398.7(8.73%),P:1e-6	Tpos:535.1,Tstd:280.4,Bpos:510.9,Bstd:348.1,StrandBias:0.2,Multiplicity:1.23
0.852	0.001	0.146	0.001
0.001	0.001	0.001	0.997
0.001	0.997	0.001	0.001
0.997	0.001	0.001	0.001
0.001	0.997	0.001	0.001
0.997	0.001	0.001	0.001
0.265	0.074	0.001	0.660
0.001	0.001	0.997	0.001
>ACGAAACC	2-ACGAAACC	7.814816	-10.567308	0	T:15.0(50.00%),B:6477.7(16.63%),P:1e-4	Tpos:381.3,Tstd:247.8,Bpos:508.1,Bstd:366.3,StrandBias:1.4,Multiplicity:1.20
0.997	0.001	0.001	0.001
0.239	0.619	0.107	0.035
0.117	0.001	0.869	0.013
0.948	0.001	0.021	0.030
0.801	0.197	0.001	0.001
0.856	0.001	0.001	0.142
0.001	0.865	0.133	0.001
0.001	0.931	0.001	0.067
>TAGCATRA	3-TAGCATRA	8.522967	-10.350336	0	T:12.0(40.00%),B:4185.5(10.75%),P:1e-4	Tpos:651.4,Tstd:257.9,Bpos:484.3,Bstd:347.0,StrandBias:-1.3,Multiplicity:1.17
0.001	0.001	0.353	0.645
0.785	0.001	0.001	0.213
0.001	0.001	0.997	0.001
0.001	0.997	0.001	0.001
0.997	0.001	0.001	0.001
0.001	0.001	0.001	0.997
0.431	0.001	0.567	0.001
0.997	0.001	0.001	0.001
>CCTCTATC	4-CCTCTATC	8.572535	-9.887451	0	T:6.0(20.00%),B:881.3(2.26%),P:1e-4	Tpos:519.7,Tstd:240.2,Bpos:509.7,Bstd:389.8,StrandBias:2.3,Multiplicity:1.00
0.001	0.997	0.001	0.001
0.001	0.886	0.001	0.112
0.001	0.001	0.001	0.997
0.001	0.877	0.121	0.001
0.070	0.001	0.001	0.928
0.921	0.001	0.077	0.001
0.001	0.001	0.110	0.888
0.001	0.997	0.001	0.001
>GTTTCCTC	5-GTTTCCTC	9.255317	-8.197555	0	T:7.0(23.33%),B:1721.1(4.42%),P:1e-3	Tpos:504.0,Tstd:319.2,Bpos:526.9,Bstd:368.8,StrandBias:1.6,Multiplicity:1.14
0.001	0.001	0.997	0.001
0.001	0.001	0.001	0.997
0.001	0.001	0.001	0.997
0.163	0.001	0.001	0.835
0.001	0.997	0.001	0.001
0.001	0.997	0.001	0.001
0.001	0.001	0.001	0.997
0.001	0.997	0.001	0.001
