>TTGCTGTTAG	1-TTGCTGTTAG	10.554651	-17.933510	0	T:9.0(30.00%),B:889.1(2.28%),P:1e-7	Tpos:579.3,Tstd:266.7,Bpos:489.4,Bstd:343.4,StrandBias:-0.3,Multiplicity:1.00
0.152	0.001	0.001	0.846
0.001	0.001	0.001	0.997
0.001	0.001	0.997	0.001
0.001	0.654	0.001	0.344
0.001	0.001	0.176	0.822
0.001	0.001	0.618	0.380
0.001	0.001	0.001	0.997
0.120	0.001	0.272	0.607
0.860	0.001	0.138	0.001
0.085	0.001	0.913	0.001
>GCGGAARCAG	2-GCGGAARCAG	10.441419	-16.890579	0	T:6.0(20.00%),B:257.9(0.66%),P:1e-7	Tpos:388.9,Tstd:270.6,Bpos:475.4,Bstd:352.9,StrandBias:-0.4,Multiplicity:1.17
0.376	0.001	0.622	0.001
0.117	0.881	0.001	0.001
0.001	0.001	0.997	0.001
0.001	0.001	0.997	0.001
0.997	0.001	0.001	0.001
0.997	0.001	0.001	0.001
0.502	0.001	0.496	0.001
0.001	0.993	0.001	0.005
0.997	0.001	0.001	0.001
0.084	0.001	0.914	0.001
>AGCCTGACMT	3-AGCCTGACMT	9.382275	-7.796084	0	T:4.0(13.33%),B:456.3(1.17%),P:1e-3	Tpos:483.1,Tstd:227.4,Bpos:479.2,Bstd:350.7,StrandBias:-1.3,Multiplicity:1.75
0.801	0.001	0.001	0.197
0.001	0.179	0.819	0.001
0.179	0.622	0.001	0.198
0.159	0.839	0.001	0.001
0.204	0.001	0.001	0.794
0.001	0.001	0.997	0.001
0.983	0.001	0.015	0.001
0.001	0.792	0.206	0.001
0.365	0.427	0.207	0.001
0.001	0.001	0.001	0.997
>GCCGCCGCCG	4-GCCGCCGCCG	11.205199	-6.572758	0	T:3.0(10.00%),B:285.3(0.73%),P:1e-2	Tpos:500.0,Tstd:157.0,Bpos:592.4,Bstd:402.3,StrandBias:0.0,Multiplicity:1.00
0.001	0.001	0.997	0.001
0.001	0.818	0.180	0.001
0.001	0.997	0.001	0.001
0.001	0.001	0.997	0.001
0.001	0.891	0.107	0.001
0.001	0.997	0.001	0.001
0.001	0.001	0.997	0.001
0.001	0.818	0.180	0.001
0.001	0.997	0.001	0.001
0.001	0.001	0.997	0.001
>TCACAAAACC	5-TCACAAAACC	8.350283	-6.466103	0	T:10.0(33.33%),B:4551.8(11.69%),P:1e-2	Tpos:546.9,Tstd:185.4,Bpos:508.2,Bstd:344.7,StrandBias:0.8,Multiplicity:1.40
0.100	0.100	0.100	0.700
0.100	0.700	0.100	0.100
0.700	0.100	0.100	0.100
0.100	0.700	0.100	0.100
0.700	0.100	0.100	0.100
0.700	0.100	0.100	0.100
0.700	0.100	0.100	0.100
0.700	0.100	0.100	0.100
0.100	0.700	0.100	0.100
0.100	0.700	0.100	0.100
>GACCTCTATCTG	1-GACCTCTATCTG	9.036680	-19.272464	0	T:9.0(30.00%),B:760.5(1.95%),P:1e-8	Tpos:584.4,Tstd:272.1,Bpos:525.9,Bstd:367.8,StrandBias:10.0,Multiplicity:1.00
0.095	0.150	0.568	0.187
0.764	0.188	0.001	0.047
0.216	0.690	0.047	0.047
0.076	0.873	0.001	0.050
0.084	0.050	0.001	0.865
0.001	0.773	0.001	0.225
0.097	0.003	0.050	0.850
0.701	0.044	0.001	0.254
0.142	0.111	0.143	0.604
0.156	0.751	0.043	0.050
0.056	0.050	0.043	0.851
0.050	0.174	0.723	0.053
>TACTAAAAACAA	2-TACTAAAAACAA	12.322160	-18.537308	0	T:8.0(26.67%),B:563.7(1.45%),P:1e-8	Tpos:572.2,Tstd:265.2,Bpos:488.0,Bstd:337.9,StrandBias:0.0,Multiplicity:1.00
0.220	0.290	0.001	0.488
0.846	0.001	0.001	0.152
0.001	0.997	0.001	0.001
0.135	0.001	0.121	0.743
0.786	0.001	0.001	0.212
0.997	0.001	0.001	0.001
0.636	0.362	0.001	0.001
0.997	0.001	0.001	0.001
0.673	0.001	0.325	0.001
0.265	0.733	0.001	0.001
0.997	0.001	0.001	0.001
0.997	0.001	0.001	0.001
>TMTCTCMKTCTC	3-TMTCTCMKTCTC	8.532624	-16.935135	0	T:7.0(23.33%),B:446.2(1.15%),P:1e-7	Tpos:470.3,Tstd:250.7,Bpos:570.0,Bstd:400.9,StrandBias:1.3,Multiplicity:1.00
0.001	0.004	0.001	0.994
0.485	0.513	0.001	0.001
0.001	0.001	0.001	0.997
0.001	0.997	0.001	0.001
0.001	0.001	0.408	0.590
0.001	0.997	0.001	0.001
0.546	0.452	0.001	0.001
0.001	0.001	0.469	0.529
0.001	0.001	0.001	0.997
0.001	0.997	0.001	0.001
0.004	0.004	0.001	0.991
0.001	0.997	0.001	0.001
>CACTCTCACTTG	4-CACTCTCACTTG	9.456399	-16.422831	0	T:5.0(16.67%),B:135.7(0.35%),P:1e-7	Tpos:571.3,Tstd:337.3,Bpos:561.9,Bstd:365.6,StrandBias:1.0,Multiplicity:1.20
0.001	0.997	0.001	0.001
0.886	0.001	0.001	0.112
0.001	0.955	0.001	0.043
0.001	0.001	0.001	0.997
0.072	0.884	0.001	0.043
0.001	0.001	0.001	0.997
0.001	0.997	0.001	0.001
0.997	0.001	0.001	0.001
0.001	0.997	0.001	0.001
0.001	0.001	0.001	0.997
0.001	0.001	0.001	0.997
0.001	0.001	0.997	0.001
>CAAAGGTCAGGC	5-CAAAGGTCAGGC	10.846526	-14.373089	0	T:2.0(6.67%),B:0.6(0.00%),P:1e-6	Tpos:689.5,Tstd:180.5,Bpos:85.0,Bstd:0.0,StrandBias:0.0,Multiplicity:1.00
0.001	0.997	0.001	0.001
0.942	0.056	0.001	0.001
0.877	0.060	0.001	0.062
0.996	0.002	0.001	0.001
0.001	0.001	0.994	0.004
0.001	0.001	0.997	0.001
0.001	0.053	0.001	0.945
0.001	0.997	0.001	0.001
0.997	0.001	0.001	0.001
0.001	0.001	0.996	0.002
0.059	0.001	0.939	0.001
0.001	0.997	0.001	0.001
>CGATGTCAGGCT	6-CGATGTCAGGCT	12.192114	-12.930899	0	T:3.0(10.00%),B:31.3(0.08%),P:1e-5	Tpos:407.4,Tstd:204.3,Bpos:519.0,Bstd:282.3,StrandBias:2.0,Multiplicity:1.67
0.286	0.712	0.001	0.001
0.001	0.001	0.643	0.355
0.997	0.001	0.001	0.001
0.001	0.001	0.355	0.643
0.001	0.001	0.997	0.001
0.001	0.001	0.001	0.997
0.001	0.997	0.001	0.001
0.643	0.001	0.001	0.355
0.001	0.001	0.712	0.286
0.001	0.001	0.997	0.001
0.001	0.997	0.001	0.001
0.001	0.001	0.001	0.997
>TTATWCTTTTTT	7-TTATWCTTTTTT	13.097312	-11.647627	0	T:8.0(26.67%),B:1413.2(3.63%),P:1e-5	Tpos:394.6,Tstd:280.4,Bpos:513.4,Bstd:335.5,StrandBias:0.6,Multiplicity:1.25
0.213	0.001	0.001	0.785
0.238	0.181	0.001	0.580
0.997	0.001	0.001	0.001
0.001	0.001	0.001	0.997
0.454	0.001	0.001	0.544
0.265	0.733	0.001	0.001
0.001	0.276	0.001	0.722
0.001	0.001	0.001	0.997
0.001	0.001	0.001	0.997
0.001	0.001	0.001	0.997
0.001	0.001	0.001	0.997
0.001	0.001	0.001	0.997
>GGCGCCGCCGCA	8-GGCGCCGCCGCA	13.249561	-10.153676	0	T:3.0(10.00%),B:82.3(0.21%),P:1e-4	Tpos:498.2,Tstd:171.4,Bpos:573.8,Bstd:435.6,StrandBias:-2.0,Multiplicity:1.00
0.001	0.001	0.997	0.001
0.001	0.378	0.620	0.001
0.001	0.997	0.001	0.001
0.320	0.001	0.678	0.001
0.001	0.947	0.051	0.001
0.001	0.997	0.001	0.001
0.001	0.001	0.997	0.001
0.001	0.647	0.351	0.001
0.001	0.997	0.001	0.001
0.270	0.001	0.728	0.001
0.001	0.949	0.001	0.049
0.671	0.327	0.001	0.001
>ATCACATG	1-ATCACATG	8.308468	-14.518520	0	T:13.0(43.33%),B:3398.7(8.73%),P:1e-6	Tpos:535.1,Tstd:280.4,Bpos:510.9,Bstd:348.1,StrandBias:0.2,Multiplicity:1.23
0.852	0.001	0.146	0.001
0.001	0.001	0.001	0.997
0.001	0.997	0.001	0.001
0.997	0.001	0.001	0.001
0.001	0.997	0.001	0.001
0.997	0.001	0.001	0.001
0.265	0.074	0.001	0.660
0.001	0.001	0.997	0.001
>ACGAAACC	2-ACGAAACC	7.814816	-10.567308	0	T:15.0(50.00%),B:6477.7(16.63%),P:1e-4	Tpos:381.3,Tstd:247.8,Bpos:508.1,Bstd:366.3,StrandBias:1.4,Multiplicity:1.20
0.997	0.001	0.001	0.001
0.239	0.619	0.107	0.035
0.117	0.001	0.869	0.013
0.948	0.001	0.021	0.030
0.801	0.197	0.001	0.001
0.856	0.001	0.001	0.142
0.001	0.865	0.133	0.001
0.001	0.931	0.001	0.067
>TAGCATRA	3-TAGCATRA	8.522967	-10.350336	0	T:12.0(40.00%),B:4185.5(10.75%),P:1e-4	Tpos:651.4,Tstd:257.9,Bpos:484.3,Bstd:347.0,StrandBias:-1.3,Multiplicity:1.17
0.001	0.001	0.353	0.645
0.785	0.001	0.001	0.213
0.001	0.001	0.997	0.001
0.001	0.997	0.001	0.001
0.997	0.001	0.001	0.001
0.001	0.001	0.001	0.997
0.431	0.001	0.567	0.001
0.997	0.001	0.001	0.001
>CCTCTATC	4-CCTCTATC	8.572535	-9.887451	0	T:6.0(20.00%),B:881.3(2.26%),P:1e-4	Tpos:519.7,Tstd:240.2,Bpos:509.7,Bstd:389.8,StrandBias:2.3,Multiplicity:1.00
0.001	0.997	0.001	0.001
0.001	0.886	0.001	0.112
0.001	0.001	0.001	0.997
0.001	0.877	0.121	0.001
0.070	0.001	0.001	0.928
0.921	0.001	0.077	0.001
0.001	0.001	0.110	0.888
0.001	0.997	0.001	0.001
>GTTTCCTC	5-GTTTCCTC	9.255317	-8.197555	0	T:7.0(23.33%),B:1721.1(4.42%),P:1e-3	Tpos:504.0,Tstd:319.2,Bpos:526.9,Bstd:368.8,StrandBias:1.6,Multiplicity:1.14
0.001	0.001	0.997	0.001
0.001	0.001	0.001	0.997
0.001	0.001	0.001	0.997
0.163	0.001	0.001	0.835
0.001	0.997	0.001	0.001
0.001	0.997	0.001	0.001
0.001	0.001	0.001	0.997
0.001	0.997	0.001	0.001
